judgment_id,split,query_family,query_type,query_id,query,intent_definition,doc_id,store_name,item_text,market_name,market_type,source_region,relevance_A,relevance_B,uncertain_A,uncertain_B,adjudication_priority,needs_adjudication,final_relevance,assistant_suggested_relevance,assistant_rationale,human_adjudication_note,exclude_from_gold
f2b296ca7a5c54027b1b,val,공예,T1 정확표기,q_공예_01,공예,문화·여가 중 '공예'를 판매·제공하는 매장,51b27973-b921-4d47-9b91-b59dff648ad3,오늘도설렘,공예,강동산하 골목형상점가,골목형상점가,울산광역시,3.0,3.0,,,RESOLVED_AGREEMENT,False,3,,,,
08aa738ae3b34c683db0,val,공예,T1 정확표기,q_공예_01,공예,문화·여가 중 '공예'를 판매·제공하는 매장,04baede5-1cb5-421b-ae51-c42ae1e347e0,베데레vedere,가죽제품,송정벚꽃골목형상점가,골목형상점가,서울특별시,1.0,0.0,,,P2_GRADED_ONLY,True,,,,,
d52d72d476b557c35772,val,공예,T1 정확표기,q_공예_01,공예,문화·여가 중 '공예'를 판매·제공하는 매장,8803d2e6-1af3-483a-bc65-ac6f5c54084f,영성공예,"스카프, 공예",청계5가 쇼핑센터,일반지하상점가,서울특별시,3.0,3.0,,,RESOLVED_AGREEMENT,False,3,,,,
d4914d1586909a0c7b5a,val,공예,T1 정확표기,q_공예_01,공예,문화·여가 중 '공예'를 판매·제공하는 매장,016791a8-1d36-407c-be53-a8bf1f7d6f98,눈데이썬(NOONDAY SUN,예술공방공예품,천안역지하상가,일반지하상점가,충청남도,3.0,3.0,,,RESOLVED_AGREEMENT,False,3,,,,
283159ec666d9c216fe8,val,공예,T1 정확표기,q_공예_01,공예,문화·여가 중 '공예'를 판매·제공하는 매장,5a39d21b-144a-4bf7-8cdf-92dddef3bea7,채정공방,섬유 공예,빛고을공예창작촌 골목형상점가,골목형상점가,광주광역시,3.0,3.0,,,RESOLVED_AGREEMENT,False,3,,,,
1dc0eed22bf92f60bd85,val,공예,T1 정확표기,q_공예_01,공예,문화·여가 중 '공예'를 판매·제공하는 매장,479d4844-f279-4e7e-a693-9f4829c9ae42,리본아트,공예,현대유통쇼핑센터,전통시장,경상북도,3.0,3.0,,,RESOLVED_AGREEMENT,False,3,,,,
9796b11b2fa9c11a5395,val,공예,T1 정확표기,q_공예_01,공예,문화·여가 중 '공예'를 판매·제공하는 매장,03f3c2e2-de36-4c1f-a497-cbcc7dd014d0,크래프트 스튜디오 88,은 장신구 및 은 공예품,빛고을공예창작촌 골목형상점가,골목형상점가,광주광역시,3.0,3.0,,,RESOLVED_AGREEMENT,False,3,,,,
e3d9af69c94fbe5a02dd,val,공예,T1 정확표기,q_공예_01,공예,문화·여가 중 '공예'를 판매·제공하는 매장,5a4ddb17-5f75-4287-8798-daae1a1fdfc2,두부본가어묵,,구서오시게시장,전통시장,부산광역시,0.0,0.0,,,RESOLVED_AGREEMENT,False,0,,,,
0c91d979143ee50c62d0,val,공예,T1 정확표기,q_공예_01,공예,문화·여가 중 '공예'를 판매·제공하는 매장,3bae97ff-081f-45c3-b996-79a06a8196eb,자연,공예 잡화,전주한옥마을 골목형상점가,골목형상점가,전북특별자치도,3.0,3.0,,,RESOLVED_AGREEMENT,False,3,,,,
ecb0250bfb27827db9a3,val,공예,T1 정확표기,q_공예_01,공예,문화·여가 중 '공예'를 판매·제공하는 매장,19ad7c14-7251-43be-a457-e4c1f7b94ec6,행운건강원,"건강식품가공, 판매",전의왕의물시장(전의전통시장),전통시장,세종특별자치시,0.0,0.0,,,RESOLVED_AGREEMENT,False,0,,,,
07b5ee9595ca0630c566,val,공예,T1 정확표기,q_공예_01,공예,문화·여가 중 '공예'를 판매·제공하는 매장,86878fba-9ddf-4118-beca-19e9f40b0806,아트 플러스,"공예, 공예교육",금촌문화로시장,전통시장,경기도,3.0,3.0,,,RESOLVED_AGREEMENT,False,3,,,,
b895bdc4266669ee14b6,val,공예,T1 정확표기,q_공예_01,공예,문화·여가 중 '공예'를 판매·제공하는 매장,7ea81ea4-af06-4f31-b3d1-b5bfb7285d6b,전통공예,공예품,부산좌천동가구상가,자율상권구역,부산광역시,3.0,3.0,,,RESOLVED_AGREEMENT,False,3,,,,
70468adfee7598dd4713,val,공예,T1 정확표기,q_공예_01,공예,문화·여가 중 '공예'를 판매·제공하는 매장,63b693cf-401f-4541-b508-ea917c65c1bb,다화앤코,공예 및 잡화,서산번화2로,자율상권구역,충청남도,3.0,3.0,,,RESOLVED_AGREEMENT,False,3,,,,
8c391808767bca375690,val,공예,T1 정확표기,q_공예_01,공예,문화·여가 중 '공예'를 판매·제공하는 매장,bb4744bd-6fed-45ed-83a0-22e36249f6c6,전통민속공예,공예품,하단오일상설시장,전통시장,부산광역시,3.0,3.0,,,RESOLVED_AGREEMENT,False,3,,,,
f5867c33db7542ecf5c3,val,공예,T1 정확표기,q_공예_01,공예,문화·여가 중 '공예'를 판매·제공하는 매장,eb4948a0-874d-4366-9f3f-59c2e32fb6c7,비즈마을,공예,현대유통쇼핑센터,전통시장,경상북도,3.0,3.0,,,RESOLVED_AGREEMENT,False,3,,,,
35144eb3014b06fefa89,val,공예,T1 정확표기,q_공예_01,공예,문화·여가 중 '공예'를 판매·제공하는 매장,ed13092d-4704-40ba-934f-d661504e28e5,애플민트 수(手)공예,"수공예, 교육",사직동 서동로 골목형상점가,골목형상점가,광주광역시,3.0,3.0,,,RESOLVED_AGREEMENT,False,3,,,,
4e65852cd43ac2e724b5,val,공예,T1 정확표기,q_공예_01,공예,문화·여가 중 '공예'를 판매·제공하는 매장,0607a1be-785f-4ff8-a429-3cece4493cca,마마스핸즈 세종한솔공방,,한솔센터 골목형상점가,골목형상점가,세종특별자치시,3.0,3.0,,,RESOLVED_AGREEMENT,False,3,,,,
a68127c2310c07617e84,val,공예,T1 정확표기,q_공예_01,공예,문화·여가 중 '공예'를 판매·제공하는 매장,bd198848-9bd7-4506-a89c-d2c3d372d9e7,오로라닉,공예 창작물,마산 부림시장,전통시장,경상남도,3.0,3.0,,,RESOLVED_AGREEMENT,False,3,,,,
38ea038de7056af66e3d,val,공예,T1 정확표기,q_공예_01,공예,문화·여가 중 '공예'를 판매·제공하는 매장,b4cfddaa-9917-4ade-923d-683f8d768721,행운축산,축산물,상계중앙시장,전통시장,서울특별시,0.0,0.0,,,RESOLVED_AGREEMENT,False,0,,,,
800535081bc7d4324f76,val,공예,T1 정확표기,q_공예_01,공예,문화·여가 중 '공예'를 판매·제공하는 매장,3b6fbdcd-778a-4258-ad9f-d037544bcb1c,뜨개정,공예 부자재 판매,안성맞춤시장,전통시장,경기도,3.0,3.0,,,RESOLVED_AGREEMENT,False,3,,,,
3bf94e9270535b43cda3,val,공예,T1 정확표기,q_공예_01,공예,문화·여가 중 '공예'를 판매·제공하는 매장,0a66a7fc-3a7b-4f93-b364-fc8b98b96d50,엄사스포츠,"스포츠용품, 기념품",엄사 골목형상점가,골목형상점가,충청남도,3.0,1.0,,,P1_BINARY_THRESHOLD,True,,,,,
490eebbd893b52d246f0,val,공예,T1 정확표기,q_공예_01,공예,문화·여가 중 '공예'를 판매·제공하는 매장,c4d543b0-21f2-4b88-b605-673a8bce2d9f,궁중매듭공예,공예품,제천중앙시장,전통시장,충청북도,3.0,3.0,,,RESOLVED_AGREEMENT,False,3,,,,
920aa84b9dc7aba0c8fb,val,공예,T1 정확표기,q_공예_01,공예,문화·여가 중 '공예'를 판매·제공하는 매장,07cda024-8aeb-44c2-b5e2-48a753b93afe,가죽공방 수미상관,가죽제품,첨단이웃사랑 골목형상점가,골목형상점가,광주광역시,2.0,3.0,,,P2_GRADED_ONLY,True,,,,,
366461e3a2fb80bb787d,val,공예,T1 정확표기,q_공예_01,공예,문화·여가 중 '공예'를 판매·제공하는 매장,9548eca4-897c-4c9a-bf60-9b4bffda8429,공방 또각,공예 수업 및 공예품 판매,전남대후문골목형상점가,골목형상점가,광주광역시,3.0,3.0,,,RESOLVED_AGREEMENT,False,3,,,,
22a18b1f2f4b82c85c95,val,공예,T1 정확표기,q_공예_01,공예,문화·여가 중 '공예'를 판매·제공하는 매장,21db5b4b-9e8b-4619-9d62-b66ab92f4109,반다레더스튜디오,공예,예스파크 상점가,자율상권구역,경기도,3.0,3.0,,,RESOLVED_AGREEMENT,False,3,,,,
936990d12f21e2bff677,val,공예,T1 정확표기,q_공예_01,공예,문화·여가 중 '공예'를 판매·제공하는 매장,df127e6a-cef5-424b-a4bb-1df498cde339,리얼클린족욕,건강식품화장품족욕,가재마을 골목형상점가,골목형상점가,세종특별자치시,0.0,0.0,,,RESOLVED_AGREEMENT,False,0,,,,
1c67ec71576ca1551174,val,공예,T1 정확표기,q_공예_01,공예,문화·여가 중 '공예'를 판매·제공하는 매장,2d475444-a435-41ef-9165-5226318bc30f,우성식당,한식,강진중앙로상가,자율상권구역,전라남도,0.0,0.0,,,RESOLVED_AGREEMENT,False,0,,,,
a6ebc9eb9226c08e1e21,val,공예,T1 정확표기,q_공예_01,공예,문화·여가 중 '공예'를 판매·제공하는 매장,98360381-2070-43f7-8f65-d44b7df72d7c,복민사,"매듭, 공예",남대문시장,전통시장,서울특별시,3.0,3.0,,,RESOLVED_AGREEMENT,False,3,,,,
cc7924dec99596364e61,val,공예,T1 정확표기,q_공예_01,공예,문화·여가 중 '공예'를 판매·제공하는 매장,8f5cd5b6-a43b-47e1-b566-c85201f7d1be,동양공예,공예품,동산상가,전통시장,대구광역시,3.0,3.0,,,RESOLVED_AGREEMENT,False,3,,,,
1c9d5f945eb35eb09b29,val,공예,T1 정확표기,q_공예_01,공예,문화·여가 중 '공예'를 판매·제공하는 매장,af503168-2adb-4c5a-abd5-c9c76eda37e4,대도공예,공예,남대문시장,전통시장,서울특별시,3.0,3.0,,,RESOLVED_AGREEMENT,False,3,,,,
339a0e30f0ad02ca6cc1,val,공예,T1 정확표기,q_공예_01,공예,문화·여가 중 '공예'를 판매·제공하는 매장,02a0c412-f0ae-4a4f-b716-75605cdcb533,"현대종합가구,해일공방",,장흥시장 골목형상점가,골목형상점가,,3.0,3.0,,,RESOLVED_AGREEMENT,False,3,,,,
f39c411bc531a125266a,val,공예,T1 정확표기,q_공예_01,공예,문화·여가 중 '공예'를 판매·제공하는 매장,1c15e98a-d519-4117-9388-c63e1177a958,광일혼수방,이불베게,원고개시장,전통시장,대구광역시,0.0,0.0,,,RESOLVED_AGREEMENT,False,0,,,,
1fcd34212a5c05d23c53,val,공예,T1 정확표기,q_공예_01,공예,문화·여가 중 '공예'를 판매·제공하는 매장,86ef7bd2-af87-4692-bea3-4dbbb2d681bf,대신공예,공예품,길음시장,전통시장,서울특별시,3.0,3.0,,,RESOLVED_AGREEMENT,False,3,,,,
0f0e442b3139c55a0867,val,공예,T1 정확표기,q_공예_01,공예,문화·여가 중 '공예'를 판매·제공하는 매장,0aae4585-5820-472c-a819-bfbb3faca317,감천문화마을 소행성 비612 기념품숍,"기념품, 공예품",감천문화마을 골목형상점가,골목형상점가,부산광역시,3.0,3.0,,,RESOLVED_AGREEMENT,False,3,,,,
34236d3187fba9b2795a,val,공예,T1 정확표기,q_공예_01,공예,문화·여가 중 '공예'를 판매·제공하는 매장,003d5df8-0856-45e0-a11e-5098cf70541e,앨리스리본&공방,"공방, 잡화",봉화내성시장,전통시장,경상북도,3.0,3.0,,,RESOLVED_AGREEMENT,False,3,,,,
968daadd19270781e711,val,공예,T1 정확표기,q_공예_01,공예,문화·여가 중 '공예'를 판매·제공하는 매장,0193006c-a04d-4bd7-8ce5-791c5497fe3a,드림크래프트,"액자제작, 공예재료",북동 골목형상점가,골목형상점가,광주광역시,3.0,3.0,,,RESOLVED_AGREEMENT,False,3,,,,
f0434055fec33c5a5cb8,val,공예,T1 정확표기,q_공예_01,공예,문화·여가 중 '공예'를 판매·제공하는 매장,7af4045c-e523-4249-a93c-e3bafd31b711,여의주아트,공예,국제지하도상가,일반지하상점가,부산광역시,3.0,3.0,,,RESOLVED_AGREEMENT,False,3,,,,
256ec1d05f6ba5034b0b,val,공예,T1 정확표기,q_공예_01,공예,문화·여가 중 '공예'를 판매·제공하는 매장,02a3b9f3-83e8-44d2-bc4b-4b2c25796b3d,서현 크래프트,수공예품,예술의거리 골목형상점가,골목형상점가,광주광역시,3.0,3.0,,,RESOLVED_AGREEMENT,False,3,,,,
d41cc7c9cf74f289f5b5,val,공예,T1 정확표기,q_공예_01,공예,문화·여가 중 '공예'를 판매·제공하는 매장,e65840d7-bb82-4609-b422-3de153973af9,퀼트앤소잉학원,공예,운림중인근 골목형상점가,골목형상점가,광주광역시,3.0,3.0,,,RESOLVED_AGREEMENT,False,3,,,,
cf88a4ff6433921cfefd,val,공예,T1 정확표기,q_공예_01,공예,문화·여가 중 '공예'를 판매·제공하는 매장,ba568810-133b-4a0f-8ed3-c250b8783a80,한지공예,공예품,1913송정역시장,전통시장,광주광역시,3.0,3.0,,,RESOLVED_AGREEMENT,False,3,,,,
adda990516b4ba9e94d3,val,공예,T1 정확표기,q_공예_01,공예,문화·여가 중 '공예'를 판매·제공하는 매장,37160543-e81f-4e4a-b30b-56077259eca5,빈스공방,공예,동두천제일시장,전통시장,경기도,3.0,3.0,,,RESOLVED_AGREEMENT,False,3,,,,
2757ba0c0aa3054f99f6,val,공예,T1 정확표기,q_공예_01,공예,문화·여가 중 '공예'를 판매·제공하는 매장,9c682638-8555-4836-8071-1b9fc356dbb5,엘케이퀼트,공예,김해 대우유토피아상가,골목형상점가,경상남도,3.0,3.0,,,RESOLVED_AGREEMENT,False,3,,,,
2e8f633e8f81d5fad058,val,공예,T1 정확표기,q_공예_01,공예,문화·여가 중 '공예'를 판매·제공하는 매장,025b097b-3ecb-4738-ab0f-d71bc283e74d,반지점방,공예품 장신구,양림공예거리 골목형상점가,골목형상점가,광주광역시,3.0,3.0,,,RESOLVED_AGREEMENT,False,3,,,,
e84eb77edb77f6bc47dc,val,공예,T1 정확표기,q_공예_01,공예,문화·여가 중 '공예'를 판매·제공하는 매장,22ea6f56-810d-462b-b4d6-7b325e6cd9cd,댄디라인,가죽제품,서부시장(서부재래시장),전통시장,충청남도,1.0,0.0,,,P2_GRADED_ONLY,True,,,,,
7e68c05d1cdc7611d05d,val,공예,T1 정확표기,q_공예_01,공예,문화·여가 중 '공예'를 판매·제공하는 매장,05c601de-f626-410c-adee-b08537ab3042,버치크래프트 코리아,관광민예품 및 장식용품 관광기념품,강릉성남시장,전통시장,강원특별자치도,3.0,1.0,,,P1_BINARY_THRESHOLD,True,,,,,
f2f348e0b594af877b60,val,공예,T1 정확표기,q_공예_01,공예,문화·여가 중 '공예'를 판매·제공하는 매장,37342389-7f96-4ad6-a143-c3129f7c3d7c,바느질공방K,공예,엄사 골목형상점가,골목형상점가,충청남도,3.0,3.0,,,RESOLVED_AGREEMENT,False,3,,,,
7f148ba7d5d223e14c18,val,공예,T1 정확표기,q_공예_01,공예,문화·여가 중 '공예'를 판매·제공하는 매장,789a0ccc-9f01-4f98-abbb-1f29cbbbb971,주식회사,음식,풍암순환로상인회 골목형상점가,골목형상점가,광주광역시,0.0,0.0,,,RESOLVED_AGREEMENT,False,0,,,,
b71f76d17fb6a9ddac62,val,공예,T1 정확표기,q_공예_01,공예,문화·여가 중 '공예'를 판매·제공하는 매장,019d27d7-ed5d-4bc6-aee7-3162cf2c7d3e,탑키드,공예부자재,동대문문구완구거리,자율상권구역,서울특별시,3.0,3.0,,,RESOLVED_AGREEMENT,False,3,,,,
0f6ccbc947dd15b778ac,val,공예,T1 정확표기,q_공예_01,공예,문화·여가 중 '공예'를 판매·제공하는 매장,fd26c830-38b4-4067-8be5-45c1691e7af5,산청상회,공예,신천지시장,전통시장,부산광역시,3.0,3.0,,,RESOLVED_AGREEMENT,False,3,,,,
82bc1e56ce30e5da8770,val,공예,T1 정확표기,q_공예_01,공예,문화·여가 중 '공예'를 판매·제공하는 매장,05d82934-32de-48f2-bbd0-038f8d09fe4f,시즈레더,가죽제품,신창 골목형상점가,골목형상점가,광주광역시,1.0,0.0,,,P2_GRADED_ONLY,True,,,,,
6e6d00ea30f75cf9bb75,val,공예,T1 정확표기,q_공예_01,공예,문화·여가 중 '공예'를 판매·제공하는 매장,cfd43da6-6535-4e97-90c4-86fbfb3c553c,나래캘리연구소,공예,상무운천로상인회 골목형상점가,골목형상점가,광주광역시,3.0,3.0,,,RESOLVED_AGREEMENT,False,3,,,,
913f6d0274361279ae8e,val,공예,T1 정확표기,q_공예_01,공예,문화·여가 중 '공예'를 판매·제공하는 매장,16ad44e5-7220-4fe9-b859-3c7bd0a043af,문풍지한지공예,공예,메트로프라자,일반지하상점가,대구광역시,3.0,3.0,,,RESOLVED_AGREEMENT,False,3,,,,
b771f5a652d4e5982602,val,공예,T1 정확표기,q_공예_01,공예,문화·여가 중 '공예'를 판매·제공하는 매장,beacf2c2-9a40-4e20-a7d4-6804a3b60a22,환&환 공예스쿨,공예,문화의거리 상점가,자율상권구역,울산광역시,3.0,3.0,,,RESOLVED_AGREEMENT,False,3,,,,
6addee639032ac347468,val,공예,T1 정확표기,q_공예_01,공예,문화·여가 중 '공예'를 판매·제공하는 매장,77da1942-045d-433b-b18d-fef854c8eff1,소요,공예,엄사 골목형상점가,골목형상점가,충청남도,3.0,3.0,,,RESOLVED_AGREEMENT,False,3,,,,
77d1fe14525e38c54471,val,공예,T1 정확표기,q_공예_01,공예,문화·여가 중 '공예'를 판매·제공하는 매장,6a8f9647-0989-4a5f-b865-bffdfe9a9327,지영공방,공예,순천문화의거리 금꽃예술촌,자율상권구역,,3.0,3.0,,,RESOLVED_AGREEMENT,False,3,,,,
ebb740d5168620778d6b,val,공예,T1 정확표기,q_공예_01,공예,문화·여가 중 '공예'를 판매·제공하는 매장,1595bb71-38ba-4077-bffc-8fd2e340eae3,마루공예,공예품,고산미소시장(고산시장),전통시장,전북특별자치도,3.0,3.0,,,RESOLVED_AGREEMENT,False,3,,,,
70d1473a871262bfc66a,val,공예,T1 정확표기,q_공예_01,공예,문화·여가 중 '공예'를 판매·제공하는 매장,659e5f37-c479-4f6d-91d7-69ca6117cd5f,가위든가족,"미용, 공예",조종시장,전통시장,경기도,3.0,3.0,,,RESOLVED_AGREEMENT,False,3,,,,
fbb9479bc32e0b68a016,val,공예,T1 정확표기,q_공예_01,공예,문화·여가 중 '공예'를 판매·제공하는 매장,0a357b62-4c2e-456c-a5c3-e626d87f7939,플로체디자인랩(그린스미스),기념품 화분 인테리어소품 생화 분화,도란도란 골목형상점가,골목형상점가,전북특별자치도,3.0,1.0,,,P1_BINARY_THRESHOLD,True,,,,,
6a9e9bff333a5558c956,val,공예,T1 정확표기,q_공예_01,공예,문화·여가 중 '공예'를 판매·제공하는 매장,04835808-77c7-4465-89b2-7033f3d66b88,홍 스트링 공방(홍 스포츠),,양산 물금백호마을 골목형상점가,골목형상점가,경상남도,3.0,3.0,,,RESOLVED_AGREEMENT,False,3,,,,
0ff3f34c8942231a80a5,val,공예,T1 정확표기,q_공예_01,공예,문화·여가 중 '공예'를 판매·제공하는 매장,5c88b4b3-594a-45ae-9985-8cfdeb21f981,청목공예,공예품,하동 화개장터,전통시장,경상남도,3.0,3.0,,,RESOLVED_AGREEMENT,False,3,,,,
84fd1db604d0fe393005,val,공예,T1 정확표기,q_공예_01,공예,문화·여가 중 '공예'를 판매·제공하는 매장,18ca5432-8f6f-4a62-a718-feaa9e5e18e2,나나메이킹,공예,속초종합중앙시장,전통시장,강원특별자치도,3.0,3.0,,,RESOLVED_AGREEMENT,False,3,,,,
a405aac3554a72089c8a,val,공예,T1 정확표기,q_공예_01,공예,문화·여가 중 '공예'를 판매·제공하는 매장,0b54b009-8bc8-4e20-8e75-d013800de0ff,가인,공예,서문시장2지구 종합상가,전통시장,대구광역시,3.0,3.0,,,RESOLVED_AGREEMENT,False,3,,,,
f5bcb9c0b8e6ad9a5ff2,val,공예,T1 정확표기,q_공예_01,공예,문화·여가 중 '공예'를 판매·제공하는 매장,e9807260-de3c-4478-bb32-8b6724057593,향기도예,도자기 공예,화성행궁골목형상점가,골목형상점가,경기도,3.0,3.0,,,RESOLVED_AGREEMENT,False,3,,,,
75d39691522380bc01c2,val,공예,T1 정확표기,q_공예_01,공예,문화·여가 중 '공예'를 판매·제공하는 매장,bfd54941-7bc3-4d22-9969-c559d59f244a,아름다운수공예秀,공예품,순천문화의거리 금꽃예술촌,자율상권구역,,3.0,3.0,,,RESOLVED_AGREEMENT,False,3,,,,
c4de66cd3e862fec9101,val,공예,T1 정확표기,q_공예_01,공예,문화·여가 중 '공예'를 판매·제공하는 매장,a8220586-964a-411a-a0ea-2a7801075f5c,삼원상회,건어물,남원공설시장,전통시장,전북특별자치도,0.0,0.0,,,RESOLVED_AGREEMENT,False,0,,,,
60a68f04c6cb8701e874,val,공예,T1 정확표기,q_공예_01,공예,문화·여가 중 '공예'를 판매·제공하는 매장,d7ef267f-784f-4d8c-b7a2-74fd97a217d9,맹그는공예공방,"공방, 공예",화서시장,전통시장,경기도,3.0,3.0,,,RESOLVED_AGREEMENT,False,3,,,,
6874d68e9c707a289181,val,공예,T1 정확표기,q_공예_01,공예,문화·여가 중 '공예'를 판매·제공하는 매장,00a8e75c-0d18-48db-9f9b-42f8ced936b8,미다리본,공예품,구미형곡시장프라자,전통시장,경상북도,3.0,3.0,,,RESOLVED_AGREEMENT,False,3,,,,
2d9bf09ab0fa911aeba8,val,공예,T1 정확표기,q_공예_01,공예,문화·여가 중 '공예'를 판매·제공하는 매장,43cecd98-f23d-45be-b189-c49208410fc0,공설꽃공예,공예품,충주자유시장,전통시장,충청북도,3.0,3.0,,,RESOLVED_AGREEMENT,False,3,,,,
d9aa4492d2d0114ca745,val,공예,T1 정확표기,q_공예_01,공예,문화·여가 중 '공예'를 판매·제공하는 매장,56a41ff1-9cb3-4df6-be80-326aacf439da,A36,음식점업(일반음식점),양주신산시장마을상점가,골목형상점가,경기도,0.0,0.0,,,RESOLVED_AGREEMENT,False,0,,,,
9cf2a52a5913d8da8e34,val,공예,T1 정확표기,q_공예_01,공예,문화·여가 중 '공예'를 판매·제공하는 매장,1d5631fa-ec06-4f91-be13-602ed27d1b7b,반지제작소,공예,BOCA 보카상점가,골목형상점가,경기도,3.0,3.0,,,RESOLVED_AGREEMENT,False,3,,,,
85f8c6375a5578683e32,val,공예,T1 정확표기,q_공예_01,공예,문화·여가 중 '공예'를 판매·제공하는 매장,8b9ce2e1-c4d7-4432-9562-090e93525603,대림목공예,"목공예, 공예품",백년소상공인,기타,대구광역시,3.0,3.0,,,RESOLVED_AGREEMENT,False,3,,,,
6b9e2f4948c17198999e,val,공예,T1 정확표기,q_공예_01,공예,문화·여가 중 '공예'를 판매·제공하는 매장,1224addb-6518-4f08-8235-6fd7c8d4fdab,예인공예,공예품,원주미로예술중앙시장(원주중앙시장),전통시장,강원특별자치도,3.0,3.0,,,RESOLVED_AGREEMENT,False,3,,,,
93e7e0b0a16acedb4079,val,공예,T1 정확표기,q_공예_01,공예,문화·여가 중 '공예'를 판매·제공하는 매장,f3ffec96-3564-4108-99cc-65ef8de9e783,대우공예,고가구.공예,동산상가,전통시장,대구광역시,3.0,3.0,,,RESOLVED_AGREEMENT,False,3,,,,
e531a8466cab75067080,val,공예,T1 정확표기,q_공예_01,공예,문화·여가 중 '공예'를 판매·제공하는 매장,01a0bb9d-a1c3-427c-8c4b-2fb13171253a,우물옆그집,커피음료쿠키기념품,개항희망문화상권 상권활성화구역,상권활성화구역,인천광역시,3.0,1.0,,,P1_BINARY_THRESHOLD,True,,,,,
d01f497c882a0e2e86bd,val,공예,T1 정확표기,q_공예_01,공예,문화·여가 중 '공예'를 판매·제공하는 매장,7fa1e300-36d8-43e0-adee-e043a71d6a88,산적공장,공예 생활용품 교육,안계정기시장,전통시장,경상북도,3.0,3.0,,,RESOLVED_AGREEMENT,False,3,,,,
7e838adc748a1df00aca,val,공예,T1 정확표기,q_공예_01,공예,문화·여가 중 '공예'를 판매·제공하는 매장,9e61c031-6272-4833-8061-6333a1cf578d,세레나수공예,공예품,남대문로 지하도상가,일반지하상점가,서울특별시,3.0,3.0,,,RESOLVED_AGREEMENT,False,3,,,,
5e80be5b52e96edab8a9,val,공예,T1 정확표기,q_공예_01,공예,문화·여가 중 '공예'를 판매·제공하는 매장,06959709-fec7-4197-a9aa-65b026ac2b30,가죽공예,공예품,무주반딧불상권활성화구역,상권활성화구역,전북특별자치도,3.0,3.0,,,RESOLVED_AGREEMENT,False,3,,,,
1bd5362f34b50889bf88,val,공예,T1 정확표기,q_공예_01,공예,문화·여가 중 '공예'를 판매·제공하는 매장,1c9508a7-414a-4f41-956d-a5bdaee45266,사과랑 그림이랑,공예,진보전통시장,전통시장,경상북도,3.0,3.0,,,RESOLVED_AGREEMENT,False,3,,,,
5a6dcff63cb7a0928452,val,공예,T1 정확표기,q_공예_01,공예,문화·여가 중 '공예'를 판매·제공하는 매장,13fcc1a8-e340-4773-b8ba-b6256ff5465f,부민상회,공예 잡화,월드상가골목형상점가,골목형상점가,인천광역시,3.0,3.0,,,RESOLVED_AGREEMENT,False,3,,,,
a1ae7ddc823bed6ae36e,val,공예,T1 정확표기,q_공예_01,공예,문화·여가 중 '공예'를 판매·제공하는 매장,5b39cce8-0592-4852-a518-7e47a5c9ece6,천암공간,공예,매곡 사랑길 골목형상점가,골목형상점가,광주광역시,3.0,3.0,,,RESOLVED_AGREEMENT,False,3,,,,
a31c658df08e5589f38e,val,공예,T1 정확표기,q_공예_01,공예,문화·여가 중 '공예'를 판매·제공하는 매장,a0fa7ab0-61bc-4a11-bf8c-0d266df65c19,창석화실공방,공예,밀양 내일전통시장,전통시장,경상남도,3.0,3.0,,,RESOLVED_AGREEMENT,False,3,,,,
f9d571265b2f4eed2247,val,공예,T1 정확표기,q_공예_01,공예,문화·여가 중 '공예'를 판매·제공하는 매장,939e2d54-588c-42ba-9ca9-f38d11ab9e3f,튀는 아이,공예 숙녀복,봉선1로 골목형상점가,골목형상점가,광주광역시,3.0,3.0,,,RESOLVED_AGREEMENT,False,3,,,,
004486f70d111ce313a2,val,공예,T2 동의어,q_공예_02,공방,문화·여가 중 '공예'를 판매·제공하는 매장,b9c9d175-225d-4674-a073-31f42b1150e2,발효공방누룩담,공방,공항동먹자골목골목형상점가,골목형상점가,서울특별시,3.0,3.0,,,RESOLVED_AGREEMENT,False,3,,,,
46ea0a76dbcb18820528,val,공예,T2 동의어,q_공예_02,공방,문화·여가 중 '공예'를 판매·제공하는 매장,71ef1d40-7632-45fc-88f4-fe3945376936,소울엔공방,공방 공예품,단국대 앞 골목형상점가,골목형상점가,경기도,3.0,3.0,,,RESOLVED_AGREEMENT,False,3,,,,
c36f3f2d55ad570350f2,val,공예,T2 동의어,q_공예_02,공방,문화·여가 중 '공예'를 판매·제공하는 매장,33ce0080-45d5-4117-81dc-31457b4040c1,느루히,공방,김해 동상전통시장,전통시장,경상남도,3.0,3.0,,,RESOLVED_AGREEMENT,False,3,,,,
a0243ed540ad9b7c8ad7,val,공예,T2 동의어,q_공예_02,공방,문화·여가 중 '공예'를 판매·제공하는 매장,458af3ac-f69b-49e9-b127-03a1acc74b1a,꿈이음,공방,전주남부시장,전통시장,전북특별자치도,3.0,3.0,,,RESOLVED_AGREEMENT,False,3,,,,
dbd729f6dd2fd3db2c3c,val,공예,T2 동의어,q_공예_02,공방,문화·여가 중 '공예'를 판매·제공하는 매장,15c8c7f4-ab9d-4710-8482-6e8d7090e312,뜨락,공방 외,용상공설시장,전통시장,경상북도,3.0,3.0,,,RESOLVED_AGREEMENT,False,3,,,,
b789cf34ac9a50d92067,val,공예,T2 동의어,q_공예_02,공방,문화·여가 중 '공예'를 판매·제공하는 매장,07bf0fd7-8b36-4177-b412-ff2f25f16a59,로뎀공방,공방,하양꿈바우시장,전통시장,경상북도,3.0,3.0,,,RESOLVED_AGREEMENT,False,3,,,,
d077293b4a12b58373c4,val,공예,T2 동의어,q_공예_02,공방,문화·여가 중 '공예'를 판매·제공하는 매장,1b717a6f-2d38-40ea-8a68-85bc33f53dda,휴공방,공방,엄사 골목형상점가,골목형상점가,충청남도,3.0,3.0,,,RESOLVED_AGREEMENT,False,3,,,,
3b332f7f33fd04d22861,val,공예,T2 동의어,q_공예_02,공방,문화·여가 중 '공예'를 판매·제공하는 매장,d431eed3-8c72-461f-8186-8a828400f091,소소(SOSO) 공방,공방,의정부제일시장,전통시장,경기도,3.0,3.0,,,RESOLVED_AGREEMENT,False,3,,,,
5827775e991f7ce06429,val,공예,T2 동의어,q_공예_02,공방,문화·여가 중 '공예'를 판매·제공하는 매장,e8177fe9-160f-4162-93c9-7b4c48fc9952,손수다,공방,염주먹자골목B구역상인회 골목형상점가,골목형상점가,광주광역시,3.0,3.0,,,RESOLVED_AGREEMENT,False,3,,,,
3fb89e2af973af8bd49f,val,공예,T2 동의어,q_공예_02,공방,문화·여가 중 '공예'를 판매·제공하는 매장,bd695bc3-0427-466d-8a75-ea240a0ae129,공방 다재,,용상공설시장,전통시장,경상북도,3.0,3.0,,,RESOLVED_AGREEMENT,False,3,,,,
3d0903167d3b16132896,val,공예,T2 동의어,q_공예_02,공방,문화·여가 중 '공예'를 판매·제공하는 매장,0e2fe574-d400-4022-a456-f3c2b55c061c,시원솜씨,공방,춘천지하상가,일반지하상점가,강원특별자치도,3.0,3.0,,,RESOLVED_AGREEMENT,False,3,,,,
5ff21e168d41188249bc,val,공예,T2 동의어,q_공예_02,공방,문화·여가 중 '공예'를 판매·제공하는 매장,37b73335-18b1-44fa-928b-31bde68f11e2,신인천상회,수산물,인천종합어시장,전통시장,인천광역시,0.0,0.0,,,RESOLVED_AGREEMENT,False,0,,,,
e74bf3b61c8bfd6a9905,val,공예,T2 동의어,q_공예_02,공방,문화·여가 중 '공예'를 판매·제공하는 매장,2834a50f-6a05-41de-8e1e-26326dc3b501,공방 208호,,명산시장,전통시장,전북특별자치도,3.0,3.0,,,RESOLVED_AGREEMENT,False,3,,,,
873982a4e5c50eb7e495,val,공예,T2 동의어,q_공예_02,공방,문화·여가 중 '공예'를 판매·제공하는 매장,05d82934-32de-48f2-bbd0-038f8d09fe4f,시즈레더,가죽제품,신창 골목형상점가,골목형상점가,광주광역시,1.0,0.0,,,P2_GRADED_ONLY,True,,,,,
52793850e61f71a65880,val,공예,T2 동의어,q_공예_02,공방,문화·여가 중 '공예'를 판매·제공하는 매장,6ad3b5a5-3acb-426c-bcbd-964edb033a27,팔팔참기름,일용잡화,밀양 내일전통시장,전통시장,경상남도,1.0,0.0,,,P2_GRADED_ONLY,True,,,,,
806ea54899d7db220784,val,공예,T2 동의어,q_공예_02,공방,문화·여가 중 '공예'를 판매·제공하는 매장,025b097b-3ecb-4738-ab0f-d71bc283e74d,반지점방,공예품 장신구,양림공예거리 골목형상점가,골목형상점가,광주광역시,3.0,3.0,,,RESOLVED_AGREEMENT,False,3,,,,
85b1f0840ece9ec5a285,val,공예,T2 동의어,q_공예_02,공방,문화·여가 중 '공예'를 판매·제공하는 매장,9e69d889-0c3e-4127-acaf-e0b8faf5a07b,심야 당구 카페,당구장 운영,안동시옥동 골목형상점가,골목형상점가,경상북도,0.0,0.0,,,RESOLVED_AGREEMENT,False,0,,,,
7834ed948b85176c6322,val,공예,T2 동의어,q_공예_02,공방,문화·여가 중 '공예'를 판매·제공하는 매장,33a97d33-cd63-40f2-86fd-434d0ed8e51e,공간연출나누리,공방,첨단이웃사랑 골목형상점가,골목형상점가,광주광역시,3.0,3.0,,,RESOLVED_AGREEMENT,False,3,,,,
4bf15ab5918589a5dcf7,val,공예,T2 동의어,q_공예_02,공방,문화·여가 중 '공예'를 판매·제공하는 매장,07cda024-8aeb-44c2-b5e2-48a753b93afe,가죽공방 수미상관,가죽제품,첨단이웃사랑 골목형상점가,골목형상점가,광주광역시,2.0,3.0,,,P2_GRADED_ONLY,True,,,,,
e6acf83d2a6efc118bca,val,공예,T2 동의어,q_공예_02,공방,문화·여가 중 '공예'를 판매·제공하는 매장,003d5df8-0856-45e0-a11e-5098cf70541e,앨리스리본&공방,"공방, 잡화",봉화내성시장,전통시장,경상북도,3.0,3.0,,,RESOLVED_AGREEMENT,False,3,,,,
a721e14f00ddefcccaac,val,공예,T2 동의어,q_공예_02,공방,문화·여가 중 '공예'를 판매·제공하는 매장,4c225c41-7ef0-4a48-981e-ee878a0ba5b4,손그림공방,공방,경산중앙로상점가,자율상권구역,경상북도,3.0,3.0,,,RESOLVED_AGREEMENT,False,3,,,,
0e60497cbab0eea0fb30,val,공예,T2 동의어,q_공예_02,공방,문화·여가 중 '공예'를 판매·제공하는 매장,69b973b7-23c8-4794-a734-8995aaad5597,메리공방,공방,월산상가 골목형 상점가,골목형상점가,충청남도,3.0,3.0,,,RESOLVED_AGREEMENT,False,3,,,,
33d915b2cb30b80d3e9f,val,공예,T2 동의어,q_공예_02,공방,문화·여가 중 '공예'를 판매·제공하는 매장,ffbbfcb5-36e4-415a-a91c-86f5effdbbac,꼼지락공방,공방,세아프라자상가(동두천세아상가시장),전통시장,경기도,3.0,3.0,,,RESOLVED_AGREEMENT,False,3,,,,
87e3b1158790250db33f,val,공예,T2 동의어,q_공예_02,공방,문화·여가 중 '공예'를 판매·제공하는 매장,01a0bb9d-a1c3-427c-8c4b-2fb13171253a,우물옆그집,커피음료쿠키기념품,개항희망문화상권 상권활성화구역,상권활성화구역,인천광역시,3.0,1.0,,,P1_BINARY_THRESHOLD,True,,,,,
c2aa031cf228ac770ff1,val,공예,T2 동의어,q_공예_02,공방,문화·여가 중 '공예'를 판매·제공하는 매장,5104674b-e345-454e-94ad-760bb8635dde,나래정보통신,통신기기,월드상가골목형상점가,골목형상점가,인천광역시,0.0,0.0,,,RESOLVED_AGREEMENT,False,0,,,,
51f47cd4e925800fe43d,val,공예,T2 동의어,q_공예_02,공방,문화·여가 중 '공예'를 판매·제공하는 매장,1ca60dc0-38d0-49d7-8bdb-160b86a48635,로사,공방,중앙로상점가,자율상권구역,제주특별자치도,3.0,3.0,,,RESOLVED_AGREEMENT,False,3,,,,
8d491a38af8ac5e0f6e7,val,공예,T2 동의어,q_공예_02,공방,문화·여가 중 '공예'를 판매·제공하는 매장,49a01ef8-f5c2-4abb-843e-c4b6d0e9ddb8,가죽자파리,공방,서문공설시장,전통시장,제주특별자치도,3.0,3.0,,,RESOLVED_AGREEMENT,False,3,,,,
84689ac917f4fa1a8eef,val,공예,T2 동의어,q_공예_02,공방,문화·여가 중 '공예'를 판매·제공하는 매장,1f04b9fa-c6d7-46d2-97b3-7c96b99bbb45,한식공방,,보성시장,전통시장,제주특별자치도,3.0,3.0,,,RESOLVED_AGREEMENT,False,3,,,,
2e7534c24841d45a335c,val,공예,T2 동의어,q_공예_02,공방,문화·여가 중 '공예'를 판매·제공하는 매장,019d27d7-ed5d-4bc6-aee7-3162cf2c7d3e,탑키드,공예부자재,동대문문구완구거리,자율상권구역,서울특별시,3.0,3.0,,,RESOLVED_AGREEMENT,False,3,,,,
2332d1cb2848e379a789,val,공예,T2 동의어,q_공예_02,공방,문화·여가 중 '공예'를 판매·제공하는 매장,c884f137-815a-4b8a-b16b-07a3f1861fb2,요담엔,공방,오월첫동네 골목형상점가,골목형상점가,광주광역시,3.0,3.0,,,RESOLVED_AGREEMENT,False,3,,,,
befbe5acd39e4d3a235e,val,공예,T2 동의어,q_공예_02,공방,문화·여가 중 '공예'를 판매·제공하는 매장,3b921e52-fcc2-4bb1-beba-6fa3649a1ae2,포슬린페인팅아트스쿨,공방,송도 아트포레 판매시설 골목형상점가,골목형상점가,인천광역시,3.0,3.0,,,RESOLVED_AGREEMENT,False,3,,,,
e479897e1815141cf8ed,val,공예,T2 동의어,q_공예_02,공방,문화·여가 중 '공예'를 판매·제공하는 매장,016791a8-1d36-407c-be53-a8bf1f7d6f98,눈데이썬(NOONDAY SUN,예술공방공예품,천안역지하상가,일반지하상점가,충청남도,3.0,3.0,,,RESOLVED_AGREEMENT,False,3,,,,
a8c8004fa5b0105d7651,val,공예,T2 동의어,q_공예_02,공방,문화·여가 중 '공예'를 판매·제공하는 매장,75f0976b-a3f7-468e-9333-8b009e274856,작품한땀,공방,금당산길상인회 골목형상점가,골목형상점가,광주광역시,3.0,3.0,,,RESOLVED_AGREEMENT,False,3,,,,
00240fd72c660011fae0,val,공예,T2 동의어,q_공예_02,공방,문화·여가 중 '공예'를 판매·제공하는 매장,4a0d8a9a-83bd-4c83-b657-e49c221fba51,민승기공방,공방,예스파크 상점가,자율상권구역,경기도,3.0,3.0,,,RESOLVED_AGREEMENT,False,3,,,,
e98503f57507ddc21dca,val,공예,T2 동의어,q_공예_02,공방,문화·여가 중 '공예'를 판매·제공하는 매장,e9e20731-33a0-4875-8349-74a6bf8ec5a5,도란도란공방,공방,동래시장,전통시장,부산광역시,3.0,3.0,,,RESOLVED_AGREEMENT,False,3,,,,
c606f9c1bc41cfa8369d,val,공예,T2 동의어,q_공예_02,공방,문화·여가 중 '공예'를 판매·제공하는 매장,b7b6dc2b-2cbc-45d2-8185-acdc73ba8108,앨리스,공방,광양시장골목형상점가,골목형상점가,제주특별자치도,3.0,3.0,,,RESOLVED_AGREEMENT,False,3,,,,
f43cd817629e1419f520,val,공예,T2 동의어,q_공예_02,공방,문화·여가 중 '공예'를 판매·제공하는 매장,ff6bc585-8f5c-49d3-9b26-2c5ed4d9c86b,또임이의햇살드는창가,공방,명덕마을 골목형상점가,골목형상점가,울산광역시,3.0,3.0,,,RESOLVED_AGREEMENT,False,3,,,,
e2ddc7a49cb92683a064,val,공예,T2 동의어,q_공예_02,공방,문화·여가 중 '공예'를 판매·제공하는 매장,0a66a7fc-3a7b-4f93-b364-fc8b98b96d50,엄사스포츠,"스포츠용품, 기념품",엄사 골목형상점가,골목형상점가,충청남도,3.0,1.0,,,P1_BINARY_THRESHOLD,True,,,,,
1dbb9eb636ae0f1ac080,val,공예,T2 동의어,q_공예_02,공방,문화·여가 중 '공예'를 판매·제공하는 매장,d4483f86-9eac-42df-a467-2a7f511ebd57,복공방,공방,군산공설시장,전통시장,전북특별자치도,3.0,3.0,,,RESOLVED_AGREEMENT,False,3,,,,
8eb90b7e1346a06e9281,val,공예,T2 동의어,q_공예_02,공방,문화·여가 중 '공예'를 판매·제공하는 매장,05c601de-f626-410c-adee-b08537ab3042,버치크래프트 코리아,관광민예품 및 장식용품 관광기념품,강릉성남시장,전통시장,강원특별자치도,3.0,1.0,,,P1_BINARY_THRESHOLD,True,,,,,
5766361edc3416bd5b36,val,공예,T2 동의어,q_공예_02,공방,문화·여가 중 '공예'를 판매·제공하는 매장,752394f2-60bb-4903-b2df-fd8224631afb,단아소보농업회사법인,농산물,단양구경시장(단양인정시장),전통시장,충청북도,0.0,0.0,,,RESOLVED_AGREEMENT,False,0,,,,
038cd9ac2db49f31f3e2,val,공예,T2 동의어,q_공예_02,공방,문화·여가 중 '공예'를 판매·제공하는 매장,825f3a22-0385-4ca5-bed2-58cf570346fd,두드림공방,공방,순천문화의거리 금꽃예술촌,자율상권구역,전라남도,3.0,3.0,,,RESOLVED_AGREEMENT,False,3,,,,
6ddb086f36d755100d0e,val,공예,T2 동의어,q_공예_02,공방,문화·여가 중 '공예'를 판매·제공하는 매장,4b8ea17c-be61-4a3a-accc-7ad637cf8a48,다온공방,공방,제민천 골목형상점가,골목형상점가,충청남도,3.0,3.0,,,RESOLVED_AGREEMENT,False,3,,,,
18d4dd743065d374b670,val,공예,T2 동의어,q_공예_02,공방,문화·여가 중 '공예'를 판매·제공하는 매장,acc3edb2-bc33-42fa-a2b5-e516a7f5e353,영자네곱창,,솔매사랑길 골목형상점가,골목형상점가,서울특별시,,0.0,Y,,P0_UNCERTAIN_OR_MISSING,True,,,,,
d1946a1905a0415fc063,val,공예,T2 동의어,q_공예_02,공방,문화·여가 중 '공예'를 판매·제공하는 매장,4d86361d-47de-4414-b3ef-7a2a02d16bfd,단단,공방,증산종합시장,전통시장,서울특별시,3.0,3.0,,,RESOLVED_AGREEMENT,False,3,,,,
346fdec7bfc9ee456e6f,val,공예,T2 동의어,q_공예_02,공방,문화·여가 중 '공예'를 판매·제공하는 매장,54bfa366-b3a3-49e7-99e4-41d2876df760,퀼트마녀,공방,명촌꽃길 골목형상점가,골목형상점가,울산광역시,3.0,3.0,,,RESOLVED_AGREEMENT,False,3,,,,
6cff070530c0956f94dc,val,공예,T2 동의어,q_공예_02,공방,문화·여가 중 '공예'를 판매·제공하는 매장,8be444db-7fc1-431c-a042-1042571ad38a,예인공방,공방,신창진흥 골목형상점가,골목형상점가,광주광역시,3.0,3.0,,,RESOLVED_AGREEMENT,False,3,,,,
a2c4895d51f1b2dcdf4b,val,공예,T2 동의어,q_공예_02,공방,문화·여가 중 '공예'를 판매·제공하는 매장,5a5bebf1-2fc0-4165-ae11-f78d836c935a,본아트,공방,임방울거리3구역 골목형상점가,골목형상점가,광주광역시,3.0,3.0,,,RESOLVED_AGREEMENT,False,3,,,,
1ddb0fc281c1068b602b,val,공예,T2 동의어,q_공예_02,공방,문화·여가 중 '공예'를 판매·제공하는 매장,6f03c13c-bd2e-4ac2-85dc-d48802b7c9c6,해이데이 공방,공방,문화의거리 상점가,자율상권구역,울산광역시,3.0,3.0,,,RESOLVED_AGREEMENT,False,3,,,,
44c5fada5f74028fb3ac,val,공예,T2 동의어,q_공예_02,공방,문화·여가 중 '공예'를 판매·제공하는 매장,f37eb3fe-da79-460b-b76f-305bc2efa74e,참새 술공방,공방,포수말 골목형상점가,골목형상점가,서울특별시,3.0,3.0,,,RESOLVED_AGREEMENT,False,3,,,,
e03b3fe8771d9de5832f,val,공예,T2 동의어,q_공예_02,공방,문화·여가 중 '공예'를 판매·제공하는 매장,286ae918-a755-4196-b02d-6311c73d7e36,토토공방,도자기 공방,상무중앙로46구역상인회 골목형상점가,골목형상점가,광주광역시,3.0,3.0,,,RESOLVED_AGREEMENT,False,3,,,,
e2be48744ec0cee0bc2a,val,공예,T2 동의어,q_공예_02,공방,문화·여가 중 '공예'를 판매·제공하는 매장,256398a5-2d08-4fb9-823d-8ba966ef891b,리베쥬드레스,공방,두암2동참판골 골목형상점가,골목형상점가,광주광역시,3.0,3.0,,,RESOLVED_AGREEMENT,False,3,,,,
18a6e5d21c1f143af2f6,val,공예,T2 동의어,q_공예_02,공방,문화·여가 중 '공예'를 판매·제공하는 매장,0aae4585-5820-472c-a819-bfbb3faca317,감천문화마을 소행성 비612 기념품숍,"기념품, 공예품",감천문화마을 골목형상점가,골목형상점가,부산광역시,3.0,3.0,,,RESOLVED_AGREEMENT,False,3,,,,
ab3757de74db940ae2cf,val,공예,T2 동의어,q_공예_02,공방,문화·여가 중 '공예'를 판매·제공하는 매장,0193006c-a04d-4bd7-8ce5-791c5497fe3a,드림크래프트,"액자제작, 공예재료",북동 골목형상점가,골목형상점가,광주광역시,3.0,3.0,,,RESOLVED_AGREEMENT,False,3,,,,
b509e629ac98d0e87ef9,val,공예,T2 동의어,q_공예_02,공방,문화·여가 중 '공예'를 판매·제공하는 매장,4b85f516-4b71-4a51-a337-876ffb2c5f2b,경주공방,소매업(공방),첨단이웃사랑 골목형상점가,골목형상점가,광주광역시,3.0,3.0,,,RESOLVED_AGREEMENT,False,3,,,,
08f635def18afae76554,val,공예,T2 동의어,q_공예_02,공방,문화·여가 중 '공예'를 판매·제공하는 매장,0607a1be-785f-4ff8-a429-3cece4493cca,마마스핸즈 세종한솔공방,,한솔센터 골목형상점가,골목형상점가,세종특별자치시,3.0,3.0,,,RESOLVED_AGREEMENT,False,3,,,,
808d99b9195ed54fd6bf,val,공예,T2 동의어,q_공예_02,공방,문화·여가 중 '공예'를 판매·제공하는 매장,96c398f0-08a9-4f74-b892-908df5f7e8b3,꽃바늘,공방,구미형곡시장프라자,전통시장,경상북도,3.0,3.0,,,RESOLVED_AGREEMENT,False,3,,,,
cc7ae2034eae2278e7be,val,공예,T2 동의어,q_공예_02,공방,문화·여가 중 '공예'를 판매·제공하는 매장,00a8e75c-0d18-48db-9f9b-42f8ced936b8,미다리본,공예품,구미형곡시장프라자,전통시장,경상북도,3.0,3.0,,,RESOLVED_AGREEMENT,False,3,,,,
cccb54511c979fac7977,val,공예,T2 동의어,q_공예_02,공방,문화·여가 중 '공예'를 판매·제공하는 매장,647a22e6-0bdf-4dab-9e51-077e53965e2c,한올공방,공방,대왕암 월봉시장,전통시장,울산광역시,3.0,3.0,,,RESOLVED_AGREEMENT,False,3,,,,
a73da8bc1f84884e20f9,val,공예,T2 동의어,q_공예_02,공방,문화·여가 중 '공예'를 판매·제공하는 매장,22ea6f56-810d-462b-b4d6-7b325e6cd9cd,댄디라인,가죽제품,서부시장(서부재래시장),전통시장,충청남도,1.0,0.0,,,P2_GRADED_ONLY,True,,,,,
fc65dcb13c8a5bb4800f,val,공예,T2 동의어,q_공예_02,공방,문화·여가 중 '공예'를 판매·제공하는 매장,fc6c4003-14fe-4889-96ed-68521d87ce0e,아랑화실,공방,사기막골도자기시장(구 사기막골도예촌재래시장),전통시장,경기도,3.0,3.0,,,RESOLVED_AGREEMENT,False,3,,,,
50a09fcbcbb592a0c161,val,공예,T2 동의어,q_공예_02,공방,문화·여가 중 '공예'를 판매·제공하는 매장,03f3c2e2-de36-4c1f-a497-cbcc7dd014d0,크래프트 스튜디오 88,은 장신구 및 은 공예품,빛고을공예창작촌 골목형상점가,골목형상점가,광주광역시,3.0,3.0,,,RESOLVED_AGREEMENT,False,3,,,,
e42f32374171a803718a,val,공예,T2 동의어,q_공예_02,공방,문화·여가 중 '공예'를 판매·제공하는 매장,02a3b9f3-83e8-44d2-bc4b-4b2c25796b3d,서현 크래프트,수공예품,예술의거리 골목형상점가,골목형상점가,광주광역시,3.0,3.0,,,RESOLVED_AGREEMENT,False,3,,,,
c28c527c828b1fcd0bff,val,공예,T2 동의어,q_공예_02,공방,문화·여가 중 '공예'를 판매·제공하는 매장,04835808-77c7-4465-89b2-7033f3d66b88,홍 스트링 공방(홍 스포츠),,양산 물금백호마을 골목형상점가,골목형상점가,경상남도,3.0,3.0,,,RESOLVED_AGREEMENT,False,3,,,,
dc6a690e7fa170d12285,val,공예,T2 동의어,q_공예_02,공방,문화·여가 중 '공예'를 판매·제공하는 매장,dabd06a7-f4d2-44a4-b0ad-a4cae4431aa5,라라공방,공방,군산 원도심 골목형상점가,골목형상점가,전북특별자치도,3.0,3.0,,,RESOLVED_AGREEMENT,False,3,,,,
09abbb37e24d5d2ba91f,val,공예,T2 동의어,q_공예_02,공방,문화·여가 중 '공예'를 판매·제공하는 매장,683a0aaf-5d8a-4e70-8613-f41741b0644a,퀼트로제,공방,선스포츠프라자,전통시장,대구광역시,3.0,3.0,,,RESOLVED_AGREEMENT,False,3,,,,
7f60d9414c669f10d2e1,val,공예,T2 동의어,q_공예_02,공방,문화·여가 중 '공예'를 판매·제공하는 매장,92556999-b0fd-41e6-8e91-35c70feac78a,토몽,공방,예스파크 상점가,자율상권구역,경기도,3.0,3.0,,,RESOLVED_AGREEMENT,False,3,,,,
25a2dcfe1a2df5ea8bec,val,공예,T2 동의어,q_공예_02,공방,문화·여가 중 '공예'를 판매·제공하는 매장,11e7ee1c-bb24-4b6b-8405-616eb42a01ce,씨스페이스24 계대동문점,편의점,성서계대로데오거리 골목형상점가,골목형상점가,대구광역시,0.0,0.0,,,RESOLVED_AGREEMENT,False,0,,,,
b22ab1fc25950489081a,val,공예,T2 동의어,q_공예_02,공방,문화·여가 중 '공예'를 판매·제공하는 매장,19ad7c14-7251-43be-a457-e4c1f7b94ec6,행운건강원,"건강식품가공, 판매",전의왕의물시장(전의전통시장),전통시장,세종특별자치시,0.0,0.0,,,RESOLVED_AGREEMENT,False,0,,,,
68201a20931078e77520,val,공예,T2 동의어,q_공예_02,공방,문화·여가 중 '공예'를 판매·제공하는 매장,bb49b066-8411-403f-999c-c668fd69c932,대대토건,공방,중앙어울림시장(구 중앙공설시장),전통시장,충청북도,3.0,3.0,,,RESOLVED_AGREEMENT,False,3,,,,
9ce96701bad1f4b8db0f,val,공예,T2 동의어,q_공예_02,공방,문화·여가 중 '공예'를 판매·제공하는 매장,338b9d8a-623c-46bd-8dd6-3091b3a1f40e,한국예술공예회,공방,남대문로 지하도상가,일반지하상점가,서울특별시,3.0,3.0,,,RESOLVED_AGREEMENT,False,3,,,,
ca2cc864daa6302f1495,val,공예,T2 동의어,q_공예_02,공방,문화·여가 중 '공예'를 판매·제공하는 매장,b266eea7-cce2-4b28-9bbd-2a5699ebea11,서현공방,공방,마산 부림시장,전통시장,경상남도,3.0,3.0,,,RESOLVED_AGREEMENT,False,3,,,,
cc5e6122502db6953dbe,val,공예,T2 동의어,q_공예_02,공방,문화·여가 중 '공예'를 판매·제공하는 매장,832359fe-9e75-4256-8a4a-d3063a9fcdca,꽃을 담은 공방(2),공방,김천 삼색이수상권,상권활성화구역,경상북도,3.0,3.0,,,RESOLVED_AGREEMENT,False,3,,,,
c7af7418034ca60f725d,val,공예,T2 동의어,q_공예_02,공방,문화·여가 중 '공예'를 판매·제공하는 매장,d7ef267f-784f-4d8c-b7a2-74fd97a217d9,맹그는공예공방,"공방, 공예",화서시장,전통시장,경기도,3.0,3.0,,,RESOLVED_AGREEMENT,False,3,,,,
aa79b3d5242cdee4df17,val,공예,T2 동의어,q_공예_02,공방,문화·여가 중 '공예'를 판매·제공하는 매장,c2cc2bc0-4145-46ee-8d0b-d896b3678f65,면앤밥,,풍세로세광 골목형상점가,골목형상점가,충청남도,,0.0,Y,,P0_UNCERTAIN_OR_MISSING,True,,,,,
8a9c11ad82380343ce68,val,공예,T2 동의어,q_공예_02,공방,문화·여가 중 '공예'를 판매·제공하는 매장,9476da6d-685f-4d5a-85e8-e9f2eba1dad8,자매공방,공방,유동 경열로 골목형상점가,골목형상점가,광주광역시,3.0,3.0,,,RESOLVED_AGREEMENT,False,3,,,,
b127c2274d68c37d9d10,val,공예,T2 동의어,q_공예_02,공방,문화·여가 중 '공예'를 판매·제공하는 매장,c2ca7cf5-aff9-4715-a401-8c192c8d91f5,레이져공방 새김,공방,홍대소상공인 상점가,자율상권구역,서울특별시,3.0,3.0,,,RESOLVED_AGREEMENT,False,3,,,,
d97788f22136ed8211ce,val,공예,T2 동의어,q_공예_02,공방,문화·여가 중 '공예'를 판매·제공하는 매장,0a357b62-4c2e-456c-a5c3-e626d87f7939,플로체디자인랩(그린스미스),기념품 화분 인테리어소품 생화 분화,도란도란 골목형상점가,골목형상점가,전북특별자치도,3.0,1.0,,,P1_BINARY_THRESHOLD,True,,,,,
3534158e2b90370b6281,val,공예,T2 동의어,q_공예_02,공방,문화·여가 중 '공예'를 판매·제공하는 매장,e15594db-6d7d-49f8-a3b4-89872d84803d,레더하루,공방,삼각동 골목형상점가,골목형상점가,광주광역시,3.0,3.0,,,RESOLVED_AGREEMENT,False,3,,,,
4729ac9d531b778325a8,val,공예,T2 동의어,q_공예_02,공방,문화·여가 중 '공예'를 판매·제공하는 매장,02a0c412-f0ae-4a4f-b716-75605cdcb533,"현대종합가구,해일공방",,장흥시장 골목형상점가,골목형상점가,,3.0,3.0,,,RESOLVED_AGREEMENT,False,3,,,,
f45b64c29e8ba955d289,val,공예,T2 동의어,q_공예_02,공방,문화·여가 중 '공예'를 판매·제공하는 매장,04baede5-1cb5-421b-ae51-c42ae1e347e0,베데레vedere,가죽제품,송정벚꽃골목형상점가,골목형상점가,서울특별시,1.0,0.0,,,P2_GRADED_ONLY,True,,,,,
a716e78964936463df8c,val,공예,T2 동의어,q_공예_03,공예품,문화·여가 중 '공예'를 판매·제공하는 매장,06959709-fec7-4197-a9aa-65b026ac2b30,가죽공예,공예품,무주반딧불상권활성화구역,상권활성화구역,전북특별자치도,3.0,3.0,,,RESOLVED_AGREEMENT,False,3,,,,
e5d2dfe7889987a92e49,val,공예,T2 동의어,q_공예_03,공예품,문화·여가 중 '공예'를 판매·제공하는 매장,8eb2485b-801f-4155-8126-ba6d20e243cb,미진모자,도소매(모자),평화시장,전통시장,서울특별시,0.0,0.0,,,RESOLVED_AGREEMENT,False,0,,,,
16bfc015068d41be9ea2,val,공예,T2 동의어,q_공예_03,공예품,문화·여가 중 '공예'를 판매·제공하는 매장,c340de43-7dce-4143-9153-4f091aab0d5c,귀금양행,공예품,사강시장,전통시장,경기도,3.0,3.0,,,RESOLVED_AGREEMENT,False,3,,,,
a46e07f6973c54bc3582,val,공예,T2 동의어,q_공예_03,공예품,문화·여가 중 '공예'를 판매·제공하는 매장,19ad7c14-7251-43be-a457-e4c1f7b94ec6,행운건강원,"건강식품가공, 판매",전의왕의물시장(전의전통시장),전통시장,세종특별자치시,0.0,0.0,,,RESOLVED_AGREEMENT,False,0,,,,
f56d957fd83819f15d24,val,공예,T2 동의어,q_공예_03,공예품,문화·여가 중 '공예'를 판매·제공하는 매장,9fdd3293-43a8-456d-a65e-227cf7f2a0dd,꽃길만,공예품,서문공설시장,전통시장,제주특별자치도,3.0,3.0,,,RESOLVED_AGREEMENT,False,3,,,,
00c144bd7fb61ebeea20,val,공예,T2 동의어,q_공예_03,공예품,문화·여가 중 '공예'를 판매·제공하는 매장,03f3c2e2-de36-4c1f-a497-cbcc7dd014d0,크래프트 스튜디오 88,은 장신구 및 은 공예품,빛고을공예창작촌 골목형상점가,골목형상점가,광주광역시,3.0,3.0,,,RESOLVED_AGREEMENT,False,3,,,,
6a292a6b77d56b5ab419,val,공예,T2 동의어,q_공예_03,공예품,문화·여가 중 '공예'를 판매·제공하는 매장,300e8d21-a9a9-4950-aa90-457d9e637c70,혜숙야채,농수산물,평택통복시장,전통시장,경기도,0.0,0.0,,,RESOLVED_AGREEMENT,False,0,,,,
f039c925e1e57cf258fe,val,공예,T2 동의어,q_공예_03,공예품,문화·여가 중 '공예'를 판매·제공하는 매장,feb1b1f0-15f4-41e7-b49f-96d6a336c2bb,땅꼬공예방,공예품,우산상인회 골목형상점가,골목형상점가,광주광역시,3.0,3.0,,,RESOLVED_AGREEMENT,False,3,,,,
8cb280f1bf6174419a4a,val,공예,T2 동의어,q_공예_03,공예품,문화·여가 중 '공예'를 판매·제공하는 매장,0193006c-a04d-4bd7-8ce5-791c5497fe3a,드림크래프트,"액자제작, 공예재료",북동 골목형상점가,골목형상점가,광주광역시,3.0,3.0,,,RESOLVED_AGREEMENT,False,3,,,,
eafbcf5bee39db9cf8b7,val,공예,T2 동의어,q_공예_03,공예품,문화·여가 중 '공예'를 판매·제공하는 매장,e4591f45-37f5-450a-8079-cc13b5d9fdf0,공덕불교사,공예품,제천중앙시장,전통시장,충청북도,3.0,3.0,,,RESOLVED_AGREEMENT,False,3,,,,
1e1d969ab64ab0610324,val,공예,T2 동의어,q_공예_03,공예품,문화·여가 중 '공예'를 판매·제공하는 매장,2167a1a4-f8e0-4dce-b7ab-00ee46733450,연공방,공예품,마산 부림시장,전통시장,경상남도,3.0,3.0,,,RESOLVED_AGREEMENT,False,3,,,,
165bb92ce17a762a10ed,val,공예,T2 동의어,q_공예_03,공예품,문화·여가 중 '공예'를 판매·제공하는 매장,18f5a8e1-a79a-4e62-9347-b93bbb5d4e4f,모디미,공예품,김해 동상전통시장,전통시장,경상남도,3.0,3.0,,,RESOLVED_AGREEMENT,False,3,,,,
9e2b92b4ebc226e8ac27,val,공예,T2 동의어,q_공예_03,공예품,문화·여가 중 '공예'를 판매·제공하는 매장,d1b816f0-a4bd-443c-8935-7d91e20ececc,형제공예사,공예품,안양중앙인정시장,전통시장,경기도,3.0,3.0,,,RESOLVED_AGREEMENT,False,3,,,,
439e3955a6d13518e2ef,val,공예,T2 동의어,q_공예_03,공예품,문화·여가 중 '공예'를 판매·제공하는 매장,84b7643f-7c93-4aeb-81da-909eab7c2024,공방소소,공예품,전주한옥마을 골목형상점가,골목형상점가,전북특별자치도,3.0,3.0,,,RESOLVED_AGREEMENT,False,3,,,,
0a77e5dbe62ca08e6f9b,val,공예,T2 동의어,q_공예_03,공예품,문화·여가 중 '공예'를 판매·제공하는 매장,003d5df8-0856-45e0-a11e-5098cf70541e,앨리스리본&공방,"공방, 잡화",봉화내성시장,전통시장,경상북도,3.0,3.0,,,RESOLVED_AGREEMENT,False,3,,,,
d4a56428c1a7b549cb3c,val,공예,T2 동의어,q_공예_03,공예품,문화·여가 중 '공예'를 판매·제공하는 매장,05c601de-f626-410c-adee-b08537ab3042,버치크래프트 코리아,관광민예품 및 장식용품 관광기념품,강릉성남시장,전통시장,강원특별자치도,3.0,1.0,,,P1_BINARY_THRESHOLD,True,,,,,
86d75c816aa96ab265a3,val,공예,T2 동의어,q_공예_03,공예품,문화·여가 중 '공예'를 판매·제공하는 매장,55c32db2-9cb7-46ee-bc42-659be2831943,그리미지,공예품,전주교대 골목형상점가,골목형상점가,전북특별자치도,3.0,3.0,,,RESOLVED_AGREEMENT,False,3,,,,
6f4d40656d57edb0ef49,val,공예,T2 동의어,q_공예_03,공예품,문화·여가 중 '공예'를 판매·제공하는 매장,d9d96ddd-f30c-4b84-9648-8c3da32a839d,대한공예사,공예품,익산북부시장,전통시장,전북특별자치도,3.0,3.0,,,RESOLVED_AGREEMENT,False,3,,,,
77163f05969b075b6301,val,공예,T2 동의어,q_공예_03,공예품,문화·여가 중 '공예'를 판매·제공하는 매장,93a5ee0b-163e-4b5b-802b-05e616268b59,농업회사법인주식회사양념,"농산물, 수산물",순천역전시장상가,자율상권구역,전라남도,0.0,0.0,,,RESOLVED_AGREEMENT,False,0,,,,
d7e000087892e3d2674d,val,공예,T2 동의어,q_공예_03,공예품,문화·여가 중 '공예'를 판매·제공하는 매장,02a3b9f3-83e8-44d2-bc4b-4b2c25796b3d,서현 크래프트,수공예품,예술의거리 골목형상점가,골목형상점가,광주광역시,3.0,3.0,,,RESOLVED_AGREEMENT,False,3,,,,
1c7b7e47796df270296a,val,공예,T2 동의어,q_공예_03,공예품,문화·여가 중 '공예'를 판매·제공하는 매장,69992252-4d67-45f4-a029-f8c55e18760d,젬포스,공예품,남대문시장,전통시장,서울특별시,3.0,3.0,,,RESOLVED_AGREEMENT,False,3,,,,
cbe3c3c36426617840e1,val,공예,T2 동의어,q_공예_03,공예품,문화·여가 중 '공예'를 판매·제공하는 매장,f02fffeb-8d01-4cc0-836b-ef52cc0b22bd,토탈상사,공예품,오산오색시장(구 오산중앙시장),전통시장,경기도,3.0,3.0,,,RESOLVED_AGREEMENT,False,3,,,,
808beacf249e8c73c0a3,val,공예,T2 동의어,q_공예_03,공예품,문화·여가 중 '공예'를 판매·제공하는 매장,0a66a7fc-3a7b-4f93-b364-fc8b98b96d50,엄사스포츠,"스포츠용품, 기념품",엄사 골목형상점가,골목형상점가,충청남도,3.0,1.0,,,P1_BINARY_THRESHOLD,True,,,,,
61f5b6e26bdfd5d7876e,val,공예,T2 동의어,q_공예_03,공예품,문화·여가 중 '공예'를 판매·제공하는 매장,500fe3be-bb2b-4be8-b0b2-97ad64eddde0,두공,공예품,신정평화시장,전통시장,울산광역시,3.0,3.0,,,RESOLVED_AGREEMENT,False,3,,,,
be293b607fb08508a885,val,공예,T2 동의어,q_공예_03,공예품,문화·여가 중 '공예'를 판매·제공하는 매장,d5a4cf83-f672-40c2-a553-15dd1f422110,신기루상점,공예품,속초중앙전통시장,전통시장,강원특별자치도,3.0,3.0,,,RESOLVED_AGREEMENT,False,3,,,,
f780aee228c3434c2ed1,val,공예,T2 동의어,q_공예_03,공예품,문화·여가 중 '공예'를 판매·제공하는 매장,1224addb-6518-4f08-8235-6fd7c8d4fdab,예인공예,공예품,원주미로예술중앙시장(원주중앙시장),전통시장,강원특별자치도,3.0,3.0,,,RESOLVED_AGREEMENT,False,3,,,,
5d72bacb80eef426c584,val,공예,T2 동의어,q_공예_03,공예품,문화·여가 중 '공예'를 판매·제공하는 매장,cb809876-e7b4-4f26-ac3b-702b36dfcba8,아당,공예품 외,안동구시장,전통시장,경상북도,3.0,3.0,,,RESOLVED_AGREEMENT,False,3,,,,
ceb68076f9e101423200,val,공예,T2 동의어,q_공예_03,공예품,문화·여가 중 '공예'를 판매·제공하는 매장,71443d88-2852-4c5d-ace3-19d37c17716d,봄라탄,공예품,오케이 양산동 골목형상점가,골목형상점가,광주광역시,3.0,3.0,,,RESOLVED_AGREEMENT,False,3,,,,
3dba55eab6ef1d1b7f25,val,공예,T2 동의어,q_공예_03,공예품,문화·여가 중 '공예'를 판매·제공하는 매장,04baede5-1cb5-421b-ae51-c42ae1e347e0,베데레vedere,가죽제품,송정벚꽃골목형상점가,골목형상점가,서울특별시,1.0,0.0,,,P2_GRADED_ONLY,True,,,,,
3ea588f2ec0a06815fb3,val,공예,T2 동의어,q_공예_03,공예품,문화·여가 중 '공예'를 판매·제공하는 매장,328ce010-10a0-41c7-9d9a-1015ba14a913,"종합가구점 , 공예품","가구, 공예품",신천지시장,전통시장,부산광역시,3.0,3.0,,,RESOLVED_AGREEMENT,False,3,,,,
722d2129ca3d695327db,val,공예,T2 동의어,q_공예_03,공예품,문화·여가 중 '공예'를 판매·제공하는 매장,025b097b-3ecb-4738-ab0f-d71bc283e74d,반지점방,공예품 장신구,양림공예거리 골목형상점가,골목형상점가,광주광역시,3.0,3.0,,,RESOLVED_AGREEMENT,False,3,,,,
f74dcfb5775caf31a8b9,val,공예,T2 동의어,q_공예_03,공예품,문화·여가 중 '공예'를 판매·제공하는 매장,7ea81ea4-af06-4f31-b3d1-b5bfb7285d6b,전통공예,공예품,부산좌천동가구상가,자율상권구역,부산광역시,3.0,3.0,,,RESOLVED_AGREEMENT,False,3,,,,
2646b413473ab59f7821,val,공예,T2 동의어,q_공예_03,공예품,문화·여가 중 '공예'를 판매·제공하는 매장,8e216bc4-a0af-4c74-bebb-189b14a76e4d,엘로사,공예품,북촌계동길골목형상점가,골목형상점가,서울특별시,3.0,3.0,,,RESOLVED_AGREEMENT,False,3,,,,
2cfa843ecb6371785c18,val,공예,T2 동의어,q_공예_03,공예품,문화·여가 중 '공예'를 판매·제공하는 매장,016791a8-1d36-407c-be53-a8bf1f7d6f98,눈데이썬(NOONDAY SUN,예술공방공예품,천안역지하상가,일반지하상점가,충청남도,3.0,3.0,,,RESOLVED_AGREEMENT,False,3,,,,
bf9058cddc60dca3b119,val,공예,T2 동의어,q_공예_03,공예품,문화·여가 중 '공예'를 판매·제공하는 매장,e21f9154-a888-4cf3-9588-8df20d2bd86a,공방상회,공예품,달서시장,전통시장,대구광역시,3.0,3.0,,,RESOLVED_AGREEMENT,False,3,,,,
c99a5e25774c5bc0e8ec,val,공예,T2 동의어,q_공예_03,공예품,문화·여가 중 '공예'를 판매·제공하는 매장,4bfbc682-4df8-4caf-b10a-3a2041b2e6e5,소담공방,공예품,방림로 골목형상점가,골목형상점가,광주광역시,3.0,3.0,,,RESOLVED_AGREEMENT,False,3,,,,
8899ca06f25596620280,val,공예,T2 동의어,q_공예_03,공예품,문화·여가 중 '공예'를 판매·제공하는 매장,8efefff1-e838-42b8-9def-0abffdef78c6,자수향기,공예품,창원 성원그랜드쇼핑상가,전통시장,경상남도,3.0,3.0,,,RESOLVED_AGREEMENT,False,3,,,,
692b857ee36e70cc25b7,val,공예,T2 동의어,q_공예_03,공예품,문화·여가 중 '공예'를 판매·제공하는 매장,e937cabc-8e0d-4065-a386-3f7de6be6ebc,다솜공방,공예품,마산 부림시장,전통시장,경상남도,3.0,3.0,,,RESOLVED_AGREEMENT,False,3,,,,
e9236eed4e9985aaa98c,val,공예,T2 동의어,q_공예_03,공예품,문화·여가 중 '공예'를 판매·제공하는 매장,c9b2deaf-9477-4f7b-8340-5f5c2441161f,안.아르데코,공예품,마장축산물시장,전통시장,서울특별시,3.0,3.0,,,RESOLVED_AGREEMENT,False,3,,,,
bd55f07354480ef2b00b,val,공예,T2 동의어,q_공예_03,공예품,문화·여가 중 '공예'를 판매·제공하는 매장,33368765-ec71-43c4-9948-555eb9cda749,청라공예사,공예품,백년소상공인,기타,광주광역시,3.0,3.0,,,RESOLVED_AGREEMENT,False,3,,,,
c786f74460175ab14eb9,val,공예,T2 동의어,q_공예_03,공예품,문화·여가 중 '공예'를 판매·제공하는 매장,a4c2f145-e663-4f9f-9267-4f6b0e6b5a05,아진,공예품,역전지하상가,일반지하상점가,대전광역시,3.0,3.0,,,RESOLVED_AGREEMENT,False,3,,,,
6dbd7f67751a998afc32,val,공예,T2 동의어,q_공예_03,공예품,문화·여가 중 '공예'를 판매·제공하는 매장,649b6011-ddd4-438d-ba06-f5a36f301b31,까치네,공예품,동원전통종합시장,전통시장,서울특별시,3.0,3.0,,,RESOLVED_AGREEMENT,False,3,,,,
981d04d0c4ae16b46cc3,val,공예,T2 동의어,q_공예_03,공예품,문화·여가 중 '공예'를 판매·제공하는 매장,05d82934-32de-48f2-bbd0-038f8d09fe4f,시즈레더,가죽제품,신창 골목형상점가,골목형상점가,광주광역시,1.0,0.0,,,P2_GRADED_ONLY,True,,,,,
40d9aed38e56b7e98a52,val,공예,T2 동의어,q_공예_03,공예품,문화·여가 중 '공예'를 판매·제공하는 매장,0607a1be-785f-4ff8-a429-3cece4493cca,마마스핸즈 세종한솔공방,,한솔센터 골목형상점가,골목형상점가,세종특별자치시,3.0,3.0,,,RESOLVED_AGREEMENT,False,3,,,,
136b494df70509e345cd,val,공예,T2 동의어,q_공예_03,공예품,문화·여가 중 '공예'를 판매·제공하는 매장,5c88b4b3-594a-45ae-9985-8cfdeb21f981,청목공예,공예품,하동 화개장터,전통시장,경상남도,3.0,3.0,,,RESOLVED_AGREEMENT,False,3,,,,
07c6c528d38bf4fb59ae,val,공예,T2 동의어,q_공예_03,공예품,문화·여가 중 '공예'를 판매·제공하는 매장,8cecfa26-c1dc-4eb9-9f85-55f137518cf9,美미사,공예품,남대문시장,전통시장,서울특별시,3.0,3.0,,,RESOLVED_AGREEMENT,False,3,,,,
d093e4ceeaad6e4ad9ce,val,공예,T2 동의어,q_공예_03,공예품,문화·여가 중 '공예'를 판매·제공하는 매장,3eadc04f-19ee-45d1-b831-50f06e532d03,힐링뜨개,공예품,원주자유시장,전통시장,강원특별자치도,3.0,3.0,,,RESOLVED_AGREEMENT,False,3,,,,
9a2ec39ccbe9d0c0378d,val,공예,T2 동의어,q_공예_03,공예품,문화·여가 중 '공예'를 판매·제공하는 매장,4ca4b45d-e3cc-4adb-9ec2-d04fbde7a25a,에덴공방,공예품,충장로45가 상점가,자율상권구역,광주광역시,3.0,3.0,,,RESOLVED_AGREEMENT,False,3,,,,
f6c435029a588b9d9e43,val,공예,T2 동의어,q_공예_03,공예품,문화·여가 중 '공예'를 판매·제공하는 매장,43cecd98-f23d-45be-b189-c49208410fc0,공설꽃공예,공예품,충주자유시장,전통시장,충청북도,3.0,3.0,,,RESOLVED_AGREEMENT,False,3,,,,
663489ee8678a3b18a82,val,공예,T2 동의어,q_공예_03,공예품,문화·여가 중 '공예'를 판매·제공하는 매장,01a0bb9d-a1c3-427c-8c4b-2fb13171253a,우물옆그집,커피음료쿠키기념품,개항희망문화상권 상권활성화구역,상권활성화구역,인천광역시,3.0,1.0,,,P1_BINARY_THRESHOLD,True,,,,,
057300b3da4022714a47,val,공예,T2 동의어,q_공예_03,공예품,문화·여가 중 '공예'를 판매·제공하는 매장,de1730ff-5b42-42e9-9e22-3f509f3d7d7b,여수시 공예협회,공예품,여수진남상가,자율상권구역,전라남도,3.0,3.0,,,RESOLVED_AGREEMENT,False,3,,,,
314a67511c58087f0433,val,공예,T2 동의어,q_공예_03,공예품,문화·여가 중 '공예'를 판매·제공하는 매장,9c886121-7a10-491f-9483-eee016bfa51b,세라핸즈,공예품,마산 부림시장,전통시장,경상남도,3.0,3.0,,,RESOLVED_AGREEMENT,False,3,,,,
f0698f2c2fbeab1bd81e,val,공예,T2 동의어,q_공예_03,공예품,문화·여가 중 '공예'를 판매·제공하는 매장,aee9a773-efab-48ea-8340-eabf940a02af,끽다연,공예품,국수거리 골목형상점가,골목형상점가,전라남도,3.0,3.0,,,RESOLVED_AGREEMENT,False,3,,,,
7af825dd541d53cfc504,val,공예,T2 동의어,q_공예_03,공예품,문화·여가 중 '공예'를 판매·제공하는 매장,32764894-249b-45cc-b438-61317b4f96cc,미래공방,공예품,해남매일시장,전통시장,전라남도,3.0,3.0,,,RESOLVED_AGREEMENT,False,3,,,,
fb3b02bff4f18b67c312,val,공예,T2 동의어,q_공예_03,공예품,문화·여가 중 '공예'를 판매·제공하는 매장,c6e0aa1c-af94-4f54-9656-a6e12791403b,프레쉬푸드마켓,,송정청춘 골목형상점가,골목형상점가,울산광역시,,0.0,Y,,P0_UNCERTAIN_OR_MISSING,True,,,,,
a546d2493c244749a8b9,val,공예,T2 동의어,q_공예_03,공예품,문화·여가 중 '공예'를 판매·제공하는 매장,4b3c3f44-493e-4505-8762-fe5f9f8f3683,소년공방,공예품,"지웰시티몰 1,2단지 골목형상점가",골목형상점가,충청남도,3.0,3.0,,,RESOLVED_AGREEMENT,False,3,,,,
7841f718eec238cc676b,val,공예,T2 동의어,q_공예_03,공예품,문화·여가 중 '공예'를 판매·제공하는 매장,c4d543b0-21f2-4b88-b605-673a8bce2d9f,궁중매듭공예,공예품,제천중앙시장,전통시장,충청북도,3.0,3.0,,,RESOLVED_AGREEMENT,False,3,,,,
cbdc218bc43405d248be,val,공예,T2 동의어,q_공예_03,공예품,문화·여가 중 '공예'를 판매·제공하는 매장,ad90a05e-a44d-4ebd-9f09-2051bba420d8,한얼공방,공예품,종오지하쇼핑센터,일반지하상점가,서울특별시,3.0,3.0,,,RESOLVED_AGREEMENT,False,3,,,,
7dcc706c1555abbd40fb,val,공예,T2 동의어,q_공예_03,공예품,문화·여가 중 '공예'를 판매·제공하는 매장,8f5cd5b6-a43b-47e1-b566-c85201f7d1be,동양공예,공예품,동산상가,전통시장,대구광역시,3.0,3.0,,,RESOLVED_AGREEMENT,False,3,,,,
f8ad35ddd8dce13e0c8a,val,공예,T2 동의어,q_공예_03,공예품,문화·여가 중 '공예'를 판매·제공하는 매장,c5a81280-1330-488b-b403-ea057b0d8245,펠트돌,공예품,거제 한라프라자,전통시장,경상남도,3.0,3.0,,,RESOLVED_AGREEMENT,False,3,,,,
e35f287f3da2a2e5ef9e,val,공예,T2 동의어,q_공예_03,공예품,문화·여가 중 '공예'를 판매·제공하는 매장,1595bb71-38ba-4077-bffc-8fd2e340eae3,마루공예,공예품,고산미소시장(고산시장),전통시장,전북특별자치도,3.0,3.0,,,RESOLVED_AGREEMENT,False,3,,,,
c4cf4b3e2dc762c118b0,val,공예,T2 동의어,q_공예_03,공예품,문화·여가 중 '공예'를 판매·제공하는 매장,de45a295-3b75-43e8-9eaa-d393e45165e5,신광공예사,공예품,㈜여수중앙시장,전통시장,전라남도,3.0,3.0,,,RESOLVED_AGREEMENT,False,3,,,,
63159c68df847a4a43a4,val,공예,T2 동의어,q_공예_03,공예품,문화·여가 중 '공예'를 판매·제공하는 매장,00a8e75c-0d18-48db-9f9b-42f8ced936b8,미다리본,공예품,구미형곡시장프라자,전통시장,경상북도,3.0,3.0,,,RESOLVED_AGREEMENT,False,3,,,,
2936dbb400c4be896951,val,공예,T2 동의어,q_공예_03,공예품,문화·여가 중 '공예'를 판매·제공하는 매장,ba568810-133b-4a0f-8ed3-c250b8783a80,한지공예,공예품,1913송정역시장,전통시장,광주광역시,3.0,3.0,,,RESOLVED_AGREEMENT,False,3,,,,
437fac4182c4cde6f664,val,공예,T2 동의어,q_공예_03,공예품,문화·여가 중 '공예'를 판매·제공하는 매장,0a357b62-4c2e-456c-a5c3-e626d87f7939,플로체디자인랩(그린스미스),기념품 화분 인테리어소품 생화 분화,도란도란 골목형상점가,골목형상점가,전북특별자치도,3.0,1.0,,,P1_BINARY_THRESHOLD,True,,,,,
dcf533948b4b9a1c5c15,val,공예,T2 동의어,q_공예_03,공예품,문화·여가 중 '공예'를 판매·제공하는 매장,a1ce6457-f9f8-4dc1-bcbb-460284c771aa,예손공방,공예품,개항누리길 상점가,자율상권구역,인천광역시,3.0,3.0,,,RESOLVED_AGREEMENT,False,3,,,,
3c8fcb018a639c27cf78,val,공예,T2 동의어,q_공예_03,공예품,문화·여가 중 '공예'를 판매·제공하는 매장,0aae4585-5820-472c-a819-bfbb3faca317,감천문화마을 소행성 비612 기념품숍,"기념품, 공예품",감천문화마을 골목형상점가,골목형상점가,부산광역시,3.0,3.0,,,RESOLVED_AGREEMENT,False,3,,,,
441367fb1a4339b68f82,val,공예,T2 동의어,q_공예_03,공예품,문화·여가 중 '공예'를 판매·제공하는 매장,1d848bf2-e07e-4637-8e52-47f2a261e6cb,찍지,공예품,진주 중앙지하도상가,일반지하상점가,경상남도,3.0,3.0,,,RESOLVED_AGREEMENT,False,3,,,,
42e3cc0616e8fcad338f,val,공예,T2 동의어,q_공예_03,공예품,문화·여가 중 '공예'를 판매·제공하는 매장,86ef7bd2-af87-4692-bea3-4dbbb2d681bf,대신공예,공예품,길음시장,전통시장,서울특별시,3.0,3.0,,,RESOLVED_AGREEMENT,False,3,,,,
69bb32be30eae8295a11,val,공예,T2 동의어,q_공예_03,공예품,문화·여가 중 '공예'를 판매·제공하는 매장,54156edb-f90d-434e-8daf-e21eec8800e2,나래엘,공예품,용상공설시장,전통시장,경상북도,3.0,3.0,,,RESOLVED_AGREEMENT,False,3,,,,
617a0d2e91dee6ec4b1a,val,공예,T2 동의어,q_공예_03,공예품,문화·여가 중 '공예'를 판매·제공하는 매장,05572cf5-3f6c-448d-b7c1-2e5e305bd918,원더풀꽈배기,꽈배기,첨단아미 골목형상점가,골목형상점가,광주광역시,0.0,0.0,,,RESOLVED_AGREEMENT,False,0,,,,
edd592f858fa2a9d7305,val,공예,T2 동의어,q_공예_03,공예품,문화·여가 중 '공예'를 판매·제공하는 매장,07cda024-8aeb-44c2-b5e2-48a753b93afe,가죽공방 수미상관,가죽제품,첨단이웃사랑 골목형상점가,골목형상점가,광주광역시,2.0,3.0,,,P2_GRADED_ONLY,True,,,,,
c4a585233f08eb793ef9,val,공예,T2 동의어,q_공예_03,공예품,문화·여가 중 '공예'를 판매·제공하는 매장,054ef702-d6ce-48a0-9723-d897374aad46,단풍전통공예품,공예품,평택통복시장,전통시장,경기도,3.0,3.0,,,RESOLVED_AGREEMENT,False,3,,,,
09cc55e5b7df66622ca1,val,공예,T2 동의어,q_공예_03,공예품,문화·여가 중 '공예'를 판매·제공하는 매장,6daddfb3-7b05-46e9-93d9-4b30f829c4be,민속연마을,공예품,빛고을공예창작촌 골목형상점가,골목형상점가,광주광역시,3.0,3.0,,,RESOLVED_AGREEMENT,False,3,,,,
0bf304e30e2517e16dff,val,공예,T2 동의어,q_공예_03,공예품,문화·여가 중 '공예'를 판매·제공하는 매장,f8efc715-2f43-435a-ad3b-f6cd4430cffa,썸머비,공예품,진안시장(진안고원시장),전통시장,전북특별자치도,3.0,3.0,,,RESOLVED_AGREEMENT,False,3,,,,
983ad2ed51d66d4bb639,val,공예,T2 동의어,q_공예_03,공예품,문화·여가 중 '공예'를 판매·제공하는 매장,2d2f06a8-687c-4c84-a89a-cb957dd16fb1,대황지약국,의약품,태백마루 자율상권,,강원특별자치도,0.0,0.0,,,RESOLVED_AGREEMENT,False,0,,,,
4832f8fc80f1a769803d,val,공예,T2 동의어,q_공예_03,공예품,문화·여가 중 '공예'를 판매·제공하는 매장,80f12c88-b6ce-4a6f-a249-aa4935f2ac9b,서목아트,공예품,문화의거리 상점가,자율상권구역,울산광역시,3.0,3.0,,,RESOLVED_AGREEMENT,False,3,,,,
09ae2f845e9172f40221,val,공예,T2 동의어,q_공예_03,공예품,문화·여가 중 '공예'를 판매·제공하는 매장,30d1b656-c909-4af3-b368-431501f268b2,엠엔티,공예품,영신상가,전통시장,서울특별시,3.0,3.0,,,RESOLVED_AGREEMENT,False,3,,,,
8c527689f81d08bb6ce0,val,공예,T2 동의어,q_공예_03,공예품,문화·여가 중 '공예'를 판매·제공하는 매장,e79978ea-7246-4d6d-b2aa-0e5cc7385226,하비스쿨,공예품,동성타워프라자,전통시장,서울특별시,3.0,3.0,,,RESOLVED_AGREEMENT,False,3,,,,
8af52a6e492d169c894a,val,공예,T2 동의어,q_공예_03,공예품,문화·여가 중 '공예'를 판매·제공하는 매장,02a0c412-f0ae-4a4f-b716-75605cdcb533,"현대종합가구,해일공방",,장흥시장 골목형상점가,골목형상점가,,3.0,3.0,,,RESOLVED_AGREEMENT,False,3,,,,
d4b3ef0368ff46cd14ab,val,공예,T2 동의어,q_공예_03,공예품,문화·여가 중 '공예'를 판매·제공하는 매장,c6465008-8548-4cbf-abff-dd46658cffa4,마마바라기,일식,서귀포매일올레시장,전통시장,제주특별자치도,0.0,0.0,,,RESOLVED_AGREEMENT,False,0,,,,
ed86f5b38e190ef8d017,val,공예,T2 동의어,q_공예_03,공예품,문화·여가 중 '공예'를 판매·제공하는 매장,019d27d7-ed5d-4bc6-aee7-3162cf2c7d3e,탑키드,공예부자재,동대문문구완구거리,자율상권구역,서울특별시,3.0,3.0,,,RESOLVED_AGREEMENT,False,3,,,,
7deed9119e173ef9b3d5,val,공예,T2 동의어,q_공예_03,공예품,문화·여가 중 '공예'를 판매·제공하는 매장,2bc09e2c-88bf-4b02-8502-bbc6107ae4f5,요셉이네,한식,강화풍물시장,전통시장,인천광역시,0.0,0.0,,,RESOLVED_AGREEMENT,False,0,,,,
108c234f588d9a6f0c2f,val,공예,T2 동의어,q_공예_03,공예품,문화·여가 중 '공예'를 판매·제공하는 매장,fd8ed99f-f899-4a11-926f-ecc68acf202f,수레질,공예품,삼각동 골목형상점가,골목형상점가,광주광역시,3.0,3.0,,,RESOLVED_AGREEMENT,False,3,,,,
e60146a0607bbe9b59d8,val,공예,T2 동의어,q_공예_03,공예품,문화·여가 중 '공예'를 판매·제공하는 매장,85c818e2-79b8-4590-80c6-28eb47da0f69,영화아트,공예품,거제 한라프라자,전통시장,경상남도,3.0,3.0,,,RESOLVED_AGREEMENT,False,3,,,,
6b6fd546e074ded7fea8,val,공예,T2 동의어,q_공예_03,공예품,문화·여가 중 '공예'를 판매·제공하는 매장,04835808-77c7-4465-89b2-7033f3d66b88,홍 스트링 공방(홍 스포츠),,양산 물금백호마을 골목형상점가,골목형상점가,경상남도,3.0,3.0,,,RESOLVED_AGREEMENT,False,3,,,,
c52ea201afa5328ce320,val,공예,T2 동의어,q_공예_03,공예품,문화·여가 중 '공예'를 판매·제공하는 매장,3fd99196-1c99-4701-80f5-a6664554672c,더반짝,공예품,농성동벚꽃상인회 골목형상점가,골목형상점가,광주광역시,3.0,3.0,,,RESOLVED_AGREEMENT,False,3,,,,
deefd01b6497d7c47d83,val,공예,T2 동의어,q_공예_03,공예품,문화·여가 중 '공예'를 판매·제공하는 매장,22ea6f56-810d-462b-b4d6-7b325e6cd9cd,댄디라인,가죽제품,서부시장(서부재래시장),전통시장,충청남도,1.0,0.0,,,P2_GRADED_ONLY,True,,,,,
f442d0c5073aaef7ebb6,val,공예,T2 동의어,q_공예_04,기념품,문화·여가 중 '공예'를 판매·제공하는 매장,2f7ef796-3436-4a31-97d7-9c935f34f4fa,피플,"잡화, 기념품",누웨마루거리상점가,자율상권구역,제주특별자치도,3.0,3.0,,,RESOLVED_AGREEMENT,False,3,,,,
62282b50a3307740c424,val,공예,T2 동의어,q_공예_04,기념품,문화·여가 중 '공예'를 판매·제공하는 매장,e6258ebc-6749-4680-82bf-08fac2164fe2,찐찐 제주,기념품,제주중앙지하상가,일반지하상점가,제주특별자치도,3.0,3.0,,,RESOLVED_AGREEMENT,False,3,,,,
3a755a8a8f513de63756,val,공예,T2 동의어,q_공예_04,기념품,문화·여가 중 '공예'를 판매·제공하는 매장,28e2e925-af2a-4d69-b5c4-5cfe7a52f8b6,과랑과랑,기념품,서문공설시장,전통시장,제주특별자치도,3.0,3.0,,,RESOLVED_AGREEMENT,False,3,,,,
e949dcf17b0d8e48fd18,val,공예,T2 동의어,q_공예_04,기념품,문화·여가 중 '공예'를 판매·제공하는 매장,5beaf8eb-fd26-488e-85cb-016df209ebb8,묘한,기념품,동해중앙시장상권활성화구역,상권활성화구역,강원특별자치도,3.0,3.0,,,RESOLVED_AGREEMENT,False,3,,,,
67486afd8e1d3add46a4,val,공예,T2 동의어,q_공예_04,기념품,문화·여가 중 '공예'를 판매·제공하는 매장,6b13adc1-19b5-43e3-85a6-b3c121a87a8e,너나들이,기념품,경주중심상가,전통시장,경상북도,3.0,3.0,,,RESOLVED_AGREEMENT,False,3,,,,
44b82c6f7a6453c58148,val,공예,T2 동의어,q_공예_04,기념품,문화·여가 중 '공예'를 판매·제공하는 매장,0193006c-a04d-4bd7-8ce5-791c5497fe3a,드림크래프트,"액자제작, 공예재료",북동 골목형상점가,골목형상점가,광주광역시,2.0,3.0,,,P2_GRADED_ONLY,True,,,,,
fecdd2f9d99523b3fbe4,val,공예,T2 동의어,q_공예_04,기념품,문화·여가 중 '공예'를 판매·제공하는 매장,0aae4585-5820-472c-a819-bfbb3faca317,감천문화마을 소행성 비612 기념품숍,"기념품, 공예품",감천문화마을 골목형상점가,골목형상점가,부산광역시,3.0,3.0,,,RESOLVED_AGREEMENT,False,3,,,,
3ed591cd75897074049e,val,공예,T2 동의어,q_공예_04,기념품,문화·여가 중 '공예'를 판매·제공하는 매장,04835808-77c7-4465-89b2-7033f3d66b88,홍 스트링 공방(홍 스포츠),,양산 물금백호마을 골목형상점가,골목형상점가,경상남도,2.0,3.0,,,P2_GRADED_ONLY,True,,,,,
3df9488515a0c64cc3ff,val,공예,T2 동의어,q_공예_04,기념품,문화·여가 중 '공예'를 판매·제공하는 매장,b243c11e-6f7f-4be4-b404-16bdd0fa55d9,고래,기념품,동쪽바다중앙시장(구 동해중앙시장),전통시장,강원특별자치도,3.0,3.0,,,RESOLVED_AGREEMENT,False,3,,,,
5086e45719598844e6cb,val,공예,T2 동의어,q_공예_04,기념품,문화·여가 중 '공예'를 판매·제공하는 매장,02a0c412-f0ae-4a4f-b716-75605cdcb533,"현대종합가구,해일공방",,장흥시장 골목형상점가,골목형상점가,,2.0,3.0,,,P2_GRADED_ONLY,True,,,,,
08a6427408191b304622,val,공예,T2 동의어,q_공예_04,기념품,문화·여가 중 '공예'를 판매·제공하는 매장,588f3f4b-cbca-4b3a-93ac-9500c745c6a3,CAMP,여행용품 기념품 등,종각지하쇼핑센터,일반지하상점가,서울특별시,3.0,3.0,,,RESOLVED_AGREEMENT,False,3,,,,
85a6e906c339637f8b4b,val,공예,T2 동의어,q_공예_04,기념품,문화·여가 중 '공예'를 판매·제공하는 매장,03f3c2e2-de36-4c1f-a497-cbcc7dd014d0,크래프트 스튜디오 88,은 장신구 및 은 공예품,빛고을공예창작촌 골목형상점가,골목형상점가,광주광역시,2.0,3.0,,,P2_GRADED_ONLY,True,,,,,
29624ffec7ef7dbc7228,val,공예,T2 동의어,q_공예_04,기념품,문화·여가 중 '공예'를 판매·제공하는 매장,6ee80860-cd73-42fb-9b95-2d5f694f7443,베롱베롱,기념품,이중섭거리 명동로상가,골목형상점가,제주특별자치도,3.0,3.0,,,RESOLVED_AGREEMENT,False,3,,,,
a0990db7e30bdf92ab23,val,공예,T2 동의어,q_공예_04,기념품,문화·여가 중 '공예'를 판매·제공하는 매장,5935e64d-be63-46be-90e5-76d68a446e48,행운인테리어,인테리어,산천동 골목형상점가,골목형상점가,서울특별시,0.0,0.0,,,RESOLVED_AGREEMENT,False,0,,,,
059c9a0cf1023af5af5c,val,공예,T2 동의어,q_공예_04,기념품,문화·여가 중 '공예'를 판매·제공하는 매장,01a0bb9d-a1c3-427c-8c4b-2fb13171253a,우물옆그집,커피음료쿠키기념품,개항희망문화상권 상권활성화구역,상권활성화구역,인천광역시,3.0,3.0,,,RESOLVED_AGREEMENT,False,3,,,,
467f64428d94122f78e1,val,공예,T2 동의어,q_공예_04,기념품,문화·여가 중 '공예'를 판매·제공하는 매장,cd96af1b-6523-486d-bb2a-ef35d2d42bfe,오키하우스,기념품,삼청정독길골목형상점가,골목형상점가,서울특별시,3.0,3.0,,,RESOLVED_AGREEMENT,False,3,,,,
c3f47c58375542f257d8,val,공예,T2 동의어,q_공예_04,기념품,문화·여가 중 '공예'를 판매·제공하는 매장,9c024341-282e-4247-aa01-b8dfcb267be1,큐신라,기념품,제2경주중심상가시장(경주봉황중심상가시장),전통시장,경상북도,3.0,3.0,,,RESOLVED_AGREEMENT,False,3,,,,
b105a6ddae78dfac235f,val,공예,T2 동의어,q_공예_04,기념품,문화·여가 중 '공예'를 판매·제공하는 매장,f82f3eec-0989-40b2-870d-ad213b8506f0,파워몽,기념품,을지로지하보도쇼핑센터,일반지하상점가,서울특별시,3.0,3.0,,,RESOLVED_AGREEMENT,False,3,,,,
f318ad39719bde684c73,val,공예,T2 동의어,q_공예_04,기념품,문화·여가 중 '공예'를 판매·제공하는 매장,0607a1be-785f-4ff8-a429-3cece4493cca,마마스핸즈 세종한솔공방,,한솔센터 골목형상점가,골목형상점가,세종특별자치시,2.0,3.0,,,P2_GRADED_ONLY,True,,,,,
da04d6b1ddd612390608,val,공예,T2 동의어,q_공예_04,기념품,문화·여가 중 '공예'를 판매·제공하는 매장,0d2aa7b7-fa96-491f-9558-d1372b660ddf,소미네,"잡화, 기념품",감천문화시장,전통시장,부산광역시,3.0,3.0,,,RESOLVED_AGREEMENT,False,3,,,,
a1288e3a17393ccbb815,val,공예,T2 동의어,q_공예_04,기념품,문화·여가 중 '공예'를 판매·제공하는 매장,ca47beb3-148d-433f-bdc6-fb8dbf9232d3,소림마라홍천점,중식,신장대리 자율상권구역,,강원특별자치도,0.0,0.0,,,RESOLVED_AGREEMENT,False,0,,,,
6602a4efb2c12cfe3941,val,공예,T2 동의어,q_공예_04,기념품,문화·여가 중 '공예'를 판매·제공하는 매장,8ce66318-43ab-489b-abae-adb1ca1dc425,엠카잇,기념품,을지로지하보도쇼핑센터,일반지하상점가,서울특별시,3.0,3.0,,,RESOLVED_AGREEMENT,False,3,,,,
fc36f133890a113bde2c,val,공예,T2 동의어,q_공예_04,기념품,문화·여가 중 '공예'를 판매·제공하는 매장,329bfaf1-de34-4289-9d0d-369b5626a4d9,탄탄아리카페,커피 기념품 등,정선사북시장,전통시장,강원특별자치도,3.0,3.0,,,RESOLVED_AGREEMENT,False,3,,,,
589533242520deae8d92,val,공예,T2 동의어,q_공예_04,기념품,문화·여가 중 '공예'를 판매·제공하는 매장,44c53a36-a0c1-4fe0-aa82-553dbd0873a3,영신사,기념품,서면종합시장,전통시장,부산광역시,3.0,3.0,,,RESOLVED_AGREEMENT,False,3,,,,
7a7628acdbefe7c110fa,val,공예,T2 동의어,q_공예_04,기념품,문화·여가 중 '공예'를 판매·제공하는 매장,d1855287-7101-494c-9fa4-77cddf4e779b,한땀한땀,기념품,설악로데오거리상점가,자율상권구역,강원특별자치도,3.0,3.0,,,RESOLVED_AGREEMENT,False,3,,,,
2bd4fe12a12e9a846d47,val,공예,T2 동의어,q_공예_04,기념품,문화·여가 중 '공예'를 판매·제공하는 매장,21702bfc-e47b-47c4-aad1-74ed70ce9f40,섬이야기 올레,기념품,서귀포매일올레시장,전통시장,제주특별자치도,3.0,3.0,,,RESOLVED_AGREEMENT,False,3,,,,
2fbd97f606ddc54653dc,val,공예,T2 동의어,q_공예_04,기념품,문화·여가 중 '공예'를 판매·제공하는 매장,ccb2a9bf-d293-4e1d-8b7b-597508be55d9,으뜸축산,식육,청주육거리종합시장,전통시장,충청북도,0.0,0.0,,,RESOLVED_AGREEMENT,False,0,,,,
027d4eabde7769ce47f5,val,공예,T2 동의어,q_공예_04,기념품,문화·여가 중 '공예'를 판매·제공하는 매장,019d27d7-ed5d-4bc6-aee7-3162cf2c7d3e,탑키드,공예부자재,동대문문구완구거리,자율상권구역,서울특별시,2.0,3.0,,,P2_GRADED_ONLY,True,,,,,
af0354f90c7b143565f9,val,공예,T2 동의어,q_공예_04,기념품,문화·여가 중 '공예'를 판매·제공하는 매장,0870d6a1-14a2-477a-a20d-04a2d98adf7a,한민시장 떡갈비,떡갈비,한민시장,전통시장,대전광역시,0.0,0.0,,,RESOLVED_AGREEMENT,False,0,,,,
6f88c5e8d1454319e434,val,공예,T2 동의어,q_공예_04,기념품,문화·여가 중 '공예'를 판매·제공하는 매장,07cda024-8aeb-44c2-b5e2-48a753b93afe,가죽공방 수미상관,가죽제품,첨단이웃사랑 골목형상점가,골목형상점가,광주광역시,2.0,3.0,,,P2_GRADED_ONLY,True,,,,,
65a54c1fa1919d4a48f9,val,공예,T2 동의어,q_공예_04,기념품,문화·여가 중 '공예'를 판매·제공하는 매장,05c601de-f626-410c-adee-b08537ab3042,버치크래프트 코리아,관광민예품 및 장식용품 관광기념품,강릉성남시장,전통시장,강원특별자치도,3.0,3.0,,,RESOLVED_AGREEMENT,False,3,,,,
45aed369b06d3ef8221a,val,공예,T2 동의어,q_공예_04,기념품,문화·여가 중 '공예'를 판매·제공하는 매장,0c27bef5-d73b-40cb-af1a-a5733177336f,온마을,현수막 기념품,서구유통단지상인회 골목형상점가,골목형상점가,광주광역시,3.0,3.0,,,RESOLVED_AGREEMENT,False,3,,,,
b33064f3bb36c870e041,val,공예,T2 동의어,q_공예_04,기념품,문화·여가 중 '공예'를 판매·제공하는 매장,94882f2d-bd58-488e-8f1b-c759b8058ffb,감귤당,기념품,제주중앙지하상가,일반지하상점가,제주특별자치도,3.0,3.0,,,RESOLVED_AGREEMENT,False,3,,,,
b34bb25cba67476433cd,val,공예,T2 동의어,q_공예_04,기념품,문화·여가 중 '공예'를 판매·제공하는 매장,0a66a7fc-3a7b-4f93-b364-fc8b98b96d50,엄사스포츠,"스포츠용품, 기념품",엄사 골목형상점가,골목형상점가,충청남도,3.0,3.0,,,RESOLVED_AGREEMENT,False,3,,,,
5e86b4d94ec594281046,val,공예,T2 동의어,q_공예_04,기념품,문화·여가 중 '공예'를 판매·제공하는 매장,37676661-4388-4c08-ad9b-42fd5fcdd88a,흙,기념품,을지로지하보도쇼핑센터,일반지하상점가,서울특별시,3.0,3.0,,,RESOLVED_AGREEMENT,False,3,,,,
c2a7fa4278c1ce922241,val,공예,T2 동의어,q_공예_04,기념품,문화·여가 중 '공예'를 판매·제공하는 매장,5ce48861-946f-4649-b65b-a77deb946df9,포스트카페,기념품,감천문화마을 골목형상점가,골목형상점가,부산광역시,3.0,3.0,,,RESOLVED_AGREEMENT,False,3,,,,
104b7626589007faa7d3,val,공예,T2 동의어,q_공예_04,기념품,문화·여가 중 '공예'를 판매·제공하는 매장,381753cb-513b-413b-a777-de23b48741db,의선뷰티샵,서비스업(피부미용업),신안프라자전통시장,전통시장,경기도,0.0,0.0,,,RESOLVED_AGREEMENT,False,0,,,,
9ba1e24a364936b89b64,val,공예,T2 동의어,q_공예_04,기념품,문화·여가 중 '공예'를 판매·제공하는 매장,fa233398-1007-457d-a03d-d655dce5d31e,하늘마음치과의윈,치과의원,삼정로 골목형상점가,골목형상점가,광주광역시,0.0,0.0,,,RESOLVED_AGREEMENT,False,0,,,,
56b746c90b799b0d6ac8,val,공예,T2 동의어,q_공예_04,기념품,문화·여가 중 '공예'를 판매·제공하는 매장,016791a8-1d36-407c-be53-a8bf1f7d6f98,눈데이썬(NOONDAY SUN,예술공방공예품,천안역지하상가,일반지하상점가,충청남도,2.0,3.0,,,P2_GRADED_ONLY,True,,,,,
fa806b8c25e765e23356,val,공예,T2 동의어,q_공예_04,기념품,문화·여가 중 '공예'를 판매·제공하는 매장,c4977010-041c-4d1a-86bf-2b4b8cd6915e,리틀 걸,소품 및 기념품,칠성로상점가,자율상권구역,제주특별자치도,3.0,3.0,,,RESOLVED_AGREEMENT,False,3,,,,
38e07cd35edd2c08eb98,val,공예,T2 동의어,q_공예_04,기념품,문화·여가 중 '공예'를 판매·제공하는 매장,6f69d8d6-c582-4d09-9493-18ef998579e4,호호잡화점,기념품,양양로 골목형상점가,골목형상점가,강원특별자치도,3.0,3.0,,,RESOLVED_AGREEMENT,False,3,,,,
9ff596064eeb8202322f,val,공예,T2 동의어,q_공예_04,기념품,문화·여가 중 '공예'를 판매·제공하는 매장,0a357b62-4c2e-456c-a5c3-e626d87f7939,플로체디자인랩(그린스미스),기념품 화분 인테리어소품 생화 분화,도란도란 골목형상점가,골목형상점가,전북특별자치도,3.0,3.0,,,RESOLVED_AGREEMENT,False,3,,,,
7af224bc71548861e590,val,공예,T2 동의어,q_공예_04,기념품,문화·여가 중 '공예'를 판매·제공하는 매장,0e67b273-8545-4e2c-b72d-413cafdee0af,득일기념품,기념품,불국상가시장,전통시장,경상북도,3.0,3.0,,,RESOLVED_AGREEMENT,False,3,,,,
26b225af67665d68081a,val,공예,T2 동의어,q_공예_04,기념품,문화·여가 중 '공예'를 판매·제공하는 매장,a9ffac86-782b-418c-8432-9a8528549cab,속초와짜니,기념품,속초중앙전통시장,전통시장,강원특별자치도,3.0,3.0,,,RESOLVED_AGREEMENT,False,3,,,,
fba48af791974a531ff6,val,공예,T2 동의어,q_공예_04,기념품,문화·여가 중 '공예'를 판매·제공하는 매장,04baede5-1cb5-421b-ae51-c42ae1e347e0,베데레vedere,가죽제품,송정벚꽃골목형상점가,골목형상점가,서울특별시,1.0,0.0,,,P2_GRADED_ONLY,True,,,,,
0bed382e97b0b4937b5f,val,공예,T2 동의어,q_공예_04,기념품,문화·여가 중 '공예'를 판매·제공하는 매장,e9b7a106-3429-4515-9309-21c63e7339b7,다노,기념품,동문재래시장,전통시장,제주특별자치도,3.0,3.0,,,RESOLVED_AGREEMENT,False,3,,,,
805fd9bed53710450771,val,공예,T2 동의어,q_공예_04,기념품,문화·여가 중 '공예'를 판매·제공하는 매장,1bbb1e86-1b52-49ca-9ecc-ddfd93dadb0b,토탈아트디자인,기념품,범양골목형상점가,골목형상점가,인천광역시,3.0,3.0,,,RESOLVED_AGREEMENT,False,3,,,,
13df86e9309b7d30c3ff,val,공예,T2 동의어,q_공예_04,기념품,문화·여가 중 '공예'를 판매·제공하는 매장,71c6f3be-f165-4347-a129-31a15e4bfc16,감천문화마을 기념품숍,기념품,감천문화마을 골목형상점가,골목형상점가,부산광역시,3.0,3.0,,,RESOLVED_AGREEMENT,False,3,,,,
285421a6b6f41a557395,val,공예,T2 동의어,q_공예_04,기념품,문화·여가 중 '공예'를 판매·제공하는 매장,b6c62485-2617-483f-9666-35bde2de8a75,화개장터1번가,기념품,하동 화개장터,전통시장,경상남도,3.0,3.0,,,RESOLVED_AGREEMENT,False,3,,,,
944360b8ad0114fd0df9,val,공예,T2 동의어,q_공예_04,기념품,문화·여가 중 '공예'를 판매·제공하는 매장,11719ec4-14e4-4644-827e-358b90bb9ca9,라이크 어거스트,기념품,강릉성남시장,전통시장,강원특별자치도,3.0,3.0,,,RESOLVED_AGREEMENT,False,3,,,,
79166eb8b4422db3bd2b,val,공예,T2 동의어,q_공예_04,기념품,문화·여가 중 '공예'를 판매·제공하는 매장,3ac6df40-5ff3-4a87-9f95-97131491f24b,애경크리스탈&타올애,기념품,순천원도심상점가,자율상권구역,전라남도,3.0,3.0,,,RESOLVED_AGREEMENT,False,3,,,,
70d7ca81b1beb36b54f6,val,공예,T2 동의어,q_공예_04,기념품,문화·여가 중 '공예'를 판매·제공하는 매장,df227409-4913-479b-9307-54ab41722539,주식회사세원한우유통,축산물,마장축산물시장,전통시장,서울특별시,0.0,0.0,,,RESOLVED_AGREEMENT,False,0,,,,
8035731d5cd6810a69d3,val,공예,T2 동의어,q_공예_04,기념품,문화·여가 중 '공예'를 판매·제공하는 매장,025b097b-3ecb-4738-ab0f-d71bc283e74d,반지점방,공예품 장신구,양림공예거리 골목형상점가,골목형상점가,광주광역시,2.0,3.0,,,P2_GRADED_ONLY,True,,,,,
2c23fab8d53b4b9df2b5,val,공예,T2 동의어,q_공예_04,기념품,문화·여가 중 '공예'를 판매·제공하는 매장,0f5bf068-fe34-4ae2-9bdf-0f3692accde3,초의선사의다연재,기념품,플레이사계 지오단길 골목형상점가,골목형상점가,제주특별자치도,3.0,3.0,,,RESOLVED_AGREEMENT,False,3,,,,
52a8062cdceabf179d03,val,공예,T2 동의어,q_공예_04,기념품,문화·여가 중 '공예'를 판매·제공하는 매장,8f2f6e10-2263-4a49-84e9-329707844929,가는길에,기념품,동문재래시장,전통시장,제주특별자치도,3.0,3.0,,,RESOLVED_AGREEMENT,False,3,,,,
c4ca48e5d36a17159638,val,공예,T2 동의어,q_공예_04,기념품,문화·여가 중 '공예'를 판매·제공하는 매장,05d82934-32de-48f2-bbd0-038f8d09fe4f,시즈레더,가죽제품,신창 골목형상점가,골목형상점가,광주광역시,1.0,0.0,,,P2_GRADED_ONLY,True,,,,,
ac7faa45b6e0bd8d95e4,val,공예,T2 동의어,q_공예_04,기념품,문화·여가 중 '공예'를 판매·제공하는 매장,19ad7c14-7251-43be-a457-e4c1f7b94ec6,행운건강원,"건강식품가공, 판매",전의왕의물시장(전의전통시장),전통시장,세종특별자치시,0.0,0.0,,,RESOLVED_AGREEMENT,False,0,,,,
2f985f9925f98bc7dd70,val,공예,T2 동의어,q_공예_04,기념품,문화·여가 중 '공예'를 판매·제공하는 매장,52bd40d5-3d90-490f-a8a7-022a2c55fe6f,감천국갤러리,기념품,감천문화시장,전통시장,부산광역시,3.0,3.0,,,RESOLVED_AGREEMENT,False,3,,,,
e4b524aef7040e075eb3,val,공예,T2 동의어,q_공예_04,기념품,문화·여가 중 '공예'를 판매·제공하는 매장,98611bac-f747-4435-bb68-242c4a9c4602,삼양식육,식육,함평천지 골목형상점가,골목형상점가,전라남도,0.0,0.0,,,RESOLVED_AGREEMENT,False,0,,,,
50309b97e5fc0748d6b2,val,공예,T2 동의어,q_공예_04,기념품,문화·여가 중 '공예'를 판매·제공하는 매장,2e7554c2-ffe9-4a70-873c-e265e10398e3,섬물,기념품,동문재래시장,전통시장,제주특별자치도,3.0,3.0,,,RESOLVED_AGREEMENT,False,3,,,,
4f9c9045bc24cea16832,val,공예,T2 동의어,q_공예_04,기념품,문화·여가 중 '공예'를 판매·제공하는 매장,f187a8fc-fd94-46b1-9a26-95a7a12bd417,아꼬미,"기념품, 토산품",제주중앙지하상가,일반지하상점가,제주특별자치도,3.0,3.0,,,RESOLVED_AGREEMENT,False,3,,,,
b2dcbf032b8ef849025f,val,공예,T2 동의어,q_공예_04,기념품,문화·여가 중 '공예'를 판매·제공하는 매장,02a3b9f3-83e8-44d2-bc4b-4b2c25796b3d,서현 크래프트,수공예품,예술의거리 골목형상점가,골목형상점가,광주광역시,2.0,3.0,,,P2_GRADED_ONLY,True,,,,,
7e3f6f662d2bc5a18963,val,공예,T2 동의어,q_공예_04,기념품,문화·여가 중 '공예'를 판매·제공하는 매장,22ea6f56-810d-462b-b4d6-7b325e6cd9cd,댄디라인,가죽제품,서부시장(서부재래시장),전통시장,충청남도,1.0,0.0,,,P2_GRADED_ONLY,True,,,,,
060fe37539c7cfaa5ffb,val,공예,T2 동의어,q_공예_04,기념품,문화·여가 중 '공예'를 판매·제공하는 매장,e10bf8f6-39b5-4631-a253-f4079ee9c789,영우상회,"농산물, 기념품",말바우시장,전통시장,광주광역시,3.0,3.0,,,RESOLVED_AGREEMENT,False,3,,,,
855a1821b26d49d54b48,val,공예,T2 동의어,q_공예_04,기념품,문화·여가 중 '공예'를 판매·제공하는 매장,3b86a570-6c88-4357-9f59-f37f3abf1426,기념품가게,기념품,경주중심상가,전통시장,경상북도,3.0,3.0,,,RESOLVED_AGREEMENT,False,3,,,,
82dda67acdc50eb62705,val,공예,T2 동의어,q_공예_04,기념품,문화·여가 중 '공예'를 판매·제공하는 매장,2ab4b420-d975-4e0d-9749-c32b29d7906e,주식회사엔씨엔상사,기념품,동대문문구완구거리,자율상권구역,서울특별시,3.0,3.0,,,RESOLVED_AGREEMENT,False,3,,,,
73488bf104dbd4e76896,val,공예,T2 동의어,q_공예_04,기념품,문화·여가 중 '공예'를 판매·제공하는 매장,90c10e4f-c120-443c-8807-56078870c84e,우드톡,기념품,중앙로 지하상가 상점가,일반지하상점가,대전광역시,3.0,3.0,,,RESOLVED_AGREEMENT,False,3,,,,
5b945ae1a5354fe6eaae,val,공예,T2 동의어,q_공예_04,기념품,문화·여가 중 '공예'를 판매·제공하는 매장,5487ab4b-2ac6-4998-b756-e0174eba1727,대한국기사,기념품,진주 중앙상점가,자율상권구역,경상남도,3.0,3.0,,,RESOLVED_AGREEMENT,False,3,,,,
bb77f59699f6b03ed51a,val,공예,T2 동의어,q_공예_04,기념품,문화·여가 중 '공예'를 판매·제공하는 매장,00a8e75c-0d18-48db-9f9b-42f8ced936b8,미다리본,공예품,구미형곡시장프라자,전통시장,경상북도,2.0,3.0,,,P2_GRADED_ONLY,True,,,,,
02cd8eac0f05d55e92e8,val,공예,T2 동의어,q_공예_04,기념품,문화·여가 중 '공예'를 판매·제공하는 매장,ff338a69-424c-4d2d-802a-28330e67dd3a,살구스튜디오,기념품,부여도심 상권활성화구역,상권활성화구역,충청남도,3.0,3.0,,,RESOLVED_AGREEMENT,False,3,,,,
c57cee24ad024fc3f131,val,공예,T2 동의어,q_공예_04,기념품,문화·여가 중 '공예'를 판매·제공하는 매장,003d5df8-0856-45e0-a11e-5098cf70541e,앨리스리본&공방,"공방, 잡화",봉화내성시장,전통시장,경상북도,2.0,3.0,,,P2_GRADED_ONLY,True,,,,,
13e786ddffdc694939d0,val,공예,T2 동의어,q_공예_04,기념품,문화·여가 중 '공예'를 판매·제공하는 매장,1a23039e-217b-48a7-8bb2-5591dc6ec91c,(주)감천아울,기념품,감천문화시장,전통시장,부산광역시,3.0,3.0,,,RESOLVED_AGREEMENT,False,3,,,,
fb2d13a3444cefdb328b,val,공예,T2 동의어,q_공예_04,기념품,문화·여가 중 '공예'를 판매·제공하는 매장,26c94277-ab17-46a4-a82b-8f464fc2cfcc,삼화령,도자기 기념품,광복지하도상가,일반지하상점가,부산광역시,3.0,3.0,,,RESOLVED_AGREEMENT,False,3,,,,
51cdd3a40c63f2a1e681,val,공예,T2 동의어,q_공예_04,기념품,문화·여가 중 '공예'를 판매·제공하는 매장,72202010-9aa3-4e88-be04-9ecea049f1a4,국제선물,기념품,아리랑거리,전통시장,부산광역시,3.0,3.0,,,RESOLVED_AGREEMENT,False,3,,,,
6f004e568354c7861046,val,공예,T2 동의어,q_공예_04,기념품,문화·여가 중 '공예'를 판매·제공하는 매장,4d914bd5-7a3d-4450-875c-f56aac853293,오당봉갔져,기념품 및 잡화,서귀포매일올레시장,전통시장,제주특별자치도,3.0,3.0,,,RESOLVED_AGREEMENT,False,3,,,,
23481bd74d810c35c055,val,공예,T2 동의어,q_공예_04,기념품,문화·여가 중 '공예'를 판매·제공하는 매장,ec63f33a-1506-446a-ba71-3b2f52dd2dfa,bidam,기념품,쓰담길 골목형상점가,골목형상점가,전라남도,3.0,3.0,,,RESOLVED_AGREEMENT,False,3,,,,
a92f8cc45837ed55b709,val,공예,T4 구어·문장,q_공예_05,가죽 공방,문화·여가 중 '공예'를 판매·제공하는 매장,529555a2-9bce-4f6e-8181-318d2294ab09,진주공방,가죽제품,법원 앞 사과마을 골목형상점가,골목형상점가,광주광역시,3.0,3.0,,,RESOLVED_AGREEMENT,False,3,,,,
6075f24c65bbf6513de9,val,공예,T4 구어·문장,q_공예_05,가죽 공방,문화·여가 중 '공예'를 판매·제공하는 매장,4020fa87-ad11-428a-ad1c-fba521795c94,컴다운 가죽공방,가죽,운천상무시장 골목형상점가,골목형상점가,광주광역시,2.0,3.0,,,P2_GRADED_ONLY,True,,,,,
1dfe0abce8a9089e3c89,val,공예,T4 구어·문장,q_공예_05,가죽 공방,문화·여가 중 '공예'를 판매·제공하는 매장,016791a8-1d36-407c-be53-a8bf1f7d6f98,눈데이썬(NOONDAY SUN,예술공방공예품,천안역지하상가,일반지하상점가,충청남도,3.0,3.0,,,RESOLVED_AGREEMENT,False,3,,,,
c758317876e024b2d712,val,공예,T4 구어·문장,q_공예_05,가죽 공방,문화·여가 중 '공예'를 판매·제공하는 매장,92c31e2f-b7a6-499d-a271-1789e812b062,슬로울리,가죽공방,방천시장,전통시장,대구광역시,3.0,3.0,,,RESOLVED_AGREEMENT,False,3,,,,
aa220bdf0e46e79bf5ef,val,공예,T4 구어·문장,q_공예_05,가죽 공방,문화·여가 중 '공예'를 판매·제공하는 매장,33ce0080-45d5-4117-81dc-31457b4040c1,느루히,공방,김해 동상전통시장,전통시장,경상남도,3.0,3.0,,,RESOLVED_AGREEMENT,False,3,,,,
19e71c2eb8470c27e051,val,공예,T4 구어·문장,q_공예_05,가죽 공방,문화·여가 중 '공예'를 판매·제공하는 매장,07cda024-8aeb-44c2-b5e2-48a753b93afe,가죽공방 수미상관,가죽제품,첨단이웃사랑 골목형상점가,골목형상점가,광주광역시,3.0,3.0,,,RESOLVED_AGREEMENT,False,3,,,,
266efda510285d583f21,val,공예,T4 구어·문장,q_공예_05,가죽 공방,문화·여가 중 '공예'를 판매·제공하는 매장,c2ca7cf5-aff9-4715-a401-8c192c8d91f5,레이져공방 새김,공방,홍대소상공인 상점가,자율상권구역,서울특별시,3.0,3.0,,,RESOLVED_AGREEMENT,False,3,,,,
d4c83377e82af967e9fd,val,공예,T4 구어·문장,q_공예_05,가죽 공방,문화·여가 중 '공예'를 판매·제공하는 매장,4b8ea17c-be61-4a3a-accc-7ad637cf8a48,다온공방,공방,제민천 골목형상점가,골목형상점가,충청남도,3.0,3.0,,,RESOLVED_AGREEMENT,False,3,,,,
d3dee0641ea2a064e1c4,val,공예,T4 구어·문장,q_공예_05,가죽 공방,문화·여가 중 '공예'를 판매·제공하는 매장,4d86361d-47de-4414-b3ef-7a2a02d16bfd,단단,공방,증산종합시장,전통시장,서울특별시,3.0,3.0,,,RESOLVED_AGREEMENT,False,3,,,,
62bf74035de027556220,val,공예,T4 구어·문장,q_공예_05,가죽 공방,문화·여가 중 '공예'를 판매·제공하는 매장,f37eb3fe-da79-460b-b76f-305bc2efa74e,참새 술공방,공방,포수말 골목형상점가,골목형상점가,서울특별시,3.0,3.0,,,RESOLVED_AGREEMENT,False,3,,,,
1e9f1edae23f81ec0e6a,val,공예,T4 구어·문장,q_공예_05,가죽 공방,문화·여가 중 '공예'를 판매·제공하는 매장,e8177fe9-160f-4162-93c9-7b4c48fc9952,손수다,공방,염주먹자골목B구역상인회 골목형상점가,골목형상점가,광주광역시,3.0,3.0,,,RESOLVED_AGREEMENT,False,3,,,,
ba49e4f3ae4ddf711741,val,공예,T4 구어·문장,q_공예_05,가죽 공방,문화·여가 중 '공예'를 판매·제공하는 매장,05c601de-f626-410c-adee-b08537ab3042,버치크래프트 코리아,관광민예품 및 장식용품 관광기념품,강릉성남시장,전통시장,강원특별자치도,2.0,1.0,,,P1_BINARY_THRESHOLD,True,,,,,
49761d0e6c5bfff42925,val,공예,T4 구어·문장,q_공예_05,가죽 공방,문화·여가 중 '공예'를 판매·제공하는 매장,9476da6d-685f-4d5a-85e8-e9f2eba1dad8,자매공방,공방,유동 경열로 골목형상점가,골목형상점가,광주광역시,3.0,3.0,,,RESOLVED_AGREEMENT,False,3,,,,
2915034a38a707787538,val,공예,T4 구어·문장,q_공예_05,가죽 공방,문화·여가 중 '공예'를 판매·제공하는 매장,4a2b36c8-1d08-42c4-9dc5-961081c6bae7,포토엔젤,사진,동천동먹자골목1번가상인회 골목형상점가,골목형상점가,광주광역시,0.0,0.0,,,RESOLVED_AGREEMENT,False,0,,,,
096a4c01b7f0a764ceb4,val,공예,T4 구어·문장,q_공예_05,가죽 공방,문화·여가 중 '공예'를 판매·제공하는 매장,c8b1c647-85ce-4aa1-aeef-63f3ecd77ecc,놀이터가죽공방,가죽공방,효자촌 골목형상점가,골목형상점가,경기도,3.0,3.0,,,RESOLVED_AGREEMENT,False,3,,,,
19060aa724d3e281db1a,val,공예,T4 구어·문장,q_공예_05,가죽 공방,문화·여가 중 '공예'를 판매·제공하는 매장,20bf4105-7691-4fbe-847d-75b3ab18a857,휘스공방,가죽공예,빛가람 하나로 골목형상점가,골목형상점가,전라남도,3.0,3.0,,,RESOLVED_AGREEMENT,False,3,,,,
71a174757d50488234b7,val,공예,T4 구어·문장,q_공예_05,가죽 공방,문화·여가 중 '공예'를 판매·제공하는 매장,2c57d508-c6bc-4597-8d0c-644a1c69346b,수 가죽공방,가죽공방,스타프라자전통시장,전통시장,경기도,3.0,3.0,,,RESOLVED_AGREEMENT,False,3,,,,
37fbe5a2a927488969ef,val,공예,T4 구어·문장,q_공예_05,가죽 공방,문화·여가 중 '공예'를 판매·제공하는 매장,d4483f86-9eac-42df-a467-2a7f511ebd57,복공방,공방,군산공설시장,전통시장,전북특별자치도,3.0,3.0,,,RESOLVED_AGREEMENT,False,3,,,,
ba79b880e88ee09f25c8,val,공예,T4 구어·문장,q_공예_05,가죽 공방,문화·여가 중 '공예'를 판매·제공하는 매장,4c225c41-7ef0-4a48-981e-ee878a0ba5b4,손그림공방,공방,경산중앙로상점가,자율상권구역,경상북도,3.0,3.0,,,RESOLVED_AGREEMENT,False,3,,,,
e438a1dcb5119fbec4fc,val,공예,T4 구어·문장,q_공예_05,가죽 공방,문화·여가 중 '공예'를 판매·제공하는 매장,ffbbfcb5-36e4-415a-a91c-86f5effdbbac,꼼지락공방,공방,세아프라자상가(동두천세아상가시장),전통시장,경기도,3.0,3.0,,,RESOLVED_AGREEMENT,False,3,,,,
bbf6b94121fe25a6053b,val,공예,T4 구어·문장,q_공예_05,가죽 공방,문화·여가 중 '공예'를 판매·제공하는 매장,07bf0fd7-8b36-4177-b412-ff2f25f16a59,로뎀공방,공방,하양꿈바우시장,전통시장,경상북도,3.0,3.0,,,RESOLVED_AGREEMENT,False,3,,,,
b9c66573cca2b0fa8d2c,val,공예,T4 구어·문장,q_공예_05,가죽 공방,문화·여가 중 '공예'를 판매·제공하는 매장,e15594db-6d7d-49f8-a3b4-89872d84803d,레더하루,공방,삼각동 골목형상점가,골목형상점가,광주광역시,3.0,3.0,,,RESOLVED_AGREEMENT,False,3,,,,
b4da7fcc2b53c833d608,val,공예,T4 구어·문장,q_공예_05,가죽 공방,문화·여가 중 '공예'를 판매·제공하는 매장,e9e20731-33a0-4875-8349-74a6bf8ec5a5,도란도란공방,공방,동래시장,전통시장,부산광역시,3.0,3.0,,,RESOLVED_AGREEMENT,False,3,,,,
aa7b4469bfcaaa538192,val,공예,T4 구어·문장,q_공예_05,가죽 공방,문화·여가 중 '공예'를 판매·제공하는 매장,458af3ac-f69b-49e9-b127-03a1acc74b1a,꿈이음,공방,전주남부시장,전통시장,전북특별자치도,3.0,3.0,,,RESOLVED_AGREEMENT,False,3,,,,
2a9a75d5f9f446b0fb17,val,공예,T4 구어·문장,q_공예_05,가죽 공방,문화·여가 중 '공예'를 판매·제공하는 매장,025b097b-3ecb-4738-ab0f-d71bc283e74d,반지점방,공예품 장신구,양림공예거리 골목형상점가,골목형상점가,광주광역시,2.0,3.0,,,P2_GRADED_ONLY,True,,,,,
d6aa1e560c9e62e55ffa,val,공예,T4 구어·문장,q_공예_05,가죽 공방,문화·여가 중 '공예'를 판매·제공하는 매장,1b717a6f-2d38-40ea-8a68-85bc33f53dda,휴공방,공방,엄사 골목형상점가,골목형상점가,충청남도,3.0,3.0,,,RESOLVED_AGREEMENT,False,3,,,,
193b6b56c29ed60f4a13,val,공예,T4 구어·문장,q_공예_05,가죽 공방,문화·여가 중 '공예'를 판매·제공하는 매장,d11154f7-931e-4045-8b1e-9a174220cd98,"공방,으로",가방 및 가죽소품,수원역세권활성화구역,상권활성화구역,경기도,2.0,3.0,,,P2_GRADED_ONLY,True,,,,,
ff18aa5118fca5d96b3f,val,공예,T4 구어·문장,q_공예_05,가죽 공방,문화·여가 중 '공예'를 판매·제공하는 매장,825f3a22-0385-4ca5-bed2-58cf570346fd,두드림공방,공방,순천문화의거리 금꽃예술촌,자율상권구역,전라남도,3.0,3.0,,,RESOLVED_AGREEMENT,False,3,,,,
85d63dab5da764b51f04,val,공예,T4 구어·문장,q_공예_05,가죽 공방,문화·여가 중 '공예'를 판매·제공하는 매장,05d82934-32de-48f2-bbd0-038f8d09fe4f,시즈레더,가죽제품,신창 골목형상점가,골목형상점가,광주광역시,3.0,0.0,,,P1_BINARY_THRESHOLD,True,,,,,
028e91a71282b6849fc0,val,공예,T4 구어·문장,q_공예_05,가죽 공방,문화·여가 중 '공예'를 판매·제공하는 매장,49a01ef8-f5c2-4abb-843e-c4b6d0e9ddb8,가죽자파리,공방,서문공설시장,전통시장,제주특별자치도,3.0,3.0,,,RESOLVED_AGREEMENT,False,3,,,,
be32ab53acb0967ab1f3,val,공예,T4 구어·문장,q_공예_05,가죽 공방,문화·여가 중 '공예'를 판매·제공하는 매장,85ad9bc6-6386-47f1-a1d6-2dac98dc3444,진명서점,도서,신도안면 골목형상점가,골목형상점가,충청남도,0.0,0.0,,,RESOLVED_AGREEMENT,False,0,,,,
bac071de56fc078613ac,val,공예,T4 구어·문장,q_공예_05,가죽 공방,문화·여가 중 '공예'를 판매·제공하는 매장,92556999-b0fd-41e6-8e91-35c70feac78a,토몽,공방,예스파크 상점가,자율상권구역,경기도,3.0,3.0,,,RESOLVED_AGREEMENT,False,3,,,,
e2e314d95db325d38d45,val,공예,T4 구어·문장,q_공예_05,가죽 공방,문화·여가 중 '공예'를 판매·제공하는 매장,86f104b3-2c9e-432c-9d29-b712bf0bf956,라도가죽,가죽제품,광양5일시장,전통시장,전라남도,3.0,0.0,,,P1_BINARY_THRESHOLD,True,,,,,
0d0176ce741b1792c1a6,val,공예,T4 구어·문장,q_공예_05,가죽 공방,문화·여가 중 '공예'를 판매·제공하는 매장,779998ec-2426-4c82-b76b-b484c636ee24,탄생,가죽 및 가죽제품,중앙로 지하상가 상점가,일반지하상점가,대전광역시,3.0,0.0,,,P1_BINARY_THRESHOLD,True,,,,,
6f51af0e6f00fc31fbe4,val,공예,T4 구어·문장,q_공예_05,가죽 공방,문화·여가 중 '공예'를 판매·제공하는 매장,338b9d8a-623c-46bd-8dd6-3091b3a1f40e,한국예술공예회,공방,남대문로 지하도상가,일반지하상점가,서울특별시,3.0,3.0,,,RESOLVED_AGREEMENT,False,3,,,,
1f9c88dda84a79a4d7cd,val,공예,T4 구어·문장,q_공예_05,가죽 공방,문화·여가 중 '공예'를 판매·제공하는 매장,0aae4585-5820-472c-a819-bfbb3faca317,감천문화마을 소행성 비612 기념품숍,"기념품, 공예품",감천문화마을 골목형상점가,골목형상점가,부산광역시,2.0,3.0,,,P2_GRADED_ONLY,True,,,,,
62e838480c6ce8bed770,val,공예,T4 구어·문장,q_공예_05,가죽 공방,문화·여가 중 '공예'를 판매·제공하는 매장,47cdec5b-82b0-4460-9c8c-990a638d2985,두손이야,가죽,빛고을공예창작촌 골목형상점가,골목형상점가,광주광역시,3.0,0.0,,,P1_BINARY_THRESHOLD,True,,,,,
7ea3540ae59265677f88,val,공예,T4 구어·문장,q_공예_05,가죽 공방,문화·여가 중 '공예'를 판매·제공하는 매장,04835808-77c7-4465-89b2-7033f3d66b88,홍 스트링 공방(홍 스포츠),,양산 물금백호마을 골목형상점가,골목형상점가,경상남도,3.0,3.0,,,RESOLVED_AGREEMENT,False,3,,,,
4d4709111eca7b0f4b95,val,공예,T4 구어·문장,q_공예_05,가죽 공방,문화·여가 중 '공예'를 판매·제공하는 매장,69b973b7-23c8-4794-a734-8995aaad5597,메리공방,공방,월산상가 골목형 상점가,골목형상점가,충청남도,3.0,3.0,,,RESOLVED_AGREEMENT,False,3,,,,
badac71fec9394dc8648,val,공예,T4 구어·문장,q_공예_05,가죽 공방,문화·여가 중 '공예'를 판매·제공하는 매장,42c7e9cf-c27b-4355-8a1a-19094373437a,포인트벨트,가죽 제품,남대문시장,전통시장,서울특별시,3.0,0.0,,,P1_BINARY_THRESHOLD,True,,,,,
028043516f8557ed9c1a,val,공예,T4 구어·문장,q_공예_05,가죽 공방,문화·여가 중 '공예'를 판매·제공하는 매장,cd4fcdc6-2911-4a80-aff7-95e9211d8300,지우지누,가죽 제품,중흥동 풍경채 옆길 골목형상점가,골목형상점가,광주광역시,3.0,0.0,,,P1_BINARY_THRESHOLD,True,,,,,
18909aa06776a7e15479,val,공예,T4 구어·문장,q_공예_05,가죽 공방,문화·여가 중 '공예'를 판매·제공하는 매장,8be444db-7fc1-431c-a042-1042571ad38a,예인공방,공방,신창진흥 골목형상점가,골목형상점가,광주광역시,3.0,3.0,,,RESOLVED_AGREEMENT,False,3,,,,
83a5faaa533af731429b,val,공예,T4 구어·문장,q_공예_05,가죽 공방,문화·여가 중 '공예'를 판매·제공하는 매장,2ef021a3-7585-470a-b69d-06f40dc242b8,윌로우 가죽공방,가죽가방 가죽소품,대구수제화골목상점가,자율상권구역,대구광역시,2.0,3.0,,,P2_GRADED_ONLY,True,,,,,
3e90487a9e7f020ad4bb,val,공예,T4 구어·문장,q_공예_05,가죽 공방,문화·여가 중 '공예'를 판매·제공하는 매장,96c398f0-08a9-4f74-b892-908df5f7e8b3,꽃바늘,공방,구미형곡시장프라자,전통시장,경상북도,3.0,3.0,,,RESOLVED_AGREEMENT,False,3,,,,
54ed9a1b56c7b7f2ca06,val,공예,T4 구어·문장,q_공예_05,가죽 공방,문화·여가 중 '공예'를 판매·제공하는 매장,0a50433b-2064-40e2-b6fb-142055600dd5,스페이스제이,"가죽상품, 가죽공방",천안역지하상가,일반지하상점가,충청남도,3.0,3.0,,,RESOLVED_AGREEMENT,False,3,,,,
f4ac33f142570011912c,val,공예,T4 구어·문장,q_공예_05,가죽 공방,문화·여가 중 '공예'를 판매·제공하는 매장,647a22e6-0bdf-4dab-9e51-077e53965e2c,한올공방,공방,대왕암 월봉시장,전통시장,울산광역시,3.0,3.0,,,RESOLVED_AGREEMENT,False,3,,,,
b4c1cd48366351261cc5,val,공예,T4 구어·문장,q_공예_05,가죽 공방,문화·여가 중 '공예'를 판매·제공하는 매장,832359fe-9e75-4256-8a4a-d3063a9fcdca,꽃을 담은 공방(2),공방,김천 삼색이수상권,상권활성화구역,경상북도,3.0,3.0,,,RESOLVED_AGREEMENT,False,3,,,,
6ef06dddc4819a7a7d78,val,공예,T4 구어·문장,q_공예_05,가죽 공방,문화·여가 중 '공예'를 판매·제공하는 매장,1ca60dc0-38d0-49d7-8bdb-160b86a48635,로사,공방,중앙로상점가,자율상권구역,제주특별자치도,3.0,3.0,,,RESOLVED_AGREEMENT,False,3,,,,
e285457c1094d04226ac,val,공예,T4 구어·문장,q_공예_05,가죽 공방,문화·여가 중 '공예'를 판매·제공하는 매장,ff8b2b8a-d586-47fc-9edb-90a83ea6d54a,인스타일,가죽 의류,남대문시장,전통시장,서울특별시,3.0,0.0,,,P1_BINARY_THRESHOLD,True,,,,,
680a78e3d3d47ad41bc6,val,공예,T4 구어·문장,q_공예_05,가죽 공방,문화·여가 중 '공예'를 판매·제공하는 매장,01a0bb9d-a1c3-427c-8c4b-2fb13171253a,우물옆그집,커피음료쿠키기념품,개항희망문화상권 상권활성화구역,상권활성화구역,인천광역시,2.0,1.0,,,P1_BINARY_THRESHOLD,True,,,,,
abea52acf6ce4d77c270,val,공예,T4 구어·문장,q_공예_05,가죽 공방,문화·여가 중 '공예'를 판매·제공하는 매장,47914cb7-576d-4904-b530-7c8cd86a131c,오늘여기녹아들다,디저트카페,정읍새암로상점가,자율상권구역,전북특별자치도,0.0,0.0,,,RESOLVED_AGREEMENT,False,0,,,,
8191121bfc8524773aae,val,공예,T4 구어·문장,q_공예_05,가죽 공방,문화·여가 중 '공예'를 판매·제공하는 매장,0a357b62-4c2e-456c-a5c3-e626d87f7939,플로체디자인랩(그린스미스),기념품 화분 인테리어소품 생화 분화,도란도란 골목형상점가,골목형상점가,전북특별자치도,2.0,1.0,,,P1_BINARY_THRESHOLD,True,,,,,
793659a098cba87f809a,val,공예,T4 구어·문장,q_공예_05,가죽 공방,문화·여가 중 '공예'를 판매·제공하는 매장,22ea6f56-810d-462b-b4d6-7b325e6cd9cd,댄디라인,가죽제품,서부시장(서부재래시장),전통시장,충청남도,3.0,0.0,,,P1_BINARY_THRESHOLD,True,,,,,
e9b26c2cce016b359e90,val,공예,T4 구어·문장,q_공예_05,가죽 공방,문화·여가 중 '공예'를 판매·제공하는 매장,19ad7c14-7251-43be-a457-e4c1f7b94ec6,행운건강원,"건강식품가공, 판매",전의왕의물시장(전의전통시장),전통시장,세종특별자치시,0.0,0.0,,,RESOLVED_AGREEMENT,False,0,,,,
62ccd039432820fe4c13,val,공예,T4 구어·문장,q_공예_05,가죽 공방,문화·여가 중 '공예'를 판매·제공하는 매장,c884f137-815a-4b8a-b16b-07a3f1861fb2,요담엔,공방,오월첫동네 골목형상점가,골목형상점가,광주광역시,3.0,3.0,,,RESOLVED_AGREEMENT,False,3,,,,
286315bc05f432ddff85,val,공예,T4 구어·문장,q_공예_05,가죽 공방,문화·여가 중 '공예'를 판매·제공하는 매장,b266eea7-cce2-4b28-9bbd-2a5699ebea11,서현공방,공방,마산 부림시장,전통시장,경상남도,3.0,3.0,,,RESOLVED_AGREEMENT,False,3,,,,
62997aec0ab8b9defd88,val,공예,T4 구어·문장,q_공예_05,가죽 공방,문화·여가 중 '공예'를 판매·제공하는 매장,03f3c2e2-de36-4c1f-a497-cbcc7dd014d0,크래프트 스튜디오 88,은 장신구 및 은 공예품,빛고을공예창작촌 골목형상점가,골목형상점가,광주광역시,2.0,3.0,,,P2_GRADED_ONLY,True,,,,,
5c872fc2ee7bdba2b349,val,공예,T4 구어·문장,q_공예_05,가죽 공방,문화·여가 중 '공예'를 판매·제공하는 매장,0607a1be-785f-4ff8-a429-3cece4493cca,마마스핸즈 세종한솔공방,,한솔센터 골목형상점가,골목형상점가,세종특별자치시,3.0,3.0,,,RESOLVED_AGREEMENT,False,3,,,,
4721a38aecf886ef5c4c,val,공예,T4 구어·문장,q_공예_05,가죽 공방,문화·여가 중 '공예'를 판매·제공하는 매장,7ca52e26-4ca6-4ce1-894d-04388f314dee,파파식당,음식,LC타워거리 골목형상점가,골목형상점가,광주광역시,0.0,0.0,,,RESOLVED_AGREEMENT,False,0,,,,
7b6c4ce3571131569d3b,val,공예,T4 구어·문장,q_공예_05,가죽 공방,문화·여가 중 '공예'를 판매·제공하는 매장,5a5bebf1-2fc0-4165-ae11-f78d836c935a,본아트,공방,임방울거리3구역 골목형상점가,골목형상점가,광주광역시,3.0,3.0,,,RESOLVED_AGREEMENT,False,3,,,,
caa117fd5d529476375d,val,공예,T4 구어·문장,q_공예_05,가죽 공방,문화·여가 중 '공예'를 판매·제공하는 매장,1746aee5-7082-4a4e-b2d3-623c175efb77,고이비토 광주롯데점,가방 의류 신발,"금남로4,5가 골목형상점가",골목형상점가,광주광역시,0.0,0.0,,,RESOLVED_AGREEMENT,False,0,,,,
f91cc0945578430e8a05,val,공예,T4 구어·문장,q_공예_05,가죽 공방,문화·여가 중 '공예'를 판매·제공하는 매장,bd695bc3-0427-466d-8a75-ea240a0ae129,공방 다재,,용상공설시장,전통시장,경상북도,3.0,3.0,,,RESOLVED_AGREEMENT,False,3,,,,
2e203091f194e66f9994,val,공예,T4 구어·문장,q_공예_05,가죽 공방,문화·여가 중 '공예'를 판매·제공하는 매장,019d27d7-ed5d-4bc6-aee7-3162cf2c7d3e,탑키드,공예부자재,동대문문구완구거리,자율상권구역,서울특별시,2.0,3.0,,,P2_GRADED_ONLY,True,,,,,
bc1083ddc128154ae382,val,공예,T4 구어·문장,q_공예_05,가죽 공방,문화·여가 중 '공예'를 판매·제공하는 매장,0193006c-a04d-4bd7-8ce5-791c5497fe3a,드림크래프트,"액자제작, 공예재료",북동 골목형상점가,골목형상점가,광주광역시,2.0,3.0,,,P2_GRADED_ONLY,True,,,,,
a6ea127eea923fdcdedb,val,공예,T4 구어·문장,q_공예_05,가죽 공방,문화·여가 중 '공예'를 판매·제공하는 매장,f2626f6b-0f94-4261-9360-204420af6b90,여우비공방,"가죽가방, 가죽케이스",개항누리길 상점가,자율상권구역,인천광역시,2.0,3.0,,,P2_GRADED_ONLY,True,,,,,
1d49c021c99b22a4e02f,val,공예,T4 구어·문장,q_공예_05,가죽 공방,문화·여가 중 '공예'를 판매·제공하는 매장,02a3b9f3-83e8-44d2-bc4b-4b2c25796b3d,서현 크래프트,수공예품,예술의거리 골목형상점가,골목형상점가,광주광역시,2.0,3.0,,,P2_GRADED_ONLY,True,,,,,
38438fa67b1b7d7bc612,val,공예,T4 구어·문장,q_공예_05,가죽 공방,문화·여가 중 '공예'를 판매·제공하는 매장,b9c9d175-225d-4674-a073-31f42b1150e2,발효공방누룩담,공방,공항동먹자골목골목형상점가,골목형상점가,서울특별시,3.0,3.0,,,RESOLVED_AGREEMENT,False,3,,,,
2f8af2e65771ae3cf5e0,val,공예,T4 구어·문장,q_공예_05,가죽 공방,문화·여가 중 '공예'를 판매·제공하는 매장,f7824c2d-043b-430c-933a-50bd4df80f34,엘레강스창원 대현프리몰점,잡화,마산 (주)대현프리몰 지하도상점가,일반지하상점가,경상남도,1.0,0.0,,,P2_GRADED_ONLY,True,,,,,
1265dada6f502db46d59,val,공예,T4 구어·문장,q_공예_05,가죽 공방,문화·여가 중 '공예'를 판매·제공하는 매장,0a66a7fc-3a7b-4f93-b364-fc8b98b96d50,엄사스포츠,"스포츠용품, 기념품",엄사 골목형상점가,골목형상점가,충청남도,2.0,1.0,,,P1_BINARY_THRESHOLD,True,,,,,
7448759793707243c13e,val,공예,T4 구어·문장,q_공예_05,가죽 공방,문화·여가 중 '공예'를 판매·제공하는 매장,be4cf364-7380-4264-ab85-44e6250b281f,점프윙스풍암덤,체육시설,풍암초앞상인회 골목형상점가,골목형상점가,광주광역시,0.0,0.0,,,RESOLVED_AGREEMENT,False,0,,,,
5a295885b6deeebde2c0,val,공예,T4 구어·문장,q_공예_05,가죽 공방,문화·여가 중 '공예'를 판매·제공하는 매장,003d5df8-0856-45e0-a11e-5098cf70541e,앨리스리본&공방,"공방, 잡화",봉화내성시장,전통시장,경상북도,3.0,3.0,,,RESOLVED_AGREEMENT,False,3,,,,
fcb0b7e3f6e8e64cdc7f,val,공예,T4 구어·문장,q_공예_05,가죽 공방,문화·여가 중 '공예'를 판매·제공하는 매장,4d9fa5b9-72a7-4ceb-914c-a31d3c13e4a6,토박이무쇠가마솥닭강정,치킨,가경터미널시장,전통시장,충청북도,0.0,0.0,,,RESOLVED_AGREEMENT,False,0,,,,
aadb10a7ceb2c3a7e710,val,공예,T4 구어·문장,q_공예_05,가죽 공방,문화·여가 중 '공예'를 판매·제공하는 매장,6372ee34-2e04-4dbe-8296-47d72d17bcf6,니들웍스 가죽공방,가죽,예술의거리 골목형상점가,골목형상점가,광주광역시,2.0,3.0,,,P2_GRADED_ONLY,True,,,,,
500f7304fbb89354b614,val,공예,T4 구어·문장,q_공예_05,가죽 공방,문화·여가 중 '공예'를 판매·제공하는 매장,286ae918-a755-4196-b02d-6311c73d7e36,토토공방,도자기 공방,상무중앙로46구역상인회 골목형상점가,골목형상점가,광주광역시,3.0,3.0,,,RESOLVED_AGREEMENT,False,3,,,,
32480d8cd042c80bb402,val,공예,T4 구어·문장,q_공예_05,가죽 공방,문화·여가 중 '공예'를 판매·제공하는 매장,4a0d8a9a-83bd-4c83-b657-e49c221fba51,민승기공방,공방,예스파크 상점가,자율상권구역,경기도,3.0,3.0,,,RESOLVED_AGREEMENT,False,3,,,,
3a70aba1276ba93fabd4,val,공예,T4 구어·문장,q_공예_05,가죽 공방,문화·여가 중 '공예'를 판매·제공하는 매장,bb49b066-8411-403f-999c-c668fd69c932,대대토건,공방,중앙어울림시장(구 중앙공설시장),전통시장,충청북도,3.0,3.0,,,RESOLVED_AGREEMENT,False,3,,,,
714ae9af9080f93822af,val,공예,T4 구어·문장,q_공예_05,가죽 공방,문화·여가 중 '공예'를 판매·제공하는 매장,71ef1d40-7632-45fc-88f4-fe3945376936,소울엔공방,공방 공예품,단국대 앞 골목형상점가,골목형상점가,경기도,3.0,3.0,,,RESOLVED_AGREEMENT,False,3,,,,
6871633031fdff2235b6,val,공예,T4 구어·문장,q_공예_05,가죽 공방,문화·여가 중 '공예'를 판매·제공하는 매장,0e2fe574-d400-4022-a456-f3c2b55c061c,시원솜씨,공방,춘천지하상가,일반지하상점가,강원특별자치도,3.0,3.0,,,RESOLVED_AGREEMENT,False,3,,,,
61f74033b94f7a9f508e,val,공예,T4 구어·문장,q_공예_05,가죽 공방,문화·여가 중 '공예'를 판매·제공하는 매장,d431eed3-8c72-461f-8186-8a828400f091,소소(SOSO) 공방,공방,의정부제일시장,전통시장,경기도,3.0,3.0,,,RESOLVED_AGREEMENT,False,3,,,,
3caba7325cfaf76a48e5,val,공예,T4 구어·문장,q_공예_05,가죽 공방,문화·여가 중 '공예'를 판매·제공하는 매장,6f03c13c-bd2e-4ac2-85dc-d48802b7c9c6,해이데이 공방,공방,문화의거리 상점가,자율상권구역,울산광역시,3.0,3.0,,,RESOLVED_AGREEMENT,False,3,,,,
0bbf999cd083ebac277f,val,공예,T4 구어·문장,q_공예_05,가죽 공방,문화·여가 중 '공예'를 판매·제공하는 매장,235e79ae-ca84-482d-9cce-928a84ceca32,가죽살림,가죽공방,경주중심상가,전통시장,경상북도,3.0,3.0,,,RESOLVED_AGREEMENT,False,3,,,,
c0b899039781759bf4b5,val,공예,T4 구어·문장,q_공예_05,가죽 공방,문화·여가 중 '공예'를 판매·제공하는 매장,d090d493-7a09-449e-a0ca-1e9e19e0665e,유쾌한작업실,가죽,오정 어린이공원 골목형상점가,골목형상점가,광주광역시,3.0,0.0,,,P1_BINARY_THRESHOLD,True,,,,,
9a828658fe875d0ed8b0,val,공예,T4 구어·문장,q_공예_05,가죽 공방,문화·여가 중 '공예'를 판매·제공하는 매장,00a8e75c-0d18-48db-9f9b-42f8ced936b8,미다리본,공예품,구미형곡시장프라자,전통시장,경상북도,2.0,3.0,,,P2_GRADED_ONLY,True,,,,,
ef7cfa104665934c25a7,val,공예,T4 구어·문장,q_공예_05,가죽 공방,문화·여가 중 '공예'를 판매·제공하는 매장,02a0c412-f0ae-4a4f-b716-75605cdcb533,"현대종합가구,해일공방",,장흥시장 골목형상점가,골목형상점가,,3.0,3.0,,,RESOLVED_AGREEMENT,False,3,,,,
2908a397cdbb5c49b2cb,val,공예,T4 구어·문장,q_공예_05,가죽 공방,문화·여가 중 '공예'를 판매·제공하는 매장,dabd06a7-f4d2-44a4-b0ad-a4cae4431aa5,라라공방,공방,군산 원도심 골목형상점가,골목형상점가,전북특별자치도,3.0,3.0,,,RESOLVED_AGREEMENT,False,3,,,,
0752f4169422f532591b,val,공예,T4 구어·문장,q_공예_05,가죽 공방,문화·여가 중 '공예'를 판매·제공하는 매장,04baede5-1cb5-421b-ae51-c42ae1e347e0,베데레vedere,가죽제품,송정벚꽃골목형상점가,골목형상점가,서울특별시,3.0,0.0,,,P1_BINARY_THRESHOLD,True,,,,,
a4b6e9a5820e7944060c,val,공예,T6 기계변형,q_공예_06,공녜,문화·여가 중 '공예'를 판매·제공하는 매장,4e18ffda-9c51-4d39-b20e-74d8a9fd1683,공리주의,,나주읍성 골목형상점가,골목형상점가,,,0.0,Y,,P0_UNCERTAIN_OR_MISSING,True,,,,,
02e86382f0e2b99ac85f,val,공예,T6 기계변형,q_공예_06,공녜,문화·여가 중 '공예'를 판매·제공하는 매장,042f49ec-6fb9-4278-afdd-941eb811d671,공밀,떡류,바람골골목형상점가,골목형상점가,충청북도,0.0,0.0,,,RESOLVED_AGREEMENT,False,0,,,,
524b394fc025f4eccc91,val,공예,T6 기계변형,q_공예_06,공녜,문화·여가 중 '공예'를 판매·제공하는 매장,39fbd192-3aed-493c-97f9-76b349f95004,충남식품,즉석두부 제조업,신기시장,전통시장,인천광역시,0.0,0.0,,,RESOLVED_AGREEMENT,False,0,,,,
fb5cb0eccebcd86d759b,val,공예,T6 기계변형,q_공예_06,공녜,문화·여가 중 '공예'를 판매·제공하는 매장,f4e50aee-b248-4527-9232-6c632ce06d88,공감헤어,,유성도안 골목형상점가,골목형상점가,대전광역시,0.0,0.0,,,RESOLVED_AGREEMENT,False,0,,,,
334f4cd162ba0572b75b,val,공예,T6 기계변형,q_공예_06,공녜,문화·여가 중 '공예'를 판매·제공하는 매장,de1730ff-5b42-42e9-9e22-3f509f3d7d7b,여수시 공예협회,공예품,여수진남상가,자율상권구역,전라남도,3.0,3.0,,,RESOLVED_AGREEMENT,False,3,,,,
427a25998886ff4537a2,val,공예,T6 기계변형,q_공예_06,공녜,문화·여가 중 '공예'를 판매·제공하는 매장,e9c78a46-2454-46bc-b86a-b04deaf17748,발자국카페,커피등,고산구시장 상점가,자율상권구역,전북특별자치도,0.0,0.0,,,RESOLVED_AGREEMENT,False,0,,,,
97bfa94e7a225fa4d9fc,val,공예,T6 기계변형,q_공예_06,공녜,문화·여가 중 '공예'를 판매·제공하는 매장,05c601de-f626-410c-adee-b08537ab3042,버치크래프트 코리아,관광민예품 및 장식용품 관광기념품,강릉성남시장,전통시장,강원특별자치도,3.0,1.0,,,P1_BINARY_THRESHOLD,True,,,,,
0dca2fc408704500ce3e,val,공예,T6 기계변형,q_공예_06,공녜,문화·여가 중 '공예'를 판매·제공하는 매장,84b7643f-7c93-4aeb-81da-909eab7c2024,공방소소,공예품,전주한옥마을 골목형상점가,골목형상점가,전북특별자치도,3.0,3.0,,,RESOLVED_AGREEMENT,False,3,,,,
d0ad0118301acbafc57a,val,공예,T6 기계변형,q_공예_06,공녜,문화·여가 중 '공예'를 판매·제공하는 매장,c2eb0f5a-2c8a-4642-aa07-b7790f35b62d,공씨공방,,창원 성원그랜드쇼핑상가,전통시장,경상남도,3.0,3.0,,,RESOLVED_AGREEMENT,False,3,,,,
5fed544db0d1122b1734,val,공예,T6 기계변형,q_공예_06,공녜,문화·여가 중 '공예'를 판매·제공하는 매장,196b138e-f061-45f6-9cb0-1f1b128b7027,공영상회,,팔달신시장,전통시장,대구광역시,0.0,0.0,,,RESOLVED_AGREEMENT,False,0,,,,
c48dcf1c73a8cb982a4c,val,공예,T6 기계변형,q_공예_06,공녜,문화·여가 중 '공예'를 판매·제공하는 매장,9a9515ca-5553-41af-90ee-1c4bd428ccf4,청월호야,공방 및 공예품,가락타운상가시장,전통시장,부산광역시,3.0,3.0,,,RESOLVED_AGREEMENT,False,3,,,,
4fb5430904041b8b05c1,val,공예,T6 기계변형,q_공예_06,공녜,문화·여가 중 '공예'를 판매·제공하는 매장,025b097b-3ecb-4738-ab0f-d71bc283e74d,반지점방,공예품 장신구,양림공예거리 골목형상점가,골목형상점가,광주광역시,3.0,3.0,,,RESOLVED_AGREEMENT,False,3,,,,
d65eef21ec39850cc24e,val,공예,T6 기계변형,q_공예_06,공녜,문화·여가 중 '공예'를 판매·제공하는 매장,6a300ecf-780e-42a6-b847-ff643a1ff3c8,공방예빛,의류,종오지하쇼핑센터,일반지하상점가,서울특별시,2.0,3.0,,,P2_GRADED_ONLY,True,,,,,
04fb709af6cf657d5aba,val,공예,T6 기계변형,q_공예_06,공녜,문화·여가 중 '공예'를 판매·제공하는 매장,0aae4585-5820-472c-a819-bfbb3faca317,감천문화마을 소행성 비612 기념품숍,"기념품, 공예품",감천문화마을 골목형상점가,골목형상점가,부산광역시,3.0,3.0,,,RESOLVED_AGREEMENT,False,3,,,,
66de2aa96d1186fe2c21,val,공예,T6 기계변형,q_공예_06,공녜,문화·여가 중 '공예'를 판매·제공하는 매장,6bea6bc5-0451-410d-b318-e6a3c0df6f4c,공병상회,,원주자유시장,전통시장,강원특별자치도,0.0,0.0,,,RESOLVED_AGREEMENT,False,0,,,,
24b1b88431b1df5557ab,val,공예,T6 기계변형,q_공예_06,공녜,문화·여가 중 '공예'를 판매·제공하는 매장,003d5df8-0856-45e0-a11e-5098cf70541e,앨리스리본&공방,"공방, 잡화",봉화내성시장,전통시장,경상북도,3.0,3.0,,,RESOLVED_AGREEMENT,False,3,,,,
e9c71e326276fe395bec,val,공예,T6 기계변형,q_공예_06,공녜,문화·여가 중 '공예'를 판매·제공하는 매장,4342b611-a06b-49ba-a1d6-67c3cb3907b6,공석어물,생선,울진시장(울진바지게시장),전통시장,경상북도,0.0,0.0,,,RESOLVED_AGREEMENT,False,0,,,,
7834fe0da608c2cc035f,val,공예,T6 기계변형,q_공예_06,공녜,문화·여가 중 '공예'를 판매·제공하는 매장,2e445a15-d008-42f3-9285-7568927c1c3e,공블리,잡화,동산상가,전통시장,대구광역시,1.0,0.0,,,P2_GRADED_ONLY,True,,,,,
84acbebedff32858d284,val,공예,T6 기계변형,q_공예_06,공녜,문화·여가 중 '공예'를 판매·제공하는 매장,641ec8fc-3631-431d-92c0-716cf46582f3,공주식당,,금오산상가,골목형상점가,경상북도,,0.0,Y,,P0_UNCERTAIN_OR_MISSING,True,,,,,
dd6533e268f3a4fa6b74,val,공예,T6 기계변형,q_공예_06,공녜,문화·여가 중 '공예'를 판매·제공하는 매장,00a8e75c-0d18-48db-9f9b-42f8ced936b8,미다리본,공예품,구미형곡시장프라자,전통시장,경상북도,3.0,3.0,,,RESOLVED_AGREEMENT,False,3,,,,
6cf1f3db0c22741d2a19,val,공예,T6 기계변형,q_공예_06,공녜,문화·여가 중 '공예'를 판매·제공하는 매장,189313b8-6797-4fb4-83dd-2d89f6419c16,공간,,빛가람 로데오 골목형상점가,골목형상점가,,,0.0,Y,,P0_UNCERTAIN_OR_MISSING,True,,,,,
8187d4a3fa6dfac4152f,val,공예,T6 기계변형,q_공예_06,공녜,문화·여가 중 '공예'를 판매·제공하는 매장,506810c8-be9e-446d-b4d0-fc9aa3aa2606,공룡신발,,승달 골목형상점가,골목형상점가,,0.0,0.0,,,RESOLVED_AGREEMENT,False,0,,,,
c73ab1277831cfd30968,val,공예,T6 기계변형,q_공예_06,공녜,문화·여가 중 '공예'를 판매·제공하는 매장,832359fe-9e75-4256-8a4a-d3063a9fcdca,꽃을 담은 공방(2),공방,김천 삼색이수상권,상권활성화구역,경상북도,3.0,3.0,,,RESOLVED_AGREEMENT,False,3,,,,
d309ff0c948b6bf35548,val,공예,T6 기계변형,q_공예_06,공녜,문화·여가 중 '공예'를 판매·제공하는 매장,5e924461-f970-4bc0-8dda-b512a9bb67e8,공간커피,카페,서울약령시장,전통시장,서울특별시,0.0,0.0,,,RESOLVED_AGREEMENT,False,0,,,,
7abb937dea5c7f4098e5,val,공예,T6 기계변형,q_공예_06,공녜,문화·여가 중 '공예'를 판매·제공하는 매장,3c7cf5e2-3c8d-4848-b429-3eda10878ebd,공자네,의류,안동구시장,전통시장,경상북도,0.0,0.0,,,RESOLVED_AGREEMENT,False,0,,,,
a2115119480df3224d03,val,공예,T6 기계변형,q_공예_06,공녜,문화·여가 중 '공예'를 판매·제공하는 매장,5eb6149a-3688-4d97-983b-392a434e8307,공간봄,,도안우미 골목형상점가,골목형상점가,대전광역시,,0.0,Y,,P0_UNCERTAIN_OR_MISSING,True,,,,,
dd10daf1aa4bd4963e67,val,공예,T6 기계변형,q_공예_06,공녜,문화·여가 중 '공예'를 판매·제공하는 매장,7bed78f5-f544-4865-8d9f-47410ede8315,공작패션,의류,부산진시장,전통시장,부산광역시,0.0,0.0,,,RESOLVED_AGREEMENT,False,0,,,,
b9ebe096305168d032c8,val,공예,T6 기계변형,q_공예_06,공녜,문화·여가 중 '공예'를 판매·제공하는 매장,c6ef0aca-d5be-4c29-a74f-0888d01881fd,공미,한식,산업용재관,전통시장,대구광역시,0.0,0.0,,,RESOLVED_AGREEMENT,False,0,,,,
b78ff3b7ac00e23f1ab0,val,공예,T6 기계변형,q_공예_06,공녜,문화·여가 중 '공예'를 판매·제공하는 매장,0b20bc64-fbfa-4e46-9963-166d496a34a1,공주당,,청라언덕 골목형상점가,골목형상점가,대구광역시,,0.0,Y,,P0_UNCERTAIN_OR_MISSING,True,,,,,
af1e66763f01e18c766c,val,공예,T6 기계변형,q_공예_06,공녜,문화·여가 중 '공예'를 판매·제공하는 매장,02a3b9f3-83e8-44d2-bc4b-4b2c25796b3d,서현 크래프트,수공예품,예술의거리 골목형상점가,골목형상점가,광주광역시,3.0,3.0,,,RESOLVED_AGREEMENT,False,3,,,,
0d65ffd75ea52290c85c,val,공예,T6 기계변형,q_공예_06,공녜,문화·여가 중 '공예'를 판매·제공하는 매장,60867575-86f7-4a01-bcae-7a6d17ce529a,공명상회,의류,경주성동공설시장,전통시장,경상북도,0.0,0.0,,,RESOLVED_AGREEMENT,False,0,,,,
c244b349f007eee07bf9,val,공예,T6 기계변형,q_공예_06,공녜,문화·여가 중 '공예'를 판매·제공하는 매장,eb2bc825-cc92-4823-9ed9-dc46ba62b032,공다정,음식,범어식주가무명인골목 골목형상점가,골목형상점가,대구광역시,0.0,0.0,,,RESOLVED_AGREEMENT,False,0,,,,
fb1445befa2caf0006e4,val,공예,T6 기계변형,q_공예_06,공녜,문화·여가 중 '공예'를 판매·제공하는 매장,a110f586-840e-41c9-a0eb-39f12dd83da7,공블리,의류,창원 성원그랜드쇼핑상가,전통시장,경상남도,0.0,0.0,,,RESOLVED_AGREEMENT,False,0,,,,
a19e24d77eb034fb551d,val,공예,T6 기계변형,q_공예_06,공녜,문화·여가 중 '공예'를 판매·제공하는 매장,01a0bb9d-a1c3-427c-8c4b-2fb13171253a,우물옆그집,커피음료쿠키기념품,개항희망문화상권 상권활성화구역,상권활성화구역,인천광역시,3.0,1.0,,,P1_BINARY_THRESHOLD,True,,,,,
94bfc78ab771674e024c,val,공예,T6 기계변형,q_공예_06,공녜,문화·여가 중 '공예'를 판매·제공하는 매장,38102f2b-88ac-4171-82ff-61277f7ef50d,공다방,커피,공산성골목형상점가,골목형상점가,충청남도,0.0,0.0,,,RESOLVED_AGREEMENT,False,0,,,,
9fea5f50ce804064995a,val,공예,T6 기계변형,q_공예_06,공녜,문화·여가 중 '공예'를 판매·제공하는 매장,14fde275-edc6-40f2-8cdf-691b7079d968,공항맛집,,톱머리 골목형상점가,골목형상점가,전라남도,,0.0,Y,,P0_UNCERTAIN_OR_MISSING,True,,,,,
d455ff7442494def3e1c,val,공예,T6 기계변형,q_공예_06,공녜,문화·여가 중 '공예'를 판매·제공하는 매장,beacf2c2-9a40-4e20-a7d4-6804a3b60a22,환&환 공예스쿨,공예,문화의거리 상점가,자율상권구역,울산광역시,3.0,3.0,,,RESOLVED_AGREEMENT,False,3,,,,
58281de5a2e6a24aeced,val,공예,T6 기계변형,q_공예_06,공녜,문화·여가 중 '공예'를 판매·제공하는 매장,7832eb80-3c06-4fb8-ba1d-36fff8030a8e,공감헤어,,"서현레이디파크, 굿모닝 상점가",골목형상점가,경기도,0.0,0.0,,,RESOLVED_AGREEMENT,False,0,,,,
574e6420102280280b85,val,공예,T6 기계변형,q_공예_06,공녜,문화·여가 중 '공예'를 판매·제공하는 매장,078ab1aa-7e8f-4e02-8438-52d71691c5b9,공단횟집,한식,창원 토월복합상가시장,전통시장,경상남도,0.0,0.0,,,RESOLVED_AGREEMENT,False,0,,,,
eaa0a7e20c9d6a06d4ab,val,공예,T6 기계변형,q_공예_06,공녜,문화·여가 중 '공예'를 판매·제공하는 매장,0193006c-a04d-4bd7-8ce5-791c5497fe3a,드림크래프트,"액자제작, 공예재료",북동 골목형상점가,골목형상점가,광주광역시,3.0,3.0,,,RESOLVED_AGREEMENT,False,3,,,,
b3253852893f6ae33250,val,공예,T6 기계변형,q_공예_06,공녜,문화·여가 중 '공예'를 판매·제공하는 매장,e4591f45-37f5-450a-8079-cc13b5d9fdf0,공덕불교사,공예품,제천중앙시장,전통시장,충청북도,3.0,3.0,,,RESOLVED_AGREEMENT,False,3,,,,
c832b341f46a12dd2534,val,공예,T6 기계변형,q_공예_06,공녜,문화·여가 중 '공예'를 판매·제공하는 매장,44ad5455-11ba-475c-9e27-fab8e5850d27,아름다운 공예사랑,공예품,임방울거리3구역 골목형상점가,골목형상점가,광주광역시,3.0,3.0,,,RESOLVED_AGREEMENT,False,3,,,,
276532ae53c91fce039c,val,공예,T6 기계변형,q_공예_06,공녜,문화·여가 중 '공예'를 판매·제공하는 매장,91d33062-dace-464f-8aaa-ab755cab25ec,희아트공방 (공예방),공예품,마산 창동통합상가,전통시장,경상남도,3.0,3.0,,,RESOLVED_AGREEMENT,False,3,,,,
0c4a45ede73c1d3c5770,val,공예,T6 기계변형,q_공예_06,공녜,문화·여가 중 '공예'를 판매·제공하는 매장,bd695bc3-0427-466d-8a75-ea240a0ae129,공방 다재,,용상공설시장,전통시장,경상북도,3.0,3.0,,,RESOLVED_AGREEMENT,False,3,,,,
0cf1ded0a968e5ccccfb,val,공예,T6 기계변형,q_공예_06,공녜,문화·여가 중 '공예'를 판매·제공하는 매장,d7ef267f-784f-4d8c-b7a2-74fd97a217d9,맹그는공예공방,"공방, 공예",화서시장,전통시장,경기도,3.0,3.0,,,RESOLVED_AGREEMENT,False,3,,,,
181c67e43eee532ba0cb,val,공예,T6 기계변형,q_공예_06,공녜,문화·여가 중 '공예'를 판매·제공하는 매장,3ca53b1e-d84d-417d-9ab0-80c4d1e80234,공식당,,양산동 골목형상점가,골목형상점가,광주광역시,,0.0,Y,,P0_UNCERTAIN_OR_MISSING,True,,,,,
11124a8dd5c6d2a936db,val,공예,T6 기계변형,q_공예_06,공녜,문화·여가 중 '공예'를 판매·제공하는 매장,71ef1d40-7632-45fc-88f4-fe3945376936,소울엔공방,공방 공예품,단국대 앞 골목형상점가,골목형상점가,경기도,3.0,3.0,,,RESOLVED_AGREEMENT,False,3,,,,
76971bcf5c45af98921a,val,공예,T6 기계변형,q_공예_06,공녜,문화·여가 중 '공예'를 판매·제공하는 매장,93e3d6ef-a7c5-40a3-8cb8-2d7d587cf5a0,공앤공,순대,구포축산물도매시장,전통시장,부산광역시,0.0,0.0,,,RESOLVED_AGREEMENT,False,0,,,,
fd20dfe7d89dc9544acc,val,공예,T6 기계변형,q_공예_06,공녜,문화·여가 중 '공예'를 판매·제공하는 매장,82af47ca-7336-4c02-a801-924c3f69a888,원이메이드,"공예품, 공방",화성행궁골목형상점가,골목형상점가,경기도,3.0,3.0,,,RESOLVED_AGREEMENT,False,3,,,,
ecf0441aad0459a38d23,val,공예,T6 기계변형,q_공예_06,공녜,문화·여가 중 '공예'를 판매·제공하는 매장,43cecd98-f23d-45be-b189-c49208410fc0,공설꽃공예,공예품,충주자유시장,전통시장,충청북도,3.0,3.0,,,RESOLVED_AGREEMENT,False,3,,,,
c127b07e456c09de935d,val,공예,T6 기계변형,q_공예_06,공녜,문화·여가 중 '공예'를 판매·제공하는 매장,45dcf36d-1e0f-4f96-8a25-d693a9d1c6eb,장터국밥,음식,월빛 골목형상점가,골목형상점가,광주광역시,0.0,0.0,,,RESOLVED_AGREEMENT,False,0,,,,
6f39a4ffa4de20172980,val,공예,T6 기계변형,q_공예_06,공녜,문화·여가 중 '공예'를 판매·제공하는 매장,e21f9154-a888-4cf3-9588-8df20d2bd86a,공방상회,공예품,달서시장,전통시장,대구광역시,3.0,3.0,,,RESOLVED_AGREEMENT,False,3,,,,
c04537b8e3b2daba96d6,val,공예,T6 기계변형,q_공예_06,공녜,문화·여가 중 '공예'를 판매·제공하는 매장,04835808-77c7-4465-89b2-7033f3d66b88,홍 스트링 공방(홍 스포츠),,양산 물금백호마을 골목형상점가,골목형상점가,경상남도,3.0,3.0,,,RESOLVED_AGREEMENT,False,3,,,,
d9b91baf71f1f459e9f7,val,공예,T6 기계변형,q_공예_06,공녜,문화·여가 중 '공예'를 판매·제공하는 매장,0a357b62-4c2e-456c-a5c3-e626d87f7939,플로체디자인랩(그린스미스),기념품 화분 인테리어소품 생화 분화,도란도란 골목형상점가,골목형상점가,전북특별자치도,3.0,1.0,,,P1_BINARY_THRESHOLD,True,,,,,
7493f0d734545af1eaed,val,공예,T6 기계변형,q_공예_06,공녜,문화·여가 중 '공예'를 판매·제공하는 매장,c27b1a91-f303-4b78-92b3-2ba9b76428ba,조은기전,"철물 공구, 공구",인천산업유통센터,전통시장,인천광역시,0.0,0.0,,,RESOLVED_AGREEMENT,False,0,,,,
fe27bac4ab63188b2393,val,공예,T6 기계변형,q_공예_06,공녜,문화·여가 중 '공예'를 판매·제공하는 매장,6214ff11-3c60-42e8-908c-bec14b3380e1,자운가정의원,병원,자운대 골목형상점가,골목형상점가,대전광역시,0.0,0.0,,,RESOLVED_AGREEMENT,False,0,,,,
eac08b360bd1be0851f8,val,공예,T6 기계변형,q_공예_06,공녜,문화·여가 중 '공예'를 판매·제공하는 매장,66c1c790-23b7-45c5-8de1-02428b4e76bd,공작새,의류,연산전통시장,전통시장,충청남도,0.0,0.0,,,RESOLVED_AGREEMENT,False,0,,,,
df36836182010ded3c51,val,공예,T6 기계변형,q_공예_06,공녜,문화·여가 중 '공예'를 판매·제공하는 매장,9548eca4-897c-4c9a-bf60-9b4bffda8429,공방 또각,공예 수업 및 공예품 판매,전남대후문골목형상점가,골목형상점가,광주광역시,3.0,3.0,,,RESOLVED_AGREEMENT,False,3,,,,
2d9802c95c303c744ca9,val,공예,T6 기계변형,q_공예_06,공녜,문화·여가 중 '공예'를 판매·제공하는 매장,19ad7c14-7251-43be-a457-e4c1f7b94ec6,행운건강원,"건강식품가공, 판매",전의왕의물시장(전의전통시장),전통시장,세종특별자치시,0.0,0.0,,,RESOLVED_AGREEMENT,False,0,,,,
63732e6bdcfa6ff985c4,val,공예,T6 기계변형,q_공예_06,공녜,문화·여가 중 '공예'를 판매·제공하는 매장,b2430185-8fca-438d-bd6a-ab053d0c4a86,우마카평택점,,배다리저수지 골목형상점가,골목형상점가,경기도,,0.0,Y,,P0_UNCERTAIN_OR_MISSING,True,,,,,
92177f90197c5bac40ea,val,공예,T6 기계변형,q_공예_06,공녜,문화·여가 중 '공예'를 판매·제공하는 매장,02a0c412-f0ae-4a4f-b716-75605cdcb533,"현대종합가구,해일공방",,장흥시장 골목형상점가,골목형상점가,,3.0,3.0,,,RESOLVED_AGREEMENT,False,3,,,,
45d3613449cb7a073bd3,val,공예,T6 기계변형,q_공예_06,공녜,문화·여가 중 '공예'를 판매·제공하는 매장,03f3c2e2-de36-4c1f-a497-cbcc7dd014d0,크래프트 스튜디오 88,은 장신구 및 은 공예품,빛고을공예창작촌 골목형상점가,골목형상점가,광주광역시,3.0,3.0,,,RESOLVED_AGREEMENT,False,3,,,,
b0722707dac0dcf980c6,val,공예,T6 기계변형,q_공예_06,공녜,문화·여가 중 '공예'를 판매·제공하는 매장,00c044be-2483-4a59-9e29-41cbd79cfbe4,배움태권도,교육서비스업,압촌동 골목형상점가,골목형상점가,광주광역시,0.0,0.0,,,RESOLVED_AGREEMENT,False,0,,,,
ab2c31968c45820ea225,val,공예,T6 기계변형,q_공예_06,공녜,문화·여가 중 '공예'를 판매·제공하는 매장,86878fba-9ddf-4118-beca-19e9f40b0806,아트 플러스,"공예, 공예교육",금촌문화로시장,전통시장,경기도,3.0,3.0,,,RESOLVED_AGREEMENT,False,3,,,,
d85a3f092a9b8f4d86a3,val,공예,T6 기계변형,q_공예_06,공녜,문화·여가 중 '공예'를 판매·제공하는 매장,92556999-b0fd-41e6-8e91-35c70feac78a,토몽,공방,예스파크 상점가,자율상권구역,경기도,3.0,3.0,,,RESOLVED_AGREEMENT,False,3,,,,
5e3c73134cddf8f0685d,val,공예,T6 기계변형,q_공예_06,공녜,문화·여가 중 '공예'를 판매·제공하는 매장,0607a1be-785f-4ff8-a429-3cece4493cca,마마스핸즈 세종한솔공방,,한솔센터 골목형상점가,골목형상점가,세종특별자치시,3.0,3.0,,,RESOLVED_AGREEMENT,False,3,,,,
d98ef3b7f5f6fa669666,val,공예,T6 기계변형,q_공예_06,공녜,문화·여가 중 '공예'를 판매·제공하는 매장,37d34ee2-39b2-4ac6-a6c3-b2e70f7031a0,공중가,한식,호매실역중심상가 골목형상점가,골목형상점가,경기도,0.0,0.0,,,RESOLVED_AGREEMENT,False,0,,,,
3e3c512944b63b54f78b,val,공예,T6 기계변형,q_공예_06,공녜,문화·여가 중 '공예'를 판매·제공하는 매장,65777e28-f906-4eed-9483-31afb8e2f103,공앤리,의류,길음시장,전통시장,서울특별시,0.0,0.0,,,RESOLVED_AGREEMENT,False,0,,,,
e0f845bc9537f6f7ac9a,val,공예,T6 기계변형,q_공예_06,공녜,문화·여가 중 '공예'를 판매·제공하는 매장,2fe1147b-e40e-4929-a88e-44fdb67b5b87,공구시대,공구,산업용재관,전통시장,대구광역시,0.0,0.0,,,RESOLVED_AGREEMENT,False,0,,,,
327b7afb766c5ace5782,val,공예,T6 기계변형,q_공예_06,공녜,문화·여가 중 '공예'를 판매·제공하는 매장,a23fbdbd-32c7-453b-aa76-582f9b37bca5,공수뜰가든,한식,거창 가조상점가거리,골목형상점가,경상남도,0.0,0.0,,,RESOLVED_AGREEMENT,False,0,,,,
879b04581dec70ad9de8,val,공예,T6 기계변형,q_공예_06,공녜,문화·여가 중 '공예'를 판매·제공하는 매장,b7c1d6cc-d9cb-4c54-95d0-a3b3997e1686,공구지원센터,공구,시화유통상가,전통시장,경기도,0.0,0.0,,,RESOLVED_AGREEMENT,False,0,,,,
53cbf484e87a83007850,val,공예,T6 기계변형,q_공예_06,공녜,문화·여가 중 '공예'를 판매·제공하는 매장,810b2db4-fbb1-4321-878d-2ae5c5925ede,왕가 공갈빵,공갈빵,신포시장,전통시장,인천광역시,0.0,0.0,,,RESOLVED_AGREEMENT,False,0,,,,
9fe8fb8129d90133c815,val,공예,T6 기계변형,q_공예_06,공녜,문화·여가 중 '공예'를 판매·제공하는 매장,c91a8030-506c-4a5b-a45a-7fb34f2b8bd7,청호수산,수산물,목포청호시장,전통시장,,0.0,0.0,,,RESOLVED_AGREEMENT,False,0,,,,
0b8d2d04cad37733a1a8,val,공예,T6 기계변형,q_공예_06,공녜,문화·여가 중 '공예'를 판매·제공하는 매장,33a97d33-cd63-40f2-86fd-434d0ed8e51e,공간연출나누리,공방,첨단이웃사랑 골목형상점가,골목형상점가,광주광역시,3.0,3.0,,,RESOLVED_AGREEMENT,False,3,,,,
cdc9cebd97079a040f3c,val,공예,T6 기계변형,q_공예_06,공녜,문화·여가 중 '공예'를 판매·제공하는 매장,569d2f2a-c6ac-4835-8aba-c6a6e21e7abb,공리,중식,잠원하길골목형상점가,골목형상점가,서울특별시,0.0,0.0,,,RESOLVED_AGREEMENT,False,0,,,,
08feae7548d574749aa2,val,공예,T6 기계변형,q_공예_06,공녜,문화·여가 중 '공예'를 판매·제공하는 매장,019d27d7-ed5d-4bc6-aee7-3162cf2c7d3e,탑키드,공예부자재,동대문문구완구거리,자율상권구역,서울특별시,3.0,3.0,,,RESOLVED_AGREEMENT,False,3,,,,
f3700da3ca3ae91dd466,val,공예,T6 기계변형,q_공예_06,공녜,문화·여가 중 '공예'를 판매·제공하는 매장,1f250a2b-18a2-4c12-b3f8-886ccb66ed6e,공룡장터,한식,고성 공룡시장,전통시장,경상남도,0.0,0.0,,,RESOLVED_AGREEMENT,False,0,,,,
6a17ff36f6ed565cf380,val,공예,T6 기계변형,q_공예_06,공녜,문화·여가 중 '공예'를 판매·제공하는 매장,016791a8-1d36-407c-be53-a8bf1f7d6f98,눈데이썬(NOONDAY SUN,예술공방공예품,천안역지하상가,일반지하상점가,충청남도,3.0,3.0,,,RESOLVED_AGREEMENT,False,3,,,,
9c347e8e6e76c5058651,val,공예,T6 기계변형,q_공예_06,공녜,문화·여가 중 '공예'를 판매·제공하는 매장,711c83be-7264-43c3-b083-3b944cbd07ae,공주사,의류,대전정원시장,전통시장,대전광역시,0.0,0.0,,,RESOLVED_AGREEMENT,False,0,,,,
29d9e5e50944f93d59b1,val,공예,T6 기계변형,q_공예_06,공녜,문화·여가 중 '공예'를 판매·제공하는 매장,d7f66821-be89-40bb-9dcf-357fc6bfd42e,혜일,공예잡화,남대문시장,전통시장,서울특별시,3.0,3.0,,,RESOLVED_AGREEMENT,False,3,,,,
f9807f4cd9131b429456,val,공예,T6 기계변형,q_공예_06,공녜,문화·여가 중 '공예'를 판매·제공하는 매장,970a188d-9bbf-4845-8428-1547c556d7e2,공간타일,,팔달 골목형상점가,골목형상점가,전북특별자치도,,0.0,Y,,P0_UNCERTAIN_OR_MISSING,True,,,,,
caf09cac694363189f54,val,공예,T6 기계변형,q_공예_06,공녜,문화·여가 중 '공예'를 판매·제공하는 매장,22ea6f56-810d-462b-b4d6-7b325e6cd9cd,댄디라인,가죽제품,서부시장(서부재래시장),전통시장,충청남도,1.0,0.0,,,P2_GRADED_ONLY,True,,,,,
d397ae2ebd4b47850506,val,공예,T6 기계변형,q_공예_06,공녜,문화·여가 중 '공예'를 판매·제공하는 매장,c4b0e5d5-b165-4403-b47c-5977a44a7b1f,공떡,음식점,남부골목시장,전통시장,서울특별시,0.0,0.0,,,RESOLVED_AGREEMENT,False,0,,,,
e232f31a0d734bfdbf27,val,공예,T6 기계변형,q_공예_06,공녜,문화·여가 중 '공예'를 판매·제공하는 매장,b5c7614b-f017-4913-b3f3-c1d8b0353dcb,태권도장 아토,태권도,커낼워크상점가,골목형상점가,인천광역시,0.0,0.0,,,RESOLVED_AGREEMENT,False,0,,,,
7af835a8c532e9628a23,val,공예,T6 기계변형,q_공예_06,공녜,문화·여가 중 '공예'를 판매·제공하는 매장,df3e51b4-a09d-4d85-8d8a-f41c84f0cf0f,공판장,,임방울대로 골목형상점가,골목형상점가,,,0.0,Y,,P0_UNCERTAIN_OR_MISSING,True,,,,,
f6882a79d35323bb938d,val,공예,T6 기계변형,q_공예_06,공녜,문화·여가 중 '공예'를 판매·제공하는 매장,7077e40c-b2f3-4fda-8a42-61f8613f4362,아이툴스,공구,양동산업용품시장,전통시장,광주광역시,0.0,0.0,,,RESOLVED_AGREEMENT,False,0,,,,
02c34c1ed4d9e5966e14,val,공예,T6 기계변형,q_공예_06,공녜,문화·여가 중 '공예'를 판매·제공하는 매장,6f03c13c-bd2e-4ac2-85dc-d48802b7c9c6,해이데이 공방,공방,문화의거리 상점가,자율상권구역,울산광역시,3.0,3.0,,,RESOLVED_AGREEMENT,False,3,,,,
84c43b6b06fc09abf931,val,공예,T6 기계변형,q_공예_06,공녜,문화·여가 중 '공예'를 판매·제공하는 매장,04baede5-1cb5-421b-ae51-c42ae1e347e0,베데레vedere,가죽제품,송정벚꽃골목형상점가,골목형상점가,서울특별시,1.0,0.0,,,P2_GRADED_ONLY,True,,,,,
07975c648cbf2414a60f,val,공예,T6 기계변형,q_공예_06,공녜,문화·여가 중 '공예'를 판매·제공하는 매장,c884f137-815a-4b8a-b16b-07a3f1861fb2,요담엔,공방,오월첫동네 골목형상점가,골목형상점가,광주광역시,3.0,3.0,,,RESOLVED_AGREEMENT,False,3,,,,
e7c015cb7ff658e80586,val,공예,T6 기계변형,q_공예_06,공녜,문화·여가 중 '공예'를 판매·제공하는 매장,0a76f312-624d-4fec-9ad0-b0cf033dab4c,공익사,의류,대전중앙활성화구역,상권활성화구역,대전광역시,0.0,0.0,,,RESOLVED_AGREEMENT,False,0,,,,
e31e3027f182f5970aee,val,공예,T6 기계변형,q_공예_06,공녜,문화·여가 중 '공예'를 판매·제공하는 매장,624a235c-2519-4ddf-b9af-199daceb062a,공간,의류,서문시장2지구 종합상가,전통시장,대구광역시,0.0,0.0,,,RESOLVED_AGREEMENT,False,0,,,,
558ef827a368128d901e,val,공예,T6 기계변형,q_공예_06,공녜,문화·여가 중 '공예'를 판매·제공하는 매장,05d82934-32de-48f2-bbd0-038f8d09fe4f,시즈레더,가죽제품,신창 골목형상점가,골목형상점가,광주광역시,1.0,0.0,,,P2_GRADED_ONLY,True,,,,,
f73ca4b1e0a538811e3f,val,공예,T6 기계변형,q_공예_06,공녜,문화·여가 중 '공예'를 판매·제공하는 매장,07cda024-8aeb-44c2-b5e2-48a753b93afe,가죽공방 수미상관,가죽제품,첨단이웃사랑 골목형상점가,골목형상점가,광주광역시,2.0,3.0,,,P2_GRADED_ONLY,True,,,,,
c278db344d69dc59d229,val,공예,T6 기계변형,q_공예_06,공녜,문화·여가 중 '공예'를 판매·제공하는 매장,0a66a7fc-3a7b-4f93-b364-fc8b98b96d50,엄사스포츠,"스포츠용품, 기념품",엄사 골목형상점가,골목형상점가,충청남도,3.0,1.0,,,P1_BINARY_THRESHOLD,True,,,,,
ca8db8e0bae75184973d,val,공예,T6 기계변형,q_공예_06,공녜,문화·여가 중 '공예'를 판매·제공하는 매장,7a834ec2-6881-4574-bf81-00c025289395,공간,의류,안산다농마트전통시장,전통시장,경기도,0.0,0.0,,,RESOLVED_AGREEMENT,False,0,,,,
a2beeed187ca22b64c74,val,공예,T6 기계변형,q_공예_06,공녜,문화·여가 중 '공예'를 판매·제공하는 매장,e4671673-6c51-4a82-9531-eee81535674d,공만치킨,,현대테라타워DIMC상점가,골목형상점가,경기도,0.0,0.0,,,RESOLVED_AGREEMENT,False,0,,,,
1d724603e52ca88208cb,val,공예,T6 기계변형,q_공예_06,공녜,문화·여가 중 '공예'를 판매·제공하는 매장,1e2b1805-e29c-413d-8fd7-84c96d4a074b,인화네 공방,공예품,정서진중앙시장(구 서구중앙시장),전통시장,인천광역시,3.0,3.0,,,RESOLVED_AGREEMENT,False,3,,,,
7ab02a6b57bfa627e6ff,val,공예,T6 기계변형,q_공예_06,공녜,문화·여가 중 '공예'를 판매·제공하는 매장,d431eed3-8c72-461f-8186-8a828400f091,소소(SOSO) 공방,공방,의정부제일시장,전통시장,경기도,3.0,3.0,,,RESOLVED_AGREEMENT,False,3,,,,
e1219e9bf280b174d11f,val,공예,T6 기계변형,q_공예_07,공예추천,문화·여가 중 '공예'를 판매·제공하는 매장,04835808-77c7-4465-89b2-7033f3d66b88,홍 스트링 공방(홍 스포츠),,양산 물금백호마을 골목형상점가,골목형상점가,경상남도,3.0,3.0,,,RESOLVED_AGREEMENT,False,3,,,,
fbe816ea2b74957117c3,val,공예,T6 기계변형,q_공예_07,공예추천,문화·여가 중 '공예'를 판매·제공하는 매장,1d848bf2-e07e-4637-8e52-47f2a261e6cb,찍지,공예품,진주 중앙지하도상가,일반지하상점가,경상남도,3.0,3.0,,,RESOLVED_AGREEMENT,False,3,,,,
15ebf5493c37f4553ab4,val,공예,T6 기계변형,q_공예_07,공예추천,문화·여가 중 '공예'를 판매·제공하는 매장,d1b816f0-a4bd-443c-8935-7d91e20ececc,형제공예사,공예품,안양중앙인정시장,전통시장,경기도,3.0,3.0,,,RESOLVED_AGREEMENT,False,3,,,,
9fe1d3fdf0aeb2e6aede,val,공예,T6 기계변형,q_공예_07,공예추천,문화·여가 중 '공예'를 판매·제공하는 매장,01a0bb9d-a1c3-427c-8c4b-2fb13171253a,우물옆그집,커피음료쿠키기념품,개항희망문화상권 상권활성화구역,상권활성화구역,인천광역시,3.0,1.0,,,P1_BINARY_THRESHOLD,True,,,,,
dac7edf0221f9f0e40fc,val,공예,T6 기계변형,q_공예_07,공예추천,문화·여가 중 '공예'를 판매·제공하는 매장,8f5cd5b6-a43b-47e1-b566-c85201f7d1be,동양공예,공예품,동산상가,전통시장,대구광역시,3.0,3.0,,,RESOLVED_AGREEMENT,False,3,,,,
0b6c421a696df0e7aab4,val,공예,T6 기계변형,q_공예_07,공예추천,문화·여가 중 '공예'를 판매·제공하는 매장,149ab38b-479f-4397-b25b-bc840e48b520,장천동고기집,축산물,장천동상가,자율상권구역,전라남도,0.0,0.0,,,RESOLVED_AGREEMENT,False,0,,,,
159d71cb23ea541239d0,val,공예,T6 기계변형,q_공예_07,공예추천,문화·여가 중 '공예'를 판매·제공하는 매장,c5a81280-1330-488b-b403-ea057b0d8245,펠트돌,공예품,거제 한라프라자,전통시장,경상남도,3.0,3.0,,,RESOLVED_AGREEMENT,False,3,,,,
0164066b7c386ae4c386,val,공예,T6 기계변형,q_공예_07,공예추천,문화·여가 중 '공예'를 판매·제공하는 매장,05d82934-32de-48f2-bbd0-038f8d09fe4f,시즈레더,가죽제품,신창 골목형상점가,골목형상점가,광주광역시,1.0,0.0,,,P2_GRADED_ONLY,True,,,,,
c592431efa72b41f7397,val,공예,T6 기계변형,q_공예_07,공예추천,문화·여가 중 '공예'를 판매·제공하는 매장,fd8ed99f-f899-4a11-926f-ecc68acf202f,수레질,공예품,삼각동 골목형상점가,골목형상점가,광주광역시,3.0,3.0,,,RESOLVED_AGREEMENT,False,3,,,,
3525a335f0e495429772,val,공예,T6 기계변형,q_공예_07,공예추천,문화·여가 중 '공예'를 판매·제공하는 매장,1cf31e1d-3a28-4dd5-b73e-0a9e9a031906,감전횟집,수산물,명지시장,전통시장,부산광역시,0.0,0.0,,,RESOLVED_AGREEMENT,False,0,,,,
b45b79d39ffdd3d3a655,val,공예,T6 기계변형,q_공예_07,공예추천,문화·여가 중 '공예'를 판매·제공하는 매장,874581fa-e7a0-4ceb-93ed-7a4d7f3f4f67,남해수산,생선,진해 용원어시장상점가,자율상권구역,경상남도,0.0,0.0,,,RESOLVED_AGREEMENT,False,0,,,,
62b8460f68eda7376215,val,공예,T6 기계변형,q_공예_07,공예추천,문화·여가 중 '공예'를 판매·제공하는 매장,98360381-2070-43f7-8f65-d44b7df72d7c,복민사,"매듭, 공예",남대문시장,전통시장,서울특별시,3.0,3.0,,,RESOLVED_AGREEMENT,False,3,,,,
f70613fdc6e56272eadb,val,공예,T6 기계변형,q_공예_07,공예추천,문화·여가 중 '공예'를 판매·제공하는 매장,86878fba-9ddf-4118-beca-19e9f40b0806,아트 플러스,"공예, 공예교육",금촌문화로시장,전통시장,경기도,3.0,3.0,,,RESOLVED_AGREEMENT,False,3,,,,
f02fad3471ddaab05201,val,공예,T6 기계변형,q_공예_07,공예추천,문화·여가 중 '공예'를 판매·제공하는 매장,e4591f45-37f5-450a-8079-cc13b5d9fdf0,공덕불교사,공예품,제천중앙시장,전통시장,충청북도,3.0,3.0,,,RESOLVED_AGREEMENT,False,3,,,,
968493d016bdb339b467,val,공예,T6 기계변형,q_공예_07,공예추천,문화·여가 중 '공예'를 판매·제공하는 매장,feb1b1f0-15f4-41e7-b49f-96d6a336c2bb,땅꼬공예방,공예품,우산상인회 골목형상점가,골목형상점가,광주광역시,3.0,3.0,,,RESOLVED_AGREEMENT,False,3,,,,
040834a99ad7aca1b027,val,공예,T6 기계변형,q_공예_07,공예추천,문화·여가 중 '공예'를 판매·제공하는 매장,80c4738a-934b-4b41-9de9-a82a5967a614,천외천,한식,상봉먹자골목형상점가,골목형상점가,서울특별시,0.0,0.0,,,RESOLVED_AGREEMENT,False,0,,,,
0ebda6a4a4aa907b954d,val,공예,T6 기계변형,q_공예_07,공예추천,문화·여가 중 '공예'를 판매·제공하는 매장,69992252-4d67-45f4-a029-f8c55e18760d,젬포스,공예품,남대문시장,전통시장,서울특별시,3.0,3.0,,,RESOLVED_AGREEMENT,False,3,,,,
917448c350f829ba4109,val,공예,T6 기계변형,q_공예_07,공예추천,문화·여가 중 '공예'를 판매·제공하는 매장,af503168-2adb-4c5a-abd5-c9c76eda37e4,대도공예,공예,남대문시장,전통시장,서울특별시,3.0,3.0,,,RESOLVED_AGREEMENT,False,3,,,,
f5354647209389002e70,val,공예,T6 기계변형,q_공예_07,공예추천,문화·여가 중 '공예'를 판매·제공하는 매장,04baede5-1cb5-421b-ae51-c42ae1e347e0,베데레vedere,가죽제품,송정벚꽃골목형상점가,골목형상점가,서울특별시,1.0,0.0,,,P2_GRADED_ONLY,True,,,,,
875ddbec53e86466c2f4,val,공예,T6 기계변형,q_공예_07,공예추천,문화·여가 중 '공예'를 판매·제공하는 매장,6a8f9647-0989-4a5f-b865-bffdfe9a9327,지영공방,공예,순천문화의거리 금꽃예술촌,자율상권구역,,3.0,3.0,,,RESOLVED_AGREEMENT,False,3,,,,
daedbf7dc003619c212b,val,공예,T6 기계변형,q_공예_07,공예추천,문화·여가 중 '공예'를 판매·제공하는 매장,ab2dfb29-13f6-4d14-868e-53f12822e42a,케이씨산업 주식회사,숙박,우산동빛고을 골목형상점가,골목형상점가,광주광역시,0.0,0.0,,,RESOLVED_AGREEMENT,False,0,,,,
02a40cfcfad457336273,val,공예,T6 기계변형,q_공예_07,공예추천,문화·여가 중 '공예'를 판매·제공하는 매장,07cda024-8aeb-44c2-b5e2-48a753b93afe,가죽공방 수미상관,가죽제품,첨단이웃사랑 골목형상점가,골목형상점가,광주광역시,2.0,3.0,,,P2_GRADED_ONLY,True,,,,,
aeca6fefc8e4303d47fb,val,공예,T6 기계변형,q_공예_07,공예추천,문화·여가 중 '공예'를 판매·제공하는 매장,500fe3be-bb2b-4be8-b0b2-97ad64eddde0,두공,공예품,신정평화시장,전통시장,울산광역시,3.0,3.0,,,RESOLVED_AGREEMENT,False,3,,,,
6f871997c49614577062,val,공예,T6 기계변형,q_공예_07,공예추천,문화·여가 중 '공예'를 판매·제공하는 매장,0aae4585-5820-472c-a819-bfbb3faca317,감천문화마을 소행성 비612 기념품숍,"기념품, 공예품",감천문화마을 골목형상점가,골목형상점가,부산광역시,3.0,3.0,,,RESOLVED_AGREEMENT,False,3,,,,
0ffe59743b2787b7925f,val,공예,T6 기계변형,q_공예_07,공예추천,문화·여가 중 '공예'를 판매·제공하는 매장,fd26c830-38b4-4067-8be5-45c1691e7af5,산청상회,공예,신천지시장,전통시장,부산광역시,3.0,3.0,,,RESOLVED_AGREEMENT,False,3,,,,
49ca4175202951bb6552,val,공예,T6 기계변형,q_공예_07,공예추천,문화·여가 중 '공예'를 판매·제공하는 매장,4b3c3f44-493e-4505-8762-fe5f9f8f3683,소년공방,공예품,"지웰시티몰 1,2단지 골목형상점가",골목형상점가,충청남도,3.0,3.0,,,RESOLVED_AGREEMENT,False,3,,,,
3757c508ac5d841286d1,val,공예,T6 기계변형,q_공예_07,공예추천,문화·여가 중 '공예'를 판매·제공하는 매장,8f3258d1-e055-4450-b855-330b537626af,수향루,중식,통영 죽림상점가,자율상권구역,경상남도,0.0,0.0,,,RESOLVED_AGREEMENT,False,0,,,,
457af2619c31c9655838,val,공예,T6 기계변형,q_공예_07,공예추천,문화·여가 중 '공예'를 판매·제공하는 매장,2167a1a4-f8e0-4dce-b7ab-00ee46733450,연공방,공예품,마산 부림시장,전통시장,경상남도,3.0,3.0,,,RESOLVED_AGREEMENT,False,3,,,,
23ac7963780ffd7a62c6,val,공예,T6 기계변형,q_공예_07,공예추천,문화·여가 중 '공예'를 판매·제공하는 매장,990629fe-393c-4c96-93cb-78dd7b8e80bb,반월당닭강정,닭강정,메트로센터(반월당지하쇼핑),일반지하상점가,대구광역시,0.0,0.0,,,RESOLVED_AGREEMENT,False,0,,,,
4cec2bcf9017889f3ba7,val,공예,T6 기계변형,q_공예_07,공예추천,문화·여가 중 '공예'를 판매·제공하는 매장,a4c2f145-e663-4f9f-9267-4f6b0e6b5a05,아진,공예품,역전지하상가,일반지하상점가,대전광역시,3.0,3.0,,,RESOLVED_AGREEMENT,False,3,,,,
4fa82f8df30f14a84c8e,val,공예,T6 기계변형,q_공예_07,공예추천,문화·여가 중 '공예'를 판매·제공하는 매장,0a357b62-4c2e-456c-a5c3-e626d87f7939,플로체디자인랩(그린스미스),기념품 화분 인테리어소품 생화 분화,도란도란 골목형상점가,골목형상점가,전북특별자치도,3.0,1.0,,,P1_BINARY_THRESHOLD,True,,,,,
76062c544ff97b3dfe35,val,공예,T6 기계변형,q_공예_07,공예추천,문화·여가 중 '공예'를 판매·제공하는 매장,4bfbc682-4df8-4caf-b10a-3a2041b2e6e5,소담공방,공예품,방림로 골목형상점가,골목형상점가,광주광역시,3.0,3.0,,,RESOLVED_AGREEMENT,False,3,,,,
0d2f06edc98adb7fe95a,val,공예,T6 기계변형,q_공예_07,공예추천,문화·여가 중 '공예'를 판매·제공하는 매장,0193006c-a04d-4bd7-8ce5-791c5497fe3a,드림크래프트,"액자제작, 공예재료",북동 골목형상점가,골목형상점가,광주광역시,3.0,3.0,,,RESOLVED_AGREEMENT,False,3,,,,
0668066610cc874e5655,val,공예,T6 기계변형,q_공예_07,공예추천,문화·여가 중 '공예'를 판매·제공하는 매장,025b097b-3ecb-4738-ab0f-d71bc283e74d,반지점방,공예품 장신구,양림공예거리 골목형상점가,골목형상점가,광주광역시,3.0,3.0,,,RESOLVED_AGREEMENT,False,3,,,,
70736d29f98861d4441c,val,공예,T6 기계변형,q_공예_07,공예추천,문화·여가 중 '공예'를 판매·제공하는 매장,00a8e75c-0d18-48db-9f9b-42f8ced936b8,미다리본,공예품,구미형곡시장프라자,전통시장,경상북도,3.0,3.0,,,RESOLVED_AGREEMENT,False,3,,,,
5e8f273d36247f75bc9e,val,공예,T6 기계변형,q_공예_07,공예추천,문화·여가 중 '공예'를 판매·제공하는 매장,8ecf2898-295a-4181-85ec-9568032a4d80,간지골프,"골프채수리, 골프용품",여의동 골목형상점가,골목형상점가,전북특별자치도,0.0,0.0,,,RESOLVED_AGREEMENT,False,0,,,,
3622e8d49129e8fc3edc,val,공예,T6 기계변형,q_공예_07,공예추천,문화·여가 중 '공예'를 판매·제공하는 매장,de1730ff-5b42-42e9-9e22-3f509f3d7d7b,여수시 공예협회,공예품,여수진남상가,자율상권구역,전라남도,3.0,3.0,,,RESOLVED_AGREEMENT,False,3,,,,
059f6d4d3738efa74840,val,공예,T6 기계변형,q_공예_07,공예추천,문화·여가 중 '공예'를 판매·제공하는 매장,d9d96ddd-f30c-4b84-9648-8c3da32a839d,대한공예사,공예품,익산북부시장,전통시장,전북특별자치도,3.0,3.0,,,RESOLVED_AGREEMENT,False,3,,,,
fe6b422463ebbd7e61fd,val,공예,T6 기계변형,q_공예_07,공예추천,문화·여가 중 '공예'를 판매·제공하는 매장,c4d543b0-21f2-4b88-b605-673a8bce2d9f,궁중매듭공예,공예품,제천중앙시장,전통시장,충청북도,3.0,3.0,,,RESOLVED_AGREEMENT,False,3,,,,
e12e4ae2677efa3b221d,val,공예,T6 기계변형,q_공예_07,공예추천,문화·여가 중 '공예'를 판매·제공하는 매장,5c88b4b3-594a-45ae-9985-8cfdeb21f981,청목공예,공예품,하동 화개장터,전통시장,경상남도,3.0,3.0,,,RESOLVED_AGREEMENT,False,3,,,,
273e765b764d356a27b8,val,공예,T6 기계변형,q_공예_07,공예추천,문화·여가 중 '공예'를 판매·제공하는 매장,71443d88-2852-4c5d-ace3-19d37c17716d,봄라탄,공예품,오케이 양산동 골목형상점가,골목형상점가,광주광역시,3.0,3.0,,,RESOLVED_AGREEMENT,False,3,,,,
c388389671d13bc25782,val,공예,T6 기계변형,q_공예_07,공예추천,문화·여가 중 '공예'를 판매·제공하는 매장,f02fffeb-8d01-4cc0-836b-ef52cc0b22bd,토탈상사,공예품,오산오색시장(구 오산중앙시장),전통시장,경기도,3.0,3.0,,,RESOLVED_AGREEMENT,False,3,,,,
8b49363c81e97b4da198,val,공예,T6 기계변형,q_공예_07,공예추천,문화·여가 중 '공예'를 판매·제공하는 매장,02a3b9f3-83e8-44d2-bc4b-4b2c25796b3d,서현 크래프트,수공예품,예술의거리 골목형상점가,골목형상점가,광주광역시,3.0,3.0,,,RESOLVED_AGREEMENT,False,3,,,,
2b1231adfbb5cfd90226,val,공예,T6 기계변형,q_공예_07,공예추천,문화·여가 중 '공예'를 판매·제공하는 매장,19ad7c14-7251-43be-a457-e4c1f7b94ec6,행운건강원,"건강식품가공, 판매",전의왕의물시장(전의전통시장),전통시장,세종특별자치시,0.0,0.0,,,RESOLVED_AGREEMENT,False,0,,,,
fe9f10d671310df795dd,val,공예,T6 기계변형,q_공예_07,공예추천,문화·여가 중 '공예'를 판매·제공하는 매장,91d33062-dace-464f-8aaa-ab755cab25ec,희아트공방 (공예방),공예품,마산 창동통합상가,전통시장,경상남도,3.0,3.0,,,RESOLVED_AGREEMENT,False,3,,,,
b8a8f7063778d75068af,val,공예,T6 기계변형,q_공예_07,공예추천,문화·여가 중 '공예'를 판매·제공하는 매장,beacf2c2-9a40-4e20-a7d4-6804a3b60a22,환&환 공예스쿨,공예,문화의거리 상점가,자율상권구역,울산광역시,3.0,3.0,,,RESOLVED_AGREEMENT,False,3,,,,
cbdd3c02c1875f60c5bd,val,공예,T6 기계변형,q_공예_07,공예추천,문화·여가 중 '공예'를 판매·제공하는 매장,0b54b009-8bc8-4e20-8e75-d013800de0ff,가인,공예,서문시장2지구 종합상가,전통시장,대구광역시,3.0,3.0,,,RESOLVED_AGREEMENT,False,3,,,,
2c46a91bd3d0f523a173,val,공예,T6 기계변형,q_공예_07,공예추천,문화·여가 중 '공예'를 판매·제공하는 매장,019d27d7-ed5d-4bc6-aee7-3162cf2c7d3e,탑키드,공예부자재,동대문문구완구거리,자율상권구역,서울특별시,3.0,3.0,,,RESOLVED_AGREEMENT,False,3,,,,
678e7a06d45530ffd04a,val,공예,T6 기계변형,q_공예_07,공예추천,문화·여가 중 '공예'를 판매·제공하는 매장,c5f872f4-e5a8-4b24-adba-7dfb3868abcc,MAJOA,예물,대봉동웨딩거리상점가,자율상권구역,대구광역시,0.0,0.0,,,RESOLVED_AGREEMENT,False,0,,,,
b58020ba693d5ad68c11,val,공예,T6 기계변형,q_공예_07,공예추천,문화·여가 중 '공예'를 판매·제공하는 매장,0a66a7fc-3a7b-4f93-b364-fc8b98b96d50,엄사스포츠,"스포츠용품, 기념품",엄사 골목형상점가,골목형상점가,충청남도,3.0,1.0,,,P1_BINARY_THRESHOLD,True,,,,,
df5b1e082ede37363673,val,공예,T6 기계변형,q_공예_07,공예추천,문화·여가 중 '공예'를 판매·제공하는 매장,e937cabc-8e0d-4065-a386-3f7de6be6ebc,다솜공방,공예품,마산 부림시장,전통시장,경상남도,3.0,3.0,,,RESOLVED_AGREEMENT,False,3,,,,
362057b07df1524763a4,val,공예,T6 기계변형,q_공예_07,공예추천,문화·여가 중 '공예'를 판매·제공하는 매장,4ca4b45d-e3cc-4adb-9ec2-d04fbde7a25a,에덴공방,공예품,충장로45가 상점가,자율상권구역,광주광역시,3.0,3.0,,,RESOLVED_AGREEMENT,False,3,,,,
8fc3a31c49d2ce7a4bfe,val,공예,T6 기계변형,q_공예_07,공예추천,문화·여가 중 '공예'를 판매·제공하는 매장,06959709-fec7-4197-a9aa-65b026ac2b30,가죽공예,공예품,무주반딧불상권활성화구역,상권활성화구역,전북특별자치도,3.0,3.0,,,RESOLVED_AGREEMENT,False,3,,,,
56df8dcda333c198da63,val,공예,T6 기계변형,q_공예_07,공예추천,문화·여가 중 '공예'를 판매·제공하는 매장,30d1b656-c909-4af3-b368-431501f268b2,엠엔티,공예품,영신상가,전통시장,서울특별시,3.0,3.0,,,RESOLVED_AGREEMENT,False,3,,,,
53aebf6d9aa823a26ce2,val,공예,T6 기계변형,q_공예_07,공예추천,문화·여가 중 '공예'를 판매·제공하는 매장,3ad93290-42d6-48be-9401-bd8b89426f22,유한회사공예사랑청강,공예품 공예재료 공예체험,전주한옥마을 골목형상점가,골목형상점가,전북특별자치도,3.0,3.0,,,RESOLVED_AGREEMENT,False,3,,,,
bfc3fa9c7a56510f50fa,val,공예,T6 기계변형,q_공예_07,공예추천,문화·여가 중 '공예'를 판매·제공하는 매장,5b39cce8-0592-4852-a518-7e47a5c9ece6,천암공간,공예,매곡 사랑길 골목형상점가,골목형상점가,광주광역시,3.0,3.0,,,RESOLVED_AGREEMENT,False,3,,,,
084798a43adeda017e92,val,공예,T6 기계변형,q_공예_07,공예추천,문화·여가 중 '공예'를 판매·제공하는 매장,54156edb-f90d-434e-8daf-e21eec8800e2,나래엘,공예품,용상공설시장,전통시장,경상북도,3.0,3.0,,,RESOLVED_AGREEMENT,False,3,,,,
ab0742cd985a5e551d2e,val,공예,T6 기계변형,q_공예_07,공예추천,문화·여가 중 '공예'를 판매·제공하는 매장,003d5df8-0856-45e0-a11e-5098cf70541e,앨리스리본&공방,"공방, 잡화",봉화내성시장,전통시장,경상북도,3.0,3.0,,,RESOLVED_AGREEMENT,False,3,,,,
11f5a92405d720c47191,val,공예,T6 기계변형,q_공예_07,공예추천,문화·여가 중 '공예'를 판매·제공하는 매장,05c601de-f626-410c-adee-b08537ab3042,버치크래프트 코리아,관광민예품 및 장식용품 관광기념품,강릉성남시장,전통시장,강원특별자치도,3.0,1.0,,,P1_BINARY_THRESHOLD,True,,,,,
380949d1586bcc569d1f,val,공예,T6 기계변형,q_공예_07,공예추천,문화·여가 중 '공예'를 판매·제공하는 매장,02a0c412-f0ae-4a4f-b716-75605cdcb533,"현대종합가구,해일공방",,장흥시장 골목형상점가,골목형상점가,,3.0,3.0,,,RESOLVED_AGREEMENT,False,3,,,,
3998d15a8d762a0f70ca,val,공예,T6 기계변형,q_공예_07,공예추천,문화·여가 중 '공예'를 판매·제공하는 매장,016791a8-1d36-407c-be53-a8bf1f7d6f98,눈데이썬(NOONDAY SUN,예술공방공예품,천안역지하상가,일반지하상점가,충청남도,3.0,3.0,,,RESOLVED_AGREEMENT,False,3,,,,
9af1dce68b2087527f5c,val,공예,T6 기계변형,q_공예_07,공예추천,문화·여가 중 '공예'를 판매·제공하는 매장,1224addb-6518-4f08-8235-6fd7c8d4fdab,예인공예,공예품,원주미로예술중앙시장(원주중앙시장),전통시장,강원특별자치도,3.0,3.0,,,RESOLVED_AGREEMENT,False,3,,,,
f895cfef824fdb715b7d,val,공예,T6 기계변형,q_공예_07,공예추천,문화·여가 중 '공예'를 판매·제공하는 매장,86ef7bd2-af87-4692-bea3-4dbbb2d681bf,대신공예,공예품,길음시장,전통시장,서울특별시,3.0,3.0,,,RESOLVED_AGREEMENT,False,3,,,,
65c4f07ddf9a933d866a,val,공예,T6 기계변형,q_공예_07,공예추천,문화·여가 중 '공예'를 판매·제공하는 매장,d7ef267f-784f-4d8c-b7a2-74fd97a217d9,맹그는공예공방,"공방, 공예",화서시장,전통시장,경기도,3.0,3.0,,,RESOLVED_AGREEMENT,False,3,,,,
e2c58d0f486af6ca4454,val,공예,T6 기계변형,q_공예_07,공예추천,문화·여가 중 '공예'를 판매·제공하는 매장,33368765-ec71-43c4-9948-555eb9cda749,청라공예사,공예품,백년소상공인,기타,광주광역시,3.0,3.0,,,RESOLVED_AGREEMENT,False,3,,,,
cb624bf7115b3194a04a,val,공예,T6 기계변형,q_공예_07,공예추천,문화·여가 중 '공예'를 판매·제공하는 매장,0607a1be-785f-4ff8-a429-3cece4493cca,마마스핸즈 세종한솔공방,,한솔센터 골목형상점가,골목형상점가,세종특별자치시,3.0,3.0,,,RESOLVED_AGREEMENT,False,3,,,,
b9012d42df6088471582,val,공예,T6 기계변형,q_공예_07,공예추천,문화·여가 중 '공예'를 판매·제공하는 매장,84b7643f-7c93-4aeb-81da-909eab7c2024,공방소소,공예품,전주한옥마을 골목형상점가,골목형상점가,전북특별자치도,3.0,3.0,,,RESOLVED_AGREEMENT,False,3,,,,
8ca0b16b4804abc6bff8,val,공예,T6 기계변형,q_공예_07,공예추천,문화·여가 중 '공예'를 판매·제공하는 매장,43cecd98-f23d-45be-b189-c49208410fc0,공설꽃공예,공예품,충주자유시장,전통시장,충청북도,3.0,3.0,,,RESOLVED_AGREEMENT,False,3,,,,
850164bc5ad156ae7fc4,val,공예,T6 기계변형,q_공예_07,공예추천,문화·여가 중 '공예'를 판매·제공하는 매장,aee9a773-efab-48ea-8340-eabf940a02af,끽다연,공예품,국수거리 골목형상점가,골목형상점가,전라남도,3.0,3.0,,,RESOLVED_AGREEMENT,False,3,,,,
be43aaf39fbece58c762,val,공예,T6 기계변형,q_공예_07,공예추천,문화·여가 중 '공예'를 판매·제공하는 매장,479d4844-f279-4e7e-a693-9f4829c9ae42,리본아트,공예,현대유통쇼핑센터,전통시장,경상북도,3.0,3.0,,,RESOLVED_AGREEMENT,False,3,,,,
76ccd45f07b49ef7d161,val,공예,T6 기계변형,q_공예_07,공예추천,문화·여가 중 '공예'를 판매·제공하는 매장,37160543-e81f-4e4a-b30b-56077259eca5,빈스공방,공예,동두천제일시장,전통시장,경기도,3.0,3.0,,,RESOLVED_AGREEMENT,False,3,,,,
0a587fe6b0a44a0d260f,val,공예,T6 기계변형,q_공예_07,공예추천,문화·여가 중 '공예'를 판매·제공하는 매장,328ce010-10a0-41c7-9d9a-1015ba14a913,"종합가구점 , 공예품","가구, 공예품",신천지시장,전통시장,부산광역시,3.0,3.0,,,RESOLVED_AGREEMENT,False,3,,,,
3bdfab08f6a8d9cccc8b,val,공예,T6 기계변형,q_공예_07,공예추천,문화·여가 중 '공예'를 판매·제공하는 매장,22ea6f56-810d-462b-b4d6-7b325e6cd9cd,댄디라인,가죽제품,서부시장(서부재래시장),전통시장,충청남도,1.0,0.0,,,P2_GRADED_ONLY,True,,,,,
6e6042bf0c1aaf36e050,val,공예,T6 기계변형,q_공예_07,공예추천,문화·여가 중 '공예'를 판매·제공하는 매장,44ad5455-11ba-475c-9e27-fab8e5850d27,아름다운 공예사랑,공예품,임방울거리3구역 골목형상점가,골목형상점가,광주광역시,3.0,3.0,,,RESOLVED_AGREEMENT,False,3,,,,
2267138f4ceb83b13abf,val,공예,T6 기계변형,q_공예_07,공예추천,문화·여가 중 '공예'를 판매·제공하는 매장,03f3c2e2-de36-4c1f-a497-cbcc7dd014d0,크래프트 스튜디오 88,은 장신구 및 은 공예품,빛고을공예창작촌 골목형상점가,골목형상점가,광주광역시,3.0,3.0,,,RESOLVED_AGREEMENT,False,3,,,,
88534e7b3560159d0961,val,공예,T6 기계변형,q_공예_07,공예추천,문화·여가 중 '공예'를 판매·제공하는 매장,7ea81ea4-af06-4f31-b3d1-b5bfb7285d6b,전통공예,공예품,부산좌천동가구상가,자율상권구역,부산광역시,3.0,3.0,,,RESOLVED_AGREEMENT,False,3,,,,
224a7079cf291b4eca3d,val,공예,T6 기계변형,q_공예_07,공예추천,문화·여가 중 '공예'를 판매·제공하는 매장,eb4948a0-874d-4366-9f3f-59c2e32fb6c7,비즈마을,공예,현대유통쇼핑센터,전통시장,경상북도,3.0,3.0,,,RESOLVED_AGREEMENT,False,3,,,,
6d9dcc244a9981d44b76,val,공예,T6 기계변형,q_공예_07,공예추천,문화·여가 중 '공예'를 판매·제공하는 매장,9548eca4-897c-4c9a-bf60-9b4bffda8429,공방 또각,공예 수업 및 공예품 판매,전남대후문골목형상점가,골목형상점가,광주광역시,3.0,3.0,,,RESOLVED_AGREEMENT,False,3,,,,
cf2c5280e6865a2356aa,val,공예,T6 기계변형,q_공예_07,공예추천,문화·여가 중 '공예'를 판매·제공하는 매장,ba568810-133b-4a0f-8ed3-c250b8783a80,한지공예,공예품,1913송정역시장,전통시장,광주광역시,3.0,3.0,,,RESOLVED_AGREEMENT,False,3,,,,
0525f7ca8430fbf3e71b,val,공예,T6 기계변형,q_공예_07,공예추천,문화·여가 중 '공예'를 판매·제공하는 매장,80f12c88-b6ce-4a6f-a249-aa4935f2ac9b,서목아트,공예품,문화의거리 상점가,자율상권구역,울산광역시,3.0,3.0,,,RESOLVED_AGREEMENT,False,3,,,,
47fdee9452d73afb74df,val,공예,T6 기계변형,q_공예_07,공예추천,문화·여가 중 '공예'를 판매·제공하는 매장,1595bb71-38ba-4077-bffc-8fd2e340eae3,마루공예,공예품,고산미소시장(고산시장),전통시장,전북특별자치도,3.0,3.0,,,RESOLVED_AGREEMENT,False,3,,,,
b281347e91ae4346c352,val,공예,T6 기계변형,q_공예_07,공예추천,문화·여가 중 '공예'를 판매·제공하는 매장,77da1942-045d-433b-b18d-fef854c8eff1,소요,공예,엄사 골목형상점가,골목형상점가,충청남도,3.0,3.0,,,RESOLVED_AGREEMENT,False,3,,,,
508c1f2d5dc8807e10bf,val,공예,T6 기계변형,q_공예_07,공예추천,문화·여가 중 '공예'를 판매·제공하는 매장,e21f9154-a888-4cf3-9588-8df20d2bd86a,공방상회,공예품,달서시장,전통시장,대구광역시,3.0,3.0,,,RESOLVED_AGREEMENT,False,3,,,,
ff3c3e294d937a88c209,val,공예,T6 기계변형,q_공예_07,공예추천,문화·여가 중 '공예'를 판매·제공하는 매장,d7f66821-be89-40bb-9dcf-357fc6bfd42e,혜일,공예잡화,남대문시장,전통시장,서울특별시,3.0,3.0,,,RESOLVED_AGREEMENT,False,3,,,,
2bab387370fc8cc4f5d3,val,공예,T6 기계변형,q_공예_07,공예추천,문화·여가 중 '공예'를 판매·제공하는 매장,de45a295-3b75-43e8-9eaa-d393e45165e5,신광공예사,공예품,㈜여수중앙시장,전통시장,전라남도,3.0,3.0,,,RESOLVED_AGREEMENT,False,3,,,,
a7df12d0781cf27c0edf,val,공예,T6 기계변형,q_공예_07,공예추천,문화·여가 중 '공예'를 판매·제공하는 매장,8cecfa26-c1dc-4eb9-9f85-55f137518cf9,美미사,공예품,남대문시장,전통시장,서울특별시,3.0,3.0,,,RESOLVED_AGREEMENT,False,3,,,,
9b1940a7fd1f48801698,val,과일,T1 정확표기,q_과일_01,과일,식료품 중 '과일'을 판매·제공하는 매장,fb3d5ba8-3149-4f27-9929-ae691786f19b,그집과일,과일,진천혁신골목형상점가,골목형상점가,충청북도,3.0,3.0,,,RESOLVED_AGREEMENT,False,3,,,,
e13d12ebcc3fb7beaad5,val,과일,T1 정확표기,q_과일_01,과일,식료품 중 '과일'을 판매·제공하는 매장,3c49cc60-6135-4713-bf97-a40661ba8e07,뉴팜,사과 샤인머스켓,금오시장,전통시장,경상북도,3.0,3.0,,,RESOLVED_AGREEMENT,False,3,,,,
cb057dab910981c2f3fe,val,과일,T1 정확표기,q_과일_01,과일,식료품 중 '과일'을 판매·제공하는 매장,719df6b7-e9fe-466d-9795-ca847187592f,과일촌,과일,원미종합시장,전통시장,경기도,3.0,3.0,,,RESOLVED_AGREEMENT,False,3,,,,
a5cf9676e5f562e24244,val,과일,T1 정확표기,q_과일_01,과일,식료품 중 '과일'을 판매·제공하는 매장,e59beb2f-b57b-492e-a2c5-00d05b73edf7,군북과일,과일,성북시장,전통시장,부산광역시,3.0,3.0,,,RESOLVED_AGREEMENT,False,3,,,,
166de7f1cbf65d1eb8ed,val,과일,T1 정확표기,q_과일_01,과일,식료품 중 '과일'을 판매·제공하는 매장,1e86b213-0e98-4400-8ac3-1a8a4bc51f80,과일촌,과일,만수시장,전통시장,인천광역시,3.0,3.0,,,RESOLVED_AGREEMENT,False,3,,,,
fa99b6600484bdadea18,val,과일,T1 정확표기,q_과일_01,과일,식료품 중 '과일'을 판매·제공하는 매장,90837a7f-5899-4589-905d-b1f91f48d97b,과일실록,과일,상계중앙시장,전통시장,서울특별시,3.0,3.0,,,RESOLVED_AGREEMENT,False,3,,,,
1db6a900a6bb1d84b610,val,과일,T1 정확표기,q_과일_01,과일,식료품 중 '과일'을 판매·제공하는 매장,be3c13d0-5946-4b75-a158-c67fbb8308c6,경희과일,과일,반구시장,전통시장,울산광역시,3.0,3.0,,,RESOLVED_AGREEMENT,False,3,,,,
ef99064a5fc7b7eda8fc,val,과일,T1 정확표기,q_과일_01,과일,식료품 중 '과일'을 판매·제공하는 매장,a6548d25-d55a-4784-9085-f066f1a45487,대전다이빙스쿨,스킨스쿠버 장비,유성구암 골목형상점가,골목형상점가,대전광역시,0.0,0.0,,,RESOLVED_AGREEMENT,False,0,,,,
4c4dda41f1c42682faff,val,과일,T1 정확표기,q_과일_01,과일,식료품 중 '과일'을 판매·제공하는 매장,8546ad68-4f02-4e21-ab4c-544958bbf0ea,믹스스토아(MIX stoa),의류,수유역골목형상점가,골목형상점가,서울특별시,0.0,0.0,,,RESOLVED_AGREEMENT,False,0,,,,
aa77e38b93da1c7355c1,val,과일,T1 정확표기,q_과일_01,과일,식료품 중 '과일'을 판매·제공하는 매장,30aab4f1-0a08-40f8-8ec9-7fb904873471,봉좌산농원,농산물(사과),안강공설시장,전통시장,경상북도,3.0,3.0,,,RESOLVED_AGREEMENT,False,3,,,,
19543d014da2ffe5f8f6,val,과일,T1 정확표기,q_과일_01,과일,식료품 중 '과일'을 판매·제공하는 매장,a846d2f2-7cfa-494f-8d7a-56c61bf00d2d,유진이네 과일,과일,남항시장,전통시장,부산광역시,3.0,3.0,,,RESOLVED_AGREEMENT,False,3,,,,
822e21846c0e68a66e29,val,과일,T1 정확표기,q_과일_01,과일,식료품 중 '과일'을 판매·제공하는 매장,0bae8799-de18-4054-9723-c8195c79e91a,빛고을식당,곱창,영광터미널 골목형상점가,골목형상점가,전라남도,0.0,0.0,,,RESOLVED_AGREEMENT,False,0,,,,
a3a7d8182ad009f617c9,val,과일,T1 정확표기,q_과일_01,과일,식료품 중 '과일'을 판매·제공하는 매장,fc9c60d0-c242-4b7f-9b09-60db435a59e0,과일밭,과일,남목전통시장,전통시장,울산광역시,3.0,3.0,,,RESOLVED_AGREEMENT,False,3,,,,
90a5fc82eab849e810a9,val,과일,T1 정확표기,q_과일_01,과일,식료품 중 '과일'을 판매·제공하는 매장,06a818b2-847f-414f-89e8-b103f4ae145e,시계탑과일,과일,원주미로예술중앙시장(원주중앙시장),전통시장,강원특별자치도,3.0,3.0,,,RESOLVED_AGREEMENT,False,3,,,,
f4067cce0287f1f874b8,val,과일,T1 정확표기,q_과일_01,과일,식료품 중 '과일'을 판매·제공하는 매장,26bec8be-7e70-41c6-b463-833aa0224e18,진이네 과일,과일,가좌동골목형상점가,골목형상점가,경기도,3.0,3.0,,,RESOLVED_AGREEMENT,False,3,,,,
75d3369127aef5635c3e,val,과일,T1 정확표기,q_과일_01,과일,식료품 중 '과일'을 판매·제공하는 매장,2992be82-bad0-4871-9e72-203ffe68878f,과일촌,과일,평택통복시장,전통시장,경기도,3.0,3.0,,,RESOLVED_AGREEMENT,False,3,,,,
2f70b46f4a5dbda88472,val,과일,T1 정확표기,q_과일_01,과일,식료품 중 '과일'을 판매·제공하는 매장,0042e83d-930b-4d1d-a96f-f1a2691256cd,성화상회,과일,대구능금시장,전통시장,대구광역시,3.0,3.0,,,RESOLVED_AGREEMENT,False,3,,,,
25f415b3fdafc8cba946,val,과일,T1 정확표기,q_과일_01,과일,식료품 중 '과일'을 판매·제공하는 매장,0063671e-77f7-466c-bbc2-223497c0dae4,무가당,카페,세병호 골목형상점가,골목형상점가,전북특별자치도,1.0,0.0,,,P2_GRADED_ONLY,True,,,,,
d802a7169c7114e4337b,val,과일,T1 정확표기,q_과일_01,과일,식료품 중 '과일'을 판매·제공하는 매장,07f5dcc1-080d-4db8-807f-7c2904ee20b2,개똥이네 과일,과일,당감골목시장,전통시장,부산광역시,3.0,3.0,,,RESOLVED_AGREEMENT,False,3,,,,
facab826708ede8732b2,val,과일,T1 정확표기,q_과일_01,과일,식료품 중 '과일'을 판매·제공하는 매장,e56873ad-306b-4938-bac5-8dfae6a8e5b6,구로과일,과일,남구로시장,전통시장,서울특별시,3.0,3.0,,,RESOLVED_AGREEMENT,False,3,,,,
b1a9d629632310c9056c,val,과일,T1 정확표기,q_과일_01,과일,식료품 중 '과일'을 판매·제공하는 매장,656f192f-72d8-4531-aec0-18bd03d05bc6,명과일,과일,장위전통시장,전통시장,서울특별시,3.0,3.0,,,RESOLVED_AGREEMENT,False,3,,,,
c5531802cb327cb97ca0,val,과일,T1 정확표기,q_과일_01,과일,식료품 중 '과일'을 판매·제공하는 매장,00333be0-b70d-4197-aa97-5a277d61e0da,㈜신진후르츠,과일,부전농수산물새벽시장,전통시장,부산광역시,3.0,3.0,,,RESOLVED_AGREEMENT,False,3,,,,
947d747ba8b35fbcf338,val,과일,T1 정확표기,q_과일_01,과일,식료품 중 '과일'을 판매·제공하는 매장,73702b5b-fb88-4477-aaeb-af6590899fa8,월드뮤직악기사,악기,태영타운 골목형상점가,골목형상점가,경기도,0.0,0.0,,,RESOLVED_AGREEMENT,False,0,,,,
e1d4a93978d7412b8b55,val,과일,T1 정확표기,q_과일_01,과일,식료품 중 '과일'을 판매·제공하는 매장,cae8849b-5676-4b4a-973f-ba74b776d48e,고흥과일,과일,목포동부시장,전통시장,전라남도,3.0,3.0,,,RESOLVED_AGREEMENT,False,3,,,,
5f2bf587bd12fe02521f,val,과일,T1 정확표기,q_과일_01,과일,식료품 중 '과일'을 판매·제공하는 매장,e50663cb-2e0e-4fb8-b139-7bd05c5cfe02,과일(강씨과일),과일,팔달신시장,전통시장,대구광역시,3.0,3.0,,,RESOLVED_AGREEMENT,False,3,,,,
5677bbb725f6dc9641f8,val,과일,T1 정확표기,q_과일_01,과일,식료품 중 '과일'을 판매·제공하는 매장,00da8084-69b5-4bcc-b2ca-3eaf11175611,밀키샵 별내점,디저트,별내로데오상점가,골목형상점가,경기도,1.0,0.0,,,P2_GRADED_ONLY,True,,,,,
b3fb64a2feba1b2429ba,val,과일,T1 정확표기,q_과일_01,과일,식료품 중 '과일'을 판매·제공하는 매장,006204f3-b214-4611-a434-f896bf75e919,장터사랑,과일,농성세대공감상인회 골목형상점가,골목형상점가,광주광역시,3.0,3.0,,,RESOLVED_AGREEMENT,False,3,,,,
d306e42ce5ea4a1f8889,val,과일,T1 정확표기,q_과일_01,과일,식료품 중 '과일'을 판매·제공하는 매장,bb18c45d-9514-47c4-9b16-0ba51cbff6a7,건후네 과일,과일,용문천년시장,전통시장,경기도,3.0,3.0,,,RESOLVED_AGREEMENT,False,3,,,,
2208d38768b0045c8236,val,과일,T1 정확표기,q_과일_01,과일,식료품 중 '과일'을 판매·제공하는 매장,31b0bfe3-cac5-47f0-867d-5552d8f0972a,과일 픽,과일,두정로 두정상가길 골목형상점가,골목형상점가,충청남도,3.0,3.0,,,RESOLVED_AGREEMENT,False,3,,,,
1aca62b737922665e90b,val,과일,T1 정확표기,q_과일_01,과일,식료품 중 '과일'을 판매·제공하는 매장,6bc9b36a-31f2-49da-8924-672493958b94,과일 정원,과일,오송역파라곤센트럴시티2차골목형상점가,골목형상점가,충청북도,3.0,3.0,,,RESOLVED_AGREEMENT,False,3,,,,
014289fedcd0bfa1f38a,val,과일,T1 정확표기,q_과일_01,과일,식료품 중 '과일'을 판매·제공하는 매장,07aa9211-faba-46ea-bda8-0efd60f4653c,과일짱,과일,광명새마을시장,전통시장,경기도,3.0,3.0,,,RESOLVED_AGREEMENT,False,3,,,,
0987fbc40831a92fdb67,val,과일,T1 정확표기,q_과일_01,과일,식료품 중 '과일'을 판매·제공하는 매장,ab7abf3b-c86c-46b7-a254-9e9124bd1cda,고향과일,과일,월배신시장,전통시장,대구광역시,3.0,3.0,,,RESOLVED_AGREEMENT,False,3,,,,
5d462afedab8d2d1e6e2,val,과일,T1 정확표기,q_과일_01,과일,식료품 중 '과일'을 판매·제공하는 매장,00045dfc-0681-4fb3-8265-33b3df14c289,한라농산,과일,황지시장상점가,자율상권구역,강원특별자치도,3.0,3.0,,,RESOLVED_AGREEMENT,False,3,,,,
6f7691270a69c59ab379,val,과일,T1 정확표기,q_과일_01,과일,식료품 중 '과일'을 판매·제공하는 매장,4ccfa149-b4f6-4212-9bb7-414643477abe,대광과일,과일,덕풍전통시장,전통시장,경기도,3.0,3.0,,,RESOLVED_AGREEMENT,False,3,,,,
f3a84e17d348e530790d,val,과일,T1 정확표기,q_과일_01,과일,식료품 중 '과일'을 판매·제공하는 매장,103c83f7-8510-4eb0-b9b0-e85633c1a7a1,경희과일,과일,범천중앙시장,전통시장,부산광역시,3.0,3.0,,,RESOLVED_AGREEMENT,False,3,,,,
9062523ba1b7d6a3e3a0,val,과일,T1 정확표기,q_과일_01,과일,식료품 중 '과일'을 판매·제공하는 매장,3f3531a1-d993-45ae-b188-2104998253c6,욍과일,과일,은행나무시장(구시흥중앙시장),전통시장,서울특별시,3.0,3.0,,,RESOLVED_AGREEMENT,False,3,,,,
15f9433549d26653311b,val,과일,T1 정확표기,q_과일_01,과일,식료품 중 '과일'을 판매·제공하는 매장,00d3ef33-13db-4750-93a0-4b31010fcb70,온유베이크,카페,스타타워1 골목형상점가,골목형상점가,인천광역시,1.0,0.0,,,P2_GRADED_ONLY,True,,,,,
00d1ac5b6980e36980d5,val,과일,T1 정확표기,q_과일_01,과일,식료품 중 '과일'을 판매·제공하는 매장,0165a7f2-4303-433a-a548-17d89cb6fa0f,"꽃,과일","꽃, 과일",이동 골목형상점가,골목형상점가,경기도,3.0,3.0,,,RESOLVED_AGREEMENT,False,3,,,,
a1bf03691c649587546e,val,과일,T1 정확표기,q_과일_01,과일,식료품 중 '과일'을 판매·제공하는 매장,8898592e-9850-4e53-97c8-a0ff37691b52,참과일,과일,연일전통시장,전통시장,경상북도,3.0,3.0,,,RESOLVED_AGREEMENT,False,3,,,,
29a7f1a98cb15ee573bc,val,과일,T1 정확표기,q_과일_01,과일,식료품 중 '과일'을 판매·제공하는 매장,ccfff857-f617-48ed-b6a5-c33281c34fa6,으뜸과일,과일,서서울골목형상점가,골목형상점가,서울특별시,3.0,3.0,,,RESOLVED_AGREEMENT,False,3,,,,
a6834e893344f4cb76f0,val,과일,T1 정확표기,q_과일_01,과일,식료품 중 '과일'을 판매·제공하는 매장,613fa94a-e7ae-4648-b268-c67726a97ad8,진과일,과일,용호1동골목시장,전통시장,부산광역시,3.0,3.0,,,RESOLVED_AGREEMENT,False,3,,,,
965d8f495f8a84c0a204,val,과일,T1 정확표기,q_과일_01,과일,식료품 중 '과일'을 판매·제공하는 매장,41271a18-a3ae-445b-86bd-f7a2651faabe,동현상회,사과청과,대구능금시장,전통시장,대구광역시,3.0,3.0,,,RESOLVED_AGREEMENT,False,3,,,,
e5f83ee086e6be9f28f6,val,과일,T1 정확표기,q_과일_01,과일,식료품 중 '과일'을 판매·제공하는 매장,00ebc127-05c7-4f5b-8926-20ba39cc1cda,대전따봉,"소매(청과,생선)",권선종합시장,전통시장,경기도,3.0,3.0,,,RESOLVED_AGREEMENT,False,3,,,,
b0c17c2ee87a740a9f1b,val,과일,T1 정확표기,q_과일_01,과일,식료품 중 '과일'을 판매·제공하는 매장,687a6342-aa33-4be5-acad-5cfb1fafdc7d,천상과일,과일,진잠 골목형상점가,골목형상점가,대전광역시,3.0,3.0,,,RESOLVED_AGREEMENT,False,3,,,,
b8528be6193be9929a4d,val,과일,T1 정확표기,q_과일_01,과일,식료품 중 '과일'을 판매·제공하는 매장,b6843f2b-0cdc-4ea9-8219-8af49e11779d,행복한 과일,과일,목포동부시장,전통시장,전라남도,3.0,3.0,,,RESOLVED_AGREEMENT,False,3,,,,
5f3c91b17bf8c44697e8,val,과일,T1 정확표기,q_과일_01,과일,식료품 중 '과일'을 판매·제공하는 매장,00e927c5-be32-44e1-b7fd-80e9cfc81773,진양상회,청과물,진주 청과시장,전통시장,경상남도,3.0,3.0,,,RESOLVED_AGREEMENT,False,3,,,,
f8d2f7512327eac4e7ff,val,과일,T1 정확표기,q_과일_01,과일,식료품 중 '과일'을 판매·제공하는 매장,0bbd23f7-9e4c-453c-a031-a086f57365f4,그집과일,과일,춘천 원도심 상권활성화,상권활성화구역,강원특별자치도,3.0,3.0,,,RESOLVED_AGREEMENT,False,3,,,,
445a6bbe986f4b960bd3,val,과일,T1 정확표기,q_과일_01,과일,식료품 중 '과일'을 판매·제공하는 매장,0045f871-6f40-4361-bcdd-2b94bf597287,무파장터,야채 청과물,신금정시장 골목형 상점가,골목형상점가,부산광역시,3.0,3.0,,,RESOLVED_AGREEMENT,False,3,,,,
33a68f860fa2cc9d0f6b,val,과일,T1 정확표기,q_과일_01,과일,식료품 중 '과일'을 판매·제공하는 매장,d5e7658d-de05-4ed1-ae04-73b13b79ddfd,"재주, 과일",과일,세류2동 골목형상점가,골목형상점가,경기도,3.0,3.0,,,RESOLVED_AGREEMENT,False,3,,,,
42573ae944d5aee6cbd2,val,과일,T1 정확표기,q_과일_01,과일,식료품 중 '과일'을 판매·제공하는 매장,3ce95951-87b4-446c-a76f-975a295f65da,과일팜,과일,풍암우미상인회 골목형상점가,골목형상점가,광주광역시,3.0,3.0,,,RESOLVED_AGREEMENT,False,3,,,,
c94661c67e30cdc9a88e,val,과일,T1 정확표기,q_과일_01,과일,식료품 중 '과일'을 판매·제공하는 매장,2acea435-157a-42b2-82f0-0bfe6b5e3be5,이레과일,과일,용인중앙시장,전통시장,경기도,3.0,3.0,,,RESOLVED_AGREEMENT,False,3,,,,
dd2ff7f559c823d9359f,val,과일,T1 정확표기,q_과일_01,과일,식료품 중 '과일'을 판매·제공하는 매장,de1dc1a1-abbd-42c1-9293-6af8c390a9ce,청춘과일,과일,첨단하나로,골목형상점가,광주광역시,3.0,3.0,,,RESOLVED_AGREEMENT,False,3,,,,
69ce4ddeb46002930519,val,과일,T1 정확표기,q_과일_01,과일,식료품 중 '과일'을 판매·제공하는 매장,003d7e3f-6459-4018-ac58-7184cd2457d5,눈치 금호점,카페,금호1동상가번영회 골목형상점가,골목형상점가,광주광역시,1.0,0.0,,,P2_GRADED_ONLY,True,,,,,
f5e9d88eacd198cc1ed3,val,과일,T1 정확표기,q_과일_01,과일,식료품 중 '과일'을 판매·제공하는 매장,5797f002-48ee-4167-835b-c246efb39cab,사계 신선 과일,과일,원미부흥시장,전통시장,경기도,3.0,3.0,,,RESOLVED_AGREEMENT,False,3,,,,
2630e287e7fd8b6a2a1e,val,과일,T1 정확표기,q_과일_01,과일,식료품 중 '과일'을 판매·제공하는 매장,614d06b5-966b-4be0-9167-68ce2dc9bcda,장수과일,과일,김해 동상전통시장,전통시장,경상남도,3.0,3.0,,,RESOLVED_AGREEMENT,False,3,,,,
e155680caa01272936fb,val,과일,T1 정확표기,q_과일_01,과일,식료품 중 '과일'을 판매·제공하는 매장,d250e4cb-997d-44f8-8d99-5d9505ec8cb4,과일,과일,능동로골목시장(자양한강전통시장),전통시장,서울특별시,3.0,3.0,,,RESOLVED_AGREEMENT,False,3,,,,
d5cc919c29ce151860b8,val,과일,T1 정확표기,q_과일_01,과일,식료품 중 '과일'을 판매·제공하는 매장,69073e4f-39a1-4bb2-9d42-ca57b18cb03a,은서과일,과일,달서시장,전통시장,대구광역시,3.0,3.0,,,RESOLVED_AGREEMENT,False,3,,,,
57cc6add15d0209e6db4,val,과일,T1 정확표기,q_과일_01,과일,식료품 중 '과일'을 판매·제공하는 매장,8019268d-e8c3-49c6-b65d-eb3fb8e3a55f,짱과일,과일,꽃밭정이 골목형상점가,골목형상점가,전북특별자치도,3.0,3.0,,,RESOLVED_AGREEMENT,False,3,,,,
1b99900afdeb3e6be39b,val,과일,T1 정확표기,q_과일_01,과일,식료품 중 '과일'을 판매·제공하는 매장,bc8b2639-3ddc-4af2-a5c0-457ad0ca686b,남해과일,과일,함안 가야전통시장,전통시장,경상남도,3.0,3.0,,,RESOLVED_AGREEMENT,False,3,,,,
37f5a809c7a995d95e01,val,과일,T1 정확표기,q_과일_01,과일,식료품 중 '과일'을 판매·제공하는 매장,0ebab450-c982-4695-9b6e-a7eff5d8d0c5,정이네 과일,과일,가좌시장,전통시장,인천광역시,3.0,3.0,,,RESOLVED_AGREEMENT,False,3,,,,
44d4e5f08ef680445503,val,과일,T1 정확표기,q_과일_01,과일,식료품 중 '과일'을 판매·제공하는 매장,3e6e7885-b089-490d-9743-1d67ef9371cc,과일톡,과일,의정부시 구도심 상권활성화구역,상권활성화구역,경기도,3.0,3.0,,,RESOLVED_AGREEMENT,False,3,,,,
0bd17650660fb4e2a6c8,val,과일,T1 정확표기,q_과일_01,과일,식료품 중 '과일'을 판매·제공하는 매장,00c6ce65-3761-4ba1-a849-bcedeaa97463,평화상회,청과,경산공설시장,전통시장,경상북도,3.0,3.0,,,RESOLVED_AGREEMENT,False,3,,,,
0fd9fb8b47f4654a42e5,val,과일,T1 정확표기,q_과일_01,과일,식료품 중 '과일'을 판매·제공하는 매장,0a616092-c136-486a-be27-0dc7a2116f6f,소문난 과일,과일,중곡제일골목시장(중곡제일전통시장),전통시장,서울특별시,3.0,3.0,,,RESOLVED_AGREEMENT,False,3,,,,
f89c619ad54e5ba0d648,val,과일,T1 정확표기,q_과일_01,과일,식료품 중 '과일'을 판매·제공하는 매장,a794767b-9613-4dc6-a8f8-429ea10e8546,두리 과일,과일,익산장(구 북부장),전통시장,전북특별자치도,3.0,3.0,,,RESOLVED_AGREEMENT,False,3,,,,
c69e4d66f55e601ef2dd,val,과일,T1 정확표기,q_과일_01,과일,식료품 중 '과일'을 판매·제공하는 매장,003e7ebf-1112-4ab4-a484-67716e4b2a85,이든,카페,원주중앙시장활성화구역,상권활성화구역,강원특별자치도,1.0,0.0,,,P2_GRADED_ONLY,True,,,,,
cfb16c18b0501099632e,val,과일,T1 정확표기,q_과일_01,과일,식료품 중 '과일'을 판매·제공하는 매장,fece4c59-3bea-4bda-8a9d-16d4ee800626,경북과일,과일,포항죽도농산물시장,전통시장,경상북도,3.0,3.0,,,RESOLVED_AGREEMENT,False,3,,,,
544baa9b7cd366d01e53,val,과일,T1 정확표기,q_과일_01,과일,식료품 중 '과일'을 판매·제공하는 매장,ab9f5a42-aa17-4ca7-98bb-57bde247562f,과일집,과일,태릉골목형상점가,골목형상점가,서울특별시,3.0,3.0,,,RESOLVED_AGREEMENT,False,3,,,,
290ab2db0ec2787a6696,val,과일,T1 정확표기,q_과일_01,과일,식료품 중 '과일'을 판매·제공하는 매장,75f6cb49-965b-48ee-bf8f-c1847c903d0a,단과일,과일,다같이 울산송정 골목형상점가,골목형상점가,울산광역시,3.0,3.0,,,RESOLVED_AGREEMENT,False,3,,,,
480e3375f9f197de593b,val,과일,T1 정확표기,q_과일_01,과일,식료품 중 '과일'을 판매·제공하는 매장,f2a0e3bb-5f85-46d0-9b1f-150aaeb3522e,송악청과,과일,"온양온천시장(온양재래시장, 전통시장)",전통시장,충청남도,3.0,3.0,,,RESOLVED_AGREEMENT,False,3,,,,
bdd935dcbcb53f57edc0,val,과일,T1 정확표기,q_과일_01,과일,식료품 중 '과일'을 판매·제공하는 매장,451f66e8-a8aa-442e-8899-8a22fe952437,예쁜과일,과일,개금골목시장,전통시장,부산광역시,3.0,3.0,,,RESOLVED_AGREEMENT,False,3,,,,
93cc025e068c4db8e2ee,val,과일,T1 정확표기,q_과일_01,과일,식료품 중 '과일'을 판매·제공하는 매장,9d33c3c2-a5d3-48c7-9059-2ce9b873ea67,세븐일레븐 전주삼천호반점,,삼사 골목형상점가,골목형상점가,전북특별자치도,,0.0,Y,,P0_UNCERTAIN_OR_MISSING,True,,,,,
bdb8523ed3e2669eb939,val,과일,T1 정확표기,q_과일_01,과일,식료품 중 '과일'을 판매·제공하는 매장,f8a1fea0-07b1-40fb-be9b-d02e521bce02,총각과일,과일,부전마켓타운 시장활성화구역,상권활성화구역,부산광역시,3.0,3.0,,,RESOLVED_AGREEMENT,False,3,,,,
4dfa8bee1652a63ccae1,val,과일,T1 정확표기,q_과일_01,과일,식료품 중 '과일'을 판매·제공하는 매장,0af5f838-4190-4a50-8032-c9982143d578,청해과일,과일,구역전전통시장,전통시장,울산광역시,3.0,3.0,,,RESOLVED_AGREEMENT,False,3,,,,
18e7990933677600cc98,val,과일,T1 정확표기,q_과일_01,과일,식료품 중 '과일'을 판매·제공하는 매장,35883750-a8fa-4dc2-a2e9-90c571031879,지리산고지농원,"사과, 종자, 오미자",남원인월시장,전통시장,전북특별자치도,3.0,3.0,,,RESOLVED_AGREEMENT,False,3,,,,
d5f307814019665a5f12,val,과일,T1 정확표기,q_과일_01,과일,식료품 중 '과일'을 판매·제공하는 매장,33718306-2235-4dc8-980f-6194b2d058b8,달보드레 과일,과일,보정중심 골목형상점가,골목형상점가,경기도,3.0,3.0,,,RESOLVED_AGREEMENT,False,3,,,,
f7c8512fcb8e5abeeb06,val,과일,T1 정확표기,q_과일_01,과일,식료품 중 '과일'을 판매·제공하는 매장,ccc63c2c-1b36-40f1-8e62-09fbe3c7217e,훈훈한 과일,과일,정서진중앙시장(구 서구중앙시장),전통시장,인천광역시,3.0,3.0,,,RESOLVED_AGREEMENT,False,3,,,,
c7a028896989f23f3f6b,val,과일,T1 정확표기,q_과일_01,과일,식료품 중 '과일'을 판매·제공하는 매장,03bdb89c-b551-49dc-a73f-54cf757bd138,삼익과일,과일,송하동 골목형상점가,골목형상점가,광주광역시,3.0,3.0,,,RESOLVED_AGREEMENT,False,3,,,,
d3a5e101ff44bdbdc57b,val,과일,T1 정확표기,q_과일_01,과일,식료품 중 '과일'을 판매·제공하는 매장,d5d5ed39-23d8-43d9-9798-1cae81971165,정우 과일 상회,과일,해남매일시장,전통시장,전라남도,3.0,3.0,,,RESOLVED_AGREEMENT,False,3,,,,
f22d764a76e4ad7b60b3,val,과일,T1 정확표기,q_과일_01,과일,식료품 중 '과일'을 판매·제공하는 매장,165b3625-5da0-4998-af46-c016619a2e7c,한밭과일,과일,태평시장,전통시장,대전광역시,3.0,3.0,,,RESOLVED_AGREEMENT,False,3,,,,
23887156e07a9e437991,val,과일,T1 정확표기,q_과일_01,과일,식료품 중 '과일'을 판매·제공하는 매장,ff866c6d-0858-4031-8c70-9a8fddf7efd6,찌개찝제주시청점,한식찌개류 및 제육볶음류 및 기타,도남시장,전통시장,제주특별자치도,0.0,0.0,,,RESOLVED_AGREEMENT,False,0,,,,
c4bebdd19a002856ed7f,val,과일,T1 정확표기,q_과일_01,과일,식료품 중 '과일'을 판매·제공하는 매장,d10dba74-a1e7-4a6b-8160-4138ddb6e7da,달당,과일,복대가경시장,전통시장,충청북도,3.0,3.0,,,RESOLVED_AGREEMENT,False,3,,,,
9c2354af8d79005cb979,val,과일,T1 정확표기,q_과일_01,과일,식료품 중 '과일'을 판매·제공하는 매장,fff524d9-2b80-4495-8a50-3e99039afa1a,약국옆과일,과일,신 강남시장,전통시장,인천광역시,3.0,3.0,,,RESOLVED_AGREEMENT,False,3,,,,
bffbf7f725ad680f9ad5,val,과일,T1 정확표기,q_과일_01,과일,식료품 중 '과일'을 판매·제공하는 매장,edceee03-fbb0-4c43-86af-b46c94360a83,이근철청과,과일,남부시장,전통시장,경상북도,3.0,3.0,,,RESOLVED_AGREEMENT,False,3,,,,
1313be3a4273aa1d863e,val,과일,T1 정확표기,q_과일_01,과일,식료품 중 '과일'을 판매·제공하는 매장,6ff4937b-ccca-4a5d-8e35-f886f595a6ab,모닝과일,과일,수유전통시장(구 수유골목시장),전통시장,서울특별시,3.0,3.0,,,RESOLVED_AGREEMENT,False,3,,,,
611a056e24d1748e4b44,val,과일,T1 정확표기,q_과일_01,과일,식료품 중 '과일'을 판매·제공하는 매장,00468e6b-39c6-4ce1-a534-a6b1eecac01d,태양농산물,과일,정릉서경대길골목형상점가(정릉골),골목형상점가,서울특별시,3.0,3.0,,,RESOLVED_AGREEMENT,False,3,,,,
4a97d88bb8cf78d72df7,val,과일,T1 정확표기,q_과일_01,과일,식료품 중 '과일'을 판매·제공하는 매장,12def721-d9b2-4401-8120-605d3bae375f,수과일,과일,용호1동골목시장,전통시장,부산광역시,3.0,3.0,,,RESOLVED_AGREEMENT,False,3,,,,
df94c64210045f70ccf8,val,과일,T1 정확표기,q_과일_01,과일,식료품 중 '과일'을 판매·제공하는 매장,9066a406-0030-4259-94ad-e96c0715fe88,과일 창고,과일,정림동 골목형상점가,골목형상점가,대전광역시,3.0,3.0,,,RESOLVED_AGREEMENT,False,3,,,,
34ffe5a5c4ba3cf2cb54,val,과일,T1 정확표기,q_과일_01,과일,식료품 중 '과일'을 판매·제공하는 매장,3847397b-c8df-4285-91bd-f01548bf6a31,백해수 과일,과일,봉덕신시장,전통시장,대구광역시,3.0,3.0,,,RESOLVED_AGREEMENT,False,3,,,,
916a2aedcf720189b8b6,val,과일,T1 정확표기,q_과일_01,과일,식료품 중 '과일'을 판매·제공하는 매장,1732b474-5fd1-4efa-b932-ca82015e604d,제주애() 과일,과일,제주시민속오일시장,전통시장,제주특별자치도,3.0,3.0,,,RESOLVED_AGREEMENT,False,3,,,,
5a604e46ebe5443a32b6,val,과일,T1 정확표기,q_과일_01,과일,식료품 중 '과일'을 판매·제공하는 매장,1f7f1e39-3c2e-4290-aa35-ec45f201ab0c,고고과일,과일,통영 북신전통시장,전통시장,경상남도,3.0,3.0,,,RESOLVED_AGREEMENT,False,3,,,,
204929ed666504e90647,val,과일,T1 정확표기,q_과일_01,과일,식료품 중 '과일'을 판매·제공하는 매장,5a6d5f0e-9bfc-49bd-93bd-8e194df61be4,본도시락 과천지식정보타운점,일반음식점,과천스마트케이 골목형상점가,골목형상점가,경기도,0.0,0.0,,,RESOLVED_AGREEMENT,False,0,,,,
14a01b5afc21cb2ea4c7,val,과일,T1 정확표기,q_과일_01,과일,식료품 중 '과일'을 판매·제공하는 매장,36fbb793-24e5-4f3f-948e-522b0f86b8b9,더 과일,과일,"지웰시티몰 1,2단지 골목형상점가",골목형상점가,충청남도,3.0,3.0,,,RESOLVED_AGREEMENT,False,3,,,,
b6385e5b7561099b5a12,val,과일,T1 정확표기,q_과일_01,과일,식료품 중 '과일'을 판매·제공하는 매장,b17526ac-af8d-4e0e-97b4-3cbf29acda2a,욱수과일,과일,신매시장,전통시장,대구광역시,3.0,3.0,,,RESOLVED_AGREEMENT,False,3,,,,
43ab83324038b31bb030,val,과일,T1 정확표기,q_과일_01,과일,식료품 중 '과일'을 판매·제공하는 매장,07d974e4-4e7d-41fe-8b1f-a7a96756dc79,백산청과,사과,충주농산물종합시장(구 중앙청과시장),전통시장,충청북도,3.0,3.0,,,RESOLVED_AGREEMENT,False,3,,,,
d5cdc03d5fd1f224b325,val,과일,T1 정확표기,q_과일_01,과일,식료품 중 '과일'을 판매·제공하는 매장,009efeba-a92a-4bf2-867f-f40d57386d40,(유)진경농산,청과,가락몰골목형상점가,골목형상점가,서울특별시,3.0,3.0,,,RESOLVED_AGREEMENT,False,3,,,,
18feaf966dfdbd2c6e8a,val,과일,T1 정확표기,q_과일_01,과일,식료품 중 '과일'을 판매·제공하는 매장,84de0b35-60d6-46d3-b0aa-79e52ffe213f,재필이네 과일,과일,둔포전통시장,전통시장,충청남도,3.0,3.0,,,RESOLVED_AGREEMENT,False,3,,,,
b1b4ee72792f65f075ae,val,과일,T1 정확표기,q_과일_01,과일,식료품 중 '과일'을 판매·제공하는 매장,66c18905-71e0-47c4-b3bf-f12db543780f,과일촌,과일,전주 삼천이 골목형상점가,골목형상점가,전북특별자치도,3.0,3.0,,,RESOLVED_AGREEMENT,False,3,,,,
778f2aa7dde149f4e7f1,val,과일,T1 정확표기,q_과일_01,과일,식료품 중 '과일'을 판매·제공하는 매장,5d7e03d1-e47d-4037-8079-ed91dea8e87a,빵파레,완구,동대문문구완구거리,자율상권구역,서울특별시,0.0,0.0,,,RESOLVED_AGREEMENT,False,0,,,,
3ab103a96a113cde9401,val,과일,T1 정확표기,q_과일_01,과일,식료품 중 '과일'을 판매·제공하는 매장,234ee312-05ba-4183-af7a-8a8ac8f25047,과일#,과일,서부시장상점가(서부시장 통합),전통시장,전북특별자치도,3.0,3.0,,,RESOLVED_AGREEMENT,False,3,,,,
fedbcbb092a46c1e49a6,val,과일,T2 동의어,q_과일_02,과일가게,식료품 중 '과일'을 판매·제공하는 매장,00ebc127-05c7-4f5b-8926-20ba39cc1cda,대전따봉,"소매(청과,생선)",권선종합시장,전통시장,경기도,3.0,3.0,,,RESOLVED_AGREEMENT,False,3,,,,
3a7698f7295784b2acdf,val,과일,T2 동의어,q_과일_02,과일가게,식료품 중 '과일'을 판매·제공하는 매장,06b14dd2-9361-4c86-97a3-c9f0a07abb57,영호네가게,과일,청학시장,전통시장,부산광역시,3.0,3.0,,,RESOLVED_AGREEMENT,False,3,,,,
322915f9aa481eedad59,val,과일,T2 동의어,q_과일_02,과일가게,식료품 중 '과일'을 판매·제공하는 매장,8787ae1e-16eb-4a5d-a5b0-f500d3797100,아지야과일가게 다사,식료품,(유)다사소상공인연합,골목형상점가,대구광역시,2.0,3.0,,,P2_GRADED_ONLY,True,,,,,
2d06a744593169c253cd,val,과일,T2 동의어,q_과일_02,과일가게,식료품 중 '과일'을 판매·제공하는 매장,f04b0663-2d43-498f-91b9-1d2796a4b516,천원야채과일가게,농산물,돌곶이시장,전통시장,서울특별시,2.0,3.0,,,P2_GRADED_ONLY,True,,,,,
29dd2908463aea0f3122,val,과일,T2 동의어,q_과일_02,과일가게,식료품 중 '과일'을 판매·제공하는 매장,53776ad6-4a97-4445-b7f6-e236725c5048,대박옷가게,옷가게,안동광석거리 골목형상점가,골목형상점가,경상북도,0.0,0.0,,,RESOLVED_AGREEMENT,False,0,,,,
17c5cf402f482dc98767,val,과일,T2 동의어,q_과일_02,과일가게,식료품 중 '과일'을 판매·제공하는 매장,41271a18-a3ae-445b-86bd-f7a2651faabe,동현상회,사과청과,대구능금시장,전통시장,대구광역시,3.0,3.0,,,RESOLVED_AGREEMENT,False,3,,,,
5a0f68054b24cf5b3b40,val,과일,T2 동의어,q_과일_02,과일가게,식료품 중 '과일'을 판매·제공하는 매장,00da8084-69b5-4bcc-b2ca-3eaf11175611,밀키샵 별내점,디저트,별내로데오상점가,골목형상점가,경기도,1.0,0.0,,,P2_GRADED_ONLY,True,,,,,
968480af9fc86e25bdf6,val,과일,T2 동의어,q_과일_02,과일가게,식료품 중 '과일'을 판매·제공하는 매장,0ebc7000-bceb-485c-99d5-d6c74d93ce51,수상한 과일가게(노은동점),,열매 골목형상점가,골목형상점가,대전광역시,3.0,3.0,,,RESOLVED_AGREEMENT,False,3,,,,
1c6000acdaa000ef8c37,val,과일,T2 동의어,q_과일_02,과일가게,식료품 중 '과일'을 판매·제공하는 매장,58403d4c-00cd-4d26-8aef-6c049b0b8567,과일가게,과일,화천재래시장,전통시장,강원특별자치도,3.0,3.0,,,RESOLVED_AGREEMENT,False,3,,,,
5576c49a48d83a6b00b6,val,과일,T2 동의어,q_과일_02,과일가게,식료품 중 '과일'을 판매·제공하는 매장,f953acfb-34b9-4fcd-a648-d689609e2620,태릉 과일가게,과일,태능엔터피아,전통시장,서울특별시,3.0,3.0,,,RESOLVED_AGREEMENT,False,3,,,,
635fc7820849708882c0,val,과일,T2 동의어,q_과일_02,과일가게,식료품 중 '과일'을 판매·제공하는 매장,7bd8678a-0342-4b4a-8e03-ccd327be2fcd,삽다리과일가게,과일,송현시장,전통시장,인천광역시,3.0,3.0,,,RESOLVED_AGREEMENT,False,3,,,,
9e6afbea540f0e9d55ee,val,과일,T2 동의어,q_과일_02,과일가게,식료품 중 '과일'을 판매·제공하는 매장,34be8392-9d74-44c0-a869-c280479bb982,갓튀긴후라이드,치킨,포항 대이상가 골목형상점가,골목형상점가,경상북도,0.0,0.0,,,RESOLVED_AGREEMENT,False,0,,,,
343428c79a5a3d94d176,val,과일,T2 동의어,q_과일_02,과일가게,식료품 중 '과일'을 판매·제공하는 매장,60be11ff-3689-4b5e-9cc8-7bb7a1c73b21,아지야과일가게,"과일, 야채",삼성명가상가 골목형상점가,골목형상점가,대구광역시,3.0,3.0,,,RESOLVED_AGREEMENT,False,3,,,,
f4a6532a6ab681aba435,val,과일,T2 동의어,q_과일_02,과일가게,식료품 중 '과일'을 판매·제공하는 매장,64168587-3412-4b58-943a-09b1e7fdaab2,과일가게(남영청과),소매(과일),장미원골목시장,전통시장,서울특별시,3.0,3.0,,,RESOLVED_AGREEMENT,False,3,,,,
6ebb69cff8123a9c01eb,val,과일,T2 동의어,q_과일_02,과일가게,식료품 중 '과일'을 판매·제공하는 매장,2a5cb75b-f50c-4436-9477-d52835799063,진이과일가게,과일,부전농수산물새벽시장,전통시장,부산광역시,3.0,3.0,,,RESOLVED_AGREEMENT,False,3,,,,
1e389653c6fc5bfaa7ba,val,과일,T2 동의어,q_과일_02,과일가게,식료품 중 '과일'을 판매·제공하는 매장,ce428479-0251-4b91-a391-7b5886951dc3,과일가게,기타,복이있는덕포시장,전통시장,부산광역시,2.0,3.0,,,P2_GRADED_ONLY,True,,,,,
f546c2907b2c416ff552,val,과일,T2 동의어,q_과일_02,과일가게,식료품 중 '과일'을 판매·제공하는 매장,36d4a6b7-f286-4dc5-8438-b9fe225903c5,해영이네 과일가게,과일,연산골목시장상점가,자율상권구역,부산광역시,3.0,3.0,,,RESOLVED_AGREEMENT,False,3,,,,
ed6c1e4dd6efaf752ced,val,과일,T2 동의어,q_과일_02,과일가게,식료품 중 '과일'을 판매·제공하는 매장,127132ae-8b0c-4184-83ad-e081bc51a472,지영이네과일가게,"채소, 과일, 뿌리작물",안양중앙시장,전통시장,경기도,3.0,3.0,,,RESOLVED_AGREEMENT,False,3,,,,
06298286517a71e228f0,val,과일,T2 동의어,q_과일_02,과일가게,식료품 중 '과일'을 판매·제공하는 매장,3c49cc60-6135-4713-bf97-a40661ba8e07,뉴팜,사과 샤인머스켓,금오시장,전통시장,경상북도,3.0,3.0,,,RESOLVED_AGREEMENT,False,3,,,,
040ee4c740819ddbb8e5,val,과일,T2 동의어,q_과일_02,과일가게,식료품 중 '과일'을 판매·제공하는 매장,003e7ebf-1112-4ab4-a484-67716e4b2a85,이든,카페,원주중앙시장활성화구역,상권활성화구역,강원특별자치도,1.0,0.0,,,P2_GRADED_ONLY,True,,,,,
b8a165b7f7a92868904c,val,과일,T2 동의어,q_과일_02,과일가게,식료품 중 '과일'을 판매·제공하는 매장,30aab4f1-0a08-40f8-8ec9-7fb904873471,봉좌산농원,농산물(사과),안강공설시장,전통시장,경상북도,3.0,3.0,,,RESOLVED_AGREEMENT,False,3,,,,
b3f7f2a4e533957ce0be,val,과일,T2 동의어,q_과일_02,과일가게,식료품 중 '과일'을 판매·제공하는 매장,56d90e55-ba9d-4a89-a453-5319509d5335,진실한과일가게,청과물,둔촌역전통시장,전통시장,서울특별시,3.0,3.0,,,RESOLVED_AGREEMENT,False,3,,,,
f98825ac80e03dae5f06,val,과일,T2 동의어,q_과일_02,과일가게,식료품 중 '과일'을 판매·제공하는 매장,5c55b609-2e0f-4319-b960-25580e714d4c,차칸가게,과일,일산시장(구 일산전통시장),전통시장,경기도,3.0,3.0,,,RESOLVED_AGREEMENT,False,3,,,,
3f0eae69e59e9b626017,val,과일,T2 동의어,q_과일_02,과일가게,식료품 중 '과일'을 판매·제공하는 매장,835c312d-8329-4d28-a013-7d48a28ca457,아저씨네과일가게,과일,정선아리랑시장,전통시장,강원특별자치도,3.0,3.0,,,RESOLVED_AGREEMENT,False,3,,,,
f0cbb7cc03ca7c0ffcae,val,과일,T2 동의어,q_과일_02,과일가게,식료품 중 '과일'을 판매·제공하는 매장,12b2e72e-4a91-4960-87a5-3fde352385bb,베트남댁 과일가게,과일,군분로 골목형상점가,골목형상점가,광주광역시,3.0,3.0,,,RESOLVED_AGREEMENT,False,3,,,,
4daf355339a342821454,val,과일,T2 동의어,q_과일_02,과일가게,식료품 중 '과일'을 판매·제공하는 매장,69dc3d15-9102-4026-8841-adf44cfff7e1,올레과일가게,과일,서귀포매일올레시장,전통시장,제주특별자치도,3.0,3.0,,,RESOLVED_AGREEMENT,False,3,,,,
8f6b739ec4726cc9a0b8,val,과일,T2 동의어,q_과일_02,과일가게,식료품 중 '과일'을 판매·제공하는 매장,804f28e7-d939-44a4-b19d-fad2bb51843a,브레인요양보호사교육원,요양보호사 교육,수비벡스코 골목형상점가,골목형상점가,부산광역시,0.0,0.0,,,RESOLVED_AGREEMENT,False,0,,,,
78879a99d6df58a1d913,val,과일,T2 동의어,q_과일_02,과일가게,식료품 중 '과일'을 판매·제공하는 매장,eeadf602-36f7-429b-80e1-3462aa485ee0,원이네과일가게,,남천동로108번길 골목형상점가,골목형상점가,부산광역시,3.0,3.0,,,RESOLVED_AGREEMENT,False,3,,,,
5ea8c0e7aa454f1ec256,val,과일,T2 동의어,q_과일_02,과일가게,식료품 중 '과일'을 판매·제공하는 매장,fc294c2c-efe8-4be4-9f6b-b866929b2c74,민후네과일가게,청과,송화벽화시장,전통시장,서울특별시,3.0,3.0,,,RESOLVED_AGREEMENT,False,3,,,,
81a55a27b30f72b44c0e,val,과일,T2 동의어,q_과일_02,과일가게,식료품 중 '과일'을 판매·제공하는 매장,7688687c-2617-44ab-960a-3f7d7f7eb742,수상한 과일가게(관평점),,테크노밸리 골목형상점가,골목형상점가,대전광역시,3.0,3.0,,,RESOLVED_AGREEMENT,False,3,,,,
eaa8b285b4c18cb49cc8,val,과일,T2 동의어,q_과일_02,과일가게,식료품 중 '과일'을 판매·제공하는 매장,35883750-a8fa-4dc2-a2e9-90c571031879,지리산고지농원,"사과, 종자, 오미자",남원인월시장,전통시장,전북특별자치도,3.0,3.0,,,RESOLVED_AGREEMENT,False,3,,,,
63c1cef0fb6d8a18c6f0,val,과일,T2 동의어,q_과일_02,과일가게,식료품 중 '과일'을 판매·제공하는 매장,014cdbe9-d64f-4e14-8ce2-b398f0976f72,유니베라탄금대리점,화장품,충주무학시장,전통시장,충청북도,0.0,0.0,,,RESOLVED_AGREEMENT,False,0,,,,
a268e1676c0ea45caeec,val,과일,T2 동의어,q_과일_02,과일가게,식료품 중 '과일'을 판매·제공하는 매장,ac20e8cb-4060-4fdb-bd6a-1d7d6f96b6f0,데일리,의류,남항시장,전통시장,부산광역시,0.0,0.0,,,RESOLVED_AGREEMENT,False,0,,,,
ae568d43b6d47ba92a5f,val,과일,T2 동의어,q_과일_02,과일가게,식료품 중 '과일'을 판매·제공하는 매장,b0d12be1-8fe8-471e-8108-9c3850098564,꽃옷가게,,낭주골 골목형상점가,골목형상점가,전북특별자치도,0.0,0.0,,,RESOLVED_AGREEMENT,False,0,,,,
47fb5ec01b4b8a614907,val,과일,T2 동의어,q_과일_02,과일가게,식료품 중 '과일'을 판매·제공하는 매장,00d3ef33-13db-4750-93a0-4b31010fcb70,온유베이크,카페,스타타워1 골목형상점가,골목형상점가,인천광역시,1.0,0.0,,,P2_GRADED_ONLY,True,,,,,
a1281a8a2d1683394679,val,과일,T2 동의어,q_과일_02,과일가게,식료품 중 '과일'을 판매·제공하는 매장,00333be0-b70d-4197-aa97-5a277d61e0da,㈜신진후르츠,과일,부전농수산물새벽시장,전통시장,부산광역시,3.0,3.0,,,RESOLVED_AGREEMENT,False,3,,,,
11708da34de4eb9903d4,val,과일,T2 동의어,q_과일_02,과일가게,식료품 중 '과일'을 판매·제공하는 매장,77b1ef73-4bc1-4281-a84d-a9b16f2b6efc,동가네과일가게,청과물,사직시장,전통시장,부산광역시,3.0,3.0,,,RESOLVED_AGREEMENT,False,3,,,,
616c917cac64a320c75b,val,과일,T2 동의어,q_과일_02,과일가게,식료품 중 '과일'을 판매·제공하는 매장,a1373443-822b-44dd-bdaa-9b7c89eaaab8,오빠네 과일가게,과일,시흥삼미시장,전통시장,경기도,3.0,3.0,,,RESOLVED_AGREEMENT,False,3,,,,
32274364a5ec0a3018fd,val,과일,T2 동의어,q_과일_02,과일가게,식료품 중 '과일'을 판매·제공하는 매장,f1057783-cf34-4c9e-a37c-3af9a8dcb41d,초량 7번 과일가게,과일,초량전통시장,전통시장,부산광역시,3.0,3.0,,,RESOLVED_AGREEMENT,False,3,,,,
6b5a51f3ac629445e241,val,과일,T2 동의어,q_과일_02,과일가게,식료품 중 '과일'을 판매·제공하는 매장,00c6ce65-3761-4ba1-a849-bcedeaa97463,평화상회,청과,경산공설시장,전통시장,경상북도,3.0,3.0,,,RESOLVED_AGREEMENT,False,3,,,,
d41ce724636779d5df28,val,과일,T2 동의어,q_과일_02,과일가게,식료품 중 '과일'을 판매·제공하는 매장,7d7d8a60-aacc-4f21-897b-444addc3554b,과일가게,과일,은행시장,전통시장,경기도,3.0,3.0,,,RESOLVED_AGREEMENT,False,3,,,,
9708294414082951186e,val,과일,T2 동의어,q_과일_02,과일가게,식료품 중 '과일'을 판매·제공하는 매장,d4010c45-89a1-4f1e-a4c7-749104665a11,프리미엄 과일가게,과일,한들물빛도시 골목형 상점가,골목형상점가,충청남도,3.0,3.0,,,RESOLVED_AGREEMENT,False,3,,,,
41e41d3321be1c45933c,val,과일,T2 동의어,q_과일_02,과일가게,식료품 중 '과일'을 판매·제공하는 매장,1823fd44-45da-4750-81ae-788f701f2a74,다해림맛김,김,사가정시장,전통시장,서울특별시,0.0,0.0,,,RESOLVED_AGREEMENT,False,0,,,,
9cac5169efd5483e4f50,val,과일,T2 동의어,q_과일_02,과일가게,식료품 중 '과일'을 판매·제공하는 매장,124e0de2-687b-4aa7-b5bc-b23e36855964,아지야 야채과일가게 남산점,과일 채소 양곡,청라언덕 골목형상점가,골목형상점가,대구광역시,3.0,3.0,,,RESOLVED_AGREEMENT,False,3,,,,
6a4b54c904434400597d,val,과일,T2 동의어,q_과일_02,과일가게,식료품 중 '과일'을 판매·제공하는 매장,c15b7d24-b90f-4edb-a4d7-38d243dad39e,가게,담배,대명시장,전통시장,대구광역시,0.0,3.0,,,P1_BINARY_THRESHOLD,True,,,,,
e00937b2fb20fd90f4c6,val,과일,T2 동의어,q_과일_02,과일가게,식료품 중 '과일'을 판매·제공하는 매장,00e927c5-be32-44e1-b7fd-80e9cfc81773,진양상회,청과물,진주 청과시장,전통시장,경상남도,3.0,3.0,,,RESOLVED_AGREEMENT,False,3,,,,
f576abd136d8c3e66550,val,과일,T2 동의어,q_과일_02,과일가게,식료품 중 '과일'을 판매·제공하는 매장,5849d389-c893-485e-bf10-eb407fb7ce88,1호과일가게,과일,마산 석전시장,전통시장,경상남도,3.0,3.0,,,RESOLVED_AGREEMENT,False,3,,,,
9cb660b8bccb6e96b3d5,val,과일,T2 동의어,q_과일_02,과일가게,식료품 중 '과일'을 판매·제공하는 매장,f59ff58e-a5a6-4c97-9f03-b9e01ddcfbd1,숙자네가게,과일 채소,달서로행복 골목형상점가,골목형상점가,대구광역시,3.0,3.0,,,RESOLVED_AGREEMENT,False,3,,,,
df713ef2df33e30b41f7,val,과일,T2 동의어,q_과일_02,과일가게,식료품 중 '과일'을 판매·제공하는 매장,009efeba-a92a-4bf2-867f-f40d57386d40,(유)진경농산,청과,가락몰골목형상점가,골목형상점가,서울특별시,3.0,3.0,,,RESOLVED_AGREEMENT,False,3,,,,
3079bdf1a6096c71f168,val,과일,T2 동의어,q_과일_02,과일가게,식료품 중 '과일'을 판매·제공하는 매장,153427c3-67c2-4fc6-95af-bb41cbea3f5f,주식회사 훈훈한과일가게,과일 채소,인천모래내전통시장,전통시장,인천광역시,3.0,3.0,,,RESOLVED_AGREEMENT,False,3,,,,
4e617611e5491076018b,val,과일,T2 동의어,q_과일_02,과일가게,식료품 중 '과일'을 판매·제공하는 매장,8d37151e-2b4d-4129-a3f3-e700da455787,경주과일가게,과일,언양알프스시장,전통시장,울산광역시,3.0,3.0,,,RESOLVED_AGREEMENT,False,3,,,,
86c6fac8f8e7d19198c7,val,과일,T2 동의어,q_과일_02,과일가게,식료품 중 '과일'을 판매·제공하는 매장,003d7e3f-6459-4018-ac58-7184cd2457d5,눈치 금호점,카페,금호1동상가번영회 골목형상점가,골목형상점가,광주광역시,1.0,0.0,,,P2_GRADED_ONLY,True,,,,,
cb7cdb626577bfe637f6,val,과일,T2 동의어,q_과일_02,과일가게,식료품 중 '과일'을 판매·제공하는 매장,b29c627e-81b4-4ff1-90e7-dc57bd68272d,행복한가게,과일,흑석시장골목형상점가,골목형상점가,서울특별시,3.0,3.0,,,RESOLVED_AGREEMENT,False,3,,,,
adbdf7394f31ed5f2914,val,과일,T2 동의어,q_과일_02,과일가게,식료품 중 '과일'을 판매·제공하는 매장,29b11d45-18d9-4bdb-a258-138e601805c6,양재시장 정육점,정육,양재시장,전통시장,서울특별시,0.0,0.0,,,RESOLVED_AGREEMENT,False,0,,,,
6b12dafbbeb46184e87a,val,과일,T2 동의어,q_과일_02,과일가게,식료품 중 '과일'을 판매·제공하는 매장,b83ef1c9-ae54-44d2-b7f0-7d606a3912e0,행복한 과일가게,,군산원협 싱싱마루 골목형상점가,골목형상점가,전북특별자치도,3.0,3.0,,,RESOLVED_AGREEMENT,False,3,,,,
691e7393b4619e825e2c,val,과일,T2 동의어,q_과일_02,과일가게,식료품 중 '과일'을 판매·제공하는 매장,5e884e92-4e95-434c-913d-e64cd3660ef8,과일가게아저씨,채소 과실 소매업,용강동상점가,자율상권구역,서울특별시,3.0,3.0,,,RESOLVED_AGREEMENT,False,3,,,,
e6e948f23ca8db3607f0,val,과일,T2 동의어,q_과일_02,과일가게,식료품 중 '과일'을 판매·제공하는 매장,07d974e4-4e7d-41fe-8b1f-a7a96756dc79,백산청과,사과,충주농산물종합시장(구 중앙청과시장),전통시장,충청북도,3.0,3.0,,,RESOLVED_AGREEMENT,False,3,,,,
de5512648bf92cc03c37,val,과일,T2 동의어,q_과일_02,과일가게,식료품 중 '과일'을 판매·제공하는 매장,0063671e-77f7-466c-bbc2-223497c0dae4,무가당,카페,세병호 골목형상점가,골목형상점가,전북특별자치도,1.0,0.0,,,P2_GRADED_ONLY,True,,,,,
b69a994efa6cfab922cf,val,과일,T2 동의어,q_과일_02,과일가게,식료품 중 '과일'을 판매·제공하는 매장,b561d829-0200-4562-a648-8b1f80701b67,일신상사비와이씨,내의,안강공설시장,전통시장,경상북도,0.0,0.0,,,RESOLVED_AGREEMENT,False,0,,,,
514e2dab196fffa959cc,val,과일,T2 동의어,q_과일_02,과일가게,식료품 중 '과일'을 판매·제공하는 매장,0045f871-6f40-4361-bcdd-2b94bf597287,무파장터,야채 청과물,신금정시장 골목형 상점가,골목형상점가,부산광역시,3.0,3.0,,,RESOLVED_AGREEMENT,False,3,,,,
ae8277b7e265d82c5a5b,val,과일,T2 동의어,q_과일_02,과일가게,식료품 중 '과일'을 판매·제공하는 매장,00468e6b-39c6-4ce1-a534-a6b1eecac01d,태양농산물,과일,정릉서경대길골목형상점가(정릉골),골목형상점가,서울특별시,3.0,3.0,,,RESOLVED_AGREEMENT,False,3,,,,
d27b1aea50f13842b9a9,val,과일,T2 동의어,q_과일_02,과일가게,식료품 중 '과일'을 판매·제공하는 매장,00045dfc-0681-4fb3-8265-33b3df14c289,한라농산,과일,황지시장상점가,자율상권구역,강원특별자치도,3.0,3.0,,,RESOLVED_AGREEMENT,False,3,,,,
ddfa17343ea92ea64c91,val,과일,T2 동의어,q_과일_02,과일가게,식료품 중 '과일'을 판매·제공하는 매장,9dc79f10-cfd4-481f-bcb5-2e530d6e881b,과일가게,과일,홍성전통시장(구 홍성정기시장),전통시장,충청남도,3.0,3.0,,,RESOLVED_AGREEMENT,False,3,,,,
fffdc22e7839c0ba8b13,val,과일,T2 동의어,q_과일_02,과일가게,식료품 중 '과일'을 판매·제공하는 매장,8d8f2f05-64fe-4f19-b85e-54281cdb3022,한우야채가게,"채소, 과일, 잡화",영천공설시장,전통시장,경상북도,3.0,3.0,,,RESOLVED_AGREEMENT,False,3,,,,
3d3609f20ecdd8fb4d36,val,과일,T2 동의어,q_과일_02,과일가게,식료품 중 '과일'을 판매·제공하는 매장,07aa9211-faba-46ea-bda8-0efd60f4653c,과일짱,과일,광명새마을시장,전통시장,경기도,3.0,3.0,,,RESOLVED_AGREEMENT,False,3,,,,
2e8300acec6ef4f60a34,val,과일,T2 동의어,q_과일_02,과일가게,식료품 중 '과일'을 판매·제공하는 매장,006204f3-b214-4611-a434-f896bf75e919,장터사랑,과일,농성세대공감상인회 골목형상점가,골목형상점가,광주광역시,3.0,3.0,,,RESOLVED_AGREEMENT,False,3,,,,
c47abe4fb42ad407cc3f,val,과일,T2 동의어,q_과일_02,과일가게,식료품 중 '과일'을 판매·제공하는 매장,eb2859eb-2ef0-4054-99c5-95a4eec3f9cd,수상한과일가게(관평동점),야채 과일,테크노밸리 골목형상점가,골목형상점가,대전광역시,3.0,3.0,,,RESOLVED_AGREEMENT,False,3,,,,
a2150a14c36807e2193f,val,과일,T2 동의어,q_과일_02,과일가게,식료품 중 '과일'을 판매·제공하는 매장,ca50be97-0ebb-4461-9266-fd7a8a58ad19,엄마네과일가게,과일,대야전통시장,전통시장,전북특별자치도,3.0,3.0,,,RESOLVED_AGREEMENT,False,3,,,,
7712ddcf3d01cfff001e,val,과일,T2 동의어,q_과일_02,과일가게,식료품 중 '과일'을 판매·제공하는 매장,0042e83d-930b-4d1d-a96f-f1a2691256cd,성화상회,과일,대구능금시장,전통시장,대구광역시,3.0,3.0,,,RESOLVED_AGREEMENT,False,3,,,,
179c38dfb57d70b51c8e,val,과일,T2 동의어,q_과일_02,과일가게,식료품 중 '과일'을 판매·제공하는 매장,f912610c-5396-4246-9bcf-ad530b452a40,블루버드,치킨 돈가스 샐러드 골뱅이무침 해물탕,북부서 맞은편 골목형상점가,골목형상점가,광주광역시,0.0,0.0,,,RESOLVED_AGREEMENT,False,0,,,,
080619cf1ec14d9649da,val,과일,T2 동의어,q_과일_02,과일가게,식료품 중 '과일'을 판매·제공하는 매장,3519f163-53c4-4c7a-a052-7d1e6cfbedfe,우리동네과일가게,과일,쌍학로상인회 골목형상점가,골목형상점가,광주광역시,3.0,3.0,,,RESOLVED_AGREEMENT,False,3,,,,
2243eb6cd362040d89d8,val,과일,T2 동의어,q_과일_03,사과,식료품 중 '과일'을 판매·제공하는 매장,85a14899-fe8a-4997-af7d-86e69780f740,단양죽령사과,사과,원주중앙로문화의거리,자율상권구역,강원특별자치도,3.0,3.0,,,RESOLVED_AGREEMENT,False,3,,,,
abe349e320e4665481fd,val,과일,T2 동의어,q_과일_03,사과,식료품 중 '과일'을 판매·제공하는 매장,58b8631a-65ab-4ad8-bee5-609778650e64,"문경사과빵,새재샌드","사과빵, 사과샌드",문경새재 골목형상점가,골목형상점가,경상북도,3.0,3.0,,,RESOLVED_AGREEMENT,False,3,,,,
5061563f0685cb038a5a,val,과일,T2 동의어,q_과일_03,사과,식료품 중 '과일'을 판매·제공하는 매장,00da8084-69b5-4bcc-b2ca-3eaf11175611,밀키샵 별내점,디저트,별내로데오상점가,골목형상점가,경기도,1.0,0.0,,,P2_GRADED_ONLY,True,,,,,
af1f6f1f9caa17faa4fd,val,과일,T2 동의어,q_과일_03,사과,식료품 중 '과일'을 판매·제공하는 매장,00c6ce65-3761-4ba1-a849-bcedeaa97463,평화상회,청과,경산공설시장,전통시장,경상북도,2.0,3.0,,,P2_GRADED_ONLY,True,,,,,
4971c388f7b8b77b1c46,val,과일,T2 동의어,q_과일_03,사과,식료품 중 '과일'을 판매·제공하는 매장,42e0ffa0-4c68-4378-8cfc-6042f2e58af7,선경이불주단,"침구류(이불,한복)",중앙전통시장,전통시장,울산광역시,0.0,0.0,,,RESOLVED_AGREEMENT,False,0,,,,
8563bbe9990ce0e4369c,val,과일,T2 동의어,q_과일_03,사과,식료품 중 '과일'을 판매·제공하는 매장,0045f871-6f40-4361-bcdd-2b94bf597287,무파장터,야채 청과물,신금정시장 골목형 상점가,골목형상점가,부산광역시,2.0,3.0,,,P2_GRADED_ONLY,True,,,,,
6c2adb312a638e15b8e8,val,과일,T2 동의어,q_과일_03,사과,식료품 중 '과일'을 판매·제공하는 매장,68468499-6c46-4d0b-a3e1-a8230b82b0a4,넉넉한사람들,사과생즙,박달재전통시장,전통시장,충청북도,3.0,3.0,,,RESOLVED_AGREEMENT,False,3,,,,
56499aac5d9500f4dc3b,val,과일,T2 동의어,q_과일_03,사과,식료품 중 '과일'을 판매·제공하는 매장,1c9508a7-414a-4f41-956d-a5bdaee45266,사과랑 그림이랑,공예,진보전통시장,전통시장,경상북도,2.0,3.0,,,P2_GRADED_ONLY,True,,,,,
aa036dc4e4ca84572b3d,val,과일,T2 동의어,q_과일_03,사과,식료품 중 '과일'을 판매·제공하는 매장,6b431741-f7fc-4616-b02e-35be23d0f3ef,사과도매전문,과일,거제 고현시장,전통시장,경상남도,2.0,3.0,,,P2_GRADED_ONLY,True,,,,,
71b8b99ec944634574ff,val,과일,T2 동의어,q_과일_03,사과,식료품 중 '과일'을 판매·제공하는 매장,d307f009-1a39-4bda-b2e8-5574aa399afa,훈이네과일,사과,못골골목시장,전통시장,부산광역시,3.0,3.0,,,RESOLVED_AGREEMENT,False,3,,,,
2eabcf0203b3b645690b,val,과일,T2 동의어,q_과일_03,사과,식료품 중 '과일'을 판매·제공하는 매장,599ef3e2-d6e0-419d-bc0f-6a0bb522453d,사과당,,문화로 자율상권구역,,경상북도,3.0,3.0,,,RESOLVED_AGREEMENT,False,3,,,,
b78bb54f22a6849ad9e3,val,과일,T2 동의어,q_과일_03,사과,식료품 중 '과일'을 판매·제공하는 매장,cf6a0605-080c-4e97-8c18-11fb18916627,누리마켓,제철과일 복숭아 자두 살구 사과 블루베리 등 뿌리채소 고구마 감자 당근,청도공설시장,전통시장,경상북도,3.0,3.0,,,RESOLVED_AGREEMENT,False,3,,,,
c9786798d3dc6610f0c7,val,과일,T2 동의어,q_과일_03,사과,식료품 중 '과일'을 판매·제공하는 매장,df6d41fb-11a3-45de-9129-3a80ccfc7ba7,빨간사과,의류 잡화,부산평화시장,전통시장,부산광역시,2.0,3.0,,,P2_GRADED_ONLY,True,,,,,
8a2d2a6b70c66bf9a49c,val,과일,T2 동의어,q_과일_03,사과,식료품 중 '과일'을 판매·제공하는 매장,913c71ca-d70f-437d-9a60-8ef3da3bda90,대양농원,사과 오미자청,문경전통시장,전통시장,경상북도,3.0,3.0,,,RESOLVED_AGREEMENT,False,3,,,,
0b400ab229fb883bbcb0,val,과일,T2 동의어,q_과일_03,사과,식료품 중 '과일'을 판매·제공하는 매장,55e8d7a1-1d4d-4dec-9536-f85b1fc4995b,사과도장,아이폰,보람동 골목형상점가,골목형상점가,세종특별자치시,2.0,3.0,,,P2_GRADED_ONLY,True,,,,,
dccd6c4e8e4a18870d38,val,과일,T2 동의어,q_과일_03,사과,식료품 중 '과일'을 판매·제공하는 매장,adec8fb8-b023-4e14-8e58-5f245904c82c,사과아저씨,청과,정읍샘고을시장,전통시장,전북특별자치도,2.0,3.0,,,P2_GRADED_ONLY,True,,,,,
a659e762ce2cd7cc78c5,val,과일,T2 동의어,q_과일_03,사과,식료품 중 '과일'을 판매·제공하는 매장,628b2730-f812-4890-8a94-189ca64d95e3,사과당 새롬점,사과파이,새롬동 골목형상점가,골목형상점가,세종특별자치시,3.0,3.0,,,RESOLVED_AGREEMENT,False,3,,,,
26bff8e43dab278f8ba2,val,과일,T2 동의어,q_과일_03,사과,식료품 중 '과일'을 판매·제공하는 매장,10231dfb-8299-400e-92e9-f5b2f92bbd5d,임마누엘인쇄출판사,경인쇄,백년소상공인,기타,대전광역시,0.0,0.0,,,RESOLVED_AGREEMENT,False,0,,,,
0f8922513ba35c179e7d,val,과일,T2 동의어,q_과일_03,사과,식료품 중 '과일'을 판매·제공하는 매장,6fad644a-8924-4b9b-8c1c-e7bac9b8a4d1,더풋샵 뚝섬유원지역점,미용,이튼타워리버3차골목형상점가,골목형상점가,서울특별시,0.0,0.0,,,RESOLVED_AGREEMENT,False,0,,,,
bcce8168b5b6a0ae9a4e,val,과일,T2 동의어,q_과일_03,사과,식료품 중 '과일'을 판매·제공하는 매장,fbce6e7e-6e68-44e6-bb08-e3d7bad5cb0c,빨간사과,,양산 덕계종합상설시장,전통시장,경상남도,3.0,3.0,,,RESOLVED_AGREEMENT,False,3,,,,
ebe2084caa70162419c5,val,과일,T2 동의어,q_과일_03,사과,식료품 중 '과일'을 판매·제공하는 매장,41271a18-a3ae-445b-86bd-f7a2651faabe,동현상회,사과청과,대구능금시장,전통시장,대구광역시,3.0,3.0,,,RESOLVED_AGREEMENT,False,3,,,,
6d709b12b97b9a8b771e,val,과일,T2 동의어,q_과일_03,사과,식료품 중 '과일'을 판매·제공하는 매장,c05ab23b-b950-45e3-b6f0-a079af3986fd,사과나무떡,떡,동천동먹자골목1번가상인회 골목형상점가,골목형상점가,광주광역시,2.0,3.0,,,P2_GRADED_ONLY,True,,,,,
184aff6b2908fa24899a,val,과일,T2 동의어,q_과일_03,사과,식료품 중 '과일'을 판매·제공하는 매장,003e7ebf-1112-4ab4-a484-67716e4b2a85,이든,카페,원주중앙시장활성화구역,상권활성화구역,강원특별자치도,1.0,0.0,,,P2_GRADED_ONLY,True,,,,,
32d10da4c5fb77806f3c,val,과일,T2 동의어,q_과일_03,사과,식료품 중 '과일'을 판매·제공하는 매장,0042e83d-930b-4d1d-a96f-f1a2691256cd,성화상회,과일,대구능금시장,전통시장,대구광역시,2.0,3.0,,,P2_GRADED_ONLY,True,,,,,
a70b2a2c093c3f206fd7,val,과일,T2 동의어,q_과일_03,사과,식료품 중 '과일'을 판매·제공하는 매장,00e927c5-be32-44e1-b7fd-80e9cfc81773,진양상회,청과물,진주 청과시장,전통시장,경상남도,2.0,3.0,,,P2_GRADED_ONLY,True,,,,,
3592d45ac7e8949a13a4,val,과일,T2 동의어,q_과일_03,사과,식료품 중 '과일'을 판매·제공하는 매장,c0be88d4-a71a-4637-bdf6-a080f678a3f6,사과당 에코시티점,사과파이,세병호 골목형상점가,골목형상점가,전북특별자치도,3.0,3.0,,,RESOLVED_AGREEMENT,False,3,,,,
d7cfe2568138b4a08693,val,과일,T2 동의어,q_과일_03,사과,식료품 중 '과일'을 판매·제공하는 매장,009efeba-a92a-4bf2-867f-f40d57386d40,(유)진경농산,청과,가락몰골목형상점가,골목형상점가,서울특별시,2.0,3.0,,,P2_GRADED_ONLY,True,,,,,
9b8c9db7213e6a2d8426,val,과일,T2 동의어,q_과일_03,사과,식료품 중 '과일'을 판매·제공하는 매장,76c589ce-da17-4083-bb63-dfeed48981cd,명선23호,정육,독산동 우시장,자율상권구역,서울특별시,0.0,0.0,,,RESOLVED_AGREEMENT,False,0,,,,
e44d9c804a96895b8f0f,val,과일,T2 동의어,q_과일_03,사과,식료품 중 '과일'을 판매·제공하는 매장,e6b1e758-460c-42b9-b425-cc86f9e2d42d,하루계란 아산탕정점,계란 사과 치즈,한들물빛도시 골목형 상점가,골목형상점가,충청남도,3.0,3.0,,,RESOLVED_AGREEMENT,False,3,,,,
7fa9399787c29fd33d22,val,과일,T2 동의어,q_과일_03,사과,식료품 중 '과일'을 판매·제공하는 매장,8d5e4ae6-2b4b-4e4c-821f-6c8cc45b6402,수완사과,청과물,석세스,골목형상점가,광주광역시,2.0,3.0,,,P2_GRADED_ONLY,True,,,,,
8d5b9c3dc92065f73994,val,과일,T2 동의어,q_과일_03,사과,식료품 중 '과일'을 판매·제공하는 매장,56331b0e-55fd-43ad-9934-1a156651efb7,발가락70개,사과 참외 배,운암제일 골목형상점가,골목형상점가,광주광역시,3.0,3.0,,,RESOLVED_AGREEMENT,False,3,,,,
e8bf670db3ccbb19976e,val,과일,T2 동의어,q_과일_03,사과,식료품 중 '과일'을 판매·제공하는 매장,63945ec4-93aa-4afd-b4aa-c6055041d340,예산사과,과일,예산상설시장,전통시장,충청남도,2.0,3.0,,,P2_GRADED_ONLY,True,,,,,
05109c4bacf47f98b82f,val,과일,T2 동의어,q_과일_03,사과,식료품 중 '과일'을 판매·제공하는 매장,2d2f465b-e2bf-494c-8379-ff5df77e8c95,맛땡이사과,과일,영등포청과시장,자율상권구역,서울특별시,2.0,3.0,,,P2_GRADED_ONLY,True,,,,,
a5969408a9b5a19442fc,val,과일,T2 동의어,q_과일_03,사과,식료품 중 '과일'을 판매·제공하는 매장,c07da96d-e3fa-4643-8138-e93413ce3366,사과나무,농산물,종촌동골목형상점가,골목형상점가,세종특별자치시,2.0,3.0,,,P2_GRADED_ONLY,True,,,,,
81669e8b9a8c0f38c51d,val,과일,T2 동의어,q_과일_03,사과,식료품 중 '과일'을 판매·제공하는 매장,0063671e-77f7-466c-bbc2-223497c0dae4,무가당,카페,세병호 골목형상점가,골목형상점가,전북특별자치도,1.0,0.0,,,P2_GRADED_ONLY,True,,,,,
0872f2c71bca71898526,val,과일,T2 동의어,q_과일_03,사과,식료품 중 '과일'을 판매·제공하는 매장,b65c37d3-7759-4e86-9d8c-e85b4e3f1eea,사과같은내얼굴,피부관리,화정한울타리상인회 골목형상점가,골목형상점가,광주광역시,2.0,3.0,,,P2_GRADED_ONLY,True,,,,,
5f2178434b1cb3b96d92,val,과일,T2 동의어,q_과일_03,사과,식료품 중 '과일'을 판매·제공하는 매장,d267fab8-2cb6-46f1-9a02-d49f4ea88287,송탄 사과나무치과,치과,이충 중심상가,골목형상점가,경기도,2.0,3.0,,,P2_GRADED_ONLY,True,,,,,
4fcca18e274d5bd2ca02,val,과일,T2 동의어,q_과일_03,사과,식료품 중 '과일'을 판매·제공하는 매장,b096500f-a811-416f-90bf-f8aeb0a11eb4,장수사과,사과판매,봉선시장,전통시장,광주광역시,3.0,3.0,,,RESOLVED_AGREEMENT,False,3,,,,
4eecc8de467f116e4873,val,과일,T2 동의어,q_과일_03,사과,식료품 중 '과일'을 판매·제공하는 매장,d62ae6a3-f09b-4f8f-8428-d54ac5cd93b7,루디아스킨케어,미용업,금호사랑 상인회 골목형상점가,골목형상점가,전라남도,0.0,0.0,,,RESOLVED_AGREEMENT,False,0,,,,
b064835f67b4b0fe9167,val,과일,T2 동의어,q_과일_03,사과,식료품 중 '과일'을 판매·제공하는 매장,fafe3b25-9742-47d1-b597-316ff5be1a11,천우상회,기타음식료품,수원영동시장,전통시장,경기도,0.0,0.0,,,RESOLVED_AGREEMENT,False,0,,,,
5c6954fac0aa84cb1373,val,과일,T2 동의어,q_과일_03,사과,식료품 중 '과일'을 판매·제공하는 매장,006204f3-b214-4611-a434-f896bf75e919,장터사랑,과일,농성세대공감상인회 골목형상점가,골목형상점가,광주광역시,2.0,3.0,,,P2_GRADED_ONLY,True,,,,,
46edd0dce84a98191c52,val,과일,T2 동의어,q_과일_03,사과,식료품 중 '과일'을 판매·제공하는 매장,a852a877-179b-496a-81aa-16a2bbcbd90e,과일엔사과,사과,중랑동부시장,전통시장,서울특별시,3.0,3.0,,,RESOLVED_AGREEMENT,False,3,,,,
777e31a1912f5af372f8,val,과일,T2 동의어,q_과일_03,사과,식료품 중 '과일'을 판매·제공하는 매장,64fdeb12-d6f8-40c3-8bf9-da8b35b4c90b,사과나무,의류,금남지하도상가2공구,일반지하상점가,광주광역시,2.0,3.0,,,P2_GRADED_ONLY,True,,,,,
ff599642ebdc1de76fec,val,과일,T2 동의어,q_과일_03,사과,식료품 중 '과일'을 판매·제공하는 매장,dbec2127-32b6-4c9c-aaac-b2df39f539ca,사과나무,과일,창원 반송시장,전통시장,경상남도,2.0,3.0,,,P2_GRADED_ONLY,True,,,,,
09c659348808124afc01,val,과일,T2 동의어,q_과일_03,사과,식료품 중 '과일'을 판매·제공하는 매장,f70e8289-e72d-4341-97eb-30c94fc9ecfc,사과점빵,커피,진보전통시장,전통시장,경상북도,2.0,3.0,,,P2_GRADED_ONLY,True,,,,,
273298bca1e944d5d775,val,과일,T2 동의어,q_과일_03,사과,식료품 중 '과일'을 판매·제공하는 매장,931f531b-3868-403f-9137-640d06ae4aa8,은석유통,과일(사과),석소 골목형상점가,골목형상점가,전북특별자치도,3.0,3.0,,,RESOLVED_AGREEMENT,False,3,,,,
3b572f41959122ca406e,val,과일,T2 동의어,q_과일_03,사과,식료품 중 '과일'을 판매·제공하는 매장,eea6e4ae-4dc4-40b1-8e2d-af3c13524458,사과텔레콤,휴대폰,원주자유시장,전통시장,강원특별자치도,2.0,3.0,,,P2_GRADED_ONLY,True,,,,,
f9c55fb4337116fc7138,val,과일,T2 동의어,q_과일_03,사과,식료품 중 '과일'을 판매·제공하는 매장,30aab4f1-0a08-40f8-8ec9-7fb904873471,봉좌산농원,농산물(사과),안강공설시장,전통시장,경상북도,3.0,3.0,,,RESOLVED_AGREEMENT,False,3,,,,
43d4a10ba2badd9ccce4,val,과일,T2 동의어,q_과일_03,사과,식료품 중 '과일'을 판매·제공하는 매장,00045dfc-0681-4fb3-8265-33b3df14c289,한라농산,과일,황지시장상점가,자율상권구역,강원특별자치도,2.0,3.0,,,P2_GRADED_ONLY,True,,,,,
52cace3986068d9035d6,val,과일,T2 동의어,q_과일_03,사과,식료품 중 '과일'을 판매·제공하는 매장,28cff1d6-8642-41d8-8e37-3c31866c7042,사과하나,과일,못골골목시장,전통시장,부산광역시,2.0,3.0,,,P2_GRADED_ONLY,True,,,,,
40f3917a927f18c04c32,val,과일,T2 동의어,q_과일_03,사과,식료품 중 '과일'을 판매·제공하는 매장,8d019c20-35ff-40b7-ab6c-8511d6a1a71d,과일엔사과,사과,중랑동부시장,전통시장,서울특별시,3.0,3.0,,,RESOLVED_AGREEMENT,False,3,,,,
8585fcb9548e954a6ca7,val,과일,T2 동의어,q_과일_03,사과,식료품 중 '과일'을 판매·제공하는 매장,7423a9cb-15c3-475e-ae8a-d32fc60ed470,사과당,,산내마을 골목형상점가,골목형상점가,경기도,3.0,3.0,,,RESOLVED_AGREEMENT,False,3,,,,
39c2e1916bb0e11c493a,val,과일,T2 동의어,q_과일_03,사과,식료품 중 '과일'을 판매·제공하는 매장,00ebc127-05c7-4f5b-8926-20ba39cc1cda,대전따봉,"소매(청과,생선)",권선종합시장,전통시장,경기도,2.0,3.0,,,P2_GRADED_ONLY,True,,,,,
df9a0894e9af04ad9fb0,val,과일,T2 동의어,q_과일_03,사과,식료품 중 '과일'을 판매·제공하는 매장,3c49cc60-6135-4713-bf97-a40661ba8e07,뉴팜,사과 샤인머스켓,금오시장,전통시장,경상북도,3.0,3.0,,,RESOLVED_AGREEMENT,False,3,,,,
8cafd1b4c3e62f897961,val,과일,T2 동의어,q_과일_03,사과,식료품 중 '과일'을 판매·제공하는 매장,a78be6f2-50f5-464d-9656-3a3f236c3df0,엑스포청과,과일.사과.야채,엑스포코아 골목형상점가,골목형상점가,대전광역시,3.0,3.0,,,RESOLVED_AGREEMENT,False,3,,,,
6e30d9d4ca1a7830ce8d,val,과일,T2 동의어,q_과일_03,사과,식료품 중 '과일'을 판매·제공하는 매장,00d3ef33-13db-4750-93a0-4b31010fcb70,온유베이크,카페,스타타워1 골목형상점가,골목형상점가,인천광역시,1.0,0.0,,,P2_GRADED_ONLY,True,,,,,
6b51fef7a31fd02e9990,val,과일,T2 동의어,q_과일_03,사과,식료품 중 '과일'을 판매·제공하는 매장,f4f3557c-16fa-4304-bb97-cd3ae56dfcb2,사과숲,소품샵,정선아리랑시장상권활성화구역,상권활성화구역,강원특별자치도,2.0,3.0,,,P2_GRADED_ONLY,True,,,,,
049c979548c87ad17a5d,val,과일,T2 동의어,q_과일_03,사과,식료품 중 '과일'을 판매·제공하는 매장,bb573e58-dab4-4e73-a037-1194a05244d7,에스엠마트,농산물정육수산물음료과자라면등,동적골 골목형상점가,골목형상점가,광주광역시,1.0,2.0,,,P1_BINARY_THRESHOLD,True,,,,,
1741ac803aafb789edf6,val,과일,T2 동의어,q_과일_03,사과,식료품 중 '과일'을 판매·제공하는 매장,1527f914-abae-4b8b-87ff-55a704910b95,사과나무,과일,창원 가음정시장,전통시장,경상남도,2.0,3.0,,,P2_GRADED_ONLY,True,,,,,
c0bea5225fa748fc2d92,val,과일,T2 동의어,q_과일_03,사과,식료품 중 '과일'을 판매·제공하는 매장,dee364a8-d748-47ed-9e09-50c9b9e43c52,왕자고무,신발,예산상설시장,전통시장,충청남도,0.0,0.0,,,RESOLVED_AGREEMENT,False,0,,,,
cea7846bddcaa9908098,val,과일,T2 동의어,q_과일_03,사과,식료품 중 '과일'을 판매·제공하는 매장,07d974e4-4e7d-41fe-8b1f-a7a96756dc79,백산청과,사과,충주농산물종합시장(구 중앙청과시장),전통시장,충청북도,3.0,3.0,,,RESOLVED_AGREEMENT,False,3,,,,
3fce160c4936ebdef4f1,val,과일,T2 동의어,q_과일_03,사과,식료품 중 '과일'을 판매·제공하는 매장,00468e6b-39c6-4ce1-a534-a6b1eecac01d,태양농산물,과일,정릉서경대길골목형상점가(정릉골),골목형상점가,서울특별시,2.0,3.0,,,P2_GRADED_ONLY,True,,,,,
cc70ae0a81d985d68d42,val,과일,T2 동의어,q_과일_03,사과,식료품 중 '과일'을 판매·제공하는 매장,081dd836-bd13-408d-bfbd-d160835c3a1c,사과나무,과일,왕지상가,자율상권구역,전라남도,2.0,3.0,,,P2_GRADED_ONLY,True,,,,,
7d6f6c4029f412ca92f7,val,과일,T2 동의어,q_과일_03,사과,식료품 중 '과일'을 판매·제공하는 매장,003d7e3f-6459-4018-ac58-7184cd2457d5,눈치 금호점,카페,금호1동상가번영회 골목형상점가,골목형상점가,광주광역시,1.0,0.0,,,P2_GRADED_ONLY,True,,,,,
43fa96f0df00aaf1e9f9,val,과일,T2 동의어,q_과일_03,사과,식료품 중 '과일'을 판매·제공하는 매장,35883750-a8fa-4dc2-a2e9-90c571031879,지리산고지농원,"사과, 종자, 오미자",남원인월시장,전통시장,전북특별자치도,3.0,3.0,,,RESOLVED_AGREEMENT,False,3,,,,
cfad59ab6f725807d365,val,과일,T2 동의어,q_과일_03,사과,식료품 중 '과일'을 판매·제공하는 매장,00333be0-b70d-4197-aa97-5a277d61e0da,㈜신진후르츠,과일,부전농수산물새벽시장,전통시장,부산광역시,2.0,3.0,,,P2_GRADED_ONLY,True,,,,,
0e95b9a6396be86106c0,val,과일,T2 동의어,q_과일_03,사과,식료품 중 '과일'을 판매·제공하는 매장,665a26cb-d792-4331-8b20-1930521135d7,안동청송사과,과일,중리시장,전통시장,대전광역시,2.0,3.0,,,P2_GRADED_ONLY,True,,,,,
ccfd46a19f73cc20ac63,val,과일,T2 동의어,q_과일_03,사과,식료품 중 '과일'을 판매·제공하는 매장,955813aa-2409-4c40-b91f-043136c7819d,안동상회,"사과, 감귤(청과)",학성새벽시장,전통시장,울산광역시,3.0,3.0,,,RESOLVED_AGREEMENT,False,3,,,,
2d9501e23375e93b800c,val,과일,T2 동의어,q_과일_03,사과,식료품 중 '과일'을 판매·제공하는 매장,a8b0ef15-b2f5-47fc-8202-a0ed6fce97a9,더(The)농장,"복숭아, 사과",충주농산물종합시장(구 중앙청과시장),전통시장,충청북도,3.0,3.0,,,RESOLVED_AGREEMENT,False,3,,,,
d81b6f0ae818a7d03b0a,val,과일,T2 동의어,q_과일_03,사과,식료품 중 '과일'을 판매·제공하는 매장,b221515f-6bb0-4bd8-a6dd-697851371199,사과당,카페,첨단연신로 골목형상점가,골목형상점가,광주광역시,2.0,3.0,,,P2_GRADED_ONLY,True,,,,,
38ba9ad4f78f21c86165,val,과일,T2 동의어,q_과일_04,청과,식료품 중 '과일'을 판매·제공하는 매장,509d7037-e028-4447-b304-5c7994f17843,명성청과,청과,결초보은상권활성화구역,상권활성화구역,충청북도,3.0,3.0,,,RESOLVED_AGREEMENT,False,3,,,,
3d38d30a899732b6a53c,val,과일,T2 동의어,q_과일_04,청과,식료품 중 '과일'을 판매·제공하는 매장,0042e83d-930b-4d1d-a96f-f1a2691256cd,성화상회,과일,대구능금시장,전통시장,대구광역시,3.0,3.0,,,RESOLVED_AGREEMENT,False,3,,,,
deacfe02ec6003c5efb6,val,과일,T2 동의어,q_과일_04,청과,식료품 중 '과일'을 판매·제공하는 매장,9cbd41ba-126d-49f2-aa47-6e04b1f4b2dd,함양청과,청과,동두천중앙시장,전통시장,경기도,3.0,3.0,,,RESOLVED_AGREEMENT,False,3,,,,
fd773b9b2f13b9fd7117,val,과일,T2 동의어,q_과일_04,청과,식료품 중 '과일'을 판매·제공하는 매장,dda52a9d-a0ad-42db-bade-4dda08c5a717,창조청과,청과,장승백이전통시장(구 만수창대시장),전통시장,인천광역시,3.0,3.0,,,RESOLVED_AGREEMENT,False,3,,,,
fdefc2fa3684f828aecf,val,과일,T2 동의어,q_과일_04,청과,식료품 중 '과일'을 판매·제공하는 매장,83978001-a61e-45cb-98e9-9fbc8206d741,황금청과,청과,예천중앙시장,전통시장,경상북도,3.0,3.0,,,RESOLVED_AGREEMENT,False,3,,,,
81b33bb8fc77fb1be4d3,val,과일,T2 동의어,q_과일_04,청과,식료품 중 '과일'을 판매·제공하는 매장,997ebf16-356e-4bd0-9885-e3aa3d770688,블랙홀볼링장,볼링장,수유역골목형상점가,골목형상점가,서울특별시,0.0,0.0,,,RESOLVED_AGREEMENT,False,0,,,,
313c6eab3e0a0edab8cf,val,과일,T2 동의어,q_과일_04,청과,식료품 중 '과일'을 판매·제공하는 매장,872efd82-4d98-4709-a2a9-3453afa1e016,운대청과,청과,청량리청과물시장,전통시장,서울특별시,3.0,3.0,,,RESOLVED_AGREEMENT,False,3,,,,
3e846c28933943c18e9e,val,과일,T2 동의어,q_과일_04,청과,식료품 중 '과일'을 판매·제공하는 매장,00d3ef33-13db-4750-93a0-4b31010fcb70,온유베이크,카페,스타타워1 골목형상점가,골목형상점가,인천광역시,1.0,0.0,,,P2_GRADED_ONLY,True,,,,,
308acc53a17f198c9a4d,val,과일,T2 동의어,q_과일_04,청과,식료품 중 '과일'을 판매·제공하는 매장,1c60a374-d296-451e-b587-c208ef9d102a,삼보청과,청과,"온양온천시장(온양재래시장, 전통시장)",전통시장,충청남도,3.0,3.0,,,RESOLVED_AGREEMENT,False,3,,,,
4e703afc56a478c734bf,val,과일,T2 동의어,q_과일_04,청과,식료품 중 '과일'을 판매·제공하는 매장,e8a4c29d-5d25-4811-a090-87aed2bc36ee,삼일 청과,청과,안양남부시장,전통시장,경기도,3.0,3.0,,,RESOLVED_AGREEMENT,False,3,,,,
6bbeced399b6c93ad9b8,val,과일,T2 동의어,q_과일_04,청과,식료품 중 '과일'을 판매·제공하는 매장,1a0bd139-fa9c-481f-9138-a903f7ab9418,핵밥 연신내점,한식,연신내골목형상점가,골목형상점가,서울특별시,0.0,0.0,,,RESOLVED_AGREEMENT,False,0,,,,
695e92738d342e19057b,val,과일,T2 동의어,q_과일_04,청과,식료품 중 '과일'을 판매·제공하는 매장,ebb39eca-8eac-486c-b4c4-4b3f81834c67,주회청과,청과,제주시민속오일시장,전통시장,제주특별자치도,3.0,3.0,,,RESOLVED_AGREEMENT,False,3,,,,
863a0c828211dc48f7a9,val,과일,T2 동의어,q_과일_04,청과,식료품 중 '과일'을 판매·제공하는 매장,e93b2223-be1b-49b0-9020-262d652bb635,한솔청과,청과,오정동상점가,자율상권구역,대전광역시,3.0,3.0,,,RESOLVED_AGREEMENT,False,3,,,,
4d7b2eee8da844e11cee,val,과일,T2 동의어,q_과일_04,청과,식료품 중 '과일'을 판매·제공하는 매장,56208649-90ac-47d2-b2e3-9f5c976f45b5,보문청과,청과,신영주번개시장,전통시장,경상북도,3.0,3.0,,,RESOLVED_AGREEMENT,False,3,,,,
2cfe5108cefbc7d62e28,val,과일,T2 동의어,q_과일_04,청과,식료품 중 '과일'을 판매·제공하는 매장,41686b15-78f4-4a2e-9c05-0f0eba6a937e,청년청과,청과,인헌시장,전통시장,서울특별시,3.0,3.0,,,RESOLVED_AGREEMENT,False,3,,,,
97c06c0c044762beada2,val,과일,T2 동의어,q_과일_04,청과,식료품 중 '과일'을 판매·제공하는 매장,7b678ee6-c33e-4a5d-a65b-15ae98fafc4e,화순청과,청과,무등시장,전통시장,광주광역시,3.0,3.0,,,RESOLVED_AGREEMENT,False,3,,,,
d6c2eb6f56d72a3a139e,val,과일,T2 동의어,q_과일_04,청과,식료품 중 '과일'을 판매·제공하는 매장,6f32b8c5-48a8-47f0-8ece-a1fddf1c5ab0,한국청과,청과,청량리청과물시장,전통시장,서울특별시,3.0,3.0,,,RESOLVED_AGREEMENT,False,3,,,,
5b65b718a65621885551,val,과일,T2 동의어,q_과일_04,청과,식료품 중 '과일'을 판매·제공하는 매장,13f59ca7-17aa-485e-a151-09a29f0ea875,현대청과,청과,한민시장,전통시장,대전광역시,3.0,3.0,,,RESOLVED_AGREEMENT,False,3,,,,
8e23f742bf44a13d88ca,val,과일,T2 동의어,q_과일_04,청과,식료품 중 '과일'을 판매·제공하는 매장,f4dd1c5a-190f-4228-b2f9-9fd2102bef4e,포항청과,청과,남부시장,전통시장,경상북도,3.0,3.0,,,RESOLVED_AGREEMENT,False,3,,,,
013ae9dfde5160379ec7,val,과일,T2 동의어,q_과일_04,청과,식료품 중 '과일'을 판매·제공하는 매장,acbcb844-36ac-4181-8b58-ace06eee9b8c,동서청과,청과,부평종합시장,전통시장,인천광역시,3.0,3.0,,,RESOLVED_AGREEMENT,False,3,,,,
699d2609cacb831251d4,val,과일,T2 동의어,q_과일_04,청과,식료품 중 '과일'을 판매·제공하는 매장,807e0c0e-4308-4190-adf1-d47e8738ce0e,형제청과,청과,청주육거리종합시장,전통시장,충청북도,3.0,3.0,,,RESOLVED_AGREEMENT,False,3,,,,
e443339bcfa20a19fed5,val,과일,T2 동의어,q_과일_04,청과,식료품 중 '과일'을 판매·제공하는 매장,9220c7d2-acdb-4fea-953f-d4d0271c751a,장원청과,청과,상주왕산상점가,자율상권구역,경상북도,3.0,3.0,,,RESOLVED_AGREEMENT,False,3,,,,
25f17282efb86d9dbb17,val,과일,T2 동의어,q_과일_04,청과,식료품 중 '과일'을 판매·제공하는 매장,f37d7fc0-81ee-4e01-ade7-0a3a47c8dce6,청년청과,청과,(유)다사소상공인연합,골목형상점가,대구광역시,3.0,3.0,,,RESOLVED_AGREEMENT,False,3,,,,
8a5c8d64967d61be8929,val,과일,T2 동의어,q_과일_04,청과,식료품 중 '과일'을 판매·제공하는 매장,d12f6e37-4857-431d-9b73-676cda68e32f,장터청과,청과,나운종합상가 골목형상점가,골목형상점가,전북특별자치도,3.0,3.0,,,RESOLVED_AGREEMENT,False,3,,,,
b01f4fdc37e0e096b6aa,val,과일,T2 동의어,q_과일_04,청과,식료품 중 '과일'을 판매·제공하는 매장,dab3ad9b-2b94-41fe-a6c1-061d227abc7c,서울청과,청과,동문재래시장,전통시장,제주특별자치도,3.0,3.0,,,RESOLVED_AGREEMENT,False,3,,,,
2381754137b7a444a20f,val,과일,T2 동의어,q_과일_04,청과,식료품 중 '과일'을 판매·제공하는 매장,00c6ce65-3761-4ba1-a849-bcedeaa97463,평화상회,청과,경산공설시장,전통시장,경상북도,3.0,3.0,,,RESOLVED_AGREEMENT,False,3,,,,
5b532c8a3333dead2f93,val,과일,T2 동의어,q_과일_04,청과,식료품 중 '과일'을 판매·제공하는 매장,07d974e4-4e7d-41fe-8b1f-a7a96756dc79,백산청과,사과,충주농산물종합시장(구 중앙청과시장),전통시장,충청북도,3.0,3.0,,,RESOLVED_AGREEMENT,False,3,,,,
78bf8983665bc3135e99,val,과일,T2 동의어,q_과일_04,청과,식료품 중 '과일'을 판매·제공하는 매장,697395b5-04b2-4981-9407-7628fbd8c3c6,또와요청과,청과,운수대통!생거진천전통시장,전통시장,충청북도,3.0,3.0,,,RESOLVED_AGREEMENT,False,3,,,,
03d496e542cb8c574245,val,과일,T2 동의어,q_과일_04,청과,식료품 중 '과일'을 판매·제공하는 매장,003d7e3f-6459-4018-ac58-7184cd2457d5,눈치 금호점,카페,금호1동상가번영회 골목형상점가,골목형상점가,광주광역시,1.0,0.0,,,P2_GRADED_ONLY,True,,,,,
a10d46401e033170729a,val,과일,T2 동의어,q_과일_04,청과,식료품 중 '과일'을 판매·제공하는 매장,35883750-a8fa-4dc2-a2e9-90c571031879,지리산고지농원,"사과, 종자, 오미자",남원인월시장,전통시장,전북특별자치도,3.0,3.0,,,RESOLVED_AGREEMENT,False,3,,,,
39dd6e6f76b1cc4673fa,val,과일,T2 동의어,q_과일_04,청과,식료품 중 '과일'을 판매·제공하는 매장,0063671e-77f7-466c-bbc2-223497c0dae4,무가당,카페,세병호 골목형상점가,골목형상점가,전북특별자치도,1.0,0.0,,,P2_GRADED_ONLY,True,,,,,
19ae36534a2c7e04bfd2,val,과일,T2 동의어,q_과일_04,청과,식료품 중 '과일'을 판매·제공하는 매장,0c51b967-d106-4c6e-b0d8-04bd27020a49,단비네 청과,청과,제주시민속오일시장,전통시장,제주특별자치도,3.0,3.0,,,RESOLVED_AGREEMENT,False,3,,,,
fa4080f81d3a9591c31f,val,과일,T2 동의어,q_과일_04,청과,식료품 중 '과일'을 판매·제공하는 매장,7304be9f-b7e6-4e73-b3f9-831d23147d3c,청과상회,청과,신태인시장,전통시장,전북특별자치도,3.0,3.0,,,RESOLVED_AGREEMENT,False,3,,,,
fd8d7c341172fa63a3aa,val,과일,T2 동의어,q_과일_04,청과,식료품 중 '과일'을 판매·제공하는 매장,811c55cf-5557-4d73-a16b-ccaae8570b68,만민청과,청과,영광터미널시장,전통시장,,3.0,3.0,,,RESOLVED_AGREEMENT,False,3,,,,
5ecb252d22ca6af42fea,val,과일,T2 동의어,q_과일_04,청과,식료품 중 '과일'을 판매·제공하는 매장,af83dbee-cf1b-43ba-9614-df654b250af9,카일하우시찌다,학원,소촌중앙 골목형상점가,골목형상점가,광주광역시,0.0,0.0,,,RESOLVED_AGREEMENT,False,0,,,,
c04c969f96e6a2a71e5b,val,과일,T2 동의어,q_과일_04,청과,식료품 중 '과일'을 판매·제공하는 매장,e39b8488-36cd-4e8b-b0d5-4d2efbec2753,진례청과,청과,함평천지전통시장(함평5일시장),전통시장,전라남도,3.0,3.0,,,RESOLVED_AGREEMENT,False,3,,,,
a2ad7ed72da8526775f1,val,과일,T2 동의어,q_과일_04,청과,식료품 중 '과일'을 판매·제공하는 매장,72003362-9f2d-44f4-96d8-b963b3bb0fdf,경북청과,청과,동쪽바다중앙시장(구 동해중앙시장),전통시장,강원특별자치도,3.0,3.0,,,RESOLVED_AGREEMENT,False,3,,,,
e57f71d7dd901105d358,val,과일,T2 동의어,q_과일_04,청과,식료품 중 '과일'을 판매·제공하는 매장,ab38e245-8b35-4dc0-8909-211671aef03d,새벽청과,청과,서귀포향토오일시장,전통시장,제주특별자치도,3.0,3.0,,,RESOLVED_AGREEMENT,False,3,,,,
3fe4566a6de4f3ef24d7,val,과일,T2 동의어,q_과일_04,청과,식료품 중 '과일'을 판매·제공하는 매장,00da8084-69b5-4bcc-b2ca-3eaf11175611,밀키샵 별내점,디저트,별내로데오상점가,골목형상점가,경기도,1.0,0.0,,,P2_GRADED_ONLY,True,,,,,
3356a3ceca71febb688a,val,과일,T2 동의어,q_과일_04,청과,식료품 중 '과일'을 판매·제공하는 매장,e3dd8f9a-1df3-4fc1-9498-0e7486a53ddb,성배청과,청과,박달시장,전통시장,경기도,3.0,3.0,,,RESOLVED_AGREEMENT,False,3,,,,
063bafee01baeb3c0e5c,val,과일,T2 동의어,q_과일_04,청과,식료품 중 '과일'을 판매·제공하는 매장,293d05ce-5d72-4cc5-8276-aff33abcb5e7,이삭상회,청과,학성새벽시장,전통시장,울산광역시,3.0,3.0,,,RESOLVED_AGREEMENT,False,3,,,,
5945ce367f364c2dd475,val,과일,T2 동의어,q_과일_04,청과,식료품 중 '과일'을 판매·제공하는 매장,a7921497-2475-4903-8aef-14639c431f76,신성청과,청과,오정동상점가,자율상권구역,대전광역시,3.0,3.0,,,RESOLVED_AGREEMENT,False,3,,,,
9d2356e93b70fa7b64c1,val,과일,T2 동의어,q_과일_04,청과,식료품 중 '과일'을 판매·제공하는 매장,3c49cc60-6135-4713-bf97-a40661ba8e07,뉴팜,사과 샤인머스켓,금오시장,전통시장,경상북도,3.0,3.0,,,RESOLVED_AGREEMENT,False,3,,,,
e71633a135b6d0b9eebc,val,과일,T2 동의어,q_과일_04,청과,식료품 중 '과일'을 판매·제공하는 매장,948ae9b5-6e9e-44f6-b405-fa4b348e9413,보성청과,청과,보성매일시장,전통시장,전라남도,3.0,3.0,,,RESOLVED_AGREEMENT,False,3,,,,
5dbb8cbd8d99361d3169,val,과일,T2 동의어,q_과일_04,청과,식료품 중 '과일'을 판매·제공하는 매장,2bfe9b0c-0a92-453d-baaf-20cfe5b6beb9,태백청과,청과,안동서부시장,전통시장,경상북도,3.0,3.0,,,RESOLVED_AGREEMENT,False,3,,,,
165ce01dc30455967987,val,과일,T2 동의어,q_과일_04,청과,식료품 중 '과일'을 판매·제공하는 매장,4f9ad052-17cc-4b88-932b-90081a840467,영덕상회,미곡,구례5일시장,전통시장,전라남도,0.0,0.0,,,RESOLVED_AGREEMENT,False,0,,,,
9b689e11b8634d7b515f,val,과일,T2 동의어,q_과일_04,청과,식료품 중 '과일'을 판매·제공하는 매장,8dde59fc-cdec-4c17-91b6-694836cbcc08,삼성이튼치과,치과의원,과천슈르탑 골목형상점가,골목형상점가,경기도,0.0,0.0,,,RESOLVED_AGREEMENT,False,0,,,,
314d2a62e7c5a9731bfa,val,과일,T2 동의어,q_과일_04,청과,식료품 중 '과일'을 판매·제공하는 매장,30aab4f1-0a08-40f8-8ec9-7fb904873471,봉좌산농원,농산물(사과),안강공설시장,전통시장,경상북도,3.0,3.0,,,RESOLVED_AGREEMENT,False,3,,,,
214c845beff8e9bba656,val,과일,T2 동의어,q_과일_04,청과,식료품 중 '과일'을 판매·제공하는 매장,62f7ae31-5ef9-430c-be22-2a758b567d5c,공주청과,청과,강릉중앙시장,전통시장,강원특별자치도,3.0,3.0,,,RESOLVED_AGREEMENT,False,3,,,,
d517b5d2f983294ab31c,val,과일,T2 동의어,q_과일_04,청과,식료품 중 '과일'을 판매·제공하는 매장,4a8397a3-de7f-44d2-b086-efd9a2edd503,버들청과,청과,전주모래내시장,전통시장,전북특별자치도,3.0,3.0,,,RESOLVED_AGREEMENT,False,3,,,,
41a2f4efcc3fde318871,val,과일,T2 동의어,q_과일_04,청과,식료품 중 '과일'을 판매·제공하는 매장,cfc70b5b-6a42-4813-b523-a02595207c9d,청양청과,청과,오류전통시장(오류빤짝시장),전통시장,대전광역시,3.0,3.0,,,RESOLVED_AGREEMENT,False,3,,,,
7e7ddc7494257587e8e5,val,과일,T2 동의어,q_과일_04,청과,식료품 중 '과일'을 판매·제공하는 매장,00468e6b-39c6-4ce1-a534-a6b1eecac01d,태양농산물,과일,정릉서경대길골목형상점가(정릉골),골목형상점가,서울특별시,3.0,3.0,,,RESOLVED_AGREEMENT,False,3,,,,
33a68544539dcae74c72,val,과일,T2 동의어,q_과일_04,청과,식료품 중 '과일'을 판매·제공하는 매장,71641fe6-0a0d-4389-8ecd-ef673505a29c,모녀청과,청과,벌교매일시장,전통시장,,3.0,3.0,,,RESOLVED_AGREEMENT,False,3,,,,
5661dd301107011891a5,val,과일,T2 동의어,q_과일_04,청과,식료품 중 '과일'을 판매·제공하는 매장,006204f3-b214-4611-a434-f896bf75e919,장터사랑,과일,농성세대공감상인회 골목형상점가,골목형상점가,광주광역시,3.0,3.0,,,RESOLVED_AGREEMENT,False,3,,,,
ecbce178b03574acfea4,val,과일,T2 동의어,q_과일_04,청과,식료품 중 '과일'을 판매·제공하는 매장,00e927c5-be32-44e1-b7fd-80e9cfc81773,진양상회,청과물,진주 청과시장,전통시장,경상남도,3.0,3.0,,,RESOLVED_AGREEMENT,False,3,,,,
44dea67228893a99eeeb,val,과일,T2 동의어,q_과일_04,청과,식료품 중 '과일'을 판매·제공하는 매장,41271a18-a3ae-445b-86bd-f7a2651faabe,동현상회,사과청과,대구능금시장,전통시장,대구광역시,3.0,3.0,,,RESOLVED_AGREEMENT,False,3,,,,
0bdc1c8acbc340ed4ae8,val,과일,T2 동의어,q_과일_04,청과,식료품 중 '과일'을 판매·제공하는 매장,8ac8fe0c-9e2d-4a95-b0b8-b510b1f54f46,미용청과,청과,청량리종합시장,전통시장,서울특별시,3.0,3.0,,,RESOLVED_AGREEMENT,False,3,,,,
c666307cd3d847fe04cf,val,과일,T2 동의어,q_과일_04,청과,식료품 중 '과일'을 판매·제공하는 매장,cc1c1483-6a34-4695-b072-14b443dc1ef9,자연들청과,채소 청과,문창시장,전통시장,대전광역시,3.0,3.0,,,RESOLVED_AGREEMENT,False,3,,,,
e03326d3d2a6cfe33783,val,과일,T2 동의어,q_과일_04,청과,식료품 중 '과일'을 판매·제공하는 매장,e50bc55a-fde0-4475-945e-ec60cf1f514d,포원청과,청과,포항죽도농산물시장,전통시장,경상북도,3.0,3.0,,,RESOLVED_AGREEMENT,False,3,,,,
37770f65dba976ebe99d,val,과일,T2 동의어,q_과일_04,청과,식료품 중 '과일'을 판매·제공하는 매장,95b1193b-02d6-4f41-89e9-fdab099113d6,태종청과,청과,대왕암 월봉시장,전통시장,울산광역시,3.0,3.0,,,RESOLVED_AGREEMENT,False,3,,,,
2c5f9954426e23e911c9,val,과일,T2 동의어,q_과일_04,청과,식료품 중 '과일'을 판매·제공하는 매장,90f43865-1f5a-48eb-b5b5-29682e67343f,한도청과,청과,청량리청과물시장,전통시장,서울특별시,3.0,3.0,,,RESOLVED_AGREEMENT,False,3,,,,
1686ffceb081836067fa,val,과일,T2 동의어,q_과일_04,청과,식료품 중 '과일'을 판매·제공하는 매장,f328b234-c07e-4053-9d31-3e48a0dadc7b,박씨청과,청과,여수교동시장,전통시장,전라남도,3.0,3.0,,,RESOLVED_AGREEMENT,False,3,,,,
67d5be132ef88e08da26,val,과일,T2 동의어,q_과일_04,청과,식료품 중 '과일'을 판매·제공하는 매장,5b2d29df-b6aa-4c3c-a982-f9ea12defcde,부산청과,청과,동문수산시장,전통시장,제주특별자치도,3.0,3.0,,,RESOLVED_AGREEMENT,False,3,,,,
3aaca7d822b85a8af77b,val,과일,T2 동의어,q_과일_04,청과,식료품 중 '과일'을 판매·제공하는 매장,71c8285e-a3ee-4ff3-aecf-80f5d670a8c3,칠복청과,청과,동서시장,전통시장,서울특별시,3.0,3.0,,,RESOLVED_AGREEMENT,False,3,,,,
757a30da3907646bd327,val,과일,T2 동의어,q_과일_04,청과,식료품 중 '과일'을 판매·제공하는 매장,171766d8-8c80-4cd1-b1db-b3592fce76b5,알뜰청과,청과,하당꽃길1가 골목형상점가,골목형상점가,전라남도,3.0,3.0,,,RESOLVED_AGREEMENT,False,3,,,,
264e7f1e8ae847e328d3,val,과일,T2 동의어,q_과일_04,청과,식료품 중 '과일'을 판매·제공하는 매장,5444e513-9990-42bc-abd9-478248fc96d8,일직청과,청과,중앙신시장,전통시장,경상북도,3.0,3.0,,,RESOLVED_AGREEMENT,False,3,,,,
18bc8364a52c20e3610e,val,과일,T2 동의어,q_과일_04,청과,식료품 중 '과일'을 판매·제공하는 매장,f94dd518-390d-47c1-87aa-5fc4d38b7874,독립꾼 청과,청과,목동깨비시장(구 목3동시장),전통시장,서울특별시,3.0,3.0,,,RESOLVED_AGREEMENT,False,3,,,,
c3d591aba5d3dd0b607b,val,과일,T2 동의어,q_과일_04,청과,식료품 중 '과일'을 판매·제공하는 매장,b947c61d-3d08-4754-88ed-625729405770,언니청과,청과,봉선중길 골목형상점가,골목형상점가,광주광역시,3.0,3.0,,,RESOLVED_AGREEMENT,False,3,,,,
c60fc82e769eac2f4698,val,과일,T2 동의어,q_과일_04,청과,식료품 중 '과일'을 판매·제공하는 매장,2b5382e8-093c-42ba-93ce-98a8d87adbf3,수경청과,청과,영월서부공설시장,전통시장,강원특별자치도,3.0,3.0,,,RESOLVED_AGREEMENT,False,3,,,,
ff3d3b7adb516587a92a,val,과일,T2 동의어,q_과일_04,청과,식료품 중 '과일'을 판매·제공하는 매장,324cb24e-f5db-474a-bb4f-e0677c6950ba,대일청과,청과,동서시장,전통시장,서울특별시,3.0,3.0,,,RESOLVED_AGREEMENT,False,3,,,,
002370fc9b997d48e883,val,과일,T2 동의어,q_과일_04,청과,식료품 중 '과일'을 판매·제공하는 매장,3d2f8d35-0289-499c-8a07-7622c9253f30,금산청과,청과,이촌종합시장,전통시장,서울특별시,3.0,3.0,,,RESOLVED_AGREEMENT,False,3,,,,
0d3a672f157311475cce,val,과일,T2 동의어,q_과일_04,청과,식료품 중 '과일'을 판매·제공하는 매장,a01fb9b5-46e3-4c6d-9474-31576842f981,행운청과,청과,거제 고현시장,전통시장,경상남도,3.0,3.0,,,RESOLVED_AGREEMENT,False,3,,,,
76445e16000b1b8fdbb4,val,과일,T2 동의어,q_과일_04,청과,식료품 중 '과일'을 판매·제공하는 매장,003e7ebf-1112-4ab4-a484-67716e4b2a85,이든,카페,원주중앙시장활성화구역,상권활성화구역,강원특별자치도,1.0,0.0,,,P2_GRADED_ONLY,True,,,,,
f0187b6b7449af601a5d,val,과일,T2 동의어,q_과일_04,청과,식료품 중 '과일'을 판매·제공하는 매장,ea3c6a0d-4c52-4ad7-a550-136a6b17867d,간석청과,청과,간석자유시장,전통시장,인천광역시,3.0,3.0,,,RESOLVED_AGREEMENT,False,3,,,,
8478aa63ab9c2b4b5112,val,과일,T2 동의어,q_과일_04,청과,식료품 중 '과일'을 판매·제공하는 매장,6e9628d9-9629-49bb-9e86-4e5cc48111ab,참죤청과,청과,부전농수산물새벽시장,전통시장,부산광역시,3.0,3.0,,,RESOLVED_AGREEMENT,False,3,,,,
62c287ee5bb42416f1a0,val,과일,T2 동의어,q_과일_04,청과,식료품 중 '과일'을 판매·제공하는 매장,878242c7-b81b-4f11-acb4-96192c30ce54,카페도도,카페,금곡골목형상점가,자율상권구역,경기도,1.0,0.0,,,P2_GRADED_ONLY,True,,,,,
eb2e1b9cf9766fb894d4,val,과일,T2 동의어,q_과일_04,청과,식료품 중 '과일'을 판매·제공하는 매장,9165e799-a653-4c3c-9d40-cd6258c384fb,매일청과,청과,1913송정역시장,전통시장,광주광역시,3.0,3.0,,,RESOLVED_AGREEMENT,False,3,,,,
1e135fde0d83dc103d44,val,과일,T2 동의어,q_과일_04,청과,식료품 중 '과일'을 판매·제공하는 매장,9121585f-9531-4b30-b007-dd0d5f4843bd,낙안청과,청과,벌교매일시장,전통시장,전라남도,3.0,3.0,,,RESOLVED_AGREEMENT,False,3,,,,
3e8374934d8ca09d156e,val,과일,T2 동의어,q_과일_04,청과,식료품 중 '과일'을 판매·제공하는 매장,00045dfc-0681-4fb3-8265-33b3df14c289,한라농산,과일,황지시장상점가,자율상권구역,강원특별자치도,3.0,3.0,,,RESOLVED_AGREEMENT,False,3,,,,
6d94a543f5e62a292205,val,과일,T2 동의어,q_과일_04,청과,식료품 중 '과일'을 판매·제공하는 매장,06f75bcb-8c04-46f9-9315-b56a3f1d7a63,스윙&플라멩고,운동복,대현프리몰 대구점,일반지하상점가,대구광역시,0.0,0.0,,,RESOLVED_AGREEMENT,False,0,,,,
3201d447cc9301de0a83,val,과일,T2 동의어,q_과일_04,청과,식료품 중 '과일'을 판매·제공하는 매장,e6cb0055-fa56-4c4e-96a6-5a3f710b2ac9,현대청과,청과,서부시장(서부재래시장),전통시장,충청남도,3.0,3.0,,,RESOLVED_AGREEMENT,False,3,,,,
ce0afe5aa982d4f75230,val,과일,T2 동의어,q_과일_04,청과,식료품 중 '과일'을 판매·제공하는 매장,90c31c33-0a1b-4bb0-b2c4-e187d07c7131,수암권청과,청과,수암상가시장,전통시장,울산광역시,3.0,3.0,,,RESOLVED_AGREEMENT,False,3,,,,
0f4a368f9203c3f6656e,val,과일,T2 동의어,q_과일_04,청과,식료품 중 '과일'을 판매·제공하는 매장,5f3cdb6c-dc4f-4580-9ca2-9d2a5f9a0253,상록청과,청과,구미시농산물도매시장 골목형상점가,골목형상점가,경상북도,3.0,3.0,,,RESOLVED_AGREEMENT,False,3,,,,
6cb047821416c244f69f,val,과일,T2 동의어,q_과일_04,청과,식료품 중 '과일'을 판매·제공하는 매장,5a0493ce-758b-430f-a0f7-f62a79a199b0,장수묵국수,청과,부천상동시장,전통시장,경기도,3.0,3.0,,,RESOLVED_AGREEMENT,False,3,,,,
76d868ba1333642922c8,val,과일,T2 동의어,q_과일_04,청과,식료품 중 '과일'을 판매·제공하는 매장,17a2274f-0831-4ead-9795-f90266cd9281,성만청과,청과,밀양 수산시장,전통시장,경상남도,3.0,3.0,,,RESOLVED_AGREEMENT,False,3,,,,
a23cd62f6d7fb9651287,val,과일,T2 동의어,q_과일_04,청과,식료품 중 '과일'을 판매·제공하는 매장,009efeba-a92a-4bf2-867f-f40d57386d40,(유)진경농산,청과,가락몰골목형상점가,골목형상점가,서울특별시,3.0,3.0,,,RESOLVED_AGREEMENT,False,3,,,,
b405733ac7c5dfbf2645,val,과일,T2 동의어,q_과일_04,청과,식료품 중 '과일'을 판매·제공하는 매장,9a8b5c35-c520-4766-8ddc-5ee5c3d8ebac,먹벵이,청과,자양전통시장,전통시장,서울특별시,3.0,3.0,,,RESOLVED_AGREEMENT,False,3,,,,
f663935a6159c47d23b3,val,과일,T2 동의어,q_과일_04,청과,식료품 중 '과일'을 판매·제공하는 매장,02df6136-5744-4c9b-82ab-c4db06db06dd,오빠청과,청과,중곡제일골목시장(중곡제일전통시장),전통시장,서울특별시,3.0,3.0,,,RESOLVED_AGREEMENT,False,3,,,,
0aed0485e0f601db4a4c,val,과일,T2 동의어,q_과일_04,청과,식료품 중 '과일'을 판매·제공하는 매장,c8c3ac3c-d953-4e66-964a-96bf5a7d242f,리본뷰티,피부미용,다산역 로데오 상점가,자율상권구역,경기도,0.0,0.0,,,RESOLVED_AGREEMENT,False,0,,,,
43b32ab490fd3303e48c,val,과일,T2 동의어,q_과일_04,청과,식료품 중 '과일'을 판매·제공하는 매장,c1a32c54-0797-4415-97c7-72472557746e,365청과,청과,쌍촌로상인회 골목형상점가,골목형상점가,광주광역시,3.0,3.0,,,RESOLVED_AGREEMENT,False,3,,,,
f41224d580cbc29d0f64,val,과일,T2 동의어,q_과일_04,청과,식료품 중 '과일'을 판매·제공하는 매장,0045f871-6f40-4361-bcdd-2b94bf597287,무파장터,야채 청과물,신금정시장 골목형 상점가,골목형상점가,부산광역시,3.0,3.0,,,RESOLVED_AGREEMENT,False,3,,,,
7678750ae678c9a72851,val,과일,T2 동의어,q_과일_04,청과,식료품 중 '과일'을 판매·제공하는 매장,00333be0-b70d-4197-aa97-5a277d61e0da,㈜신진후르츠,과일,부전농수산물새벽시장,전통시장,부산광역시,3.0,3.0,,,RESOLVED_AGREEMENT,False,3,,,,
49d3258b86d76a538324,val,과일,T2 동의어,q_과일_04,청과,식료품 중 '과일'을 판매·제공하는 매장,97cb4d4b-3cd4-42fd-a5c6-72592182f7bd,중앙청과,청과,목포신중앙시장,전통시장,전라남도,3.0,3.0,,,RESOLVED_AGREEMENT,False,3,,,,
13826d0e8264783ac27e,val,과일,T2 동의어,q_과일_04,청과,식료품 중 '과일'을 판매·제공하는 매장,d585df06-9ca9-427e-b42a-29f0ee787f4b,청실청과,청과,서문공설시장,전통시장,제주특별자치도,3.0,3.0,,,RESOLVED_AGREEMENT,False,3,,,,
89cab4a5ac7f701a8283,val,과일,T2 동의어,q_과일_04,청과,식료품 중 '과일'을 판매·제공하는 매장,00ebc127-05c7-4f5b-8926-20ba39cc1cda,대전따봉,"소매(청과,생선)",권선종합시장,전통시장,경기도,3.0,3.0,,,RESOLVED_AGREEMENT,False,3,,,,
23224c58aeb1d39c4b77,val,과일,T2 동의어,q_과일_04,청과,식료품 중 '과일'을 판매·제공하는 매장,22cb285c-c7ae-4f5b-ab82-7faf51ad4cbd,푸른청과,청과,성대전통시장,전통시장,서울특별시,3.0,3.0,,,RESOLVED_AGREEMENT,False,3,,,,
631673e6544ba04e2913,val,과일,T2 동의어,q_과일_04,청과,식료품 중 '과일'을 판매·제공하는 매장,e4c20376-c116-4910-bd1b-d5ee925bedbc,형제청과,청과,원주중앙시장활성화구역,상권활성화구역,강원특별자치도,3.0,3.0,,,RESOLVED_AGREEMENT,False,3,,,,
2cc32f2b5337b1bce63c,val,과일,T2 동의어,q_과일_04,청과,식료품 중 '과일'을 판매·제공하는 매장,fb215998-cd77-4314-b499-d9c728e8154b,오성 청과,청과,김제중앙시장,전통시장,전북특별자치도,3.0,3.0,,,RESOLVED_AGREEMENT,False,3,,,,
dd33f022b98d29741d67,val,과일,T2 동의어,q_과일_04,청과,식료품 중 '과일'을 판매·제공하는 매장,16c29be7-70d3-40c4-9ebb-6be9f5356a6e,인복청과,청과,청량리청과물시장,전통시장,서울특별시,3.0,3.0,,,RESOLVED_AGREEMENT,False,3,,,,
805e5d994bb65a5d9295,val,과일,T3 개념확장,q_과일_05,딸기,식료품 중 '과일'을 판매·제공하는 매장,2120353e-2bff-4a5e-a803-2fbe7ed38e63,딸기스넥,한식 음식점업,연무 골목형상점가,골목형상점가,경기도,2.0,3.0,,,P2_GRADED_ONLY,True,,,,,
ec5a15bdc18018765f0a,val,과일,T3 개념확장,q_과일_05,딸기,식료품 중 '과일'을 판매·제공하는 매장,1a602e9e-f4f7-456e-ab95-916c01b1de73,일곡직업전문학원,교육서비스,일곡동 골목형상점가,골목형상점가,광주광역시,0.0,0.0,,,RESOLVED_AGREEMENT,False,0,,,,
6f7025b4cdac6ce2ad17,val,과일,T3 개념확장,q_과일_05,딸기,식료품 중 '과일'을 판매·제공하는 매장,47edfb03-89d8-4730-b073-8d3c54353b55,부여딸기,딸기,부여중앙시장,전통시장,충청남도,3.0,3.0,,,RESOLVED_AGREEMENT,False,3,,,,
f23781b2756644ba17f8,val,과일,T3 개념확장,q_과일_05,딸기,식료품 중 '과일'을 판매·제공하는 매장,e4ac16be-8cc5-44d8-91dc-b9cb56f00f80,딸기언니배추오빠,일회용기,수유재래시장,전통시장,서울특별시,2.0,3.0,,,P2_GRADED_ONLY,True,,,,,
0f4dc29295e0c22e87b6,val,과일,T3 개념확장,q_과일_05,딸기,식료품 중 '과일'을 판매·제공하는 매장,8ad25c2d-7e8d-4839-bd6b-88f799b393eb,딸기네,서적,스타프라자전통시장,전통시장,경기도,2.0,3.0,,,P2_GRADED_ONLY,True,,,,,
c00df0dd012d5bc0ee6b,val,과일,T3 개념확장,q_과일_05,딸기,식료품 중 '과일'을 판매·제공하는 매장,41271a18-a3ae-445b-86bd-f7a2651faabe,동현상회,사과청과,대구능금시장,전통시장,대구광역시,2.0,3.0,,,P2_GRADED_ONLY,True,,,,,
57d7b2811d1ddd66411f,val,과일,T3 개념확장,q_과일_05,딸기,식료품 중 '과일'을 판매·제공하는 매장,de89b55f-671d-467c-b673-6e1b7a821035,대가숯불갈비,한식,태화십리대밭먹거리단지 상점가,자율상권구역,울산광역시,0.0,0.0,,,RESOLVED_AGREEMENT,False,0,,,,
4973fd4ea10b1f92c609,val,과일,T3 개념확장,q_과일_05,딸기,식료품 중 '과일'을 판매·제공하는 매장,d4abe091-5fcf-47ae-8c8a-be32f64af9a9,속초딸기모찌,떡,속초종합중앙시장,전통시장,강원특별자치도,2.0,3.0,,,P2_GRADED_ONLY,True,,,,,
c7944439fbe2040889db,val,과일,T3 개념확장,q_과일_05,딸기,식료품 중 '과일'을 판매·제공하는 매장,ecd540eb-745d-47e2-8feb-27d38f3de574,여수 딸기모찌 고마리,떡제조,여수진남상가,자율상권구역,,2.0,3.0,,,P2_GRADED_ONLY,True,,,,,
a2f92c3fabbd6f017059,val,과일,T3 개념확장,q_과일_05,딸기,식료품 중 '과일'을 판매·제공하는 매장,a6f0547d-33b7-4d57-98f8-6ccab589b8b6,월계닭갈비,한식,첨단2동 골목형상점가,골목형상점가,광주광역시,0.0,0.0,,,RESOLVED_AGREEMENT,False,0,,,,
17c715f1bc81c3f85fcb,val,과일,T3 개념확장,q_과일_05,딸기,식료품 중 '과일'을 판매·제공하는 매장,b7bedd5c-47f9-4b3a-ba14-591feaef290d,딸기공주,잡화,동산상가,전통시장,대구광역시,2.0,3.0,,,P2_GRADED_ONLY,True,,,,,
6ace2cd83d5a1be45ab9,val,과일,T3 개념확장,q_과일_05,딸기,식료품 중 '과일'을 판매·제공하는 매장,ef3b8131-ca42-43f3-98c3-7c1029ae186e,딸기헤어,헤어,설악로데오거리상점가,자율상권구역,강원특별자치도,2.0,3.0,,,P2_GRADED_ONLY,True,,,,,
6ca62a9c817d57707377,val,과일,T3 개념확장,q_과일_05,딸기,식료품 중 '과일'을 판매·제공하는 매장,b36035f0-32b1-442a-9dc3-250754052811,딸기,소매(의류),의정부제일시장,전통시장,경기도,2.0,3.0,,,P2_GRADED_ONLY,True,,,,,
d1ab8eee380414462307,val,과일,T3 개념확장,q_과일_05,딸기,식료품 중 '과일'을 판매·제공하는 매장,00045dfc-0681-4fb3-8265-33b3df14c289,한라농산,과일,황지시장상점가,자율상권구역,강원특별자치도,2.0,3.0,,,P2_GRADED_ONLY,True,,,,,
92d217477b7739cdaaf9,val,과일,T3 개념확장,q_과일_05,딸기,식료품 중 '과일'을 판매·제공하는 매장,00d3ef33-13db-4750-93a0-4b31010fcb70,온유베이크,카페,스타타워1 골목형상점가,골목형상점가,인천광역시,1.0,0.0,,,P2_GRADED_ONLY,True,,,,,
a57a46ad8aaa79aff7dd,val,과일,T3 개념확장,q_과일_05,딸기,식료품 중 '과일'을 판매·제공하는 매장,c7fbea62-c3ab-4472-a90f-3c14e02cdb1e,딸기나무,농수산물,원당 중앙로 골목형상점가,골목형상점가,인천광역시,2.0,3.0,,,P2_GRADED_ONLY,True,,,,,
1699982e92bc3cabad97,val,과일,T3 개념확장,q_과일_05,딸기,식료품 중 '과일'을 판매·제공하는 매장,4cc1593e-8077-4d49-863f-fabc7e1dac18,순희딸기,음료 및 디저트,황남상가시장,전통시장,경상북도,2.0,3.0,,,P2_GRADED_ONLY,True,,,,,
d395479a6b94eaf1b0c4,val,과일,T3 개념확장,q_과일_05,딸기,식료품 중 '과일'을 판매·제공하는 매장,12442dac-e7a5-4c50-9330-c5ad9c4f8e5f,딸부잣집,고기,고한구공탄시장(고한시장),전통시장,강원특별자치도,0.0,0.0,,,RESOLVED_AGREEMENT,False,0,,,,
753d86f3b74c0b41821f,val,과일,T3 개념확장,q_과일_05,딸기,식료품 중 '과일'을 판매·제공하는 매장,00468e6b-39c6-4ce1-a534-a6b1eecac01d,태양농산물,과일,정릉서경대길골목형상점가(정릉골),골목형상점가,서울특별시,2.0,3.0,,,P2_GRADED_ONLY,True,,,,,
f108aa084b64e80d8b60,val,과일,T3 개념확장,q_과일_05,딸기,식료품 중 '과일'을 판매·제공하는 매장,705d5582-3f02-41a9-adb4-78d1215eaaf0,딸기네김치,김치,신정상가시장,전통시장,울산광역시,2.0,3.0,,,P2_GRADED_ONLY,True,,,,,
578a5caa5943a43ed3da,val,과일,T3 개념확장,q_과일_05,딸기,식료품 중 '과일'을 판매·제공하는 매장,3c49cc60-6135-4713-bf97-a40661ba8e07,뉴팜,사과 샤인머스켓,금오시장,전통시장,경상북도,2.0,3.0,,,P2_GRADED_ONLY,True,,,,,
c9172ef95d4b99ece3da,val,과일,T3 개념확장,q_과일_05,딸기,식료품 중 '과일'을 판매·제공하는 매장,00333be0-b70d-4197-aa97-5a277d61e0da,㈜신진후르츠,과일,부전농수산물새벽시장,전통시장,부산광역시,2.0,3.0,,,P2_GRADED_ONLY,True,,,,,
447db58a64ef2e463abb,val,과일,T3 개념확장,q_과일_05,딸기,식료품 중 '과일'을 판매·제공하는 매장,fc2eedd0-e435-4771-8c3e-fc8ec7475b33,어반에이살롱(URBAN A SALON),헤어커트,운수대통 골목형상점가,골목형상점가,광주광역시,0.0,0.0,,,RESOLVED_AGREEMENT,False,0,,,,
1ef74d71756c72346bcf,val,과일,T3 개념확장,q_과일_05,딸기,식료품 중 '과일'을 판매·제공하는 매장,30aab4f1-0a08-40f8-8ec9-7fb904873471,봉좌산농원,농산물(사과),안강공설시장,전통시장,경상북도,2.0,3.0,,,P2_GRADED_ONLY,True,,,,,
b28a512155389e17adb3,val,과일,T3 개념확장,q_과일_05,딸기,식료품 중 '과일'을 판매·제공하는 매장,1a4af47c-9e51-47a1-be84-47b8a98f3675,미녀딸기,음식가공판매,거창 가조상점가거리,골목형상점가,경상남도,2.0,3.0,,,P2_GRADED_ONLY,True,,,,,
ccbe26c38b5c73a31a7f,val,과일,T3 개념확장,q_과일_05,딸기,식료품 중 '과일'을 판매·제공하는 매장,0042e83d-930b-4d1d-a96f-f1a2691256cd,성화상회,과일,대구능금시장,전통시장,대구광역시,2.0,3.0,,,P2_GRADED_ONLY,True,,,,,
a0a750b5c9ca8a2d29d8,val,과일,T3 개념확장,q_과일_05,딸기,식료품 중 '과일'을 판매·제공하는 매장,4dc407e6-2bde-42e3-aefd-99551bdbef52,광익상사,일반기계 장비,인천산업유통센터,전통시장,인천광역시,0.0,0.0,,,RESOLVED_AGREEMENT,False,0,,,,
fd2e4e9045f2e75e980c,val,과일,T3 개념확장,q_과일_05,딸기,식료품 중 '과일'을 판매·제공하는 매장,81d230ea-9d1f-44ae-a7ca-8b9a7836679f,딸기,숙녀복,동산상가,전통시장,대구광역시,2.0,3.0,,,P2_GRADED_ONLY,True,,,,,
34db9e4168b9d77bbe42,val,과일,T3 개념확장,q_과일_05,딸기,식료품 중 '과일'을 판매·제공하는 매장,00e927c5-be32-44e1-b7fd-80e9cfc81773,진양상회,청과물,진주 청과시장,전통시장,경상남도,2.0,3.0,,,P2_GRADED_ONLY,True,,,,,
d60d7d068708a7c7e894,val,과일,T3 개념확장,q_과일_05,딸기,식료품 중 '과일'을 판매·제공하는 매장,9607ab83-eadc-49b8-8357-94db82a40ea5,딸기,의류,밀양 내일전통시장,전통시장,경상남도,2.0,3.0,,,P2_GRADED_ONLY,True,,,,,
485086dd841c1b6b4b93,val,과일,T3 개념확장,q_과일_05,딸기,식료품 중 '과일'을 판매·제공하는 매장,006204f3-b214-4611-a434-f896bf75e919,장터사랑,과일,농성세대공감상인회 골목형상점가,골목형상점가,광주광역시,2.0,3.0,,,P2_GRADED_ONLY,True,,,,,
de3f304f30738982cfe0,val,과일,T3 개념확장,q_과일_05,딸기,식료품 중 '과일'을 판매·제공하는 매장,b0467d6b-13ce-4420-99eb-3e176a3bd27d,딸기딸기,농산물,제주중앙지하상가,일반지하상점가,제주특별자치도,2.0,3.0,,,P2_GRADED_ONLY,True,,,,,
486df74318d817749e71,val,과일,T3 개념확장,q_과일_05,딸기,식료품 중 '과일'을 판매·제공하는 매장,7de5b272-0210-4ef7-a1f7-3e0ebca59cb7,딸기공주,아동복,창원 성원그랜드쇼핑상가,전통시장,경상남도,2.0,3.0,,,P2_GRADED_ONLY,True,,,,,
cc1dfbd40a7b04a4cfd5,val,과일,T3 개념확장,q_과일_05,딸기,식료품 중 '과일'을 판매·제공하는 매장,6b4d98cf-bb0e-4b7f-9c93-918689da529b,케이앤팜,딸기,대구능금시장,전통시장,대구광역시,3.0,3.0,,,RESOLVED_AGREEMENT,False,3,,,,
5d952742d49e18351875,val,과일,T3 개념확장,q_과일_05,딸기,식료품 중 '과일'을 판매·제공하는 매장,b7da747b-6248-4f61-b835-3f5c59bb6661,딸부자집,한식,공주대학로 골목형 상점가,골목형상점가,충청남도,0.0,0.0,,,RESOLVED_AGREEMENT,False,0,,,,
66a8e930f458953a0883,val,과일,T3 개념확장,q_과일_05,딸기,식료품 중 '과일'을 판매·제공하는 매장,35883750-a8fa-4dc2-a2e9-90c571031879,지리산고지농원,"사과, 종자, 오미자",남원인월시장,전통시장,전북특별자치도,2.0,3.0,,,P2_GRADED_ONLY,True,,,,,
a856073a246df5952a0b,val,과일,T3 개념확장,q_과일_05,딸기,식료품 중 '과일'을 판매·제공하는 매장,8fee28ac-453a-4023-bbf1-8a0bba68b9ef,딸기공주,액세서리,성서와룡시장,전통시장,대구광역시,2.0,3.0,,,P2_GRADED_ONLY,True,,,,,
53edb0bb83455f346aeb,val,과일,T3 개념확장,q_과일_05,딸기,식료품 중 '과일'을 판매·제공하는 매장,9d73d767-eefd-4e3c-9bfd-f1ba2ac9fac2,링링운암점,악세사리,벽산황계로 골목형상점가,골목형상점가,광주광역시,0.0,0.0,,,RESOLVED_AGREEMENT,False,0,,,,
25699683a14a419d5d23,val,과일,T3 개념확장,q_과일_05,딸기,식료품 중 '과일'을 판매·제공하는 매장,80cb009b-d56d-4fcf-ab08-53d92ef8a473,영남상사,"우산, 잡화",서문시장건해산물상가,전통시장,대구광역시,0.0,0.0,,,RESOLVED_AGREEMENT,False,0,,,,
fa7d02fe9ddfaceaddbf,val,과일,T3 개념확장,q_과일_05,딸기,식료품 중 '과일'을 판매·제공하는 매장,07d974e4-4e7d-41fe-8b1f-a7a96756dc79,백산청과,사과,충주농산물종합시장(구 중앙청과시장),전통시장,충청북도,2.0,3.0,,,P2_GRADED_ONLY,True,,,,,
9b6c0e6c36d2cdf5449b,val,과일,T3 개념확장,q_과일_05,딸기,식료품 중 '과일'을 판매·제공하는 매장,003e7ebf-1112-4ab4-a484-67716e4b2a85,이든,카페,원주중앙시장활성화구역,상권활성화구역,강원특별자치도,1.0,0.0,,,P2_GRADED_ONLY,True,,,,,
d305c5b5b64042c9318d,val,과일,T3 개념확장,q_과일_05,딸기,식료품 중 '과일'을 판매·제공하는 매장,00ebc127-05c7-4f5b-8926-20ba39cc1cda,대전따봉,"소매(청과,생선)",권선종합시장,전통시장,경기도,2.0,3.0,,,P2_GRADED_ONLY,True,,,,,
aec11a7b4ad6a6cefe15,val,과일,T3 개념확장,q_과일_05,딸기,식료품 중 '과일'을 판매·제공하는 매장,d36f2b31-00c6-4c8c-8f4b-a8b020734954,논산딸기마을,빵,논산화지중앙시장,전통시장,충청남도,2.0,3.0,,,P2_GRADED_ONLY,True,,,,,
2a78f5fa8cb048d87cb4,val,과일,T3 개념확장,q_과일_05,딸기,식료품 중 '과일'을 판매·제공하는 매장,eb36dc39-ec7a-4817-9ecd-ad040480bfdb,별나라공방,악세서리,길음시장,전통시장,서울특별시,0.0,0.0,,,RESOLVED_AGREEMENT,False,0,,,,
dc10ce0d8cc2fd7fc481,val,과일,T3 개념확장,q_과일_05,딸기,식료품 중 '과일'을 판매·제공하는 매장,91d87be1-a81f-48b0-8bfd-3c11cefe4ddd,심쿵딸기,과일수제청 음료,여수진남상가,자율상권구역,전라남도,2.0,3.0,,,P2_GRADED_ONLY,True,,,,,
6742a87abae14cfbf30b,val,과일,T3 개념확장,q_과일_05,딸기,식료품 중 '과일'을 판매·제공하는 매장,f824f865-8b93-44ab-8b29-a1611a67abe2,딸기약국,,성성1번가 골목형상점가,골목형상점가,충청남도,3.0,3.0,,,RESOLVED_AGREEMENT,False,3,,,,
86faa638c8356b31b6e4,val,과일,T3 개념확장,q_과일_05,딸기,식료품 중 '과일'을 판매·제공하는 매장,00da8084-69b5-4bcc-b2ca-3eaf11175611,밀키샵 별내점,디저트,별내로데오상점가,골목형상점가,경기도,1.0,0.0,,,P2_GRADED_ONLY,True,,,,,
35429de9d2319d534d40,val,과일,T3 개념확장,q_과일_05,딸기,식료품 중 '과일'을 판매·제공하는 매장,00c6ce65-3761-4ba1-a849-bcedeaa97463,평화상회,청과,경산공설시장,전통시장,경상북도,2.0,3.0,,,P2_GRADED_ONLY,True,,,,,
46f6dd8b881b4d21eab4,val,과일,T3 개념확장,q_과일_05,딸기,식료품 중 '과일'을 판매·제공하는 매장,3fa8b2f1-8b22-4cf4-838c-dd37120e9229,딸기헤어,미용실,경서골목형상점가,골목형상점가,인천광역시,2.0,3.0,,,P2_GRADED_ONLY,True,,,,,
6f770d2318f69483661b,val,과일,T3 개념확장,q_과일_05,딸기,식료품 중 '과일'을 판매·제공하는 매장,b8312833-6cd3-4905-a1fa-30f47fc59174,딸기,의류,서문시장2지구 종합상가,전통시장,대구광역시,2.0,3.0,,,P2_GRADED_ONLY,True,,,,,
f24a6f88c302793170fb,val,과일,T3 개념확장,q_과일_05,딸기,식료품 중 '과일'을 판매·제공하는 매장,18ed863b-ab50-4d2c-b4ce-13fbd831da1b,행복한딸기,"가방, 모자",제천중앙시장,전통시장,충청북도,2.0,3.0,,,P2_GRADED_ONLY,True,,,,,
9f9705d66d90061db53a,val,과일,T3 개념확장,q_과일_05,딸기,식료품 중 '과일'을 판매·제공하는 매장,4aae00d1-5a8f-477e-a9ac-5d1b891b6c06,딸기공주,의류,보령한내시장,전통시장,충청남도,2.0,3.0,,,P2_GRADED_ONLY,True,,,,,
ed07f84a87af64eebe06,val,과일,T3 개념확장,q_과일_05,딸기,식료품 중 '과일'을 판매·제공하는 매장,422100fb-6823-4f31-8213-00e051563a53,딸기,의류,용현시장,전통시장,인천광역시,2.0,3.0,,,P2_GRADED_ONLY,True,,,,,
7def0b779b19b340f624,val,과일,T3 개념확장,q_과일_05,딸기,식료품 중 '과일'을 판매·제공하는 매장,003d7e3f-6459-4018-ac58-7184cd2457d5,눈치 금호점,카페,금호1동상가번영회 골목형상점가,골목형상점가,광주광역시,1.0,0.0,,,P2_GRADED_ONLY,True,,,,,
23654df2706cbbf9fce1,val,과일,T3 개념확장,q_과일_05,딸기,식료품 중 '과일'을 판매·제공하는 매장,9141cd64-b717-43b5-806e-00fa65334eed,딸네보리밥,한식,서동향토시장,전통시장,부산광역시,0.0,0.0,,,RESOLVED_AGREEMENT,False,0,,,,
56b49c4cd96818605b29,val,과일,T3 개념확장,q_과일_05,딸기,식료품 중 '과일'을 판매·제공하는 매장,bf5dcce5-7b5d-464d-a9dd-f102fffdb1e3,딸내미네,한식,쌍촌골상인회 골목형상점가,골목형상점가,광주광역시,0.0,0.0,,,RESOLVED_AGREEMENT,False,0,,,,
3cb11371f51f40963927,val,과일,T3 개념확장,q_과일_05,딸기,식료품 중 '과일'을 판매·제공하는 매장,2ee9b793-782e-4ed9-8902-9114e59c6c34,(유)딸기네유통,농산물,가락몰골목형상점가,골목형상점가,서울특별시,2.0,3.0,,,P2_GRADED_ONLY,True,,,,,
362712d6e6bdf8c5c165,val,과일,T3 개념확장,q_과일_05,딸기,식료품 중 '과일'을 판매·제공하는 매장,3977b9b6-11af-4b88-a255-c7757004639b,딸기공주,악세사리,광복지하도상가,일반지하상점가,부산광역시,2.0,3.0,,,P2_GRADED_ONLY,True,,,,,
38929cc8da6067d7156f,val,과일,T3 개념확장,q_과일_05,딸기,식료품 중 '과일'을 판매·제공하는 매장,3eea72dc-6adb-4283-b300-59b3ec298ec2,고추총각 딸기아가씨,청과,만수시장,전통시장,인천광역시,2.0,3.0,,,P2_GRADED_ONLY,True,,,,,
0515f86081b6303089ed,val,과일,T3 개념확장,q_과일_05,딸기,식료품 중 '과일'을 판매·제공하는 매장,009efeba-a92a-4bf2-867f-f40d57386d40,(유)진경농산,청과,가락몰골목형상점가,골목형상점가,서울특별시,2.0,3.0,,,P2_GRADED_ONLY,True,,,,,
55de58eb289e7177ec50,val,과일,T3 개념확장,q_과일_05,딸기,식료품 중 '과일'을 판매·제공하는 매장,4663f3a2-e8c4-4ec2-8afc-6e9d2c02f13c,딸부잣집백반,,포방터시장,전통시장,서울특별시,0.0,0.0,,,RESOLVED_AGREEMENT,False,0,,,,
b7baef2a2a9df1645ec3,val,과일,T3 개념확장,q_과일_05,딸기,식료품 중 '과일'을 판매·제공하는 매장,a4bd771a-c347-4e04-aa18-f3d66ec87e24,딸랑구찹살떡,떡,전주한옥마을 골목형상점가,골목형상점가,전북특별자치도,0.0,0.0,,,RESOLVED_AGREEMENT,False,0,,,,
0d3f4a463f01039e5d3d,val,과일,T3 개념확장,q_과일_05,딸기,식료품 중 '과일'을 판매·제공하는 매장,6c67ad9c-0695-4e88-8225-766f7f34ce68,쿵에이드,"즉석판매제조(딸기라떼, 음료 등)",여수진남상가,자율상권구역,전라남도,3.0,3.0,,,RESOLVED_AGREEMENT,False,3,,,,
ebcfe4f8f8b4a942c158,val,과일,T3 개념확장,q_과일_05,딸기,식료품 중 '과일'을 판매·제공하는 매장,2002dcd5-9883-4682-823f-c8603763e861,딸기공장,"디저트, 빵",보람동 골목형상점가,골목형상점가,세종특별자치시,2.0,3.0,,,P2_GRADED_ONLY,True,,,,,
40d768f637ebdf92c60f,val,과일,T3 개념확장,q_과일_05,딸기,식료품 중 '과일'을 판매·제공하는 매장,0063671e-77f7-466c-bbc2-223497c0dae4,무가당,카페,세병호 골목형상점가,골목형상점가,전북특별자치도,1.0,0.0,,,P2_GRADED_ONLY,True,,,,,
c35cf5d14c6847764080,val,과일,T3 개념확장,q_과일_05,딸기,식료품 중 '과일'을 판매·제공하는 매장,c2f79892-e34f-49fd-a01b-495441211c15,딸기쉐이크,여성의류 및 잡화,춘천지하상가,일반지하상점가,강원특별자치도,2.0,3.0,,,P2_GRADED_ONLY,True,,,,,
7018a208fe456820c463,val,과일,T3 개념확장,q_과일_05,딸기,식료품 중 '과일'을 판매·제공하는 매장,6be08094-cb1d-4fba-baa2-ed06ec3cfcf9,달디단딸기,딸기 쌀 야채 농산물 가공식품,나릿재마크원 골목형상점가,골목형상점가,세종특별자치시,3.0,3.0,,,RESOLVED_AGREEMENT,False,3,,,,
79ec59005b31bf9eaa14,val,과일,T3 개념확장,q_과일_05,딸기,식료품 중 '과일'을 판매·제공하는 매장,befd9341-2bfe-4b8a-8ad7-777d6f4dd2c8,딸기초콜릿,여성의류,부평깡통시장(구 부산부평시장),전통시장,부산광역시,2.0,3.0,,,P2_GRADED_ONLY,True,,,,,
3185281a52cbcbf13bc1,val,과일,T3 개념확장,q_과일_05,딸기,식료품 중 '과일'을 판매·제공하는 매장,d2a0851b-85d9-48cd-84fa-e1a5c15e2445,딸기분식,분식류,수암상가시장,전통시장,울산광역시,2.0,3.0,,,P2_GRADED_ONLY,True,,,,,
4dd0f588465192820f00,val,과일,T3 개념확장,q_과일_05,딸기,식료품 중 '과일'을 판매·제공하는 매장,0045f871-6f40-4361-bcdd-2b94bf597287,무파장터,야채 청과물,신금정시장 골목형 상점가,골목형상점가,부산광역시,2.0,3.0,,,P2_GRADED_ONLY,True,,,,,
b5a1cc48092852cc910e,val,과일,T3 개념확장,q_과일_05,딸기,식료품 중 '과일'을 판매·제공하는 매장,e9598b45-1862-4a31-951e-34f9c6c15fa1,별난딸기,잼,해남매일시장,전통시장,전라남도,2.0,3.0,,,P2_GRADED_ONLY,True,,,,,
cd7ae325677c5f164fb0,val,과일,T3 개념확장,q_과일_05,딸기,식료품 중 '과일'을 판매·제공하는 매장,f220255f-4619-47b0-989a-b466cffa3c0e,딸기,악세사리,영등포로타리지하도상점가,일반지하상점가,서울특별시,2.0,3.0,,,P2_GRADED_ONLY,True,,,,,
9838a8238d8a0181ea2f,val,과일,T4 구어·문장,q_과일_06,과일 사는 곳,식료품 중 '과일'을 판매·제공하는 매장,00ebc127-05c7-4f5b-8926-20ba39cc1cda,대전따봉,"소매(청과,생선)",권선종합시장,전통시장,경기도,3.0,3.0,,,RESOLVED_AGREEMENT,False,3,,,,
57bc66e89ca8cb2906e2,val,과일,T4 구어·문장,q_과일_06,과일 사는 곳,식료품 중 '과일'을 판매·제공하는 매장,00333be0-b70d-4197-aa97-5a277d61e0da,㈜신진후르츠,과일,부전농수산물새벽시장,전통시장,부산광역시,3.0,3.0,,,RESOLVED_AGREEMENT,False,3,,,,
1638835f46b951228860,val,과일,T4 구어·문장,q_과일_06,과일 사는 곳,식료품 중 '과일'을 판매·제공하는 매장,e50663cb-2e0e-4fb8-b139-7bd05c5cfe02,과일(강씨과일),과일,팔달신시장,전통시장,대구광역시,3.0,3.0,,,RESOLVED_AGREEMENT,False,3,,,,
7b32e76aa07f34ac13c5,val,과일,T4 구어·문장,q_과일_06,과일 사는 곳,식료품 중 '과일'을 판매·제공하는 매장,00c6ce65-3761-4ba1-a849-bcedeaa97463,평화상회,청과,경산공설시장,전통시장,경상북도,3.0,3.0,,,RESOLVED_AGREEMENT,False,3,,,,
5f87ee6ded866b03c52b,val,과일,T4 구어·문장,q_과일_06,과일 사는 곳,식료품 중 '과일'을 판매·제공하는 매장,003e7ebf-1112-4ab4-a484-67716e4b2a85,이든,카페,원주중앙시장활성화구역,상권활성화구역,강원특별자치도,1.0,0.0,,,P2_GRADED_ONLY,True,,,,,
36be1c35e2b562bf71bb,val,과일,T4 구어·문장,q_과일_06,과일 사는 곳,식료품 중 '과일'을 판매·제공하는 매장,07d974e4-4e7d-41fe-8b1f-a7a96756dc79,백산청과,사과,충주농산물종합시장(구 중앙청과시장),전통시장,충청북도,3.0,3.0,,,RESOLVED_AGREEMENT,False,3,,,,
e98f6776d3d1222ada00,val,과일,T4 구어·문장,q_과일_06,과일 사는 곳,식료품 중 '과일'을 판매·제공하는 매장,b17526ac-af8d-4e0e-97b4-3cbf29acda2a,욱수과일,과일,신매시장,전통시장,대구광역시,3.0,3.0,,,RESOLVED_AGREEMENT,False,3,,,,
a6bf067beaf4fa69cbfb,val,과일,T4 구어·문장,q_과일_06,과일 사는 곳,식료품 중 '과일'을 판매·제공하는 매장,d250e4cb-997d-44f8-8d99-5d9505ec8cb4,과일,과일,능동로골목시장(자양한강전통시장),전통시장,서울특별시,3.0,3.0,,,RESOLVED_AGREEMENT,False,3,,,,
b62f34ee18679bd152cc,val,과일,T4 구어·문장,q_과일_06,과일 사는 곳,식료품 중 '과일'을 판매·제공하는 매장,165b3625-5da0-4998-af46-c016619a2e7c,한밭과일,과일,태평시장,전통시장,대전광역시,3.0,3.0,,,RESOLVED_AGREEMENT,False,3,,,,
614a6329756d3d8d1e20,val,과일,T4 구어·문장,q_과일_06,과일 사는 곳,식료품 중 '과일'을 판매·제공하는 매장,96fb06c4-5705-4beb-a3f8-145090c46652,올리브팜 베이커리,,둔산3동상점가,자율상권구역,대전광역시,0.0,0.0,,,RESOLVED_AGREEMENT,False,0,,,,
8fb539b8ebc618d68093,val,과일,T4 구어·문장,q_과일_06,과일 사는 곳,식료품 중 '과일'을 판매·제공하는 매장,60212e20-347e-4222-93a8-6c0dad495f9f,사창과일,과일,청주사창시장,전통시장,충청북도,3.0,3.0,,,RESOLVED_AGREEMENT,False,3,,,,
e1472a2c9939b44642d8,val,과일,T4 구어·문장,q_과일_06,과일 사는 곳,식료품 중 '과일'을 판매·제공하는 매장,edceee03-fbb0-4c43-86af-b46c94360a83,이근철청과,과일,남부시장,전통시장,경상북도,3.0,3.0,,,RESOLVED_AGREEMENT,False,3,,,,
181fa12c03016008ad91,val,과일,T4 구어·문장,q_과일_06,과일 사는 곳,식료품 중 '과일'을 판매·제공하는 매장,234ee312-05ba-4183-af7a-8a8ac8f25047,과일#,과일,서부시장상점가(서부시장 통합),전통시장,전북특별자치도,3.0,3.0,,,RESOLVED_AGREEMENT,False,3,,,,
0a9f83a1d38e0500fd90,val,과일,T4 구어·문장,q_과일_06,과일 사는 곳,식료품 중 '과일'을 판매·제공하는 매장,de1dc1a1-abbd-42c1-9293-6af8c390a9ce,청춘과일,과일,첨단하나로,골목형상점가,광주광역시,3.0,3.0,,,RESOLVED_AGREEMENT,False,3,,,,
290d9dfbb7afac167adc,val,과일,T4 구어·문장,q_과일_06,과일 사는 곳,식료품 중 '과일'을 판매·제공하는 매장,69073e4f-39a1-4bb2-9d42-ca57b18cb03a,은서과일,과일,달서시장,전통시장,대구광역시,3.0,3.0,,,RESOLVED_AGREEMENT,False,3,,,,
e408f5a684f4fe6b3ceb,val,과일,T4 구어·문장,q_과일_06,과일 사는 곳,식료품 중 '과일'을 판매·제공하는 매장,3ce95951-87b4-446c-a76f-975a295f65da,과일팜,과일,풍암우미상인회 골목형상점가,골목형상점가,광주광역시,3.0,3.0,,,RESOLVED_AGREEMENT,False,3,,,,
db6f7c4b1553e055cf08,val,과일,T4 구어·문장,q_과일_06,과일 사는 곳,식료품 중 '과일'을 판매·제공하는 매장,03bdb89c-b551-49dc-a73f-54cf757bd138,삼익과일,과일,송하동 골목형상점가,골목형상점가,광주광역시,3.0,3.0,,,RESOLVED_AGREEMENT,False,3,,,,
b8a70622599c0cbbf796,val,과일,T4 구어·문장,q_과일_06,과일 사는 곳,식료품 중 '과일'을 판매·제공하는 매장,1732b474-5fd1-4efa-b932-ca82015e604d,제주애() 과일,과일,제주시민속오일시장,전통시장,제주특별자치도,3.0,3.0,,,RESOLVED_AGREEMENT,False,3,,,,
ec7446d7b5b328ed5fea,val,과일,T4 구어·문장,q_과일_06,과일 사는 곳,식료품 중 '과일'을 판매·제공하는 매장,0165a7f2-4303-433a-a548-17d89cb6fa0f,"꽃,과일","꽃, 과일",이동 골목형상점가,골목형상점가,경기도,3.0,3.0,,,RESOLVED_AGREEMENT,False,3,,,,
2155af4dbb3b1cf0f66a,val,과일,T4 구어·문장,q_과일_06,과일 사는 곳,식료품 중 '과일'을 판매·제공하는 매장,e0968fae-6ad0-4e5b-9a85-5a28f8c4ebd0,사계절,과일,연서시장,전통시장,서울특별시,3.0,3.0,,,RESOLVED_AGREEMENT,False,3,,,,
19bf1d51adf9c4d15908,val,과일,T4 구어·문장,q_과일_06,과일 사는 곳,식료품 중 '과일'을 판매·제공하는 매장,90837a7f-5899-4589-905d-b1f91f48d97b,과일실록,과일,상계중앙시장,전통시장,서울특별시,3.0,3.0,,,RESOLVED_AGREEMENT,False,3,,,,
f5222ce7260d3a11c0a1,val,과일,T4 구어·문장,q_과일_06,과일 사는 곳,식료품 중 '과일'을 판매·제공하는 매장,719df6b7-e9fe-466d-9795-ca847187592f,과일촌,과일,원미종합시장,전통시장,경기도,3.0,3.0,,,RESOLVED_AGREEMENT,False,3,,,,
5c4f538cb88ef79d99c1,val,과일,T4 구어·문장,q_과일_06,과일 사는 곳,식료품 중 '과일'을 판매·제공하는 매장,36fbb793-24e5-4f3f-948e-522b0f86b8b9,더 과일,과일,"지웰시티몰 1,2단지 골목형상점가",골목형상점가,충청남도,3.0,3.0,,,RESOLVED_AGREEMENT,False,3,,,,
e49ab3b1563a9303b194,val,과일,T4 구어·문장,q_과일_06,과일 사는 곳,식료품 중 '과일'을 판매·제공하는 매장,1e86b213-0e98-4400-8ac3-1a8a4bc51f80,과일촌,과일,만수시장,전통시장,인천광역시,3.0,3.0,,,RESOLVED_AGREEMENT,False,3,,,,
0e1f5ff1ef2c91b60910,val,과일,T4 구어·문장,q_과일_06,과일 사는 곳,식료품 중 '과일'을 판매·제공하는 매장,0042e83d-930b-4d1d-a96f-f1a2691256cd,성화상회,과일,대구능금시장,전통시장,대구광역시,3.0,3.0,,,RESOLVED_AGREEMENT,False,3,,,,
20388a9a91386ebf81b0,val,과일,T4 구어·문장,q_과일_06,과일 사는 곳,식료품 중 '과일'을 판매·제공하는 매장,cae8849b-5676-4b4a-973f-ba74b776d48e,고흥과일,과일,목포동부시장,전통시장,전라남도,3.0,3.0,,,RESOLVED_AGREEMENT,False,3,,,,
7855348d50c28be2be73,val,과일,T4 구어·문장,q_과일_06,과일 사는 곳,식료품 중 '과일'을 판매·제공하는 매장,26bec8be-7e70-41c6-b463-833aa0224e18,진이네 과일,과일,가좌동골목형상점가,골목형상점가,경기도,3.0,3.0,,,RESOLVED_AGREEMENT,False,3,,,,
aff4ec412d3d6ee83ac4,val,과일,T4 구어·문장,q_과일_06,과일 사는 곳,식료품 중 '과일'을 판매·제공하는 매장,35883750-a8fa-4dc2-a2e9-90c571031879,지리산고지농원,"사과, 종자, 오미자",남원인월시장,전통시장,전북특별자치도,3.0,3.0,,,RESOLVED_AGREEMENT,False,3,,,,
872af5b10b7b3a6f4a0a,val,과일,T4 구어·문장,q_과일_06,과일 사는 곳,식료품 중 '과일'을 판매·제공하는 매장,7376a270-f1af-415a-be74-6c93da4771da,함평의류,의류,함평천지전통시장(함평5일시장),전통시장,전라남도,0.0,0.0,,,RESOLVED_AGREEMENT,False,0,,,,
db0207aa48a598e6721e,val,과일,T4 구어·문장,q_과일_06,과일 사는 곳,식료품 중 '과일'을 판매·제공하는 매장,0d0dc717-946e-4962-8ae5-2ec39a46e467,스텔라,액세서리,부산자유시장,전통시장,부산광역시,0.0,0.0,,,RESOLVED_AGREEMENT,False,0,,,,
d70b311e4b27446ab173,val,과일,T4 구어·문장,q_과일_06,과일 사는 곳,식료품 중 '과일'을 판매·제공하는 매장,2a65a916-6dab-413a-b9ff-becd4e903d00,맛있는 과일1,과일,충주자유시장,전통시장,충청북도,3.0,3.0,,,RESOLVED_AGREEMENT,False,3,,,,
3f781a1b25fd99fb7bee,val,과일,T4 구어·문장,q_과일_06,과일 사는 곳,식료품 중 '과일'을 판매·제공하는 매장,fc9c60d0-c242-4b7f-9b09-60db435a59e0,과일밭,과일,남목전통시장,전통시장,울산광역시,3.0,3.0,,,RESOLVED_AGREEMENT,False,3,,,,
097bb9a5fc09b80b6f48,val,과일,T4 구어·문장,q_과일_06,과일 사는 곳,식료품 중 '과일'을 판매·제공하는 매장,0ebab450-c982-4695-9b6e-a7eff5d8d0c5,정이네 과일,과일,가좌시장,전통시장,인천광역시,3.0,3.0,,,RESOLVED_AGREEMENT,False,3,,,,
dd35b60be8c28db3cfbd,val,과일,T4 구어·문장,q_과일_06,과일 사는 곳,식료품 중 '과일'을 판매·제공하는 매장,a794767b-9613-4dc6-a8f8-429ea10e8546,두리 과일,과일,익산장(구 북부장),전통시장,전북특별자치도,3.0,3.0,,,RESOLVED_AGREEMENT,False,3,,,,
ad7ba819890073e297bd,val,과일,T4 구어·문장,q_과일_06,과일 사는 곳,식료품 중 '과일'을 판매·제공하는 매장,656f192f-72d8-4531-aec0-18bd03d05bc6,명과일,과일,장위전통시장,전통시장,서울특별시,3.0,3.0,,,RESOLVED_AGREEMENT,False,3,,,,
db7b20666cbf1215d9ea,val,과일,T4 구어·문장,q_과일_06,과일 사는 곳,식료품 중 '과일'을 판매·제공하는 매장,c111ac9d-3f3a-405c-a8db-4d127ccda9e2,행복이 있는 곳,잡화,제주로얄쇼핑센터,자율상권구역,제주특별자치도,0.0,0.0,,,RESOLVED_AGREEMENT,False,0,,,,
c630ee3ac9aa7dd8d21a,val,과일,T4 구어·문장,q_과일_06,과일 사는 곳,식료품 중 '과일'을 판매·제공하는 매장,06a818b2-847f-414f-89e8-b103f4ae145e,시계탑과일,과일,원주미로예술중앙시장(원주중앙시장),전통시장,강원특별자치도,3.0,3.0,,,RESOLVED_AGREEMENT,False,3,,,,
2a0ab1e74cfcc09af447,val,과일,T4 구어·문장,q_과일_06,과일 사는 곳,식료품 중 '과일'을 판매·제공하는 매장,00468e6b-39c6-4ce1-a534-a6b1eecac01d,태양농산물,과일,정릉서경대길골목형상점가(정릉골),골목형상점가,서울특별시,3.0,3.0,,,RESOLVED_AGREEMENT,False,3,,,,
b14592d5f4aadfeaae7a,val,과일,T4 구어·문장,q_과일_06,과일 사는 곳,식료품 중 '과일'을 판매·제공하는 매장,0063671e-77f7-466c-bbc2-223497c0dae4,무가당,카페,세병호 골목형상점가,골목형상점가,전북특별자치도,1.0,0.0,,,P2_GRADED_ONLY,True,,,,,
220c23f80d00ae707676,val,과일,T4 구어·문장,q_과일_06,과일 사는 곳,식료품 중 '과일'을 판매·제공하는 매장,0a616092-c136-486a-be27-0dc7a2116f6f,소문난 과일,과일,중곡제일골목시장(중곡제일전통시장),전통시장,서울특별시,3.0,3.0,,,RESOLVED_AGREEMENT,False,3,,,,
500f0e24a4a2c8cb7626,val,과일,T4 구어·문장,q_과일_06,과일 사는 곳,식료품 중 '과일'을 판매·제공하는 매장,3847397b-c8df-4285-91bd-f01548bf6a31,백해수 과일,과일,봉덕신시장,전통시장,대구광역시,3.0,3.0,,,RESOLVED_AGREEMENT,False,3,,,,
e18c603ce89db6fa9e69,val,과일,T4 구어·문장,q_과일_06,과일 사는 곳,식료품 중 '과일'을 판매·제공하는 매장,76a3551b-dae4-4326-92cc-662015aedbfb,쉴 곳,한식,칠성로상점가,자율상권구역,제주특별자치도,0.0,0.0,,,RESOLVED_AGREEMENT,False,0,,,,
215e38acfef3224eb4b1,val,과일,T4 구어·문장,q_과일_06,과일 사는 곳,식료품 중 '과일'을 판매·제공하는 매장,009efeba-a92a-4bf2-867f-f40d57386d40,(유)진경농산,청과,가락몰골목형상점가,골목형상점가,서울특별시,3.0,3.0,,,RESOLVED_AGREEMENT,False,3,,,,
42e51542da93799716a8,val,과일,T4 구어·문장,q_과일_06,과일 사는 곳,식료품 중 '과일'을 판매·제공하는 매장,7f67830a-108b-46c6-97ea-8c74aeed3fcd,이마트24 청주분평5단지,식료품 및 생필품,원마루시장,전통시장,충청북도,0.0,1.0,,,P2_GRADED_ONLY,True,,,,,
aa1045b1bc862029fe86,val,과일,T4 구어·문장,q_과일_06,과일 사는 곳,식료품 중 '과일'을 판매·제공하는 매장,ab7abf3b-c86c-46b7-a254-9e9124bd1cda,고향과일,과일,월배신시장,전통시장,대구광역시,3.0,3.0,,,RESOLVED_AGREEMENT,False,3,,,,
5accb80d0fdc73f57a04,val,과일,T4 구어·문장,q_과일_06,과일 사는 곳,식료품 중 '과일'을 판매·제공하는 매장,4ccfa149-b4f6-4212-9bb7-414643477abe,대광과일,과일,덕풍전통시장,전통시장,경기도,3.0,3.0,,,RESOLVED_AGREEMENT,False,3,,,,
4d57bd00e4be34bff51e,val,과일,T4 구어·문장,q_과일_06,과일 사는 곳,식료품 중 '과일'을 판매·제공하는 매장,fff524d9-2b80-4495-8a50-3e99039afa1a,약국옆과일,과일,신 강남시장,전통시장,인천광역시,3.0,3.0,,,RESOLVED_AGREEMENT,False,3,,,,
212640ad6d23e2ce0c2b,val,과일,T4 구어·문장,q_과일_06,과일 사는 곳,식료품 중 '과일'을 판매·제공하는 매장,200884ea-9c26-486f-8a8e-8ab65d2fdb83,사거리과일,과일,성동용답상가시장,전통시장,서울특별시,3.0,3.0,,,RESOLVED_AGREEMENT,False,3,,,,
6b3b31eee2e5b02c8cea,val,과일,T4 구어·문장,q_과일_06,과일 사는 곳,식료품 중 '과일'을 판매·제공하는 매장,2743811c-5e71-4d2b-aa75-1b0147d44f2d,사우 꽃이 피는 곳,꽃,김포 풍년마을 골목형상점가,골목형상점가,경기도,0.0,0.0,,,RESOLVED_AGREEMENT,False,0,,,,
82497940b557a84bd8b2,val,과일,T4 구어·문장,q_과일_06,과일 사는 곳,식료품 중 '과일'을 판매·제공하는 매장,31b0bfe3-cac5-47f0-867d-5552d8f0972a,과일 픽,과일,두정로 두정상가길 골목형상점가,골목형상점가,충청남도,3.0,3.0,,,RESOLVED_AGREEMENT,False,3,,,,
5be26911271f5b0c5476,val,과일,T4 구어·문장,q_과일_06,과일 사는 곳,식료품 중 '과일'을 판매·제공하는 매장,614d06b5-966b-4be0-9167-68ce2dc9bcda,장수과일,과일,김해 동상전통시장,전통시장,경상남도,3.0,3.0,,,RESOLVED_AGREEMENT,False,3,,,,
e67d8064f0b218d9fe2c,val,과일,T4 구어·문장,q_과일_06,과일 사는 곳,식료품 중 '과일'을 판매·제공하는 매장,451f66e8-a8aa-442e-8899-8a22fe952437,예쁜과일,과일,개금골목시장,전통시장,부산광역시,3.0,3.0,,,RESOLVED_AGREEMENT,False,3,,,,
b696eac3d0063856d706,val,과일,T4 구어·문장,q_과일_06,과일 사는 곳,식료품 중 '과일'을 판매·제공하는 매장,e2928b97-168c-4bcd-925c-deeb35510489,사랑:담,과일,지족북로 골목형상점가,골목형상점가,대전광역시,3.0,3.0,,,RESOLVED_AGREEMENT,False,3,,,,
1fe7e9f7cc06d5fe3857,val,과일,T4 구어·문장,q_과일_06,과일 사는 곳,식료품 중 '과일'을 판매·제공하는 매장,ab9f5a42-aa17-4ca7-98bb-57bde247562f,과일집,과일,태릉골목형상점가,골목형상점가,서울특별시,3.0,3.0,,,RESOLVED_AGREEMENT,False,3,,,,
a763adcdca3de4aad7ca,val,과일,T4 구어·문장,q_과일_06,과일 사는 곳,식료품 중 '과일'을 판매·제공하는 매장,b6843f2b-0cdc-4ea9-8219-8af49e11779d,행복한 과일,과일,목포동부시장,전통시장,전라남도,3.0,3.0,,,RESOLVED_AGREEMENT,False,3,,,,
d8705e60f1fa4e9da1c1,val,과일,T4 구어·문장,q_과일_06,과일 사는 곳,식료품 중 '과일'을 판매·제공하는 매장,3c49cc60-6135-4713-bf97-a40661ba8e07,뉴팜,사과 샤인머스켓,금오시장,전통시장,경상북도,3.0,3.0,,,RESOLVED_AGREEMENT,False,3,,,,
877e9a34f7f7d6937efe,val,과일,T4 구어·문장,q_과일_06,과일 사는 곳,식료품 중 '과일'을 판매·제공하는 매장,41271a18-a3ae-445b-86bd-f7a2651faabe,동현상회,사과청과,대구능금시장,전통시장,대구광역시,3.0,3.0,,,RESOLVED_AGREEMENT,False,3,,,,
4bf9620eeb706f89a5bb,val,과일,T4 구어·문장,q_과일_06,과일 사는 곳,식료품 중 '과일'을 판매·제공하는 매장,9066a406-0030-4259-94ad-e96c0715fe88,과일 창고,과일,정림동 골목형상점가,골목형상점가,대전광역시,3.0,3.0,,,RESOLVED_AGREEMENT,False,3,,,,
dc2011a848163679e0f7,val,과일,T4 구어·문장,q_과일_06,과일 사는 곳,식료품 중 '과일'을 판매·제공하는 매장,fece4c59-3bea-4bda-8a9d-16d4ee800626,경북과일,과일,포항죽도농산물시장,전통시장,경상북도,3.0,3.0,,,RESOLVED_AGREEMENT,False,3,,,,
d9863793f2f678887a86,val,과일,T4 구어·문장,q_과일_06,과일 사는 곳,식료품 중 '과일'을 판매·제공하는 매장,be3c13d0-5946-4b75-a158-c67fbb8308c6,경희과일,과일,반구시장,전통시장,울산광역시,3.0,3.0,,,RESOLVED_AGREEMENT,False,3,,,,
bec382d2bbf2c86768c2,val,과일,T4 구어·문장,q_과일_06,과일 사는 곳,식료품 중 '과일'을 판매·제공하는 매장,613fa94a-e7ae-4648-b268-c67726a97ad8,진과일,과일,용호1동골목시장,전통시장,부산광역시,3.0,3.0,,,RESOLVED_AGREEMENT,False,3,,,,
e83c7d55125f56046245,val,과일,T4 구어·문장,q_과일_06,과일 사는 곳,식료품 중 '과일'을 판매·제공하는 매장,6bc9b36a-31f2-49da-8924-672493958b94,과일 정원,과일,오송역파라곤센트럴시티2차골목형상점가,골목형상점가,충청북도,3.0,3.0,,,RESOLVED_AGREEMENT,False,3,,,,
14106f85c402ba23787e,val,과일,T4 구어·문장,q_과일_06,과일 사는 곳,식료품 중 '과일'을 판매·제공하는 매장,fe5c2b2f-d738-4d7e-920c-ddd3718a0579,갤러리스크린골프,,둔산2동 골목형상점가,골목형상점가,대전광역시,0.0,0.0,,,RESOLVED_AGREEMENT,False,0,,,,
ab783e94d047b0319ca5,val,과일,T4 구어·문장,q_과일_06,과일 사는 곳,식료품 중 '과일'을 판매·제공하는 매장,003d7e3f-6459-4018-ac58-7184cd2457d5,눈치 금호점,카페,금호1동상가번영회 골목형상점가,골목형상점가,광주광역시,1.0,0.0,,,P2_GRADED_ONLY,True,,,,,
41791d112668d592cd54,val,과일,T4 구어·문장,q_과일_06,과일 사는 곳,식료품 중 '과일'을 판매·제공하는 매장,66c18905-71e0-47c4-b3bf-f12db543780f,과일촌,과일,전주 삼천이 골목형상점가,골목형상점가,전북특별자치도,3.0,3.0,,,RESOLVED_AGREEMENT,False,3,,,,
fed0fbaad964a54219b8,val,과일,T4 구어·문장,q_과일_06,과일 사는 곳,식료품 중 '과일'을 판매·제공하는 매장,84de0b35-60d6-46d3-b0aa-79e52ffe213f,재필이네 과일,과일,둔포전통시장,전통시장,충청남도,3.0,3.0,,,RESOLVED_AGREEMENT,False,3,,,,
d9a3af74f46aba14f91d,val,과일,T4 구어·문장,q_과일_06,과일 사는 곳,식료품 중 '과일'을 판매·제공하는 매장,2acea435-157a-42b2-82f0-0bfe6b5e3be5,이레과일,과일,용인중앙시장,전통시장,경기도,3.0,3.0,,,RESOLVED_AGREEMENT,False,3,,,,
30bf0abf503a0182a65f,val,과일,T4 구어·문장,q_과일_06,과일 사는 곳,식료품 중 '과일'을 판매·제공하는 매장,a2c528a5-5b17-4dfa-b1cb-99a842a1c35e,대박축산유통,축산물,마장축산물시장,전통시장,서울특별시,0.0,0.0,,,RESOLVED_AGREEMENT,False,0,,,,
bcf75bf8eb0420f1f2d4,val,과일,T4 구어·문장,q_과일_06,과일 사는 곳,식료품 중 '과일'을 판매·제공하는 매장,d10dba74-a1e7-4a6b-8160-4138ddb6e7da,달당,과일,복대가경시장,전통시장,충청북도,3.0,3.0,,,RESOLVED_AGREEMENT,False,3,,,,
2c2dad1bc7fb4f7fd650,val,과일,T4 구어·문장,q_과일_06,과일 사는 곳,식료품 중 '과일'을 판매·제공하는 매장,30aab4f1-0a08-40f8-8ec9-7fb904873471,봉좌산농원,농산물(사과),안강공설시장,전통시장,경상북도,3.0,3.0,,,RESOLVED_AGREEMENT,False,3,,,,
9d7fa11c20a33d1704e5,val,과일,T4 구어·문장,q_과일_06,과일 사는 곳,식료품 중 '과일'을 판매·제공하는 매장,e56873ad-306b-4938-bac5-8dfae6a8e5b6,구로과일,과일,남구로시장,전통시장,서울특별시,3.0,3.0,,,RESOLVED_AGREEMENT,False,3,,,,
07b15d4556bea407556a,val,과일,T4 구어·문장,q_과일_06,과일 사는 곳,식료품 중 '과일'을 판매·제공하는 매장,ccfff857-f617-48ed-b6a5-c33281c34fa6,으뜸과일,과일,서서울골목형상점가,골목형상점가,서울특별시,3.0,3.0,,,RESOLVED_AGREEMENT,False,3,,,,
28f661bbdb9614054ab7,val,과일,T4 구어·문장,q_과일_06,과일 사는 곳,식료품 중 '과일'을 판매·제공하는 매장,8898592e-9850-4e53-97c8-a0ff37691b52,참과일,과일,연일전통시장,전통시장,경상북도,3.0,3.0,,,RESOLVED_AGREEMENT,False,3,,,,
ff15c8873ea20c6f10c6,val,과일,T4 구어·문장,q_과일_06,과일 사는 곳,식료품 중 '과일'을 판매·제공하는 매장,72dc0443-0986-45d3-a019-e7ed48565119,먹고먹고,한식,설악로데오거리상점가,자율상권구역,강원특별자치도,0.0,0.0,,,RESOLVED_AGREEMENT,False,0,,,,
e1bcd63bbce75b970b3b,val,과일,T4 구어·문장,q_과일_06,과일 사는 곳,식료품 중 '과일'을 판매·제공하는 매장,0045f871-6f40-4361-bcdd-2b94bf597287,무파장터,야채 청과물,신금정시장 골목형 상점가,골목형상점가,부산광역시,3.0,3.0,,,RESOLVED_AGREEMENT,False,3,,,,
85db8ca9a02dc948d454,val,과일,T4 구어·문장,q_과일_06,과일 사는 곳,식료품 중 '과일'을 판매·제공하는 매장,0af5f838-4190-4a50-8032-c9982143d578,청해과일,과일,구역전전통시장,전통시장,울산광역시,3.0,3.0,,,RESOLVED_AGREEMENT,False,3,,,,
e5c17630fb8502ebc374,val,과일,T4 구어·문장,q_과일_06,과일 사는 곳,식료품 중 '과일'을 판매·제공하는 매장,24456103-f6b8-46af-8655-82e61d7265d8,커피가 머무르는 곳,커피,반드레길골목형상점가,골목형상점가,서울특별시,0.0,0.0,,,RESOLVED_AGREEMENT,False,0,,,,
3224042c58282db485bd,val,과일,T4 구어·문장,q_과일_06,과일 사는 곳,식료품 중 '과일'을 판매·제공하는 매장,ccc63c2c-1b36-40f1-8e62-09fbe3c7217e,훈훈한 과일,과일,정서진중앙시장(구 서구중앙시장),전통시장,인천광역시,3.0,3.0,,,RESOLVED_AGREEMENT,False,3,,,,
09ec94de725dc9a60ac0,val,과일,T4 구어·문장,q_과일_06,과일 사는 곳,식료품 중 '과일'을 판매·제공하는 매장,103c83f7-8510-4eb0-b9b0-e85633c1a7a1,경희과일,과일,범천중앙시장,전통시장,부산광역시,3.0,3.0,,,RESOLVED_AGREEMENT,False,3,,,,
20533700f88b0097614c,val,과일,T4 구어·문장,q_과일_06,과일 사는 곳,식료품 중 '과일'을 판매·제공하는 매장,00045dfc-0681-4fb3-8265-33b3df14c289,한라농산,과일,황지시장상점가,자율상권구역,강원특별자치도,3.0,3.0,,,RESOLVED_AGREEMENT,False,3,,,,
8e82bc1337efb39036a2,val,과일,T4 구어·문장,q_과일_06,과일 사는 곳,식료품 중 '과일'을 판매·제공하는 매장,6ff4937b-ccca-4a5d-8e35-f886f595a6ab,모닝과일,과일,수유전통시장(구 수유골목시장),전통시장,서울특별시,3.0,3.0,,,RESOLVED_AGREEMENT,False,3,,,,
297f670079305ff9cacd,val,과일,T4 구어·문장,q_과일_06,과일 사는 곳,식료품 중 '과일'을 판매·제공하는 매장,dd89024d-87af-41b2-a553-fc5d066b3814,맑은운동화&이불빨래방,빨래방,매곡광장 골목형상점가,골목형상점가,울산광역시,0.0,0.0,,,RESOLVED_AGREEMENT,False,0,,,,
e92926cd17d2354c577b,val,과일,T4 구어·문장,q_과일_06,과일 사는 곳,식료품 중 '과일'을 판매·제공하는 매장,00da8084-69b5-4bcc-b2ca-3eaf11175611,밀키샵 별내점,디저트,별내로데오상점가,골목형상점가,경기도,1.0,0.0,,,P2_GRADED_ONLY,True,,,,,
2081ceb6f7904d7c4cf5,val,과일,T4 구어·문장,q_과일_06,과일 사는 곳,식료품 중 '과일'을 판매·제공하는 매장,3f3531a1-d993-45ae-b188-2104998253c6,욍과일,과일,은행나무시장(구시흥중앙시장),전통시장,서울특별시,3.0,3.0,,,RESOLVED_AGREEMENT,False,3,,,,
eef50d54de077537fdc8,val,과일,T4 구어·문장,q_과일_06,과일 사는 곳,식료품 중 '과일'을 판매·제공하는 매장,687a6342-aa33-4be5-acad-5cfb1fafdc7d,천상과일,과일,진잠 골목형상점가,골목형상점가,대전광역시,3.0,3.0,,,RESOLVED_AGREEMENT,False,3,,,,
87302d8f258b222c4071,val,과일,T4 구어·문장,q_과일_06,과일 사는 곳,식료품 중 '과일'을 판매·제공하는 매장,00d3ef33-13db-4750-93a0-4b31010fcb70,온유베이크,카페,스타타워1 골목형상점가,골목형상점가,인천광역시,1.0,0.0,,,P2_GRADED_ONLY,True,,,,,
df04012c3ad629ca693d,val,과일,T4 구어·문장,q_과일_06,과일 사는 곳,식료품 중 '과일'을 판매·제공하는 매장,07aa9211-faba-46ea-bda8-0efd60f4653c,과일짱,과일,광명새마을시장,전통시장,경기도,3.0,3.0,,,RESOLVED_AGREEMENT,False,3,,,,
ac9e40f5255589f26ab9,val,과일,T4 구어·문장,q_과일_06,과일 사는 곳,식료품 중 '과일'을 판매·제공하는 매장,3e6e7885-b089-490d-9743-1d67ef9371cc,과일톡,과일,의정부시 구도심 상권활성화구역,상권활성화구역,경기도,3.0,3.0,,,RESOLVED_AGREEMENT,False,3,,,,
18520590b7c45325224f,val,과일,T4 구어·문장,q_과일_06,과일 사는 곳,식료품 중 '과일'을 판매·제공하는 매장,2992be82-bad0-4871-9e72-203ffe68878f,과일촌,과일,평택통복시장,전통시장,경기도,3.0,3.0,,,RESOLVED_AGREEMENT,False,3,,,,
71df47d44a1dbf9c762d,val,과일,T4 구어·문장,q_과일_06,과일 사는 곳,식료품 중 '과일'을 판매·제공하는 매장,bb18c45d-9514-47c4-9b16-0ba51cbff6a7,건후네 과일,과일,용문천년시장,전통시장,경기도,3.0,3.0,,,RESOLVED_AGREEMENT,False,3,,,,
a572d5f42d22b2b42d84,val,과일,T4 구어·문장,q_과일_06,과일 사는 곳,식료품 중 '과일'을 판매·제공하는 매장,e59beb2f-b57b-492e-a2c5-00d05b73edf7,군북과일,과일,성북시장,전통시장,부산광역시,3.0,3.0,,,RESOLVED_AGREEMENT,False,3,,,,
836b884929f335f819b6,val,과일,T4 구어·문장,q_과일_06,과일 사는 곳,식료품 중 '과일'을 판매·제공하는 매장,006204f3-b214-4611-a434-f896bf75e919,장터사랑,과일,농성세대공감상인회 골목형상점가,골목형상점가,광주광역시,3.0,3.0,,,RESOLVED_AGREEMENT,False,3,,,,
e9f59bf4b1c95146853a,val,과일,T4 구어·문장,q_과일_06,과일 사는 곳,식료품 중 '과일'을 판매·제공하는 매장,00e927c5-be32-44e1-b7fd-80e9cfc81773,진양상회,청과물,진주 청과시장,전통시장,경상남도,3.0,3.0,,,RESOLVED_AGREEMENT,False,3,,,,
fdddafc363d14f012c78,val,과일,T4 구어·문장,q_과일_06,과일 사는 곳,식료품 중 '과일'을 판매·제공하는 매장,d5e7658d-de05-4ed1-ae04-73b13b79ddfd,"재주, 과일",과일,세류2동 골목형상점가,골목형상점가,경기도,3.0,3.0,,,RESOLVED_AGREEMENT,False,3,,,,
dcf3dbc97508a3a6e5b3,val,과일,T4 구어·문장,q_과일_06,과일 사는 곳,식료품 중 '과일'을 판매·제공하는 매장,8019268d-e8c3-49c6-b65d-eb3fb8e3a55f,짱과일,과일,꽃밭정이 골목형상점가,골목형상점가,전북특별자치도,3.0,3.0,,,RESOLVED_AGREEMENT,False,3,,,,
364ffa832d9ced13ef05,val,과일,T4 구어·문장,q_과일_06,과일 사는 곳,식료품 중 '과일'을 판매·제공하는 매장,5797f002-48ee-4167-835b-c246efb39cab,사계 신선 과일,과일,원미부흥시장,전통시장,경기도,3.0,3.0,,,RESOLVED_AGREEMENT,False,3,,,,
41e6e835d4b7bc427ff3,val,과일,T4 구어·문장,q_과일_06,과일 사는 곳,식료품 중 '과일'을 판매·제공하는 매장,12def721-d9b2-4401-8120-605d3bae375f,수과일,과일,용호1동골목시장,전통시장,부산광역시,3.0,3.0,,,RESOLVED_AGREEMENT,False,3,,,,
f47f4d05df26fedd555c,val,과일,T4 구어·문장,q_과일_06,과일 사는 곳,식료품 중 '과일'을 판매·제공하는 매장,bc8b2639-3ddc-4af2-a5c0-457ad0ca686b,남해과일,과일,함안 가야전통시장,전통시장,경상남도,3.0,3.0,,,RESOLVED_AGREEMENT,False,3,,,,
332e83901e2947997558,val,과일,T4 구어·문장,q_과일_07,과일 사는 데,식료품 중 '과일'을 판매·제공하는 매장,07aa9211-faba-46ea-bda8-0efd60f4653c,과일짱,과일,광명새마을시장,전통시장,경기도,3.0,3.0,,,RESOLVED_AGREEMENT,False,3,,,,
79f3dd07b03aae4705d0,val,과일,T4 구어·문장,q_과일_07,과일 사는 데,식료품 중 '과일'을 판매·제공하는 매장,1fc2509f-1c95-4893-8b7a-9a08d1634606,하모니마트,도소매(슈퍼),오정시장,전통시장,경기도,0.0,1.0,,,P2_GRADED_ONLY,True,,,,,
64ae1e91b22bc3c705f7,val,과일,T4 구어·문장,q_과일_07,과일 사는 데,식료품 중 '과일'을 판매·제공하는 매장,5797f002-48ee-4167-835b-c246efb39cab,사계 신선 과일,과일,원미부흥시장,전통시장,경기도,3.0,3.0,,,RESOLVED_AGREEMENT,False,3,,,,
7514229bea1153aa6a44,val,과일,T4 구어·문장,q_과일_07,과일 사는 데,식료품 중 '과일'을 판매·제공하는 매장,0165a7f2-4303-433a-a548-17d89cb6fa0f,"꽃,과일","꽃, 과일",이동 골목형상점가,골목형상점가,경기도,3.0,3.0,,,RESOLVED_AGREEMENT,False,3,,,,
7ab0323b1a4c7221e2b2,val,과일,T4 구어·문장,q_과일_07,과일 사는 데,식료품 중 '과일'을 판매·제공하는 매장,00333be0-b70d-4197-aa97-5a277d61e0da,㈜신진후르츠,과일,부전농수산물새벽시장,전통시장,부산광역시,3.0,3.0,,,RESOLVED_AGREEMENT,False,3,,,,
67fea1288dc66365a0f8,val,과일,T4 구어·문장,q_과일_07,과일 사는 데,식료품 중 '과일'을 판매·제공하는 매장,2acea435-157a-42b2-82f0-0bfe6b5e3be5,이레과일,과일,용인중앙시장,전통시장,경기도,3.0,3.0,,,RESOLVED_AGREEMENT,False,3,,,,
8f42748e6af756fc57e5,val,과일,T4 구어·문장,q_과일_07,과일 사는 데,식료품 중 '과일'을 판매·제공하는 매장,75f6cb49-965b-48ee-bf8f-c1847c903d0a,단과일,과일,다같이 울산송정 골목형상점가,골목형상점가,울산광역시,3.0,3.0,,,RESOLVED_AGREEMENT,False,3,,,,
7015f78151e298647efb,val,과일,T4 구어·문장,q_과일_07,과일 사는 데,식료품 중 '과일'을 판매·제공하는 매장,35883750-a8fa-4dc2-a2e9-90c571031879,지리산고지농원,"사과, 종자, 오미자",남원인월시장,전통시장,전북특별자치도,3.0,3.0,,,RESOLVED_AGREEMENT,False,3,,,,
bdc07d6a909a4be7cb37,val,과일,T4 구어·문장,q_과일_07,과일 사는 데,식료품 중 '과일'을 판매·제공하는 매장,26bec8be-7e70-41c6-b463-833aa0224e18,진이네 과일,과일,가좌동골목형상점가,골목형상점가,경기도,3.0,3.0,,,RESOLVED_AGREEMENT,False,3,,,,
5f82d3079f3226fe3982,val,과일,T4 구어·문장,q_과일_07,과일 사는 데,식료품 중 '과일'을 판매·제공하는 매장,12def721-d9b2-4401-8120-605d3bae375f,수과일,과일,용호1동골목시장,전통시장,부산광역시,3.0,3.0,,,RESOLVED_AGREEMENT,False,3,,,,
e0f0499068e0823843de,val,과일,T4 구어·문장,q_과일_07,과일 사는 데,식료품 중 '과일'을 판매·제공하는 매장,a794767b-9613-4dc6-a8f8-429ea10e8546,두리 과일,과일,익산장(구 북부장),전통시장,전북특별자치도,3.0,3.0,,,RESOLVED_AGREEMENT,False,3,,,,
60c111d742f0044df1bb,val,과일,T4 구어·문장,q_과일_07,과일 사는 데,식료품 중 '과일'을 판매·제공하는 매장,200884ea-9c26-486f-8a8e-8ab65d2fdb83,사거리과일,과일,성동용답상가시장,전통시장,서울특별시,3.0,3.0,,,RESOLVED_AGREEMENT,False,3,,,,
ee0ed69c7c6530be2222,val,과일,T4 구어·문장,q_과일_07,과일 사는 데,식료품 중 '과일'을 판매·제공하는 매장,bc8b2639-3ddc-4af2-a5c0-457ad0ca686b,남해과일,과일,함안 가야전통시장,전통시장,경상남도,3.0,3.0,,,RESOLVED_AGREEMENT,False,3,,,,
fe6ab2ab5e2799f1ddf5,val,과일,T4 구어·문장,q_과일_07,과일 사는 데,식료품 중 '과일'을 판매·제공하는 매장,e56873ad-306b-4938-bac5-8dfae6a8e5b6,구로과일,과일,남구로시장,전통시장,서울특별시,3.0,3.0,,,RESOLVED_AGREEMENT,False,3,,,,
9fa59e14881a4097a570,val,과일,T4 구어·문장,q_과일_07,과일 사는 데,식료품 중 '과일'을 판매·제공하는 매장,00e927c5-be32-44e1-b7fd-80e9cfc81773,진양상회,청과물,진주 청과시장,전통시장,경상남도,3.0,3.0,,,RESOLVED_AGREEMENT,False,3,,,,
588deaa045c4410929f9,val,과일,T4 구어·문장,q_과일_07,과일 사는 데,식료품 중 '과일'을 판매·제공하는 매장,614d06b5-966b-4be0-9167-68ce2dc9bcda,장수과일,과일,김해 동상전통시장,전통시장,경상남도,3.0,3.0,,,RESOLVED_AGREEMENT,False,3,,,,
028956ecb62bc71046e7,val,과일,T4 구어·문장,q_과일_07,과일 사는 데,식료품 중 '과일'을 판매·제공하는 매장,36fbb793-24e5-4f3f-948e-522b0f86b8b9,더 과일,과일,"지웰시티몰 1,2단지 골목형상점가",골목형상점가,충청남도,3.0,3.0,,,RESOLVED_AGREEMENT,False,3,,,,
60c20924637ba35f7887,val,과일,T4 구어·문장,q_과일_07,과일 사는 데,식료품 중 '과일'을 판매·제공하는 매장,d10dba74-a1e7-4a6b-8160-4138ddb6e7da,달당,과일,복대가경시장,전통시장,충청북도,3.0,3.0,,,RESOLVED_AGREEMENT,False,3,,,,
bc2d54f94ca8b438dfa7,val,과일,T4 구어·문장,q_과일_07,과일 사는 데,식료품 중 '과일'을 판매·제공하는 매장,1e86b213-0e98-4400-8ac3-1a8a4bc51f80,과일촌,과일,만수시장,전통시장,인천광역시,3.0,3.0,,,RESOLVED_AGREEMENT,False,3,,,,
a840f022c930823238db,val,과일,T4 구어·문장,q_과일_07,과일 사는 데,식료품 중 '과일'을 판매·제공하는 매장,00d3ef33-13db-4750-93a0-4b31010fcb70,온유베이크,카페,스타타워1 골목형상점가,골목형상점가,인천광역시,1.0,0.0,,,P2_GRADED_ONLY,True,,,,,
976583ae50c4cb887db7,val,과일,T4 구어·문장,q_과일_07,과일 사는 데,식료품 중 '과일'을 판매·제공하는 매장,9066a406-0030-4259-94ad-e96c0715fe88,과일 창고,과일,정림동 골목형상점가,골목형상점가,대전광역시,3.0,3.0,,,RESOLVED_AGREEMENT,False,3,,,,
e0c0f6d314ca0c8f65a0,val,과일,T4 구어·문장,q_과일_07,과일 사는 데,식료품 중 '과일'을 판매·제공하는 매장,3c49cc60-6135-4713-bf97-a40661ba8e07,뉴팜,사과 샤인머스켓,금오시장,전통시장,경상북도,3.0,3.0,,,RESOLVED_AGREEMENT,False,3,,,,
c78c214a579b84111cdf,val,과일,T4 구어·문장,q_과일_07,과일 사는 데,식료품 중 '과일'을 판매·제공하는 매장,0a616092-c136-486a-be27-0dc7a2116f6f,소문난 과일,과일,중곡제일골목시장(중곡제일전통시장),전통시장,서울특별시,3.0,3.0,,,RESOLVED_AGREEMENT,False,3,,,,
d27db884ed337f020957,val,과일,T4 구어·문장,q_과일_07,과일 사는 데,식료품 중 '과일'을 판매·제공하는 매장,de1dc1a1-abbd-42c1-9293-6af8c390a9ce,청춘과일,과일,첨단하나로,골목형상점가,광주광역시,3.0,3.0,,,RESOLVED_AGREEMENT,False,3,,,,
cfc702d622345ee599cd,val,과일,T4 구어·문장,q_과일_07,과일 사는 데,식료품 중 '과일'을 판매·제공하는 매장,2a65a916-6dab-413a-b9ff-becd4e903d00,맛있는 과일1,과일,충주자유시장,전통시장,충청북도,3.0,3.0,,,RESOLVED_AGREEMENT,False,3,,,,
9e13daa3d8b62bc762b1,val,과일,T4 구어·문장,q_과일_07,과일 사는 데,식료품 중 '과일'을 판매·제공하는 매장,00c6ce65-3761-4ba1-a849-bcedeaa97463,평화상회,청과,경산공설시장,전통시장,경상북도,3.0,3.0,,,RESOLVED_AGREEMENT,False,3,,,,
1aba47e1c3ebb90e30a0,val,과일,T4 구어·문장,q_과일_07,과일 사는 데,식료품 중 '과일'을 판매·제공하는 매장,0914c0d6-91e5-4aa2-9dcd-5d20b6d9b100,들풀한아름,퓨전덮밥,목도시장,전통시장,충청북도,0.0,0.0,,,RESOLVED_AGREEMENT,False,0,,,,
55544bce4f1e20a20033,val,과일,T4 구어·문장,q_과일_07,과일 사는 데,식료품 중 '과일'을 판매·제공하는 매장,00468e6b-39c6-4ce1-a534-a6b1eecac01d,태양농산물,과일,정릉서경대길골목형상점가(정릉골),골목형상점가,서울특별시,3.0,3.0,,,RESOLVED_AGREEMENT,False,3,,,,
c19e88b216a1703a3bc4,val,과일,T4 구어·문장,q_과일_07,과일 사는 데,식료품 중 '과일'을 판매·제공하는 매장,3ce95951-87b4-446c-a76f-975a295f65da,과일팜,과일,풍암우미상인회 골목형상점가,골목형상점가,광주광역시,3.0,3.0,,,RESOLVED_AGREEMENT,False,3,,,,
3592c70e82b4f3736bcd,val,과일,T4 구어·문장,q_과일_07,과일 사는 데,식료품 중 '과일'을 판매·제공하는 매장,69073e4f-39a1-4bb2-9d42-ca57b18cb03a,은서과일,과일,달서시장,전통시장,대구광역시,3.0,3.0,,,RESOLVED_AGREEMENT,False,3,,,,
9bda26c2a3578219afe5,val,과일,T4 구어·문장,q_과일_07,과일 사는 데,식료품 중 '과일'을 판매·제공하는 매장,e50663cb-2e0e-4fb8-b139-7bd05c5cfe02,과일(강씨과일),과일,팔달신시장,전통시장,대구광역시,3.0,3.0,,,RESOLVED_AGREEMENT,False,3,,,,
d502d9015e8fba8b042b,val,과일,T4 구어·문장,q_과일_07,과일 사는 데,식료품 중 '과일'을 판매·제공하는 매장,00da8084-69b5-4bcc-b2ca-3eaf11175611,밀키샵 별내점,디저트,별내로데오상점가,골목형상점가,경기도,1.0,0.0,,,P2_GRADED_ONLY,True,,,,,
0574a8e8ba176a0d911b,val,과일,T4 구어·문장,q_과일_07,과일 사는 데,식료품 중 '과일'을 판매·제공하는 매장,ab7abf3b-c86c-46b7-a254-9e9124bd1cda,고향과일,과일,월배신시장,전통시장,대구광역시,3.0,3.0,,,RESOLVED_AGREEMENT,False,3,,,,
e694ce5a487e3ea40cc2,val,과일,T4 구어·문장,q_과일_07,과일 사는 데,식료품 중 '과일'을 판매·제공하는 매장,2992be82-bad0-4871-9e72-203ffe68878f,과일촌,과일,평택통복시장,전통시장,경기도,3.0,3.0,,,RESOLVED_AGREEMENT,False,3,,,,
4f303b6f705d48c75cc8,val,과일,T4 구어·문장,q_과일_07,과일 사는 데,식료품 중 '과일'을 판매·제공하는 매장,00045dfc-0681-4fb3-8265-33b3df14c289,한라농산,과일,황지시장상점가,자율상권구역,강원특별자치도,3.0,3.0,,,RESOLVED_AGREEMENT,False,3,,,,
2b158bc7ef5ebf74bf04,val,과일,T4 구어·문장,q_과일_07,과일 사는 데,식료품 중 '과일'을 판매·제공하는 매장,ab9f5a42-aa17-4ca7-98bb-57bde247562f,과일집,과일,태릉골목형상점가,골목형상점가,서울특별시,3.0,3.0,,,RESOLVED_AGREEMENT,False,3,,,,
1129bb65ce6935ac5c9a,val,과일,T4 구어·문장,q_과일_07,과일 사는 데,식료품 중 '과일'을 판매·제공하는 매장,ccfff857-f617-48ed-b6a5-c33281c34fa6,으뜸과일,과일,서서울골목형상점가,골목형상점가,서울특별시,3.0,3.0,,,RESOLVED_AGREEMENT,False,3,,,,
03c803cfd25bb78684f3,val,과일,T4 구어·문장,q_과일_07,과일 사는 데,식료품 중 '과일'을 판매·제공하는 매장,30aab4f1-0a08-40f8-8ec9-7fb904873471,봉좌산농원,농산물(사과),안강공설시장,전통시장,경상북도,3.0,3.0,,,RESOLVED_AGREEMENT,False,3,,,,
e6ef356abc1ac6ca0675,val,과일,T4 구어·문장,q_과일_07,과일 사는 데,식료품 중 '과일'을 판매·제공하는 매장,cae8849b-5676-4b4a-973f-ba74b776d48e,고흥과일,과일,목포동부시장,전통시장,전라남도,3.0,3.0,,,RESOLVED_AGREEMENT,False,3,,,,
16c6254b3115d5267c58,val,과일,T4 구어·문장,q_과일_07,과일 사는 데,식료품 중 '과일'을 판매·제공하는 매장,009efeba-a92a-4bf2-867f-f40d57386d40,(유)진경농산,청과,가락몰골목형상점가,골목형상점가,서울특별시,3.0,3.0,,,RESOLVED_AGREEMENT,False,3,,,,
252294e5d3e9042efbeb,val,과일,T4 구어·문장,q_과일_07,과일 사는 데,식료품 중 '과일'을 판매·제공하는 매장,90837a7f-5899-4589-905d-b1f91f48d97b,과일실록,과일,상계중앙시장,전통시장,서울특별시,3.0,3.0,,,RESOLVED_AGREEMENT,False,3,,,,
3b69aaf43ccd0d74be1d,val,과일,T4 구어·문장,q_과일_07,과일 사는 데,식료품 중 '과일'을 판매·제공하는 매장,2e562e99-1de7-4c31-b0e6-0c0662670f33,비올라,마카롱,청주소나무길 골목형상점가,골목형상점가,충청북도,0.0,0.0,,,RESOLVED_AGREEMENT,False,0,,,,
cff0e6a106c606d018d9,val,과일,T4 구어·문장,q_과일_07,과일 사는 데,식료품 중 '과일'을 판매·제공하는 매장,687a6342-aa33-4be5-acad-5cfb1fafdc7d,천상과일,과일,진잠 골목형상점가,골목형상점가,대전광역시,3.0,3.0,,,RESOLVED_AGREEMENT,False,3,,,,
5958e7bea4056a596276,val,과일,T4 구어·문장,q_과일_07,과일 사는 데,식료품 중 '과일'을 판매·제공하는 매장,41271a18-a3ae-445b-86bd-f7a2651faabe,동현상회,사과청과,대구능금시장,전통시장,대구광역시,3.0,3.0,,,RESOLVED_AGREEMENT,False,3,,,,
d57d45f1a47c4a061f2d,val,과일,T4 구어·문장,q_과일_07,과일 사는 데,식료품 중 '과일'을 판매·제공하는 매장,e59beb2f-b57b-492e-a2c5-00d05b73edf7,군북과일,과일,성북시장,전통시장,부산광역시,3.0,3.0,,,RESOLVED_AGREEMENT,False,3,,,,
0d38fab54a8ade7be53b,val,과일,T4 구어·문장,q_과일_07,과일 사는 데,식료품 중 '과일'을 판매·제공하는 매장,d250e4cb-997d-44f8-8d99-5d9505ec8cb4,과일,과일,능동로골목시장(자양한강전통시장),전통시장,서울특별시,3.0,3.0,,,RESOLVED_AGREEMENT,False,3,,,,
4962ed52e1934bddbb43,val,과일,T4 구어·문장,q_과일_07,과일 사는 데,식료품 중 '과일'을 판매·제공하는 매장,3818debc-4372-46b8-970b-558836785098,태순집,음식(한식),용강동상점가,자율상권구역,서울특별시,0.0,0.0,,,RESOLVED_AGREEMENT,False,0,,,,
22e54e135cf74fee4964,val,과일,T4 구어·문장,q_과일_07,과일 사는 데,식료품 중 '과일'을 판매·제공하는 매장,b17526ac-af8d-4e0e-97b4-3cbf29acda2a,욱수과일,과일,신매시장,전통시장,대구광역시,3.0,3.0,,,RESOLVED_AGREEMENT,False,3,,,,
82568c247070fb411498,val,과일,T4 구어·문장,q_과일_07,과일 사는 데,식료품 중 '과일'을 판매·제공하는 매장,be3c13d0-5946-4b75-a158-c67fbb8308c6,경희과일,과일,반구시장,전통시장,울산광역시,3.0,3.0,,,RESOLVED_AGREEMENT,False,3,,,,
be96da980d6cba33f54a,val,과일,T4 구어·문장,q_과일_07,과일 사는 데,식료품 중 '과일'을 판매·제공하는 매장,bb18c45d-9514-47c4-9b16-0ba51cbff6a7,건후네 과일,과일,용문천년시장,전통시장,경기도,3.0,3.0,,,RESOLVED_AGREEMENT,False,3,,,,
238fb124616a588d3d62,val,과일,T4 구어·문장,q_과일_07,과일 사는 데,식료품 중 '과일'을 판매·제공하는 매장,003d7e3f-6459-4018-ac58-7184cd2457d5,눈치 금호점,카페,금호1동상가번영회 골목형상점가,골목형상점가,광주광역시,1.0,0.0,,,P2_GRADED_ONLY,True,,,,,
3743d8a96db92dc19e71,val,과일,T4 구어·문장,q_과일_07,과일 사는 데,식료품 중 '과일'을 판매·제공하는 매장,60212e20-347e-4222-93a8-6c0dad495f9f,사창과일,과일,청주사창시장,전통시장,충청북도,3.0,3.0,,,RESOLVED_AGREEMENT,False,3,,,,
a5a4c00cd495b46cdfad,val,과일,T4 구어·문장,q_과일_07,과일 사는 데,식료품 중 '과일'을 판매·제공하는 매장,103c83f7-8510-4eb0-b9b0-e85633c1a7a1,경희과일,과일,범천중앙시장,전통시장,부산광역시,3.0,3.0,,,RESOLVED_AGREEMENT,False,3,,,,
9b95d527063da9acc9ef,val,과일,T4 구어·문장,q_과일_07,과일 사는 데,식료품 중 '과일'을 판매·제공하는 매장,613fa94a-e7ae-4648-b268-c67726a97ad8,진과일,과일,용호1동골목시장,전통시장,부산광역시,3.0,3.0,,,RESOLVED_AGREEMENT,False,3,,,,
594c97eb1aa88e3fe99d,val,과일,T4 구어·문장,q_과일_07,과일 사는 데,식료품 중 '과일'을 판매·제공하는 매장,4ccfa149-b4f6-4212-9bb7-414643477abe,대광과일,과일,덕풍전통시장,전통시장,경기도,3.0,3.0,,,RESOLVED_AGREEMENT,False,3,,,,
515c7d1e66f9977afea7,val,과일,T4 구어·문장,q_과일_07,과일 사는 데,식료품 중 '과일'을 판매·제공하는 매장,00ebc127-05c7-4f5b-8926-20ba39cc1cda,대전따봉,"소매(청과,생선)",권선종합시장,전통시장,경기도,3.0,3.0,,,RESOLVED_AGREEMENT,False,3,,,,
d8da00f5e98149b40d4a,val,과일,T4 구어·문장,q_과일_07,과일 사는 데,식료품 중 '과일'을 판매·제공하는 매장,0ebab450-c982-4695-9b6e-a7eff5d8d0c5,정이네 과일,과일,가좌시장,전통시장,인천광역시,3.0,3.0,,,RESOLVED_AGREEMENT,False,3,,,,
8f3b55e78790c82a1e44,val,과일,T4 구어·문장,q_과일_07,과일 사는 데,식료품 중 '과일'을 판매·제공하는 매장,84de0b35-60d6-46d3-b0aa-79e52ffe213f,재필이네 과일,과일,둔포전통시장,전통시장,충청남도,3.0,3.0,,,RESOLVED_AGREEMENT,False,3,,,,
5bec735c6cf74dc4718c,val,과일,T4 구어·문장,q_과일_07,과일 사는 데,식료품 중 '과일'을 판매·제공하는 매장,b6843f2b-0cdc-4ea9-8219-8af49e11779d,행복한 과일,과일,목포동부시장,전통시장,전라남도,3.0,3.0,,,RESOLVED_AGREEMENT,False,3,,,,
2bf999d82ae43e34334f,val,과일,T4 구어·문장,q_과일_07,과일 사는 데,식료품 중 '과일'을 판매·제공하는 매장,e0968fae-6ad0-4e5b-9a85-5a28f8c4ebd0,사계절,과일,연서시장,전통시장,서울특별시,3.0,3.0,,,RESOLVED_AGREEMENT,False,3,,,,
1736146dd7d9c0a09b04,val,과일,T4 구어·문장,q_과일_07,과일 사는 데,식료품 중 '과일'을 판매·제공하는 매장,4e421dc1-a4e3-401d-ae32-343b41fbd6d4,사골떡만두국,김밥 만두국,정 있는 서암대로 골목형상점가,골목형상점가,광주광역시,0.0,0.0,,,RESOLVED_AGREEMENT,False,0,,,,
f12b058c2f20c4962636,val,과일,T4 구어·문장,q_과일_07,과일 사는 데,식료품 중 '과일'을 판매·제공하는 매장,003e7ebf-1112-4ab4-a484-67716e4b2a85,이든,카페,원주중앙시장활성화구역,상권활성화구역,강원특별자치도,1.0,0.0,,,P2_GRADED_ONLY,True,,,,,
46f059f8524482a3b615,val,과일,T4 구어·문장,q_과일_07,과일 사는 데,식료품 중 '과일'을 판매·제공하는 매장,1732b474-5fd1-4efa-b932-ca82015e604d,제주애() 과일,과일,제주시민속오일시장,전통시장,제주특별자치도,3.0,3.0,,,RESOLVED_AGREEMENT,False,3,,,,
c9a798e999a5774ddd32,val,과일,T4 구어·문장,q_과일_07,과일 사는 데,식료품 중 '과일'을 판매·제공하는 매장,0af5f838-4190-4a50-8032-c9982143d578,청해과일,과일,구역전전통시장,전통시장,울산광역시,3.0,3.0,,,RESOLVED_AGREEMENT,False,3,,,,
5511a5cbe1c85a9b0f70,val,과일,T4 구어·문장,q_과일_07,과일 사는 데,식료품 중 '과일'을 판매·제공하는 매장,656f192f-72d8-4531-aec0-18bd03d05bc6,명과일,과일,장위전통시장,전통시장,서울특별시,3.0,3.0,,,RESOLVED_AGREEMENT,False,3,,,,
c999b071d8e1ace0da0f,val,과일,T4 구어·문장,q_과일_07,과일 사는 데,식료품 중 '과일'을 판매·제공하는 매장,8019268d-e8c3-49c6-b65d-eb3fb8e3a55f,짱과일,과일,꽃밭정이 골목형상점가,골목형상점가,전북특별자치도,3.0,3.0,,,RESOLVED_AGREEMENT,False,3,,,,
81ebf04c98b31a80f912,val,과일,T4 구어·문장,q_과일_07,과일 사는 데,식료품 중 '과일'을 판매·제공하는 매장,7a735595-68e7-46cb-8b72-6f507d943a3b,아리따움 반송점,화장품,반송큰시장,전통시장,부산광역시,0.0,0.0,,,RESOLVED_AGREEMENT,False,0,,,,
a7047f777f7fa09b5632,val,과일,T4 구어·문장,q_과일_07,과일 사는 데,식료품 중 '과일'을 판매·제공하는 매장,d5e7658d-de05-4ed1-ae04-73b13b79ddfd,"재주, 과일",과일,세류2동 골목형상점가,골목형상점가,경기도,3.0,3.0,,,RESOLVED_AGREEMENT,False,3,,,,
a65b098f053e87cab45b,val,과일,T4 구어·문장,q_과일_07,과일 사는 데,식료품 중 '과일'을 판매·제공하는 매장,3847397b-c8df-4285-91bd-f01548bf6a31,백해수 과일,과일,봉덕신시장,전통시장,대구광역시,3.0,3.0,,,RESOLVED_AGREEMENT,False,3,,,,
83dcc76154279d96345d,val,과일,T4 구어·문장,q_과일_07,과일 사는 데,식료품 중 '과일'을 판매·제공하는 매장,e7f423fc-74a0-4997-9a89-195532f01adf,이화레스,직물,서문시장2지구 종합상가,전통시장,대구광역시,0.0,0.0,,,RESOLVED_AGREEMENT,False,0,,,,
64e5948f8ac71de1809b,val,과일,T4 구어·문장,q_과일_07,과일 사는 데,식료품 중 '과일'을 판매·제공하는 매장,03bdb89c-b551-49dc-a73f-54cf757bd138,삼익과일,과일,송하동 골목형상점가,골목형상점가,광주광역시,3.0,3.0,,,RESOLVED_AGREEMENT,False,3,,,,
9ffe7a6fe5bbb90e42b9,val,과일,T4 구어·문장,q_과일_07,과일 사는 데,식료품 중 '과일'을 판매·제공하는 매장,0bbd23f7-9e4c-453c-a031-a086f57365f4,그집과일,과일,춘천 원도심 상권활성화,상권활성화구역,강원특별자치도,3.0,3.0,,,RESOLVED_AGREEMENT,False,3,,,,
4d311c80dc614da5d545,val,과일,T4 구어·문장,q_과일_07,과일 사는 데,식료품 중 '과일'을 판매·제공하는 매장,ccc63c2c-1b36-40f1-8e62-09fbe3c7217e,훈훈한 과일,과일,정서진중앙시장(구 서구중앙시장),전통시장,인천광역시,3.0,3.0,,,RESOLVED_AGREEMENT,False,3,,,,
46c0585d47c38bcbd435,val,과일,T4 구어·문장,q_과일_07,과일 사는 데,식료품 중 '과일'을 판매·제공하는 매장,e2928b97-168c-4bcd-925c-deeb35510489,사랑:담,과일,지족북로 골목형상점가,골목형상점가,대전광역시,3.0,3.0,,,RESOLVED_AGREEMENT,False,3,,,,
9487f04de32b70e15616,val,과일,T4 구어·문장,q_과일_07,과일 사는 데,식료품 중 '과일'을 판매·제공하는 매장,fece4c59-3bea-4bda-8a9d-16d4ee800626,경북과일,과일,포항죽도농산물시장,전통시장,경상북도,3.0,3.0,,,RESOLVED_AGREEMENT,False,3,,,,
075c7b2884537b4b94f1,val,과일,T4 구어·문장,q_과일_07,과일 사는 데,식료품 중 '과일'을 판매·제공하는 매장,1f7f1e39-3c2e-4290-aa35-ec45f201ab0c,고고과일,과일,통영 북신전통시장,전통시장,경상남도,3.0,3.0,,,RESOLVED_AGREEMENT,False,3,,,,
a3db7fcaa50d68f0ada6,val,과일,T4 구어·문장,q_과일_07,과일 사는 데,식료품 중 '과일'을 판매·제공하는 매장,7086bd2f-461e-4d28-9f99-86fc0e86a62f,부부고추방앗간,방앗간,동문재래시장,전통시장,제주특별자치도,0.0,0.0,,,RESOLVED_AGREEMENT,False,0,,,,
4c5c7d888893a6065d5c,val,과일,T4 구어·문장,q_과일_07,과일 사는 데,식료품 중 '과일'을 판매·제공하는 매장,66c18905-71e0-47c4-b3bf-f12db543780f,과일촌,과일,전주 삼천이 골목형상점가,골목형상점가,전북특별자치도,3.0,3.0,,,RESOLVED_AGREEMENT,False,3,,,,
6d526026f36463ed995d,val,과일,T4 구어·문장,q_과일_07,과일 사는 데,식료품 중 '과일'을 판매·제공하는 매장,451f66e8-a8aa-442e-8899-8a22fe952437,예쁜과일,과일,개금골목시장,전통시장,부산광역시,3.0,3.0,,,RESOLVED_AGREEMENT,False,3,,,,
ceaee724c360be97ab2f,val,과일,T4 구어·문장,q_과일_07,과일 사는 데,식료품 중 '과일'을 판매·제공하는 매장,234ee312-05ba-4183-af7a-8a8ac8f25047,과일#,과일,서부시장상점가(서부시장 통합),전통시장,전북특별자치도,3.0,3.0,,,RESOLVED_AGREEMENT,False,3,,,,
68a18127ae73c17909f1,val,과일,T4 구어·문장,q_과일_07,과일 사는 데,식료품 중 '과일'을 판매·제공하는 매장,0045f871-6f40-4361-bcdd-2b94bf597287,무파장터,야채 청과물,신금정시장 골목형 상점가,골목형상점가,부산광역시,3.0,3.0,,,RESOLVED_AGREEMENT,False,3,,,,
ae43372e8a1ebb478eb3,val,과일,T4 구어·문장,q_과일_07,과일 사는 데,식료품 중 '과일'을 판매·제공하는 매장,fb3d5ba8-3149-4f27-9929-ae691786f19b,그집과일,과일,진천혁신골목형상점가,골목형상점가,충청북도,3.0,3.0,,,RESOLVED_AGREEMENT,False,3,,,,
aa0cd570e9f6d4ac1eaf,val,과일,T4 구어·문장,q_과일_07,과일 사는 데,식료품 중 '과일'을 판매·제공하는 매장,006204f3-b214-4611-a434-f896bf75e919,장터사랑,과일,농성세대공감상인회 골목형상점가,골목형상점가,광주광역시,3.0,3.0,,,RESOLVED_AGREEMENT,False,3,,,,
aa299335c40ceb70885b,val,과일,T4 구어·문장,q_과일_07,과일 사는 데,식료품 중 '과일'을 판매·제공하는 매장,06a818b2-847f-414f-89e8-b103f4ae145e,시계탑과일,과일,원주미로예술중앙시장(원주중앙시장),전통시장,강원특별자치도,3.0,3.0,,,RESOLVED_AGREEMENT,False,3,,,,
135144e882ec2420de95,val,과일,T4 구어·문장,q_과일_07,과일 사는 데,식료품 중 '과일'을 판매·제공하는 매장,07d974e4-4e7d-41fe-8b1f-a7a96756dc79,백산청과,사과,충주농산물종합시장(구 중앙청과시장),전통시장,충청북도,3.0,3.0,,,RESOLVED_AGREEMENT,False,3,,,,
d1cc84f586ceb4e8939b,val,과일,T4 구어·문장,q_과일_07,과일 사는 데,식료품 중 '과일'을 판매·제공하는 매장,165b3625-5da0-4998-af46-c016619a2e7c,한밭과일,과일,태평시장,전통시장,대전광역시,3.0,3.0,,,RESOLVED_AGREEMENT,False,3,,,,
02145a888bdbb64b0456,val,과일,T4 구어·문장,q_과일_07,과일 사는 데,식료품 중 '과일'을 판매·제공하는 매장,6ff4937b-ccca-4a5d-8e35-f886f595a6ab,모닝과일,과일,수유전통시장(구 수유골목시장),전통시장,서울특별시,3.0,3.0,,,RESOLVED_AGREEMENT,False,3,,,,
4ba6a1334e19388c792d,val,과일,T4 구어·문장,q_과일_07,과일 사는 데,식료품 중 '과일'을 판매·제공하는 매장,3e6e7885-b089-490d-9743-1d67ef9371cc,과일톡,과일,의정부시 구도심 상권활성화구역,상권활성화구역,경기도,3.0,3.0,,,RESOLVED_AGREEMENT,False,3,,,,
3a366a62e95bcaa35594,val,과일,T4 구어·문장,q_과일_07,과일 사는 데,식료품 중 '과일'을 판매·제공하는 매장,6bc9b36a-31f2-49da-8924-672493958b94,과일 정원,과일,오송역파라곤센트럴시티2차골목형상점가,골목형상점가,충청북도,3.0,3.0,,,RESOLVED_AGREEMENT,False,3,,,,
d0f61f81f32c4dbb6223,val,과일,T4 구어·문장,q_과일_07,과일 사는 데,식료품 중 '과일'을 판매·제공하는 매장,0042e83d-930b-4d1d-a96f-f1a2691256cd,성화상회,과일,대구능금시장,전통시장,대구광역시,3.0,3.0,,,RESOLVED_AGREEMENT,False,3,,,,
d28cebf5181b3b9eabf0,val,과일,T4 구어·문장,q_과일_07,과일 사는 데,식료품 중 '과일'을 판매·제공하는 매장,31b0bfe3-cac5-47f0-867d-5552d8f0972a,과일 픽,과일,두정로 두정상가길 골목형상점가,골목형상점가,충청남도,3.0,3.0,,,RESOLVED_AGREEMENT,False,3,,,,
7bd7b03a63841b46f06d,val,과일,T4 구어·문장,q_과일_07,과일 사는 데,식료품 중 '과일'을 판매·제공하는 매장,f8a1fea0-07b1-40fb-be9b-d02e521bce02,총각과일,과일,부전마켓타운 시장활성화구역,상권활성화구역,부산광역시,3.0,3.0,,,RESOLVED_AGREEMENT,False,3,,,,
f33966d9e669af010412,val,과일,T4 구어·문장,q_과일_07,과일 사는 데,식료품 중 '과일'을 판매·제공하는 매장,edceee03-fbb0-4c43-86af-b46c94360a83,이근철청과,과일,남부시장,전통시장,경상북도,3.0,3.0,,,RESOLVED_AGREEMENT,False,3,,,,
085681f260cfad9e9896,val,과일,T4 구어·문장,q_과일_07,과일 사는 데,식료품 중 '과일'을 판매·제공하는 매장,fc9c60d0-c242-4b7f-9b09-60db435a59e0,과일밭,과일,남목전통시장,전통시장,울산광역시,3.0,3.0,,,RESOLVED_AGREEMENT,False,3,,,,
99297f3ab0dd83359b22,val,과일,T4 구어·문장,q_과일_07,과일 사는 데,식료품 중 '과일'을 판매·제공하는 매장,fff524d9-2b80-4495-8a50-3e99039afa1a,약국옆과일,과일,신 강남시장,전통시장,인천광역시,3.0,3.0,,,RESOLVED_AGREEMENT,False,3,,,,
831f24f6659a96dae17c,val,과일,T4 구어·문장,q_과일_07,과일 사는 데,식료품 중 '과일'을 판매·제공하는 매장,8898592e-9850-4e53-97c8-a0ff37691b52,참과일,과일,연일전통시장,전통시장,경상북도,3.0,3.0,,,RESOLVED_AGREEMENT,False,3,,,,
88976ec096ed0af1edc7,val,과일,T4 구어·문장,q_과일_07,과일 사는 데,식료품 중 '과일'을 판매·제공하는 매장,719df6b7-e9fe-466d-9795-ca847187592f,과일촌,과일,원미종합시장,전통시장,경기도,3.0,3.0,,,RESOLVED_AGREEMENT,False,3,,,,
5911fe30787bb4c9fa2d,val,과일,T4 구어·문장,q_과일_07,과일 사는 데,식료품 중 '과일'을 판매·제공하는 매장,3f3531a1-d993-45ae-b188-2104998253c6,욍과일,과일,은행나무시장(구시흥중앙시장),전통시장,서울특별시,3.0,3.0,,,RESOLVED_AGREEMENT,False,3,,,,
fab6652fd17cdaf17e7d,val,과일,T4 구어·문장,q_과일_07,과일 사는 데,식료품 중 '과일'을 판매·제공하는 매장,0063671e-77f7-466c-bbc2-223497c0dae4,무가당,카페,세병호 골목형상점가,골목형상점가,전북특별자치도,1.0,0.0,,,P2_GRADED_ONLY,True,,,,,
ca62f50e0d57b13b1b8a,val,과일,T4 구어·문장,q_과일_08,과일 선물할 거,식료품 중 '과일'을 판매·제공하는 매장,12def721-d9b2-4401-8120-605d3bae375f,수과일,과일,용호1동골목시장,전통시장,부산광역시,3.0,3.0,,,RESOLVED_AGREEMENT,False,3,,,,
f35be506ce80b36b977f,val,과일,T4 구어·문장,q_과일_08,과일 선물할 거,식료품 중 '과일'을 판매·제공하는 매장,0165a7f2-4303-433a-a548-17d89cb6fa0f,"꽃,과일","꽃, 과일",이동 골목형상점가,골목형상점가,경기도,3.0,3.0,,,RESOLVED_AGREEMENT,False,3,,,,
13e2c5a53308482dde32,val,과일,T4 구어·문장,q_과일_08,과일 선물할 거,식료품 중 '과일'을 판매·제공하는 매장,03bdb89c-b551-49dc-a73f-54cf757bd138,삼익과일,과일,송하동 골목형상점가,골목형상점가,광주광역시,3.0,3.0,,,RESOLVED_AGREEMENT,False,3,,,,
b0febe84d7d4b0b3b806,val,과일,T4 구어·문장,q_과일_08,과일 선물할 거,식료품 중 '과일'을 판매·제공하는 매장,6eb99f4e-af65-44d9-89ac-058b5f3d10bc,라떼멍살롱,애견용품,그라운드고척골목형상점가,골목형상점가,서울특별시,0.0,0.0,,,RESOLVED_AGREEMENT,False,0,,,,
f015fd3d5c2042cff83b,val,과일,T4 구어·문장,q_과일_08,과일 선물할 거,식료품 중 '과일'을 판매·제공하는 매장,ccc63c2c-1b36-40f1-8e62-09fbe3c7217e,훈훈한 과일,과일,정서진중앙시장(구 서구중앙시장),전통시장,인천광역시,3.0,3.0,,,RESOLVED_AGREEMENT,False,3,,,,
863623b37693fa010aee,val,과일,T4 구어·문장,q_과일_08,과일 선물할 거,식료품 중 '과일'을 판매·제공하는 매장,00c6ce65-3761-4ba1-a849-bcedeaa97463,평화상회,청과,경산공설시장,전통시장,경상북도,3.0,3.0,,,RESOLVED_AGREEMENT,False,3,,,,
16e02833ee5c79fa64f4,val,과일,T4 구어·문장,q_과일_08,과일 선물할 거,식료품 중 '과일'을 판매·제공하는 매장,90de04aa-3a35-4432-a5c2-b702dd1d08d0,선이네과일,과일,장승백이전통시장(구 만수창대시장),전통시장,인천광역시,3.0,3.0,,,RESOLVED_AGREEMENT,False,3,,,,
18e86bdde037cece0da4,val,과일,T4 구어·문장,q_과일_08,과일 선물할 거,식료품 중 '과일'을 판매·제공하는 매장,b17526ac-af8d-4e0e-97b4-3cbf29acda2a,욱수과일,과일,신매시장,전통시장,대구광역시,3.0,3.0,,,RESOLVED_AGREEMENT,False,3,,,,
be5eb4616cccb3002dc7,val,과일,T4 구어·문장,q_과일_08,과일 선물할 거,식료품 중 '과일'을 판매·제공하는 매장,31b0bfe3-cac5-47f0-867d-5552d8f0972a,과일 픽,과일,두정로 두정상가길 골목형상점가,골목형상점가,충청남도,3.0,3.0,,,RESOLVED_AGREEMENT,False,3,,,,
ba64326b18fd0ab88938,val,과일,T4 구어·문장,q_과일_08,과일 선물할 거,식료품 중 '과일'을 판매·제공하는 매장,fb3d5ba8-3149-4f27-9929-ae691786f19b,그집과일,과일,진천혁신골목형상점가,골목형상점가,충청북도,3.0,3.0,,,RESOLVED_AGREEMENT,False,3,,,,
5f57ccf3ca2b730fd902,val,과일,T4 구어·문장,q_과일_08,과일 선물할 거,식료품 중 '과일'을 판매·제공하는 매장,1e86b213-0e98-4400-8ac3-1a8a4bc51f80,과일촌,과일,만수시장,전통시장,인천광역시,3.0,3.0,,,RESOLVED_AGREEMENT,False,3,,,,
e9600787d0d54d548380,val,과일,T4 구어·문장,q_과일_08,과일 선물할 거,식료품 중 '과일'을 판매·제공하는 매장,451f66e8-a8aa-442e-8899-8a22fe952437,예쁜과일,과일,개금골목시장,전통시장,부산광역시,3.0,3.0,,,RESOLVED_AGREEMENT,False,3,,,,
6d004a7a1acbd06159a9,val,과일,T4 구어·문장,q_과일_08,과일 선물할 거,식료품 중 '과일'을 판매·제공하는 매장,3f3531a1-d993-45ae-b188-2104998253c6,욍과일,과일,은행나무시장(구시흥중앙시장),전통시장,서울특별시,3.0,3.0,,,RESOLVED_AGREEMENT,False,3,,,,
eba261a88667f75e279a,val,과일,T4 구어·문장,q_과일_08,과일 선물할 거,식료품 중 '과일'을 판매·제공하는 매장,fd3c0ab2-5a5a-400d-b97e-21cea042b6ed,거창상회,과일,부전농수산물새벽시장,전통시장,부산광역시,3.0,3.0,,,RESOLVED_AGREEMENT,False,3,,,,
5d2bc627a7bcb0d51ab0,val,과일,T4 구어·문장,q_과일_08,과일 선물할 거,식료품 중 '과일'을 판매·제공하는 매장,26bec8be-7e70-41c6-b463-833aa0224e18,진이네 과일,과일,가좌동골목형상점가,골목형상점가,경기도,3.0,3.0,,,RESOLVED_AGREEMENT,False,3,,,,
a28e61a01235e79fe5e4,val,과일,T4 구어·문장,q_과일_08,과일 선물할 거,식료품 중 '과일'을 판매·제공하는 매장,0f60cf47-696f-463e-a856-ea6bd1056c41,거창상회,과일,보수종합시장,전통시장,부산광역시,3.0,3.0,,,RESOLVED_AGREEMENT,False,3,,,,
8870c06eb3a58be9e67e,val,과일,T4 구어·문장,q_과일_08,과일 선물할 거,식료품 중 '과일'을 판매·제공하는 매장,f2a0e3bb-5f85-46d0-9b1f-150aaeb3522e,송악청과,과일,"온양온천시장(온양재래시장, 전통시장)",전통시장,충청남도,3.0,3.0,,,RESOLVED_AGREEMENT,False,3,,,,
0ec5de195d6b8350d688,val,과일,T4 구어·문장,q_과일_08,과일 선물할 거,식료품 중 '과일'을 판매·제공하는 매장,30aab4f1-0a08-40f8-8ec9-7fb904873471,봉좌산농원,농산물(사과),안강공설시장,전통시장,경상북도,3.0,3.0,,,RESOLVED_AGREEMENT,False,3,,,,
15328656979a11275923,val,과일,T4 구어·문장,q_과일_08,과일 선물할 거,식료품 중 '과일'을 판매·제공하는 매장,fece4c59-3bea-4bda-8a9d-16d4ee800626,경북과일,과일,포항죽도농산물시장,전통시장,경상북도,3.0,3.0,,,RESOLVED_AGREEMENT,False,3,,,,
f322eecfd604a69e1681,val,과일,T4 구어·문장,q_과일_08,과일 선물할 거,식료품 중 '과일'을 판매·제공하는 매장,614d06b5-966b-4be0-9167-68ce2dc9bcda,장수과일,과일,김해 동상전통시장,전통시장,경상남도,3.0,3.0,,,RESOLVED_AGREEMENT,False,3,,,,
307b8c782978f7e4c79d,val,과일,T4 구어·문장,q_과일_08,과일 선물할 거,식료품 중 '과일'을 판매·제공하는 매장,f8a1fea0-07b1-40fb-be9b-d02e521bce02,총각과일,과일,부전마켓타운 시장활성화구역,상권활성화구역,부산광역시,3.0,3.0,,,RESOLVED_AGREEMENT,False,3,,,,
3a948181ff77f4ce1dfc,val,과일,T4 구어·문장,q_과일_08,과일 선물할 거,식료품 중 '과일'을 판매·제공하는 매장,e59beb2f-b57b-492e-a2c5-00d05b73edf7,군북과일,과일,성북시장,전통시장,부산광역시,3.0,3.0,,,RESOLVED_AGREEMENT,False,3,,,,
d99b5550fb1c044b28b6,val,과일,T4 구어·문장,q_과일_08,과일 선물할 거,식료품 중 '과일'을 판매·제공하는 매장,1732b474-5fd1-4efa-b932-ca82015e604d,제주애() 과일,과일,제주시민속오일시장,전통시장,제주특별자치도,3.0,3.0,,,RESOLVED_AGREEMENT,False,3,,,,
065633a5b436d4896a23,val,과일,T4 구어·문장,q_과일_08,과일 선물할 거,식료품 중 '과일'을 판매·제공하는 매장,0ebab450-c982-4695-9b6e-a7eff5d8d0c5,정이네 과일,과일,가좌시장,전통시장,인천광역시,3.0,3.0,,,RESOLVED_AGREEMENT,False,3,,,,
e02887d0590c63c466fc,val,과일,T4 구어·문장,q_과일_08,과일 선물할 거,식료품 중 '과일'을 판매·제공하는 매장,07aa9211-faba-46ea-bda8-0efd60f4653c,과일짱,과일,광명새마을시장,전통시장,경기도,3.0,3.0,,,RESOLVED_AGREEMENT,False,3,,,,
93c7c5ea2c13c2e25508,val,과일,T4 구어·문장,q_과일_08,과일 선물할 거,식료품 중 '과일'을 판매·제공하는 매장,3ce95951-87b4-446c-a76f-975a295f65da,과일팜,과일,풍암우미상인회 골목형상점가,골목형상점가,광주광역시,3.0,3.0,,,RESOLVED_AGREEMENT,False,3,,,,
17ae4cf766820952a5ee,val,과일,T4 구어·문장,q_과일_08,과일 선물할 거,식료품 중 '과일'을 판매·제공하는 매장,d10dba74-a1e7-4a6b-8160-4138ddb6e7da,달당,과일,복대가경시장,전통시장,충청북도,3.0,3.0,,,RESOLVED_AGREEMENT,False,3,,,,
21c338ba1a3d83525927,val,과일,T4 구어·문장,q_과일_08,과일 선물할 거,식료품 중 '과일'을 판매·제공하는 매장,d5e7658d-de05-4ed1-ae04-73b13b79ddfd,"재주, 과일",과일,세류2동 골목형상점가,골목형상점가,경기도,3.0,3.0,,,RESOLVED_AGREEMENT,False,3,,,,
8e261a2590d5183d282c,val,과일,T4 구어·문장,q_과일_08,과일 선물할 거,식료품 중 '과일'을 판매·제공하는 매장,00e927c5-be32-44e1-b7fd-80e9cfc81773,진양상회,청과물,진주 청과시장,전통시장,경상남도,3.0,3.0,,,RESOLVED_AGREEMENT,False,3,,,,
b5b8d703c0c22e4df215,val,과일,T4 구어·문장,q_과일_08,과일 선물할 거,식료품 중 '과일'을 판매·제공하는 매장,fc9c60d0-c242-4b7f-9b09-60db435a59e0,과일밭,과일,남목전통시장,전통시장,울산광역시,3.0,3.0,,,RESOLVED_AGREEMENT,False,3,,,,
003a9ccb7ce2f24246b1,val,과일,T4 구어·문장,q_과일_08,과일 선물할 거,식료품 중 '과일'을 판매·제공하는 매장,35883750-a8fa-4dc2-a2e9-90c571031879,지리산고지농원,"사과, 종자, 오미자",남원인월시장,전통시장,전북특별자치도,3.0,3.0,,,RESOLVED_AGREEMENT,False,3,,,,
5493e2e663ae64b0ed47,val,과일,T4 구어·문장,q_과일_08,과일 선물할 거,식료품 중 '과일'을 판매·제공하는 매장,6ff4937b-ccca-4a5d-8e35-f886f595a6ab,모닝과일,과일,수유전통시장(구 수유골목시장),전통시장,서울특별시,3.0,3.0,,,RESOLVED_AGREEMENT,False,3,,,,
327d40d09c1db8ec8a15,val,과일,T4 구어·문장,q_과일_08,과일 선물할 거,식료품 중 '과일'을 판매·제공하는 매장,a794767b-9613-4dc6-a8f8-429ea10e8546,두리 과일,과일,익산장(구 북부장),전통시장,전북특별자치도,3.0,3.0,,,RESOLVED_AGREEMENT,False,3,,,,
79b1449305796bda94a3,val,과일,T4 구어·문장,q_과일_08,과일 선물할 거,식료품 중 '과일'을 판매·제공하는 매장,84de0b35-60d6-46d3-b0aa-79e52ffe213f,재필이네 과일,과일,둔포전통시장,전통시장,충청남도,3.0,3.0,,,RESOLVED_AGREEMENT,False,3,,,,
d69a76228d0a9aaff32f,val,과일,T4 구어·문장,q_과일_08,과일 선물할 거,식료품 중 '과일'을 판매·제공하는 매장,8537225c-56c4-401c-a4f6-d1e1a68ebf63,선,과일 야채,용호시장,전통시장,부산광역시,3.0,3.0,,,RESOLVED_AGREEMENT,False,3,,,,
00602b18b27d39339dd0,val,과일,T4 구어·문장,q_과일_08,과일 선물할 거,식료품 중 '과일'을 판매·제공하는 매장,6bc9b36a-31f2-49da-8924-672493958b94,과일 정원,과일,오송역파라곤센트럴시티2차골목형상점가,골목형상점가,충청북도,3.0,3.0,,,RESOLVED_AGREEMENT,False,3,,,,
04b2e37bd1c83afed43d,val,과일,T4 구어·문장,q_과일_08,과일 선물할 거,식료품 중 '과일'을 판매·제공하는 매장,e56873ad-306b-4938-bac5-8dfae6a8e5b6,구로과일,과일,남구로시장,전통시장,서울특별시,3.0,3.0,,,RESOLVED_AGREEMENT,False,3,,,,
333d8af2dcb2e43cb2f2,val,과일,T4 구어·문장,q_과일_08,과일 선물할 거,식료품 중 '과일'을 판매·제공하는 매장,edceee03-fbb0-4c43-86af-b46c94360a83,이근철청과,과일,남부시장,전통시장,경상북도,3.0,3.0,,,RESOLVED_AGREEMENT,False,3,,,,
f10ddf521ebd19924fa8,val,과일,T4 구어·문장,q_과일_08,과일 선물할 거,식료품 중 '과일'을 판매·제공하는 매장,10c15ab7-b6be-40e0-a2dc-cb0da16231df,과일인생 선운점,과일,선운별 골목형상점가,골목형상점가,광주광역시,3.0,3.0,,,RESOLVED_AGREEMENT,False,3,,,,
30be4f99e99978de574d,val,과일,T4 구어·문장,q_과일_08,과일 선물할 거,식료품 중 '과일'을 판매·제공하는 매장,003e7ebf-1112-4ab4-a484-67716e4b2a85,이든,카페,원주중앙시장활성화구역,상권활성화구역,강원특별자치도,1.0,0.0,,,P2_GRADED_ONLY,True,,,,,
1625c21e67548b369856,val,과일,T4 구어·문장,q_과일_08,과일 선물할 거,식료품 중 '과일'을 판매·제공하는 매장,0063671e-77f7-466c-bbc2-223497c0dae4,무가당,카페,세병호 골목형상점가,골목형상점가,전북특별자치도,1.0,0.0,,,P2_GRADED_ONLY,True,,,,,
d961f0b757c5f7e23adf,val,과일,T4 구어·문장,q_과일_08,과일 선물할 거,식료품 중 '과일'을 판매·제공하는 매장,ab9f5a42-aa17-4ca7-98bb-57bde247562f,과일집,과일,태릉골목형상점가,골목형상점가,서울특별시,3.0,3.0,,,RESOLVED_AGREEMENT,False,3,,,,
0f8b376b900fc993a0fe,val,과일,T4 구어·문장,q_과일_08,과일 선물할 거,식료품 중 '과일'을 판매·제공하는 매장,eee17a72-4512-4dad-90d7-91f4232ff701,민수네 수선,의류 수선,의정부제일시장,전통시장,경기도,0.0,0.0,,,RESOLVED_AGREEMENT,False,0,,,,
c18b71a7df00c8e31b9a,val,과일,T4 구어·문장,q_과일_08,과일 선물할 거,식료품 중 '과일'을 판매·제공하는 매장,b5b8b88f-7fa9-4c55-a5ce-26ea0222e4f0,거창청과,과일,엄궁농산물도매시장식품·청과 소매동 골목형상점가,골목형상점가,부산광역시,3.0,3.0,,,RESOLVED_AGREEMENT,False,3,,,,
e0947ee4dc863dc0ba33,val,과일,T4 구어·문장,q_과일_08,과일 선물할 거,식료품 중 '과일'을 판매·제공하는 매장,009efeba-a92a-4bf2-867f-f40d57386d40,(유)진경농산,청과,가락몰골목형상점가,골목형상점가,서울특별시,3.0,3.0,,,RESOLVED_AGREEMENT,False,3,,,,
6a74dd2c06d80ceedc38,val,과일,T4 구어·문장,q_과일_08,과일 선물할 거,식료품 중 '과일'을 판매·제공하는 매장,75f6cb49-965b-48ee-bf8f-c1847c903d0a,단과일,과일,다같이 울산송정 골목형상점가,골목형상점가,울산광역시,3.0,3.0,,,RESOLVED_AGREEMENT,False,3,,,,
9164d148e9bd8fef345a,val,과일,T4 구어·문장,q_과일_08,과일 선물할 거,식료품 중 '과일'을 판매·제공하는 매장,00ebc127-05c7-4f5b-8926-20ba39cc1cda,대전따봉,"소매(청과,생선)",권선종합시장,전통시장,경기도,3.0,3.0,,,RESOLVED_AGREEMENT,False,3,,,,
f50f802ca40a5f826707,val,과일,T4 구어·문장,q_과일_08,과일 선물할 거,식료품 중 '과일'을 판매·제공하는 매장,3e6e7885-b089-490d-9743-1d67ef9371cc,과일톡,과일,의정부시 구도심 상권활성화구역,상권활성화구역,경기도,3.0,3.0,,,RESOLVED_AGREEMENT,False,3,,,,
a586ac83bc3890880cc7,val,과일,T4 구어·문장,q_과일_08,과일 선물할 거,식료품 중 '과일'을 판매·제공하는 매장,3847397b-c8df-4285-91bd-f01548bf6a31,백해수 과일,과일,봉덕신시장,전통시장,대구광역시,3.0,3.0,,,RESOLVED_AGREEMENT,False,3,,,,
eeef72780aaaa65d5deb,val,과일,T4 구어·문장,q_과일_08,과일 선물할 거,식료품 중 '과일'을 판매·제공하는 매장,719df6b7-e9fe-466d-9795-ca847187592f,과일촌,과일,원미종합시장,전통시장,경기도,3.0,3.0,,,RESOLVED_AGREEMENT,False,3,,,,
369fc2d28610b646dae8,val,과일,T4 구어·문장,q_과일_08,과일 선물할 거,식료품 중 '과일'을 판매·제공하는 매장,006204f3-b214-4611-a434-f896bf75e919,장터사랑,과일,농성세대공감상인회 골목형상점가,골목형상점가,광주광역시,3.0,3.0,,,RESOLVED_AGREEMENT,False,3,,,,
c4281c22134320843be0,val,과일,T4 구어·문장,q_과일_08,과일 선물할 거,식료품 중 '과일'을 판매·제공하는 매장,0a616092-c136-486a-be27-0dc7a2116f6f,소문난 과일,과일,중곡제일골목시장(중곡제일전통시장),전통시장,서울특별시,3.0,3.0,,,RESOLVED_AGREEMENT,False,3,,,,
85abc036548bb7cd793a,val,과일,T4 구어·문장,q_과일_08,과일 선물할 거,식료품 중 '과일'을 판매·제공하는 매장,69073e4f-39a1-4bb2-9d42-ca57b18cb03a,은서과일,과일,달서시장,전통시장,대구광역시,3.0,3.0,,,RESOLVED_AGREEMENT,False,3,,,,
d14c734e1663513ccf13,val,과일,T4 구어·문장,q_과일_08,과일 선물할 거,식료품 중 '과일'을 판매·제공하는 매장,4865633e-db32-4b5b-b7d3-92687b339b4c,거복청과,과일,동송전통시장,전통시장,강원특별자치도,3.0,3.0,,,RESOLVED_AGREEMENT,False,3,,,,
b31e749d8672ad6d75b9,val,과일,T4 구어·문장,q_과일_08,과일 선물할 거,식료품 중 '과일'을 판매·제공하는 매장,ff4cbd07-bc9a-4857-9a9f-6130c4d9ba99,"미인은,네일해",네일,내곡동골목형상점가,골목형상점가,강원특별자치도,0.0,0.0,,,RESOLVED_AGREEMENT,False,0,,,,
8f5aa28e5f69f3e9c564,val,과일,T4 구어·문장,q_과일_08,과일 선물할 거,식료품 중 '과일'을 판매·제공하는 매장,9066a406-0030-4259-94ad-e96c0715fe88,과일 창고,과일,정림동 골목형상점가,골목형상점가,대전광역시,3.0,3.0,,,RESOLVED_AGREEMENT,False,3,,,,
d283682d0199d89e0d61,val,과일,T4 구어·문장,q_과일_08,과일 선물할 거,식료품 중 '과일'을 판매·제공하는 매장,8898592e-9850-4e53-97c8-a0ff37691b52,참과일,과일,연일전통시장,전통시장,경상북도,3.0,3.0,,,RESOLVED_AGREEMENT,False,3,,,,
76e2d4f8affb61bdb121,val,과일,T4 구어·문장,q_과일_08,과일 선물할 거,식료품 중 '과일'을 판매·제공하는 매장,41271a18-a3ae-445b-86bd-f7a2651faabe,동현상회,사과청과,대구능금시장,전통시장,대구광역시,3.0,3.0,,,RESOLVED_AGREEMENT,False,3,,,,
49f1353a44db80ea6d73,val,과일,T4 구어·문장,q_과일_08,과일 선물할 거,식료품 중 '과일'을 판매·제공하는 매장,00333be0-b70d-4197-aa97-5a277d61e0da,㈜신진후르츠,과일,부전농수산물새벽시장,전통시장,부산광역시,3.0,3.0,,,RESOLVED_AGREEMENT,False,3,,,,
f56c57ae4206fdc4f376,val,과일,T4 구어·문장,q_과일_08,과일 선물할 거,식료품 중 '과일'을 판매·제공하는 매장,5e19ed2f-dcad-4e55-bb89-2360d1b16bf9,컴투미,컴퓨터 및 주변기기외,성남중앙지하시장,일반지하상점가,경기도,0.0,0.0,,,RESOLVED_AGREEMENT,False,0,,,,
17e3e1e6a5a81129aecc,val,과일,T4 구어·문장,q_과일_08,과일 선물할 거,식료품 중 '과일'을 판매·제공하는 매장,66c18905-71e0-47c4-b3bf-f12db543780f,과일촌,과일,전주 삼천이 골목형상점가,골목형상점가,전북특별자치도,3.0,3.0,,,RESOLVED_AGREEMENT,False,3,,,,
7714d87ca5aff65abd66,val,과일,T4 구어·문장,q_과일_08,과일 선물할 거,식료품 중 '과일'을 판매·제공하는 매장,8019268d-e8c3-49c6-b65d-eb3fb8e3a55f,짱과일,과일,꽃밭정이 골목형상점가,골목형상점가,전북특별자치도,3.0,3.0,,,RESOLVED_AGREEMENT,False,3,,,,
f337c18fd11132b1779e,val,과일,T4 구어·문장,q_과일_08,과일 선물할 거,식료품 중 '과일'을 판매·제공하는 매장,fff524d9-2b80-4495-8a50-3e99039afa1a,약국옆과일,과일,신 강남시장,전통시장,인천광역시,3.0,3.0,,,RESOLVED_AGREEMENT,False,3,,,,
90f569a49df48aa99a82,val,과일,T4 구어·문장,q_과일_08,과일 선물할 거,식료품 중 '과일'을 판매·제공하는 매장,e50663cb-2e0e-4fb8-b139-7bd05c5cfe02,과일(강씨과일),과일,팔달신시장,전통시장,대구광역시,3.0,3.0,,,RESOLVED_AGREEMENT,False,3,,,,
4801c3d4b1eaa77671a6,val,과일,T4 구어·문장,q_과일_08,과일 선물할 거,식료품 중 '과일'을 판매·제공하는 매장,06a818b2-847f-414f-89e8-b103f4ae145e,시계탑과일,과일,원주미로예술중앙시장(원주중앙시장),전통시장,강원특별자치도,3.0,3.0,,,RESOLVED_AGREEMENT,False,3,,,,
34bbe25a0a7306625158,val,과일,T4 구어·문장,q_과일_08,과일 선물할 거,식료품 중 '과일'을 판매·제공하는 매장,00d3ef33-13db-4750-93a0-4b31010fcb70,온유베이크,카페,스타타워1 골목형상점가,골목형상점가,인천광역시,1.0,0.0,,,P2_GRADED_ONLY,True,,,,,
b6fcfd02c9847271542e,val,과일,T4 구어·문장,q_과일_08,과일 선물할 거,식료품 중 '과일'을 판매·제공하는 매장,10ac67e3-0618-4c09-a374-f60cd613cf31,도원김밥삼봉점,,삼봉지구 골목형상점가,골목형상점가,전북특별자치도,0.0,0.0,,,RESOLVED_AGREEMENT,False,0,,,,
79b2ba07c84274a1ed52,val,과일,T4 구어·문장,q_과일_08,과일 선물할 거,식료품 중 '과일'을 판매·제공하는 매장,0af5f838-4190-4a50-8032-c9982143d578,청해과일,과일,구역전전통시장,전통시장,울산광역시,3.0,3.0,,,RESOLVED_AGREEMENT,False,3,,,,
ed4293bd5bcfeb432fe4,val,과일,T4 구어·문장,q_과일_08,과일 선물할 거,식료품 중 '과일'을 판매·제공하는 매장,0045f871-6f40-4361-bcdd-2b94bf597287,무파장터,야채 청과물,신금정시장 골목형 상점가,골목형상점가,부산광역시,3.0,3.0,,,RESOLVED_AGREEMENT,False,3,,,,
8d7dee6aab9c8a5f7744,val,과일,T4 구어·문장,q_과일_08,과일 선물할 거,식료품 중 '과일'을 판매·제공하는 매장,2acea435-157a-42b2-82f0-0bfe6b5e3be5,이레과일,과일,용인중앙시장,전통시장,경기도,3.0,3.0,,,RESOLVED_AGREEMENT,False,3,,,,
d815a80ac627bc9c6fb4,val,과일,T4 구어·문장,q_과일_08,과일 선물할 거,식료품 중 '과일'을 판매·제공하는 매장,c42a16d2-bde9-471f-afd0-7d1d5186a7f4,타센,가구,상록수가구거리상점가,골목형상점가,경기도,0.0,0.0,,,RESOLVED_AGREEMENT,False,0,,,,
bf69af45cc7d44f4bb57,val,과일,T4 구어·문장,q_과일_08,과일 선물할 거,식료품 중 '과일'을 판매·제공하는 매장,687a6342-aa33-4be5-acad-5cfb1fafdc7d,천상과일,과일,진잠 골목형상점가,골목형상점가,대전광역시,3.0,3.0,,,RESOLVED_AGREEMENT,False,3,,,,
5072548cfccad91801bd,val,과일,T4 구어·문장,q_과일_08,과일 선물할 거,식료품 중 '과일'을 판매·제공하는 매장,36fbb793-24e5-4f3f-948e-522b0f86b8b9,더 과일,과일,"지웰시티몰 1,2단지 골목형상점가",골목형상점가,충청남도,3.0,3.0,,,RESOLVED_AGREEMENT,False,3,,,,
d7b3c4353e48208a148e,val,과일,T4 구어·문장,q_과일_08,과일 선물할 거,식료품 중 '과일'을 판매·제공하는 매장,0042e83d-930b-4d1d-a96f-f1a2691256cd,성화상회,과일,대구능금시장,전통시장,대구광역시,3.0,3.0,,,RESOLVED_AGREEMENT,False,3,,,,
32658db2b50ff53974a6,val,과일,T4 구어·문장,q_과일_08,과일 선물할 거,식료품 중 '과일'을 판매·제공하는 매장,07d974e4-4e7d-41fe-8b1f-a7a96756dc79,백산청과,사과,충주농산물종합시장(구 중앙청과시장),전통시장,충청북도,3.0,3.0,,,RESOLVED_AGREEMENT,False,3,,,,
97585fb906241e227337,val,과일,T4 구어·문장,q_과일_08,과일 선물할 거,식료품 중 '과일'을 판매·제공하는 매장,ab7abf3b-c86c-46b7-a254-9e9124bd1cda,고향과일,과일,월배신시장,전통시장,대구광역시,3.0,3.0,,,RESOLVED_AGREEMENT,False,3,,,,
2fe2a0307898a87f1515,val,과일,T4 구어·문장,q_과일_08,과일 선물할 거,식료품 중 '과일'을 판매·제공하는 매장,1f7f1e39-3c2e-4290-aa35-ec45f201ab0c,고고과일,과일,통영 북신전통시장,전통시장,경상남도,3.0,3.0,,,RESOLVED_AGREEMENT,False,3,,,,
0f7f20b46dc965e702f3,val,과일,T4 구어·문장,q_과일_08,과일 선물할 거,식료품 중 '과일'을 판매·제공하는 매장,bb18c45d-9514-47c4-9b16-0ba51cbff6a7,건후네 과일,과일,용문천년시장,전통시장,경기도,3.0,3.0,,,RESOLVED_AGREEMENT,False,3,,,,
e7231803de43387003b1,val,과일,T4 구어·문장,q_과일_08,과일 선물할 거,식료품 중 '과일'을 판매·제공하는 매장,00468e6b-39c6-4ce1-a534-a6b1eecac01d,태양농산물,과일,정릉서경대길골목형상점가(정릉골),골목형상점가,서울특별시,3.0,3.0,,,RESOLVED_AGREEMENT,False,3,,,,
16c7415cb7d08346becb,val,과일,T4 구어·문장,q_과일_08,과일 선물할 거,식료품 중 '과일'을 판매·제공하는 매장,be3c13d0-5946-4b75-a158-c67fbb8308c6,경희과일,과일,반구시장,전통시장,울산광역시,3.0,3.0,,,RESOLVED_AGREEMENT,False,3,,,,
e0ebe0c0185c8c6c7f74,val,과일,T4 구어·문장,q_과일_08,과일 선물할 거,식료품 중 '과일'을 판매·제공하는 매장,ccce09ab-0f10-4c8b-a762-54095af5d797,광일낙지,낙지,월곡시장,전통시장,광주광역시,0.0,0.0,,,RESOLVED_AGREEMENT,False,0,,,,
86cede6bc25db684f87c,val,과일,T4 구어·문장,q_과일_08,과일 선물할 거,식료품 중 '과일'을 판매·제공하는 매장,90837a7f-5899-4589-905d-b1f91f48d97b,과일실록,과일,상계중앙시장,전통시장,서울특별시,3.0,3.0,,,RESOLVED_AGREEMENT,False,3,,,,
5c314d36b81b1d5c2127,val,과일,T4 구어·문장,q_과일_08,과일 선물할 거,식료품 중 '과일'을 판매·제공하는 매장,234ee312-05ba-4183-af7a-8a8ac8f25047,과일#,과일,서부시장상점가(서부시장 통합),전통시장,전북특별자치도,3.0,3.0,,,RESOLVED_AGREEMENT,False,3,,,,
b8810b595b11d2c657ce,val,과일,T4 구어·문장,q_과일_08,과일 선물할 거,식료품 중 '과일'을 판매·제공하는 매장,de1dc1a1-abbd-42c1-9293-6af8c390a9ce,청춘과일,과일,첨단하나로,골목형상점가,광주광역시,3.0,3.0,,,RESOLVED_AGREEMENT,False,3,,,,
8be33eaefaa101a4125d,val,과일,T4 구어·문장,q_과일_08,과일 선물할 거,식료품 중 '과일'을 판매·제공하는 매장,ccfff857-f617-48ed-b6a5-c33281c34fa6,으뜸과일,과일,서서울골목형상점가,골목형상점가,서울특별시,3.0,3.0,,,RESOLVED_AGREEMENT,False,3,,,,
cda7248813cb57fb9412,val,과일,T4 구어·문장,q_과일_08,과일 선물할 거,식료품 중 '과일'을 판매·제공하는 매장,4ccfa149-b4f6-4212-9bb7-414643477abe,대광과일,과일,덕풍전통시장,전통시장,경기도,3.0,3.0,,,RESOLVED_AGREEMENT,False,3,,,,
e87342b33a40bb2098a4,val,과일,T4 구어·문장,q_과일_08,과일 선물할 거,식료품 중 '과일'을 판매·제공하는 매장,ff8b4e68-e3b0-410a-b34b-83ec05746fce,진보랑동우,의류 소매,자유도매시장,전통시장,대전광역시,0.0,0.0,,,RESOLVED_AGREEMENT,False,0,,,,
5bda9569c8c6131a3454,val,과일,T4 구어·문장,q_과일_08,과일 선물할 거,식료품 중 '과일'을 판매·제공하는 매장,b6843f2b-0cdc-4ea9-8219-8af49e11779d,행복한 과일,과일,목포동부시장,전통시장,전라남도,3.0,3.0,,,RESOLVED_AGREEMENT,False,3,,,,
e09acedba644aab7cb66,val,과일,T4 구어·문장,q_과일_08,과일 선물할 거,식료품 중 '과일'을 판매·제공하는 매장,00045dfc-0681-4fb3-8265-33b3df14c289,한라농산,과일,황지시장상점가,자율상권구역,강원특별자치도,3.0,3.0,,,RESOLVED_AGREEMENT,False,3,,,,
5ac244c5f6688256fe4e,val,과일,T4 구어·문장,q_과일_08,과일 선물할 거,식료품 중 '과일'을 판매·제공하는 매장,0bbd23f7-9e4c-453c-a031-a086f57365f4,그집과일,과일,춘천 원도심 상권활성화,상권활성화구역,강원특별자치도,3.0,3.0,,,RESOLVED_AGREEMENT,False,3,,,,
c7ac48fa2422e516ac54,val,과일,T4 구어·문장,q_과일_08,과일 선물할 거,식료품 중 '과일'을 판매·제공하는 매장,00da8084-69b5-4bcc-b2ca-3eaf11175611,밀키샵 별내점,디저트,별내로데오상점가,골목형상점가,경기도,1.0,0.0,,,P2_GRADED_ONLY,True,,,,,
91c6d1018c05e3d4d550,val,과일,T4 구어·문장,q_과일_08,과일 선물할 거,식료품 중 '과일'을 판매·제공하는 매장,103c83f7-8510-4eb0-b9b0-e85633c1a7a1,경희과일,과일,범천중앙시장,전통시장,부산광역시,3.0,3.0,,,RESOLVED_AGREEMENT,False,3,,,,
093b34ea36a440aa0b9c,val,과일,T4 구어·문장,q_과일_08,과일 선물할 거,식료품 중 '과일'을 판매·제공하는 매장,cae8849b-5676-4b4a-973f-ba74b776d48e,고흥과일,과일,목포동부시장,전통시장,전라남도,3.0,3.0,,,RESOLVED_AGREEMENT,False,3,,,,
d54a98f872273a58fb75,val,과일,T4 구어·문장,q_과일_08,과일 선물할 거,식료품 중 '과일'을 판매·제공하는 매장,2992be82-bad0-4871-9e72-203ffe68878f,과일촌,과일,평택통복시장,전통시장,경기도,3.0,3.0,,,RESOLVED_AGREEMENT,False,3,,,,
f03fab1224c21a4e7fe7,val,과일,T4 구어·문장,q_과일_08,과일 선물할 거,식료품 중 '과일'을 판매·제공하는 매장,656f192f-72d8-4531-aec0-18bd03d05bc6,명과일,과일,장위전통시장,전통시장,서울특별시,3.0,3.0,,,RESOLVED_AGREEMENT,False,3,,,,
f79ebf946d4e83b60f96,val,과일,T4 구어·문장,q_과일_08,과일 선물할 거,식료품 중 '과일'을 판매·제공하는 매장,d250e4cb-997d-44f8-8d99-5d9505ec8cb4,과일,과일,능동로골목시장(자양한강전통시장),전통시장,서울특별시,3.0,3.0,,,RESOLVED_AGREEMENT,False,3,,,,
2932d82a892c20b5df7b,val,과일,T4 구어·문장,q_과일_08,과일 선물할 거,식료품 중 '과일'을 판매·제공하는 매장,3c49cc60-6135-4713-bf97-a40661ba8e07,뉴팜,사과 샤인머스켓,금오시장,전통시장,경상북도,3.0,3.0,,,RESOLVED_AGREEMENT,False,3,,,,
583f29a71acf3205dbf9,val,과일,T4 구어·문장,q_과일_08,과일 선물할 거,식료품 중 '과일'을 판매·제공하는 매장,bc8b2639-3ddc-4af2-a5c0-457ad0ca686b,남해과일,과일,함안 가야전통시장,전통시장,경상남도,3.0,3.0,,,RESOLVED_AGREEMENT,False,3,,,,
cd1e663bd9d566dc49a0,val,과일,T4 구어·문장,q_과일_08,과일 선물할 거,식료품 중 '과일'을 판매·제공하는 매장,003d7e3f-6459-4018-ac58-7184cd2457d5,눈치 금호점,카페,금호1동상가번영회 골목형상점가,골목형상점가,광주광역시,1.0,0.0,,,P2_GRADED_ONLY,True,,,,,
ef63c6b626e0b182f6f3,val,과일,T4 구어·문장,q_과일_08,과일 선물할 거,식료품 중 '과일'을 판매·제공하는 매장,165b3625-5da0-4998-af46-c016619a2e7c,한밭과일,과일,태평시장,전통시장,대전광역시,3.0,3.0,,,RESOLVED_AGREEMENT,False,3,,,,
c4e94d3ed390eaddd0b5,val,과일,T4 구어·문장,q_과일_09,과일 파는 곳,식료품 중 '과일'을 판매·제공하는 매장,82c1d1d6-ebf5-4858-bd00-5c78204a31fc,과일파는 고릴라,"과실, 잡화",반여2동상가시장,전통시장,부산광역시,3.0,3.0,,,RESOLVED_AGREEMENT,False,3,,,,
daf11b5a88c8e599eecd,val,과일,T4 구어·문장,q_과일_09,과일 파는 곳,식료품 중 '과일'을 판매·제공하는 매장,fff524d9-2b80-4495-8a50-3e99039afa1a,약국옆과일,과일,신 강남시장,전통시장,인천광역시,3.0,3.0,,,RESOLVED_AGREEMENT,False,3,,,,
dcbe5d5a2817c519a781,val,과일,T4 구어·문장,q_과일_09,과일 파는 곳,식료품 중 '과일'을 판매·제공하는 매장,ccfff857-f617-48ed-b6a5-c33281c34fa6,으뜸과일,과일,서서울골목형상점가,골목형상점가,서울특별시,3.0,3.0,,,RESOLVED_AGREEMENT,False,3,,,,
14fdcb5ac2109a092fe6,val,과일,T4 구어·문장,q_과일_09,과일 파는 곳,식료품 중 '과일'을 판매·제공하는 매장,00c6ce65-3761-4ba1-a849-bcedeaa97463,평화상회,청과,경산공설시장,전통시장,경상북도,3.0,3.0,,,RESOLVED_AGREEMENT,False,3,,,,
d56b994e9e98f1354dcb,val,과일,T4 구어·문장,q_과일_09,과일 파는 곳,식료품 중 '과일'을 판매·제공하는 매장,b8bbcc0c-f093-4a16-97b1-b549dd3e93e5,긍정김밥,,강동산하 골목형상점가,골목형상점가,울산광역시,0.0,0.0,,,RESOLVED_AGREEMENT,False,0,,,,
91477ec587df59f2809a,val,과일,T4 구어·문장,q_과일_09,과일 파는 곳,식료품 중 '과일'을 판매·제공하는 매장,59ee98d1-cfce-418d-aa87-d67970a238c7,피자스쿨 월계점,피자,첨단쌍이 골목형상점가,골목형상점가,광주광역시,0.0,0.0,,,RESOLVED_AGREEMENT,False,0,,,,
ccf8e87e2a20e6381b56,val,과일,T4 구어·문장,q_과일_09,과일 파는 곳,식료품 중 '과일'을 판매·제공하는 매장,edceee03-fbb0-4c43-86af-b46c94360a83,이근철청과,과일,남부시장,전통시장,경상북도,3.0,3.0,,,RESOLVED_AGREEMENT,False,3,,,,
c8c9a1e43e9554a91d1a,val,과일,T4 구어·문장,q_과일_09,과일 파는 곳,식료품 중 '과일'을 판매·제공하는 매장,3ce95951-87b4-446c-a76f-975a295f65da,과일팜,과일,풍암우미상인회 골목형상점가,골목형상점가,광주광역시,3.0,3.0,,,RESOLVED_AGREEMENT,False,3,,,,
6d61e6909b023e861fcd,val,과일,T4 구어·문장,q_과일_09,과일 파는 곳,식료품 중 '과일'을 판매·제공하는 매장,0045f871-6f40-4361-bcdd-2b94bf597287,무파장터,야채 청과물,신금정시장 골목형 상점가,골목형상점가,부산광역시,3.0,3.0,,,RESOLVED_AGREEMENT,False,3,,,,
ff09862a4bb0865371ba,val,과일,T4 구어·문장,q_과일_09,과일 파는 곳,식료품 중 '과일'을 판매·제공하는 매장,07d974e4-4e7d-41fe-8b1f-a7a96756dc79,백산청과,사과,충주농산물종합시장(구 중앙청과시장),전통시장,충청북도,3.0,3.0,,,RESOLVED_AGREEMENT,False,3,,,,
6ecf23dc3801504339c8,val,과일,T4 구어·문장,q_과일_09,과일 파는 곳,식료품 중 '과일'을 판매·제공하는 매장,d5e7658d-de05-4ed1-ae04-73b13b79ddfd,"재주, 과일",과일,세류2동 골목형상점가,골목형상점가,경기도,3.0,3.0,,,RESOLVED_AGREEMENT,False,3,,,,
d21a4b27cd1097a5f9e9,val,과일,T4 구어·문장,q_과일_09,과일 파는 곳,식료품 중 '과일'을 판매·제공하는 매장,c111ac9d-3f3a-405c-a8db-4d127ccda9e2,행복이 있는 곳,잡화,제주로얄쇼핑센터,자율상권구역,제주특별자치도,0.0,0.0,,,RESOLVED_AGREEMENT,False,0,,,,
43f56262d4c9103aca81,val,과일,T4 구어·문장,q_과일_09,과일 파는 곳,식료품 중 '과일'을 판매·제공하는 매장,00da8084-69b5-4bcc-b2ca-3eaf11175611,밀키샵 별내점,디저트,별내로데오상점가,골목형상점가,경기도,1.0,0.0,,,P2_GRADED_ONLY,True,,,,,
c5bfad429a4b468594ef,val,과일,T4 구어·문장,q_과일_09,과일 파는 곳,식료품 중 '과일'을 판매·제공하는 매장,24456103-f6b8-46af-8655-82e61d7265d8,커피가 머무르는 곳,커피,반드레길골목형상점가,골목형상점가,서울특별시,0.0,0.0,,,RESOLVED_AGREEMENT,False,0,,,,
a452a298bce1b36d9441,val,과일,T4 구어·문장,q_과일_09,과일 파는 곳,식료품 중 '과일'을 판매·제공하는 매장,b17526ac-af8d-4e0e-97b4-3cbf29acda2a,욱수과일,과일,신매시장,전통시장,대구광역시,3.0,3.0,,,RESOLVED_AGREEMENT,False,3,,,,
6591d5f9d45fa42ff657,val,과일,T4 구어·문장,q_과일_09,과일 파는 곳,식료품 중 '과일'을 판매·제공하는 매장,d10dba74-a1e7-4a6b-8160-4138ddb6e7da,달당,과일,복대가경시장,전통시장,충청북도,3.0,3.0,,,RESOLVED_AGREEMENT,False,3,,,,
1aee2957dee558160c73,val,과일,T4 구어·문장,q_과일_09,과일 파는 곳,식료품 중 '과일'을 판매·제공하는 매장,103c83f7-8510-4eb0-b9b0-e85633c1a7a1,경희과일,과일,범천중앙시장,전통시장,부산광역시,3.0,3.0,,,RESOLVED_AGREEMENT,False,3,,,,
6e2aa4d6b233682a118d,val,과일,T4 구어·문장,q_과일_09,과일 파는 곳,식료품 중 '과일'을 판매·제공하는 매장,82c40fb2-4323-457b-82d8-3c5a6410076e,일루와어학원,교육서비스,문성 연정빌딩,골목형상점가,경상북도,0.0,0.0,,,RESOLVED_AGREEMENT,False,0,,,,
b16272b18013eed4cc72,val,과일,T4 구어·문장,q_과일_09,과일 파는 곳,식료품 중 '과일'을 판매·제공하는 매장,fc9c60d0-c242-4b7f-9b09-60db435a59e0,과일밭,과일,남목전통시장,전통시장,울산광역시,3.0,3.0,,,RESOLVED_AGREEMENT,False,3,,,,
1aedaeeab1c4deac13c7,val,과일,T4 구어·문장,q_과일_09,과일 파는 곳,식료품 중 '과일'을 판매·제공하는 매장,3c49cc60-6135-4713-bf97-a40661ba8e07,뉴팜,사과 샤인머스켓,금오시장,전통시장,경상북도,3.0,3.0,,,RESOLVED_AGREEMENT,False,3,,,,
9a8f4a13cafe1a8a5b91,val,과일,T4 구어·문장,q_과일_09,과일 파는 곳,식료품 중 '과일'을 판매·제공하는 매장,0ebab450-c982-4695-9b6e-a7eff5d8d0c5,정이네 과일,과일,가좌시장,전통시장,인천광역시,3.0,3.0,,,RESOLVED_AGREEMENT,False,3,,,,
3e40e081707b00491c46,val,과일,T4 구어·문장,q_과일_09,과일 파는 곳,식료품 중 '과일'을 판매·제공하는 매장,3847397b-c8df-4285-91bd-f01548bf6a31,백해수 과일,과일,봉덕신시장,전통시장,대구광역시,3.0,3.0,,,RESOLVED_AGREEMENT,False,3,,,,
6986954675c4c973dc92,val,과일,T4 구어·문장,q_과일_09,과일 파는 곳,식료품 중 '과일'을 판매·제공하는 매장,30aab4f1-0a08-40f8-8ec9-7fb904873471,봉좌산농원,농산물(사과),안강공설시장,전통시장,경상북도,3.0,3.0,,,RESOLVED_AGREEMENT,False,3,,,,
0960300c6a5af63f7cb7,val,과일,T4 구어·문장,q_과일_09,과일 파는 곳,식료품 중 '과일'을 판매·제공하는 매장,e59beb2f-b57b-492e-a2c5-00d05b73edf7,군북과일,과일,성북시장,전통시장,부산광역시,3.0,3.0,,,RESOLVED_AGREEMENT,False,3,,,,
61c75e527e65a740de72,val,과일,T4 구어·문장,q_과일_09,과일 파는 곳,식료품 중 '과일'을 판매·제공하는 매장,3e6e7885-b089-490d-9743-1d67ef9371cc,과일톡,과일,의정부시 구도심 상권활성화구역,상권활성화구역,경기도,3.0,3.0,,,RESOLVED_AGREEMENT,False,3,,,,
212f7002c9af0d75663b,val,과일,T4 구어·문장,q_과일_09,과일 파는 곳,식료품 중 '과일'을 판매·제공하는 매장,719df6b7-e9fe-466d-9795-ca847187592f,과일촌,과일,원미종합시장,전통시장,경기도,3.0,3.0,,,RESOLVED_AGREEMENT,False,3,,,,
243cf7bd2d52ff4159ba,val,과일,T4 구어·문장,q_과일_09,과일 파는 곳,식료품 중 '과일'을 판매·제공하는 매장,3f3531a1-d993-45ae-b188-2104998253c6,욍과일,과일,은행나무시장(구시흥중앙시장),전통시장,서울특별시,3.0,3.0,,,RESOLVED_AGREEMENT,False,3,,,,
b77419e921839a87bdc6,val,과일,T4 구어·문장,q_과일_09,과일 파는 곳,식료품 중 '과일'을 판매·제공하는 매장,009efeba-a92a-4bf2-867f-f40d57386d40,(유)진경농산,청과,가락몰골목형상점가,골목형상점가,서울특별시,3.0,3.0,,,RESOLVED_AGREEMENT,False,3,,,,
645380391bb9bcbcbec7,val,과일,T4 구어·문장,q_과일_09,과일 파는 곳,식료품 중 '과일'을 판매·제공하는 매장,e50663cb-2e0e-4fb8-b139-7bd05c5cfe02,과일(강씨과일),과일,팔달신시장,전통시장,대구광역시,3.0,3.0,,,RESOLVED_AGREEMENT,False,3,,,,
7ecb528292ee511ad261,val,과일,T4 구어·문장,q_과일_09,과일 파는 곳,식료품 중 '과일'을 판매·제공하는 매장,00ebc127-05c7-4f5b-8926-20ba39cc1cda,대전따봉,"소매(청과,생선)",권선종합시장,전통시장,경기도,3.0,3.0,,,RESOLVED_AGREEMENT,False,3,,,,
a454bf12d24ef65b390f,val,과일,T4 구어·문장,q_과일_09,과일 파는 곳,식료품 중 '과일'을 판매·제공하는 매장,e56873ad-306b-4938-bac5-8dfae6a8e5b6,구로과일,과일,남구로시장,전통시장,서울특별시,3.0,3.0,,,RESOLVED_AGREEMENT,False,3,,,,
edaabf2d4846692951c4,val,과일,T4 구어·문장,q_과일_09,과일 파는 곳,식료품 중 '과일'을 판매·제공하는 매장,0165a7f2-4303-433a-a548-17d89cb6fa0f,"꽃,과일","꽃, 과일",이동 골목형상점가,골목형상점가,경기도,3.0,3.0,,,RESOLVED_AGREEMENT,False,3,,,,
106a7e07e5e52acf274a,val,과일,T4 구어·문장,q_과일_09,과일 파는 곳,식료품 중 '과일'을 판매·제공하는 매장,6bc9b36a-31f2-49da-8924-672493958b94,과일 정원,과일,오송역파라곤센트럴시티2차골목형상점가,골목형상점가,충청북도,3.0,3.0,,,RESOLVED_AGREEMENT,False,3,,,,
2de44484c855e2748d84,val,과일,T4 구어·문장,q_과일_09,과일 파는 곳,식료품 중 '과일'을 판매·제공하는 매장,451f66e8-a8aa-442e-8899-8a22fe952437,예쁜과일,과일,개금골목시장,전통시장,부산광역시,3.0,3.0,,,RESOLVED_AGREEMENT,False,3,,,,
611b06fa9ff92254c053,val,과일,T4 구어·문장,q_과일_09,과일 파는 곳,식료품 중 '과일'을 판매·제공하는 매장,03bdb89c-b551-49dc-a73f-54cf757bd138,삼익과일,과일,송하동 골목형상점가,골목형상점가,광주광역시,3.0,3.0,,,RESOLVED_AGREEMENT,False,3,,,,
5d9afa6f2e40064417b3,val,과일,T4 구어·문장,q_과일_09,과일 파는 곳,식료품 중 '과일'을 판매·제공하는 매장,c161453d-f2c8-4b97-a2c3-a54e0cbdb7e8,생활용품 싸게 파는 집,잡화,안성중앙시장,전통시장,경기도,0.0,0.0,,,RESOLVED_AGREEMENT,False,0,,,,
27d9a25d979862839066,val,과일,T4 구어·문장,q_과일_09,과일 파는 곳,식료품 중 '과일'을 판매·제공하는 매장,de1dc1a1-abbd-42c1-9293-6af8c390a9ce,청춘과일,과일,첨단하나로,골목형상점가,광주광역시,3.0,3.0,,,RESOLVED_AGREEMENT,False,3,,,,
432afe7b1f367d9a5057,val,과일,T4 구어·문장,q_과일_09,과일 파는 곳,식료품 중 '과일'을 판매·제공하는 매장,ccc63c2c-1b36-40f1-8e62-09fbe3c7217e,훈훈한 과일,과일,정서진중앙시장(구 서구중앙시장),전통시장,인천광역시,3.0,3.0,,,RESOLVED_AGREEMENT,False,3,,,,
cac1ad1efb78d3557ba4,val,과일,T4 구어·문장,q_과일_09,과일 파는 곳,식료품 중 '과일'을 판매·제공하는 매장,2acea435-157a-42b2-82f0-0bfe6b5e3be5,이레과일,과일,용인중앙시장,전통시장,경기도,3.0,3.0,,,RESOLVED_AGREEMENT,False,3,,,,
38dfd8f14e0f53cfb243,val,과일,T4 구어·문장,q_과일_09,과일 파는 곳,식료품 중 '과일'을 판매·제공하는 매장,41271a18-a3ae-445b-86bd-f7a2651faabe,동현상회,사과청과,대구능금시장,전통시장,대구광역시,3.0,3.0,,,RESOLVED_AGREEMENT,False,3,,,,
b4ca5306d7ac1bad7fd5,val,과일,T4 구어·문장,q_과일_09,과일 파는 곳,식료품 중 '과일'을 판매·제공하는 매장,21f8bb93-fe62-4e12-b9bd-5cbbddabdbfe,청춘미용실,미용,송정벚꽃골목형상점가,골목형상점가,서울특별시,0.0,0.0,,,RESOLVED_AGREEMENT,False,0,,,,
888864a6b6ab2ac70ee6,val,과일,T4 구어·문장,q_과일_09,과일 파는 곳,식료품 중 '과일'을 판매·제공하는 매장,8898592e-9850-4e53-97c8-a0ff37691b52,참과일,과일,연일전통시장,전통시장,경상북도,3.0,3.0,,,RESOLVED_AGREEMENT,False,3,,,,
a6e151eadd15796d4877,val,과일,T4 구어·문장,q_과일_09,과일 파는 곳,식료품 중 '과일'을 판매·제공하는 매장,8019268d-e8c3-49c6-b65d-eb3fb8e3a55f,짱과일,과일,꽃밭정이 골목형상점가,골목형상점가,전북특별자치도,3.0,3.0,,,RESOLVED_AGREEMENT,False,3,,,,
f70b97bb04a65d715e46,val,과일,T4 구어·문장,q_과일_09,과일 파는 곳,식료품 중 '과일'을 판매·제공하는 매장,1e86b213-0e98-4400-8ac3-1a8a4bc51f80,과일촌,과일,만수시장,전통시장,인천광역시,3.0,3.0,,,RESOLVED_AGREEMENT,False,3,,,,
4d9f9f3c15b2f14d4f20,val,과일,T4 구어·문장,q_과일_09,과일 파는 곳,식료품 중 '과일'을 판매·제공하는 매장,be3c13d0-5946-4b75-a158-c67fbb8308c6,경희과일,과일,반구시장,전통시장,울산광역시,3.0,3.0,,,RESOLVED_AGREEMENT,False,3,,,,
6a2745226f2eba3ec774,val,과일,T4 구어·문장,q_과일_09,과일 파는 곳,식료품 중 '과일'을 판매·제공하는 매장,b6843f2b-0cdc-4ea9-8219-8af49e11779d,행복한 과일,과일,목포동부시장,전통시장,전라남도,3.0,3.0,,,RESOLVED_AGREEMENT,False,3,,,,
9a90d044ded7d09cf3fb,val,과일,T4 구어·문장,q_과일_09,과일 파는 곳,식료품 중 '과일'을 판매·제공하는 매장,cd27c45b-3bf5-43dd-95a3-5d02543dc244,신선마트,농축산 가공식품 판매,신가아름마을,골목형상점가,광주광역시,0.0,1.0,,,P2_GRADED_ONLY,True,,,,,
fee52337b65f68aae681,val,과일,T4 구어·문장,q_과일_09,과일 파는 곳,식료품 중 '과일'을 판매·제공하는 매장,06a818b2-847f-414f-89e8-b103f4ae145e,시계탑과일,과일,원주미로예술중앙시장(원주중앙시장),전통시장,강원특별자치도,3.0,3.0,,,RESOLVED_AGREEMENT,False,3,,,,
53fe8449e1878dfcff16,val,과일,T4 구어·문장,q_과일_09,과일 파는 곳,식료품 중 '과일'을 판매·제공하는 매장,66c18905-71e0-47c4-b3bf-f12db543780f,과일촌,과일,전주 삼천이 골목형상점가,골목형상점가,전북특별자치도,3.0,3.0,,,RESOLVED_AGREEMENT,False,3,,,,
11c3268b9f3cdc22d9dd,val,과일,T4 구어·문장,q_과일_09,과일 파는 곳,식료품 중 '과일'을 판매·제공하는 매장,e4146232-019a-4eb7-8289-f239b0a16382,능곡건강원,,능곡시장(구 능곡전통시장),전통시장,경기도,0.0,0.0,,,RESOLVED_AGREEMENT,False,0,,,,
008bebda855e2b9e3859,val,과일,T4 구어·문장,q_과일_09,과일 파는 곳,식료품 중 '과일'을 판매·제공하는 매장,614d06b5-966b-4be0-9167-68ce2dc9bcda,장수과일,과일,김해 동상전통시장,전통시장,경상남도,3.0,3.0,,,RESOLVED_AGREEMENT,False,3,,,,
16e644b216bd434dc308,val,과일,T4 구어·문장,q_과일_09,과일 파는 곳,식료품 중 '과일'을 판매·제공하는 매장,687a6342-aa33-4be5-acad-5cfb1fafdc7d,천상과일,과일,진잠 골목형상점가,골목형상점가,대전광역시,3.0,3.0,,,RESOLVED_AGREEMENT,False,3,,,,
a862d55283aa520d3bba,val,과일,T4 구어·문장,q_과일_09,과일 파는 곳,식료품 중 '과일'을 판매·제공하는 매장,2992be82-bad0-4871-9e72-203ffe68878f,과일촌,과일,평택통복시장,전통시장,경기도,3.0,3.0,,,RESOLVED_AGREEMENT,False,3,,,,
c5c557a2ce95c021aab2,val,과일,T4 구어·문장,q_과일_09,과일 파는 곳,식료품 중 '과일'을 판매·제공하는 매장,6ff4937b-ccca-4a5d-8e35-f886f595a6ab,모닝과일,과일,수유전통시장(구 수유골목시장),전통시장,서울특별시,3.0,3.0,,,RESOLVED_AGREEMENT,False,3,,,,
e704fc82db1a33b2e56e,val,과일,T4 구어·문장,q_과일_09,과일 파는 곳,식료품 중 '과일'을 판매·제공하는 매장,31b0bfe3-cac5-47f0-867d-5552d8f0972a,과일 픽,과일,두정로 두정상가길 골목형상점가,골목형상점가,충청남도,3.0,3.0,,,RESOLVED_AGREEMENT,False,3,,,,
e3f8d6b514b12455b7a7,val,과일,T4 구어·문장,q_과일_09,과일 파는 곳,식료품 중 '과일'을 판매·제공하는 매장,2743811c-5e71-4d2b-aa75-1b0147d44f2d,사우 꽃이 피는 곳,꽃,김포 풍년마을 골목형상점가,골목형상점가,경기도,0.0,0.0,,,RESOLVED_AGREEMENT,False,0,,,,
8b596386d5af427dc874,val,과일,T4 구어·문장,q_과일_09,과일 파는 곳,식료품 중 '과일'을 판매·제공하는 매장,36fbb793-24e5-4f3f-948e-522b0f86b8b9,더 과일,과일,"지웰시티몰 1,2단지 골목형상점가",골목형상점가,충청남도,3.0,3.0,,,RESOLVED_AGREEMENT,False,3,,,,
5d5f810f1531ec400923,val,과일,T4 구어·문장,q_과일_09,과일 파는 곳,식료품 중 '과일'을 판매·제공하는 매장,fece4c59-3bea-4bda-8a9d-16d4ee800626,경북과일,과일,포항죽도농산물시장,전통시장,경상북도,3.0,3.0,,,RESOLVED_AGREEMENT,False,3,,,,
41844f0df54dc1ff62d3,val,과일,T4 구어·문장,q_과일_09,과일 파는 곳,식료품 중 '과일'을 판매·제공하는 매장,00045dfc-0681-4fb3-8265-33b3df14c289,한라농산,과일,황지시장상점가,자율상권구역,강원특별자치도,3.0,3.0,,,RESOLVED_AGREEMENT,False,3,,,,
8f3beb4e4ac319b5dfcf,val,과일,T4 구어·문장,q_과일_09,과일 파는 곳,식료품 중 '과일'을 판매·제공하는 매장,0af5f838-4190-4a50-8032-c9982143d578,청해과일,과일,구역전전통시장,전통시장,울산광역시,3.0,3.0,,,RESOLVED_AGREEMENT,False,3,,,,
cbfb1b6cabd13fdb0266,val,과일,T4 구어·문장,q_과일_09,과일 파는 곳,식료품 중 '과일'을 판매·제공하는 매장,cae8849b-5676-4b4a-973f-ba74b776d48e,고흥과일,과일,목포동부시장,전통시장,전라남도,3.0,3.0,,,RESOLVED_AGREEMENT,False,3,,,,
6714bc65b9555b97cebe,val,과일,T4 구어·문장,q_과일_09,과일 파는 곳,식료품 중 '과일'을 판매·제공하는 매장,0a616092-c136-486a-be27-0dc7a2116f6f,소문난 과일,과일,중곡제일골목시장(중곡제일전통시장),전통시장,서울특별시,3.0,3.0,,,RESOLVED_AGREEMENT,False,3,,,,
4d9de079b3f5295755fa,val,과일,T4 구어·문장,q_과일_09,과일 파는 곳,식료품 중 '과일'을 판매·제공하는 매장,d250e4cb-997d-44f8-8d99-5d9505ec8cb4,과일,과일,능동로골목시장(자양한강전통시장),전통시장,서울특별시,3.0,3.0,,,RESOLVED_AGREEMENT,False,3,,,,
7f7a0ad881701f71fbd4,val,과일,T4 구어·문장,q_과일_09,과일 파는 곳,식료품 중 '과일'을 판매·제공하는 매장,eee47540-85d1-4fcd-98df-52c864d1b350,스케쳐스 광주용봉점,의류(스포츠용품),패션의거리,자율상권구역,광주광역시,0.0,0.0,,,RESOLVED_AGREEMENT,False,0,,,,
01ce0e48a106e6ac0e79,val,과일,T4 구어·문장,q_과일_09,과일 파는 곳,식료품 중 '과일'을 판매·제공하는 매장,84de0b35-60d6-46d3-b0aa-79e52ffe213f,재필이네 과일,과일,둔포전통시장,전통시장,충청남도,3.0,3.0,,,RESOLVED_AGREEMENT,False,3,,,,
72671182826fd2e807c2,val,과일,T4 구어·문장,q_과일_09,과일 파는 곳,식료품 중 '과일'을 판매·제공하는 매장,4ccfa149-b4f6-4212-9bb7-414643477abe,대광과일,과일,덕풍전통시장,전통시장,경기도,3.0,3.0,,,RESOLVED_AGREEMENT,False,3,,,,
52896457de54e2793a08,val,과일,T4 구어·문장,q_과일_09,과일 파는 곳,식료품 중 '과일'을 판매·제공하는 매장,0042e83d-930b-4d1d-a96f-f1a2691256cd,성화상회,과일,대구능금시장,전통시장,대구광역시,3.0,3.0,,,RESOLVED_AGREEMENT,False,3,,,,
4e19a6d65ff5e43bbaa6,val,과일,T4 구어·문장,q_과일_09,과일 파는 곳,식료품 중 '과일'을 판매·제공하는 매장,2a65a916-6dab-413a-b9ff-becd4e903d00,맛있는 과일1,과일,충주자유시장,전통시장,충청북도,3.0,3.0,,,RESOLVED_AGREEMENT,False,3,,,,
b89cf4d3f7fb829b18f9,val,과일,T4 구어·문장,q_과일_09,과일 파는 곳,식료품 중 '과일'을 판매·제공하는 매장,214b97bc-2777-475f-aa7e-65791892b6ee,홍일선전시제상,반찬수산,목포청호시장,전통시장,전라남도,0.0,0.0,,,RESOLVED_AGREEMENT,False,0,,,,
324545ee6dc13b988d6b,val,과일,T4 구어·문장,q_과일_09,과일 파는 곳,식료품 중 '과일'을 판매·제공하는 매장,1732b474-5fd1-4efa-b932-ca82015e604d,제주애() 과일,과일,제주시민속오일시장,전통시장,제주특별자치도,3.0,3.0,,,RESOLVED_AGREEMENT,False,3,,,,
dac29be081170d1eb0ab,val,과일,T4 구어·문장,q_과일_09,과일 파는 곳,식료품 중 '과일'을 판매·제공하는 매장,613fa94a-e7ae-4648-b268-c67726a97ad8,진과일,과일,용호1동골목시장,전통시장,부산광역시,3.0,3.0,,,RESOLVED_AGREEMENT,False,3,,,,
584ab743386b10eb2f70,val,과일,T4 구어·문장,q_과일_09,과일 파는 곳,식료품 중 '과일'을 판매·제공하는 매장,90837a7f-5899-4589-905d-b1f91f48d97b,과일실록,과일,상계중앙시장,전통시장,서울특별시,3.0,3.0,,,RESOLVED_AGREEMENT,False,3,,,,
6aa5bb45cadf55e97410,val,과일,T4 구어·문장,q_과일_09,과일 파는 곳,식료품 중 '과일'을 판매·제공하는 매장,35883750-a8fa-4dc2-a2e9-90c571031879,지리산고지농원,"사과, 종자, 오미자",남원인월시장,전통시장,전북특별자치도,3.0,3.0,,,RESOLVED_AGREEMENT,False,3,,,,
7c50a582142320acd815,val,과일,T4 구어·문장,q_과일_09,과일 파는 곳,식료품 중 '과일'을 판매·제공하는 매장,12def721-d9b2-4401-8120-605d3bae375f,수과일,과일,용호1동골목시장,전통시장,부산광역시,3.0,3.0,,,RESOLVED_AGREEMENT,False,3,,,,
f5461ea3eec0e50b2fcd,val,과일,T4 구어·문장,q_과일_09,과일 파는 곳,식료품 중 '과일'을 판매·제공하는 매장,75f6cb49-965b-48ee-bf8f-c1847c903d0a,단과일,과일,다같이 울산송정 골목형상점가,골목형상점가,울산광역시,3.0,3.0,,,RESOLVED_AGREEMENT,False,3,,,,
5286f9cfd232a6565a8d,val,과일,T4 구어·문장,q_과일_09,과일 파는 곳,식료품 중 '과일'을 판매·제공하는 매장,003d7e3f-6459-4018-ac58-7184cd2457d5,눈치 금호점,카페,금호1동상가번영회 골목형상점가,골목형상점가,광주광역시,1.0,0.0,,,P2_GRADED_ONLY,True,,,,,
4daa2d3a0a590fce01d0,val,과일,T4 구어·문장,q_과일_09,과일 파는 곳,식료품 중 '과일'을 판매·제공하는 매장,00e927c5-be32-44e1-b7fd-80e9cfc81773,진양상회,청과물,진주 청과시장,전통시장,경상남도,3.0,3.0,,,RESOLVED_AGREEMENT,False,3,,,,
fb479d12cd41bc63b692,val,과일,T4 구어·문장,q_과일_09,과일 파는 곳,식료품 중 '과일'을 판매·제공하는 매장,006204f3-b214-4611-a434-f896bf75e919,장터사랑,과일,농성세대공감상인회 골목형상점가,골목형상점가,광주광역시,3.0,3.0,,,RESOLVED_AGREEMENT,False,3,,,,
44f413c78064b58a2294,val,과일,T4 구어·문장,q_과일_09,과일 파는 곳,식료품 중 '과일'을 판매·제공하는 매장,003e7ebf-1112-4ab4-a484-67716e4b2a85,이든,카페,원주중앙시장활성화구역,상권활성화구역,강원특별자치도,1.0,0.0,,,P2_GRADED_ONLY,True,,,,,
fcf4132726a201726f53,val,과일,T4 구어·문장,q_과일_09,과일 파는 곳,식료품 중 '과일'을 판매·제공하는 매장,00468e6b-39c6-4ce1-a534-a6b1eecac01d,태양농산물,과일,정릉서경대길골목형상점가(정릉골),골목형상점가,서울특별시,3.0,3.0,,,RESOLVED_AGREEMENT,False,3,,,,
198c10ed221db7f8a44e,val,과일,T4 구어·문장,q_과일_09,과일 파는 곳,식료품 중 '과일'을 판매·제공하는 매장,86cfda39-9c9d-4f38-8c3b-73c5824c0698,과일파는총각들,과일,구영로 골목형상점가,골목형상점가,울산광역시,3.0,3.0,,,RESOLVED_AGREEMENT,False,3,,,,
ccb3d9a2dac8dfab5e36,val,과일,T4 구어·문장,q_과일_09,과일 파는 곳,식료품 중 '과일'을 판매·제공하는 매장,bb18c45d-9514-47c4-9b16-0ba51cbff6a7,건후네 과일,과일,용문천년시장,전통시장,경기도,3.0,3.0,,,RESOLVED_AGREEMENT,False,3,,,,
37463edfafdbb3689d9e,val,과일,T4 구어·문장,q_과일_09,과일 파는 곳,식료품 중 '과일'을 판매·제공하는 매장,76a3551b-dae4-4326-92cc-662015aedbfb,쉴 곳,한식,칠성로상점가,자율상권구역,제주특별자치도,0.0,0.0,,,RESOLVED_AGREEMENT,False,0,,,,
00d7204791f25dcb9091,val,과일,T4 구어·문장,q_과일_09,과일 파는 곳,식료품 중 '과일'을 판매·제공하는 매장,69073e4f-39a1-4bb2-9d42-ca57b18cb03a,은서과일,과일,달서시장,전통시장,대구광역시,3.0,3.0,,,RESOLVED_AGREEMENT,False,3,,,,
2038acc2200474d9aad0,val,과일,T4 구어·문장,q_과일_09,과일 파는 곳,식료품 중 '과일'을 판매·제공하는 매장,00333be0-b70d-4197-aa97-5a277d61e0da,㈜신진후르츠,과일,부전농수산물새벽시장,전통시장,부산광역시,3.0,3.0,,,RESOLVED_AGREEMENT,False,3,,,,
bf9c9d43615a100262c0,val,과일,T4 구어·문장,q_과일_09,과일 파는 곳,식료품 중 '과일'을 판매·제공하는 매장,234ee312-05ba-4183-af7a-8a8ac8f25047,과일#,과일,서부시장상점가(서부시장 통합),전통시장,전북특별자치도,3.0,3.0,,,RESOLVED_AGREEMENT,False,3,,,,
26db175876ca5131064f,val,과일,T4 구어·문장,q_과일_09,과일 파는 곳,식료품 중 '과일'을 판매·제공하는 매장,165b3625-5da0-4998-af46-c016619a2e7c,한밭과일,과일,태평시장,전통시장,대전광역시,3.0,3.0,,,RESOLVED_AGREEMENT,False,3,,,,
79004ba212906345148f,val,과일,T4 구어·문장,q_과일_09,과일 파는 곳,식료품 중 '과일'을 판매·제공하는 매장,bc8b2639-3ddc-4af2-a5c0-457ad0ca686b,남해과일,과일,함안 가야전통시장,전통시장,경상남도,3.0,3.0,,,RESOLVED_AGREEMENT,False,3,,,,
ab574a6acb8e8e7c63a9,val,과일,T4 구어·문장,q_과일_09,과일 파는 곳,식료품 중 '과일'을 판매·제공하는 매장,ab7abf3b-c86c-46b7-a254-9e9124bd1cda,고향과일,과일,월배신시장,전통시장,대구광역시,3.0,3.0,,,RESOLVED_AGREEMENT,False,3,,,,
dafea3314869819c5779,val,과일,T4 구어·문장,q_과일_09,과일 파는 곳,식료품 중 '과일'을 판매·제공하는 매장,f8a1fea0-07b1-40fb-be9b-d02e521bce02,총각과일,과일,부전마켓타운 시장활성화구역,상권활성화구역,부산광역시,3.0,3.0,,,RESOLVED_AGREEMENT,False,3,,,,
578e389d08cc94ac5da9,val,과일,T4 구어·문장,q_과일_09,과일 파는 곳,식료품 중 '과일'을 판매·제공하는 매장,26bec8be-7e70-41c6-b463-833aa0224e18,진이네 과일,과일,가좌동골목형상점가,골목형상점가,경기도,3.0,3.0,,,RESOLVED_AGREEMENT,False,3,,,,
ef89fa153b655a43312d,val,과일,T4 구어·문장,q_과일_09,과일 파는 곳,식료품 중 '과일'을 판매·제공하는 매장,ab9f5a42-aa17-4ca7-98bb-57bde247562f,과일집,과일,태릉골목형상점가,골목형상점가,서울특별시,3.0,3.0,,,RESOLVED_AGREEMENT,False,3,,,,
5e95a281d6d425bfd24e,val,과일,T4 구어·문장,q_과일_09,과일 파는 곳,식료품 중 '과일'을 판매·제공하는 매장,07aa9211-faba-46ea-bda8-0efd60f4653c,과일짱,과일,광명새마을시장,전통시장,경기도,3.0,3.0,,,RESOLVED_AGREEMENT,False,3,,,,
06e811e1338b784e3215,val,과일,T4 구어·문장,q_과일_09,과일 파는 곳,식료품 중 '과일'을 판매·제공하는 매장,656f192f-72d8-4531-aec0-18bd03d05bc6,명과일,과일,장위전통시장,전통시장,서울특별시,3.0,3.0,,,RESOLVED_AGREEMENT,False,3,,,,
dba5a282387cddf3ef72,val,과일,T4 구어·문장,q_과일_09,과일 파는 곳,식료품 중 '과일'을 판매·제공하는 매장,0063671e-77f7-466c-bbc2-223497c0dae4,무가당,카페,세병호 골목형상점가,골목형상점가,전북특별자치도,1.0,0.0,,,P2_GRADED_ONLY,True,,,,,
0ea0d69242f3ebaf2bbd,val,과일,T4 구어·문장,q_과일_09,과일 파는 곳,식료품 중 '과일'을 판매·제공하는 매장,9066a406-0030-4259-94ad-e96c0715fe88,과일 창고,과일,정림동 골목형상점가,골목형상점가,대전광역시,3.0,3.0,,,RESOLVED_AGREEMENT,False,3,,,,
76935079fecb4b9fc470,val,과일,T4 구어·문장,q_과일_09,과일 파는 곳,식료품 중 '과일'을 판매·제공하는 매장,00d3ef33-13db-4750-93a0-4b31010fcb70,온유베이크,카페,스타타워1 골목형상점가,골목형상점가,인천광역시,1.0,0.0,,,P2_GRADED_ONLY,True,,,,,
d536219d385f3a807e21,val,과일,T4 구어·문장,q_과일_09,과일 파는 곳,식료품 중 '과일'을 판매·제공하는 매장,a794767b-9613-4dc6-a8f8-429ea10e8546,두리 과일,과일,익산장(구 북부장),전통시장,전북특별자치도,3.0,3.0,,,RESOLVED_AGREEMENT,False,3,,,,
1a2ec2fcf857ba919ca4,val,과일,T6 기계변형,q_과일_10,과일추천,식료품 중 '과일'을 판매·제공하는 매장,1134c29f-3bee-42b7-9f17-a75d88a19360,과일마켓,과일,화서시장,전통시장,경기도,3.0,3.0,,,RESOLVED_AGREEMENT,False,3,,,,
92d759097d2c31fb87d3,val,과일,T6 기계변형,q_과일_10,과일추천,식료품 중 '과일'을 판매·제공하는 매장,dafcca9e-a112-4517-a12b-de5c18b7bd38,과일나라,과일,담양시장,전통시장,전라남도,3.0,3.0,,,RESOLVED_AGREEMENT,False,3,,,,
dd007b27e8678c3baa22,val,과일,T6 기계변형,q_과일_10,과일추천,식료품 중 '과일'을 판매·제공하는 매장,83642241-2532-497b-8842-d9d85eced4ec,과일나라,과일,태화시장,전통시장,울산광역시,3.0,3.0,,,RESOLVED_AGREEMENT,False,3,,,,
2a96e2dd0158edfc058b,val,과일,T6 기계변형,q_과일_10,과일추천,식료품 중 '과일'을 판매·제공하는 매장,00d3ef33-13db-4750-93a0-4b31010fcb70,온유베이크,카페,스타타워1 골목형상점가,골목형상점가,인천광역시,1.0,0.0,,,P2_GRADED_ONLY,True,,,,,
ccf1a87e318d4b1b4e03,val,과일,T6 기계변형,q_과일_10,과일추천,식료품 중 '과일'을 판매·제공하는 매장,b641b816-ed23-46fa-9308-afc90b5da8a8,대왕김밥 오치저,분식,오치 설죽로 골목형상점가,골목형상점가,광주광역시,0.0,0.0,,,RESOLVED_AGREEMENT,False,0,,,,
db4790e0ac30dd76b8d5,val,과일,T6 기계변형,q_과일_10,과일추천,식료품 중 '과일'을 판매·제공하는 매장,67fdb6a6-516f-4ab5-97cc-870939a1ac89,과일장터,과일,상주풍물시장,전통시장,경상북도,3.0,3.0,,,RESOLVED_AGREEMENT,False,3,,,,
7368729176a4ed175fdd,val,과일,T6 기계변형,q_과일_10,과일추천,식료품 중 '과일'을 판매·제공하는 매장,8019268d-e8c3-49c6-b65d-eb3fb8e3a55f,짱과일,과일,꽃밭정이 골목형상점가,골목형상점가,전북특별자치도,3.0,3.0,,,RESOLVED_AGREEMENT,False,3,,,,
5880853149acb460c8ef,val,과일,T6 기계변형,q_과일_10,과일추천,식료품 중 '과일'을 판매·제공하는 매장,2992be82-bad0-4871-9e72-203ffe68878f,과일촌,과일,평택통복시장,전통시장,경기도,3.0,3.0,,,RESOLVED_AGREEMENT,False,3,,,,
10acc0926465d0f860e9,val,과일,T6 기계변형,q_과일_10,과일추천,식료품 중 '과일'을 판매·제공하는 매장,4e3518c8-0e86-4396-83e6-9e45f2bec2e2,과일향기,과일,군포역전전통시장,전통시장,경기도,3.0,3.0,,,RESOLVED_AGREEMENT,False,3,,,,
6e69fc4a29f24541ff17,val,과일,T6 기계변형,q_과일_10,과일추천,식료품 중 '과일'을 판매·제공하는 매장,3b8fbf7e-c6a0-4b9b-a05d-4d695e96190c,과일꾸러미,과일,화정소담상인회 골목형상점가,골목형상점가,광주광역시,3.0,3.0,,,RESOLVED_AGREEMENT,False,3,,,,
1d98e39346d0b7f7e57a,val,과일,T6 기계변형,q_과일_10,과일추천,식료품 중 '과일'을 판매·제공하는 매장,00e927c5-be32-44e1-b7fd-80e9cfc81773,진양상회,청과물,진주 청과시장,전통시장,경상남도,3.0,3.0,,,RESOLVED_AGREEMENT,False,3,,,,
80c2bc6470532c23373a,val,과일,T6 기계변형,q_과일_10,과일추천,식료품 중 '과일'을 판매·제공하는 매장,84b86250-c550-4009-ab22-757bf69939fd,과일은 살안쪄,과일,동림푸른 골목형상점가,골목형상점가,광주광역시,3.0,3.0,,,RESOLVED_AGREEMENT,False,3,,,,
36b719a55f0986c12cd3,val,과일,T6 기계변형,q_과일_10,과일추천,식료품 중 '과일'을 판매·제공하는 매장,c02e566a-b145-44a8-ab39-ceebe365f9fe,과일사랑,과일,장림골목시장,전통시장,부산광역시,3.0,3.0,,,RESOLVED_AGREEMENT,False,3,,,,
689e2913cfa2089d6cfc,val,과일,T6 기계변형,q_과일_10,과일추천,식료품 중 '과일'을 판매·제공하는 매장,0063671e-77f7-466c-bbc2-223497c0dae4,무가당,카페,세병호 골목형상점가,골목형상점가,전북특별자치도,1.0,0.0,,,P2_GRADED_ONLY,True,,,,,
010d53127eb100ed3444,val,과일,T6 기계변형,q_과일_10,과일추천,식료품 중 '과일'을 판매·제공하는 매장,35883750-a8fa-4dc2-a2e9-90c571031879,지리산고지농원,"사과, 종자, 오미자",남원인월시장,전통시장,전북특별자치도,3.0,3.0,,,RESOLVED_AGREEMENT,False,3,,,,
313fc52273b4cf9b3dbe,val,과일,T6 기계변형,q_과일_10,과일추천,식료품 중 '과일'을 판매·제공하는 매장,37493098-a068-4c71-858d-25240ddfccb0,과일부자,과일,예산상설시장,전통시장,충청남도,3.0,3.0,,,RESOLVED_AGREEMENT,False,3,,,,
b8e74c011e0e6bf9f255,val,과일,T6 기계변형,q_과일_10,과일추천,식료품 중 '과일'을 판매·제공하는 매장,fff524d9-2b80-4495-8a50-3e99039afa1a,약국옆과일,과일,신 강남시장,전통시장,인천광역시,3.0,3.0,,,RESOLVED_AGREEMENT,False,3,,,,
c0a7ea2b6a6104a14c7f,val,과일,T6 기계변형,q_과일_10,과일추천,식료품 중 '과일'을 판매·제공하는 매장,bc22ac65-ce42-4e5c-a03c-95a69e142a93,과일전문점,과일,오류버들시장골목형상점가,골목형상점가,서울특별시,3.0,3.0,,,RESOLVED_AGREEMENT,False,3,,,,
e6f1f3d47245adc6c975,val,과일,T6 기계변형,q_과일_10,과일추천,식료품 중 '과일'을 판매·제공하는 매장,00da8084-69b5-4bcc-b2ca-3eaf11175611,밀키샵 별내점,디저트,별내로데오상점가,골목형상점가,경기도,1.0,0.0,,,P2_GRADED_ONLY,True,,,,,
1393a51d5399e294bafb,val,과일,T6 기계변형,q_과일_10,과일추천,식료품 중 '과일'을 판매·제공하는 매장,66c18905-71e0-47c4-b3bf-f12db543780f,과일촌,과일,전주 삼천이 골목형상점가,골목형상점가,전북특별자치도,3.0,3.0,,,RESOLVED_AGREEMENT,False,3,,,,
1118e6b57f459b5848cc,val,과일,T6 기계변형,q_과일_10,과일추천,식료품 중 '과일'을 판매·제공하는 매장,07aa9211-faba-46ea-bda8-0efd60f4653c,과일짱,과일,광명새마을시장,전통시장,경기도,3.0,3.0,,,RESOLVED_AGREEMENT,False,3,,,,
defe78dd6f645dd62432,val,과일,T6 기계변형,q_과일_10,과일추천,식료품 중 '과일'을 판매·제공하는 매장,a68e6f03-6254-4281-9de2-c9d6d585e624,과일마당,과일,좌동재래시장,전통시장,부산광역시,3.0,3.0,,,RESOLVED_AGREEMENT,False,3,,,,
bf723e0158070eafb62c,val,과일,T6 기계변형,q_과일_10,과일추천,식료품 중 '과일'을 판매·제공하는 매장,b0d5b9cc-7c1e-4a46-9b6c-40108cf594dd,과일농장,과일,경창시장,전통시장,서울특별시,3.0,3.0,,,RESOLVED_AGREEMENT,False,3,,,,
f6c11c3208b78c715990,val,과일,T6 기계변형,q_과일_10,과일추천,식료품 중 '과일'을 판매·제공하는 매장,8898592e-9850-4e53-97c8-a0ff37691b52,참과일,과일,연일전통시장,전통시장,경상북도,3.0,3.0,,,RESOLVED_AGREEMENT,False,3,,,,
7a5c63659976d7abc322,val,과일,T6 기계변형,q_과일_10,과일추천,식료품 중 '과일'을 판매·제공하는 매장,edceee03-fbb0-4c43-86af-b46c94360a83,이근철청과,과일,남부시장,전통시장,경상북도,3.0,3.0,,,RESOLVED_AGREEMENT,False,3,,,,
eaf57f42aeda12d9389a,val,과일,T6 기계변형,q_과일_10,과일추천,식료품 중 '과일'을 판매·제공하는 매장,90837a7f-5899-4589-905d-b1f91f48d97b,과일실록,과일,상계중앙시장,전통시장,서울특별시,3.0,3.0,,,RESOLVED_AGREEMENT,False,3,,,,
d955fba78c21bb601187,val,과일,T6 기계변형,q_과일_10,과일추천,식료품 중 '과일'을 판매·제공하는 매장,9af8442a-5c12-4f82-9c90-185f97336ff3,과일나라,과일,태평시장,전통시장,대전광역시,3.0,3.0,,,RESOLVED_AGREEMENT,False,3,,,,
748a10dbde40dcfaf07f,val,과일,T6 기계변형,q_과일_10,과일추천,식료품 중 '과일'을 판매·제공하는 매장,7b654bdf-fdd1-4394-ba15-b59485cd7823,과일유통,과일,석바위시장,전통시장,인천광역시,3.0,3.0,,,RESOLVED_AGREEMENT,False,3,,,,
540926cb30f8609c946f,val,과일,T6 기계변형,q_과일_10,과일추천,식료품 중 '과일'을 판매·제공하는 매장,6ac8cf86-ef51-4d9a-a28d-27dc57fc1af8,지형청과,과일,서귀포향토오일시장,전통시장,제주특별자치도,3.0,3.0,,,RESOLVED_AGREEMENT,False,3,,,,
576c6025c155f893ddd4,val,과일,T6 기계변형,q_과일_10,과일추천,식료품 중 '과일'을 판매·제공하는 매장,3e6e7885-b089-490d-9743-1d67ef9371cc,과일톡,과일,의정부시 구도심 상권활성화구역,상권활성화구역,경기도,3.0,3.0,,,RESOLVED_AGREEMENT,False,3,,,,
1f357e5623b1b98037fd,val,과일,T6 기계변형,q_과일_10,과일추천,식료품 중 '과일'을 판매·제공하는 매장,e9c484e6-7c6f-447b-ba33-7c6069442634,과일나라,과일,구역전시장,전통시장,울산광역시,3.0,3.0,,,RESOLVED_AGREEMENT,False,3,,,,
74023f9fa56dd77bc42c,val,과일,T6 기계변형,q_과일_10,과일추천,식료품 중 '과일'을 판매·제공하는 매장,3418b0c2-1a66-4264-b56c-383e969c4907,과일마켓,과일,신 강남시장,전통시장,인천광역시,3.0,3.0,,,RESOLVED_AGREEMENT,False,3,,,,
bd8eaa85f3da5aae67dd,val,과일,T6 기계변형,q_과일_10,과일추천,식료품 중 '과일'을 판매·제공하는 매장,bb18c45d-9514-47c4-9b16-0ba51cbff6a7,건후네 과일,과일,용문천년시장,전통시장,경기도,3.0,3.0,,,RESOLVED_AGREEMENT,False,3,,,,
4081ad5c2cb7f219a96e,val,과일,T6 기계변형,q_과일_10,과일추천,식료품 중 '과일'을 판매·제공하는 매장,003e7ebf-1112-4ab4-a484-67716e4b2a85,이든,카페,원주중앙시장활성화구역,상권활성화구역,강원특별자치도,1.0,0.0,,,P2_GRADED_ONLY,True,,,,,
99e2ae19c9dd3be68da1,val,과일,T6 기계변형,q_과일_10,과일추천,식료품 중 '과일'을 판매·제공하는 매장,fc9c60d0-c242-4b7f-9b09-60db435a59e0,과일밭,과일,남목전통시장,전통시장,울산광역시,3.0,3.0,,,RESOLVED_AGREEMENT,False,3,,,,
9e4d222444c7c3339e01,val,과일,T6 기계변형,q_과일_10,과일추천,식료품 중 '과일'을 판매·제공하는 매장,ab7abf3b-c86c-46b7-a254-9e9124bd1cda,고향과일,과일,월배신시장,전통시장,대구광역시,3.0,3.0,,,RESOLVED_AGREEMENT,False,3,,,,
3db04fc8ab61e0c3e7f3,val,과일,T6 기계변형,q_과일_10,과일추천,식료품 중 '과일'을 판매·제공하는 매장,3f3531a1-d993-45ae-b188-2104998253c6,욍과일,과일,은행나무시장(구시흥중앙시장),전통시장,서울특별시,3.0,3.0,,,RESOLVED_AGREEMENT,False,3,,,,
01c74aa96082119b7b52,val,과일,T6 기계변형,q_과일_10,과일추천,식료품 중 '과일'을 판매·제공하는 매장,39d741e2-64e6-4320-b895-b2c741a5015f,과일본부장,과일,괴정골목시장,전통시장,부산광역시,3.0,3.0,,,RESOLVED_AGREEMENT,False,3,,,,
9030427bd57119347c98,val,과일,T6 기계변형,q_과일_10,과일추천,식료품 중 '과일'을 판매·제공하는 매장,eafcb353-12e7-4b51-bca3-53c5ac1a8c4a,과일나라,과일,세종전통시장,전통시장,세종특별자치시,3.0,3.0,,,RESOLVED_AGREEMENT,False,3,,,,
a24338408f4b6ddef936,val,과일,T6 기계변형,q_과일_10,과일추천,식료품 중 '과일'을 판매·제공하는 매장,ab9f5a42-aa17-4ca7-98bb-57bde247562f,과일집,과일,태릉골목형상점가,골목형상점가,서울특별시,3.0,3.0,,,RESOLVED_AGREEMENT,False,3,,,,
39e3658d93927bebd7d6,val,과일,T6 기계변형,q_과일_10,과일추천,식료품 중 '과일'을 판매·제공하는 매장,00ebc127-05c7-4f5b-8926-20ba39cc1cda,대전따봉,"소매(청과,생선)",권선종합시장,전통시장,경기도,3.0,3.0,,,RESOLVED_AGREEMENT,False,3,,,,
8b8e4ef3b2412c90819d,val,과일,T6 기계변형,q_과일_10,과일추천,식료품 중 '과일'을 판매·제공하는 매장,07d974e4-4e7d-41fe-8b1f-a7a96756dc79,백산청과,사과,충주농산물종합시장(구 중앙청과시장),전통시장,충청북도,3.0,3.0,,,RESOLVED_AGREEMENT,False,3,,,,
94acd500b49ea3845cf4,val,과일,T6 기계변형,q_과일_10,과일추천,식료품 중 '과일'을 판매·제공하는 매장,a3ccc4ed-5618-4048-a0d9-9bccd0d0831b,과일천국,과일,해운대시장,전통시장,부산광역시,3.0,3.0,,,RESOLVED_AGREEMENT,False,3,,,,
19479876b921ee13f275,val,과일,T6 기계변형,q_과일_10,과일추천,식료품 중 '과일'을 판매·제공하는 매장,3c49cc60-6135-4713-bf97-a40661ba8e07,뉴팜,사과 샤인머스켓,금오시장,전통시장,경상북도,3.0,3.0,,,RESOLVED_AGREEMENT,False,3,,,,
d82244f8caff48b6e996,val,과일,T6 기계변형,q_과일_10,과일추천,식료품 중 '과일'을 판매·제공하는 매장,d49e427a-5766-4cbd-b144-077030b205a3,오거리국산팥죽,분식,정읍샘고을시장,전통시장,전북특별자치도,0.0,0.0,,,RESOLVED_AGREEMENT,False,0,,,,
c9225bd8128ac1369734,val,과일,T6 기계변형,q_과일_10,과일추천,식료품 중 '과일'을 판매·제공하는 매장,36fbb793-24e5-4f3f-948e-522b0f86b8b9,더 과일,과일,"지웰시티몰 1,2단지 골목형상점가",골목형상점가,충청남도,3.0,3.0,,,RESOLVED_AGREEMENT,False,3,,,,
daf0dcbe5e9012a63f04,val,과일,T6 기계변형,q_과일_10,과일추천,식료품 중 '과일'을 판매·제공하는 매장,47458328-e1f1-4036-a9bc-d3dabb4ad908,과일랜드,과일,도마큰시장,전통시장,대전광역시,3.0,3.0,,,RESOLVED_AGREEMENT,False,3,,,,
ae179f0248b775b61f81,val,과일,T6 기계변형,q_과일_10,과일추천,식료품 중 '과일'을 판매·제공하는 매장,3fabff5f-e9f4-4499-abd1-e836468e0ea8,과일맨,과일 및 야채,용봉지구 골목형상점가,골목형상점가,광주광역시,3.0,3.0,,,RESOLVED_AGREEMENT,False,3,,,,
32d4a02af81680c312b2,val,과일,T6 기계변형,q_과일_10,과일추천,식료품 중 '과일'을 판매·제공하는 매장,2632d8a6-9a3e-4627-8814-fa0f7a3fec3d,연관청과,과일,현대상가시장,전통시장,충청남도,3.0,3.0,,,RESOLVED_AGREEMENT,False,3,,,,
a7206031bb46fc499295,val,과일,T6 기계변형,q_과일_10,과일추천,식료품 중 '과일'을 판매·제공하는 매장,e59beb2f-b57b-492e-a2c5-00d05b73edf7,군북과일,과일,성북시장,전통시장,부산광역시,3.0,3.0,,,RESOLVED_AGREEMENT,False,3,,,,
89e15e50b6328ec56c2a,val,과일,T6 기계변형,q_과일_10,과일추천,식료품 중 '과일'을 판매·제공하는 매장,719df6b7-e9fe-466d-9795-ca847187592f,과일촌,과일,원미종합시장,전통시장,경기도,3.0,3.0,,,RESOLVED_AGREEMENT,False,3,,,,
5fdb40314d71d4bbfa1b,val,과일,T6 기계변형,q_과일_10,과일추천,식료품 중 '과일'을 판매·제공하는 매장,d250e4cb-997d-44f8-8d99-5d9505ec8cb4,과일,과일,능동로골목시장(자양한강전통시장),전통시장,서울특별시,3.0,3.0,,,RESOLVED_AGREEMENT,False,3,,,,
019fbadfc4f2d4a7dadb,val,과일,T6 기계변형,q_과일_10,과일추천,식료품 중 '과일'을 판매·제공하는 매장,84de0b35-60d6-46d3-b0aa-79e52ffe213f,재필이네 과일,과일,둔포전통시장,전통시장,충청남도,3.0,3.0,,,RESOLVED_AGREEMENT,False,3,,,,
37ceeb162cdf18754b59,val,과일,T6 기계변형,q_과일_10,과일추천,식료품 중 '과일'을 판매·제공하는 매장,8f2a547d-47ac-48ae-ac42-d31c030fe181,과일사랑,과일,우산매일시장,전통시장,광주광역시,3.0,3.0,,,RESOLVED_AGREEMENT,False,3,,,,
58f6f6fa86a0fb0e6ae5,val,과일,T6 기계변형,q_과일_10,과일추천,식료품 중 '과일'을 판매·제공하는 매장,80c4738a-934b-4b41-9de9-a82a5967a614,천외천,한식,상봉먹자골목형상점가,골목형상점가,서울특별시,0.0,0.0,,,RESOLVED_AGREEMENT,False,0,,,,
22c23a1190b7f7749156,val,과일,T6 기계변형,q_과일_10,과일추천,식료품 중 '과일'을 판매·제공하는 매장,6889eafc-4754-4001-9d19-e3f98bcd34dc,뭉탱이,육사시미 육회 곱창전골,지족반석 골목형상점가,골목형상점가,대전광역시,0.0,0.0,,,RESOLVED_AGREEMENT,False,0,,,,
9689d841dd59126425c5,val,과일,T6 기계변형,q_과일_10,과일추천,식료품 중 '과일'을 판매·제공하는 매장,006204f3-b214-4611-a434-f896bf75e919,장터사랑,과일,농성세대공감상인회 골목형상점가,골목형상점가,광주광역시,3.0,3.0,,,RESOLVED_AGREEMENT,False,3,,,,
dfe8d39a32c17ded413d,val,과일,T6 기계변형,q_과일_10,과일추천,식료품 중 '과일'을 판매·제공하는 매장,b68e56b6-a59e-4b3a-b876-69c3ada93551,"과일을,담다",과일,대성상가 골목형상점가,골목형상점가,부산광역시,3.0,3.0,,,RESOLVED_AGREEMENT,False,3,,,,
59eb92a561ba9223e91a,val,과일,T6 기계변형,q_과일_10,과일추천,식료품 중 '과일'을 판매·제공하는 매장,f2a0e3bb-5f85-46d0-9b1f-150aaeb3522e,송악청과,과일,"온양온천시장(온양재래시장, 전통시장)",전통시장,충청남도,3.0,3.0,,,RESOLVED_AGREEMENT,False,3,,,,
ef89cae35a016c701de2,val,과일,T6 기계변형,q_과일_10,과일추천,식료품 중 '과일'을 판매·제공하는 매장,20441f89-33d3-48ab-8cd1-46d4e6234f5e,과일나라,과일,대명신시장,전통시장,대구광역시,3.0,3.0,,,RESOLVED_AGREEMENT,False,3,,,,
209f3a8df0c87d0d7e02,val,과일,T6 기계변형,q_과일_10,과일추천,식료품 중 '과일'을 판매·제공하는 매장,cffa1555-3472-4bf6-8773-86d5f1f5444f,과일나라,과일,연동골목시장,자율상권구역,부산광역시,3.0,3.0,,,RESOLVED_AGREEMENT,False,3,,,,
dc3d239192c44d597c12,val,과일,T6 기계변형,q_과일_10,과일추천,식료품 중 '과일'을 판매·제공하는 매장,b17526ac-af8d-4e0e-97b4-3cbf29acda2a,욱수과일,과일,신매시장,전통시장,대구광역시,3.0,3.0,,,RESOLVED_AGREEMENT,False,3,,,,
0eaedc7fa25fff14b8f1,val,과일,T6 기계변형,q_과일_10,과일추천,식료품 중 '과일'을 판매·제공하는 매장,003d7e3f-6459-4018-ac58-7184cd2457d5,눈치 금호점,카페,금호1동상가번영회 골목형상점가,골목형상점가,광주광역시,1.0,0.0,,,P2_GRADED_ONLY,True,,,,,
d9d5bd04c9bf4b5427cd,val,과일,T6 기계변형,q_과일_10,과일추천,식료품 중 '과일'을 판매·제공하는 매장,b93b5d8a-b197-49d1-8e58-a4578ee3bfa9,민규청과,과일,순천역전시장,전통시장,전라남도,3.0,3.0,,,RESOLVED_AGREEMENT,False,3,,,,
d0f09e6c8b8c40cd2133,val,과일,T6 기계변형,q_과일_10,과일추천,식료품 중 '과일'을 판매·제공하는 매장,234ee312-05ba-4183-af7a-8a8ac8f25047,과일#,과일,서부시장상점가(서부시장 통합),전통시장,전북특별자치도,3.0,3.0,,,RESOLVED_AGREEMENT,False,3,,,,
8b50c5ffd6800aa3cf7d,val,과일,T6 기계변형,q_과일_10,과일추천,식료품 중 '과일'을 판매·제공하는 매장,dfa213a8-6693-46ba-841f-f23331fd1400,온뼈돌솥해장국,한식,백운먹자 골목형상점가,골목형상점가,광주광역시,0.0,0.0,,,RESOLVED_AGREEMENT,False,0,,,,
3a96efa0004ea65a2ec7,val,과일,T6 기계변형,q_과일_10,과일추천,식료품 중 '과일'을 판매·제공하는 매장,a58d42d3-47a3-4e04-b3cf-ba84808b0177,과일삼촌,과일,신안제일행복한 골목형상점가,골목형상점가,광주광역시,3.0,3.0,,,RESOLVED_AGREEMENT,False,3,,,,
b72805703e5678d12342,val,과일,T6 기계변형,q_과일_10,과일추천,식료품 중 '과일'을 판매·제공하는 매장,3bc4bff7-f209-4873-bf65-cd78ac127a08,과일특공대,과일,대연중앙골목시장 골목형상점가,골목형상점가,부산광역시,3.0,3.0,,,RESOLVED_AGREEMENT,False,3,,,,
6f80b24045d028b5592d,val,과일,T6 기계변형,q_과일_10,과일추천,식료품 중 '과일'을 판매·제공하는 매장,00333be0-b70d-4197-aa97-5a277d61e0da,㈜신진후르츠,과일,부전농수산물새벽시장,전통시장,부산광역시,3.0,3.0,,,RESOLVED_AGREEMENT,False,3,,,,
446949f7d3a15a7df882,val,과일,T6 기계변형,q_과일_10,과일추천,식료품 중 '과일'을 판매·제공하는 매장,3ce95951-87b4-446c-a76f-975a295f65da,과일팜,과일,풍암우미상인회 골목형상점가,골목형상점가,광주광역시,3.0,3.0,,,RESOLVED_AGREEMENT,False,3,,,,
6d15f394b500abd86339,val,과일,T6 기계변형,q_과일_10,과일추천,식료품 중 '과일'을 판매·제공하는 매장,3847397b-c8df-4285-91bd-f01548bf6a31,백해수 과일,과일,봉덕신시장,전통시장,대구광역시,3.0,3.0,,,RESOLVED_AGREEMENT,False,3,,,,
ef5e7b4891cb46564dd1,val,과일,T6 기계변형,q_과일_10,과일추천,식료품 중 '과일'을 판매·제공하는 매장,7c75f9e5-36b1-406f-a347-4bbc7fdf6a94,선우마트,슈퍼마켓,충주무학시장,전통시장,충청북도,0.0,1.0,,,P2_GRADED_ONLY,True,,,,,
0367d1c21646113968df,val,과일,T6 기계변형,q_과일_10,과일추천,식료품 중 '과일'을 판매·제공하는 매장,0f8cb76a-b26a-4e84-b044-7def2844cb52,과일나라,과일,삼성동시장,기타,서울특별시,3.0,3.0,,,RESOLVED_AGREEMENT,False,3,,,,
7e26ba6530d4ce2d0f87,val,과일,T6 기계변형,q_과일_10,과일추천,식료품 중 '과일'을 판매·제공하는 매장,1b111ef0-a167-406f-99e9-105675a0918a,과일만남,과일,누리종합상가 골목형상점가,골목형상점가,대전광역시,3.0,3.0,,,RESOLVED_AGREEMENT,False,3,,,,
41a9e2e70dbc6b6b9ba7,val,과일,T6 기계변형,q_과일_10,과일추천,식료품 중 '과일'을 판매·제공하는 매장,7fc10c97-b21f-43d1-8197-b34683f6ccb6,과일천국,과일,동쪽바다중앙시장(구 동해중앙시장),전통시장,강원특별자치도,3.0,3.0,,,RESOLVED_AGREEMENT,False,3,,,,
96ce433893246b7ec9a9,val,과일,T6 기계변형,q_과일_10,과일추천,식료품 중 '과일'을 판매·제공하는 매장,dc63dc83-8fdc-41f5-8873-084327ad0111,태헌이네,과일,서귀포향토오일시장,전통시장,제주특별자치도,3.0,3.0,,,RESOLVED_AGREEMENT,False,3,,,,
7034cb3988a6cd1af0ba,val,과일,T6 기계변형,q_과일_10,과일추천,식료품 중 '과일'을 판매·제공하는 매장,d10dba74-a1e7-4a6b-8160-4138ddb6e7da,달당,과일,복대가경시장,전통시장,충청북도,3.0,3.0,,,RESOLVED_AGREEMENT,False,3,,,,
b474579a14fc71a64a7a,val,과일,T6 기계변형,q_과일_10,과일추천,식료품 중 '과일'을 판매·제공하는 매장,41271a18-a3ae-445b-86bd-f7a2651faabe,동현상회,사과청과,대구능금시장,전통시장,대구광역시,3.0,3.0,,,RESOLVED_AGREEMENT,False,3,,,,
b560027475097524bf86,val,과일,T6 기계변형,q_과일_10,과일추천,식료품 중 '과일'을 판매·제공하는 매장,dd7af92c-60f8-43d5-aeb0-d7a26b6e7bfe,과일마트,과일,구매탄시장,전통시장,경기도,3.0,3.0,,,RESOLVED_AGREEMENT,False,3,,,,
bb24cd93cb59d4033758,val,과일,T6 기계변형,q_과일_10,과일추천,식료품 중 '과일'을 판매·제공하는 매장,637032fe-970d-4024-8b93-36d4e829584e,과일나라,과일,고리울동굴시장,전통시장,경기도,3.0,3.0,,,RESOLVED_AGREEMENT,False,3,,,,
19c5ec13e03482813de4,val,과일,T6 기계변형,q_과일_10,과일추천,식료품 중 '과일'을 판매·제공하는 매장,30aab4f1-0a08-40f8-8ec9-7fb904873471,봉좌산농원,농산물(사과),안강공설시장,전통시장,경상북도,3.0,3.0,,,RESOLVED_AGREEMENT,False,3,,,,
a4177ec555dc823d09fc,val,과일,T6 기계변형,q_과일_10,과일추천,식료품 중 '과일'을 판매·제공하는 매장,31b0bfe3-cac5-47f0-867d-5552d8f0972a,과일 픽,과일,두정로 두정상가길 골목형상점가,골목형상점가,충청남도,3.0,3.0,,,RESOLVED_AGREEMENT,False,3,,,,
57b06f74b634cbe4dcc4,val,과일,T6 기계변형,q_과일_10,과일추천,식료품 중 '과일'을 판매·제공하는 매장,f01a3800-a20d-4912-a3a0-302a163478f8,과일나라,과일,신평리시장,전통시장,대구광역시,3.0,3.0,,,RESOLVED_AGREEMENT,False,3,,,,
362091d20529aad67b61,val,과일,T6 기계변형,q_과일_10,과일추천,식료품 중 '과일'을 판매·제공하는 매장,bf9b9e93-68d6-4d4f-8780-5d56b5e45620,과일총판,과일,구리전통시장,전통시장,경기도,3.0,3.0,,,RESOLVED_AGREEMENT,False,3,,,,
295633222f742445df6d,val,과일,T6 기계변형,q_과일_10,과일추천,식료품 중 '과일'을 판매·제공하는 매장,00045dfc-0681-4fb3-8265-33b3df14c289,한라농산,과일,황지시장상점가,자율상권구역,강원특별자치도,3.0,3.0,,,RESOLVED_AGREEMENT,False,3,,,,
88d92a6da8de21fed80e,val,과일,T6 기계변형,q_과일_10,과일추천,식료품 중 '과일'을 판매·제공하는 매장,009efeba-a92a-4bf2-867f-f40d57386d40,(유)진경농산,청과,가락몰골목형상점가,골목형상점가,서울특별시,3.0,3.0,,,RESOLVED_AGREEMENT,False,3,,,,
f732f82552e827f78f89,val,과일,T6 기계변형,q_과일_10,과일추천,식료품 중 '과일'을 판매·제공하는 매장,0045f871-6f40-4361-bcdd-2b94bf597287,무파장터,야채 청과물,신금정시장 골목형 상점가,골목형상점가,부산광역시,3.0,3.0,,,RESOLVED_AGREEMENT,False,3,,,,
b0f881d27c0c25c432f7,val,과일,T6 기계변형,q_과일_10,과일추천,식료품 중 '과일'을 판매·제공하는 매장,bac107f5-4cef-4b41-9d91-8c8fb5f16c55,과일스케치,과일,유진상가,전통시장,서울특별시,3.0,3.0,,,RESOLVED_AGREEMENT,False,3,,,,
1433889bd05605081231,val,과일,T6 기계변형,q_과일_10,과일추천,식료품 중 '과일'을 판매·제공하는 매장,3d86384a-af06-4b8b-be2d-889a2e7241a0,과일사랑,과일,정서진중앙시장(구 서구중앙시장),전통시장,인천광역시,3.0,3.0,,,RESOLVED_AGREEMENT,False,3,,,,
761bf2442b2232de45b3,val,과일,T6 기계변형,q_과일_10,과일추천,식료품 중 '과일'을 판매·제공하는 매장,ed35f596-f6bf-4501-b5f5-67974874ad6b,과일천국,과일,양산 남부시장상가,전통시장,경상남도,3.0,3.0,,,RESOLVED_AGREEMENT,False,3,,,,
30f1d668383d08ac6e50,val,과일,T6 기계변형,q_과일_10,과일추천,식료품 중 '과일'을 판매·제공하는 매장,d1cf2765-7508-445e-b622-53977fa2c53f,은행식육점,식육,진해 경화시장,전통시장,경상남도,0.0,0.0,,,RESOLVED_AGREEMENT,False,0,,,,
afae9806fe88a1c50734,val,과일,T6 기계변형,q_과일_10,과일추천,식료품 중 '과일'을 판매·제공하는 매장,06a818b2-847f-414f-89e8-b103f4ae145e,시계탑과일,과일,원주미로예술중앙시장(원주중앙시장),전통시장,강원특별자치도,3.0,3.0,,,RESOLVED_AGREEMENT,False,3,,,,
eca26d10c204435220d0,val,과일,T6 기계변형,q_과일_10,과일추천,식료품 중 '과일'을 판매·제공하는 매장,ef3b2a88-347e-4818-a5cc-a300f913430d,과일야채,과일,대남마주길 골목형상점가,골목형상점가,광주광역시,3.0,3.0,,,RESOLVED_AGREEMENT,False,3,,,,
45c0ba8d3c208d7b7900,val,과일,T6 기계변형,q_과일_10,과일추천,식료품 중 '과일'을 판매·제공하는 매장,e2887b36-a83a-4dbb-8e8f-546980422525,과일풍경,과일,울산번개시장,전통시장,울산광역시,3.0,3.0,,,RESOLVED_AGREEMENT,False,3,,,,
654c96a18e8d192baceb,val,과일,T6 기계변형,q_과일_10,과일추천,식료품 중 '과일'을 판매·제공하는 매장,12def721-d9b2-4401-8120-605d3bae375f,수과일,과일,용호1동골목시장,전통시장,부산광역시,3.0,3.0,,,RESOLVED_AGREEMENT,False,3,,,,
3a565c0f1bb8bb0200cb,val,과일,T6 기계변형,q_과일_10,과일추천,식료품 중 '과일'을 판매·제공하는 매장,8e2ea134-dd75-4c3e-a414-aabf4a50c93e,과일나라,과일,언양알프스시장,전통시장,울산광역시,3.0,3.0,,,RESOLVED_AGREEMENT,False,3,,,,
f5816f10304b204f6e28,val,과일,T6 기계변형,q_과일_10,과일추천,식료품 중 '과일'을 판매·제공하는 매장,1e86b213-0e98-4400-8ac3-1a8a4bc51f80,과일촌,과일,만수시장,전통시장,인천광역시,3.0,3.0,,,RESOLVED_AGREEMENT,False,3,,,,
65144db10b0a73f2a8d8,val,과일,T6 기계변형,q_과일_10,과일추천,식료품 중 '과일'을 판매·제공하는 매장,6bc9b36a-31f2-49da-8924-672493958b94,과일 정원,과일,오송역파라곤센트럴시티2차골목형상점가,골목형상점가,충청북도,3.0,3.0,,,RESOLVED_AGREEMENT,False,3,,,,
7c79482a8a5533459c2c,val,과일,T6 기계변형,q_과일_10,과일추천,식료품 중 '과일'을 판매·제공하는 매장,973b8b1e-0457-470b-b825-1a37b05620f2,과일향기,과일,우리시장,자율상권구역,서울특별시,3.0,3.0,,,RESOLVED_AGREEMENT,False,3,,,,
35a7d165af8085a1cc1d,val,과일,T6 기계변형,q_과일_10,과일추천,식료품 중 '과일'을 판매·제공하는 매장,ebf8de6c-3fac-493f-a3b5-451abed72c86,신성반점,,전주동문상점가,자율상권구역,전북특별자치도,,0.0,Y,,P0_UNCERTAIN_OR_MISSING,True,,,,,
9782b4de6fe2800fad7f,val,과일,T6 기계변형,q_과일_10,과일추천,식료품 중 '과일'을 판매·제공하는 매장,c213f741-f8bf-47e2-a01b-5b67cdbd48a7,아이네일,네일,낙낙별길골목형상점가,골목형상점가,서울특별시,0.0,0.0,,,RESOLVED_AGREEMENT,False,0,,,,
53fe06078bdc233b271b,val,과일,T6 기계변형,q_과일_10,과일추천,식료품 중 '과일'을 판매·제공하는 매장,0042e83d-930b-4d1d-a96f-f1a2691256cd,성화상회,과일,대구능금시장,전통시장,대구광역시,3.0,3.0,,,RESOLVED_AGREEMENT,False,3,,,,
a741b606db36d17d0e81,val,과일,T6 기계변형,q_과일_10,과일추천,식료품 중 '과일'을 판매·제공하는 매장,00468e6b-39c6-4ce1-a534-a6b1eecac01d,태양농산물,과일,정릉서경대길골목형상점가(정릉골),골목형상점가,서울특별시,3.0,3.0,,,RESOLVED_AGREEMENT,False,3,,,,
199ce9e2ef46f16302ca,val,과일,T6 기계변형,q_과일_10,과일추천,식료품 중 '과일'을 판매·제공하는 매장,23f5706a-cdfe-4775-bf2b-cb06398e1394,과일나라,과일,안녕마을골목형상점가,골목형상점가,대전광역시,3.0,3.0,,,RESOLVED_AGREEMENT,False,3,,,,
1df8300ccfd27358857d,val,과일,T6 기계변형,q_과일_10,과일추천,식료품 중 '과일'을 판매·제공하는 매장,00c6ce65-3761-4ba1-a849-bcedeaa97463,평화상회,청과,경산공설시장,전통시장,경상북도,3.0,3.0,,,RESOLVED_AGREEMENT,False,3,,,,
2820a4b71fb9822e7d6f,val,과일,T6 기계변형,q_과일_11,과잉,식료품 중 '과일'을 판매·제공하는 매장,090607a4-ab10-4e32-857e-d7f52a5aea85,리얼드로잉,피부 관련 서비스 및 제품 판매,효행구봉담상점가,골목형상점가,경기도,0.0,0.0,,,RESOLVED_AGREEMENT,False,0,,,,
3e4480cff40c23a4302b,val,과일,T6 기계변형,q_과일_11,과잉,식료품 중 '과일'을 판매·제공하는 매장,5f766ce2-88bd-44b4-a750-5ab55dfdd4af,케치브루잉,커피,새샘하루 골목형상점가,골목형상점가,세종특별자치시,0.0,0.0,,,RESOLVED_AGREEMENT,False,0,,,,
5b0248c262db84eadd2a,val,과일,T6 기계변형,q_과일_11,과잉,식료품 중 '과일'을 판매·제공하는 매장,07d974e4-4e7d-41fe-8b1f-a7a96756dc79,백산청과,사과,충주농산물종합시장(구 중앙청과시장),전통시장,충청북도,3.0,3.0,,,RESOLVED_AGREEMENT,False,3,,,,
fbcb770765107a5f2844,val,과일,T6 기계변형,q_과일_11,과잉,식료품 중 '과일'을 판매·제공하는 매장,3b8fbf7e-c6a0-4b9b-a05d-4d695e96190c,과일꾸러미,과일,화정소담상인회 골목형상점가,골목형상점가,광주광역시,3.0,3.0,,,RESOLVED_AGREEMENT,False,3,,,,
a6625c982d8847a7fb65,val,과일,T6 기계변형,q_과일_11,과잉,식료품 중 '과일'을 판매·제공하는 매장,a51fe241-9ebd-4a5c-8660-4eb06865da11,다소니 드로잉,,고운뜰 골목형상점가,골목형상점가,세종특별자치시,,0.0,Y,,P0_UNCERTAIN_OR_MISSING,True,,,,,
545a6f1ffae1eaed5505,val,과일,T6 기계변형,q_과일_11,과잉,식료품 중 '과일'을 판매·제공하는 매장,15164bba-bced-4a0a-8b46-6ad3b0e6b534,튀잉(동천직영점),양식,동천동 상인회 골목형상점가,골목형상점가,광주광역시,0.0,0.0,,,RESOLVED_AGREEMENT,False,0,,,,
c04a2a2ba88dd1945d42,val,과일,T6 기계변형,q_과일_11,과잉,식료품 중 '과일'을 판매·제공하는 매장,30aab4f1-0a08-40f8-8ec9-7fb904873471,봉좌산농원,농산물(사과),안강공설시장,전통시장,경상북도,3.0,3.0,,,RESOLVED_AGREEMENT,False,3,,,,
354a6c6e3ffbb151f20a,val,과일,T6 기계변형,q_과일_11,과잉,식료품 중 '과일'을 판매·제공하는 매장,4d116571-232e-46ab-b78f-53dd678efbc8,바이크잉,자전거,효덕마을 골목형상점가,골목형상점가,광주광역시,0.0,0.0,,,RESOLVED_AGREEMENT,False,0,,,,
7362e96ff6efca87df89,val,과일,T6 기계변형,q_과일_11,과잉,식료품 중 '과일'을 판매·제공하는 매장,00ebc127-05c7-4f5b-8926-20ba39cc1cda,대전따봉,"소매(청과,생선)",권선종합시장,전통시장,경기도,3.0,3.0,,,RESOLVED_AGREEMENT,False,3,,,,
7f5a735cf1c55d23cee6,val,과일,T6 기계변형,q_과일_11,과잉,식료품 중 '과일'을 판매·제공하는 매장,cd616e3f-9eb8-44e0-b544-3fe71b0748f3,대패업소 광주하남점,대패,하남 골목형상점가,골목형상점가,광주광역시,0.0,0.0,,,RESOLVED_AGREEMENT,False,0,,,,
c45b124a306240dd4dfe,val,과일,T6 기계변형,q_과일_11,과잉,식료품 중 '과일'을 판매·제공하는 매장,41271a18-a3ae-445b-86bd-f7a2651faabe,동현상회,사과청과,대구능금시장,전통시장,대구광역시,3.0,3.0,,,RESOLVED_AGREEMENT,False,3,,,,
702449925adf15b9c88b,val,과일,T6 기계변형,q_과일_11,과잉,식료품 중 '과일'을 판매·제공하는 매장,36fbb793-24e5-4f3f-948e-522b0f86b8b9,더 과일,과일,"지웰시티몰 1,2단지 골목형상점가",골목형상점가,충청남도,3.0,3.0,,,RESOLVED_AGREEMENT,False,3,,,,
d2ec1de6c564ca247654,val,과일,T6 기계변형,q_과일_11,과잉,식료품 중 '과일'을 판매·제공하는 매장,00333be0-b70d-4197-aa97-5a277d61e0da,㈜신진후르츠,과일,부전농수산물새벽시장,전통시장,부산광역시,3.0,3.0,,,RESOLVED_AGREEMENT,False,3,,,,
57373de9bf0fd9435485,val,과일,T6 기계변형,q_과일_11,과잉,식료품 중 '과일'을 판매·제공하는 매장,6f045290-2de3-4ff9-876b-889dc1e46af1,쿠잉,의류,순천원도심상점가,자율상권구역,전라남도,0.0,0.0,,,RESOLVED_AGREEMENT,False,0,,,,
0bad66f58678204c63a2,val,과일,T6 기계변형,q_과일_11,과잉,식료품 중 '과일'을 판매·제공하는 매장,2992be82-bad0-4871-9e72-203ffe68878f,과일촌,과일,평택통복시장,전통시장,경기도,3.0,3.0,,,RESOLVED_AGREEMENT,False,3,,,,
f368b6126ef828a187d4,val,과일,T6 기계변형,q_과일_11,과잉,식료품 중 '과일'을 판매·제공하는 매장,234ee312-05ba-4183-af7a-8a8ac8f25047,과일#,과일,서부시장상점가(서부시장 통합),전통시장,전북특별자치도,3.0,3.0,,,RESOLVED_AGREEMENT,False,3,,,,
4564fb43be9b594d6586,val,과일,T6 기계변형,q_과일_11,과잉,식료품 중 '과일'을 판매·제공하는 매장,5143404a-31e8-4cd8-a6d8-918a0f6bdf4d,그로잉 마인드,심리상담,대평동 골목형상점가,골목형상점가,세종특별자치시,0.0,0.0,,,RESOLVED_AGREEMENT,False,0,,,,
d68df36551abbefd5e4e,val,과일,T6 기계변형,q_과일_11,과잉,식료품 중 '과일'을 판매·제공하는 매장,da22f21f-f899-4011-b82f-1e622c257858,우아한 소잉 스튜디오,미싱수업 판매,(예천)새움로 골목형상점가,골목형상점가,경상북도,0.0,0.0,,,RESOLVED_AGREEMENT,False,0,,,,
f052ecb8f675702db7f4,val,과일,T6 기계변형,q_과일_11,과잉,식료품 중 '과일'을 판매·제공하는 매장,418e8cf0-b38c-4c0c-8ee0-4e29b3faed20,아잉,의류,㈜르네시떼,전통시장,부산광역시,0.0,0.0,,,RESOLVED_AGREEMENT,False,0,,,,
b4aa545c35499227e9ae,val,과일,T6 기계변형,q_과일_11,과잉,식료품 중 '과일'을 판매·제공하는 매장,6206f9e8-33fb-4d71-8604-5ce0876d95a4,그로잉 헤어,두발미용업,신대지구상가,자율상권구역,전라남도,0.0,0.0,,,RESOLVED_AGREEMENT,False,0,,,,
370fa8d1972cb8a609f3,val,과일,T6 기계변형,q_과일_11,과잉,식료품 중 '과일'을 판매·제공하는 매장,3e6e7885-b089-490d-9743-1d67ef9371cc,과일톡,과일,의정부시 구도심 상권활성화구역,상권활성화구역,경기도,3.0,3.0,,,RESOLVED_AGREEMENT,False,3,,,,
3fc7d46c47861a75778b,val,과일,T6 기계변형,q_과일_11,과잉,식료품 중 '과일'을 판매·제공하는 매장,1630b52f-ca52-4541-b40f-e5e355f3400e,굿소잉,원단외부자재 도서,노은상가연합 골목형상점가,골목형상점가,대전광역시,0.0,0.0,,,RESOLVED_AGREEMENT,False,0,,,,
7d19cd730c09a0aaaf9a,val,과일,T6 기계변형,q_과일_11,과잉,식료품 중 '과일'을 판매·제공하는 매장,07aa9211-faba-46ea-bda8-0efd60f4653c,과일짱,과일,광명새마을시장,전통시장,경기도,3.0,3.0,,,RESOLVED_AGREEMENT,False,3,,,,
4ca013d6da614680d6bb,val,과일,T6 기계변형,q_과일_11,과잉,식료품 중 '과일'을 판매·제공하는 매장,86b97811-a926-4388-b026-90678bd9700c,이포잉,의류 및 잡화,주월리 골목형상점가,골목형상점가,광주광역시,0.0,0.0,,,RESOLVED_AGREEMENT,False,0,,,,
3671b307fad0bca476a5,val,과일,T6 기계변형,q_과일_11,과잉,식료품 중 '과일'을 판매·제공하는 매장,00468e6b-39c6-4ce1-a534-a6b1eecac01d,태양농산물,과일,정릉서경대길골목형상점가(정릉골),골목형상점가,서울특별시,3.0,3.0,,,RESOLVED_AGREEMENT,False,3,,,,
23abfe93baf5bbcb178c,val,과일,T6 기계변형,q_과일_11,과잉,식료품 중 '과일'을 판매·제공하는 매장,14d247a0-b22f-4a99-8fa1-b04cdd3c42e9,심플소잉 광주시청점,원단 외 부자재,계수마을상인회 골목형상점가,골목형상점가,광주광역시,0.0,0.0,,,RESOLVED_AGREEMENT,False,0,,,,
6cc477c476e00fd38def,val,과일,T6 기계변형,q_과일_11,과잉,식료품 중 '과일'을 판매·제공하는 매장,2712fcad-e7b1-4743-8d36-1d520f9665f8,과수야,과일,신가동 골목형상점가,골목형상점가,광주광역시,3.0,3.0,,,RESOLVED_AGREEMENT,False,3,,,,
c091660ad9752f6c44a7,val,과일,T6 기계변형,q_과일_11,과잉,식료품 중 '과일'을 판매·제공하는 매장,aeb93ae9-c8f6-48f9-8522-87dc5315799d,아잉뜨잉,커피 기타 음료 디저트류,서귀포중심상가번영회,자율상권구역,제주특별자치도,1.0,0.0,,,P2_GRADED_ONLY,True,,,,,
3bc625abc88a9d04032b,val,과일,T6 기계변형,q_과일_11,과잉,식료품 중 '과일'을 판매·제공하는 매장,6fd7194f-8654-4594-8ff7-33ddbaa3cd54,더바잉,의류,창원 성원그랜드쇼핑상가,전통시장,경상남도,0.0,0.0,,,RESOLVED_AGREEMENT,False,0,,,,
adcfb6f8e7e15014102b,val,과일,T6 기계변형,q_과일_11,과잉,식료품 중 '과일'을 판매·제공하는 매장,81b3aaa5-5b24-4975-9016-779b1205fca3,생선바구니,생선,부전상가시장,전통시장,부산광역시,0.0,0.0,,,RESOLVED_AGREEMENT,False,0,,,,
e694f5082329fd35dff5,val,과일,T6 기계변형,q_과일_11,과잉,식료품 중 '과일'을 판매·제공하는 매장,00c6ce65-3761-4ba1-a849-bcedeaa97463,평화상회,청과,경산공설시장,전통시장,경상북도,3.0,3.0,,,RESOLVED_AGREEMENT,False,3,,,,
f52954a94a455f4b289d,val,과일,T6 기계변형,q_과일_11,과잉,식료품 중 '과일'을 판매·제공하는 매장,c0f84b6f-45b1-44c6-a25d-a8aec7ca33e6,퀸즈 소잉,패션잡화 및 패브릭 상품,송강동 골목형상점가,골목형상점가,대전광역시,0.0,0.0,,,RESOLVED_AGREEMENT,False,0,,,,
af6d0c56e6fc3085b550,val,과일,T6 기계변형,q_과일_11,과잉,식료품 중 '과일'을 판매·제공하는 매장,43c7c363-48ac-464c-bf6e-9d6e74e68f2a,더바른요가&번지플라잉 매탄점,요가 번지 스텝박스 플라잉,매탄중심상가 골목형상점가,골목형상점가,경기도,0.0,0.0,,,RESOLVED_AGREEMENT,False,0,,,,
efa18707e19c8d9a147b,val,과일,T6 기계변형,q_과일_11,과잉,식료품 중 '과일'을 판매·제공하는 매장,3847397b-c8df-4285-91bd-f01548bf6a31,백해수 과일,과일,봉덕신시장,전통시장,대구광역시,3.0,3.0,,,RESOLVED_AGREEMENT,False,3,,,,
3b856ad5072ba045b089,val,과일,T6 기계변형,q_과일_11,과잉,식료품 중 '과일'을 판매·제공하는 매장,b143b02c-617b-4b5a-ae48-c26367aff18f,쿠잉,의류,흥국상가,자율상권구역,전라남도,0.0,0.0,,,RESOLVED_AGREEMENT,False,0,,,,
a60764481307a7007448,val,과일,T6 기계변형,q_과일_11,과잉,식료품 중 '과일'을 판매·제공하는 매장,0042e83d-930b-4d1d-a96f-f1a2691256cd,성화상회,과일,대구능금시장,전통시장,대구광역시,3.0,3.0,,,RESOLVED_AGREEMENT,False,3,,,,
eae86289caccf7ef0cee,val,과일,T6 기계변형,q_과일_11,과잉,식료품 중 '과일'을 판매·제공하는 매장,f69aded2-e40f-4755-b7ea-5dafce845d6d,한빛소잉,의류직물제품,한빛프라자 골목형상점가,골목형상점가,대전광역시,0.0,0.0,,,RESOLVED_AGREEMENT,False,0,,,,
fc5f0931c89ce7baade5,val,과일,T6 기계변형,q_과일_11,과잉,식료품 중 '과일'을 판매·제공하는 매장,009efeba-a92a-4bf2-867f-f40d57386d40,(유)진경농산,청과,가락몰골목형상점가,골목형상점가,서울특별시,3.0,3.0,,,RESOLVED_AGREEMENT,False,3,,,,
b02ae8ea1f23cb96c954,val,과일,T6 기계변형,q_과일_11,과잉,식료품 중 '과일'을 판매·제공하는 매장,e3aa9ac6-348b-4560-8d1b-09c2371a359a,과미당,과실,대구능금시장,전통시장,대구광역시,3.0,0.0,,,P1_BINARY_THRESHOLD,True,,,,,
4b4af7671a8e07451733,val,과일,T6 기계변형,q_과일_11,과잉,식료품 중 '과일'을 판매·제공하는 매장,d250e4cb-997d-44f8-8d99-5d9505ec8cb4,과일,과일,능동로골목시장(자양한강전통시장),전통시장,서울특별시,3.0,3.0,,,RESOLVED_AGREEMENT,False,3,,,,
3ab58c587f80034fc0b3,val,과일,T6 기계변형,q_과일_11,과잉,식료품 중 '과일'을 판매·제공하는 매장,dfd34262-070c-4a3d-810c-ed93ed6fed75,유유쏘잉,,동해남부재래시장,전통시장,강원특별자치도,,0.0,Y,,P0_UNCERTAIN_OR_MISSING,True,,,,,
15054f582c432cda6d83,val,과일,T6 기계변형,q_과일_11,과잉,식료품 중 '과일'을 판매·제공하는 매장,c39ba859-d08d-4cd3-8e2c-c9bb67316399,대구기름집,도소매(참기름),영동교골목시장(영동교시장),전통시장,서울특별시,0.0,0.0,,,RESOLVED_AGREEMENT,False,0,,,,
582b46ca216f90afb745,val,과일,T6 기계변형,q_과일_11,과잉,식료품 중 '과일'을 판매·제공하는 매장,ae91f12f-972d-4ce1-b3d5-a62fba2f9764,네일도 예쁨,네잉,무진중오거리 골목형상점가,골목형상점가,광주광역시,0.0,0.0,,,RESOLVED_AGREEMENT,False,0,,,,
de2d63a4e88154fefad5,val,과일,T6 기계변형,q_과일_11,과잉,식료품 중 '과일'을 판매·제공하는 매장,fa8d7e0e-3766-4e84-a26a-26ccba1aec0d,이태리2,의류,영등포시장지하도상점가,일반지하상점가,서울특별시,0.0,0.0,,,RESOLVED_AGREEMENT,False,0,,,,
0563e7a6b955da15f5bb,val,과일,T6 기계변형,q_과일_11,과잉,식료품 중 '과일'을 판매·제공하는 매장,00045dfc-0681-4fb3-8265-33b3df14c289,한라농산,과일,황지시장상점가,자율상권구역,강원특별자치도,3.0,3.0,,,RESOLVED_AGREEMENT,False,3,,,,
a9974d6b459dc883d067,val,과일,T6 기계변형,q_과일_11,과잉,식료품 중 '과일'을 판매·제공하는 매장,0c93fd99-5f66-462e-8af0-42e1befac6b2,아이쿠잉,,늘해랑상인회 골목형상점가,골목형상점가,광주광역시,,0.0,Y,,P0_UNCERTAIN_OR_MISSING,True,,,,,
8f924e795d9d61ecae7b,val,과일,T6 기계변형,q_과일_11,과잉,식료품 중 '과일'을 판매·제공하는 매장,36da5a8b-e89a-4bc3-bac5-e959afa3b71f,리리요가앤플라잉,운동서비스,호계종합시장,전통시장,경기도,0.0,0.0,,,RESOLVED_AGREEMENT,False,0,,,,
f5bf8f36437ad7dce3ff,val,과일,T6 기계변형,q_과일_11,과잉,식료품 중 '과일'을 판매·제공하는 매장,0063671e-77f7-466c-bbc2-223497c0dae4,무가당,카페,세병호 골목형상점가,골목형상점가,전북특별자치도,1.0,0.0,,,P2_GRADED_ONLY,True,,,,,
ce96f3938910c335ac33,val,과일,T6 기계변형,q_과일_11,과잉,식료품 중 '과일'을 판매·제공하는 매장,c838d764-8a9c-4e62-975c-b580f51910b5,쿠잉,의류,잠실역지하쇼핑센터,일반지하상점가,서울특별시,0.0,0.0,,,RESOLVED_AGREEMENT,False,0,,,,
e5bc6fae385d36a693b5,val,과일,T6 기계변형,q_과일_11,과잉,식료품 중 '과일'을 판매·제공하는 매장,e8202265-718a-4e40-990f-7e45bb62109c,오브나잉 OVENAYING,,배방세교 골목형상점가,골목형상점가,충청남도,,0.0,Y,,P0_UNCERTAIN_OR_MISSING,True,,,,,
8038b6ab8247d71ff15c,val,과일,T6 기계변형,q_과일_11,과잉,식료품 중 '과일'을 판매·제공하는 매장,4fbdf05f-0fb3-4f63-9c9d-48f4029ddf72,발리요가&플라잉 첨단점,요가수업,첨단아미 골목형상점가,골목형상점가,광주광역시,0.0,0.0,,,RESOLVED_AGREEMENT,False,0,,,,
39c791eccfd89962923e,val,과일,T6 기계변형,q_과일_11,과잉,식료품 중 '과일'을 판매·제공하는 매장,cc6bf886-81fd-416a-923e-9b4daf21a667,계명미용재료상사,미용재료,경주중심상가,전통시장,경상북도,0.0,0.0,,,RESOLVED_AGREEMENT,False,0,,,,
af658afc974c1f038042,val,과일,T6 기계변형,q_과일_11,과잉,식료품 중 '과일'을 판매·제공하는 매장,4529ddf6-8ad2-41da-b4c5-c0e860bfe75f,스즈키악기,악기,둔산3동상점가,자율상권구역,대전광역시,0.0,0.0,,,RESOLVED_AGREEMENT,False,0,,,,
e7a307a923b8fceaa42e,val,과일,T6 기계변형,q_과일_11,과잉,식료품 중 '과일'을 판매·제공하는 매장,003e7ebf-1112-4ab4-a484-67716e4b2a85,이든,카페,원주중앙시장활성화구역,상권활성화구역,강원특별자치도,1.0,0.0,,,P2_GRADED_ONLY,True,,,,,
d3914160121c0df2a120,val,과일,T6 기계변형,q_과일_11,과잉,식료품 중 '과일'을 판매·제공하는 매장,ce5ac47f-c3e1-4264-ba0d-45ecbe5bae94,복샘요가 & 플라잉,요가,용강동상점가,자율상권구역,서울특별시,0.0,0.0,,,RESOLVED_AGREEMENT,False,0,,,,
50dbf7877c2c88ef1fd0,val,과일,T6 기계변형,q_과일_11,과잉,식료품 중 '과일'을 판매·제공하는 매장,00d3ef33-13db-4750-93a0-4b31010fcb70,온유베이크,카페,스타타워1 골목형상점가,골목형상점가,인천광역시,1.0,0.0,,,P2_GRADED_ONLY,True,,,,,
e2c854a16758a6880c56,val,과일,T6 기계변형,q_과일_11,과잉,식료품 중 '과일'을 판매·제공하는 매장,322d48ae-fb8e-460f-8b7f-d8c263b9c454,심플소잉&NCC순천동외점,,강남로상가,자율상권구역,,,0.0,Y,,P0_UNCERTAIN_OR_MISSING,True,,,,,
afc16d9dda4c945997bf,val,과일,T6 기계변형,q_과일_11,과잉,식료품 중 '과일'을 판매·제공하는 매장,114d7d46-2723-40fd-9e07-283d65f14c26,써니쏘잉,패브릭소품판매,꿈의숲장곡골목형상점가,골목형상점가,서울특별시,0.0,0.0,,,RESOLVED_AGREEMENT,False,0,,,,
2d6ec278620c78152386,val,과일,T6 기계변형,q_과일_11,과잉,식료품 중 '과일'을 판매·제공하는 매장,0045f871-6f40-4361-bcdd-2b94bf597287,무파장터,야채 청과물,신금정시장 골목형 상점가,골목형상점가,부산광역시,3.0,3.0,,,RESOLVED_AGREEMENT,False,3,,,,
e99d5c2082a7e945aea7,val,과일,T6 기계변형,q_과일_11,과잉,식료품 중 '과일'을 판매·제공하는 매장,3bc4bff7-f209-4873-bf65-cd78ac127a08,과일특공대,과일,대연중앙골목시장 골목형상점가,골목형상점가,부산광역시,3.0,3.0,,,RESOLVED_AGREEMENT,False,3,,,,
349f879eb03bc065c40f,val,과일,T6 기계변형,q_과일_11,과잉,식료품 중 '과일'을 판매·제공하는 매장,00e927c5-be32-44e1-b7fd-80e9cfc81773,진양상회,청과물,진주 청과시장,전통시장,경상남도,3.0,3.0,,,RESOLVED_AGREEMENT,False,3,,,,
559c487335b86580e737,val,과일,T6 기계변형,q_과일_11,과잉,식료품 중 '과일'을 판매·제공하는 매장,7425a3a5-272b-412b-af93-d89d0e3348a4,오다요가,요가플라잉,선운별 골목형상점가,골목형상점가,광주광역시,0.0,0.0,,,RESOLVED_AGREEMENT,False,0,,,,
386453da2b4f2beadffe,val,과일,T6 기계변형,q_과일_11,과잉,식료품 중 '과일'을 판매·제공하는 매장,003d7e3f-6459-4018-ac58-7184cd2457d5,눈치 금호점,카페,금호1동상가번영회 골목형상점가,골목형상점가,광주광역시,1.0,0.0,,,P2_GRADED_ONLY,True,,,,,
5c623f85dcc5b9476119,val,과일,T6 기계변형,q_과일_11,과잉,식료품 중 '과일'을 판매·제공하는 매장,b06412be-5c9e-4d63-bf6d-91fb04a040ef,메디요가 플라잉&필라테스,요가,대연219 골목형상점가,골목형상점가,부산광역시,0.0,0.0,,,RESOLVED_AGREEMENT,False,0,,,,
ff8726d71d3b79780a65,val,과일,T6 기계변형,q_과일_11,과잉,식료품 중 '과일'을 판매·제공하는 매장,90837a7f-5899-4589-905d-b1f91f48d97b,과일실록,과일,상계중앙시장,전통시장,서울특별시,3.0,3.0,,,RESOLVED_AGREEMENT,False,3,,,,
50217113f55c7453f47e,val,과일,T6 기계변형,q_과일_11,과잉,식료품 중 '과일'을 판매·제공하는 매장,081eb8c5-5a0f-4ecd-8251-5cf121b1c5e4,레벨살롱,두발 미용업 서비스,충장로123가 상점가,자율상권구역,광주광역시,0.0,0.0,,,RESOLVED_AGREEMENT,False,0,,,,
81511cd9ad7e09cb289d,val,과일,T6 기계변형,q_과일_11,과잉,식료품 중 '과일'을 판매·제공하는 매장,00da8084-69b5-4bcc-b2ca-3eaf11175611,밀키샵 별내점,디저트,별내로데오상점가,골목형상점가,경기도,1.0,0.0,,,P2_GRADED_ONLY,True,,,,,
6ab5dbb4f192577c71f1,val,과일,T6 기계변형,q_과일_11,과잉,식료품 중 '과일'을 판매·제공하는 매장,4a080d6f-6033-4fbc-aa35-6ab2576957a2,사마브루잉,,도마달 골목형상점가,골목형상점가,대전광역시,,0.0,Y,,P0_UNCERTAIN_OR_MISSING,True,,,,,
2181bdacc476c0bb8796,val,과일,T6 기계변형,q_과일_11,과잉,식료품 중 '과일'을 판매·제공하는 매장,3c49cc60-6135-4713-bf97-a40661ba8e07,뉴팜,사과 샤인머스켓,금오시장,전통시장,경상북도,3.0,3.0,,,RESOLVED_AGREEMENT,False,3,,,,
5ca347b1ba866ffbefa5,val,과일,T6 기계변형,q_과일_11,과잉,식료품 중 '과일'을 판매·제공하는 매장,ab9f5a42-aa17-4ca7-98bb-57bde247562f,과일집,과일,태릉골목형상점가,골목형상점가,서울특별시,3.0,3.0,,,RESOLVED_AGREEMENT,False,3,,,,
2b0671d331c446a41a3e,val,과일,T6 기계변형,q_과일_11,과잉,식료품 중 '과일'을 판매·제공하는 매장,006204f3-b214-4611-a434-f896bf75e919,장터사랑,과일,농성세대공감상인회 골목형상점가,골목형상점가,광주광역시,3.0,3.0,,,RESOLVED_AGREEMENT,False,3,,,,
bcaae5dd3aa27bd3abd1,val,과일,T6 기계변형,q_과일_11,과잉,식료품 중 '과일'을 판매·제공하는 매장,9a7da882-ed13-4ac0-934d-fd9666075a2b,베이직주짓수클럽,학원,장대동패션상가 골목형상점가,골목형상점가,대전광역시,0.0,0.0,,,RESOLVED_AGREEMENT,False,0,,,,
48a0a4f9455a5d64e9e2,val,과일,T6 기계변형,q_과일_11,과잉,식료품 중 '과일'을 판매·제공하는 매장,1e86b213-0e98-4400-8ac3-1a8a4bc51f80,과일촌,과일,만수시장,전통시장,인천광역시,3.0,3.0,,,RESOLVED_AGREEMENT,False,3,,,,
8ac0118fb207e0575d07,val,과일,T6 기계변형,q_과일_11,과잉,식료품 중 '과일'을 판매·제공하는 매장,35883750-a8fa-4dc2-a2e9-90c571031879,지리산고지농원,"사과, 종자, 오미자",남원인월시장,전통시장,전북특별자치도,3.0,3.0,,,RESOLVED_AGREEMENT,False,3,,,,
0a4971f3f72798a070a9,val,과일,T6 기계변형,q_과일_11,과잉,식료품 중 '과일'을 판매·제공하는 매장,81e3b955-a916-41d3-abdb-1df3613834d7,롤링브루잉,,산지천1 골목형상점가,골목형상점가,제주특별자치도,,0.0,Y,,P0_UNCERTAIN_OR_MISSING,True,,,,,
486757e35952625bc079,val,과일,T6 기계변형,q_과일_11,과잉,식료품 중 '과일'을 판매·제공하는 매장,35da6fd9-aa03-48f3-8aab-c259adee5994,대덕농산,과잉,청량리청과물시장,전통시장,서울특별시,0.0,0.0,,,RESOLVED_AGREEMENT,False,0,,,,
829b80204d5283d40cc0,val,과일,T6 기계변형,q_과일_11,과잉,식료품 중 '과일'을 판매·제공하는 매장,fc9c60d0-c242-4b7f-9b09-60db435a59e0,과일밭,과일,남목전통시장,전통시장,울산광역시,3.0,3.0,,,RESOLVED_AGREEMENT,False,3,,,,
49e4231600afd231cfec,val,과일,T6 기계변형,q_과일_11,과잉,식료품 중 '과일'을 판매·제공하는 매장,62625157-8d67-4ea3-9c5e-d9a6bd71afbd,과일탐구영역,과실,하양꿈바우시장,전통시장,경상북도,3.0,3.0,,,RESOLVED_AGREEMENT,False,3,,,,
ba01f6c05d0b0c7fddf9,val,꽃,T1 정확표기,q_꽃_01,꽃,생활서비스 중 '꽃'을 판매·제공하는 매장,eacb761c-7bf8-4aaf-8ec6-43d5e2c65c93,태백꽃집,꽃,황지시장상점가,자율상권구역,강원특별자치도,3.0,3.0,,,RESOLVED_AGREEMENT,False,3,,,,
94329e0178672ac368ae,val,꽃,T1 정확표기,q_꽃_01,꽃,생활서비스 중 '꽃'을 판매·제공하는 매장,aace9af5-85fc-4ea3-ae03-bb77ad69d32d,24시 꽃 온땅,꽃,염주B상인회 골목형상점가,골목형상점가,광주광역시,3.0,3.0,,,RESOLVED_AGREEMENT,False,3,,,,
78c96314ccadd0880eba,val,꽃,T1 정확표기,q_꽃_01,꽃,생활서비스 중 '꽃'을 판매·제공하는 매장,0393ce95-3e7d-4bb5-8ad3-e5da1199e516,꽃사랑화원,화원,남해 명품화전길 골목형상점가,골목형상점가,경상남도,3.0,3.0,,,RESOLVED_AGREEMENT,False,3,,,,
75594ee8859f4ddd678a,val,꽃,T1 정확표기,q_꽃_01,꽃,생활서비스 중 '꽃'을 판매·제공하는 매장,d44114b6-26ce-4a36-aeff-94f7bae6a6ab,"이쁘다, 꽃",식물 꽃,서희1차현대 골목형상점가,골목형상점가,광주광역시,3.0,3.0,,,RESOLVED_AGREEMENT,False,3,,,,
e600fe28676e4b73898a,val,꽃,T1 정확표기,q_꽃_01,꽃,생활서비스 중 '꽃'을 판매·제공하는 매장,adce481f-e15e-4db6-8e49-425b0ebab629,꽃걸음,꽃,대인동예술담길 골목형상점가,골목형상점가,광주광역시,3.0,3.0,,,RESOLVED_AGREEMENT,False,3,,,,
cf32266b318d812e6af4,val,꽃,T1 정확표기,q_꽃_01,꽃,생활서비스 중 '꽃'을 판매·제공하는 매장,01b50703-620e-4976-9b84-a03f2ba9bdcf,메르세드플라워,,관저상가 골목형상점가,골목형상점가,대전광역시,3.0,3.0,,,RESOLVED_AGREEMENT,False,3,,,,
c492293708b3dc504fc8,val,꽃,T1 정확표기,q_꽃_01,꽃,생활서비스 중 '꽃'을 판매·제공하는 매장,46090ff9-d080-41b3-82dc-f3e2d4029e36,오월의 꽃,꽃,금암동 골목형상점가,골목형상점가,충청남도,3.0,3.0,,,RESOLVED_AGREEMENT,False,3,,,,
e17d5e4586a20ac3c232,val,꽃,T1 정확표기,q_꽃_01,꽃,생활서비스 중 '꽃'을 판매·제공하는 매장,08b9f9fd-7584-41c1-ba08-8a0cbb126f18,유플라워,꽃집,달서시장,전통시장,대구광역시,3.0,3.0,,,RESOLVED_AGREEMENT,False,3,,,,
18e31a651a1c22cb0cca,val,꽃,T1 정확표기,q_꽃_01,꽃,생활서비스 중 '꽃'을 판매·제공하는 매장,091b1d69-d4e3-4d8c-9000-1d40f95f50e9,은자씨 플라워,화환,부티크타운 골목형 상점가,골목형상점가,충청남도,3.0,3.0,,,RESOLVED_AGREEMENT,False,3,,,,
40cd0f633cdb024602b0,val,꽃,T1 정확표기,q_꽃_01,꽃,생활서비스 중 '꽃'을 판매·제공하는 매장,957cf2ab-48cd-4318-acf9-256e66cc5641,휘니체,꽃,밀양 아리랑시장,전통시장,경상남도,3.0,3.0,,,RESOLVED_AGREEMENT,False,3,,,,
1f4e2adfb1fc33fd0d45,val,꽃,T1 정확표기,q_꽃_01,꽃,생활서비스 중 '꽃'을 판매·제공하는 매장,43cc0cc5-f6d4-4de9-9829-b922a8267f42,꽃분이,꽃,장동로터리 골목형상점가,골목형상점가,광주광역시,3.0,3.0,,,RESOLVED_AGREEMENT,False,3,,,,
dea9c516b34aa72db7fc,val,꽃,T1 정확표기,q_꽃_01,꽃,생활서비스 중 '꽃'을 판매·제공하는 매장,d31a8752-dd4d-4fe2-a513-c93a96253557,꽃라온,꽃,북촌계동길골목형상점가,골목형상점가,서울특별시,3.0,3.0,,,RESOLVED_AGREEMENT,False,3,,,,
865a941cf6d299d07767,val,꽃,T1 정확표기,q_꽃_01,꽃,생활서비스 중 '꽃'을 판매·제공하는 매장,60ef0cbd-6d4c-43a5-b978-e76ce0f50d50,금란꽃,꽃,새동인천지하상가,일반지하상점가,인천광역시,3.0,3.0,,,RESOLVED_AGREEMENT,False,3,,,,
16fd751bb8804ca366e8,val,꽃,T1 정확표기,q_꽃_01,꽃,생활서비스 중 '꽃'을 판매·제공하는 매장,0043469e-66b6-48d0-b7a9-d87c0887cf59,꽃이예쁜집,꽃,장동앞길 골목형상점가,골목형상점가,광주광역시,3.0,3.0,,,RESOLVED_AGREEMENT,False,3,,,,
f81cefd9a6caf1fbc079,val,꽃,T1 정확표기,q_꽃_01,꽃,생활서비스 중 '꽃'을 판매·제공하는 매장,b85a1186-2171-487e-a9c3-bda720b4f26e,꽃수레,꽃,부산자유시장,전통시장,부산광역시,3.0,3.0,,,RESOLVED_AGREEMENT,False,3,,,,
b64d1dc57f749e1ca22c,val,꽃,T1 정확표기,q_꽃_01,꽃,생활서비스 중 '꽃'을 판매·제공하는 매장,64f46af6-68e6-445c-ba37-30a3e6efc1ad,꽃기린,꽃,운암 예술 골목형상점가,골목형상점가,광주광역시,3.0,3.0,,,RESOLVED_AGREEMENT,False,3,,,,
d528f65398850f5ff9b0,val,꽃,T1 정확표기,q_꽃_01,꽃,생활서비스 중 '꽃'을 판매·제공하는 매장,8980a1a3-a9d0-4651-a987-19eebeff1514,용문꽃집,꽃,용산용문시장,전통시장,서울특별시,3.0,3.0,,,RESOLVED_AGREEMENT,False,3,,,,
d274408a234106107c3f,val,꽃,T1 정확표기,q_꽃_01,꽃,생활서비스 중 '꽃'을 판매·제공하는 매장,ad7c5583-b22c-46d6-9ac0-97c2235f9086,꽃부리영,꽃,둔산꽃길 골목형상점가,골목형상점가,대전광역시,3.0,3.0,,,RESOLVED_AGREEMENT,False,3,,,,
4bcb881d784bc87e4d20,val,꽃,T1 정확표기,q_꽃_01,꽃,생활서비스 중 '꽃'을 판매·제공하는 매장,9b4fc779-b33c-4d82-bee6-9acf7defc3c1,주식회사 두두컴퍼니코리아,배달,자양로13길골목형상점가,골목형상점가,서울특별시,0.0,0.0,,,RESOLVED_AGREEMENT,False,0,,,,
ff004df63ddf13eac23f,val,꽃,T1 정확표기,q_꽃_01,꽃,생활서비스 중 '꽃'을 판매·제공하는 매장,cf3f25d4-b24f-4665-a5ea-13a15974d898,오오플라워,화환,삼각지맛길 골목형상점가,골목형상점가,대구광역시,3.0,3.0,,,RESOLVED_AGREEMENT,False,3,,,,
276a5a5566c112079115,val,꽃,T1 정확표기,q_꽃_01,꽃,생활서비스 중 '꽃'을 판매·제공하는 매장,4825acae-5ec9-42a7-a4dd-bcaabd92399d,꽃집,꽃,동명동 카페거리 골목형상점가,골목형상점가,광주광역시,3.0,3.0,,,RESOLVED_AGREEMENT,False,3,,,,
7afcdd60b1c80311deec,val,꽃,T1 정확표기,q_꽃_01,꽃,생활서비스 중 '꽃'을 판매·제공하는 매장,69fada19-3d28-4709-b619-5302447f6c58,온로즈,꽃,상무백운상인회 골목형상점가,골목형상점가,광주광역시,3.0,3.0,,,RESOLVED_AGREEMENT,False,3,,,,
b778f44d8923519dba79,val,꽃,T1 정확표기,q_꽃_01,꽃,생활서비스 중 '꽃'을 판매·제공하는 매장,0e5a591b-cc1f-4529-9593-c68d305729a6,꼬슬란꽃집,소매(화원),가평잣고을시장,전통시장,경기도,3.0,3.0,,,RESOLVED_AGREEMENT,False,3,,,,
539e3d781ad28774df4d,val,꽃,T1 정확표기,q_꽃_01,꽃,생활서비스 중 '꽃'을 판매·제공하는 매장,7313e2f8-9fe0-4e0e-8dd9-3f1100802046,허브역,꽃,동두천중앙시장,전통시장,경기도,3.0,3.0,,,RESOLVED_AGREEMENT,False,3,,,,
8cc79618252aa2f773f5,val,꽃,T1 정확표기,q_꽃_01,꽃,생활서비스 중 '꽃'을 판매·제공하는 매장,b8d695e7-bfff-4615-9dab-9308a7ec236c,조공화원,꽃,조공시장,전통시장,경기도,3.0,3.0,,,RESOLVED_AGREEMENT,False,3,,,,
50554da4d6674fbdeea8,val,꽃,T1 정확표기,q_꽃_01,꽃,생활서비스 중 '꽃'을 판매·제공하는 매장,d7a1cca2-0eb2-43eb-b460-7345a3cbbf43,"당신은 참, 예쁜 꽃",꽃,도룡상인회 골목형상점가,골목형상점가,대전광역시,3.0,3.0,,,RESOLVED_AGREEMENT,False,3,,,,
8272d58d835698e492cb,val,꽃,T1 정확표기,q_꽃_01,꽃,생활서비스 중 '꽃'을 판매·제공하는 매장,06dede93-cca4-4e0a-8ee9-26168a0b4f4d,장터꽃 화원,꽃,김천황금시장,전통시장,경상북도,3.0,3.0,,,RESOLVED_AGREEMENT,False,3,,,,
822006688b0ae1f07a02,val,꽃,T1 정확표기,q_꽃_01,꽃,생활서비스 중 '꽃'을 판매·제공하는 매장,0268ed52-44bd-4e9c-a295-7a64f656640a,양정화원,화원,관고전통시장,전통시장,경기도,3.0,3.0,,,RESOLVED_AGREEMENT,False,3,,,,
e2dfaf3bd53c29fb9e5a,val,꽃,T1 정확표기,q_꽃_01,꽃,생활서비스 중 '꽃'을 판매·제공하는 매장,cdba5a1d-e2d0-43f8-840f-9c83308ceef2,홍플라워,꽃,간석자유시장,전통시장,인천광역시,3.0,3.0,,,RESOLVED_AGREEMENT,False,3,,,,
eef44c732a15d0428782,val,꽃,T1 정확표기,q_꽃_01,꽃,생활서비스 중 '꽃'을 판매·제공하는 매장,015a9bf5-459a-4d82-bb4d-f6b4136ffda5,그대가 꽃,꽃,첨단월계 골목형상점가,골목형상점가,광주광역시,3.0,3.0,,,RESOLVED_AGREEMENT,False,3,,,,
bd67138edb56ee9322a7,val,꽃,T1 정확표기,q_꽃_01,꽃,생활서비스 중 '꽃'을 판매·제공하는 매장,8ad45ffe-e7b5-4307-8a5d-bfabb5feee5e,자연모아솔이네다육,다육 건강식품,순천씨내몰상가(구 순천지하상가),일반지하상점가,전라남도,0.0,3.0,,,P1_BINARY_THRESHOLD,True,,,,,
7ab285327111d3d4bd33,val,꽃,T1 정확표기,q_꽃_01,꽃,생활서비스 중 '꽃'을 판매·제공하는 매장,21185fcd-8419-4a15-9957-4ddd34b2e8eb,레토,꽃,운천상무시장 골목형상점가,골목형상점가,광주광역시,3.0,3.0,,,RESOLVED_AGREEMENT,False,3,,,,
342b33b1932d203fd069,val,꽃,T1 정확표기,q_꽃_01,꽃,생활서비스 중 '꽃'을 판매·제공하는 매장,2fd6db16-8b47-41d4-b6d9-a1cc57c25343,미리내flowershop,"생화, 조화, 화분, 화환",인동중앙상점가,골목형상점가,경상북도,3.0,3.0,,,RESOLVED_AGREEMENT,False,3,,,,
124a61a54e286a267aae,val,꽃,T1 정확표기,q_꽃_01,꽃,생활서비스 중 '꽃'을 판매·제공하는 매장,ceabb356-4574-4f65-b3c6-535551f14278,안시크 여주,의류,여주375아울렛상점가,자율상권구역,경기도,0.0,0.0,,,RESOLVED_AGREEMENT,False,0,,,,
7b24b57f2a2b0e1ac501,val,꽃,T1 정확표기,q_꽃_01,꽃,생활서비스 중 '꽃'을 판매·제공하는 매장,01361075-0980-43ea-8c81-a58d44a604bb,플라워루체,생화,운암북문대로 골목형상점가,골목형상점가,광주광역시,3.0,3.0,,,RESOLVED_AGREEMENT,False,3,,,,
cc7eeb4812f09454e760,val,꽃,T1 정확표기,q_꽃_01,꽃,생활서비스 중 '꽃'을 판매·제공하는 매장,c728980b-26ee-46a1-8b26-54cc22a40c48,"꽃,그린피아",꽃,조종시장,전통시장,경기도,3.0,3.0,,,RESOLVED_AGREEMENT,False,3,,,,
b1d07c5162098352ffd4,val,꽃,T1 정확표기,q_꽃_01,꽃,생활서비스 중 '꽃'을 판매·제공하는 매장,f906ade2-dc38-4c41-a0ae-18e5ac72c5a4,꽃길,꽃,강진중앙로상가,자율상권구역,전라남도,3.0,3.0,,,RESOLVED_AGREEMENT,False,3,,,,
23ef9cc1f9703fb6e53a,val,꽃,T1 정확표기,q_꽃_01,꽃,생활서비스 중 '꽃'을 판매·제공하는 매장,e51e243f-d69a-465c-80ab-e68e10489120,꽃소풍,꽃,화서시장,전통시장,경기도,3.0,3.0,,,RESOLVED_AGREEMENT,False,3,,,,
aa4e1e5996bc21d1073f,val,꽃,T1 정확표기,q_꽃_01,꽃,생활서비스 중 '꽃'을 판매·제공하는 매장,7d44654a-2278-435b-b9d4-64bf236a8e2e,설렘,꽃,나주 예가람,골목형상점가,전라남도,3.0,3.0,,,RESOLVED_AGREEMENT,False,3,,,,
4c7316b4ef75918f2649,val,꽃,T1 정확표기,q_꽃_01,꽃,생활서비스 중 '꽃'을 판매·제공하는 매장,00afc023-f2e3-417c-b675-42c0a2f682ac,경영꽃집,꽃,유성구암 골목형상점가,골목형상점가,대전광역시,3.0,3.0,,,RESOLVED_AGREEMENT,False,3,,,,
65d33d4b45b85e943e28,val,꽃,T1 정확표기,q_꽃_01,꽃,생활서비스 중 '꽃'을 판매·제공하는 매장,02b04299-d64f-4c59-b73c-487d485fff0f,속초꽃집 화사랑플라워,,청학사거리 골목형상점가,골목형상점가,강원특별자치도,3.0,3.0,,,RESOLVED_AGREEMENT,False,3,,,,
60b20627bbd47c88eee6,val,꽃,T1 정확표기,q_꽃_01,꽃,생활서비스 중 '꽃'을 판매·제공하는 매장,00046925-dcb7-4796-8c1e-0de154aa3825,가든꽃화원,생화,전주풍남문상점가,자율상권구역,전북특별자치도,3.0,3.0,,,RESOLVED_AGREEMENT,False,3,,,,
382e0aee91f3676b6eff,val,꽃,T1 정확표기,q_꽃_01,꽃,생활서비스 중 '꽃'을 판매·제공하는 매장,0165a7f2-4303-433a-a548-17d89cb6fa0f,"꽃,과일","꽃, 과일",이동 골목형상점가,골목형상점가,경기도,3.0,3.0,,,RESOLVED_AGREEMENT,False,3,,,,
ec421af42ffd8804b51e,val,꽃,T1 정확표기,q_꽃_01,꽃,생활서비스 중 '꽃'을 판매·제공하는 매장,065a7a8c-5299-430a-93b1-257064b5c858,멜리플라워,,의왕가구거리 골목형상점가,골목형상점가,경기도,3.0,3.0,,,RESOLVED_AGREEMENT,False,3,,,,
1500daa6537288fc7f9b,val,꽃,T1 정확표기,q_꽃_01,꽃,생활서비스 중 '꽃'을 판매·제공하는 매장,01d1c245-a6a7-441a-8977-85303f01e56e,인플라워,생화,유성도안 골목형상점가,골목형상점가,대전광역시,3.0,3.0,,,RESOLVED_AGREEMENT,False,3,,,,
51cd6cc4b85156569df5,val,꽃,T1 정확표기,q_꽃_01,꽃,생활서비스 중 '꽃'을 판매·제공하는 매장,3c994997-6295-4a07-a0ba-a9a7b5c6a042,진아꽃집,꽃,양정시장,전통시장,부산광역시,3.0,3.0,,,RESOLVED_AGREEMENT,False,3,,,,
e5aec91eba76c3f7e348,val,꽃,T1 정확표기,q_꽃_01,꽃,생활서비스 중 '꽃'을 판매·제공하는 매장,8f2d4f86-310f-4248-855e-e1ee8027bbaf,여기 꽃,"꽃, 식물",옥계 부성상가,골목형상점가,경상북도,3.0,3.0,,,RESOLVED_AGREEMENT,False,3,,,,
7656dc5a943892a74fb1,val,꽃,T1 정확표기,q_꽃_01,꽃,생활서비스 중 '꽃'을 판매·제공하는 매장,0123cf0c-2929-4bbe-9b13-1354e60a6922,혜오르 플라워(HYEOR FLOWER),생화 및 식물,신창진흥 골목형상점가,골목형상점가,광주광역시,3.0,3.0,,,RESOLVED_AGREEMENT,False,3,,,,
90ccd88299e17d44250d,val,꽃,T1 정확표기,q_꽃_01,꽃,생활서비스 중 '꽃'을 판매·제공하는 매장,a385dc0d-a4a8-49c1-9459-00541d2a357f,진플라워,"생화, 관엽, 동양난, 서양난, 화분, 화환, 꽃배달",문화길 골목형상점가,골목형상점가,세종특별자치시,3.0,3.0,,,RESOLVED_AGREEMENT,False,3,,,,
ac1ef6a16a0d4628e4c7,val,꽃,T1 정확표기,q_꽃_01,꽃,생활서비스 중 '꽃'을 판매·제공하는 매장,680bfced-ec7b-4bf5-a6d0-d7123bae1cd0,환희,꽃,서대신동골목시장,전통시장,부산광역시,3.0,3.0,,,RESOLVED_AGREEMENT,False,3,,,,
12cc54c270538262e099,val,꽃,T1 정확표기,q_꽃_01,꽃,생활서비스 중 '꽃'을 판매·제공하는 매장,07e2a120-4803-4634-bd52-ebd7c5433825,슬이네(보떼),조화,고투몰(강남터미널지하도상점가),일반지하상점가,서울특별시,1.0,3.0,,,P1_BINARY_THRESHOLD,True,,,,,
c10579c4b6d4cb90eb47,val,꽃,T1 정확표기,q_꽃_01,꽃,생활서비스 중 '꽃'을 판매·제공하는 매장,b051c4f3-8b69-4d56-a7fb-f4c9c9bc97fb,꽃다비,꽃,불광먹자골목 골목형상점가,골목형상점가,서울특별시,3.0,3.0,,,RESOLVED_AGREEMENT,False,3,,,,
7fd566cc6220b1e7509c,val,꽃,T1 정확표기,q_꽃_01,꽃,생활서비스 중 '꽃'을 판매·제공하는 매장,b65f10e9-764d-4984-8c1a-21b9fb1ae46f,빚다에스테틱,피부관리,고잔뜰 상점가,자율상권구역,경기도,0.0,0.0,,,RESOLVED_AGREEMENT,False,0,,,,
d56458d450185cc560fb,val,꽃,T1 정확표기,q_꽃_01,꽃,생활서비스 중 '꽃'을 판매·제공하는 매장,70e1e9c7-2bef-4f75-a5aa-b6debf69d249,소라수산식품,"김, 미역",연천시장,전통시장,부산광역시,0.0,0.0,,,RESOLVED_AGREEMENT,False,0,,,,
eef74010a5e7a00d4942,val,꽃,T1 정확표기,q_꽃_01,꽃,생활서비스 중 '꽃'을 판매·제공하는 매장,a0c3dc25-8fc8-4d3a-a909-3ae2445b4982,덕분에꽃,꽃,수완중흥대방 골목형상점가,골목형상점가,광주광역시,3.0,3.0,,,RESOLVED_AGREEMENT,False,3,,,,
9e3dd2bcaf54c63feff0,val,꽃,T1 정확표기,q_꽃_01,꽃,생활서비스 중 '꽃'을 판매·제공하는 매장,b6e122e6-145c-46b6-a8a4-d6857ec819c9,늘꽃,꽃,북부중앙 골목형상점가,골목형상점가,경기도,3.0,3.0,,,RESOLVED_AGREEMENT,False,3,,,,
21695c91d1b72a4e59a3,val,꽃,T1 정확표기,q_꽃_01,꽃,생활서비스 중 '꽃'을 판매·제공하는 매장,8d650c6a-5a65-4333-8344-0f9eda52ffa4,양지꽃집,꽃,봉리단길골목형상점가,골목형상점가,서울특별시,3.0,3.0,,,RESOLVED_AGREEMENT,False,3,,,,
2137485a7261342a1143,val,꽃,T1 정확표기,q_꽃_01,꽃,생활서비스 중 '꽃'을 판매·제공하는 매장,ae3782b4-7742-4e4a-8223-325b3cc082b5,꽃마루,꽃,금촌명동로시장,전통시장,경기도,3.0,3.0,,,RESOLVED_AGREEMENT,False,3,,,,
3f8ab645c32a8701e509,val,꽃,T1 정확표기,q_꽃_01,꽃,생활서비스 중 '꽃'을 판매·제공하는 매장,0087b08e-75d9-4580-98ee-b89a11922c32,전광화원,,장흥시장 골목형상점가,골목형상점가,,3.0,3.0,,,RESOLVED_AGREEMENT,False,3,,,,
e64d48e1daae46a4256f,val,꽃,T1 정확표기,q_꽃_01,꽃,생활서비스 중 '꽃'을 판매·제공하는 매장,17ab16c1-e885-4dd3-9f1d-0c26539ee24d,장미꽃,꽃,역곡남부시장,전통시장,경기도,3.0,3.0,,,RESOLVED_AGREEMENT,False,3,,,,
728548b4103a559da166,val,꽃,T1 정확표기,q_꽃_01,꽃,생활서비스 중 '꽃'을 판매·제공하는 매장,006964ff-b2f9-421f-8fa7-f87219c26c0a,블리스블룸,생화,BOCA 보카상점가,골목형상점가,경기도,3.0,3.0,,,RESOLVED_AGREEMENT,False,3,,,,
62b135b471a749b4b65f,val,꽃,T1 정확표기,q_꽃_01,꽃,생활서비스 중 '꽃'을 판매·제공하는 매장,591290db-7773-4bb0-a717-a5f27278e6c6,다미수,꽃,수완사랑 골목형상점가,골목형상점가,광주광역시,3.0,3.0,,,RESOLVED_AGREEMENT,False,3,,,,
7d481932ae180ecaadff,val,꽃,T1 정확표기,q_꽃_01,꽃,생활서비스 중 '꽃'을 판매·제공하는 매장,39d79cf6-29ee-4dd6-8efb-0b2cce6d8271,베니르,꽃,빛가람 하나로 골목형상점가,골목형상점가,전라남도,3.0,3.0,,,RESOLVED_AGREEMENT,False,3,,,,
275c250c1ae85947fadd,val,꽃,T1 정확표기,q_꽃_01,꽃,생활서비스 중 '꽃'을 판매·제공하는 매장,012ed1bc-d2d6-4dad-8b36-6ad33d367ab2,24시꽃집럭키플라워송도점,생화 식물,송도랜드마크시티 센트럴더샵 골목형상점가,골목형상점가,인천광역시,3.0,3.0,,,RESOLVED_AGREEMENT,False,3,,,,
91199e3bd75ab6d27d36,val,꽃,T1 정확표기,q_꽃_01,꽃,생활서비스 중 '꽃'을 판매·제공하는 매장,00b13ca2-ef5b-4243-9a38-2de8507a2c21,남촌플라워,생화,용상공설시장,전통시장,경상북도,3.0,3.0,,,RESOLVED_AGREEMENT,False,3,,,,
2bb42edfda36c3594498,val,꽃,T1 정확표기,q_꽃_01,꽃,생활서비스 중 '꽃'을 판매·제공하는 매장,761f7b24-0ee3-455c-a7f3-e20f7dcd6165,꽃마실,꽃,서동시장,전통시장,울산광역시,3.0,3.0,,,RESOLVED_AGREEMENT,False,3,,,,
ce2f7f950524617979bb,val,꽃,T1 정확표기,q_꽃_01,꽃,생활서비스 중 '꽃'을 판매·제공하는 매장,c8715ecb-5295-43e2-ad58-ff5e7747b452,플라포,꽃,목포원도심상점가,자율상권구역,전라남도,3.0,3.0,,,RESOLVED_AGREEMENT,False,3,,,,
6f7ee6dd6cc13e929c2b,val,꽃,T1 정확표기,q_꽃_01,꽃,생활서비스 중 '꽃'을 판매·제공하는 매장,ae37be81-fd10-428e-8c9e-5ec63fedf54b,흔연재,꽃,모현 청경채 골목형상점가,골목형상점가,경기도,3.0,3.0,,,RESOLVED_AGREEMENT,False,3,,,,
42451e574fac32d7ca08,val,꽃,T1 정확표기,q_꽃_01,꽃,생활서비스 중 '꽃'을 판매·제공하는 매장,ce36b00b-1c22-4c2c-85a1-bd518659c1ac,달콤한하루,,우치서하로 골목형상점가,골목형상점가,,,0.0,Y,,P0_UNCERTAIN_OR_MISSING,True,,,,,
41fd53f6f09004bfe742,val,꽃,T1 정확표기,q_꽃_01,꽃,생활서비스 중 '꽃'을 판매·제공하는 매장,00b610a8-8a8a-4c5e-9e0b-cba5e4d22c93,에덴꽃화원,꽃,태화시장,전통시장,울산광역시,3.0,3.0,,,RESOLVED_AGREEMENT,False,3,,,,
2b6d6f6db441d0443960,val,꽃,T1 정확표기,q_꽃_01,꽃,생활서비스 중 '꽃'을 판매·제공하는 매장,57cf8a6e-bee9-4f4a-b653-8ef5543579a2,신부꽃집,꽃,남대문시장,전통시장,서울특별시,3.0,3.0,,,RESOLVED_AGREEMENT,False,3,,,,
417c277e1ec222f62384,val,꽃,T1 정확표기,q_꽃_01,꽃,생활서비스 중 '꽃'을 판매·제공하는 매장,fba2de74-75f0-46b9-a95a-112ee7499d82,아담플라워,화환,월곡달빛오거리골목형상점가,골목형상점가,서울특별시,3.0,3.0,,,RESOLVED_AGREEMENT,False,3,,,,
8f6c35e8acf1a0574c78,val,꽃,T1 정확표기,q_꽃_01,꽃,생활서비스 중 '꽃'을 판매·제공하는 매장,1789331b-68b5-4a70-ac8a-f94c71281f8c,전북화원,꽃,군산동백로 나운상가 골목형상점가,골목형상점가,전북특별자치도,3.0,3.0,,,RESOLVED_AGREEMENT,False,3,,,,
66d9b7a6ef9bb30cebd9,val,꽃,T1 정확표기,q_꽃_01,꽃,생활서비스 중 '꽃'을 판매·제공하는 매장,c0591314-c5a5-44fc-8ce7-61b817a653ce,꽃담,꽃,새샘하루 골목형상점가,골목형상점가,세종특별자치시,3.0,3.0,,,RESOLVED_AGREEMENT,False,3,,,,
75c7ea095cc6f7e16a12,val,꽃,T1 정확표기,q_꽃_01,꽃,생활서비스 중 '꽃'을 판매·제공하는 매장,e63b99a9-28a2-48de-b49f-1c08839a8fa2,정순모,꽃,제주시민속오일시장,전통시장,제주특별자치도,3.0,3.0,,,RESOLVED_AGREEMENT,False,3,,,,
7cce6c1486422a5dd06c,val,꽃,T1 정확표기,q_꽃_01,꽃,생활서비스 중 '꽃'을 판매·제공하는 매장,139f6d68-83b9-40cc-8339-120b154b8714,이딜리크,꽃집,월평1동 상인연합회,골목형상점가,대전광역시,3.0,3.0,,,RESOLVED_AGREEMENT,False,3,,,,
4e207325f6a1b404b594,val,꽃,T1 정확표기,q_꽃_01,꽃,생활서비스 중 '꽃'을 판매·제공하는 매장,001b5693-72ee-4677-9cdb-39117fbc932a,로사리움,꽃,첨단지구 골목형상점가,골목형상점가,광주광역시,3.0,3.0,,,RESOLVED_AGREEMENT,False,3,,,,
0288b95a3b1b32b35a62,val,꽃,T1 정확표기,q_꽃_01,꽃,생활서비스 중 '꽃'을 판매·제공하는 매장,010fea22-a965-4d8e-a805-083042a361ec,니어앤디어Cafe,꽃,상주중앙시장,전통시장,경상북도,3.0,3.0,,,RESOLVED_AGREEMENT,False,3,,,,
2ff09c5c4e9333e0dae7,val,꽃,T1 정확표기,q_꽃_01,꽃,생활서비스 중 '꽃'을 판매·제공하는 매장,49c4af0c-2c40-4feb-af06-ed8e7d7b8156,꽃사랑,꽃,청평여울시장,전통시장,경기도,3.0,3.0,,,RESOLVED_AGREEMENT,False,3,,,,
ee3961516ea6a2aaf27e,val,꽃,T1 정확표기,q_꽃_01,꽃,생활서비스 중 '꽃'을 판매·제공하는 매장,03de55fd-e04d-4c83-861f-72bd167d8afc,드레스플라워,,대봉모리 골목형상점가,골목형상점가,대구광역시,3.0,3.0,,,RESOLVED_AGREEMENT,False,3,,,,
9eae45c1769cc23e03a6,val,꽃,T1 정확표기,q_꽃_01,꽃,생활서비스 중 '꽃'을 판매·제공하는 매장,94019ef1-8bfc-45ea-b8be-7e8b0c7b7b35,남경회수산,"활어회포장, 배달",원대신시장,전통시장,대구광역시,0.0,0.0,,,RESOLVED_AGREEMENT,False,0,,,,
18c84c88dce6c08bbac9,val,꽃,T1 정확표기,q_꽃_01,꽃,생활서비스 중 '꽃'을 판매·제공하는 매장,0dc54a43-0aee-4fcb-939d-b0f59e5b1b25,금원꽃집,,송강동 골목형상점가,골목형상점가,대전광역시,3.0,3.0,,,RESOLVED_AGREEMENT,False,3,,,,
a3df503a1f5f5492e133,val,꽃,T1 정확표기,q_꽃_01,꽃,생활서비스 중 '꽃'을 판매·제공하는 매장,359df784-64ca-44d9-843d-119b126f095a,서산헬퍼,배달,서산동부전통시장,전통시장,충청남도,0.0,0.0,,,RESOLVED_AGREEMENT,False,0,,,,
9002695ec88ecbd474eb,val,꽃,T1 정확표기,q_꽃_01,꽃,생활서비스 중 '꽃'을 판매·제공하는 매장,50d7d00a-1572-4a4c-94df-5349ce0ae9a6,정직한고깃간,육류,효천로 골목형상점가,골목형상점가,광주광역시,0.0,0.0,,,RESOLVED_AGREEMENT,False,0,,,,
7706a1827202f8e6e6b6,val,꽃,T1 정확표기,q_꽃_01,꽃,생활서비스 중 '꽃'을 판매·제공하는 매장,71c793fc-4484-457a-b610-f488f2552d38,플로르꽃,꽃,원당 중앙로 골목형상점가,골목형상점가,인천광역시,3.0,3.0,,,RESOLVED_AGREEMENT,False,3,,,,
42252a97fa382a3ecd4b,val,꽃,T1 정확표기,q_꽃_01,꽃,생활서비스 중 '꽃'을 판매·제공하는 매장,04c231bf-d3f7-4202-b3a8-d03eb7531853,실버라인,도소매(조화),고투몰(강남터미널지하도상점가),일반지하상점가,서울특별시,1.0,3.0,,,P1_BINARY_THRESHOLD,True,,,,,
40f89bd7efad6874f69f,val,꽃,T1 정확표기,q_꽃_01,꽃,생활서비스 중 '꽃'을 판매·제공하는 매장,6c173e48-b1d5-46a4-8c7e-b8986310dfbe,소매업,꽃,둔산꽃길 골목형상점가,골목형상점가,대전광역시,3.0,3.0,,,RESOLVED_AGREEMENT,False,3,,,,
2b91da11d6d5d1924d1c,val,꽃,T1 정확표기,q_꽃_01,꽃,생활서비스 중 '꽃'을 판매·제공하는 매장,1d3a7396-fb62-43f5-b53d-fa43a333ff0b,로랭,꽃,춘천지하상가,일반지하상점가,강원특별자치도,3.0,3.0,,,RESOLVED_AGREEMENT,False,3,,,,
83ea990661ea8fe2e215,val,꽃,T1 정확표기,q_꽃_01,꽃,생활서비스 중 '꽃'을 판매·제공하는 매장,00b20e6f-4b2f-410f-984c-b6a206704138,나리화원.꽃,,승달 골목형상점가,골목형상점가,,3.0,3.0,,,RESOLVED_AGREEMENT,False,3,,,,
dfbe21dfb19e1ab1ec7d,val,꽃,T1 정확표기,q_꽃_01,꽃,생활서비스 중 '꽃'을 판매·제공하는 매장,1a11edc3-9598-4fe4-b093-b4f766ee30d8,유천꽃,꽃,유천택지올림픽길골목형상점가,골목형상점가,강원특별자치도,3.0,3.0,,,RESOLVED_AGREEMENT,False,3,,,,
8ec8a5c3814690e1c447,val,꽃,T1 정확표기,q_꽃_01,꽃,생활서비스 중 '꽃'을 판매·제공하는 매장,0fdda0b6-8af0-4e6d-9574-2a8b043c0bc0,이플,"꽃집, 꽃배달",담양중앙2번가 골목형상점가,골목형상점가,전라남도,3.0,3.0,,,RESOLVED_AGREEMENT,False,3,,,,
376f60cb30a24872e05a,val,꽃,T1 정확표기,q_꽃_01,꽃,생활서비스 중 '꽃'을 판매·제공하는 매장,9d15b26c-b7c6-48cf-afbc-f0dcdc22cccf,꽃디,꽃,푸른마을공동체센터 골목형상점가,골목형상점가,광주광역시,3.0,3.0,,,RESOLVED_AGREEMENT,False,3,,,,
53526d4f7554d91dbd16,val,꽃,T1 정확표기,q_꽃_01,꽃,생활서비스 중 '꽃'을 판매·제공하는 매장,4986be7f-8f73-4efe-a042-f653180519be,오늘,꽃,송천동1가 골목형상점가,골목형상점가,전북특별자치도,3.0,3.0,,,RESOLVED_AGREEMENT,False,3,,,,
a1fa0a978be5478a34cb,val,꽃,T1 정확표기,q_꽃_01,꽃,생활서비스 중 '꽃'을 판매·제공하는 매장,68768347-697e-44c9-9438-db42d626fde2,쁠라와,꽃,성수역골목형상점가,골목형상점가,서울특별시,3.0,3.0,,,RESOLVED_AGREEMENT,False,3,,,,
e63598451cf3f2db9720,val,꽃,T1 정확표기,q_꽃_01,꽃,생활서비스 중 '꽃'을 판매·제공하는 매장,468b55ab-1faf-455d-9885-c6c15e9ac37c,그루,꽃,전주서곡 골목형상점가,골목형상점가,전북특별자치도,3.0,3.0,,,RESOLVED_AGREEMENT,False,3,,,,
02bbcb73c69f87119048,val,꽃,T1 정확표기,q_꽃_01,꽃,생활서비스 중 '꽃'을 판매·제공하는 매장,808c44fa-1b29-4336-aa0e-3bcdfa91cd10,양지방앗간,떡,영해만세시장(구 영해시장),전통시장,경상북도,0.0,0.0,,,RESOLVED_AGREEMENT,False,0,,,,
2a359afe1e2be099043a,val,꽃,T1 정확표기,q_꽃_01,꽃,생활서비스 중 '꽃'을 판매·제공하는 매장,5f39317e-2916-47e2-9fee-ede53deff33a,"언제나,꽃",꽃,조치원 전통길 골목형상점가,골목형상점가,세종특별자치시,3.0,3.0,,,RESOLVED_AGREEMENT,False,3,,,,
5f657c255ae2f2b641cf,val,꽃,T1 정확표기,q_꽃_01,꽃,생활서비스 중 '꽃'을 판매·제공하는 매장,046df2a5-89ee-4b7a-8aad-91bdc5272130,향기플라워,,정남진활력의거리 골목형상점가,골목형상점가,,3.0,3.0,,,RESOLVED_AGREEMENT,False,3,,,,
f853687a8edc1c3130b3,val,꽃,T1 정확표기,q_꽃_01,꽃,생활서비스 중 '꽃'을 판매·제공하는 매장,070a949c-b89d-4ccf-8e63-1743372657bf,조경나라,조화,고투몰(강남터미널지하도상점가),일반지하상점가,서울특별시,1.0,3.0,,,P1_BINARY_THRESHOLD,True,,,,,
93db01c8676def5530c6,val,꽃,T1 정확표기,q_꽃_01,꽃,생활서비스 중 '꽃'을 판매·제공하는 매장,04b1ff99-e4e2-47bb-bcae-f7079bd73cae,삼성꽃집,조화,포항죽도시장,전통시장,경상북도,2.0,3.0,,,P2_GRADED_ONLY,True,,,,,
934cf78e4ce444f95d7f,val,꽃,T1 정확표기,q_꽃_01,꽃,생활서비스 중 '꽃'을 판매·제공하는 매장,81192042-d2b7-4473-9879-cb4e33d0bdab,루비와꽃,꽃,홀릭스,골목형상점가,광주광역시,3.0,3.0,,,RESOLVED_AGREEMENT,False,3,,,,
36e563b2e4812ba7d515,val,꽃,T1 정확표기,q_꽃_01,꽃,생활서비스 중 '꽃'을 판매·제공하는 매장,df130639-b40a-4429-9dac-1eacf992e7cb,유들라위,꽃,하남 골목형상점가,골목형상점가,광주광역시,3.0,3.0,,,RESOLVED_AGREEMENT,False,3,,,,
b953e2cb8a3c75e08cc5,val,꽃,T1 정확표기,q_꽃_01,꽃,생활서비스 중 '꽃'을 판매·제공하는 매장,c4a26831-0cfa-4769-9a1a-9f1585b396ba,정플라워,꽃,전남대 상대 골목형상점가,골목형상점가,광주광역시,3.0,3.0,,,RESOLVED_AGREEMENT,False,3,,,,
9d8a31df8b5a00daedd4,val,꽃,T1 정확표기,q_꽃_01,꽃,생활서비스 중 '꽃'을 판매·제공하는 매장,f8eab609-a71f-4854-a747-1b39ad296b00,호주면세점 정읍점,,정읍우암로상점가,자율상권구역,전북특별자치도,,0.0,Y,,P0_UNCERTAIN_OR_MISSING,True,,,,,
1cc01e0ad92622f6d325,val,꽃,T1 정확표기,q_꽃_01,꽃,생활서비스 중 '꽃'을 판매·제공하는 매장,067b4645-360b-4994-b793-9940b502f4fe,어여쁨꽃,꽃,운천호수공원상인회 골목형상점가,골목형상점가,광주광역시,3.0,3.0,,,RESOLVED_AGREEMENT,False,3,,,,
cabed40fcf077ef54e21,val,꽃,T1 정확표기,q_꽃_01,꽃,생활서비스 중 '꽃'을 판매·제공하는 매장,d6821f66-069a-4e18-9c5e-cb8ee5ded4fe,두일조화,꽃,대구꽃백화점 골목형상점가,골목형상점가,대구광역시,3.0,3.0,,,RESOLVED_AGREEMENT,False,3,,,,
8d63bf07b6ab634db7e8,val,꽃,T1 정확표기,q_꽃_01,꽃,생활서비스 중 '꽃'을 판매·제공하는 매장,066a65ee-fe0b-442c-a440-4ce37e296082,화인꽃방,생화조화,김해 동상전통시장,전통시장,경상남도,3.0,3.0,,,RESOLVED_AGREEMENT,False,3,,,,
64c140da1c466a6fdf88,val,꽃,T1 정확표기,q_꽃_01,꽃,생활서비스 중 '꽃'을 판매·제공하는 매장,9fd9bf80-f13f-47fe-a5f0-8417e68b1c88,"꽃, 방",꽃,사가정시장,전통시장,서울특별시,3.0,3.0,,,RESOLVED_AGREEMENT,False,3,,,,
7c742adc8c8287e790d6,val,꽃,T1 정확표기,q_꽃_01,꽃,생활서비스 중 '꽃'을 판매·제공하는 매장,1f17df28-643a-4205-b24d-68dedbfd70d1,꽃앤수,꽃,둔산꽃길 골목형상점가,골목형상점가,대전광역시,3.0,3.0,,,RESOLVED_AGREEMENT,False,3,,,,
386c5b56489538190079,val,꽃,T1 정확표기,q_꽃_01,꽃,생활서비스 중 '꽃'을 판매·제공하는 매장,3a781f2e-8202-470c-befb-3c36411033bf,창가에 꽃,꽃,신용연제 골목형상점가,골목형상점가,광주광역시,3.0,3.0,,,RESOLVED_AGREEMENT,False,3,,,,
65e9a97b03973d4be7d3,val,꽃,T2 동의어,q_꽃_02,꽃집,생활서비스 중 '꽃'을 판매·제공하는 매장,fba2de74-75f0-46b9-a95a-112ee7499d82,아담플라워,화환,월곡달빛오거리골목형상점가,골목형상점가,서울특별시,3.0,3.0,,,RESOLVED_AGREEMENT,False,3,,,,
270fe4e146b57249bf39,val,꽃,T2 동의어,q_꽃_02,꽃집,생활서비스 중 '꽃'을 판매·제공하는 매장,19df6713-324c-4735-9d58-5bd62b617486,주희꽃,꽃집,공릉동도깨비시장,전통시장,서울특별시,3.0,3.0,,,RESOLVED_AGREEMENT,False,3,,,,
f8a8cf5210584de43650,val,꽃,T2 동의어,q_꽃_02,꽃집,생활서비스 중 '꽃'을 판매·제공하는 매장,7952b3db-31ab-4427-b30a-1e073265a065,조은꽃,꽃집,면목골목시장,전통시장,서울특별시,3.0,3.0,,,RESOLVED_AGREEMENT,False,3,,,,
324b1f49c291d4688815,val,꽃,T2 동의어,q_꽃_02,꽃집,생활서비스 중 '꽃'을 판매·제공하는 매장,e56553fb-0d58-4e21-ac49-b47a33c5fa52,정성꽃집,꽃집,수원영동시장,전통시장,경기도,3.0,3.0,,,RESOLVED_AGREEMENT,False,3,,,,
dae0cb94bccfe6264d96,val,꽃,T2 동의어,q_꽃_02,꽃집,생활서비스 중 '꽃'을 판매·제공하는 매장,244f896f-5275-4216-83b8-03ccbaffa742,제이디엑스(JDX),의류,원주중앙로문화의거리,자율상권구역,강원특별자치도,0.0,0.0,,,RESOLVED_AGREEMENT,False,0,,,,
3b43ace9aabbe411f6ce,val,꽃,T2 동의어,q_꽃_02,꽃집,생활서비스 중 '꽃'을 판매·제공하는 매장,01b50703-620e-4976-9b84-a03f2ba9bdcf,메르세드플라워,,관저상가 골목형상점가,골목형상점가,대전광역시,3.0,3.0,,,RESOLVED_AGREEMENT,False,3,,,,
93f17f6afdd1aa908c2b,val,꽃,T2 동의어,q_꽃_02,꽃집,생활서비스 중 '꽃'을 판매·제공하는 매장,07e2a120-4803-4634-bd52-ebd7c5433825,슬이네(보떼),조화,고투몰(강남터미널지하도상점가),일반지하상점가,서울특별시,1.0,3.0,,,P1_BINARY_THRESHOLD,True,,,,,
948cee046a3dc0edd0cf,val,꽃,T2 동의어,q_꽃_02,꽃집,생활서비스 중 '꽃'을 판매·제공하는 매장,67ae06c5-5250-4bfe-9a0c-661f49694b6c,유어플라워,꽃집,안양1번가 상점가,자율상권구역,경기도,3.0,3.0,,,RESOLVED_AGREEMENT,False,3,,,,
192694a0c18f469f0020,val,꽃,T2 동의어,q_꽃_02,꽃집,생활서비스 중 '꽃'을 판매·제공하는 매장,00046925-dcb7-4796-8c1e-0de154aa3825,가든꽃화원,생화,전주풍남문상점가,자율상권구역,전북특별자치도,3.0,3.0,,,RESOLVED_AGREEMENT,False,3,,,,
8b195a9b9f88cbcb5dc2,val,꽃,T2 동의어,q_꽃_02,꽃집,생활서비스 중 '꽃'을 판매·제공하는 매장,4825acae-5ec9-42a7-a4dd-bcaabd92399d,꽃집,꽃,동명동 카페거리 골목형상점가,골목형상점가,광주광역시,3.0,3.0,,,RESOLVED_AGREEMENT,False,3,,,,
fc8e2b81ec6cee092814,val,꽃,T2 동의어,q_꽃_02,꽃집,생활서비스 중 '꽃'을 판매·제공하는 매장,08b9f9fd-7584-41c1-ba08-8a0cbb126f18,유플라워,꽃집,달서시장,전통시장,대구광역시,3.0,3.0,,,RESOLVED_AGREEMENT,False,3,,,,
cc576d1493b6281a6372,val,꽃,T2 동의어,q_꽃_02,꽃집,생활서비스 중 '꽃'을 판매·제공하는 매장,a385dc0d-a4a8-49c1-9459-00541d2a357f,진플라워,"생화, 관엽, 동양난, 서양난, 화분, 화환, 꽃배달",문화길 골목형상점가,골목형상점가,세종특별자치시,3.0,3.0,,,RESOLVED_AGREEMENT,False,3,,,,
5792141784e5fdf5f4d4,val,꽃,T2 동의어,q_꽃_02,꽃집,생활서비스 중 '꽃'을 판매·제공하는 매장,6980b053-6db2-4ff3-821a-c0b7accabb35,모코코 플레르,꽃집,첨단지구 골목형상점가,골목형상점가,광주광역시,3.0,3.0,,,RESOLVED_AGREEMENT,False,3,,,,
ecffea4c6527e6efa2df,val,꽃,T2 동의어,q_꽃_02,꽃집,생활서비스 중 '꽃'을 판매·제공하는 매장,e238e2e2-cc03-45ae-babb-8af8275337f3,경북상회,양곡,연지시장,전통시장,부산광역시,0.0,0.0,,,RESOLVED_AGREEMENT,False,0,,,,
e96553ea62c1caf0ef1f,val,꽃,T2 동의어,q_꽃_02,꽃집,생활서비스 중 '꽃'을 판매·제공하는 매장,091b1d69-d4e3-4d8c-9000-1d40f95f50e9,은자씨 플라워,화환,부티크타운 골목형 상점가,골목형상점가,충청남도,3.0,3.0,,,RESOLVED_AGREEMENT,False,3,,,,
035842780215b8274c61,val,꽃,T2 동의어,q_꽃_02,꽃집,생활서비스 중 '꽃'을 판매·제공하는 매장,5c409cc2-cfed-4726-ae67-caf3350c80a6,코스모스,꽃집,수원역전지하도상가,일반지하상점가,경기도,3.0,3.0,,,RESOLVED_AGREEMENT,False,3,,,,
cc3366af82cf3d85b09c,val,꽃,T2 동의어,q_꽃_02,꽃집,생활서비스 중 '꽃'을 판매·제공하는 매장,76e6d125-64c6-4956-b374-9a908d9c7ced,그라시아스 꽃집,꽃집,간데메공원골목형상점가,골목형상점가,서울특별시,3.0,3.0,,,RESOLVED_AGREEMENT,False,3,,,,
fe7fd852f54d38313a88,val,꽃,T2 동의어,q_꽃_02,꽃집,생활서비스 중 '꽃'을 판매·제공하는 매장,708e9945-9b7a-4b0c-b6e3-5187ae60bb0f,플라워여여,꽃집,풍암동부상인회 골목형상점가,골목형상점가,광주광역시,3.0,3.0,,,RESOLVED_AGREEMENT,False,3,,,,
3e25501e36964d6dd2bf,val,꽃,T2 동의어,q_꽃_02,꽃집,생활서비스 중 '꽃'을 판매·제공하는 매장,0e5a591b-cc1f-4529-9593-c68d305729a6,꼬슬란꽃집,소매(화원),가평잣고을시장,전통시장,경기도,3.0,3.0,,,RESOLVED_AGREEMENT,False,3,,,,
ffebbdba09f6530f0575,val,꽃,T2 동의어,q_꽃_02,꽃집,생활서비스 중 '꽃'을 판매·제공하는 매장,fbe4ed75-ba84-4f11-9a96-eef98beb4498,꽃밭에서,꽃집 소매,마산 오동동상인연합상가,자율상권구역,경상남도,3.0,3.0,,,RESOLVED_AGREEMENT,False,3,,,,
2f8a564ea577aef3c1ce,val,꽃,T2 동의어,q_꽃_02,꽃집,생활서비스 중 '꽃'을 판매·제공하는 매장,aaf25881-c6f3-417e-a6d2-0260ab83fe57,"꽃 작업실, 이랑",꽃집,중흥동 큰샘길 골목형상점가,골목형상점가,광주광역시,3.0,3.0,,,RESOLVED_AGREEMENT,False,3,,,,
629e306ba7e18d06eb6b,val,꽃,T2 동의어,q_꽃_02,꽃집,생활서비스 중 '꽃'을 판매·제공하는 매장,cf118645-a54a-45ab-a7c8-aebcd44ed261,에떼르넬플뢰르,꽃집,상무연하상인회 골목형상점가,골목형상점가,광주광역시,3.0,3.0,,,RESOLVED_AGREEMENT,False,3,,,,
dc0cc466779b7f5990b9,val,꽃,T2 동의어,q_꽃_02,꽃집,생활서비스 중 '꽃'을 판매·제공하는 매장,01d1c245-a6a7-441a-8977-85303f01e56e,인플라워,생화,유성도안 골목형상점가,골목형상점가,대전광역시,3.0,3.0,,,RESOLVED_AGREEMENT,False,3,,,,
7763b2b1e77f5f5fa690,val,꽃,T2 동의어,q_꽃_02,꽃집,생활서비스 중 '꽃'을 판매·제공하는 매장,065a7a8c-5299-430a-93b1-257064b5c858,멜리플라워,,의왕가구거리 골목형상점가,골목형상점가,경기도,3.0,3.0,,,RESOLVED_AGREEMENT,False,3,,,,
0137f8c514bf897c338e,val,꽃,T2 동의어,q_꽃_02,꽃집,생활서비스 중 '꽃'을 판매·제공하는 매장,65fd7b2b-a15b-4706-8260-0a3420441b1f,영동꽃집,꽃집,용운시장,전통시장,대전광역시,3.0,3.0,,,RESOLVED_AGREEMENT,False,3,,,,
cadebcea91b9b1f11583,val,꽃,T2 동의어,q_꽃_02,꽃집,생활서비스 중 '꽃'을 판매·제공하는 매장,046df2a5-89ee-4b7a-8aad-91bdc5272130,향기플라워,,정남진활력의거리 골목형상점가,골목형상점가,,3.0,3.0,,,RESOLVED_AGREEMENT,False,3,,,,
f8afa42f8fd934c0a2c7,val,꽃,T2 동의어,q_꽃_02,꽃집,생활서비스 중 '꽃'을 판매·제공하는 매장,6192e0ca-16f5-4699-a35d-f4b952842b23,리빙플라워,꽃집,메트로센터(반월당지하쇼핑),일반지하상점가,대구광역시,3.0,3.0,,,RESOLVED_AGREEMENT,False,3,,,,
d3ed9207f0d73db35cfa,val,꽃,T2 동의어,q_꽃_02,꽃집,생활서비스 중 '꽃'을 판매·제공하는 매장,752f9e4f-9c89-44d0-a1ef-7cd5fde9d909,청아꽃집,소매업(꽃집),양평물맑은시장,전통시장,경기도,3.0,3.0,,,RESOLVED_AGREEMENT,False,3,,,,
cada7634e689eb54cfa7,val,꽃,T2 동의어,q_꽃_02,꽃집,생활서비스 중 '꽃'을 판매·제공하는 매장,00b13ca2-ef5b-4243-9a38-2de8507a2c21,남촌플라워,생화,용상공설시장,전통시장,경상북도,3.0,3.0,,,RESOLVED_AGREEMENT,False,3,,,,
0127429e52751ec457b8,val,꽃,T2 동의어,q_꽃_02,꽃집,생활서비스 중 '꽃'을 판매·제공하는 매장,0dc54a43-0aee-4fcb-939d-b0f59e5b1b25,금원꽃집,,송강동 골목형상점가,골목형상점가,대전광역시,3.0,3.0,,,RESOLVED_AGREEMENT,False,3,,,,
6dfbd26d4e7cf1ddd838,val,꽃,T2 동의어,q_꽃_02,꽃집,생활서비스 중 '꽃'을 판매·제공하는 매장,359df784-64ca-44d9-843d-119b126f095a,서산헬퍼,배달,서산동부전통시장,전통시장,충청남도,0.0,0.0,,,RESOLVED_AGREEMENT,False,0,,,,
9167dcde8a9cdd024f5c,val,꽃,T2 동의어,q_꽃_02,꽃집,생활서비스 중 '꽃'을 판매·제공하는 매장,04c231bf-d3f7-4202-b3a8-d03eb7531853,실버라인,도소매(조화),고투몰(강남터미널지하도상점가),일반지하상점가,서울특별시,1.0,3.0,,,P1_BINARY_THRESHOLD,True,,,,,
8391fe89803d968df0b7,val,꽃,T2 동의어,q_꽃_02,꽃집,생활서비스 중 '꽃'을 판매·제공하는 매장,1630990b-a27c-4e55-b95e-c228cac65919,클리지사천점,여성복,사천읍시장,전통시장,경상남도,0.0,0.0,,,RESOLVED_AGREEMENT,False,0,,,,
0952ebaa36c426aecb0b,val,꽃,T2 동의어,q_꽃_02,꽃집,생활서비스 중 '꽃'을 판매·제공하는 매장,ee51a221-8c00-416a-ae13-0cf9dcde9a13,생활용품점,잡화,면목시장(남성카멜리아),전통시장,서울특별시,0.0,0.0,,,RESOLVED_AGREEMENT,False,0,,,,
cfbdf97420e00776c52c,val,꽃,T2 동의어,q_꽃_02,꽃집,생활서비스 중 '꽃'을 판매·제공하는 매장,fff0cefc-6fb6-4102-ba21-0b820e052c61,꽃누리화원,꽃집,금암동 골목형상점가,골목형상점가,전북특별자치도,3.0,3.0,,,RESOLVED_AGREEMENT,False,3,,,,
11326a241cf288e3c03b,val,꽃,T2 동의어,q_꽃_02,꽃집,생활서비스 중 '꽃'을 판매·제공하는 매장,010fea22-a965-4d8e-a805-083042a361ec,니어앤디어Cafe,꽃,상주중앙시장,전통시장,경상북도,3.0,3.0,,,RESOLVED_AGREEMENT,False,3,,,,
7bfd317c878589b8de84,val,꽃,T2 동의어,q_꽃_02,꽃집,생활서비스 중 '꽃'을 판매·제공하는 매장,ea85d148-3537-47db-970b-ea48491867eb,남경상회,생선,자갈치시장,전통시장,부산광역시,0.0,0.0,,,RESOLVED_AGREEMENT,False,0,,,,
49b47c5e225d9e2f4df3,val,꽃,T2 동의어,q_꽃_02,꽃집,생활서비스 중 '꽃'을 판매·제공하는 매장,edb57fca-afe3-40d2-bff6-c23905495322,"이지조경, 꽃집",꽃조경수,이지더원 골목형 상점가,골목형상점가,충청남도,3.0,3.0,,,RESOLVED_AGREEMENT,False,3,,,,
c278a9deb189cfb3efbb,val,꽃,T2 동의어,q_꽃_02,꽃집,생활서비스 중 '꽃'을 판매·제공하는 매장,0087b08e-75d9-4580-98ee-b89a11922c32,전광화원,,장흥시장 골목형상점가,골목형상점가,,3.0,3.0,,,RESOLVED_AGREEMENT,False,3,,,,
e1095f043b9ebc76a922,val,꽃,T2 동의어,q_꽃_02,꽃집,생활서비스 중 '꽃'을 판매·제공하는 매장,c8f3ce5b-5d09-477a-a6cd-d07631b546bf,대림우리약국,의약품,대림역도림로 골목형상점가,골목형상점가,서울특별시,0.0,0.0,,,RESOLVED_AGREEMENT,False,0,,,,
3678fd6455c246a73e3f,val,꽃,T2 동의어,q_꽃_02,꽃집,생활서비스 중 '꽃'을 판매·제공하는 매장,625a945c-bd99-484b-b606-b3ad7cce42d2,초록숲,꽃집,운리공원상인회 골목형상점가,골목형상점가,광주광역시,3.0,3.0,,,RESOLVED_AGREEMENT,False,3,,,,
fd1ddcb7bfd72a2a4cdc,val,꽃,T2 동의어,q_꽃_02,꽃집,생활서비스 중 '꽃'을 판매·제공하는 매장,f8d52913-22cb-4465-9eb4-f12e7f675bf9,꽃동산,꽃집,당산로 골목형상점가,골목형상점가,전북특별자치도,3.0,3.0,,,RESOLVED_AGREEMENT,False,3,,,,
2b21425e4c49c0e4eaa2,val,꽃,T2 동의어,q_꽃_02,꽃집,생활서비스 중 '꽃'을 판매·제공하는 매장,0fdda0b6-8af0-4e6d-9574-2a8b043c0bc0,이플,"꽃집, 꽃배달",담양중앙2번가 골목형상점가,골목형상점가,전라남도,3.0,3.0,,,RESOLVED_AGREEMENT,False,3,,,,
2ff5a46a7ee03e92700d,val,꽃,T2 동의어,q_꽃_02,꽃집,생활서비스 중 '꽃'을 판매·제공하는 매장,32c32e0c-34f9-4ff9-b1d5-efce3af113fa,민지네 꽃집,생화,송정역카페거리골목형상점가,골목형상점가,서울특별시,3.0,3.0,,,RESOLVED_AGREEMENT,False,3,,,,
851e65fefefe1936ad2d,val,꽃,T2 동의어,q_꽃_02,꽃집,생활서비스 중 '꽃'을 판매·제공하는 매장,5710315b-3754-44ff-82d5-6af37e637d74,서남꽃집,꽃집,서남신시장,전통시장,대구광역시,3.0,3.0,,,RESOLVED_AGREEMENT,False,3,,,,
299181abc88d157fe24a,val,꽃,T2 동의어,q_꽃_02,꽃집,생활서비스 중 '꽃'을 판매·제공하는 매장,bebbcc5a-7cca-445a-b398-8d5069c8c1f9,큰길정원플라워,꽃집,달아실 골목형상점가,골목형상점가,광주광역시,3.0,3.0,,,RESOLVED_AGREEMENT,False,3,,,,
cfd4e535008cb2ae437e,val,꽃,T2 동의어,q_꽃_02,꽃집,생활서비스 중 '꽃'을 판매·제공하는 매장,ab09599c-e67d-445d-8f03-32bf04d8bcd7,진영상회,,논산화지중앙시장,전통시장,충청남도,0.0,0.0,,,RESOLVED_AGREEMENT,False,0,,,,
b467282f4e79dd5242e7,val,꽃,T2 동의어,q_꽃_02,꽃집,생활서비스 중 '꽃'을 판매·제공하는 매장,2fd6db16-8b47-41d4-b6d9-a1cc57c25343,미리내flowershop,"생화, 조화, 화분, 화환",인동중앙상점가,골목형상점가,경상북도,3.0,3.0,,,RESOLVED_AGREEMENT,False,3,,,,
ea86c644e933387e15a6,val,꽃,T2 동의어,q_꽃_02,꽃집,생활서비스 중 '꽃'을 판매·제공하는 매장,cf3f25d4-b24f-4665-a5ea-13a15974d898,오오플라워,화환,삼각지맛길 골목형상점가,골목형상점가,대구광역시,3.0,3.0,,,RESOLVED_AGREEMENT,False,3,,,,
0859f09da304469a5f26,val,꽃,T2 동의어,q_꽃_02,꽃집,생활서비스 중 '꽃'을 판매·제공하는 매장,2b921088-aee2-45fb-941f-864337394f39,르플로라,꽃집,일곡동(제3지역:자연마을 공방거리),골목형상점가,광주광역시,3.0,3.0,,,RESOLVED_AGREEMENT,False,3,,,,
2d157ae43464568cdc6e,val,꽃,T2 동의어,q_꽃_02,꽃집,생활서비스 중 '꽃'을 판매·제공하는 매장,a6427c37-a1c9-4693-80f8-5d4a34c9937f,민들레화원,꽃집,설악눈메골시장,전통시장,경기도,3.0,3.0,,,RESOLVED_AGREEMENT,False,3,,,,
c5ed275293c6e4c42e13,val,꽃,T2 동의어,q_꽃_02,꽃집,생활서비스 중 '꽃'을 판매·제공하는 매장,001b5693-72ee-4677-9cdb-39117fbc932a,로사리움,꽃,첨단지구 골목형상점가,골목형상점가,광주광역시,3.0,3.0,,,RESOLVED_AGREEMENT,False,3,,,,
2b958f212d14ac8df8a2,val,꽃,T2 동의어,q_꽃_02,꽃집,생활서비스 중 '꽃'을 판매·제공하는 매장,006964ff-b2f9-421f-8fa7-f87219c26c0a,블리스블룸,생화,BOCA 보카상점가,골목형상점가,경기도,3.0,3.0,,,RESOLVED_AGREEMENT,False,3,,,,
5ef5dae65e206575ef9f,val,꽃,T2 동의어,q_꽃_02,꽃집,생활서비스 중 '꽃'을 판매·제공하는 매장,0268ed52-44bd-4e9c-a295-7a64f656640a,양정화원,화원,관고전통시장,전통시장,경기도,3.0,3.0,,,RESOLVED_AGREEMENT,False,3,,,,
749004938393c58d2fb9,val,꽃,T2 동의어,q_꽃_02,꽃집,생활서비스 중 '꽃'을 판매·제공하는 매장,b63a09d7-f4f1-4a85-9654-35a7f50acc1b,은혜꽃농원,꽃집,서희1차현대 골목형상점가,골목형상점가,광주광역시,3.0,3.0,,,RESOLVED_AGREEMENT,False,3,,,,
60c2b831c2674b092698,val,꽃,T2 동의어,q_꽃_02,꽃집,생활서비스 중 '꽃'을 판매·제공하는 매장,e7a29284-ce04-4b43-bbbf-117cedfb8892,꽃집 들꽃향기,,장흥중앙로 골목형상점가,골목형상점가,,3.0,3.0,,,RESOLVED_AGREEMENT,False,3,,,,
a3f80485a6de07e1e2ca,val,꽃,T2 동의어,q_꽃_02,꽃집,생활서비스 중 '꽃'을 판매·제공하는 매장,04b1ff99-e4e2-47bb-bcae-f7079bd73cae,삼성꽃집,조화,포항죽도시장,전통시장,경상북도,2.0,3.0,,,P2_GRADED_ONLY,True,,,,,
3e75d8d3b2f905a29ec6,val,꽃,T2 동의어,q_꽃_02,꽃집,생활서비스 중 '꽃'을 판매·제공하는 매장,4ed75aae-093c-4ead-8698-d743aeef147f,꽃집시월,"꽃집, 꽃배달",다정한 골목형상점가,골목형상점가,세종특별자치시,3.0,3.0,,,RESOLVED_AGREEMENT,False,3,,,,
1e2a599c32d51c4e98e4,val,꽃,T2 동의어,q_꽃_02,꽃집,생활서비스 중 '꽃'을 판매·제공하는 매장,604fd235-a1b1-49c1-8450-7136c8f727c3,미아플라워,꽃집,미사강변 골목형상점가,골목형상점가,경기도,3.0,3.0,,,RESOLVED_AGREEMENT,False,3,,,,
7e2971990b620c0f3f98,val,꽃,T2 동의어,q_꽃_02,꽃집,생활서비스 중 '꽃'을 판매·제공하는 매장,cdb13f1a-1aa8-45fc-9c64-0a7078a1e43d,장미나라,꽃집,운암 서암대로1 골목형상점가,골목형상점가,광주광역시,3.0,3.0,,,RESOLVED_AGREEMENT,False,3,,,,
2aca4bd57148743af3fc,val,꽃,T2 동의어,q_꽃_02,꽃집,생활서비스 중 '꽃'을 판매·제공하는 매장,c982a516-7110-4738-ad3c-dfb2513c736b,처음꽃방,꽃집,동해남부재래시장,전통시장,강원특별자치도,3.0,3.0,,,RESOLVED_AGREEMENT,False,3,,,,
5bdf037c2df85f042e1c,val,꽃,T2 동의어,q_꽃_02,꽃집,생활서비스 중 '꽃'을 판매·제공하는 매장,d693bcbd-a9fa-4239-b63b-16af8ccd0913,싱싱한 꽃집,꽃,정이있는 구포시장,전통시장,부산광역시,3.0,3.0,,,RESOLVED_AGREEMENT,False,3,,,,
91c99e09abe61f74927f,val,꽃,T2 동의어,q_꽃_02,꽃집,생활서비스 중 '꽃'을 판매·제공하는 매장,012ed1bc-d2d6-4dad-8b36-6ad33d367ab2,24시꽃집럭키플라워송도점,생화 식물,송도랜드마크시티 센트럴더샵 골목형상점가,골목형상점가,인천광역시,3.0,3.0,,,RESOLVED_AGREEMENT,False,3,,,,
12e1db6eab3acfeafadc,val,꽃,T2 동의어,q_꽃_02,꽃집,생활서비스 중 '꽃'을 판매·제공하는 매장,4e0beb5c-fc71-441c-981f-70b83382cf7d,드림플라워,꽃집,서희1차현대 골목형상점가,골목형상점가,광주광역시,3.0,3.0,,,RESOLVED_AGREEMENT,False,3,,,,
54adf73f256605cc7a30,val,꽃,T2 동의어,q_꽃_02,꽃집,생활서비스 중 '꽃'을 판매·제공하는 매장,f06e2882-121d-4a4c-938a-e0e4f5705f7f,보촌농원,꽃집,서희1차현대 골목형상점가,골목형상점가,광주광역시,3.0,3.0,,,RESOLVED_AGREEMENT,False,3,,,,
61cd0798d6793f4411f2,val,꽃,T2 동의어,q_꽃_02,꽃집,생활서비스 중 '꽃'을 판매·제공하는 매장,0123cf0c-2929-4bbe-9b13-1354e60a6922,혜오르 플라워(HYEOR FLOWER),생화 및 식물,신창진흥 골목형상점가,골목형상점가,광주광역시,3.0,3.0,,,RESOLVED_AGREEMENT,False,3,,,,
de2bf7d084d0205e8ccf,val,꽃,T2 동의어,q_꽃_02,꽃집,생활서비스 중 '꽃'을 판매·제공하는 매장,00b20e6f-4b2f-410f-984c-b6a206704138,나리화원.꽃,,승달 골목형상점가,골목형상점가,,3.0,3.0,,,RESOLVED_AGREEMENT,False,3,,,,
fea1811f066d38ced0ce,val,꽃,T2 동의어,q_꽃_02,꽃집,생활서비스 중 '꽃'을 판매·제공하는 매장,fcc936b2-3189-4ead-98dc-c4c49f968d9d,행복화원,꽃집,서희1차현대 골목형상점가,골목형상점가,광주광역시,3.0,3.0,,,RESOLVED_AGREEMENT,False,3,,,,
3175ccd5670013c8f69a,val,꽃,T2 동의어,q_꽃_02,꽃집,생활서비스 중 '꽃'을 판매·제공하는 매장,0393ce95-3e7d-4bb5-8ad3-e5da1199e516,꽃사랑화원,화원,남해 명품화전길 골목형상점가,골목형상점가,경상남도,3.0,3.0,,,RESOLVED_AGREEMENT,False,3,,,,
259ecb4666109991a105,val,꽃,T2 동의어,q_꽃_02,꽃집,생활서비스 중 '꽃'을 판매·제공하는 매장,070a949c-b89d-4ccf-8e63-1743372657bf,조경나라,조화,고투몰(강남터미널지하도상점가),일반지하상점가,서울특별시,1.0,3.0,,,P1_BINARY_THRESHOLD,True,,,,,
825e86f7387e4d51d2ea,val,꽃,T2 동의어,q_꽃_02,꽃집,생활서비스 중 '꽃'을 판매·제공하는 매장,4b8d360b-2a99-46a9-8fa2-cefd7c23aa34,세연이네꽃방,꽃집,상암동상점가,자율상권구역,서울특별시,3.0,3.0,,,RESOLVED_AGREEMENT,False,3,,,,
a4f49cfbc068ed150e14,val,꽃,T2 동의어,q_꽃_02,꽃집,생활서비스 중 '꽃'을 판매·제공하는 매장,0043469e-66b6-48d0-b7a9-d87c0887cf59,꽃이예쁜집,꽃,장동앞길 골목형상점가,골목형상점가,광주광역시,3.0,3.0,,,RESOLVED_AGREEMENT,False,3,,,,
5a0643f9a90ef4733e1d,val,꽃,T2 동의어,q_꽃_02,꽃집,생활서비스 중 '꽃'을 판매·제공하는 매장,c02f7529-042f-48b8-85a7-8151ca11ca7b,꽃집 림야,"꽃, 식물",새샘하루 골목형상점가,골목형상점가,세종특별자치시,3.0,3.0,,,RESOLVED_AGREEMENT,False,3,,,,
639e2ae488a8230b3e8b,val,꽃,T2 동의어,q_꽃_02,꽃집,생활서비스 중 '꽃'을 판매·제공하는 매장,03de55fd-e04d-4c83-861f-72bd167d8afc,드레스플라워,,대봉모리 골목형상점가,골목형상점가,대구광역시,3.0,3.0,,,RESOLVED_AGREEMENT,False,3,,,,
495bf7f28dcff2b6475c,val,꽃,T2 동의어,q_꽃_02,꽃집,생활서비스 중 '꽃'을 판매·제공하는 매장,1efe5c1e-357b-4186-81c7-88bf538f3a57,샤론꽃집,꽃집,대구꽃백화점 골목형상점가,골목형상점가,대구광역시,3.0,3.0,,,RESOLVED_AGREEMENT,False,3,,,,
a60f8110a5c5262f5780,val,꽃,T2 동의어,q_꽃_02,꽃집,생활서비스 중 '꽃'을 판매·제공하는 매장,21917a35-0b5a-4960-859f-c13a13fd614b,꽃순이,꽃집,부산국제시장,전통시장,부산광역시,3.0,3.0,,,RESOLVED_AGREEMENT,False,3,,,,
aa9afb8566b7a86e76c3,val,꽃,T2 동의어,q_꽃_02,꽃집,생활서비스 중 '꽃'을 판매·제공하는 매장,94019ef1-8bfc-45ea-b8be-7e8b0c7b7b35,남경회수산,"활어회포장, 배달",원대신시장,전통시장,대구광역시,0.0,0.0,,,RESOLVED_AGREEMENT,False,0,,,,
6745b9948c21cf2ef12a,val,꽃,T2 동의어,q_꽃_02,꽃집,생활서비스 중 '꽃'을 판매·제공하는 매장,02c687d7-3422-41e4-be2d-39d56a3ff206,놀작아트팝 미술교습소,교육미술,자운대 골목형상점가,골목형상점가,대전광역시,0.0,0.0,,,RESOLVED_AGREEMENT,False,0,,,,
b93ccf70da937feddc17,val,꽃,T2 동의어,q_꽃_02,꽃집,생활서비스 중 '꽃'을 판매·제공하는 매장,00afc023-f2e3-417c-b675-42c0a2f682ac,경영꽃집,꽃,유성구암 골목형상점가,골목형상점가,대전광역시,3.0,3.0,,,RESOLVED_AGREEMENT,False,3,,,,
56e02302153bf34f7f9c,val,꽃,T2 동의어,q_꽃_02,꽃집,생활서비스 중 '꽃'을 판매·제공하는 매장,1e82dd11-c331-4fb1-a897-60d259d3960c,꽃나래,꽃집,양산 나래메트로시티 골목형상점가,골목형상점가,경상남도,3.0,3.0,,,RESOLVED_AGREEMENT,False,3,,,,
650f4e80b84e314dcf9d,val,꽃,T2 동의어,q_꽃_02,꽃집,생활서비스 중 '꽃'을 판매·제공하는 매장,9b4fc779-b33c-4d82-bee6-9acf7defc3c1,주식회사 두두컴퍼니코리아,배달,자양로13길골목형상점가,골목형상점가,서울특별시,0.0,0.0,,,RESOLVED_AGREEMENT,False,0,,,,
afddb8f7359db600207b,val,꽃,T2 동의어,q_꽃_02,꽃집,생활서비스 중 '꽃'을 판매·제공하는 매장,00b610a8-8a8a-4c5e-9e0b-cba5e4d22c93,에덴꽃화원,꽃,태화시장,전통시장,울산광역시,3.0,3.0,,,RESOLVED_AGREEMENT,False,3,,,,
068bb235dc0d744d3552,val,꽃,T2 동의어,q_꽃_02,꽃집,생활서비스 중 '꽃'을 판매·제공하는 매장,2c599e14-7e33-4651-9ff3-a34a73f7cc3e,연화목,꽃집,백석한들1번가 골목형상점가,골목형상점가,충청남도,3.0,3.0,,,RESOLVED_AGREEMENT,False,3,,,,
c22c750d0470dde21dba,val,꽃,T2 동의어,q_꽃_02,꽃집,생활서비스 중 '꽃'을 판매·제공하는 매장,8819d46a-89ec-487b-98a6-fb5f0060c5fe,미담화 꽃집,생화,중외공원길 골목형상점가,골목형상점가,광주광역시,3.0,3.0,,,RESOLVED_AGREEMENT,False,3,,,,
6263c88422c2ee4204cb,val,꽃,T2 동의어,q_꽃_02,꽃집,생활서비스 중 '꽃'을 판매·제공하는 매장,01361075-0980-43ea-8c81-a58d44a604bb,플라워루체,생화,운암북문대로 골목형상점가,골목형상점가,광주광역시,3.0,3.0,,,RESOLVED_AGREEMENT,False,3,,,,
605723677785eb6b5da1,val,꽃,T2 동의어,q_꽃_02,꽃집,생활서비스 중 '꽃'을 판매·제공하는 매장,b673ed87-58db-4d09-be60-f04dbbc336a8,메이 플라워,꽃집,상록마을 우성종합 골목형상점가,골목형상점가,경기도,3.0,3.0,,,RESOLVED_AGREEMENT,False,3,,,,
3daccd7479c8136303b8,val,꽃,T2 동의어,q_꽃_02,꽃집,생활서비스 중 '꽃'을 판매·제공하는 매장,d4315754-5332-4a7c-9955-aed475690a82,꽃단지,꽃집,풍납시장,전통시장,서울특별시,3.0,3.0,,,RESOLVED_AGREEMENT,False,3,,,,
444d413510311bae84fc,val,꽃,T2 동의어,q_꽃_02,꽃집,생활서비스 중 '꽃'을 판매·제공하는 매장,308f2f39-3c42-41c5-9a51-a4469d825859,디어파트너,꽃집,전주혁신사랑 골목형상점가,골목형상점가,전북특별자치도,3.0,3.0,,,RESOLVED_AGREEMENT,False,3,,,,
08fa7b15be7310d3112f,val,꽃,T2 동의어,q_꽃_02,꽃집,생활서비스 중 '꽃'을 판매·제공하는 매장,d261f436-b600-4104-982e-ca592fd34fee,슬기플라워,꽃집,서희1차현대 골목형상점가,골목형상점가,광주광역시,3.0,3.0,,,RESOLVED_AGREEMENT,False,3,,,,
b6489520aaf72b6f5ed5,val,꽃,T2 동의어,q_꽃_02,꽃집,생활서비스 중 '꽃'을 판매·제공하는 매장,066a65ee-fe0b-442c-a440-4ce37e296082,화인꽃방,생화조화,김해 동상전통시장,전통시장,경상남도,3.0,3.0,,,RESOLVED_AGREEMENT,False,3,,,,
9bad177b236dbd203bfd,val,꽃,T2 동의어,q_꽃_02,꽃집,생활서비스 중 '꽃'을 판매·제공하는 매장,02b04299-d64f-4c59-b73c-487d485fff0f,속초꽃집 화사랑플라워,,청학사거리 골목형상점가,골목형상점가,강원특별자치도,3.0,3.0,,,RESOLVED_AGREEMENT,False,3,,,,
9049f072e0b50b9d4694,val,꽃,T2 동의어,q_꽃_02,꽃집,생활서비스 중 '꽃'을 판매·제공하는 매장,139f6d68-83b9-40cc-8339-120b154b8714,이딜리크,꽃집,월평1동 상인연합회,골목형상점가,대전광역시,3.0,3.0,,,RESOLVED_AGREEMENT,False,3,,,,
70f2e21d7d3976076088,val,꽃,T2 동의어,q_꽃_03,생화,생활서비스 중 '꽃'을 판매·제공하는 매장,babdcb82-00c8-4c64-bfe6-42a0c73cc2ed,일리아,생화,BOCA 보카상점가,골목형상점가,경기도,3.0,3.0,,,RESOLVED_AGREEMENT,False,3,,,,
106cdff77fa07c80ec90,val,꽃,T2 동의어,q_꽃_03,생화,생활서비스 중 '꽃'을 판매·제공하는 매장,c57ff15d-a804-43c1-861c-bd7cca77cb26,하가꽃,생화,하가지구 골목형상점가,골목형상점가,전북특별자치도,3.0,3.0,,,RESOLVED_AGREEMENT,False,3,,,,
2e3dc1780db785f27d7d,val,꽃,T2 동의어,q_꽃_03,생화,생활서비스 중 '꽃'을 판매·제공하는 매장,00046925-dcb7-4796-8c1e-0de154aa3825,가든꽃화원,생화,전주풍남문상점가,자율상권구역,전북특별자치도,3.0,3.0,,,RESOLVED_AGREEMENT,False,3,,,,
d5789ca4439fe65fe033,val,꽃,T2 동의어,q_꽃_03,생화,생활서비스 중 '꽃'을 판매·제공하는 매장,00b20e6f-4b2f-410f-984c-b6a206704138,나리화원.꽃,,승달 골목형상점가,골목형상점가,,2.0,3.0,,,P2_GRADED_ONLY,True,,,,,
59ba4b624146778e834f,val,꽃,T2 동의어,q_꽃_03,생화,생활서비스 중 '꽃'을 판매·제공하는 매장,0e5a591b-cc1f-4529-9593-c68d305729a6,꼬슬란꽃집,소매(화원),가평잣고을시장,전통시장,경기도,2.0,3.0,,,P2_GRADED_ONLY,True,,,,,
566d2fd3815b81297bfe,val,꽃,T2 동의어,q_꽃_03,생화,생활서비스 중 '꽃'을 판매·제공하는 매장,2958565f-3773-42c4-bb7d-16d2b785c96b,오늘기분,생화,철길공원 골목형상점가,골목형상점가,전북특별자치도,3.0,3.0,,,RESOLVED_AGREEMENT,False,3,,,,
cdcd0d94020018ee4255,val,꽃,T2 동의어,q_꽃_03,생화,생활서비스 중 '꽃'을 판매·제공하는 매장,03de55fd-e04d-4c83-861f-72bd167d8afc,드레스플라워,,대봉모리 골목형상점가,골목형상점가,대구광역시,2.0,3.0,,,P2_GRADED_ONLY,True,,,,,
827cdfd9f68c1b78a447,val,꽃,T2 동의어,q_꽃_03,생화,생활서비스 중 '꽃'을 판매·제공하는 매장,35a3da05-e782-4a5e-9cc0-b32dadd71932,파보플라워,생화,탕정미래 골목형상점가,골목형상점가,충청남도,3.0,3.0,,,RESOLVED_AGREEMENT,False,3,,,,
e349b52ac79fe05676f7,val,꽃,T2 동의어,q_꽃_03,생화,생활서비스 중 '꽃'을 판매·제공하는 매장,45a85963-e28e-4698-821a-7051f1e3e57b,청지꽃꽂이,생화,시장로타리지하상가,일반지하상점가,인천광역시,3.0,3.0,,,RESOLVED_AGREEMENT,False,3,,,,
fac22b090409a3e71919,val,꽃,T2 동의어,q_꽃_03,생화,생활서비스 중 '꽃'을 판매·제공하는 매장,f9fb5dc6-c0a1-432d-8d4f-78620d21f7cf,꽃길,생화,창원 신대방 골목형상점가,골목형상점가,경상남도,3.0,3.0,,,RESOLVED_AGREEMENT,False,3,,,,
31f14d038e8650d0a0aa,val,꽃,T2 동의어,q_꽃_03,생화,생활서비스 중 '꽃'을 판매·제공하는 매장,01b50703-620e-4976-9b84-a03f2ba9bdcf,메르세드플라워,,관저상가 골목형상점가,골목형상점가,대전광역시,2.0,3.0,,,P2_GRADED_ONLY,True,,,,,
d231461e7ff35bf723ea,val,꽃,T2 동의어,q_꽃_03,생화,생활서비스 중 '꽃'을 판매·제공하는 매장,f84792ca-ac20-412f-bbb3-8bbf11544499,꽃사랑,생화,대구꽃백화점 골목형상점가,골목형상점가,대구광역시,3.0,3.0,,,RESOLVED_AGREEMENT,False,3,,,,
7a554ae3f1b8a15f675d,val,꽃,T2 동의어,q_꽃_03,생화,생활서비스 중 '꽃'을 판매·제공하는 매장,04b1ff99-e4e2-47bb-bcae-f7079bd73cae,삼성꽃집,조화,포항죽도시장,전통시장,경상북도,2.0,3.0,,,P2_GRADED_ONLY,True,,,,,
72fa751891e81886dee8,val,꽃,T2 동의어,q_꽃_03,생화,생활서비스 중 '꽃'을 판매·제공하는 매장,02b04299-d64f-4c59-b73c-487d485fff0f,속초꽃집 화사랑플라워,,청학사거리 골목형상점가,골목형상점가,강원특별자치도,2.0,3.0,,,P2_GRADED_ONLY,True,,,,,
130d09010aa0785bb8e7,val,꽃,T2 동의어,q_꽃_03,생화,생활서비스 중 '꽃'을 판매·제공하는 매장,6c07de33-c9ab-48f7-a11e-5288bfd720bb,초화지,생화,선부광장로상점가,자율상권구역,경기도,3.0,3.0,,,RESOLVED_AGREEMENT,False,3,,,,
b7d8714f6fd6f00c1545,val,꽃,T2 동의어,q_꽃_03,생화,생활서비스 중 '꽃'을 판매·제공하는 매장,0dd53d86-3139-44a5-8488-bd49c845ef05,초롱꽃생화,생화,포항중앙상가,전통시장,경상북도,3.0,3.0,,,RESOLVED_AGREEMENT,False,3,,,,
c421734c1b7fec63a9f4,val,꽃,T2 동의어,q_꽃_03,생화,생활서비스 중 '꽃'을 판매·제공하는 매장,fba2de74-75f0-46b9-a95a-112ee7499d82,아담플라워,화환,월곡달빛오거리골목형상점가,골목형상점가,서울특별시,2.0,3.0,,,P2_GRADED_ONLY,True,,,,,
294fe1710de6370b14f7,val,꽃,T2 동의어,q_꽃_03,생화,생활서비스 중 '꽃'을 판매·제공하는 매장,0268ed52-44bd-4e9c-a295-7a64f656640a,양정화원,화원,관고전통시장,전통시장,경기도,2.0,3.0,,,P2_GRADED_ONLY,True,,,,,
7795fce0c7978ab0514a,val,꽃,T2 동의어,q_꽃_03,생화,생활서비스 중 '꽃'을 판매·제공하는 매장,136b0d38-57a7-4f5f-a5f8-3ae6e2a594c9,풍경,생화,효자천변1길 골목형상점가,골목형상점가,전북특별자치도,3.0,3.0,,,RESOLVED_AGREEMENT,False,3,,,,
e594143498ebcf6e4101,val,꽃,T2 동의어,q_꽃_03,생화,생활서비스 중 '꽃'을 판매·제공하는 매장,e3458789-9ba1-4e85-a0c1-ecdb78166cb9,마포숯불갈비,한식,문흥1동 골목형상점가,골목형상점가,광주광역시,0.0,0.0,,,RESOLVED_AGREEMENT,False,0,,,,
b646c17a2d39a3654565,val,꽃,T2 동의어,q_꽃_03,생화,생활서비스 중 '꽃'을 판매·제공하는 매장,001b5693-72ee-4677-9cdb-39117fbc932a,로사리움,꽃,첨단지구 골목형상점가,골목형상점가,광주광역시,2.0,3.0,,,P2_GRADED_ONLY,True,,,,,
020304f9a5bd73d0ab34,val,꽃,T2 동의어,q_꽃_03,생화,생활서비스 중 '꽃'을 판매·제공하는 매장,7a242fbd-249d-4ae5-8ddb-add211b09ba2,꽃핀날,생화,숭인사랑골목형상점가,골목형상점가,서울특별시,3.0,3.0,,,RESOLVED_AGREEMENT,False,3,,,,
0bec135d1b4f8e7847cb,val,꽃,T2 동의어,q_꽃_03,생화,생활서비스 중 '꽃'을 판매·제공하는 매장,7f3d529e-5afe-4d8b-873d-67ab3f88e7e7,꽃구름,생화,명덕마을 골목형상점가,골목형상점가,울산광역시,3.0,3.0,,,RESOLVED_AGREEMENT,False,3,,,,
d67df1dc4730a49445d6,val,꽃,T2 동의어,q_꽃_03,생화,생활서비스 중 '꽃'을 판매·제공하는 매장,093ec6ba-c241-4d87-af2b-50a6fab1b4fa,도이브,생화,수완아름마을,골목형상점가,광주광역시,3.0,3.0,,,RESOLVED_AGREEMENT,False,3,,,,
02637f7ac6ce017d2703,val,꽃,T2 동의어,q_꽃_03,생화,생활서비스 중 '꽃'을 판매·제공하는 매장,2fd6db16-8b47-41d4-b6d9-a1cc57c25343,미리내flowershop,"생화, 조화, 화분, 화환",인동중앙상점가,골목형상점가,경상북도,3.0,3.0,,,RESOLVED_AGREEMENT,False,3,,,,
581de36a5a76102b2258,val,꽃,T2 동의어,q_꽃_03,생화,생활서비스 중 '꽃'을 판매·제공하는 매장,482d229b-2988-4616-b30b-31ad002f5c19,제주,생화,대구꽃백화점 골목형상점가,골목형상점가,대구광역시,3.0,3.0,,,RESOLVED_AGREEMENT,False,3,,,,
2c10062f64374a04855b,val,꽃,T2 동의어,q_꽃_03,생화,생활서비스 중 '꽃'을 판매·제공하는 매장,4f429078-685a-42f2-9b6c-9be06316f0eb,가든메이,생화,금암동 골목형상점가,골목형상점가,충청남도,3.0,3.0,,,RESOLVED_AGREEMENT,False,3,,,,
b1d3db3da0c94a1c0ee1,val,꽃,T2 동의어,q_꽃_03,생화,생활서비스 중 '꽃'을 판매·제공하는 매장,38e277c7-2df1-4eb6-8ea6-2e802481eb45,수선화,생화,학동 남문로 골목형상점가,골목형상점가,광주광역시,3.0,3.0,,,RESOLVED_AGREEMENT,False,3,,,,
a5386d5088d9751fdd60,val,꽃,T2 동의어,q_꽃_03,생화,생활서비스 중 '꽃'을 판매·제공하는 매장,fda1d7c4-8836-458b-8e2e-169629ad283c,궁전노래연습장,노래연습장,남성역먹거리골목형상점가,골목형상점가,서울특별시,0.0,0.0,,,RESOLVED_AGREEMENT,False,0,,,,
7d9c85fc0afb117c9554,val,꽃,T2 동의어,q_꽃_03,생화,생활서비스 중 '꽃'을 판매·제공하는 매장,0123cf0c-2929-4bbe-9b13-1354e60a6922,혜오르 플라워(HYEOR FLOWER),생화 및 식물,신창진흥 골목형상점가,골목형상점가,광주광역시,3.0,3.0,,,RESOLVED_AGREEMENT,False,3,,,,
0e4f4d3563b37c7d4c95,val,꽃,T2 동의어,q_꽃_03,생화,생활서비스 중 '꽃'을 판매·제공하는 매장,006964ff-b2f9-421f-8fa7-f87219c26c0a,블리스블룸,생화,BOCA 보카상점가,골목형상점가,경기도,3.0,3.0,,,RESOLVED_AGREEMENT,False,3,,,,
1599b61c3a4daa1785e7,val,꽃,T2 동의어,q_꽃_03,생화,생활서비스 중 '꽃'을 판매·제공하는 매장,00b610a8-8a8a-4c5e-9e0b-cba5e4d22c93,에덴꽃화원,꽃,태화시장,전통시장,울산광역시,2.0,3.0,,,P2_GRADED_ONLY,True,,,,,
a1d91bf56e0cab6599bb,val,꽃,T2 동의어,q_꽃_03,생화,생활서비스 중 '꽃'을 판매·제공하는 매장,095e5e59-0c33-4606-8ebd-b997096638a6,대구꽃집,생화,대구꽃백화점 골목형상점가,골목형상점가,대구광역시,3.0,3.0,,,RESOLVED_AGREEMENT,False,3,,,,
32e549b6b989a5c21d07,val,꽃,T2 동의어,q_꽃_03,생화,생활서비스 중 '꽃'을 판매·제공하는 매장,a385dc0d-a4a8-49c1-9459-00541d2a357f,진플라워,"생화, 관엽, 동양난, 서양난, 화분, 화환, 꽃배달",문화길 골목형상점가,골목형상점가,세종특별자치시,3.0,3.0,,,RESOLVED_AGREEMENT,False,3,,,,
0e35bda72659d2cfbd8a,val,꽃,T2 동의어,q_꽃_03,생화,생활서비스 중 '꽃'을 판매·제공하는 매장,0838ebd8-8e52-472e-8b55-713d7e585593,현꽃집,생화,영신상가,전통시장,서울특별시,3.0,3.0,,,RESOLVED_AGREEMENT,False,3,,,,
3320ab420f5c7cfb5f2c,val,꽃,T2 동의어,q_꽃_03,생화,생활서비스 중 '꽃'을 판매·제공하는 매장,848a5f9a-f20b-4191-99a8-2050e9548ce7,새벽정원,생화,망리단길골목형상점가,골목형상점가,서울특별시,3.0,3.0,,,RESOLVED_AGREEMENT,False,3,,,,
3075192de5c32cf250e8,val,꽃,T2 동의어,q_꽃_03,생화,생활서비스 중 '꽃'을 판매·제공하는 매장,eea94029-aee8-45dc-bc2f-c5070c104514,줄포상회,수산물,노량진수산시장골목형상점가,골목형상점가,서울특별시,0.0,0.0,,,RESOLVED_AGREEMENT,False,0,,,,
d236606f8c1d9fcc0111,val,꽃,T2 동의어,q_꽃_03,생화,생활서비스 중 '꽃'을 판매·제공하는 매장,6e60fbfc-4128-4034-9373-379e27aab5dc,미니센트,생화,정부청사 골목형상점가,골목형상점가,광주광역시,3.0,3.0,,,RESOLVED_AGREEMENT,False,3,,,,
12a1cda813b418183f60,val,꽃,T2 동의어,q_꽃_03,생화,생활서비스 중 '꽃'을 판매·제공하는 매장,2275e28f-e3e4-4b3a-8ade-cfc5d13550ff,아미고,생화,"온양온천시장(온양재래시장, 전통시장)",전통시장,충청남도,3.0,3.0,,,RESOLVED_AGREEMENT,False,3,,,,
761c09fd4c2064c9e94f,val,꽃,T2 동의어,q_꽃_03,생화,생활서비스 중 '꽃'을 판매·제공하는 매장,d630c14a-a78a-495d-ac65-1973237b56d8,목화,생화,장천동상가,자율상권구역,전라남도,3.0,3.0,,,RESOLVED_AGREEMENT,False,3,,,,
e1bef84ac0100492cda0,val,꽃,T2 동의어,q_꽃_03,생화,생활서비스 중 '꽃'을 판매·제공하는 매장,7183b3a6-0671-404f-813a-51a48ccd3864,팅커벨,생화,하남대로가구의거리상인회 골목형상점가,골목형상점가,광주광역시,3.0,3.0,,,RESOLVED_AGREEMENT,False,3,,,,
fc6a36357c4f9072ab09,val,꽃,T2 동의어,q_꽃_03,생화,생활서비스 중 '꽃'을 판매·제공하는 매장,f7c78060-ec71-4240-a7fc-01080a8cb689,으뜸원,생화,순헌황귀비길 골목형상점가,골목형상점가,서울특별시,3.0,3.0,,,RESOLVED_AGREEMENT,False,3,,,,
2f59ada4eb17bef44bca,val,꽃,T2 동의어,q_꽃_03,생화,생활서비스 중 '꽃'을 판매·제공하는 매장,0043469e-66b6-48d0-b7a9-d87c0887cf59,꽃이예쁜집,꽃,장동앞길 골목형상점가,골목형상점가,광주광역시,2.0,3.0,,,P2_GRADED_ONLY,True,,,,,
05e9e3bd6ae690e9a9e0,val,꽃,T2 동의어,q_꽃_03,생화,생활서비스 중 '꽃'을 판매·제공하는 매장,0dc54a43-0aee-4fcb-939d-b0f59e5b1b25,금원꽃집,,송강동 골목형상점가,골목형상점가,대전광역시,2.0,3.0,,,P2_GRADED_ONLY,True,,,,,
5d953a03e919915f4637,val,꽃,T2 동의어,q_꽃_03,생화,생활서비스 중 '꽃'을 판매·제공하는 매장,10845c7a-1388-40af-aee6-13938da3da2a,세영생화,생화,옥골시장,전통시장,울산광역시,3.0,3.0,,,RESOLVED_AGREEMENT,False,3,,,,
e057091d3bd5fc9531b0,val,꽃,T2 동의어,q_꽃_03,생화,생활서비스 중 '꽃'을 판매·제공하는 매장,526f4972-b9dc-4094-b5da-6d8090076e1d,화소림,생화,둔산꽃길 골목형상점가,골목형상점가,대전광역시,3.0,3.0,,,RESOLVED_AGREEMENT,False,3,,,,
1fe6ad785ee310e0f8c6,val,꽃,T2 동의어,q_꽃_03,생화,생활서비스 중 '꽃'을 판매·제공하는 매장,82fe3969-3c88-4866-9a50-3c8976724828,들에핀꽃,생화,전주송천동골목형상점가,골목형상점가,전북특별자치도,3.0,3.0,,,RESOLVED_AGREEMENT,False,3,,,,
1bdc475d982c0318b1a8,val,꽃,T2 동의어,q_꽃_03,생화,생활서비스 중 '꽃'을 판매·제공하는 매장,010fea22-a965-4d8e-a805-083042a361ec,니어앤디어Cafe,꽃,상주중앙시장,전통시장,경상북도,2.0,3.0,,,P2_GRADED_ONLY,True,,,,,
c8678790fffdf270df91,val,꽃,T2 동의어,q_꽃_03,생화,생활서비스 중 '꽃'을 판매·제공하는 매장,78dd1e5d-e8a3-4cd6-b212-c488dd86a434,진해꽃집,생화,진해중앙시장,전통시장,경상남도,3.0,3.0,,,RESOLVED_AGREEMENT,False,3,,,,
4aee2d18affe851256aa,val,꽃,T2 동의어,q_꽃_03,생화,생활서비스 중 '꽃'을 판매·제공하는 매장,01d1c245-a6a7-441a-8977-85303f01e56e,인플라워,생화,유성도안 골목형상점가,골목형상점가,대전광역시,3.0,3.0,,,RESOLVED_AGREEMENT,False,3,,,,
8cbc5a8c569277882d19,val,꽃,T2 동의어,q_꽃_03,생화,생활서비스 중 '꽃'을 판매·제공하는 매장,16957e71-5a95-492b-bf75-815e56cb2685,꽃의낙원,생화,약수시장골목형상점가,골목형상점가,서울특별시,3.0,3.0,,,RESOLVED_AGREEMENT,False,3,,,,
a89e3e46a2a9419b38e1,val,꽃,T2 동의어,q_꽃_03,생화,생활서비스 중 '꽃'을 판매·제공하는 매장,00b13ca2-ef5b-4243-9a38-2de8507a2c21,남촌플라워,생화,용상공설시장,전통시장,경상북도,3.0,3.0,,,RESOLVED_AGREEMENT,False,3,,,,
2f5a5fba4af8c23f848e,val,꽃,T2 동의어,q_꽃_03,생화,생활서비스 중 '꽃'을 판매·제공하는 매장,a936f2f5-32ba-4870-9cb5-5fcd9ff7458b,첨단화원,생화,첨단이웃사랑 골목형상점가,골목형상점가,광주광역시,3.0,3.0,,,RESOLVED_AGREEMENT,False,3,,,,
4f8b51d81ca268974de8,val,꽃,T2 동의어,q_꽃_03,생화,생활서비스 중 '꽃'을 판매·제공하는 매장,139f6d68-83b9-40cc-8339-120b154b8714,이딜리크,꽃집,월평1동 상인연합회,골목형상점가,대전광역시,2.0,3.0,,,P2_GRADED_ONLY,True,,,,,
ab4732a71eaf5db530dd,val,꽃,T2 동의어,q_꽃_03,생화,생활서비스 중 '꽃'을 판매·제공하는 매장,3be436e0-84d5-412e-abfb-75f0677fa69d,미소꽃방,생화,산본로데오거리(구 산본중심상가),자율상권구역,경기도,3.0,3.0,,,RESOLVED_AGREEMENT,False,3,,,,
2543a08a35a17bd09c61,val,꽃,T2 동의어,q_꽃_03,생화,생활서비스 중 '꽃'을 판매·제공하는 매장,baebb033-7ab3-41de-acf1-d2b9aa435d76,꽃수레,생화,백년소상공인,기타,경상북도,3.0,3.0,,,RESOLVED_AGREEMENT,False,3,,,,
ab3b844122e200cceff2,val,꽃,T2 동의어,q_꽃_03,생화,생활서비스 중 '꽃'을 판매·제공하는 매장,b3fcaf5a-4878-41c3-8a2f-1bc3a9c7f899,끌레르,생화,나성BRT 골목형상점가,골목형상점가,세종특별자치시,3.0,3.0,,,RESOLVED_AGREEMENT,False,3,,,,
f7fc79012d7a28cb4ff1,val,꽃,T2 동의어,q_꽃_03,생화,생활서비스 중 '꽃'을 판매·제공하는 매장,0087b08e-75d9-4580-98ee-b89a11922c32,전광화원,,장흥시장 골목형상점가,골목형상점가,,2.0,3.0,,,P2_GRADED_ONLY,True,,,,,
390ea04cb8673f0ac7b0,val,꽃,T2 동의어,q_꽃_03,생화,생활서비스 중 '꽃'을 판매·제공하는 매장,8b619417-9d46-4052-b3ad-4edc5200615f,민경기름방,식육유지류,구룡포시장,전통시장,경상북도,0.0,0.0,,,RESOLVED_AGREEMENT,False,0,,,,
ea20ef4c2dddf4d214d0,val,꽃,T2 동의어,q_꽃_03,생화,생활서비스 중 '꽃'을 판매·제공하는 매장,e6ea3226-d51d-4709-a9bb-79e6a10ad404,꽃나라,생화,영일대북부시장(구 북부시장),전통시장,경상북도,3.0,3.0,,,RESOLVED_AGREEMENT,False,3,,,,
a75a6440dd4c6b7840bd,val,꽃,T2 동의어,q_꽃_03,생화,생활서비스 중 '꽃'을 판매·제공하는 매장,87856aa7-e031-4a64-9b11-8089d26e1d5c,J플라워,생화,치평동중흥상가상인회 골목형상점가,골목형상점가,광주광역시,3.0,3.0,,,RESOLVED_AGREEMENT,False,3,,,,
ec6941ff50bed2b6b9a9,val,꽃,T2 동의어,q_꽃_03,생화,생활서비스 중 '꽃'을 판매·제공하는 매장,01361075-0980-43ea-8c81-a58d44a604bb,플라워루체,생화,운암북문대로 골목형상점가,골목형상점가,광주광역시,3.0,3.0,,,RESOLVED_AGREEMENT,False,3,,,,
1c799020374f2af8bf5d,val,꽃,T2 동의어,q_꽃_03,생화,생활서비스 중 '꽃'을 판매·제공하는 매장,7b76f020-6dcb-4a88-b451-ad2b1d4f0232,만개정원,생화,퐁당거리 골목형상점가,골목형상점가,전라남도,3.0,3.0,,,RESOLVED_AGREEMENT,False,3,,,,
ac0f3fe5d07e5e5047e1,val,꽃,T2 동의어,q_꽃_03,생화,생활서비스 중 '꽃'을 판매·제공하는 매장,046df2a5-89ee-4b7a-8aad-91bdc5272130,향기플라워,,정남진활력의거리 골목형상점가,골목형상점가,,2.0,3.0,,,P2_GRADED_ONLY,True,,,,,
e41c9a7e3ef2cd85ecbb,val,꽃,T2 동의어,q_꽃_03,생화,생활서비스 중 '꽃'을 판매·제공하는 매장,2e816a98-c86e-433c-a977-85026010f8d7,솔로몬,생화,칠성시장,전통시장,대구광역시,3.0,3.0,,,RESOLVED_AGREEMENT,False,3,,,,
a3e4f9a3450cf84510ec,val,꽃,T2 동의어,q_꽃_03,생화,생활서비스 중 '꽃'을 판매·제공하는 매장,09ac7cf1-86a5-4f4d-80d7-72710de26799,꽃동네,생화,태화시장,전통시장,울산광역시,3.0,3.0,,,RESOLVED_AGREEMENT,False,3,,,,
d397b6bbb43e49a9e468,val,꽃,T2 동의어,q_꽃_03,생화,생활서비스 중 '꽃'을 판매·제공하는 매장,4e8a85fb-13d3-4bc7-a9ed-17ad1dabad4f,보고팟,생화,나주혁신도시 골목형상점가,골목형상점가,전라남도,3.0,3.0,,,RESOLVED_AGREEMENT,False,3,,,,
8b985fc07e076a297b69,val,꽃,T2 동의어,q_꽃_03,생화,생활서비스 중 '꽃'을 판매·제공하는 매장,2db3d1cd-df05-4f7b-9e1c-dc4244ad407c,꽃빛,생화,화동길상점가,자율상권구역,전북특별자치도,3.0,3.0,,,RESOLVED_AGREEMENT,False,3,,,,
3071203854ac4286f656,val,꽃,T2 동의어,q_꽃_03,생화,생활서비스 중 '꽃'을 판매·제공하는 매장,2e21a222-1dde-438f-bd3b-8ebbd1fd91b3,소이화,생화,다정한 골목형상점가,골목형상점가,세종특별자치시,3.0,3.0,,,RESOLVED_AGREEMENT,False,3,,,,
b16e26d0259b0564627c,val,꽃,T2 동의어,q_꽃_03,생화,생활서비스 중 '꽃'을 판매·제공하는 매장,04c231bf-d3f7-4202-b3a8-d03eb7531853,실버라인,도소매(조화),고투몰(강남터미널지하도상점가),일반지하상점가,서울특별시,1.0,3.0,,,P1_BINARY_THRESHOLD,True,,,,,
d9ada02b12635b4c32bc,val,꽃,T2 동의어,q_꽃_03,생화,생활서비스 중 '꽃'을 판매·제공하는 매장,7290953f-b420-48cc-a936-0acf244713b0,아라꽃집,생화,대흥동 특화거리 상점가,자율상권구역,대전광역시,3.0,3.0,,,RESOLVED_AGREEMENT,False,3,,,,
94ac0ea9a29cb0038df9,val,꽃,T2 동의어,q_꽃_03,생화,생활서비스 중 '꽃'을 판매·제공하는 매장,7e7c6db1-b11e-42e8-a602-a31925ddc3d4,하롯샘에꽃필때,생화,인덕원 골목형상점가,골목형상점가,경기도,3.0,3.0,,,RESOLVED_AGREEMENT,False,3,,,,
1109e1d47bcde5d08807,val,꽃,T2 동의어,q_꽃_03,생화,생활서비스 중 '꽃'을 판매·제공하는 매장,359df784-64ca-44d9-843d-119b126f095a,서산헬퍼,배달,서산동부전통시장,전통시장,충청남도,0.0,0.0,,,RESOLVED_AGREEMENT,False,0,,,,
db87ae07ab3b14fd5d9a,val,꽃,T2 동의어,q_꽃_03,생화,생활서비스 중 '꽃'을 판매·제공하는 매장,09c8f667-54f0-4904-a60b-a025b5a48c50,기쁨샘,생화,남대문시장,전통시장,서울특별시,3.0,3.0,,,RESOLVED_AGREEMENT,False,3,,,,
63e9cf1bbc37042699d3,val,꽃,T2 동의어,q_꽃_03,생화,생활서비스 중 '꽃'을 판매·제공하는 매장,ef3d4c0a-feb7-44fe-bbdd-47443b35f13b,꽃드리,생화,광탄전통시장,전통시장,경기도,3.0,3.0,,,RESOLVED_AGREEMENT,False,3,,,,
850bcc936c869c298442,val,꽃,T2 동의어,q_꽃_03,생화,생활서비스 중 '꽃'을 판매·제공하는 매장,65203421-d966-47ef-ba49-952b8451d901,꽃길화원,생화,부산자유시장,전통시장,부산광역시,3.0,3.0,,,RESOLVED_AGREEMENT,False,3,,,,
95403891c69f9698212b,val,꽃,T2 동의어,q_꽃_03,생화,생활서비스 중 '꽃'을 판매·제공하는 매장,88497932-355f-472a-bed9-887f48f18430,소프,생화,해방촌 골목형상점가,골목형상점가,서울특별시,3.0,3.0,,,RESOLVED_AGREEMENT,False,3,,,,
d8ba8216734bc86ee242,val,꽃,T2 동의어,q_꽃_03,생화,생활서비스 중 '꽃'을 판매·제공하는 매장,070a949c-b89d-4ccf-8e63-1743372657bf,조경나라,조화,고투몰(강남터미널지하도상점가),일반지하상점가,서울특별시,1.0,3.0,,,P1_BINARY_THRESHOLD,True,,,,,
ac51694adaf0be68930c,val,꽃,T2 동의어,q_꽃_03,생화,생활서비스 중 '꽃'을 판매·제공하는 매장,96b5044c-7637-4aa5-9757-ca450d16cddd,명연꽃집,생화,영신상가,전통시장,서울특별시,3.0,3.0,,,RESOLVED_AGREEMENT,False,3,,,,
ee1d7f4bab8a47c7a31d,val,꽃,T2 동의어,q_꽃_03,생화,생활서비스 중 '꽃'을 판매·제공하는 매장,de67cbce-0b4f-44f1-8f3c-b86f3542e644,생활꽃공간,생화,양주가래비중앙로상점가,골목형상점가,경기도,3.0,3.0,,,RESOLVED_AGREEMENT,False,3,,,,
83da694a49e59a29c34c,val,꽃,T2 동의어,q_꽃_03,생화,생활서비스 중 '꽃'을 판매·제공하는 매장,d1ebf17f-2418-4496-a2e2-0211e98b478c,풀빛희원,생화,첨단부영 골목형상점가,골목형상점가,광주광역시,3.0,3.0,,,RESOLVED_AGREEMENT,False,3,,,,
3fb83b5625d17849c265,val,꽃,T2 동의어,q_꽃_03,생화,생활서비스 중 '꽃'을 판매·제공하는 매장,a6b02578-aff3-45ba-88fc-98130cc4f9a9,화인,생화,신설동들락거리,골목형상점가,서울특별시,3.0,3.0,,,RESOLVED_AGREEMENT,False,3,,,,
662bdff554a09d95a245,val,꽃,T2 동의어,q_꽃_03,생화,생활서비스 중 '꽃'을 판매·제공하는 매장,760b5c20-e311-486f-ab27-b26adc6305ad,세븐일레븐 광주 쌍촌 에드가점,주류 담배 식품 비식품 음료 등,상무민주로상인회 골목형상점가,골목형상점가,광주광역시,0.0,0.0,,,RESOLVED_AGREEMENT,False,0,,,,
c93b869648aeb6b27fd9,val,꽃,T2 동의어,q_꽃_03,생화,생활서비스 중 '꽃'을 판매·제공하는 매장,10e7e9a0-781c-42c3-a0ca-9c4e17f57fbc,꽃동네,생화,둔산꽃길 골목형상점가,골목형상점가,대전광역시,3.0,3.0,,,RESOLVED_AGREEMENT,False,3,,,,
489b462d96bbf72c304e,val,꽃,T2 동의어,q_꽃_03,생화,생활서비스 중 '꽃'을 판매·제공하는 매장,ade5e17a-e6a8-496e-9f6b-fde1663b114b,오돌불닭발,한식,고잔뜰 상점가,자율상권구역,경기도,0.0,0.0,,,RESOLVED_AGREEMENT,False,0,,,,
641d133bb55cecdccf36,val,꽃,T2 동의어,q_꽃_03,생화,생활서비스 중 '꽃'을 판매·제공하는 매장,0393ce95-3e7d-4bb5-8ad3-e5da1199e516,꽃사랑화원,화원,남해 명품화전길 골목형상점가,골목형상점가,경상남도,2.0,3.0,,,P2_GRADED_ONLY,True,,,,,
7127659884d44427a04a,val,꽃,T2 동의어,q_꽃_03,생화,생활서비스 중 '꽃'을 판매·제공하는 매장,8ff13037-46a9-4b14-8e21-82c9f6c1a471,꼿밧,생화,중촌동 맞춤거리 상점가,자율상권구역,대전광역시,3.0,3.0,,,RESOLVED_AGREEMENT,False,3,,,,
96f176f33a34c149bcc1,val,꽃,T2 동의어,q_꽃_03,생화,생활서비스 중 '꽃'을 판매·제공하는 매장,25499cdd-8427-4566-a223-d5fd45aff705,소담꽃,생화,문흥2동 골목형상점가,골목형상점가,광주광역시,3.0,3.0,,,RESOLVED_AGREEMENT,False,3,,,,
0a2666828c9b69e3e9c1,val,꽃,T2 동의어,q_꽃_03,생화,생활서비스 중 '꽃'을 판매·제공하는 매장,066a65ee-fe0b-442c-a440-4ce37e296082,화인꽃방,생화조화,김해 동상전통시장,전통시장,경상남도,3.0,3.0,,,RESOLVED_AGREEMENT,False,3,,,,
c9b649642b0f0d76f5e4,val,꽃,T2 동의어,q_꽃_03,생화,생활서비스 중 '꽃'을 판매·제공하는 매장,082321ee-cdd8-442a-a380-1cb37a154668,레망마지끄,생화,경의숲길서강 골목형상점가,골목형상점가,서울특별시,3.0,3.0,,,RESOLVED_AGREEMENT,False,3,,,,
792c3f44472ee4251e1f,val,꽃,T2 동의어,q_꽃_03,생화,생활서비스 중 '꽃'을 판매·제공하는 매장,012ed1bc-d2d6-4dad-8b36-6ad33d367ab2,24시꽃집럭키플라워송도점,생화 식물,송도랜드마크시티 센트럴더샵 골목형상점가,골목형상점가,인천광역시,3.0,3.0,,,RESOLVED_AGREEMENT,False,3,,,,
22bd3c053683bd5a050a,val,꽃,T2 동의어,q_꽃_03,생화,생활서비스 중 '꽃'을 판매·제공하는 매장,712e52f5-8aa4-4220-af1a-4ba082a2e545,조은기름집,"쌀, 기름, 떡방아",일산서문상점가,자율상권구역,경기도,0.0,0.0,,,RESOLVED_AGREEMENT,False,0,,,,
286c0d063a930daf2eef,val,꽃,T2 동의어,q_꽃_03,생화,생활서비스 중 '꽃'을 판매·제공하는 매장,fcbbf76b-9a4a-4d81-b5b0-647881d98e8e,추씨농원,생화,대구꽃백화점 골목형상점가,골목형상점가,대구광역시,3.0,3.0,,,RESOLVED_AGREEMENT,False,3,,,,
5dc049b51b6d325c89e5,val,꽃,T2 동의어,q_꽃_03,생화,생활서비스 중 '꽃'을 판매·제공하는 매장,0fdda0b6-8af0-4e6d-9574-2a8b043c0bc0,이플,"꽃집, 꽃배달",담양중앙2번가 골목형상점가,골목형상점가,전라남도,2.0,3.0,,,P2_GRADED_ONLY,True,,,,,
3ea0325a86ae65622558,val,꽃,T2 동의어,q_꽃_03,생화,생활서비스 중 '꽃'을 판매·제공하는 매장,72df046a-f007-4eac-9862-52322ce51630,"돈,돼지족발",음식(한식),조원시장,전통시장,경기도,0.0,0.0,,,RESOLVED_AGREEMENT,False,0,,,,
b69b7b50a85ba8b10f8f,val,꽃,T2 동의어,q_꽃_03,생화,생활서비스 중 '꽃'을 판매·제공하는 매장,4c803252-e536-48ce-b395-3dbf73ddc4d0,아르장,생화,첨단지구 골목형상점가,골목형상점가,광주광역시,3.0,3.0,,,RESOLVED_AGREEMENT,False,3,,,,
96daed47b65ac5f498cc,val,꽃,T2 동의어,q_꽃_03,생화,생활서비스 중 '꽃'을 판매·제공하는 매장,07e2a120-4803-4634-bd52-ebd7c5433825,슬이네(보떼),조화,고투몰(강남터미널지하도상점가),일반지하상점가,서울특별시,1.0,3.0,,,P1_BINARY_THRESHOLD,True,,,,,
f131fb08dca0aa26afcf,val,꽃,T2 동의어,q_꽃_03,생화,생활서비스 중 '꽃'을 판매·제공하는 매장,b6dd669c-dd1c-4a99-af83-26d34064db97,필꽃집,생화,상인영남화성시장,전통시장,대구광역시,3.0,3.0,,,RESOLVED_AGREEMENT,False,3,,,,
59a28c1f8b1f7645f465,val,꽃,T2 동의어,q_꽃_03,생화,생활서비스 중 '꽃'을 판매·제공하는 매장,94019ef1-8bfc-45ea-b8be-7e8b0c7b7b35,남경회수산,"활어회포장, 배달",원대신시장,전통시장,대구광역시,0.0,0.0,,,RESOLVED_AGREEMENT,False,0,,,,
6b0699bf15fb28198f5d,val,꽃,T2 동의어,q_꽃_03,생화,생활서비스 중 '꽃'을 판매·제공하는 매장,1031e031-5186-4546-a215-aa3eafa04eb9,반율글라스,생화,엄사 골목형상점가,골목형상점가,충청남도,3.0,3.0,,,RESOLVED_AGREEMENT,False,3,,,,
5cdd602b9c00beab70e0,val,꽃,T2 동의어,q_꽃_03,생화,생활서비스 중 '꽃'을 판매·제공하는 매장,08b9f9fd-7584-41c1-ba08-8a0cbb126f18,유플라워,꽃집,달서시장,전통시장,대구광역시,2.0,3.0,,,P2_GRADED_ONLY,True,,,,,
8983985b4b222990bd36,val,꽃,T2 동의어,q_꽃_03,생화,생활서비스 중 '꽃'을 판매·제공하는 매장,a077d0a0-2aef-4689-b968-cea99be4a1d4,자연,생화,삼각동 골목형상점가,골목형상점가,광주광역시,3.0,3.0,,,RESOLVED_AGREEMENT,False,3,,,,
e8fa89947c9e28c40d18,val,꽃,T2 동의어,q_꽃_03,생화,생활서비스 중 '꽃'을 판매·제공하는 매장,2bb30eed-409d-46e0-9647-0522a5a1a88f,예원,생화,영신상가,전통시장,서울특별시,3.0,3.0,,,RESOLVED_AGREEMENT,False,3,,,,
4fab85c602319bb28da3,val,꽃,T2 동의어,q_꽃_03,생화,생활서비스 중 '꽃'을 판매·제공하는 매장,3f891163-f9cd-4fa7-824c-2bbd12f4fb43,베네르,생화,오월첫동네 골목형상점가,골목형상점가,광주광역시,3.0,3.0,,,RESOLVED_AGREEMENT,False,3,,,,
aca494ec4d3243ebb8dd,val,꽃,T2 동의어,q_꽃_03,생화,생활서비스 중 '꽃'을 판매·제공하는 매장,065a7a8c-5299-430a-93b1-257064b5c858,멜리플라워,,의왕가구거리 골목형상점가,골목형상점가,경기도,2.0,3.0,,,P2_GRADED_ONLY,True,,,,,
3a6db36e8ca0b813e521,val,꽃,T2 동의어,q_꽃_03,생화,생활서비스 중 '꽃'을 판매·제공하는 매장,00afc023-f2e3-417c-b675-42c0a2f682ac,경영꽃집,꽃,유성구암 골목형상점가,골목형상점가,대전광역시,2.0,3.0,,,P2_GRADED_ONLY,True,,,,,
c15108b7fadb4f5abb52,val,꽃,T2 동의어,q_꽃_03,생화,생활서비스 중 '꽃'을 판매·제공하는 매장,52c8d398-7bb2-4e2d-b8f4-fabda975b474,유난,생화,광안종합시장,전통시장,부산광역시,3.0,3.0,,,RESOLVED_AGREEMENT,False,3,,,,
06df1b302638926bf443,val,꽃,T2 동의어,q_꽃_03,생화,생활서비스 중 '꽃'을 판매·제공하는 매장,9b4fc779-b33c-4d82-bee6-9acf7defc3c1,주식회사 두두컴퍼니코리아,배달,자양로13길골목형상점가,골목형상점가,서울특별시,0.0,0.0,,,RESOLVED_AGREEMENT,False,0,,,,
89b9d1c34834d1824710,val,꽃,T2 동의어,q_꽃_03,생화,생활서비스 중 '꽃'을 판매·제공하는 매장,b46c73f4-99bd-4c98-b0c8-46925336cad3,한아름,생화,개봉현대정문상가 골목형상점가,골목형상점가,서울특별시,3.0,3.0,,,RESOLVED_AGREEMENT,False,3,,,,
1e1c1f735e66ffea464c,val,꽃,T2 동의어,q_꽃_03,생화,생활서비스 중 '꽃'을 판매·제공하는 매장,b718189d-1d95-4aa1-bbcd-d67fadacbc83,경북꽃집,생화,양정시장,전통시장,부산광역시,3.0,3.0,,,RESOLVED_AGREEMENT,False,3,,,,
f13d9298211cd09ab52e,val,꽃,T2 동의어,q_꽃_03,생화,생활서비스 중 '꽃'을 판매·제공하는 매장,cf3f25d4-b24f-4665-a5ea-13a15974d898,오오플라워,화환,삼각지맛길 골목형상점가,골목형상점가,대구광역시,2.0,3.0,,,P2_GRADED_ONLY,True,,,,,
4bc2c5405bf027429838,val,꽃,T2 동의어,q_꽃_03,생화,생활서비스 중 '꽃'을 판매·제공하는 매장,8dcea9b1-25b6-4857-8b49-2759be790044,마론,생화,단국대 앞 골목형상점가,골목형상점가,경기도,3.0,3.0,,,RESOLVED_AGREEMENT,False,3,,,,
bf5778535377f7d229ae,val,꽃,T2 동의어,q_꽃_03,생화,생활서비스 중 '꽃'을 판매·제공하는 매장,f44ab6ba-c72a-470a-9322-631beb0431fe,영록화원,생화,중흥청춘로 골목형상점가,골목형상점가,광주광역시,3.0,3.0,,,RESOLVED_AGREEMENT,False,3,,,,
a27802b551e8b8815ed5,val,꽃,T2 동의어,q_꽃_03,생화,생활서비스 중 '꽃'을 판매·제공하는 매장,091b1d69-d4e3-4d8c-9000-1d40f95f50e9,은자씨 플라워,화환,부티크타운 골목형 상점가,골목형상점가,충청남도,2.0,3.0,,,P2_GRADED_ONLY,True,,,,,
1939ca2f96f90fd4e2aa,val,꽃,T2 동의어,q_꽃_03,생화,생활서비스 중 '꽃'을 판매·제공하는 매장,1b65bc5a-36bb-4ba5-a838-b9ea81b463fb,햇살정원,생화,청주사창시장,전통시장,충청북도,3.0,3.0,,,RESOLVED_AGREEMENT,False,3,,,,
3dbcd808241429b82736,val,꽃,T2 동의어,q_꽃_03,생화,생활서비스 중 '꽃'을 판매·제공하는 매장,26f97e77-f530-469b-b7d7-06ca896310f9,진희꽃집,생화,대구꽃백화점 골목형상점가,골목형상점가,대구광역시,3.0,3.0,,,RESOLVED_AGREEMENT,False,3,,,,
a4aaec70d89ec5309ee6,val,꽃,T2 동의어,q_꽃_03,생화,생활서비스 중 '꽃'을 판매·제공하는 매장,8f01db59-18a1-4ee6-b4f7-5b33282757fa,전원,생화,남대문시장,전통시장,서울특별시,3.0,3.0,,,RESOLVED_AGREEMENT,False,3,,,,
881dc08cf2e419ada577,val,꽃,T2 동의어,q_꽃_04,생화 가게,생활서비스 중 '꽃'을 판매·제공하는 매장,01d1c245-a6a7-441a-8977-85303f01e56e,인플라워,생화,유성도안 골목형상점가,골목형상점가,대전광역시,3.0,3.0,,,RESOLVED_AGREEMENT,False,3,,,,
1d93f1c650e0fe794c1c,val,꽃,T2 동의어,q_꽃_04,생화 가게,생활서비스 중 '꽃'을 판매·제공하는 매장,7f3d529e-5afe-4d8b-873d-67ab3f88e7e7,꽃구름,생화,명덕마을 골목형상점가,골목형상점가,울산광역시,3.0,3.0,,,RESOLVED_AGREEMENT,False,3,,,,
c696a31f9a122f28a392,val,꽃,T2 동의어,q_꽃_04,생화 가게,생활서비스 중 '꽃'을 판매·제공하는 매장,fba2de74-75f0-46b9-a95a-112ee7499d82,아담플라워,화환,월곡달빛오거리골목형상점가,골목형상점가,서울특별시,2.0,3.0,,,P2_GRADED_ONLY,True,,,,,
c29b7714cc75d977957d,val,꽃,T2 동의어,q_꽃_04,생화 가게,생활서비스 중 '꽃'을 판매·제공하는 매장,8f1ab898-c235-484c-8412-21943c8b7a2d,하은이네반찬 가게,채소,용호1동골목시장,전통시장,부산광역시,0.0,0.0,,,RESOLVED_AGREEMENT,False,0,,,,
d15ea8711c705dfb2ff5,val,꽃,T2 동의어,q_꽃_04,생화 가게,생활서비스 중 '꽃'을 판매·제공하는 매장,0838ebd8-8e52-472e-8b55-713d7e585593,현꽃집,생화,영신상가,전통시장,서울특별시,3.0,3.0,,,RESOLVED_AGREEMENT,False,3,,,,
e1a939ee28f34f080666,val,꽃,T2 동의어,q_꽃_04,생화 가게,생활서비스 중 '꽃'을 판매·제공하는 매장,f7c78060-ec71-4240-a7fc-01080a8cb689,으뜸원,생화,순헌황귀비길 골목형상점가,골목형상점가,서울특별시,3.0,3.0,,,RESOLVED_AGREEMENT,False,3,,,,
58123d956e8992ab6072,val,꽃,T2 동의어,q_꽃_04,생화 가게,생활서비스 중 '꽃'을 판매·제공하는 매장,fcbbf76b-9a4a-4d81-b5b0-647881d98e8e,추씨농원,생화,대구꽃백화점 골목형상점가,골목형상점가,대구광역시,3.0,3.0,,,RESOLVED_AGREEMENT,False,3,,,,
dd7798835fcf3a1dcd30,val,꽃,T2 동의어,q_꽃_04,생화 가게,생활서비스 중 '꽃'을 판매·제공하는 매장,2958565f-3773-42c4-bb7d-16d2b785c96b,오늘기분,생화,철길공원 골목형상점가,골목형상점가,전북특별자치도,3.0,3.0,,,RESOLVED_AGREEMENT,False,3,,,,
ea01918e621506ec6adc,val,꽃,T2 동의어,q_꽃_04,생화 가게,생활서비스 중 '꽃'을 판매·제공하는 매장,4f429078-685a-42f2-9b6c-9be06316f0eb,가든메이,생화,금암동 골목형상점가,골목형상점가,충청남도,3.0,3.0,,,RESOLVED_AGREEMENT,False,3,,,,
461da5a6cbf04d7bc773,val,꽃,T2 동의어,q_꽃_04,생화 가게,생활서비스 중 '꽃'을 판매·제공하는 매장,09ac7cf1-86a5-4f4d-80d7-72710de26799,꽃동네,생화,태화시장,전통시장,울산광역시,3.0,3.0,,,RESOLVED_AGREEMENT,False,3,,,,
5ce1133bd812be64d414,val,꽃,T2 동의어,q_꽃_04,생화 가게,생활서비스 중 '꽃'을 판매·제공하는 매장,15d3653c-3c05-4672-bb65-8396fba4544c,디베르,생화,예술의거리 골목형상점가,골목형상점가,광주광역시,3.0,3.0,,,RESOLVED_AGREEMENT,False,3,,,,
7f6ee06493d1b3acf5ea,val,꽃,T2 동의어,q_꽃_04,생화 가게,생활서비스 중 '꽃'을 판매·제공하는 매장,cf3f25d4-b24f-4665-a5ea-13a15974d898,오오플라워,화환,삼각지맛길 골목형상점가,골목형상점가,대구광역시,2.0,3.0,,,P2_GRADED_ONLY,True,,,,,
339f7e11ddc10d4cc640,val,꽃,T2 동의어,q_꽃_04,생화 가게,생활서비스 중 '꽃'을 판매·제공하는 매장,0dc54a43-0aee-4fcb-939d-b0f59e5b1b25,금원꽃집,,송강동 골목형상점가,골목형상점가,대전광역시,2.0,3.0,,,P2_GRADED_ONLY,True,,,,,
ef2def5f4f216c1b8ac7,val,꽃,T2 동의어,q_꽃_04,생화 가게,생활서비스 중 '꽃'을 판매·제공하는 매장,0fdda0b6-8af0-4e6d-9574-2a8b043c0bc0,이플,"꽃집, 꽃배달",담양중앙2번가 골목형상점가,골목형상점가,전라남도,2.0,3.0,,,P2_GRADED_ONLY,True,,,,,
a8d48c0378bff72ec261,val,꽃,T2 동의어,q_꽃_04,생화 가게,생활서비스 중 '꽃'을 판매·제공하는 매장,b3fcaf5a-4878-41c3-8a2f-1bc3a9c7f899,끌레르,생화,나성BRT 골목형상점가,골목형상점가,세종특별자치시,3.0,3.0,,,RESOLVED_AGREEMENT,False,3,,,,
817ffa6de14fca327c76,val,꽃,T2 동의어,q_꽃_04,생화 가게,생활서비스 중 '꽃'을 판매·제공하는 매장,4e8a85fb-13d3-4bc7-a9ed-17ad1dabad4f,보고팟,생화,나주혁신도시 골목형상점가,골목형상점가,전라남도,3.0,3.0,,,RESOLVED_AGREEMENT,False,3,,,,
db04080456d86e5719c8,val,꽃,T2 동의어,q_꽃_04,생화 가게,생활서비스 중 '꽃'을 판매·제공하는 매장,08b9f9fd-7584-41c1-ba08-8a0cbb126f18,유플라워,꽃집,달서시장,전통시장,대구광역시,2.0,3.0,,,P2_GRADED_ONLY,True,,,,,
e3c74b516b08f02d8c3b,val,꽃,T2 동의어,q_꽃_04,생화 가게,생활서비스 중 '꽃'을 판매·제공하는 매장,136b0d38-57a7-4f5f-a5f8-3ae6e2a594c9,풍경,생화,효자천변1길 골목형상점가,골목형상점가,전북특별자치도,3.0,3.0,,,RESOLVED_AGREEMENT,False,3,,,,
bb046483dfa39726af5c,val,꽃,T2 동의어,q_꽃_04,생화 가게,생활서비스 중 '꽃'을 판매·제공하는 매장,de67cbce-0b4f-44f1-8f3c-b86f3542e644,생활꽃공간,생화,양주가래비중앙로상점가,골목형상점가,경기도,3.0,3.0,,,RESOLVED_AGREEMENT,False,3,,,,
ad81572179957976e0e0,val,꽃,T2 동의어,q_꽃_04,생화 가게,생활서비스 중 '꽃'을 판매·제공하는 매장,0043469e-66b6-48d0-b7a9-d87c0887cf59,꽃이예쁜집,꽃,장동앞길 골목형상점가,골목형상점가,광주광역시,2.0,3.0,,,P2_GRADED_ONLY,True,,,,,
f249073a6542130a1ffa,val,꽃,T2 동의어,q_꽃_04,생화 가게,생활서비스 중 '꽃'을 판매·제공하는 매장,01b50703-620e-4976-9b84-a03f2ba9bdcf,메르세드플라워,,관저상가 골목형상점가,골목형상점가,대전광역시,2.0,3.0,,,P2_GRADED_ONLY,True,,,,,
06d47783966cdb67fe48,val,꽃,T2 동의어,q_꽃_04,생화 가게,생활서비스 중 '꽃'을 판매·제공하는 매장,ca21b8ac-56e1-4ac8-97c2-b1d2ae8eb695,루시,의류,동산상가,전통시장,대구광역시,0.0,0.0,,,RESOLVED_AGREEMENT,False,0,,,,
048af5e20fc811a7d47d,val,꽃,T2 동의어,q_꽃_04,생화 가게,생활서비스 중 '꽃'을 판매·제공하는 매장,2fd6db16-8b47-41d4-b6d9-a1cc57c25343,미리내flowershop,"생화, 조화, 화분, 화환",인동중앙상점가,골목형상점가,경상북도,3.0,3.0,,,RESOLVED_AGREEMENT,False,3,,,,
5673cb70fe7df319b5d6,val,꽃,T2 동의어,q_꽃_04,생화 가게,생활서비스 중 '꽃'을 판매·제공하는 매장,7a242fbd-249d-4ae5-8ddb-add211b09ba2,꽃핀날,생화,숭인사랑골목형상점가,골목형상점가,서울특별시,3.0,3.0,,,RESOLVED_AGREEMENT,False,3,,,,
1cf72ed49c3b56ab5d9b,val,꽃,T2 동의어,q_꽃_04,생화 가게,생활서비스 중 '꽃'을 판매·제공하는 매장,0123cf0c-2929-4bbe-9b13-1354e60a6922,혜오르 플라워(HYEOR FLOWER),생화 및 식물,신창진흥 골목형상점가,골목형상점가,광주광역시,3.0,3.0,,,RESOLVED_AGREEMENT,False,3,,,,
52da1c7e80857c6a66da,val,꽃,T2 동의어,q_꽃_04,생화 가게,생활서비스 중 '꽃'을 판매·제공하는 매장,4c803252-e536-48ce-b395-3dbf73ddc4d0,아르장,생화,첨단지구 골목형상점가,골목형상점가,광주광역시,3.0,3.0,,,RESOLVED_AGREEMENT,False,3,,,,
0b057427da0022ab54ce,val,꽃,T2 동의어,q_꽃_04,생화 가게,생활서비스 중 '꽃'을 판매·제공하는 매장,2e816a98-c86e-433c-a977-85026010f8d7,솔로몬,생화,칠성시장,전통시장,대구광역시,3.0,3.0,,,RESOLVED_AGREEMENT,False,3,,,,
351db38a422dacab7392,val,꽃,T2 동의어,q_꽃_04,생화 가게,생활서비스 중 '꽃'을 판매·제공하는 매장,00046925-dcb7-4796-8c1e-0de154aa3825,가든꽃화원,생화,전주풍남문상점가,자율상권구역,전북특별자치도,3.0,3.0,,,RESOLVED_AGREEMENT,False,3,,,,
5519d41c2222e1d94a9f,val,꽃,T2 동의어,q_꽃_04,생화 가게,생활서비스 중 '꽃'을 판매·제공하는 매장,43db67a0-530d-476e-a9e7-df8ec1b2915e,보천당표구,,전주풍남문상점가,자율상권구역,전북특별자치도,,0.0,Y,,P0_UNCERTAIN_OR_MISSING,True,,,,,
f3da3c36b505cb2fd477,val,꽃,T2 동의어,q_꽃_04,생화 가게,생활서비스 중 '꽃'을 판매·제공하는 매장,6c07de33-c9ab-48f7-a11e-5288bfd720bb,초화지,생화,선부광장로상점가,자율상권구역,경기도,3.0,3.0,,,RESOLVED_AGREEMENT,False,3,,,,
58907aa6b01b6f411366,val,꽃,T2 동의어,q_꽃_04,생화 가게,생활서비스 중 '꽃'을 판매·제공하는 매장,03de55fd-e04d-4c83-861f-72bd167d8afc,드레스플라워,,대봉모리 골목형상점가,골목형상점가,대구광역시,2.0,3.0,,,P2_GRADED_ONLY,True,,,,,
1bf7a07ec51a9dfe6a32,val,꽃,T2 동의어,q_꽃_04,생화 가게,생활서비스 중 '꽃'을 판매·제공하는 매장,f9fb5dc6-c0a1-432d-8d4f-78620d21f7cf,꽃길,생화,창원 신대방 골목형상점가,골목형상점가,경상남도,3.0,3.0,,,RESOLVED_AGREEMENT,False,3,,,,
55e11040f194cc7f6743,val,꽃,T2 동의어,q_꽃_04,생화 가게,생활서비스 중 '꽃'을 판매·제공하는 매장,0d0d2664-80c5-4485-ade9-70e856ea7666,꽃그린,생화,북동 골목형상점가,골목형상점가,광주광역시,3.0,3.0,,,RESOLVED_AGREEMENT,False,3,,,,
d14e43dc464e9c16e284,val,꽃,T2 동의어,q_꽃_04,생화 가게,생활서비스 중 '꽃'을 판매·제공하는 매장,482d229b-2988-4616-b30b-31ad002f5c19,제주,생화,대구꽃백화점 골목형상점가,골목형상점가,대구광역시,3.0,3.0,,,RESOLVED_AGREEMENT,False,3,,,,
d0053e1700f6431dd209,val,꽃,T2 동의어,q_꽃_04,생화 가게,생활서비스 중 '꽃'을 판매·제공하는 매장,012ed1bc-d2d6-4dad-8b36-6ad33d367ab2,24시꽃집럭키플라워송도점,생화 식물,송도랜드마크시티 센트럴더샵 골목형상점가,골목형상점가,인천광역시,3.0,3.0,,,RESOLVED_AGREEMENT,False,3,,,,
5e2f865a358b3af1cd75,val,꽃,T2 동의어,q_꽃_04,생화 가게,생활서비스 중 '꽃'을 판매·제공하는 매장,baebb033-7ab3-41de-acf1-d2b9aa435d76,꽃수레,생화,백년소상공인,기타,경상북도,3.0,3.0,,,RESOLVED_AGREEMENT,False,3,,,,
76920f2d0a56125da24d,val,꽃,T2 동의어,q_꽃_04,생화 가게,생활서비스 중 '꽃'을 판매·제공하는 매장,010fea22-a965-4d8e-a805-083042a361ec,니어앤디어Cafe,꽃,상주중앙시장,전통시장,경상북도,2.0,3.0,,,P2_GRADED_ONLY,True,,,,,
dd89a6236388f8d39ddd,val,꽃,T2 동의어,q_꽃_04,생화 가게,생활서비스 중 '꽃'을 판매·제공하는 매장,45a85963-e28e-4698-821a-7051f1e3e57b,청지꽃꽂이,생화,시장로타리지하상가,일반지하상점가,인천광역시,3.0,3.0,,,RESOLVED_AGREEMENT,False,3,,,,
647fad60c2c964995d01,val,꽃,T2 동의어,q_꽃_04,생화 가게,생활서비스 중 '꽃'을 판매·제공하는 매장,f959d6b5-c2e5-45db-8956-bab881224fd4,꼼지락,의류양말기타섬유제품,일곡동(제10지역:자연마을 전용주택단지) 골목형상점가,기타,광주광역시,0.0,0.0,,,RESOLVED_AGREEMENT,False,0,,,,
c01333eddbfc1e6ce60d,val,꽃,T2 동의어,q_꽃_04,생화 가게,생활서비스 중 '꽃'을 판매·제공하는 매장,7290953f-b420-48cc-a936-0acf244713b0,아라꽃집,생화,대흥동 특화거리 상점가,자율상권구역,대전광역시,3.0,3.0,,,RESOLVED_AGREEMENT,False,3,,,,
6a40d3f13f93c25ac58a,val,꽃,T2 동의어,q_꽃_04,생화 가게,생활서비스 중 '꽃'을 판매·제공하는 매장,2bb30eed-409d-46e0-9647-0522a5a1a88f,예원,생화,영신상가,전통시장,서울특별시,3.0,3.0,,,RESOLVED_AGREEMENT,False,3,,,,
4e583ed4b22239b2ddab,val,꽃,T2 동의어,q_꽃_04,생화 가게,생활서비스 중 '꽃'을 판매·제공하는 매장,04b1ff99-e4e2-47bb-bcae-f7079bd73cae,삼성꽃집,조화,포항죽도시장,전통시장,경상북도,2.0,3.0,,,P2_GRADED_ONLY,True,,,,,
cc79c471982e851750d8,val,꽃,T2 동의어,q_꽃_04,생화 가게,생활서비스 중 '꽃'을 판매·제공하는 매장,8dcea9b1-25b6-4857-8b49-2759be790044,마론,생화,단국대 앞 골목형상점가,골목형상점가,경기도,3.0,3.0,,,RESOLVED_AGREEMENT,False,3,,,,
532afc0542297dc78c0f,val,꽃,T2 동의어,q_꽃_04,생화 가게,생활서비스 중 '꽃'을 판매·제공하는 매장,8f01db59-18a1-4ee6-b4f7-5b33282757fa,전원,생화,남대문시장,전통시장,서울특별시,3.0,3.0,,,RESOLVED_AGREEMENT,False,3,,,,
59c3c82c4e0efb95870a,val,꽃,T2 동의어,q_꽃_04,생화 가게,생활서비스 중 '꽃'을 판매·제공하는 매장,095e5e59-0c33-4606-8ebd-b997096638a6,대구꽃집,생화,대구꽃백화점 골목형상점가,골목형상점가,대구광역시,3.0,3.0,,,RESOLVED_AGREEMENT,False,3,,,,
8ed8d83c33fd5fee6d4c,val,꽃,T2 동의어,q_꽃_04,생화 가게,생활서비스 중 '꽃'을 판매·제공하는 매장,07e2a120-4803-4634-bd52-ebd7c5433825,슬이네(보떼),조화,고투몰(강남터미널지하도상점가),일반지하상점가,서울특별시,1.0,3.0,,,P1_BINARY_THRESHOLD,True,,,,,
33e8070437a8e77af94b,val,꽃,T2 동의어,q_꽃_04,생화 가게,생활서비스 중 '꽃'을 판매·제공하는 매장,1b65bc5a-36bb-4ba5-a838-b9ea81b463fb,햇살정원,생화,청주사창시장,전통시장,충청북도,3.0,3.0,,,RESOLVED_AGREEMENT,False,3,,,,
b965fdd9ddf52e44ff3a,val,꽃,T2 동의어,q_꽃_04,생화 가게,생활서비스 중 '꽃'을 판매·제공하는 매장,00b13ca2-ef5b-4243-9a38-2de8507a2c21,남촌플라워,생화,용상공설시장,전통시장,경상북도,3.0,3.0,,,RESOLVED_AGREEMENT,False,3,,,,
ed5d68f061600026bb9a,val,꽃,T2 동의어,q_꽃_04,생화 가게,생활서비스 중 '꽃'을 판매·제공하는 매장,d630c14a-a78a-495d-ac65-1973237b56d8,목화,생화,장천동상가,자율상권구역,전라남도,3.0,3.0,,,RESOLVED_AGREEMENT,False,3,,,,
155f5b00b9e353443137,val,꽃,T2 동의어,q_꽃_04,생화 가게,생활서비스 중 '꽃'을 판매·제공하는 매장,0268ed52-44bd-4e9c-a295-7a64f656640a,양정화원,화원,관고전통시장,전통시장,경기도,2.0,3.0,,,P2_GRADED_ONLY,True,,,,,
5433a496918fc7c07622,val,꽃,T2 동의어,q_꽃_04,생화 가게,생활서비스 중 '꽃'을 판매·제공하는 매장,2e21a222-1dde-438f-bd3b-8ebbd1fd91b3,소이화,생화,다정한 골목형상점가,골목형상점가,세종특별자치시,3.0,3.0,,,RESOLVED_AGREEMENT,False,3,,,,
080234a39eb86f0d7eef,val,꽃,T2 동의어,q_꽃_04,생화 가게,생활서비스 중 '꽃'을 판매·제공하는 매장,3be436e0-84d5-412e-abfb-75f0677fa69d,미소꽃방,생화,산본로데오거리(구 산본중심상가),자율상권구역,경기도,3.0,3.0,,,RESOLVED_AGREEMENT,False,3,,,,
0842da21c74ee9f4396a,val,꽃,T2 동의어,q_꽃_04,생화 가게,생활서비스 중 '꽃'을 판매·제공하는 매장,10845c7a-1388-40af-aee6-13938da3da2a,세영생화,생화,옥골시장,전통시장,울산광역시,3.0,3.0,,,RESOLVED_AGREEMENT,False,3,,,,
c8f436be92726cb3393b,val,꽃,T2 동의어,q_꽃_04,생화 가게,생활서비스 중 '꽃'을 판매·제공하는 매장,7b76f020-6dcb-4a88-b451-ad2b1d4f0232,만개정원,생화,퐁당거리 골목형상점가,골목형상점가,전라남도,3.0,3.0,,,RESOLVED_AGREEMENT,False,3,,,,
8f6f9edd7768f0f76159,val,꽃,T2 동의어,q_꽃_04,생화 가게,생활서비스 중 '꽃'을 판매·제공하는 매장,0dd53d86-3139-44a5-8488-bd49c845ef05,초롱꽃생화,생화,포항중앙상가,전통시장,경상북도,3.0,3.0,,,RESOLVED_AGREEMENT,False,3,,,,
a4cb5cb3b8c8a6ace480,val,꽃,T2 동의어,q_꽃_04,생화 가게,생활서비스 중 '꽃'을 판매·제공하는 매장,00afc023-f2e3-417c-b675-42c0a2f682ac,경영꽃집,꽃,유성구암 골목형상점가,골목형상점가,대전광역시,2.0,3.0,,,P2_GRADED_ONLY,True,,,,,
7b6d7d8e9a260407b933,val,꽃,T2 동의어,q_꽃_04,생화 가게,생활서비스 중 '꽃'을 판매·제공하는 매장,1031e031-5186-4546-a215-aa3eafa04eb9,반율글라스,생화,엄사 골목형상점가,골목형상점가,충청남도,3.0,3.0,,,RESOLVED_AGREEMENT,False,3,,,,
62690e28c7a35e7e8768,val,꽃,T2 동의어,q_꽃_04,생화 가게,생활서비스 중 '꽃'을 판매·제공하는 매장,c15b7d24-b90f-4edb-a4d7-38d243dad39e,가게,담배,대명시장,전통시장,대구광역시,0.0,0.0,,,RESOLVED_AGREEMENT,False,0,,,,
8e83241f7b711c0fe172,val,꽃,T2 동의어,q_꽃_04,생화 가게,생활서비스 중 '꽃'을 판매·제공하는 매장,d1ebf17f-2418-4496-a2e2-0211e98b478c,풀빛희원,생화,첨단부영 골목형상점가,골목형상점가,광주광역시,3.0,3.0,,,RESOLVED_AGREEMENT,False,3,,,,
289a892a33b91206d601,val,꽃,T2 동의어,q_꽃_04,생화 가게,생활서비스 중 '꽃'을 판매·제공하는 매장,006964ff-b2f9-421f-8fa7-f87219c26c0a,블리스블룸,생화,BOCA 보카상점가,골목형상점가,경기도,3.0,3.0,,,RESOLVED_AGREEMENT,False,3,,,,
c85ad81b513e96b42f3e,val,꽃,T2 동의어,q_꽃_04,생화 가게,생활서비스 중 '꽃'을 판매·제공하는 매장,f84792ca-ac20-412f-bbb3-8bbf11544499,꽃사랑,생화,대구꽃백화점 골목형상점가,골목형상점가,대구광역시,3.0,3.0,,,RESOLVED_AGREEMENT,False,3,,,,
577dce66976afc63b9b5,val,꽃,T2 동의어,q_꽃_04,생화 가게,생활서비스 중 '꽃'을 판매·제공하는 매장,00b610a8-8a8a-4c5e-9e0b-cba5e4d22c93,에덴꽃화원,꽃,태화시장,전통시장,울산광역시,2.0,3.0,,,P2_GRADED_ONLY,True,,,,,
29c355f6600e350ecaf7,val,꽃,T2 동의어,q_꽃_04,생화 가게,생활서비스 중 '꽃'을 판매·제공하는 매장,848a5f9a-f20b-4191-99a8-2050e9548ce7,새벽정원,생화,망리단길골목형상점가,골목형상점가,서울특별시,3.0,3.0,,,RESOLVED_AGREEMENT,False,3,,,,
e864d19e720a8a98e11e,val,꽃,T2 동의어,q_꽃_04,생화 가게,생활서비스 중 '꽃'을 판매·제공하는 매장,7304f9c1-00af-4a03-a870-248305b7e4d5,가든파티,생화,둔산꽃길 골목형상점가,골목형상점가,대전광역시,3.0,3.0,,,RESOLVED_AGREEMENT,False,3,,,,
5d8b9bcac97c89bb826f,val,꽃,T2 동의어,q_꽃_04,생화 가게,생활서비스 중 '꽃'을 판매·제공하는 매장,9b4fc779-b33c-4d82-bee6-9acf7defc3c1,주식회사 두두컴퍼니코리아,배달,자양로13길골목형상점가,골목형상점가,서울특별시,0.0,0.0,,,RESOLVED_AGREEMENT,False,0,,,,
f04a9f5a6f19fb7094e9,val,꽃,T2 동의어,q_꽃_04,생화 가게,생활서비스 중 '꽃'을 판매·제공하는 매장,359df784-64ca-44d9-843d-119b126f095a,서산헬퍼,배달,서산동부전통시장,전통시장,충청남도,0.0,0.0,,,RESOLVED_AGREEMENT,False,0,,,,
a14966a2b811d3165189,val,꽃,T2 동의어,q_꽃_04,생화 가게,생활서비스 중 '꽃'을 판매·제공하는 매장,52c8d398-7bb2-4e2d-b8f4-fabda975b474,유난,생화,광안종합시장,전통시장,부산광역시,3.0,3.0,,,RESOLVED_AGREEMENT,False,3,,,,
f5cf526613b86cef7d4e,val,꽃,T2 동의어,q_꽃_04,생화 가게,생활서비스 중 '꽃'을 판매·제공하는 매장,96b5044c-7637-4aa5-9757-ca450d16cddd,명연꽃집,생화,영신상가,전통시장,서울특별시,3.0,3.0,,,RESOLVED_AGREEMENT,False,3,,,,
fdbbfc07394dc44ca7df,val,꽃,T2 동의어,q_꽃_04,생화 가게,생활서비스 중 '꽃'을 판매·제공하는 매장,0393ce95-3e7d-4bb5-8ad3-e5da1199e516,꽃사랑화원,화원,남해 명품화전길 골목형상점가,골목형상점가,경상남도,2.0,3.0,,,P2_GRADED_ONLY,True,,,,,
6330100da69771211d20,val,꽃,T2 동의어,q_꽃_04,생화 가게,생활서비스 중 '꽃'을 판매·제공하는 매장,f4037fbc-031e-4732-84c3-d47debdcc42b,땅땅치킨(봉화점),치킨 피자 판매,봉화내성시장,전통시장,경상북도,0.0,0.0,,,RESOLVED_AGREEMENT,False,0,,,,
715481b97e90a242ef55,val,꽃,T2 동의어,q_꽃_04,생화 가게,생활서비스 중 '꽃'을 판매·제공하는 매장,526f4972-b9dc-4094-b5da-6d8090076e1d,화소림,생화,둔산꽃길 골목형상점가,골목형상점가,대전광역시,3.0,3.0,,,RESOLVED_AGREEMENT,False,3,,,,
cdc9ef71d72dc7d85483,val,꽃,T2 동의어,q_꽃_04,생화 가게,생활서비스 중 '꽃'을 판매·제공하는 매장,0e5a591b-cc1f-4529-9593-c68d305729a6,꼬슬란꽃집,소매(화원),가평잣고을시장,전통시장,경기도,2.0,3.0,,,P2_GRADED_ONLY,True,,,,,
b80da289d88a9ea6b9c9,val,꽃,T2 동의어,q_꽃_04,생화 가게,생활서비스 중 '꽃'을 판매·제공하는 매장,82fe3969-3c88-4866-9a50-3c8976724828,들에핀꽃,생화,전주송천동골목형상점가,골목형상점가,전북특별자치도,3.0,3.0,,,RESOLVED_AGREEMENT,False,3,,,,
c45d85168c70dea121b1,val,꽃,T2 동의어,q_꽃_04,생화 가게,생활서비스 중 '꽃'을 판매·제공하는 매장,6fd3fb10-1495-4586-bb10-fc285dc84119,토마토의료기,복지용구,광주캠코앞상인회 골목형상점가,골목형상점가,광주광역시,0.0,0.0,,,RESOLVED_AGREEMENT,False,0,,,,
c29b28525896ac644c11,val,꽃,T2 동의어,q_꽃_04,생화 가게,생활서비스 중 '꽃'을 판매·제공하는 매장,16957e71-5a95-492b-bf75-815e56cb2685,꽃의낙원,생화,약수시장골목형상점가,골목형상점가,서울특별시,3.0,3.0,,,RESOLVED_AGREEMENT,False,3,,,,
e7ccdeb27bad0718797c,val,꽃,T2 동의어,q_꽃_04,생화 가게,생활서비스 중 '꽃'을 판매·제공하는 매장,09c8f667-54f0-4904-a60b-a025b5a48c50,기쁨샘,생화,남대문시장,전통시장,서울특별시,3.0,3.0,,,RESOLVED_AGREEMENT,False,3,,,,
0edc115c991897a03779,val,꽃,T2 동의어,q_꽃_04,생화 가게,생활서비스 중 '꽃'을 판매·제공하는 매장,0087b08e-75d9-4580-98ee-b89a11922c32,전광화원,,장흥시장 골목형상점가,골목형상점가,,2.0,3.0,,,P2_GRADED_ONLY,True,,,,,
94251923bd40b2d4e320,val,꽃,T2 동의어,q_꽃_04,생화 가게,생활서비스 중 '꽃'을 판매·제공하는 매장,94019ef1-8bfc-45ea-b8be-7e8b0c7b7b35,남경회수산,"활어회포장, 배달",원대신시장,전통시장,대구광역시,0.0,0.0,,,RESOLVED_AGREEMENT,False,0,,,,
85d1ab967bdff7424b76,val,꽃,T2 동의어,q_꽃_04,생화 가게,생활서비스 중 '꽃'을 판매·제공하는 매장,00b20e6f-4b2f-410f-984c-b6a206704138,나리화원.꽃,,승달 골목형상점가,골목형상점가,,2.0,3.0,,,P2_GRADED_ONLY,True,,,,,
47fd87db34a8ca890930,val,꽃,T2 동의어,q_꽃_04,생화 가게,생활서비스 중 '꽃'을 판매·제공하는 매장,082321ee-cdd8-442a-a380-1cb37a154668,레망마지끄,생화,경의숲길서강 골목형상점가,골목형상점가,서울특별시,3.0,3.0,,,RESOLVED_AGREEMENT,False,3,,,,
b68ede0d9b9cc52f01e1,val,꽃,T2 동의어,q_꽃_04,생화 가게,생활서비스 중 '꽃'을 판매·제공하는 매장,38e277c7-2df1-4eb6-8ea6-2e802481eb45,수선화,생화,학동 남문로 골목형상점가,골목형상점가,광주광역시,3.0,3.0,,,RESOLVED_AGREEMENT,False,3,,,,
1bae850c170ad3a45055,val,꽃,T2 동의어,q_꽃_04,생화 가게,생활서비스 중 '꽃'을 판매·제공하는 매장,26f97e77-f530-469b-b7d7-06ca896310f9,진희꽃집,생화,대구꽃백화점 골목형상점가,골목형상점가,대구광역시,3.0,3.0,,,RESOLVED_AGREEMENT,False,3,,,,
98e14b881df21e8e93d6,val,꽃,T2 동의어,q_꽃_04,생화 가게,생활서비스 중 '꽃'을 판매·제공하는 매장,066a65ee-fe0b-442c-a440-4ce37e296082,화인꽃방,생화조화,김해 동상전통시장,전통시장,경상남도,3.0,3.0,,,RESOLVED_AGREEMENT,False,3,,,,
84f9ddd12babf1ca320f,val,꽃,T2 동의어,q_꽃_04,생화 가게,생활서비스 중 '꽃'을 판매·제공하는 매장,091b1d69-d4e3-4d8c-9000-1d40f95f50e9,은자씨 플라워,화환,부티크타운 골목형 상점가,골목형상점가,충청남도,2.0,3.0,,,P2_GRADED_ONLY,True,,,,,
029858b9de83ec3f542b,val,꽃,T2 동의어,q_꽃_04,생화 가게,생활서비스 중 '꽃'을 판매·제공하는 매장,a077d0a0-2aef-4689-b968-cea99be4a1d4,자연,생화,삼각동 골목형상점가,골목형상점가,광주광역시,3.0,3.0,,,RESOLVED_AGREEMENT,False,3,,,,
614d7fc82792321d39d1,val,꽃,T2 동의어,q_꽃_04,생화 가게,생활서비스 중 '꽃'을 판매·제공하는 매장,b718189d-1d95-4aa1-bbcd-d67fadacbc83,경북꽃집,생화,양정시장,전통시장,부산광역시,3.0,3.0,,,RESOLVED_AGREEMENT,False,3,,,,
2d0dde4e1ec6f04cb4e2,val,꽃,T2 동의어,q_꽃_04,생화 가게,생활서비스 중 '꽃'을 판매·제공하는 매장,b6dd669c-dd1c-4a99-af83-26d34064db97,필꽃집,생화,상인영남화성시장,전통시장,대구광역시,3.0,3.0,,,RESOLVED_AGREEMENT,False,3,,,,
2538e9937d1ed2e2e0aa,val,꽃,T2 동의어,q_꽃_04,생화 가게,생활서비스 중 '꽃'을 판매·제공하는 매장,6e60fbfc-4128-4034-9373-379e27aab5dc,미니센트,생화,정부청사 골목형상점가,골목형상점가,광주광역시,3.0,3.0,,,RESOLVED_AGREEMENT,False,3,,,,
bca431580de3b7a2f469,val,꽃,T2 동의어,q_꽃_04,생화 가게,생활서비스 중 '꽃'을 판매·제공하는 매장,01361075-0980-43ea-8c81-a58d44a604bb,플라워루체,생화,운암북문대로 골목형상점가,골목형상점가,광주광역시,3.0,3.0,,,RESOLVED_AGREEMENT,False,3,,,,
c002a332f9bb87c1dc05,val,꽃,T2 동의어,q_꽃_04,생화 가게,생활서비스 중 '꽃'을 판매·제공하는 매장,88497932-355f-472a-bed9-887f48f18430,소프,생화,해방촌 골목형상점가,골목형상점가,서울특별시,3.0,3.0,,,RESOLVED_AGREEMENT,False,3,,,,
fb5b539d10059aa08845,val,꽃,T2 동의어,q_꽃_04,생화 가게,생활서비스 중 '꽃'을 판매·제공하는 매장,01744986-2725-4152-871d-b5f88bc7ed2d,도매식육,식육,사천 삼천포중앙시장,전통시장,경상남도,0.0,0.0,,,RESOLVED_AGREEMENT,False,0,,,,
f3d2e054b50784b9bb2e,val,꽃,T2 동의어,q_꽃_04,생화 가게,생활서비스 중 '꽃'을 판매·제공하는 매장,35a3da05-e782-4a5e-9cc0-b32dadd71932,파보플라워,생화,탕정미래 골목형상점가,골목형상점가,충청남도,3.0,3.0,,,RESOLVED_AGREEMENT,False,3,,,,
7fbf5b5632e62a8f66ea,val,꽃,T2 동의어,q_꽃_04,생화 가게,생활서비스 중 '꽃'을 판매·제공하는 매장,04c231bf-d3f7-4202-b3a8-d03eb7531853,실버라인,도소매(조화),고투몰(강남터미널지하도상점가),일반지하상점가,서울특별시,1.0,3.0,,,P1_BINARY_THRESHOLD,True,,,,,
8d8f166cbb7525e75c6b,val,꽃,T2 동의어,q_꽃_04,생화 가게,생활서비스 중 '꽃'을 판매·제공하는 매장,001b5693-72ee-4677-9cdb-39117fbc932a,로사리움,꽃,첨단지구 골목형상점가,골목형상점가,광주광역시,2.0,3.0,,,P2_GRADED_ONLY,True,,,,,
db738a8acecf2b85487f,val,꽃,T2 동의어,q_꽃_04,생화 가게,생활서비스 중 '꽃'을 판매·제공하는 매장,8ff13037-46a9-4b14-8e21-82c9f6c1a471,꼿밧,생화,중촌동 맞춤거리 상점가,자율상권구역,대전광역시,3.0,3.0,,,RESOLVED_AGREEMENT,False,3,,,,
4be087f8cc45d4cf0add,val,꽃,T2 동의어,q_꽃_04,생화 가게,생활서비스 중 '꽃'을 판매·제공하는 매장,093ec6ba-c241-4d87-af2b-50a6fab1b4fa,도이브,생화,수완아름마을,골목형상점가,광주광역시,3.0,3.0,,,RESOLVED_AGREEMENT,False,3,,,,
e5bfe7b73525fcad772d,val,꽃,T2 동의어,q_꽃_04,생화 가게,생활서비스 중 '꽃'을 판매·제공하는 매장,070a949c-b89d-4ccf-8e63-1743372657bf,조경나라,조화,고투몰(강남터미널지하도상점가),일반지하상점가,서울특별시,1.0,3.0,,,P1_BINARY_THRESHOLD,True,,,,,
b59e619baf0600ea25fd,val,꽃,T2 동의어,q_꽃_04,생화 가게,생활서비스 중 '꽃'을 판매·제공하는 매장,1c7f197c-0687-434f-975d-8156fe7827c0,뜨라레,생화,나주 대호동 골목형상점가,골목형상점가,전라남도,3.0,3.0,,,RESOLVED_AGREEMENT,False,3,,,,
8030117c3d7abf5052d2,val,꽃,T2 동의어,q_꽃_04,생화 가게,생활서비스 중 '꽃'을 판매·제공하는 매장,78dd1e5d-e8a3-4cd6-b212-c488dd86a434,진해꽃집,생화,진해중앙시장,전통시장,경상남도,3.0,3.0,,,RESOLVED_AGREEMENT,False,3,,,,
5262148d320a01bb15d0,val,꽃,T2 동의어,q_꽃_04,생화 가게,생활서비스 중 '꽃'을 판매·제공하는 매장,87856aa7-e031-4a64-9b11-8089d26e1d5c,J플라워,생화,치평동중흥상가상인회 골목형상점가,골목형상점가,광주광역시,3.0,3.0,,,RESOLVED_AGREEMENT,False,3,,,,
7c1bebf0fbf9a202b89e,val,꽃,T2 동의어,q_꽃_04,생화 가게,생활서비스 중 '꽃'을 판매·제공하는 매장,2275e28f-e3e4-4b3a-8ade-cfc5d13550ff,아미고,생화,"온양온천시장(온양재래시장, 전통시장)",전통시장,충청남도,3.0,3.0,,,RESOLVED_AGREEMENT,False,3,,,,
f2f062f3bad0655f1778,val,꽃,T2 동의어,q_꽃_04,생화 가게,생활서비스 중 '꽃'을 판매·제공하는 매장,ef3d4c0a-feb7-44fe-bbdd-47443b35f13b,꽃드리,생화,광탄전통시장,전통시장,경기도,3.0,3.0,,,RESOLVED_AGREEMENT,False,3,,,,
138389184c067706faaf,val,꽃,T2 동의어,q_꽃_04,생화 가게,생활서비스 중 '꽃'을 판매·제공하는 매장,8d57fa1e-6915-4c03-bc8e-775cf3addb2f,꽃가게 뜰,생화 및 꽃,두마면 팥거리골목형상점가,골목형상점가,충청남도,3.0,3.0,,,RESOLVED_AGREEMENT,False,3,,,,
4c552caca46ba64c479a,val,꽃,T2 동의어,q_꽃_04,생화 가게,생활서비스 중 '꽃'을 판매·제공하는 매장,a385dc0d-a4a8-49c1-9459-00541d2a357f,진플라워,"생화, 관엽, 동양난, 서양난, 화분, 화환, 꽃배달",문화길 골목형상점가,골목형상점가,세종특별자치시,3.0,3.0,,,RESOLVED_AGREEMENT,False,3,,,,
b0c92aa5c4e4c3f1bbe6,val,꽃,T2 동의어,q_꽃_04,생화 가게,생활서비스 중 '꽃'을 판매·제공하는 매장,25499cdd-8427-4566-a223-d5fd45aff705,소담꽃,생화,문흥2동 골목형상점가,골목형상점가,광주광역시,3.0,3.0,,,RESOLVED_AGREEMENT,False,3,,,,
2d734b2b113bf2bcf4e3,val,꽃,T2 동의어,q_꽃_04,생화 가게,생활서비스 중 '꽃'을 판매·제공하는 매장,046df2a5-89ee-4b7a-8aad-91bdc5272130,향기플라워,,정남진활력의거리 골목형상점가,골목형상점가,,2.0,3.0,,,P2_GRADED_ONLY,True,,,,,
66ee4008c041a4f2480d,val,꽃,T2 동의어,q_꽃_04,생화 가게,생활서비스 중 '꽃'을 판매·제공하는 매장,a936f2f5-32ba-4870-9cb5-5fcd9ff7458b,첨단화원,생화,첨단이웃사랑 골목형상점가,골목형상점가,광주광역시,3.0,3.0,,,RESOLVED_AGREEMENT,False,3,,,,
4be7a8e5f49e7a7e501f,val,꽃,T2 동의어,q_꽃_04,생화 가게,생활서비스 중 '꽃'을 판매·제공하는 매장,139f6d68-83b9-40cc-8339-120b154b8714,이딜리크,꽃집,월평1동 상인연합회,골목형상점가,대전광역시,2.0,3.0,,,P2_GRADED_ONLY,True,,,,,
c18528f7fba5c848fc9e,val,꽃,T2 동의어,q_꽃_04,생화 가게,생활서비스 중 '꽃'을 판매·제공하는 매장,02b04299-d64f-4c59-b73c-487d485fff0f,속초꽃집 화사랑플라워,,청학사거리 골목형상점가,골목형상점가,강원특별자치도,2.0,3.0,,,P2_GRADED_ONLY,True,,,,,
5bfcb9ce0511084dde3f,val,꽃,T2 동의어,q_꽃_04,생화 가게,생활서비스 중 '꽃'을 판매·제공하는 매장,d623ad62-ea9b-4c05-b8d3-63ec235a0791,신성지물포,벽지,송정벚꽃골목형상점가,골목형상점가,서울특별시,0.0,0.0,,,RESOLVED_AGREEMENT,False,0,,,,
b4f515c3d2c8c14e7f21,val,꽃,T2 동의어,q_꽃_04,생화 가게,생활서비스 중 '꽃'을 판매·제공하는 매장,2db3d1cd-df05-4f7b-9e1c-dc4244ad407c,꽃빛,생화,화동길상점가,자율상권구역,전북특별자치도,3.0,3.0,,,RESOLVED_AGREEMENT,False,3,,,,
7193141b29df99504b52,val,꽃,T2 동의어,q_꽃_04,생화 가게,생활서비스 중 '꽃'을 판매·제공하는 매장,a6b02578-aff3-45ba-88fc-98130cc4f9a9,화인,생화,신설동들락거리,골목형상점가,서울특별시,3.0,3.0,,,RESOLVED_AGREEMENT,False,3,,,,
a792d0deb8e271e3a7c6,val,꽃,T2 동의어,q_꽃_04,생화 가게,생활서비스 중 '꽃'을 판매·제공하는 매장,065a7a8c-5299-430a-93b1-257064b5c858,멜리플라워,,의왕가구거리 골목형상점가,골목형상점가,경기도,2.0,3.0,,,P2_GRADED_ONLY,True,,,,,
49bbe0ba2047836a4873,val,꽃,T2 동의어,q_꽃_04,생화 가게,생활서비스 중 '꽃'을 판매·제공하는 매장,f44ab6ba-c72a-470a-9322-631beb0431fe,영록화원,생화,중흥청춘로 골목형상점가,골목형상점가,광주광역시,3.0,3.0,,,RESOLVED_AGREEMENT,False,3,,,,
54a33f9739d83c515b6f,val,꽃,T2 동의어,q_꽃_04,생화 가게,생활서비스 중 '꽃'을 판매·제공하는 매장,b4b3bd15-9449-4cb2-8262-ec8a4f7eb6eb,단발머리,미용실,와우로 골목형상점가,골목형상점가,광주광역시,0.0,0.0,,,RESOLVED_AGREEMENT,False,0,,,,
775055f0460bb73a1ca3,val,꽃,T2 동의어,q_꽃_05,플라워,생활서비스 중 '꽃'을 판매·제공하는 매장,006964ff-b2f9-421f-8fa7-f87219c26c0a,블리스블룸,생화,BOCA 보카상점가,골목형상점가,경기도,3.0,3.0,,,RESOLVED_AGREEMENT,False,3,,,,
c12d3254ac00d6ff450b,val,꽃,T2 동의어,q_꽃_05,플라워,생활서비스 중 '꽃'을 판매·제공하는 매장,01361075-0980-43ea-8c81-a58d44a604bb,플라워루체,생화,운암북문대로 골목형상점가,골목형상점가,광주광역시,3.0,3.0,,,RESOLVED_AGREEMENT,False,3,,,,
3add95104df6b0234f62,val,꽃,T2 동의어,q_꽃_05,플라워,생활서비스 중 '꽃'을 판매·제공하는 매장,b0c1fbce-07ce-4476-97ed-ed8ee89f18cd,라모 플라워 랩,화훼,호매실역중심상가 골목형상점가,골목형상점가,경기도,3.0,3.0,,,RESOLVED_AGREEMENT,False,3,,,,
9e9292a75c4da1f91e64,val,꽃,T2 동의어,q_꽃_05,플라워,생활서비스 중 '꽃'을 판매·제공하는 매장,0087b08e-75d9-4580-98ee-b89a11922c32,전광화원,,장흥시장 골목형상점가,골목형상점가,,3.0,3.0,,,RESOLVED_AGREEMENT,False,3,,,,
f94b99c710d2612cf0de,val,꽃,T2 동의어,q_꽃_05,플라워,생활서비스 중 '꽃'을 판매·제공하는 매장,065a7a8c-5299-430a-93b1-257064b5c858,멜리플라워,,의왕가구거리 골목형상점가,골목형상점가,경기도,3.0,3.0,,,RESOLVED_AGREEMENT,False,3,,,,
42de1fa29f4e9daf3db3,val,꽃,T2 동의어,q_꽃_05,플라워,생활서비스 중 '꽃'을 판매·제공하는 매장,81de63f2-70c5-4ac4-9b86-8c0656788b9e,모어댄 플라워,생화,"지웰시티몰 1,2단지 골목형상점가",골목형상점가,충청남도,3.0,3.0,,,RESOLVED_AGREEMENT,False,3,,,,
f337e53ceae13e80ca40,val,꽃,T2 동의어,q_꽃_05,플라워,생활서비스 중 '꽃'을 판매·제공하는 매장,cdba5a1d-e2d0-43f8-840f-9c83308ceef2,홍플라워,꽃,간석자유시장,전통시장,인천광역시,3.0,3.0,,,RESOLVED_AGREEMENT,False,3,,,,
729cbc2f2801ed8c8408,val,꽃,T2 동의어,q_꽃_05,플라워,생활서비스 중 '꽃'을 판매·제공하는 매장,a7f9ece6-68d9-4bd0-99b9-60205a0acbec,플라워 현,꽃,고성시장,전통시장,경상남도,3.0,3.0,,,RESOLVED_AGREEMENT,False,3,,,,
aa5a3928807a2ec61372,val,꽃,T2 동의어,q_꽃_05,플라워,생활서비스 중 '꽃'을 판매·제공하는 매장,00b13ca2-ef5b-4243-9a38-2de8507a2c21,남촌플라워,생화,용상공설시장,전통시장,경상북도,3.0,3.0,,,RESOLVED_AGREEMENT,False,3,,,,
29fd698aa7ab74aebb2b,val,꽃,T2 동의어,q_꽃_05,플라워,생활서비스 중 '꽃'을 판매·제공하는 매장,00b610a8-8a8a-4c5e-9e0b-cba5e4d22c93,에덴꽃화원,꽃,태화시장,전통시장,울산광역시,3.0,3.0,,,RESOLVED_AGREEMENT,False,3,,,,
34db8c73e8be1c9ab68b,val,꽃,T2 동의어,q_꽃_05,플라워,생활서비스 중 '꽃'을 판매·제공하는 매장,e6f37e5b-8a2c-4d7b-bca0-dfd02b450d3c,꽃나라 플라워,꽃화훼,오케이 양산동 골목형상점가,골목형상점가,광주광역시,3.0,3.0,,,RESOLVED_AGREEMENT,False,3,,,,
025dc51da31ce000cbba,val,꽃,T2 동의어,q_꽃_05,플라워,생활서비스 중 '꽃'을 판매·제공하는 매장,2362f010-47d8-4b80-86ab-3712b8b24844,보볼리 플라워,생화,카림애비뉴애 골목형상점가,골목형상점가,세종특별자치시,3.0,3.0,,,RESOLVED_AGREEMENT,False,3,,,,
fa52ce8c455afe4f128c,val,꽃,T2 동의어,q_꽃_05,플라워,생활서비스 중 '꽃'을 판매·제공하는 매장,95c9dc50-a5a8-4057-afa0-065a7ae5b261,플라워,,파워존 골목형상점가,골목형상점가,대전광역시,3.0,3.0,,,RESOLVED_AGREEMENT,False,3,,,,
5b3de5cb20a2663fb077,val,꽃,T2 동의어,q_꽃_05,플라워,생활서비스 중 '꽃'을 판매·제공하는 매장,bd6b8604-308d-467b-a8e4-29ca26f6fef3,플라워선경,꽃,칠성시장,전통시장,대구광역시,3.0,3.0,,,RESOLVED_AGREEMENT,False,3,,,,
67a613ceabf1fd0f9bb4,val,꽃,T2 동의어,q_꽃_05,플라워,생활서비스 중 '꽃'을 판매·제공하는 매장,066a65ee-fe0b-442c-a440-4ce37e296082,화인꽃방,생화조화,김해 동상전통시장,전통시장,경상남도,3.0,3.0,,,RESOLVED_AGREEMENT,False,3,,,,
7b81410c24321b3b39f2,val,꽃,T2 동의어,q_꽃_05,플라워,생활서비스 중 '꽃'을 판매·제공하는 매장,01b50703-620e-4976-9b84-a03f2ba9bdcf,메르세드플라워,,관저상가 골목형상점가,골목형상점가,대전광역시,3.0,3.0,,,RESOLVED_AGREEMENT,False,3,,,,
0845d6b780aca3d4edc7,val,꽃,T2 동의어,q_꽃_05,플라워,생활서비스 중 '꽃'을 판매·제공하는 매장,3a96e14b-0821-4f4d-8a45-32283148ff2a,홈타운,침구류,태백마루 자율상권,,강원특별자치도,0.0,0.0,,,RESOLVED_AGREEMENT,False,0,,,,
36030970f0f646ab7101,val,꽃,T2 동의어,q_꽃_05,플라워,생활서비스 중 '꽃'을 판매·제공하는 매장,91fd15d9-58dc-456a-b53c-600cc25355f2,로지 플라워,화훼,첨단쌍이 골목형상점가,골목형상점가,광주광역시,3.0,3.0,,,RESOLVED_AGREEMENT,False,3,,,,
fe79d1ee3b1f9a77600b,val,꽃,T2 동의어,q_꽃_05,플라워,생활서비스 중 '꽃'을 판매·제공하는 매장,fc97bbfc-23ad-42a4-80c7-c439380c7547,센텀 퀸 플라워,꽃,수비벡스코 골목형상점가,골목형상점가,부산광역시,3.0,3.0,,,RESOLVED_AGREEMENT,False,3,,,,
7b7f39ba068a6458f23c,val,꽃,T2 동의어,q_꽃_05,플라워,생활서비스 중 '꽃'을 판매·제공하는 매장,b2204004-93bf-4aed-bbba-50c8d6e4c70c,너란플라워,소매업(플라워샵),고잔뜰 상점가,자율상권구역,경기도,3.0,3.0,,,RESOLVED_AGREEMENT,False,3,,,,
f0640474d62ca8c10e2c,val,꽃,T2 동의어,q_꽃_05,플라워,생활서비스 중 '꽃'을 판매·제공하는 매장,dcb8d3d6-4d9a-4a01-b99e-aca4fa00b908,토보 플라워,생화,풍암신암상인회 골목형상점가,골목형상점가,광주광역시,3.0,3.0,,,RESOLVED_AGREEMENT,False,3,,,,
f6933c200fe2aa98798e,val,꽃,T2 동의어,q_꽃_05,플라워,생활서비스 중 '꽃'을 판매·제공하는 매장,7ee60929-2c77-41c0-a55b-c97b67a8fae2,모다,신발,제주중앙지하상가,일반지하상점가,제주특별자치도,0.0,0.0,,,RESOLVED_AGREEMENT,False,0,,,,
40031be5f9ed2170a89b,val,꽃,T2 동의어,q_꽃_05,플라워,생활서비스 중 '꽃'을 판매·제공하는 매장,a385dc0d-a4a8-49c1-9459-00541d2a357f,진플라워,"생화, 관엽, 동양난, 서양난, 화분, 화환, 꽃배달",문화길 골목형상점가,골목형상점가,세종특별자치시,3.0,3.0,,,RESOLVED_AGREEMENT,False,3,,,,
06b33c5785769b97d92b,val,꽃,T2 동의어,q_꽃_05,플라워,생활서비스 중 '꽃'을 판매·제공하는 매장,04b1ff99-e4e2-47bb-bcae-f7079bd73cae,삼성꽃집,조화,포항죽도시장,전통시장,경상북도,2.0,3.0,,,P2_GRADED_ONLY,True,,,,,
31ee35a756ffa970f3e4,val,꽃,T2 동의어,q_꽃_05,플라워,생활서비스 중 '꽃'을 판매·제공하는 매장,f2fcc141-fdec-4a4d-ba6c-499ce72637c0,광명플라워,,대구꽃백화점 골목형상점가,골목형상점가,대구광역시,3.0,3.0,,,RESOLVED_AGREEMENT,False,3,,,,
c089cec7fdc4c8c5d6af,val,꽃,T2 동의어,q_꽃_05,플라워,생활서비스 중 '꽃'을 판매·제공하는 매장,b8402b51-6db8-4fa2-aafa-8fa29d10f7a7,꽃소식 플라워,생화,둔산꽃길 골목형상점가,골목형상점가,대전광역시,3.0,3.0,,,RESOLVED_AGREEMENT,False,3,,,,
ae196a69a952d01237d0,val,꽃,T2 동의어,q_꽃_05,플라워,생활서비스 중 '꽃'을 판매·제공하는 매장,8fb9ad83-d563-4f05-948e-29564d29082d,플라워 비,꽃,포항 대이상가 골목형상점가,골목형상점가,경상북도,3.0,3.0,,,RESOLVED_AGREEMENT,False,3,,,,
b9253f05c2a533bd0e2c,val,꽃,T2 동의어,q_꽃_05,플라워,생활서비스 중 '꽃'을 판매·제공하는 매장,2fd6db16-8b47-41d4-b6d9-a1cc57c25343,미리내flowershop,"생화, 조화, 화분, 화환",인동중앙상점가,골목형상점가,경상북도,3.0,3.0,,,RESOLVED_AGREEMENT,False,3,,,,
d6e5da56ab304897b972,val,꽃,T2 동의어,q_꽃_05,플라워,생활서비스 중 '꽃'을 판매·제공하는 매장,c19036a9-fde3-495f-adc2-2142e3ba75e6,유토피아 플라워,꽃집,농성누리상인회 골목형상점가,골목형상점가,광주광역시,3.0,3.0,,,RESOLVED_AGREEMENT,False,3,,,,
c8faffeb863c3ed35c30,val,꽃,T2 동의어,q_꽃_05,플라워,생활서비스 중 '꽃'을 판매·제공하는 매장,b071d0d4-71b6-48cf-95a4-f0d39ce72c34,희 플라워 데코,생화,용봉지구 골목형상점가,골목형상점가,광주광역시,3.0,3.0,,,RESOLVED_AGREEMENT,False,3,,,,
062ebe1ea1e6c471777e,val,꽃,T2 동의어,q_꽃_05,플라워,생활서비스 중 '꽃'을 판매·제공하는 매장,00afc023-f2e3-417c-b675-42c0a2f682ac,경영꽃집,꽃,유성구암 골목형상점가,골목형상점가,대전광역시,3.0,3.0,,,RESOLVED_AGREEMENT,False,3,,,,
0d8a5cd931a6fa816449,val,꽃,T2 동의어,q_꽃_05,플라워,생활서비스 중 '꽃'을 판매·제공하는 매장,35146b8c-9ab5-48d8-98cb-bb5aab5b2b0b,플라워,의류,진주 중앙상점가,자율상권구역,경상남도,2.0,3.0,,,P2_GRADED_ONLY,True,,,,,
09db9c9a154b590c9511,val,꽃,T2 동의어,q_꽃_05,플라워,생활서비스 중 '꽃'을 판매·제공하는 매장,26e79f1d-0134-48e0-80b2-ca73c950c6a1,더 피올라 플라워,,수송제일 골목형상점가,골목형상점가,전북특별자치도,3.0,3.0,,,RESOLVED_AGREEMENT,False,3,,,,
50b89043e8bb5e92963c,val,꽃,T2 동의어,q_꽃_05,플라워,생활서비스 중 '꽃'을 판매·제공하는 매장,6b0196ac-5200-4fa0-b3fb-e226fb775cb9,윤플라워,,낭주골 골목형상점가,골목형상점가,전북특별자치도,3.0,3.0,,,RESOLVED_AGREEMENT,False,3,,,,
0df9b1e4a082fc6c8cd2,val,꽃,T2 동의어,q_꽃_05,플라워,생활서비스 중 '꽃'을 판매·제공하는 매장,0fdda0b6-8af0-4e6d-9574-2a8b043c0bc0,이플,"꽃집, 꽃배달",담양중앙2번가 골목형상점가,골목형상점가,전라남도,3.0,3.0,,,RESOLVED_AGREEMENT,False,3,,,,
a5acfa1ebbe8242e0e06,val,꽃,T2 동의어,q_꽃_05,플라워,생활서비스 중 '꽃'을 판매·제공하는 매장,03de55fd-e04d-4c83-861f-72bd167d8afc,드레스플라워,,대봉모리 골목형상점가,골목형상점가,대구광역시,3.0,3.0,,,RESOLVED_AGREEMENT,False,3,,,,
2b3e25a302b2b7117e65,val,꽃,T2 동의어,q_꽃_05,플라워,생활서비스 중 '꽃'을 판매·제공하는 매장,3e857b40-4d80-4208-bf99-cc7c7a05c318,기쁨 플라워,,사동로 골목형상점가,골목형상점가,,3.0,3.0,,,RESOLVED_AGREEMENT,False,3,,,,
040dd6430ebf09b61ff2,val,꽃,T2 동의어,q_꽃_05,플라워,생활서비스 중 '꽃'을 판매·제공하는 매장,11ae1152-e3fa-465f-9c92-c5e0d8af7d53,다농 플라워,생화,안산다농마트전통시장,전통시장,경기도,3.0,3.0,,,RESOLVED_AGREEMENT,False,3,,,,
c15a923a411b1346e6c4,val,꽃,T2 동의어,q_꽃_05,플라워,생활서비스 중 '꽃'을 판매·제공하는 매장,f6466401-bfb2-43d4-84d0-5f74358218fe,이화수전통육개장 아름점,한식,아름드리 골목형상점가,골목형상점가,세종특별자치시,0.0,0.0,,,RESOLVED_AGREEMENT,False,0,,,,
436a833fe306af322452,val,꽃,T2 동의어,q_꽃_05,플라워,생활서비스 중 '꽃'을 판매·제공하는 매장,3904203a-e9aa-4dfc-a40e-89571839ea06,가토주니,제과 플라워,청주시 소나무길 일원 자율상권구역,상권활성화구역,충청북도,3.0,3.0,,,RESOLVED_AGREEMENT,False,3,,,,
c8fdafe1463a91900ebd,val,꽃,T2 동의어,q_꽃_05,플라워,생활서비스 중 '꽃'을 판매·제공하는 매장,2bccaa6c-84db-4d5f-97c1-f39d0da5e59d,이 플라워 디자인,꽃,남문로 어울림 골목 골목형상점가,골목형상점가,광주광역시,3.0,3.0,,,RESOLVED_AGREEMENT,False,3,,,,
3429ececc797419973bb,val,꽃,T2 동의어,q_꽃_05,플라워,생활서비스 중 '꽃'을 판매·제공하는 매장,00046925-dcb7-4796-8c1e-0de154aa3825,가든꽃화원,생화,전주풍남문상점가,자율상권구역,전북특별자치도,3.0,3.0,,,RESOLVED_AGREEMENT,False,3,,,,
5b0ac42e49f4a93d03f0,val,꽃,T2 동의어,q_꽃_05,플라워,생활서비스 중 '꽃'을 판매·제공하는 매장,3e7577ea-bc74-467a-877c-25a62f5d184f,J-플라워,생화,나성동 국세청 골목형상점가,골목형상점가,세종특별자치시,3.0,3.0,,,RESOLVED_AGREEMENT,False,3,,,,
3b11d189aea11dd4a255,val,꽃,T2 동의어,q_꽃_05,플라워,생활서비스 중 '꽃'을 판매·제공하는 매장,cf3f25d4-b24f-4665-a5ea-13a15974d898,오오플라워,화환,삼각지맛길 골목형상점가,골목형상점가,대구광역시,3.0,3.0,,,RESOLVED_AGREEMENT,False,3,,,,
cd5f5e4139e7aca8a946,val,꽃,T2 동의어,q_꽃_05,플라워,생활서비스 중 '꽃'을 판매·제공하는 매장,0dc54a43-0aee-4fcb-939d-b0f59e5b1b25,금원꽃집,,송강동 골목형상점가,골목형상점가,대전광역시,3.0,3.0,,,RESOLVED_AGREEMENT,False,3,,,,
b3b09657b419a1432aab,val,꽃,T2 동의어,q_꽃_05,플라워,생활서비스 중 '꽃'을 판매·제공하는 매장,f0ede972-48af-4c99-84f2-79e204298afd,안경매니저 호계매곡점,안경,매곡에뜰 골목형상점가,골목형상점가,울산광역시,0.0,0.0,,,RESOLVED_AGREEMENT,False,0,,,,
3d76dd23cc3c3f79bf21,val,꽃,T2 동의어,q_꽃_05,플라워,생활서비스 중 '꽃'을 판매·제공하는 매장,3edc4077-4818-4a79-80c8-d070b1feed36,메이블루 플라워,생화꽃공예,양림천변좌로 골목형상점가,골목형상점가,광주광역시,3.0,3.0,,,RESOLVED_AGREEMENT,False,3,,,,
8f72e957169090be84d4,val,꽃,T2 동의어,q_꽃_05,플라워,생활서비스 중 '꽃'을 판매·제공하는 매장,00b20e6f-4b2f-410f-984c-b6a206704138,나리화원.꽃,,승달 골목형상점가,골목형상점가,,3.0,3.0,,,RESOLVED_AGREEMENT,False,3,,,,
6960df59ba1c4355c3bd,val,꽃,T2 동의어,q_꽃_05,플라워,생활서비스 중 '꽃'을 판매·제공하는 매장,6f045f4a-c14b-432f-8fde-75964bd6b7c6,장터고추집,고추,상주풍물시장,전통시장,경상북도,0.0,0.0,,,RESOLVED_AGREEMENT,False,0,,,,
c6d736bfd65040a4ea72,val,꽃,T2 동의어,q_꽃_05,플라워,생활서비스 중 '꽃'을 판매·제공하는 매장,0043469e-66b6-48d0-b7a9-d87c0887cf59,꽃이예쁜집,꽃,장동앞길 골목형상점가,골목형상점가,광주광역시,3.0,3.0,,,RESOLVED_AGREEMENT,False,3,,,,
29f8932c591ebe2f5e03,val,꽃,T2 동의어,q_꽃_05,플라워,생활서비스 중 '꽃'을 판매·제공하는 매장,f46520bd-209f-48be-a31e-523ad8c9554a,젤루야 플라워,생화,순헌황귀비길 골목형상점가,골목형상점가,서울특별시,3.0,3.0,,,RESOLVED_AGREEMENT,False,3,,,,
dec1d32ad353c1000f8b,val,꽃,T2 동의어,q_꽃_05,플라워,생활서비스 중 '꽃'을 판매·제공하는 매장,091b1d69-d4e3-4d8c-9000-1d40f95f50e9,은자씨 플라워,화환,부티크타운 골목형 상점가,골목형상점가,충청남도,3.0,3.0,,,RESOLVED_AGREEMENT,False,3,,,,
f1a391dfe593b6bc3ace,val,꽃,T2 동의어,q_꽃_05,플라워,생활서비스 중 '꽃'을 판매·제공하는 매장,c0332f0e-c642-4819-94fc-39c7108ad0eb,플라워 웍스,제과,인후동1가 골목형상점가,골목형상점가,전북특별자치도,2.0,3.0,,,P2_GRADED_ONLY,True,,,,,
b640c93f3775d629102c,val,꽃,T2 동의어,q_꽃_05,플라워,생활서비스 중 '꽃'을 판매·제공하는 매장,29bfeaec-507b-4b0e-871e-5ecd4303691f,아밀리에 플라워,화훼,송도 아트포레 판매시설 골목형상점가,골목형상점가,인천광역시,3.0,3.0,,,RESOLVED_AGREEMENT,False,3,,,,
0f897b37ba6e93775f32,val,꽃,T2 동의어,q_꽃_05,플라워,생활서비스 중 '꽃'을 판매·제공하는 매장,d3622471-9ce4-43aa-b7bb-16862ca82e04,그린리 플라워,,배방세교 골목형상점가,골목형상점가,충청남도,3.0,3.0,,,RESOLVED_AGREEMENT,False,3,,,,
ec8918fb8e73613910f0,val,꽃,T2 동의어,q_꽃_05,플라워,생활서비스 중 '꽃'을 판매·제공하는 매장,012ed1bc-d2d6-4dad-8b36-6ad33d367ab2,24시꽃집럭키플라워송도점,생화 식물,송도랜드마크시티 센트럴더샵 골목형상점가,골목형상점가,인천광역시,3.0,3.0,,,RESOLVED_AGREEMENT,False,3,,,,
de0043f06fa77bdcbf60,val,꽃,T2 동의어,q_꽃_05,플라워,생활서비스 중 '꽃'을 판매·제공하는 매장,001b5693-72ee-4677-9cdb-39117fbc932a,로사리움,꽃,첨단지구 골목형상점가,골목형상점가,광주광역시,3.0,3.0,,,RESOLVED_AGREEMENT,False,3,,,,
87caa22fa0abe8448661,val,꽃,T2 동의어,q_꽃_05,플라워,생활서비스 중 '꽃'을 판매·제공하는 매장,c4a26831-0cfa-4769-9a1a-9f1585b396ba,정플라워,꽃,전남대 상대 골목형상점가,골목형상점가,광주광역시,3.0,3.0,,,RESOLVED_AGREEMENT,False,3,,,,
97e45d3dd2923c210130,val,꽃,T2 동의어,q_꽃_05,플라워,생활서비스 중 '꽃'을 판매·제공하는 매장,ad8cbd7d-d2f3-4678-9b5f-040875d925be,파크 플라워,화훼,치평동중흥상가상인회 골목형상점가,골목형상점가,광주광역시,3.0,3.0,,,RESOLVED_AGREEMENT,False,3,,,,
c7670a635667fca97f29,val,꽃,T2 동의어,q_꽃_05,플라워,생활서비스 중 '꽃'을 판매·제공하는 매장,359df784-64ca-44d9-843d-119b126f095a,서산헬퍼,배달,서산동부전통시장,전통시장,충청남도,0.0,0.0,,,RESOLVED_AGREEMENT,False,0,,,,
219ceac42c48df7282ae,val,꽃,T2 동의어,q_꽃_05,플라워,생활서비스 중 '꽃'을 판매·제공하는 매장,0e5a591b-cc1f-4529-9593-c68d305729a6,꼬슬란꽃집,소매(화원),가평잣고을시장,전통시장,경기도,3.0,3.0,,,RESOLVED_AGREEMENT,False,3,,,,
fefb0fb9fe9b4dff2b36,val,꽃,T2 동의어,q_꽃_05,플라워,생활서비스 중 '꽃'을 판매·제공하는 매장,f0e5f1b6-4820-4e37-8956-021a995d02b7,오명옥 플라워,생화,풍암신암상인회 골목형상점가,골목형상점가,광주광역시,3.0,3.0,,,RESOLVED_AGREEMENT,False,3,,,,
fbf024abd37b6b1cea14,val,꽃,T2 동의어,q_꽃_05,플라워,생활서비스 중 '꽃'을 판매·제공하는 매장,04c231bf-d3f7-4202-b3a8-d03eb7531853,실버라인,도소매(조화),고투몰(강남터미널지하도상점가),일반지하상점가,서울특별시,1.0,3.0,,,P1_BINARY_THRESHOLD,True,,,,,
80f126503c35ae1a1813,val,꽃,T2 동의어,q_꽃_05,플라워,생활서비스 중 '꽃'을 판매·제공하는 매장,88854b80-1b0f-43ac-a245-fcc1a9817086,플라워팜,,관음동화골목형상점가,골목형상점가,대구광역시,3.0,3.0,,,RESOLVED_AGREEMENT,False,3,,,,
74c584c9cd3edbd830dc,val,꽃,T2 동의어,q_꽃_05,플라워,생활서비스 중 '꽃'을 판매·제공하는 매장,ec677e1a-a107-4bac-9c2f-d2d122b5ad8a,"우보, 플라워 마켓",생화,반드레길골목형상점가,골목형상점가,서울특별시,3.0,3.0,,,RESOLVED_AGREEMENT,False,3,,,,
956936033426f7c9e7fa,val,꽃,T2 동의어,q_꽃_05,플라워,생활서비스 중 '꽃'을 판매·제공하는 매장,38d62a3e-e834-44c3-852f-cdb356cf9d27,스위티 플라워,,금곡 골목형상점가,골목형상점가,경기도,3.0,3.0,,,RESOLVED_AGREEMENT,False,3,,,,
efc772fc9d347f34dbf7,val,꽃,T2 동의어,q_꽃_05,플라워,생활서비스 중 '꽃'을 판매·제공하는 매장,dae6633c-aa8c-465a-a073-e1ac75d74594,플라워,의류,동산상가,전통시장,대구광역시,2.0,3.0,,,P2_GRADED_ONLY,True,,,,,
656320a9af0bffdc117d,val,꽃,T2 동의어,q_꽃_05,플라워,생활서비스 중 '꽃'을 판매·제공하는 매장,c89eec77-69c2-4105-aafb-be9a51f2ae7c,플라워화장품,,풍납시장,전통시장,서울특별시,3.0,3.0,,,RESOLVED_AGREEMENT,False,3,,,,
8bc379252aa9590b64a4,val,꽃,T2 동의어,q_꽃_05,플라워,생활서비스 중 '꽃'을 판매·제공하는 매장,6a1944e1-ddd3-43c5-8ade-1005036c810c,수 플라워,화초,법원단지길골목형상점가,골목형상점가,서울특별시,2.0,3.0,,,P2_GRADED_ONLY,True,,,,,
c2bf6e7d30da4c7fbb34,val,꽃,T2 동의어,q_꽃_05,플라워,생활서비스 중 '꽃'을 판매·제공하는 매장,c0f52376-43e6-4278-9c1f-df11f70da064,트위티 플라워,꽃 식물,전주혁신사랑 골목형상점가,골목형상점가,전북특별자치도,3.0,3.0,,,RESOLVED_AGREEMENT,False,3,,,,
30a6b5c7516ad81495c9,val,꽃,T2 동의어,q_꽃_05,플라워,생활서비스 중 '꽃'을 판매·제공하는 매장,f7d13352-6ecd-4bd6-a7cf-5f1944b7adf3,예담 플라워,,승달 골목형상점가,골목형상점가,,3.0,3.0,,,RESOLVED_AGREEMENT,False,3,,,,
3708799b81906dc3142e,val,꽃,T2 동의어,q_꽃_05,플라워,생활서비스 중 '꽃'을 판매·제공하는 매장,0393ce95-3e7d-4bb5-8ad3-e5da1199e516,꽃사랑화원,화원,남해 명품화전길 골목형상점가,골목형상점가,경상남도,3.0,3.0,,,RESOLVED_AGREEMENT,False,3,,,,
24b2a8cafe9dda673784,val,꽃,T2 동의어,q_꽃_05,플라워,생활서비스 중 '꽃'을 판매·제공하는 매장,186dc6aa-3405-48d6-83b5-e5d794b2bd7d,꽃뜨락 플라워,생화,화정로상인회 골목형상점가,골목형상점가,광주광역시,3.0,3.0,,,RESOLVED_AGREEMENT,False,3,,,,
b052b0d17cf1959c3745,val,꽃,T2 동의어,q_꽃_05,플라워,생활서비스 중 '꽃'을 판매·제공하는 매장,fba2de74-75f0-46b9-a95a-112ee7499d82,아담플라워,화환,월곡달빛오거리골목형상점가,골목형상점가,서울특별시,3.0,3.0,,,RESOLVED_AGREEMENT,False,3,,,,
ac9558f71cb96401da27,val,꽃,T2 동의어,q_꽃_05,플라워,생활서비스 중 '꽃'을 판매·제공하는 매장,94019ef1-8bfc-45ea-b8be-7e8b0c7b7b35,남경회수산,"활어회포장, 배달",원대신시장,전통시장,대구광역시,0.0,0.0,,,RESOLVED_AGREEMENT,False,0,,,,
28a4ac9fbcda5088e9de,val,꽃,T2 동의어,q_꽃_05,플라워,생활서비스 중 '꽃'을 판매·제공하는 매장,010fea22-a965-4d8e-a805-083042a361ec,니어앤디어Cafe,꽃,상주중앙시장,전통시장,경상북도,3.0,3.0,,,RESOLVED_AGREEMENT,False,3,,,,
e7074d16d91623decad9,val,꽃,T2 동의어,q_꽃_05,플라워,생활서비스 중 '꽃'을 판매·제공하는 매장,4135726a-f178-4f67-8906-e413e289ebef,안목플라워,,용마루길 골목형상점가,골목형상점가,서울특별시,3.0,3.0,,,RESOLVED_AGREEMENT,False,3,,,,
30ab21ed418affd89b72,val,꽃,T2 동의어,q_꽃_05,플라워,생활서비스 중 '꽃'을 판매·제공하는 매장,695a67bc-1b8c-43f9-9c58-652a080bb871,엘플라워,,안흥초교 사거리 골목형상점가,골목형상점가,경기도,3.0,3.0,,,RESOLVED_AGREEMENT,False,3,,,,
07ff73cd5c734a3cfc36,val,꽃,T2 동의어,q_꽃_05,플라워,생활서비스 중 '꽃'을 판매·제공하는 매장,1dda6879-a380-4c18-804f-0fe4990e6846,주물럭꼼장어,한식,한양대앞상점가,자율상권구역,서울특별시,0.0,0.0,,,RESOLVED_AGREEMENT,False,0,,,,
b65e09c3734ae489f8ed,val,꽃,T2 동의어,q_꽃_05,플라워,생활서비스 중 '꽃'을 판매·제공하는 매장,205f8e5f-1c37-4a40-865b-36a6bd6aa4b5,디아네몬 플라워,화초,권율 골목형상점가,골목형상점가,경기도,2.0,3.0,,,P2_GRADED_ONLY,True,,,,,
54c5281fd5203c7b0fe1,val,꽃,T2 동의어,q_꽃_05,플라워,생활서비스 중 '꽃'을 판매·제공하는 매장,01d1c245-a6a7-441a-8977-85303f01e56e,인플라워,생화,유성도안 골목형상점가,골목형상점가,대전광역시,3.0,3.0,,,RESOLVED_AGREEMENT,False,3,,,,
95855ee030d23110a258,val,꽃,T2 동의어,q_꽃_05,플라워,생활서비스 중 '꽃'을 판매·제공하는 매장,b11cead1-591f-4c25-974e-2f279d48a215,플라워,외의,단양구경시장(단양인정시장),전통시장,충청북도,2.0,3.0,,,P2_GRADED_ONLY,True,,,,,
6265e174a5eef340ba63,val,꽃,T2 동의어,q_꽃_05,플라워,생활서비스 중 '꽃'을 판매·제공하는 매장,89c17efa-af0d-4a36-ae38-723c36022559,육담 고기로말하다,한우 한돈,사리골상점가,자율상권구역,경기도,0.0,0.0,,,RESOLVED_AGREEMENT,False,0,,,,
2b5d43ceb73402dec45d,val,꽃,T2 동의어,q_꽃_05,플라워,생활서비스 중 '꽃'을 판매·제공하는 매장,070a949c-b89d-4ccf-8e63-1743372657bf,조경나라,조화,고투몰(강남터미널지하도상점가),일반지하상점가,서울특별시,1.0,3.0,,,P1_BINARY_THRESHOLD,True,,,,,
e9a162344e38cae76afb,val,꽃,T2 동의어,q_꽃_05,플라워,생활서비스 중 '꽃'을 판매·제공하는 매장,7194bc58-8b0e-46d9-badf-c900c60f759b,수경 플라워,생화,학소로 골목형상점가,골목형상점가,광주광역시,3.0,3.0,,,RESOLVED_AGREEMENT,False,3,,,,
1db216ac318bee22c0dd,val,꽃,T2 동의어,q_꽃_05,플라워,생활서비스 중 '꽃'을 판매·제공하는 매장,07e2a120-4803-4634-bd52-ebd7c5433825,슬이네(보떼),조화,고투몰(강남터미널지하도상점가),일반지하상점가,서울특별시,1.0,3.0,,,P1_BINARY_THRESHOLD,True,,,,,
1e8fe6adc8b8ac1ffcab,val,꽃,T2 동의어,q_꽃_05,플라워,생활서비스 중 '꽃'을 판매·제공하는 매장,0123cf0c-2929-4bbe-9b13-1354e60a6922,혜오르 플라워(HYEOR FLOWER),생화 및 식물,신창진흥 골목형상점가,골목형상점가,광주광역시,3.0,3.0,,,RESOLVED_AGREEMENT,False,3,,,,
c292f7ba1709becd9c48,val,꽃,T2 동의어,q_꽃_05,플라워,생활서비스 중 '꽃'을 판매·제공하는 매장,08b9f9fd-7584-41c1-ba08-8a0cbb126f18,유플라워,꽃집,달서시장,전통시장,대구광역시,3.0,3.0,,,RESOLVED_AGREEMENT,False,3,,,,
03f6772145751a0aa3be,val,꽃,T2 동의어,q_꽃_05,플라워,생활서비스 중 '꽃'을 판매·제공하는 매장,42791e04-fb93-4228-a544-4f1e04966823,소누히 플라워,꽃,성덕중사거리,골목형상점가,광주광역시,3.0,3.0,,,RESOLVED_AGREEMENT,False,3,,,,
6907b1482065e94418f1,val,꽃,T2 동의어,q_꽃_05,플라워,생활서비스 중 '꽃'을 판매·제공하는 매장,564dd57e-709e-49ff-9f3e-1272853f2595,플라워봄,꽃,위드수암 골목형상점가,골목형상점가,울산광역시,3.0,3.0,,,RESOLVED_AGREEMENT,False,3,,,,
fd761f50a5247d12c45d,val,꽃,T2 동의어,q_꽃_05,플라워,생활서비스 중 '꽃'을 판매·제공하는 매장,56df84f8-114c-4372-b03f-07b5f7ec6052,모던플라워,,평리로 내당경운 골목형상점가,골목형상점가,대구광역시,3.0,3.0,,,RESOLVED_AGREEMENT,False,3,,,,
a228931a4907bb3398ed,val,꽃,T2 동의어,q_꽃_05,플라워,생활서비스 중 '꽃'을 판매·제공하는 매장,139f6d68-83b9-40cc-8339-120b154b8714,이딜리크,꽃집,월평1동 상인연합회,골목형상점가,대전광역시,3.0,3.0,,,RESOLVED_AGREEMENT,False,3,,,,
9509de18faa3b796fe7c,val,꽃,T2 동의어,q_꽃_05,플라워,생활서비스 중 '꽃'을 판매·제공하는 매장,046df2a5-89ee-4b7a-8aad-91bdc5272130,향기플라워,,정남진활력의거리 골목형상점가,골목형상점가,,3.0,3.0,,,RESOLVED_AGREEMENT,False,3,,,,
6bf2562961e0de4a2aa4,val,꽃,T2 동의어,q_꽃_05,플라워,생활서비스 중 '꽃'을 판매·제공하는 매장,99fea5cd-04ba-46c2-bc5f-cdf90bca7fc1,글리밍 플라워,화훼,둔전골목형상점가,골목형상점가,경기도,3.0,3.0,,,RESOLVED_AGREEMENT,False,3,,,,
230ac5586a9027394ac2,val,꽃,T2 동의어,q_꽃_05,플라워,생활서비스 중 '꽃'을 판매·제공하는 매장,b673ed87-58db-4d09-be60-f04dbbc336a8,메이 플라워,꽃집,상록마을 우성종합 골목형상점가,골목형상점가,경기도,3.0,3.0,,,RESOLVED_AGREEMENT,False,3,,,,
52bfc7303c612b15f460,val,꽃,T2 동의어,q_꽃_05,플라워,생활서비스 중 '꽃'을 판매·제공하는 매장,87a1399d-f3c9-4968-acaa-57b1ab6b440d,첨단예본치과,치과,첨단리채 골목형상점가,골목형상점가,광주광역시,0.0,0.0,,,RESOLVED_AGREEMENT,False,0,,,,
759581e8e6766d6e1863,val,꽃,T2 동의어,q_꽃_05,플라워,생활서비스 중 '꽃'을 판매·제공하는 매장,0268ed52-44bd-4e9c-a295-7a64f656640a,양정화원,화원,관고전통시장,전통시장,경기도,3.0,3.0,,,RESOLVED_AGREEMENT,False,3,,,,
96e807b2e56b30db8deb,val,꽃,T2 동의어,q_꽃_05,플라워,생활서비스 중 '꽃'을 판매·제공하는 매장,3c374c66-2910-40ca-9ba5-74b32479d718,데이드림 플라워,,혁신도시3구역 골목형상점가,골목형상점가,강원특별자치도,3.0,3.0,,,RESOLVED_AGREEMENT,False,3,,,,
562fe2bc70d6fdb87dab,val,꽃,T2 동의어,q_꽃_05,플라워,생활서비스 중 '꽃'을 판매·제공하는 매장,9b4fc779-b33c-4d82-bee6-9acf7defc3c1,주식회사 두두컴퍼니코리아,배달,자양로13길골목형상점가,골목형상점가,서울특별시,0.0,0.0,,,RESOLVED_AGREEMENT,False,0,,,,
8756d5dda4730e7598e7,val,꽃,T2 동의어,q_꽃_05,플라워,생활서비스 중 '꽃'을 판매·제공하는 매장,02b04299-d64f-4c59-b73c-487d485fff0f,속초꽃집 화사랑플라워,,청학사거리 골목형상점가,골목형상점가,강원특별자치도,3.0,3.0,,,RESOLVED_AGREEMENT,False,3,,,,
01018b610b4aa085cf7b,val,꽃,T2 동의어,q_꽃_06,화원,생활서비스 중 '꽃'을 판매·제공하는 매장,cf1f0410-9db9-4f75-b486-8624bbcb4096,나연플라워아트,화원,영주로상권,자율상권구역,경상북도,3.0,3.0,,,RESOLVED_AGREEMENT,False,3,,,,
2ed4a9121876141d962a,val,꽃,T2 동의어,q_꽃_06,화원,생활서비스 중 '꽃'을 판매·제공하는 매장,df3026fa-eddc-416f-87e9-6094c2e9dd36,한아름플라워,화원,양산 덕계 무지개 상점가,골목형상점가,경상남도,3.0,3.0,,,RESOLVED_AGREEMENT,False,3,,,,
c0e88bcd9c1daff4c7c6,val,꽃,T2 동의어,q_꽃_06,화원,생활서비스 중 '꽃'을 판매·제공하는 매장,070a949c-b89d-4ccf-8e63-1743372657bf,조경나라,조화,고투몰(강남터미널지하도상점가),일반지하상점가,서울특별시,1.0,3.0,,,P1_BINARY_THRESHOLD,True,,,,,
658c84ba8aed333da612,val,꽃,T2 동의어,q_꽃_06,화원,생활서비스 중 '꽃'을 판매·제공하는 매장,696c77fe-cc49-4841-97a2-b435710fd304,성산화원,,백제대로 골목형상점가,골목형상점가,전북특별자치도,3.0,3.0,,,RESOLVED_AGREEMENT,False,3,,,,
ccb5021286f1ac214505,val,꽃,T2 동의어,q_꽃_06,화원,생활서비스 중 '꽃'을 판매·제공하는 매장,71f15015-bf0d-464e-858b-7bd7ac7fe201,무극화원,화원,무극시장,전통시장,충청북도,3.0,3.0,,,RESOLVED_AGREEMENT,False,3,,,,
62181b32933efb8dc1d4,val,꽃,T2 동의어,q_꽃_06,화원,생활서비스 중 '꽃'을 판매·제공하는 매장,874e7483-e8ef-42c9-9490-00fa7dc95022,믿음꽃집,화원,덕풍전통시장,전통시장,경기도,3.0,3.0,,,RESOLVED_AGREEMENT,False,3,,,,
a424a575b22d68b45d59,val,꽃,T2 동의어,q_꽃_06,화원,생활서비스 중 '꽃'을 판매·제공하는 매장,21da5494-d565-43c0-8116-a2fd57280a59,꽃의 향연,화원,오치2동 골목형상점가,골목형상점가,광주광역시,3.0,3.0,,,RESOLVED_AGREEMENT,False,3,,,,
e80f1d428448909b849b,val,꽃,T2 동의어,q_꽃_06,화원,생활서비스 중 '꽃'을 판매·제공하는 매장,d14bb4c2-4196-4d62-b9d5-91e4f3098fc9,넝쿨화원,,장성읍 골목형상점가,골목형상점가,전라남도,3.0,3.0,,,RESOLVED_AGREEMENT,False,3,,,,
8dadc19fc5f3b6ca3639,val,꽃,T2 동의어,q_꽃_06,화원,생활서비스 중 '꽃'을 판매·제공하는 매장,00046925-dcb7-4796-8c1e-0de154aa3825,가든꽃화원,생화,전주풍남문상점가,자율상권구역,전북특별자치도,3.0,3.0,,,RESOLVED_AGREEMENT,False,3,,,,
3dee9791e8151ba0cc2b,val,꽃,T2 동의어,q_꽃_06,화원,생활서비스 중 '꽃'을 판매·제공하는 매장,03de55fd-e04d-4c83-861f-72bd167d8afc,드레스플라워,,대봉모리 골목형상점가,골목형상점가,대구광역시,3.0,3.0,,,RESOLVED_AGREEMENT,False,3,,,,
d45cc48bc9fe85407f42,val,꽃,T2 동의어,q_꽃_06,화원,생활서비스 중 '꽃'을 판매·제공하는 매장,0268ed52-44bd-4e9c-a295-7a64f656640a,양정화원,화원,관고전통시장,전통시장,경기도,3.0,3.0,,,RESOLVED_AGREEMENT,False,3,,,,
67e5e36ab25ed1229f43,val,꽃,T2 동의어,q_꽃_06,화원,생활서비스 중 '꽃'을 판매·제공하는 매장,51fbc0f7-11f2-4eba-9546-86e9bf0b0c4a,프리앤락 범일점,주방용품,조방앞 상권활성화구역,상권활성화구역,부산광역시,0.0,0.0,,,RESOLVED_AGREEMENT,False,0,,,,
835ce96b69847ba7e3eb,val,꽃,T2 동의어,q_꽃_06,화원,생활서비스 중 '꽃'을 판매·제공하는 매장,cc93e0f6-29d7-4269-b90f-983a557a2928,꽃이야기,화원,조대장미의거리 상점가,자율상권구역,광주광역시,3.0,3.0,,,RESOLVED_AGREEMENT,False,3,,,,
c87a7a272b773d1ab320,val,꽃,T2 동의어,q_꽃_06,화원,생활서비스 중 '꽃'을 판매·제공하는 매장,94019ef1-8bfc-45ea-b8be-7e8b0c7b7b35,남경회수산,"활어회포장, 배달",원대신시장,전통시장,대구광역시,0.0,0.0,,,RESOLVED_AGREEMENT,False,0,,,,
b596236c3286af7e84d9,val,꽃,T2 동의어,q_꽃_06,화원,생활서비스 중 '꽃'을 판매·제공하는 매장,139f6d68-83b9-40cc-8339-120b154b8714,이딜리크,꽃집,월평1동 상인연합회,골목형상점가,대전광역시,3.0,3.0,,,RESOLVED_AGREEMENT,False,3,,,,
b21009a8f682eaced0da,val,꽃,T2 동의어,q_꽃_06,화원,생활서비스 중 '꽃'을 판매·제공하는 매장,0393ce95-3e7d-4bb5-8ad3-e5da1199e516,꽃사랑화원,화원,남해 명품화전길 골목형상점가,골목형상점가,경상남도,3.0,3.0,,,RESOLVED_AGREEMENT,False,3,,,,
11a84b6b7425064eecf7,val,꽃,T2 동의어,q_꽃_06,화원,생활서비스 중 '꽃'을 판매·제공하는 매장,4a9e649a-8e0f-4ad2-9dd7-05976230a2d7,진흥식당,식당,기장시장,전통시장,부산광역시,0.0,0.0,,,RESOLVED_AGREEMENT,False,0,,,,
9fdd9edcfdbf953ed98e,val,꽃,T2 동의어,q_꽃_06,화원,생활서비스 중 '꽃'을 판매·제공하는 매장,07e2a120-4803-4634-bd52-ebd7c5433825,슬이네(보떼),조화,고투몰(강남터미널지하도상점가),일반지하상점가,서울특별시,1.0,3.0,,,P1_BINARY_THRESHOLD,True,,,,,
af05841808e556520472,val,꽃,T2 동의어,q_꽃_06,화원,생활서비스 중 '꽃'을 판매·제공하는 매장,3bd9824c-a102-462a-a47e-7d7fc79d09cd,빛고을화원,화훼,법원 앞 사과마을 골목형상점가,골목형상점가,광주광역시,3.0,3.0,,,RESOLVED_AGREEMENT,False,3,,,,
37e3b52edd6bb593d31f,val,꽃,T2 동의어,q_꽃_06,화원,생활서비스 중 '꽃'을 판매·제공하는 매장,9b4fc779-b33c-4d82-bee6-9acf7defc3c1,주식회사 두두컴퍼니코리아,배달,자양로13길골목형상점가,골목형상점가,서울특별시,0.0,0.0,,,RESOLVED_AGREEMENT,False,0,,,,
968ac943dd583bf25caa,val,꽃,T2 동의어,q_꽃_06,화원,생활서비스 중 '꽃'을 판매·제공하는 매장,006964ff-b2f9-421f-8fa7-f87219c26c0a,블리스블룸,생화,BOCA 보카상점가,골목형상점가,경기도,3.0,3.0,,,RESOLVED_AGREEMENT,False,3,,,,
e5ef45efcfda6e16a142,val,꽃,T2 동의어,q_꽃_06,화원,생활서비스 중 '꽃'을 판매·제공하는 매장,17b7476e-94b2-45ab-ad8f-c0f4bba6404a,예쁜화원,화원,강진읍 상권활성화구역,상권활성화구역,전라남도,3.0,3.0,,,RESOLVED_AGREEMENT,False,3,,,,
d08ddb9cad23f0eeadf3,val,꽃,T2 동의어,q_꽃_06,화원,생활서비스 중 '꽃'을 판매·제공하는 매장,b6b79bfe-1cb8-4a8f-82fd-811d62d078df,최은경꽃,화원,전주한옥마을 골목형상점가,골목형상점가,전북특별자치도,3.0,3.0,,,RESOLVED_AGREEMENT,False,3,,,,
ca42b07ef9301c71853e,val,꽃,T2 동의어,q_꽃_06,화원,생활서비스 중 '꽃'을 판매·제공하는 매장,c305e602-f3b3-4893-8f8f-d31184592bbf,화천화원,꽃,화천재래시장,전통시장,강원특별자치도,3.0,3.0,,,RESOLVED_AGREEMENT,False,3,,,,
a2c3918287f0923906c6,val,꽃,T2 동의어,q_꽃_06,화원,생활서비스 중 '꽃'을 판매·제공하는 매장,010fea22-a965-4d8e-a805-083042a361ec,니어앤디어Cafe,꽃,상주중앙시장,전통시장,경상북도,3.0,3.0,,,RESOLVED_AGREEMENT,False,3,,,,
26e4edbcaa321465abfd,val,꽃,T2 동의어,q_꽃_06,화원,생활서비스 중 '꽃'을 판매·제공하는 매장,229143e0-cbfa-4763-aefe-a69516a67ccf,화원약국,약,화원역 비슬상점가,자율상권구역,대구광역시,2.0,3.0,,,P2_GRADED_ONLY,True,,,,,
5da7ea9b5de00fe331ca,val,꽃,T2 동의어,q_꽃_06,화원,생활서비스 중 '꽃'을 판매·제공하는 매장,01d1c245-a6a7-441a-8977-85303f01e56e,인플라워,생화,유성도안 골목형상점가,골목형상점가,대전광역시,3.0,3.0,,,RESOLVED_AGREEMENT,False,3,,,,
ec3f3ea56bf41b0f8cbc,val,꽃,T2 동의어,q_꽃_06,화원,생활서비스 중 '꽃'을 판매·제공하는 매장,e51594e1-b93a-4d16-a371-0d25d13d6f1e,우주별화원,화원,제민천 골목형상점가,골목형상점가,충청남도,3.0,3.0,,,RESOLVED_AGREEMENT,False,3,,,,
2ac22dce743ecec3a55d,val,꽃,T2 동의어,q_꽃_06,화원,생활서비스 중 '꽃'을 판매·제공하는 매장,fba2de74-75f0-46b9-a95a-112ee7499d82,아담플라워,화환,월곡달빛오거리골목형상점가,골목형상점가,서울특별시,3.0,3.0,,,RESOLVED_AGREEMENT,False,3,,,,
716dbeb643c0c994231d,val,꽃,T2 동의어,q_꽃_06,화원,생활서비스 중 '꽃'을 판매·제공하는 매장,de0d0ce4-f21c-400c-938e-2f5b51310e75,화원상회,젓갈,목포항동시장,전통시장,전라남도,2.0,3.0,,,P2_GRADED_ONLY,True,,,,,
cde77f4547c57207f17e,val,꽃,T2 동의어,q_꽃_06,화원,생활서비스 중 '꽃'을 판매·제공하는 매장,066a65ee-fe0b-442c-a440-4ce37e296082,화인꽃방,생화조화,김해 동상전통시장,전통시장,경상남도,3.0,3.0,,,RESOLVED_AGREEMENT,False,3,,,,
046b84a74e6e66dded48,val,꽃,T2 동의어,q_꽃_06,화원,생활서비스 중 '꽃'을 판매·제공하는 매장,04b1ff99-e4e2-47bb-bcae-f7079bd73cae,삼성꽃집,조화,포항죽도시장,전통시장,경상북도,2.0,3.0,,,P2_GRADED_ONLY,True,,,,,
58f67e77cb8fb081aeb9,val,꽃,T2 동의어,q_꽃_06,화원,생활서비스 중 '꽃'을 판매·제공하는 매장,001b5693-72ee-4677-9cdb-39117fbc932a,로사리움,꽃,첨단지구 골목형상점가,골목형상점가,광주광역시,3.0,3.0,,,RESOLVED_AGREEMENT,False,3,,,,
f4c440d038442d627583,val,꽃,T2 동의어,q_꽃_06,화원,생활서비스 중 '꽃'을 판매·제공하는 매장,b191f401-e96d-4c38-8cbe-1ef987eba3e4,수정화원,화훼,남대문시장,전통시장,서울특별시,3.0,3.0,,,RESOLVED_AGREEMENT,False,3,,,,
574c62b9bf15503dd06f,val,꽃,T2 동의어,q_꽃_06,화원,생활서비스 중 '꽃'을 판매·제공하는 매장,b3fe964e-39e9-4ee3-bfc8-c4c5d780d91a,장미화원,화원,현대상가시장,전통시장,충청남도,3.0,3.0,,,RESOLVED_AGREEMENT,False,3,,,,
08405777b150c5e74edc,val,꽃,T2 동의어,q_꽃_06,화원,생활서비스 중 '꽃'을 판매·제공하는 매장,0123cf0c-2929-4bbe-9b13-1354e60a6922,혜오르 플라워(HYEOR FLOWER),생화 및 식물,신창진흥 골목형상점가,골목형상점가,광주광역시,3.0,3.0,,,RESOLVED_AGREEMENT,False,3,,,,
ef32cf2d396b852bdeb8,val,꽃,T2 동의어,q_꽃_06,화원,생활서비스 중 '꽃'을 판매·제공하는 매장,9af57132-0dc5-44cd-a95f-adb3be0a145c,한마음화원,화훼,광복마을5길 골목형상점가,골목형상점가,광주광역시,3.0,3.0,,,RESOLVED_AGREEMENT,False,3,,,,
a52b84a9e687e0ab1615,val,꽃,T2 동의어,q_꽃_06,화원,생활서비스 중 '꽃'을 판매·제공하는 매장,a385dc0d-a4a8-49c1-9459-00541d2a357f,진플라워,"생화, 관엽, 동양난, 서양난, 화분, 화환, 꽃배달",문화길 골목형상점가,골목형상점가,세종특별자치시,3.0,3.0,,,RESOLVED_AGREEMENT,False,3,,,,
efc078c622043ca7e5e7,val,꽃,T2 동의어,q_꽃_06,화원,생활서비스 중 '꽃'을 판매·제공하는 매장,e512a5ec-fe62-4f6b-a736-bdaf831ed39e,세종꽃집 우정식물나라,화원,새호반 골목형상점가,골목형상점가,세종특별자치시,3.0,3.0,,,RESOLVED_AGREEMENT,False,3,,,,
192432b0f8e95951f5c8,val,꽃,T2 동의어,q_꽃_06,화원,생활서비스 중 '꽃'을 판매·제공하는 매장,c6680a9f-9e73-4363-85de-55c305c6e4a5,아주르가든,화원,동림1 골목형상점가,골목형상점가,광주광역시,3.0,3.0,,,RESOLVED_AGREEMENT,False,3,,,,
2a2cf727505552e4c551,val,꽃,T2 동의어,q_꽃_06,화원,생활서비스 중 '꽃'을 판매·제공하는 매장,00afc023-f2e3-417c-b675-42c0a2f682ac,경영꽃집,꽃,유성구암 골목형상점가,골목형상점가,대전광역시,3.0,3.0,,,RESOLVED_AGREEMENT,False,3,,,,
cb66a8f83c8ab7219be3,val,꽃,T2 동의어,q_꽃_06,화원,생활서비스 중 '꽃'을 판매·제공하는 매장,22c85fb5-c642-4c76-b1e0-1d389342750d,서천화원,화훼,사거리온누리 골목형상점가,골목형상점가,충청남도,3.0,3.0,,,RESOLVED_AGREEMENT,False,3,,,,
6ad2abbb04976f4a4efd,val,꽃,T2 동의어,q_꽃_06,화원,생활서비스 중 '꽃'을 판매·제공하는 매장,788cdf22-baee-4ba4-a170-7a07b0b2974b,풀잎플라워,화원,돌고래시장(돌고래종합상가),전통시장,경기도,3.0,3.0,,,RESOLVED_AGREEMENT,False,3,,,,
824aa9f825a5465fb362,val,꽃,T2 동의어,q_꽃_06,화원,생활서비스 중 '꽃'을 판매·제공하는 매장,ca5b1890-7e8b-4243-92b2-f16b7059c861,삼원플라워,화원,광주송정역세권 상권활성화구역,상권활성화구역,,3.0,3.0,,,RESOLVED_AGREEMENT,False,3,,,,
6f20a7183e9f19cd3918,val,꽃,T2 동의어,q_꽃_06,화원,생활서비스 중 '꽃'을 판매·제공하는 매장,cf3f25d4-b24f-4665-a5ea-13a15974d898,오오플라워,화환,삼각지맛길 골목형상점가,골목형상점가,대구광역시,3.0,3.0,,,RESOLVED_AGREEMENT,False,3,,,,
6f0a11cd6484847e9354,val,꽃,T2 동의어,q_꽃_06,화원,생활서비스 중 '꽃'을 판매·제공하는 매장,a3a1ab14-e378-43a4-96bf-0fa9208d4993,우리화원,화원,진도 남문로 상권활성화구역,상권활성화구역,전라남도,3.0,3.0,,,RESOLVED_AGREEMENT,False,3,,,,
9cad1b0ea5f25b21c59b,val,꽃,T2 동의어,q_꽃_06,화원,생활서비스 중 '꽃'을 판매·제공하는 매장,86f7bbeb-3caf-4bb5-9914-0b0a2110eeda,용봉퍼스트치과,치과,용봉지구 골목형상점가,골목형상점가,광주광역시,0.0,0.0,,,RESOLVED_AGREEMENT,False,0,,,,
486134d88f99983e2ca6,val,꽃,T2 동의어,q_꽃_06,화원,생활서비스 중 '꽃'을 판매·제공하는 매장,0043469e-66b6-48d0-b7a9-d87c0887cf59,꽃이예쁜집,꽃,장동앞길 골목형상점가,골목형상점가,광주광역시,3.0,3.0,,,RESOLVED_AGREEMENT,False,3,,,,
b229d04b33458843b535,val,꽃,T2 동의어,q_꽃_06,화원,생활서비스 중 '꽃'을 판매·제공하는 매장,05f20be8-2221-4937-9b74-30105698424a,부여대우식당,한식,부여도심 상권활성화구역,상권활성화구역,충청남도,0.0,0.0,,,RESOLVED_AGREEMENT,False,0,,,,
838518024dad942f0feb,val,꽃,T2 동의어,q_꽃_06,화원,생활서비스 중 '꽃'을 판매·제공하는 매장,b47f2b9b-49b1-4527-9357-caa85810dfb7,미조화원,,부산자유시장,전통시장,부산광역시,3.0,3.0,,,RESOLVED_AGREEMENT,False,3,,,,
4a34f23ec5b4bc417ad8,val,꽃,T2 동의어,q_꽃_06,화원,생활서비스 중 '꽃'을 판매·제공하는 매장,0fdda0b6-8af0-4e6d-9574-2a8b043c0bc0,이플,"꽃집, 꽃배달",담양중앙2번가 골목형상점가,골목형상점가,전라남도,3.0,3.0,,,RESOLVED_AGREEMENT,False,3,,,,
3fdb6ddedd242160f0a6,val,꽃,T2 동의어,q_꽃_06,화원,생활서비스 중 '꽃'을 판매·제공하는 매장,0dc54a43-0aee-4fcb-939d-b0f59e5b1b25,금원꽃집,,송강동 골목형상점가,골목형상점가,대전광역시,3.0,3.0,,,RESOLVED_AGREEMENT,False,3,,,,
377117d9a0af18463c1b,val,꽃,T2 동의어,q_꽃_06,화원,생활서비스 중 '꽃'을 판매·제공하는 매장,ecee3ce8-d97e-4c00-a18e-315e43c48105,그린농원,화원소매,안양중앙인정시장,전통시장,경기도,3.0,3.0,,,RESOLVED_AGREEMENT,False,3,,,,
55f4ef40b9ef8becd84e,val,꽃,T2 동의어,q_꽃_06,화원,생활서비스 중 '꽃'을 판매·제공하는 매장,6805b125-0a23-4c4b-90b5-db4073b1d7f3,네일이룸,네일미용,신창중 골목형상점가,골목형상점가,광주광역시,0.0,0.0,,,RESOLVED_AGREEMENT,False,0,,,,
a0d82633ebc3b9d4c9cf,val,꽃,T2 동의어,q_꽃_06,화원,생활서비스 중 '꽃'을 판매·제공하는 매장,c48e5ba2-780f-4c9c-bc87-1babcb7e6901,플로라(FLORA),화원,전주 삼천이 골목형상점가,골목형상점가,전북특별자치도,3.0,3.0,,,RESOLVED_AGREEMENT,False,3,,,,
5e3a2ab35e84469b4cee,val,꽃,T2 동의어,q_꽃_06,화원,생활서비스 중 '꽃'을 판매·제공하는 매장,b8d695e7-bfff-4615-9dab-9308a7ec236c,조공화원,꽃,조공시장,전통시장,경기도,3.0,3.0,,,RESOLVED_AGREEMENT,False,3,,,,
4351105b7bebfaf870ad,val,꽃,T2 동의어,q_꽃_06,화원,생활서비스 중 '꽃'을 판매·제공하는 매장,e5aaf867-d8ac-4971-8cbc-918626e7415a,양평화원,꽃,양평물맑은시장,전통시장,경기도,3.0,3.0,,,RESOLVED_AGREEMENT,False,3,,,,
9e1c7f57e7e45d7a49e3,val,꽃,T2 동의어,q_꽃_06,화원,생활서비스 중 '꽃'을 판매·제공하는 매장,01b50703-620e-4976-9b84-a03f2ba9bdcf,메르세드플라워,,관저상가 골목형상점가,골목형상점가,대전광역시,3.0,3.0,,,RESOLVED_AGREEMENT,False,3,,,,
7882373c31eabccaeceb,val,꽃,T2 동의어,q_꽃_06,화원,생활서비스 중 '꽃'을 판매·제공하는 매장,09726b27-3fc7-47ce-add5-919acbac173d,제로스토어 아산테크노밸리점,기타 음식료품,이지더원 골목형 상점가,골목형상점가,충청남도,0.0,0.0,,,RESOLVED_AGREEMENT,False,0,,,,
c2999db2293827ec057a,val,꽃,T2 동의어,q_꽃_06,화원,생활서비스 중 '꽃'을 판매·제공하는 매장,64a45970-702c-4c40-80be-a1f5fbd2cb42,금강,"꽃, 화원",광명새마을시장,전통시장,경기도,3.0,3.0,,,RESOLVED_AGREEMENT,False,3,,,,
ccc8560cbafe7314d05c,val,꽃,T2 동의어,q_꽃_06,화원,생활서비스 중 '꽃'을 판매·제공하는 매장,d95d5073-5930-452d-8caa-78888afcb0cf,식물나라 화원,생화,왕지상가,자율상권구역,전라남도,3.0,3.0,,,RESOLVED_AGREEMENT,False,3,,,,
146f9657bf8f2cfb3242,val,꽃,T2 동의어,q_꽃_06,화원,생활서비스 중 '꽃'을 판매·제공하는 매장,00b13ca2-ef5b-4243-9a38-2de8507a2c21,남촌플라워,생화,용상공설시장,전통시장,경상북도,3.0,3.0,,,RESOLVED_AGREEMENT,False,3,,,,
7083cd016826f84ab7fe,val,꽃,T2 동의어,q_꽃_06,화원,생활서비스 중 '꽃'을 판매·제공하는 매장,359df784-64ca-44d9-843d-119b126f095a,서산헬퍼,배달,서산동부전통시장,전통시장,충청남도,0.0,0.0,,,RESOLVED_AGREEMENT,False,0,,,,
6343d8035ce2bddca618,val,꽃,T2 동의어,q_꽃_06,화원,생활서비스 중 '꽃'을 판매·제공하는 매장,02b04299-d64f-4c59-b73c-487d485fff0f,속초꽃집 화사랑플라워,,청학사거리 골목형상점가,골목형상점가,강원특별자치도,3.0,3.0,,,RESOLVED_AGREEMENT,False,3,,,,
c1294830f7747be9b0c3,val,꽃,T2 동의어,q_꽃_06,화원,생활서비스 중 '꽃'을 판매·제공하는 매장,5d1d4501-c1e4-41a0-a782-db6c6174cbd1,도청화원,,무안읍중심상가상점가,자율상권구역,,3.0,3.0,,,RESOLVED_AGREEMENT,False,3,,,,
b259332b25c6c08510e5,val,꽃,T2 동의어,q_꽃_06,화원,생활서비스 중 '꽃'을 판매·제공하는 매장,012ed1bc-d2d6-4dad-8b36-6ad33d367ab2,24시꽃집럭키플라워송도점,생화 식물,송도랜드마크시티 센트럴더샵 골목형상점가,골목형상점가,인천광역시,3.0,3.0,,,RESOLVED_AGREEMENT,False,3,,,,
2336006818f96eda5d32,val,꽃,T2 동의어,q_꽃_06,화원,생활서비스 중 '꽃'을 판매·제공하는 매장,18a0ab94-b233-4d80-940c-4b88e669f587,제일화원,"화원, 꽃",수유시장,전통시장,서울특별시,3.0,3.0,,,RESOLVED_AGREEMENT,False,3,,,,
ca2f9a8b97629e13dd36,val,꽃,T2 동의어,q_꽃_06,화원,생활서비스 중 '꽃'을 판매·제공하는 매장,0e5a591b-cc1f-4529-9593-c68d305729a6,꼬슬란꽃집,소매(화원),가평잣고을시장,전통시장,경기도,3.0,3.0,,,RESOLVED_AGREEMENT,False,3,,,,
d90d59aba0d5a32efa86,val,꽃,T2 동의어,q_꽃_06,화원,생활서비스 중 '꽃'을 판매·제공하는 매장,06dede93-cca4-4e0a-8ee9-26168a0b4f4d,장터꽃 화원,꽃,김천황금시장,전통시장,경상북도,3.0,3.0,,,RESOLVED_AGREEMENT,False,3,,,,
4121a3ec902f991664a0,val,꽃,T2 동의어,q_꽃_06,화원,생활서비스 중 '꽃'을 판매·제공하는 매장,4933168f-e74d-4366-931f-9cb135952ba6,평내화원,,쉬고거리제1골목형상점가,골목형상점가,경기도,3.0,3.0,,,RESOLVED_AGREEMENT,False,3,,,,
daae800b3924def9c570,val,꽃,T2 동의어,q_꽃_06,화원,생활서비스 중 '꽃'을 판매·제공하는 매장,04c231bf-d3f7-4202-b3a8-d03eb7531853,실버라인,도소매(조화),고투몰(강남터미널지하도상점가),일반지하상점가,서울특별시,1.0,3.0,,,P1_BINARY_THRESHOLD,True,,,,,
bb4f52035c0224df59e3,val,꽃,T2 동의어,q_꽃_06,화원,생활서비스 중 '꽃'을 판매·제공하는 매장,870f604d-ebe3-49bd-8116-d96d015fe539,종학이네 화원,식물 화훼,광주송정역세권 상권활성화구역,상권활성화구역,광주광역시,3.0,3.0,,,RESOLVED_AGREEMENT,False,3,,,,
b4cbc42f4d961a14d0f4,val,꽃,T2 동의어,q_꽃_06,화원,생활서비스 중 '꽃'을 판매·제공하는 매장,4ebd4a90-c118-4fdb-91ec-ee027f4c94df,무안화원,,승달 골목형상점가,골목형상점가,,3.0,3.0,,,RESOLVED_AGREEMENT,False,3,,,,
d51839303c1f77fc1eae,val,꽃,T2 동의어,q_꽃_06,화원,생활서비스 중 '꽃'을 판매·제공하는 매장,26044aac-2776-4625-affa-839beb85b297,뷰티플라워,화원 꽃,부평중앙 지하상가,일반지하상점가,인천광역시,3.0,3.0,,,RESOLVED_AGREEMENT,False,3,,,,
c51309cf2be513b6106a,val,꽃,T2 동의어,q_꽃_06,화원,생활서비스 중 '꽃'을 판매·제공하는 매장,ac803d0f-e743-48a0-b5c2-c26fecd1b668,화창화원,꽃,문흥1동 골목형상점가,골목형상점가,광주광역시,3.0,3.0,,,RESOLVED_AGREEMENT,False,3,,,,
c336698d0e8e13db3ac3,val,꽃,T2 동의어,q_꽃_06,화원,생활서비스 중 '꽃'을 판매·제공하는 매장,192edcbb-3900-47eb-ae38-a9ae5280fbc0,현대화원,,정남진활력의거리 골목형상점가,골목형상점가,,3.0,3.0,,,RESOLVED_AGREEMENT,False,3,,,,
27e675b47cb52f09970e,val,꽃,T2 동의어,q_꽃_06,화원,생활서비스 중 '꽃'을 판매·제공하는 매장,843d38ce-1268-4997-9673-e086a0bead35,수정화원,화훼,남양역골로상점가,골목형상점가,경기도,3.0,3.0,,,RESOLVED_AGREEMENT,False,3,,,,
0c445f1adbd8fee3ee6a,val,꽃,T2 동의어,q_꽃_06,화원,생활서비스 중 '꽃'을 판매·제공하는 매장,00b20e6f-4b2f-410f-984c-b6a206704138,나리화원.꽃,,승달 골목형상점가,골목형상점가,,3.0,3.0,,,RESOLVED_AGREEMENT,False,3,,,,
60315fb2be7573657652,val,꽃,T2 동의어,q_꽃_06,화원,생활서비스 중 '꽃'을 판매·제공하는 매장,b6f7ec02-f37f-4ad6-bb0b-677198d29e5c,예은플라워,화원,두암2동참판골 골목형상점가,골목형상점가,광주광역시,3.0,3.0,,,RESOLVED_AGREEMENT,False,3,,,,
66e022ead212f6119cb3,val,꽃,T2 동의어,q_꽃_06,화원,생활서비스 중 '꽃'을 판매·제공하는 매장,00b610a8-8a8a-4c5e-9e0b-cba5e4d22c93,에덴꽃화원,꽃,태화시장,전통시장,울산광역시,3.0,3.0,,,RESOLVED_AGREEMENT,False,3,,,,
cbf9f174307e1e83ce98,val,꽃,T2 동의어,q_꽃_06,화원,생활서비스 중 '꽃'을 판매·제공하는 매장,0087b08e-75d9-4580-98ee-b89a11922c32,전광화원,,장흥시장 골목형상점가,골목형상점가,,3.0,3.0,,,RESOLVED_AGREEMENT,False,3,,,,
20310c044963dbb1d78e,val,꽃,T2 동의어,q_꽃_06,화원,생활서비스 중 '꽃'을 판매·제공하는 매장,08b9f9fd-7584-41c1-ba08-8a0cbb126f18,유플라워,꽃집,달서시장,전통시장,대구광역시,3.0,3.0,,,RESOLVED_AGREEMENT,False,3,,,,
65e6bc4bd670cbbe8439,val,꽃,T2 동의어,q_꽃_06,화원,생활서비스 중 '꽃'을 판매·제공하는 매장,bc4fd2d5-3aa7-439e-b6f0-dd4468a592a6,흥부왕족발,,중곡제일골목시장(중곡제일전통시장),전통시장,서울특별시,0.0,0.0,,,RESOLVED_AGREEMENT,False,0,,,,
36225326d3cf9ae58b8e,val,꽃,T2 동의어,q_꽃_06,화원,생활서비스 중 '꽃'을 판매·제공하는 매장,27626fd3-436c-42b1-a56a-a1548f1ac144,꽃처럼바람처럼,화원,강진중앙로상가,자율상권구역,전라남도,3.0,3.0,,,RESOLVED_AGREEMENT,False,3,,,,
8562bb458f8b02574fb8,val,꽃,T2 동의어,q_꽃_06,화원,생활서비스 중 '꽃'을 판매·제공하는 매장,ae210fff-79d4-47cb-ad31-e14891584727,화원유통,식육,마장축산물시장,전통시장,서울특별시,2.0,3.0,,,P2_GRADED_ONLY,True,,,,,
e23f9bd01adc327be1c8,val,꽃,T2 동의어,q_꽃_06,화원,생활서비스 중 '꽃'을 판매·제공하는 매장,2fd6db16-8b47-41d4-b6d9-a1cc57c25343,미리내flowershop,"생화, 조화, 화분, 화환",인동중앙상점가,골목형상점가,경상북도,3.0,3.0,,,RESOLVED_AGREEMENT,False,3,,,,
41fcc48c71cf0e1a57c9,val,꽃,T2 동의어,q_꽃_06,화원,생활서비스 중 '꽃'을 판매·제공하는 매장,47cafab5-67af-4eb7-8ecc-f80e615032e9,꽃이야기,화원,신용동 골목형상점가,골목형상점가,광주광역시,3.0,3.0,,,RESOLVED_AGREEMENT,False,3,,,,
be9b8a979c0d21cad2bb,val,꽃,T2 동의어,q_꽃_06,화원,생활서비스 중 '꽃'을 판매·제공하는 매장,f59a9f33-9c32-4849-9835-3d830987fee9,안일유통,수산물,노량진수산시장골목형상점가,골목형상점가,서울특별시,0.0,0.0,,,RESOLVED_AGREEMENT,False,0,,,,
967f786088349557afd2,val,꽃,T2 동의어,q_꽃_06,화원,생활서비스 중 '꽃'을 판매·제공하는 매장,065a7a8c-5299-430a-93b1-257064b5c858,멜리플라워,,의왕가구거리 골목형상점가,골목형상점가,경기도,3.0,3.0,,,RESOLVED_AGREEMENT,False,3,,,,
a1ce93c3c3229b1f63dd,val,꽃,T2 동의어,q_꽃_06,화원,생활서비스 중 '꽃'을 판매·제공하는 매장,f1278179-928d-4e1e-aeb9-bc7b9ef98ce0,금호화원,화원,양동산업용품시장,전통시장,광주광역시,3.0,3.0,,,RESOLVED_AGREEMENT,False,3,,,,
b4dcfd04e0ddf5f524b6,val,꽃,T2 동의어,q_꽃_06,화원,생활서비스 중 '꽃'을 판매·제공하는 매장,091b1d69-d4e3-4d8c-9000-1d40f95f50e9,은자씨 플라워,화환,부티크타운 골목형 상점가,골목형상점가,충청남도,3.0,3.0,,,RESOLVED_AGREEMENT,False,3,,,,
c8d495dc6fb497f710bf,val,꽃,T2 동의어,q_꽃_06,화원,생활서비스 중 '꽃'을 판매·제공하는 매장,01361075-0980-43ea-8c81-a58d44a604bb,플라워루체,생화,운암북문대로 골목형상점가,골목형상점가,광주광역시,3.0,3.0,,,RESOLVED_AGREEMENT,False,3,,,,
e684320daf034fd9fd0c,val,꽃,T2 동의어,q_꽃_06,화원,생활서비스 중 '꽃'을 판매·제공하는 매장,1789331b-68b5-4a70-ac8a-f94c71281f8c,전북화원,꽃,군산동백로 나운상가 골목형상점가,골목형상점가,전북특별자치도,3.0,3.0,,,RESOLVED_AGREEMENT,False,3,,,,
064c17d406a53f7a96ad,val,꽃,T2 동의어,q_꽃_06,화원,생활서비스 중 '꽃'을 판매·제공하는 매장,046df2a5-89ee-4b7a-8aad-91bdc5272130,향기플라워,,정남진활력의거리 골목형상점가,골목형상점가,,3.0,3.0,,,RESOLVED_AGREEMENT,False,3,,,,
c5b6abb6fa5ed1539a0a,val,꽃,T4 구어·문장,q_꽃_07,꽃 사는 데,생활서비스 중 '꽃'을 판매·제공하는 매장,5f39317e-2916-47e2-9fee-ede53deff33a,"언제나,꽃",꽃,조치원 전통길 골목형상점가,골목형상점가,세종특별자치시,3.0,3.0,,,RESOLVED_AGREEMENT,False,3,,,,
c25e88410a15e8726583,val,꽃,T4 구어·문장,q_꽃_07,꽃 사는 데,생활서비스 중 '꽃'을 판매·제공하는 매장,680bfced-ec7b-4bf5-a6d0-d7123bae1cd0,환희,꽃,서대신동골목시장,전통시장,부산광역시,3.0,3.0,,,RESOLVED_AGREEMENT,False,3,,,,
c8047451c38b3f0f2c74,val,꽃,T4 구어·문장,q_꽃_07,꽃 사는 데,생활서비스 중 '꽃'을 판매·제공하는 매장,046df2a5-89ee-4b7a-8aad-91bdc5272130,향기플라워,,정남진활력의거리 골목형상점가,골목형상점가,,3.0,3.0,,,RESOLVED_AGREEMENT,False,3,,,,
6d1de58cc9636ff6f1c5,val,꽃,T4 구어·문장,q_꽃_07,꽃 사는 데,생활서비스 중 '꽃'을 판매·제공하는 매장,43cc0cc5-f6d4-4de9-9829-b922a8267f42,꽃분이,꽃,장동로터리 골목형상점가,골목형상점가,광주광역시,3.0,3.0,,,RESOLVED_AGREEMENT,False,3,,,,
1af301b2685d95a54099,val,꽃,T4 구어·문장,q_꽃_07,꽃 사는 데,생활서비스 중 '꽃'을 판매·제공하는 매장,091b1d69-d4e3-4d8c-9000-1d40f95f50e9,은자씨 플라워,화환,부티크타운 골목형 상점가,골목형상점가,충청남도,3.0,3.0,,,RESOLVED_AGREEMENT,False,3,,,,
472be454510f8cc16e63,val,꽃,T4 구어·문장,q_꽃_07,꽃 사는 데,생활서비스 중 '꽃'을 판매·제공하는 매장,cdba5a1d-e2d0-43f8-840f-9c83308ceef2,홍플라워,꽃,간석자유시장,전통시장,인천광역시,3.0,3.0,,,RESOLVED_AGREEMENT,False,3,,,,
8c35de6d7bb201546d2c,val,꽃,T4 구어·문장,q_꽃_07,꽃 사는 데,생활서비스 중 '꽃'을 판매·제공하는 매장,7543d5f6-37d7-4020-bd10-46e280b051df,사계절꽃집,꽃,대야전통시장,전통시장,전북특별자치도,3.0,3.0,,,RESOLVED_AGREEMENT,False,3,,,,
e8efc39c6f76cf69eb5d,val,꽃,T4 구어·문장,q_꽃_07,꽃 사는 데,생활서비스 중 '꽃'을 판매·제공하는 매장,468b55ab-1faf-455d-9885-c6c15e9ac37c,그루,꽃,전주서곡 골목형상점가,골목형상점가,전북특별자치도,3.0,3.0,,,RESOLVED_AGREEMENT,False,3,,,,
ef8327b363107fc9d465,val,꽃,T4 구어·문장,q_꽃_07,꽃 사는 데,생활서비스 중 '꽃'을 판매·제공하는 매장,591290db-7773-4bb0-a717-a5f27278e6c6,다미수,꽃,수완사랑 골목형상점가,골목형상점가,광주광역시,3.0,3.0,,,RESOLVED_AGREEMENT,False,3,,,,
025eda4aad08f2bbc204,val,꽃,T4 구어·문장,q_꽃_07,꽃 사는 데,생활서비스 중 '꽃'을 판매·제공하는 매장,f906ade2-dc38-4c41-a0ae-18e5ac72c5a4,꽃길,꽃,강진중앙로상가,자율상권구역,전라남도,3.0,3.0,,,RESOLVED_AGREEMENT,False,3,,,,
ff54403ee3519faf9ec8,val,꽃,T4 구어·문장,q_꽃_07,꽃 사는 데,생활서비스 중 '꽃'을 판매·제공하는 매장,d44114b6-26ce-4a36-aeff-94f7bae6a6ab,"이쁘다, 꽃",식물 꽃,서희1차현대 골목형상점가,골목형상점가,광주광역시,3.0,3.0,,,RESOLVED_AGREEMENT,False,3,,,,
687c935e6b4441cc18a2,val,꽃,T4 구어·문장,q_꽃_07,꽃 사는 데,생활서비스 중 '꽃'을 판매·제공하는 매장,27480a65-adc8-4a21-ada3-a5c5285540f7,떡보의하루 안양동안점,소매업(떡),평촌역 상점가,자율상권구역,경기도,0.0,0.0,,,RESOLVED_AGREEMENT,False,0,,,,
566e087f4b425ce95b50,val,꽃,T4 구어·문장,q_꽃_07,꽃 사는 데,생활서비스 중 '꽃'을 판매·제공하는 매장,39d79cf6-29ee-4dd6-8efb-0b2cce6d8271,베니르,꽃,빛가람 하나로 골목형상점가,골목형상점가,전라남도,3.0,3.0,,,RESOLVED_AGREEMENT,False,3,,,,
46987b73b8af2b6bbd8c,val,꽃,T4 구어·문장,q_꽃_07,꽃 사는 데,생활서비스 중 '꽃'을 판매·제공하는 매장,b051c4f3-8b69-4d56-a7fb-f4c9c9bc97fb,꽃다비,꽃,불광먹자골목 골목형상점가,골목형상점가,서울특별시,3.0,3.0,,,RESOLVED_AGREEMENT,False,3,,,,
ac89804cf247cad39598,val,꽃,T4 구어·문장,q_꽃_07,꽃 사는 데,생활서비스 중 '꽃'을 판매·제공하는 매장,df130639-b40a-4429-9dac-1eacf992e7cb,유들라위,꽃,하남 골목형상점가,골목형상점가,광주광역시,3.0,3.0,,,RESOLVED_AGREEMENT,False,3,,,,
8a03fa89bb45e8ceb714,val,꽃,T4 구어·문장,q_꽃_07,꽃 사는 데,생활서비스 중 '꽃'을 판매·제공하는 매장,761f7b24-0ee3-455c-a7f3-e20f7dcd6165,꽃마실,꽃,서동시장,전통시장,울산광역시,3.0,3.0,,,RESOLVED_AGREEMENT,False,3,,,,
ea63e127ebd21eab216c,val,꽃,T4 구어·문장,q_꽃_07,꽃 사는 데,생활서비스 중 '꽃'을 판매·제공하는 매장,06dede93-cca4-4e0a-8ee9-26168a0b4f4d,장터꽃 화원,꽃,김천황금시장,전통시장,경상북도,3.0,3.0,,,RESOLVED_AGREEMENT,False,3,,,,
73edace9c58ddb31b967,val,꽃,T4 구어·문장,q_꽃_07,꽃 사는 데,생활서비스 중 '꽃'을 판매·제공하는 매장,69fada19-3d28-4709-b619-5302447f6c58,온로즈,꽃,상무백운상인회 골목형상점가,골목형상점가,광주광역시,3.0,3.0,,,RESOLVED_AGREEMENT,False,3,,,,
0d07842437dc3037c900,val,꽃,T4 구어·문장,q_꽃_07,꽃 사는 데,생활서비스 중 '꽃'을 판매·제공하는 매장,2dd96183-0f6b-4211-b03b-517b1ee9f0ec,딱걸렸네,한식,오!도봉거리상점가,자율상권구역,서울특별시,0.0,0.0,,,RESOLVED_AGREEMENT,False,0,,,,
455e1816b26968e81d09,val,꽃,T4 구어·문장,q_꽃_07,꽃 사는 데,생활서비스 중 '꽃'을 판매·제공하는 매장,ae37be81-fd10-428e-8c9e-5ec63fedf54b,흔연재,꽃,모현 청경채 골목형상점가,골목형상점가,경기도,3.0,3.0,,,RESOLVED_AGREEMENT,False,3,,,,
e937944facfc1e74cf2b,val,꽃,T4 구어·문장,q_꽃_07,꽃 사는 데,생활서비스 중 '꽃'을 판매·제공하는 매장,0123cf0c-2929-4bbe-9b13-1354e60a6922,혜오르 플라워(HYEOR FLOWER),생화 및 식물,신창진흥 골목형상점가,골목형상점가,광주광역시,3.0,3.0,,,RESOLVED_AGREEMENT,False,3,,,,
9eb10dec4deb37f31b20,val,꽃,T4 구어·문장,q_꽃_07,꽃 사는 데,생활서비스 중 '꽃'을 판매·제공하는 매장,070a949c-b89d-4ccf-8e63-1743372657bf,조경나라,조화,고투몰(강남터미널지하도상점가),일반지하상점가,서울특별시,1.0,3.0,,,P1_BINARY_THRESHOLD,True,,,,,
a4c5154af24f487fa138,val,꽃,T4 구어·문장,q_꽃_07,꽃 사는 데,생활서비스 중 '꽃'을 판매·제공하는 매장,006964ff-b2f9-421f-8fa7-f87219c26c0a,블리스블룸,생화,BOCA 보카상점가,골목형상점가,경기도,3.0,3.0,,,RESOLVED_AGREEMENT,False,3,,,,
3f6752ce50650eac18dc,val,꽃,T4 구어·문장,q_꽃_07,꽃 사는 데,생활서비스 중 '꽃'을 판매·제공하는 매장,0087b08e-75d9-4580-98ee-b89a11922c32,전광화원,,장흥시장 골목형상점가,골목형상점가,,3.0,3.0,,,RESOLVED_AGREEMENT,False,3,,,,
bae2914b5cffe95fa69f,val,꽃,T4 구어·문장,q_꽃_07,꽃 사는 데,생활서비스 중 '꽃'을 판매·제공하는 매장,c8715ecb-5295-43e2-ad58-ff5e7747b452,플라포,꽃,목포원도심상점가,자율상권구역,전라남도,3.0,3.0,,,RESOLVED_AGREEMENT,False,3,,,,
2079c016577a15a1f513,val,꽃,T4 구어·문장,q_꽃_07,꽃 사는 데,생활서비스 중 '꽃'을 판매·제공하는 매장,02b04299-d64f-4c59-b73c-487d485fff0f,속초꽃집 화사랑플라워,,청학사거리 골목형상점가,골목형상점가,강원특별자치도,3.0,3.0,,,RESOLVED_AGREEMENT,False,3,,,,
0753b4c7f03ad0456b8f,val,꽃,T4 구어·문장,q_꽃_07,꽃 사는 데,생활서비스 중 '꽃'을 판매·제공하는 매장,21185fcd-8419-4a15-9957-4ddd34b2e8eb,레토,꽃,운천상무시장 골목형상점가,골목형상점가,광주광역시,3.0,3.0,,,RESOLVED_AGREEMENT,False,3,,,,
d388aae6146ba285116d,val,꽃,T4 구어·문장,q_꽃_07,꽃 사는 데,생활서비스 중 '꽃'을 판매·제공하는 매장,e63b99a9-28a2-48de-b49f-1c08839a8fa2,정순모,꽃,제주시민속오일시장,전통시장,제주특별자치도,3.0,3.0,,,RESOLVED_AGREEMENT,False,3,,,,
2fe5dfaa0c3678cd18d0,val,꽃,T4 구어·문장,q_꽃_07,꽃 사는 데,생활서비스 중 '꽃'을 판매·제공하는 매장,065a7a8c-5299-430a-93b1-257064b5c858,멜리플라워,,의왕가구거리 골목형상점가,골목형상점가,경기도,3.0,3.0,,,RESOLVED_AGREEMENT,False,3,,,,
8e8bbbfb5045340ffc46,val,꽃,T4 구어·문장,q_꽃_07,꽃 사는 데,생활서비스 중 '꽃'을 판매·제공하는 매장,aace9af5-85fc-4ea3-ae03-bb77ad69d32d,24시 꽃 온땅,꽃,염주B상인회 골목형상점가,골목형상점가,광주광역시,3.0,3.0,,,RESOLVED_AGREEMENT,False,3,,,,
129c879ec2599545dcbe,val,꽃,T4 구어·문장,q_꽃_07,꽃 사는 데,생활서비스 중 '꽃'을 판매·제공하는 매장,49c4af0c-2c40-4feb-af06-ed8e7d7b8156,꽃사랑,꽃,청평여울시장,전통시장,경기도,3.0,3.0,,,RESOLVED_AGREEMENT,False,3,,,,
5cddbed8e70fb72be485,val,꽃,T4 구어·문장,q_꽃_07,꽃 사는 데,생활서비스 중 '꽃'을 판매·제공하는 매장,cf3f25d4-b24f-4665-a5ea-13a15974d898,오오플라워,화환,삼각지맛길 골목형상점가,골목형상점가,대구광역시,3.0,3.0,,,RESOLVED_AGREEMENT,False,3,,,,
1577c0999dde6fba27ae,val,꽃,T4 구어·문장,q_꽃_07,꽃 사는 데,생활서비스 중 '꽃'을 판매·제공하는 매장,04b1ff99-e4e2-47bb-bcae-f7079bd73cae,삼성꽃집,조화,포항죽도시장,전통시장,경상북도,2.0,3.0,,,P2_GRADED_ONLY,True,,,,,
d34a72629417409f99bb,val,꽃,T4 구어·문장,q_꽃_07,꽃 사는 데,생활서비스 중 '꽃'을 판매·제공하는 매장,c4a26831-0cfa-4769-9a1a-9f1585b396ba,정플라워,꽃,전남대 상대 골목형상점가,골목형상점가,광주광역시,3.0,3.0,,,RESOLVED_AGREEMENT,False,3,,,,
ffd6e4f59366182b5cec,val,꽃,T4 구어·문장,q_꽃_07,꽃 사는 데,생활서비스 중 '꽃'을 판매·제공하는 매장,012ed1bc-d2d6-4dad-8b36-6ad33d367ab2,24시꽃집럭키플라워송도점,생화 식물,송도랜드마크시티 센트럴더샵 골목형상점가,골목형상점가,인천광역시,3.0,3.0,,,RESOLVED_AGREEMENT,False,3,,,,
35de05f3e79a1f2be542,val,꽃,T4 구어·문장,q_꽃_07,꽃 사는 데,생활서비스 중 '꽃'을 판매·제공하는 매장,8f2d4f86-310f-4248-855e-e1ee8027bbaf,여기 꽃,"꽃, 식물",옥계 부성상가,골목형상점가,경상북도,3.0,3.0,,,RESOLVED_AGREEMENT,False,3,,,,
4261fe56ed337d234acd,val,꽃,T4 구어·문장,q_꽃_07,꽃 사는 데,생활서비스 중 '꽃'을 판매·제공하는 매장,b6e122e6-145c-46b6-a8a4-d6857ec819c9,늘꽃,꽃,북부중앙 골목형상점가,골목형상점가,경기도,3.0,3.0,,,RESOLVED_AGREEMENT,False,3,,,,
d64c913ac655e4a7fb59,val,꽃,T4 구어·문장,q_꽃_07,꽃 사는 데,생활서비스 중 '꽃'을 판매·제공하는 매장,00b610a8-8a8a-4c5e-9e0b-cba5e4d22c93,에덴꽃화원,꽃,태화시장,전통시장,울산광역시,3.0,3.0,,,RESOLVED_AGREEMENT,False,3,,,,
be64ca4a7541a2a3e2ef,val,꽃,T4 구어·문장,q_꽃_07,꽃 사는 데,생활서비스 중 '꽃'을 판매·제공하는 매장,81192042-d2b7-4473-9879-cb4e33d0bdab,루비와꽃,꽃,홀릭스,골목형상점가,광주광역시,3.0,3.0,,,RESOLVED_AGREEMENT,False,3,,,,
be89441722c7ae716a38,val,꽃,T4 구어·문장,q_꽃_07,꽃 사는 데,생활서비스 중 '꽃'을 판매·제공하는 매장,1a11edc3-9598-4fe4-b093-b4f766ee30d8,유천꽃,꽃,유천택지올림픽길골목형상점가,골목형상점가,강원특별자치도,3.0,3.0,,,RESOLVED_AGREEMENT,False,3,,,,
a91028fe0b91b41a8618,val,꽃,T4 구어·문장,q_꽃_07,꽃 사는 데,생활서비스 중 '꽃'을 판매·제공하는 매장,01d1c245-a6a7-441a-8977-85303f01e56e,인플라워,생화,유성도안 골목형상점가,골목형상점가,대전광역시,3.0,3.0,,,RESOLVED_AGREEMENT,False,3,,,,
f3bff1c26d20af9d712c,val,꽃,T4 구어·문장,q_꽃_07,꽃 사는 데,생활서비스 중 '꽃'을 판매·제공하는 매장,60ef0cbd-6d4c-43a5-b978-e76ce0f50d50,금란꽃,꽃,새동인천지하상가,일반지하상점가,인천광역시,3.0,3.0,,,RESOLVED_AGREEMENT,False,3,,,,
593ad518da3e836338ce,val,꽃,T4 구어·문장,q_꽃_07,꽃 사는 데,생활서비스 중 '꽃'을 판매·제공하는 매장,c728980b-26ee-46a1-8b26-54cc22a40c48,"꽃,그린피아",꽃,조종시장,전통시장,경기도,3.0,3.0,,,RESOLVED_AGREEMENT,False,3,,,,
904b8a65b8f51fea2305,val,꽃,T4 구어·문장,q_꽃_07,꽃 사는 데,생활서비스 중 '꽃'을 판매·제공하는 매장,0fdda0b6-8af0-4e6d-9574-2a8b043c0bc0,이플,"꽃집, 꽃배달",담양중앙2번가 골목형상점가,골목형상점가,전라남도,3.0,3.0,,,RESOLVED_AGREEMENT,False,3,,,,
86ce211a85a39beb5b9d,val,꽃,T4 구어·문장,q_꽃_07,꽃 사는 데,생활서비스 중 '꽃'을 판매·제공하는 매장,8c56ab60-1b74-49f3-b715-d186d2587fcb,씨앤씨안경원,,삼호동상가 골목형상점가,골목형상점가,울산광역시,0.0,0.0,,,RESOLVED_AGREEMENT,False,0,,,,
ee148282a7df0d19632d,val,꽃,T4 구어·문장,q_꽃_07,꽃 사는 데,생활서비스 중 '꽃'을 판매·제공하는 매장,9b4fc779-b33c-4d82-bee6-9acf7defc3c1,주식회사 두두컴퍼니코리아,배달,자양로13길골목형상점가,골목형상점가,서울특별시,0.0,0.0,,,RESOLVED_AGREEMENT,False,0,,,,
38f6e90a6edec75d6107,val,꽃,T4 구어·문장,q_꽃_07,꽃 사는 데,생활서비스 중 '꽃'을 판매·제공하는 매장,ae3782b4-7742-4e4a-8223-325b3cc082b5,꽃마루,꽃,금촌명동로시장,전통시장,경기도,3.0,3.0,,,RESOLVED_AGREEMENT,False,3,,,,
ef8b782e527d94b9ec0f,val,꽃,T4 구어·문장,q_꽃_07,꽃 사는 데,생활서비스 중 '꽃'을 판매·제공하는 매장,eeeab586-9f76-4148-be4d-50a14cde0b39,퍼니 롤러장,롤러스케이트,대평동 골목형상점가,골목형상점가,세종특별자치시,0.0,0.0,,,RESOLVED_AGREEMENT,False,0,,,,
90f0da2bef290f0310e6,val,꽃,T4 구어·문장,q_꽃_07,꽃 사는 데,생활서비스 중 '꽃'을 판매·제공하는 매장,b793e7cc-2da2-4fcb-96d3-b6427de6f2c6,흥일전기,전기재료,답십리 건축자재시장,전통시장,서울특별시,0.0,0.0,,,RESOLVED_AGREEMENT,False,0,,,,
2b6d0cd3c0382a0ae38f,val,꽃,T4 구어·문장,q_꽃_07,꽃 사는 데,생활서비스 중 '꽃'을 판매·제공하는 매장,00afc023-f2e3-417c-b675-42c0a2f682ac,경영꽃집,꽃,유성구암 골목형상점가,골목형상점가,대전광역시,3.0,3.0,,,RESOLVED_AGREEMENT,False,3,,,,
d215f3a1da93639e33a2,val,꽃,T4 구어·문장,q_꽃_07,꽃 사는 데,생활서비스 중 '꽃'을 판매·제공하는 매장,0268ed52-44bd-4e9c-a295-7a64f656640a,양정화원,화원,관고전통시장,전통시장,경기도,3.0,3.0,,,RESOLVED_AGREEMENT,False,3,,,,
dab0d222b41633065dd3,val,꽃,T4 구어·문장,q_꽃_07,꽃 사는 데,생활서비스 중 '꽃'을 판매·제공하는 매장,17ab16c1-e885-4dd3-9f1d-0c26539ee24d,장미꽃,꽃,역곡남부시장,전통시장,경기도,3.0,3.0,,,RESOLVED_AGREEMENT,False,3,,,,
934c73457cac4ea68af6,val,꽃,T4 구어·문장,q_꽃_07,꽃 사는 데,생활서비스 중 '꽃'을 판매·제공하는 매장,f14df4d3-9858-4a8b-8597-20fd477d8e32,갤러리 데 루치아,가구,용인어정가구단지상점가,자율상권구역,경기도,0.0,0.0,,,RESOLVED_AGREEMENT,False,0,,,,
ab4e73ee3ad33c1dc897,val,꽃,T4 구어·문장,q_꽃_07,꽃 사는 데,생활서비스 중 '꽃'을 판매·제공하는 매장,3a781f2e-8202-470c-befb-3c36411033bf,창가에 꽃,꽃,신용연제 골목형상점가,골목형상점가,광주광역시,3.0,3.0,,,RESOLVED_AGREEMENT,False,3,,,,
4983c24206206c32b351,val,꽃,T4 구어·문장,q_꽃_07,꽃 사는 데,생활서비스 중 '꽃'을 판매·제공하는 매장,015a9bf5-459a-4d82-bb4d-f6b4136ffda5,그대가 꽃,꽃,첨단월계 골목형상점가,골목형상점가,광주광역시,3.0,3.0,,,RESOLVED_AGREEMENT,False,3,,,,
5277a472b87f9e4f10b7,val,꽃,T4 구어·문장,q_꽃_07,꽃 사는 데,생활서비스 중 '꽃'을 판매·제공하는 매장,d31a8752-dd4d-4fe2-a513-c93a96253557,꽃라온,꽃,북촌계동길골목형상점가,골목형상점가,서울특별시,3.0,3.0,,,RESOLVED_AGREEMENT,False,3,,,,
6ede7ac2bda8717b936e,val,꽃,T4 구어·문장,q_꽃_07,꽃 사는 데,생활서비스 중 '꽃'을 판매·제공하는 매장,08b9f9fd-7584-41c1-ba08-8a0cbb126f18,유플라워,꽃집,달서시장,전통시장,대구광역시,3.0,3.0,,,RESOLVED_AGREEMENT,False,3,,,,
ab652b06f6b4b0e20467,val,꽃,T4 구어·문장,q_꽃_07,꽃 사는 데,생활서비스 중 '꽃'을 판매·제공하는 매장,ad7c5583-b22c-46d6-9ac0-97c2235f9086,꽃부리영,꽃,둔산꽃길 골목형상점가,골목형상점가,대전광역시,3.0,3.0,,,RESOLVED_AGREEMENT,False,3,,,,
a65299beb39631015ecc,val,꽃,T4 구어·문장,q_꽃_07,꽃 사는 데,생활서비스 중 '꽃'을 판매·제공하는 매장,066a65ee-fe0b-442c-a440-4ce37e296082,화인꽃방,생화조화,김해 동상전통시장,전통시장,경상남도,3.0,3.0,,,RESOLVED_AGREEMENT,False,3,,,,
b69499029e4fbc2606f6,val,꽃,T4 구어·문장,q_꽃_07,꽃 사는 데,생활서비스 중 '꽃'을 판매·제공하는 매장,eacb761c-7bf8-4aaf-8ec6-43d5e2c65c93,태백꽃집,꽃,황지시장상점가,자율상권구역,강원특별자치도,3.0,3.0,,,RESOLVED_AGREEMENT,False,3,,,,
ac54def26f3841ad932d,val,꽃,T4 구어·문장,q_꽃_07,꽃 사는 데,생활서비스 중 '꽃'을 판매·제공하는 매장,0e5a591b-cc1f-4529-9593-c68d305729a6,꼬슬란꽃집,소매(화원),가평잣고을시장,전통시장,경기도,3.0,3.0,,,RESOLVED_AGREEMENT,False,3,,,,
e53d8a732aa769bd095b,val,꽃,T4 구어·문장,q_꽃_07,꽃 사는 데,생활서비스 중 '꽃'을 판매·제공하는 매장,d7a1cca2-0eb2-43eb-b460-7345a3cbbf43,"당신은 참, 예쁜 꽃",꽃,도룡상인회 골목형상점가,골목형상점가,대전광역시,3.0,3.0,,,RESOLVED_AGREEMENT,False,3,,,,
b1f6d1c9a0fe8d84837b,val,꽃,T4 구어·문장,q_꽃_07,꽃 사는 데,생활서비스 중 '꽃'을 판매·제공하는 매장,1f17df28-643a-4205-b24d-68dedbfd70d1,꽃앤수,꽃,둔산꽃길 골목형상점가,골목형상점가,대전광역시,3.0,3.0,,,RESOLVED_AGREEMENT,False,3,,,,
3461ca591bcdf4f88cbc,val,꽃,T4 구어·문장,q_꽃_07,꽃 사는 데,생활서비스 중 '꽃'을 판매·제공하는 매장,b85a1186-2171-487e-a9c3-bda720b4f26e,꽃수레,꽃,부산자유시장,전통시장,부산광역시,3.0,3.0,,,RESOLVED_AGREEMENT,False,3,,,,
f490d2749743037e5010,val,꽃,T4 구어·문장,q_꽃_07,꽃 사는 데,생활서비스 중 '꽃'을 판매·제공하는 매장,001b5693-72ee-4677-9cdb-39117fbc932a,로사리움,꽃,첨단지구 골목형상점가,골목형상점가,광주광역시,3.0,3.0,,,RESOLVED_AGREEMENT,False,3,,,,
4ee245fbf37ca18877f2,val,꽃,T4 구어·문장,q_꽃_07,꽃 사는 데,생활서비스 중 '꽃'을 판매·제공하는 매장,ddd8047f-6e6c-495e-af1c-cc5f60883a15,아우라 J,미용,남악사랑 골목형상점가,골목형상점가,전라남도,0.0,0.0,,,RESOLVED_AGREEMENT,False,0,,,,
633072754104f4b752cc,val,꽃,T4 구어·문장,q_꽃_07,꽃 사는 데,생활서비스 중 '꽃'을 판매·제공하는 매장,01361075-0980-43ea-8c81-a58d44a604bb,플라워루체,생화,운암북문대로 골목형상점가,골목형상점가,광주광역시,3.0,3.0,,,RESOLVED_AGREEMENT,False,3,,,,
2a5a7c5561d611a46b43,val,꽃,T4 구어·문장,q_꽃_07,꽃 사는 데,생활서비스 중 '꽃'을 판매·제공하는 매장,46090ff9-d080-41b3-82dc-f3e2d4029e36,오월의 꽃,꽃,금암동 골목형상점가,골목형상점가,충청남도,3.0,3.0,,,RESOLVED_AGREEMENT,False,3,,,,
66a2b8741344c20a0dd0,val,꽃,T4 구어·문장,q_꽃_07,꽃 사는 데,생활서비스 중 '꽃'을 판매·제공하는 매장,a0c3dc25-8fc8-4d3a-a909-3ae2445b4982,덕분에꽃,꽃,수완중흥대방 골목형상점가,골목형상점가,광주광역시,3.0,3.0,,,RESOLVED_AGREEMENT,False,3,,,,
7fb00ba5c8542f384021,val,꽃,T4 구어·문장,q_꽃_07,꽃 사는 데,생활서비스 중 '꽃'을 판매·제공하는 매장,00046925-dcb7-4796-8c1e-0de154aa3825,가든꽃화원,생화,전주풍남문상점가,자율상권구역,전북특별자치도,3.0,3.0,,,RESOLVED_AGREEMENT,False,3,,,,
dbae5f52950f655779b2,val,꽃,T4 구어·문장,q_꽃_07,꽃 사는 데,생활서비스 중 '꽃'을 판매·제공하는 매장,fba2de74-75f0-46b9-a95a-112ee7499d82,아담플라워,화환,월곡달빛오거리골목형상점가,골목형상점가,서울특별시,3.0,3.0,,,RESOLVED_AGREEMENT,False,3,,,,
47d97f3143472c68b020,val,꽃,T4 구어·문장,q_꽃_07,꽃 사는 데,생활서비스 중 '꽃'을 판매·제공하는 매장,139f6d68-83b9-40cc-8339-120b154b8714,이딜리크,꽃집,월평1동 상인연합회,골목형상점가,대전광역시,3.0,3.0,,,RESOLVED_AGREEMENT,False,3,,,,
8729d468599774f3a27e,val,꽃,T4 구어·문장,q_꽃_07,꽃 사는 데,생활서비스 중 '꽃'을 판매·제공하는 매장,64f46af6-68e6-445c-ba37-30a3e6efc1ad,꽃기린,꽃,운암 예술 골목형상점가,골목형상점가,광주광역시,3.0,3.0,,,RESOLVED_AGREEMENT,False,3,,,,
3de5dd4832bc596651bb,val,꽃,T4 구어·문장,q_꽃_07,꽃 사는 데,생활서비스 중 '꽃'을 판매·제공하는 매장,010fea22-a965-4d8e-a805-083042a361ec,니어앤디어Cafe,꽃,상주중앙시장,전통시장,경상북도,3.0,3.0,,,RESOLVED_AGREEMENT,False,3,,,,
ac8041c0e5beeed157a4,val,꽃,T4 구어·문장,q_꽃_07,꽃 사는 데,생활서비스 중 '꽃'을 판매·제공하는 매장,ffb5a1f9-3c21-4a6d-8951-ce7868f81325,초록쌀유통,쌀,청주사창시장,전통시장,충청북도,0.0,0.0,,,RESOLVED_AGREEMENT,False,0,,,,
41909ecd2bc9a3a1dcce,val,꽃,T4 구어·문장,q_꽃_07,꽃 사는 데,생활서비스 중 '꽃'을 판매·제공하는 매장,359df784-64ca-44d9-843d-119b126f095a,서산헬퍼,배달,서산동부전통시장,전통시장,충청남도,0.0,0.0,,,RESOLVED_AGREEMENT,False,0,,,,
eed85543264d991671c2,val,꽃,T4 구어·문장,q_꽃_07,꽃 사는 데,생활서비스 중 '꽃'을 판매·제공하는 매장,2743811c-5e71-4d2b-aa75-1b0147d44f2d,사우 꽃이 피는 곳,꽃,김포 풍년마을 골목형상점가,골목형상점가,경기도,3.0,3.0,,,RESOLVED_AGREEMENT,False,3,,,,
096e2ac9b7df32a5d3bb,val,꽃,T4 구어·문장,q_꽃_07,꽃 사는 데,생활서비스 중 '꽃'을 판매·제공하는 매장,0dc54a43-0aee-4fcb-939d-b0f59e5b1b25,금원꽃집,,송강동 골목형상점가,골목형상점가,대전광역시,3.0,3.0,,,RESOLVED_AGREEMENT,False,3,,,,
33050c759ee9fe5c1684,val,꽃,T4 구어·문장,q_꽃_07,꽃 사는 데,생활서비스 중 '꽃'을 판매·제공하는 매장,067b4645-360b-4994-b793-9940b502f4fe,어여쁨꽃,꽃,운천호수공원상인회 골목형상점가,골목형상점가,광주광역시,3.0,3.0,,,RESOLVED_AGREEMENT,False,3,,,,
28c9298b36786dacb8ca,val,꽃,T4 구어·문장,q_꽃_07,꽃 사는 데,생활서비스 중 '꽃'을 판매·제공하는 매장,1dd68ca9-605b-49ab-b8ea-bcfddf8ffe57,사랑의꽃집,꽃,영동전통시장,전통시장,충청북도,3.0,3.0,,,RESOLVED_AGREEMENT,False,3,,,,
c59e48cf965f8a0d90d1,val,꽃,T4 구어·문장,q_꽃_07,꽃 사는 데,생활서비스 중 '꽃'을 판매·제공하는 매장,b8d695e7-bfff-4615-9dab-9308a7ec236c,조공화원,꽃,조공시장,전통시장,경기도,3.0,3.0,,,RESOLVED_AGREEMENT,False,3,,,,
5c38e32afe78ef735c78,val,꽃,T4 구어·문장,q_꽃_07,꽃 사는 데,생활서비스 중 '꽃'을 판매·제공하는 매장,68768347-697e-44c9-9438-db42d626fde2,쁠라와,꽃,성수역골목형상점가,골목형상점가,서울특별시,3.0,3.0,,,RESOLVED_AGREEMENT,False,3,,,,
ce8c0c0216bea808f759,val,꽃,T4 구어·문장,q_꽃_07,꽃 사는 데,생활서비스 중 '꽃'을 판매·제공하는 매장,2fd6db16-8b47-41d4-b6d9-a1cc57c25343,미리내flowershop,"생화, 조화, 화분, 화환",인동중앙상점가,골목형상점가,경상북도,3.0,3.0,,,RESOLVED_AGREEMENT,False,3,,,,
ac80f11df67301b61879,val,꽃,T4 구어·문장,q_꽃_07,꽃 사는 데,생활서비스 중 '꽃'을 판매·제공하는 매장,0043469e-66b6-48d0-b7a9-d87c0887cf59,꽃이예쁜집,꽃,장동앞길 골목형상점가,골목형상점가,광주광역시,3.0,3.0,,,RESOLVED_AGREEMENT,False,3,,,,
7a7ff16e02a43fc9be8b,val,꽃,T4 구어·문장,q_꽃_07,꽃 사는 데,생활서비스 중 '꽃'을 판매·제공하는 매장,c0591314-c5a5-44fc-8ce7-61b817a653ce,꽃담,꽃,새샘하루 골목형상점가,골목형상점가,세종특별자치시,3.0,3.0,,,RESOLVED_AGREEMENT,False,3,,,,
74bb69185c6186e8b7bf,val,꽃,T4 구어·문장,q_꽃_07,꽃 사는 데,생활서비스 중 '꽃'을 판매·제공하는 매장,0165a7f2-4303-433a-a548-17d89cb6fa0f,"꽃,과일","꽃, 과일",이동 골목형상점가,골목형상점가,경기도,3.0,3.0,,,RESOLVED_AGREEMENT,False,3,,,,
c091aedea5fc9180c490,val,꽃,T4 구어·문장,q_꽃_07,꽃 사는 데,생활서비스 중 '꽃'을 판매·제공하는 매장,4986be7f-8f73-4efe-a042-f653180519be,오늘,꽃,송천동1가 골목형상점가,골목형상점가,전북특별자치도,3.0,3.0,,,RESOLVED_AGREEMENT,False,3,,,,
bd1bb1787612e920cc9e,val,꽃,T4 구어·문장,q_꽃_07,꽃 사는 데,생활서비스 중 '꽃'을 판매·제공하는 매장,1789331b-68b5-4a70-ac8a-f94c71281f8c,전북화원,꽃,군산동백로 나운상가 골목형상점가,골목형상점가,전북특별자치도,3.0,3.0,,,RESOLVED_AGREEMENT,False,3,,,,
87f9d21581551b703725,val,꽃,T4 구어·문장,q_꽃_07,꽃 사는 데,생활서비스 중 '꽃'을 판매·제공하는 매장,9d15b26c-b7c6-48cf-afbc-f0dcdc22cccf,꽃디,꽃,푸른마을공동체센터 골목형상점가,골목형상점가,광주광역시,3.0,3.0,,,RESOLVED_AGREEMENT,False,3,,,,
69dbd08955f9ebdba735,val,꽃,T4 구어·문장,q_꽃_07,꽃 사는 데,생활서비스 중 '꽃'을 판매·제공하는 매장,03de55fd-e04d-4c83-861f-72bd167d8afc,드레스플라워,,대봉모리 골목형상점가,골목형상점가,대구광역시,3.0,3.0,,,RESOLVED_AGREEMENT,False,3,,,,
d92f7a4c79d2d9bd62f1,val,꽃,T4 구어·문장,q_꽃_07,꽃 사는 데,생활서비스 중 '꽃'을 판매·제공하는 매장,1d3a7396-fb62-43f5-b53d-fa43a333ff0b,로랭,꽃,춘천지하상가,일반지하상점가,강원특별자치도,3.0,3.0,,,RESOLVED_AGREEMENT,False,3,,,,
8f3abf3abc2c5701e943,val,꽃,T4 구어·문장,q_꽃_07,꽃 사는 데,생활서비스 중 '꽃'을 판매·제공하는 매장,8d650c6a-5a65-4333-8344-0f9eda52ffa4,양지꽃집,꽃,봉리단길골목형상점가,골목형상점가,서울특별시,3.0,3.0,,,RESOLVED_AGREEMENT,False,3,,,,
30baf34f93896de5f57b,val,꽃,T4 구어·문장,q_꽃_07,꽃 사는 데,생활서비스 중 '꽃'을 판매·제공하는 매장,7313e2f8-9fe0-4e0e-8dd9-3f1100802046,허브역,꽃,동두천중앙시장,전통시장,경기도,3.0,3.0,,,RESOLVED_AGREEMENT,False,3,,,,
5ad37d5968d628b82b90,val,꽃,T4 구어·문장,q_꽃_07,꽃 사는 데,생활서비스 중 '꽃'을 판매·제공하는 매장,adce481f-e15e-4db6-8e49-425b0ebab629,꽃걸음,꽃,대인동예술담길 골목형상점가,골목형상점가,광주광역시,3.0,3.0,,,RESOLVED_AGREEMENT,False,3,,,,
c2a7d8b2966fab1fc5ec,val,꽃,T4 구어·문장,q_꽃_07,꽃 사는 데,생활서비스 중 '꽃'을 판매·제공하는 매장,af75099f-6cc4-4afd-8e96-12478762e4bd,제이래빗,의류,양산동 골목형상점가,골목형상점가,광주광역시,0.0,0.0,,,RESOLVED_AGREEMENT,False,0,,,,
a05dbb8ba295ce96b519,val,꽃,T4 구어·문장,q_꽃_07,꽃 사는 데,생활서비스 중 '꽃'을 판매·제공하는 매장,e51e243f-d69a-465c-80ab-e68e10489120,꽃소풍,꽃,화서시장,전통시장,경기도,3.0,3.0,,,RESOLVED_AGREEMENT,False,3,,,,
db4fdc2ca45e3a4b4c5e,val,꽃,T4 구어·문장,q_꽃_07,꽃 사는 데,생활서비스 중 '꽃'을 판매·제공하는 매장,0393ce95-3e7d-4bb5-8ad3-e5da1199e516,꽃사랑화원,화원,남해 명품화전길 골목형상점가,골목형상점가,경상남도,3.0,3.0,,,RESOLVED_AGREEMENT,False,3,,,,
3a2bfe09418bb45a9096,val,꽃,T4 구어·문장,q_꽃_07,꽃 사는 데,생활서비스 중 '꽃'을 판매·제공하는 매장,94019ef1-8bfc-45ea-b8be-7e8b0c7b7b35,남경회수산,"활어회포장, 배달",원대신시장,전통시장,대구광역시,0.0,0.0,,,RESOLVED_AGREEMENT,False,0,,,,
f05b42544c7ba984eeed,val,꽃,T4 구어·문장,q_꽃_07,꽃 사는 데,생활서비스 중 '꽃'을 판매·제공하는 매장,d6821f66-069a-4e18-9c5e-cb8ee5ded4fe,두일조화,꽃,대구꽃백화점 골목형상점가,골목형상점가,대구광역시,3.0,3.0,,,RESOLVED_AGREEMENT,False,3,,,,
98ba4b9fa3249d341f30,val,꽃,T4 구어·문장,q_꽃_07,꽃 사는 데,생활서비스 중 '꽃'을 판매·제공하는 매장,04c231bf-d3f7-4202-b3a8-d03eb7531853,실버라인,도소매(조화),고투몰(강남터미널지하도상점가),일반지하상점가,서울특별시,1.0,3.0,,,P1_BINARY_THRESHOLD,True,,,,,
e2c618775ca0f37969c8,val,꽃,T4 구어·문장,q_꽃_07,꽃 사는 데,생활서비스 중 '꽃'을 판매·제공하는 매장,01b50703-620e-4976-9b84-a03f2ba9bdcf,메르세드플라워,,관저상가 골목형상점가,골목형상점가,대전광역시,3.0,3.0,,,RESOLVED_AGREEMENT,False,3,,,,
493fbd9bd79cbc7b6fa5,val,꽃,T4 구어·문장,q_꽃_07,꽃 사는 데,생활서비스 중 '꽃'을 판매·제공하는 매장,4825acae-5ec9-42a7-a4dd-bcaabd92399d,꽃집,꽃,동명동 카페거리 골목형상점가,골목형상점가,광주광역시,3.0,3.0,,,RESOLVED_AGREEMENT,False,3,,,,
7ead83489b6071e89813,val,꽃,T4 구어·문장,q_꽃_07,꽃 사는 데,생활서비스 중 '꽃'을 판매·제공하는 매장,aba76fc2-984e-4030-ba01-e2e7d78264c7,데 아로즈 대전둔산본점,,갈리단길 골목형상점가,골목형상점가,대전광역시,,0.0,Y,,P0_UNCERTAIN_OR_MISSING,True,,,,,
ba461c649dd61acc177f,val,꽃,T4 구어·문장,q_꽃_07,꽃 사는 데,생활서비스 중 '꽃'을 판매·제공하는 매장,a385dc0d-a4a8-49c1-9459-00541d2a357f,진플라워,"생화, 관엽, 동양난, 서양난, 화분, 화환, 꽃배달",문화길 골목형상점가,골목형상점가,세종특별자치시,3.0,3.0,,,RESOLVED_AGREEMENT,False,3,,,,
b9a1d646661bbd780dcc,val,꽃,T4 구어·문장,q_꽃_07,꽃 사는 데,생활서비스 중 '꽃'을 판매·제공하는 매장,00b20e6f-4b2f-410f-984c-b6a206704138,나리화원.꽃,,승달 골목형상점가,골목형상점가,,3.0,3.0,,,RESOLVED_AGREEMENT,False,3,,,,
af2e0d27f42288fb349c,val,꽃,T4 구어·문장,q_꽃_07,꽃 사는 데,생활서비스 중 '꽃'을 판매·제공하는 매장,00b13ca2-ef5b-4243-9a38-2de8507a2c21,남촌플라워,생화,용상공설시장,전통시장,경상북도,3.0,3.0,,,RESOLVED_AGREEMENT,False,3,,,,
62ec2851c4ef8ccd8955,val,꽃,T4 구어·문장,q_꽃_07,꽃 사는 데,생활서비스 중 '꽃'을 판매·제공하는 매장,6c173e48-b1d5-46a4-8c7e-b8986310dfbe,소매업,꽃,둔산꽃길 골목형상점가,골목형상점가,대전광역시,3.0,3.0,,,RESOLVED_AGREEMENT,False,3,,,,
90e610edfb632380d73f,val,꽃,T4 구어·문장,q_꽃_07,꽃 사는 데,생활서비스 중 '꽃'을 판매·제공하는 매장,9fd9bf80-f13f-47fe-a5f0-8417e68b1c88,"꽃, 방",꽃,사가정시장,전통시장,서울특별시,3.0,3.0,,,RESOLVED_AGREEMENT,False,3,,,,
82aa73a399588612bc47,val,꽃,T4 구어·문장,q_꽃_07,꽃 사는 데,생활서비스 중 '꽃'을 판매·제공하는 매장,07e2a120-4803-4634-bd52-ebd7c5433825,슬이네(보떼),조화,고투몰(강남터미널지하도상점가),일반지하상점가,서울특별시,1.0,3.0,,,P1_BINARY_THRESHOLD,True,,,,,
616f4da336f1e1fba3a1,val,꽃,T4 구어·문장,q_꽃_07,꽃 사는 데,생활서비스 중 '꽃'을 판매·제공하는 매장,957cf2ab-48cd-4318-acf9-256e66cc5641,휘니체,꽃,밀양 아리랑시장,전통시장,경상남도,3.0,3.0,,,RESOLVED_AGREEMENT,False,3,,,,
5bc20c68690e197e5d91,val,꽃,T4 구어·문장,q_꽃_08,꽃다발 파는 곳,생활서비스 중 '꽃'을 판매·제공하는 매장,00046925-dcb7-4796-8c1e-0de154aa3825,가든꽃화원,생화,전주풍남문상점가,자율상권구역,전북특별자치도,3.0,3.0,,,RESOLVED_AGREEMENT,False,3,,,,
91e22d7a88e4bbe210f6,val,꽃,T4 구어·문장,q_꽃_08,꽃다발 파는 곳,생활서비스 중 '꽃'을 판매·제공하는 매장,0cfffb5d-5240-4c84-8fef-ef393cd00d05,플라워스튜디오 하연,꽃다발 꽃바구니 식물 화환,원신흥어울림길 골목형상점가,골목형상점가,대전광역시,3.0,3.0,,,RESOLVED_AGREEMENT,False,3,,,,
0759cb52e46ce02d90d1,val,꽃,T4 구어·문장,q_꽃_08,꽃다발 파는 곳,생활서비스 중 '꽃'을 판매·제공하는 매장,3a18fa30-9423-4252-b2e4-c29bc867ae66,아이비플라워,꽃다발 꽃바구니 근조화환 축하화환 개업화분,상무1동아파트상인회 골목형상점가,골목형상점가,광주광역시,3.0,3.0,,,RESOLVED_AGREEMENT,False,3,,,,
c3cf3a6d228c10f6ae99,val,꽃,T4 구어·문장,q_꽃_08,꽃다발 파는 곳,생활서비스 중 '꽃'을 판매·제공하는 매장,359df784-64ca-44d9-843d-119b126f095a,서산헬퍼,배달,서산동부전통시장,전통시장,충청남도,0.0,0.0,,,RESOLVED_AGREEMENT,False,0,,,,
c9239429cf5e4bc5735d,val,꽃,T4 구어·문장,q_꽃_08,꽃다발 파는 곳,생활서비스 중 '꽃'을 판매·제공하는 매장,fc594302-f669-4e1b-89cf-bd5db04ae722,꽃뜰에,"생화 꽃다발, 분화, 식물",종암북바위길골목형상점가,골목형상점가,서울특별시,3.0,3.0,,,RESOLVED_AGREEMENT,False,3,,,,
ffe7937ff2a00c863350,val,꽃,T4 구어·문장,q_꽃_08,꽃다발 파는 곳,생활서비스 중 '꽃'을 판매·제공하는 매장,38247e3a-64d9-4f76-88f5-7b1a8d95d88a,베르데이지,꽃다발꽃바구니,진다리로 백운1동 골목형상점가,골목형상점가,광주광역시,3.0,3.0,,,RESOLVED_AGREEMENT,False,3,,,,
75f4eae5f9f6087340e8,val,꽃,T4 구어·문장,q_꽃_08,꽃다발 파는 곳,생활서비스 중 '꽃'을 판매·제공하는 매장,9beeedf7-e6fd-4d10-b713-a195f9452adf,니어리스트(NEAREST),꽃다발,중흥동 큰샘길 골목형상점가,골목형상점가,광주광역시,3.0,3.0,,,RESOLVED_AGREEMENT,False,3,,,,
168942c28e742ba69b7c,val,꽃,T4 구어·문장,q_꽃_08,꽃다발 파는 곳,생활서비스 중 '꽃'을 판매·제공하는 매장,ccec06ff-7d86-4a26-b28e-fbd2b2640e92,바닐라,셔츠 및 기타 의복,오산원동상점가,골목형상점가,경기도,0.0,0.0,,,RESOLVED_AGREEMENT,False,0,,,,
cf84522ef1c72d68b30a,val,꽃,T4 구어·문장,q_꽃_08,꽃다발 파는 곳,생활서비스 중 '꽃'을 판매·제공하는 매장,08b9f9fd-7584-41c1-ba08-8a0cbb126f18,유플라워,꽃집,달서시장,전통시장,대구광역시,3.0,3.0,,,RESOLVED_AGREEMENT,False,3,,,,
e51c1df61606c3f7b3ae,val,꽃,T4 구어·문장,q_꽃_08,꽃다발 파는 곳,생활서비스 중 '꽃'을 판매·제공하는 매장,010fea22-a965-4d8e-a805-083042a361ec,니어앤디어Cafe,꽃,상주중앙시장,전통시장,경상북도,3.0,3.0,,,RESOLVED_AGREEMENT,False,3,,,,
28802d5f00b6555ba6d6,val,꽃,T4 구어·문장,q_꽃_08,꽃다발 파는 곳,생활서비스 중 '꽃'을 판매·제공하는 매장,5014d54a-b5f8-499b-a6e2-87cd2ba7e0b7,어쩌다꽃,꽃다발 꽃바구니 화초,평택국제중앙시장,전통시장,경기도,3.0,3.0,,,RESOLVED_AGREEMENT,False,3,,,,
96f98d61e108a5da0aff,val,꽃,T4 구어·문장,q_꽃_08,꽃다발 파는 곳,생활서비스 중 '꽃'을 판매·제공하는 매장,01b50703-620e-4976-9b84-a03f2ba9bdcf,메르세드플라워,,관저상가 골목형상점가,골목형상점가,대전광역시,2.0,3.0,,,P2_GRADED_ONLY,True,,,,,
38372467c4456b6f4eeb,val,꽃,T4 구어·문장,q_꽃_08,꽃다발 파는 곳,생활서비스 중 '꽃'을 판매·제공하는 매장,012ed1bc-d2d6-4dad-8b36-6ad33d367ab2,24시꽃집럭키플라워송도점,생화 식물,송도랜드마크시티 센트럴더샵 골목형상점가,골목형상점가,인천광역시,3.0,3.0,,,RESOLVED_AGREEMENT,False,3,,,,
ccdf1f8c48e6385b6c54,val,꽃,T4 구어·문장,q_꽃_08,꽃다발 파는 곳,생활서비스 중 '꽃'을 판매·제공하는 매장,fb1202dc-261e-4768-a390-5ba3de8e9aba,아우첼라 플라워,꽃다발,구미 금리단길 골목형상점가,골목형상점가,경상북도,3.0,3.0,,,RESOLVED_AGREEMENT,False,3,,,,
f42924017958045acb1b,val,꽃,T4 구어·문장,q_꽃_08,꽃다발 파는 곳,생활서비스 중 '꽃'을 판매·제공하는 매장,ad2284ff-8791-453b-b8a9-67654ff94220,폰파는 신사,휴대폰,남해 명품화전길 골목형상점가,골목형상점가,경상남도,0.0,0.0,,,RESOLVED_AGREEMENT,False,0,,,,
1dcfe1267af7bbb36f56,val,꽃,T4 구어·문장,q_꽃_08,꽃다발 파는 곳,생활서비스 중 '꽃'을 판매·제공하는 매장,c2385b8c-427c-456d-b2cd-9348ab49a18b,리시안 플라워,"꽃다발, 화분",둔산꽃길 골목형상점가,골목형상점가,대전광역시,3.0,3.0,,,RESOLVED_AGREEMENT,False,3,,,,
8680d7cef923738a93ec,val,꽃,T4 구어·문장,q_꽃_08,꽃다발 파는 곳,생활서비스 중 '꽃'을 판매·제공하는 매장,1d9b9636-ffa3-4b67-b16c-1e6a0ba61ff0,인플라워 (IN FLOWER),꽃다발,엄사 골목형상점가,골목형상점가,충청남도,3.0,3.0,,,RESOLVED_AGREEMENT,False,3,,,,
39024cd465db39cf5826,val,꽃,T4 구어·문장,q_꽃_08,꽃다발 파는 곳,생활서비스 중 '꽃'을 판매·제공하는 매장,0268ed52-44bd-4e9c-a295-7a64f656640a,양정화원,화원,관고전통시장,전통시장,경기도,2.0,3.0,,,P2_GRADED_ONLY,True,,,,,
3043d20fe95db80c2b95,val,꽃,T4 구어·문장,q_꽃_08,꽃다발 파는 곳,생활서비스 중 '꽃'을 판매·제공하는 매장,b26d1af4-a593-4973-a22b-cde4ec7cf3ea,에덴화원,생화 초화 꽃다발 꽃바구니 화환 관엽 화분,하남대로,골목형상점가,광주광역시,3.0,3.0,,,RESOLVED_AGREEMENT,False,3,,,,
d6d170165486d9504df6,val,꽃,T4 구어·문장,q_꽃_08,꽃다발 파는 곳,생활서비스 중 '꽃'을 판매·제공하는 매장,5723d922-e55c-46bc-a5b9-846ba2afdf5d,커피파는 집,,거제 성포 골목형상점가,골목형상점가,경상남도,0.0,0.0,,,RESOLVED_AGREEMENT,False,0,,,,
e055b12042a3d0193e50,val,꽃,T4 구어·문장,q_꽃_08,꽃다발 파는 곳,생활서비스 중 '꽃'을 판매·제공하는 매장,00b610a8-8a8a-4c5e-9e0b-cba5e4d22c93,에덴꽃화원,꽃,태화시장,전통시장,울산광역시,3.0,3.0,,,RESOLVED_AGREEMENT,False,3,,,,
ebe39a71b78ace3f54f8,val,꽃,T4 구어·문장,q_꽃_08,꽃다발 파는 곳,생활서비스 중 '꽃'을 판매·제공하는 매장,091b1d69-d4e3-4d8c-9000-1d40f95f50e9,은자씨 플라워,화환,부티크타운 골목형 상점가,골목형상점가,충청남도,2.0,3.0,,,P2_GRADED_ONLY,True,,,,,
42afb6400ffdd9e0c61d,val,꽃,T4 구어·문장,q_꽃_08,꽃다발 파는 곳,생활서비스 중 '꽃'을 판매·제공하는 매장,02b04299-d64f-4c59-b73c-487d485fff0f,속초꽃집 화사랑플라워,,청학사거리 골목형상점가,골목형상점가,강원특별자치도,3.0,3.0,,,RESOLVED_AGREEMENT,False,3,,,,
bf0bbbfe67b29a8b7dc3,val,꽃,T4 구어·문장,q_꽃_08,꽃다발 파는 곳,생활서비스 중 '꽃'을 판매·제공하는 매장,070a949c-b89d-4ccf-8e63-1743372657bf,조경나라,조화,고투몰(강남터미널지하도상점가),일반지하상점가,서울특별시,1.0,3.0,,,P1_BINARY_THRESHOLD,True,,,,,
c5cad1f526e31bd0994e,val,꽃,T4 구어·문장,q_꽃_08,꽃다발 파는 곳,생활서비스 중 '꽃'을 판매·제공하는 매장,0087b08e-75d9-4580-98ee-b89a11922c32,전광화원,,장흥시장 골목형상점가,골목형상점가,,2.0,3.0,,,P2_GRADED_ONLY,True,,,,,
81db746f3d5b1e8f2f26,val,꽃,T4 구어·문장,q_꽃_08,꽃다발 파는 곳,생활서비스 중 '꽃'을 판매·제공하는 매장,929d857f-3a8c-4e54-beb8-7c697f744ade,고기파는 형제들,,신영시장,전통시장,서울특별시,0.0,0.0,,,RESOLVED_AGREEMENT,False,0,,,,
f5d1a1aba68f795940d5,val,꽃,T4 구어·문장,q_꽃_08,꽃다발 파는 곳,생활서비스 중 '꽃'을 판매·제공하는 매장,9b4fc779-b33c-4d82-bee6-9acf7defc3c1,주식회사 두두컴퍼니코리아,배달,자양로13길골목형상점가,골목형상점가,서울특별시,0.0,0.0,,,RESOLVED_AGREEMENT,False,0,,,,
d4e8302ac8edb85c626b,val,꽃,T4 구어·문장,q_꽃_08,꽃다발 파는 곳,생활서비스 중 '꽃'을 판매·제공하는 매장,00b13ca2-ef5b-4243-9a38-2de8507a2c21,남촌플라워,생화,용상공설시장,전통시장,경상북도,3.0,3.0,,,RESOLVED_AGREEMENT,False,3,,,,
00eb1538fc21ea99fe91,val,꽃,T4 구어·문장,q_꽃_08,꽃다발 파는 곳,생활서비스 중 '꽃'을 판매·제공하는 매장,f3602c06-803c-4cba-95e5-27f51cdb7d4a,무지개 풍선가게,"풍선, 파티용품, 조화, 꽃다발",산울동 골목형상점가,골목형상점가,세종특별자치시,3.0,3.0,,,RESOLVED_AGREEMENT,False,3,,,,
a7aafcfffd234245e4ef,val,꽃,T4 구어·문장,q_꽃_08,꽃다발 파는 곳,생활서비스 중 '꽃'을 판매·제공하는 매장,066a65ee-fe0b-442c-a440-4ce37e296082,화인꽃방,생화조화,김해 동상전통시장,전통시장,경상남도,3.0,3.0,,,RESOLVED_AGREEMENT,False,3,,,,
73c36740e842c149607e,val,꽃,T4 구어·문장,q_꽃_08,꽃다발 파는 곳,생활서비스 중 '꽃'을 판매·제공하는 매장,1bcad751-ccc4-45fc-8879-6ea21e3893b7,이천기름집,도소매(농산물),모란전통기름시장,전통시장,경기도,0.0,0.0,,,RESOLVED_AGREEMENT,False,0,,,,
2ac11e7d3333ae9a1e26,val,꽃,T4 구어·문장,q_꽃_08,꽃다발 파는 곳,생활서비스 중 '꽃'을 판매·제공하는 매장,7856c111-baf2-4da2-8108-222d665901ee,신흥꽃집,생화 꽃다발 식물,괴정가장로 골목형상점가,골목형상점가,대전광역시,3.0,3.0,,,RESOLVED_AGREEMENT,False,3,,,,
6c4d13cafd44eecad28e,val,꽃,T4 구어·문장,q_꽃_08,꽃다발 파는 곳,생활서비스 중 '꽃'을 판매·제공하는 매장,94019ef1-8bfc-45ea-b8be-7e8b0c7b7b35,남경회수산,"활어회포장, 배달",원대신시장,전통시장,대구광역시,0.0,0.0,,,RESOLVED_AGREEMENT,False,0,,,,
8ecde0f8d778f1fe95a8,val,꽃,T4 구어·문장,q_꽃_08,꽃다발 파는 곳,생활서비스 중 '꽃'을 판매·제공하는 매장,07e2a120-4803-4634-bd52-ebd7c5433825,슬이네(보떼),조화,고투몰(강남터미널지하도상점가),일반지하상점가,서울특별시,1.0,3.0,,,P1_BINARY_THRESHOLD,True,,,,,
cd3ad1e052351ecf4f79,val,꽃,T4 구어·문장,q_꽃_08,꽃다발 파는 곳,생활서비스 중 '꽃'을 판매·제공하는 매장,c161453d-f2c8-4b97-a2c3-a54e0cbdb7e8,생활용품 싸게 파는 집,잡화,안성중앙시장,전통시장,경기도,0.0,0.0,,,RESOLVED_AGREEMENT,False,0,,,,
b56d444ed69e19e98545,val,꽃,T4 구어·문장,q_꽃_08,꽃다발 파는 곳,생활서비스 중 '꽃'을 판매·제공하는 매장,065a7a8c-5299-430a-93b1-257064b5c858,멜리플라워,,의왕가구거리 골목형상점가,골목형상점가,경기도,2.0,3.0,,,P2_GRADED_ONLY,True,,,,,
4606cc3d7f708fa49f07,val,꽃,T4 구어·문장,q_꽃_08,꽃다발 파는 곳,생활서비스 중 '꽃'을 판매·제공하는 매장,76a3551b-dae4-4326-92cc-662015aedbfb,쉴 곳,한식,칠성로상점가,자율상권구역,제주특별자치도,0.0,0.0,,,RESOLVED_AGREEMENT,False,0,,,,
155abe422f2134fa7b9c,val,꽃,T4 구어·문장,q_꽃_08,꽃다발 파는 곳,생활서비스 중 '꽃'을 판매·제공하는 매장,00afc023-f2e3-417c-b675-42c0a2f682ac,경영꽃집,꽃,유성구암 골목형상점가,골목형상점가,대전광역시,3.0,3.0,,,RESOLVED_AGREEMENT,False,3,,,,
04045a8ef31e36d3bd90,val,꽃,T4 구어·문장,q_꽃_08,꽃다발 파는 곳,생활서비스 중 '꽃'을 판매·제공하는 매장,fba2de74-75f0-46b9-a95a-112ee7499d82,아담플라워,화환,월곡달빛오거리골목형상점가,골목형상점가,서울특별시,2.0,3.0,,,P2_GRADED_ONLY,True,,,,,
0f25afe9a09d429554cc,val,꽃,T4 구어·문장,q_꽃_08,꽃다발 파는 곳,생활서비스 중 '꽃'을 판매·제공하는 매장,c111ac9d-3f3a-405c-a8db-4d127ccda9e2,행복이 있는 곳,잡화,제주로얄쇼핑센터,자율상권구역,제주특별자치도,0.0,0.0,,,RESOLVED_AGREEMENT,False,0,,,,
530d6da394260eba81c8,val,꽃,T4 구어·문장,q_꽃_08,꽃다발 파는 곳,생활서비스 중 '꽃'을 판매·제공하는 매장,2743811c-5e71-4d2b-aa75-1b0147d44f2d,사우 꽃이 피는 곳,꽃,김포 풍년마을 골목형상점가,골목형상점가,경기도,3.0,3.0,,,RESOLVED_AGREEMENT,False,3,,,,
53d7f7a437739de8a451,val,꽃,T4 구어·문장,q_꽃_08,꽃다발 파는 곳,생활서비스 중 '꽃'을 판매·제공하는 매장,0fdda0b6-8af0-4e6d-9574-2a8b043c0bc0,이플,"꽃집, 꽃배달",담양중앙2번가 골목형상점가,골목형상점가,전라남도,3.0,3.0,,,RESOLVED_AGREEMENT,False,3,,,,
c9b02a9b8d93f39e7c17,val,꽃,T4 구어·문장,q_꽃_08,꽃다발 파는 곳,생활서비스 중 '꽃'을 판매·제공하는 매장,be9f8c61-892c-48ed-a49d-b63bd032c025,소곳,의류,고투몰(강남터미널지하도상점가),일반지하상점가,서울특별시,0.0,0.0,,,RESOLVED_AGREEMENT,False,0,,,,
3e37aec6c4a384d1a847,val,꽃,T4 구어·문장,q_꽃_08,꽃다발 파는 곳,생활서비스 중 '꽃'을 판매·제공하는 매장,98a35585-0858-4a67-9574-d36cf94ee2d6,플라워헤이데이,생화꽃다발,선운 골목형상점가,골목형상점가,광주광역시,3.0,3.0,,,RESOLVED_AGREEMENT,False,3,,,,
81f6d5a8ffca92126124,val,꽃,T4 구어·문장,q_꽃_08,꽃다발 파는 곳,생활서비스 중 '꽃'을 판매·제공하는 매장,5e88b35c-ce2f-4b20-ab65-999a2557774c,목동신발,도소매(신발),목사랑시장,전통시장,서울특별시,0.0,0.0,,,RESOLVED_AGREEMENT,False,0,,,,
4ad67ea4fdb7bc457e4b,val,꽃,T4 구어·문장,q_꽃_08,꽃다발 파는 곳,생활서비스 중 '꽃'을 판매·제공하는 매장,006964ff-b2f9-421f-8fa7-f87219c26c0a,블리스블룸,생화,BOCA 보카상점가,골목형상점가,경기도,3.0,3.0,,,RESOLVED_AGREEMENT,False,3,,,,
d30b6dd4d2d7448412d3,val,꽃,T4 구어·문장,q_꽃_08,꽃다발 파는 곳,생활서비스 중 '꽃'을 판매·제공하는 매장,03de55fd-e04d-4c83-861f-72bd167d8afc,드레스플라워,,대봉모리 골목형상점가,골목형상점가,대구광역시,2.0,3.0,,,P2_GRADED_ONLY,True,,,,,
79e714a07bc8502f5b74,val,꽃,T4 구어·문장,q_꽃_08,꽃다발 파는 곳,생활서비스 중 '꽃'을 판매·제공하는 매장,f8b6dbb7-a5f0-42f7-8b13-a4d609de71f9,유엘플라워,"생화, 꽃다발, 화분, 관엽식물, 화훼상품",둔산꽃길 골목형상점가,골목형상점가,대전광역시,3.0,3.0,,,RESOLVED_AGREEMENT,False,3,,,,
3a0bc7ccd88f3fd602c1,val,꽃,T4 구어·문장,q_꽃_08,꽃다발 파는 곳,생활서비스 중 '꽃'을 판매·제공하는 매장,b2985855-e1b8-485e-ad15-d495cc453736,우영미플라워,"꽃다발, 꽃바구니 등",둔산꽃길 골목형상점가,골목형상점가,대전광역시,3.0,3.0,,,RESOLVED_AGREEMENT,False,3,,,,
c761377337317e71b2e2,val,꽃,T4 구어·문장,q_꽃_08,꽃다발 파는 곳,생활서비스 중 '꽃'을 판매·제공하는 매장,01d1c245-a6a7-441a-8977-85303f01e56e,인플라워,생화,유성도안 골목형상점가,골목형상점가,대전광역시,3.0,3.0,,,RESOLVED_AGREEMENT,False,3,,,,
22a00b4071eb8490bf8a,val,꽃,T4 구어·문장,q_꽃_08,꽃다발 파는 곳,생활서비스 중 '꽃'을 판매·제공하는 매장,6702c44f-743f-4a82-a486-762c643027a2,야채파는 총각,농산물,구리전통시장,전통시장,경기도,0.0,0.0,,,RESOLVED_AGREEMENT,False,0,,,,
07ec80a2a5b491b1fa71,val,꽃,T4 구어·문장,q_꽃_08,꽃다발 파는 곳,생활서비스 중 '꽃'을 판매·제공하는 매장,0123cf0c-2929-4bbe-9b13-1354e60a6922,혜오르 플라워(HYEOR FLOWER),생화 및 식물,신창진흥 골목형상점가,골목형상점가,광주광역시,3.0,3.0,,,RESOLVED_AGREEMENT,False,3,,,,
fa0abf6ff0d64a17bc8f,val,꽃,T4 구어·문장,q_꽃_08,꽃다발 파는 곳,생활서비스 중 '꽃'을 판매·제공하는 매장,5beb6187-2766-4dd5-bcca-3b08cb8c087f,고기파는 총각들,,용마루길 골목형상점가,골목형상점가,서울특별시,0.0,0.0,,,RESOLVED_AGREEMENT,False,0,,,,
9fd092654293d644a198,val,꽃,T4 구어·문장,q_꽃_08,꽃다발 파는 곳,생활서비스 중 '꽃'을 판매·제공하는 매장,139f6d68-83b9-40cc-8339-120b154b8714,이딜리크,꽃집,월평1동 상인연합회,골목형상점가,대전광역시,3.0,3.0,,,RESOLVED_AGREEMENT,False,3,,,,
feb2a60e1b18d1b05764,val,꽃,T4 구어·문장,q_꽃_08,꽃다발 파는 곳,생활서비스 중 '꽃'을 판매·제공하는 매장,01361075-0980-43ea-8c81-a58d44a604bb,플라워루체,생화,운암북문대로 골목형상점가,골목형상점가,광주광역시,3.0,3.0,,,RESOLVED_AGREEMENT,False,3,,,,
52f2bcc83c5e04110899,val,꽃,T4 구어·문장,q_꽃_08,꽃다발 파는 곳,생활서비스 중 '꽃'을 판매·제공하는 매장,6db25e14-436f-49e1-aaca-aa863607185a,에덴플라워,단화환 서양란 동양란 관엽 꽃다발 수반 꽃바구니,계림 재미로 골목형상점가,골목형상점가,광주광역시,3.0,3.0,,,RESOLVED_AGREEMENT,False,3,,,,
091177e926853af744c2,val,꽃,T4 구어·문장,q_꽃_08,꽃다발 파는 곳,생활서비스 중 '꽃'을 판매·제공하는 매장,2fd6db16-8b47-41d4-b6d9-a1cc57c25343,미리내flowershop,"생화, 조화, 화분, 화환",인동중앙상점가,골목형상점가,경상북도,3.0,3.0,,,RESOLVED_AGREEMENT,False,3,,,,
b646236afb486b6d1799,val,꽃,T4 구어·문장,q_꽃_08,꽃다발 파는 곳,생활서비스 중 '꽃'을 판매·제공하는 매장,046df2a5-89ee-4b7a-8aad-91bdc5272130,향기플라워,,정남진활력의거리 골목형상점가,골목형상점가,,2.0,3.0,,,P2_GRADED_ONLY,True,,,,,
302bf760fddb188e75cb,val,꽃,T4 구어·문장,q_꽃_08,꽃다발 파는 곳,생활서비스 중 '꽃'을 판매·제공하는 매장,001b5693-72ee-4677-9cdb-39117fbc932a,로사리움,꽃,첨단지구 골목형상점가,골목형상점가,광주광역시,3.0,3.0,,,RESOLVED_AGREEMENT,False,3,,,,
cb80da9cc1f2f16c7bd9,val,꽃,T4 구어·문장,q_꽃_08,꽃다발 파는 곳,생활서비스 중 '꽃'을 판매·제공하는 매장,8529283e-d4e1-4160-80e7-868d8f68f53b,플라워마켓수화,꽃다발꽃바구니디퓨저,하단자율상권구역,,부산광역시,3.0,3.0,,,RESOLVED_AGREEMENT,False,3,,,,
4aa02f1ff933cae75505,val,꽃,T4 구어·문장,q_꽃_08,꽃다발 파는 곳,생활서비스 중 '꽃'을 판매·제공하는 매장,1880a34b-0ea4-4248-90cc-2b48f613180d,행복한 꽃집,"꽃다발, 꽃바구니, 관엽식물 등",양주옥정호수공원상점가,골목형상점가,경기도,3.0,3.0,,,RESOLVED_AGREEMENT,False,3,,,,
7b03d28bc119ece3a5ee,val,꽃,T4 구어·문장,q_꽃_08,꽃다발 파는 곳,생활서비스 중 '꽃'을 판매·제공하는 매장,5f59c153-0ca4-4ba4-9f1c-e59663f9e5e2,꽃파는 카페 가배화,꽃가게,맛조이상인회 골목형상점가,골목형상점가,광주광역시,3.0,3.0,,,RESOLVED_AGREEMENT,False,3,,,,
d3bffee1f8d1430d8c19,val,꽃,T4 구어·문장,q_꽃_08,꽃다발 파는 곳,생활서비스 중 '꽃'을 판매·제공하는 매장,de6704ee-63f8-4250-85b0-38da5a1b0209,르로제,꽃다발. 화분,설죽로 패션의거리 골목형상점가,골목형상점가,광주광역시,3.0,3.0,,,RESOLVED_AGREEMENT,False,3,,,,
23e0edfd4ec93e7e66c4,val,꽃,T4 구어·문장,q_꽃_08,꽃다발 파는 곳,생활서비스 중 '꽃'을 판매·제공하는 매장,1df50f85-2e24-471e-9955-64cfe30d014e,체리로드(Cherry Road),"꽃다발, 꽃바구나 등",어은누리 골목형상점가,골목형상점가,대전광역시,3.0,3.0,,,RESOLVED_AGREEMENT,False,3,,,,
410afa14c950e6ba4f32,val,꽃,T4 구어·문장,q_꽃_08,꽃다발 파는 곳,생활서비스 중 '꽃'을 판매·제공하는 매장,49fa384a-f969-4892-aabe-fb781940065f,꽃다지공방,,평화시장,전통시장,서울특별시,3.0,3.0,,,RESOLVED_AGREEMENT,False,3,,,,
456f80ac49c00e30b3b4,val,꽃,T4 구어·문장,q_꽃_08,꽃다발 파는 곳,생활서비스 중 '꽃'을 판매·제공하는 매장,9062a53d-ffe9-4ad3-b774-6bfd03dcb923,멍투게더 강아지유치원호텔 강남본점,강아지 유치원,역삼동 골목형상점가,골목형상점가,서울특별시,0.0,0.0,,,RESOLVED_AGREEMENT,False,0,,,,
baf9a706e5e0f965ad39,val,꽃,T4 구어·문장,q_꽃_08,꽃다발 파는 곳,생활서비스 중 '꽃'을 판매·제공하는 매장,b051c4f3-8b69-4d56-a7fb-f4c9c9bc97fb,꽃다비,꽃,불광먹자골목 골목형상점가,골목형상점가,서울특별시,3.0,3.0,,,RESOLVED_AGREEMENT,False,3,,,,
9edd3a0984994cf0e6b6,val,꽃,T4 구어·문장,q_꽃_08,꽃다발 파는 곳,생활서비스 중 '꽃'을 판매·제공하는 매장,b66dae54-c0df-4385-b175-b0a3af467ff7,꽃다방,,신알프스 중심 골목형상점가,골목형상점가,울산광역시,3.0,3.0,,,RESOLVED_AGREEMENT,False,3,,,,
e23019a206c564af3912,val,꽃,T4 구어·문장,q_꽃_08,꽃다발 파는 곳,생활서비스 중 '꽃'을 판매·제공하는 매장,f429d229-ff45-44f2-a46d-cdb40ccc570e,"궁평항수산물직판장 양념4,7호점",수산물,궁평항해오름수산시장,전통시장,경기도,0.0,0.0,,,RESOLVED_AGREEMENT,False,0,,,,
75472010772a633105a4,val,꽃,T4 구어·문장,q_꽃_08,꽃다발 파는 곳,생활서비스 중 '꽃'을 판매·제공하는 매장,6e13aba3-0da0-4add-b24e-d29a790f994d,꽃다롱,,고운뜰 골목형상점가,골목형상점가,세종특별자치시,3.0,3.0,,,RESOLVED_AGREEMENT,False,3,,,,
231dd6fb7a42192ab3fa,val,꽃,T4 구어·문장,q_꽃_08,꽃다발 파는 곳,생활서비스 중 '꽃'을 판매·제공하는 매장,f497b2b3-4f6a-4433-a15b-b5cc8c058022,동부신발나라,신발,목포동부시장,전통시장,전라남도,0.0,0.0,,,RESOLVED_AGREEMENT,False,0,,,,
2b9a19ec4f3bcf623815,val,꽃,T4 구어·문장,q_꽃_08,꽃다발 파는 곳,생활서비스 중 '꽃'을 판매·제공하는 매장,cf3f25d4-b24f-4665-a5ea-13a15974d898,오오플라워,화환,삼각지맛길 골목형상점가,골목형상점가,대구광역시,2.0,3.0,,,P2_GRADED_ONLY,True,,,,,
5b95e9958a75cfb7b90c,val,꽃,T4 구어·문장,q_꽃_08,꽃다발 파는 곳,생활서비스 중 '꽃'을 판매·제공하는 매장,24456103-f6b8-46af-8655-82e61d7265d8,커피가 머무르는 곳,커피,반드레길골목형상점가,골목형상점가,서울특별시,0.0,0.0,,,RESOLVED_AGREEMENT,False,0,,,,
1f09a2bc99bbe0e96e19,val,꽃,T4 구어·문장,q_꽃_08,꽃다발 파는 곳,생활서비스 중 '꽃'을 판매·제공하는 매장,6547a5c2-a40d-46ee-9600-744fb29da73f,위트플라워,"생화, 꽃바구니, 꽃다발, 화분",본리 장대빌딩 골목형상점가,골목형상점가,대구광역시,3.0,3.0,,,RESOLVED_AGREEMENT,False,3,,,,
3319546f76bf25128fa0,val,꽃,T4 구어·문장,q_꽃_08,꽃다발 파는 곳,생활서비스 중 '꽃'을 판매·제공하는 매장,04c231bf-d3f7-4202-b3a8-d03eb7531853,실버라인,도소매(조화),고투몰(강남터미널지하도상점가),일반지하상점가,서울특별시,1.0,3.0,,,P1_BINARY_THRESHOLD,True,,,,,
f2f784d266670a0f1975,val,꽃,T4 구어·문장,q_꽃_08,꽃다발 파는 곳,생활서비스 중 '꽃'을 판매·제공하는 매장,00b20e6f-4b2f-410f-984c-b6a206704138,나리화원.꽃,,승달 골목형상점가,골목형상점가,,3.0,3.0,,,RESOLVED_AGREEMENT,False,3,,,,
2b2bc037029d3f42a272,val,꽃,T4 구어·문장,q_꽃_08,꽃다발 파는 곳,생활서비스 중 '꽃'을 판매·제공하는 매장,e1ec6095-146f-47ab-b3ea-7439f49db354,꽃다지,의류,평화시장,전통시장,서울특별시,2.0,3.0,,,P2_GRADED_ONLY,True,,,,,
9ccfeb7bfd473492a838,val,꽃,T4 구어·문장,q_꽃_08,꽃다발 파는 곳,생활서비스 중 '꽃'을 판매·제공하는 매장,2ee374be-8d12-46cc-bbb9-f87fac54ddd7,화이트리 WHITREE,비누꽃다발,학운 골목형상점가,골목형상점가,광주광역시,3.0,3.0,,,RESOLVED_AGREEMENT,False,3,,,,
1c3ef7e8c67447b29b47,val,꽃,T4 구어·문장,q_꽃_08,꽃다발 파는 곳,생활서비스 중 '꽃'을 판매·제공하는 매장,04b1ff99-e4e2-47bb-bcae-f7079bd73cae,삼성꽃집,조화,포항죽도시장,전통시장,경상북도,2.0,3.0,,,P2_GRADED_ONLY,True,,,,,
4bb1b28d2fa03b31f699,val,꽃,T4 구어·문장,q_꽃_08,꽃다발 파는 곳,생활서비스 중 '꽃'을 판매·제공하는 매장,08466db9-c2a5-487a-b866-956e229fdc9b,초예상점,"꽃다발, 꽃바구니",수성4가동 달구벌대로 골목형상점가,골목형상점가,대구광역시,3.0,3.0,,,RESOLVED_AGREEMENT,False,3,,,,
a014eb683f83b1011763,val,꽃,T4 구어·문장,q_꽃_08,꽃다발 파는 곳,생활서비스 중 '꽃'을 판매·제공하는 매장,0dc54a43-0aee-4fcb-939d-b0f59e5b1b25,금원꽃집,,송강동 골목형상점가,골목형상점가,대전광역시,3.0,3.0,,,RESOLVED_AGREEMENT,False,3,,,,
64778498e906a2581b82,val,꽃,T4 구어·문장,q_꽃_08,꽃다발 파는 곳,생활서비스 중 '꽃'을 판매·제공하는 매장,7ee8c1d2-4b06-4517-8127-0d6d42a4a697,에덴식물원,"꽃다발, 바구니, 식물",대전정원시장,전통시장,대전광역시,3.0,3.0,,,RESOLVED_AGREEMENT,False,3,,,,
c114c3bdfbf55a1fc774,val,꽃,T4 구어·문장,q_꽃_08,꽃다발 파는 곳,생활서비스 중 '꽃'을 판매·제공하는 매장,0e5a591b-cc1f-4529-9593-c68d305729a6,꼬슬란꽃집,소매(화원),가평잣고을시장,전통시장,경기도,2.0,3.0,,,P2_GRADED_ONLY,True,,,,,
03a7771cf3a1d5e2c924,val,꽃,T4 구어·문장,q_꽃_08,꽃다발 파는 곳,생활서비스 중 '꽃'을 판매·제공하는 매장,0043469e-66b6-48d0-b7a9-d87c0887cf59,꽃이예쁜집,꽃,장동앞길 골목형상점가,골목형상점가,광주광역시,3.0,3.0,,,RESOLVED_AGREEMENT,False,3,,,,
62d6c142589cba0e54b7,val,꽃,T4 구어·문장,q_꽃_08,꽃다발 파는 곳,생활서비스 중 '꽃'을 판매·제공하는 매장,c52d6c31-98e8-452a-bfa7-ca1f6f4f2ee5,그레이스,의류,용봉지구 골목형상점가,골목형상점가,광주광역시,0.0,0.0,,,RESOLVED_AGREEMENT,False,0,,,,
9da5e380581063a5928a,val,꽃,T4 구어·문장,q_꽃_08,꽃다발 파는 곳,생활서비스 중 '꽃'을 판매·제공하는 매장,3604b7c6-0c52-41d4-8067-d6603b8ee6f0,자뎅 드 베르,생화 꽃다발 꽃바구니 식물,초록거리 골목형상점가,골목형상점가,경기도,3.0,3.0,,,RESOLVED_AGREEMENT,False,3,,,,
90bf7c3df98dacfd7c7f,val,꽃,T4 구어·문장,q_꽃_08,꽃다발 파는 곳,생활서비스 중 '꽃'을 판매·제공하는 매장,b028dcda-5fc3-4227-9736-5696d3c86188,샵벨로,피부미용,상무시청상인회 골목형상점가,골목형상점가,광주광역시,0.0,0.0,,,RESOLVED_AGREEMENT,False,0,,,,
7babfad01204892d9b90,val,꽃,T4 구어·문장,q_꽃_08,꽃다발 파는 곳,생활서비스 중 '꽃'을 판매·제공하는 매장,0393ce95-3e7d-4bb5-8ad3-e5da1199e516,꽃사랑화원,화원,남해 명품화전길 골목형상점가,골목형상점가,경상남도,2.0,3.0,,,P2_GRADED_ONLY,True,,,,,
c7c39aeec4ffe786fdb2,val,꽃,T4 구어·문장,q_꽃_08,꽃다발 파는 곳,생활서비스 중 '꽃'을 판매·제공하는 매장,a385dc0d-a4a8-49c1-9459-00541d2a357f,진플라워,"생화, 관엽, 동양난, 서양난, 화분, 화환, 꽃배달",문화길 골목형상점가,골목형상점가,세종특별자치시,3.0,3.0,,,RESOLVED_AGREEMENT,False,3,,,,
02ac36a2eba0f14719ca,val,꽃,T4 구어·문장,q_꽃_09,생화 사는 곳,생활서비스 중 '꽃'을 판매·제공하는 매장,0043469e-66b6-48d0-b7a9-d87c0887cf59,꽃이예쁜집,꽃,장동앞길 골목형상점가,골목형상점가,광주광역시,2.0,3.0,,,P2_GRADED_ONLY,True,,,,,
8cc761cf9b5718da2299,val,꽃,T4 구어·문장,q_꽃_09,생화 사는 곳,생활서비스 중 '꽃'을 판매·제공하는 매장,de67cbce-0b4f-44f1-8f3c-b86f3542e644,생활꽃공간,생화,양주가래비중앙로상점가,골목형상점가,경기도,3.0,3.0,,,RESOLVED_AGREEMENT,False,3,,,,
fe4181fd2af4ee1a871c,val,꽃,T4 구어·문장,q_꽃_09,생화 사는 곳,생활서비스 중 '꽃'을 판매·제공하는 매장,0123cf0c-2929-4bbe-9b13-1354e60a6922,혜오르 플라워(HYEOR FLOWER),생화 및 식물,신창진흥 골목형상점가,골목형상점가,광주광역시,3.0,3.0,,,RESOLVED_AGREEMENT,False,3,,,,
3524a142abd041292200,val,꽃,T4 구어·문장,q_꽃_09,생화 사는 곳,생활서비스 중 '꽃'을 판매·제공하는 매장,bcb382d3-712d-4ea4-ab83-13790424d1b1,뷰티앤네일트랜드,네일,중앙로 지하상가 상점가,일반지하상점가,대전광역시,0.0,0.0,,,RESOLVED_AGREEMENT,False,0,,,,
4e384a32ab3b45b4af7c,val,꽃,T4 구어·문장,q_꽃_09,생화 사는 곳,생활서비스 중 '꽃'을 판매·제공하는 매장,6c07de33-c9ab-48f7-a11e-5288bfd720bb,초화지,생화,선부광장로상점가,자율상권구역,경기도,3.0,3.0,,,RESOLVED_AGREEMENT,False,3,,,,
24e0fb0c84817e758925,val,꽃,T4 구어·문장,q_꽃_09,생화 사는 곳,생활서비스 중 '꽃'을 판매·제공하는 매장,f84792ca-ac20-412f-bbb3-8bbf11544499,꽃사랑,생화,대구꽃백화점 골목형상점가,골목형상점가,대구광역시,3.0,3.0,,,RESOLVED_AGREEMENT,False,3,,,,
24de167a0a7f8ef6c0d6,val,꽃,T4 구어·문장,q_꽃_09,생화 사는 곳,생활서비스 중 '꽃'을 판매·제공하는 매장,c8efb45c-211b-4d7b-86b4-c5f17b88a63e,코스모스,도소매(주방용품),숭례문수입상가,전통시장,서울특별시,0.0,0.0,,,RESOLVED_AGREEMENT,False,0,,,,
347510fa86b94ee95164,val,꽃,T4 구어·문장,q_꽃_09,생화 사는 곳,생활서비스 중 '꽃'을 판매·제공하는 매장,52c8d398-7bb2-4e2d-b8f4-fabda975b474,유난,생화,광안종합시장,전통시장,부산광역시,3.0,3.0,,,RESOLVED_AGREEMENT,False,3,,,,
c457d0020009946e002b,val,꽃,T4 구어·문장,q_꽃_09,생화 사는 곳,생활서비스 중 '꽃'을 판매·제공하는 매장,10845c7a-1388-40af-aee6-13938da3da2a,세영생화,생화,옥골시장,전통시장,울산광역시,3.0,3.0,,,RESOLVED_AGREEMENT,False,3,,,,
710edbb9196d21c3e9e7,val,꽃,T4 구어·문장,q_꽃_09,생화 사는 곳,생활서비스 중 '꽃'을 판매·제공하는 매장,046df2a5-89ee-4b7a-8aad-91bdc5272130,향기플라워,,정남진활력의거리 골목형상점가,골목형상점가,,2.0,3.0,,,P2_GRADED_ONLY,True,,,,,
daea380949153064c963,val,꽃,T4 구어·문장,q_꽃_09,생화 사는 곳,생활서비스 중 '꽃'을 판매·제공하는 매장,2db3d1cd-df05-4f7b-9e1c-dc4244ad407c,꽃빛,생화,화동길상점가,자율상권구역,전북특별자치도,3.0,3.0,,,RESOLVED_AGREEMENT,False,3,,,,
adff4b64cbd1f1a2e459,val,꽃,T4 구어·문장,q_꽃_09,생화 사는 곳,생활서비스 중 '꽃'을 판매·제공하는 매장,526f4972-b9dc-4094-b5da-6d8090076e1d,화소림,생화,둔산꽃길 골목형상점가,골목형상점가,대전광역시,3.0,3.0,,,RESOLVED_AGREEMENT,False,3,,,,
3420b1027fc15b3017a3,val,꽃,T4 구어·문장,q_꽃_09,생화 사는 곳,생활서비스 중 '꽃'을 판매·제공하는 매장,0268ed52-44bd-4e9c-a295-7a64f656640a,양정화원,화원,관고전통시장,전통시장,경기도,2.0,3.0,,,P2_GRADED_ONLY,True,,,,,
1cd2d8951efac02d3adf,val,꽃,T4 구어·문장,q_꽃_09,생화 사는 곳,생활서비스 중 '꽃'을 판매·제공하는 매장,ef3d4c0a-feb7-44fe-bbdd-47443b35f13b,꽃드리,생화,광탄전통시장,전통시장,경기도,3.0,3.0,,,RESOLVED_AGREEMENT,False,3,,,,
129280b04118e842867a,val,꽃,T4 구어·문장,q_꽃_09,생화 사는 곳,생활서비스 중 '꽃'을 판매·제공하는 매장,35a3da05-e782-4a5e-9cc0-b32dadd71932,파보플라워,생화,탕정미래 골목형상점가,골목형상점가,충청남도,3.0,3.0,,,RESOLVED_AGREEMENT,False,3,,,,
57f7baef963983b8ecfd,val,꽃,T4 구어·문장,q_꽃_09,생화 사는 곳,생활서비스 중 '꽃'을 판매·제공하는 매장,c111ac9d-3f3a-405c-a8db-4d127ccda9e2,행복이 있는 곳,잡화,제주로얄쇼핑센터,자율상권구역,제주특별자치도,0.0,0.0,,,RESOLVED_AGREEMENT,False,0,,,,
b1f38ad819eff62a8038,val,꽃,T4 구어·문장,q_꽃_09,생화 사는 곳,생활서비스 중 '꽃'을 판매·제공하는 매장,a6b02578-aff3-45ba-88fc-98130cc4f9a9,화인,생화,신설동들락거리,골목형상점가,서울특별시,3.0,3.0,,,RESOLVED_AGREEMENT,False,3,,,,
df2e8f832404254c8185,val,꽃,T4 구어·문장,q_꽃_09,생화 사는 곳,생활서비스 중 '꽃'을 판매·제공하는 매장,2bb30eed-409d-46e0-9647-0522a5a1a88f,예원,생화,영신상가,전통시장,서울특별시,3.0,3.0,,,RESOLVED_AGREEMENT,False,3,,,,
965356f7985657c1add4,val,꽃,T4 구어·문장,q_꽃_09,생화 사는 곳,생활서비스 중 '꽃'을 판매·제공하는 매장,76a3551b-dae4-4326-92cc-662015aedbfb,쉴 곳,한식,칠성로상점가,자율상권구역,제주특별자치도,0.0,0.0,,,RESOLVED_AGREEMENT,False,0,,,,
84d769efae7dbffad867,val,꽃,T4 구어·문장,q_꽃_09,생화 사는 곳,생활서비스 중 '꽃'을 판매·제공하는 매장,2e816a98-c86e-433c-a977-85026010f8d7,솔로몬,생화,칠성시장,전통시장,대구광역시,3.0,3.0,,,RESOLVED_AGREEMENT,False,3,,,,
4537470a7a39d6c46b8c,val,꽃,T4 구어·문장,q_꽃_09,생화 사는 곳,생활서비스 중 '꽃'을 판매·제공하는 매장,0e5a591b-cc1f-4529-9593-c68d305729a6,꼬슬란꽃집,소매(화원),가평잣고을시장,전통시장,경기도,2.0,3.0,,,P2_GRADED_ONLY,True,,,,,
500be987e67394ef1571,val,꽃,T4 구어·문장,q_꽃_09,생화 사는 곳,생활서비스 중 '꽃'을 판매·제공하는 매장,a644370f-078a-4ac1-83b9-6cf171435658,라 사제스,생화,커낼워크상점가,골목형상점가,인천광역시,3.0,3.0,,,RESOLVED_AGREEMENT,False,3,,,,
93b3a40b3cfa45c0ca85,val,꽃,T4 구어·문장,q_꽃_09,생화 사는 곳,생활서비스 중 '꽃'을 판매·제공하는 매장,2e21a222-1dde-438f-bd3b-8ebbd1fd91b3,소이화,생화,다정한 골목형상점가,골목형상점가,세종특별자치시,3.0,3.0,,,RESOLVED_AGREEMENT,False,3,,,,
fbfca6a182460b221032,val,꽃,T4 구어·문장,q_꽃_09,생화 사는 곳,생활서비스 중 '꽃'을 판매·제공하는 매장,904032ac-dff2-4dc7-b316-d93604f11f10,전설의치킨,치킨,전곡로데오거리골목형상점가,골목형상점가,경기도,0.0,0.0,,,RESOLVED_AGREEMENT,False,0,,,,
5ca302b6fea9ce43e3d3,val,꽃,T4 구어·문장,q_꽃_09,생화 사는 곳,생활서비스 중 '꽃'을 판매·제공하는 매장,9b4fc779-b33c-4d82-bee6-9acf7defc3c1,주식회사 두두컴퍼니코리아,배달,자양로13길골목형상점가,골목형상점가,서울특별시,0.0,0.0,,,RESOLVED_AGREEMENT,False,0,,,,
8a8cfd55af6b975af899,val,꽃,T4 구어·문장,q_꽃_09,생화 사는 곳,생활서비스 중 '꽃'을 판매·제공하는 매장,066a65ee-fe0b-442c-a440-4ce37e296082,화인꽃방,생화조화,김해 동상전통시장,전통시장,경상남도,3.0,3.0,,,RESOLVED_AGREEMENT,False,3,,,,
a75bb8375c14796ba11b,val,꽃,T4 구어·문장,q_꽃_09,생화 사는 곳,생활서비스 중 '꽃'을 판매·제공하는 매장,00afc023-f2e3-417c-b675-42c0a2f682ac,경영꽃집,꽃,유성구암 골목형상점가,골목형상점가,대전광역시,2.0,3.0,,,P2_GRADED_ONLY,True,,,,,
d48905e5203c1c0a4a66,val,꽃,T4 구어·문장,q_꽃_09,생화 사는 곳,생활서비스 중 '꽃'을 판매·제공하는 매장,96b5044c-7637-4aa5-9757-ca450d16cddd,명연꽃집,생화,영신상가,전통시장,서울특별시,3.0,3.0,,,RESOLVED_AGREEMENT,False,3,,,,
84d21c442163947f965f,val,꽃,T4 구어·문장,q_꽃_09,생화 사는 곳,생활서비스 중 '꽃'을 판매·제공하는 매장,a936f2f5-32ba-4870-9cb5-5fcd9ff7458b,첨단화원,생화,첨단이웃사랑 골목형상점가,골목형상점가,광주광역시,3.0,3.0,,,RESOLVED_AGREEMENT,False,3,,,,
6d214cd5223c5c73cbc8,val,꽃,T4 구어·문장,q_꽃_09,생화 사는 곳,생활서비스 중 '꽃'을 판매·제공하는 매장,012ed1bc-d2d6-4dad-8b36-6ad33d367ab2,24시꽃집럭키플라워송도점,생화 식물,송도랜드마크시티 센트럴더샵 골목형상점가,골목형상점가,인천광역시,3.0,3.0,,,RESOLVED_AGREEMENT,False,3,,,,
0d2bee0e32f1afc4b3f1,val,꽃,T4 구어·문장,q_꽃_09,생화 사는 곳,생활서비스 중 '꽃'을 판매·제공하는 매장,0dd53d86-3139-44a5-8488-bd49c845ef05,초롱꽃생화,생화,포항중앙상가,전통시장,경상북도,3.0,3.0,,,RESOLVED_AGREEMENT,False,3,,,,
d27d652bd4ad0dcd91d4,val,꽃,T4 구어·문장,q_꽃_09,생화 사는 곳,생활서비스 중 '꽃'을 판매·제공하는 매장,10e7e9a0-781c-42c3-a0ca-9c4e17f57fbc,꽃동네,생화,둔산꽃길 골목형상점가,골목형상점가,대전광역시,3.0,3.0,,,RESOLVED_AGREEMENT,False,3,,,,
d355040c0c1bb66098ad,val,꽃,T4 구어·문장,q_꽃_09,생화 사는 곳,생활서비스 중 '꽃'을 판매·제공하는 매장,1c7f197c-0687-434f-975d-8156fe7827c0,뜨라레,생화,나주 대호동 골목형상점가,골목형상점가,전라남도,3.0,3.0,,,RESOLVED_AGREEMENT,False,3,,,,
55d9c3c42bc95df2eea4,val,꽃,T4 구어·문장,q_꽃_09,생화 사는 곳,생활서비스 중 '꽃'을 판매·제공하는 매장,b6dd669c-dd1c-4a99-af83-26d34064db97,필꽃집,생화,상인영남화성시장,전통시장,대구광역시,3.0,3.0,,,RESOLVED_AGREEMENT,False,3,,,,
d5abf7677fbe6d6ba686,val,꽃,T4 구어·문장,q_꽃_09,생화 사는 곳,생활서비스 중 '꽃'을 판매·제공하는 매장,093ec6ba-c241-4d87-af2b-50a6fab1b4fa,도이브,생화,수완아름마을,골목형상점가,광주광역시,3.0,3.0,,,RESOLVED_AGREEMENT,False,3,,,,
23437e6ebb780a99120e,val,꽃,T4 구어·문장,q_꽃_09,생화 사는 곳,생활서비스 중 '꽃'을 판매·제공하는 매장,010fea22-a965-4d8e-a805-083042a361ec,니어앤디어Cafe,꽃,상주중앙시장,전통시장,경상북도,2.0,3.0,,,P2_GRADED_ONLY,True,,,,,
05e0af876873ce5e2336,val,꽃,T4 구어·문장,q_꽃_09,생화 사는 곳,생활서비스 중 '꽃'을 판매·제공하는 매장,07e2a120-4803-4634-bd52-ebd7c5433825,슬이네(보떼),조화,고투몰(강남터미널지하도상점가),일반지하상점가,서울특별시,1.0,3.0,,,P1_BINARY_THRESHOLD,True,,,,,
acef73960377c235c177,val,꽃,T4 구어·문장,q_꽃_09,생화 사는 곳,생활서비스 중 '꽃'을 판매·제공하는 매장,7f3d529e-5afe-4d8b-873d-67ab3f88e7e7,꽃구름,생화,명덕마을 골목형상점가,골목형상점가,울산광역시,3.0,3.0,,,RESOLVED_AGREEMENT,False,3,,,,
05d34f230d6124074557,val,꽃,T4 구어·문장,q_꽃_09,생화 사는 곳,생활서비스 중 '꽃'을 판매·제공하는 매장,87856aa7-e031-4a64-9b11-8089d26e1d5c,J플라워,생화,치평동중흥상가상인회 골목형상점가,골목형상점가,광주광역시,3.0,3.0,,,RESOLVED_AGREEMENT,False,3,,,,
a759e8970c6b2adfb4c1,val,꽃,T4 구어·문장,q_꽃_09,생화 사는 곳,생활서비스 중 '꽃'을 판매·제공하는 매장,0dc54a43-0aee-4fcb-939d-b0f59e5b1b25,금원꽃집,,송강동 골목형상점가,골목형상점가,대전광역시,2.0,3.0,,,P2_GRADED_ONLY,True,,,,,
1aa2acf377f5403398df,val,꽃,T4 구어·문장,q_꽃_09,생화 사는 곳,생활서비스 중 '꽃'을 판매·제공하는 매장,45a85963-e28e-4698-821a-7051f1e3e57b,청지꽃꽂이,생화,시장로타리지하상가,일반지하상점가,인천광역시,3.0,3.0,,,RESOLVED_AGREEMENT,False,3,,,,
c611d12dedc534a202eb,val,꽃,T4 구어·문장,q_꽃_09,생화 사는 곳,생활서비스 중 '꽃'을 판매·제공하는 매장,09ac7cf1-86a5-4f4d-80d7-72710de26799,꽃동네,생화,태화시장,전통시장,울산광역시,3.0,3.0,,,RESOLVED_AGREEMENT,False,3,,,,
ce52d3c9b18f71de8de1,val,꽃,T4 구어·문장,q_꽃_09,생화 사는 곳,생활서비스 중 '꽃'을 판매·제공하는 매장,f7c78060-ec71-4240-a7fc-01080a8cb689,으뜸원,생화,순헌황귀비길 골목형상점가,골목형상점가,서울특별시,3.0,3.0,,,RESOLVED_AGREEMENT,False,3,,,,
7c130ff99540f6865c9d,val,꽃,T4 구어·문장,q_꽃_09,생화 사는 곳,생활서비스 중 '꽃'을 판매·제공하는 매장,8dcea9b1-25b6-4857-8b49-2759be790044,마론,생화,단국대 앞 골목형상점가,골목형상점가,경기도,3.0,3.0,,,RESOLVED_AGREEMENT,False,3,,,,
451f0f584a2c92cfb955,val,꽃,T4 구어·문장,q_꽃_09,생화 사는 곳,생활서비스 중 '꽃'을 판매·제공하는 매장,15d3653c-3c05-4672-bb65-8396fba4544c,디베르,생화,예술의거리 골목형상점가,골목형상점가,광주광역시,3.0,3.0,,,RESOLVED_AGREEMENT,False,3,,,,
74521ecb9613c3b03c4e,val,꽃,T4 구어·문장,q_꽃_09,생화 사는 곳,생활서비스 중 '꽃'을 판매·제공하는 매장,139f6d68-83b9-40cc-8339-120b154b8714,이딜리크,꽃집,월평1동 상인연합회,골목형상점가,대전광역시,2.0,3.0,,,P2_GRADED_ONLY,True,,,,,
ae77791b2753e72a9712,val,꽃,T4 구어·문장,q_꽃_09,생화 사는 곳,생활서비스 중 '꽃'을 판매·제공하는 매장,839ac3cf-3062-4110-b0be-d28933dae37d,로얄워시,자동차세차,양지마을 골목형상점가,골목형상점가,광주광역시,0.0,0.0,,,RESOLVED_AGREEMENT,False,0,,,,
c4302d60bf871379be57,val,꽃,T4 구어·문장,q_꽃_09,생화 사는 곳,생활서비스 중 '꽃'을 판매·제공하는 매장,00b610a8-8a8a-4c5e-9e0b-cba5e4d22c93,에덴꽃화원,꽃,태화시장,전통시장,울산광역시,2.0,3.0,,,P2_GRADED_ONLY,True,,,,,
404bc761e4d57c31aeb1,val,꽃,T4 구어·문장,q_꽃_09,생화 사는 곳,생활서비스 중 '꽃'을 판매·제공하는 매장,8f01db59-18a1-4ee6-b4f7-5b33282757fa,전원,생화,남대문시장,전통시장,서울특별시,3.0,3.0,,,RESOLVED_AGREEMENT,False,3,,,,
e48bb1906a3d4d3a8198,val,꽃,T4 구어·문장,q_꽃_09,생화 사는 곳,생활서비스 중 '꽃'을 판매·제공하는 매장,7290953f-b420-48cc-a936-0acf244713b0,아라꽃집,생화,대흥동 특화거리 상점가,자율상권구역,대전광역시,3.0,3.0,,,RESOLVED_AGREEMENT,False,3,,,,
eb0ced7a0754c9844700,val,꽃,T4 구어·문장,q_꽃_09,생화 사는 곳,생활서비스 중 '꽃'을 판매·제공하는 매장,82fe3969-3c88-4866-9a50-3c8976724828,들에핀꽃,생화,전주송천동골목형상점가,골목형상점가,전북특별자치도,3.0,3.0,,,RESOLVED_AGREEMENT,False,3,,,,
b0c5a682f824edb84d59,val,꽃,T4 구어·문장,q_꽃_09,생화 사는 곳,생활서비스 중 '꽃'을 판매·제공하는 매장,d630c14a-a78a-495d-ac65-1973237b56d8,목화,생화,장천동상가,자율상권구역,전라남도,3.0,3.0,,,RESOLVED_AGREEMENT,False,3,,,,
f55ca022603931d5f02a,val,꽃,T4 구어·문장,q_꽃_09,생화 사는 곳,생활서비스 중 '꽃'을 판매·제공하는 매장,4e8a85fb-13d3-4bc7-a9ed-17ad1dabad4f,보고팟,생화,나주혁신도시 골목형상점가,골목형상점가,전라남도,3.0,3.0,,,RESOLVED_AGREEMENT,False,3,,,,
cd9b47c5f6ee7ee474a8,val,꽃,T4 구어·문장,q_꽃_09,생화 사는 곳,생활서비스 중 '꽃'을 판매·제공하는 매장,00b20e6f-4b2f-410f-984c-b6a206704138,나리화원.꽃,,승달 골목형상점가,골목형상점가,,2.0,3.0,,,P2_GRADED_ONLY,True,,,,,
0d8444f9ac701bb9b880,val,꽃,T4 구어·문장,q_꽃_09,생화 사는 곳,생활서비스 중 '꽃'을 판매·제공하는 매장,02b04299-d64f-4c59-b73c-487d485fff0f,속초꽃집 화사랑플라워,,청학사거리 골목형상점가,골목형상점가,강원특별자치도,2.0,3.0,,,P2_GRADED_ONLY,True,,,,,
f84c0d38108a01763869,val,꽃,T4 구어·문장,q_꽃_09,생화 사는 곳,생활서비스 중 '꽃'을 판매·제공하는 매장,24456103-f6b8-46af-8655-82e61d7265d8,커피가 머무르는 곳,커피,반드레길골목형상점가,골목형상점가,서울특별시,0.0,0.0,,,RESOLVED_AGREEMENT,False,0,,,,
0811fd30ce393f116c89,val,꽃,T4 구어·문장,q_꽃_09,생화 사는 곳,생활서비스 중 '꽃'을 판매·제공하는 매장,006964ff-b2f9-421f-8fa7-f87219c26c0a,블리스블룸,생화,BOCA 보카상점가,골목형상점가,경기도,3.0,3.0,,,RESOLVED_AGREEMENT,False,3,,,,
f8d1c20af6243581f1b8,val,꽃,T4 구어·문장,q_꽃_09,생화 사는 곳,생활서비스 중 '꽃'을 판매·제공하는 매장,136b0d38-57a7-4f5f-a5f8-3ae6e2a594c9,풍경,생화,효자천변1길 골목형상점가,골목형상점가,전북특별자치도,3.0,3.0,,,RESOLVED_AGREEMENT,False,3,,,,
e033fb1a025b7c3edd5a,val,꽃,T4 구어·문장,q_꽃_09,생화 사는 곳,생활서비스 중 '꽃'을 판매·제공하는 매장,38e277c7-2df1-4eb6-8ea6-2e802481eb45,수선화,생화,학동 남문로 골목형상점가,골목형상점가,광주광역시,3.0,3.0,,,RESOLVED_AGREEMENT,False,3,,,,
d98e2867b0d4ab8300ae,val,꽃,T4 구어·문장,q_꽃_09,생화 사는 곳,생활서비스 중 '꽃'을 판매·제공하는 매장,25499cdd-8427-4566-a223-d5fd45aff705,소담꽃,생화,문흥2동 골목형상점가,골목형상점가,광주광역시,3.0,3.0,,,RESOLVED_AGREEMENT,False,3,,,,
61592b8659f1569db079,val,꽃,T4 구어·문장,q_꽃_09,생화 사는 곳,생활서비스 중 '꽃'을 판매·제공하는 매장,6e60fbfc-4128-4034-9373-379e27aab5dc,미니센트,생화,정부청사 골목형상점가,골목형상점가,광주광역시,3.0,3.0,,,RESOLVED_AGREEMENT,False,3,,,,
b32f11c0d503e1a15ea0,val,꽃,T4 구어·문장,q_꽃_09,생화 사는 곳,생활서비스 중 '꽃'을 판매·제공하는 매장,04c231bf-d3f7-4202-b3a8-d03eb7531853,실버라인,도소매(조화),고투몰(강남터미널지하도상점가),일반지하상점가,서울특별시,1.0,3.0,,,P1_BINARY_THRESHOLD,True,,,,,
1ab229895fe1d2735495,val,꽃,T4 구어·문장,q_꽃_09,생화 사는 곳,생활서비스 중 '꽃'을 판매·제공하는 매장,01b50703-620e-4976-9b84-a03f2ba9bdcf,메르세드플라워,,관저상가 골목형상점가,골목형상점가,대전광역시,2.0,3.0,,,P2_GRADED_ONLY,True,,,,,
288099bb9ed771bc2375,val,꽃,T4 구어·문장,q_꽃_09,생화 사는 곳,생활서비스 중 '꽃'을 판매·제공하는 매장,b3fcaf5a-4878-41c3-8a2f-1bc3a9c7f899,끌레르,생화,나성BRT 골목형상점가,골목형상점가,세종특별자치시,3.0,3.0,,,RESOLVED_AGREEMENT,False,3,,,,
c1ec3296913890785419,val,꽃,T4 구어·문장,q_꽃_09,생화 사는 곳,생활서비스 중 '꽃'을 판매·제공하는 매장,01d1c245-a6a7-441a-8977-85303f01e56e,인플라워,생화,유성도안 골목형상점가,골목형상점가,대전광역시,3.0,3.0,,,RESOLVED_AGREEMENT,False,3,,,,
6084948ed4fdf3ccb940,val,꽃,T4 구어·문장,q_꽃_09,생화 사는 곳,생활서비스 중 '꽃'을 판매·제공하는 매장,cf3f25d4-b24f-4665-a5ea-13a15974d898,오오플라워,화환,삼각지맛길 골목형상점가,골목형상점가,대구광역시,2.0,3.0,,,P2_GRADED_ONLY,True,,,,,
1a4c4a7e693a84e13959,val,꽃,T4 구어·문장,q_꽃_09,생화 사는 곳,생활서비스 중 '꽃'을 판매·제공하는 매장,03de55fd-e04d-4c83-861f-72bd167d8afc,드레스플라워,,대봉모리 골목형상점가,골목형상점가,대구광역시,2.0,3.0,,,P2_GRADED_ONLY,True,,,,,
16ee6a12d4af7e3b0926,val,꽃,T4 구어·문장,q_꽃_09,생화 사는 곳,생활서비스 중 '꽃'을 판매·제공하는 매장,f9fb5dc6-c0a1-432d-8d4f-78620d21f7cf,꽃길,생화,창원 신대방 골목형상점가,골목형상점가,경상남도,3.0,3.0,,,RESOLVED_AGREEMENT,False,3,,,,
6f3e147d154d0c3aef11,val,꽃,T4 구어·문장,q_꽃_09,생화 사는 곳,생활서비스 중 '꽃'을 판매·제공하는 매장,16957e71-5a95-492b-bf75-815e56cb2685,꽃의낙원,생화,약수시장골목형상점가,골목형상점가,서울특별시,3.0,3.0,,,RESOLVED_AGREEMENT,False,3,,,,
38c4df0a50a915f833af,val,꽃,T4 구어·문장,q_꽃_09,생화 사는 곳,생활서비스 중 '꽃'을 판매·제공하는 매장,08b9f9fd-7584-41c1-ba08-8a0cbb126f18,유플라워,꽃집,달서시장,전통시장,대구광역시,2.0,3.0,,,P2_GRADED_ONLY,True,,,,,
e7240278ce0ae37fc028,val,꽃,T4 구어·문장,q_꽃_09,생화 사는 곳,생활서비스 중 '꽃'을 판매·제공하는 매장,0087b08e-75d9-4580-98ee-b89a11922c32,전광화원,,장흥시장 골목형상점가,골목형상점가,,2.0,3.0,,,P2_GRADED_ONLY,True,,,,,
19b379f11023a422d750,val,꽃,T4 구어·문장,q_꽃_09,생화 사는 곳,생활서비스 중 '꽃'을 판매·제공하는 매장,4f429078-685a-42f2-9b6c-9be06316f0eb,가든메이,생화,금암동 골목형상점가,골목형상점가,충청남도,3.0,3.0,,,RESOLVED_AGREEMENT,False,3,,,,
dd788ffce21ab82cb114,val,꽃,T4 구어·문장,q_꽃_09,생화 사는 곳,생활서비스 중 '꽃'을 판매·제공하는 매장,091b1d69-d4e3-4d8c-9000-1d40f95f50e9,은자씨 플라워,화환,부티크타운 골목형 상점가,골목형상점가,충청남도,2.0,3.0,,,P2_GRADED_ONLY,True,,,,,
478743545941ddad3be0,val,꽃,T4 구어·문장,q_꽃_09,생화 사는 곳,생활서비스 중 '꽃'을 판매·제공하는 매장,78dd1e5d-e8a3-4cd6-b212-c488dd86a434,진해꽃집,생화,진해중앙시장,전통시장,경상남도,3.0,3.0,,,RESOLVED_AGREEMENT,False,3,,,,
e84947421873ef169b53,val,꽃,T4 구어·문장,q_꽃_09,생화 사는 곳,생활서비스 중 '꽃'을 판매·제공하는 매장,00046925-dcb7-4796-8c1e-0de154aa3825,가든꽃화원,생화,전주풍남문상점가,자율상권구역,전북특별자치도,3.0,3.0,,,RESOLVED_AGREEMENT,False,3,,,,
dc151eef8e79014f9d05,val,꽃,T4 구어·문장,q_꽃_09,생화 사는 곳,생활서비스 중 '꽃'을 판매·제공하는 매장,b718189d-1d95-4aa1-bbcd-d67fadacbc83,경북꽃집,생화,양정시장,전통시장,부산광역시,3.0,3.0,,,RESOLVED_AGREEMENT,False,3,,,,
91a995de80625cfa5d54,val,꽃,T4 구어·문장,q_꽃_09,생화 사는 곳,생활서비스 중 '꽃'을 판매·제공하는 매장,710d5fb7-4686-4e65-aa50-9ddd21cebab4,금용유성지점,의류,장대동패션상가 골목형상점가,골목형상점가,대전광역시,0.0,0.0,,,RESOLVED_AGREEMENT,False,0,,,,
8c34ac8e6362f4874325,val,꽃,T4 구어·문장,q_꽃_09,생화 사는 곳,생활서비스 중 '꽃'을 판매·제공하는 매장,baebb033-7ab3-41de-acf1-d2b9aa435d76,꽃수레,생화,백년소상공인,기타,경상북도,3.0,3.0,,,RESOLVED_AGREEMENT,False,3,,,,
a0c96998db5e21b60244,val,꽃,T4 구어·문장,q_꽃_09,생화 사는 곳,생활서비스 중 '꽃'을 판매·제공하는 매장,a385dc0d-a4a8-49c1-9459-00541d2a357f,진플라워,"생화, 관엽, 동양난, 서양난, 화분, 화환, 꽃배달",문화길 골목형상점가,골목형상점가,세종특별자치시,3.0,3.0,,,RESOLVED_AGREEMENT,False,3,,,,
b5b9b2a1d81e5070465f,val,꽃,T4 구어·문장,q_꽃_09,생화 사는 곳,생활서비스 중 '꽃'을 판매·제공하는 매장,0fdda0b6-8af0-4e6d-9574-2a8b043c0bc0,이플,"꽃집, 꽃배달",담양중앙2번가 골목형상점가,골목형상점가,전라남도,2.0,3.0,,,P2_GRADED_ONLY,True,,,,,
d8300c6a21830c6732ec,val,꽃,T4 구어·문장,q_꽃_09,생화 사는 곳,생활서비스 중 '꽃'을 판매·제공하는 매장,88497932-355f-472a-bed9-887f48f18430,소프,생화,해방촌 골목형상점가,골목형상점가,서울특별시,3.0,3.0,,,RESOLVED_AGREEMENT,False,3,,,,
e5cd0a358481f9147908,val,꽃,T4 구어·문장,q_꽃_09,생화 사는 곳,생활서비스 중 '꽃'을 판매·제공하는 매장,b5a443ab-247b-49a3-af1e-53016aa8d7d3,사슴꽃플라워,생화,개봉중앙골목형상점가,골목형상점가,서울특별시,3.0,3.0,,,RESOLVED_AGREEMENT,False,3,,,,
f8c69dbcecaccd63b290,val,꽃,T4 구어·문장,q_꽃_09,생화 사는 곳,생활서비스 중 '꽃'을 판매·제공하는 매장,babdcb82-00c8-4c64-bfe6-42a0c73cc2ed,일리아,생화,BOCA 보카상점가,골목형상점가,경기도,3.0,3.0,,,RESOLVED_AGREEMENT,False,3,,,,
fb351059cf827d24cd8a,val,꽃,T4 구어·문장,q_꽃_09,생화 사는 곳,생활서비스 중 '꽃'을 판매·제공하는 매장,5a0ac2c2-1894-4fda-8803-aaa13d505e5e,지에스25오치프레시점,편의점 상품,오치1동 골목형상점가,골목형상점가,광주광역시,0.0,0.0,,,RESOLVED_AGREEMENT,False,0,,,,
428d386b8c26d241907c,val,꽃,T4 구어·문장,q_꽃_09,생화 사는 곳,생활서비스 중 '꽃'을 판매·제공하는 매장,c57ff15d-a804-43c1-861c-bd7cca77cb26,하가꽃,생화,하가지구 골목형상점가,골목형상점가,전북특별자치도,3.0,3.0,,,RESOLVED_AGREEMENT,False,3,,,,
9604e1e4074bbf032011,val,꽃,T4 구어·문장,q_꽃_09,생화 사는 곳,생활서비스 중 '꽃'을 판매·제공하는 매장,2743811c-5e71-4d2b-aa75-1b0147d44f2d,사우 꽃이 피는 곳,꽃,김포 풍년마을 골목형상점가,골목형상점가,경기도,2.0,3.0,,,P2_GRADED_ONLY,True,,,,,
221b3596f6708aaeadd7,val,꽃,T4 구어·문장,q_꽃_09,생화 사는 곳,생활서비스 중 '꽃'을 판매·제공하는 매장,082321ee-cdd8-442a-a380-1cb37a154668,레망마지끄,생화,경의숲길서강 골목형상점가,골목형상점가,서울특별시,3.0,3.0,,,RESOLVED_AGREEMENT,False,3,,,,
5d1b6cdcee0af60992e5,val,꽃,T4 구어·문장,q_꽃_09,생화 사는 곳,생활서비스 중 '꽃'을 판매·제공하는 매장,04b1ff99-e4e2-47bb-bcae-f7079bd73cae,삼성꽃집,조화,포항죽도시장,전통시장,경상북도,2.0,3.0,,,P2_GRADED_ONLY,True,,,,,
8a63df1679a892d11ec2,val,꽃,T4 구어·문장,q_꽃_09,생화 사는 곳,생활서비스 중 '꽃'을 판매·제공하는 매장,359df784-64ca-44d9-843d-119b126f095a,서산헬퍼,배달,서산동부전통시장,전통시장,충청남도,0.0,0.0,,,RESOLVED_AGREEMENT,False,0,,,,
59b3ba5ba1b9801878cd,val,꽃,T4 구어·문장,q_꽃_09,생화 사는 곳,생활서비스 중 '꽃'을 판매·제공하는 매장,070a949c-b89d-4ccf-8e63-1743372657bf,조경나라,조화,고투몰(강남터미널지하도상점가),일반지하상점가,서울특별시,1.0,3.0,,,P1_BINARY_THRESHOLD,True,,,,,
1e1e34e5d50ed897ec41,val,꽃,T4 구어·문장,q_꽃_09,생화 사는 곳,생활서비스 중 '꽃'을 판매·제공하는 매장,095e5e59-0c33-4606-8ebd-b997096638a6,대구꽃집,생화,대구꽃백화점 골목형상점가,골목형상점가,대구광역시,3.0,3.0,,,RESOLVED_AGREEMENT,False,3,,,,
e931f766b31977712e50,val,꽃,T4 구어·문장,q_꽃_09,생화 사는 곳,생활서비스 중 '꽃'을 판매·제공하는 매장,f44ab6ba-c72a-470a-9322-631beb0431fe,영록화원,생화,중흥청춘로 골목형상점가,골목형상점가,광주광역시,3.0,3.0,,,RESOLVED_AGREEMENT,False,3,,,,
c15e7d98114b1aa39a23,val,꽃,T4 구어·문장,q_꽃_09,생화 사는 곳,생활서비스 중 '꽃'을 판매·제공하는 매장,2275e28f-e3e4-4b3a-8ade-cfc5d13550ff,아미고,생화,"온양온천시장(온양재래시장, 전통시장)",전통시장,충청남도,3.0,3.0,,,RESOLVED_AGREEMENT,False,3,,,,
668f8d07a4b1c4c6c580,val,꽃,T4 구어·문장,q_꽃_09,생화 사는 곳,생활서비스 중 '꽃'을 판매·제공하는 매장,065a7a8c-5299-430a-93b1-257064b5c858,멜리플라워,,의왕가구거리 골목형상점가,골목형상점가,경기도,2.0,3.0,,,P2_GRADED_ONLY,True,,,,,
268eca5d58196243ccfe,val,꽃,T4 구어·문장,q_꽃_09,생화 사는 곳,생활서비스 중 '꽃'을 판매·제공하는 매장,09c8f667-54f0-4904-a60b-a025b5a48c50,기쁨샘,생화,남대문시장,전통시장,서울특별시,3.0,3.0,,,RESOLVED_AGREEMENT,False,3,,,,
61441f9cd42c06f7284c,val,꽃,T4 구어·문장,q_꽃_09,생화 사는 곳,생활서비스 중 '꽃'을 판매·제공하는 매장,d1ebf17f-2418-4496-a2e2-0211e98b478c,풀빛희원,생화,첨단부영 골목형상점가,골목형상점가,광주광역시,3.0,3.0,,,RESOLVED_AGREEMENT,False,3,,,,
c5a0e93b69ebb9f45a95,val,꽃,T4 구어·문장,q_꽃_09,생화 사는 곳,생활서비스 중 '꽃'을 판매·제공하는 매장,3f891163-f9cd-4fa7-824c-2bbd12f4fb43,베네르,생화,오월첫동네 골목형상점가,골목형상점가,광주광역시,3.0,3.0,,,RESOLVED_AGREEMENT,False,3,,,,
3d2f1ddcd98abf7fa18a,val,꽃,T4 구어·문장,q_꽃_09,생화 사는 곳,생활서비스 중 '꽃'을 판매·제공하는 매장,7b76f020-6dcb-4a88-b451-ad2b1d4f0232,만개정원,생화,퐁당거리 골목형상점가,골목형상점가,전라남도,3.0,3.0,,,RESOLVED_AGREEMENT,False,3,,,,
2f3c1161bc00fd565c05,val,꽃,T4 구어·문장,q_꽃_09,생화 사는 곳,생활서비스 중 '꽃'을 판매·제공하는 매장,8ff13037-46a9-4b14-8e21-82c9f6c1a471,꼿밧,생화,중촌동 맞춤거리 상점가,자율상권구역,대전광역시,3.0,3.0,,,RESOLVED_AGREEMENT,False,3,,,,
8234b51064bd9f7a1429,val,꽃,T4 구어·문장,q_꽃_09,생화 사는 곳,생활서비스 중 '꽃'을 판매·제공하는 매장,01361075-0980-43ea-8c81-a58d44a604bb,플라워루체,생화,운암북문대로 골목형상점가,골목형상점가,광주광역시,3.0,3.0,,,RESOLVED_AGREEMENT,False,3,,,,
d18eb6ff2f27a5215e2b,val,꽃,T4 구어·문장,q_꽃_09,생화 사는 곳,생활서비스 중 '꽃'을 판매·제공하는 매장,001b5693-72ee-4677-9cdb-39117fbc932a,로사리움,꽃,첨단지구 골목형상점가,골목형상점가,광주광역시,2.0,3.0,,,P2_GRADED_ONLY,True,,,,,
9aae56c5e112a4810c86,val,꽃,T4 구어·문장,q_꽃_09,생화 사는 곳,생활서비스 중 '꽃'을 판매·제공하는 매장,3be436e0-84d5-412e-abfb-75f0677fa69d,미소꽃방,생화,산본로데오거리(구 산본중심상가),자율상권구역,경기도,3.0,3.0,,,RESOLVED_AGREEMENT,False,3,,,,
50663dbdc2af701c59c0,val,꽃,T4 구어·문장,q_꽃_09,생화 사는 곳,생활서비스 중 '꽃'을 판매·제공하는 매장,7a242fbd-249d-4ae5-8ddb-add211b09ba2,꽃핀날,생화,숭인사랑골목형상점가,골목형상점가,서울특별시,3.0,3.0,,,RESOLVED_AGREEMENT,False,3,,,,
b5dd770b7240b685f849,val,꽃,T4 구어·문장,q_꽃_09,생화 사는 곳,생활서비스 중 '꽃'을 판매·제공하는 매장,0838ebd8-8e52-472e-8b55-713d7e585593,현꽃집,생화,영신상가,전통시장,서울특별시,3.0,3.0,,,RESOLVED_AGREEMENT,False,3,,,,
80c517bb2db411cfafb4,val,꽃,T4 구어·문장,q_꽃_09,생화 사는 곳,생활서비스 중 '꽃'을 판매·제공하는 매장,a077d0a0-2aef-4689-b968-cea99be4a1d4,자연,생화,삼각동 골목형상점가,골목형상점가,광주광역시,3.0,3.0,,,RESOLVED_AGREEMENT,False,3,,,,
72d43237669e0d60537f,val,꽃,T4 구어·문장,q_꽃_09,생화 사는 곳,생활서비스 중 '꽃'을 판매·제공하는 매장,0393ce95-3e7d-4bb5-8ad3-e5da1199e516,꽃사랑화원,화원,남해 명품화전길 골목형상점가,골목형상점가,경상남도,2.0,3.0,,,P2_GRADED_ONLY,True,,,,,
cbac19d75766996ccc39,val,꽃,T4 구어·문장,q_꽃_09,생화 사는 곳,생활서비스 중 '꽃'을 판매·제공하는 매장,94019ef1-8bfc-45ea-b8be-7e8b0c7b7b35,남경회수산,"활어회포장, 배달",원대신시장,전통시장,대구광역시,0.0,0.0,,,RESOLVED_AGREEMENT,False,0,,,,
757b3c744018adb96c69,val,꽃,T4 구어·문장,q_꽃_09,생화 사는 곳,생활서비스 중 '꽃'을 판매·제공하는 매장,fba2de74-75f0-46b9-a95a-112ee7499d82,아담플라워,화환,월곡달빛오거리골목형상점가,골목형상점가,서울특별시,2.0,3.0,,,P2_GRADED_ONLY,True,,,,,
fa7d9aaee83ecf25462b,val,꽃,T4 구어·문장,q_꽃_09,생화 사는 곳,생활서비스 중 '꽃'을 판매·제공하는 매장,848a5f9a-f20b-4191-99a8-2050e9548ce7,새벽정원,생화,망리단길골목형상점가,골목형상점가,서울특별시,3.0,3.0,,,RESOLVED_AGREEMENT,False,3,,,,
bb70c61b924554dde2b0,val,꽃,T4 구어·문장,q_꽃_09,생화 사는 곳,생활서비스 중 '꽃'을 판매·제공하는 매장,fcbbf76b-9a4a-4d81-b5b0-647881d98e8e,추씨농원,생화,대구꽃백화점 골목형상점가,골목형상점가,대구광역시,3.0,3.0,,,RESOLVED_AGREEMENT,False,3,,,,
d616f2d7fe29248fce87,val,꽃,T4 구어·문장,q_꽃_09,생화 사는 곳,생활서비스 중 '꽃'을 판매·제공하는 매장,00b13ca2-ef5b-4243-9a38-2de8507a2c21,남촌플라워,생화,용상공설시장,전통시장,경상북도,3.0,3.0,,,RESOLVED_AGREEMENT,False,3,,,,
229d4fd5cdd7a854bf00,val,꽃,T4 구어·문장,q_꽃_09,생화 사는 곳,생활서비스 중 '꽃'을 판매·제공하는 매장,f2bbfdfb-a0e7-46d1-a104-9ce4f51f4db4,호야해물,어패류,칠성시장,전통시장,대구광역시,0.0,0.0,,,RESOLVED_AGREEMENT,False,0,,,,
cb4483383aab0ed13c2f,val,꽃,T4 구어·문장,q_꽃_09,생화 사는 곳,생활서비스 중 '꽃'을 판매·제공하는 매장,482d229b-2988-4616-b30b-31ad002f5c19,제주,생화,대구꽃백화점 골목형상점가,골목형상점가,대구광역시,3.0,3.0,,,RESOLVED_AGREEMENT,False,3,,,,
76de8ff77bd10f812432,val,꽃,T4 구어·문장,q_꽃_09,생화 사는 곳,생활서비스 중 '꽃'을 판매·제공하는 매장,ba46a255-2b35-4261-9fcf-f09d62daa072,사랑채국밥,국밥,금호운천로상인회 골목형상점가,골목형상점가,광주광역시,0.0,0.0,,,RESOLVED_AGREEMENT,False,0,,,,
4a303ff1ccb3baa796f9,val,꽃,T4 구어·문장,q_꽃_09,생화 사는 곳,생활서비스 중 '꽃'을 판매·제공하는 매장,2958565f-3773-42c4-bb7d-16d2b785c96b,오늘기분,생화,철길공원 골목형상점가,골목형상점가,전북특별자치도,3.0,3.0,,,RESOLVED_AGREEMENT,False,3,,,,
4ea49f3309f80e3e66bf,val,꽃,T4 구어·문장,q_꽃_09,생화 사는 곳,생활서비스 중 '꽃'을 판매·제공하는 매장,4c803252-e536-48ce-b395-3dbf73ddc4d0,아르장,생화,첨단지구 골목형상점가,골목형상점가,광주광역시,3.0,3.0,,,RESOLVED_AGREEMENT,False,3,,,,
6a1d2be36ceb0dd58d36,val,꽃,T4 구어·문장,q_꽃_09,생화 사는 곳,생활서비스 중 '꽃'을 판매·제공하는 매장,2fd6db16-8b47-41d4-b6d9-a1cc57c25343,미리내flowershop,"생화, 조화, 화분, 화환",인동중앙상점가,골목형상점가,경상북도,3.0,3.0,,,RESOLVED_AGREEMENT,False,3,,,,
194088e8283ba19f2ae5,val,꽃,T6 기계변형,q_꽃_10,꽃추천,생활서비스 중 '꽃'을 판매·제공하는 매장,0393ce95-3e7d-4bb5-8ad3-e5da1199e516,꽃사랑화원,화원,남해 명품화전길 골목형상점가,골목형상점가,경상남도,3.0,3.0,,,RESOLVED_AGREEMENT,False,3,,,,
5305f33cf8f5915fedcf,val,꽃,T6 기계변형,q_꽃_10,꽃추천,생활서비스 중 '꽃'을 판매·제공하는 매장,a63f0a39-cc86-4e1e-8aef-a0a0a6623891,알천,한식,달아실 골목형상점가,골목형상점가,광주광역시,0.0,0.0,,,RESOLVED_AGREEMENT,False,0,,,,
9c662db6846740273cef,val,꽃,T6 기계변형,q_꽃_10,꽃추천,생활서비스 중 '꽃'을 판매·제공하는 매장,9c5ec1cd-d81e-4f74-bf83-f2c0b38d938a,해피천,생활용풍,우치로효동공원 골목형상점가,골목형상점가,광주광역시,0.0,0.0,,,RESOLVED_AGREEMENT,False,0,,,,
808d3e4a673d5b46a9a2,val,꽃,T6 기계변형,q_꽃_10,꽃추천,생활서비스 중 '꽃'을 판매·제공하는 매장,5b009ebd-4432-4712-aed9-a529dcb3c80e,오렌지,의류,함안 가야전통시장,전통시장,경상남도,0.0,0.0,,,RESOLVED_AGREEMENT,False,0,,,,
8530214163cb88a3aaf9,val,꽃,T6 기계변형,q_꽃_10,꽃추천,생활서비스 중 '꽃'을 판매·제공하는 매장,04c231bf-d3f7-4202-b3a8-d03eb7531853,실버라인,도소매(조화),고투몰(강남터미널지하도상점가),일반지하상점가,서울특별시,1.0,3.0,,,P1_BINARY_THRESHOLD,True,,,,,
3aeefe5bd6f985eca240,val,꽃,T6 기계변형,q_꽃_10,꽃추천,생활서비스 중 '꽃'을 판매·제공하는 매장,c05735eb-13a8-42c5-a30c-0fa80836eec6,이천 닭갈비,,안흥초교 사거리 골목형상점가,골목형상점가,경기도,0.0,0.0,,,RESOLVED_AGREEMENT,False,0,,,,
c9e445977e8969ecb465,val,꽃,T6 기계변형,q_꽃_10,꽃추천,생활서비스 중 '꽃'을 판매·제공하는 매장,00afc023-f2e3-417c-b675-42c0a2f682ac,경영꽃집,꽃,유성구암 골목형상점가,골목형상점가,대전광역시,3.0,3.0,,,RESOLVED_AGREEMENT,False,3,,,,
e8cdb0b5ec53da285ab8,val,꽃,T6 기계변형,q_꽃_10,꽃추천,생활서비스 중 '꽃'을 판매·제공하는 매장,d6f59b4c-9023-4504-904c-8e2e68186c11,바론네일,네일,풍암SK.광명상가상인회 골목형상점가,골목형상점가,광주광역시,0.0,0.0,,,RESOLVED_AGREEMENT,False,0,,,,
bcf190c06c7e3fa7a034,val,꽃,T6 기계변형,q_꽃_10,꽃추천,생활서비스 중 '꽃'을 판매·제공하는 매장,b85a1186-2171-487e-a9c3-bda720b4f26e,꽃수레,꽃,부산자유시장,전통시장,부산광역시,3.0,3.0,,,RESOLVED_AGREEMENT,False,3,,,,
630d91e55e0f972f6472,val,꽃,T6 기계변형,q_꽃_10,꽃추천,생활서비스 중 '꽃'을 판매·제공하는 매장,cf3f25d4-b24f-4665-a5ea-13a15974d898,오오플라워,화환,삼각지맛길 골목형상점가,골목형상점가,대구광역시,3.0,3.0,,,RESOLVED_AGREEMENT,False,3,,,,
ad617e608e46c4d7d3de,val,꽃,T6 기계변형,q_꽃_10,꽃추천,생활서비스 중 '꽃'을 판매·제공하는 매장,94019ef1-8bfc-45ea-b8be-7e8b0c7b7b35,남경회수산,"활어회포장, 배달",원대신시장,전통시장,대구광역시,0.0,0.0,,,RESOLVED_AGREEMENT,False,0,,,,
fcc34534788732420fd1,val,꽃,T6 기계변형,q_꽃_10,꽃추천,생활서비스 중 '꽃'을 판매·제공하는 매장,0e5a591b-cc1f-4529-9593-c68d305729a6,꼬슬란꽃집,소매(화원),가평잣고을시장,전통시장,경기도,3.0,3.0,,,RESOLVED_AGREEMENT,False,3,,,,
35a7c4d855f1be676aed,val,꽃,T6 기계변형,q_꽃_10,꽃추천,생활서비스 중 '꽃'을 판매·제공하는 매장,923eb055-03c7-4384-b6fd-3fe63ee737f7,광천,어묵,대해불빛시장(대해종합시장),전통시장,경상북도,0.0,0.0,,,RESOLVED_AGREEMENT,False,0,,,,
873ef6ca6c3eaa5a7ffd,val,꽃,T6 기계변형,q_꽃_10,꽃추천,생활서비스 중 '꽃'을 판매·제공하는 매장,8deeaaf0-c0e9-4088-913c-1022636f18fe,꽃세상,,진주 중앙상점가,자율상권구역,경상남도,3.0,3.0,,,RESOLVED_AGREEMENT,False,3,,,,
311e3b76c25928f24414,val,꽃,T6 기계변형,q_꽃_10,꽃추천,생활서비스 중 '꽃'을 판매·제공하는 매장,df130639-b40a-4429-9dac-1eacf992e7cb,유들라위,꽃,하남 골목형상점가,골목형상점가,광주광역시,3.0,3.0,,,RESOLVED_AGREEMENT,False,3,,,,
80951f44d559080b6ab2,val,꽃,T6 기계변형,q_꽃_10,꽃추천,생활서비스 중 '꽃'을 판매·제공하는 매장,c1082f66-a832-4863-933d-c337d35d0299,합천 식육점,,진주 중앙상점가,자율상권구역,경상남도,0.0,0.0,,,RESOLVED_AGREEMENT,False,0,,,,
53d992158f546bd7ebc5,val,꽃,T6 기계변형,q_꽃_10,꽃추천,생활서비스 중 '꽃'을 판매·제공하는 매장,006964ff-b2f9-421f-8fa7-f87219c26c0a,블리스블룸,생화,BOCA 보카상점가,골목형상점가,경기도,3.0,3.0,,,RESOLVED_AGREEMENT,False,3,,,,
69444a14da6d7764d67f,val,꽃,T6 기계변형,q_꽃_10,꽃추천,생활서비스 중 '꽃'을 판매·제공하는 매장,0043469e-66b6-48d0-b7a9-d87c0887cf59,꽃이예쁜집,꽃,장동앞길 골목형상점가,골목형상점가,광주광역시,3.0,3.0,,,RESOLVED_AGREEMENT,False,3,,,,
2eec5a9c4a6f9f8059f0,val,꽃,T6 기계변형,q_꽃_10,꽃추천,생활서비스 중 '꽃'을 판매·제공하는 매장,5e6e7571-2835-47cb-a8a3-56907eb7b9e8,행복한 꽃순이(과천),생화,과천스마트케이 골목형상점가,골목형상점가,경기도,3.0,3.0,,,RESOLVED_AGREEMENT,False,3,,,,
867293a86e670ec866b4,val,꽃,T6 기계변형,q_꽃_10,꽃추천,생활서비스 중 '꽃'을 판매·제공하는 매장,8d133d76-3081-4fdb-b487-bde7358850c9,꽃볶이,한식,잠원하길골목형상점가,골목형상점가,서울특별시,2.0,3.0,,,P2_GRADED_ONLY,True,,,,,
f38ff5a10c8cb70cddb7,val,꽃,T6 기계변형,q_꽃_10,꽃추천,생활서비스 중 '꽃'을 판매·제공하는 매장,e96a83bc-946a-43bc-9e0d-d1185bf52d51,옥천,수산물,부천상동시장,전통시장,경기도,0.0,0.0,,,RESOLVED_AGREEMENT,False,0,,,,
dfc7944041a47ac0434d,val,꽃,T6 기계변형,q_꽃_10,꽃추천,생활서비스 중 '꽃'을 판매·제공하는 매장,c0591314-c5a5-44fc-8ce7-61b817a653ce,꽃담,꽃,새샘하루 골목형상점가,골목형상점가,세종특별자치시,3.0,3.0,,,RESOLVED_AGREEMENT,False,3,,,,
b393ee1863fa4f5aefce,val,꽃,T6 기계변형,q_꽃_10,꽃추천,생활서비스 중 '꽃'을 판매·제공하는 매장,e725d8a3-b3f1-45aa-9aa7-fb74a1b81e22,문화온천,,장흥중앙로 골목형상점가,골목형상점가,,0.0,0.0,,,RESOLVED_AGREEMENT,False,0,,,,
8d44563a7b842a9b12c3,val,꽃,T6 기계변형,q_꽃_10,꽃추천,생활서비스 중 '꽃'을 판매·제공하는 매장,4825acae-5ec9-42a7-a4dd-bcaabd92399d,꽃집,꽃,동명동 카페거리 골목형상점가,골목형상점가,광주광역시,3.0,3.0,,,RESOLVED_AGREEMENT,False,3,,,,
2a56eaa85f700bbe1d9c,val,꽃,T6 기계변형,q_꽃_10,꽃추천,생활서비스 중 '꽃'을 판매·제공하는 매장,e8e177f8-b4a2-4294-b2e7-08eea9bce093,목사고을시장식육점,식육,나주목사고을시장,전통시장,,0.0,0.0,,,RESOLVED_AGREEMENT,False,0,,,,
4eca71a570d242d1e72c,val,꽃,T6 기계변형,q_꽃_10,꽃추천,생활서비스 중 '꽃'을 판매·제공하는 매장,139f6d68-83b9-40cc-8339-120b154b8714,이딜리크,꽃집,월평1동 상인연합회,골목형상점가,대전광역시,3.0,3.0,,,RESOLVED_AGREEMENT,False,3,,,,
b3194dc471682b39e780,val,꽃,T6 기계변형,q_꽃_10,꽃추천,생활서비스 중 '꽃'을 판매·제공하는 매장,9eca332d-8ed0-4ec3-815f-68ed0a6da1e4,민속식품,식품,청주육거리종합시장,전통시장,충청북도,0.0,0.0,,,RESOLVED_AGREEMENT,False,0,,,,
bda174b2f7bb8717c990,val,꽃,T6 기계변형,q_꽃_10,꽃추천,생활서비스 중 '꽃'을 판매·제공하는 매장,03de55fd-e04d-4c83-861f-72bd167d8afc,드레스플라워,,대봉모리 골목형상점가,골목형상점가,대구광역시,3.0,3.0,,,RESOLVED_AGREEMENT,False,3,,,,
9d11e2e17190c52f0914,val,꽃,T6 기계변형,q_꽃_10,꽃추천,생활서비스 중 '꽃'을 판매·제공하는 매장,4084441d-fcb3-4267-96dd-40f642042605,부처스청천,식육,서초쇼핑골목형상점가,골목형상점가,서울특별시,0.0,0.0,,,RESOLVED_AGREEMENT,False,0,,,,
268b9ff8e304832bb279,val,꽃,T6 기계변형,q_꽃_10,꽃추천,생활서비스 중 '꽃'을 판매·제공하는 매장,90ab1501-140d-40b4-a422-a67f13803f50,예천,감자탕,에버랜드마을 골목형 상점가,골목형상점가,경기도,0.0,0.0,,,RESOLVED_AGREEMENT,False,0,,,,
554d67f238954486eeee,val,꽃,T6 기계변형,q_꽃_10,꽃추천,생활서비스 중 '꽃'을 판매·제공하는 매장,b051c4f3-8b69-4d56-a7fb-f4c9c9bc97fb,꽃다비,꽃,불광먹자골목 골목형상점가,골목형상점가,서울특별시,3.0,3.0,,,RESOLVED_AGREEMENT,False,3,,,,
db6c7b546da10f1ac0a1,val,꽃,T6 기계변형,q_꽃_10,꽃추천,생활서비스 중 '꽃'을 판매·제공하는 매장,64f46af6-68e6-445c-ba37-30a3e6efc1ad,꽃기린,꽃,운암 예술 골목형상점가,골목형상점가,광주광역시,3.0,3.0,,,RESOLVED_AGREEMENT,False,3,,,,
1a41ca0286df3f11086f,val,꽃,T6 기계변형,q_꽃_10,꽃추천,생활서비스 중 '꽃'을 판매·제공하는 매장,488c87d3-7e0e-4cf9-adfa-bd793d32fe6e,가든온천,,정남진활력의거리 골목형상점가,골목형상점가,,0.0,0.0,,,RESOLVED_AGREEMENT,False,0,,,,
48b31691c993f18503f7,val,꽃,T6 기계변형,q_꽃_10,꽃추천,생활서비스 중 '꽃'을 판매·제공하는 매장,2fd6db16-8b47-41d4-b6d9-a1cc57c25343,미리내flowershop,"생화, 조화, 화분, 화환",인동중앙상점가,골목형상점가,경상북도,3.0,3.0,,,RESOLVED_AGREEMENT,False,3,,,,
bbe254b263a30a565bdb,val,꽃,T6 기계변형,q_꽃_10,꽃추천,생활서비스 중 '꽃'을 판매·제공하는 매장,001b5693-72ee-4677-9cdb-39117fbc932a,로사리움,꽃,첨단지구 골목형상점가,골목형상점가,광주광역시,3.0,3.0,,,RESOLVED_AGREEMENT,False,3,,,,
7df2b51e44454f8bbf15,val,꽃,T6 기계변형,q_꽃_10,꽃추천,생활서비스 중 '꽃'을 판매·제공하는 매장,f5955665-026e-4b0d-9c51-00355cea61d7,꽃감분식,한식,아현동손기정길골목형상점가,골목형상점가,서울특별시,2.0,3.0,,,P2_GRADED_ONLY,True,,,,,
e2738544072850a2dc3b,val,꽃,T6 기계변형,q_꽃_10,꽃추천,생활서비스 중 '꽃'을 판매·제공하는 매장,070a949c-b89d-4ccf-8e63-1743372657bf,조경나라,조화,고투몰(강남터미널지하도상점가),일반지하상점가,서울특별시,1.0,3.0,,,P1_BINARY_THRESHOLD,True,,,,,
2a5d9f8973b273857926,val,꽃,T6 기계변형,q_꽃_10,꽃추천,생활서비스 중 '꽃'을 판매·제공하는 매장,776bfded-7104-4579-8fbc-de89ef690d59,꽃별,,사강시장,전통시장,경기도,3.0,3.0,,,RESOLVED_AGREEMENT,False,3,,,,
1fb309043b4f375df16c,val,꽃,T6 기계변형,q_꽃_10,꽃추천,생활서비스 중 '꽃'을 판매·제공하는 매장,80c4738a-934b-4b41-9de9-a82a5967a614,천외천,한식,상봉먹자골목형상점가,골목형상점가,서울특별시,0.0,0.0,,,RESOLVED_AGREEMENT,False,0,,,,
2c7f0e8dfb87c4551b1a,val,꽃,T6 기계변형,q_꽃_10,꽃추천,생활서비스 중 '꽃'을 판매·제공하는 매장,ae3782b4-7742-4e4a-8223-325b3cc082b5,꽃마루,꽃,금촌명동로시장,전통시장,경기도,3.0,3.0,,,RESOLVED_AGREEMENT,False,3,,,,
edda4116ced31dce10b1,val,꽃,T6 기계변형,q_꽃_10,꽃추천,생활서비스 중 '꽃'을 판매·제공하는 매장,adce481f-e15e-4db6-8e49-425b0ebab629,꽃걸음,꽃,대인동예술담길 골목형상점가,골목형상점가,광주광역시,3.0,3.0,,,RESOLVED_AGREEMENT,False,3,,,,
d404bc0562f03f2b76b9,val,꽃,T6 기계변형,q_꽃_10,꽃추천,생활서비스 중 '꽃'을 판매·제공하는 매장,cc805af2-fb0f-47f0-8956-99e1a78cf210,지가테이블,한식,도남시장,전통시장,제주특별자치도,0.0,0.0,,,RESOLVED_AGREEMENT,False,0,,,,
e405363629916b846030,val,꽃,T6 기계변형,q_꽃_10,꽃추천,생활서비스 중 '꽃'을 판매·제공하는 매장,153f250e-14ca-4de1-8896-ac34dc3b210f,아이스 앤 스낵창고 방학2호점,식품,신도봉시장,전통시장,서울특별시,0.0,0.0,,,RESOLVED_AGREEMENT,False,0,,,,
11f7c7ca38205f7aaaae,val,꽃,T6 기계변형,q_꽃_10,꽃추천,생활서비스 중 '꽃'을 판매·제공하는 매장,07e2a120-4803-4634-bd52-ebd7c5433825,슬이네(보떼),조화,고투몰(강남터미널지하도상점가),일반지하상점가,서울특별시,1.0,3.0,,,P1_BINARY_THRESHOLD,True,,,,,
fcc4a952582f75b2f033,val,꽃,T6 기계변형,q_꽃_10,꽃추천,생활서비스 중 '꽃'을 판매·제공하는 매장,359df784-64ca-44d9-843d-119b126f095a,서산헬퍼,배달,서산동부전통시장,전통시장,충청남도,0.0,0.0,,,RESOLVED_AGREEMENT,False,0,,,,
db04a9bfb88c012b0cbe,val,꽃,T6 기계변형,q_꽃_10,꽃추천,생활서비스 중 '꽃'을 판매·제공하는 매장,43cc0cc5-f6d4-4de9-9829-b922a8267f42,꽃분이,꽃,장동로터리 골목형상점가,골목형상점가,광주광역시,3.0,3.0,,,RESOLVED_AGREEMENT,False,3,,,,
82b06e329c6c9b86d743,val,꽃,T6 기계변형,q_꽃_10,꽃추천,생활서비스 중 '꽃'을 판매·제공하는 매장,00046925-dcb7-4796-8c1e-0de154aa3825,가든꽃화원,생화,전주풍남문상점가,자율상권구역,전북특별자치도,3.0,3.0,,,RESOLVED_AGREEMENT,False,3,,,,
79890157d7ff9a5a70ff,val,꽃,T6 기계변형,q_꽃_10,꽃추천,생활서비스 중 '꽃'을 판매·제공하는 매장,c72ad5e5-3bac-47b9-8014-f1b9367630e1,안녕제천,,제천중앙시장,전통시장,충청북도,,0.0,Y,,P0_UNCERTAIN_OR_MISSING,True,,,,,
6987f7f890fea698701e,val,꽃,T6 기계변형,q_꽃_10,꽃추천,생활서비스 중 '꽃'을 판매·제공하는 매장,1f17df28-643a-4205-b24d-68dedbfd70d1,꽃앤수,꽃,둔산꽃길 골목형상점가,골목형상점가,대전광역시,3.0,3.0,,,RESOLVED_AGREEMENT,False,3,,,,
770d375f9fce7ed3dd82,val,꽃,T6 기계변형,q_꽃_10,꽃추천,생활서비스 중 '꽃'을 판매·제공하는 매장,44e0686a-9876-4f6a-a63b-6f9983eb6af6,스시천,일식,공항대로골목형상점가,골목형상점가,서울특별시,0.0,0.0,,,RESOLVED_AGREEMENT,False,0,,,,
50456054681703fab9ff,val,꽃,T6 기계변형,q_꽃_10,꽃추천,생활서비스 중 '꽃'을 판매·제공하는 매장,d31a8752-dd4d-4fe2-a513-c93a96253557,꽃라온,꽃,북촌계동길골목형상점가,골목형상점가,서울특별시,3.0,3.0,,,RESOLVED_AGREEMENT,False,3,,,,
9f54a26f50337073a330,val,꽃,T6 기계변형,q_꽃_10,꽃추천,생활서비스 중 '꽃'을 판매·제공하는 매장,0dc54a43-0aee-4fcb-939d-b0f59e5b1b25,금원꽃집,,송강동 골목형상점가,골목형상점가,대전광역시,3.0,3.0,,,RESOLVED_AGREEMENT,False,3,,,,
358dceae4eab0269b5eb,val,꽃,T6 기계변형,q_꽃_10,꽃추천,생활서비스 중 '꽃'을 판매·제공하는 매장,62eda9ea-1031-4b17-974a-8186cc68a363,아우토반 키즈카,자전거 어린이킥보드 푸쉬카 밸런스바이크,치평동아파트연합상인회 골목형상점가,골목형상점가,광주광역시,0.0,0.0,,,RESOLVED_AGREEMENT,False,0,,,,
3b66812c3790799068a4,val,꽃,T6 기계변형,q_꽃_10,꽃추천,생활서비스 중 '꽃'을 판매·제공하는 매장,22a94491-853d-4840-b253-418bc12c7e10,산천,,홍도 골목형상점가,골목형상점가,대전광역시,,0.0,Y,,P0_UNCERTAIN_OR_MISSING,True,,,,,
39adc03f653fe40883ee,val,꽃,T6 기계변형,q_꽃_10,꽃추천,생활서비스 중 '꽃'을 판매·제공하는 매장,01361075-0980-43ea-8c81-a58d44a604bb,플라워루체,생화,운암북문대로 골목형상점가,골목형상점가,광주광역시,3.0,3.0,,,RESOLVED_AGREEMENT,False,3,,,,
8196ce10b23c05b535e0,val,꽃,T6 기계변형,q_꽃_10,꽃추천,생활서비스 중 '꽃'을 판매·제공하는 매장,49c4af0c-2c40-4feb-af06-ed8e7d7b8156,꽃사랑,꽃,청평여울시장,전통시장,경기도,3.0,3.0,,,RESOLVED_AGREEMENT,False,3,,,,
436af4222a496bcb0254,val,꽃,T6 기계변형,q_꽃_10,꽃추천,생활서비스 중 '꽃'을 판매·제공하는 매장,0087b08e-75d9-4580-98ee-b89a11922c32,전광화원,,장흥시장 골목형상점가,골목형상점가,,3.0,3.0,,,RESOLVED_AGREEMENT,False,3,,,,
9c253bad3a64bb93fd14,val,꽃,T6 기계변형,q_꽃_10,꽃추천,생활서비스 중 '꽃'을 판매·제공하는 매장,ad7c5583-b22c-46d6-9ac0-97c2235f9086,꽃부리영,꽃,둔산꽃길 골목형상점가,골목형상점가,대전광역시,3.0,3.0,,,RESOLVED_AGREEMENT,False,3,,,,
b4c13016c22d2ba36fab,val,꽃,T6 기계변형,q_꽃_10,꽃추천,생활서비스 중 '꽃'을 판매·제공하는 매장,b26e0f84-a412-455c-b4d6-6b41b58c3a21,홍천,제분,모란전통기름시장,전통시장,경기도,0.0,0.0,,,RESOLVED_AGREEMENT,False,0,,,,
2852fd5476fbe8a94e6e,val,꽃,T6 기계변형,q_꽃_10,꽃추천,생활서비스 중 '꽃'을 판매·제공하는 매장,012ed1bc-d2d6-4dad-8b36-6ad33d367ab2,24시꽃집럭키플라워송도점,생화 식물,송도랜드마크시티 센트럴더샵 골목형상점가,골목형상점가,인천광역시,3.0,3.0,,,RESOLVED_AGREEMENT,False,3,,,,
1faffcfe3c19bc940bb4,val,꽃,T6 기계변형,q_꽃_10,꽃추천,생활서비스 중 '꽃'을 판매·제공하는 매장,afa448a3-277d-4e5c-95a2-970848ff1320,춘천,일식,후평3동 행복마을 골목형상점가,골목형상점가,강원특별자치도,0.0,0.0,,,RESOLVED_AGREEMENT,False,0,,,,
1802fec7f470be6f67fb,val,꽃,T6 기계변형,q_꽃_10,꽃추천,생활서비스 중 '꽃'을 판매·제공하는 매장,010fea22-a965-4d8e-a805-083042a361ec,니어앤디어Cafe,꽃,상주중앙시장,전통시장,경상북도,3.0,3.0,,,RESOLVED_AGREEMENT,False,3,,,,
0e0cecf809c4bd338a56,val,꽃,T6 기계변형,q_꽃_10,꽃추천,생활서비스 중 '꽃'을 판매·제공하는 매장,9b4fc779-b33c-4d82-bee6-9acf7defc3c1,주식회사 두두컴퍼니코리아,배달,자양로13길골목형상점가,골목형상점가,서울특별시,0.0,0.0,,,RESOLVED_AGREEMENT,False,0,,,,
d664d9f119849c41a6c1,val,꽃,T6 기계변형,q_꽃_10,꽃추천,생활서비스 중 '꽃'을 판매·제공하는 매장,9d15b26c-b7c6-48cf-afbc-f0dcdc22cccf,꽃디,꽃,푸른마을공동체센터 골목형상점가,골목형상점가,광주광역시,3.0,3.0,,,RESOLVED_AGREEMENT,False,3,,,,
376a158c8f1b36ddfa93,val,꽃,T6 기계변형,q_꽃_10,꽃추천,생활서비스 중 '꽃'을 판매·제공하는 매장,761f7b24-0ee3-455c-a7f3-e20f7dcd6165,꽃마실,꽃,서동시장,전통시장,울산광역시,3.0,3.0,,,RESOLVED_AGREEMENT,False,3,,,,
57d4abd5d75cb63bd93c,val,꽃,T6 기계변형,q_꽃_10,꽃추천,생활서비스 중 '꽃'을 판매·제공하는 매장,84ec2b5f-3ecb-499e-8499-7cd0dd19a4e1,주식회사거천,수산물,북평민속시장(북평민속5일장),전통시장,강원특별자치도,0.0,0.0,,,RESOLVED_AGREEMENT,False,0,,,,
7836722d093091f8efce,val,꽃,T6 기계변형,q_꽃_10,꽃추천,생활서비스 중 '꽃'을 판매·제공하는 매장,00b20e6f-4b2f-410f-984c-b6a206704138,나리화원.꽃,,승달 골목형상점가,골목형상점가,,3.0,3.0,,,RESOLVED_AGREEMENT,False,3,,,,
36e3e970e6063a144461,val,꽃,T6 기계변형,q_꽃_10,꽃추천,생활서비스 중 '꽃'을 판매·제공하는 매장,f906ade2-dc38-4c41-a0ae-18e5ac72c5a4,꽃길,꽃,강진중앙로상가,자율상권구역,전라남도,3.0,3.0,,,RESOLVED_AGREEMENT,False,3,,,,
ecee503ce1a16f290b34,val,꽃,T6 기계변형,q_꽃_10,꽃추천,생활서비스 중 '꽃'을 판매·제공하는 매장,fba2de74-75f0-46b9-a95a-112ee7499d82,아담플라워,화환,월곡달빛오거리골목형상점가,골목형상점가,서울특별시,3.0,3.0,,,RESOLVED_AGREEMENT,False,3,,,,
86b356b9168ca3541017,val,꽃,T6 기계변형,q_꽃_10,꽃추천,생활서비스 중 '꽃'을 판매·제공하는 매장,2ea6559f-65d1-48a6-9086-d6cdf669f5e5,꽃족발,,서부시장,전통시장,대구광역시,3.0,3.0,,,RESOLVED_AGREEMENT,False,3,,,,
ab381e93ce23597c339e,val,꽃,T6 기계변형,q_꽃_10,꽃추천,생활서비스 중 '꽃'을 판매·제공하는 매장,0fdda0b6-8af0-4e6d-9574-2a8b043c0bc0,이플,"꽃집, 꽃배달",담양중앙2번가 골목형상점가,골목형상점가,전라남도,3.0,3.0,,,RESOLVED_AGREEMENT,False,3,,,,
ca9d259990000d1dc2dd,val,꽃,T6 기계변형,q_꽃_10,꽃추천,생활서비스 중 '꽃'을 판매·제공하는 매장,00b610a8-8a8a-4c5e-9e0b-cba5e4d22c93,에덴꽃화원,꽃,태화시장,전통시장,울산광역시,3.0,3.0,,,RESOLVED_AGREEMENT,False,3,,,,
2d6f5d394f62b64c8b6d,val,꽃,T6 기계변형,q_꽃_10,꽃추천,생활서비스 중 '꽃'을 판매·제공하는 매장,01b50703-620e-4976-9b84-a03f2ba9bdcf,메르세드플라워,,관저상가 골목형상점가,골목형상점가,대전광역시,3.0,3.0,,,RESOLVED_AGREEMENT,False,3,,,,
7580ea09f4f417530b2f,val,꽃,T6 기계변형,q_꽃_10,꽃추천,생활서비스 중 '꽃'을 판매·제공하는 매장,824ef76b-ae68-41f6-8d7c-0432343c990f,와우동천,,풍무동1 골목형상점가,골목형상점가,경기도,0.0,0.0,,,RESOLVED_AGREEMENT,False,0,,,,
86eae844d23e2edb787f,val,꽃,T6 기계변형,q_꽃_10,꽃추천,생활서비스 중 '꽃'을 판매·제공하는 매장,868e3a70-b0aa-4ad0-a1e3-10a4310a2e5b,청아온천,,장성읍 골목형상점가,골목형상점가,전라남도,0.0,0.0,,,RESOLVED_AGREEMENT,False,0,,,,
f703fb7d63bfdbf25827,val,꽃,T6 기계변형,q_꽃_10,꽃추천,생활서비스 중 '꽃'을 판매·제공하는 매장,0268ed52-44bd-4e9c-a295-7a64f656640a,양정화원,화원,관고전통시장,전통시장,경기도,3.0,3.0,,,RESOLVED_AGREEMENT,False,3,,,,
2b9eb23cb67bfeaec96f,val,꽃,T6 기계변형,q_꽃_10,꽃추천,생활서비스 중 '꽃'을 판매·제공하는 매장,6549bd5b-225b-4c30-a03b-78537f1a644f,옥천,문구,통영 충무데파트,자율상권구역,경상남도,0.0,0.0,,,RESOLVED_AGREEMENT,False,0,,,,
2883ae12e7127cf7dcc0,val,꽃,T6 기계변형,q_꽃_10,꽃추천,생활서비스 중 '꽃'을 판매·제공하는 매장,2cd0e2ef-c35b-4641-8bc7-9a2e3f5a4da8,꽃까신,의류,서천특화시장,전통시장,충청남도,2.0,3.0,,,P2_GRADED_ONLY,True,,,,,
162081f6e061d289c8e1,val,꽃,T6 기계변형,q_꽃_10,꽃추천,생활서비스 중 '꽃'을 판매·제공하는 매장,02b04299-d64f-4c59-b73c-487d485fff0f,속초꽃집 화사랑플라워,,청학사거리 골목형상점가,골목형상점가,강원특별자치도,3.0,3.0,,,RESOLVED_AGREEMENT,False,3,,,,
294c4df8998258dab4b0,val,꽃,T6 기계변형,q_꽃_10,꽃추천,생활서비스 중 '꽃'을 판매·제공하는 매장,8998d62f-8875-47c9-80f5-c4637b190754,바이천,원단,서문시장2지구 종합상가,전통시장,대구광역시,0.0,0.0,,,RESOLVED_AGREEMENT,False,0,,,,
be0239b931ad7f06518f,val,꽃,T6 기계변형,q_꽃_10,꽃추천,생활서비스 중 '꽃'을 판매·제공하는 매장,6985e359-bb88-47d4-98a7-8977541ecd03,영천,육류,태백시장,전통시장,대구광역시,0.0,0.0,,,RESOLVED_AGREEMENT,False,0,,,,
86f3c84f405ed08be046,val,꽃,T6 기계변형,q_꽃_10,꽃추천,생활서비스 중 '꽃'을 판매·제공하는 매장,04b1ff99-e4e2-47bb-bcae-f7079bd73cae,삼성꽃집,조화,포항죽도시장,전통시장,경상북도,2.0,3.0,,,P2_GRADED_ONLY,True,,,,,
39922a94eeb278e48301,val,꽃,T6 기계변형,q_꽃_10,꽃추천,생활서비스 중 '꽃'을 판매·제공하는 매장,8b1d093a-cc2b-4594-9079-a232b746224a,한알천 본점,한식,원신흥어울림길 골목형상점가,골목형상점가,대전광역시,0.0,0.0,,,RESOLVED_AGREEMENT,False,0,,,,
4848a36415c0b20b7190,val,꽃,T6 기계변형,q_꽃_10,꽃추천,생활서비스 중 '꽃'을 판매·제공하는 매장,81fda61c-9dff-4856-b91d-1bf2f68fd8da,광천,채소,난곡골목형상점가,골목형상점가,서울특별시,0.0,0.0,,,RESOLVED_AGREEMENT,False,0,,,,
c587a85022ded910b506,val,꽃,T6 기계변형,q_꽃_10,꽃추천,생활서비스 중 '꽃'을 판매·제공하는 매장,066a65ee-fe0b-442c-a440-4ce37e296082,화인꽃방,생화조화,김해 동상전통시장,전통시장,경상남도,3.0,3.0,,,RESOLVED_AGREEMENT,False,3,,,,
92f622dfe845d254acb7,val,꽃,T6 기계변형,q_꽃_10,꽃추천,생활서비스 중 '꽃'을 판매·제공하는 매장,fc314ae9-f7a9-47e6-a57a-04449955ec04,영광경기이천,,주문진건어물시장,전통시장,강원특별자치도,,0.0,Y,,P0_UNCERTAIN_OR_MISSING,True,,,,,
ab76694825bd7b07c756,val,꽃,T6 기계변형,q_꽃_10,꽃추천,생활서비스 중 '꽃'을 판매·제공하는 매장,0123cf0c-2929-4bbe-9b13-1354e60a6922,혜오르 플라워(HYEOR FLOWER),생화 및 식물,신창진흥 골목형상점가,골목형상점가,광주광역시,3.0,3.0,,,RESOLVED_AGREEMENT,False,3,,,,
edb7832488212e46a663,val,꽃,T6 기계변형,q_꽃_10,꽃추천,생활서비스 중 '꽃'을 판매·제공하는 매장,c06e4194-a73f-459c-a8fc-0619bdecd097,김씨천,원단,서문시장2지구 종합상가,전통시장,대구광역시,0.0,0.0,,,RESOLVED_AGREEMENT,False,0,,,,
4c560a9727fe095c8852,val,꽃,T6 기계변형,q_꽃_10,꽃추천,생활서비스 중 '꽃'을 판매·제공하는 매장,091b1d69-d4e3-4d8c-9000-1d40f95f50e9,은자씨 플라워,화환,부티크타운 골목형 상점가,골목형상점가,충청남도,3.0,3.0,,,RESOLVED_AGREEMENT,False,3,,,,
06a0f528d5ef9b3a8f4e,val,꽃,T6 기계변형,q_꽃_10,꽃추천,생활서비스 중 '꽃'을 판매·제공하는 매장,ec7e2edc-729f-4d05-8893-4f328f2581e0,헬로천,원단,서문시장2지구 종합상가,전통시장,대구광역시,0.0,0.0,,,RESOLVED_AGREEMENT,False,0,,,,
98b5d0d0a00f3a33d844,val,꽃,T6 기계변형,q_꽃_10,꽃추천,생활서비스 중 '꽃'을 판매·제공하는 매장,08b9f9fd-7584-41c1-ba08-8a0cbb126f18,유플라워,꽃집,달서시장,전통시장,대구광역시,3.0,3.0,,,RESOLVED_AGREEMENT,False,3,,,,
8b3600c8a2602e77b8e2,val,꽃,T6 기계변형,q_꽃_10,꽃추천,생활서비스 중 '꽃'을 판매·제공하는 매장,9fd9bf80-f13f-47fe-a5f0-8417e68b1c88,"꽃, 방",꽃,사가정시장,전통시장,서울특별시,3.0,3.0,,,RESOLVED_AGREEMENT,False,3,,,,
47d1457a4084c98e8929,val,꽃,T6 기계변형,q_꽃_10,꽃추천,생활서비스 중 '꽃'을 판매·제공하는 매장,dc0580f1-013c-4799-869a-7d33c3982c29,소몽당동천,빵류,동천동먹자골목2번가상인회 골목형상점가,골목형상점가,광주광역시,0.0,0.0,,,RESOLVED_AGREEMENT,False,0,,,,
4b15a482e49ff77013ee,val,꽃,T6 기계변형,q_꽃_10,꽃추천,생활서비스 중 '꽃'을 판매·제공하는 매장,046df2a5-89ee-4b7a-8aad-91bdc5272130,향기플라워,,정남진활력의거리 골목형상점가,골목형상점가,,3.0,3.0,,,RESOLVED_AGREEMENT,False,3,,,,
58a067a395c3919d102a,val,꽃,T6 기계변형,q_꽃_10,꽃추천,생활서비스 중 '꽃'을 판매·제공하는 매장,3cb76796-4ed4-4f7c-b826-cdd5e0e7e6ea,구천(九天)포차,,울산대바보사거리 골목형상점가,골목형상점가,울산광역시,,0.0,Y,,P0_UNCERTAIN_OR_MISSING,True,,,,,
57851b793c5728252330,val,꽃,T6 기계변형,q_꽃_10,꽃추천,생활서비스 중 '꽃'을 판매·제공하는 매장,065a7a8c-5299-430a-93b1-257064b5c858,멜리플라워,,의왕가구거리 골목형상점가,골목형상점가,경기도,3.0,3.0,,,RESOLVED_AGREEMENT,False,3,,,,
af3cc84cabfbced54b27,val,꽃,T6 기계변형,q_꽃_10,꽃추천,생활서비스 중 '꽃'을 판매·제공하는 매장,00b13ca2-ef5b-4243-9a38-2de8507a2c21,남촌플라워,생화,용상공설시장,전통시장,경상북도,3.0,3.0,,,RESOLVED_AGREEMENT,False,3,,,,
684338bd4cbbde67099e,val,꽃,T6 기계변형,q_꽃_10,꽃추천,생활서비스 중 '꽃'을 판매·제공하는 매장,01d1c245-a6a7-441a-8977-85303f01e56e,인플라워,생화,유성도안 골목형상점가,골목형상점가,대전광역시,3.0,3.0,,,RESOLVED_AGREEMENT,False,3,,,,
cd5d25d621b7670126b6,val,꽃,T6 기계변형,q_꽃_10,꽃추천,생활서비스 중 '꽃'을 판매·제공하는 매장,f58a6442-0eee-44bf-b722-e979dcf1754d,추천닭갈비 막국수,닭갈비요리,광주캠코앞상인회 골목형상점가,골목형상점가,광주광역시,0.0,0.0,,,RESOLVED_AGREEMENT,False,0,,,,
70dfadc6b632a689085f,val,꽃,T6 기계변형,q_꽃_10,꽃추천,생활서비스 중 '꽃'을 판매·제공하는 매장,a385dc0d-a4a8-49c1-9459-00541d2a357f,진플라워,"생화, 관엽, 동양난, 서양난, 화분, 화환, 꽃배달",문화길 골목형상점가,골목형상점가,세종특별자치시,3.0,3.0,,,RESOLVED_AGREEMENT,False,3,,,,
1acb91d6b0f330a7415d,val,꽃,T6 기계변형,q_꽃_10,꽃추천,생활서비스 중 '꽃'을 판매·제공하는 매장,e51e243f-d69a-465c-80ab-e68e10489120,꽃소풍,꽃,화서시장,전통시장,경기도,3.0,3.0,,,RESOLVED_AGREEMENT,False,3,,,,
4475558a5fd25a19d8f9,val,꽃,T6 기계변형,q_꽃_10,꽃추천,생활서비스 중 '꽃'을 판매·제공하는 매장,65782056-0714-4be9-b6c5-1c5194ef3072,고향산천,농산물,하동 화개장터,전통시장,경상남도,0.0,0.0,,,RESOLVED_AGREEMENT,False,0,,,,
ea074afe4fa7a975557a,val,꽃,T6 기계변형,q_꽃_10,꽃추천,생활서비스 중 '꽃'을 판매·제공하는 매장,b0ca487a-2e12-4bc1-8001-5b25cde85655,형제상회,젓갈,강경젓갈시장,전통시장,충청남도,0.0,0.0,,,RESOLVED_AGREEMENT,False,0,,,,
6c53fa5643dc6e178600,val,꽃,T6 기계변형,q_꽃_11,꽅,생활서비스 중 '꽃'을 판매·제공하는 매장,baf3a7b7-6403-489e-a1d3-aa5c6fbbb3a4,목화제과,빵류,탄방동 골목형상점가,골목형상점가,대전광역시,0.0,0.0,,,RESOLVED_AGREEMENT,False,0,,,,
9775a54cee18820df443,val,꽃,T6 기계변형,q_꽃_11,꽅,생활서비스 중 '꽃'을 판매·제공하는 매장,00afc023-f2e3-417c-b675-42c0a2f682ac,경영꽃집,꽃,유성구암 골목형상점가,골목형상점가,대전광역시,3.0,3.0,,,RESOLVED_AGREEMENT,False,3,,,,
36703544bcb76d7151eb,val,꽃,T6 기계변형,q_꽃_11,꽅,생활서비스 중 '꽃'을 판매·제공하는 매장,0268ed52-44bd-4e9c-a295-7a64f656640a,양정화원,화원,관고전통시장,전통시장,경기도,3.0,3.0,,,RESOLVED_AGREEMENT,False,3,,,,
f846ff741b853bac8f7e,val,꽃,T6 기계변형,q_꽃_11,꽅,생활서비스 중 '꽃'을 판매·제공하는 매장,94019ef1-8bfc-45ea-b8be-7e8b0c7b7b35,남경회수산,"활어회포장, 배달",원대신시장,전통시장,대구광역시,0.0,0.0,,,RESOLVED_AGREEMENT,False,0,,,,
c117e11015074cc3aaba,val,꽃,T6 기계변형,q_꽃_11,꽅,생활서비스 중 '꽃'을 판매·제공하는 매장,0fdda0b6-8af0-4e6d-9574-2a8b043c0bc0,이플,"꽃집, 꽃배달",담양중앙2번가 골목형상점가,골목형상점가,전라남도,3.0,3.0,,,RESOLVED_AGREEMENT,False,3,,,,
3cbd5a51206a9bbf8856,val,꽃,T6 기계변형,q_꽃_11,꽅,생활서비스 중 '꽃'을 판매·제공하는 매장,02b04299-d64f-4c59-b73c-487d485fff0f,속초꽃집 화사랑플라워,,청학사거리 골목형상점가,골목형상점가,강원특별자치도,3.0,3.0,,,RESOLVED_AGREEMENT,False,3,,,,
7b43d15316d8b1592eb0,val,꽃,T6 기계변형,q_꽃_11,꽅,생활서비스 중 '꽃'을 판매·제공하는 매장,2fd6db16-8b47-41d4-b6d9-a1cc57c25343,미리내flowershop,"생화, 조화, 화분, 화환",인동중앙상점가,골목형상점가,경상북도,3.0,3.0,,,RESOLVED_AGREEMENT,False,3,,,,
c79eba846734a90a77f7,val,꽃,T6 기계변형,q_꽃_11,꽅,생활서비스 중 '꽃'을 판매·제공하는 매장,1f222bdb-3022-46ce-9d97-08b9345bf9b7,미담숯불갈비,한식,연향3지구상가,자율상권구역,전라남도,0.0,0.0,,,RESOLVED_AGREEMENT,False,0,,,,
27c7045b11761d979e54,val,꽃,T6 기계변형,q_꽃_11,꽅,생활서비스 중 '꽃'을 판매·제공하는 매장,066a65ee-fe0b-442c-a440-4ce37e296082,화인꽃방,생화조화,김해 동상전통시장,전통시장,경상남도,3.0,3.0,,,RESOLVED_AGREEMENT,False,3,,,,
1cd606a0c12c7d65db9e,val,꽃,T6 기계변형,q_꽃_11,꽅,생활서비스 중 '꽃'을 판매·제공하는 매장,260a3fe5-3242-47c5-a461-efb356d5397d,역전청과,농축수산물,삼척중앙시장,전통시장,강원특별자치도,0.0,0.0,,,RESOLVED_AGREEMENT,False,0,,,,
3b8d8012ef03d2e2069b,val,꽃,T6 기계변형,q_꽃_11,꽅,생활서비스 중 '꽃'을 판매·제공하는 매장,0043469e-66b6-48d0-b7a9-d87c0887cf59,꽃이예쁜집,꽃,장동앞길 골목형상점가,골목형상점가,광주광역시,3.0,3.0,,,RESOLVED_AGREEMENT,False,3,,,,
571806b6075aaf3be68c,val,꽃,T6 기계변형,q_꽃_11,꽅,생활서비스 중 '꽃'을 판매·제공하는 매장,fba2de74-75f0-46b9-a95a-112ee7499d82,아담플라워,화환,월곡달빛오거리골목형상점가,골목형상점가,서울특별시,3.0,3.0,,,RESOLVED_AGREEMENT,False,3,,,,
f655ed9c312151c02679,val,꽃,T6 기계변형,q_꽃_11,꽅,생활서비스 중 '꽃'을 판매·제공하는 매장,cf3f25d4-b24f-4665-a5ea-13a15974d898,오오플라워,화환,삼각지맛길 골목형상점가,골목형상점가,대구광역시,3.0,3.0,,,RESOLVED_AGREEMENT,False,3,,,,
7cf497d2bd8a46f3b01a,val,꽃,T6 기계변형,q_꽃_11,꽅,생활서비스 중 '꽃'을 판매·제공하는 매장,00b610a8-8a8a-4c5e-9e0b-cba5e4d22c93,에덴꽃화원,꽃,태화시장,전통시장,울산광역시,3.0,3.0,,,RESOLVED_AGREEMENT,False,3,,,,
480e2af9d4f394925359,val,꽃,T6 기계변형,q_꽃_11,꽅,생활서비스 중 '꽃'을 판매·제공하는 매장,065a7a8c-5299-430a-93b1-257064b5c858,멜리플라워,,의왕가구거리 골목형상점가,골목형상점가,경기도,3.0,3.0,,,RESOLVED_AGREEMENT,False,3,,,,
bd49679072c5f3225754,val,꽃,T6 기계변형,q_꽃_11,꽅,생활서비스 중 '꽃'을 판매·제공하는 매장,01361075-0980-43ea-8c81-a58d44a604bb,플라워루체,생화,운암북문대로 골목형상점가,골목형상점가,광주광역시,3.0,3.0,,,RESOLVED_AGREEMENT,False,3,,,,
7d4008174513b0387560,val,꽃,T6 기계변형,q_꽃_11,꽅,생활서비스 중 '꽃'을 판매·제공하는 매장,8311a85b-5164-495e-abab-f3b1da7599ea,담주리사진관,사진,담양중앙3번가 골목형상점가,골목형상점가,전라남도,0.0,0.0,,,RESOLVED_AGREEMENT,False,0,,,,
dcf529d8c408a9e201b0,val,꽃,T6 기계변형,q_꽃_11,꽅,생활서비스 중 '꽃'을 판매·제공하는 매장,01d1c245-a6a7-441a-8977-85303f01e56e,인플라워,생화,유성도안 골목형상점가,골목형상점가,대전광역시,3.0,3.0,,,RESOLVED_AGREEMENT,False,3,,,,
1d6a40e638410a2bf028,val,꽃,T6 기계변형,q_꽃_11,꽅,생활서비스 중 '꽃'을 판매·제공하는 매장,723dc401-4220-49e9-9d1b-a877d9d4c94f,연산순수장족발,족발 한식,연산골목시장상점가,자율상권구역,부산광역시,0.0,0.0,,,RESOLVED_AGREEMENT,False,0,,,,
3f173002fc1a6bfcf706,val,꽃,T6 기계변형,q_꽃_11,꽅,생활서비스 중 '꽃'을 판매·제공하는 매장,0393ce95-3e7d-4bb5-8ad3-e5da1199e516,꽃사랑화원,화원,남해 명품화전길 골목형상점가,골목형상점가,경상남도,3.0,3.0,,,RESOLVED_AGREEMENT,False,3,,,,
551cb724ab3926bec827,val,꽃,T6 기계변형,q_꽃_11,꽅,생활서비스 중 '꽃'을 판매·제공하는 매장,006964ff-b2f9-421f-8fa7-f87219c26c0a,블리스블룸,생화,BOCA 보카상점가,골목형상점가,경기도,3.0,3.0,,,RESOLVED_AGREEMENT,False,3,,,,
7c8a344097509c9e2978,val,꽃,T6 기계변형,q_꽃_11,꽅,생활서비스 중 '꽃'을 판매·제공하는 매장,010fea22-a965-4d8e-a805-083042a361ec,니어앤디어Cafe,꽃,상주중앙시장,전통시장,경상북도,3.0,3.0,,,RESOLVED_AGREEMENT,False,3,,,,
35ac72d3b743430ef014,val,꽃,T6 기계변형,q_꽃_11,꽅,생활서비스 중 '꽃'을 판매·제공하는 매장,9b4fc779-b33c-4d82-bee6-9acf7defc3c1,주식회사 두두컴퍼니코리아,배달,자양로13길골목형상점가,골목형상점가,서울특별시,0.0,0.0,,,RESOLVED_AGREEMENT,False,0,,,,
ec7bc864158b209dcff0,val,꽃,T6 기계변형,q_꽃_11,꽅,생활서비스 중 '꽃'을 판매·제공하는 매장,141329da-a3ca-4442-8bd1-c190da2eae9d,참맛,반찬,무안전통시장,전통시장,전라남도,0.0,0.0,,,RESOLVED_AGREEMENT,False,0,,,,
3e7d16d4cec41c80c418,val,꽃,T6 기계변형,q_꽃_11,꽅,생활서비스 중 '꽃'을 판매·제공하는 매장,03de55fd-e04d-4c83-861f-72bd167d8afc,드레스플라워,,대봉모리 골목형상점가,골목형상점가,대구광역시,3.0,3.0,,,RESOLVED_AGREEMENT,False,3,,,,
fab8b2c8b4a1694e6101,val,꽃,T6 기계변형,q_꽃_11,꽅,생활서비스 중 '꽃'을 판매·제공하는 매장,08b9f9fd-7584-41c1-ba08-8a0cbb126f18,유플라워,꽃집,달서시장,전통시장,대구광역시,3.0,3.0,,,RESOLVED_AGREEMENT,False,3,,,,
a516bae87041c7f531d6,val,꽃,T6 기계변형,q_꽃_11,꽅,생활서비스 중 '꽃'을 판매·제공하는 매장,3b1f1ad7-f476-4368-8a38-e387940addf6,보라약국,의약품,창원 사파동성종합상가,전통시장,경상남도,0.0,0.0,,,RESOLVED_AGREEMENT,False,0,,,,
8af23f4fd744389200de,val,꽃,T6 기계변형,q_꽃_11,꽅,생활서비스 중 '꽃'을 판매·제공하는 매장,01b50703-620e-4976-9b84-a03f2ba9bdcf,메르세드플라워,,관저상가 골목형상점가,골목형상점가,대전광역시,3.0,3.0,,,RESOLVED_AGREEMENT,False,3,,,,
ad7f7dce70fa74beeb09,val,꽃,T6 기계변형,q_꽃_11,꽅,생활서비스 중 '꽃'을 판매·제공하는 매장,091b1d69-d4e3-4d8c-9000-1d40f95f50e9,은자씨 플라워,화환,부티크타운 골목형 상점가,골목형상점가,충청남도,3.0,3.0,,,RESOLVED_AGREEMENT,False,3,,,,
fcfb27e1b883d4594a8e,val,꽃,T6 기계변형,q_꽃_11,꽅,생활서비스 중 '꽃'을 판매·제공하는 매장,07e2a120-4803-4634-bd52-ebd7c5433825,슬이네(보떼),조화,고투몰(강남터미널지하도상점가),일반지하상점가,서울특별시,1.0,3.0,,,P1_BINARY_THRESHOLD,True,,,,,
64403298aa7f34f43615,val,꽃,T6 기계변형,q_꽃_11,꽅,생활서비스 중 '꽃'을 판매·제공하는 매장,012ed1bc-d2d6-4dad-8b36-6ad33d367ab2,24시꽃집럭키플라워송도점,생화 식물,송도랜드마크시티 센트럴더샵 골목형상점가,골목형상점가,인천광역시,3.0,3.0,,,RESOLVED_AGREEMENT,False,3,,,,
69e8ea642ee0d286951f,val,꽃,T6 기계변형,q_꽃_11,꽅,생활서비스 중 '꽃'을 판매·제공하는 매장,0087b08e-75d9-4580-98ee-b89a11922c32,전광화원,,장흥시장 골목형상점가,골목형상점가,,3.0,3.0,,,RESOLVED_AGREEMENT,False,3,,,,
df97bac4be80decda617,val,꽃,T6 기계변형,q_꽃_11,꽅,생활서비스 중 '꽃'을 판매·제공하는 매장,046df2a5-89ee-4b7a-8aad-91bdc5272130,향기플라워,,정남진활력의거리 골목형상점가,골목형상점가,,3.0,3.0,,,RESOLVED_AGREEMENT,False,3,,,,
20fe25adcd1593bafe4b,val,꽃,T6 기계변형,q_꽃_11,꽅,생활서비스 중 '꽃'을 판매·제공하는 매장,04c231bf-d3f7-4202-b3a8-d03eb7531853,실버라인,도소매(조화),고투몰(강남터미널지하도상점가),일반지하상점가,서울특별시,1.0,3.0,,,P1_BINARY_THRESHOLD,True,,,,,
ce158d2d187786e9cbf5,val,꽃,T6 기계변형,q_꽃_11,꽅,생활서비스 중 '꽃'을 판매·제공하는 매장,a385dc0d-a4a8-49c1-9459-00541d2a357f,진플라워,"생화, 관엽, 동양난, 서양난, 화분, 화환, 꽃배달",문화길 골목형상점가,골목형상점가,세종특별자치시,3.0,3.0,,,RESOLVED_AGREEMENT,False,3,,,,
60b8087bbbb8a1404c35,val,꽃,T6 기계변형,q_꽃_11,꽅,생활서비스 중 '꽃'을 판매·제공하는 매장,baf3b4f9-f6ec-42c2-851d-e4502b9aed62,고기&도매센터,식육,비아로 골목형상점가,골목형상점가,광주광역시,0.0,0.0,,,RESOLVED_AGREEMENT,False,0,,,,
3e2cf5864994b78e491d,val,꽃,T6 기계변형,q_꽃_11,꽅,생활서비스 중 '꽃'을 판매·제공하는 매장,0e5a591b-cc1f-4529-9593-c68d305729a6,꼬슬란꽃집,소매(화원),가평잣고을시장,전통시장,경기도,3.0,3.0,,,RESOLVED_AGREEMENT,False,3,,,,
97f3bf0481c8b2673e7f,val,꽃,T6 기계변형,q_꽃_11,꽅,생활서비스 중 '꽃'을 판매·제공하는 매장,139f6d68-83b9-40cc-8339-120b154b8714,이딜리크,꽃집,월평1동 상인연합회,골목형상점가,대전광역시,3.0,3.0,,,RESOLVED_AGREEMENT,False,3,,,,
39c6aaa01b33c7429692,val,꽃,T6 기계변형,q_꽃_11,꽅,생활서비스 중 '꽃'을 판매·제공하는 매장,00b13ca2-ef5b-4243-9a38-2de8507a2c21,남촌플라워,생화,용상공설시장,전통시장,경상북도,3.0,3.0,,,RESOLVED_AGREEMENT,False,3,,,,
21e9bbe34bfaeaf08b8e,val,꽃,T6 기계변형,q_꽃_11,꽅,생활서비스 중 '꽃'을 판매·제공하는 매장,070a949c-b89d-4ccf-8e63-1743372657bf,조경나라,조화,고투몰(강남터미널지하도상점가),일반지하상점가,서울특별시,1.0,3.0,,,P1_BINARY_THRESHOLD,True,,,,,
7b8ff985452a4b63772f,val,꽃,T6 기계변형,q_꽃_11,꽅,생활서비스 중 '꽃'을 판매·제공하는 매장,00046925-dcb7-4796-8c1e-0de154aa3825,가든꽃화원,생화,전주풍남문상점가,자율상권구역,전북특별자치도,3.0,3.0,,,RESOLVED_AGREEMENT,False,3,,,,
4fda85ba356cd7b90c64,val,꽃,T6 기계변형,q_꽃_11,꽅,생활서비스 중 '꽃'을 판매·제공하는 매장,0dc54a43-0aee-4fcb-939d-b0f59e5b1b25,금원꽃집,,송강동 골목형상점가,골목형상점가,대전광역시,3.0,3.0,,,RESOLVED_AGREEMENT,False,3,,,,
d174220e622f4908495f,val,꽃,T6 기계변형,q_꽃_11,꽅,생활서비스 중 '꽃'을 판매·제공하는 매장,001b5693-72ee-4677-9cdb-39117fbc932a,로사리움,꽃,첨단지구 골목형상점가,골목형상점가,광주광역시,3.0,3.0,,,RESOLVED_AGREEMENT,False,3,,,,
bd92e92e3eefa43ce690,val,꽃,T6 기계변형,q_꽃_11,꽅,생활서비스 중 '꽃'을 판매·제공하는 매장,00b20e6f-4b2f-410f-984c-b6a206704138,나리화원.꽃,,승달 골목형상점가,골목형상점가,,3.0,3.0,,,RESOLVED_AGREEMENT,False,3,,,,
4e395708fba3c4e7428b,val,꽃,T6 기계변형,q_꽃_11,꽅,생활서비스 중 '꽃'을 판매·제공하는 매장,359df784-64ca-44d9-843d-119b126f095a,서산헬퍼,배달,서산동부전통시장,전통시장,충청남도,0.0,0.0,,,RESOLVED_AGREEMENT,False,0,,,,
0eb48af0f9423a499093,val,꽃,T6 기계변형,q_꽃_11,꽅,생활서비스 중 '꽃'을 판매·제공하는 매장,04b1ff99-e4e2-47bb-bcae-f7079bd73cae,삼성꽃집,조화,포항죽도시장,전통시장,경상북도,2.0,3.0,,,P2_GRADED_ONLY,True,,,,,
5955f9dffbea963bb3b1,val,꽃,T6 기계변형,q_꽃_11,꽅,생활서비스 중 '꽃'을 판매·제공하는 매장,0123cf0c-2929-4bbe-9b13-1354e60a6922,혜오르 플라워(HYEOR FLOWER),생화 및 식물,신창진흥 골목형상점가,골목형상점가,광주광역시,3.0,3.0,,,RESOLVED_AGREEMENT,False,3,,,,
5cede1e82dc1a85deb29,val,문구,T1 정확표기,q_문구_01,문구,생활·마트 중 '문구'를 판매·제공하는 매장,e9c38824-9001-4bee-a130-49975cc44dfd,번영문구,문구,개봉입구골목상가 골목형상점가,골목형상점가,서울특별시,3.0,3.0,,,RESOLVED_AGREEMENT,False,3,,,,
5879f2f2905d8e776887,val,문구,T1 정확표기,q_문구_01,문구,생활·마트 중 '문구'를 판매·제공하는 매장,25c6e190-e88c-4273-a766-fe0a5b02662f,우리문구,문구,원통시장,전통시장,강원특별자치도,3.0,3.0,,,RESOLVED_AGREEMENT,False,3,,,,
704ab94b962e6dd3cd7c,val,문구,T1 정확표기,q_문구_01,문구,생활·마트 중 '문구'를 판매·제공하는 매장,fe4b6429-d32d-4589-9e3e-f4c09b1aa2a2,친선문구,문구,금촌명동로시장,전통시장,경기도,3.0,3.0,,,RESOLVED_AGREEMENT,False,3,,,,
1f2e07fb74f7ab891663,val,문구,T1 정확표기,q_문구_01,문구,생활·마트 중 '문구'를 판매·제공하는 매장,97fedbc5-f227-40ae-b351-f035ffcf754f,문정문구,문구,문흥1동 골목형상점가,골목형상점가,광주광역시,3.0,3.0,,,RESOLVED_AGREEMENT,False,3,,,,
60693d3a85a891cbb44e,val,문구,T1 정확표기,q_문구_01,문구,생활·마트 중 '문구'를 판매·제공하는 매장,6e628890-7ce7-46d2-8056-f6fcb8615559,한국문구,문구,중앙종합시장,전통시장,대전광역시,3.0,3.0,,,RESOLVED_AGREEMENT,False,3,,,,
433a3a8ce5bff71f19c4,val,문구,T1 정확표기,q_문구_01,문구,생활·마트 중 '문구'를 판매·제공하는 매장,45a08ed7-71ff-4fd7-b55f-0b0d79cd4c3a,알파문구,문구,인제시장,전통시장,강원특별자치도,3.0,3.0,,,RESOLVED_AGREEMENT,False,3,,,,
09009998fd4cdb99ce39,val,문구,T1 정확표기,q_문구_01,문구,생활·마트 중 '문구'를 판매·제공하는 매장,8fad454e-9f56-47bf-8769-0f2b6a2c41ff,대림문구,문구,대림중앙시장,전통시장,서울특별시,3.0,3.0,,,RESOLVED_AGREEMENT,False,3,,,,
95a03f72fe4f18952ccf,val,문구,T1 정확표기,q_문구_01,문구,생활·마트 중 '문구'를 판매·제공하는 매장,0b4bdfd4-7ffe-4bef-8a0a-a9a3ae1e54be,펀앤북,서점,광주역 복개로 골목형상점가,골목형상점가,광주광역시,1.0,2.0,,,P1_BINARY_THRESHOLD,True,,,,,
14b9ab901007fb7011c1,val,문구,T1 정확표기,q_문구_01,문구,생활·마트 중 '문구'를 판매·제공하는 매장,8fb5b7e8-24cf-49b6-8d79-7e10c34c5005,우성문구,문구,임방울거리2구역 골목형상점가,골목형상점가,광주광역시,3.0,3.0,,,RESOLVED_AGREEMENT,False,3,,,,
e90be070d5f21bc2a0de,val,문구,T1 정확표기,q_문구_01,문구,생활·마트 중 '문구'를 판매·제공하는 매장,14e71015-6ca8-4e99-8be3-a6d85f8f4dc7,행복한서점 이동점,서점,포항 대이상가 골목형상점가,골목형상점가,경상북도,1.0,2.0,,,P1_BINARY_THRESHOLD,True,,,,,
80a246de60bcd1f62fc0,val,문구,T1 정확표기,q_문구_01,문구,생활·마트 중 '문구'를 판매·제공하는 매장,001e2bb1-a72f-4696-8728-00fa66173e9e,문창문구,문구용품,창선상가,전통시장,부산광역시,3.0,3.0,,,RESOLVED_AGREEMENT,False,3,,,,
b91ff68ba9fabbf8bbad,val,문구,T1 정확표기,q_문구_01,문구,생활·마트 중 '문구'를 판매·제공하는 매장,900e4b7d-8cae-4e33-a3eb-4d5fd0d25316,서변문구,문구,서변중앙시장,전통시장,대구광역시,3.0,3.0,,,RESOLVED_AGREEMENT,False,3,,,,
20d5c09627e53ea1a2a0,val,문구,T1 정확표기,q_문구_01,문구,생활·마트 중 '문구'를 판매·제공하는 매장,f0946706-5a15-4b67-91af-d259d532df2f,황금회수산,활어회,고척근린시장,전통시장,서울특별시,0.0,0.0,,,RESOLVED_AGREEMENT,False,0,,,,
9c58094f2321e8e88e93,val,문구,T1 정확표기,q_문구_01,문구,생활·마트 중 '문구'를 판매·제공하는 매장,65524fe3-c0b2-4802-b998-34503b9e9bcf,미래문구,문구,배방상점가,자율상권구역,충청남도,3.0,3.0,,,RESOLVED_AGREEMENT,False,3,,,,
af6a06a8f27a57d14fa4,val,문구,T1 정확표기,q_문구_01,문구,생활·마트 중 '문구'를 판매·제공하는 매장,75af2190-529d-401e-890a-beb00131584f,프롬,문구,백년소상공인,기타,경기도,3.0,3.0,,,RESOLVED_AGREEMENT,False,3,,,,
6d008084f30d1eff69d8,val,문구,T1 정확표기,q_문구_01,문구,생활·마트 중 '문구'를 판매·제공하는 매장,022101db-07cf-4546-b3cf-183a54f16b56,삼양마크사,"문구, 잡화",충장로45가 상점가,자율상권구역,광주광역시,3.0,3.0,,,RESOLVED_AGREEMENT,False,3,,,,
c5acfd7fa6c27d04cb7d,val,문구,T1 정확표기,q_문구_01,문구,생활·마트 중 '문구'를 판매·제공하는 매장,56a66e3d-058d-4935-b37d-d2cb591fcf8e,무지개문구,문구,농성세대공감상인회 골목형상점가,골목형상점가,광주광역시,3.0,3.0,,,RESOLVED_AGREEMENT,False,3,,,,
64a41644e973cac8c7d8,val,문구,T1 정확표기,q_문구_01,문구,생활·마트 중 '문구'를 판매·제공하는 매장,16e1e152-d86b-460a-8d2c-d937d6f6f45a,머리하는날,미용,아랫장,전통시장,전라남도,0.0,0.0,,,RESOLVED_AGREEMENT,False,0,,,,
d51db72b6af6523fa3a6,val,문구,T1 정확표기,q_문구_01,문구,생활·마트 중 '문구'를 판매·제공하는 매장,3b9d123f-bdd6-48a4-93f1-c130ac594101,타요타요 문구,문구,"일곡동(제7지역:대림1,현대2,진로,대우,한일)",골목형상점가,광주광역시,3.0,3.0,,,RESOLVED_AGREEMENT,False,3,,,,
decb9ed9506f61820421,val,문구,T1 정확표기,q_문구_01,문구,생활·마트 중 '문구'를 판매·제공하는 매장,71041e2a-1089-48b7-aeca-510cb42124f2,대광공예문구,"공에품, 문구",북동 골목형상점가,골목형상점가,광주광역시,3.0,3.0,,,RESOLVED_AGREEMENT,False,3,,,,
e12d84deab7f7ee1661a,val,문구,T1 정확표기,q_문구_01,문구,생활·마트 중 '문구'를 판매·제공하는 매장,ffe5acb3-447e-4431-ab76-b4d97bd3a482,별무리,문구,아리랑거리,전통시장,부산광역시,3.0,3.0,,,RESOLVED_AGREEMENT,False,3,,,,
6f6787bdee439057443f,val,문구,T1 정확표기,q_문구_01,문구,생활·마트 중 '문구'를 판매·제공하는 매장,8f2a6e10-c30d-43b5-8f21-cd9225401a3d,에스지(SG)갤러리,"가구, 의류",용인어정가구단지상점가,자율상권구역,경기도,0.0,0.0,,,RESOLVED_AGREEMENT,False,0,,,,
d2d6f8f08a0b7017e8f7,val,문구,T1 정확표기,q_문구_01,문구,생활·마트 중 '문구'를 판매·제공하는 매장,b0f1bcd2-5a15-4085-9ba3-0425abb81cd1,현대문구,문구,제2경주중심상가시장(경주봉황중심상가시장),전통시장,경상북도,3.0,3.0,,,RESOLVED_AGREEMENT,False,3,,,,
3655016c6f191d96a652,val,문구,T1 정확표기,q_문구_01,문구,생활·마트 중 '문구'를 판매·제공하는 매장,27d9f649-80f5-45fa-a068-4584b68e04e7,레츠고경동협동조합,문방구 및 야시장 운영,경동시장,전통시장,서울특별시,3.0,3.0,,,RESOLVED_AGREEMENT,False,3,,,,
69cb61a8355a66b3e79c,val,문구,T1 정확표기,q_문구_01,문구,생활·마트 중 '문구'를 판매·제공하는 매장,bb04ad75-71c0-4e46-bae2-41cb208794f6,예문사,문구,명덕마을 골목형상점가,골목형상점가,울산광역시,3.0,3.0,,,RESOLVED_AGREEMENT,False,3,,,,
0b935649171c6dad29f3,val,문구,T1 정확표기,q_문구_01,문구,생활·마트 중 '문구'를 판매·제공하는 매장,8ed96dd7-7ac5-4dc4-b11e-433b4de41123,창성문구,문구,속초중앙전통시장,전통시장,강원특별자치도,3.0,3.0,,,RESOLVED_AGREEMENT,False,3,,,,
585cb28efc1c6a50308c,val,문구,T1 정확표기,q_문구_01,문구,생활·마트 중 '문구'를 판매·제공하는 매장,0116d1e6-1e97-4150-b153-e21e3c62cef4,샘솟네완구,문구,양평물맑은시장,전통시장,경기도,3.0,3.0,,,RESOLVED_AGREEMENT,False,3,,,,
d7262724e2ff527b47b9,val,문구,T1 정확표기,q_문구_01,문구,생활·마트 중 '문구'를 판매·제공하는 매장,008ab588-6383-4a08-8fdc-b76678a155dc,모든오피스 분당점,문구제본사무용품,분당우성시장,전통시장,경기도,3.0,3.0,,,RESOLVED_AGREEMENT,False,3,,,,
22d3f5e080c9148e61ec,val,문구,T1 정확표기,q_문구_01,문구,생활·마트 중 '문구'를 판매·제공하는 매장,082b71b1-ffca-4658-9ee3-0470cdd3e87a,대동문구,문구,부산자유시장,전통시장,부산광역시,3.0,3.0,,,RESOLVED_AGREEMENT,False,3,,,,
6408cbb657d6d52f9623,val,문구,T1 정확표기,q_문구_01,문구,생활·마트 중 '문구'를 판매·제공하는 매장,5e03cd5b-e7be-4dff-8537-2dd069d103a6,민정반찬,반찬,답십리시장,전통시장,서울특별시,0.0,0.0,,,RESOLVED_AGREEMENT,False,0,,,,
f932ad73f2a2d9c0be9f,val,문구,T1 정확표기,q_문구_01,문구,생활·마트 중 '문구'를 판매·제공하는 매장,8bf6b3b1-7e7b-41c9-a8b2-012f571b43d5,큰별문구,문구,큰별초 골목형상점가,골목형상점가,광주광역시,3.0,3.0,,,RESOLVED_AGREEMENT,False,3,,,,
1fed79440dff5ce63af3,val,문구,T1 정확표기,q_문구_01,문구,생활·마트 중 '문구'를 판매·제공하는 매장,2f2ffafb-05d5-460b-b74c-c90d6e47b77b,신가문구,문구,신가동 골목형상점가,골목형상점가,광주광역시,3.0,3.0,,,RESOLVED_AGREEMENT,False,3,,,,
141a746c0151827aedb7,val,문구,T1 정확표기,q_문구_01,문구,생활·마트 중 '문구'를 판매·제공하는 매장,435a9bb4-4b7b-4662-9f8b-d0a6001f3cfc,대도문구,문구,남성사계시장,전통시장,서울특별시,3.0,3.0,,,RESOLVED_AGREEMENT,False,3,,,,
1ba2d1ecfebb98b58e6f,val,문구,T1 정확표기,q_문구_01,문구,생활·마트 중 '문구'를 판매·제공하는 매장,69be9b74-b5b9-4f7a-8a00-f7b185bc7d4c,일진문구,문구,송정중앙 골목형상점가,골목형상점가,광주광역시,3.0,3.0,,,RESOLVED_AGREEMENT,False,3,,,,
841772ef01847b0ac126,val,문구,T1 정확표기,q_문구_01,문구,생활·마트 중 '문구'를 판매·제공하는 매장,cf9511fa-450f-4813-b8a7-f71d12562df3,해수기네 군것질,오징어,해운대시장,전통시장,부산광역시,0.0,0.0,,,RESOLVED_AGREEMENT,False,0,,,,
0cd962036e5390bbe89e,val,문구,T1 정확표기,q_문구_01,문구,생활·마트 중 '문구'를 판매·제공하는 매장,cb6bed09-644a-4b8b-b9a3-3d6a77f19467,면일문구,문구,동원전통종합시장,전통시장,서울특별시,3.0,3.0,,,RESOLVED_AGREEMENT,False,3,,,,
bfe8763a2d8cbd3d768c,val,문구,T1 정확표기,q_문구_01,문구,생활·마트 중 '문구'를 판매·제공하는 매장,c74d8dbf-cc3c-4a55-a196-68dd9d066787,조이문구,문구,운남더존 골목형상점가,골목형상점가,광주광역시,3.0,3.0,,,RESOLVED_AGREEMENT,False,3,,,,
bd64b2931fa755966604,val,문구,T1 정확표기,q_문구_01,문구,생활·마트 중 '문구'를 판매·제공하는 매장,0961cd03-6452-4d93-bd01-6a4d0bd92f5b,첨단임마누엘서점 임마누엘분식,서점문구분식,첨단부영 골목형상점가,골목형상점가,광주광역시,3.0,3.0,,,RESOLVED_AGREEMENT,False,3,,,,
ded7b0514fea673f29a8,val,문구,T1 정확표기,q_문구_01,문구,생활·마트 중 '문구'를 판매·제공하는 매장,6e40353a-f1fd-443e-aa1a-46ef23f3b1ad,문구나라,문구,대성상가 골목형상점가,골목형상점가,부산광역시,3.0,3.0,,,RESOLVED_AGREEMENT,False,3,,,,
ee0be6ab1d5a56feed9f,val,문구,T1 정확표기,q_문구_01,문구,생활·마트 중 '문구'를 판매·제공하는 매장,6899eaa3-047d-4787-8044-371766cd162f,영재문구,문구,월드상가골목형상점가,골목형상점가,인천광역시,3.0,3.0,,,RESOLVED_AGREEMENT,False,3,,,,
81a48ac281b919078adc,val,문구,T1 정확표기,q_문구_01,문구,생활·마트 중 '문구'를 판매·제공하는 매장,755783c5-f128-4b55-b221-bdef28978c4e,사랑문구,문구,인후동1가 골목형상점가,골목형상점가,전북특별자치도,3.0,3.0,,,RESOLVED_AGREEMENT,False,3,,,,
d67b6d5444f4c287e532,val,문구,T1 정확표기,q_문구_01,문구,생활·마트 중 '문구'를 판매·제공하는 매장,816b1d1d-7525-4175-a514-0a1c9bfac075,다보문구 일,문구,슬로시티창평 골목형상점가,골목형상점가,전라남도,3.0,3.0,,,RESOLVED_AGREEMENT,False,3,,,,
191a75428c4189863e78,val,문구,T1 정확표기,q_문구_01,문구,생활·마트 중 '문구'를 판매·제공하는 매장,c1b563a3-cd93-40c4-8a51-87a1f9e39cfd,조양문구,문구,동대문문구완구거리,자율상권구역,서울특별시,3.0,3.0,,,RESOLVED_AGREEMENT,False,3,,,,
ef3aa706e52635de9bec,val,문구,T1 정확표기,q_문구_01,문구,생활·마트 중 '문구'를 판매·제공하는 매장,6549bd5b-225b-4c30-a03b-78537f1a644f,옥천,문구,통영 충무데파트,자율상권구역,경상남도,3.0,3.0,,,RESOLVED_AGREEMENT,False,3,,,,
db8ec6dbfb93489d1bc5,val,문구,T1 정확표기,q_문구_01,문구,생활·마트 중 '문구'를 판매·제공하는 매장,b701dd45-14ee-4f50-82c2-8dc9beaa62a8,영아트문구,문구,석적로강변 골목형상점가,골목형상점가,경상북도,3.0,3.0,,,RESOLVED_AGREEMENT,False,3,,,,
5dfde4ffc298e0e48680,val,문구,T1 정확표기,q_문구_01,문구,생활·마트 중 '문구'를 판매·제공하는 매장,e973721b-55ae-41a8-9d5c-3130aa13eb9b,신기문구,문구,주월1동회재로 골목형상점가,골목형상점가,광주광역시,3.0,3.0,,,RESOLVED_AGREEMENT,False,3,,,,
666d14ae3dcfe1ffb278,val,문구,T1 정확표기,q_문구_01,문구,생활·마트 중 '문구'를 판매·제공하는 매장,f67e4037-494a-4cea-93dc-f02d56aacdef,화원문구,문구,수원영동시장,전통시장,경기도,3.0,3.0,,,RESOLVED_AGREEMENT,False,3,,,,
f02508c74b8d81e3bd8b,val,문구,T1 정확표기,q_문구_01,문구,생활·마트 중 '문구'를 판매·제공하는 매장,19489be8-6d07-4420-b470-2789da78c6c2,롯데서점,문구,롯데 리치빌골목형상점가,골목형상점가,대전광역시,3.0,3.0,,,RESOLVED_AGREEMENT,False,3,,,,
7082528f978a04649f1c,val,문구,T1 정확표기,q_문구_01,문구,생활·마트 중 '문구'를 판매·제공하는 매장,00f27b43-2d95-45b2-8e80-16eb91994002,비앤비기프트,"문구, 판촉물",김포중앙시장,전통시장,경기도,3.0,3.0,,,RESOLVED_AGREEMENT,False,3,,,,
3f00d8992dbe682a169b,val,문구,T1 정확표기,q_문구_01,문구,생활·마트 중 '문구'를 판매·제공하는 매장,e592cb26-433c-4869-aebd-84347df0ad67,신창문구,문구,부산국제시장,전통시장,부산광역시,3.0,3.0,,,RESOLVED_AGREEMENT,False,3,,,,
caeadce240d3d066a4bc,val,문구,T1 정확표기,q_문구_01,문구,생활·마트 중 '문구'를 판매·제공하는 매장,6412e193-2f9d-4a8e-88bb-8ab9616c4755,연일문구,문구,연일시장,전통시장,부산광역시,3.0,3.0,,,RESOLVED_AGREEMENT,False,3,,,,
88a7243d09258deaabc3,val,문구,T1 정확표기,q_문구_01,문구,생활·마트 중 '문구'를 판매·제공하는 매장,2254369e-2dd6-4f91-9b3d-5e4d3e7a5927,오뚜기. 문구. 완구,문구,상대원1동 해피마을 골목형상점가,골목형상점가,경기도,3.0,3.0,,,RESOLVED_AGREEMENT,False,3,,,,
604f13aa5cad2eb3bf63,val,문구,T1 정확표기,q_문구_01,문구,생활·마트 중 '문구'를 판매·제공하는 매장,1f97beae-6200-4322-9444-b6ecdfbff6cb,알파문구,문구,순헌황귀비길 골목형상점가,골목형상점가,서울특별시,3.0,3.0,,,RESOLVED_AGREEMENT,False,3,,,,
da28f8437034d690f643,val,문구,T1 정확표기,q_문구_01,문구,생활·마트 중 '문구'를 판매·제공하는 매장,818fe3f5-787b-4d56-b380-f2fb96f5a2d6,알파문구,문구,담양중앙 골목형상점가,골목형상점가,전라남도,3.0,3.0,,,RESOLVED_AGREEMENT,False,3,,,,
81b20e7982d4d7a5e8c4,val,문구,T1 정확표기,q_문구_01,문구,생활·마트 중 '문구'를 판매·제공하는 매장,a04ed0df-1df4-46e3-96c5-7d8618942cf4,치평문구,문구,치평동아파트연합상인회 골목형상점가,골목형상점가,광주광역시,3.0,3.0,,,RESOLVED_AGREEMENT,False,3,,,,
5948010f742fc79c9ce6,val,문구,T1 정확표기,q_문구_01,문구,생활·마트 중 '문구'를 판매·제공하는 매장,3d50695b-325d-4273-8da1-2c62277b16fe,영신문구,문구,포항죽도시장,전통시장,경상북도,3.0,3.0,,,RESOLVED_AGREEMENT,False,3,,,,
d866f9d1fc288177e24b,val,문구,T1 정확표기,q_문구_01,문구,생활·마트 중 '문구'를 판매·제공하는 매장,f1284ffb-39ff-4fed-b371-7972c3b6cd96,임대장 대전둔산점,돼지고기,둔산2동 골목형상점가,골목형상점가,대전광역시,0.0,0.0,,,RESOLVED_AGREEMENT,False,0,,,,
bc96e1d30bd6c8c989a2,val,문구,T1 정확표기,q_문구_01,문구,생활·마트 중 '문구'를 판매·제공하는 매장,c1eee847-a4df-4cb1-9411-1e04e10ed0cf,뚜레쥬르 광주서방점,제과점업,풍향골 골목형상점가,골목형상점가,광주광역시,0.0,0.0,,,RESOLVED_AGREEMENT,False,0,,,,
86991cd02481d3711cc4,val,문구,T1 정확표기,q_문구_01,문구,생활·마트 중 '문구'를 판매·제공하는 매장,281e7a67-f626-4496-a83d-d1308678821d,제일문구,문구,전북대대학로상점가,자율상권구역,전북특별자치도,3.0,3.0,,,RESOLVED_AGREEMENT,False,3,,,,
1ca28927e1119ae0ce6a,val,문구,T1 정확표기,q_문구_01,문구,생활·마트 중 '문구'를 판매·제공하는 매장,dae8be7e-aa2d-4c4d-86a3-5f39a47cb728,천전문구,문구,진주 동성상가,전통시장,경상남도,3.0,3.0,,,RESOLVED_AGREEMENT,False,3,,,,
6d7fd7c2e7f175746ad8,val,문구,T1 정확표기,q_문구_01,문구,생활·마트 중 '문구'를 판매·제공하는 매장,193f3a3b-a731-4017-a3de-49f7ccff1a26,미화문방구,문방구,거제 능포 골목형상점가,골목형상점가,경상남도,3.0,3.0,,,RESOLVED_AGREEMENT,False,3,,,,
889d568713b32143fd8d,val,문구,T1 정확표기,q_문구_01,문구,생활·마트 중 '문구'를 판매·제공하는 매장,12ba48f5-e450-4575-a5ba-5051298d3b4e,문구클럽,문구,옥련시장,전통시장,인천광역시,3.0,3.0,,,RESOLVED_AGREEMENT,False,3,,,,
9d3d5d64865e25544a9a,val,문구,T1 정확표기,q_문구_01,문구,생활·마트 중 '문구'를 판매·제공하는 매장,036bd4c0-772b-4e73-9bad-f87f54783c77,상록수 서점문구,"서적, 문구",양주신산시장마을상점가,골목형상점가,경기도,3.0,3.0,,,RESOLVED_AGREEMENT,False,3,,,,
93cf959b0bed9e921655,val,문구,T1 정확표기,q_문구_01,문구,생활·마트 중 '문구'를 판매·제공하는 매장,36a37486-d600-4475-b0d3-d1c379c4d8c7,온천문구,문구,온양온천역 골목형 상점가,골목형상점가,충청남도,3.0,3.0,,,RESOLVED_AGREEMENT,False,3,,,,
00464c3666f742fa8d27,val,문구,T1 정확표기,q_문구_01,문구,생활·마트 중 '문구'를 판매·제공하는 매장,33799bee-3a18-41ff-b740-90c48c2983c9,성포문방구,,거제 성포 골목형상점가,골목형상점가,경상남도,3.0,3.0,,,RESOLVED_AGREEMENT,False,3,,,,
1e5778888b1b990ff9ac,val,문구,T1 정확표기,q_문구_01,문구,생활·마트 중 '문구'를 판매·제공하는 매장,19a2452d-b31f-498a-9d66-4291822d8aaa,해녀김밥본점,한식,함덕4구상점가,골목형상점가,제주특별자치도,0.0,0.0,,,RESOLVED_AGREEMENT,False,0,,,,
1240bc141a79a5dc79d5,val,문구,T1 정확표기,q_문구_01,문구,생활·마트 중 '문구'를 판매·제공하는 매장,0082c797-13a0-4f77-a6cc-f608ac85460a,펜공주,문구,상계주공15단지상가,기타,서울특별시,3.0,3.0,,,RESOLVED_AGREEMENT,False,3,,,,
4ebb13383f97d469eae4,val,문구,T1 정확표기,q_문구_01,문구,생활·마트 중 '문구'를 판매·제공하는 매장,04961d72-f5b3-4605-86f3-8130ded3e312,본도시락성서점,,성서우방 골목형상점가,골목형상점가,대구광역시,1.0,2.0,,,P1_BINARY_THRESHOLD,True,,,,,
034581e54301819d29da,val,문구,T1 정확표기,q_문구_01,문구,생활·마트 중 '문구'를 판매·제공하는 매장,01d28297-9af9-4727-b3cf-00beb7650771,오뚜기문구,문방구,현대시장,전통시장,인천광역시,3.0,3.0,,,RESOLVED_AGREEMENT,False,3,,,,
25233f0f865b8af297de,val,문구,T1 정확표기,q_문구_01,문구,생활·마트 중 '문구'를 판매·제공하는 매장,2411b823-b5a9-4b8a-b87e-0428f66a8d14,영재문구,문구,세종대평시장,전통시장,세종특별자치시,3.0,3.0,,,RESOLVED_AGREEMENT,False,3,,,,
f0e9a4b3963b629fea98,val,문구,T1 정확표기,q_문구_01,문구,생활·마트 중 '문구'를 판매·제공하는 매장,6dec4f14-d8d5-406a-914d-eaa3f5d217ce,오피스디포 세종청사점,문방구,가름로 골목형상점가,골목형상점가,세종특별자치시,3.0,3.0,,,RESOLVED_AGREEMENT,False,3,,,,
973fdd99a7f2adc3bdc6,val,문구,T1 정확표기,q_문구_01,문구,생활·마트 중 '문구'를 판매·제공하는 매장,c5c618df-d4dd-4202-b0f5-ef3cf006bdfc,풍성문구,문구,자양로13길골목형상점가,골목형상점가,서울특별시,3.0,3.0,,,RESOLVED_AGREEMENT,False,3,,,,
d1837faa423815f42633,val,문구,T1 정확표기,q_문구_01,문구,생활·마트 중 '문구'를 판매·제공하는 매장,0a55ce53-29fe-42e8-8305-303701bbf348,무주서점,서점,무주반딧불상권활성화구역,상권활성화구역,전북특별자치도,1.0,2.0,,,P1_BINARY_THRESHOLD,True,,,,,
10aafe852f76c008911b,val,문구,T1 정확표기,q_문구_01,문구,생활·마트 중 '문구'를 판매·제공하는 매장,fc514f19-1cfe-4f94-84ec-1214584671b1,문구마트,문구,상도도깨비골목형상점가,골목형상점가,서울특별시,3.0,3.0,,,RESOLVED_AGREEMENT,False,3,,,,
06b4c623d68042da93b2,val,문구,T1 정확표기,q_문구_01,문구,생활·마트 중 '문구'를 판매·제공하는 매장,77ec1b74-c6dd-44db-a8da-7c13ac8d3c9d,알파문구,문구,단국대 앞 골목형상점가,골목형상점가,경기도,3.0,3.0,,,RESOLVED_AGREEMENT,False,3,,,,
1ac3533d3b44e4402cf7,val,문구,T1 정확표기,q_문구_01,문구,생활·마트 중 '문구'를 판매·제공하는 매장,95393299-3adf-432f-9fb9-e954a5affdcc,무등문구,문구 완구,화정한울타리상인회 골목형상점가,골목형상점가,광주광역시,3.0,3.0,,,RESOLVED_AGREEMENT,False,3,,,,
c8fd59e350c1c00477a3,val,문구,T1 정확표기,q_문구_01,문구,생활·마트 중 '문구'를 판매·제공하는 매장,010382b4-561d-43c7-848c-cdfed4f4d93d,문성당서점,서적 교육용씨디 비디오 문구 자료처리,부안석정 골목형상점가,골목형상점가,전북특별자치도,3.0,3.0,,,RESOLVED_AGREEMENT,False,3,,,,
25772a93555878daaec3,val,문구,T2 동의어,q_문구_02,문구점,생활·마트 중 '문구'를 판매·제공하는 매장,fc514f19-1cfe-4f94-84ec-1214584671b1,문구마트,문구,상도도깨비골목형상점가,골목형상점가,서울특별시,3.0,3.0,,,RESOLVED_AGREEMENT,False,3,,,,
c01548bf7c3d0fb97ddd,val,문구,T2 동의어,q_문구_02,문구점,생활·마트 중 '문구'를 판매·제공하는 매장,22e721d8-a90a-4661-876d-1a5e1894cebc,미미문구점,문구점,1913송정역시장,전통시장,광주광역시,3.0,3.0,,,RESOLVED_AGREEMENT,False,3,,,,
ce331a6b69b20f31b9a7,val,문구,T2 동의어,q_문구_02,문구점,생활·마트 중 '문구'를 판매·제공하는 매장,80a84304-9e82-4d92-8509-a8a87e7789b1,문화사,문구,부평 문화의거리,전통시장,인천광역시,3.0,3.0,,,RESOLVED_AGREEMENT,False,3,,,,
58884a2a47114360334f,val,문구,T2 동의어,q_문구_02,문구점,생활·마트 중 '문구'를 판매·제공하는 매장,70a49ecf-6e99-45f1-a961-67d9d5f956ab,알앤비문구 선운점,문구점,선운 골목형상점가,골목형상점가,광주광역시,3.0,3.0,,,RESOLVED_AGREEMENT,False,3,,,,
f4ab46fdd725ce26a667,val,문구,T2 동의어,q_문구_02,문구점,생활·마트 중 '문구'를 판매·제공하는 매장,2254369e-2dd6-4f91-9b3d-5e4d3e7a5927,오뚜기. 문구. 완구,문구,상대원1동 해피마을 골목형상점가,골목형상점가,경기도,3.0,3.0,,,RESOLVED_AGREEMENT,False,3,,,,
0acc33a2f356eae33dfa,val,문구,T2 동의어,q_문구_02,문구점,생활·마트 중 '문구'를 판매·제공하는 매장,97fedbc5-f227-40ae-b351-f035ffcf754f,문정문구,문구,문흥1동 골목형상점가,골목형상점가,광주광역시,3.0,3.0,,,RESOLVED_AGREEMENT,False,3,,,,
32422e0b7b4676c5d249,val,문구,T2 동의어,q_문구_02,문구점,생활·마트 중 '문구'를 판매·제공하는 매장,0b4bdfd4-7ffe-4bef-8a0a-a9a3ae1e54be,펀앤북,서점,광주역 복개로 골목형상점가,골목형상점가,광주광역시,1.0,2.0,,,P1_BINARY_THRESHOLD,True,,,,,
753dabcac847262c9f70,val,문구,T2 동의어,q_문구_02,문구점,생활·마트 중 '문구'를 판매·제공하는 매장,8e6388e8-ce8c-447e-a43a-cade8fe7bbb8,미키랜드,문구점,쌍문역둘리상점가,자율상권구역,서울특별시,3.0,3.0,,,RESOLVED_AGREEMENT,False,3,,,,
cf2822d71b8ea977e8d8,val,문구,T2 동의어,q_문구_02,문구점,생활·마트 중 '문구'를 판매·제공하는 매장,c6f1fdfd-4e60-444c-b9cd-64bdca85e883,천덕수산,생선,소래포구전통어시장,전통시장,인천광역시,0.0,0.0,,,RESOLVED_AGREEMENT,False,0,,,,
4bfa2cf5bdaeb4dbdfb0,val,문구,T2 동의어,q_문구_02,문구점,생활·마트 중 '문구'를 판매·제공하는 매장,6dec4f14-d8d5-406a-914d-eaa3f5d217ce,오피스디포 세종청사점,문방구,가름로 골목형상점가,골목형상점가,세종특별자치시,3.0,3.0,,,RESOLVED_AGREEMENT,False,3,,,,
e3150eacaeb58e25bef9,val,문구,T2 동의어,q_문구_02,문구점,생활·마트 중 '문구'를 판매·제공하는 매장,a1043ef0-029a-4122-9781-07de7a9a0a97,벽산문구점,문구,가야벽산상가,전통시장,부산광역시,3.0,3.0,,,RESOLVED_AGREEMENT,False,3,,,,
119e79bab32d5a2434ad,val,문구,T2 동의어,q_문구_02,문구점,생활·마트 중 '문구'를 판매·제공하는 매장,193f3a3b-a731-4017-a3de-49f7ccff1a26,미화문방구,문방구,거제 능포 골목형상점가,골목형상점가,경상남도,3.0,3.0,,,RESOLVED_AGREEMENT,False,3,,,,
88e183bde1709e181c20,val,문구,T2 동의어,q_문구_02,문구점,생활·마트 중 '문구'를 판매·제공하는 매장,22f0c118-8c6d-4a50-8fb3-15c94616db60,문구대장,,새천년 골목형상점가,골목형상점가,경기도,3.0,3.0,,,RESOLVED_AGREEMENT,False,3,,,,
f118f1bf8c7b2ee0ae00,val,문구,T2 동의어,q_문구_02,문구점,생활·마트 중 '문구'를 판매·제공하는 매장,15fb2277-b836-4bf4-8212-f1eaf82261c0,과자랑 문구랑,문구,첨단쌍이 골목형상점가,골목형상점가,광주광역시,3.0,3.0,,,RESOLVED_AGREEMENT,False,3,,,,
6247369acef189ee461c,val,문구,T2 동의어,q_문구_02,문구점,생활·마트 중 '문구'를 판매·제공하는 매장,6e628890-7ce7-46d2-8056-f6fcb8615559,한국문구,문구,중앙종합시장,전통시장,대전광역시,3.0,3.0,,,RESOLVED_AGREEMENT,False,3,,,,
23e240b105763072274f,val,문구,T2 동의어,q_문구_02,문구점,생활·마트 중 '문구'를 판매·제공하는 매장,dade6ffd-36d4-4b7e-a91b-989a3473929b,가만히 문구,문구류,망원동십자로길골목형상점가,골목형상점가,서울특별시,3.0,3.0,,,RESOLVED_AGREEMENT,False,3,,,,
18c5594ec63a857f9564,val,문구,T2 동의어,q_문구_02,문구점,생활·마트 중 '문구'를 판매·제공하는 매장,8fad454e-9f56-47bf-8769-0f2b6a2c41ff,대림문구,문구,대림중앙시장,전통시장,서울특별시,3.0,3.0,,,RESOLVED_AGREEMENT,False,3,,,,
b568c9d2fccdc8e9aab3,val,문구,T2 동의어,q_문구_02,문구점,생활·마트 중 '문구'를 판매·제공하는 매장,022101db-07cf-4546-b3cf-183a54f16b56,삼양마크사,"문구, 잡화",충장로45가 상점가,자율상권구역,광주광역시,3.0,3.0,,,RESOLVED_AGREEMENT,False,3,,,,
ac3f5ba69237d58e87ce,val,문구,T2 동의어,q_문구_02,문구점,생활·마트 중 '문구'를 판매·제공하는 매장,ef7d0411-31e1-465e-9a28-c1bcdea261ef,희망서점.문구,"문구, 서적",산청시장,전통시장,경상남도,3.0,3.0,,,RESOLVED_AGREEMENT,False,3,,,,
373396250cc994946e92,val,문구,T2 동의어,q_문구_02,문구점,생활·마트 중 '문구'를 판매·제공하는 매장,6ccce905-716a-4ecf-9e5c-b8fe46eca7de,유림선구점,,마산어시장,전통시장,경상남도,,0.0,Y,,P0_UNCERTAIN_OR_MISSING,True,,,,,
b6eda815bfa867c06b61,val,문구,T2 동의어,q_문구_02,문구점,생활·마트 중 '문구'를 판매·제공하는 매장,dff05fe1-5f65-41e5-8890-7a91fddd3b85,천사문구점,문구,비아로 골목형상점가,골목형상점가,광주광역시,3.0,3.0,,,RESOLVED_AGREEMENT,False,3,,,,
80a954a7fc83c54a37f6,val,문구,T2 동의어,q_문구_02,문구점,생활·마트 중 '문구'를 판매·제공하는 매장,30079257-5849-4128-8585-2dc4137cb1eb,온달집 신사본점,한식,신사세로수길골목형상점가,골목형상점가,서울특별시,0.0,0.0,,,RESOLVED_AGREEMENT,False,0,,,,
f97326a36232a6335c07,val,문구,T2 동의어,q_문구_02,문구점,생활·마트 중 '문구'를 판매·제공하는 매장,001e2bb1-a72f-4696-8728-00fa66173e9e,문창문구,문구용품,창선상가,전통시장,부산광역시,3.0,3.0,,,RESOLVED_AGREEMENT,False,3,,,,
de335b9a442271184200,val,문구,T2 동의어,q_문구_02,문구점,생활·마트 중 '문구'를 판매·제공하는 매장,0b82885d-efb7-46dd-aedf-922d7351269c,문구팡팡,문구및회화용품,수완장덕 골목형상점가,골목형상점가,광주광역시,3.0,3.0,,,RESOLVED_AGREEMENT,False,3,,,,
dcb18362ffb02332a28a,val,문구,T2 동의어,q_문구_02,문구점,생활·마트 중 '문구'를 판매·제공하는 매장,12ba48f5-e450-4575-a5ba-5051298d3b4e,문구클럽,문구,옥련시장,전통시장,인천광역시,3.0,3.0,,,RESOLVED_AGREEMENT,False,3,,,,
e75fd77551aaa97724a4,val,문구,T2 동의어,q_문구_02,문구점,생활·마트 중 '문구'를 판매·제공하는 매장,19489be8-6d07-4420-b470-2789da78c6c2,롯데서점,문구,롯데 리치빌골목형상점가,골목형상점가,대전광역시,3.0,3.0,,,RESOLVED_AGREEMENT,False,3,,,,
6d391cc14e54d73ff349,val,문구,T2 동의어,q_문구_02,문구점,생활·마트 중 '문구'를 판매·제공하는 매장,6e40353a-f1fd-443e-aa1a-46ef23f3b1ad,문구나라,문구,대성상가 골목형상점가,골목형상점가,부산광역시,3.0,3.0,,,RESOLVED_AGREEMENT,False,3,,,,
3edf2ad585e432a8b33f,val,문구,T2 동의어,q_문구_02,문구점,생활·마트 중 '문구'를 판매·제공하는 매장,755783c5-f128-4b55-b221-bdef28978c4e,사랑문구,문구,인후동1가 골목형상점가,골목형상점가,전북특별자치도,3.0,3.0,,,RESOLVED_AGREEMENT,False,3,,,,
cc7abc426866b5390d98,val,문구,T2 동의어,q_문구_02,문구점,생활·마트 중 '문구'를 판매·제공하는 매장,cc85f11f-c853-4f4f-8073-108df4f9ca97,문구어때,문구용품,상현1동 골목형상점가,골목형상점가,경기도,3.0,3.0,,,RESOLVED_AGREEMENT,False,3,,,,
803901fa7c9f83d2d3de,val,문구,T2 동의어,q_문구_02,문구점,생활·마트 중 '문구'를 판매·제공하는 매장,435a9bb4-4b7b-4662-9f8b-d0a6001f3cfc,대도문구,문구,남성사계시장,전통시장,서울특별시,3.0,3.0,,,RESOLVED_AGREEMENT,False,3,,,,
ea1dd6486dea74d0a474,val,문구,T2 동의어,q_문구_02,문구점,생활·마트 중 '문구'를 판매·제공하는 매장,e32b736a-7898-4b80-8f83-46de1b706ce7,크로바문구점,문구,유촌동상인회 골목형상점가,골목형상점가,광주광역시,3.0,3.0,,,RESOLVED_AGREEMENT,False,3,,,,
f81e11ac6297a074ca21,val,문구,T2 동의어,q_문구_02,문구점,생활·마트 중 '문구'를 판매·제공하는 매장,0116d1e6-1e97-4150-b153-e21e3c62cef4,샘솟네완구,문구,양평물맑은시장,전통시장,경기도,3.0,3.0,,,RESOLVED_AGREEMENT,False,3,,,,
b1c701d9bd1c9cfd4a64,val,문구,T2 동의어,q_문구_02,문구점,생활·마트 중 '문구'를 판매·제공하는 매장,900e4b7d-8cae-4e33-a3eb-4d5fd0d25316,서변문구,문구,서변중앙시장,전통시장,대구광역시,3.0,3.0,,,RESOLVED_AGREEMENT,False,3,,,,
6159d9e8d4e3084b7b3c,val,문구,T2 동의어,q_문구_02,문구점,생활·마트 중 '문구'를 판매·제공하는 매장,c48f3e34-d741-4448-8639-1d36602ce697,새콤달콤 돈까스,분식,군산공설시장,전통시장,전북특별자치도,0.0,0.0,,,RESOLVED_AGREEMENT,False,0,,,,
0d329bad2f9dfa13a8c3,val,문구,T2 동의어,q_문구_02,문구점,생활·마트 중 '문구'를 판매·제공하는 매장,2411b823-b5a9-4b8a-b87e-0428f66a8d14,영재문구,문구,세종대평시장,전통시장,세종특별자치시,3.0,3.0,,,RESOLVED_AGREEMENT,False,3,,,,
e0ce903b4a4cf4396cf3,val,문구,T2 동의어,q_문구_02,문구점,생활·마트 중 '문구'를 판매·제공하는 매장,2f2ffafb-05d5-460b-b74c-c90d6e47b77b,신가문구,문구,신가동 골목형상점가,골목형상점가,광주광역시,3.0,3.0,,,RESOLVED_AGREEMENT,False,3,,,,
291ed1d0a6ad940c528c,val,문구,T2 동의어,q_문구_02,문구점,생활·마트 중 '문구'를 판매·제공하는 매장,b2fdd00b-fb18-4710-b0c6-07669d674196,파주 베이비하우스,유아용 의류,운정역 중심상가 골목형상점가,골목형상점가,경기도,0.0,0.0,,,RESOLVED_AGREEMENT,False,0,,,,
9a5589e95d3b703615d9,val,문구,T2 동의어,q_문구_02,문구점,생활·마트 중 '문구'를 판매·제공하는 매장,a1208e4b-a28f-4157-9e3a-5f1c69c7ce26,알파&와이틴보은점,문구점,결초보은시장(구 보은종합시장),전통시장,충청북도,3.0,3.0,,,RESOLVED_AGREEMENT,False,3,,,,
292d5163f9f122e887de,val,문구,T2 동의어,q_문구_02,문구점,생활·마트 중 '문구'를 판매·제공하는 매장,5928c18f-fe29-4dcf-815d-bb62b9409b12,알파무구점,문구,무주반딧불상권활성화구역,상권활성화구역,전북특별자치도,3.0,3.0,,,RESOLVED_AGREEMENT,False,3,,,,
6189f940ab2d8ce31375,val,문구,T2 동의어,q_문구_02,문구점,생활·마트 중 '문구'를 판매·제공하는 매장,7fe1bd00-5f69-4be7-b401-86659bf564ff,팬시문구,문구점,삼호읍 중앙 골목형상점가,골목형상점가,전라남도,3.0,3.0,,,RESOLVED_AGREEMENT,False,3,,,,
0db73521291c3ff81cf9,val,문구,T2 동의어,q_문구_02,문구점,생활·마트 중 '문구'를 판매·제공하는 매장,dae8be7e-aa2d-4c4d-86a3-5f39a47cb728,천전문구,문구,진주 동성상가,전통시장,경상남도,3.0,3.0,,,RESOLVED_AGREEMENT,False,3,,,,
96517fb3b400374b813f,val,문구,T2 동의어,q_문구_02,문구점,생활·마트 중 '문구'를 판매·제공하는 매장,8bf6b3b1-7e7b-41c9-a8b2-012f571b43d5,큰별문구,문구,큰별초 골목형상점가,골목형상점가,광주광역시,3.0,3.0,,,RESOLVED_AGREEMENT,False,3,,,,
68b40695c157f8402f67,val,문구,T2 동의어,q_문구_02,문구점,생활·마트 중 '문구'를 판매·제공하는 매장,6bbc3087-2759-43e9-ae52-b8afbe294aaa,알파문구(포항남구점),"문구, 사무용품, 잡화",포항 대이상가 골목형상점가,골목형상점가,경상북도,3.0,3.0,,,RESOLVED_AGREEMENT,False,3,,,,
06289281fab2d75d4f8f,val,문구,T2 동의어,q_문구_02,문구점,생활·마트 중 '문구'를 판매·제공하는 매장,33799bee-3a18-41ff-b740-90c48c2983c9,성포문방구,,거제 성포 골목형상점가,골목형상점가,경상남도,3.0,3.0,,,RESOLVED_AGREEMENT,False,3,,,,
9fa41b9001a7d7ddb32c,val,문구,T2 동의어,q_문구_02,문구점,생활·마트 중 '문구'를 판매·제공하는 매장,6899eaa3-047d-4787-8044-371766cd162f,영재문구,문구,월드상가골목형상점가,골목형상점가,인천광역시,3.0,3.0,,,RESOLVED_AGREEMENT,False,3,,,,
ae51b8f2dac1147d7249,val,문구,T2 동의어,q_문구_02,문구점,생활·마트 중 '문구'를 판매·제공하는 매장,7624e6d2-012a-4c4e-8e9c-352affba3fd5,태풍문구,문구점,사거리온누리 골목형상점가,골목형상점가,충청남도,3.0,3.0,,,RESOLVED_AGREEMENT,False,3,,,,
3ad4bc9b01bf2a13b791,val,문구,T2 동의어,q_문구_02,문구점,생활·마트 중 '문구'를 판매·제공하는 매장,e9c38824-9001-4bee-a130-49975cc44dfd,번영문구,문구,개봉입구골목상가 골목형상점가,골목형상점가,서울특별시,3.0,3.0,,,RESOLVED_AGREEMENT,False,3,,,,
be1086202c5039ed2f8f,val,문구,T2 동의어,q_문구_02,문구점,생활·마트 중 '문구'를 판매·제공하는 매장,398f9f80-4243-4ce0-b04b-e1cfe43edaac,동아프라자,문구점,주안역지하도상점가,일반지하상점가,인천광역시,3.0,3.0,,,RESOLVED_AGREEMENT,False,3,,,,
578f55253d110f49611f,val,문구,T2 동의어,q_문구_02,문구점,생활·마트 중 '문구'를 판매·제공하는 매장,14e71015-6ca8-4e99-8be3-a6d85f8f4dc7,행복한서점 이동점,서점,포항 대이상가 골목형상점가,골목형상점가,경상북도,1.0,2.0,,,P1_BINARY_THRESHOLD,True,,,,,
ea46ba287725179bc181,val,문구,T2 동의어,q_문구_02,문구점,생활·마트 중 '문구'를 판매·제공하는 매장,ab38cb9e-b0a3-4d49-b139-7b71c881874f,문구방구 디오션점,문구,철길공원 골목형상점가,골목형상점가,전북특별자치도,3.0,3.0,,,RESOLVED_AGREEMENT,False,3,,,,
b6fc93fa9313d874f75f,val,문구,T2 동의어,q_문구_02,문구점,생활·마트 중 '문구'를 판매·제공하는 매장,65524fe3-c0b2-4802-b998-34503b9e9bcf,미래문구,문구,배방상점가,자율상권구역,충청남도,3.0,3.0,,,RESOLVED_AGREEMENT,False,3,,,,
71778be87abfe95d5ec7,val,문구,T2 동의어,q_문구_02,문구점,생활·마트 중 '문구'를 판매·제공하는 매장,c8e3c97c-4752-48c4-9aa3-f318c164bc19,"백호서점, 문구",도서 문구,경의숲길서강 골목형상점가,골목형상점가,서울특별시,3.0,3.0,,,RESOLVED_AGREEMENT,False,3,,,,
d0acefe2a5a2f9051e2b,val,문구,T2 동의어,q_문구_02,문구점,생활·마트 중 '문구'를 판매·제공하는 매장,036bd4c0-772b-4e73-9bad-f87f54783c77,상록수 서점문구,"서적, 문구",양주신산시장마을상점가,골목형상점가,경기도,3.0,3.0,,,RESOLVED_AGREEMENT,False,3,,,,
8054b0093bb3f9703c9e,val,문구,T2 동의어,q_문구_02,문구점,생활·마트 중 '문구'를 판매·제공하는 매장,fe4b6429-d32d-4589-9e3e-f4c09b1aa2a2,친선문구,문구,금촌명동로시장,전통시장,경기도,3.0,3.0,,,RESOLVED_AGREEMENT,False,3,,,,
384c62957692714820d2,val,문구,T2 동의어,q_문구_02,문구점,생활·마트 중 '문구'를 판매·제공하는 매장,d3d2e2d8-eb67-4da0-92af-4a41c118b3cc,종이와 연필 문구,문구,법원 앞 사과마을 골목형상점가,골목형상점가,광주광역시,3.0,3.0,,,RESOLVED_AGREEMENT,False,3,,,,
e1ab922f643375ea7b76,val,문구,T2 동의어,q_문구_02,문구점,생활·마트 중 '문구'를 판매·제공하는 매장,6abaed29-5d0d-4964-b328-97f103c5912c,상아십자수세상,십자수,호계공설시장,전통시장,울산광역시,0.0,0.0,,,RESOLVED_AGREEMENT,False,0,,,,
40e941e4ea87b3220206,val,문구,T2 동의어,q_문구_02,문구점,생활·마트 중 '문구'를 판매·제공하는 매장,1f955929-b697-45fa-ba1a-45dd62b214ab,세화완구점,문구류,의정부제일시장,전통시장,경기도,3.0,3.0,,,RESOLVED_AGREEMENT,False,3,,,,
c8410e8c75f1dd7dec1d,val,문구,T2 동의어,q_문구_02,문구점,생활·마트 중 '문구'를 판매·제공하는 매장,e5151bcf-2b55-4c0b-bf9a-2ac1d5e74ece,대동문구점,문구류,마산 구암시장,전통시장,경상남도,3.0,3.0,,,RESOLVED_AGREEMENT,False,3,,,,
3830945c558a7dd34836,val,문구,T2 동의어,q_문구_02,문구점,생활·마트 중 '문구'를 판매·제공하는 매장,e973721b-55ae-41a8-9d5c-3130aa13eb9b,신기문구,문구,주월1동회재로 골목형상점가,골목형상점가,광주광역시,3.0,3.0,,,RESOLVED_AGREEMENT,False,3,,,,
e485759bbbd4542ac1ef,val,문구,T2 동의어,q_문구_02,문구점,생활·마트 중 '문구'를 판매·제공하는 매장,010382b4-561d-43c7-848c-cdfed4f4d93d,문성당서점,서적 교육용씨디 비디오 문구 자료처리,부안석정 골목형상점가,골목형상점가,전북특별자치도,3.0,3.0,,,RESOLVED_AGREEMENT,False,3,,,,
6824fb58372ea199733b,val,문구,T2 동의어,q_문구_02,문구점,생활·마트 중 '문구'를 판매·제공하는 매장,b1acefa0-ad9b-4c07-8a12-0688e06809ec,문구모아오피스,문구,건대로데오거리골목형상점가,골목형상점가,서울특별시,3.0,3.0,,,RESOLVED_AGREEMENT,False,3,,,,
c3141aa91d7a0a7d82d9,val,문구,T2 동의어,q_문구_02,문구점,생활·마트 중 '문구'를 판매·제공하는 매장,0082c797-13a0-4f77-a6cc-f608ac85460a,펜공주,문구,상계주공15단지상가,기타,서울특별시,3.0,3.0,,,RESOLVED_AGREEMENT,False,3,,,,
26b83ad8e0202353c7a3,val,문구,T2 동의어,q_문구_02,문구점,생활·마트 중 '문구'를 판매·제공하는 매장,008ab588-6383-4a08-8fdc-b76678a155dc,모든오피스 분당점,문구제본사무용품,분당우성시장,전통시장,경기도,3.0,3.0,,,RESOLVED_AGREEMENT,False,3,,,,
5ef6a91abaa862015c2c,val,문구,T2 동의어,q_문구_02,문구점,생활·마트 중 '문구'를 판매·제공하는 매장,3d50695b-325d-4273-8da1-2c62277b16fe,영신문구,문구,포항죽도시장,전통시장,경상북도,3.0,3.0,,,RESOLVED_AGREEMENT,False,3,,,,
045f4b317c113f260e6e,val,문구,T2 동의어,q_문구_02,문구점,생활·마트 중 '문구'를 판매·제공하는 매장,00f27b43-2d95-45b2-8e80-16eb91994002,비앤비기프트,"문구, 판촉물",김포중앙시장,전통시장,경기도,3.0,3.0,,,RESOLVED_AGREEMENT,False,3,,,,
d61c6d3b57ee96541f42,val,문구,T2 동의어,q_문구_02,문구점,생활·마트 중 '문구'를 판매·제공하는 매장,3b32176a-47da-425b-aad9-fe85b04de1c9,성금사,귀금속,연희사러가,전통시장,서울특별시,0.0,0.0,,,RESOLVED_AGREEMENT,False,0,,,,
2c97bed630562c580b1a,val,문구,T2 동의어,q_문구_02,문구점,생활·마트 중 '문구'를 판매·제공하는 매장,70e9abbb-612d-4306-8938-d440002d32de,바른우리 치과교정과 치과의원,치과의원,새롬동 골목형상점가,골목형상점가,세종특별자치시,0.0,0.0,,,RESOLVED_AGREEMENT,False,0,,,,
6244582b382b79bf110c,val,문구,T2 동의어,q_문구_02,문구점,생활·마트 중 '문구'를 판매·제공하는 매장,44044fad-1034-491e-9c39-bfccafbb010b,문구박스,"문구, 서점",금호상인회 골목형상점가,골목형상점가,광주광역시,3.0,3.0,,,RESOLVED_AGREEMENT,False,3,,,,
2f501b553241be6553de,val,문구,T2 동의어,q_문구_02,문구점,생활·마트 중 '문구'를 판매·제공하는 매장,04961d72-f5b3-4605-86f3-8130ded3e312,본도시락성서점,,성서우방 골목형상점가,골목형상점가,대구광역시,1.0,2.0,,,P1_BINARY_THRESHOLD,True,,,,,
34e3d28a8cecdce1295f,val,문구,T2 동의어,q_문구_02,문구점,생활·마트 중 '문구'를 판매·제공하는 매장,0961cd03-6452-4d93-bd01-6a4d0bd92f5b,첨단임마누엘서점 임마누엘분식,서점문구분식,첨단부영 골목형상점가,골목형상점가,광주광역시,3.0,3.0,,,RESOLVED_AGREEMENT,False,3,,,,
637ea8b82f7e194eddf5,val,문구,T2 동의어,q_문구_02,문구점,생활·마트 중 '문구'를 판매·제공하는 매장,236628b5-5478-4dcc-b59a-4d1b3382fc9c,문영당,문구,상주중앙시장,전통시장,경상북도,3.0,3.0,,,RESOLVED_AGREEMENT,False,3,,,,
4a85508a9611de401f84,val,문구,T2 동의어,q_문구_02,문구점,생활·마트 중 '문구'를 판매·제공하는 매장,27d9f649-80f5-45fa-a068-4584b68e04e7,레츠고경동협동조합,문방구 및 야시장 운영,경동시장,전통시장,서울특별시,3.0,3.0,,,RESOLVED_AGREEMENT,False,3,,,,
7eaf3e0f42c2cc3fcff0,val,문구,T2 동의어,q_문구_02,문구점,생활·마트 중 '문구'를 판매·제공하는 매장,0a55ce53-29fe-42e8-8305-303701bbf348,무주서점,서점,무주반딧불상권활성화구역,상권활성화구역,전북특별자치도,1.0,2.0,,,P1_BINARY_THRESHOLD,True,,,,,
fa04a01f35980daac883,val,문구,T2 동의어,q_문구_02,문구점,생활·마트 중 '문구'를 판매·제공하는 매장,84f95180-9c66-4797-b025-d6565d111770,오피스 알파(남구점),문구,광주대 골목형상점가,골목형상점가,광주광역시,3.0,3.0,,,RESOLVED_AGREEMENT,False,3,,,,
356255000bd13403da6b,val,문구,T2 동의어,q_문구_02,문구점,생활·마트 중 '문구'를 판매·제공하는 매장,01d28297-9af9-4727-b3cf-00beb7650771,오뚜기문구,문방구,현대시장,전통시장,인천광역시,3.0,3.0,,,RESOLVED_AGREEMENT,False,3,,,,
4092f91618cd4a10ec74,val,문구,T2 동의어,q_문구_02,문구점,생활·마트 중 '문구'를 판매·제공하는 매장,5365a861-15ee-426c-af89-0ff5d04f5c20,알파배방점,문구점,배방상점가,자율상권구역,충청남도,3.0,3.0,,,RESOLVED_AGREEMENT,False,3,,,,
7c666d504795a5afb2fb,val,문구,T2 동의어,q_문구_02,문구점,생활·마트 중 '문구'를 판매·제공하는 매장,8b6964f9-458b-4984-a0f0-7be3d5f85faa,참사랑서점.문구,문구,"운남4,5단지 골목형상점가",골목형상점가,광주광역시,3.0,3.0,,,RESOLVED_AGREEMENT,False,3,,,,
d6e7a5d89514a3fecd5c,val,문구,T2 동의어,q_문구_02,문구점,생활·마트 중 '문구'를 판매·제공하는 매장,af083098-b83c-47b7-9e4d-fdaed43c80ba,알파광주북구점,문구,매곡 큰길 골목형상점가,골목형상점가,광주광역시,3.0,3.0,,,RESOLVED_AGREEMENT,False,3,,,,
23e24ba1f4062e34c2d8,val,문구,T2 동의어,q_문구_02,문구점,생활·마트 중 '문구'를 판매·제공하는 매장,4e8261aa-2923-4c99-81d6-5e400704b574,경기서적 천천점(문구),문구,천천중심상가 골목형상점가,골목형상점가,경기도,3.0,3.0,,,RESOLVED_AGREEMENT,False,3,,,,
1faf315a8525809e7d23,val,문구,T2 동의어,q_문구_02,문구점,생활·마트 중 '문구'를 판매·제공하는 매장,e60a01c8-4027-4ae6-a035-d3c827ac89f8,플러스 문구완구점 마트,문구완구마트,전주우성타운 골목형상점가,골목형상점가,전북특별자치도,3.0,3.0,,,RESOLVED_AGREEMENT,False,3,,,,
d4e10e038531cf4da8f7,val,문구,T2 동의어,q_문구_02,문구점,생활·마트 중 '문구'를 판매·제공하는 매장,3b9d123f-bdd6-48a4-93f1-c130ac594101,타요타요 문구,문구,"일곡동(제7지역:대림1,현대2,진로,대우,한일)",골목형상점가,광주광역시,3.0,3.0,,,RESOLVED_AGREEMENT,False,3,,,,
2728aa9f23be3cc1902d,val,문구,T2 동의어,q_문구_02,문구점,생활·마트 중 '문구'를 판매·제공하는 매장,e3280518-0ff5-48da-ac39-effa99109570,문구야놀자(세종고운점),문구,고운동상점가,자율상권구역,세종특별자치시,3.0,3.0,,,RESOLVED_AGREEMENT,False,3,,,,
cc2b55e990dc4ea12dbd,val,문구,T2 동의어,q_문구_02,문구점,생활·마트 중 '문구'를 판매·제공하는 매장,e612f9db-ebf3-46c1-9a44-86b06d769232,황도바지락 손칼국수,분식,BOCA 보카상점가,골목형상점가,경기도,0.0,0.0,,,RESOLVED_AGREEMENT,False,0,,,,
a7e132115e3e97f928d0,val,문구,T2 동의어,q_문구_03,문방구,생활·마트 중 '문구'를 판매·제공하는 매장,87d6a0e9-541d-4d33-a0c2-532bdcd9e643,다방구 상회,"빵, 건어물",민락골목시장,전통시장,부산광역시,0.0,0.0,,,RESOLVED_AGREEMENT,False,0,,,,
4465ce8e8c34a63213c9,val,문구,T2 동의어,q_문구_03,문방구,생활·마트 중 '문구'를 판매·제공하는 매장,193f3a3b-a731-4017-a3de-49f7ccff1a26,미화문방구,문방구,거제 능포 골목형상점가,골목형상점가,경상남도,3.0,3.0,,,RESOLVED_AGREEMENT,False,3,,,,
5f4332b9f83f3bb96d46,val,문구,T2 동의어,q_문구_03,문방구,생활·마트 중 '문구'를 판매·제공하는 매장,001e2bb1-a72f-4696-8728-00fa66173e9e,문창문구,문구용품,창선상가,전통시장,부산광역시,3.0,3.0,,,RESOLVED_AGREEMENT,False,3,,,,
4c4a356c907a989e9176,val,문구,T2 동의어,q_문구_03,문방구,생활·마트 중 '문구'를 판매·제공하는 매장,ff8e40d4-c82d-43ba-928f-b5cd7eb702aa,토픽쌀피자,피자,일곡동 골목형상점가,골목형상점가,광주광역시,0.0,0.0,,,RESOLVED_AGREEMENT,False,0,,,,
a052a75704e91fadf56c,val,문구,T2 동의어,q_문구_03,문방구,생활·마트 중 '문구'를 판매·제공하는 매장,b28597b1-6f24-4d09-bafb-4e7bbb38357e,아문과자점,,서귀포중심상가번영회,자율상권구역,제주특별자치도,0.0,0.0,,,RESOLVED_AGREEMENT,False,0,,,,
4f3cde780e10fa877960,val,문구,T2 동의어,q_문구_03,문방구,생활·마트 중 '문구'를 판매·제공하는 매장,00f27b43-2d95-45b2-8e80-16eb91994002,비앤비기프트,"문구, 판촉물",김포중앙시장,전통시장,경기도,3.0,3.0,,,RESOLVED_AGREEMENT,False,3,,,,
672fbcd9ff8333046434,val,문구,T2 동의어,q_문구_03,문방구,생활·마트 중 '문구'를 판매·제공하는 매장,477fd28e-98b6-4eaa-9f90-c5cbe3a3e8ef,하늘방구,문구용품,양지중앙 골목형상점가,골목형상점가,경기도,3.0,3.0,,,RESOLVED_AGREEMENT,False,3,,,,
a579ba5d18b7af8614e2,val,문구,T2 동의어,q_문구_03,문방구,생활·마트 중 '문구'를 판매·제공하는 매장,435a9bb4-4b7b-4662-9f8b-d0a6001f3cfc,대도문구,문구,남성사계시장,전통시장,서울특별시,3.0,3.0,,,RESOLVED_AGREEMENT,False,3,,,,
f650f85a4d99b6890007,val,문구,T2 동의어,q_문구_03,문방구,생활·마트 중 '문구'를 판매·제공하는 매장,0082c797-13a0-4f77-a6cc-f608ac85460a,펜공주,문구,상계주공15단지상가,기타,서울특별시,3.0,3.0,,,RESOLVED_AGREEMENT,False,3,,,,
7a30385f6385cca57709,val,문구,T2 동의어,q_문구_03,문방구,생활·마트 중 '문구'를 판매·제공하는 매장,6899eaa3-047d-4787-8044-371766cd162f,영재문구,문구,월드상가골목형상점가,골목형상점가,인천광역시,3.0,3.0,,,RESOLVED_AGREEMENT,False,3,,,,
52513afb6d18f01a9fc3,val,문구,T2 동의어,q_문구_03,문방구,생활·마트 중 '문구'를 판매·제공하는 매장,25d20b75-10fe-4451-be62-142e517ae20d,차구,,새샘하루 골목형상점가,골목형상점가,세종특별자치시,,0.0,Y,,P0_UNCERTAIN_OR_MISSING,True,,,,,
7a2f27dbb937a14bf576,val,문구,T2 동의어,q_문구_03,문방구,생활·마트 중 '문구'를 판매·제공하는 매장,0116d1e6-1e97-4150-b153-e21e3c62cef4,샘솟네완구,문구,양평물맑은시장,전통시장,경기도,3.0,3.0,,,RESOLVED_AGREEMENT,False,3,,,,
ead21840d0745a45b240,val,문구,T2 동의어,q_문구_03,문방구,생활·마트 중 '문구'를 판매·제공하는 매장,97fedbc5-f227-40ae-b351-f035ffcf754f,문정문구,문구,문흥1동 골목형상점가,골목형상점가,광주광역시,3.0,3.0,,,RESOLVED_AGREEMENT,False,3,,,,
6966a9ee2a193d257fd4,val,문구,T2 동의어,q_문구_03,문방구,생활·마트 중 '문구'를 판매·제공하는 매장,14e71015-6ca8-4e99-8be3-a6d85f8f4dc7,행복한서점 이동점,서점,포항 대이상가 골목형상점가,골목형상점가,경상북도,1.0,2.0,,,P1_BINARY_THRESHOLD,True,,,,,
dec8d85cc25cde63eb96,val,문구,T2 동의어,q_문구_03,문방구,생활·마트 중 '문구'를 판매·제공하는 매장,755783c5-f128-4b55-b221-bdef28978c4e,사랑문구,문구,인후동1가 골목형상점가,골목형상점가,전북특별자치도,3.0,3.0,,,RESOLVED_AGREEMENT,False,3,,,,
c86a94ffa1625fcb33b5,val,문구,T2 동의어,q_문구_03,문방구,생활·마트 중 '문구'를 판매·제공하는 매장,ec06ffbd-bb0b-467e-883b-240281c72e5f,김씨수산,생선,인천종합어시장,전통시장,인천광역시,0.0,0.0,,,RESOLVED_AGREEMENT,False,0,,,,
7ee53f21b69eda0c33de,val,문구,T2 동의어,q_문구_03,문방구,생활·마트 중 '문구'를 판매·제공하는 매장,65524fe3-c0b2-4802-b998-34503b9e9bcf,미래문구,문구,배방상점가,자율상권구역,충청남도,3.0,3.0,,,RESOLVED_AGREEMENT,False,3,,,,
c4387aa1af44d87fbe67,val,문구,T2 동의어,q_문구_03,문방구,생활·마트 중 '문구'를 판매·제공하는 매장,d139f3b0-8ae3-4bae-a86c-ef3599da6159,방구족발,한식,마산 동마산시장,전통시장,경상남도,0.0,0.0,,,RESOLVED_AGREEMENT,False,0,,,,
1c0cf2de56ecaa88366a,val,문구,T2 동의어,q_문구_03,문방구,생활·마트 중 '문구'를 판매·제공하는 매장,7c35d4d8-631f-405f-a8ca-82fc420e8e71,방구네문구,문방구,미장사랑 골목형상점가,골목형상점가,전북특별자치도,3.0,3.0,,,RESOLVED_AGREEMENT,False,3,,,,
27888766042f8aa0e8c4,val,문구,T2 동의어,q_문구_03,문방구,생활·마트 중 '문구'를 판매·제공하는 매장,9542e0b3-ee9c-45d0-8ffa-c0fb0d62906f,한국백제필방,문방사우,백년소상공인,기타,대전광역시,0.0,0.0,,,RESOLVED_AGREEMENT,False,0,,,,
8816fa66101091c67c68,val,문구,T2 동의어,q_문구_03,문방구,생활·마트 중 '문구'를 판매·제공하는 매장,1d0fb168-91d1-470c-820c-a6c6d61685ff,곱 마포,곱창,도화동상점가,자율상권구역,서울특별시,0.0,0.0,,,RESOLVED_AGREEMENT,False,0,,,,
8a0b68d441e088617cad,val,문구,T2 동의어,q_문구_03,문방구,생활·마트 중 '문구'를 판매·제공하는 매장,3b9d123f-bdd6-48a4-93f1-c130ac594101,타요타요 문구,문구,"일곡동(제7지역:대림1,현대2,진로,대우,한일)",골목형상점가,광주광역시,3.0,3.0,,,RESOLVED_AGREEMENT,False,3,,,,
e6efe79d01b0615e9e64,val,문구,T2 동의어,q_문구_03,문방구,생활·마트 중 '문구'를 판매·제공하는 매장,b0f1bcd2-5a15-4085-9ba3-0425abb81cd1,현대문구,문구,제2경주중심상가시장(경주봉황중심상가시장),전통시장,경상북도,3.0,3.0,,,RESOLVED_AGREEMENT,False,3,,,,
637196ffc6425aa9e960,val,문구,T2 동의어,q_문구_03,문방구,생활·마트 중 '문구'를 판매·제공하는 매장,0a55ce53-29fe-42e8-8305-303701bbf348,무주서점,서점,무주반딧불상권활성화구역,상권활성화구역,전북특별자치도,1.0,2.0,,,P1_BINARY_THRESHOLD,True,,,,,
08fbe7c67fdf3fd6c15b,val,문구,T2 동의어,q_문구_03,문방구,생활·마트 중 '문구'를 판매·제공하는 매장,c1b563a3-cd93-40c4-8a51-87a1f9e39cfd,조양문구,문구,동대문문구완구거리,자율상권구역,서울특별시,3.0,3.0,,,RESOLVED_AGREEMENT,False,3,,,,
10ea2f58b2cea411a4a7,val,문구,T2 동의어,q_문구_03,문방구,생활·마트 중 '문구'를 판매·제공하는 매장,2254369e-2dd6-4f91-9b3d-5e4d3e7a5927,오뚜기. 문구. 완구,문구,상대원1동 해피마을 골목형상점가,골목형상점가,경기도,3.0,3.0,,,RESOLVED_AGREEMENT,False,3,,,,
6140485fe8250476d430,val,문구,T2 동의어,q_문구_03,문방구,생활·마트 중 '문구'를 판매·제공하는 매장,2f2ffafb-05d5-460b-b74c-c90d6e47b77b,신가문구,문구,신가동 골목형상점가,골목형상점가,광주광역시,3.0,3.0,,,RESOLVED_AGREEMENT,False,3,,,,
dc05cbe739df22e1244e,val,문구,T2 동의어,q_문구_03,문방구,생활·마트 중 '문구'를 판매·제공하는 매장,1060d706-f6af-4c96-9007-a78ea1e800e7,문화가구,가구,공주산성 활성화구역,전통시장,충청남도,0.0,0.0,,,RESOLVED_AGREEMENT,False,0,,,,
e8ebe474ff1f19fc146a,val,문구,T2 동의어,q_문구_03,문방구,생활·마트 중 '문구'를 판매·제공하는 매장,5cf35e68-a70e-49f2-8ef4-f20999447840,별빛문방구,한식,동백역 골목형상점가,골목형상점가,경기도,2.0,3.0,,,P2_GRADED_ONLY,True,,,,,
c42b6b612872d9518c07,val,문구,T2 동의어,q_문구_03,문방구,생활·마트 중 '문구'를 판매·제공하는 매장,a33f3f1e-c7a8-46c2-902b-0416c9709bfe,꼬마문방구,,삼봉지구 골목형상점가,골목형상점가,전북특별자치도,3.0,3.0,,,RESOLVED_AGREEMENT,False,3,,,,
d09f190240c475e1888b,val,문구,T2 동의어,q_문구_03,문방구,생활·마트 중 '문구'를 판매·제공하는 매장,036bd4c0-772b-4e73-9bad-f87f54783c77,상록수 서점문구,"서적, 문구",양주신산시장마을상점가,골목형상점가,경기도,3.0,3.0,,,RESOLVED_AGREEMENT,False,3,,,,
3a5f307ec03fdc5b522a,val,문구,T2 동의어,q_문구_03,문방구,생활·마트 중 '문구'를 판매·제공하는 매장,c74d8dbf-cc3c-4a55-a196-68dd9d066787,조이문구,문구,운남더존 골목형상점가,골목형상점가,광주광역시,3.0,3.0,,,RESOLVED_AGREEMENT,False,3,,,,
0fc6e7c77e9999273319,val,문구,T2 동의어,q_문구_03,문방구,생활·마트 중 '문구'를 판매·제공하는 매장,47ee4aa3-9673-44d3-91af-ee5b3984bb33,똘방구노래연습장,서비스,조종시장,전통시장,경기도,0.0,0.0,,,RESOLVED_AGREEMENT,False,0,,,,
3eead9decc1c0ddceb58,val,문구,T2 동의어,q_문구_03,문방구,생활·마트 중 '문구'를 판매·제공하는 매장,04961d72-f5b3-4605-86f3-8130ded3e312,본도시락성서점,,성서우방 골목형상점가,골목형상점가,대구광역시,1.0,2.0,,,P1_BINARY_THRESHOLD,True,,,,,
242ffce7b6ab34c60360,val,문구,T2 동의어,q_문구_03,문방구,생활·마트 중 '문구'를 판매·제공하는 매장,259320a7-9990-4a58-8347-cc84956363e8,보석문방구,"악세사리, 잡화",부천역 지하도로 상가,일반지하상점가,경기도,2.0,3.0,,,P2_GRADED_ONLY,True,,,,,
2e0e17c73af223966e9f,val,문구,T2 동의어,q_문구_03,문방구,생활·마트 중 '문구'를 판매·제공하는 매장,189fd6f8-15e2-464f-96be-47a33adaec0c,미미문방구,문구 완구 잡화,솔내로 골목형상점가,골목형상점가,전북특별자치도,3.0,3.0,,,RESOLVED_AGREEMENT,False,3,,,,
fac908d2394435b222a5,val,문구,T2 동의어,q_문구_03,문방구,생활·마트 중 '문구'를 판매·제공하는 매장,a6d39fee-c29b-4bfb-b5e6-7d7032a07518,문구방구 아이파크시티점,문구용품,수원아이파크시티8단지상가 골목형상점가,골목형상점가,경기도,3.0,3.0,,,RESOLVED_AGREEMENT,False,3,,,,
8342d8718d5fc1980fb6,val,문구,T2 동의어,q_문구_03,문방구,생활·마트 중 '문구'를 판매·제공하는 매장,7ffe3b14-5687-41df-baf6-8e90c6f558e4,방구족발,족발,진해 경화시장,전통시장,경상남도,0.0,0.0,,,RESOLVED_AGREEMENT,False,0,,,,
4783b7171615e2c9b4b3,val,문구,T2 동의어,q_문구_03,문방구,생활·마트 중 '문구'를 판매·제공하는 매장,6e628890-7ce7-46d2-8056-f6fcb8615559,한국문구,문구,중앙종합시장,전통시장,대전광역시,3.0,3.0,,,RESOLVED_AGREEMENT,False,3,,,,
6e9b7f45212ac310b466,val,문구,T2 동의어,q_문구_03,문방구,생활·마트 중 '문구'를 판매·제공하는 매장,010382b4-561d-43c7-848c-cdfed4f4d93d,문성당서점,서적 교육용씨디 비디오 문구 자료처리,부안석정 골목형상점가,골목형상점가,전북특별자치도,3.0,3.0,,,RESOLVED_AGREEMENT,False,3,,,,
e503e0bab7bda921b8df,val,문구,T2 동의어,q_문구_03,문방구,생활·마트 중 '문구'를 판매·제공하는 매장,ab38cb9e-b0a3-4d49-b139-7b71c881874f,문구방구 디오션점,문구,철길공원 골목형상점가,골목형상점가,전북특별자치도,3.0,3.0,,,RESOLVED_AGREEMENT,False,3,,,,
5312486087583362347f,val,문구,T2 동의어,q_문구_03,문방구,생활·마트 중 '문구'를 판매·제공하는 매장,a6887697-c94f-47d7-9e03-4564d7b16976,34호(실크집),의류,대구교동시장,전통시장,대구광역시,0.0,0.0,,,RESOLVED_AGREEMENT,False,0,,,,
85ee33ce659120cef17d,val,문구,T2 동의어,q_문구_03,문방구,생활·마트 중 '문구'를 판매·제공하는 매장,2252c252-2e38-4a91-ab6e-08224a2704d6,풍남서점(문방사우),"문구, 서적, 교구, 식잡",효자천변1길 골목형상점가,골목형상점가,전북특별자치도,3.0,3.0,,,RESOLVED_AGREEMENT,False,3,,,,
883a533a8912df3be0d5,val,문구,T2 동의어,q_문구_03,문방구,생활·마트 중 '문구'를 판매·제공하는 매장,236628b5-5478-4dcc-b59a-4d1b3382fc9c,문영당,문구,상주중앙시장,전통시장,경상북도,3.0,3.0,,,RESOLVED_AGREEMENT,False,3,,,,
be8e3347cda8ad3987e4,val,문구,T2 동의어,q_문구_03,문방구,생활·마트 중 '문구'를 판매·제공하는 매장,8fad454e-9f56-47bf-8769-0f2b6a2c41ff,대림문구,문구,대림중앙시장,전통시장,서울특별시,3.0,3.0,,,RESOLVED_AGREEMENT,False,3,,,,
f1c2bae6b907cf1b15c2,val,문구,T2 동의어,q_문구_03,문방구,생활·마트 중 '문구'를 판매·제공하는 매장,b3c87b9d-558e-4696-a4fb-91f70bcc5833,정호당필방,문방사우 한국화 및 불화 재료,제2경주중심상가시장(경주봉황중심상가시장),전통시장,경상북도,0.0,0.0,,,RESOLVED_AGREEMENT,False,0,,,,
94f83c9e5c871eb5aa49,val,문구,T2 동의어,q_문구_03,문방구,생활·마트 중 '문구'를 판매·제공하는 매장,900e4b7d-8cae-4e33-a3eb-4d5fd0d25316,서변문구,문구,서변중앙시장,전통시장,대구광역시,3.0,3.0,,,RESOLVED_AGREEMENT,False,3,,,,
67c4cb7c64df51ba3f00,val,문구,T2 동의어,q_문구_03,문방구,생활·마트 중 '문구'를 판매·제공하는 매장,01d28297-9af9-4727-b3cf-00beb7650771,오뚜기문구,문방구,현대시장,전통시장,인천광역시,3.0,3.0,,,RESOLVED_AGREEMENT,False,3,,,,
f00c698563436dcacaa3,val,문구,T2 동의어,q_문구_03,문방구,생활·마트 중 '문구'를 판매·제공하는 매장,fc514f19-1cfe-4f94-84ec-1214584671b1,문구마트,문구,상도도깨비골목형상점가,골목형상점가,서울특별시,3.0,3.0,,,RESOLVED_AGREEMENT,False,3,,,,
083adf4738c4b3e459b2,val,문구,T2 동의어,q_문구_03,문방구,생활·마트 중 '문구'를 판매·제공하는 매장,f927de6e-2baf-47fd-8dc2-c9a5ab7e7f33,명신당,문방사우,백년소상공인,기타,서울특별시,0.0,0.0,,,RESOLVED_AGREEMENT,False,0,,,,
38838a4e7e81135ce178,val,문구,T2 동의어,q_문구_03,문방구,생활·마트 중 '문구'를 판매·제공하는 매장,014fc673-2f3b-48cf-a134-d5aebb132435,동성상회,야채,동두천중앙시장,전통시장,경기도,0.0,0.0,,,RESOLVED_AGREEMENT,False,0,,,,
a27ad36ad603e103546f,val,문구,T2 동의어,q_문구_03,문방구,생활·마트 중 '문구'를 판매·제공하는 매장,d3d2e2d8-eb67-4da0-92af-4a41c118b3cc,종이와 연필 문구,문구,법원 앞 사과마을 골목형상점가,골목형상점가,광주광역시,3.0,3.0,,,RESOLVED_AGREEMENT,False,3,,,,
bb72b8db1ba9dce5d4d0,val,문구,T2 동의어,q_문구_03,문방구,생활·마트 중 '문구'를 판매·제공하는 매장,7e368c22-09c2-49a6-a116-087d47993c2a,달콤문방구,,삼봉지구 골목형상점가,골목형상점가,전북특별자치도,3.0,3.0,,,RESOLVED_AGREEMENT,False,3,,,,
907a89420a371a01df6f,val,문구,T2 동의어,q_문구_03,문방구,생활·마트 중 '문구'를 판매·제공하는 매장,dae8be7e-aa2d-4c4d-86a3-5f39a47cb728,천전문구,문구,진주 동성상가,전통시장,경상남도,3.0,3.0,,,RESOLVED_AGREEMENT,False,3,,,,
0f4d2a0f277e7f00f372,val,문구,T2 동의어,q_문구_03,문방구,생활·마트 중 '문구'를 판매·제공하는 매장,0961cd03-6452-4d93-bd01-6a4d0bd92f5b,첨단임마누엘서점 임마누엘분식,서점문구분식,첨단부영 골목형상점가,골목형상점가,광주광역시,3.0,3.0,,,RESOLVED_AGREEMENT,False,3,,,,
633be2b958b512ae222a,val,문구,T2 동의어,q_문구_03,문방구,생활·마트 중 '문구'를 판매·제공하는 매장,c5004a98-b7f2-45ff-b9e7-918a9e9a3d60,문풍지,가구,성정가구거리상점가,자율상권구역,충청남도,0.0,0.0,,,RESOLVED_AGREEMENT,False,0,,,,
b2a98a2114c114f44b19,val,문구,T2 동의어,q_문구_03,문방구,생활·마트 중 '문구'를 판매·제공하는 매장,0b4bdfd4-7ffe-4bef-8a0a-a9a3ae1e54be,펀앤북,서점,광주역 복개로 골목형상점가,골목형상점가,광주광역시,1.0,2.0,,,P1_BINARY_THRESHOLD,True,,,,,
42e421211384d32cd6d2,val,문구,T2 동의어,q_문구_03,문방구,생활·마트 중 '문구'를 판매·제공하는 매장,008ab588-6383-4a08-8fdc-b76678a155dc,모든오피스 분당점,문구제본사무용품,분당우성시장,전통시장,경기도,3.0,3.0,,,RESOLVED_AGREEMENT,False,3,,,,
017e9cbd93170c5f3686,val,문구,T2 동의어,q_문구_03,문방구,생활·마트 중 '문구'를 판매·제공하는 매장,cf3a95da-58bf-4407-87c7-34d1a1e2cfd7,아더루에,일반미용업,석세스,골목형상점가,광주광역시,0.0,0.0,,,RESOLVED_AGREEMENT,False,0,,,,
85f2ec7440a598fecde1,val,문구,T2 동의어,q_문구_03,문방구,생활·마트 중 '문구'를 판매·제공하는 매장,8fb5b7e8-24cf-49b6-8d79-7e10c34c5005,우성문구,문구,임방울거리2구역 골목형상점가,골목형상점가,광주광역시,3.0,3.0,,,RESOLVED_AGREEMENT,False,3,,,,
335311637a1b96ff6307,val,문구,T2 동의어,q_문구_03,문방구,생활·마트 중 '문구'를 판매·제공하는 매장,7be335d1-f080-42fd-bb74-84fea4e22979,부산메리야스,내의,충무동골목시장,전통시장,부산광역시,0.0,0.0,,,RESOLVED_AGREEMENT,False,0,,,,
a485220d75bbda6769a9,val,문구,T2 동의어,q_문구_03,문방구,생활·마트 중 '문구'를 판매·제공하는 매장,c5c618df-d4dd-4202-b0f5-ef3cf006bdfc,풍성문구,문구,자양로13길골목형상점가,골목형상점가,서울특별시,3.0,3.0,,,RESOLVED_AGREEMENT,False,3,,,,
010239285560fceabd8d,val,문구,T2 동의어,q_문구_03,문방구,생활·마트 중 '문구'를 판매·제공하는 매장,b4d4d26b-866f-4ce2-b512-3c5d2cec2976,가죽갤러리,가방구두,안양아크로상가골목형상점가,골목형상점가,경기도,0.0,0.0,,,RESOLVED_AGREEMENT,False,0,,,,
cacc6ebfeb24a1915bac,val,문구,T2 동의어,q_문구_03,문방구,생활·마트 중 '문구'를 판매·제공하는 매장,2411b823-b5a9-4b8a-b87e-0428f66a8d14,영재문구,문구,세종대평시장,전통시장,세종특별자치시,3.0,3.0,,,RESOLVED_AGREEMENT,False,3,,,,
4f856bfd76d4f7eba405,val,문구,T2 동의어,q_문구_03,문방구,생활·마트 중 '문구'를 판매·제공하는 매장,27d9f649-80f5-45fa-a068-4584b68e04e7,레츠고경동협동조합,문방구 및 야시장 운영,경동시장,전통시장,서울특별시,3.0,3.0,,,RESOLVED_AGREEMENT,False,3,,,,
99e10b5eb073ae8ccedc,val,문구,T2 동의어,q_문구_03,문방구,생활·마트 중 '문구'를 판매·제공하는 매장,80a84304-9e82-4d92-8509-a8a87e7789b1,문화사,문구,부평 문화의거리,전통시장,인천광역시,3.0,3.0,,,RESOLVED_AGREEMENT,False,3,,,,
66a955c010deaf3a0eff,val,문구,T2 동의어,q_문구_03,문방구,생활·마트 중 '문구'를 판매·제공하는 매장,2219a2e5-9db8-4838-9e1c-503c7edf2aec,현정문방구,문구,평택국제중앙시장,전통시장,경기도,3.0,3.0,,,RESOLVED_AGREEMENT,False,3,,,,
a67ec24cdf4d228dc1d2,val,문구,T2 동의어,q_문구_03,문방구,생활·마트 중 '문구'를 판매·제공하는 매장,022101db-07cf-4546-b3cf-183a54f16b56,삼양마크사,"문구, 잡화",충장로45가 상점가,자율상권구역,광주광역시,3.0,3.0,,,RESOLVED_AGREEMENT,False,3,,,,
d4a96ec635c1a6b16295,val,문구,T2 동의어,q_문구_03,문방구,생활·마트 중 '문구'를 판매·제공하는 매장,12ba48f5-e450-4575-a5ba-5051298d3b4e,문구클럽,문구,옥련시장,전통시장,인천광역시,3.0,3.0,,,RESOLVED_AGREEMENT,False,3,,,,
b11aafe1e609ad8ea142,val,문구,T2 동의어,q_문구_03,문방구,생활·마트 중 '문구'를 판매·제공하는 매장,6e40353a-f1fd-443e-aa1a-46ef23f3b1ad,문구나라,문구,대성상가 골목형상점가,골목형상점가,부산광역시,3.0,3.0,,,RESOLVED_AGREEMENT,False,3,,,,
f60aac78c22dc7f4daf6,val,문구,T2 동의어,q_문구_03,문방구,생활·마트 중 '문구'를 판매·제공하는 매장,6dec4f14-d8d5-406a-914d-eaa3f5d217ce,오피스디포 세종청사점,문방구,가름로 골목형상점가,골목형상점가,세종특별자치시,3.0,3.0,,,RESOLVED_AGREEMENT,False,3,,,,
260cfe152d8bb6ba7901,val,문구,T2 동의어,q_문구_03,문방구,생활·마트 중 '문구'를 판매·제공하는 매장,8b6964f9-458b-4984-a0f0-7be3d5f85faa,참사랑서점.문구,문구,"운남4,5단지 골목형상점가",골목형상점가,광주광역시,3.0,3.0,,,RESOLVED_AGREEMENT,False,3,,,,
a30dd045f84747660c3a,val,문구,T2 동의어,q_문구_03,문방구,생활·마트 중 '문구'를 판매·제공하는 매장,3d50695b-325d-4273-8da1-2c62277b16fe,영신문구,문구,포항죽도시장,전통시장,경상북도,3.0,3.0,,,RESOLVED_AGREEMENT,False,3,,,,
4722aa5aaad66b329b7f,val,문구,T2 동의어,q_문구_03,문방구,생활·마트 중 '문구'를 판매·제공하는 매장,33799bee-3a18-41ff-b740-90c48c2983c9,성포문방구,,거제 성포 골목형상점가,골목형상점가,경상남도,3.0,3.0,,,RESOLVED_AGREEMENT,False,3,,,,
273c964050c36741ed13,val,문구,T2 동의어,q_문구_03,문방구,생활·마트 중 '문구'를 판매·제공하는 매장,9ac49cd6-25bc-4216-a3cf-1fce72d41361,유망사문구,문방구,부전농수산물새벽시장,전통시장,부산광역시,3.0,3.0,,,RESOLVED_AGREEMENT,False,3,,,,
4b452d7f18bd01b040d1,val,문구,T2 동의어,q_문구_03,문방구,생활·마트 중 '문구'를 판매·제공하는 매장,0501e2b5-7c47-4a66-a02e-d3d6bd980eaf,곰방구,문구용품 및 회화용품 소매업,효천2지구 골목형상점가,골목형상점가,광주광역시,3.0,3.0,,,RESOLVED_AGREEMENT,False,3,,,,
dbfdcac63380c185d7b8,val,문구,T2 동의어,q_문구_03,문방구,생활·마트 중 '문구'를 판매·제공하는 매장,7e1516b5-414a-4dbb-b918-345429d9814e,냥냥문방구(용봉점),문구,용봉지구 골목형상점가,골목형상점가,광주광역시,3.0,3.0,,,RESOLVED_AGREEMENT,False,3,,,,
6bf973274bd5acf5128b,val,문구,T4 구어·문장,q_문구_04,문구 사는 데,생활·마트 중 '문구'를 판매·제공하는 매장,c74d8dbf-cc3c-4a55-a196-68dd9d066787,조이문구,문구,운남더존 골목형상점가,골목형상점가,광주광역시,3.0,3.0,,,RESOLVED_AGREEMENT,False,3,,,,
c05af486c11e8bd5eaa0,val,문구,T4 구어·문장,q_문구_04,문구 사는 데,생활·마트 중 '문구'를 판매·제공하는 매장,e9c38824-9001-4bee-a130-49975cc44dfd,번영문구,문구,개봉입구골목상가 골목형상점가,골목형상점가,서울특별시,3.0,3.0,,,RESOLVED_AGREEMENT,False,3,,,,
184e17b338585d9c60be,val,문구,T4 구어·문장,q_문구_04,문구 사는 데,생활·마트 중 '문구'를 판매·제공하는 매장,8fb5b7e8-24cf-49b6-8d79-7e10c34c5005,우성문구,문구,임방울거리2구역 골목형상점가,골목형상점가,광주광역시,3.0,3.0,,,RESOLVED_AGREEMENT,False,3,,,,
95ec22eeb90c0a995669,val,문구,T4 구어·문장,q_문구_04,문구 사는 데,생활·마트 중 '문구'를 판매·제공하는 매장,e592cb26-433c-4869-aebd-84347df0ad67,신창문구,문구,부산국제시장,전통시장,부산광역시,3.0,3.0,,,RESOLVED_AGREEMENT,False,3,,,,
6a5102b292abfae638d1,val,문구,T4 구어·문장,q_문구_04,문구 사는 데,생활·마트 중 '문구'를 판매·제공하는 매장,6e628890-7ce7-46d2-8056-f6fcb8615559,한국문구,문구,중앙종합시장,전통시장,대전광역시,3.0,3.0,,,RESOLVED_AGREEMENT,False,3,,,,
814d49ef414d0509d15b,val,문구,T4 구어·문장,q_문구_04,문구 사는 데,생활·마트 중 '문구'를 판매·제공하는 매장,65524fe3-c0b2-4802-b998-34503b9e9bcf,미래문구,문구,배방상점가,자율상권구역,충청남도,3.0,3.0,,,RESOLVED_AGREEMENT,False,3,,,,
c65ff3ed202ec347a8bf,val,문구,T4 구어·문장,q_문구_04,문구 사는 데,생활·마트 중 '문구'를 판매·제공하는 매장,12ba48f5-e450-4575-a5ba-5051298d3b4e,문구클럽,문구,옥련시장,전통시장,인천광역시,3.0,3.0,,,RESOLVED_AGREEMENT,False,3,,,,
bee1606429e9cf8899bc,val,문구,T4 구어·문장,q_문구_04,문구 사는 데,생활·마트 중 '문구'를 판매·제공하는 매장,022101db-07cf-4546-b3cf-183a54f16b56,삼양마크사,"문구, 잡화",충장로45가 상점가,자율상권구역,광주광역시,3.0,3.0,,,RESOLVED_AGREEMENT,False,3,,,,
b6ab27a64288a352d3bb,val,문구,T4 구어·문장,q_문구_04,문구 사는 데,생활·마트 중 '문구'를 판매·제공하는 매장,0b4bdfd4-7ffe-4bef-8a0a-a9a3ae1e54be,펀앤북,서점,광주역 복개로 골목형상점가,골목형상점가,광주광역시,1.0,2.0,,,P1_BINARY_THRESHOLD,True,,,,,
e97c9f08b6411831ccc7,val,문구,T4 구어·문장,q_문구_04,문구 사는 데,생활·마트 중 '문구'를 판매·제공하는 매장,6549bd5b-225b-4c30-a03b-78537f1a644f,옥천,문구,통영 충무데파트,자율상권구역,경상남도,3.0,3.0,,,RESOLVED_AGREEMENT,False,3,,,,
2d146894a448a50a2f38,val,문구,T4 구어·문장,q_문구_04,문구 사는 데,생활·마트 중 '문구'를 판매·제공하는 매장,95393299-3adf-432f-9fb9-e954a5affdcc,무등문구,문구 완구,화정한울타리상인회 골목형상점가,골목형상점가,광주광역시,3.0,3.0,,,RESOLVED_AGREEMENT,False,3,,,,
f16ef8916c9335c0c9c7,val,문구,T4 구어·문장,q_문구_04,문구 사는 데,생활·마트 중 '문구'를 판매·제공하는 매장,1f97beae-6200-4322-9444-b6ecdfbff6cb,알파문구,문구,순헌황귀비길 골목형상점가,골목형상점가,서울특별시,3.0,3.0,,,RESOLVED_AGREEMENT,False,3,,,,
aebe07cb7b4453aa639f,val,문구,T4 구어·문장,q_문구_04,문구 사는 데,생활·마트 중 '문구'를 판매·제공하는 매장,0116d1e6-1e97-4150-b153-e21e3c62cef4,샘솟네완구,문구,양평물맑은시장,전통시장,경기도,3.0,3.0,,,RESOLVED_AGREEMENT,False,3,,,,
bceae59b0350461b2430,val,문구,T4 구어·문장,q_문구_04,문구 사는 데,생활·마트 중 '문구'를 판매·제공하는 매장,67b3178c-c9cc-4a40-91ac-35b85ca40663,주야상회,어패류,부산자갈밭시장,전통시장,부산광역시,0.0,0.0,,,RESOLVED_AGREEMENT,False,0,,,,
983531abdbfb07b32fd7,val,문구,T4 구어·문장,q_문구_04,문구 사는 데,생활·마트 중 '문구'를 판매·제공하는 매장,008ab588-6383-4a08-8fdc-b76678a155dc,모든오피스 분당점,문구제본사무용품,분당우성시장,전통시장,경기도,3.0,3.0,,,RESOLVED_AGREEMENT,False,3,,,,
ade09f8cd5f820e16fa9,val,문구,T4 구어·문장,q_문구_04,문구 사는 데,생활·마트 중 '문구'를 판매·제공하는 매장,6dec4f14-d8d5-406a-914d-eaa3f5d217ce,오피스디포 세종청사점,문방구,가름로 골목형상점가,골목형상점가,세종특별자치시,3.0,3.0,,,RESOLVED_AGREEMENT,False,3,,,,
2d6fb624c0b00c8cf356,val,문구,T4 구어·문장,q_문구_04,문구 사는 데,생활·마트 중 '문구'를 판매·제공하는 매장,082b71b1-ffca-4658-9ee3-0470cdd3e87a,대동문구,문구,부산자유시장,전통시장,부산광역시,3.0,3.0,,,RESOLVED_AGREEMENT,False,3,,,,
89f0be5fc594f42f7bd6,val,문구,T4 구어·문장,q_문구_04,문구 사는 데,생활·마트 중 '문구'를 판매·제공하는 매장,27d9f649-80f5-45fa-a068-4584b68e04e7,레츠고경동협동조합,문방구 및 야시장 운영,경동시장,전통시장,서울특별시,3.0,3.0,,,RESOLVED_AGREEMENT,False,3,,,,
1f357316f34105b51b86,val,문구,T4 구어·문장,q_문구_04,문구 사는 데,생활·마트 중 '문구'를 판매·제공하는 매장,bbc015c0-9d17-40e2-81c6-251554692d45,에보니북스(EBONY AND IVORY),서적,신부유람단골목형상점가,골목형상점가,충청남도,0.0,0.0,,,RESOLVED_AGREEMENT,False,0,,,,
23040885870e7514ba9b,val,문구,T4 구어·문장,q_문구_04,문구 사는 데,생활·마트 중 '문구'를 판매·제공하는 매장,435a9bb4-4b7b-4662-9f8b-d0a6001f3cfc,대도문구,문구,남성사계시장,전통시장,서울특별시,3.0,3.0,,,RESOLVED_AGREEMENT,False,3,,,,
69863da71af457e5b0e0,val,문구,T4 구어·문장,q_문구_04,문구 사는 데,생활·마트 중 '문구'를 판매·제공하는 매장,8ed96dd7-7ac5-4dc4-b11e-433b4de41123,창성문구,문구,속초중앙전통시장,전통시장,강원특별자치도,3.0,3.0,,,RESOLVED_AGREEMENT,False,3,,,,
22b28c9b49051dcc4de9,val,문구,T4 구어·문장,q_문구_04,문구 사는 데,생활·마트 중 '문구'를 판매·제공하는 매장,6e40353a-f1fd-443e-aa1a-46ef23f3b1ad,문구나라,문구,대성상가 골목형상점가,골목형상점가,부산광역시,3.0,3.0,,,RESOLVED_AGREEMENT,False,3,,,,
550d6776af9d70c1c0be,val,문구,T4 구어·문장,q_문구_04,문구 사는 데,생활·마트 중 '문구'를 판매·제공하는 매장,0082c797-13a0-4f77-a6cc-f608ac85460a,펜공주,문구,상계주공15단지상가,기타,서울특별시,3.0,3.0,,,RESOLVED_AGREEMENT,False,3,,,,
f66f1739e163231580b4,val,문구,T4 구어·문장,q_문구_04,문구 사는 데,생활·마트 중 '문구'를 판매·제공하는 매장,3d50695b-325d-4273-8da1-2c62277b16fe,영신문구,문구,포항죽도시장,전통시장,경상북도,3.0,3.0,,,RESOLVED_AGREEMENT,False,3,,,,
91e661252a4df59170cc,val,문구,T4 구어·문장,q_문구_04,문구 사는 데,생활·마트 중 '문구'를 판매·제공하는 매장,8bf6b3b1-7e7b-41c9-a8b2-012f571b43d5,큰별문구,문구,큰별초 골목형상점가,골목형상점가,광주광역시,3.0,3.0,,,RESOLVED_AGREEMENT,False,3,,,,
e1fb5cb25a1c7de92259,val,문구,T4 구어·문장,q_문구_04,문구 사는 데,생활·마트 중 '문구'를 판매·제공하는 매장,75af2190-529d-401e-890a-beb00131584f,프롬,문구,백년소상공인,기타,경기도,3.0,3.0,,,RESOLVED_AGREEMENT,False,3,,,,
f5815bc8d33f9433a22e,val,문구,T4 구어·문장,q_문구_04,문구 사는 데,생활·마트 중 '문구'를 판매·제공하는 매장,33799bee-3a18-41ff-b740-90c48c2983c9,성포문방구,,거제 성포 골목형상점가,골목형상점가,경상남도,3.0,3.0,,,RESOLVED_AGREEMENT,False,3,,,,
961fada364a7963fa4bc,val,문구,T4 구어·문장,q_문구_04,문구 사는 데,생활·마트 중 '문구'를 판매·제공하는 매장,8fad454e-9f56-47bf-8769-0f2b6a2c41ff,대림문구,문구,대림중앙시장,전통시장,서울특별시,3.0,3.0,,,RESOLVED_AGREEMENT,False,3,,,,
4f60ef1a421dbe9f0636,val,문구,T4 구어·문장,q_문구_04,문구 사는 데,생활·마트 중 '문구'를 판매·제공하는 매장,c1b563a3-cd93-40c4-8a51-87a1f9e39cfd,조양문구,문구,동대문문구완구거리,자율상권구역,서울특별시,3.0,3.0,,,RESOLVED_AGREEMENT,False,3,,,,
858c5f1fe257a29e5a52,val,문구,T4 구어·문장,q_문구_04,문구 사는 데,생활·마트 중 '문구'를 판매·제공하는 매장,cb6bed09-644a-4b8b-b9a3-3d6a77f19467,면일문구,문구,동원전통종합시장,전통시장,서울특별시,3.0,3.0,,,RESOLVED_AGREEMENT,False,3,,,,
18399b085081d4e93668,val,문구,T4 구어·문장,q_문구_04,문구 사는 데,생활·마트 중 '문구'를 판매·제공하는 매장,fc514f19-1cfe-4f94-84ec-1214584671b1,문구마트,문구,상도도깨비골목형상점가,골목형상점가,서울특별시,3.0,3.0,,,RESOLVED_AGREEMENT,False,3,,,,
d8f0e419153e7f967ad0,val,문구,T4 구어·문장,q_문구_04,문구 사는 데,생활·마트 중 '문구'를 판매·제공하는 매장,77ec1b74-c6dd-44db-a8da-7c13ac8d3c9d,알파문구,문구,단국대 앞 골목형상점가,골목형상점가,경기도,3.0,3.0,,,RESOLVED_AGREEMENT,False,3,,,,
66d8aa2c17ba7ae3d1ea,val,문구,T4 구어·문장,q_문구_04,문구 사는 데,생활·마트 중 '문구'를 판매·제공하는 매장,01d28297-9af9-4727-b3cf-00beb7650771,오뚜기문구,문방구,현대시장,전통시장,인천광역시,3.0,3.0,,,RESOLVED_AGREEMENT,False,3,,,,
a0c6e084206f64a748a1,val,문구,T4 구어·문장,q_문구_04,문구 사는 데,생활·마트 중 '문구'를 판매·제공하는 매장,001e2bb1-a72f-4696-8728-00fa66173e9e,문창문구,문구용품,창선상가,전통시장,부산광역시,3.0,3.0,,,RESOLVED_AGREEMENT,False,3,,,,
a9b9c7d077c0f869e142,val,문구,T4 구어·문장,q_문구_04,문구 사는 데,생활·마트 중 '문구'를 판매·제공하는 매장,bdb27b8c-159a-4911-aad5-5f6be94cf141,데일리,여성의류,온택트 괴정스마트 상권활성화구역,상권활성화구역,부산광역시,0.0,0.0,,,RESOLVED_AGREEMENT,False,0,,,,
0d23045fbe5cce792834,val,문구,T4 구어·문장,q_문구_04,문구 사는 데,생활·마트 중 '문구'를 판매·제공하는 매장,04961d72-f5b3-4605-86f3-8130ded3e312,본도시락성서점,,성서우방 골목형상점가,골목형상점가,대구광역시,1.0,2.0,,,P1_BINARY_THRESHOLD,True,,,,,
17747eaa5f5e3e546d3c,val,문구,T4 구어·문장,q_문구_04,문구 사는 데,생활·마트 중 '문구'를 판매·제공하는 매장,2f2ffafb-05d5-460b-b74c-c90d6e47b77b,신가문구,문구,신가동 골목형상점가,골목형상점가,광주광역시,3.0,3.0,,,RESOLVED_AGREEMENT,False,3,,,,
7c756975dc1b27b73c43,val,문구,T4 구어·문장,q_문구_04,문구 사는 데,생활·마트 중 '문구'를 판매·제공하는 매장,2411b823-b5a9-4b8a-b87e-0428f66a8d14,영재문구,문구,세종대평시장,전통시장,세종특별자치시,3.0,3.0,,,RESOLVED_AGREEMENT,False,3,,,,
d8b7ec86671a3be51691,val,문구,T4 구어·문장,q_문구_04,문구 사는 데,생활·마트 중 '문구'를 판매·제공하는 매장,36a37486-d600-4475-b0d3-d1c379c4d8c7,온천문구,문구,온양온천역 골목형 상점가,골목형상점가,충청남도,3.0,3.0,,,RESOLVED_AGREEMENT,False,3,,,,
7de27a5cf760e8518337,val,문구,T4 구어·문장,q_문구_04,문구 사는 데,생활·마트 중 '문구'를 판매·제공하는 매장,00f27b43-2d95-45b2-8e80-16eb91994002,비앤비기프트,"문구, 판촉물",김포중앙시장,전통시장,경기도,3.0,3.0,,,RESOLVED_AGREEMENT,False,3,,,,
db3309ed75983fddbcab,val,문구,T4 구어·문장,q_문구_04,문구 사는 데,생활·마트 중 '문구'를 판매·제공하는 매장,036bd4c0-772b-4e73-9bad-f87f54783c77,상록수 서점문구,"서적, 문구",양주신산시장마을상점가,골목형상점가,경기도,3.0,3.0,,,RESOLVED_AGREEMENT,False,3,,,,
0ad8eda42768e8f7d915,val,문구,T4 구어·문장,q_문구_04,문구 사는 데,생활·마트 중 '문구'를 판매·제공하는 매장,f67e4037-494a-4cea-93dc-f02d56aacdef,화원문구,문구,수원영동시장,전통시장,경기도,3.0,3.0,,,RESOLVED_AGREEMENT,False,3,,,,
7794a46e66466f1a9fcb,val,문구,T4 구어·문장,q_문구_04,문구 사는 데,생활·마트 중 '문구'를 판매·제공하는 매장,69be9b74-b5b9-4f7a-8a00-f7b185bc7d4c,일진문구,문구,송정중앙 골목형상점가,골목형상점가,광주광역시,3.0,3.0,,,RESOLVED_AGREEMENT,False,3,,,,
004cde2cb72fef26799b,val,문구,T4 구어·문장,q_문구_04,문구 사는 데,생활·마트 중 '문구'를 판매·제공하는 매장,19489be8-6d07-4420-b470-2789da78c6c2,롯데서점,문구,롯데 리치빌골목형상점가,골목형상점가,대전광역시,3.0,3.0,,,RESOLVED_AGREEMENT,False,3,,,,
fc2eddd601fb2ffb293d,val,문구,T4 구어·문장,q_문구_04,문구 사는 데,생활·마트 중 '문구'를 판매·제공하는 매장,45a08ed7-71ff-4fd7-b55f-0b0d79cd4c3a,알파문구,문구,인제시장,전통시장,강원특별자치도,3.0,3.0,,,RESOLVED_AGREEMENT,False,3,,,,
d3185ba67f4ea120a083,val,문구,T4 구어·문장,q_문구_04,문구 사는 데,생활·마트 중 '문구'를 판매·제공하는 매장,25c6e190-e88c-4273-a766-fe0a5b02662f,우리문구,문구,원통시장,전통시장,강원특별자치도,3.0,3.0,,,RESOLVED_AGREEMENT,False,3,,,,
e3ba9d723448cacf289f,val,문구,T4 구어·문장,q_문구_04,문구 사는 데,생활·마트 중 '문구'를 판매·제공하는 매장,281e7a67-f626-4496-a83d-d1308678821d,제일문구,문구,전북대대학로상점가,자율상권구역,전북특별자치도,3.0,3.0,,,RESOLVED_AGREEMENT,False,3,,,,
536db8fa2138a9470e07,val,문구,T4 구어·문장,q_문구_04,문구 사는 데,생활·마트 중 '문구'를 판매·제공하는 매장,dae8be7e-aa2d-4c4d-86a3-5f39a47cb728,천전문구,문구,진주 동성상가,전통시장,경상남도,3.0,3.0,,,RESOLVED_AGREEMENT,False,3,,,,
da537d60ab9a26b6fc9c,val,문구,T4 구어·문장,q_문구_04,문구 사는 데,생활·마트 중 '문구'를 판매·제공하는 매장,ffe5acb3-447e-4431-ab76-b4d97bd3a482,별무리,문구,아리랑거리,전통시장,부산광역시,3.0,3.0,,,RESOLVED_AGREEMENT,False,3,,,,
b6746d0bec9e5e65894d,val,문구,T4 구어·문장,q_문구_04,문구 사는 데,생활·마트 중 '문구'를 판매·제공하는 매장,71041e2a-1089-48b7-aeca-510cb42124f2,대광공예문구,"공에품, 문구",북동 골목형상점가,골목형상점가,광주광역시,3.0,3.0,,,RESOLVED_AGREEMENT,False,3,,,,
54f46ddc45c1a47bbea9,val,문구,T4 구어·문장,q_문구_04,문구 사는 데,생활·마트 중 '문구'를 판매·제공하는 매장,816b1d1d-7525-4175-a514-0a1c9bfac075,다보문구 일,문구,슬로시티창평 골목형상점가,골목형상점가,전라남도,3.0,3.0,,,RESOLVED_AGREEMENT,False,3,,,,
47379c9036f5df0fce30,val,문구,T4 구어·문장,q_문구_04,문구 사는 데,생활·마트 중 '문구'를 판매·제공하는 매장,fe4b6429-d32d-4589-9e3e-f4c09b1aa2a2,친선문구,문구,금촌명동로시장,전통시장,경기도,3.0,3.0,,,RESOLVED_AGREEMENT,False,3,,,,
68f375050beec2f7bfa2,val,문구,T4 구어·문장,q_문구_04,문구 사는 데,생활·마트 중 '문구'를 판매·제공하는 매장,193f3a3b-a731-4017-a3de-49f7ccff1a26,미화문방구,문방구,거제 능포 골목형상점가,골목형상점가,경상남도,3.0,3.0,,,RESOLVED_AGREEMENT,False,3,,,,
1355a8b98d54817b6c45,val,문구,T4 구어·문장,q_문구_04,문구 사는 데,생활·마트 중 '문구'를 판매·제공하는 매장,6899eaa3-047d-4787-8044-371766cd162f,영재문구,문구,월드상가골목형상점가,골목형상점가,인천광역시,3.0,3.0,,,RESOLVED_AGREEMENT,False,3,,,,
a9d538e99174a5415d5d,val,문구,T4 구어·문장,q_문구_04,문구 사는 데,생활·마트 중 '문구'를 판매·제공하는 매장,b701dd45-14ee-4f50-82c2-8dc9beaa62a8,영아트문구,문구,석적로강변 골목형상점가,골목형상점가,경상북도,3.0,3.0,,,RESOLVED_AGREEMENT,False,3,,,,
411e1fe3a5230aa1063d,val,문구,T4 구어·문장,q_문구_04,문구 사는 데,생활·마트 중 '문구'를 판매·제공하는 매장,a04ed0df-1df4-46e3-96c5-7d8618942cf4,치평문구,문구,치평동아파트연합상인회 골목형상점가,골목형상점가,광주광역시,3.0,3.0,,,RESOLVED_AGREEMENT,False,3,,,,
88aeaa16743d529b1a14,val,문구,T4 구어·문장,q_문구_04,문구 사는 데,생활·마트 중 '문구'를 판매·제공하는 매장,0961cd03-6452-4d93-bd01-6a4d0bd92f5b,첨단임마누엘서점 임마누엘분식,서점문구분식,첨단부영 골목형상점가,골목형상점가,광주광역시,3.0,3.0,,,RESOLVED_AGREEMENT,False,3,,,,
fb18e37913c36b07da7a,val,문구,T4 구어·문장,q_문구_04,문구 사는 데,생활·마트 중 '문구'를 판매·제공하는 매장,6412e193-2f9d-4a8e-88bb-8ab9616c4755,연일문구,문구,연일시장,전통시장,부산광역시,3.0,3.0,,,RESOLVED_AGREEMENT,False,3,,,,
278eef58effc7fbf62a0,val,문구,T4 구어·문장,q_문구_04,문구 사는 데,생활·마트 중 '문구'를 판매·제공하는 매장,bb04ad75-71c0-4e46-bae2-41cb208794f6,예문사,문구,명덕마을 골목형상점가,골목형상점가,울산광역시,3.0,3.0,,,RESOLVED_AGREEMENT,False,3,,,,
8d58e470b45e59886145,val,문구,T4 구어·문장,q_문구_04,문구 사는 데,생활·마트 중 '문구'를 판매·제공하는 매장,0a55ce53-29fe-42e8-8305-303701bbf348,무주서점,서점,무주반딧불상권활성화구역,상권활성화구역,전북특별자치도,1.0,2.0,,,P1_BINARY_THRESHOLD,True,,,,,
fa8d22c9edc2e0ef7c90,val,문구,T4 구어·문장,q_문구_04,문구 사는 데,생활·마트 중 '문구'를 판매·제공하는 매장,3b9d123f-bdd6-48a4-93f1-c130ac594101,타요타요 문구,문구,"일곡동(제7지역:대림1,현대2,진로,대우,한일)",골목형상점가,광주광역시,3.0,3.0,,,RESOLVED_AGREEMENT,False,3,,,,
9ab94b4441d5b678b78b,val,문구,T4 구어·문장,q_문구_04,문구 사는 데,생활·마트 중 '문구'를 판매·제공하는 매장,72bdaef8-d530-4681-8d86-64c4be4ce31d,원진토굴새우젓,새우젓,광천전통시장,전통시장,충청남도,0.0,0.0,,,RESOLVED_AGREEMENT,False,0,,,,
b5c3802d1230ab409afb,val,문구,T4 구어·문장,q_문구_04,문구 사는 데,생활·마트 중 '문구'를 판매·제공하는 매장,b0f1bcd2-5a15-4085-9ba3-0425abb81cd1,현대문구,문구,제2경주중심상가시장(경주봉황중심상가시장),전통시장,경상북도,3.0,3.0,,,RESOLVED_AGREEMENT,False,3,,,,
64b6bee3e838414754c3,val,문구,T4 구어·문장,q_문구_04,문구 사는 데,생활·마트 중 '문구'를 판매·제공하는 매장,56a66e3d-058d-4935-b37d-d2cb591fcf8e,무지개문구,문구,농성세대공감상인회 골목형상점가,골목형상점가,광주광역시,3.0,3.0,,,RESOLVED_AGREEMENT,False,3,,,,
c96857163a3381551a22,val,문구,T4 구어·문장,q_문구_04,문구 사는 데,생활·마트 중 '문구'를 판매·제공하는 매장,b001504b-86c2-46b6-8b38-f20f7024b300,클락글라스,안경,포수말 골목형상점가,골목형상점가,서울특별시,0.0,0.0,,,RESOLVED_AGREEMENT,False,0,,,,
3954153804a2eed65e3b,val,문구,T4 구어·문장,q_문구_04,문구 사는 데,생활·마트 중 '문구'를 판매·제공하는 매장,755783c5-f128-4b55-b221-bdef28978c4e,사랑문구,문구,인후동1가 골목형상점가,골목형상점가,전북특별자치도,3.0,3.0,,,RESOLVED_AGREEMENT,False,3,,,,
4fbf30c11da9df47b2de,val,문구,T4 구어·문장,q_문구_04,문구 사는 데,생활·마트 중 '문구'를 판매·제공하는 매장,14e71015-6ca8-4e99-8be3-a6d85f8f4dc7,행복한서점 이동점,서점,포항 대이상가 골목형상점가,골목형상점가,경상북도,1.0,2.0,,,P1_BINARY_THRESHOLD,True,,,,,
07be4e43f86eb05748d3,val,문구,T4 구어·문장,q_문구_04,문구 사는 데,생활·마트 중 '문구'를 판매·제공하는 매장,852441e9-ffef-4419-aa1e-5aa4a0d145c4,대우종합석유얼음,얼음,평택통복시장,전통시장,경기도,0.0,0.0,,,RESOLVED_AGREEMENT,False,0,,,,
eeae13c885128f4b5fa9,val,문구,T4 구어·문장,q_문구_04,문구 사는 데,생활·마트 중 '문구'를 판매·제공하는 매장,900e4b7d-8cae-4e33-a3eb-4d5fd0d25316,서변문구,문구,서변중앙시장,전통시장,대구광역시,3.0,3.0,,,RESOLVED_AGREEMENT,False,3,,,,
d75d6837282687e97520,val,문구,T4 구어·문장,q_문구_04,문구 사는 데,생활·마트 중 '문구'를 판매·제공하는 매장,eb827655-46b0-4d78-93ac-b3ba30f9fb4a,커피리더,커피,오치1동 골목형상점가,골목형상점가,광주광역시,0.0,0.0,,,RESOLVED_AGREEMENT,False,0,,,,
7fa7e036d44a44cc1be2,val,문구,T4 구어·문장,q_문구_04,문구 사는 데,생활·마트 중 '문구'를 판매·제공하는 매장,2254369e-2dd6-4f91-9b3d-5e4d3e7a5927,오뚜기. 문구. 완구,문구,상대원1동 해피마을 골목형상점가,골목형상점가,경기도,3.0,3.0,,,RESOLVED_AGREEMENT,False,3,,,,
a31b5b00011d96a597bc,val,문구,T4 구어·문장,q_문구_04,문구 사는 데,생활·마트 중 '문구'를 판매·제공하는 매장,010382b4-561d-43c7-848c-cdfed4f4d93d,문성당서점,서적 교육용씨디 비디오 문구 자료처리,부안석정 골목형상점가,골목형상점가,전북특별자치도,3.0,3.0,,,RESOLVED_AGREEMENT,False,3,,,,
b4ec0a422b465428f888,val,문구,T4 구어·문장,q_문구_04,문구 사는 데,생활·마트 중 '문구'를 판매·제공하는 매장,97fedbc5-f227-40ae-b351-f035ffcf754f,문정문구,문구,문흥1동 골목형상점가,골목형상점가,광주광역시,3.0,3.0,,,RESOLVED_AGREEMENT,False,3,,,,
42433474d393164e69e5,val,문구,T4 구어·문장,q_문구_04,문구 사는 데,생활·마트 중 '문구'를 판매·제공하는 매장,c5c618df-d4dd-4202-b0f5-ef3cf006bdfc,풍성문구,문구,자양로13길골목형상점가,골목형상점가,서울특별시,3.0,3.0,,,RESOLVED_AGREEMENT,False,3,,,,
dfb64342628c22ef72f2,val,문구,T4 구어·문장,q_문구_04,문구 사는 데,생활·마트 중 '문구'를 판매·제공하는 매장,981dd5d3-feee-4bfb-a0f5-cb48dc43e239,㈜한우리물산,도소매(농산물),서울약령시장,전통시장,서울특별시,0.0,0.0,,,RESOLVED_AGREEMENT,False,0,,,,
066e953bb30e42970658,val,문구,T4 구어·문장,q_문구_04,문구 사는 데,생활·마트 중 '문구'를 판매·제공하는 매장,e973721b-55ae-41a8-9d5c-3130aa13eb9b,신기문구,문구,주월1동회재로 골목형상점가,골목형상점가,광주광역시,3.0,3.0,,,RESOLVED_AGREEMENT,False,3,,,,
089fb4006c6fb5b9cf94,val,문구,T4 구어·문장,q_문구_05,학용품 파는 곳,생활·마트 중 '문구'를 판매·제공하는 매장,2f90f5b8-b8e2-4297-a675-5261c4c463ac,가온문구센타,"문구, 사무용품, 전산용품, DIY재료, 미술용품, 잡화, 학용품",나성중앙 골목형상점가,골목형상점가,세종특별자치시,3.0,3.0,,,RESOLVED_AGREEMENT,False,3,,,,
b8592d0661935df9a61f,val,문구,T4 구어·문장,q_문구_05,학용품 파는 곳,생활·마트 중 '문구'를 판매·제공하는 매장,04961d72-f5b3-4605-86f3-8130ded3e312,본도시락성서점,,성서우방 골목형상점가,골목형상점가,대구광역시,1.0,2.0,,,P1_BINARY_THRESHOLD,True,,,,,
d3b9d132dbe3a7ff8aa1,val,문구,T4 구어·문장,q_문구_05,학용품 파는 곳,생활·마트 중 '문구'를 판매·제공하는 매장,33799bee-3a18-41ff-b740-90c48c2983c9,성포문방구,,거제 성포 골목형상점가,골목형상점가,경상남도,2.0,3.0,,,P2_GRADED_ONLY,True,,,,,
1ddba8b6c850ed7b41ec,val,문구,T4 구어·문장,q_문구_05,학용품 파는 곳,생활·마트 중 '문구'를 판매·제공하는 매장,1eaf6dc3-f0f0-4350-8341-9f6f4334b965,다소곳,옷,전주모래내시장,전통시장,전북특별자치도,0.0,0.0,,,RESOLVED_AGREEMENT,False,0,,,,
0b6b291dc2ed3ea3bf7f,val,문구,T4 구어·문장,q_문구_05,학용품 파는 곳,생활·마트 중 '문구'를 판매·제공하는 매장,6dec4f14-d8d5-406a-914d-eaa3f5d217ce,오피스디포 세종청사점,문방구,가름로 골목형상점가,골목형상점가,세종특별자치시,2.0,3.0,,,P2_GRADED_ONLY,True,,,,,
ca08679c1f8cb9c50835,val,문구,T4 구어·문장,q_문구_05,학용품 파는 곳,생활·마트 중 '문구'를 판매·제공하는 매장,20e990e4-aaf3-4784-9ba0-caad51d06b23,곳간,한식,수완장덕 골목형상점가,골목형상점가,광주광역시,0.0,0.0,,,RESOLVED_AGREEMENT,False,0,,,,
47c5a5b049d68680434c,val,문구,T4 구어·문장,q_문구_05,학용품 파는 곳,생활·마트 중 '문구'를 판매·제공하는 매장,5f59c153-0ca4-4ba4-9f1c-e59663f9e5e2,꽃파는 카페 가배화,꽃가게,맛조이상인회 골목형상점가,골목형상점가,광주광역시,0.0,0.0,,,RESOLVED_AGREEMENT,False,0,,,,
17df9375a5c2385881ac,val,문구,T4 구어·문장,q_문구_05,학용품 파는 곳,생활·마트 중 '문구'를 판매·제공하는 매장,9d4bb925-2319-4e35-98e6-f44178e959f5,펀파티,파티용품 외,남대문시장,전통시장,서울특별시,0.0,0.0,,,RESOLVED_AGREEMENT,False,0,,,,
011a601192eccebf1ff7,val,문구,T4 구어·문장,q_문구_05,학용품 파는 곳,생활·마트 중 '문구'를 판매·제공하는 매장,ecf3246a-ed9b-4f87-a6f9-e5dc2f69ffd1,"다파농, 다파는 농부 수지구청점",,풍2동 골목형상점가,골목형상점가,경기도,,0.0,Y,,P0_UNCERTAIN_OR_MISSING,True,,,,,
9b97457390045e498cb5,val,문구,T4 구어·문장,q_문구_05,학용품 파는 곳,생활·마트 중 '문구'를 판매·제공하는 매장,19b6e5db-5866-4752-afed-7fa0dc010f81,곳간,한식,태화십리대밭먹거리단지 상점가,자율상권구역,울산광역시,0.0,0.0,,,RESOLVED_AGREEMENT,False,0,,,,
eaa389fe2d7a7eb57648,val,문구,T4 구어·문장,q_문구_05,학용품 파는 곳,생활·마트 중 '문구'를 판매·제공하는 매장,f08cd153-fa70-41b4-9ae0-78528ee26a23,파트라슈,애견용품,초록거리 골목형상점가,골목형상점가,경기도,0.0,0.0,,,RESOLVED_AGREEMENT,False,0,,,,
c806626b7c5ddaa96855,val,문구,T4 구어·문장,q_문구_05,학용품 파는 곳,생활·마트 중 '문구'를 판매·제공하는 매장,0a55ce53-29fe-42e8-8305-303701bbf348,무주서점,서점,무주반딧불상권활성화구역,상권활성화구역,전북특별자치도,1.0,2.0,,,P1_BINARY_THRESHOLD,True,,,,,
d2b92b95cdbb2b52bf75,val,문구,T4 구어·문장,q_문구_05,학용품 파는 곳,생활·마트 중 '문구'를 판매·제공하는 매장,c84bbc91-a91f-4c18-809a-9cb2b06c57d7,신진약국,의약품,산본로데오거리(구 산본중심상가),자율상권구역,경기도,0.0,0.0,,,RESOLVED_AGREEMENT,False,0,,,,
d073b9a27c8314abf214,val,문구,T4 구어·문장,q_문구_05,학용품 파는 곳,생활·마트 중 '문구'를 판매·제공하는 매장,0b32a94f-1db4-4174-9c51-32b14e4acf05,단비크레,파충류용품,빛가람 하나로 골목형상점가,골목형상점가,전라남도,0.0,0.0,,,RESOLVED_AGREEMENT,False,0,,,,
2e28886cc71eae4ce26e,val,문구,T4 구어·문장,q_문구_05,학용품 파는 곳,생활·마트 중 '문구'를 판매·제공하는 매장,2eda99e9-d674-4358-b948-31fc2cb5d2e3,파티팡24 천안점,파티용품,두정동상점가,자율상권구역,충청남도,0.0,0.0,,,RESOLVED_AGREEMENT,False,0,,,,
ac43aef05b84b09ccf39,val,문구,T4 구어·문장,q_문구_05,학용품 파는 곳,생활·마트 중 '문구'를 판매·제공하는 매장,f5734d5a-fca6-48c0-a15e-1ae820816050,틴스타드림디포서구점,문구 사무 학용품 생활용품,상무쌍촌역상인회 골목형상점가,골목형상점가,광주광역시,3.0,3.0,,,RESOLVED_AGREEMENT,False,3,,,,
a046b0841f50f85f2144,val,문구,T4 구어·문장,q_문구_05,학용품 파는 곳,생활·마트 중 '문구'를 판매·제공하는 매장,27d9f649-80f5-45fa-a068-4584b68e04e7,레츠고경동협동조합,문방구 및 야시장 운영,경동시장,전통시장,서울특별시,2.0,3.0,,,P2_GRADED_ONLY,True,,,,,
9378af09dae440647b01,val,문구,T4 구어·문장,q_문구_05,학용품 파는 곳,생활·마트 중 '문구'를 판매·제공하는 매장,cb15e2d0-9357-4e06-9f00-880705012933,땅파서 폰파는 집(사직점),,사직거인 골목형상점가,골목형상점가,부산광역시,,0.0,Y,,P0_UNCERTAIN_OR_MISSING,True,,,,,
31bf27b668b92f569e72,val,문구,T4 구어·문장,q_문구_05,학용품 파는 곳,생활·마트 중 '문구'를 판매·제공하는 매장,f75764d4-4ad8-44c8-ad99-7ccf3eea78de,파지,,중흥자재거리 골목형상점가,골목형상점가,광주광역시,,0.0,Y,,P0_UNCERTAIN_OR_MISSING,True,,,,,
aca89db79cd896204301,val,문구,T4 구어·문장,q_문구_05,학용품 파는 곳,생활·마트 중 '문구'를 판매·제공하는 매장,01d28297-9af9-4727-b3cf-00beb7650771,오뚜기문구,문방구,현대시장,전통시장,인천광역시,2.0,3.0,,,P2_GRADED_ONLY,True,,,,,
165ccf4048fa2f257c51,val,문구,T4 구어·문장,q_문구_05,학용품 파는 곳,생활·마트 중 '문구'를 판매·제공하는 매장,938b92f8-b2f3-4151-81af-3884e120024e,고기파는 청년들,정육,용호시장,전통시장,부산광역시,0.0,0.0,,,RESOLVED_AGREEMENT,False,0,,,,
79a258f3db878ce11c82,val,문구,T4 구어·문장,q_문구_05,학용품 파는 곳,생활·마트 중 '문구'를 판매·제공하는 매장,0082c797-13a0-4f77-a6cc-f608ac85460a,펜공주,문구,상계주공15단지상가,기타,서울특별시,3.0,3.0,,,RESOLVED_AGREEMENT,False,3,,,,
a066bd7fed2c4cb8ed97,val,문구,T4 구어·문장,q_문구_05,학용품 파는 곳,생활·마트 중 '문구'를 판매·제공하는 매장,9f168ce4-0bca-401b-84e8-86badc7385aa,유헤이,파티용품,주월1동봉선로 골목형상점가,골목형상점가,광주광역시,0.0,0.0,,,RESOLVED_AGREEMENT,False,0,,,,
71ed1a2e6c68521fc16a,val,문구,T4 구어·문장,q_문구_05,학용품 파는 곳,생활·마트 중 '문구'를 판매·제공하는 매장,245aec63-05d3-47d7-9b3d-b96e9db2fdcb,장학문구사,문구 사무용품 학용품,오정동상점가,자율상권구역,대전광역시,3.0,3.0,,,RESOLVED_AGREEMENT,False,3,,,,
06534e4f10992852ada6,val,문구,T4 구어·문장,q_문구_05,학용품 파는 곳,생활·마트 중 '문구'를 판매·제공하는 매장,68a24780-7d0e-45a4-9ef4-3b5323a80b66,헤어.그곳,미용업,도군머리 골목형상점가,골목형상점가,광주광역시,0.0,0.0,,,RESOLVED_AGREEMENT,False,0,,,,
3e7b4939add21d8d4d2b,val,문구,T4 구어·문장,q_문구_05,학용품 파는 곳,생활·마트 중 '문구'를 판매·제공하는 매장,c0cc81b4-89ec-4a70-b6f7-089de1fd92a8,소소한곳,,양산 물금백호마을 골목형상점가,골목형상점가,경상남도,,0.0,Y,,P0_UNCERTAIN_OR_MISSING,True,,,,,
7e23eaa0702163072bc7,val,문구,T4 구어·문장,q_문구_05,학용품 파는 곳,생활·마트 중 '문구'를 판매·제공하는 매장,c205a4d8-fa64-4fb5-b959-b2e6d85df68b,개밥파는 고양이 관저점,애완용 동물용품,관저동 먹자골목 골목형상점가,골목형상점가,대전광역시,0.0,0.0,,,RESOLVED_AGREEMENT,False,0,,,,
75057f21f03c333e99a5,val,문구,T4 구어·문장,q_문구_05,학용품 파는 곳,생활·마트 중 '문구'를 판매·제공하는 매장,5beb6187-2766-4dd5-bcca-3b08cb8c087f,고기파는 총각들,,용마루길 골목형상점가,골목형상점가,서울특별시,0.0,0.0,,,RESOLVED_AGREEMENT,False,0,,,,
b3e11119ccb8826b61eb,val,문구,T4 구어·문장,q_문구_05,학용품 파는 곳,생활·마트 중 '문구'를 판매·제공하는 매장,0961cd03-6452-4d93-bd01-6a4d0bd92f5b,첨단임마누엘서점 임마누엘분식,서점문구분식,첨단부영 골목형상점가,골목형상점가,광주광역시,3.0,3.0,,,RESOLVED_AGREEMENT,False,3,,,,
72dac253ee28789b1afc,val,문구,T4 구어·문장,q_문구_05,학용품 파는 곳,생활·마트 중 '문구'를 판매·제공하는 매장,06261986-3eba-4244-b63f-397460d82f4a,이곳,미용,나주혁신도시 골목형상점가,골목형상점가,전라남도,0.0,0.0,,,RESOLVED_AGREEMENT,False,0,,,,
a2b49e4e817b16ab7ad3,val,문구,T4 구어·문장,q_문구_05,학용품 파는 곳,생활·마트 중 '문구'를 판매·제공하는 매장,842f6cf1-6411-4f4b-be23-746d79e31656,섬곳,한식,플레이사계 지오단길 골목형상점가,골목형상점가,제주특별자치도,0.0,0.0,,,RESOLVED_AGREEMENT,False,0,,,,
e9447e41573d3386ec3a,val,문구,T4 구어·문장,q_문구_05,학용품 파는 곳,생활·마트 중 '문구'를 판매·제공하는 매장,14e71015-6ca8-4e99-8be3-a6d85f8f4dc7,행복한서점 이동점,서점,포항 대이상가 골목형상점가,골목형상점가,경상북도,1.0,2.0,,,P1_BINARY_THRESHOLD,True,,,,,
6158ca91dc7c8ec4f302,val,문구,T4 구어·문장,q_문구_05,학용품 파는 곳,생활·마트 중 '문구'를 판매·제공하는 매장,008ab588-6383-4a08-8fdc-b76678a155dc,모든오피스 분당점,문구제본사무용품,분당우성시장,전통시장,경기도,3.0,3.0,,,RESOLVED_AGREEMENT,False,3,,,,
e9e08539a8d4d17f12bc,val,문구,T4 구어·문장,q_문구_05,학용품 파는 곳,생활·마트 중 '문구'를 판매·제공하는 매장,ad2284ff-8791-453b-b8a9-67654ff94220,폰파는 신사,휴대폰,남해 명품화전길 골목형상점가,골목형상점가,경상남도,0.0,0.0,,,RESOLVED_AGREEMENT,False,0,,,,
69b9a83838e0da93888b,val,문구,T4 구어·문장,q_문구_05,학용품 파는 곳,생활·마트 중 '문구'를 판매·제공하는 매장,193f3a3b-a731-4017-a3de-49f7ccff1a26,미화문방구,문방구,거제 능포 골목형상점가,골목형상점가,경상남도,2.0,3.0,,,P2_GRADED_ONLY,True,,,,,
aa662c3133ec19ac6bcd,val,문구,T4 구어·문장,q_문구_05,학용품 파는 곳,생활·마트 중 '문구'를 판매·제공하는 매장,82c1d1d6-ebf5-4858-bd00-5c78204a31fc,과일파는 고릴라,"과실, 잡화",반여2동상가시장,전통시장,부산광역시,1.0,1.0,,,RESOLVED_AGREEMENT,False,1,,,,
84f33c6039031ef89779,val,문구,T4 구어·문장,q_문구_05,학용품 파는 곳,생활·마트 중 '문구'를 판매·제공하는 매장,a71cd35d-c81c-4fb5-bfe5-d5289307b4c7,파사디골프,의류 용품,태전패션거리 골목형상점가,골목형상점가,대구광역시,0.0,0.0,,,RESOLVED_AGREEMENT,False,0,,,,
0fbce102b5b2072ad853,val,문구,T4 구어·문장,q_문구_05,학용품 파는 곳,생활·마트 중 '문구'를 판매·제공하는 매장,76a3551b-dae4-4326-92cc-662015aedbfb,쉴 곳,한식,칠성로상점가,자율상권구역,제주특별자치도,0.0,0.0,,,RESOLVED_AGREEMENT,False,0,,,,
82b9be531989b1c25f0b,val,문구,T4 구어·문장,q_문구_05,학용품 파는 곳,생활·마트 중 '문구'를 판매·제공하는 매장,00f27b43-2d95-45b2-8e80-16eb91994002,비앤비기프트,"문구, 판촉물",김포중앙시장,전통시장,경기도,3.0,3.0,,,RESOLVED_AGREEMENT,False,3,,,,
1937c7c129e369c54a2e,val,문구,T4 구어·문장,q_문구_05,학용품 파는 곳,생활·마트 중 '문구'를 판매·제공하는 매장,af841040-0055-4f95-bbe1-b98bb9cf9b59,밀곳,제과,부평깡통시장(구 부산부평시장),전통시장,부산광역시,0.0,0.0,,,RESOLVED_AGREEMENT,False,0,,,,
99dd24876d26e438ac06,val,문구,T4 구어·문장,q_문구_05,학용품 파는 곳,생활·마트 중 '문구'를 판매·제공하는 매장,022101db-07cf-4546-b3cf-183a54f16b56,삼양마크사,"문구, 잡화",충장로45가 상점가,자율상권구역,광주광역시,3.0,3.0,,,RESOLVED_AGREEMENT,False,3,,,,
184e0016e39be77ae24a,val,문구,T4 구어·문장,q_문구_05,학용품 파는 곳,생활·마트 중 '문구'를 판매·제공하는 매장,86999393-9921-4b98-a553-c922fbc54d07,개밥파는고양이아름점,애완용품,아름동상점가,자율상권구역,세종특별자치시,0.0,0.0,,,RESOLVED_AGREEMENT,False,0,,,,
e41b920815ec09972fd0,val,문구,T4 구어·문장,q_문구_05,학용품 파는 곳,생활·마트 중 '문구'를 판매·제공하는 매장,b1d86d41-ed8b-442d-8e6d-71ecb1db0559,사계식당가을,한식,충주자유시장,전통시장,충청북도,0.0,0.0,,,RESOLVED_AGREEMENT,False,0,,,,
137319a120929b6ac58a,val,문구,T4 구어·문장,q_문구_05,학용품 파는 곳,생활·마트 중 '문구'를 판매·제공하는 매장,b70e6ff9-6589-4d1f-9c96-d82a545ec2b2,좋은옷 싸게 파는집,의류,신거북시장,전통시장,인천광역시,0.0,0.0,,,RESOLVED_AGREEMENT,False,0,,,,
79b89df96b672e5a830f,val,문구,T4 구어·문장,q_문구_05,학용품 파는 곳,생활·마트 중 '문구'를 판매·제공하는 매장,72129585-68c8-4b38-927d-86dea782f548,파트라슈,애견용품,지중해마을 골목형상점가,골목형상점가,충청남도,0.0,0.0,,,RESOLVED_AGREEMENT,False,0,,,,
da08a9cc64d163758a2c,val,문구,T4 구어·문장,q_문구_05,학용품 파는 곳,생활·마트 중 '문구'를 판매·제공하는 매장,755ce78a-a7d5-42e5-bb17-63829942bd99,오거리약국,의약품 및 의약외품,경산중앙로상점가,자율상권구역,경상북도,0.0,0.0,,,RESOLVED_AGREEMENT,False,0,,,,
e9f0b92f167fab00dba5,val,문구,T4 구어·문장,q_문구_05,학용품 파는 곳,생활·마트 중 '문구'를 판매·제공하는 매장,886533a4-a449-4a74-8069-621b8f14e017,죠샌드위치천안청당점,샌드위치,청당3번가 골목형상점가,골목형상점가,충청남도,0.0,0.0,,,RESOLVED_AGREEMENT,False,0,,,,
3e0dc8067a227e335e08,val,문구,T4 구어·문장,q_문구_05,학용품 파는 곳,생활·마트 중 '문구'를 판매·제공하는 매장,010382b4-561d-43c7-848c-cdfed4f4d93d,문성당서점,서적 교육용씨디 비디오 문구 자료처리,부안석정 골목형상점가,골목형상점가,전북특별자치도,3.0,3.0,,,RESOLVED_AGREEMENT,False,3,,,,
4b50ce7780326890c180,val,문구,T4 구어·문장,q_문구_05,학용품 파는 곳,생활·마트 중 '문구'를 판매·제공하는 매장,e90f7e34-1d36-4332-9c45-6ff202d602e7,쭈꾸쭈꾸왕창꼼장어,한식,송정역카페거리골목형상점가,골목형상점가,서울특별시,0.0,0.0,,,RESOLVED_AGREEMENT,False,0,,,,
960ee0a087e5c99786c8,val,문구,T4 구어·문장,q_문구_05,학용품 파는 곳,생활·마트 중 '문구'를 판매·제공하는 매장,de981591-9da4-47af-be41-e2c32539b589,썬라이즈,문구 팬시 악세사리 교구 과학용품,소나무 골목형상점가,골목형상점가,전북특별자치도,3.0,3.0,,,RESOLVED_AGREEMENT,False,3,,,,
e37b284fcb60aa7c4e48,val,문구,T4 구어·문장,q_문구_05,학용품 파는 곳,생활·마트 중 '문구'를 판매·제공하는 매장,067ead58-1fa0-438a-a2b7-14067dd1963b,개밥파는고양이,애완용품,구즉 골목형상점가,골목형상점가,대전광역시,0.0,0.0,,,RESOLVED_AGREEMENT,False,0,,,,
0898c3250d3692101de9,val,문구,T4 구어·문장,q_문구_05,학용품 파는 곳,생활·마트 중 '문구'를 판매·제공하는 매장,cca83f16-5848-4eb4-b053-407241f3e0a6,공원 골프,"파크골프용품, 골프용품",빛가람 로데오 골목형상점가,골목형상점가,전라남도,0.0,0.0,,,RESOLVED_AGREEMENT,False,0,,,,
80b7b0985bd2db6f7706,val,문구,T4 구어·문장,q_문구_05,학용품 파는 곳,생활·마트 중 '문구'를 판매·제공하는 매장,0b4bdfd4-7ffe-4bef-8a0a-a9a3ae1e54be,펀앤북,서점,광주역 복개로 골목형상점가,골목형상점가,광주광역시,1.0,2.0,,,P1_BINARY_THRESHOLD,True,,,,,
fcdac86430c3b7c37e8c,val,문구,T4 구어·문장,q_문구_05,학용품 파는 곳,생활·마트 중 '문구'를 판매·제공하는 매장,9bb7946c-c997-47de-9c0e-53ddad9b4b3d,학용식품(주)하림상주대리점,닭고기,상주풍물시장,전통시장,경상북도,0.0,0.0,,,RESOLVED_AGREEMENT,False,0,,,,
c8114caba3c743a391ef,val,문구,T4 구어·문장,q_문구_05,학용품 파는 곳,생활·마트 중 '문구'를 판매·제공하는 매장,be9f8c61-892c-48ed-a49d-b63bd032c025,소곳,의류,고투몰(강남터미널지하도상점가),일반지하상점가,서울특별시,0.0,0.0,,,RESOLVED_AGREEMENT,False,0,,,,
536d9d0e149a0c6ebddf,val,문구,T4 구어·문장,q_문구_05,학용품 파는 곳,생활·마트 중 '문구'를 판매·제공하는 매장,c111ac9d-3f3a-405c-a8db-4d127ccda9e2,행복이 있는 곳,잡화,제주로얄쇼핑센터,자율상권구역,제주특별자치도,1.0,1.0,,,RESOLVED_AGREEMENT,False,1,,,,
9a8c7f8c947bcb6a64f1,val,문구,T4 구어·문장,q_문구_05,학용품 파는 곳,생활·마트 중 '문구'를 판매·제공하는 매장,67f8333f-a173-44a0-a35d-d4c013a28dc2,개밥파는 고양이 송촌점,애완용품,송촌시장,전통시장,대전광역시,0.0,0.0,,,RESOLVED_AGREEMENT,False,0,,,,
cdb724a4aa7ab0d1a725,val,문구,T4 구어·문장,q_문구_05,학용품 파는 곳,생활·마트 중 '문구'를 판매·제공하는 매장,8506e6ae-16bb-4c75-9119-ef61f5e953e4,웃는고기,오겹살,부평문화인의거리골목형상점가,골목형상점가,인천광역시,0.0,0.0,,,RESOLVED_AGREEMENT,False,0,,,,
83cbc843606c10b2d516,val,문구,T4 구어·문장,q_문구_05,학용품 파는 곳,생활·마트 중 '문구'를 판매·제공하는 매장,4b1d7b65-c639-49a8-9ced-5326306ce2d5,생활용품,생활용품,전주모래내시장,전통시장,전북특별자치도,0.0,0.0,,,RESOLVED_AGREEMENT,False,0,,,,
d3f6643aa05857bebc0a,val,문구,T4 구어·문장,q_문구_05,학용품 파는 곳,생활·마트 중 '문구'를 판매·제공하는 매장,929d857f-3a8c-4e54-beb8-7c697f744ade,고기파는 형제들,,신영시장,전통시장,서울특별시,0.0,0.0,,,RESOLVED_AGREEMENT,False,0,,,,
5681a4566d5a27d9dff8,val,문구,T4 구어·문장,q_문구_05,학용품 파는 곳,생활·마트 중 '문구'를 판매·제공하는 매장,20db201c-d679-474d-bc8d-23db4c4f0787,곳간정육점,,선화로 골목형상점가,골목형상점가,전북특별자치도,0.0,0.0,,,RESOLVED_AGREEMENT,False,0,,,,
f99cf6dd20338b515f3f,val,문구,T4 구어·문장,q_문구_05,학용품 파는 곳,생활·마트 중 '문구'를 판매·제공하는 매장,2743811c-5e71-4d2b-aa75-1b0147d44f2d,사우 꽃이 피는 곳,꽃,김포 풍년마을 골목형상점가,골목형상점가,경기도,0.0,0.0,,,RESOLVED_AGREEMENT,False,0,,,,
bfb280752434f89a8d6d,val,문구,T4 구어·문장,q_문구_05,학용품 파는 곳,생활·마트 중 '문구'를 판매·제공하는 매장,13ad5519-b1b8-40b3-8596-dff41f9b5151,학봉,한식,오창전통시장,전통시장,충청북도,0.0,0.0,,,RESOLVED_AGREEMENT,False,0,,,,
0c941da67d58d8e13197,val,문구,T4 구어·문장,q_문구_05,학용품 파는 곳,생활·마트 중 '문구'를 판매·제공하는 매장,9ef96bab-5f5f-4f83-a600-e7d336653705,간절곳 튀김,음식,반송큰시장,전통시장,부산광역시,0.0,0.0,,,RESOLVED_AGREEMENT,False,0,,,,
6508930981abef084991,val,문구,T4 구어·문장,q_문구_05,학용품 파는 곳,생활·마트 중 '문구'를 판매·제공하는 매장,036bd4c0-772b-4e73-9bad-f87f54783c77,상록수 서점문구,"서적, 문구",양주신산시장마을상점가,골목형상점가,경기도,3.0,3.0,,,RESOLVED_AGREEMENT,False,3,,,,
86808f8fd39010fb6cb1,val,문구,T4 구어·문장,q_문구_05,학용품 파는 곳,생활·마트 중 '문구'를 판매·제공하는 매장,26d825f2-2bcd-4e47-8756-3390d6e52697,고기파는 박군,식육점,창원 명서시장,전통시장,경상남도,0.0,0.0,,,RESOLVED_AGREEMENT,False,0,,,,
d8f287c44e905c0de89f,val,문구,T4 구어·문장,q_문구_05,학용품 파는 곳,생활·마트 중 '문구'를 판매·제공하는 매장,0b010e5d-2a92-42f7-a09b-bdc3c990b20b,학익정육,,학익시장,전통시장,인천광역시,0.0,0.0,,,RESOLVED_AGREEMENT,False,0,,,,
0a8ddc4618d8aa1600d9,val,문구,T4 구어·문장,q_문구_05,학용품 파는 곳,생활·마트 중 '문구'를 판매·제공하는 매장,0116d1e6-1e97-4150-b153-e21e3c62cef4,샘솟네완구,문구,양평물맑은시장,전통시장,경기도,3.0,3.0,,,RESOLVED_AGREEMENT,False,3,,,,
018f43507e92ae54069c,val,문구,T4 구어·문장,q_문구_05,학용품 파는 곳,생활·마트 중 '문구'를 판매·제공하는 매장,864343f7-1374-4259-86de-852ecbb74e0c,골드 파크골프,파크골프 용품,해들마을 골목형상점가,골목형상점가,세종특별자치시,0.0,0.0,,,RESOLVED_AGREEMENT,False,0,,,,
ea869a95c58a69f5fb11,val,문구,T4 구어·문장,q_문구_05,학용품 파는 곳,생활·마트 중 '문구'를 판매·제공하는 매장,6d26fbdf-4bf8-4d25-8f8f-09a9f2a84085,나이스마실파크 스크린골프 연습장,파크골프연습장,매봉 골목형상점가,골목형상점가,광주광역시,0.0,0.0,,,RESOLVED_AGREEMENT,False,0,,,,
3c97a7d515ed6bf2f4eb,val,문구,T4 구어·문장,q_문구_05,학용품 파는 곳,생활·마트 중 '문구'를 판매·제공하는 매장,3622d3b8-8c1a-435d-b5de-b2a136831a08,학생백화점,문구 사무용품,제민천 골목형상점가,골목형상점가,충청남도,3.0,3.0,,,RESOLVED_AGREEMENT,False,3,,,,
4e0dc6efad701dd66433,val,문구,T4 구어·문장,q_문구_05,학용품 파는 곳,생활·마트 중 '문구'를 판매·제공하는 매장,001e2bb1-a72f-4696-8728-00fa66173e9e,문창문구,문구용품,창선상가,전통시장,부산광역시,3.0,3.0,,,RESOLVED_AGREEMENT,False,3,,,,
712e302d4245b6e07145,val,문구,T4 구어·문장,q_문구_05,학용품 파는 곳,생활·마트 중 '문구'를 판매·제공하는 매장,6702c44f-743f-4a82-a486-762c643027a2,야채파는 총각,농산물,구리전통시장,전통시장,경기도,0.0,0.0,,,RESOLVED_AGREEMENT,False,0,,,,
111fb1f82dd8afab8d68,val,문구,T4 구어·문장,q_문구_05,학용품 파는 곳,생활·마트 중 '문구'를 판매·제공하는 매장,56d0a8c1-e737-4aac-9f4c-e90a5fbad839,호수상회,"소매(과실,채소)",광명전통시장,전통시장,경기도,0.0,0.0,,,RESOLVED_AGREEMENT,False,0,,,,
8a839fc66abb932937a4,val,문구,T4 구어·문장,q_문구_05,학용품 파는 곳,생활·마트 중 '문구'를 판매·제공하는 매장,db6908bb-41e1-461b-9a7e-9c2952b15fec,솔솔하시,악세사리 인형 학용품,하당꽃길2가 골목형상점가,골목형상점가,전라남도,3.0,0.0,,,P1_BINARY_THRESHOLD,True,,,,,
ad05e3226fed44b2d990,val,문구,T4 구어·문장,q_문구_05,학용품 파는 곳,생활·마트 중 '문구'를 판매·제공하는 매장,a9a4d8ff-fd49-4e57-bdcd-2759ceb79f84,고기파는 청년들,식육즉석판매가공업,당감골목시장,전통시장,부산광역시,0.0,0.0,,,RESOLVED_AGREEMENT,False,0,,,,
0b57553e2d3e058f4852,val,문구,T4 구어·문장,q_문구_05,학용품 파는 곳,생활·마트 중 '문구'를 판매·제공하는 매장,5723d922-e55c-46bc-a5b9-846ba2afdf5d,커피파는 집,,거제 성포 골목형상점가,골목형상점가,경상남도,0.0,0.0,,,RESOLVED_AGREEMENT,False,0,,,,
f21fd1a606c8383dc163,val,문구,T4 구어·문장,q_문구_05,학용품 파는 곳,생활·마트 중 '문구'를 판매·제공하는 매장,c161453d-f2c8-4b97-a2c3-a54e0cbdb7e8,생활용품 싸게 파는 집,잡화,안성중앙시장,전통시장,경기도,1.0,1.0,,,RESOLVED_AGREEMENT,False,1,,,,
d025d17c823fad0b01e7,val,문구,T4 구어·문장,q_문구_05,학용품 파는 곳,생활·마트 중 '문구'를 판매·제공하는 매장,c079b863-51ca-413b-b4c2-a648950cb04b,삼화오피스(자운점),문구 음료 사무용가구 전산용품 과학용품 청소용품,자운대 골목형상점가,골목형상점가,대전광역시,3.0,3.0,,,RESOLVED_AGREEMENT,False,3,,,,
ef276ebd6593b31500aa,val,문구,T4 구어·문장,q_문구_05,학용품 파는 곳,생활·마트 중 '문구'를 판매·제공하는 매장,24456103-f6b8-46af-8655-82e61d7265d8,커피가 머무르는 곳,커피,반드레길골목형상점가,골목형상점가,서울특별시,0.0,0.0,,,RESOLVED_AGREEMENT,False,0,,,,
f268036590c17f1ba51d,val,서점,T1 정확표기,q_서점_01,서점,문화·여가 중 '서점'을 판매·제공하는 매장,e6848009-c075-4c76-82c5-d797649101b6,어린이서점,서점,이리옴프라자골목형상점가,골목형상점가,인천광역시,3.0,3.0,,,RESOLVED_AGREEMENT,False,3,,,,
71be3a764ce71c716f96,val,서점,T1 정확표기,q_서점_01,서점,문화·여가 중 '서점'을 판매·제공하는 매장,c6ef8233-b6c4-4ea9-99d4-6f3cd2004e0a,지성서점,서점,군분로꽁양상인회 골목형상점가,골목형상점가,광주광역시,3.0,3.0,,,RESOLVED_AGREEMENT,False,3,,,,
f26de1c132e5050a7920,val,서점,T1 정확표기,q_서점_01,서점,문화·여가 중 '서점'을 판매·제공하는 매장,2426064b-8346-4af8-bc3d-5827b1dc1ade,책방 죄책감,서점,순헌황귀비길 골목형상점가,골목형상점가,서울특별시,3.0,3.0,,,RESOLVED_AGREEMENT,False,3,,,,
209aeb0fa4d56c1fe9df,val,서점,T1 정확표기,q_서점_01,서점,문화·여가 중 '서점'을 판매·제공하는 매장,8f824f78-7719-46fd-8bc7-da73c2d299fa,웅이네분식,분식점,장승배기로 골목형상점가,골목형상점가,전북특별자치도,0.0,0.0,,,RESOLVED_AGREEMENT,False,0,,,,
133b40d79290bd4b4279,val,서점,T1 정확표기,q_서점_01,서점,문화·여가 중 '서점'을 판매·제공하는 매장,601e26d4-3595-44a9-87b2-40c1a3c36e6c,양현책세상,서점,노량진만나로골목형상점가,골목형상점가,서울특별시,3.0,3.0,,,RESOLVED_AGREEMENT,False,3,,,,
4cb527c008010785e8e3,val,서점,T1 정확표기,q_서점_01,서점,문화·여가 중 '서점'을 판매·제공하는 매장,0b4bdfd4-7ffe-4bef-8a0a-a9a3ae1e54be,펀앤북,서점,광주역 복개로 골목형상점가,골목형상점가,광주광역시,3.0,3.0,,,RESOLVED_AGREEMENT,False,3,,,,
c7a13159a86e74268052,val,서점,T1 정확표기,q_서점_01,서점,문화·여가 중 '서점'을 판매·제공하는 매장,5eedd2a0-41d7-4b79-b8bc-a2a95564a6d4,양지서점,서점,평화로상가,자율상권구역,경상북도,3.0,3.0,,,RESOLVED_AGREEMENT,False,3,,,,
f23b717730c959a0a19c,val,서점,T1 정확표기,q_서점_01,서점,문화·여가 중 '서점'을 판매·제공하는 매장,a1813f15-599c-425c-897d-d95d955d3ce1,미리벌서점,서점,밀양 내일전통시장,전통시장,경상남도,3.0,3.0,,,RESOLVED_AGREEMENT,False,3,,,,
9de08db7058fd888ad22,val,서점,T1 정확표기,q_서점_01,서점,문화·여가 중 '서점'을 판매·제공하는 매장,466c28f1-c42e-4eba-b1d6-245e39d5f731,어바웃북스 본점,서점,안양가구상점가,자율상권구역,경기도,3.0,3.0,,,RESOLVED_AGREEMENT,False,3,,,,
3fe6fb7936ccf7df5c31,val,서점,T1 정확표기,q_서점_01,서점,문화·여가 중 '서점'을 판매·제공하는 매장,9fbd3a7d-0680-46bd-90af-6d3e6c13808e,홍익문고,서점,신촌 상점가,자율상권구역,서울특별시,3.0,3.0,,,RESOLVED_AGREEMENT,False,3,,,,
e8d8ea21ea3c37af8a5a,val,서점,T1 정확표기,q_서점_01,서점,문화·여가 중 '서점'을 판매·제공하는 매장,fb0f6e7a-ffe8-4293-9e30-709c48d2dedb,주식회사 화서가,서점,화곡중앙시장,전통시장,서울특별시,3.0,3.0,,,RESOLVED_AGREEMENT,False,3,,,,
3e7880a7642455a923cc,val,서점,T1 정확표기,q_서점_01,서점,문화·여가 중 '서점'을 판매·제공하는 매장,0961cd03-6452-4d93-bd01-6a4d0bd92f5b,첨단임마누엘서점 임마누엘분식,서점문구분식,첨단부영 골목형상점가,골목형상점가,광주광역시,3.0,3.0,,,RESOLVED_AGREEMENT,False,3,,,,
731e6bd7752cb9721c5b,val,서점,T1 정확표기,q_서점_01,서점,문화·여가 중 '서점'을 판매·제공하는 매장,ee755d5f-f620-4808-962f-fcaa60462729,오른서점,서점,신용동 골목형상점가,골목형상점가,광주광역시,3.0,3.0,,,RESOLVED_AGREEMENT,False,3,,,,
55be7c472e21cd05a3ab,val,서점,T1 정확표기,q_서점_01,서점,문화·여가 중 '서점'을 판매·제공하는 매장,14e71015-6ca8-4e99-8be3-a6d85f8f4dc7,행복한서점 이동점,서점,포항 대이상가 골목형상점가,골목형상점가,경상북도,3.0,3.0,,,RESOLVED_AGREEMENT,False,3,,,,
a14c3dbe3abe060216fb,val,서점,T1 정확표기,q_서점_01,서점,문화·여가 중 '서점'을 판매·제공하는 매장,a05d93fe-bbd4-4660-8b0e-de288d3f60ae,마포문고,서점,용강동상점가,자율상권구역,서울특별시,3.0,3.0,,,RESOLVED_AGREEMENT,False,3,,,,
a2dd10bf318b603b74f1,val,서점,T1 정확표기,q_서점_01,서점,문화·여가 중 '서점'을 판매·제공하는 매장,3934fc07-2ebf-4c95-b0c1-90ff35ecd1bc,우수 이불토신,건어물 및 젓갈류 컵과일 컷팅과일과자,부곡시장,전통시장,부산광역시,0.0,0.0,,,RESOLVED_AGREEMENT,False,0,,,,
c90af4e98345b2f0e482,val,서점,T1 정확표기,q_서점_01,서점,문화·여가 중 '서점'을 판매·제공하는 매장,cd95d114-b71e-46ea-beec-e277bfa86aeb,영통어린이서점,서점,뉴월드프라자골목형상점가,골목형상점가,경기도,3.0,3.0,,,RESOLVED_AGREEMENT,False,3,,,,
6ba3bef83e1e1f3f5303,val,서점,T1 정확표기,q_서점_01,서점,문화·여가 중 '서점'을 판매·제공하는 매장,023d6fc9-7b0e-4244-9279-534051fff793,삼복서점,도서,고은상인회 골목형상점가,골목형상점가,광주광역시,3.0,3.0,,,RESOLVED_AGREEMENT,False,3,,,,
de65128af9015c0f5a40,val,서점,T1 정확표기,q_서점_01,서점,문화·여가 중 '서점'을 판매·제공하는 매장,baed26e3-1376-4436-ba41-3ea8c0c5e5c1,울산토리어린이서점,서점,매곡드림 골목형상점가,골목형상점가,울산광역시,3.0,3.0,,,RESOLVED_AGREEMENT,False,3,,,,
ac940cb54af8513b0d8b,val,서점,T1 정확표기,q_서점_01,서점,문화·여가 중 '서점'을 판매·제공하는 매장,ca97d35d-a5fb-466e-9414-4e642d4a7a40,소담서점 한솔점,서점,한솔동 5~6단지상점가,자율상권구역,세종특별자치시,3.0,3.0,,,RESOLVED_AGREEMENT,False,3,,,,
769e36c1c4b2b81bc4ed,val,서점,T1 정확표기,q_서점_01,서점,문화·여가 중 '서점'을 판매·제공하는 매장,f7350843-6a7c-43c0-8651-822b2bc6b4a8,무용,서점,가평잣고을시장,전통시장,경기도,3.0,3.0,,,RESOLVED_AGREEMENT,False,3,,,,
f19a53000ec4f3c6d7cc,val,서점,T1 정확표기,q_서점_01,서점,문화·여가 중 '서점'을 판매·제공하는 매장,dfcc6450-8e08-455e-81b7-308cfdbb675e,포사이공,과일,논산화지중앙시장,전통시장,충청남도,0.0,0.0,,,RESOLVED_AGREEMENT,False,0,,,,
6ba970649e54825494f0,val,서점,T1 정확표기,q_서점_01,서점,문화·여가 중 '서점'을 판매·제공하는 매장,5bd1f372-8c95-403a-9e1e-7f00d611037a,와우축산마트,육류,와우로 골목형상점가,골목형상점가,광주광역시,0.0,0.0,,,RESOLVED_AGREEMENT,False,0,,,,
7fb6f2b3d1f038d383ff,val,서점,T1 정확표기,q_서점_01,서점,문화·여가 중 '서점'을 판매·제공하는 매장,941876a0-914b-4e1c-9c4b-ae03708463bd,나눔에 서점,책,엄사 골목형상점가,골목형상점가,충청남도,3.0,3.0,,,RESOLVED_AGREEMENT,False,3,,,,
c32ead4fcaae93ef9bfa,val,서점,T1 정확표기,q_서점_01,서점,문화·여가 중 '서점'을 판매·제공하는 매장,63b056a6-9d23-4081-b83e-4fb9df222136,옥주서점,서점,진도 남문로 상권활성화구역,상권활성화구역,전라남도,3.0,3.0,,,RESOLVED_AGREEMENT,False,3,,,,
eefcf6bb2de1b84725f8,val,서점,T1 정확표기,q_서점_01,서점,문화·여가 중 '서점'을 판매·제공하는 매장,8c067c79-fc8f-4bd5-ab4c-0ec140d3dc16,무주찜닭 닭도리탕,한식,무주반딧불상권활성화구역,상권활성화구역,전북특별자치도,0.0,0.0,,,RESOLVED_AGREEMENT,False,0,,,,
00d1e910e2c5f7458988,val,서점,T1 정확표기,q_서점_01,서점,문화·여가 중 '서점'을 판매·제공하는 매장,f4c31d0b-b42e-4529-993c-060a4b5ec7ef,강북상회,가공식품,백년시장(구 강북종합전통시장),전통시장,서울특별시,0.0,0.0,,,RESOLVED_AGREEMENT,False,0,,,,
42f809116c2e211aaf34,val,서점,T1 정확표기,q_서점_01,서점,문화·여가 중 '서점'을 판매·제공하는 매장,021db5d1-5a69-4dd4-9faf-d36d74f1a3c2,어울림북앤락,도서,부평종합시장,전통시장,인천광역시,3.0,3.0,,,RESOLVED_AGREEMENT,False,3,,,,
05f5b40d80c942b9a59c,val,서점,T1 정확표기,q_서점_01,서점,문화·여가 중 '서점'을 판매·제공하는 매장,29251653-4c52-4caa-b06f-fe1f7c4c88a7,샘터서점,서점,영주문화시장,전통시장,경상북도,3.0,3.0,,,RESOLVED_AGREEMENT,False,3,,,,
a907687a0f01d5d0351e,val,서점,T1 정확표기,q_서점_01,서점,문화·여가 중 '서점'을 판매·제공하는 매장,94f428ca-f599-41c3-8390-3b073281f73f,서점서점,커피 및 도서,충장로123가 상점가,자율상권구역,광주광역시,3.0,3.0,,,RESOLVED_AGREEMENT,False,3,,,,
0be2fee3c9291152534d,val,서점,T1 정확표기,q_서점_01,서점,문화·여가 중 '서점'을 판매·제공하는 매장,05a518b1-2134-4333-9246-f29960893fac,분당미금어린이서점,도서,미금현대벤처빌시장,전통시장,경기도,3.0,3.0,,,RESOLVED_AGREEMENT,False,3,,,,
57f8c24ffde772afa431,val,서점,T1 정확표기,q_서점_01,서점,문화·여가 중 '서점'을 판매·제공하는 매장,153c7990-0dd2-40ea-b45f-41afef98da9c,엔터북,서점,중흥청춘로 골목형상점가,골목형상점가,광주광역시,3.0,3.0,,,RESOLVED_AGREEMENT,False,3,,,,
37415cfcd12169740be6,val,서점,T1 정확표기,q_서점_01,서점,문화·여가 중 '서점'을 판매·제공하는 매장,ffbb1ad0-bc73-46e3-8f4a-69f4124808ec,책방,서점,진보전통시장,전통시장,경상북도,3.0,3.0,,,RESOLVED_AGREEMENT,False,3,,,,
ca874b6ae01b46027446,val,서점,T1 정확표기,q_서점_01,서점,문화·여가 중 '서점'을 판매·제공하는 매장,664a121f-322e-4cbd-89ed-6e45776ae34f,성지서점,서점,풍향골(제1지역:동신) 골목형상점가,골목형상점가,광주광역시,3.0,3.0,,,RESOLVED_AGREEMENT,False,3,,,,
150f0695420495a86de3,val,서점,T1 정확표기,q_서점_01,서점,문화·여가 중 '서점'을 판매·제공하는 매장,e62d1f55-65bd-441a-824f-07ffdf14b804,동그라미서점,서점,왕지상가,자율상권구역,전라남도,3.0,3.0,,,RESOLVED_AGREEMENT,False,3,,,,
5e93651c839e062460bc,val,서점,T1 정확표기,q_서점_01,서점,문화·여가 중 '서점'을 판매·제공하는 매장,9d3212d4-80ee-453c-9c3b-1b01afc53c02,상지문고,서점,매탄중심상가 골목형상점가,골목형상점가,경기도,3.0,3.0,,,RESOLVED_AGREEMENT,False,3,,,,
c1702814a0e78fcf795d,val,서점,T1 정확표기,q_서점_01,서점,문화·여가 중 '서점'을 판매·제공하는 매장,3ca3d322-76c4-4bac-9e05-8d7ac6d8666f,까꿍어린이서점,서점,전주혁신사랑 골목형상점가,골목형상점가,전북특별자치도,3.0,3.0,,,RESOLVED_AGREEMENT,False,3,,,,
29545e9e49c7e0a5072d,val,서점,T1 정확표기,q_서점_01,서점,문화·여가 중 '서점'을 판매·제공하는 매장,712de9a6-46fb-4428-bd99-c04f345fa13b,고려서적,서점,영해만세시장(구 영해시장),전통시장,경상북도,3.0,3.0,,,RESOLVED_AGREEMENT,False,3,,,,
3af03d0f1b1aa48301fc,val,서점,T1 정확표기,q_서점_01,서점,문화·여가 중 '서점'을 판매·제공하는 매장,0a55ce53-29fe-42e8-8305-303701bbf348,무주서점,서점,무주반딧불상권활성화구역,상권활성화구역,전북특별자치도,3.0,3.0,,,RESOLVED_AGREEMENT,False,3,,,,
8fe208628b35d523ba47,val,서점,T1 정확표기,q_서점_01,서점,문화·여가 중 '서점'을 판매·제공하는 매장,ad852156-5699-40fc-870d-7e3a3a7358c2,다산어린이전문서점,서점,다산역 로데오 상점가,자율상권구역,경기도,3.0,3.0,,,RESOLVED_AGREEMENT,False,3,,,,
621450db813b6502d396,val,서점,T1 정확표기,q_서점_01,서점,문화·여가 중 '서점'을 판매·제공하는 매장,eaeeedbc-a0c7-4514-b017-3c45d09fb9a0,포레스트온,서점,백석한들1번가 골목형상점가,골목형상점가,충청남도,3.0,3.0,,,RESOLVED_AGREEMENT,False,3,,,,
ee784d4e61c0cab41602,val,서점,T1 정확표기,q_서점_01,서점,문화·여가 중 '서점'을 판매·제공하는 매장,3e36a603-ef6f-4787-a1ac-67ac9b45ad67,반석서점,서점,구성언남 골목형상점가,골목형상점가,경기도,3.0,3.0,,,RESOLVED_AGREEMENT,False,3,,,,
c8ad9e7dccf7510ab1c0,val,서점,T1 정확표기,q_서점_01,서점,문화·여가 중 '서점'을 판매·제공하는 매장,706aaf51-8e59-48cb-8ded-f799b33666c3,시장불교서점,서점,영천공설시장,전통시장,경상북도,3.0,3.0,,,RESOLVED_AGREEMENT,False,3,,,,
39f444155758607a57fe,val,서점,T1 정확표기,q_서점_01,서점,문화·여가 중 '서점'을 판매·제공하는 매장,e570a125-a23b-48a1-95ec-74b87ebca8dc,길이 열리는 서점,서적,병점중심상가,자율상권구역,경기도,3.0,3.0,,,RESOLVED_AGREEMENT,False,3,,,,
ec3ded95cf3947344bdd,val,서점,T1 정확표기,q_서점_01,서점,문화·여가 중 '서점'을 판매·제공하는 매장,caa26bb5-fa81-4333-9f92-665f56f1a194,북컬쳐(국제신도시서점),서점,명지국제 골목형상점가,골목형상점가,부산광역시,3.0,3.0,,,RESOLVED_AGREEMENT,False,3,,,,
2fcba30b5a352e33574e,val,서점,T1 정확표기,q_서점_01,서점,문화·여가 중 '서점'을 판매·제공하는 매장,26fd76b3-26cc-4bb6-a9cd-51933663be5c,윈윈도서,서점,본리 장대빌딩 골목형상점가,골목형상점가,대구광역시,3.0,3.0,,,RESOLVED_AGREEMENT,False,3,,,,
81bfd97d5e99c9d17b74,val,서점,T1 정확표기,q_서점_01,서점,문화·여가 중 '서점'을 판매·제공하는 매장,a9ce30ed-0197-4394-a099-e87bf23a4222,책마트 서점,도서,먹자골음식문화의거리(창동먹자골상점가),자율상권구역,경기도,3.0,3.0,,,RESOLVED_AGREEMENT,False,3,,,,
c916ce863b3ca50285bb,val,서점,T1 정확표기,q_서점_01,서점,문화·여가 중 '서점'을 판매·제공하는 매장,15b1a07a-e814-48af-8757-0e4154ed49a2,열린문고,서점,고척골목시장상점가,전통시장,서울특별시,3.0,3.0,,,RESOLVED_AGREEMENT,False,3,,,,
5826fd9edd7ab8fea65a,val,서점,T1 정확표기,q_서점_01,서점,문화·여가 중 '서점'을 판매·제공하는 매장,313bfb9b-905a-4300-86b3-b749f0fb6007,초롱서적문구,서점,청사 골목형상점가,골목형상점가,대전광역시,3.0,3.0,,,RESOLVED_AGREEMENT,False,3,,,,
8e27645dd53fac3695d2,val,서점,T1 정확표기,q_서점_01,서점,문화·여가 중 '서점'을 판매·제공하는 매장,2097c225-751a-41c3-8ffe-933e12e1d108,교학서점,서점,서천읍 군사리 골목형상점가,골목형상점가,충청남도,3.0,3.0,,,RESOLVED_AGREEMENT,False,3,,,,
2de388d0ad49cb01073d,val,서점,T1 정확표기,q_서점_01,서점,문화·여가 중 '서점'을 판매·제공하는 매장,3a43f0ef-d5b8-449d-83aa-3c2af57b63be,행복한 어린이 서점,서점,대추나무골 골목형상점가,골목형상점가,경기도,3.0,3.0,,,RESOLVED_AGREEMENT,False,3,,,,
6fca80397e5479dadd90,val,서점,T1 정확표기,q_서점_01,서점,문화·여가 중 '서점'을 판매·제공하는 매장,44044fad-1034-491e-9c39-bfccafbb010b,문구박스,"문구, 서점",금호상인회 골목형상점가,골목형상점가,광주광역시,3.0,3.0,,,RESOLVED_AGREEMENT,False,3,,,,
dd42f25dbd1e9b649e91,val,서점,T1 정확표기,q_서점_01,서점,문화·여가 중 '서점'을 판매·제공하는 매장,4ab4f0c6-f652-429f-941b-663479252998,은하수 서점,서적,나주 영산포 자율상권구역,,전라남도,3.0,3.0,,,RESOLVED_AGREEMENT,False,3,,,,
0c5310a6029450da226f,val,서점,T1 정확표기,q_서점_01,서점,문화·여가 중 '서점'을 판매·제공하는 매장,00a77461-4674-4064-b492-fe85892bab2e,스타북스,도서,구갈상점가,자율상권구역,경기도,3.0,3.0,,,RESOLVED_AGREEMENT,False,3,,,,
f79e2e45985b25ca1833,val,서점,T1 정확표기,q_서점_01,서점,문화·여가 중 '서점'을 판매·제공하는 매장,44fb623a-fcd3-4ff4-9bae-c30c1987a208,동서상회,채소,부산새벽시장,전통시장,부산광역시,0.0,0.0,,,RESOLVED_AGREEMENT,False,0,,,,
ed210157fddca852c068,val,서점,T1 정확표기,q_서점_01,서점,문화·여가 중 '서점'을 판매·제공하는 매장,d4d8a87f-716a-464a-b0f5-d4e0f9947f5b,호산나기독백화점,서점,금암동 골목형상점가,골목형상점가,충청남도,3.0,3.0,,,RESOLVED_AGREEMENT,False,3,,,,
498f0b5071a06255e813,val,서점,T1 정확표기,q_서점_01,서점,문화·여가 중 '서점'을 판매·제공하는 매장,0541674e-2fa9-43a7-a5e3-f5f91d6a4ce4,호남기독백화점,도서,양림기독병원 골목형상점가,골목형상점가,광주광역시,3.0,3.0,,,RESOLVED_AGREEMENT,False,3,,,,
0df516975242950944dd,val,서점,T1 정확표기,q_서점_01,서점,문화·여가 중 '서점'을 판매·제공하는 매장,1bc914ab-3d12-44b2-b8f9-a9caf04fb829,승리치과,의료용품,효자시장,전통시장,경상북도,0.0,0.0,,,RESOLVED_AGREEMENT,False,0,,,,
1b9a85eb3dd2b58ec87e,val,서점,T1 정확표기,q_서점_01,서점,문화·여가 중 '서점'을 판매·제공하는 매장,547ebbd3-926b-4524-9f26-ae7d5fcf16c9,수지어린이서점,서점,성복 온누리 골목형상점가,골목형상점가,경기도,3.0,3.0,,,RESOLVED_AGREEMENT,False,3,,,,
d4fc54e631f9fd7beadf,val,서점,T1 정확표기,q_서점_01,서점,문화·여가 중 '서점'을 판매·제공하는 매장,04961d72-f5b3-4605-86f3-8130ded3e312,본도시락성서점,,성서우방 골목형상점가,골목형상점가,대구광역시,3.0,3.0,,,RESOLVED_AGREEMENT,False,3,,,,
54221af49f8c9f270b6a,val,서점,T2 동의어,q_서점_02,도서 매장,문화·여가 중 '서점'을 판매·제공하는 매장,021db5d1-5a69-4dd4-9faf-d36d74f1a3c2,어울림북앤락,도서,부평종합시장,전통시장,인천광역시,3.0,3.0,,,RESOLVED_AGREEMENT,False,3,,,,
40ecb2410c0f955c21db,val,서점,T2 동의어,q_서점_02,도서 매장,문화·여가 중 '서점'을 판매·제공하는 매장,743b2f4d-c836-428b-8327-2cb20594cf72,책벌레서점,도서,사기막골도자기시장(구 사기막골도예촌재래시장),전통시장,경기도,3.0,3.0,,,RESOLVED_AGREEMENT,False,3,,,,
708900b65ca30036541d,val,서점,T2 동의어,q_서점_02,도서 매장,문화·여가 중 '서점'을 판매·제공하는 매장,de0510fe-57c8-4dc1-beea-fc29fc9d07b3,그래서,도서,방산종합시장,전통시장,서울특별시,3.0,3.0,,,RESOLVED_AGREEMENT,False,3,,,,
a05cc448ba80dfb739a9,val,서점,T2 동의어,q_서점_02,도서 매장,문화·여가 중 '서점'을 판매·제공하는 매장,0b4bdfd4-7ffe-4bef-8a0a-a9a3ae1e54be,펀앤북,서점,광주역 복개로 골목형상점가,골목형상점가,광주광역시,3.0,3.0,,,RESOLVED_AGREEMENT,False,3,,,,
d2fbe9982bb536db8861,val,서점,T2 동의어,q_서점_02,도서 매장,문화·여가 중 '서점'을 판매·제공하는 매장,bd5b0c44-f371-4f67-a7c7-703fb3c25ce6,책방하리,도서,영주소백쇼핑몰,전통시장,경상북도,3.0,3.0,,,RESOLVED_AGREEMENT,False,3,,,,
36a6b09ee6a56d63417d,val,서점,T2 동의어,q_서점_02,도서 매장,문화·여가 중 '서점'을 판매·제공하는 매장,453dab24-5bb9-414a-b9bb-bd9a7979dd73,리틀존,도서,영통센타프라자 골목형상점가,골목형상점가,경기도,3.0,3.0,,,RESOLVED_AGREEMENT,False,3,,,,
ae7005f84c0986192afc,val,서점,T2 동의어,q_서점_02,도서 매장,문화·여가 중 '서점'을 판매·제공하는 매장,f63d866b-fe99-4d54-9bc9-7446d98fe93b,동방서림,도서,안성명동거리 골목형상점가,골목형상점가,경기도,3.0,3.0,,,RESOLVED_AGREEMENT,False,3,,,,
87cebc103d37baa79201,val,서점,T2 동의어,q_서점_02,도서 매장,문화·여가 중 '서점'을 판매·제공하는 매장,fd66e015-b444-40eb-888a-6145030b64cc,다솜서점,도서,난우길골목형상점가,골목형상점가,서울특별시,3.0,3.0,,,RESOLVED_AGREEMENT,False,3,,,,
21ecf90a779cbc7a388e,val,서점,T2 동의어,q_서점_02,도서 매장,문화·여가 중 '서점'을 판매·제공하는 매장,e4c1a8d6-2d6e-42e8-9a61-fc5f82173c8b,정광서점,도서,소촌중앙 골목형상점가,골목형상점가,광주광역시,3.0,3.0,,,RESOLVED_AGREEMENT,False,3,,,,
1315e7815b383777b579,val,서점,T2 동의어,q_서점_02,도서 매장,문화·여가 중 '서점'을 판매·제공하는 매장,3e351aa9-45ff-4ce7-81f8-aaa2bf3ea0d5,아가북스,도서,의왕예술의거리골목형상점가,골목형상점가,경기도,3.0,3.0,,,RESOLVED_AGREEMENT,False,3,,,,
8a72f0c551c1537c578c,val,서점,T2 동의어,q_서점_02,도서 매장,문화·여가 중 '서점'을 판매·제공하는 매장,d81a615e-e066-4c04-bf43-4b1bff838d88,북마트,도서,설죽로 패션의거리 골목형상점가,골목형상점가,광주광역시,3.0,3.0,,,RESOLVED_AGREEMENT,False,3,,,,
b6840f619e45a9fb92b2,val,서점,T2 동의어,q_서점_02,도서 매장,문화·여가 중 '서점'을 판매·제공하는 매장,13b21477-00c8-4e96-961c-e93dc0f9bfae,홍문당,도서,조치원중심가로상점가,자율상권구역,세종특별자치시,3.0,3.0,,,RESOLVED_AGREEMENT,False,3,,,,
b97ab14b4a841dac4c9c,val,서점,T2 동의어,q_서점_02,도서 매장,문화·여가 중 '서점'을 판매·제공하는 매장,744a1554-3f3a-47ef-9251-055ec6ad749c,영종서점,도서,스타타워2 골목형상점가,골목형상점가,인천광역시,3.0,3.0,,,RESOLVED_AGREEMENT,False,3,,,,
723369cf2ddc4c3abb4d,val,서점,T2 동의어,q_서점_02,도서 매장,문화·여가 중 '서점'을 판매·제공하는 매장,023d6fc9-7b0e-4244-9279-534051fff793,삼복서점,도서,고은상인회 골목형상점가,골목형상점가,광주광역시,3.0,3.0,,,RESOLVED_AGREEMENT,False,3,,,,
228760708ea3168328b6,val,서점,T2 동의어,q_서점_02,도서 매장,문화·여가 중 '서점'을 판매·제공하는 매장,ccb37c53-9d4a-415f-974c-c0e07a76a9a2,해풍사,도서,역전지하상가,일반지하상점가,대전광역시,3.0,3.0,,,RESOLVED_AGREEMENT,False,3,,,,
b7239bcbef2be1baafdb,val,서점,T2 동의어,q_서점_02,도서 매장,문화·여가 중 '서점'을 판매·제공하는 매장,13d2bd56-7436-4b9d-b302-9ab019c0c4d4,지앤소 네일,화장품,은구비서로사회적협동조합 골목형상점가,골목형상점가,대전광역시,0.0,0.0,,,RESOLVED_AGREEMENT,False,0,,,,
f5b83fcb5f51359fc763,val,서점,T2 동의어,q_서점_02,도서 매장,문화·여가 중 '서점'을 판매·제공하는 매장,0541674e-2fa9-43a7-a5e3-f5f91d6a4ce4,호남기독백화점,도서,양림기독병원 골목형상점가,골목형상점가,광주광역시,3.0,3.0,,,RESOLVED_AGREEMENT,False,3,,,,
0f2d83323a487dedc170,val,서점,T2 동의어,q_서점_02,도서 매장,문화·여가 중 '서점'을 판매·제공하는 매장,87989ed6-052f-4502-863f-b444a7f98c9d,과천서점,도서,과천새서울프라자시장,전통시장,경기도,3.0,3.0,,,RESOLVED_AGREEMENT,False,3,,,,
c440455e58cd037a3891,val,서점,T2 동의어,q_서점_02,도서 매장,문화·여가 중 '서점'을 판매·제공하는 매장,e9d55bea-a05b-4739-9ea5-314abf63ca35,너가나에게왔을때스튜디오,,창원 명서시장,전통시장,경상남도,0.0,0.0,,,RESOLVED_AGREEMENT,False,0,,,,
70136a192cc3cccab8bb,val,서점,T2 동의어,q_서점_02,도서 매장,문화·여가 중 '서점'을 판매·제공하는 매장,04961d72-f5b3-4605-86f3-8130ded3e312,본도시락성서점,,성서우방 골목형상점가,골목형상점가,대구광역시,3.0,3.0,,,RESOLVED_AGREEMENT,False,3,,,,
9da18eaa1fa1dbddcec8,val,서점,T2 동의어,q_서점_02,도서 매장,문화·여가 중 '서점'을 판매·제공하는 매장,616542bc-b275-4163-b21e-78c533c71ee7,공간비유,도서,치동천 수변상가,자율상권구역,경기도,3.0,3.0,,,RESOLVED_AGREEMENT,False,3,,,,
e9c321d48883e3222149,val,서점,T2 동의어,q_서점_02,도서 매장,문화·여가 중 '서점'을 판매·제공하는 매장,42c7e9cf-c27b-4355-8a1a-19094373437a,포인트벨트,가죽 제품,남대문시장,전통시장,서울특별시,0.0,0.0,,,RESOLVED_AGREEMENT,False,0,,,,
28320ba9070645c3d1b3,val,서점,T2 동의어,q_서점_02,도서 매장,문화·여가 중 '서점'을 판매·제공하는 매장,6072f615-75ed-4bad-b3be-10308c07819f,키움북스,도서,다정중앙 골목형상점가,골목형상점가,세종특별자치시,3.0,3.0,,,RESOLVED_AGREEMENT,False,3,,,,
bef8da73830e3942aa13,val,서점,T2 동의어,q_서점_02,도서 매장,문화·여가 중 '서점'을 판매·제공하는 매장,117fb1a0-c8a5-4335-818c-6d6b91b8b433,열린문고,도서,가좌마을 골목형상점가,골목형상점가,경기도,3.0,3.0,,,RESOLVED_AGREEMENT,False,3,,,,
905a2d1b2cd7f9f7048b,val,서점,T2 동의어,q_서점_02,도서 매장,문화·여가 중 '서점'을 판매·제공하는 매장,5e0e3aec-8c65-4c20-8724-4c70e9393f3f,홍지서림,도서,여수진남상가,자율상권구역,전라남도,3.0,3.0,,,RESOLVED_AGREEMENT,False,3,,,,
a1969396c7ef69962dd7,val,서점,T2 동의어,q_서점_02,도서 매장,문화·여가 중 '서점'을 판매·제공하는 매장,dd730300-c2e1-4ff4-8c88-1600a69b901f,현대서적,도서,광교매탄 골목형상점가,골목형상점가,경기도,3.0,3.0,,,RESOLVED_AGREEMENT,False,3,,,,
2934478cf184943eced0,val,서점,T2 동의어,q_서점_02,도서 매장,문화·여가 중 '서점'을 판매·제공하는 매장,b06da4c7-b8e3-4b08-8856-35cdc2ea7ab1,정글북,도서,상대동 골목형상점가,골목형상점가,대전광역시,3.0,3.0,,,RESOLVED_AGREEMENT,False,3,,,,
26dfe1e6f838863c749e,val,서점,T2 동의어,q_서점_02,도서 매장,문화·여가 중 '서점'을 판매·제공하는 매장,a9ce30ed-0197-4394-a099-e87bf23a4222,책마트 서점,도서,먹자골음식문화의거리(창동먹자골상점가),자율상권구역,경기도,3.0,3.0,,,RESOLVED_AGREEMENT,False,3,,,,
e24fbd4a28f241499311,val,서점,T2 동의어,q_서점_02,도서 매장,문화·여가 중 '서점'을 판매·제공하는 매장,c24e1181-927a-47ee-a7df-fa713c79daa1,대덕서점,도서,송촌시장,전통시장,대전광역시,3.0,3.0,,,RESOLVED_AGREEMENT,False,3,,,,
18afb1b0ef54438937c5,val,서점,T2 동의어,q_서점_02,도서 매장,문화·여가 중 '서점'을 판매·제공하는 매장,e2b27739-4ae9-4294-9ab1-fbfe110b70ec,세종문고,도서,아름동상점가,자율상권구역,세종특별자치시,3.0,3.0,,,RESOLVED_AGREEMENT,False,3,,,,
6f7a737d4dffe41ed669,val,서점,T2 동의어,q_서점_02,도서 매장,문화·여가 중 '서점'을 판매·제공하는 매장,4ba995c6-e24e-4e71-969b-25aa4ea9bdf4,꼬마북,도서,계산동 골목형상점가,골목형상점가,대전광역시,3.0,3.0,,,RESOLVED_AGREEMENT,False,3,,,,
edf4e08d7a7d8b2b1e71,val,서점,T2 동의어,q_서점_02,도서 매장,문화·여가 중 '서점'을 판매·제공하는 매장,0ba27ff5-635d-4028-9822-25b089c58ae4,금강서적,도서,유천버드내 골목형상점가,골목형상점가,대전광역시,3.0,3.0,,,RESOLVED_AGREEMENT,False,3,,,,
3d880aadd7a33311dfbc,val,서점,T2 동의어,q_서점_02,도서 매장,문화·여가 중 '서점'을 판매·제공하는 매장,51b7e93d-4cfc-409c-95e6-94cbaca3015a,노벨도서 서부시장점,도서,진주 새서부시장,전통시장,경상남도,3.0,3.0,,,RESOLVED_AGREEMENT,False,3,,,,
fe220ebb65377a63cc93,val,서점,T2 동의어,q_서점_02,도서 매장,문화·여가 중 '서점'을 판매·제공하는 매장,8fa170ff-217f-49d6-b94d-c9201e072679,소년의서,도서,충장로45가 상점가,자율상권구역,광주광역시,3.0,3.0,,,RESOLVED_AGREEMENT,False,3,,,,
0ff6295c19f393f2dc05,val,서점,T2 동의어,q_서점_02,도서 매장,문화·여가 중 '서점'을 판매·제공하는 매장,2641de84-9040-4246-bc8d-bd0e762cf5e4,수정서점,도서,산성로 상권활성화구역,상권활성화구역,경기도,3.0,3.0,,,RESOLVED_AGREEMENT,False,3,,,,
da3d03d3ddeee505ed9d,val,서점,T2 동의어,q_서점_02,도서 매장,문화·여가 중 '서점'을 판매·제공하는 매장,7774a82d-f19f-4c81-8515-41e62005c6b6,시와예술,도서,동인천상점가,자율상권구역,인천광역시,3.0,3.0,,,RESOLVED_AGREEMENT,False,3,,,,
49fce88eec14c29cf3c6,val,서점,T2 동의어,q_서점_02,도서 매장,문화·여가 중 '서점'을 판매·제공하는 매장,da060cea-b3d2-45ee-b208-d7877748ded4,마음독립서점,도서,은구비서로사회적협동조합 골목형상점가,골목형상점가,대전광역시,3.0,3.0,,,RESOLVED_AGREEMENT,False,3,,,,
281f5d478772badb94b4,val,서점,T2 동의어,q_서점_02,도서 매장,문화·여가 중 '서점'을 판매·제공하는 매장,773ca92f-af46-4690-a2bd-31788b14b3b8,글감상점,도서,경동시장,전통시장,서울특별시,3.0,3.0,,,RESOLVED_AGREEMENT,False,3,,,,
0049190fba6ce9d63ca3,val,서점,T2 동의어,q_서점_02,도서 매장,문화·여가 중 '서점'을 판매·제공하는 매장,fc281bc0-fec6-4fcd-be60-1b0018b822c3,헬로,도서,연남동골목형상점가,골목형상점가,서울특별시,3.0,3.0,,,RESOLVED_AGREEMENT,False,3,,,,
ed070ee05108b2624909,val,서점,T2 동의어,q_서점_02,도서 매장,문화·여가 중 '서점'을 판매·제공하는 매장,8bb600c9-3d7c-4c9e-83ee-836cb6b53492,웅진도서,도서 및 서적,공주산성 활성화구역,상권활성화구역,충청남도,3.0,3.0,,,RESOLVED_AGREEMENT,False,3,,,,
4c73b7aa91106bd6c409,val,서점,T2 동의어,q_서점_02,도서 매장,문화·여가 중 '서점'을 판매·제공하는 매장,cd484afe-c413-4404-bffe-f51a018f6fc1,북스탑,도서,다정중앙 골목형상점가,골목형상점가,세종특별자치시,3.0,3.0,,,RESOLVED_AGREEMENT,False,3,,,,
096b4c503daee9a14206,val,서점,T2 동의어,q_서점_02,도서 매장,문화·여가 중 '서점'을 판매·제공하는 매장,b2f63446-238f-48ec-b08e-f594c5fde268,이정기한의원,의료,대송시장,전통시장,울산광역시,0.0,0.0,,,RESOLVED_AGREEMENT,False,0,,,,
163fa4bffe569d4a81f9,val,서점,T2 동의어,q_서점_02,도서 매장,문화·여가 중 '서점'을 판매·제공하는 매장,0626ccf7-d6cc-4afb-bd81-7da394a015fd,초원문고,도서,오치2동 골목형상점가,골목형상점가,광주광역시,3.0,3.0,,,RESOLVED_AGREEMENT,False,3,,,,
eda00ce86bc8c3115377,val,서점,T2 동의어,q_서점_02,도서 매장,문화·여가 중 '서점'을 판매·제공하는 매장,79be3522-8b0c-41c1-a4bd-63960aa06043,학문당,도서,마산 창동통합상가,자율상권구역,경상남도,3.0,3.0,,,RESOLVED_AGREEMENT,False,3,,,,
a64aca546f8c3d5f44a8,val,서점,T2 동의어,q_서점_02,도서 매장,문화·여가 중 '서점'을 판매·제공하는 매장,ba10233f-36dd-48fb-800a-fb1b9e379f09,대암서적,도서,함양 지리산함양시장,전통시장,경상남도,3.0,3.0,,,RESOLVED_AGREEMENT,False,3,,,,
6330190a81a0c6f63508,val,서점,T2 동의어,q_서점_02,도서 매장,문화·여가 중 '서점'을 판매·제공하는 매장,0a55ce53-29fe-42e8-8305-303701bbf348,무주서점,서점,무주반딧불상권활성화구역,상권활성화구역,전북특별자치도,3.0,3.0,,,RESOLVED_AGREEMENT,False,3,,,,
aa59933bcb807b79c370,val,서점,T2 동의어,q_서점_02,도서 매장,문화·여가 중 '서점'을 판매·제공하는 매장,00a77461-4674-4064-b492-fe85892bab2e,스타북스,도서,구갈상점가,자율상권구역,경기도,3.0,3.0,,,RESOLVED_AGREEMENT,False,3,,,,
b538e32f42ae6ab8f932,val,서점,T2 동의어,q_서점_02,도서 매장,문화·여가 중 '서점'을 판매·제공하는 매장,3226a904-0a71-4efd-818e-017fd1744fba,엔젤북,도서,신창수문 골목형상점가,골목형상점가,광주광역시,3.0,3.0,,,RESOLVED_AGREEMENT,False,3,,,,
3ddca3d3019300a927c3,val,서점,T2 동의어,q_서점_02,도서 매장,문화·여가 중 '서점'을 판매·제공하는 매장,c7cce357-ead4-4414-91c6-a493ad908a83,나라북,도서,문성 연정빌딩,골목형상점가,경상북도,3.0,3.0,,,RESOLVED_AGREEMENT,False,3,,,,
85f603a5f7dbd5da1017,val,서점,T2 동의어,q_서점_02,도서 매장,문화·여가 중 '서점'을 판매·제공하는 매장,603a008c-78fb-429d-8932-05d030c154f6,전농서적,도서,전농배봉산맛집거리골목형상점가,골목형상점가,서울특별시,3.0,3.0,,,RESOLVED_AGREEMENT,False,3,,,,
cda044b9c90b9b78c407,val,서점,T2 동의어,q_서점_02,도서 매장,문화·여가 중 '서점'을 판매·제공하는 매장,adfaaaaa-6802-410e-8301-76803cab23dd,생활용품,도서,백운시장,전통시장,서울특별시,3.0,3.0,,,RESOLVED_AGREEMENT,False,3,,,,
f39e8891368688e2158a,val,서점,T2 동의어,q_서점_02,도서 매장,문화·여가 중 '서점'을 판매·제공하는 매장,0961cd03-6452-4d93-bd01-6a4d0bd92f5b,첨단임마누엘서점 임마누엘분식,서점문구분식,첨단부영 골목형상점가,골목형상점가,광주광역시,3.0,3.0,,,RESOLVED_AGREEMENT,False,3,,,,
afefc6cff7235432c5f8,val,서점,T2 동의어,q_서점_02,도서 매장,문화·여가 중 '서점'을 판매·제공하는 매장,5652fd89-4b21-42fc-9d5f-43e76437c54e,키즈북,도서,천천중심상가 골목형상점가,골목형상점가,경기도,3.0,3.0,,,RESOLVED_AGREEMENT,False,3,,,,
41538bf11488c2f0998d,val,서점,T2 동의어,q_서점_02,도서 매장,문화·여가 중 '서점'을 판매·제공하는 매장,7f70c398-e869-4de9-bd56-fa534926d532,보람문고,도서,금화상인회 골목형상점가,골목형상점가,광주광역시,3.0,3.0,,,RESOLVED_AGREEMENT,False,3,,,,
9d674cf3569afbbe92b4,val,서점,T2 동의어,q_서점_02,도서 매장,문화·여가 중 '서점'을 판매·제공하는 매장,ca279c7e-c4fd-4ca6-bb04-7de745dbfe15,장생약국,의약품,순천연향패션상가,자율상권구역,전라남도,0.0,0.0,,,RESOLVED_AGREEMENT,False,0,,,,
eee63307a841e2d32ee9,val,서점,T2 동의어,q_서점_02,도서 매장,문화·여가 중 '서점'을 판매·제공하는 매장,c443373a-e2bc-4d62-b98d-9d738aa001eb,종로서점,도서,(예천)새움로 골목형상점가,골목형상점가,경상북도,3.0,3.0,,,RESOLVED_AGREEMENT,False,3,,,,
575ce8e4b2875ddb41c0,val,서점,T2 동의어,q_서점_02,도서 매장,문화·여가 중 '서점'을 판매·제공하는 매장,b6fe02f8-5637-4675-8f23-4aa08823b961,금천농장식품,식육,김해 주촌축산물시장,전통시장,경상남도,0.0,0.0,,,RESOLVED_AGREEMENT,False,0,,,,
f3689aa0f0a32c919c22,val,서점,T2 동의어,q_서점_02,도서 매장,문화·여가 중 '서점'을 판매·제공하는 매장,74671ef2-57d2-42ca-9352-9a69608ee963,송파탑,도서,마천시장,전통시장,서울특별시,3.0,3.0,,,RESOLVED_AGREEMENT,False,3,,,,
c0981117e3a8f45d7fa0,val,서점,T2 동의어,q_서점_02,도서 매장,문화·여가 중 '서점'을 판매·제공하는 매장,c39d81e1-39d4-4ddb-8d41-a72f7bf003d1,미래도서,도서,선화동 골목형상점가,골목형상점가,대전광역시,3.0,3.0,,,RESOLVED_AGREEMENT,False,3,,,,
dfa728122014fe91c3ac,val,서점,T2 동의어,q_서점_02,도서 매장,문화·여가 중 '서점'을 판매·제공하는 매장,b9c72332-8635-4528-b73d-e5730d76976e,꿈아이서점,도서,세병호 골목형상점가,골목형상점가,전북특별자치도,3.0,3.0,,,RESOLVED_AGREEMENT,False,3,,,,
c81bceb21cad51f7355b,val,서점,T2 동의어,q_서점_02,도서 매장,문화·여가 중 '서점'을 판매·제공하는 매장,0cd021bd-2874-4c90-96f4-16999b761156,책봄,도서,구미 금리단길 골목형상점가,골목형상점가,경상북도,3.0,3.0,,,RESOLVED_AGREEMENT,False,3,,,,
bee49a1f24c45643bf07,val,서점,T2 동의어,q_서점_02,도서 매장,문화·여가 중 '서점'을 판매·제공하는 매장,a671ea6f-dda9-4351-9e42-ba747891e7c5,새싹서점,도서,웰컴시티,전통시장,울산광역시,3.0,3.0,,,RESOLVED_AGREEMENT,False,3,,,,
d2bedbb796b2bec176ca,val,서점,T2 동의어,q_서점_02,도서 매장,문화·여가 중 '서점'을 판매·제공하는 매장,14e71015-6ca8-4e99-8be3-a6d85f8f4dc7,행복한서점 이동점,서점,포항 대이상가 골목형상점가,골목형상점가,경상북도,3.0,3.0,,,RESOLVED_AGREEMENT,False,3,,,,
a6ec5a5112b4c5c8689f,val,서점,T2 동의어,q_서점_02,도서 매장,문화·여가 중 '서점'을 판매·제공하는 매장,2c5ae20e-9073-4ad8-a6cf-79e9e245d64e,시민도서,도서,초읍시장,전통시장,부산광역시,3.0,3.0,,,RESOLVED_AGREEMENT,False,3,,,,
dde87ea6ac66432148e4,val,서점,T2 동의어,q_서점_02,도서 매장,문화·여가 중 '서점'을 판매·제공하는 매장,637f0d00-ec2f-4108-84a6-ccb75aa6e4c3,한강문고,도서,빛가람 하나로 골목형상점가,골목형상점가,전라남도,3.0,3.0,,,RESOLVED_AGREEMENT,False,3,,,,
6b83f2996de8ae6d4c51,val,서점,T2 동의어,q_서점_02,도서 매장,문화·여가 중 '서점'을 판매·제공하는 매장,aa15c1eb-10d5-4691-b2e9-a035f05e470d,한샘서림,도서,우정골목 골목형상점가,골목형상점가,울산광역시,3.0,3.0,,,RESOLVED_AGREEMENT,False,3,,,,
c5711645dec4dbb2f639,val,서점,T2 동의어,q_서점_02,도서 매장,문화·여가 중 '서점'을 판매·제공하는 매장,b530983d-2887-4f4f-898d-ccb13bd1dcd6,서적백화점,도서,개포동 구마을 골목형상점가,골목형상점가,서울특별시,3.0,3.0,,,RESOLVED_AGREEMENT,False,3,,,,
dff5682743c75fe6bedb,val,서점,T2 동의어,q_서점_02,도서 매장,문화·여가 중 '서점'을 판매·제공하는 매장,22d310ee-d4de-4d76-a20f-2f45259c9ec0,명성한의원,보건,법원 앞 사과마을 골목형상점가,골목형상점가,광주광역시,0.0,0.0,,,RESOLVED_AGREEMENT,False,0,,,,
c01c51a7274f1a011680,val,서점,T2 동의어,q_서점_02,도서 매장,문화·여가 중 '서점'을 판매·제공하는 매장,05a518b1-2134-4333-9246-f29960893fac,분당미금어린이서점,도서,미금현대벤처빌시장,전통시장,경기도,3.0,3.0,,,RESOLVED_AGREEMENT,False,3,,,,
b3ec052518ff2df1c549,val,서점,T2 동의어,q_서점_02,도서 매장,문화·여가 중 '서점'을 판매·제공하는 매장,26305767-b554-4baf-ba0a-777a406e6302,큰새,도서,화성행궁골목형상점가,골목형상점가,경기도,3.0,3.0,,,RESOLVED_AGREEMENT,False,3,,,,
03bc6db9dc8141c4b701,val,서점,T2 동의어,q_서점_02,도서 매장,문화·여가 중 '서점'을 판매·제공하는 매장,acdbc558-1757-4cd8-a851-750b1b684954,금호서점,도서,목화 골목형상점가,골목형상점가,광주광역시,3.0,3.0,,,RESOLVED_AGREEMENT,False,3,,,,
d1b2b78ae82848cbd06b,val,서점,T2 동의어,q_서점_02,도서 매장,문화·여가 중 '서점'을 판매·제공하는 매장,093496fc-7989-4d88-b9be-24c2ea15dcdc,세종타임문고,도서,보람동 골목형상점가,골목형상점가,세종특별자치시,3.0,3.0,,,RESOLVED_AGREEMENT,False,3,,,,
faa1f9b23cfd4eb23b63,val,서점,T2 동의어,q_서점_02,도서 매장,문화·여가 중 '서점'을 판매·제공하는 매장,308cf529-316d-485f-821e-39e31b8e6ab7,네일은지나,네일,노해랑길골목형상점가,골목형상점가,서울특별시,0.0,0.0,,,RESOLVED_AGREEMENT,False,0,,,,
fa96db5f50786193c118,val,서점,T4 구어·문장,q_서점_03,책 사는 데,문화·여가 중 '서점'을 판매·제공하는 매장,d0cb77e9-45eb-43de-b768-78aba1a63995,문학서점,책.소매업,아진상가,골목형상점가,울산광역시,3.0,3.0,,,RESOLVED_AGREEMENT,False,3,,,,
66f91ada1d49191b4798,val,서점,T4 구어·문장,q_서점_03,책 사는 데,문화·여가 중 '서점'을 판매·제공하는 매장,50b3b4b5-b8a3-47d1-ba67-a7e54c234075,해필,책 도자기,부여도심 상권활성화구역,상권활성화구역,충청남도,3.0,3.0,,,RESOLVED_AGREEMENT,False,3,,,,
f19ac494a59667ff2e7a,val,서점,T4 구어·문장,q_서점_03,책 사는 데,문화·여가 중 '서점'을 판매·제공하는 매장,26e68024-d662-49c0-b5ad-903ef7a9fb76,동명책방 꽃이피다,책,동명동 카페거리 골목형상점가,골목형상점가,광주광역시,3.0,3.0,,,RESOLVED_AGREEMENT,False,3,,,,
3276475a340ee137cfa8,val,서점,T4 구어·문장,q_서점_03,책 사는 데,문화·여가 중 '서점'을 판매·제공하는 매장,0a55ce53-29fe-42e8-8305-303701bbf348,무주서점,서점,무주반딧불상권활성화구역,상권활성화구역,전북특별자치도,3.0,3.0,,,RESOLVED_AGREEMENT,False,3,,,,
30a4216e0875df858ec9,val,서점,T4 구어·문장,q_서점_03,책 사는 데,문화·여가 중 '서점'을 판매·제공하는 매장,9747d321-5deb-4570-8724-9a6ff1cf92bc,교양당서점,책,남항시장,전통시장,부산광역시,3.0,3.0,,,RESOLVED_AGREEMENT,False,3,,,,
17b4fd0b04e4414dd4d9,val,서점,T4 구어·문장,q_서점_03,책 사는 데,문화·여가 중 '서점'을 판매·제공하는 매장,62f8146c-aa85-4d94-9947-0f19fd052da5,데즐링,,쌍촌명지상인회 골목형상점가,골목형상점가,,,0.0,Y,,P0_UNCERTAIN_OR_MISSING,True,,,,,
e5aec50f8eea57e3048d,val,서점,T4 구어·문장,q_서점_03,책 사는 데,문화·여가 중 '서점'을 판매·제공하는 매장,852aceb0-cee0-47d2-bb0e-d3ab7aa797d5,모퉁이 놀이터,"소품, 책",양수리전통시장(양평양수리시장),전통시장,경기도,3.0,3.0,,,RESOLVED_AGREEMENT,False,3,,,,
4438c96a2fdef1a406f5,val,서점,T4 구어·문장,q_서점_03,책 사는 데,문화·여가 중 '서점'을 판매·제공하는 매장,4c880713-badb-4147-9e2e-596c7640ef09,금강제주2지점,"잡화, 의류",칠성로상점가,자율상권구역,제주특별자치도,1.0,0.0,,,P2_GRADED_ONLY,True,,,,,
409016c352f37646f9d1,val,서점,T4 구어·문장,q_서점_03,책 사는 데,문화·여가 중 '서점'을 판매·제공하는 매장,00e3accd-f689-498e-b702-f483624f2d91,비씨지북스,책,오류골먹자골목 골목형상점가,골목형상점가,서울특별시,3.0,3.0,,,RESOLVED_AGREEMENT,False,3,,,,
88ad7c92a76773b3ff0b,val,서점,T4 구어·문장,q_서점_03,책 사는 데,문화·여가 중 '서점'을 판매·제공하는 매장,c817a456-31fe-4040-8e96-83555751472d,책과향기,"향수, 책",은행동상점가(구 으능정이상점가),자율상권구역,대전광역시,3.0,3.0,,,RESOLVED_AGREEMENT,False,3,,,,
527124f9c745a82ca41d,val,서점,T4 구어·문장,q_서점_03,책 사는 데,문화·여가 중 '서점'을 판매·제공하는 매장,2e70721b-3b7c-45bb-b95d-fd778dcc5518,삼성문고,책,이천중앙로상가,자율상권구역,경기도,3.0,3.0,,,RESOLVED_AGREEMENT,False,3,,,,
9e4d6a0632738e69624a,val,서점,T4 구어·문장,q_서점_03,책 사는 데,문화·여가 중 '서점'을 판매·제공하는 매장,ebacb746-27ce-47f2-b880-4380f99dd4ec,한림서적,책,상무중앙상인회 골목형상점가,골목형상점가,광주광역시,3.0,3.0,,,RESOLVED_AGREEMENT,False,3,,,,
def4be09a46a87ceb3b2,val,서점,T4 구어·문장,q_서점_03,책 사는 데,문화·여가 중 '서점'을 판매·제공하는 매장,efe55d9f-aae5-494d-85e5-265dd3b07f62,주식회사우리문고,책,성안길상점가,자율상권구역,충청북도,3.0,3.0,,,RESOLVED_AGREEMENT,False,3,,,,
ef1e4ec3e0f49e0aa606,val,서점,T4 구어·문장,q_서점_03,책 사는 데,문화·여가 중 '서점'을 판매·제공하는 매장,941876a0-914b-4e1c-9c4b-ae03708463bd,나눔에 서점,책,엄사 골목형상점가,골목형상점가,충청남도,3.0,3.0,,,RESOLVED_AGREEMENT,False,3,,,,
aa96471af98a20258cb7,val,서점,T4 구어·문장,q_서점_03,책 사는 데,문화·여가 중 '서점'을 판매·제공하는 매장,05a518b1-2134-4333-9246-f29960893fac,분당미금어린이서점,도서,미금현대벤처빌시장,전통시장,경기도,3.0,3.0,,,RESOLVED_AGREEMENT,False,3,,,,
eab0dff031acfbe26523,val,서점,T4 구어·문장,q_서점_03,책 사는 데,문화·여가 중 '서점'을 판매·제공하는 매장,b0b8c76d-f880-4813-8bfd-f00f32bc4035,꿀잼도서 2호점,책 도소매,마산 석전시장,전통시장,경상남도,3.0,3.0,,,RESOLVED_AGREEMENT,False,3,,,,
ca0c31248a66eaa1dcfe,val,서점,T4 구어·문장,q_서점_03,책 사는 데,문화·여가 중 '서점'을 판매·제공하는 매장,7390584b-4990-4f7d-a714-d3a79f35d4aa,해미책방,책,해미읍성전통시장,전통시장,충청남도,3.0,3.0,,,RESOLVED_AGREEMENT,False,3,,,,
f8d089bfda2a4144cf63,val,서점,T4 구어·문장,q_서점_03,책 사는 데,문화·여가 중 '서점'을 판매·제공하는 매장,deb2dc6a-8c31-49d3-b7a9-519960f0dde5,희망서적,책,신안프라자전통시장,전통시장,경기도,3.0,3.0,,,RESOLVED_AGREEMENT,False,3,,,,
bf2746b508b3efc7255f,val,서점,T4 구어·문장,q_서점_03,책 사는 데,문화·여가 중 '서점'을 판매·제공하는 매장,84dce069-774f-445a-a37f-17fec5291fd9,책:피다,서적,신정평화시장,전통시장,울산광역시,3.0,3.0,,,RESOLVED_AGREEMENT,False,3,,,,
6fd59f9159ac27009efa,val,서점,T4 구어·문장,q_서점_03,책 사는 데,문화·여가 중 '서점'을 판매·제공하는 매장,173b639e-9ce0-4a79-af7c-e1c0c4c04db6,명문서점,"책, 도서류",산본전통시장(구 군포산본시장),전통시장,경기도,3.0,3.0,,,RESOLVED_AGREEMENT,False,3,,,,
7e3e498187126ee898e4,val,서점,T4 구어·문장,q_서점_03,책 사는 데,문화·여가 중 '서점'을 판매·제공하는 매장,67b6faea-363b-499c-8276-5d2778a39aa0,어나더더블유,책,동작구 LINK 상권활성화구역,상권활성화구역,서울특별시,3.0,3.0,,,RESOLVED_AGREEMENT,False,3,,,,
4109ec4aa72449a24804,val,서점,T4 구어·문장,q_서점_03,책 사는 데,문화·여가 중 '서점'을 판매·제공하는 매장,82c4a15d-a23f-4c32-9e1c-a8aded5a5ac0,카툰카페,"책, 음료",금촌명동로시장,전통시장,경기도,3.0,3.0,,,RESOLVED_AGREEMENT,False,3,,,,
db7af0d4fa5c1eb86929,val,서점,T4 구어·문장,q_서점_03,책 사는 데,문화·여가 중 '서점'을 판매·제공하는 매장,347d0df7-16f2-416a-a201-030880eebfb7,대신서점,책,마산 합성대로상가,전통시장,경상남도,3.0,3.0,,,RESOLVED_AGREEMENT,False,3,,,,
20de2366830e69199696,val,서점,T4 구어·문장,q_서점_03,책 사는 데,문화·여가 중 '서점'을 판매·제공하는 매장,683aa6ca-3623-41e0-807c-b3a8fa0cffad,고려당,책,중앙메가프라자,전통시장,대전광역시,3.0,3.0,,,RESOLVED_AGREEMENT,False,3,,,,
5a87904e050f11540f3b,val,서점,T4 구어·문장,q_서점_03,책 사는 데,문화·여가 중 '서점'을 판매·제공하는 매장,4e9b9cf5-6872-43eb-ad69-3cda8cee0407,하늘소리기독서점,책,금촌문화로시장,전통시장,경기도,3.0,3.0,,,RESOLVED_AGREEMENT,False,3,,,,
d92737aa75d7bbe737c4,val,서점,T4 구어·문장,q_서점_03,책 사는 데,문화·여가 중 '서점'을 판매·제공하는 매장,f15c2a5b-74e2-44a5-b6e2-4684fc77b894,과천어린이서점,책,과천새서울프라자시장,전통시장,경기도,3.0,3.0,,,RESOLVED_AGREEMENT,False,3,,,,
9fd81006d9b1ea4690be,val,서점,T4 구어·문장,q_서점_03,책 사는 데,문화·여가 중 '서점'을 판매·제공하는 매장,f14df4d3-9858-4a8b-8597-20fd477d8e32,갤러리 데 루치아,가구,용인어정가구단지상점가,자율상권구역,경기도,0.0,0.0,,,RESOLVED_AGREEMENT,False,0,,,,
9489354e8bdbfe696d39,val,서점,T4 구어·문장,q_서점_03,책 사는 데,문화·여가 중 '서점'을 판매·제공하는 매장,04961d72-f5b3-4605-86f3-8130ded3e312,본도시락성서점,,성서우방 골목형상점가,골목형상점가,대구광역시,3.0,3.0,,,RESOLVED_AGREEMENT,False,3,,,,
f9aeb57c481f67669ea0,val,서점,T4 구어·문장,q_서점_03,책 사는 데,문화·여가 중 '서점'을 판매·제공하는 매장,282b0e8b-051c-49f9-a707-b982df803589,까라벨라 데 오르,스파게티,동명동 카페거리 골목형상점가,골목형상점가,광주광역시,0.0,0.0,,,RESOLVED_AGREEMENT,False,0,,,,
ca92c678a8f0071626b1,val,서점,T4 구어·문장,q_서점_03,책 사는 데,문화·여가 중 '서점'을 판매·제공하는 매장,0b72196a-c717-47e3-a0e2-b7c710e60657,원테이블,"커피, 도서, 책",아름다운별장거리골목형상점가,골목형상점가,서울특별시,3.0,3.0,,,RESOLVED_AGREEMENT,False,3,,,,
77f5caee5e4ed72652c2,val,서점,T4 구어·문장,q_서점_03,책 사는 데,문화·여가 중 '서점'을 판매·제공하는 매장,8f69b854-2bb1-4c60-9270-208d55b08d3f,예쁜데,,골든타임 골목형상점가,골목형상점가,경기도,,0.0,Y,,P0_UNCERTAIN_OR_MISSING,True,,,,,
6b49b354ef0e03b124b8,val,서점,T4 구어·문장,q_서점_03,책 사는 데,문화·여가 중 '서점'을 판매·제공하는 매장,53330011-cc13-41a5-95e3-a3f198dce327,화문당서점,책,청주시 소나무길 일원 자율상권구역,상권활성화구역,충청북도,3.0,3.0,,,RESOLVED_AGREEMENT,False,3,,,,
5877073f3c133e1dc778,val,서점,T4 구어·문장,q_서점_03,책 사는 데,문화·여가 중 '서점'을 판매·제공하는 매장,0b4bdfd4-7ffe-4bef-8a0a-a9a3ae1e54be,펀앤북,서점,광주역 복개로 골목형상점가,골목형상점가,광주광역시,3.0,3.0,,,RESOLVED_AGREEMENT,False,3,,,,
0cebf95b672b2b7058c8,val,서점,T4 구어·문장,q_서점_03,책 사는 데,문화·여가 중 '서점'을 판매·제공하는 매장,3d257fae-92a9-4312-9a11-e2efb804a474,현승상회,여성복,부산진시장,전통시장,부산광역시,0.0,0.0,,,RESOLVED_AGREEMENT,False,0,,,,
30449b91f988103b2e62,val,서점,T4 구어·문장,q_서점_03,책 사는 데,문화·여가 중 '서점'을 판매·제공하는 매장,a1933421-af98-4b22-b1d9-c1dab1e3adbb,일광서점,서적 책,백년소상공인,기타,전라남도,3.0,3.0,,,RESOLVED_AGREEMENT,False,3,,,,
8ca932a408f95f59357d,val,서점,T4 구어·문장,q_서점_03,책 사는 데,문화·여가 중 '서점'을 판매·제공하는 매장,7de49ca7-6094-4d66-9c2b-92946beb6b99,나녹,책,청당2번가 골목형상점가,골목형상점가,충청남도,3.0,3.0,,,RESOLVED_AGREEMENT,False,3,,,,
1b5c174740dd422c78bd,val,서점,T4 구어·문장,q_서점_03,책 사는 데,문화·여가 중 '서점'을 판매·제공하는 매장,32e2b5b5-c2fc-42f4-9ddb-a49a7ca0cac4,박리분식,분식,정훈한마음골목시장,골목형상점가,서울특별시,0.0,0.0,,,RESOLVED_AGREEMENT,False,0,,,,
3de6c28ad52615493a3b,val,서점,T4 구어·문장,q_서점_03,책 사는 데,문화·여가 중 '서점'을 판매·제공하는 매장,78af4e58-fbb3-48fc-a451-728becf545e7,중앙도서,책,홍성명동상가,자율상권구역,충청남도,3.0,3.0,,,RESOLVED_AGREEMENT,False,3,,,,
09c8d68ef29252adf26e,val,서점,T4 구어·문장,q_서점_03,책 사는 데,문화·여가 중 '서점'을 판매·제공하는 매장,24a705bd-78c4-4ce4-8bb1-8248d9782be2,153서점,책,과천새서울프라자시장,전통시장,경기도,3.0,3.0,,,RESOLVED_AGREEMENT,False,3,,,,
1f5819f138b2342fd4b7,val,서점,T4 구어·문장,q_서점_03,책 사는 데,문화·여가 중 '서점'을 판매·제공하는 매장,023d6fc9-7b0e-4244-9279-534051fff793,삼복서점,도서,고은상인회 골목형상점가,골목형상점가,광주광역시,3.0,3.0,,,RESOLVED_AGREEMENT,False,3,,,,
a1f5a708f8dc71aff7d2,val,서점,T4 구어·문장,q_서점_03,책 사는 데,문화·여가 중 '서점'을 판매·제공하는 매장,021db5d1-5a69-4dd4-9faf-d36d74f1a3c2,어울림북앤락,도서,부평종합시장,전통시장,인천광역시,3.0,3.0,,,RESOLVED_AGREEMENT,False,3,,,,
73e83147b1b34171e5d7,val,서점,T4 구어·문장,q_서점_03,책 사는 데,문화·여가 중 '서점'을 판매·제공하는 매장,74eaa3c6-38c9-4ac7-b39a-76f79c7594af,한민서적,책,괴정가장로 골목형상점가,골목형상점가,대전광역시,3.0,3.0,,,RESOLVED_AGREEMENT,False,3,,,,
4779d7603af7838234f5,val,서점,T4 구어·문장,q_서점_03,책 사는 데,문화·여가 중 '서점'을 판매·제공하는 매장,3e9f940c-63ba-488d-a411-dac0ba58cb67,데상트시흥,스포츠의류 용품,신천 패션타운 골목형상점가,골목형상점가,경기도,0.0,0.0,,,RESOLVED_AGREEMENT,False,0,,,,
73a92a313b0b2e79d726,val,서점,T4 구어·문장,q_서점_03,책 사는 데,문화·여가 중 '서점'을 판매·제공하는 매장,7dc44662-16cc-4e93-a976-1ab87312e2c0,본동서적,책,비단길현대시장,전통시장,서울특별시,3.0,3.0,,,RESOLVED_AGREEMENT,False,3,,,,
8b75b2dbfbe8b9f4eae5,val,서점,T4 구어·문장,q_서점_03,책 사는 데,문화·여가 중 '서점'을 판매·제공하는 매장,7d1f3a7b-8502-41a9-a299-fcb5ec1d66e2,봉봉칼국수,한식,꽃밭정이 골목형상점가,골목형상점가,전북특별자치도,0.0,0.0,,,RESOLVED_AGREEMENT,False,0,,,,
3ce777655e2cd9ed1145,val,서점,T4 구어·문장,q_서점_03,책 사는 데,문화·여가 중 '서점'을 판매·제공하는 매장,7415e50a-23db-4a83-a246-86925403d40d,이그잼플러스,책,노량진만나로골목형상점가,골목형상점가,서울특별시,3.0,3.0,,,RESOLVED_AGREEMENT,False,3,,,,
fada293fa72b76165bc2,val,서점,T4 구어·문장,q_서점_03,책 사는 데,문화·여가 중 '서점'을 판매·제공하는 매장,14e71015-6ca8-4e99-8be3-a6d85f8f4dc7,행복한서점 이동점,서점,포항 대이상가 골목형상점가,골목형상점가,경상북도,3.0,3.0,,,RESOLVED_AGREEMENT,False,3,,,,
d39cf80724459b41769e,val,서점,T4 구어·문장,q_서점_03,책 사는 데,문화·여가 중 '서점'을 판매·제공하는 매장,0961cd03-6452-4d93-bd01-6a4d0bd92f5b,첨단임마누엘서점 임마누엘분식,서점문구분식,첨단부영 골목형상점가,골목형상점가,광주광역시,3.0,3.0,,,RESOLVED_AGREEMENT,False,3,,,,
0af200990be5a3110cce,val,서점,T4 구어·문장,q_서점_03,책 사는 데,문화·여가 중 '서점'을 판매·제공하는 매장,108b4ad3-9c08-4842-9b86-464544b9a68e,비상구,의류,천안역지하상가,일반지하상점가,충청남도,0.0,0.0,,,RESOLVED_AGREEMENT,False,0,,,,
440d21816d379ea2b2b4,val,서점,T4 구어·문장,q_서점_03,책 사는 데,문화·여가 중 '서점'을 판매·제공하는 매장,e48725c2-9e8b-43c5-bda7-b408ac5c0b8c,생각주머니어린이서점,책,서초쇼핑골목형상점가,골목형상점가,서울특별시,3.0,3.0,,,RESOLVED_AGREEMENT,False,3,,,,
976117cc5a89627a1965,val,서점,T4 구어·문장,q_서점_03,책 사는 데,문화·여가 중 '서점'을 판매·제공하는 매장,0541674e-2fa9-43a7-a5e3-f5f91d6a4ce4,호남기독백화점,도서,양림기독병원 골목형상점가,골목형상점가,광주광역시,3.0,3.0,,,RESOLVED_AGREEMENT,False,3,,,,
743868a9bff1c3ebc640,val,서점,T4 구어·문장,q_서점_03,책 사는 데,문화·여가 중 '서점'을 판매·제공하는 매장,29e96611-24ae-49be-b342-063dee0481cc,옛날산골통닭,치킨,방이시장,전통시장,서울특별시,0.0,0.0,,,RESOLVED_AGREEMENT,False,0,,,,
ce176a3f80be42fab309,val,서점,T4 구어·문장,q_서점_03,책 사는 데,문화·여가 중 '서점'을 판매·제공하는 매장,37f4da31-01d0-4a5e-beb6-00bbe79abc0d,히데,의류,춘천지하상가,일반지하상점가,강원특별자치도,0.0,0.0,,,RESOLVED_AGREEMENT,False,0,,,,
2c083e13444c071093f7,val,서점,T4 구어·문장,q_서점_03,책 사는 데,문화·여가 중 '서점'을 판매·제공하는 매장,481ec122-2a64-45ea-b3a6-f9702e4eaeaa,신공손문고,책,신아타운,전통시장,서울특별시,3.0,3.0,,,RESOLVED_AGREEMENT,False,3,,,,
a13f84bf925a8c22bc3f,val,서점,T4 구어·문장,q_서점_03,책 사는 데,문화·여가 중 '서점'을 판매·제공하는 매장,9bfb80f5-4a9c-4992-8cda-2ca84a6e53c0,책짠해,"책, 서적",황남상가시장,전통시장,경상북도,3.0,3.0,,,RESOLVED_AGREEMENT,False,3,,,,
0c34f04911c1a90ade40,val,서점,T4 구어·문장,q_서점_03,책 사는 데,문화·여가 중 '서점'을 판매·제공하는 매장,63859576-b9cd-4f7b-a6ae-6378c098cc4e,책봄,북카페 책 커피,혁신도시5구역골목형상점가,골목형상점가,강원특별자치도,3.0,3.0,,,RESOLVED_AGREEMENT,False,3,,,,
d2f48c211d3bff019eb5,val,서점,T4 구어·문장,q_서점_03,책 사는 데,문화·여가 중 '서점'을 판매·제공하는 매장,cc30e1bc-07d8-4b83-8d54-c2f53c45946b,하나서점,책,성서보성화성상가시장,전통시장,대구광역시,3.0,3.0,,,RESOLVED_AGREEMENT,False,3,,,,
5cf91614593747be43e4,val,서점,T4 구어·문장,q_서점_03,책 사는 데,문화·여가 중 '서점'을 판매·제공하는 매장,e87e71bd-aa94-48db-8d42-50e099bad0eb,스타동네책방,책,스타프라자전통시장,전통시장,경기도,3.0,3.0,,,RESOLVED_AGREEMENT,False,3,,,,
7dc347dbdee1c341d00e,val,서점,T4 구어·문장,q_서점_03,책 사는 데,문화·여가 중 '서점'을 판매·제공하는 매장,72051c3a-a1de-40b8-a406-271700df1c71,교학문고,책,달천상가 골목형상점가,골목형상점가,울산광역시,3.0,3.0,,,RESOLVED_AGREEMENT,False,3,,,,
9d5432f029f1223a8160,val,서점,T4 구어·문장,q_서점_03,책 사는 데,문화·여가 중 '서점'을 판매·제공하는 매장,e81920e1-a9c4-4efe-881a-0bfacbc9d5cb,도반책방,책,고촌 먹거리타운 골목형상점가,골목형상점가,경기도,3.0,3.0,,,RESOLVED_AGREEMENT,False,3,,,,
be900bf60cf3dc204b56,val,서점,T4 구어·문장,q_서점_03,책 사는 데,문화·여가 중 '서점'을 판매·제공하는 매장,00a77461-4674-4064-b492-fe85892bab2e,스타북스,도서,구갈상점가,자율상권구역,경기도,3.0,3.0,,,RESOLVED_AGREEMENT,False,3,,,,
3282bce7e91993d026e0,val,서점,T4 구어·문장,q_서점_03,책 사는 데,문화·여가 중 '서점'을 판매·제공하는 매장,aba76fc2-984e-4030-ba01-e2e7d78264c7,데 아로즈 대전둔산본점,,갈리단길 골목형상점가,골목형상점가,대전광역시,,0.0,Y,,P0_UNCERTAIN_OR_MISSING,True,,,,,
f86f9ce56b032e6f2e87,val,서점,T4 구어·문장,q_서점_03,책 사는 데,문화·여가 중 '서점'을 판매·제공하는 매장,fe52a83d-bed1-4fcc-b2e4-de376137c808,책과 생활,책,서석초 인근 골목형상점가,골목형상점가,광주광역시,3.0,3.0,,,RESOLVED_AGREEMENT,False,3,,,,
a896056826203b6b5239,val,서점,T4 구어·문장,q_서점_03,책 사는 데,문화·여가 중 '서점'을 판매·제공하는 매장,af3298d4-b921-4b74-accc-4e49afb200a8,꿈담어린이서점 (산호점),책,마산 산호시장,전통시장,경상남도,3.0,3.0,,,RESOLVED_AGREEMENT,False,3,,,,
8ec024cfb711c3483eca,val,서점,T4 구어·문장,q_서점_03,책 사는 데,문화·여가 중 '서점'을 판매·제공하는 매장,0ca62bc5-ce9d-48b8-9a4f-9955cf16e593,쨈쨈서점,책,반석동 골목형상점가,골목형상점가,대전광역시,3.0,3.0,,,RESOLVED_AGREEMENT,False,3,,,,
4e5eb4365af32566e5d1,val,서점,T4 구어·문장,q_서점_03,책 사는 데,문화·여가 중 '서점'을 판매·제공하는 매장,4758fa1e-02ba-489f-9391-534685fac307,만춘서점,책 음반 소품,함덕4구상점가,골목형상점가,제주특별자치도,3.0,3.0,,,RESOLVED_AGREEMENT,False,3,,,,
01ede03387613b5cc797,val,서점,T4 구어·문장,q_서점_03,책 사는 데,문화·여가 중 '서점'을 판매·제공하는 매장,7addcc95-1312-4172-a664-d51bf2ff5fdc,"38번광땡,21호",선어,사천 삼천포용궁수산시장,전통시장,경상남도,0.0,0.0,,,RESOLVED_AGREEMENT,False,0,,,,
0764ccb326db9c66c27f,val,서점,T4 구어·문장,q_서점_04,책 파는 곳,문화·여가 중 '서점'을 판매·제공하는 매장,5beb6187-2766-4dd5-bcca-3b08cb8c087f,고기파는 총각들,,용마루길 골목형상점가,골목형상점가,서울특별시,0.0,0.0,,,RESOLVED_AGREEMENT,False,0,,,,
3ace3067b2774eab49ed,val,서점,T4 구어·문장,q_서점_04,책 파는 곳,문화·여가 중 '서점'을 판매·제공하는 매장,4758fa1e-02ba-489f-9391-534685fac307,만춘서점,책 음반 소품,함덕4구상점가,골목형상점가,제주특별자치도,3.0,3.0,,,RESOLVED_AGREEMENT,False,3,,,,
0ba91fe4816d352470dd,val,서점,T4 구어·문장,q_서점_04,책 파는 곳,문화·여가 중 '서점'을 판매·제공하는 매장,00e3accd-f689-498e-b702-f483624f2d91,비씨지북스,책,오류골먹자골목 골목형상점가,골목형상점가,서울특별시,3.0,3.0,,,RESOLVED_AGREEMENT,False,3,,,,
b65e33a78d7f2e816167,val,서점,T4 구어·문장,q_서점_04,책 파는 곳,문화·여가 중 '서점'을 판매·제공하는 매장,c817a456-31fe-4040-8e96-83555751472d,책과향기,"향수, 책",은행동상점가(구 으능정이상점가),자율상권구역,대전광역시,3.0,3.0,,,RESOLVED_AGREEMENT,False,3,,,,
990f87eacdbf17a2856e,val,서점,T4 구어·문장,q_서점_04,책 파는 곳,문화·여가 중 '서점'을 판매·제공하는 매장,7415e50a-23db-4a83-a246-86925403d40d,이그잼플러스,책,노량진만나로골목형상점가,골목형상점가,서울특별시,3.0,3.0,,,RESOLVED_AGREEMENT,False,3,,,,
4c839ce16f9f120fd950,val,서점,T4 구어·문장,q_서점_04,책 파는 곳,문화·여가 중 '서점'을 판매·제공하는 매장,14e71015-6ca8-4e99-8be3-a6d85f8f4dc7,행복한서점 이동점,서점,포항 대이상가 골목형상점가,골목형상점가,경상북도,3.0,3.0,,,RESOLVED_AGREEMENT,False,3,,,,
847a6b9e431b6e131471,val,서점,T4 구어·문장,q_서점_04,책 파는 곳,문화·여가 중 '서점'을 판매·제공하는 매장,fe52a83d-bed1-4fcc-b2e4-de376137c808,책과 생활,책,서석초 인근 골목형상점가,골목형상점가,광주광역시,3.0,3.0,,,RESOLVED_AGREEMENT,False,3,,,,
c1b6e8c7952f2a8ab9d0,val,서점,T4 구어·문장,q_서점_04,책 파는 곳,문화·여가 중 '서점'을 판매·제공하는 매장,76a3551b-dae4-4326-92cc-662015aedbfb,쉴 곳,한식,칠성로상점가,자율상권구역,제주특별자치도,0.0,0.0,,,RESOLVED_AGREEMENT,False,0,,,,
6617077219f122e2eb86,val,서점,T4 구어·문장,q_서점_04,책 파는 곳,문화·여가 중 '서점'을 판매·제공하는 매장,e87e71bd-aa94-48db-8d42-50e099bad0eb,스타동네책방,책,스타프라자전통시장,전통시장,경기도,3.0,3.0,,,RESOLVED_AGREEMENT,False,3,,,,
8b62de2b1a0a14e7531e,val,서점,T4 구어·문장,q_서점_04,책 파는 곳,문화·여가 중 '서점'을 판매·제공하는 매장,deb2dc6a-8c31-49d3-b7a9-519960f0dde5,희망서적,책,신안프라자전통시장,전통시장,경기도,3.0,3.0,,,RESOLVED_AGREEMENT,False,3,,,,
3b0f27ff3c6084cf300f,val,서점,T4 구어·문장,q_서점_04,책 파는 곳,문화·여가 중 '서점'을 판매·제공하는 매장,021db5d1-5a69-4dd4-9faf-d36d74f1a3c2,어울림북앤락,도서,부평종합시장,전통시장,인천광역시,3.0,3.0,,,RESOLVED_AGREEMENT,False,3,,,,
f150a8a17f8adf835136,val,서점,T4 구어·문장,q_서점_04,책 파는 곳,문화·여가 중 '서점'을 판매·제공하는 매장,04961d72-f5b3-4605-86f3-8130ded3e312,본도시락성서점,,성서우방 골목형상점가,골목형상점가,대구광역시,3.0,3.0,,,RESOLVED_AGREEMENT,False,3,,,,
96970a868a93d7c0a1e9,val,서점,T4 구어·문장,q_서점_04,책 파는 곳,문화·여가 중 '서점'을 판매·제공하는 매장,e81920e1-a9c4-4efe-881a-0bfacbc9d5cb,도반책방,책,고촌 먹거리타운 골목형상점가,골목형상점가,경기도,3.0,3.0,,,RESOLVED_AGREEMENT,False,3,,,,
3775599c18fcf08729d1,val,서점,T4 구어·문장,q_서점_04,책 파는 곳,문화·여가 중 '서점'을 판매·제공하는 매장,7619524c-0f4f-4614-9c26-c6b14358e671,세븐일레븐 울산옥교점,편의점,새치마을 골목형상점가,골목형상점가,울산광역시,0.0,0.0,,,RESOLVED_AGREEMENT,False,0,,,,
610cf6a0712c7b62f5ff,val,서점,T4 구어·문장,q_서점_04,책 파는 곳,문화·여가 중 '서점'을 판매·제공하는 매장,0b4bdfd4-7ffe-4bef-8a0a-a9a3ae1e54be,펀앤북,서점,광주역 복개로 골목형상점가,골목형상점가,광주광역시,3.0,3.0,,,RESOLVED_AGREEMENT,False,3,,,,
fe3b987c5b96e9f94a28,val,서점,T4 구어·문장,q_서점_04,책 파는 곳,문화·여가 중 '서점'을 판매·제공하는 매장,cc30e1bc-07d8-4b83-8d54-c2f53c45946b,하나서점,책,성서보성화성상가시장,전통시장,대구광역시,3.0,3.0,,,RESOLVED_AGREEMENT,False,3,,,,
2d520a47d8884c837922,val,서점,T4 구어·문장,q_서점_04,책 파는 곳,문화·여가 중 '서점'을 판매·제공하는 매장,67b6faea-363b-499c-8276-5d2778a39aa0,어나더더블유,책,동작구 LINK 상권활성화구역,상권활성화구역,서울특별시,3.0,3.0,,,RESOLVED_AGREEMENT,False,3,,,,
af861bce4937983cff84,val,서점,T4 구어·문장,q_서점_04,책 파는 곳,문화·여가 중 '서점'을 판매·제공하는 매장,24a705bd-78c4-4ce4-8bb1-8248d9782be2,153서점,책,과천새서울프라자시장,전통시장,경기도,3.0,3.0,,,RESOLVED_AGREEMENT,False,3,,,,
1a77a5457f7657a97373,val,서점,T4 구어·문장,q_서점_04,책 파는 곳,문화·여가 중 '서점'을 판매·제공하는 매장,9bfb80f5-4a9c-4992-8cda-2ca84a6e53c0,책짠해,"책, 서적",황남상가시장,전통시장,경상북도,3.0,3.0,,,RESOLVED_AGREEMENT,False,3,,,,
c16d91e91b79b22f5409,val,서점,T4 구어·문장,q_서점_04,책 파는 곳,문화·여가 중 '서점'을 판매·제공하는 매장,a1933421-af98-4b22-b1d9-c1dab1e3adbb,일광서점,서적 책,백년소상공인,기타,전라남도,3.0,3.0,,,RESOLVED_AGREEMENT,False,3,,,,
2e8169a5290ff5fca287,val,서점,T4 구어·문장,q_서점_04,책 파는 곳,문화·여가 중 '서점'을 판매·제공하는 매장,b086e391-36f4-4731-9ca4-d83322a157e5,태화오리탕,오리,유동 경열로 골목형상점가,골목형상점가,광주광역시,0.0,0.0,,,RESOLVED_AGREEMENT,False,0,,,,
78a7d9805b210c61ec46,val,서점,T4 구어·문장,q_서점_04,책 파는 곳,문화·여가 중 '서점'을 판매·제공하는 매장,7390584b-4990-4f7d-a714-d3a79f35d4aa,해미책방,책,해미읍성전통시장,전통시장,충청남도,3.0,3.0,,,RESOLVED_AGREEMENT,False,3,,,,
b0b77dcc2f4f7d34fdb6,val,서점,T4 구어·문장,q_서점_04,책 파는 곳,문화·여가 중 '서점'을 판매·제공하는 매장,5f59c153-0ca4-4ba4-9f1c-e59663f9e5e2,꽃파는 카페 가배화,꽃가게,맛조이상인회 골목형상점가,골목형상점가,광주광역시,0.0,0.0,,,RESOLVED_AGREEMENT,False,0,,,,
0ee7e3e595387208523c,val,서점,T4 구어·문장,q_서점_04,책 파는 곳,문화·여가 중 '서점'을 판매·제공하는 매장,0a55ce53-29fe-42e8-8305-303701bbf348,무주서점,서점,무주반딧불상권활성화구역,상권활성화구역,전북특별자치도,3.0,3.0,,,RESOLVED_AGREEMENT,False,3,,,,
7d4c744f42a50fb236b6,val,서점,T4 구어·문장,q_서점_04,책 파는 곳,문화·여가 중 '서점'을 판매·제공하는 매장,4e9b9cf5-6872-43eb-ad69-3cda8cee0407,하늘소리기독서점,책,금촌문화로시장,전통시장,경기도,3.0,3.0,,,RESOLVED_AGREEMENT,False,3,,,,
ad2c4ff628682790ddf0,val,서점,T4 구어·문장,q_서점_04,책 파는 곳,문화·여가 중 '서점'을 판매·제공하는 매장,2743811c-5e71-4d2b-aa75-1b0147d44f2d,사우 꽃이 피는 곳,꽃,김포 풍년마을 골목형상점가,골목형상점가,경기도,0.0,0.0,,,RESOLVED_AGREEMENT,False,0,,,,
c4e29c7be49c2e19813a,val,서점,T4 구어·문장,q_서점_04,책 파는 곳,문화·여가 중 '서점'을 판매·제공하는 매장,31d5fc3d-3ac1-4503-b0d9-a485f77af4ae,펀엔조이,오락장,회기랑길골목형상점가,골목형상점가,서울특별시,0.0,0.0,,,RESOLVED_AGREEMENT,False,0,,,,
441b43582380c196071e,val,서점,T4 구어·문장,q_서점_04,책 파는 곳,문화·여가 중 '서점'을 판매·제공하는 매장,ef5ddf6f-134e-48df-9a32-c855188bf2a5,한아름아울렛,의류,부사시장,전통시장,대전광역시,0.0,0.0,,,RESOLVED_AGREEMENT,False,0,,,,
5a68f412dec5572a2695,val,서점,T4 구어·문장,q_서점_04,책 파는 곳,문화·여가 중 '서점'을 판매·제공하는 매장,0961cd03-6452-4d93-bd01-6a4d0bd92f5b,첨단임마누엘서점 임마누엘분식,서점문구분식,첨단부영 골목형상점가,골목형상점가,광주광역시,3.0,3.0,,,RESOLVED_AGREEMENT,False,3,,,,
93c2a0f9fd92df230a5a,val,서점,T4 구어·문장,q_서점_04,책 파는 곳,문화·여가 중 '서점'을 판매·제공하는 매장,be9f8c61-892c-48ed-a49d-b63bd032c025,소곳,의류,고투몰(강남터미널지하도상점가),일반지하상점가,서울특별시,0.0,0.0,,,RESOLVED_AGREEMENT,False,0,,,,
9fa20f4233ccf0f660e7,val,서점,T4 구어·문장,q_서점_04,책 파는 곳,문화·여가 중 '서점'을 판매·제공하는 매장,929d857f-3a8c-4e54-beb8-7c697f744ade,고기파는 형제들,,신영시장,전통시장,서울특별시,0.0,0.0,,,RESOLVED_AGREEMENT,False,0,,,,
e5ba93575c89653db0eb,val,서점,T4 구어·문장,q_서점_04,책 파는 곳,문화·여가 중 '서점'을 판매·제공하는 매장,24456103-f6b8-46af-8655-82e61d7265d8,커피가 머무르는 곳,커피,반드레길골목형상점가,골목형상점가,서울특별시,0.0,0.0,,,RESOLVED_AGREEMENT,False,0,,,,
16a1b0c5934cc7be63a2,val,서점,T4 구어·문장,q_서점_04,책 파는 곳,문화·여가 중 '서점'을 판매·제공하는 매장,82af306a-759d-4552-b860-6f1e2b938096,곱창가(사계진미),곱창,두정동상점가,자율상권구역,충청남도,0.0,0.0,,,RESOLVED_AGREEMENT,False,0,,,,
f4a5661403a9564d7288,val,서점,T4 구어·문장,q_서점_04,책 파는 곳,문화·여가 중 '서점'을 판매·제공하는 매장,c161453d-f2c8-4b97-a2c3-a54e0cbdb7e8,생활용품 싸게 파는 집,잡화,안성중앙시장,전통시장,경기도,1.0,0.0,,,P2_GRADED_ONLY,True,,,,,
57a29f55eb4c71910b50,val,서점,T4 구어·문장,q_서점_04,책 파는 곳,문화·여가 중 '서점'을 판매·제공하는 매장,50b3b4b5-b8a3-47d1-ba67-a7e54c234075,해필,책 도자기,부여도심 상권활성화구역,상권활성화구역,충청남도,3.0,3.0,,,RESOLVED_AGREEMENT,False,3,,,,
b48d8ffef9efa4bae86e,val,서점,T4 구어·문장,q_서점_04,책 파는 곳,문화·여가 중 '서점'을 판매·제공하는 매장,6702c44f-743f-4a82-a486-762c643027a2,야채파는 총각,농산물,구리전통시장,전통시장,경기도,0.0,0.0,,,RESOLVED_AGREEMENT,False,0,,,,
8b2889c3ea0085db6e6f,val,서점,T4 구어·문장,q_서점_04,책 파는 곳,문화·여가 중 '서점'을 판매·제공하는 매장,0ca62bc5-ce9d-48b8-9a4f-9955cf16e593,쨈쨈서점,책,반석동 골목형상점가,골목형상점가,대전광역시,3.0,3.0,,,RESOLVED_AGREEMENT,False,3,,,,
fb27a30df5ee0ae79d8f,val,서점,T4 구어·문장,q_서점_04,책 파는 곳,문화·여가 중 '서점'을 판매·제공하는 매장,023d6fc9-7b0e-4244-9279-534051fff793,삼복서점,도서,고은상인회 골목형상점가,골목형상점가,광주광역시,3.0,3.0,,,RESOLVED_AGREEMENT,False,3,,,,
cce9f34e9487a1684e45,val,서점,T4 구어·문장,q_서점_04,책 파는 곳,문화·여가 중 '서점'을 판매·제공하는 매장,9747d321-5deb-4570-8724-9a6ff1cf92bc,교양당서점,책,남항시장,전통시장,부산광역시,3.0,3.0,,,RESOLVED_AGREEMENT,False,3,,,,
1e2fff3d74d788bfdfc0,val,서점,T4 구어·문장,q_서점_04,책 파는 곳,문화·여가 중 '서점'을 판매·제공하는 매장,2e70721b-3b7c-45bb-b95d-fd778dcc5518,삼성문고,책,이천중앙로상가,자율상권구역,경기도,3.0,3.0,,,RESOLVED_AGREEMENT,False,3,,,,
6ea81d087837bfaf8ab0,val,서점,T4 구어·문장,q_서점_04,책 파는 곳,문화·여가 중 '서점'을 판매·제공하는 매장,c111ac9d-3f3a-405c-a8db-4d127ccda9e2,행복이 있는 곳,잡화,제주로얄쇼핑센터,자율상권구역,제주특별자치도,1.0,0.0,,,P2_GRADED_ONLY,True,,,,,
b0fda2dd75a0fda69ae2,val,서점,T4 구어·문장,q_서점_04,책 파는 곳,문화·여가 중 '서점'을 판매·제공하는 매장,ebacb746-27ce-47f2-b880-4380f99dd4ec,한림서적,책,상무중앙상인회 골목형상점가,골목형상점가,광주광역시,3.0,3.0,,,RESOLVED_AGREEMENT,False,3,,,,
33a3f121aa8e232b58ca,val,서점,T4 구어·문장,q_서점_04,책 파는 곳,문화·여가 중 '서점'을 판매·제공하는 매장,63859576-b9cd-4f7b-a6ae-6378c098cc4e,책봄,북카페 책 커피,혁신도시5구역골목형상점가,골목형상점가,강원특별자치도,3.0,3.0,,,RESOLVED_AGREEMENT,False,3,,,,
92a5093c252f9f04c63b,val,서점,T4 구어·문장,q_서점_04,책 파는 곳,문화·여가 중 '서점'을 판매·제공하는 매장,f15c2a5b-74e2-44a5-b6e2-4684fc77b894,과천어린이서점,책,과천새서울프라자시장,전통시장,경기도,3.0,3.0,,,RESOLVED_AGREEMENT,False,3,,,,
7da3f7191934c6508b16,val,서점,T4 구어·문장,q_서점_04,책 파는 곳,문화·여가 중 '서점'을 판매·제공하는 매장,78af4e58-fbb3-48fc-a451-728becf545e7,중앙도서,책,홍성명동상가,자율상권구역,충청남도,3.0,3.0,,,RESOLVED_AGREEMENT,False,3,,,,
500f1f508968fd9a6947,val,서점,T4 구어·문장,q_서점_04,책 파는 곳,문화·여가 중 '서점'을 판매·제공하는 매장,5ef663ba-ae01-4672-8d30-17e63b824418,이디야,카페,신사세로수길골목형상점가,골목형상점가,서울특별시,0.0,0.0,,,RESOLVED_AGREEMENT,False,0,,,,
198c16c278da7cf57161,val,서점,T4 구어·문장,q_서점_04,책 파는 곳,문화·여가 중 '서점'을 판매·제공하는 매장,313af428-c84d-40c2-8162-d50a6e41ba95,웰빙현대축산,육류,말바우시장,전통시장,광주광역시,0.0,0.0,,,RESOLVED_AGREEMENT,False,0,,,,
bd98f18040b619b89762,val,서점,T4 구어·문장,q_서점_04,책 파는 곳,문화·여가 중 '서점'을 판매·제공하는 매장,0541674e-2fa9-43a7-a5e3-f5f91d6a4ce4,호남기독백화점,도서,양림기독병원 골목형상점가,골목형상점가,광주광역시,3.0,3.0,,,RESOLVED_AGREEMENT,False,3,,,,
fde18664e5efdbb6aa1e,val,서점,T4 구어·문장,q_서점_04,책 파는 곳,문화·여가 중 '서점'을 판매·제공하는 매장,05a518b1-2134-4333-9246-f29960893fac,분당미금어린이서점,도서,미금현대벤처빌시장,전통시장,경기도,3.0,3.0,,,RESOLVED_AGREEMENT,False,3,,,,
fe13824f5c7c4e9157c7,val,서점,T4 구어·문장,q_서점_04,책 파는 곳,문화·여가 중 '서점'을 판매·제공하는 매장,481ec122-2a64-45ea-b3a6-f9702e4eaeaa,신공손문고,책,신아타운,전통시장,서울특별시,3.0,3.0,,,RESOLVED_AGREEMENT,False,3,,,,
79b6f4d86dd31147203e,val,서점,T4 구어·문장,q_서점_04,책 파는 곳,문화·여가 중 '서점'을 판매·제공하는 매장,7dc44662-16cc-4e93-a976-1ab87312e2c0,본동서적,책,비단길현대시장,전통시장,서울특별시,3.0,3.0,,,RESOLVED_AGREEMENT,False,3,,,,
e56a2861b9916e04ead7,val,서점,T4 구어·문장,q_서점_04,책 파는 곳,문화·여가 중 '서점'을 판매·제공하는 매장,74eaa3c6-38c9-4ac7-b39a-76f79c7594af,한민서적,책,괴정가장로 골목형상점가,골목형상점가,대전광역시,3.0,3.0,,,RESOLVED_AGREEMENT,False,3,,,,
81f7b2818d52a2c658d5,val,서점,T4 구어·문장,q_서점_04,책 파는 곳,문화·여가 중 '서점'을 판매·제공하는 매장,efe55d9f-aae5-494d-85e5-265dd3b07f62,주식회사우리문고,책,성안길상점가,자율상권구역,충청북도,3.0,3.0,,,RESOLVED_AGREEMENT,False,3,,,,
abbed95b3de682d1faac,val,서점,T4 구어·문장,q_서점_04,책 파는 곳,문화·여가 중 '서점'을 판매·제공하는 매장,4aef72d4-a78d-4bc5-8840-4f4724b63c4a,나무인테리어,커튼,서문시장 제1지구1층(직물시장),전통시장,대구광역시,0.0,0.0,,,RESOLVED_AGREEMENT,False,0,,,,
a4c18bf806bfaae4b259,val,서점,T4 구어·문장,q_서점_04,책 파는 곳,문화·여가 중 '서점'을 판매·제공하는 매장,84dce069-774f-445a-a37f-17fec5291fd9,책:피다,서적,신정평화시장,전통시장,울산광역시,3.0,3.0,,,RESOLVED_AGREEMENT,False,3,,,,
2c9bc4e7c7ffa8df1832,val,서점,T4 구어·문장,q_서점_04,책 파는 곳,문화·여가 중 '서점'을 판매·제공하는 매장,82c4a15d-a23f-4c32-9e1c-a8aded5a5ac0,카툰카페,"책, 음료",금촌명동로시장,전통시장,경기도,3.0,3.0,,,RESOLVED_AGREEMENT,False,3,,,,
a5ebc003e8eee5f36183,val,서점,T4 구어·문장,q_서점_04,책 파는 곳,문화·여가 중 '서점'을 판매·제공하는 매장,941876a0-914b-4e1c-9c4b-ae03708463bd,나눔에 서점,책,엄사 골목형상점가,골목형상점가,충청남도,3.0,3.0,,,RESOLVED_AGREEMENT,False,3,,,,
4ea1a7b7d1c6eaf27e72,val,서점,T4 구어·문장,q_서점_04,책 파는 곳,문화·여가 중 '서점'을 판매·제공하는 매장,5723d922-e55c-46bc-a5b9-846ba2afdf5d,커피파는 집,,거제 성포 골목형상점가,골목형상점가,경상남도,0.0,0.0,,,RESOLVED_AGREEMENT,False,0,,,,
3f65dd8e173162078f58,val,서점,T4 구어·문장,q_서점_04,책 파는 곳,문화·여가 중 '서점'을 판매·제공하는 매장,00a77461-4674-4064-b492-fe85892bab2e,스타북스,도서,구갈상점가,자율상권구역,경기도,3.0,3.0,,,RESOLVED_AGREEMENT,False,3,,,,
101ce08ace6ca0c897b0,val,서점,T4 구어·문장,q_서점_04,책 파는 곳,문화·여가 중 '서점'을 판매·제공하는 매장,7de49ca7-6094-4d66-9c2b-92946beb6b99,나녹,책,청당2번가 골목형상점가,골목형상점가,충청남도,3.0,3.0,,,RESOLVED_AGREEMENT,False,3,,,,
7cf3741ddda54b733dd3,val,서점,T4 구어·문장,q_서점_04,책 파는 곳,문화·여가 중 '서점'을 판매·제공하는 매장,ad2284ff-8791-453b-b8a9-67654ff94220,폰파는 신사,휴대폰,남해 명품화전길 골목형상점가,골목형상점가,경상남도,0.0,0.0,,,RESOLVED_AGREEMENT,False,0,,,,
0bfaaae683687fe35cfe,val,서점,T4 구어·문장,q_서점_04,책 파는 곳,문화·여가 중 '서점'을 판매·제공하는 매장,72051c3a-a1de-40b8-a406-271700df1c71,교학문고,책,달천상가 골목형상점가,골목형상점가,울산광역시,3.0,3.0,,,RESOLVED_AGREEMENT,False,3,,,,
066d4bf25cddd16ed63e,val,서점,T4 구어·문장,q_서점_04,책 파는 곳,문화·여가 중 '서점'을 판매·제공하는 매장,53330011-cc13-41a5-95e3-a3f198dce327,화문당서점,책,청주시 소나무길 일원 자율상권구역,상권활성화구역,충청북도,3.0,3.0,,,RESOLVED_AGREEMENT,False,3,,,,
1906b5ec00772b428042,val,서점,T4 구어·문장,q_서점_04,책 파는 곳,문화·여가 중 '서점'을 판매·제공하는 매장,347d0df7-16f2-416a-a201-030880eebfb7,대신서점,책,마산 합성대로상가,전통시장,경상남도,3.0,3.0,,,RESOLVED_AGREEMENT,False,3,,,,
78e97548fbf89fc9b971,val,서점,T4 구어·문장,q_서점_04,책 파는 곳,문화·여가 중 '서점'을 판매·제공하는 매장,683aa6ca-3623-41e0-807c-b3a8fa0cffad,고려당,책,중앙메가프라자,전통시장,대전광역시,3.0,3.0,,,RESOLVED_AGREEMENT,False,3,,,,
8b9b020f7df2047b1ab3,val,수산물,T1 정확표기,q_수산물_01,수산물,식료품 중 '수산물'을 판매·제공하는 매장,01286ec0-50e0-4540-b678-ec706fb3bcbb,설곰식당,식당,산업용재관,전통시장,대구광역시,1.0,0.0,,,P2_GRADED_ONLY,True,,,,,
52c9be2cdb1cff5142a1,val,수산물,T1 정확표기,q_수산물_01,수산물,식료품 중 '수산물'을 판매·제공하는 매장,963300ea-29d7-4fcd-a5f8-5b20e33e9670,지앤미헤어클리닉,미용실,창원 양곡시장,전통시장,경상남도,0.0,0.0,,,RESOLVED_AGREEMENT,False,0,,,,
464ebdb0b2e482e15bff,val,수산물,T1 정확표기,q_수산물_01,수산물,식료품 중 '수산물'을 판매·제공하는 매장,47bb37ee-51f3-4aaf-9f21-7ff318f82ef3,홈수산,수산물,새미래 골목형상점가,골목형상점가,대전광역시,3.0,3.0,,,RESOLVED_AGREEMENT,False,3,,,,
e0059b8b573b0e33fdb7,val,수산물,T1 정확표기,q_수산물_01,수산물,식료품 중 '수산물'을 판매·제공하는 매장,83e7c569-3b32-44ae-8d26-dc8aaa430574,대박생선,수산물,대왕암 월봉시장,전통시장,울산광역시,3.0,3.0,,,RESOLVED_AGREEMENT,False,3,,,,
effaae8f0e7fc1d8a00c,val,수산물,T1 정확표기,q_수산물_01,수산물,식료품 중 '수산물'을 판매·제공하는 매장,1fff1937-63b6-40de-b03c-6cc9006c5742,신3억수산,수산물,역전시장,전통시장,충청남도,3.0,3.0,,,RESOLVED_AGREEMENT,False,3,,,,
c2e23874b6de28509de2,val,수산물,T1 정확표기,q_수산물_01,수산물,식료품 중 '수산물'을 판매·제공하는 매장,1afbf2ad-4511-4dd9-aaa1-c7717a2e753a,참수산,수산물,씨푸드타운 일반상가상인회 골목형상점가,골목형상점가,전라남도,3.0,3.0,,,RESOLVED_AGREEMENT,False,3,,,,
c27ff989622ac3a9422b,val,수산물,T1 정확표기,q_수산물_01,수산물,식료품 중 '수산물'을 판매·제공하는 매장,009b69b5-365a-4958-87e7-f224f253b92a,동문올레횟집,횟집,동문수산시장,전통시장,제주특별자치도,1.0,2.0,,,P1_BINARY_THRESHOLD,True,,,,,
f3a780254945e03d1569,val,수산물,T1 정확표기,q_수산물_01,수산물,식료품 중 '수산물'을 판매·제공하는 매장,3dab3c96-7ccc-4dc4-a025-15ebb87cbe12,농수산물 유통,수산물 농산물,역전 뒷골목 상가번영회 골목형상점가,골목형상점가,전라남도,3.0,3.0,,,RESOLVED_AGREEMENT,False,3,,,,
2ac9e270d3dedd379d70,val,수산물,T1 정확표기,q_수산물_01,수산물,식료품 중 '수산물'을 판매·제공하는 매장,3526958d-da64-4c90-a75c-c55162fbe0d3,최씨어물전,,영천공설시장,전통시장,경상북도,3.0,0.0,,,P1_BINARY_THRESHOLD,True,,,,,
be0206cae01c169e755a,val,수산물,T1 정확표기,q_수산물_01,수산물,식료품 중 '수산물'을 판매·제공하는 매장,12ecd4ae-d2fc-4425-9ccd-7ac616b3f7a4,한결수산,수산물,대천항수산시장,전통시장,충청남도,3.0,3.0,,,RESOLVED_AGREEMENT,False,3,,,,
3012a28974a84ddf718b,val,수산물,T1 정확표기,q_수산물_01,수산물,식료품 중 '수산물'을 판매·제공하는 매장,0a70f140-03b3-4570-8220-04066c465f5d,굴과찜사랑,수산물,행당시장상점가,자율상권구역,서울특별시,3.0,3.0,,,RESOLVED_AGREEMENT,False,3,,,,
12daad3f8a6b3221246d,val,수산물,T1 정확표기,q_수산물_01,수산물,식료품 중 '수산물'을 판매·제공하는 매장,96d320fd-1704-42d5-b421-4dd10fd93020,옥분수산,수산물,양동수산시장,전통시장,,3.0,3.0,,,RESOLVED_AGREEMENT,False,3,,,,
88992ec1feb007221128,val,수산물,T1 정확표기,q_수산물_01,수산물,식료품 중 '수산물'을 판매·제공하는 매장,00a0d437-836b-453d-b15e-55fbf7dc8460,대박수산,생선,청주육거리종합시장,전통시장,충청북도,3.0,3.0,,,RESOLVED_AGREEMENT,False,3,,,,
354a9c6086c57009a90e,val,수산물,T1 정확표기,q_수산물_01,수산물,식료품 중 '수산물'을 판매·제공하는 매장,0338c9e2-acfe-4b95-a627-b1ee62d800a4,준혁상회,수산물,진주 논개시장,전통시장,경상남도,3.0,3.0,,,RESOLVED_AGREEMENT,False,3,,,,
4a07da87104002deb369,val,수산물,T1 정확표기,q_수산물_01,수산물,식료품 중 '수산물'을 판매·제공하는 매장,d5ca4624-2e65-4413-b768-0e03a3068bac,리얼수산,수산물,남성사계시장,전통시장,서울특별시,3.0,3.0,,,RESOLVED_AGREEMENT,False,3,,,,
4fbc722debd95a02bfa6,val,수산물,T1 정확표기,q_수산물_01,수산물,식료품 중 '수산물'을 판매·제공하는 매장,ad6dc934-7610-4203-82d8-b11d2daa0fef,충남꽂게,수산물,노량진수산시장골목형상점가,골목형상점가,서울특별시,3.0,3.0,,,RESOLVED_AGREEMENT,False,3,,,,
df55af98896018ee1009,val,수산물,T1 정확표기,q_수산물_01,수산물,식료품 중 '수산물'을 판매·제공하는 매장,00527b0b-893c-4d64-862e-3ef8113d07fb,해선언니네,건어물,용상공설시장,전통시장,경상북도,3.0,3.0,,,RESOLVED_AGREEMENT,False,3,,,,
1437348f7bbfce25ca62,val,수산물,T1 정확표기,q_수산물_01,수산물,식료품 중 '수산물'을 판매·제공하는 매장,008cfdc1-610a-407a-a03b-4c6dae7106f4,주영수산,활어,목포북항상점가,자율상권구역,전라남도,3.0,3.0,,,RESOLVED_AGREEMENT,False,3,,,,
3e9480208842631bcef6,val,수산물,T1 정확표기,q_수산물_01,수산물,식료품 중 '수산물'을 판매·제공하는 매장,10335c77-f96c-4824-bede-3ae859fc44ca,남태펑양,수산물,목포활어회플라자 상인회 골목형상점가,골목형상점가,전라남도,3.0,3.0,,,RESOLVED_AGREEMENT,False,3,,,,
13f391a925763617bc59,val,수산물,T1 정확표기,q_수산물_01,수산물,식료품 중 '수산물'을 판매·제공하는 매장,0bf687ec-4ea8-4932-a2c4-401f28aab97f,중앙어물,어물,모슬포 중앙시장,전통시장,제주특별자치도,3.0,0.0,,,P1_BINARY_THRESHOLD,True,,,,,
53ffd7f2586f7d23fd68,val,수산물,T1 정확표기,q_수산물_01,수산물,식료품 중 '수산물'을 판매·제공하는 매장,370ee592-00d8-4d50-854e-1417f0f0d838,진수산(수산물),수산물,신영시장,전통시장,서울특별시,3.0,3.0,,,RESOLVED_AGREEMENT,False,3,,,,
f6ce7110fff1d2bf24b6,val,수산물,T1 정확표기,q_수산물_01,수산물,식료품 중 '수산물'을 판매·제공하는 매장,d169f5f1-9dba-4dab-86ef-391f4813b73d,수산타운,수산물,화정동 서부시장,전통시장,광주광역시,3.0,3.0,,,RESOLVED_AGREEMENT,False,3,,,,
ee8cd308114be3743fc4,val,수산물,T1 정확표기,q_수산물_01,수산물,식료품 중 '수산물'을 판매·제공하는 매장,dd2bdb77-8a80-4f9d-818e-1681badac833,미산,수산물,노량진수산시장골목형상점가,골목형상점가,서울특별시,3.0,3.0,,,RESOLVED_AGREEMENT,False,3,,,,
5c929d8016913870e3c2,val,수산물,T1 정확표기,q_수산물_01,수산물,식료품 중 '수산물'을 판매·제공하는 매장,000d55be-8181-4f45-827e-52082b2ae284,명희유통,건어물,성북시장,전통시장,부산광역시,3.0,3.0,,,RESOLVED_AGREEMENT,False,3,,,,
6d2250d5da57192eaa15,val,수산물,T1 정확표기,q_수산물_01,수산물,식료품 중 '수산물'을 판매·제공하는 매장,03cbd591-5ee7-4f9b-842e-8dc427925406,신흥상회,어물,상주중앙시장,전통시장,경상북도,3.0,3.0,,,RESOLVED_AGREEMENT,False,3,,,,
02206938ca48b55d18fb,val,수산물,T1 정확표기,q_수산물_01,수산물,식료품 중 '수산물'을 판매·제공하는 매장,62e0474e-8456-47ce-8002-0bf68eeef7e1,현승 수산,수산물,인천종합어시장,전통시장,인천광역시,3.0,3.0,,,RESOLVED_AGREEMENT,False,3,,,,
0caf88636ecd8d531ff1,val,수산물,T1 정확표기,q_수산물_01,수산물,식료품 중 '수산물'을 판매·제공하는 매장,04f1d66a-c166-486a-8b68-eb154697517e,오빠수산,수산물,청주육거리종합시장,전통시장,충청북도,3.0,3.0,,,RESOLVED_AGREEMENT,False,3,,,,
1fe91ae5b782fb1d33c6,val,수산물,T1 정확표기,q_수산물_01,수산물,식료품 중 '수산물'을 판매·제공하는 매장,eac114fe-fd0e-4b06-9116-0978f1f4c0cf,시골농장,한식,농성세대공감상인회 골목형상점가,골목형상점가,광주광역시,0.0,0.0,,,RESOLVED_AGREEMENT,False,0,,,,
e6f40d401dd06f0993ee,val,수산물,T1 정확표기,q_수산물_01,수산물,식료품 중 '수산물'을 판매·제공하는 매장,cdc41329-ac98-4b31-b3c8-52ff48613377,수산물횟집,"회, 수산물",거진전통시장,전통시장,강원특별자치도,3.0,3.0,,,RESOLVED_AGREEMENT,False,3,,,,
e7f919c3c11a8bfd6f89,val,수산물,T1 정확표기,q_수산물_01,수산물,식료품 중 '수산물'을 판매·제공하는 매장,b73e0346-121b-4092-9916-e4733992a989,돌수산,수산물,목포북항상점가,자율상권구역,전라남도,3.0,3.0,,,RESOLVED_AGREEMENT,False,3,,,,
ccf92feb086df5c0fa28,val,수산물,T1 정확표기,q_수산물_01,수산물,식료품 중 '수산물'을 판매·제공하는 매장,001ec0bf-0eda-4aa8-8efc-a90930649cf5,원프룻,농수산물,정이있는 구포시장,전통시장,부산광역시,3.0,3.0,,,RESOLVED_AGREEMENT,False,3,,,,
537773382c047c5ac68b,val,수산물,T1 정확표기,q_수산물_01,수산물,식료품 중 '수산물'을 판매·제공하는 매장,9241b17b-0d6b-44ef-95a6-8a090fb27a55,수산마트,수산물,동원전통시장상점가,자율상권구역,서울특별시,3.0,3.0,,,RESOLVED_AGREEMENT,False,3,,,,
95779b81612fb7ce2f5e,val,수산물,T1 정확표기,q_수산물_01,수산물,식료품 중 '수산물'을 판매·제공하는 매장,0333f16c-ff56-4e80-a1c7-dd77a81300df,로봇초밥마켓 과천래미안점,초밥,과천슈르탑 골목형상점가,골목형상점가,경기도,1.0,0.0,,,P2_GRADED_ONLY,True,,,,,
f9f7b51d4e2a6db386b4,val,수산물,T1 정확표기,q_수산물_01,수산물,식료품 중 '수산물'을 판매·제공하는 매장,1a99e1f9-a3b3-486d-b2f7-e358f286bb95,감게무량,수산물,팔달신시장,전통시장,대구광역시,3.0,3.0,,,RESOLVED_AGREEMENT,False,3,,,,
45df147e4c1c463824c4,val,수산물,T1 정확표기,q_수산물_01,수산물,식료품 중 '수산물'을 판매·제공하는 매장,004032ef-2ae7-4e97-ac30-b12a0869e930,시장횟집,횟집,광양매일시장(광양상설시장),전통시장,전라남도,1.0,2.0,,,P1_BINARY_THRESHOLD,True,,,,,
5d7d3507d36f6868862a,val,수산물,T1 정확표기,q_수산물_01,수산물,식료품 중 '수산물'을 판매·제공하는 매장,010c1855-b46f-4e37-b975-8115c4249b0f,용궁횟집,,자갈치시장,전통시장,부산광역시,3.0,2.0,,,P2_GRADED_ONLY,True,,,,,
4298dd8d3c50c3cca807,val,수산물,T1 정확표기,q_수산물_01,수산물,식료품 중 '수산물'을 판매·제공하는 매장,016ddf29-de07-40e1-a642-8c2a45a6f19d,연희어시장,횟집,연희로 골목형상점가,골목형상점가,인천광역시,1.0,2.0,,,P1_BINARY_THRESHOLD,True,,,,,
4a8d030dc584eb8e645a,val,수산물,T1 정확표기,q_수산물_01,수산물,식료품 중 '수산물'을 판매·제공하는 매장,b73c597b-ad7b-4431-af35-802415dc7be8,스쿠바수산,수산물,대천항수산시장,전통시장,충청남도,3.0,3.0,,,RESOLVED_AGREEMENT,False,3,,,,
b93a9650969441913f6a,val,수산물,T1 정확표기,q_수산물_01,수산물,식료품 중 '수산물'을 판매·제공하는 매장,0130dbd3-b9ea-43f4-98fd-26d8afd90b78,모래내시장순대,식당,전주모래내시장,전통시장,전북특별자치도,1.0,0.0,,,P2_GRADED_ONLY,True,,,,,
ed9e585dcd78f4865242,val,수산물,T1 정확표기,q_수산물_01,수산물,식료품 중 '수산물'을 판매·제공하는 매장,d1e3b2c1-df37-4568-9590-3647b5f748f0,목포종합수산물,수산물,목포종합수산시장,전통시장,전라남도,3.0,3.0,,,RESOLVED_AGREEMENT,False,3,,,,
9e7e94f9e195c23d6faf,val,수산물,T1 정확표기,q_수산물_01,수산물,식료품 중 '수산물'을 판매·제공하는 매장,a2dbd405-51a2-4844-ae21-647749ab7894,수형호수형수산,수산물,소래포구전통어시장,전통시장,인천광역시,3.0,3.0,,,RESOLVED_AGREEMENT,False,3,,,,
7d89da833c68aa58d74c,val,수산물,T1 정확표기,q_수산물_01,수산물,식료품 중 '수산물'을 판매·제공하는 매장,c243312b-35b4-413d-bcb4-103c19cb91da,만물,수산물,노량진수산시장골목형상점가,골목형상점가,서울특별시,3.0,3.0,,,RESOLVED_AGREEMENT,False,3,,,,
3a15c02307bc08079e2e,val,수산물,T1 정확표기,q_수산물_01,수산물,식료품 중 '수산물'을 판매·제공하는 매장,68adeb05-4b06-4f73-b7d6-7c94e4983e6d,손불수산,수산물,함평천지 골목형상점가,골목형상점가,전라남도,3.0,3.0,,,RESOLVED_AGREEMENT,False,3,,,,
3b95fe636a3039bccaf3,val,수산물,T1 정확표기,q_수산물_01,수산물,식료품 중 '수산물'을 판매·제공하는 매장,530db691-3397-422e-91e7-969dae63e87e,제주맘,수산물,동문재래시장,전통시장,제주특별자치도,3.0,3.0,,,RESOLVED_AGREEMENT,False,3,,,,
42f0227ec724c84f6ef7,val,수산물,T1 정확표기,q_수산물_01,수산물,식료품 중 '수산물'을 판매·제공하는 매장,aca09e66-64c2-4867-a84b-36baf51e1dc8,수산물센타,수산물,화천재래시장,전통시장,강원특별자치도,3.0,3.0,,,RESOLVED_AGREEMENT,False,3,,,,
406d810e8c0fdc4a302c,val,수산물,T1 정확표기,q_수산물_01,수산물,식료품 중 '수산물'을 판매·제공하는 매장,0f2761cc-59c9-4a9f-8519-887e898a6c21,대폭수산,수산물,포항죽도농산물시장,전통시장,경상북도,3.0,3.0,,,RESOLVED_AGREEMENT,False,3,,,,
0066396006d78a6549af,val,수산물,T1 정확표기,q_수산물_01,수산물,식료품 중 '수산물'을 판매·제공하는 매장,33e81ff4-2385-4ef3-96bf-6e9a9c75a4bb,수산시장,수산물,태화시장,전통시장,울산광역시,3.0,3.0,,,RESOLVED_AGREEMENT,False,3,,,,
482cbd0fb03abefe633a,val,수산물,T1 정확표기,q_수산물_01,수산물,식료품 중 '수산물'을 판매·제공하는 매장,fb2624dd-f80d-44e0-9c5b-8e62e7580400,차상회,수산물,부산공동어시장상점가,자율상권구역,부산광역시,3.0,3.0,,,RESOLVED_AGREEMENT,False,3,,,,
2666464e54c8efcf4e48,val,수산물,T1 정확표기,q_수산물_01,수산물,식료품 중 '수산물'을 판매·제공하는 매장,35f30d35-05c3-4dea-8e20-e2d3e59f1663,남광주 수산물,수산물,남광주시장,전통시장,광주광역시,3.0,3.0,,,RESOLVED_AGREEMENT,False,3,,,,
cdd93744dbd15632b6b4,val,수산물,T1 정확표기,q_수산물_01,수산물,식료품 중 '수산물'을 판매·제공하는 매장,0019e966-8007-4603-957c-4e9adcd1f05a,부남수산,수산물,서산동부전통시장,전통시장,충청남도,3.0,3.0,,,RESOLVED_AGREEMENT,False,3,,,,
2002bdf59e8575aa36da,val,수산물,T1 정확표기,q_수산물_01,수산물,식료품 중 '수산물'을 판매·제공하는 매장,005eb589-94b0-4a7e-b4e4-ef8cf64b0762,스시쿄다이,일식,동홍8번가 골목형상점가,골목형상점가,제주특별자치도,1.0,0.0,,,P2_GRADED_ONLY,True,,,,,
b804be14c21722ea5bfe,val,수산물,T1 정확표기,q_수산물_01,수산물,식료품 중 '수산물'을 판매·제공하는 매장,01afaafa-2a46-4977-8015-55762957ee7a,다래초밥,초밥,동문동 골목형상점가,골목형상점가,충청남도,1.0,0.0,,,P2_GRADED_ONLY,True,,,,,
9917291327f35cebff60,val,수산물,T1 정확표기,q_수산물_01,수산물,식료품 중 '수산물'을 판매·제공하는 매장,7f04083d-f83e-4fd5-9e00-661c63e5cb84,원평농수산물,수산물,원마루시장,전통시장,충청북도,3.0,3.0,,,RESOLVED_AGREEMENT,False,3,,,,
1a4c68b4427e5c61c132,val,수산물,T1 정확표기,q_수산물_01,수산물,식료품 중 '수산물'을 판매·제공하는 매장,652c8bb7-d844-469b-841f-1183753b727d,만물,수산물,노량진수산시장골목형상점가,골목형상점가,서울특별시,3.0,3.0,,,RESOLVED_AGREEMENT,False,3,,,,
e34d38e68a59b23383d3,val,수산물,T1 정확표기,q_수산물_01,수산물,식료품 중 '수산물'을 판매·제공하는 매장,7b0b7092-bb2b-4ff3-a8c3-81afa31a97e6,수산물판매장2호,수산물,격포어촌계 골목형상점가,골목형상점가,전북특별자치도,3.0,3.0,,,RESOLVED_AGREEMENT,False,3,,,,
8bab5c5cd058b9290d2c,val,수산물,T1 정확표기,q_수산물_01,수산물,식료품 중 '수산물'을 판매·제공하는 매장,cfdf70e9-478a-4a4a-b62a-c12d64ca336c,고려화훼유통,화훼류,담양중앙 골목형상점가,골목형상점가,전라남도,0.0,0.0,,,RESOLVED_AGREEMENT,False,0,,,,
f92028e00140e449db99,val,수산물,T1 정확표기,q_수산물_01,수산물,식료품 중 '수산물'을 판매·제공하는 매장,0016aa1a-5730-45a0-b427-06b0f51fc005,든든한밥상,농수산물,화산면 골목형상점가,골목형상점가,전라남도,3.0,3.0,,,RESOLVED_AGREEMENT,False,3,,,,
c2fe5933e41cfb90c29e,val,수산물,T1 정확표기,q_수산물_01,수산물,식료품 중 '수산물'을 판매·제공하는 매장,528a2096-1bac-4795-b37f-49d21759ccb7,섬활어,수산물,거제 고현시장,전통시장,경상남도,3.0,3.0,,,RESOLVED_AGREEMENT,False,3,,,,
7043aacda849cedc5609,val,수산물,T1 정확표기,q_수산물_01,수산물,식료품 중 '수산물'을 판매·제공하는 매장,00cd5dee-c068-48da-bc58-a704d5fe8832,윤석수산,수산물 활어회 생선 게종류 젓갈 갑각류 해산물 등등,대공원시장,전통시장,대구광역시,3.0,3.0,,,RESOLVED_AGREEMENT,False,3,,,,
1d35f22eaf3f6e1074cd,val,수산물,T1 정확표기,q_수산물_01,수산물,식료품 중 '수산물'을 판매·제공하는 매장,1e484808-dc91-4f75-8d71-2a008e34e7ec,수호수산,수산물,통영중앙전통시장,전통시장,경상남도,3.0,3.0,,,RESOLVED_AGREEMENT,False,3,,,,
d3aec06369a1a9a1c818,val,수산물,T1 정확표기,q_수산물_01,수산물,식료품 중 '수산물'을 판매·제공하는 매장,6e9bad4d-595b-4657-ba61-36861598ca7b,정직수산,수산물,중곡제일골목시장(중곡제일전통시장),전통시장,서울특별시,3.0,3.0,,,RESOLVED_AGREEMENT,False,3,,,,
fa8aa2d2dd099dd13194,val,수산물,T1 정확표기,q_수산물_01,수산물,식료품 중 '수산물'을 판매·제공하는 매장,a97588fa-ceaf-4258-8d6e-c665ed4d284a,수산마켓,수산물,원종고강제일시장(부천제일시장),전통시장,경기도,3.0,3.0,,,RESOLVED_AGREEMENT,False,3,,,,
fb46860a025a566e2b35,val,수산물,T1 정확표기,q_수산물_01,수산물,식료품 중 '수산물'을 판매·제공하는 매장,2e9487ee-4825-4ee1-9b41-5777d0a99d6e,워싱턴수산,수산물,남광주시장,전통시장,,3.0,3.0,,,RESOLVED_AGREEMENT,False,3,,,,
68a5b5d6fa1f49c7a55b,val,수산물,T1 정확표기,q_수산물_01,수산물,식료품 중 '수산물'을 판매·제공하는 매장,df79c67e-b4bc-4bc1-9989-66267be7da31,봉균수산,수산물,강서수산시장골목형상점가,골목형상점가,서울특별시,3.0,3.0,,,RESOLVED_AGREEMENT,False,3,,,,
22c611ba95a44aca7e4f,val,수산물,T1 정확표기,q_수산물_01,수산물,식료품 중 '수산물'을 판매·제공하는 매장,32acf482-6940-4d15-8160-3971ea30a346,유람선,수산물,궁평항해오름수산시장,전통시장,경기도,3.0,3.0,,,RESOLVED_AGREEMENT,False,3,,,,
cf3a576df8ff0bf74983,val,수산물,T1 정확표기,q_수산물_01,수산물,식료품 중 '수산물'을 판매·제공하는 매장,00fcc68d-3086-4b45-b998-f3763e8dbf7d,꼬치마요 산본역점(9호점),일식,산본로데오거리(구 산본중심상가),자율상권구역,경기도,1.0,0.0,,,P2_GRADED_ONLY,True,,,,,
80cd5890b20470951e40,val,수산물,T1 정확표기,q_수산물_01,수산물,식료품 중 '수산물'을 판매·제공하는 매장,f79ab8ca-cc2e-4b09-b298-265f305650d9,우정수산물,수산물,모슬포 중앙시장,전통시장,제주특별자치도,3.0,3.0,,,RESOLVED_AGREEMENT,False,3,,,,
ac9c6cb5c7e1a70a67e7,val,수산물,T1 정확표기,q_수산물_01,수산물,식료품 중 '수산물'을 판매·제공하는 매장,3d838a54-3333-43d1-b914-cf21df2babf1,영관상회,수산물,광장시장,전통시장,서울특별시,3.0,3.0,,,RESOLVED_AGREEMENT,False,3,,,,
3832ff26ed32df93be72,val,수산물,T1 정확표기,q_수산물_01,수산물,식료품 중 '수산물'을 판매·제공하는 매장,9f6d557a-7010-47ef-bef3-8fe3f1568fe5,수산물 판매장 3호,수산물,격포어촌계 골목형상점가,골목형상점가,전북특별자치도,3.0,3.0,,,RESOLVED_AGREEMENT,False,3,,,,
b88cccaa115d9cdd6dc5,val,수산물,T1 정확표기,q_수산물_01,수산물,식료품 중 '수산물'을 판매·제공하는 매장,00f60c16-d8be-497f-80f2-aab3209a8d0e,포카포카,식당,전남여고후문 골목형상점가,골목형상점가,광주광역시,1.0,0.0,,,P2_GRADED_ONLY,True,,,,,
5dfe9503ef15bc2db756,val,수산물,T1 정확표기,q_수산물_01,수산물,식료품 중 '수산물'을 판매·제공하는 매장,28a4ed7c-ee5a-4ad9-998c-c55148d01ed2,이삭수산,수산물,거진전통시장,전통시장,강원특별자치도,3.0,3.0,,,RESOLVED_AGREEMENT,False,3,,,,
5a94a7dbec175b246afb,val,수산물,T1 정확표기,q_수산물_01,수산물,식료품 중 '수산물'을 판매·제공하는 매장,007aece5-08b8-4eb0-b4c6-18d451eadcfd,영남상회,건어물,동쪽바다중앙시장(구 동해중앙시장),전통시장,강원특별자치도,3.0,3.0,,,RESOLVED_AGREEMENT,False,3,,,,
da46ba9fc1e5d2af5142,val,수산물,T1 정확표기,q_수산물_01,수산물,식료품 중 '수산물'을 판매·제공하는 매장,e07c7da5-5f7d-4cda-9c43-64d0f1af9b60,새삼성약국,의약품,남대문로골목형상점가,골목형상점가,서울특별시,0.0,0.0,,,RESOLVED_AGREEMENT,False,0,,,,
4e694ee46953b1154a94,val,수산물,T1 정확표기,q_수산물_01,수산물,식료품 중 '수산물'을 판매·제공하는 매장,893f9d1d-1cff-406f-8f23-c3f5643146be,오늘 수산,수산물,김해 외동전통시장,전통시장,경상남도,3.0,3.0,,,RESOLVED_AGREEMENT,False,3,,,,
085ec620f7bb428a8d37,val,수산물,T1 정확표기,q_수산물_01,수산물,식료품 중 '수산물'을 판매·제공하는 매장,a8a490f7-2a1e-4f3c-909b-4fc5bf2c5f2f,유참치,수산물,남대문시장,전통시장,서울특별시,3.0,3.0,,,RESOLVED_AGREEMENT,False,3,,,,
47bb87a8d09e30fcae0d,val,수산물,T1 정확표기,q_수산물_01,수산물,식료품 중 '수산물'을 판매·제공하는 매장,8b874bfd-b23d-42e2-bb65-56624b7f35c6,율포도황수산,수산물,오치1동 골목형상점가,골목형상점가,광주광역시,3.0,3.0,,,RESOLVED_AGREEMENT,False,3,,,,
91bce6c8c0710ac7f1f0,val,수산물,T1 정확표기,q_수산물_01,수산물,식료품 중 '수산물'을 판매·제공하는 매장,96ae8f1b-69c7-413c-a111-fa12e2913a9e,판다 닭강정,닭강정,부전상가시장,전통시장,부산광역시,0.0,0.0,,,RESOLVED_AGREEMENT,False,0,,,,
95c8075d783c2bec36d3,val,수산물,T1 정확표기,q_수산물_01,수산물,식료품 중 '수산물'을 판매·제공하는 매장,005429a3-030e-492f-973c-1d5842eeac56,미래횟집,활어,사천 삼천포용궁수산시장,전통시장,경상남도,3.0,2.0,,,P2_GRADED_ONLY,True,,,,,
22b71d515c062c47a434,val,수산물,T1 정확표기,q_수산물_01,수산물,식료품 중 '수산물'을 판매·제공하는 매장,00cc4859-307a-43ef-9654-2f6aa6fc404d,서산상회,생선,노량진수산시장골목형상점가,골목형상점가,서울특별시,3.0,3.0,,,RESOLVED_AGREEMENT,False,3,,,,
f765838d59eee6d8a679,val,수산물,T1 정확표기,q_수산물_01,수산물,식료품 중 '수산물'을 판매·제공하는 매장,00356e71-7b15-4a42-be60-f232011707b8,유한회사 덕재건재,건어물,가락몰골목형상점가,골목형상점가,서울특별시,3.0,3.0,,,RESOLVED_AGREEMENT,False,3,,,,
388f87764ac246b76f24,val,수산물,T1 정확표기,q_수산물_01,수산물,식료품 중 '수산물'을 판매·제공하는 매장,320e80fc-5b67-4db1-916c-eb19f68ff2be,수산물공구,수산물,포항큰동해시장,전통시장,경상북도,3.0,3.0,,,RESOLVED_AGREEMENT,False,3,,,,
8006494c078dbfda0bab,val,수산물,T1 정확표기,q_수산물_01,수산물,식료품 중 '수산물'을 판매·제공하는 매장,013d58c8-33f8-4dbe-95de-801d22ea9505,민영활어공장 부천자유시장점,"회, 초밥",부천자유시장,전통시장,경기도,1.0,3.0,,,P1_BINARY_THRESHOLD,True,,,,,
4b331cf76ba1facba79a,val,수산물,T1 정확표기,q_수산물_01,수산물,식료품 중 '수산물'을 판매·제공하는 매장,2d5f3edf-8246-47ab-908c-a4297de2da37,갈릴리 수산물 도매,수산물,죽도어시장,전통시장,경상북도,3.0,3.0,,,RESOLVED_AGREEMENT,False,3,,,,
933617e02a125824d6b6,val,수산물,T1 정확표기,q_수산물_01,수산물,식료품 중 '수산물'을 판매·제공하는 매장,eb27f0ec-48a7-4dbc-acc9-ead762d4ab15,호님상회,수산물,목포종합수산시장,전통시장,전라남도,3.0,3.0,,,RESOLVED_AGREEMENT,False,3,,,,
deb8a5db8c14087c5992,val,수산물,T1 정확표기,q_수산물_01,수산물,식료품 중 '수산물'을 판매·제공하는 매장,333fa307-f61c-45a8-a79b-93fff676095e,대명어물,어물,서귀포향토오일시장,전통시장,제주특별자치도,3.0,0.0,,,P1_BINARY_THRESHOLD,True,,,,,
19e9163396165fd80418,val,수산물,T1 정확표기,q_수산물_01,수산물,식료품 중 '수산물'을 판매·제공하는 매장,faa389c7-4669-4c00-ab1d-843a9259a12d,마린 수산,수산물,울진후포시장,전통시장,경상북도,3.0,3.0,,,RESOLVED_AGREEMENT,False,3,,,,
59a6a77d44b651c37628,val,수산물,T1 정확표기,q_수산물_01,수산물,식료품 중 '수산물'을 판매·제공하는 매장,ce4fad41-7b6a-4275-9ad9-f4260eef6e17,동네수산물,수산물,농성세대공감상인회 골목형상점가,골목형상점가,광주광역시,3.0,3.0,,,RESOLVED_AGREEMENT,False,3,,,,
57d6f3fdfd6105525c36,val,수산물,T1 정확표기,q_수산물_01,수산물,식료품 중 '수산물'을 판매·제공하는 매장,670e8fb7-020c-4bbb-8e23-3c0206a707f8,영광태영수산물,수산물,영광터미널시장,전통시장,전라남도,3.0,3.0,,,RESOLVED_AGREEMENT,False,3,,,,
a572579b24432a3b1509,val,수산물,T1 정확표기,q_수산물_01,수산물,식료품 중 '수산물'을 판매·제공하는 매장,002e7e87-5677-44ca-85c4-9e5b87e7994f,한양수산,생선,안중시장,전통시장,경기도,3.0,3.0,,,RESOLVED_AGREEMENT,False,3,,,,
d68ca4ba91192b8a1823,val,수산물,T1 정확표기,q_수산물_01,수산물,식료품 중 '수산물'을 판매·제공하는 매장,b5b658e1-37a1-4d33-b506-79d073077a7d,수산마켓,수산물,노량진수산시장골목형상점가,골목형상점가,서울특별시,3.0,3.0,,,RESOLVED_AGREEMENT,False,3,,,,
3781cf9cb519c0c1f3b7,val,수산물,T1 정확표기,q_수산물_01,수산물,식료품 중 '수산물'을 판매·제공하는 매장,00ba389b-e522-4da5-ac26-2ffaf33359ec,스시노유키,초밥,산본로데오거리(구 산본중심상가),자율상권구역,경기도,1.0,0.0,,,P2_GRADED_ONLY,True,,,,,
c212a2d973b473d629d3,val,수산물,T1 정확표기,q_수산물_01,수산물,식료품 중 '수산물'을 판매·제공하는 매장,a0abc246-2341-4454-aab1-f968da88a862,생선팜,수산물,의정부시장,전통시장,경기도,3.0,3.0,,,RESOLVED_AGREEMENT,False,3,,,,
9219f519fdc7652a9ff7,val,수산물,T1 정확표기,q_수산물_01,수산물,식료품 중 '수산물'을 판매·제공하는 매장,c74e3b87-89db-4284-be87-ffaf30cb0001,회#,수산물,당진전통시장,전통시장,충청남도,3.0,3.0,,,RESOLVED_AGREEMENT,False,3,,,,
974f64b8f82f432f332f,val,수산물,T1 정확표기,q_수산물_01,수산물,식료품 중 '수산물'을 판매·제공하는 매장,be990adf-f6a0-42f1-9592-21ab20c76b7c,계절따라수산물,수산물,남해전통시장,전통시장,경상남도,3.0,3.0,,,RESOLVED_AGREEMENT,False,3,,,,
ff4be1c437bfb85bf645,val,수산물,T1 정확표기,q_수산물_01,수산물,식료품 중 '수산물'을 판매·제공하는 매장,e150fe03-5351-4bb4-81e0-331b5cec0b59,우리냉동수산물,수산물,동문재래시장,전통시장,제주특별자치도,3.0,3.0,,,RESOLVED_AGREEMENT,False,3,,,,
6042343cfa360e993ac1,val,수산물,T1 정확표기,q_수산물_01,수산물,식료품 중 '수산물'을 판매·제공하는 매장,63bc7227-c40e-4131-9061-a94570f2591e,홍수산,수산물,중앙선어시장,전통시장,전라남도,3.0,3.0,,,RESOLVED_AGREEMENT,False,3,,,,
3016f0c7742969663ab8,val,수산물,T1 정확표기,q_수산물_01,수산물,식료품 중 '수산물'을 판매·제공하는 매장,d15ae266-f5e6-4087-a571-63f699bbc82b,해성농수산물,"농산물, 수산물",금촌문화로시장,전통시장,경기도,3.0,3.0,,,RESOLVED_AGREEMENT,False,3,,,,
ecdea14c2552efbf54dd,val,수산물,T1 정확표기,q_수산물_01,수산물,식료품 중 '수산물'을 판매·제공하는 매장,0d85c4c2-aa3d-483a-9875-297ffd5e0d98,수산물 직매장,수산물,기장시장 일원 자율상권구역,상권활성화구역,부산광역시,3.0,3.0,,,RESOLVED_AGREEMENT,False,3,,,,
f0b2a2b69879872e76f4,val,수산물,T1 정확표기,q_수산물_01,수산물,식료품 중 '수산물'을 판매·제공하는 매장,30d5afbc-fd4b-49bb-9e1c-2469652e5921,추씨어물점,어물,영천공설시장,전통시장,경상북도,3.0,0.0,,,P1_BINARY_THRESHOLD,True,,,,,
bb89bf2bf5d2907088e7,val,수산물,T1 정확표기,q_수산물_01,수산물,식료품 중 '수산물'을 판매·제공하는 매장,99d55467-b3a1-419f-be5d-3d803a3d8468,돔수산,수산물,노은상가연합 골목형상점가,골목형상점가,대전광역시,3.0,3.0,,,RESOLVED_AGREEMENT,False,3,,,,
12b320f5783676c61c30,val,수산물,T1 정확표기,q_수산물_01,수산물,식료품 중 '수산물'을 판매·제공하는 매장,82c0edd5-bb6d-4e3b-8e47-a3cad97cea75,쑝쑝수산,수산물,통영 북신전통시장,전통시장,경상남도,3.0,3.0,,,RESOLVED_AGREEMENT,False,3,,,,
8166f87bb11b0fe35f10,val,수산물,T1 정확표기,q_수산물_01,수산물,식료품 중 '수산물'을 판매·제공하는 매장,516ae3db-14ed-4877-97b0-f23059ce8bfd,전라 수산,수산물,전주신중앙시장(구 중앙버드나무시장),전통시장,전북특별자치도,3.0,3.0,,,RESOLVED_AGREEMENT,False,3,,,,
07427b5fe4fff0e60c3d,val,수산물,T1 정확표기,q_수산물_01,수산물,식료품 중 '수산물'을 판매·제공하는 매장,b2ba525d-999b-43a1-b6ef-046cc82349de,숟갈젓갈,수산물,지도젓갈타운 골목형상점가,골목형상점가,전라남도,3.0,3.0,,,RESOLVED_AGREEMENT,False,3,,,,
31093f40e7270de50304,val,수산물,T1 정확표기,q_수산물_01,수산물,식료품 중 '수산물'을 판매·제공하는 매장,623060f1-cc6d-43a5-8bc2-5a1483e9889c,회떠,수산물,공주대학로 골목형 상점가,골목형상점가,충청남도,3.0,3.0,,,RESOLVED_AGREEMENT,False,3,,,,
7464a6517a029f586c3b,val,수산물,T1 정확표기,q_수산물_01,수산물,식료품 중 '수산물'을 판매·제공하는 매장,be319dc1-4d0e-4119-bbd0-f13ec10c4a5c,수정,수산물,묵호항자연산수산물판매시장,전통시장,강원특별자치도,3.0,3.0,,,RESOLVED_AGREEMENT,False,3,,,,
6d2f00ac098a401c2abb,val,수산물,T1 정확표기,q_수산물_01,수산물,식료품 중 '수산물'을 판매·제공하는 매장,0498f096-c9ea-4ca5-bf41-2bea89c7f968,대철네,수산물,주문진좌판풍물시장,전통시장,강원특별자치도,3.0,3.0,,,RESOLVED_AGREEMENT,False,3,,,,
0fdfef2604539aabadbc,val,수산물,T1 정확표기,q_수산물_01,수산물,식료품 중 '수산물'을 판매·제공하는 매장,8d6d4634-3b85-4d95-8f32-2f385990456f,안동 수산,수산물,번개시장,전통시장,대구광역시,3.0,3.0,,,RESOLVED_AGREEMENT,False,3,,,,
2067e3a296480d841895,val,수산물,T1 정확표기,q_수산물_01,수산물,식료품 중 '수산물'을 판매·제공하는 매장,00779863-22b7-4378-adca-42362eff7e3f,장복횟집.수산,생선회,"안면도수산시장(구, 안면도장터)",전통시장,충청남도,3.0,3.0,,,RESOLVED_AGREEMENT,False,3,,,,
505c54de81f33cc2de85,val,수산물,T1 정확표기,q_수산물_01,수산물,식료품 중 '수산물'을 판매·제공하는 매장,004d071d-dda6-41e4-9fcb-7c74c8f8ef0f,영남상회,건어물,수영팔도시장(구 수영팔도상가시장),전통시장,부산광역시,3.0,3.0,,,RESOLVED_AGREEMENT,False,3,,,,
b430d1e9f2942c962027,val,수산물,T1 정확표기,q_수산물_01,수산물,식료품 중 '수산물'을 판매·제공하는 매장,65ef63c5-3d1d-4563-963a-bfab4f84f794,으악새수산,수산물,가락몰골목형상점가,골목형상점가,서울특별시,3.0,3.0,,,RESOLVED_AGREEMENT,False,3,,,,
fd723d471322ba9384fc,val,수산물,T1 정확표기,q_수산물_01,수산물,식료품 중 '수산물'을 판매·제공하는 매장,69ccf875-ccb8-410e-9336-d2d8cd4be945,덕근수산,수산물,목포종합수산시장,전통시장,전라남도,3.0,3.0,,,RESOLVED_AGREEMENT,False,3,,,,
336cfa01186166ff5f00,val,수산물,T1 정확표기,q_수산물_01,수산물,식료품 중 '수산물'을 판매·제공하는 매장,038f89c5-a204-4c80-9e31-9d22a3ba4c95,연스시,초밥,노은역 골목형상점가,골목형상점가,대전광역시,1.0,0.0,,,P2_GRADED_ONLY,True,,,,,
3596642ab3cc5ddb6861,val,수산물,T1 정확표기,q_수산물_01,수산물,식료품 중 '수산물'을 판매·제공하는 매장,6b9969df-2eda-48e9-bb9d-5a879a4e68f6,중앙수산물,수산물,경주중앙시장,전통시장,경상북도,3.0,3.0,,,RESOLVED_AGREEMENT,False,3,,,,
938299e8a872d4d19562,val,수산물,T1 정확표기,q_수산물_01,수산물,식료품 중 '수산물'을 판매·제공하는 매장,52e96608-d22f-4fd1-98cf-e1932dc9b487,태양반점,음식,창원 봉곡프라자상가,전통시장,경상남도,0.0,0.0,,,RESOLVED_AGREEMENT,False,0,,,,
443b25ef5ca37731eb26,val,수산물,T1 정확표기,q_수산물_01,수산물,식료품 중 '수산물'을 판매·제공하는 매장,00445369-fa3a-4cd3-ae3a-6564876f4199,용수상회,수산물,서문시장건해산물상가,전통시장,대구광역시,3.0,3.0,,,RESOLVED_AGREEMENT,False,3,,,,
995c54842bfe4d499920,val,수산물,T1 정확표기,q_수산물_01,수산물,식료품 중 '수산물'을 판매·제공하는 매장,00e04e3d-cb00-4d64-a13d-a9c02f9a4fc8,대림수산,활어,자갈치시장,전통시장,부산광역시,3.0,3.0,,,RESOLVED_AGREEMENT,False,3,,,,
f42c35982b055a69f846,val,수산물,T1 정확표기,q_수산물_01,수산물,식료품 중 '수산물'을 판매·제공하는 매장,0004c5f7-95e0-45be-9f06-a705b8113ff0,의창수협67번중도매인,활어,진해 용원어시장상점가,자율상권구역,경상남도,3.0,0.0,,,P1_BINARY_THRESHOLD,True,,,,,
e8e292a538cb16ea1ba5,val,수산물,T1 정확표기,q_수산물_01,수산물,식료품 중 '수산물'을 판매·제공하는 매장,02faca98-629e-48a7-b384-f1efb6b03b0c,갈목수산,수산물,서천특화시장,전통시장,충청남도,3.0,3.0,,,RESOLVED_AGREEMENT,False,3,,,,
78a832d5befcd6bc4d44,val,수산물,T1 정확표기,q_수산물_01,수산물,식료품 중 '수산물'을 판매·제공하는 매장,f7991058-93ba-4e61-9370-bae3bb8bcda8,찬솔 수산,수산물,구월시장,전통시장,인천광역시,3.0,3.0,,,RESOLVED_AGREEMENT,False,3,,,,
40920351b2d05bf35e17,val,수산물,T1 정확표기,q_수산물_01,수산물,식료품 중 '수산물'을 판매·제공하는 매장,0c671de5-f2e6-4fa7-b2ba-3b9dc3e546a5,수산상회,수산물,노량진수산시장골목형상점가,골목형상점가,서울특별시,3.0,3.0,,,RESOLVED_AGREEMENT,False,3,,,,
5b039b8c02e908f14a69,val,수산물,T1 정확표기,q_수산물_01,수산물,식료품 중 '수산물'을 판매·제공하는 매장,23c3af81-9348-4baf-998b-66077ae4b276,수산킹,수산물,망원동월드컵시장,전통시장,서울특별시,3.0,3.0,,,RESOLVED_AGREEMENT,False,3,,,,
e6b1b9be4911ab4fd067,val,수산물,T1 정확표기,q_수산물_01,수산물,식료품 중 '수산물'을 판매·제공하는 매장,009fbffe-11b3-4eba-b65a-696f4f59f079,인어횟집,횟집,목포북항상점가,자율상권구역,전라남도,1.0,2.0,,,P1_BINARY_THRESHOLD,True,,,,,
ddc6e433fe8f38533046,val,수산물,T1 정확표기,q_수산물_01,수산물,식료품 중 '수산물'을 판매·제공하는 매장,515b1c2a-8c96-4906-9a24-f1388a5367ad,연회,수산물,수완이지더원 골목형상점가,골목형상점가,광주광역시,3.0,3.0,,,RESOLVED_AGREEMENT,False,3,,,,
72c9e9e1f417c2a43d65,val,수산물,T1 정확표기,q_수산물_01,수산물,식료품 중 '수산물'을 판매·제공하는 매장,da2f290b-63cc-4302-a691-49622cf49771,밍이네,수산물,소래포구전통어시장,전통시장,인천광역시,3.0,3.0,,,RESOLVED_AGREEMENT,False,3,,,,
bf410ba305405f437040,val,수산물,T1 정확표기,q_수산물_01,수산물,식료품 중 '수산물'을 판매·제공하는 매장,45f4d8da-f151-4d76-a744-d202d8851a9c,대광식육점,한식,충주관아골상가,전통시장,충청북도,0.0,0.0,,,RESOLVED_AGREEMENT,False,0,,,,
1e3d21d1fe263948ae3c,val,수산물,T1 정확표기,q_수산물_01,수산물,식료품 중 '수산물'을 판매·제공하는 매장,fc99b06d-341b-491e-b33a-2b7157dd7d38,창근수산,수산물,영광터미널시장,전통시장,전라남도,3.0,3.0,,,RESOLVED_AGREEMENT,False,3,,,,
907e5ab19d1b339b06ee,val,수산물,T1 정확표기,q_수산물_01,수산물,식료품 중 '수산물'을 판매·제공하는 매장,0027eaf6-093b-4df4-9457-4f1081537ff3,충무꼭지횟집,횟집,초량전통시장,전통시장,부산광역시,1.0,2.0,,,P1_BINARY_THRESHOLD,True,,,,,
d0c206e61f11b79d53f8,val,수산물,T1 정확표기,q_수산물_01,수산물,식료품 중 '수산물'을 판매·제공하는 매장,a6a35c8e-0399-42eb-9626-fbb24da1d413,동검수산,수산물,강화풍물시장,전통시장,인천광역시,3.0,3.0,,,RESOLVED_AGREEMENT,False,3,,,,
65004b7cc89336650921,val,수산물,T1 정확표기,q_수산물_01,수산물,식료품 중 '수산물'을 판매·제공하는 매장,b7d619c5-c5d2-4d4a-86e9-0a274bc9c71b,수산시대,수산물,간석자유시장,전통시장,인천광역시,3.0,3.0,,,RESOLVED_AGREEMENT,False,3,,,,
3207b46a6901f1453d52,val,수산물,T1 정확표기,q_수산물_01,수산물,식료품 중 '수산물'을 판매·제공하는 매장,d27a08a1-f15a-4cec-b4bc-c004e9aecbfc,윤가네숯불구이,한우구이,흥양천골목형상점가,골목형상점가,강원특별자치도,0.0,0.0,,,RESOLVED_AGREEMENT,False,0,,,,
4c0b3d82e5eb44b36be5,val,수산물,T1 정확표기,q_수산물_01,수산물,식료품 중 '수산물'을 판매·제공하는 매장,00ac75c4-6e3f-4d23-8a6a-1dc8ba294b85,우진수산,"수산물, 활어",효자시장,전통시장,경상북도,3.0,3.0,,,RESOLVED_AGREEMENT,False,3,,,,
f81181d53f6954c0d581,val,수산물,T1 정확표기,q_수산물_01,수산물,식료품 중 '수산물'을 판매·제공하는 매장,00298213-17ea-453a-b6e6-375d9ef636b6,대양농수산,농수산물,부평깡시장,전통시장,인천광역시,3.0,3.0,,,RESOLVED_AGREEMENT,False,3,,,,
f8008193053769c89613,val,수산물,T1 정확표기,q_수산물_01,수산물,식료품 중 '수산물'을 판매·제공하는 매장,2f93fe93-50dd-4ffd-8915-e5047ee97f27,회뜬수산,수산물,소래포구전통어시장,전통시장,인천광역시,3.0,3.0,,,RESOLVED_AGREEMENT,False,3,,,,
581ba3b949930beeab91,val,수산물,T1 정확표기,q_수산물_01,수산물,식료품 중 '수산물'을 판매·제공하는 매장,9b21374d-b396-48aa-a602-207404c4dd0c,철현물산,수산물,서울중부시장,전통시장,서울특별시,3.0,3.0,,,RESOLVED_AGREEMENT,False,3,,,,
5564e19d3d623d3070a0,val,수산물,T1 정확표기,q_수산물_01,수산물,식료품 중 '수산물'을 판매·제공하는 매장,00bd252b-19f9-4e9a-bf26-b45280bb84ae,선옥상회,생선,고성 공룡시장,전통시장,경상남도,3.0,3.0,,,RESOLVED_AGREEMENT,False,3,,,,
8852abe01b5033c4bc35,val,수산물,T1 정확표기,q_수산물_01,수산물,식료품 중 '수산물'을 판매·제공하는 매장,00a40df6-e218-4c9e-951f-b2c1a3ee676e,영흥수산,생선,가락몰골목형상점가,골목형상점가,서울특별시,3.0,3.0,,,RESOLVED_AGREEMENT,False,3,,,,
c3218e50384bc69b28f2,val,수산물,T1 정확표기,q_수산물_01,수산물,식료품 중 '수산물'을 판매·제공하는 매장,cc5350e1-229f-4d9c-a431-4c09701df79f,황덕호,수산물,소래포구전통어시장,전통시장,인천광역시,3.0,3.0,,,RESOLVED_AGREEMENT,False,3,,,,
73e59576619cfb7709ed,val,수산물,T1 정확표기,q_수산물_01,수산물,식료품 중 '수산물'을 판매·제공하는 매장,dfeb745e-a4f8-40a8-b66c-4667f61444a8,대박수산물,수산물,군산공설시장,전통시장,전북특별자치도,3.0,3.0,,,RESOLVED_AGREEMENT,False,3,,,,
68610f4fe539fda10903,val,수산물,T1 정확표기,q_수산물_01,수산물,식료품 중 '수산물'을 판매·제공하는 매장,9edf880b-19c2-4b4d-9f4a-2ee7f37ff90d,대박수산물,수산물,죽도어시장,전통시장,경상북도,3.0,3.0,,,RESOLVED_AGREEMENT,False,3,,,,
1bdc539e441fc3356a34,val,수산물,T2 동의어,q_수산물_02,생선,식료품 중 '수산물'을 판매·제공하는 매장,00ac75c4-6e3f-4d23-8a6a-1dc8ba294b85,우진수산,"수산물, 활어",효자시장,전통시장,경상북도,3.0,3.0,,,RESOLVED_AGREEMENT,False,3,,,,
3af425d1fd0a1d1f08a9,val,수산물,T2 동의어,q_수산물_02,생선,식료품 중 '수산물'을 판매·제공하는 매장,4f74f692-a941-4794-8203-4641e78af450,한일생선,생선,명산시장,전통시장,전북특별자치도,3.0,3.0,,,RESOLVED_AGREEMENT,False,3,,,,
bae54aad63075dc8e2e8,val,수산물,T2 동의어,q_수산물_02,생선,식료품 중 '수산물'을 판매·제공하는 매장,f632b825-195d-48b6-a024-82a5d1546f7f,형제생선,생선,용산종합큰시장,전통시장,대구광역시,3.0,3.0,,,RESOLVED_AGREEMENT,False,3,,,,
e711a31090fbb66fa3e4,val,수산물,T2 동의어,q_수산물_02,생선,식료품 중 '수산물'을 판매·제공하는 매장,05e43621-e9c5-4870-af5a-ae5873df8d15,생선총각,생선,포방터시장,전통시장,서울특별시,3.0,3.0,,,RESOLVED_AGREEMENT,False,3,,,,
bb9b2d1a98e39952f7ea,val,수산물,T2 동의어,q_수산물_02,생선,식료품 중 '수산물'을 판매·제공하는 매장,00a40df6-e218-4c9e-951f-b2c1a3ee676e,영흥수산,생선,가락몰골목형상점가,골목형상점가,서울특별시,3.0,3.0,,,RESOLVED_AGREEMENT,False,3,,,,
2de70704a2de2784045c,val,수산물,T2 동의어,q_수산물_02,생선,식료품 중 '수산물'을 판매·제공하는 매장,e0948994-63f9-4914-b0fe-908c1ae4302e,버디헤어,미용실,의정부시 구도심 상권활성화구역,상권활성화구역,경기도,0.0,0.0,,,RESOLVED_AGREEMENT,False,0,,,,
36435f06d62f4cdd5322,val,수산물,T2 동의어,q_수산물_02,생선,식료품 중 '수산물'을 판매·제공하는 매장,58a0dae4-14a0-4c46-b61b-ca9cb36217b5,팔도생선,생선,수영팔도시장(구 수영팔도상가시장),전통시장,부산광역시,3.0,3.0,,,RESOLVED_AGREEMENT,False,3,,,,
5571181f02df69ff3e40,val,수산물,T2 동의어,q_수산물_02,생선,식료품 중 '수산물'을 판매·제공하는 매장,3526958d-da64-4c90-a75c-c55162fbe0d3,최씨어물전,,영천공설시장,전통시장,경상북도,3.0,0.0,,,P1_BINARY_THRESHOLD,True,,,,,
5d40ce5e7c898c879b11,val,수산물,T2 동의어,q_수산물_02,생선,식료품 중 '수산물'을 판매·제공하는 매장,69343e42-7e0f-4d37-ad8c-70247ea8c7d5,한양생선,생선,충주무학시장,전통시장,충청북도,3.0,3.0,,,RESOLVED_AGREEMENT,False,3,,,,
2f2631025e2b4293ec56,val,수산물,T2 동의어,q_수산물_02,생선,식료품 중 '수산물'을 판매·제공하는 매장,009fbffe-11b3-4eba-b65a-696f4f59f079,인어횟집,횟집,목포북항상점가,자율상권구역,전라남도,1.0,2.0,,,P1_BINARY_THRESHOLD,True,,,,,
f02a372f9914e5965d02,val,수산물,T2 동의어,q_수산물_02,생선,식료품 중 '수산물'을 판매·제공하는 매장,5034ee13-3554-495f-9c3c-287fed6f4853,(주)지엔컴퍼니,통신기기,동성로상점가,자율상권구역,대구광역시,0.0,0.0,,,RESOLVED_AGREEMENT,False,0,,,,
ce15455a4f3cda96b85b,val,수산물,T2 동의어,q_수산물_02,생선,식료품 중 '수산물'을 판매·제공하는 매장,8413497a-62cf-4959-a40f-eaba357e72cf,입실생선,생선,외동시장,전통시장,경상북도,3.0,3.0,,,RESOLVED_AGREEMENT,False,3,,,,
ca7ccd9ce0789bfa1fc8,val,수산물,T2 동의어,q_수산물_02,생선,식료품 중 '수산물'을 판매·제공하는 매장,30d5afbc-fd4b-49bb-9e1c-2469652e5921,추씨어물점,어물,영천공설시장,전통시장,경상북도,3.0,0.0,,,P1_BINARY_THRESHOLD,True,,,,,
8a4ffa7a150a805707a4,val,수산물,T2 동의어,q_수산물_02,생선,식료품 중 '수산물'을 판매·제공하는 매장,000d55be-8181-4f45-827e-52082b2ae284,명희유통,건어물,성북시장,전통시장,부산광역시,3.0,3.0,,,RESOLVED_AGREEMENT,False,3,,,,
99ed8dc0d344e15de19d,val,수산물,T2 동의어,q_수산물_02,생선,식료품 중 '수산물'을 판매·제공하는 매장,00ba389b-e522-4da5-ac26-2ffaf33359ec,스시노유키,초밥,산본로데오거리(구 산본중심상가),자율상권구역,경기도,1.0,0.0,,,P2_GRADED_ONLY,True,,,,,
8f1c158a3631e5da1504,val,수산물,T2 동의어,q_수산물_02,생선,식료품 중 '수산물'을 판매·제공하는 매장,b81b16a7-303c-423a-8298-992107993bcb,생선총각,생선,대림골목시장,전통시장,서울특별시,3.0,3.0,,,RESOLVED_AGREEMENT,False,3,,,,
26d90d8f45ac9f3d81de,val,수산물,T2 동의어,q_수산물_02,생선,식료품 중 '수산물'을 판매·제공하는 매장,008cfdc1-610a-407a-a03b-4c6dae7106f4,주영수산,활어,목포북항상점가,자율상권구역,전라남도,3.0,3.0,,,RESOLVED_AGREEMENT,False,3,,,,
c456cc455a175d4d9960,val,수산물,T2 동의어,q_수산물_02,생선,식료품 중 '수산물'을 판매·제공하는 매장,0027eaf6-093b-4df4-9457-4f1081537ff3,충무꼭지횟집,횟집,초량전통시장,전통시장,부산광역시,1.0,2.0,,,P1_BINARY_THRESHOLD,True,,,,,
68cf25a947e4ded67daa,val,수산물,T2 동의어,q_수산물_02,생선,식료품 중 '수산물'을 판매·제공하는 매장,0d1e5132-177c-499c-9470-0b2230c87597,권순희 생선,생선,안동구시장,전통시장,경상북도,3.0,3.0,,,RESOLVED_AGREEMENT,False,3,,,,
26dc484c70d1d1307235,val,수산물,T2 동의어,q_수산물_02,생선,식료품 중 '수산물'을 판매·제공하는 매장,7814c01e-a1e1-472e-b24c-7682f68f27e9,부부생선,생선,좌동재래시장,전통시장,부산광역시,3.0,3.0,,,RESOLVED_AGREEMENT,False,3,,,,
1dbf73f68bb85d36489d,val,수산물,T2 동의어,q_수산물_02,생선,식료품 중 '수산물'을 판매·제공하는 매장,d5081fbf-786f-4fe6-8989-79424266c776,손씨생선,생선,언양알프스시장,전통시장,울산광역시,3.0,3.0,,,RESOLVED_AGREEMENT,False,3,,,,
540d6523a8ded83942f9,val,수산물,T2 동의어,q_수산물_02,생선,식료품 중 '수산물'을 판매·제공하는 매장,0bf687ec-4ea8-4932-a2c4-401f28aab97f,중앙어물,어물,모슬포 중앙시장,전통시장,제주특별자치도,3.0,0.0,,,P1_BINARY_THRESHOLD,True,,,,,
15ac4c6bc2be2fbdb147,val,수산물,T2 동의어,q_수산물_02,생선,식료품 중 '수산물'을 판매·제공하는 매장,7a4d6ac6-0b03-46ca-9aa9-1ff9f5fdd72c,엄마생선,생선,역전시장 상점가,자율상권구역,대전광역시,3.0,3.0,,,RESOLVED_AGREEMENT,False,3,,,,
ab2b366e57ddd3b3f161,val,수산물,T2 동의어,q_수산물_02,생선,식료품 중 '수산물'을 판매·제공하는 매장,0d787e3b-c8db-4109-9454-b50d724cb25f,정현생선,생선,익산북부시장,전통시장,전북특별자치도,3.0,3.0,,,RESOLVED_AGREEMENT,False,3,,,,
f6cd7e6659f301d8c234,val,수산물,T2 동의어,q_수산물_02,생선,식료품 중 '수산물'을 판매·제공하는 매장,764c37b8-c4f5-4ebd-8308-9edae87897bb,훈이네 생선,생선,청주육거리종합시장,전통시장,충청북도,3.0,3.0,,,RESOLVED_AGREEMENT,False,3,,,,
c63494127d5500e014a4,val,수산물,T2 동의어,q_수산물_02,생선,식료품 중 '수산물'을 판매·제공하는 매장,016ddf29-de07-40e1-a642-8c2a45a6f19d,연희어시장,횟집,연희로 골목형상점가,골목형상점가,인천광역시,1.0,2.0,,,P1_BINARY_THRESHOLD,True,,,,,
06ba154126be766b9a97,val,수산물,T2 동의어,q_수산물_02,생선,식료품 중 '수산물'을 판매·제공하는 매장,71f97da8-0779-4b70-bf8a-00c0494ffd4d,수옥생선,생선,광장시장,전통시장,서울특별시,3.0,3.0,,,RESOLVED_AGREEMENT,False,3,,,,
49f0e77c24672f8d4503,val,수산물,T2 동의어,q_수산물_02,생선,식료품 중 '수산물'을 판매·제공하는 매장,001ec0bf-0eda-4aa8-8efc-a90930649cf5,원프룻,농수산물,정이있는 구포시장,전통시장,부산광역시,3.0,3.0,,,RESOLVED_AGREEMENT,False,3,,,,
c73c9cbfe85b5c7f104a,val,수산물,T2 동의어,q_수산물_02,생선,식료품 중 '수산물'을 판매·제공하는 매장,6ac28eea-2dcf-457a-b595-5e1bb8c4aba7,주공생선,생선,월촌역시장(구 송현주공시장),전통시장,대구광역시,3.0,3.0,,,RESOLVED_AGREEMENT,False,3,,,,
9178ad085e393d1237ac,val,수산물,T2 동의어,q_수산물_02,생선,식료품 중 '수산물'을 판매·제공하는 매장,40b43005-91c4-461c-9fba-fab1ce463d0b,세기생선,생선,사하시장,전통시장,부산광역시,3.0,3.0,,,RESOLVED_AGREEMENT,False,3,,,,
79f79aa5a9298021ba08,val,수산물,T2 동의어,q_수산물_02,생선,식료품 중 '수산물'을 판매·제공하는 매장,a118cdb6-4b14-48c4-8649-43cedb0b445c,우성생선,생선,내토전통시장,전통시장,충청북도,3.0,3.0,,,RESOLVED_AGREEMENT,False,3,,,,
c0d8d638f6011fc881a8,val,수산물,T2 동의어,q_수산물_02,생선,식료품 중 '수산물'을 판매·제공하는 매장,010c1855-b46f-4e37-b975-8115c4249b0f,용궁횟집,,자갈치시장,전통시장,부산광역시,3.0,2.0,,,P2_GRADED_ONLY,True,,,,,
4447a624e02fed61edc4,val,수산물,T2 동의어,q_수산물_02,생선,식료품 중 '수산물'을 판매·제공하는 매장,bdc36a36-8257-4323-bcfd-82fa238434f3,이쁜이네 생선,생선,수영팔도시장(구 수영팔도상가시장),전통시장,부산광역시,3.0,3.0,,,RESOLVED_AGREEMENT,False,3,,,,
72f475f0eccb4c70c206,val,수산물,T2 동의어,q_수산물_02,생선,식료품 중 '수산물'을 판매·제공하는 매장,004032ef-2ae7-4e97-ac30-b12a0869e930,시장횟집,횟집,광양매일시장(광양상설시장),전통시장,전라남도,1.0,2.0,,,P1_BINARY_THRESHOLD,True,,,,,
fdf83dae41daee095977,val,수산물,T2 동의어,q_수산물_02,생선,식료품 중 '수산물'을 판매·제공하는 매장,de872c30-d025-47cd-9103-b2e69322e7fe,함안생선,생선,함안 가야전통시장,전통시장,경상남도,3.0,3.0,,,RESOLVED_AGREEMENT,False,3,,,,
1846bc326f08668603bc,val,수산물,T2 동의어,q_수산물_02,생선,식료품 중 '수산물'을 판매·제공하는 매장,09a858a0-8225-4fea-bebe-3817c8ae9832,달홀초밥,생선,간성전통시장(구 천년고성시장),전통시장,강원특별자치도,3.0,3.0,,,RESOLVED_AGREEMENT,False,3,,,,
54913b5bfbbbd5d13a26,val,수산물,T2 동의어,q_수산물_02,생선,식료품 중 '수산물'을 판매·제공하는 매장,51764099-4a5d-4ef8-b85d-ef270b05701b,금순네 생선,생선,인천신흥시장,전통시장,인천광역시,3.0,3.0,,,RESOLVED_AGREEMENT,False,3,,,,
03dfbdb0fb4d758d442f,val,수산물,T2 동의어,q_수산물_02,생선,식료품 중 '수산물'을 판매·제공하는 매장,00cd5dee-c068-48da-bc58-a704d5fe8832,윤석수산,수산물 활어회 생선 게종류 젓갈 갑각류 해산물 등등,대공원시장,전통시장,대구광역시,3.0,3.0,,,RESOLVED_AGREEMENT,False,3,,,,
fef17da20ec8670234d9,val,수산물,T2 동의어,q_수산물_02,생선,식료품 중 '수산물'을 판매·제공하는 매장,9f8c5b2d-8b33-444e-a177-16386f656df3,부자생선,생선,망미중앙시장,전통시장,부산광역시,3.0,3.0,,,RESOLVED_AGREEMENT,False,3,,,,
53490fab3f342d828169,val,수산물,T2 동의어,q_수산물_02,생선,식료품 중 '수산물'을 판매·제공하는 매장,00f60c16-d8be-497f-80f2-aab3209a8d0e,포카포카,식당,전남여고후문 골목형상점가,골목형상점가,광주광역시,1.0,0.0,,,P2_GRADED_ONLY,True,,,,,
96e2d32041a95c80543f,val,수산물,T2 동의어,q_수산물_02,생선,식료품 중 '수산물'을 판매·제공하는 매장,00e04e3d-cb00-4d64-a13d-a9c02f9a4fc8,대림수산,활어,자갈치시장,전통시장,부산광역시,3.0,3.0,,,RESOLVED_AGREEMENT,False,3,,,,
e43a3f1a91410ecff31d,val,수산물,T2 동의어,q_수산물_02,생선,식료품 중 '수산물'을 판매·제공하는 매장,038f89c5-a204-4c80-9e31-9d22a3ba4c95,연스시,초밥,노은역 골목형상점가,골목형상점가,대전광역시,1.0,0.0,,,P2_GRADED_ONLY,True,,,,,
2d431081e8af0c335dc7,val,수산물,T2 동의어,q_수산물_02,생선,식료품 중 '수산물'을 판매·제공하는 매장,a83174a2-5cfd-4c4b-8316-978ac6c905d2,오늘의 생선,생선,원미부흥시장,전통시장,경기도,3.0,3.0,,,RESOLVED_AGREEMENT,False,3,,,,
694e15397f2d6accf1d8,val,수산물,T2 동의어,q_수산물_02,생선,식료품 중 '수산물'을 판매·제공하는 매장,30dc8796-40cd-4c5b-880c-658ec9ad53ad,노들수산,생선,노량진수산시장골목형상점가,골목형상점가,서울특별시,3.0,3.0,,,RESOLVED_AGREEMENT,False,3,,,,
9a945b24ba63eb8e01bd,val,수산물,T2 동의어,q_수산물_02,생선,식료품 중 '수산물'을 판매·제공하는 매장,013d58c8-33f8-4dbe-95de-801d22ea9505,민영활어공장 부천자유시장점,"회, 초밥",부천자유시장,전통시장,경기도,1.0,3.0,,,P1_BINARY_THRESHOLD,True,,,,,
515aa02eb88365cbe5fd,val,수산물,T2 동의어,q_수산물_02,생선,식료품 중 '수산물'을 판매·제공하는 매장,a967fbc7-7c5b-414a-b89f-af04c43dfc9b,효준횟집,생선,남해전통시장,전통시장,경상남도,3.0,3.0,,,RESOLVED_AGREEMENT,False,3,,,,
208e6f266ff394805c90,val,수산물,T2 동의어,q_수산물_02,생선,식료품 중 '수산물'을 판매·제공하는 매장,00298213-17ea-453a-b6e6-375d9ef636b6,대양농수산,농수산물,부평깡시장,전통시장,인천광역시,3.0,3.0,,,RESOLVED_AGREEMENT,False,3,,,,
54f122b0417795358d21,val,수산물,T2 동의어,q_수산물_02,생선,식료품 중 '수산물'을 판매·제공하는 매장,9c170291-2a2c-451a-bac4-42788e0b7369,밥상위에 생선,생선,대인시장,전통시장,광주광역시,3.0,3.0,,,RESOLVED_AGREEMENT,False,3,,,,
40f994da927fd31ad5ca,val,수산물,T2 동의어,q_수산물_02,생선,식료품 중 '수산물'을 판매·제공하는 매장,e471a7fe-faf3-417e-9b70-180eca9d4113,삼방생선,생선,김해 삼방전통시장,전통시장,경상남도,3.0,3.0,,,RESOLVED_AGREEMENT,False,3,,,,
537f70cd2f54cf873ccc,val,수산물,T2 동의어,q_수산물_02,생선,식료품 중 '수산물'을 판매·제공하는 매장,c59633f8-025c-4dad-bd64-a9bac4c74fd3,도계생선,생선,창원 도계부부시장,전통시장,경상남도,3.0,3.0,,,RESOLVED_AGREEMENT,False,3,,,,
27054c156ae4aa0cd668,val,수산물,T2 동의어,q_수산물_02,생선,식료품 중 '수산물'을 판매·제공하는 매장,4df38700-9e35-467e-8b54-b6930b806fa5,중앙생선,생선,길동복조리시장,전통시장,서울특별시,3.0,3.0,,,RESOLVED_AGREEMENT,False,3,,,,
03423e6548367fa66208,val,수산물,T2 동의어,q_수산물_02,생선,식료품 중 '수산물'을 판매·제공하는 매장,00fcc68d-3086-4b45-b998-f3763e8dbf7d,꼬치마요 산본역점(9호점),일식,산본로데오거리(구 산본중심상가),자율상권구역,경기도,1.0,0.0,,,P2_GRADED_ONLY,True,,,,,
9552844ca683f495a547,val,수산물,T2 동의어,q_수산물_02,생선,식료품 중 '수산물'을 판매·제공하는 매장,9fab31af-1c5f-4380-9792-05d7a017eaf3,동경생선,생선,금촌전통시장,전통시장,경기도,3.0,3.0,,,RESOLVED_AGREEMENT,False,3,,,,
93aaabb52534a99bfdd4,val,수산물,T2 동의어,q_수산물_02,생선,식료품 중 '수산물'을 판매·제공하는 매장,ea842cca-abfa-484a-95e9-77811a3b4b6e,오늘생선,생선,자양전통시장,전통시장,서울특별시,3.0,3.0,,,RESOLVED_AGREEMENT,False,3,,,,
2df81d3d8762937770af,val,수산물,T2 동의어,q_수산물_02,생선,식료품 중 '수산물'을 판매·제공하는 매장,01afaafa-2a46-4977-8015-55762957ee7a,다래초밥,초밥,동문동 골목형상점가,골목형상점가,충청남도,1.0,0.0,,,P2_GRADED_ONLY,True,,,,,
3d38f8ef8bf373a37fbd,val,수산물,T2 동의어,q_수산물_02,생선,식료품 중 '수산물'을 판매·제공하는 매장,333fa307-f61c-45a8-a79b-93fff676095e,대명어물,어물,서귀포향토오일시장,전통시장,제주특별자치도,3.0,0.0,,,P1_BINARY_THRESHOLD,True,,,,,
e12febb5daf96c4e6e90,val,수산물,T2 동의어,q_수산물_02,생선,식료품 중 '수산물'을 판매·제공하는 매장,5ebf0280-a754-4b9b-9311-d07eb89c50ab,이대생선,생선,부평깡통시장(구 부산부평시장),전통시장,부산광역시,3.0,3.0,,,RESOLVED_AGREEMENT,False,3,,,,
f3d7dde864e33b20b5b4,val,수산물,T2 동의어,q_수산물_02,생선,식료품 중 '수산물'을 판매·제공하는 매장,29345061-11dc-46a5-92fa-963b19c984ab,생선밥상,생선,적성전통시장,전통시장,경기도,3.0,3.0,,,RESOLVED_AGREEMENT,False,3,,,,
e3de13c21c6ba1b67f1c,val,수산물,T2 동의어,q_수산물_02,생선,식료품 중 '수산물'을 판매·제공하는 매장,00779863-22b7-4378-adca-42362eff7e3f,장복횟집.수산,생선회,"안면도수산시장(구, 안면도장터)",전통시장,충청남도,3.0,3.0,,,RESOLVED_AGREEMENT,False,3,,,,
5335961e433f2ecbfa2a,val,수산물,T2 동의어,q_수산물_02,생선,식료품 중 '수산물'을 판매·제공하는 매장,b074842a-7cd1-477d-84fc-9b8dfb412899,성수생선,생선,양산 덕계종합상설시장,전통시장,경상남도,3.0,3.0,,,RESOLVED_AGREEMENT,False,3,,,,
a2482e609d9924fa5107,val,수산물,T2 동의어,q_수산물_02,생선,식료품 중 '수산물'을 판매·제공하는 매장,0130dbd3-b9ea-43f4-98fd-26d8afd90b78,모래내시장순대,식당,전주모래내시장,전통시장,전북특별자치도,1.0,0.0,,,P2_GRADED_ONLY,True,,,,,
f8c04649a1596385cf6c,val,수산물,T2 동의어,q_수산물_02,생선,식료품 중 '수산물'을 판매·제공하는 매장,0004c5f7-95e0-45be-9f06-a705b8113ff0,의창수협67번중도매인,활어,진해 용원어시장상점가,자율상권구역,경상남도,3.0,0.0,,,P1_BINARY_THRESHOLD,True,,,,,
e9dc94c305c746b5bb9a,val,수산물,T2 동의어,q_수산물_02,생선,식료품 중 '수산물'을 판매·제공하는 매장,0b100f7e-afad-4616-bf8f-55a1b0e0d105,현대생선,생선,사상시장,전통시장,부산광역시,3.0,3.0,,,RESOLVED_AGREEMENT,False,3,,,,
2ecba4226833f7c8f6a6,val,수산물,T2 동의어,q_수산물_02,생선,식료품 중 '수산물'을 판매·제공하는 매장,c46d297a-d4ea-4762-a168-b5e841430aed,수현생선,생선,좌동재래시장,전통시장,부산광역시,3.0,3.0,,,RESOLVED_AGREEMENT,False,3,,,,
d0b0a38f8c3115a130a3,val,수산물,T2 동의어,q_수산물_02,생선,식료품 중 '수산물'을 판매·제공하는 매장,ca43c775-8157-4b59-94a0-3d43b8923025,소배,생선,명지시장,전통시장,부산광역시,3.0,3.0,,,RESOLVED_AGREEMENT,False,3,,,,
d04e11aacee4cf9a99c5,val,수산물,T2 동의어,q_수산물_02,생선,식료품 중 '수산물'을 판매·제공하는 매장,f06ccfff-aff4-48e2-a0d9-9ca2ad9406cf,인권이네,생선,소래포구전통어시장,전통시장,인천광역시,3.0,3.0,,,RESOLVED_AGREEMENT,False,3,,,,
0633959563411950e421,val,수산물,T2 동의어,q_수산물_02,생선,식료품 중 '수산물'을 판매·제공하는 매장,a38d4fe2-982b-4231-a320-69bc8d1210e5,삼득수산,생선,부전상가시장,전통시장,부산광역시,3.0,3.0,,,RESOLVED_AGREEMENT,False,3,,,,
5e9dc7f818e57472131d,val,수산물,T2 동의어,q_수산물_02,생선,식료품 중 '수산물'을 판매·제공하는 매장,33916799-dab6-4f9c-8737-3ef12ec9b327,굿모닝 소아청소년과의원,소아과,효천로 골목형상점가,골목형상점가,광주광역시,0.0,0.0,,,RESOLVED_AGREEMENT,False,0,,,,
e5dbab8b8a971f45336e,val,수산물,T2 동의어,q_수산물_02,생선,식료품 중 '수산물'을 판매·제공하는 매장,68341571-a8c0-4fa5-9d92-e0d044f27890,안씨생선,생선,도마큰시장,전통시장,대전광역시,3.0,3.0,,,RESOLVED_AGREEMENT,False,3,,,,
93e36101f24ba6e040d6,val,수산물,T2 동의어,q_수산물_02,생선,식료품 중 '수산물'을 판매·제공하는 매장,8455b327-a374-4f39-96bf-de54cb54875d,괴정생선,생선,괴정골목시장,전통시장,부산광역시,3.0,3.0,,,RESOLVED_AGREEMENT,False,3,,,,
0e0b1cd70da4359c4bd3,val,수산물,T2 동의어,q_수산물_02,생선,식료품 중 '수산물'을 판매·제공하는 매장,4014e8a4-4138-4c89-922c-ad97518dac48,영선네 생선,생선,대전정원시장,전통시장,대전광역시,3.0,3.0,,,RESOLVED_AGREEMENT,False,3,,,,
68da1410f1b1125a9513,val,수산물,T2 동의어,q_수산물_02,생선,식료품 중 '수산물'을 판매·제공하는 매장,ace46cb4-4669-4cad-8223-c3412d5d7b5c,살아있네 생선,생선,반여2동상가시장,전통시장,부산광역시,3.0,3.0,,,RESOLVED_AGREEMENT,False,3,,,,
09f28720337aadf90d31,val,수산물,T2 동의어,q_수산물_02,생선,식료품 중 '수산물'을 판매·제공하는 매장,0019e966-8007-4603-957c-4e9adcd1f05a,부남수산,수산물,서산동부전통시장,전통시장,충청남도,3.0,3.0,,,RESOLVED_AGREEMENT,False,3,,,,
65cad9d8e800025dc516,val,수산물,T2 동의어,q_수산물_02,생선,식료품 중 '수산물'을 판매·제공하는 매장,461f9be0-fc59-405e-a04c-e1b136369f95,성일생선,생선,고창전통시장,전통시장,전북특별자치도,3.0,3.0,,,RESOLVED_AGREEMENT,False,3,,,,
3f49a45d352d9748bc02,val,수산물,T2 동의어,q_수산물_02,생선,식료품 중 '수산물'을 판매·제공하는 매장,979fe1f9-263b-4f1b-af34-2e0629ad4a8c,호계생선,생선,호계공설시장,전통시장,울산광역시,3.0,3.0,,,RESOLVED_AGREEMENT,False,3,,,,
956d3cecc2345493ba8f,val,수산물,T2 동의어,q_수산물_02,생선,식료품 중 '수산물'을 판매·제공하는 매장,826f6f64-b8fb-4fec-a3ac-24d56cde4fd6,역전3번생선,생선,군산역전종합시장,전통시장,전북특별자치도,3.0,3.0,,,RESOLVED_AGREEMENT,False,3,,,,
c38f3d9dbd10a500c3ce,val,수산물,T2 동의어,q_수산물_02,생선,식료품 중 '수산물'을 판매·제공하는 매장,fd71ead7-bf3d-4f2a-b424-6cfb031824f1,용남생선,생선,용남시장,전통시장,인천광역시,3.0,3.0,,,RESOLVED_AGREEMENT,False,3,,,,
8e7f5de767082e37ee1f,val,수산물,T2 동의어,q_수산물_02,생선,식료품 중 '수산물'을 판매·제공하는 매장,2d6a774e-e6d2-41a3-a1a3-569b1ccf58d9,광해생선,생선,창원 가음시장대상가,전통시장,경상남도,3.0,3.0,,,RESOLVED_AGREEMENT,False,3,,,,
214254f4e2c7fcd9612e,val,수산물,T2 동의어,q_수산물_02,생선,식료품 중 '수산물'을 판매·제공하는 매장,60b4ff77-f80d-4ba9-b059-592ee00ee5ac,완두콩,의류,청계6가 지하쇼핑센터,일반지하상점가,서울특별시,0.0,0.0,,,RESOLVED_AGREEMENT,False,0,,,,
8bf8d7da93896b2d24a8,val,수산물,T2 동의어,q_수산물_02,생선,식료품 중 '수산물'을 판매·제공하는 매장,fbe454d9-addf-4d07-abb9-e030eb1b3472,중앙생선,생선,내토전통시장,전통시장,충청북도,3.0,3.0,,,RESOLVED_AGREEMENT,False,3,,,,
e80c659d057988f2da69,val,수산물,T2 동의어,q_수산물_02,생선,식료품 중 '수산물'을 판매·제공하는 매장,00356e71-7b15-4a42-be60-f232011707b8,유한회사 덕재건재,건어물,가락몰골목형상점가,골목형상점가,서울특별시,3.0,3.0,,,RESOLVED_AGREEMENT,False,3,,,,
7c98efbc29d57ff6548e,val,수산물,T2 동의어,q_수산물_02,생선,식료품 중 '수산물'을 판매·제공하는 매장,026088db-87d4-434f-be2b-19543ce6d520,대구생선,생선,도원시장,전통시장,대구광역시,3.0,3.0,,,RESOLVED_AGREEMENT,False,3,,,,
d0b9f1bafa85ddb40461,val,수산물,T2 동의어,q_수산물_02,생선,식료품 중 '수산물'을 판매·제공하는 매장,9cb15ad5-0b34-41d1-8225-d709b970368e,부자생선,생선,정이있는 구포시장,전통시장,부산광역시,3.0,3.0,,,RESOLVED_AGREEMENT,False,3,,,,
abf0adc0ca13ba26a123,val,수산물,T2 동의어,q_수산물_02,생선,식료품 중 '수산물'을 판매·제공하는 매장,1f8c2988-2ede-4047-a51a-4d8a7d4c9317,살아있네 생선,생선,반송큰시장,전통시장,부산광역시,3.0,3.0,,,RESOLVED_AGREEMENT,False,3,,,,
3e0289476a509617dab3,val,수산물,T2 동의어,q_수산물_02,생선,식료품 중 '수산물'을 판매·제공하는 매장,00cc4859-307a-43ef-9654-2f6aa6fc404d,서산상회,생선,노량진수산시장골목형상점가,골목형상점가,서울특별시,3.0,3.0,,,RESOLVED_AGREEMENT,False,3,,,,
e0174f892d30ecf32861,val,수산물,T2 동의어,q_수산물_02,생선,식료품 중 '수산물'을 판매·제공하는 매장,00bd252b-19f9-4e9a-bf26-b45280bb84ae,선옥상회,생선,고성 공룡시장,전통시장,경상남도,3.0,3.0,,,RESOLVED_AGREEMENT,False,3,,,,
8da7d877a9b6c05feeb1,val,수산물,T2 동의어,q_수산물_02,생선,식료품 중 '수산물'을 판매·제공하는 매장,14e876ec-6474-4640-ab63-1a3d40397199,고향생선,생선,장량성도시장,전통시장,경상북도,3.0,3.0,,,RESOLVED_AGREEMENT,False,3,,,,
62fec586c08cc94cf975,val,수산물,T2 동의어,q_수산물_02,생선,식료품 중 '수산물'을 판매·제공하는 매장,005eb589-94b0-4a7e-b4e4-ef8cf64b0762,스시쿄다이,일식,동홍8번가 골목형상점가,골목형상점가,제주특별자치도,1.0,0.0,,,P2_GRADED_ONLY,True,,,,,
983591f8e59203e9f1d2,val,수산물,T2 동의어,q_수산물_02,생선,식료품 중 '수산물'을 판매·제공하는 매장,0c06bc38-3003-4306-8cc2-4165a059a21c,미선생선,생선,김제전통시장,전통시장,전북특별자치도,3.0,3.0,,,RESOLVED_AGREEMENT,False,3,,,,
59116bcb0ffcfbcfa7bb,val,수산물,T2 동의어,q_수산물_02,생선,식료품 중 '수산물'을 판매·제공하는 매장,2968e10b-5cb2-4ee3-998a-00cd13bdff2d,중앙생선,생선,전주신중앙시장(구 중앙버드나무시장),전통시장,전북특별자치도,3.0,3.0,,,RESOLVED_AGREEMENT,False,3,,,,
a32c9a4e5067a4040925,val,수산물,T2 동의어,q_수산물_02,생선,식료품 중 '수산물'을 판매·제공하는 매장,1ec419ad-ca7c-4c1a-9e06-df967b91e1d4,초록약국,의약품 및 의약외품,두암타운 골목형상점가,골목형상점가,광주광역시,0.0,0.0,,,RESOLVED_AGREEMENT,False,0,,,,
a902cad558c92587794a,val,수산물,T2 동의어,q_수산물_02,생선,식료품 중 '수산물'을 판매·제공하는 매장,00527b0b-893c-4d64-862e-3ef8113d07fb,해선언니네,건어물,용상공설시장,전통시장,경상북도,3.0,3.0,,,RESOLVED_AGREEMENT,False,3,,,,
e3a9bc5209659fee84b0,val,수산물,T2 동의어,q_수산물_02,생선,식료품 중 '수산물'을 판매·제공하는 매장,00445369-fa3a-4cd3-ae3a-6564876f4199,용수상회,수산물,서문시장건해산물상가,전통시장,대구광역시,3.0,3.0,,,RESOLVED_AGREEMENT,False,3,,,,
3ba38cc8139b7dc47fa6,val,수산물,T2 동의어,q_수산물_02,생선,식료품 중 '수산물'을 판매·제공하는 매장,002e7e87-5677-44ca-85c4-9e5b87e7994f,한양수산,생선,안중시장,전통시장,경기도,3.0,3.0,,,RESOLVED_AGREEMENT,False,3,,,,
86cd31ce0382be45f820,val,수산물,T2 동의어,q_수산물_02,생선,식료품 중 '수산물'을 판매·제공하는 매장,e553b2cf-0c4e-4396-8f34-25679e77b48a,"고양이, 생선",생선,원주중앙로문화의거리,자율상권구역,강원특별자치도,3.0,3.0,,,RESOLVED_AGREEMENT,False,3,,,,
daea506e1f63f7f6b073,val,수산물,T2 동의어,q_수산물_02,생선,식료품 중 '수산물'을 판매·제공하는 매장,ba122c07-ba20-46eb-b7e5-c77027052c82,말집,생선,익산북부시장,전통시장,전북특별자치도,3.0,3.0,,,RESOLVED_AGREEMENT,False,3,,,,
e23a43c5b8a528e33c87,val,수산물,T2 동의어,q_수산물_02,생선,식료품 중 '수산물'을 판매·제공하는 매장,8e20f6fe-adf8-47ce-85d7-3ad68c2651dd,하중이네,생선,주문진좌판풍물시장,전통시장,강원특별자치도,3.0,3.0,,,RESOLVED_AGREEMENT,False,3,,,,
fa9a8bb78aa89865c8ac,val,수산물,T2 동의어,q_수산물_02,생선,식료품 중 '수산물'을 판매·제공하는 매장,03cbd591-5ee7-4f9b-842e-8dc427925406,신흥상회,어물,상주중앙시장,전통시장,경상북도,3.0,3.0,,,RESOLVED_AGREEMENT,False,3,,,,
3e4d4a5449631540a8c2,val,수산물,T2 동의어,q_수산물_02,생선,식료품 중 '수산물'을 판매·제공하는 매장,7632e453-2ddc-40f0-91db-64bb21a9bfc5,희야네 생선,생선,흥해시장,전통시장,경상북도,3.0,3.0,,,RESOLVED_AGREEMENT,False,3,,,,
51d61049b47212931178,val,수산물,T2 동의어,q_수산물_02,생선,식료품 중 '수산물'을 판매·제공하는 매장,9e341cbb-50b8-4cd7-a816-1c66cce72278,동해생선,생선,신천시장,전통시장,대구광역시,3.0,3.0,,,RESOLVED_AGREEMENT,False,3,,,,
bb45c113d85094e0181a,val,수산물,T2 동의어,q_수산물_02,생선,식료품 중 '수산물'을 판매·제공하는 매장,3586bd60-828c-46f7-bd8d-65313432f3ed,제천생선,생선,동문시장,전통시장,충청북도,3.0,3.0,,,RESOLVED_AGREEMENT,False,3,,,,
782452fff7ff9a988af1,val,수산물,T2 동의어,q_수산물_02,생선,식료품 중 '수산물'을 판매·제공하는 매장,5c3dbead-8717-4e7d-b993-522e1be8eb2d,남부생선,생선,원주남부시장,전통시장,강원특별자치도,3.0,3.0,,,RESOLVED_AGREEMENT,False,3,,,,
b2f6e3462bb598d5f421,val,수산물,T2 동의어,q_수산물_02,생선,식료품 중 '수산물'을 판매·제공하는 매장,4d008635-97cf-4d0f-98e7-19f6ad8d118a,할매생선,생선,부평종합시장,전통시장,인천광역시,3.0,3.0,,,RESOLVED_AGREEMENT,False,3,,,,
f477c88fd67ab8fbe97a,val,수산물,T2 동의어,q_수산물_02,생선,식료품 중 '수산물'을 판매·제공하는 매장,b298c190-4e7e-4534-9a02-da6935bf6bb3,경북생선,생선,태백시장,전통시장,대구광역시,3.0,3.0,,,RESOLVED_AGREEMENT,False,3,,,,
874435de26f7edd7c174,val,수산물,T2 동의어,q_수산물_02,생선,식료품 중 '수산물'을 판매·제공하는 매장,fe427c82-43ff-430f-8a6e-df6fa71579fa,장림생선,생선,장림골목시장,전통시장,부산광역시,3.0,3.0,,,RESOLVED_AGREEMENT,False,3,,,,
fe5db4a9cb3728e550d8,val,수산물,T2 동의어,q_수산물_02,생선,식료품 중 '수산물'을 판매·제공하는 매장,00a0d437-836b-453d-b15e-55fbf7dc8460,대박수산,생선,청주육거리종합시장,전통시장,충청북도,3.0,3.0,,,RESOLVED_AGREEMENT,False,3,,,,
02802f64f53df3d0e5a1,val,수산물,T2 동의어,q_수산물_02,생선,식료품 중 '수산물'을 판매·제공하는 매장,3a762f15-2847-4a47-905d-63fb9e1a3584,서울정육점,정육,수유재래시장,전통시장,서울특별시,0.0,1.0,,,P2_GRADED_ONLY,True,,,,,
7258f3fc2a251e1672b7,val,수산물,T2 동의어,q_수산물_02,생선,식료품 중 '수산물'을 판매·제공하는 매장,005429a3-030e-492f-973c-1d5842eeac56,미래횟집,활어,사천 삼천포용궁수산시장,전통시장,경상남도,3.0,2.0,,,P2_GRADED_ONLY,True,,,,,
2c16229712e8a974c12c,val,수산물,T2 동의어,q_수산물_02,생선,식료품 중 '수산물'을 판매·제공하는 매장,9fbaca55-9738-4b29-acf4-b7699736a361,행렬수산,생선,목포자유시장,전통시장,전라남도,3.0,3.0,,,RESOLVED_AGREEMENT,False,3,,,,
14e3f401f504b3c166cc,val,수산물,T2 동의어,q_수산물_02,생선,식료품 중 '수산물'을 판매·제공하는 매장,004d071d-dda6-41e4-9fcb-7c74c8f8ef0f,영남상회,건어물,수영팔도시장(구 수영팔도상가시장),전통시장,부산광역시,3.0,3.0,,,RESOLVED_AGREEMENT,False,3,,,,
21b348ac08bd923d36da,val,수산물,T2 동의어,q_수산물_02,생선,식료품 중 '수산물'을 판매·제공하는 매장,0016aa1a-5730-45a0-b427-06b0f51fc005,든든한밥상,농수산물,화산면 골목형상점가,골목형상점가,전라남도,3.0,3.0,,,RESOLVED_AGREEMENT,False,3,,,,
30fcdc2fe7a986c006aa,val,수산물,T2 동의어,q_수산물_02,생선,식료품 중 '수산물'을 판매·제공하는 매장,d5dec0ba-94f7-4d63-a41a-3a7ee8b3e056,일신생선,생선,전주모래내시장,전통시장,전북특별자치도,3.0,3.0,,,RESOLVED_AGREEMENT,False,3,,,,
28b73b9bf576b35b7df7,val,수산물,T2 동의어,q_수산물_02,생선,식료품 중 '수산물'을 판매·제공하는 매장,007aece5-08b8-4eb0-b4c6-18d451eadcfd,영남상회,건어물,동쪽바다중앙시장(구 동해중앙시장),전통시장,강원특별자치도,3.0,3.0,,,RESOLVED_AGREEMENT,False,3,,,,
c2391f5b6a7973a901b8,val,수산물,T2 동의어,q_수산물_02,생선,식료품 중 '수산물'을 판매·제공하는 매장,4896f71e-5f3a-4b91-94b4-f73681bb4ef9,안평상사,내의,반구시장,전통시장,울산광역시,0.0,0.0,,,RESOLVED_AGREEMENT,False,0,,,,
d78885fd25224c94be01,val,수산물,T2 동의어,q_수산물_02,생선,식료품 중 '수산물'을 판매·제공하는 매장,512effaa-eff9-47bd-8665-687c2ca48ced,창운횟집,생선,금당상가,자율상권구역,전라남도,3.0,3.0,,,RESOLVED_AGREEMENT,False,3,,,,
f91f6b9b67428e21f283,val,수산물,T2 동의어,q_수산물_02,생선,식료품 중 '수산물'을 판매·제공하는 매장,0c7008da-69b1-433b-baab-e546f219721d,재환A,생선,청량리수산시장,전통시장,서울특별시,3.0,3.0,,,RESOLVED_AGREEMENT,False,3,,,,
55f6fe3e1885fc0b3853,val,수산물,T2 동의어,q_수산물_02,생선,식료품 중 '수산물'을 판매·제공하는 매장,0333f16c-ff56-4e80-a1c7-dd77a81300df,로봇초밥마켓 과천래미안점,초밥,과천슈르탑 골목형상점가,골목형상점가,경기도,1.0,0.0,,,P2_GRADED_ONLY,True,,,,,
feb75b6a9528ccf07c10,val,수산물,T2 동의어,q_수산물_02,생선,식료품 중 '수산물'을 판매·제공하는 매장,009b69b5-365a-4958-87e7-f224f253b92a,동문올레횟집,횟집,동문수산시장,전통시장,제주특별자치도,1.0,2.0,,,P1_BINARY_THRESHOLD,True,,,,,
a0ecf13782f246778353,val,수산물,T2 동의어,q_수산물_02,생선,식료품 중 '수산물'을 판매·제공하는 매장,684f1e8d-56c9-4119-b205-763c289962c9,영미네 생선,생선,대전정원시장,전통시장,대전광역시,3.0,3.0,,,RESOLVED_AGREEMENT,False,3,,,,
9228ace78e01c09b6782,val,수산물,T2 동의어,q_수산물_02,생선,식료품 중 '수산물'을 판매·제공하는 매장,418baaa0-3a39-442a-9b64-af4f6f76c8ca,더쉼헤어,염색,소담마실길 골목형상점가,골목형상점가,세종특별자치시,0.0,0.0,,,RESOLVED_AGREEMENT,False,0,,,,
4331bced624180ddf18d,val,수산물,T2 동의어,q_수산물_02,생선,식료품 중 '수산물'을 판매·제공하는 매장,af3c7411-a48f-484c-bbd1-45aabbdac275,민지네 생선,생선,의정부제일시장,전통시장,경기도,3.0,3.0,,,RESOLVED_AGREEMENT,False,3,,,,
b901ceb9f77b881bbdee,val,수산물,T2 동의어,q_수산물_02,생선,식료품 중 '수산물'을 판매·제공하는 매장,f6527675-de48-4dd1-be0b-d783f601ed2b,동검상회,생선,강화풍물시장,전통시장,인천광역시,3.0,3.0,,,RESOLVED_AGREEMENT,False,3,,,,
f495d8a1bce9c7084928,val,수산물,T2 동의어,q_수산물_02,생선,식료품 중 '수산물'을 판매·제공하는 매장,57f21678-123d-46b7-aca2-39c04f9ab3bf,인환수산,생선,소래포구전통어시장,전통시장,인천광역시,3.0,3.0,,,RESOLVED_AGREEMENT,False,3,,,,
0e1323b0229b4ee47ef1,val,수산물,T2 동의어,q_수산물_02,생선,식료품 중 '수산물'을 판매·제공하는 매장,01286ec0-50e0-4540-b678-ec706fb3bcbb,설곰식당,식당,산업용재관,전통시장,대구광역시,1.0,0.0,,,P2_GRADED_ONLY,True,,,,,
9c6422e083088d970376,val,수산물,T2 동의어,q_수산물_02,생선,식료품 중 '수산물'을 판매·제공하는 매장,4b0a950c-d9a5-4b33-8e35-7802931983f7,신영생선,생선,익산북부시장,전통시장,전북특별자치도,3.0,3.0,,,RESOLVED_AGREEMENT,False,3,,,,
6ba83277770f8eaff6ed,val,수산물,T2 동의어,q_수산물_02,생선,식료품 중 '수산물'을 판매·제공하는 매장,d2ee0fbd-a2a3-4cdd-b3ff-2d67826d84ac,부전생선,생선,부전상가시장,전통시장,부산광역시,3.0,3.0,,,RESOLVED_AGREEMENT,False,3,,,,
bb5f0181af8b406dd5d5,val,수산물,T2 동의어,q_수산물_02,생선,식료품 중 '수산물'을 판매·제공하는 매장,1390b4f5-bf4e-4187-a276-51180eadd875,으뜸생선,생선,내토전통시장,전통시장,충청북도,3.0,3.0,,,RESOLVED_AGREEMENT,False,3,,,,
fbec546c715f4ea9db7e,val,수산물,T2 동의어,q_수산물_03,생선가게,식료품 중 '수산물'을 판매·제공하는 매장,46b87ca3-96d0-437d-a35e-32807787080a,생선가게,수산물,장성중앙시장,전통시장,강원특별자치도,3.0,3.0,,,RESOLVED_AGREEMENT,False,3,,,,
8215218d39b0527c3995,val,수산물,T2 동의어,q_수산물_03,생선가게,식료품 중 '수산물'을 판매·제공하는 매장,faa4dbc5-691a-464d-affe-5e1fa3fb58c3,생선가게,도소매업(상품중개(생선)),발안만세시장(구 발안시장),전통시장,경기도,3.0,3.0,,,RESOLVED_AGREEMENT,False,3,,,,
0d4f933696e8b48f1b40,val,수산물,T2 동의어,q_수산물_03,생선가게,식료품 중 '수산물'을 판매·제공하는 매장,769381ed-3edd-49af-b525-a4985241b0c6,자갈치생선가게,생선,부산공동어시장상점가,자율상권구역,부산광역시,3.0,3.0,,,RESOLVED_AGREEMENT,False,3,,,,
a1947d1cde6e0d35dc42,val,수산물,T2 동의어,q_수산물_03,생선가게,식료품 중 '수산물'을 판매·제공하는 매장,0027eaf6-093b-4df4-9457-4f1081537ff3,충무꼭지횟집,횟집,초량전통시장,전통시장,부산광역시,1.0,2.0,,,P1_BINARY_THRESHOLD,True,,,,,
878f85bfd352b4b1e32b,val,수산물,T2 동의어,q_수산물_03,생선가게,식료품 중 '수산물'을 판매·제공하는 매장,6d943d4e-358f-4d3c-980e-21ce9c742695,우리동네생선가게,수산물,나주혁신도시 골목형상점가,골목형상점가,전라남도,3.0,3.0,,,RESOLVED_AGREEMENT,False,3,,,,
dbc8de60728a429b599d,val,수산물,T2 동의어,q_수산물_03,생선가게,식료품 중 '수산물'을 판매·제공하는 매장,cf1b2ddb-46e4-4583-8dcb-d252157b3f74,안젤로,의류,영등포시장지하도상점가,일반지하상점가,서울특별시,0.0,0.0,,,RESOLVED_AGREEMENT,False,0,,,,
9b046aee016369f68b3b,val,수산물,T2 동의어,q_수산물_03,생선가게,식료품 중 '수산물'을 판매·제공하는 매장,03cbd591-5ee7-4f9b-842e-8dc427925406,신흥상회,어물,상주중앙시장,전통시장,경상북도,3.0,3.0,,,RESOLVED_AGREEMENT,False,3,,,,
8c82afbb6eddfd3c8485,val,수산물,T2 동의어,q_수산물_03,생선가게,식료품 중 '수산물'을 판매·제공하는 매장,00cd5dee-c068-48da-bc58-a704d5fe8832,윤석수산,수산물 활어회 생선 게종류 젓갈 갑각류 해산물 등등,대공원시장,전통시장,대구광역시,3.0,3.0,,,RESOLVED_AGREEMENT,False,3,,,,
75840795b75985f9ef87,val,수산물,T2 동의어,q_수산물_03,생선가게,식료품 중 '수산물'을 판매·제공하는 매장,f6cbfb62-126f-4ef4-8940-f619acab19b6,논산인삼연쇄점,인삼,논산화지중앙시장,전통시장,충청남도,0.0,0.0,,,RESOLVED_AGREEMENT,False,0,,,,
208e9098be1d21fa1fa9,val,수산물,T2 동의어,q_수산물_03,생선가게,식료품 중 '수산물'을 판매·제공하는 매장,8858d4ce-7b97-4269-9680-7aa2b651e8ed,선미네생선가게,생선,북수원시장( 구 파장시장),전통시장,경기도,3.0,3.0,,,RESOLVED_AGREEMENT,False,3,,,,
1c5cd5894eae9cd6e311,val,수산물,T2 동의어,q_수산물_03,생선가게,식료품 중 '수산물'을 판매·제공하는 매장,0004c5f7-95e0-45be-9f06-a705b8113ff0,의창수협67번중도매인,활어,진해 용원어시장상점가,자율상권구역,경상남도,3.0,0.0,,,P1_BINARY_THRESHOLD,True,,,,,
5cccf6002e0a8edcacdf,val,수산물,T2 동의어,q_수산물_03,생선가게,식료품 중 '수산물'을 판매·제공하는 매장,9cdbc05e-dc4f-4e5c-a70e-5213ac6dbdb0,대원수산,생선가게,구룡포시장,전통시장,경상북도,3.0,3.0,,,RESOLVED_AGREEMENT,False,3,,,,
596072671898744fd434,val,수산물,T2 동의어,q_수산물_03,생선가게,식료품 중 '수산물'을 판매·제공하는 매장,008cfdc1-610a-407a-a03b-4c6dae7106f4,주영수산,활어,목포북항상점가,자율상권구역,전라남도,3.0,3.0,,,RESOLVED_AGREEMENT,False,3,,,,
7675bedcec5392b9f48a,val,수산물,T2 동의어,q_수산물_03,생선가게,식료품 중 '수산물'을 판매·제공하는 매장,002e7e87-5677-44ca-85c4-9e5b87e7994f,한양수산,생선,안중시장,전통시장,경기도,3.0,3.0,,,RESOLVED_AGREEMENT,False,3,,,,
b845a1e4bf1fdb5fad4a,val,수산물,T2 동의어,q_수산물_03,생선가게,식료품 중 '수산물'을 판매·제공하는 매장,b4f2186a-46c2-4e3e-9a68-01937776ca2f,연숙이네생선가게,건어물,완도전통시장(완도5일시장),전통시장,전라남도,3.0,3.0,,,RESOLVED_AGREEMENT,False,3,,,,
4836c38504889627cb3c,val,수산물,T2 동의어,q_수산물_03,생선가게,식료품 중 '수산물'을 판매·제공하는 매장,01286ec0-50e0-4540-b678-ec706fb3bcbb,설곰식당,식당,산업용재관,전통시장,대구광역시,1.0,0.0,,,P2_GRADED_ONLY,True,,,,,
aeb1c483dcf600b309cb,val,수산물,T2 동의어,q_수산물_03,생선가게,식료품 중 '수산물'을 판매·제공하는 매장,009b69b5-365a-4958-87e7-f224f253b92a,동문올레횟집,횟집,동문수산시장,전통시장,제주특별자치도,1.0,2.0,,,P1_BINARY_THRESHOLD,True,,,,,
2d3c144cca01c26220da,val,수산물,T2 동의어,q_수산물_03,생선가게,식료품 중 '수산물'을 판매·제공하는 매장,4988d5c0-160c-4264-8841-13e020a8d566,정아네생선가게,생선,웃장,전통시장,전라남도,3.0,3.0,,,RESOLVED_AGREEMENT,False,3,,,,
22a86af4f9cc47b1123b,val,수산물,T2 동의어,q_수산물_03,생선가게,식료품 중 '수산물'을 판매·제공하는 매장,ba43612b-ce92-4c84-98e8-8f3f1ee1b406,푸른생선가게,소매(생선),비단길현대시장,전통시장,서울특별시,3.0,3.0,,,RESOLVED_AGREEMENT,False,3,,,,
058a351428ed2735e170,val,수산물,T2 동의어,q_수산물_03,생선가게,식료품 중 '수산물'을 판매·제공하는 매장,005eb589-94b0-4a7e-b4e4-ef8cf64b0762,스시쿄다이,일식,동홍8번가 골목형상점가,골목형상점가,제주특별자치도,1.0,0.0,,,P2_GRADED_ONLY,True,,,,,
b575bd8e30bf69b3f409,val,수산물,T2 동의어,q_수산물_03,생선가게,식료품 중 '수산물'을 판매·제공하는 매장,00a40df6-e218-4c9e-951f-b2c1a3ee676e,영흥수산,생선,가락몰골목형상점가,골목형상점가,서울특별시,3.0,3.0,,,RESOLVED_AGREEMENT,False,3,,,,
34250f8789f917b2c7a9,val,수산물,T2 동의어,q_수산물_03,생선가게,식료품 중 '수산물'을 판매·제공하는 매장,35cf2d69-ba17-4590-b7f4-44ee2bf423bb,숙이네생선가게,생선,기장시장,전통시장,부산광역시,3.0,3.0,,,RESOLVED_AGREEMENT,False,3,,,,
84f1a53f3ef5f07dd495,val,수산물,T2 동의어,q_수산물_03,생선가게,식료품 중 '수산물'을 판매·제공하는 매장,269ae136-bca9-4912-95ed-c269260ac75e,총각네 생선가게,반건조생선 먹갈치 참조기 병어,목포청호시장,전통시장,전라남도,3.0,3.0,,,RESOLVED_AGREEMENT,False,3,,,,
3c3b73c96d643c886085,val,수산물,T2 동의어,q_수산물_03,생선가게,식료품 중 '수산물'을 판매·제공하는 매장,a9c7f7f1-6f8b-4c45-ac07-e4b894859952,기섭이네생선가게,생선,새마을시장,전통시장,서울특별시,3.0,3.0,,,RESOLVED_AGREEMENT,False,3,,,,
27123e3a1ef8dee9be30,val,수산물,T2 동의어,q_수산물_03,생선가게,식료품 중 '수산물'을 판매·제공하는 매장,1ff7ef01-0006-44c1-9d7c-d0ec93bd917a,우리집생선가게,,익산장(구 북부장),전통시장,전북특별자치도,3.0,3.0,,,RESOLVED_AGREEMENT,False,3,,,,
ac0d1a01f208f637a110,val,수산물,T2 동의어,q_수산물_03,생선가게,식료품 중 '수산물'을 판매·제공하는 매장,010c1855-b46f-4e37-b975-8115c4249b0f,용궁횟집,,자갈치시장,전통시장,부산광역시,3.0,2.0,,,P2_GRADED_ONLY,True,,,,,
e6a97473be310730328c,val,수산물,T2 동의어,q_수산물_03,생선가게,식료품 중 '수산물'을 판매·제공하는 매장,3968be8a-e03e-4a3e-bf45-d6d923a56c75,혜미네 생선가게,수산물,남천해변시장,전통시장,부산광역시,3.0,3.0,,,RESOLVED_AGREEMENT,False,3,,,,
4db35b90c86bcef78b88,val,수산물,T2 동의어,q_수산물_03,생선가게,식료품 중 '수산물'을 판매·제공하는 매장,333fa307-f61c-45a8-a79b-93fff676095e,대명어물,어물,서귀포향토오일시장,전통시장,제주특별자치도,3.0,0.0,,,P1_BINARY_THRESHOLD,True,,,,,
008f76da55a1973acd71,val,수산물,T2 동의어,q_수산물_03,생선가게,식료품 중 '수산물'을 판매·제공하는 매장,00bd252b-19f9-4e9a-bf26-b45280bb84ae,선옥상회,생선,고성 공룡시장,전통시장,경상남도,3.0,3.0,,,RESOLVED_AGREEMENT,False,3,,,,
204a4ecf4f3dac732322,val,수산물,T2 동의어,q_수산물_03,생선가게,식료품 중 '수산물'을 판매·제공하는 매장,0130dbd3-b9ea-43f4-98fd-26d8afd90b78,모래내시장순대,식당,전주모래내시장,전통시장,전북특별자치도,1.0,0.0,,,P2_GRADED_ONLY,True,,,,,
f3717458f9e09621f5f5,val,수산물,T2 동의어,q_수산물_03,생선가게,식료품 중 '수산물'을 판매·제공하는 매장,00356e71-7b15-4a42-be60-f232011707b8,유한회사 덕재건재,건어물,가락몰골목형상점가,골목형상점가,서울특별시,3.0,3.0,,,RESOLVED_AGREEMENT,False,3,,,,
b739cd63b37d7cbca999,val,수산물,T2 동의어,q_수산물_03,생선가게,식료품 중 '수산물'을 판매·제공하는 매장,f2fa327e-e6c8-4be1-80f7-0fafc0eb3d68,생선가게,생선,동문시장,전통시장,충청북도,3.0,3.0,,,RESOLVED_AGREEMENT,False,3,,,,
5494753f66acd7dbb732,val,수산물,T2 동의어,q_수산물_03,생선가게,식료품 중 '수산물'을 판매·제공하는 매장,1377b677-9d21-4a9b-a28e-cb4614aa239d,영산포생선가게,도소매(생선류),마천중앙시장,전통시장,서울특별시,3.0,3.0,,,RESOLVED_AGREEMENT,False,3,,,,
88b70d2cfe030031f316,val,수산물,T2 동의어,q_수산물_03,생선가게,식료품 중 '수산물'을 판매·제공하는 매장,810a21af-d258-40f3-b279-840c9cfc5da6,해양씨위드,수산물,서울중부시장,전통시장,서울특별시,3.0,3.0,,,RESOLVED_AGREEMENT,False,3,,,,
76d0d9508bc4758803dc,val,수산물,T2 동의어,q_수산물_03,생선가게,식료품 중 '수산물'을 판매·제공하는 매장,cc921952-24f7-4097-bab7-badd0a78b573,역전할머니맥주,,배방세교 골목형상점가,골목형상점가,충청남도,0.0,0.0,,,RESOLVED_AGREEMENT,False,0,,,,
13407326099468e54b85,val,수산물,T2 동의어,q_수산물_03,생선가게,식료품 중 '수산물'을 판매·제공하는 매장,001ec0bf-0eda-4aa8-8efc-a90930649cf5,원프룻,농수산물,정이있는 구포시장,전통시장,부산광역시,3.0,3.0,,,RESOLVED_AGREEMENT,False,3,,,,
f53df60ca977c1bf0963,val,수산물,T2 동의어,q_수산물_03,생선가게,식료품 중 '수산물'을 판매·제공하는 매장,3b5143ce-3716-49b5-a448-1e96c800126c,주식회사 자연미트,정육,남부종합시장,전통시장,인천광역시,2.0,3.0,,,P2_GRADED_ONLY,True,,,,,
74ed1f53b1a66a2bd42e,val,수산물,T2 동의어,q_수산물_03,생선가게,식료품 중 '수산물'을 판매·제공하는 매장,c9b22b1d-2077-41cc-bbe5-7c68bf8dc7fb,꼬꼬생선가게,생선,하동 진교공설시장,전통시장,경상남도,3.0,3.0,,,RESOLVED_AGREEMENT,False,3,,,,
caf25cefb9a7be1b1e85,val,수산물,T2 동의어,q_수산물_03,생선가게,식료품 중 '수산물'을 판매·제공하는 매장,315e0ae4-48ca-4462-9a34-92a07f1aceec,봉쌤 생선가게,"신선, 냉동",방어진항 골목형상점가,골목형상점가,울산광역시,2.0,3.0,,,P2_GRADED_ONLY,True,,,,,
b724f64d11ba594a1d84,val,수산물,T2 동의어,q_수산물_03,생선가게,식료품 중 '수산물'을 판매·제공하는 매장,004032ef-2ae7-4e97-ac30-b12a0869e930,시장횟집,횟집,광양매일시장(광양상설시장),전통시장,전라남도,1.0,2.0,,,P1_BINARY_THRESHOLD,True,,,,,
b1e0141a8f5f61571538,val,수산물,T2 동의어,q_수산물_03,생선가게,식료품 중 '수산물'을 판매·제공하는 매장,920c3491-0cdd-40dd-ae6d-73a989df2566,대구생선가게,대구,감포시장,전통시장,경상북도,2.0,3.0,,,P2_GRADED_ONLY,True,,,,,
fb336c13fd5a14d8f151,val,수산물,T2 동의어,q_수산물_03,생선가게,식료품 중 '수산물'을 판매·제공하는 매장,013d58c8-33f8-4dbe-95de-801d22ea9505,민영활어공장 부천자유시장점,"회, 초밥",부천자유시장,전통시장,경기도,1.0,3.0,,,P1_BINARY_THRESHOLD,True,,,,,
6a5de1bf1326ae3e4ab8,val,수산물,T2 동의어,q_수산물_03,생선가게,식료품 중 '수산물'을 판매·제공하는 매장,0019e966-8007-4603-957c-4e9adcd1f05a,부남수산,수산물,서산동부전통시장,전통시장,충청남도,3.0,3.0,,,RESOLVED_AGREEMENT,False,3,,,,
d874eb3c6a780f024030,val,수산물,T2 동의어,q_수산물_03,생선가게,식료품 중 '수산물'을 판매·제공하는 매장,9ec0c0a7-d449-4d9e-898e-f9c06ffa90e5,마을생선가게,수산물,새마을시장,전통시장,서울특별시,3.0,3.0,,,RESOLVED_AGREEMENT,False,3,,,,
fce324a756417b521a97,val,수산물,T2 동의어,q_수산물_03,생선가게,식료품 중 '수산물'을 판매·제공하는 매장,ab92020b-1fa3-4351-9322-28a848b6d0f5,우리동네 생선가게,생선,장터길 골목형상점가,골목형상점가,경기도,3.0,3.0,,,RESOLVED_AGREEMENT,False,3,,,,
d50daed50a7993711fe3,val,수산물,T2 동의어,q_수산물_03,생선가게,식료품 중 '수산물'을 판매·제공하는 매장,0333f16c-ff56-4e80-a1c7-dd77a81300df,로봇초밥마켓 과천래미안점,초밥,과천슈르탑 골목형상점가,골목형상점가,경기도,1.0,0.0,,,P2_GRADED_ONLY,True,,,,,
586626335ab7beb90daf,val,수산물,T2 동의어,q_수산물_03,생선가게,식료품 중 '수산물'을 판매·제공하는 매장,3a51a8da-a810-424e-882d-f9d4cc6f0b31,생선가게,수산물,우림골목시장,전통시장,서울특별시,3.0,3.0,,,RESOLVED_AGREEMENT,False,3,,,,
0364917901342e259d38,val,수산물,T2 동의어,q_수산물_03,생선가게,식료품 중 '수산물'을 판매·제공하는 매장,e671a54b-686e-448b-9474-308ac2f4cef9,영희네 생선가게,생선,울산번개시장,전통시장,울산광역시,3.0,3.0,,,RESOLVED_AGREEMENT,False,3,,,,
9efedee2ae10363e3524,val,수산물,T2 동의어,q_수산물_03,생선가게,식료품 중 '수산물'을 판매·제공하는 매장,d1d0cdb1-b639-47fe-b21b-ba07127e8327,쿨가이첨단2지구점,아이스크림,첨단2지구 골목형상점가,골목형상점가,광주광역시,0.0,0.0,,,RESOLVED_AGREEMENT,False,0,,,,
9900260c5ef3946a53ec,val,수산물,T2 동의어,q_수산물_03,생선가게,식료품 중 '수산물'을 판매·제공하는 매장,d7de8ae7-f6c3-4fd5-bd32-3466898897f7,컴포즈커피 신매시장점,커피 외,신매시장,전통시장,대구광역시,0.0,0.0,,,RESOLVED_AGREEMENT,False,0,,,,
dfcb72287ff205eddd6d,val,수산물,T2 동의어,q_수산물_03,생선가게,식료품 중 '수산물'을 판매·제공하는 매장,30d5afbc-fd4b-49bb-9e1c-2469652e5921,추씨어물점,어물,영천공설시장,전통시장,경상북도,3.0,0.0,,,P1_BINARY_THRESHOLD,True,,,,,
e84f69d904734941dce1,val,수산물,T2 동의어,q_수산물_03,생선가게,식료품 중 '수산물'을 판매·제공하는 매장,005429a3-030e-492f-973c-1d5842eeac56,미래횟집,활어,사천 삼천포용궁수산시장,전통시장,경상남도,3.0,2.0,,,P2_GRADED_ONLY,True,,,,,
6d2a0d7ffe7ce3d58c90,val,수산물,T2 동의어,q_수산물_03,생선가게,식료품 중 '수산물'을 판매·제공하는 매장,00445369-fa3a-4cd3-ae3a-6564876f4199,용수상회,수산물,서문시장건해산물상가,전통시장,대구광역시,3.0,3.0,,,RESOLVED_AGREEMENT,False,3,,,,
28b9153db9e3cf7d3dd5,val,수산물,T2 동의어,q_수산물_03,생선가게,식료품 중 '수산물'을 판매·제공하는 매장,00779863-22b7-4378-adca-42362eff7e3f,장복횟집.수산,생선회,"안면도수산시장(구, 안면도장터)",전통시장,충청남도,3.0,3.0,,,RESOLVED_AGREEMENT,False,3,,,,
fc41fd2dd1acb2aa9eed,val,수산물,T2 동의어,q_수산물_03,생선가게,식료품 중 '수산물'을 판매·제공하는 매장,7aa43293-3821-4031-a9b1-451f1348f433,동네생선가게,수산물,풍암벚꽃길상인회 골목형상점가,골목형상점가,광주광역시,3.0,3.0,,,RESOLVED_AGREEMENT,False,3,,,,
04b65bf568d878977921,val,수산물,T2 동의어,q_수산물_03,생선가게,식료품 중 '수산물'을 판매·제공하는 매장,009fbffe-11b3-4eba-b65a-696f4f59f079,인어횟집,횟집,목포북항상점가,자율상권구역,전라남도,1.0,2.0,,,P1_BINARY_THRESHOLD,True,,,,,
bcfda60d4a5be27a60cb,val,수산물,T2 동의어,q_수산물_03,생선가게,식료품 중 '수산물'을 판매·제공하는 매장,f72a0ccb-f9fe-4883-96d7-3d5a672c82e2,삼촌네 생선가게,"생선, 어패류",목포동부시장,전통시장,전라남도,3.0,3.0,,,RESOLVED_AGREEMENT,False,3,,,,
14ef50463c9adcabd963,val,수산물,T2 동의어,q_수산물_03,생선가게,식료품 중 '수산물'을 판매·제공하는 매장,004d071d-dda6-41e4-9fcb-7c74c8f8ef0f,영남상회,건어물,수영팔도시장(구 수영팔도상가시장),전통시장,부산광역시,3.0,3.0,,,RESOLVED_AGREEMENT,False,3,,,,
971339e7db70cbd62b99,val,수산물,T2 동의어,q_수산물_03,생선가게,식료품 중 '수산물'을 판매·제공하는 매장,016ddf29-de07-40e1-a642-8c2a45a6f19d,연희어시장,횟집,연희로 골목형상점가,골목형상점가,인천광역시,1.0,2.0,,,P1_BINARY_THRESHOLD,True,,,,,
c8efc436dd982e9f6788,val,수산물,T2 동의어,q_수산물_03,생선가게,식료품 중 '수산물'을 판매·제공하는 매장,0016aa1a-5730-45a0-b427-06b0f51fc005,든든한밥상,농수산물,화산면 골목형상점가,골목형상점가,전라남도,3.0,3.0,,,RESOLVED_AGREEMENT,False,3,,,,
66535cf3da5760bee9ec,val,수산물,T2 동의어,q_수산물_03,생선가게,식료품 중 '수산물'을 판매·제공하는 매장,01afaafa-2a46-4977-8015-55762957ee7a,다래초밥,초밥,동문동 골목형상점가,골목형상점가,충청남도,1.0,0.0,,,P2_GRADED_ONLY,True,,,,,
83e80ee110fabe68cae1,val,수산물,T2 동의어,q_수산물_03,생선가게,식료품 중 '수산물'을 판매·제공하는 매장,65119698-0626-42bb-a45c-4dd819846c06,욱이네 생선가게,생선,조원시장,전통시장,경기도,3.0,3.0,,,RESOLVED_AGREEMENT,False,3,,,,
a3a2046742b0b933baa0,val,수산물,T2 동의어,q_수산물_03,생선가게,식료품 중 '수산물'을 판매·제공하는 매장,4b72e8f8-17b1-4bea-ba72-fb03413724d8,우리동네 생선가게,수산물,삼례상점가,자율상권구역,전북특별자치도,3.0,3.0,,,RESOLVED_AGREEMENT,False,3,,,,
e38f7c4affe3cb98af30,val,수산물,T2 동의어,q_수산물_03,생선가게,식료품 중 '수산물'을 판매·제공하는 매장,00fcc68d-3086-4b45-b998-f3763e8dbf7d,꼬치마요 산본역점(9호점),일식,산본로데오거리(구 산본중심상가),자율상권구역,경기도,1.0,0.0,,,P2_GRADED_ONLY,True,,,,,
2f093ec999f11aea4ae0,val,수산물,T2 동의어,q_수산물_03,생선가게,식료품 중 '수산물'을 판매·제공하는 매장,00ba389b-e522-4da5-ac26-2ffaf33359ec,스시노유키,초밥,산본로데오거리(구 산본중심상가),자율상권구역,경기도,1.0,0.0,,,P2_GRADED_ONLY,True,,,,,
9f3e5030894625dda544,val,수산물,T2 동의어,q_수산물_03,생선가게,식료품 중 '수산물'을 판매·제공하는 매장,f55141e1-86e1-45e2-bbba-4de8ddf45164,이씨네생선가게,수산물,서산동부전통시장,전통시장,충청남도,3.0,3.0,,,RESOLVED_AGREEMENT,False,3,,,,
0db3592cc55f4ef6a0eb,val,수산물,T2 동의어,q_수산물_03,생선가게,식료품 중 '수산물'을 판매·제공하는 매장,372fe992-c835-4e24-b41b-79dc5cd86284,죽은척하는생선가게,수산물,사직시장,전통시장,부산광역시,3.0,3.0,,,RESOLVED_AGREEMENT,False,3,,,,
b93f9471a94c7a5871c5,val,수산물,T2 동의어,q_수산물_03,생선가게,식료품 중 '수산물'을 판매·제공하는 매장,00298213-17ea-453a-b6e6-375d9ef636b6,대양농수산,농수산물,부평깡시장,전통시장,인천광역시,3.0,3.0,,,RESOLVED_AGREEMENT,False,3,,,,
eee78e79ef5492e7a79f,val,수산물,T2 동의어,q_수산물_03,생선가게,식료품 중 '수산물'을 판매·제공하는 매장,11e2c3e3-d170-49d6-bc52-77d4f5daef55,찌니네 생선가게,수산물,덕풍전통시장,전통시장,경기도,3.0,3.0,,,RESOLVED_AGREEMENT,False,3,,,,
42390f16b3fda9befd2d,val,수산물,T2 동의어,q_수산물_03,생선가게,식료품 중 '수산물'을 판매·제공하는 매장,007aece5-08b8-4eb0-b4c6-18d451eadcfd,영남상회,건어물,동쪽바다중앙시장(구 동해중앙시장),전통시장,강원특별자치도,3.0,3.0,,,RESOLVED_AGREEMENT,False,3,,,,
051ba377e55543caa57a,val,수산물,T2 동의어,q_수산물_03,생선가게,식료품 중 '수산물'을 판매·제공하는 매장,02154607-4d89-4ae5-ad98-7452ebaf1baf,김해할매생선가게,생선,수영팔도시장(구 수영팔도상가시장),전통시장,부산광역시,3.0,3.0,,,RESOLVED_AGREEMENT,False,3,,,,
13fcd6715ed829938ea3,val,수산물,T2 동의어,q_수산물_03,생선가게,식료품 중 '수산물'을 판매·제공하는 매장,00ac75c4-6e3f-4d23-8a6a-1dc8ba294b85,우진수산,"수산물, 활어",효자시장,전통시장,경상북도,3.0,3.0,,,RESOLVED_AGREEMENT,False,3,,,,
b32e3e9b794b409171ee,val,수산물,T2 동의어,q_수산물_03,생선가게,식료품 중 '수산물'을 판매·제공하는 매장,5a1261cc-3882-4c42-8f25-6b1092b5ee20,생선가게,생선,중리시장,전통시장,대전광역시,3.0,3.0,,,RESOLVED_AGREEMENT,False,3,,,,
b5fa4ef41bea5e46a999,val,수산물,T2 동의어,q_수산물_03,생선가게,식료품 중 '수산물'을 판매·제공하는 매장,704fe731-e3fd-42ac-bdf6-95beed55dda9,지민이네생선가게,선어,강릉성남시장,전통시장,강원특별자치도,2.0,3.0,,,P2_GRADED_ONLY,True,,,,,
baf0f62e345dc3335fa4,val,수산물,T2 동의어,q_수산물_03,생선가게,식료품 중 '수산물'을 판매·제공하는 매장,038f89c5-a204-4c80-9e31-9d22a3ba4c95,연스시,초밥,노은역 골목형상점가,골목형상점가,대전광역시,1.0,0.0,,,P2_GRADED_ONLY,True,,,,,
209f9577855513863ac2,val,수산물,T2 동의어,q_수산물_03,생선가게,식료품 중 '수산물'을 판매·제공하는 매장,9518f00a-5b47-4212-af27-954d31e6b8cf,지연이네생선가게,생선,고성시장,전통시장,경상남도,3.0,3.0,,,RESOLVED_AGREEMENT,False,3,,,,
f699dd95f2f73e357aec,val,수산물,T2 동의어,q_수산물_03,생선가게,식료품 중 '수산물'을 판매·제공하는 매장,00e04e3d-cb00-4d64-a13d-a9c02f9a4fc8,대림수산,활어,자갈치시장,전통시장,부산광역시,3.0,3.0,,,RESOLVED_AGREEMENT,False,3,,,,
8e1d1719a49276733e9c,val,수산물,T2 동의어,q_수산물_03,생선가게,식료품 중 '수산물'을 판매·제공하는 매장,00a0d437-836b-453d-b15e-55fbf7dc8460,대박수산,생선,청주육거리종합시장,전통시장,충청북도,3.0,3.0,,,RESOLVED_AGREEMENT,False,3,,,,
6bbda8d926a627b40b22,val,수산물,T2 동의어,q_수산물_03,생선가게,식료품 중 '수산물'을 판매·제공하는 매장,000d55be-8181-4f45-827e-52082b2ae284,명희유통,건어물,성북시장,전통시장,부산광역시,3.0,3.0,,,RESOLVED_AGREEMENT,False,3,,,,
9db5f25ccb9969c697e5,val,수산물,T2 동의어,q_수산물_03,생선가게,식료품 중 '수산물'을 판매·제공하는 매장,00cc4859-307a-43ef-9654-2f6aa6fc404d,서산상회,생선,노량진수산시장골목형상점가,골목형상점가,서울특별시,3.0,3.0,,,RESOLVED_AGREEMENT,False,3,,,,
ec8f32ef97cb2613c0e2,val,수산물,T2 동의어,q_수산물_03,생선가게,식료품 중 '수산물'을 판매·제공하는 매장,494dd44d-a48b-4c25-8282-722d14fa5c6c,린다데코,,포천리빙가구상점가,자율상권구역,경기도,,0.0,Y,,P0_UNCERTAIN_OR_MISSING,True,,,,,
3c8aea59424f8a13939b,val,수산물,T2 동의어,q_수산물_03,생선가게,식료품 중 '수산물'을 판매·제공하는 매장,3526958d-da64-4c90-a75c-c55162fbe0d3,최씨어물전,,영천공설시장,전통시장,경상북도,3.0,0.0,,,P1_BINARY_THRESHOLD,True,,,,,
1999269bf6a22a116a85,val,수산물,T2 동의어,q_수산물_03,생선가게,식료품 중 '수산물'을 판매·제공하는 매장,ca67df90-fe23-47c1-a015-2e69d3ac46f1,싱싱하고88한생선가게,생선,일신시장(舊 부일종합시장),전통시장,인천광역시,3.0,3.0,,,RESOLVED_AGREEMENT,False,3,,,,
895f9291289cf9969c6e,val,수산물,T2 동의어,q_수산물_03,생선가게,식료품 중 '수산물'을 판매·제공하는 매장,9fa7ac32-a0de-4b31-9ce7-c6264a82e287,싱싱한생선가게,수산물,자양전통시장,전통시장,서울특별시,3.0,3.0,,,RESOLVED_AGREEMENT,False,3,,,,
14b17d7e775fa2f088f6,val,수산물,T2 동의어,q_수산물_03,생선가게,식료품 중 '수산물'을 판매·제공하는 매장,b6feb932-ddba-4f6a-a495-259a91b539a1,동하생선가게,,화곡 초록맛거리 골목형상점가,골목형상점가,서울특별시,3.0,3.0,,,RESOLVED_AGREEMENT,False,3,,,,
94fe7986b38ff27ceff1,val,수산물,T2 동의어,q_수산물_03,생선가게,식료품 중 '수산물'을 판매·제공하는 매장,97d47447-4ba7-4704-af74-b8879bb34e90,동하 생선가게,생선화 매운탕,효실천거리 골목형상점가,골목형상점가,인천광역시,3.0,3.0,,,RESOLVED_AGREEMENT,False,3,,,,
cd1a9040a0e2424a7f5c,val,수산물,T2 동의어,q_수산물_03,생선가게,식료품 중 '수산물'을 판매·제공하는 매장,00f60c16-d8be-497f-80f2-aab3209a8d0e,포카포카,식당,전남여고후문 골목형상점가,골목형상점가,광주광역시,1.0,0.0,,,P2_GRADED_ONLY,True,,,,,
66a585a60e7d67820490,val,수산물,T2 동의어,q_수산물_03,생선가게,식료품 중 '수산물'을 판매·제공하는 매장,0bf687ec-4ea8-4932-a2c4-401f28aab97f,중앙어물,어물,모슬포 중앙시장,전통시장,제주특별자치도,3.0,0.0,,,P1_BINARY_THRESHOLD,True,,,,,
4c5bb08483765a2dc819,val,수산물,T2 동의어,q_수산물_03,생선가게,식료품 중 '수산물'을 판매·제공하는 매장,00527b0b-893c-4d64-862e-3ef8113d07fb,해선언니네,건어물,용상공설시장,전통시장,경상북도,3.0,3.0,,,RESOLVED_AGREEMENT,False,3,,,,
71b10b7514591f79e11b,val,수산물,T2 동의어,q_수산물_03,생선가게,식료품 중 '수산물'을 판매·제공하는 매장,ec325e17-e85e-4e60-956f-27129badaf0f,승원네생선가게,"생선, 건어물",울진후포시장,전통시장,경상북도,3.0,3.0,,,RESOLVED_AGREEMENT,False,3,,,,
b60316bad84fddfe7714,val,수산물,T2 동의어,q_수산물_03,생선가게,식료품 중 '수산물'을 판매·제공하는 매장,5cce312c-16d3-467d-aeba-6b784f390ec0,주영이네생선가게,생선,창원 명서시장,전통시장,경상남도,3.0,3.0,,,RESOLVED_AGREEMENT,False,3,,,,
d8418b902d95c1b98951,val,수산물,T2 동의어,q_수산물_04,어물전,식료품 중 '수산물'을 판매·제공하는 매장,a7dad267-ed01-4978-a5b1-29bbbe2fbe1a,행복전,전,인덕원 골목형상점가,골목형상점가,경기도,0.0,0.0,,,RESOLVED_AGREEMENT,False,0,,,,
b71d84342a5a5ab4831a,val,수산물,T2 동의어,q_수산물_04,어물전,식료품 중 '수산물'을 판매·제공하는 매장,338c4b89-884f-4073-9f62-a9d69310125c,건어물식탁,어묵 건어물,창원 도계부부시장,전통시장,경상남도,3.0,3.0,,,RESOLVED_AGREEMENT,False,3,,,,
f2c9765a4b564598c46f,val,수산물,T2 동의어,q_수산물_04,어물전,식료품 중 '수산물'을 판매·제공하는 매장,41fe454e-8f96-413d-b59e-53d6a314299f,전투전,,뚝섬로52길 골목형상점가,골목형상점가,서울특별시,,0.0,Y,,P0_UNCERTAIN_OR_MISSING,True,,,,,
58f10dbfa60d32e10b72,val,수산물,T2 동의어,q_수산물_04,어물전,식료품 중 '수산물'을 판매·제공하는 매장,0019e966-8007-4603-957c-4e9adcd1f05a,부남수산,수산물,서산동부전통시장,전통시장,충청남도,3.0,3.0,,,RESOLVED_AGREEMENT,False,3,,,,
0faaedba2c65a80f64b9,val,수산물,T2 동의어,q_수산물_04,어물전,식료품 중 '수산물'을 판매·제공하는 매장,005eb589-94b0-4a7e-b4e4-ef8cf64b0762,스시쿄다이,일식,동홍8번가 골목형상점가,골목형상점가,제주특별자치도,1.0,0.0,,,P2_GRADED_ONLY,True,,,,,
7ffa989d191cdcf56cc5,val,수산물,T2 동의어,q_수산물_04,어물전,식료품 중 '수산물'을 판매·제공하는 매장,00ac75c4-6e3f-4d23-8a6a-1dc8ba294b85,우진수산,"수산물, 활어",효자시장,전통시장,경상북도,3.0,3.0,,,RESOLVED_AGREEMENT,False,3,,,,
f73bf5b11ea52903ed39,val,수산물,T2 동의어,q_수산물_04,어물전,식료품 중 '수산물'을 판매·제공하는 매장,007aece5-08b8-4eb0-b4c6-18d451eadcfd,영남상회,건어물,동쪽바다중앙시장(구 동해중앙시장),전통시장,강원특별자치도,3.0,3.0,,,RESOLVED_AGREEMENT,False,3,,,,
75aee731eeea2c331516,val,수산물,T2 동의어,q_수산물_04,어물전,식료품 중 '수산물'을 판매·제공하는 매장,00cc4859-307a-43ef-9654-2f6aa6fc404d,서산상회,생선,노량진수산시장골목형상점가,골목형상점가,서울특별시,3.0,3.0,,,RESOLVED_AGREEMENT,False,3,,,,
ab003c2883a8cb159300,val,수산물,T2 동의어,q_수산물_04,어물전,식료품 중 '수산물'을 판매·제공하는 매장,5cc63239-5120-4c51-9636-3f2aa65a8e53,어전,반건조생선,마산어시장,전통시장,경상남도,3.0,3.0,,,RESOLVED_AGREEMENT,False,3,,,,
45b66cb6464715da65a9,val,수산물,T2 동의어,q_수산물_04,어물전,식료품 중 '수산물'을 판매·제공하는 매장,0db3d76a-f3b4-40d5-9063-2fe82eb8cb46,희제어물전,생선,영천공설시장,전통시장,경상북도,3.0,3.0,,,RESOLVED_AGREEMENT,False,3,,,,
ffd152cbfd3569a05b9b,val,수산물,T2 동의어,q_수산물_04,어물전,식료품 중 '수산물'을 판매·제공하는 매장,00356e71-7b15-4a42-be60-f232011707b8,유한회사 덕재건재,건어물,가락몰골목형상점가,골목형상점가,서울특별시,3.0,3.0,,,RESOLVED_AGREEMENT,False,3,,,,
47e73b93ad932b63729d,val,수산물,T2 동의어,q_수산물_04,어물전,식료품 중 '수산물'을 판매·제공하는 매장,238248cd-cb28-43e0-a216-13196ab4c31f,파크랜드 성서점,남성복,성서와룡시장,전통시장,대구광역시,0.0,0.0,,,RESOLVED_AGREEMENT,False,0,,,,
829c3f147bca3efa53af,val,수산물,T2 동의어,q_수산물_04,어물전,식료품 중 '수산물'을 판매·제공하는 매장,00fcc68d-3086-4b45-b998-f3763e8dbf7d,꼬치마요 산본역점(9호점),일식,산본로데오거리(구 산본중심상가),자율상권구역,경기도,1.0,0.0,,,P2_GRADED_ONLY,True,,,,,
e50d9e8d26ee90242b91,val,수산물,T2 동의어,q_수산물_04,어물전,식료품 중 '수산물'을 판매·제공하는 매장,e1ad3ca3-cf91-4f36-bc04-9cc5efa2e8d1,어시장건어물,건어물,백사장항 골목형상점가,골목형상점가,충청남도,3.0,3.0,,,RESOLVED_AGREEMENT,False,3,,,,
3f4af48b11c972598525,val,수산물,T2 동의어,q_수산물_04,어물전,식료품 중 '수산물'을 판매·제공하는 매장,1600edbf-70e4-4635-b257-c0f404981314,어쿱,,과천중앙동상점가,자율상권구역,경기도,,0.0,Y,,P0_UNCERTAIN_OR_MISSING,True,,,,,
54989c8a4caf2ad559fe,val,수산물,T2 동의어,q_수산물_04,어물전,식료품 중 '수산물'을 판매·제공하는 매장,bc33a7de-3af4-4fbe-8a85-28c642e82231,상주건어물,건어물,평화 골목장 골목형상점가,골목형상점가,대구광역시,3.0,3.0,,,RESOLVED_AGREEMENT,False,3,,,,
78a270047ad15698cd31,val,수산물,T2 동의어,q_수산물_04,어물전,식료품 중 '수산물'을 판매·제공하는 매장,c61bfcd5-810b-468b-bad8-d5cdf5b33e54,어진수산,건어물,산본전통시장(구 군포산본시장),전통시장,경기도,3.0,3.0,,,RESOLVED_AGREEMENT,False,3,,,,
d8230a6501d62cc1df13,val,수산물,T2 동의어,q_수산물_04,어물전,식료품 중 '수산물'을 판매·제공하는 매장,3f359470-926e-4074-91b1-02f620ccfa3a,양산어물전,생선,양산 남부시장,전통시장,경상남도,3.0,3.0,,,RESOLVED_AGREEMENT,False,3,,,,
b6bc14f30933ea21116c,val,수산물,T2 동의어,q_수산물_04,어물전,식료품 중 '수산물'을 판매·제공하는 매장,038f89c5-a204-4c80-9e31-9d22a3ba4c95,연스시,초밥,노은역 골목형상점가,골목형상점가,대전광역시,1.0,0.0,,,P2_GRADED_ONLY,True,,,,,
b41e1088788e2344197e,val,수산물,T2 동의어,q_수산물_04,어물전,식료품 중 '수산물'을 판매·제공하는 매장,00e04e3d-cb00-4d64-a13d-a9c02f9a4fc8,대림수산,활어,자갈치시장,전통시장,부산광역시,3.0,3.0,,,RESOLVED_AGREEMENT,False,3,,,,
322ff20955eef8ab4d41,val,수산물,T2 동의어,q_수산물_04,어물전,식료품 중 '수산물'을 판매·제공하는 매장,00445369-fa3a-4cd3-ae3a-6564876f4199,용수상회,수산물,서문시장건해산물상가,전통시장,대구광역시,3.0,3.0,,,RESOLVED_AGREEMENT,False,3,,,,
8eac5b1337357af836bd,val,수산물,T2 동의어,q_수산물_04,어물전,식료품 중 '수산물'을 판매·제공하는 매장,0130dbd3-b9ea-43f4-98fd-26d8afd90b78,모래내시장순대,식당,전주모래내시장,전통시장,전북특별자치도,1.0,0.0,,,P2_GRADED_ONLY,True,,,,,
ad0a644e0a3c18234cd6,val,수산물,T2 동의어,q_수산물_04,어물전,식료품 중 '수산물'을 판매·제공하는 매장,004d071d-dda6-41e4-9fcb-7c74c8f8ef0f,영남상회,건어물,수영팔도시장(구 수영팔도상가시장),전통시장,부산광역시,3.0,3.0,,,RESOLVED_AGREEMENT,False,3,,,,
18e721ff835c54f26a84,val,수산물,T2 동의어,q_수산물_04,어물전,식료품 중 '수산물'을 판매·제공하는 매장,f0a0b70c-3ccf-4c11-9de7-4d99bc0e6bf7,두껍전,,삼사 골목형상점가,골목형상점가,전북특별자치도,,0.0,Y,,P0_UNCERTAIN_OR_MISSING,True,,,,,
cb789fdfc2706b276059,val,수산물,T2 동의어,q_수산물_04,어물전,식료품 중 '수산물'을 판매·제공하는 매장,4b5f164e-ba5e-44e8-9b2d-0c23b43397b8,영일상회,활어,민락회타운시장,전통시장,부산광역시,3.0,3.0,,,RESOLVED_AGREEMENT,False,3,,,,
e3ce814b7e312747ecbd,val,수산물,T2 동의어,q_수산물_04,어물전,식료품 중 '수산물'을 판매·제공하는 매장,00bd252b-19f9-4e9a-bf26-b45280bb84ae,선옥상회,생선,고성 공룡시장,전통시장,경상남도,3.0,3.0,,,RESOLVED_AGREEMENT,False,3,,,,
3b5172df2aa643f15352,val,수산물,T2 동의어,q_수산물_04,어물전,식료품 중 '수산물'을 판매·제공하는 매장,604e20c0-337a-49e6-8ff8-3ef6cc11fa98,어전,한식 활어회,범어식주가무명인골목 골목형상점가,골목형상점가,대구광역시,3.0,3.0,,,RESOLVED_AGREEMENT,False,3,,,,
450f11d55ed5c3887e91,val,수산물,T2 동의어,q_수산물_04,어물전,식료품 중 '수산물'을 판매·제공하는 매장,d1f391e7-3955-452f-8129-99b8f704b496,신어물전,식품잡화,세병호 골목형상점가,골목형상점가,전북특별자치도,2.0,0.0,,,P1_BINARY_THRESHOLD,True,,,,,
1e2a0698511527688853,val,수산물,T2 동의어,q_수산물_04,어물전,식료품 중 '수산물'을 판매·제공하는 매장,005429a3-030e-492f-973c-1d5842eeac56,미래횟집,활어,사천 삼천포용궁수산시장,전통시장,경상남도,3.0,2.0,,,P2_GRADED_ONLY,True,,,,,
3b12ab3e9996c63fb6cf,val,수산물,T2 동의어,q_수산물_04,어물전,식료품 중 '수산물'을 판매·제공하는 매장,009b69b5-365a-4958-87e7-f224f253b92a,동문올레횟집,횟집,동문수산시장,전통시장,제주특별자치도,1.0,2.0,,,P1_BINARY_THRESHOLD,True,,,,,
51293cf17c503304b0e2,val,수산물,T2 동의어,q_수산물_04,어물전,식료품 중 '수산물'을 판매·제공하는 매장,016ddf29-de07-40e1-a642-8c2a45a6f19d,연희어시장,횟집,연희로 골목형상점가,골목형상점가,인천광역시,1.0,2.0,,,P1_BINARY_THRESHOLD,True,,,,,
4bf899d99627d2b87ccb,val,수산물,T2 동의어,q_수산물_04,어물전,식료품 중 '수산물'을 판매·제공하는 매장,b29b268a-8ff4-48c1-b046-ff2d41164d50,곱전,,쌍용레이단길 골목형상점가,골목형상점가,부산광역시,,0.0,Y,,P0_UNCERTAIN_OR_MISSING,True,,,,,
50a1cd1373c4005c46c3,val,수산물,T2 동의어,q_수산물_04,어물전,식료품 중 '수산물'을 판매·제공하는 매장,ac0c83ff-ddc4-4d20-a422-bda35c7e5abc,갑전,의류,부산진시장,전통시장,부산광역시,0.0,0.0,,,RESOLVED_AGREEMENT,False,0,,,,
6b3cc26ac6a9702e732c,val,수산물,T2 동의어,q_수산물_04,어물전,식료품 중 '수산물'을 판매·제공하는 매장,00527b0b-893c-4d64-862e-3ef8113d07fb,해선언니네,건어물,용상공설시장,전통시장,경상북도,3.0,3.0,,,RESOLVED_AGREEMENT,False,3,,,,
41dc7ce7473c2d870f1a,val,수산물,T2 동의어,q_수산물_04,어물전,식료품 중 '수산물'을 판매·제공하는 매장,89adecec-586e-45cb-8077-d970c3e92666,청통어물전,,영천공설시장,전통시장,경상북도,3.0,0.0,,,P1_BINARY_THRESHOLD,True,,,,,
42cf9752029cdf6ebba8,val,수산물,T2 동의어,q_수산물_04,어물전,식료품 중 '수산물'을 판매·제공하는 매장,2fe38cf9-f0a2-4965-8e45-12ca069faf78,어쩌다 건어물,건어물,신정상가시장,전통시장,울산광역시,3.0,3.0,,,RESOLVED_AGREEMENT,False,3,,,,
778704a1b354f4e5b3ed,val,수산물,T2 동의어,q_수산물_04,어물전,식료품 중 '수산물'을 판매·제공하는 매장,008cfdc1-610a-407a-a03b-4c6dae7106f4,주영수산,활어,목포북항상점가,자율상권구역,전라남도,3.0,3.0,,,RESOLVED_AGREEMENT,False,3,,,,
7b340cc1f55d5be7570a,val,수산물,T2 동의어,q_수산물_04,어물전,식료품 중 '수산물'을 판매·제공하는 매장,00cd5dee-c068-48da-bc58-a704d5fe8832,윤석수산,수산물 활어회 생선 게종류 젓갈 갑각류 해산물 등등,대공원시장,전통시장,대구광역시,3.0,3.0,,,RESOLVED_AGREEMENT,False,3,,,,
e1b1cae85e404627bbfb,val,수산물,T2 동의어,q_수산물_04,어물전,식료품 중 '수산물'을 판매·제공하는 매장,a795c9e9-44a6-489b-bfff-fe7c659471d0,상호명없음,어물점,황룡시장,전통시장,전라남도,3.0,0.0,,,P1_BINARY_THRESHOLD,True,,,,,
5082e181fa6ad8a71678,val,수산물,T2 동의어,q_수산물_04,어물전,식료품 중 '수산물'을 판매·제공하는 매장,b7ac7161-dc81-490d-b15e-9926d45331c0,명성철물전기,,명장중앙 골목형상점가,골목형상점가,부산광역시,0.0,0.0,,,RESOLVED_AGREEMENT,False,0,,,,
48a0689c1de7c18be1a5,val,수산물,T2 동의어,q_수산물_04,어물전,식료품 중 '수산물'을 판매·제공하는 매장,7d133fff-7598-4413-96df-0a60affaf815,전주전,전,장안마실골목형상점가,골목형상점가,서울특별시,0.0,0.0,,,RESOLVED_AGREEMENT,False,0,,,,
2bd8df28ed8ea2685d5a,val,수산물,T2 동의어,q_수산물_04,어물전,식료품 중 '수산물'을 판매·제공하는 매장,0016aa1a-5730-45a0-b427-06b0f51fc005,든든한밥상,농수산물,화산면 골목형상점가,골목형상점가,전라남도,3.0,3.0,,,RESOLVED_AGREEMENT,False,3,,,,
749cc84b7e1a575968c0,val,수산물,T2 동의어,q_수산물_04,어물전,식료품 중 '수산물'을 판매·제공하는 매장,005b2fb8-4beb-46c2-817d-e67091627f11,어물전,음식,공덕시장,전통시장,서울특별시,2.0,0.0,,,P1_BINARY_THRESHOLD,True,,,,,
5d90c8520d942d44c639,val,수산물,T2 동의어,q_수산물_04,어물전,식료품 중 '수산물'을 판매·제공하는 매장,3fecfb00-c060-4084-a71f-1df36dad68fa,김제육전,전,김제전통시장,전통시장,전북특별자치도,0.0,3.0,,,P1_BINARY_THRESHOLD,True,,,,,
429d0c310319aacec655,val,수산물,T2 동의어,q_수산물_04,어물전,식료품 중 '수산물'을 판매·제공하는 매장,0027eaf6-093b-4df4-9457-4f1081537ff3,충무꼭지횟집,횟집,초량전통시장,전통시장,부산광역시,1.0,2.0,,,P1_BINARY_THRESHOLD,True,,,,,
299413f15ce7e42d570d,val,수산물,T2 동의어,q_수산물_04,어물전,식료품 중 '수산물'을 판매·제공하는 매장,3244f64c-059a-4f50-86f8-fa6cb15c5ac8,노릇당,전,건국다복 골목형상점가,골목형상점가,광주광역시,0.0,0.0,,,RESOLVED_AGREEMENT,False,0,,,,
a2c0c55471a85d1b8ed6,val,수산물,T2 동의어,q_수산물_04,어물전,식료품 중 '수산물'을 판매·제공하는 매장,65000dfc-cb5a-4ec3-b3f5-ac6ecfde69c6,합정전,전,합정동먹자골목골목형상점가,골목형상점가,서울특별시,0.0,0.0,,,RESOLVED_AGREEMENT,False,0,,,,
2940025dd485ddeab893,val,수산물,T2 동의어,q_수산물_04,어물전,식료품 중 '수산물'을 판매·제공하는 매장,80707d14-cc50-4ac0-b19e-c27515a4f6b2,어사또,건어물,부천자유시장,전통시장,경기도,3.0,3.0,,,RESOLVED_AGREEMENT,False,3,,,,
b2fcf8bb0853b467ab1d,val,수산물,T2 동의어,q_수산물_04,어물전,식료품 중 '수산물'을 판매·제공하는 매장,b2fad800-d1be-4d17-98b5-e459d51a53f7,어물전,생선,태화시장,전통시장,울산광역시,3.0,3.0,,,RESOLVED_AGREEMENT,False,3,,,,
6ad2844c9935b577f05f,val,수산물,T2 동의어,q_수산물_04,어물전,식료품 중 '수산물'을 판매·제공하는 매장,000d55be-8181-4f45-827e-52082b2ae284,명희유통,건어물,성북시장,전통시장,부산광역시,3.0,3.0,,,RESOLVED_AGREEMENT,False,3,,,,
b8f9b805a3313fb0a4ca,val,수산물,T2 동의어,q_수산물_04,어물전,식료품 중 '수산물'을 판매·제공하는 매장,01286ec0-50e0-4540-b678-ec706fb3bcbb,설곰식당,식당,산업용재관,전통시장,대구광역시,1.0,0.0,,,P2_GRADED_ONLY,True,,,,,
a8c8ccc3a995dc3287b2,val,수산물,T2 동의어,q_수산물_04,어물전,식료품 중 '수산물'을 판매·제공하는 매장,009fbffe-11b3-4eba-b65a-696f4f59f079,인어횟집,횟집,목포북항상점가,자율상권구역,전라남도,1.0,2.0,,,P1_BINARY_THRESHOLD,True,,,,,
7a76421023850dced391,val,수산물,T2 동의어,q_수산물_04,어물전,식료품 중 '수산물'을 판매·제공하는 매장,45e3426d-a16b-4cb6-9f45-7b453e46b509,어사또,건어물,신원시장,전통시장,서울특별시,3.0,3.0,,,RESOLVED_AGREEMENT,False,3,,,,
22144d1db9031d6be0a4,val,수산물,T2 동의어,q_수산물_04,어물전,식료품 중 '수산물'을 판매·제공하는 매장,00779863-22b7-4378-adca-42362eff7e3f,장복횟집.수산,생선회,"안면도수산시장(구, 안면도장터)",전통시장,충청남도,3.0,3.0,,,RESOLVED_AGREEMENT,False,3,,,,
5cc264cb8c5e0cfbc5a3,val,수산물,T2 동의어,q_수산물_04,어물전,식료품 중 '수산물'을 판매·제공하는 매장,6cdc9787-84f2-4a2f-99bb-d234efe9b944,세운상회,어물,예천상설시장,전통시장,경상북도,3.0,3.0,,,RESOLVED_AGREEMENT,False,3,,,,
59b3cd5b25a5e6a5ddc7,val,수산물,T2 동의어,q_수산물_04,어물전,식료품 중 '수산물'을 판매·제공하는 매장,75a4d6be-2176-4a04-bb2a-ef3f8f607dde,해안수산,어물,예천중앙시장,전통시장,경상북도,3.0,3.0,,,RESOLVED_AGREEMENT,False,3,,,,
bbe58d12f0a1cb79b974,val,수산물,T2 동의어,q_수산물_04,어물전,식료품 중 '수산물'을 판매·제공하는 매장,5392d4ee-a5a2-4979-b22c-4ddc08ef4329,어항건어물,건어물,대천항수산시장,전통시장,충청남도,3.0,3.0,,,RESOLVED_AGREEMENT,False,3,,,,
2ce4eb5597756447426f,val,수산물,T2 동의어,q_수산물_04,어물전,식료품 중 '수산물'을 판매·제공하는 매장,013d58c8-33f8-4dbe-95de-801d22ea9505,민영활어공장 부천자유시장점,"회, 초밥",부천자유시장,전통시장,경기도,1.0,3.0,,,P1_BINARY_THRESHOLD,True,,,,,
564c41f4c2fb74a725f9,val,수산물,T2 동의어,q_수산물_04,어물전,식료품 중 '수산물'을 판매·제공하는 매장,b009ed4e-6875-43f6-b570-877c6b1ccc3a,빽보이피자광주상무점,피자,시청역상가번영회 골목형상점가,골목형상점가,광주광역시,0.0,0.0,,,RESOLVED_AGREEMENT,False,0,,,,
f7dd402c0ea0335d15ff,val,수산물,T2 동의어,q_수산물_04,어물전,식료품 중 '수산물'을 판매·제공하는 매장,00ba389b-e522-4da5-ac26-2ffaf33359ec,스시노유키,초밥,산본로데오거리(구 산본중심상가),자율상권구역,경기도,1.0,0.0,,,P2_GRADED_ONLY,True,,,,,
3dcbeff5e470a0759512,val,수산물,T2 동의어,q_수산물_04,어물전,식료품 중 '수산물'을 판매·제공하는 매장,52eee348-6dc1-4c41-9b9d-64186276ce75,광남어물전,수산물 소매업,함안 가야전통시장,전통시장,경상남도,3.0,3.0,,,RESOLVED_AGREEMENT,False,3,,,,
3f3ef93b71db5f7fc6bc,val,수산물,T2 동의어,q_수산물_04,어물전,식료품 중 '수산물'을 판매·제공하는 매장,495309a6-6b42-42f7-9972-c98870488920,만전,한식,반석동 골목형상점가,골목형상점가,대전광역시,0.0,0.0,,,RESOLVED_AGREEMENT,False,0,,,,
c744372423409297f613,val,수산물,T2 동의어,q_수산물_04,어물전,식료품 중 '수산물'을 판매·제공하는 매장,d8f4bb7b-7f66-4a94-8737-510280474d70,광수상회,어물,인천종합어시장,전통시장,인천광역시,3.0,3.0,,,RESOLVED_AGREEMENT,False,3,,,,
283b9e2aeb054c652caa,val,수산물,T2 동의어,q_수산물_04,어물전,식료품 중 '수산물'을 판매·제공하는 매장,ab0056ac-d177-4590-90f4-5864bce70cb2,안경매니져,안경,서귀포중심상가번영회,자율상권구역,제주특별자치도,0.0,0.0,,,RESOLVED_AGREEMENT,False,0,,,,
bbaab7a66ccb0f2bc135,val,수산물,T2 동의어,q_수산물_04,어물전,식료품 중 '수산물'을 판매·제공하는 매장,00a40df6-e218-4c9e-951f-b2c1a3ee676e,영흥수산,생선,가락몰골목형상점가,골목형상점가,서울특별시,3.0,3.0,,,RESOLVED_AGREEMENT,False,3,,,,
ec4bfc435bea7d42b704,val,수산물,T2 동의어,q_수산물_04,어물전,식료품 중 '수산물'을 판매·제공하는 매장,0bf687ec-4ea8-4932-a2c4-401f28aab97f,중앙어물,어물,모슬포 중앙시장,전통시장,제주특별자치도,3.0,0.0,,,P1_BINARY_THRESHOLD,True,,,,,
f6482fe96197721a04b4,val,수산물,T2 동의어,q_수산물_04,어물전,식료품 중 '수산물'을 판매·제공하는 매장,d2e2b41b-5919-4e07-b387-0424032f17e9,황금어물전,도소매(수산물),고척근린시장,전통시장,서울특별시,3.0,3.0,,,RESOLVED_AGREEMENT,False,3,,,,
d560a8b1807daa85c621,val,수산물,T2 동의어,q_수산물_04,어물전,식료품 중 '수산물'을 판매·제공하는 매장,66227532-f9a3-4e09-adb1-3667dd92a5b4,(유)어시장가전,가전제품,마산어시장,전통시장,경상남도,0.0,0.0,,,RESOLVED_AGREEMENT,False,0,,,,
5e1ead01203c4d969a3a,val,수산물,T2 동의어,q_수산물_04,어물전,식료품 중 '수산물'을 판매·제공하는 매장,63f9f7bc-2abd-430b-b0d7-5266b7884f26,오색미전,전,진잠 골목형상점가,골목형상점가,대전광역시,0.0,0.0,,,RESOLVED_AGREEMENT,False,0,,,,
d19454450344d8ec4b4b,val,수산물,T2 동의어,q_수산물_04,어물전,식료품 중 '수산물'을 판매·제공하는 매장,580c90a4-7883-40f1-9acb-a0cd1b0bf994,바이전,,내동서부 골목형상점가,골목형상점가,대전광역시,,0.0,Y,,P0_UNCERTAIN_OR_MISSING,True,,,,,
1805648ad7606a51f75a,val,수산물,T2 동의어,q_수산물_04,어물전,식료품 중 '수산물'을 판매·제공하는 매장,284c9063-f915-4cd3-97b0-7ccc77b7b0f4,범어해물전,한식,범어식주가무명인골목 골목형상점가,골목형상점가,대구광역시,0.0,0.0,,,RESOLVED_AGREEMENT,False,0,,,,
fe44000c0f95c2c614a0,val,수산물,T2 동의어,q_수산물_04,어물전,식료품 중 '수산물'을 판매·제공하는 매장,445d652b-3c10-47f8-a7fe-c9ba05f5f973,주전,,약수시장골목형상점가,골목형상점가,서울특별시,,0.0,Y,,P0_UNCERTAIN_OR_MISSING,True,,,,,
bd8cb61ba80c3b628750,val,수산물,T2 동의어,q_수산물_04,어물전,식료품 중 '수산물'을 판매·제공하는 매장,00a0d437-836b-453d-b15e-55fbf7dc8460,대박수산,생선,청주육거리종합시장,전통시장,충청북도,3.0,3.0,,,RESOLVED_AGREEMENT,False,3,,,,
9bc1fcac05a0eed8bd1b,val,수산물,T2 동의어,q_수산물_04,어물전,식료품 중 '수산물'을 판매·제공하는 매장,c2deb7a7-1cf1-417c-a8ee-8fb69742e2be,놀부전,전,남항시장,전통시장,부산광역시,0.0,0.0,,,RESOLVED_AGREEMENT,False,0,,,,
d094ccf9b0ba4c8123e2,val,수산물,T2 동의어,q_수산물_04,어물전,식료품 중 '수산물'을 판매·제공하는 매장,7fad6758-78b6-4f5e-85b3-e0acfcc8a1ff,다전,한식,난우길골목형상점가,골목형상점가,서울특별시,0.0,0.0,,,RESOLVED_AGREEMENT,False,0,,,,
c16c4c39d3eca25d916d,val,수산물,T2 동의어,q_수산물_04,어물전,식료품 중 '수산물'을 판매·제공하는 매장,333fa307-f61c-45a8-a79b-93fff676095e,대명어물,어물,서귀포향토오일시장,전통시장,제주특별자치도,3.0,0.0,,,P1_BINARY_THRESHOLD,True,,,,,
e7ccca0cf84839977370,val,수산물,T2 동의어,q_수산물_04,어물전,식료품 중 '수산물'을 판매·제공하는 매장,b2bcb3cd-b721-423b-8f34-6ce98f27af87,함덕어물전,수산물,동문공설시장,전통시장,제주특별자치도,3.0,3.0,,,RESOLVED_AGREEMENT,False,3,,,,
0360b66fb51efdb6c0fc,val,수산물,T2 동의어,q_수산물_04,어물전,식료품 중 '수산물'을 판매·제공하는 매장,c699a290-55c6-4947-b939-ebc6df4726e5,동해어물상회,어물,상주남성시장,전통시장,경상북도,3.0,3.0,,,RESOLVED_AGREEMENT,False,3,,,,
6722d8c7ba7ec30ef6ac,val,수산물,T2 동의어,q_수산물_04,어물전,식료품 중 '수산물'을 판매·제공하는 매장,01afaafa-2a46-4977-8015-55762957ee7a,다래초밥,초밥,동문동 골목형상점가,골목형상점가,충청남도,1.0,0.0,,,P2_GRADED_ONLY,True,,,,,
f968a30797f9ecf8d298,val,수산물,T2 동의어,q_수산물_04,어물전,식료품 중 '수산물'을 판매·제공하는 매장,001ec0bf-0eda-4aa8-8efc-a90930649cf5,원프룻,농수산물,정이있는 구포시장,전통시장,부산광역시,3.0,3.0,,,RESOLVED_AGREEMENT,False,3,,,,
f0f00e110bfade488c01,val,수산물,T2 동의어,q_수산물_04,어물전,식료품 중 '수산물'을 판매·제공하는 매장,00f60c16-d8be-497f-80f2-aab3209a8d0e,포카포카,식당,전남여고후문 골목형상점가,골목형상점가,광주광역시,1.0,0.0,,,P2_GRADED_ONLY,True,,,,,
68f6724455c7f62a107c,val,수산물,T2 동의어,q_수산물_04,어물전,식료품 중 '수산물'을 판매·제공하는 매장,30d5afbc-fd4b-49bb-9e1c-2469652e5921,추씨어물점,어물,영천공설시장,전통시장,경상북도,3.0,0.0,,,P1_BINARY_THRESHOLD,True,,,,,
163816cc6caec24df328,val,수산물,T2 동의어,q_수산물_04,어물전,식료품 중 '수산물'을 판매·제공하는 매장,79c8b04e-7222-48fd-9f98-82bacd36cbf5,어딕션,의류,칠성로상점가,자율상권구역,제주특별자치도,0.0,0.0,,,RESOLVED_AGREEMENT,False,0,,,,
9c1355b81241232e3a53,val,수산물,T2 동의어,q_수산물_04,어물전,식료품 중 '수산물'을 판매·제공하는 매장,0333f16c-ff56-4e80-a1c7-dd77a81300df,로봇초밥마켓 과천래미안점,초밥,과천슈르탑 골목형상점가,골목형상점가,경기도,1.0,0.0,,,P2_GRADED_ONLY,True,,,,,
2146ba1a7107fa7f3360,val,수산물,T2 동의어,q_수산물_04,어물전,식료품 중 '수산물'을 판매·제공하는 매장,3526958d-da64-4c90-a75c-c55162fbe0d3,최씨어물전,,영천공설시장,전통시장,경상북도,3.0,0.0,,,P1_BINARY_THRESHOLD,True,,,,,
0dbc3ea9fb380573a619,val,수산물,T2 동의어,q_수산물_04,어물전,식료품 중 '수산물'을 판매·제공하는 매장,004032ef-2ae7-4e97-ac30-b12a0869e930,시장횟집,횟집,광양매일시장(광양상설시장),전통시장,전라남도,1.0,2.0,,,P1_BINARY_THRESHOLD,True,,,,,
72d0f5ec7157ee5383b8,val,수산물,T2 동의어,q_수산물_04,어물전,식료품 중 '수산물'을 판매·제공하는 매장,80d4759f-5119-4fd6-981e-dd3788b6c7d5,유한회사 성진상회,건ㅁ어물,가락몰골목형상점가,골목형상점가,서울특별시,3.0,3.0,,,RESOLVED_AGREEMENT,False,3,,,,
3e194b047b99f841e9b0,val,수산물,T2 동의어,q_수산물_04,어물전,식료품 중 '수산물'을 판매·제공하는 매장,06b66cfe-b3e8-403a-946a-e217afc5d8aa,싱싱어물전,수산물,부곡시장,전통시장,부산광역시,3.0,3.0,,,RESOLVED_AGREEMENT,False,3,,,,
fa5cd56c0ef1c8d3f760,val,수산물,T2 동의어,q_수산물_04,어물전,식료품 중 '수산물'을 판매·제공하는 매장,2f847650-82f6-4d7f-8296-d5c8a58aabb8,상전,한식,연무 골목형상점가,골목형상점가,경기도,0.0,0.0,,,RESOLVED_AGREEMENT,False,0,,,,
e1395285a7603a7a51de,val,수산물,T2 동의어,q_수산물_04,어물전,식료품 중 '수산물'을 판매·제공하는 매장,002e7e87-5677-44ca-85c4-9e5b87e7994f,한양수산,생선,안중시장,전통시장,경기도,3.0,3.0,,,RESOLVED_AGREEMENT,False,3,,,,
3471c7c1c4be5a2af253,val,수산물,T2 동의어,q_수산물_04,어물전,식료품 중 '수산물'을 판매·제공하는 매장,61ffc574-5085-4489-961f-6d46096fade7,비니에올리,양식,BOCA 보카상점가,골목형상점가,경기도,0.0,0.0,,,RESOLVED_AGREEMENT,False,0,,,,
1d5110b201dcef0a30be,val,수산물,T2 동의어,q_수산물_04,어물전,식료품 중 '수산물'을 판매·제공하는 매장,d61cab17-dddf-480c-ba00-adcc99653eb4,어빠옷,의류,서문시장2지구 종합상가,전통시장,대구광역시,0.0,0.0,,,RESOLVED_AGREEMENT,False,0,,,,
985cc069f064c0f25d05,val,수산물,T2 동의어,q_수산물_04,어물전,식료품 중 '수산물'을 판매·제공하는 매장,1ab51e65-7ad5-4b6f-8eea-129ed879b8c6,어물이야기,건어물,서희1차현대 골목형상점가,골목형상점가,광주광역시,3.0,3.0,,,RESOLVED_AGREEMENT,False,3,,,,
59047f6994241bbff93d,val,수산물,T2 동의어,q_수산물_04,어물전,식료품 중 '수산물'을 판매·제공하는 매장,03cbd591-5ee7-4f9b-842e-8dc427925406,신흥상회,어물,상주중앙시장,전통시장,경상북도,3.0,3.0,,,RESOLVED_AGREEMENT,False,3,,,,
0559333eb363e6dfd5a4,val,수산물,T2 동의어,q_수산물_04,어물전,식료품 중 '수산물'을 판매·제공하는 매장,625f3114-2aef-4ad3-8b64-f4d9b2fed7d7,어물전,수산물,별양동상점가,자율상권구역,경기도,3.0,3.0,,,RESOLVED_AGREEMENT,False,3,,,,
8e9d2af9f8f1175aaae3,val,수산물,T2 동의어,q_수산물_04,어물전,식료품 중 '수산물'을 판매·제공하는 매장,60406270-bbfa-4b0a-bdbe-8b37f4a088fe,냥이타운,동물전시업,산본로데오거리(구 산본중심상가),자율상권구역,경기도,0.0,0.0,,,RESOLVED_AGREEMENT,False,0,,,,
467080aae63705b293ae,val,수산물,T2 동의어,q_수산물_04,어물전,식료품 중 '수산물'을 판매·제공하는 매장,0004c5f7-95e0-45be-9f06-a705b8113ff0,의창수협67번중도매인,활어,진해 용원어시장상점가,자율상권구역,경상남도,3.0,0.0,,,P1_BINARY_THRESHOLD,True,,,,,
4668623f78ce0735611f,val,수산물,T2 동의어,q_수산물_04,어물전,식료품 중 '수산물'을 판매·제공하는 매장,b7c4e989-7a9d-465d-b0e3-1fe83b17a4c4,다산아우름치과의원,치과,다산역 로데오 상점가,자율상권구역,경기도,0.0,0.0,,,RESOLVED_AGREEMENT,False,0,,,,
4195aa79ade1853f597a,val,수산물,T2 동의어,q_수산물_04,어물전,식료품 중 '수산물'을 판매·제공하는 매장,e637f26a-fdd7-49dc-bd33-0ecbb48ab2cb,북안어물전,생선,영천공설시장,전통시장,경상북도,3.0,3.0,,,RESOLVED_AGREEMENT,False,3,,,,
41dcb185f1f0915b50f2,val,수산물,T2 동의어,q_수산물_04,어물전,식료품 중 '수산물'을 판매·제공하는 매장,6f8ecfa8-1ac7-4a94-803d-114a324dc251,달술,전,지범골목먹거리타운 골목형상점가,골목형상점가,대구광역시,0.0,0.0,,,RESOLVED_AGREEMENT,False,0,,,,
134dba65453a6b8510e4,val,수산물,T2 동의어,q_수산물_04,어물전,식료품 중 '수산물'을 판매·제공하는 매장,010c1855-b46f-4e37-b975-8115c4249b0f,용궁횟집,,자갈치시장,전통시장,부산광역시,3.0,2.0,,,P2_GRADED_ONLY,True,,,,,
d7277d76c1e8ebfcd02a,val,수산물,T2 동의어,q_수산물_04,어물전,식료품 중 '수산물'을 판매·제공하는 매장,00298213-17ea-453a-b6e6-375d9ef636b6,대양농수산,농수산물,부평깡시장,전통시장,인천광역시,3.0,3.0,,,RESOLVED_AGREEMENT,False,3,,,,
92595fca60a545d58c56,val,수산물,T2 동의어,q_수산물_04,어물전,식료품 중 '수산물'을 판매·제공하는 매장,fcbcbda1-022a-49d5-bec6-e03062623d8d,시장옷수선,의류 및 옷수선,호계공설시장,전통시장,울산광역시,0.0,0.0,,,RESOLVED_AGREEMENT,False,0,,,,
b04064245e8cb5c69b2d,val,수산물,T2 동의어,q_수산물_04,어물전,식료품 중 '수산물'을 판매·제공하는 매장,bdbf3de5-8cc1-4cfd-b899-48536dc64e47,(유)어시장가전,가전제품,마산어시장,전통시장,경상남도,0.0,0.0,,,RESOLVED_AGREEMENT,False,0,,,,
2afc1f2005ec63b106ab,val,수산물,T2 동의어,q_수산물_04,어물전,식료품 중 '수산물'을 판매·제공하는 매장,cdb0d5d5-008f-45e1-b31c-2eb6da9d2964,동희어물,어패류,강진읍시장,전통시장,전라남도,2.0,3.0,,,P2_GRADED_ONLY,True,,,,,
87b0c2bdb15f71cfcf70,val,수산물,T2 동의어,q_수산물_05,활어,식료품 중 '수산물'을 판매·제공하는 매장,4e011118-a823-4d87-9aab-9b6ae84e3ecd,미정활어,활어,통영 충무데파트,자율상권구역,경상남도,3.0,0.0,,,P1_BINARY_THRESHOLD,True,,,,,
ba9df3127596530a8f2f,val,수산물,T2 동의어,q_수산물_05,활어,식료품 중 '수산물'을 판매·제공하는 매장,e8190c80-3f29-490b-8b78-1b7214654e6e,중마활어,활어,중마시장,전통시장,전라남도,3.0,0.0,,,P1_BINARY_THRESHOLD,True,,,,,
15cb35be2f0c66dd1791,val,수산물,T2 동의어,q_수산물_05,활어,식료품 중 '수산물'을 판매·제공하는 매장,016ddf29-de07-40e1-a642-8c2a45a6f19d,연희어시장,횟집,연희로 골목형상점가,골목형상점가,인천광역시,1.0,2.0,,,P1_BINARY_THRESHOLD,True,,,,,
73fadc88a7c37433d31d,val,수산물,T2 동의어,q_수산물_05,활어,식료품 중 '수산물'을 판매·제공하는 매장,ead7767f-f87c-41bc-9542-244c416119d4,또와,한식,동문공설시장,전통시장,제주특별자치도,0.0,0.0,,,RESOLVED_AGREEMENT,False,0,,,,
7391ebf863e5d4d53fa5,val,수산물,T2 동의어,q_수산물_05,활어,식료품 중 '수산물'을 판매·제공하는 매장,00527b0b-893c-4d64-862e-3ef8113d07fb,해선언니네,건어물,용상공설시장,전통시장,경상북도,3.0,3.0,,,RESOLVED_AGREEMENT,False,3,,,,
debdfcb7b4192cfc97dd,val,수산물,T2 동의어,q_수산물_05,활어,식료품 중 '수산물'을 판매·제공하는 매장,c772fabf-8522-4f4d-a7f7-70c0a5a012bc,참치황금활어,활어,신용동 큰 사거리 골목형상점가,골목형상점가,광주광역시,3.0,0.0,,,P1_BINARY_THRESHOLD,True,,,,,
b55ca05d1a98a6ac34c4,val,수산물,T2 동의어,q_수산물_05,활어,식료품 중 '수산물'을 판매·제공하는 매장,c2ca2f7e-7e0a-4102-a6a8-488faada2284,태백활어,활어,마산어시장,전통시장,경상남도,3.0,0.0,,,P1_BINARY_THRESHOLD,True,,,,,
cfb085a80cab3a898de7,val,수산물,T2 동의어,q_수산물_05,활어,식료품 중 '수산물'을 판매·제공하는 매장,bbfc23ee-7cc9-4f3a-8812-2d3efba17ef0,민섭횟집,활어,거제시장,전통시장,부산광역시,3.0,3.0,,,RESOLVED_AGREEMENT,False,3,,,,
3962c005fcbb25433aeb,val,수산물,T2 동의어,q_수산물_05,활어,식료품 중 '수산물'을 판매·제공하는 매장,29cb3b77-d787-48af-a8f2-9bcbfca38499,거성활어,활어,통영중앙전통시장,전통시장,경상남도,3.0,0.0,,,P1_BINARY_THRESHOLD,True,,,,,
220414e7aa2cc1259239,val,수산물,T2 동의어,q_수산물_05,활어,식료품 중 '수산물'을 판매·제공하는 매장,12902923-f01e-482b-a2ee-14f4eff3c872,산옥활어,활어,명지시장,전통시장,부산광역시,3.0,0.0,,,P1_BINARY_THRESHOLD,True,,,,,
1a58382fb0dd265aa520,val,수산물,T2 동의어,q_수산물_05,활어,식료품 중 '수산물'을 판매·제공하는 매장,00779863-22b7-4378-adca-42362eff7e3f,장복횟집.수산,생선회,"안면도수산시장(구, 안면도장터)",전통시장,충청남도,3.0,3.0,,,RESOLVED_AGREEMENT,False,3,,,,
e0c3475b4c747dc2f583,val,수산물,T2 동의어,q_수산물_05,활어,식료품 중 '수산물'을 판매·제공하는 매장,00bd252b-19f9-4e9a-bf26-b45280bb84ae,선옥상회,생선,고성 공룡시장,전통시장,경상남도,3.0,3.0,,,RESOLVED_AGREEMENT,False,3,,,,
a9d3cab86b1265ec99a7,val,수산물,T2 동의어,q_수산물_05,활어,식료품 중 '수산물'을 판매·제공하는 매장,00cc4859-307a-43ef-9654-2f6aa6fc404d,서산상회,생선,노량진수산시장골목형상점가,골목형상점가,서울특별시,3.0,3.0,,,RESOLVED_AGREEMENT,False,3,,,,
bceafd4b090d8c248442,val,수산물,T2 동의어,q_수산물_05,활어,식료품 중 '수산물'을 판매·제공하는 매장,4178c6b0-6f55-4098-bf1a-d0dd3c8168ce,가덕활어,활어,다대씨-파크시장,전통시장,부산광역시,3.0,0.0,,,P1_BINARY_THRESHOLD,True,,,,,
e90ecc3dc9c720b16580,val,수산물,T2 동의어,q_수산물_05,활어,식료품 중 '수산물'을 판매·제공하는 매장,4c431ef2-e390-4308-876c-10f0b979ce9d,목섬횟집,활어,사천 삼천포용궁수산시장,전통시장,경상남도,3.0,3.0,,,RESOLVED_AGREEMENT,False,3,,,,
555ef702a9e4b60d47ca,val,수산물,T2 동의어,q_수산물_05,활어,식료품 중 '수산물'을 판매·제공하는 매장,b76d50c3-7f71-425b-bc54-074d7741e471,속초활어,활어,통영중앙전통시장,전통시장,경상남도,3.0,0.0,,,P1_BINARY_THRESHOLD,True,,,,,
6dd57617e6caf3e5343b,val,수산물,T2 동의어,q_수산물_05,활어,식료품 중 '수산물'을 판매·제공하는 매장,b4396f08-cb8b-4062-8d72-243e772b15d7,장미활어,활어 소매,통영중앙전통시장,전통시장,경상남도,3.0,0.0,,,P1_BINARY_THRESHOLD,True,,,,,
356e17b4d136970361ce,val,수산물,T2 동의어,q_수산물_05,활어,식료품 중 '수산물'을 판매·제공하는 매장,ddefef56-121d-4e6b-aff4-42b4f591d483,칠보바다활어,활어,죽도어시장,전통시장,경상북도,3.0,0.0,,,P1_BINARY_THRESHOLD,True,,,,,
81ab611191eb827bd8f8,val,수산물,T2 동의어,q_수산물_05,활어,식료품 중 '수산물'을 판매·제공하는 매장,2341f28e-b39b-4a7a-b8b3-086d927fa4df,염막활어,활어,명지시장,전통시장,부산광역시,3.0,0.0,,,P1_BINARY_THRESHOLD,True,,,,,
55a6fe4cdbee17e92139,val,수산물,T2 동의어,q_수산물_05,활어,식료품 중 '수산물'을 판매·제공하는 매장,b9f32b96-17a5-453c-a28a-9dffad763726,진영활어,활어,통영 서호전통시장,전통시장,경상남도,3.0,0.0,,,P1_BINARY_THRESHOLD,True,,,,,
ca7cb89a1fdc578eba0b,val,수산물,T2 동의어,q_수산물_05,활어,식료품 중 '수산물'을 판매·제공하는 매장,03cbd591-5ee7-4f9b-842e-8dc427925406,신흥상회,어물,상주중앙시장,전통시장,경상북도,3.0,3.0,,,RESOLVED_AGREEMENT,False,3,,,,
b18f04f0a07f04768e7b,val,수산물,T2 동의어,q_수산물_05,활어,식료품 중 '수산물'을 판매·제공하는 매장,00a0d437-836b-453d-b15e-55fbf7dc8460,대박수산,생선,청주육거리종합시장,전통시장,충청북도,3.0,3.0,,,RESOLVED_AGREEMENT,False,3,,,,
2da0f9186b98b66afcd6,val,수산물,T2 동의어,q_수산물_05,활어,식료품 중 '수산물'을 판매·제공하는 매장,001ec0bf-0eda-4aa8-8efc-a90930649cf5,원프룻,농수산물,정이있는 구포시장,전통시장,부산광역시,3.0,3.0,,,RESOLVED_AGREEMENT,False,3,,,,
3142a2147397a6c93b22,val,수산물,T2 동의어,q_수산물_05,활어,식료품 중 '수산물'을 판매·제공하는 매장,39da5118-7020-40ab-872d-17879a17a9cf,콜수산,활어,통영중앙전통시장,전통시장,경상남도,3.0,3.0,,,RESOLVED_AGREEMENT,False,3,,,,
b88b168822a558959b2e,val,수산물,T2 동의어,q_수산물_05,활어,식료품 중 '수산물'을 판매·제공하는 매장,619c6630-9df2-4a49-92ec-ad77725bb24a,승리활어,활어,죽도어시장,전통시장,경상북도,3.0,0.0,,,P1_BINARY_THRESHOLD,True,,,,,
a84fdcead3645c73a8b5,val,수산물,T2 동의어,q_수산물_05,활어,식료품 중 '수산물'을 판매·제공하는 매장,00e04e3d-cb00-4d64-a13d-a9c02f9a4fc8,대림수산,활어,자갈치시장,전통시장,부산광역시,3.0,3.0,,,RESOLVED_AGREEMENT,False,3,,,,
faa7cc8d67d78169ddd0,val,수산물,T2 동의어,q_수산물_05,활어,식료품 중 '수산물'을 판매·제공하는 매장,0019e966-8007-4603-957c-4e9adcd1f05a,부남수산,수산물,서산동부전통시장,전통시장,충청남도,3.0,3.0,,,RESOLVED_AGREEMENT,False,3,,,,
285338cc4b6caeab3679,val,수산물,T2 동의어,q_수산물_05,활어,식료품 중 '수산물'을 판매·제공하는 매장,005429a3-030e-492f-973c-1d5842eeac56,미래횟집,활어,사천 삼천포용궁수산시장,전통시장,경상남도,3.0,3.0,,,RESOLVED_AGREEMENT,False,3,,,,
3b9da0b23cd70f4c72f4,val,수산물,T2 동의어,q_수산물_05,활어,식료품 중 '수산물'을 판매·제공하는 매장,00ac75c4-6e3f-4d23-8a6a-1dc8ba294b85,우진수산,"수산물, 활어",효자시장,전통시장,경상북도,3.0,3.0,,,RESOLVED_AGREEMENT,False,3,,,,
d3614097004450463698,val,수산물,T2 동의어,q_수산물_05,활어,식료품 중 '수산물'을 판매·제공하는 매장,01afaafa-2a46-4977-8015-55762957ee7a,다래초밥,초밥,동문동 골목형상점가,골목형상점가,충청남도,1.0,0.0,,,P2_GRADED_ONLY,True,,,,,
de450a256593222e78cf,val,수산물,T2 동의어,q_수산물_05,활어,식료품 중 '수산물'을 판매·제공하는 매장,004d071d-dda6-41e4-9fcb-7c74c8f8ef0f,영남상회,건어물,수영팔도시장(구 수영팔도상가시장),전통시장,부산광역시,3.0,3.0,,,RESOLVED_AGREEMENT,False,3,,,,
b1ea31748e4d3050f254,val,수산물,T2 동의어,q_수산물_05,활어,식료품 중 '수산물'을 판매·제공하는 매장,00ba389b-e522-4da5-ac26-2ffaf33359ec,스시노유키,초밥,산본로데오거리(구 산본중심상가),자율상권구역,경기도,1.0,0.0,,,P2_GRADED_ONLY,True,,,,,
b13fb3aab24bdb437112,val,수산물,T2 동의어,q_수산물_05,활어,식료품 중 '수산물'을 판매·제공하는 매장,a05454a2-7853-4252-a905-98a5283aef0e,태후사랑,염색,운남골목 골목형상점가,골목형상점가,광주광역시,0.0,0.0,,,RESOLVED_AGREEMENT,False,0,,,,
eb14c8ef04f1758ba51b,val,수산물,T2 동의어,q_수산물_05,활어,식료품 중 '수산물'을 판매·제공하는 매장,f705354f-4b28-4d31-98a0-777e47079c78,회드림,활어,강동산하 골목형상점가,골목형상점가,울산광역시,3.0,3.0,,,RESOLVED_AGREEMENT,False,3,,,,
c4fb9db5d0f83a5e7bca,val,수산물,T2 동의어,q_수산물_05,활어,식료품 중 '수산물'을 판매·제공하는 매장,0027eaf6-093b-4df4-9457-4f1081537ff3,충무꼭지횟집,횟집,초량전통시장,전통시장,부산광역시,1.0,2.0,,,P1_BINARY_THRESHOLD,True,,,,,
63e1d544bebc91591d49,val,수산물,T2 동의어,q_수산물_05,활어,식료품 중 '수산물'을 판매·제공하는 매장,21b367e5-72de-4baf-9d9c-827cba8a9a5d,뚱수산,활어,주문진좌판풍물시장,전통시장,강원특별자치도,3.0,3.0,,,RESOLVED_AGREEMENT,False,3,,,,
18ff48a6d64ca1ce505b,val,수산물,T2 동의어,q_수산물_05,활어,식료품 중 '수산물'을 판매·제공하는 매장,b9ed1d06-191b-4a03-bc3e-8d4372e79b33,송원활어,활어,통영 북신전통시장,전통시장,경상남도,3.0,0.0,,,P1_BINARY_THRESHOLD,True,,,,,
1c9da90c5c057308758c,val,수산물,T2 동의어,q_수산물_05,활어,식료품 중 '수산물'을 판매·제공하는 매장,f61e161b-ce91-4a21-b16c-ee42005c0a69,사천활어,활어,다대씨-파크시장,전통시장,부산광역시,3.0,0.0,,,P1_BINARY_THRESHOLD,True,,,,,
54dc1c93946eed7dfff1,val,수산물,T2 동의어,q_수산물_05,활어,식료품 중 '수산물'을 판매·제공하는 매장,8638c947-84ca-4229-83a8-7a8acfa5d73c,대항호,활어,민락어민활어직판장,자율상권구역,부산광역시,3.0,0.0,,,P1_BINARY_THRESHOLD,True,,,,,
8e513b40785a7d69c418,val,수산물,T2 동의어,q_수산물_05,활어,식료품 중 '수산물'을 판매·제공하는 매장,6a3cdfde-9f02-4d0a-9e63-dfba2a517169,남부활어,활어,양산 남부시장상가,전통시장,경상남도,3.0,0.0,,,P1_BINARY_THRESHOLD,True,,,,,
9d9ce41bd8cdb3c67223,val,수산물,T2 동의어,q_수산물_05,활어,식료품 중 '수산물'을 판매·제공하는 매장,002e7e87-5677-44ca-85c4-9e5b87e7994f,한양수산,생선,안중시장,전통시장,경기도,3.0,3.0,,,RESOLVED_AGREEMENT,False,3,,,,
30da62df3372275ac76b,val,수산물,T2 동의어,q_수산물_05,활어,식료품 중 '수산물'을 판매·제공하는 매장,de300407-5960-4840-94c5-d11d171f449e,대연활어,활어,동래시장,전통시장,부산광역시,3.0,0.0,,,P1_BINARY_THRESHOLD,True,,,,,
d167eca3f39a1bdab8c6,val,수산물,T2 동의어,q_수산물_05,활어,식료품 중 '수산물'을 판매·제공하는 매장,007aece5-08b8-4eb0-b4c6-18d451eadcfd,영남상회,건어물,동쪽바다중앙시장(구 동해중앙시장),전통시장,강원특별자치도,3.0,3.0,,,RESOLVED_AGREEMENT,False,3,,,,
02d22b149659ffe45ca6,val,수산물,T2 동의어,q_수산물_05,활어,식료품 중 '수산물'을 판매·제공하는 매장,008cfdc1-610a-407a-a03b-4c6dae7106f4,주영수산,활어,목포북항상점가,자율상권구역,전라남도,3.0,3.0,,,RESOLVED_AGREEMENT,False,3,,,,
96d21c6aae7cb12aa36f,val,수산물,T2 동의어,q_수산물_05,활어,식료품 중 '수산물'을 판매·제공하는 매장,98c74c27-c5f3-4bce-b718-99e53a3a0d59,둔덕활어,활어,통영 충무데파트,자율상권구역,경상남도,3.0,0.0,,,P1_BINARY_THRESHOLD,True,,,,,
9f9de82d951f1432fe6f,val,수산물,T2 동의어,q_수산물_05,활어,식료품 중 '수산물'을 판매·제공하는 매장,683380d7-8d0a-4635-ba9c-a7caeee86b81,지족활어,활어,지족공설시장,기타,경상남도,3.0,0.0,,,P1_BINARY_THRESHOLD,True,,,,,
909a797d8cdba990218c,val,수산물,T2 동의어,q_수산물_05,활어,식료품 중 '수산물'을 판매·제공하는 매장,00cd5dee-c068-48da-bc58-a704d5fe8832,윤석수산,수산물 활어회 생선 게종류 젓갈 갑각류 해산물 등등,대공원시장,전통시장,대구광역시,3.0,3.0,,,RESOLVED_AGREEMENT,False,3,,,,
54186967f511846864e2,val,수산물,T2 동의어,q_수산물_05,활어,식료품 중 '수산물'을 판매·제공하는 매장,66292704-166d-4086-934b-11f66f74e28d,충렬활어,활어,통영 서호전통시장,전통시장,경상남도,3.0,0.0,,,P1_BINARY_THRESHOLD,True,,,,,
73af3f059cfe9c19b799,val,수산물,T2 동의어,q_수산물_05,활어,식료품 중 '수산물'을 판매·제공하는 매장,68c74b8c-0c99-4ab5-bf91-9b9162900538,뜰채,활어,함덕4구상점가,골목형상점가,제주특별자치도,3.0,0.0,,,P1_BINARY_THRESHOLD,True,,,,,
1d48554c377091f02274,val,수산물,T2 동의어,q_수산물_05,활어,식료품 중 '수산물'을 판매·제공하는 매장,0333f16c-ff56-4e80-a1c7-dd77a81300df,로봇초밥마켓 과천래미안점,초밥,과천슈르탑 골목형상점가,골목형상점가,경기도,1.0,0.0,,,P2_GRADED_ONLY,True,,,,,
66019594a8f46046ee94,val,수산물,T2 동의어,q_수산물_05,활어,식료품 중 '수산물'을 판매·제공하는 매장,04f084b3-a0a3-4ee6-8f65-d904fac72628,대호활어,활어,죽도어시장,전통시장,경상북도,3.0,0.0,,,P1_BINARY_THRESHOLD,True,,,,,
da916c60b6b3f8190397,val,수산물,T2 동의어,q_수산물_05,활어,식료품 중 '수산물'을 판매·제공하는 매장,3526958d-da64-4c90-a75c-c55162fbe0d3,최씨어물전,,영천공설시장,전통시장,경상북도,3.0,0.0,,,P1_BINARY_THRESHOLD,True,,,,,
ebfdabe53a57d1a5a2f1,val,수산물,T2 동의어,q_수산물_05,활어,식료품 중 '수산물'을 판매·제공하는 매장,000d55be-8181-4f45-827e-52082b2ae284,명희유통,건어물,성북시장,전통시장,부산광역시,3.0,3.0,,,RESOLVED_AGREEMENT,False,3,,,,
0cec4631146ded2b51e4,val,수산물,T2 동의어,q_수산물_05,활어,식료품 중 '수산물'을 판매·제공하는 매장,33fcfe82-65da-4161-af7b-f453b1659f5c,대구활어,활어,포항큰동해시장,전통시장,경상북도,3.0,0.0,,,P1_BINARY_THRESHOLD,True,,,,,
e2e586126e11dfae8324,val,수산물,T2 동의어,q_수산물_05,활어,식료품 중 '수산물'을 판매·제공하는 매장,0a690fe1-fa70-47b8-8a56-897985000883,후불활어,활어,죽도어시장,전통시장,경상북도,3.0,0.0,,,P1_BINARY_THRESHOLD,True,,,,,
5f4c5db5471cef7bbd07,val,수산물,T2 동의어,q_수산물_05,활어,식료품 중 '수산물'을 판매·제공하는 매장,baa9a304-b588-419c-abbc-67aa92bd5553,수평선,활어,민락어민활어직판장,자율상권구역,부산광역시,3.0,0.0,,,P1_BINARY_THRESHOLD,True,,,,,
1e682e3500550574fea5,val,수산물,T2 동의어,q_수산물_05,활어,식료품 중 '수산물'을 판매·제공하는 매장,00356e71-7b15-4a42-be60-f232011707b8,유한회사 덕재건재,건어물,가락몰골목형상점가,골목형상점가,서울특별시,3.0,3.0,,,RESOLVED_AGREEMENT,False,3,,,,
a66d954d02f01c44d251,val,수산물,T2 동의어,q_수산물_05,활어,식료품 중 '수산물'을 판매·제공하는 매장,536c7722-2e38-4868-b163-32e3ea78a567,잇샌드전대점,커피 전문점,전남대 상대 골목형상점가,골목형상점가,광주광역시,0.0,0.0,,,RESOLVED_AGREEMENT,False,0,,,,
7feb6747ed32987c9803,val,수산물,T2 동의어,q_수산물_05,활어,식료품 중 '수산물'을 판매·제공하는 매장,00f60c16-d8be-497f-80f2-aab3209a8d0e,포카포카,식당,전남여고후문 골목형상점가,골목형상점가,광주광역시,1.0,0.0,,,P2_GRADED_ONLY,True,,,,,
a95df959c1e7bf4a785b,val,수산물,T2 동의어,q_수산물_05,활어,식료품 중 '수산물'을 판매·제공하는 매장,009fbffe-11b3-4eba-b65a-696f4f59f079,인어횟집,횟집,목포북항상점가,자율상권구역,전라남도,1.0,2.0,,,P1_BINARY_THRESHOLD,True,,,,,
7ff8b018a4bb1ef369ca,val,수산물,T2 동의어,q_수산물_05,활어,식료품 중 '수산물'을 판매·제공하는 매장,45be43c9-177e-4f25-9959-0b08941ae2f0,마산활어,활어,다대씨-파크시장,전통시장,부산광역시,3.0,0.0,,,P1_BINARY_THRESHOLD,True,,,,,
9a3fe900f3ef3597eb39,val,수산물,T2 동의어,q_수산물_05,활어,식료품 중 '수산물'을 판매·제공하는 매장,009b69b5-365a-4958-87e7-f224f253b92a,동문올레횟집,횟집,동문수산시장,전통시장,제주특별자치도,1.0,2.0,,,P1_BINARY_THRESHOLD,True,,,,,
2d15689b16b06ca3c872,val,수산물,T2 동의어,q_수산물_05,활어,식료품 중 '수산물'을 판매·제공하는 매장,2d75f971-b24f-4b9a-8fc2-e8566ebfb17a,남해활어,활어,명지시장,전통시장,부산광역시,3.0,0.0,,,P1_BINARY_THRESHOLD,True,,,,,
237c38f547645057be26,val,수산물,T2 동의어,q_수산물_05,활어,식료품 중 '수산물'을 판매·제공하는 매장,333fa307-f61c-45a8-a79b-93fff676095e,대명어물,어물,서귀포향토오일시장,전통시장,제주특별자치도,3.0,0.0,,,P1_BINARY_THRESHOLD,True,,,,,
d209436c7071d780004b,val,수산물,T2 동의어,q_수산물_05,활어,식료품 중 '수산물'을 판매·제공하는 매장,a805f8f8-3fd0-404e-afb6-0c1f5270b61f,절굿대 story,한식,나주목사고을시장,전통시장,,0.0,0.0,,,RESOLVED_AGREEMENT,False,0,,,,
b562d11e781c89befc21,val,수산물,T2 동의어,q_수산물_05,활어,식료품 중 '수산물'을 판매·제공하는 매장,0130dbd3-b9ea-43f4-98fd-26d8afd90b78,모래내시장순대,식당,전주모래내시장,전통시장,전북특별자치도,1.0,0.0,,,P2_GRADED_ONLY,True,,,,,
0d65a822241bd8ae376f,val,수산물,T2 동의어,q_수산물_05,활어,식료품 중 '수산물'을 판매·제공하는 매장,6ce3af18-6be5-4967-8564-8cf536daebb0,일표상회,활어,자갈치시장,전통시장,부산광역시,3.0,3.0,,,RESOLVED_AGREEMENT,False,3,,,,
b2bfa10739baf88cf237,val,수산물,T2 동의어,q_수산물_05,활어,식료품 중 '수산물'을 판매·제공하는 매장,28a1db67-173e-4e0d-b3fd-69589c1b93a6,경일활어,활어,거제 능포 골목형상점가,골목형상점가,경상남도,3.0,0.0,,,P1_BINARY_THRESHOLD,True,,,,,
01b9f961134abffad9d8,val,수산물,T2 동의어,q_수산물_05,활어,식료품 중 '수산물'을 판매·제공하는 매장,7e39cfd5-ca2e-4a72-a681-900703d90f2e,대선활어,활어,다대씨-파크시장,전통시장,부산광역시,3.0,0.0,,,P1_BINARY_THRESHOLD,True,,,,,
73ea7fe626f7c2f1a174,val,수산물,T2 동의어,q_수산물_05,활어,식료품 중 '수산물'을 판매·제공하는 매장,03aae0f8-1157-4e00-999a-c0e9cb6dea3c,어성활어,활어,다대씨-파크시장,전통시장,부산광역시,3.0,0.0,,,P1_BINARY_THRESHOLD,True,,,,,
b699d58529041c3e9aa6,val,수산물,T2 동의어,q_수산물_05,활어,식료품 중 '수산물'을 판매·제공하는 매장,00fcc68d-3086-4b45-b998-f3763e8dbf7d,꼬치마요 산본역점(9호점),일식,산본로데오거리(구 산본중심상가),자율상권구역,경기도,1.0,0.0,,,P2_GRADED_ONLY,True,,,,,
ed9fe252341510d312fd,val,수산물,T2 동의어,q_수산물_05,활어,식료품 중 '수산물'을 판매·제공하는 매장,ba7a84af-d912-46a7-8a7f-20a27d673122,유림이네,의류,부천상동시장,전통시장,경기도,0.0,0.0,,,RESOLVED_AGREEMENT,False,0,,,,
f282a3713288e0b64af5,val,수산물,T2 동의어,q_수산물_05,활어,식료품 중 '수산물'을 판매·제공하는 매장,184f2ef8-644a-4527-b810-710f5f5a61e7,장안활어,활어,속초종합중앙시장,전통시장,강원특별자치도,3.0,0.0,,,P1_BINARY_THRESHOLD,True,,,,,
ffd54d6f58a2a84ee00f,val,수산물,T2 동의어,q_수산물_05,활어,식료품 중 '수산물'을 판매·제공하는 매장,f7976463-122c-4344-b5f2-be40f8ffeb0e,할매활어,활어,죽도어시장,전통시장,경상북도,3.0,0.0,,,P1_BINARY_THRESHOLD,True,,,,,
e267dc4176be7f3cf705,val,수산물,T2 동의어,q_수산물_05,활어,식료품 중 '수산물'을 판매·제공하는 매장,038f89c5-a204-4c80-9e31-9d22a3ba4c95,연스시,초밥,노은역 골목형상점가,골목형상점가,대전광역시,1.0,0.0,,,P2_GRADED_ONLY,True,,,,,
831cfa2cb6d609eaf9db,val,수산물,T2 동의어,q_수산물_05,활어,식료품 중 '수산물'을 판매·제공하는 매장,ec441f46-4484-4e57-b24b-46e5006262aa,숙모횟집,활어,기장시장,전통시장,부산광역시,3.0,3.0,,,RESOLVED_AGREEMENT,False,3,,,,
56976c7aafdb666a4f80,val,수산물,T2 동의어,q_수산물_05,활어,식료품 중 '수산물'을 판매·제공하는 매장,d506b581-e76c-4251-9f45-26bba32cce6b,사계절활어,활어,포항큰동해시장,전통시장,경상북도,3.0,0.0,,,P1_BINARY_THRESHOLD,True,,,,,
32a4e205aa31ebcff712,val,수산물,T2 동의어,q_수산물_05,활어,식료품 중 '수산물'을 판매·제공하는 매장,b0002a64-32ec-4ee6-b8fa-32f661924fca,찬희유통,"소매(밤,대추,견과류)",관악신사시장,전통시장,서울특별시,0.0,0.0,,,RESOLVED_AGREEMENT,False,0,,,,
f6a7a874b22aeb782ad1,val,수산물,T2 동의어,q_수산물_05,활어,식료품 중 '수산물'을 판매·제공하는 매장,0bf687ec-4ea8-4932-a2c4-401f28aab97f,중앙어물,어물,모슬포 중앙시장,전통시장,제주특별자치도,3.0,0.0,,,P1_BINARY_THRESHOLD,True,,,,,
31560c360971c918de89,val,수산물,T2 동의어,q_수산물_05,활어,식료품 중 '수산물'을 판매·제공하는 매장,c90e02fe-c36b-4d8f-adae-b684c0ff6844,산청활어,활어,통영중앙전통시장,전통시장,경상남도,3.0,0.0,,,P1_BINARY_THRESHOLD,True,,,,,
eaed4b74e15e9e01da46,val,수산물,T2 동의어,q_수산물_05,활어,식료품 중 '수산물'을 판매·제공하는 매장,fdae99a8-8c74-4674-9443-3e4a5b187651,남문상회,소매업(건어물),수원못골종합시장,전통시장,경기도,3.0,3.0,,,RESOLVED_AGREEMENT,False,3,,,,
6d299fec36cca5a5868f,val,수산물,T2 동의어,q_수산물_05,활어,식료품 중 '수산물'을 판매·제공하는 매장,005eb589-94b0-4a7e-b4e4-ef8cf64b0762,스시쿄다이,일식,동홍8번가 골목형상점가,골목형상점가,제주특별자치도,1.0,0.0,,,P2_GRADED_ONLY,True,,,,,
2a657e141f2cbc2726bb,val,수산물,T2 동의어,q_수산물_05,활어,식료품 중 '수산물'을 판매·제공하는 매장,0004c5f7-95e0-45be-9f06-a705b8113ff0,의창수협67번중도매인,활어,진해 용원어시장상점가,자율상권구역,경상남도,3.0,0.0,,,P1_BINARY_THRESHOLD,True,,,,,
81f1a07f6c684bd0a299,val,수산물,T2 동의어,q_수산물_05,활어,식료품 중 '수산물'을 판매·제공하는 매장,0ae6b3b4-b9d4-447a-b0d3-676ed84f2b5f,둘셋활어,활어,마산어시장,전통시장,경상남도,3.0,0.0,,,P1_BINARY_THRESHOLD,True,,,,,
4329955bd1364d738321,val,수산물,T2 동의어,q_수산물_05,활어,식료품 중 '수산물'을 판매·제공하는 매장,013d58c8-33f8-4dbe-95de-801d22ea9505,민영활어공장 부천자유시장점,"회, 초밥",부천자유시장,전통시장,경기도,1.0,3.0,,,P1_BINARY_THRESHOLD,True,,,,,
3a7e4c56f06189458f45,val,수산물,T2 동의어,q_수산물_05,활어,식료품 중 '수산물'을 판매·제공하는 매장,f6b546d9-d551-4cf1-80d8-e70cd4f26c9f,고현활어,활어,거제 고현시장,전통시장,경상남도,3.0,0.0,,,P1_BINARY_THRESHOLD,True,,,,,
35bde403d64944195616,val,수산물,T2 동의어,q_수산물_05,활어,식료품 중 '수산물'을 판매·제공하는 매장,bc421b70-06ad-4c5f-9992-8ba4d619ee12,시장활어,활어,거제 고현시장,전통시장,경상남도,3.0,0.0,,,P1_BINARY_THRESHOLD,True,,,,,
cae854971443716c7732,val,수산물,T2 동의어,q_수산물_05,활어,식료품 중 '수산물'을 판매·제공하는 매장,ed58640e-09ef-452a-98d9-2519a20ed7e6,박현내과의원,의원,지범골목먹거리타운 골목형상점가,골목형상점가,대구광역시,0.0,0.0,,,RESOLVED_AGREEMENT,False,0,,,,
1644822f9488be67ae41,val,수산물,T2 동의어,q_수산물_05,활어,식료품 중 '수산물'을 판매·제공하는 매장,d323d835-1296-4048-8620-fb0a65d2c9d1,동창활어,활어,다대씨-파크시장,전통시장,부산광역시,3.0,0.0,,,P1_BINARY_THRESHOLD,True,,,,,
65fae15ce7d1659923e7,val,수산물,T2 동의어,q_수산물_05,활어,식료품 중 '수산물'을 판매·제공하는 매장,d7084cd4-6428-4d07-b726-8c5b895a841e,일광활어,활어,다대씨-파크시장,전통시장,부산광역시,3.0,0.0,,,P1_BINARY_THRESHOLD,True,,,,,
1fa802abdbcee9cf88ae,val,수산물,T2 동의어,q_수산물_05,활어,식료품 중 '수산물'을 판매·제공하는 매장,00298213-17ea-453a-b6e6-375d9ef636b6,대양농수산,농수산물,부평깡시장,전통시장,인천광역시,3.0,3.0,,,RESOLVED_AGREEMENT,False,3,,,,
6d9ed7bb8dceec9a8e63,val,수산물,T2 동의어,q_수산물_05,활어,식료품 중 '수산물'을 판매·제공하는 매장,1ed3e38d-188f-46b8-b17c-b60df9c319b4,화도활어,활어,포항죽도시장,전통시장,경상북도,3.0,0.0,,,P1_BINARY_THRESHOLD,True,,,,,
8a26ae1e5f0baf9b75ba,val,수산물,T2 동의어,q_수산물_05,활어,식료품 중 '수산물'을 판매·제공하는 매장,b4abf5bc-d8c2-4905-a42d-1408fe25d8aa,가：령,활어,테라스파크상가 골목형상점가,골목형상점가,울산광역시,3.0,0.0,,,P1_BINARY_THRESHOLD,True,,,,,
b9d909ea77512737b325,val,수산물,T2 동의어,q_수산물_05,활어,식료품 중 '수산물'을 판매·제공하는 매장,010c1855-b46f-4e37-b975-8115c4249b0f,용궁횟집,,자갈치시장,전통시장,부산광역시,3.0,2.0,,,P2_GRADED_ONLY,True,,,,,
1ff2e187ded551a8d157,val,수산물,T2 동의어,q_수산물_05,활어,식료품 중 '수산물'을 판매·제공하는 매장,eb653e8e-1931-4d1b-bfb3-0bc8db976575,짱초장(활어),활어,통영중앙전통시장,전통시장,경상남도,3.0,0.0,,,P1_BINARY_THRESHOLD,True,,,,,
ec1dc666b2affe118122,val,수산물,T2 동의어,q_수산물_05,활어,식료품 중 '수산물'을 판매·제공하는 매장,89b022a8-9ae6-4fac-9fb7-7bf7db5d49c5,순선활어,활어,통영 서호전통시장,전통시장,경상남도,3.0,0.0,,,P1_BINARY_THRESHOLD,True,,,,,
dce2b89734709a94fbe6,val,수산물,T2 동의어,q_수산물_05,활어,식료품 중 '수산물'을 판매·제공하는 매장,00445369-fa3a-4cd3-ae3a-6564876f4199,용수상회,수산물,서문시장건해산물상가,전통시장,대구광역시,3.0,3.0,,,RESOLVED_AGREEMENT,False,3,,,,
3e5f8c8d38d4b63083f3,val,수산물,T2 동의어,q_수산물_05,활어,식료품 중 '수산물'을 판매·제공하는 매장,f6ed574f-87ad-447e-8569-c17fdc90315c,죽림활어,활어,거제 읍내시장,전통시장,경상남도,3.0,0.0,,,P1_BINARY_THRESHOLD,True,,,,,
7cf42c8a8d70a5682e5d,val,수산물,T2 동의어,q_수산물_05,활어,식료품 중 '수산물'을 판매·제공하는 매장,c9137f38-2d07-47e3-831b-3c296e750045,문강,활어,통영중앙전통시장,전통시장,경상남도,3.0,0.0,,,P1_BINARY_THRESHOLD,True,,,,,
216a3f4801f1c2d120b6,val,수산물,T2 동의어,q_수산물_05,활어,식료품 중 '수산물'을 판매·제공하는 매장,b1d8d047-142a-432f-96f4-8ee5fd49b476,은영활어,활어,다대씨-파크시장,전통시장,부산광역시,3.0,0.0,,,P1_BINARY_THRESHOLD,True,,,,,
a386c7a4e63f6e6c7518,val,수산물,T2 동의어,q_수산물_05,활어,식료품 중 '수산물'을 판매·제공하는 매장,01286ec0-50e0-4540-b678-ec706fb3bcbb,설곰식당,식당,산업용재관,전통시장,대구광역시,1.0,0.0,,,P2_GRADED_ONLY,True,,,,,
1ea9224e2878cfc409a6,val,수산물,T2 동의어,q_수산물_05,활어,식료품 중 '수산물'을 판매·제공하는 매장,c8e5957b-8fb3-4235-9c24-378bb566722b,성활횟집,활어,기장시장 일원 자율상권구역,상권활성화구역,부산광역시,3.0,3.0,,,RESOLVED_AGREEMENT,False,3,,,,
bc8621af1a5c335837d3,val,수산물,T2 동의어,q_수산물_05,활어,식료품 중 '수산물'을 판매·제공하는 매장,0016aa1a-5730-45a0-b427-06b0f51fc005,든든한밥상,농수산물,화산면 골목형상점가,골목형상점가,전라남도,3.0,3.0,,,RESOLVED_AGREEMENT,False,3,,,,
387b44813f561725ada8,val,수산물,T2 동의어,q_수산물_05,활어,식료품 중 '수산물'을 판매·제공하는 매장,00a40df6-e218-4c9e-951f-b2c1a3ee676e,영흥수산,생선,가락몰골목형상점가,골목형상점가,서울특별시,3.0,3.0,,,RESOLVED_AGREEMENT,False,3,,,,
f342caf102551ba0c43a,val,수산물,T2 동의어,q_수산물_05,활어,식료품 중 '수산물'을 판매·제공하는 매장,30d5afbc-fd4b-49bb-9e1c-2469652e5921,추씨어물점,어물,영천공설시장,전통시장,경상북도,3.0,0.0,,,P1_BINARY_THRESHOLD,True,,,,,
0196cd10277bd9555392,val,수산물,T2 동의어,q_수산물_05,활어,식료품 중 '수산물'을 판매·제공하는 매장,c2dfa8ba-a111-4410-862b-3ec3098d8d64,울릉활어,활어,죽도어시장,전통시장,경상북도,3.0,0.0,,,P1_BINARY_THRESHOLD,True,,,,,
88394db93c901596ed64,val,수산물,T2 동의어,q_수산물_05,활어,식료품 중 '수산물'을 판매·제공하는 매장,0dc619f3-9bbf-4f6e-9ee8-26ba01894e44,지연이네 활어,활어,죽도어시장,전통시장,경상북도,3.0,0.0,,,P1_BINARY_THRESHOLD,True,,,,,
471f6f520d52857e4801,val,수산물,T2 동의어,q_수산물_05,활어,식료품 중 '수산물'을 판매·제공하는 매장,004032ef-2ae7-4e97-ac30-b12a0869e930,시장횟집,횟집,광양매일시장(광양상설시장),전통시장,전라남도,1.0,2.0,,,P1_BINARY_THRESHOLD,True,,,,,
c8b77dab77215af0e8f1,val,수산물,T2 동의어,q_수산물_05,활어,식료품 중 '수산물'을 판매·제공하는 매장,2fb31573-fbe9-48e0-850c-19ec1b662551,오좌불식당,활어,동울산만세대 골목형상점가,골목형상점가,울산광역시,3.0,0.0,,,P1_BINARY_THRESHOLD,True,,,,,
fec851748db0ddf7f458,val,수산물,T2 동의어,q_수산물_06,횟집,식료품 중 '수산물'을 판매·제공하는 매장,013d58c8-33f8-4dbe-95de-801d22ea9505,민영활어공장 부천자유시장점,"회, 초밥",부천자유시장,전통시장,경기도,3.0,3.0,,,RESOLVED_AGREEMENT,False,3,,,,
fbcb1d46d28eb9269520,val,수산물,T2 동의어,q_수산물_06,횟집,식료품 중 '수산물'을 판매·제공하는 매장,ae57ce10-2312-4b87-9b26-44289956eb30,미향횟집,횟집,고한구공탄시장(고한시장),전통시장,강원특별자치도,3.0,3.0,,,RESOLVED_AGREEMENT,False,3,,,,
159a5c25dd639f9e9624,val,수산물,T2 동의어,q_수산물_06,횟집,식료품 중 '수산물'을 판매·제공하는 매장,00356e71-7b15-4a42-be60-f232011707b8,유한회사 덕재건재,건어물,가락몰골목형상점가,골목형상점가,서울특별시,1.0,3.0,,,P1_BINARY_THRESHOLD,True,,,,,
3f50d3be5680b976ba51,val,수산물,T2 동의어,q_수산물_06,횟집,식료품 중 '수산물'을 판매·제공하는 매장,6c910125-869d-4529-a201-c323efd80aaa,제일횟집,횟집,강릉중앙시장,전통시장,강원특별자치도,3.0,3.0,,,RESOLVED_AGREEMENT,False,3,,,,
6d94c5b2eb2e72fdee37,val,수산물,T2 동의어,q_수산물_06,횟집,식료품 중 '수산물'을 판매·제공하는 매장,00a40df6-e218-4c9e-951f-b2c1a3ee676e,영흥수산,생선,가락몰골목형상점가,골목형상점가,서울특별시,1.0,3.0,,,P1_BINARY_THRESHOLD,True,,,,,
36dd2d0f0e11963fea18,val,수산물,T2 동의어,q_수산물_06,횟집,식료품 중 '수산물'을 판매·제공하는 매장,00527b0b-893c-4d64-862e-3ef8113d07fb,해선언니네,건어물,용상공설시장,전통시장,경상북도,1.0,3.0,,,P1_BINARY_THRESHOLD,True,,,,,
07e85ea1f3cf2ac92155,val,수산물,T2 동의어,q_수산물_06,횟집,식료품 중 '수산물'을 판매·제공하는 매장,eaefe75d-8196-410a-bbc6-58d6a08ed57c,우리횟집,횟집,고성시장,전통시장,경상남도,3.0,3.0,,,RESOLVED_AGREEMENT,False,3,,,,
95a457e01ad6bfb61d3b,val,수산물,T2 동의어,q_수산물_06,횟집,식료품 중 '수산물'을 판매·제공하는 매장,f627cdde-f33e-4499-b577-0a03da823a6f,용횟집,횟집,목포신중앙시장,전통시장,전라남도,3.0,3.0,,,RESOLVED_AGREEMENT,False,3,,,,
9cec7854ebe5630aea6f,val,수산물,T2 동의어,q_수산물_06,횟집,식료품 중 '수산물'을 판매·제공하는 매장,c6e1a79a-5d0d-4d0b-a731-784721d726ed,동궁찜닭 여주점,찜닭,먹자골음식문화의거리(창동먹자골상점가),자율상권구역,경기도,0.0,0.0,,,RESOLVED_AGREEMENT,False,0,,,,
a87d372fb6b9837ed7d0,val,수산물,T2 동의어,q_수산물_06,횟집,식료품 중 '수산물'을 판매·제공하는 매장,a5dd13ad-98c4-4bcf-a8ce-4c74b7f16aec,청호횟집,횟집,양산 덕계종합상설시장,전통시장,경상남도,3.0,3.0,,,RESOLVED_AGREEMENT,False,3,,,,
4b8473cc6620ca495e3d,val,수산물,T2 동의어,q_수산물_06,횟집,식료품 중 '수산물'을 판매·제공하는 매장,00cd5dee-c068-48da-bc58-a704d5fe8832,윤석수산,수산물 활어회 생선 게종류 젓갈 갑각류 해산물 등등,대공원시장,전통시장,대구광역시,1.0,3.0,,,P1_BINARY_THRESHOLD,True,,,,,
b92d23f8ca29772a16bc,val,수산물,T2 동의어,q_수산물_06,횟집,식료품 중 '수산물'을 판매·제공하는 매장,e907cba0-b80b-4d34-930b-097e4c8ce336,대명횟집,횟집,대명항 골목형상점가,골목형상점가,경기도,3.0,3.0,,,RESOLVED_AGREEMENT,False,3,,,,
5ae02da759825af02af0,val,수산물,T2 동의어,q_수산물_06,횟집,식료품 중 '수산물'을 판매·제공하는 매장,dcc5cd76-ff26-4f15-ac97-781227f4c25d,청량,횟집,광덕시장,전통시장,대구광역시,3.0,3.0,,,RESOLVED_AGREEMENT,False,3,,,,
aa838718230b8eba4d0d,val,수산물,T2 동의어,q_수산물_06,횟집,식료품 중 '수산물'을 판매·제공하는 매장,0c360fc4-2e27-490e-a4b4-92d5f481db4b,서부횟집,횟집,진주 새서부시장,전통시장,경상남도,3.0,3.0,,,RESOLVED_AGREEMENT,False,3,,,,
5c88dcdb61ca9cd45282,val,수산물,T2 동의어,q_수산물_06,횟집,식료품 중 '수산물'을 판매·제공하는 매장,da487b14-9c32-4723-a6cd-7c998d74af36,칠암횟집,횟집,양산 덕계종합상설시장,전통시장,경상남도,3.0,3.0,,,RESOLVED_AGREEMENT,False,3,,,,
cba7ef6cf4da6b30d244,val,수산물,T2 동의어,q_수산물_06,횟집,식료품 중 '수산물'을 판매·제공하는 매장,10669284-9ac9-4930-b2f9-8234ce5615a0,청송횟집,횟집,연일골목시장상점가,자율상권구역,부산광역시,3.0,3.0,,,RESOLVED_AGREEMENT,False,3,,,,
f9f196c5a676188fffba,val,수산물,T2 동의어,q_수산물_06,횟집,식료품 중 '수산물'을 판매·제공하는 매장,00f60c16-d8be-497f-80f2-aab3209a8d0e,포카포카,식당,전남여고후문 골목형상점가,골목형상점가,광주광역시,3.0,0.0,,,P1_BINARY_THRESHOLD,True,,,,,
bde804987b9444fe3f8e,val,수산물,T2 동의어,q_수산물_06,횟집,식료품 중 '수산물'을 판매·제공하는 매장,7392d9fc-4f76-4f3b-a267-7f19b331ef2e,왕뻐꾹횟집,횟집,민락회타운시장,전통시장,부산광역시,3.0,3.0,,,RESOLVED_AGREEMENT,False,3,,,,
f1b83346485a4c4f05e4,val,수산물,T2 동의어,q_수산물_06,횟집,식료품 중 '수산물'을 판매·제공하는 매장,30d5afbc-fd4b-49bb-9e1c-2469652e5921,추씨어물점,어물,영천공설시장,전통시장,경상북도,1.0,0.0,,,P2_GRADED_ONLY,True,,,,,
edf64e3d4068d70f5c5b,val,수산물,T2 동의어,q_수산물_06,횟집,식료품 중 '수산물'을 판매·제공하는 매장,333fa307-f61c-45a8-a79b-93fff676095e,대명어물,어물,서귀포향토오일시장,전통시장,제주특별자치도,1.0,0.0,,,P2_GRADED_ONLY,True,,,,,
a2f39d4a160a0bc3d335,val,수산물,T2 동의어,q_수산물_06,횟집,식료품 중 '수산물'을 판매·제공하는 매장,e527f36e-9998-456b-896f-03491860364a,당황포횟집,횟집,고성시장,전통시장,경상남도,3.0,3.0,,,RESOLVED_AGREEMENT,False,3,,,,
7750092201c6d299d3a9,val,수산물,T2 동의어,q_수산물_06,횟집,식료품 중 '수산물'을 판매·제공하는 매장,0027eaf6-093b-4df4-9457-4f1081537ff3,충무꼭지횟집,횟집,초량전통시장,전통시장,부산광역시,3.0,3.0,,,RESOLVED_AGREEMENT,False,3,,,,
00229f2467d416787737,val,수산물,T2 동의어,q_수산물_06,횟집,식료품 중 '수산물'을 판매·제공하는 매장,6be80e57-d708-4ed7-b719-58a82434f406,대어횟집,횟집,민락회타운시장,전통시장,부산광역시,3.0,3.0,,,RESOLVED_AGREEMENT,False,3,,,,
ce54515d06737702a07e,val,수산물,T2 동의어,q_수산물_06,횟집,식료품 중 '수산물'을 판매·제공하는 매장,3d1bb24f-1ceb-4e61-9009-b33ecf6e2374,정명관,소고기 돼지고기 배추김치 두부 쌀 꽃게 낙지,하남대로,골목형상점가,광주광역시,0.0,3.0,,,P1_BINARY_THRESHOLD,True,,,,,
6ec2c4a27663c60e4bee,val,수산물,T2 동의어,q_수산물_06,횟집,식료품 중 '수산물'을 판매·제공하는 매장,b171911b-93ec-4508-a384-20ebd9b5631a,이모횟집,횟집,목2동시장,전통시장,서울특별시,3.0,3.0,,,RESOLVED_AGREEMENT,False,3,,,,
b89f5490b8b3e9c2342f,val,수산물,T2 동의어,q_수산물_06,횟집,식료품 중 '수산물'을 판매·제공하는 매장,bec45cf3-d681-4dbf-adf7-dc84168e0959,회몽,횟집,온화 골목형 상점가,골목형상점가,충청남도,3.0,3.0,,,RESOLVED_AGREEMENT,False,3,,,,
d69dde1072fe1085473a,val,수산물,T2 동의어,q_수산물_06,횟집,식료품 중 '수산물'을 판매·제공하는 매장,dfb7947a-fd6a-4696-8b09-98ff7d3f3263,영덕횟집,횟집,양학시장,전통시장,경상북도,3.0,3.0,,,RESOLVED_AGREEMENT,False,3,,,,
06887117b78dc2bc483e,val,수산물,T2 동의어,q_수산물_06,횟집,식료품 중 '수산물'을 판매·제공하는 매장,0004c5f7-95e0-45be-9f06-a705b8113ff0,의창수협67번중도매인,활어,진해 용원어시장상점가,자율상권구역,경상남도,1.0,0.0,,,P2_GRADED_ONLY,True,,,,,
16a67ce150665b0822c7,val,수산물,T2 동의어,q_수산물_06,횟집,식료품 중 '수산물'을 판매·제공하는 매장,001ec0bf-0eda-4aa8-8efc-a90930649cf5,원프룻,농수산물,정이있는 구포시장,전통시장,부산광역시,1.0,3.0,,,P1_BINARY_THRESHOLD,True,,,,,
2f1ccb17e918c853f393,val,수산물,T2 동의어,q_수산물_06,횟집,식료품 중 '수산물'을 판매·제공하는 매장,0130dbd3-b9ea-43f4-98fd-26d8afd90b78,모래내시장순대,식당,전주모래내시장,전통시장,전북특별자치도,3.0,0.0,,,P1_BINARY_THRESHOLD,True,,,,,
97c113d8395fa59a19b3,val,수산물,T2 동의어,q_수산물_06,횟집,식료품 중 '수산물'을 판매·제공하는 매장,004032ef-2ae7-4e97-ac30-b12a0869e930,시장횟집,횟집,광양매일시장(광양상설시장),전통시장,전라남도,3.0,3.0,,,RESOLVED_AGREEMENT,False,3,,,,
0b013ac6e5e511041d94,val,수산물,T2 동의어,q_수산물_06,횟집,식료품 중 '수산물'을 판매·제공하는 매장,9045b4b2-74c9-4041-b9d9-66cfb88d03bd,회담횟집,횟집,하남 골목형상점가,골목형상점가,광주광역시,3.0,3.0,,,RESOLVED_AGREEMENT,False,3,,,,
fd7340d9b6e40b0cd510,val,수산물,T2 동의어,q_수산물_06,횟집,식료품 중 '수산물'을 판매·제공하는 매장,8ea9b56f-3973-44ad-a788-7dec08969fad,영종섬,횟집,은하수길골목형상점가,골목형상점가,인천광역시,3.0,3.0,,,RESOLVED_AGREEMENT,False,3,,,,
0307e172afba7a401d8a,val,수산물,T2 동의어,q_수산물_06,횟집,식료품 중 '수산물'을 판매·제공하는 매장,953255ff-1fab-448f-8192-8d15961d51cf,복고풍,횟집,금암동 골목형상점가,골목형상점가,충청남도,3.0,3.0,,,RESOLVED_AGREEMENT,False,3,,,,
4d7b8b3a5199c3f4f681,val,수산물,T2 동의어,q_수산물_06,횟집,식료품 중 '수산물'을 판매·제공하는 매장,131d6ea8-4652-4f8a-a8cc-ec1b72baeec1,사직횟집,횟집,사직시장,전통시장,부산광역시,3.0,3.0,,,RESOLVED_AGREEMENT,False,3,,,,
5daa14a06ba4864220ed,val,수산물,T2 동의어,q_수산물_06,횟집,식료품 중 '수산물'을 판매·제공하는 매장,009b69b5-365a-4958-87e7-f224f253b92a,동문올레횟집,횟집,동문수산시장,전통시장,제주특별자치도,3.0,3.0,,,RESOLVED_AGREEMENT,False,3,,,,
d883a12d3b1740d7cbf4,val,수산물,T2 동의어,q_수산물_06,횟집,식료품 중 '수산물'을 판매·제공하는 매장,e6b549b3-6b52-4adc-919b-c35b70122bb5,해단횟집,횟집,고성시장,전통시장,경상남도,3.0,3.0,,,RESOLVED_AGREEMENT,False,3,,,,
cecda7aaf40e58c84dfe,val,수산물,T2 동의어,q_수산물_06,횟집,식료품 중 '수산물'을 판매·제공하는 매장,00ac75c4-6e3f-4d23-8a6a-1dc8ba294b85,우진수산,"수산물, 활어",효자시장,전통시장,경상북도,1.0,3.0,,,P1_BINARY_THRESHOLD,True,,,,,
bf2b05f852c1b2f8c7ca,val,수산물,T2 동의어,q_수산물_06,횟집,식료품 중 '수산물'을 판매·제공하는 매장,002e7e87-5677-44ca-85c4-9e5b87e7994f,한양수산,생선,안중시장,전통시장,경기도,1.0,3.0,,,P1_BINARY_THRESHOLD,True,,,,,
8175c9b69628db4a0a68,val,수산물,T2 동의어,q_수산물_06,횟집,식료품 중 '수산물'을 판매·제공하는 매장,e0dd98b6-7686-4842-9bd1-a200850df9a5,무명네,횟집,구룡포시장,전통시장,경상북도,3.0,3.0,,,RESOLVED_AGREEMENT,False,3,,,,
7a974614dfe7933e47f2,val,수산물,T2 동의어,q_수산물_06,횟집,식료품 중 '수산물'을 판매·제공하는 매장,158dfbc5-78dd-4455-a849-373cc4d3dbb1,남해횟집,횟집,자갈치해안시장,전통시장,부산광역시,3.0,3.0,,,RESOLVED_AGREEMENT,False,3,,,,
51757047fd5706f56b6c,val,수산물,T2 동의어,q_수산물_06,횟집,식료품 중 '수산물'을 판매·제공하는 매장,007aece5-08b8-4eb0-b4c6-18d451eadcfd,영남상회,건어물,동쪽바다중앙시장(구 동해중앙시장),전통시장,강원특별자치도,1.0,3.0,,,P1_BINARY_THRESHOLD,True,,,,,
7997de3116abe2b9ec29,val,수산물,T2 동의어,q_수산물_06,횟집,식료품 중 '수산물'을 판매·제공하는 매장,df5ccb2e-3f0b-4ef2-a94d-ba8e09739206,사강횟집,횟집,사강시장,전통시장,경기도,3.0,3.0,,,RESOLVED_AGREEMENT,False,3,,,,
ed92f85e34f50f444164,val,수산물,T2 동의어,q_수산물_06,횟집,식료품 중 '수산물'을 판매·제공하는 매장,03cbd591-5ee7-4f9b-842e-8dc427925406,신흥상회,어물,상주중앙시장,전통시장,경상북도,1.0,3.0,,,P1_BINARY_THRESHOLD,True,,,,,
d97d4b2d2d9747f1f7f6,val,수산물,T2 동의어,q_수산물_06,횟집,식료품 중 '수산물'을 판매·제공하는 매장,0019e966-8007-4603-957c-4e9adcd1f05a,부남수산,수산물,서산동부전통시장,전통시장,충청남도,1.0,3.0,,,P1_BINARY_THRESHOLD,True,,,,,
ed68de739fe0406e50a8,val,수산물,T2 동의어,q_수산물_06,횟집,식료품 중 '수산물'을 판매·제공하는 매장,038f89c5-a204-4c80-9e31-9d22a3ba4c95,연스시,초밥,노은역 골목형상점가,골목형상점가,대전광역시,3.0,0.0,,,P1_BINARY_THRESHOLD,True,,,,,
7a40e4347a0c781442d1,val,수산물,T2 동의어,q_수산물_06,횟집,식료품 중 '수산물'을 판매·제공하는 매장,dc54577f-5512-40ea-938a-7e2b66812f9a,은총수산,횟집,강릉중앙시장,전통시장,강원특별자치도,3.0,3.0,,,RESOLVED_AGREEMENT,False,3,,,,
c7f36637501a615f26c9,val,수산물,T2 동의어,q_수산물_06,횟집,식료품 중 '수산물'을 판매·제공하는 매장,617cb765-11f4-4a2e-b534-3d8a1df84139,남해횟집,횟집,초량상가시장,전통시장,부산광역시,3.0,3.0,,,RESOLVED_AGREEMENT,False,3,,,,
fced06d64c6ddcdc7fc5,val,수산물,T2 동의어,q_수산물_06,횟집,식료품 중 '수산물'을 판매·제공하는 매장,04f71857-15fb-45fe-b0cb-03e85969eaec,명성맛집,횟집,(주)여수수산시장,전통시장,전라남도,3.0,3.0,,,RESOLVED_AGREEMENT,False,3,,,,
b5cd61baeb539a2e5fb0,val,수산물,T2 동의어,q_수산물_06,횟집,식료품 중 '수산물'을 판매·제공하는 매장,f1098911-984b-4471-b443-b890ede81283,진주횟집,횟집,정이있는 구포시장,전통시장,부산광역시,3.0,3.0,,,RESOLVED_AGREEMENT,False,3,,,,
83cd5afef904518751a2,val,수산물,T2 동의어,q_수산물_06,횟집,식료품 중 '수산물'을 판매·제공하는 매장,3526958d-da64-4c90-a75c-c55162fbe0d3,최씨어물전,,영천공설시장,전통시장,경상북도,2.0,0.0,,,P1_BINARY_THRESHOLD,True,,,,,
44c34c63d41cf9351ad8,val,수산물,T2 동의어,q_수산물_06,횟집,식료품 중 '수산물'을 판매·제공하는 매장,c2092d5c-bffa-4aa9-955d-d75257147e01,진해횟집,횟집,마산어시장,전통시장,경상남도,3.0,3.0,,,RESOLVED_AGREEMENT,False,3,,,,
9a37a3beb1f48ddecf91,val,수산물,T2 동의어,q_수산물_06,횟집,식료품 중 '수산물'을 판매·제공하는 매장,82484670-6b6a-4f80-9069-bbe414ad7f43,일호횟집,횟집,마산어시장,전통시장,경상남도,3.0,3.0,,,RESOLVED_AGREEMENT,False,3,,,,
c07f5410881ccee05880,val,수산물,T2 동의어,q_수산물_06,횟집,식료품 중 '수산물'을 판매·제공하는 매장,ae3ce63c-2ae2-4c95-b67a-4128f47013a0,칼언니횟집,"수산물, 횟집",강릉중앙시장,전통시장,강원특별자치도,3.0,3.0,,,RESOLVED_AGREEMENT,False,3,,,,
5f895a01aff24f4d86ec,val,수산물,T2 동의어,q_수산물_06,횟집,식료품 중 '수산물'을 판매·제공하는 매장,01286ec0-50e0-4540-b678-ec706fb3bcbb,설곰식당,식당,산업용재관,전통시장,대구광역시,3.0,0.0,,,P1_BINARY_THRESHOLD,True,,,,,
e25e9970e199f9837cdf,val,수산물,T2 동의어,q_수산물_06,횟집,식료품 중 '수산물'을 판매·제공하는 매장,dfbe4ff1-ec4c-48dd-976e-ee54076a1331,김진사횟집,횟집,마산어시장,전통시장,경상남도,3.0,3.0,,,RESOLVED_AGREEMENT,False,3,,,,
8fcca6fa7f1d7dccd69a,val,수산물,T2 동의어,q_수산물_06,횟집,식료품 중 '수산물'을 판매·제공하는 매장,5ac241ca-13bd-45ab-8dac-b6281a479299,남영철물페인트,철물 페인트,중흥청춘로 골목형상점가,골목형상점가,광주광역시,0.0,0.0,,,RESOLVED_AGREEMENT,False,0,,,,
7983f3dd9b1965718638,val,수산물,T2 동의어,q_수산물_06,횟집,식료품 중 '수산물'을 판매·제공하는 매장,d5b7d36b-244d-4279-8ce9-c0e98d1d6a29,삼성횟집,횟집,다대씨-파크시장,전통시장,부산광역시,3.0,3.0,,,RESOLVED_AGREEMENT,False,3,,,,
74d54be248bda2c8de6f,val,수산물,T2 동의어,q_수산물_06,횟집,식료품 중 '수산물'을 판매·제공하는 매장,00a0d437-836b-453d-b15e-55fbf7dc8460,대박수산,생선,청주육거리종합시장,전통시장,충청북도,1.0,3.0,,,P1_BINARY_THRESHOLD,True,,,,,
762d8fcd16c2414d6882,val,수산물,T2 동의어,q_수산물_06,횟집,식료품 중 '수산물'을 판매·제공하는 매장,8a565dc6-1862-4efa-a3ab-1b1aa694ce2c,부일횟집,횟집,백년소상공인,,경상남도,3.0,3.0,,,RESOLVED_AGREEMENT,False,3,,,,
e4d377e0b8fdfc3dd9ac,val,수산물,T2 동의어,q_수산물_06,횟집,식료품 중 '수산물'을 판매·제공하는 매장,00779863-22b7-4378-adca-42362eff7e3f,장복횟집.수산,생선회,"안면도수산시장(구, 안면도장터)",전통시장,충청남도,1.0,3.0,,,P1_BINARY_THRESHOLD,True,,,,,
f688da93407bf6443091,val,수산물,T2 동의어,q_수산물_06,횟집,식료품 중 '수산물'을 판매·제공하는 매장,c4220bb1-c2cb-4267-a773-99195fc914bd,의령횟집,횟집,창원 토월복합상가시장,전통시장,경상남도,3.0,3.0,,,RESOLVED_AGREEMENT,False,3,,,,
2161ac5f74a8f77a7fcc,val,수산물,T2 동의어,q_수산물_06,횟집,식료품 중 '수산물'을 판매·제공하는 매장,99e1975d-8928-451c-b74f-bb22bf818a40,이영희패션,여성의류,동두천중앙시장,전통시장,경기도,0.0,0.0,,,RESOLVED_AGREEMENT,False,0,,,,
f779f84d1686291f594e,val,수산물,T2 동의어,q_수산물_06,횟집,식료품 중 '수산물'을 판매·제공하는 매장,55669630-5c38-4af7-8fc1-d6698a7cd4e0,썬빈횟집,횟집,주문진건어물시장,전통시장,강원특별자치도,3.0,3.0,,,RESOLVED_AGREEMENT,False,3,,,,
292d6c1664655e9c49ec,val,수산물,T2 동의어,q_수산물_06,횟집,식료품 중 '수산물'을 판매·제공하는 매장,f5633003-c2f6-4c1f-bca3-81bf947f6055,해구신,횟집,인천모래내전통시장,전통시장,인천광역시,3.0,3.0,,,RESOLVED_AGREEMENT,False,3,,,,
ace852f5aeb3d557705d,val,수산물,T2 동의어,q_수산물_06,횟집,식료품 중 '수산물'을 판매·제공하는 매장,010c1855-b46f-4e37-b975-8115c4249b0f,용궁횟집,,자갈치시장,전통시장,부산광역시,3.0,3.0,,,RESOLVED_AGREEMENT,False,3,,,,
469d1c936fc4838f4942,val,수산물,T2 동의어,q_수산물_06,횟집,식료품 중 '수산물'을 판매·제공하는 매장,00bd252b-19f9-4e9a-bf26-b45280bb84ae,선옥상회,생선,고성 공룡시장,전통시장,경상남도,1.0,3.0,,,P1_BINARY_THRESHOLD,True,,,,,
6b862fd9e28b3caee691,val,수산물,T2 동의어,q_수산물_06,횟집,식료품 중 '수산물'을 판매·제공하는 매장,2de98a50-cbe4-45a1-af37-8539af07261a,곰포횟집,횟집,민락회타운시장,전통시장,부산광역시,3.0,3.0,,,RESOLVED_AGREEMENT,False,3,,,,
2d1dd956eb66d3fa70a8,val,수산물,T2 동의어,q_수산물_06,횟집,식료품 중 '수산물'을 판매·제공하는 매장,016ddf29-de07-40e1-a642-8c2a45a6f19d,연희어시장,횟집,연희로 골목형상점가,골목형상점가,인천광역시,3.0,3.0,,,RESOLVED_AGREEMENT,False,3,,,,
c9ffbb387a32be06b6b7,val,수산물,T2 동의어,q_수산물_06,횟집,식료품 중 '수산물'을 판매·제공하는 매장,d6a07f8a-8bd4-4b83-beb5-8a1bb4fcb518,용촌회집,횟집,속초종합중앙시장,전통시장,강원특별자치도,3.0,3.0,,,RESOLVED_AGREEMENT,False,3,,,,
af865f83908aa73531bb,val,수산물,T2 동의어,q_수산물_06,횟집,식료품 중 '수산물'을 판매·제공하는 매장,5e4e88a4-0a40-49bc-ab43-e7bbca9c6dab,창녕횟집,횟집,마산 석전시장,전통시장,경상남도,3.0,3.0,,,RESOLVED_AGREEMENT,False,3,,,,
5a00a8f9baa4c6907bd5,val,수산물,T2 동의어,q_수산물_06,횟집,식료품 중 '수산물'을 판매·제공하는 매장,00445369-fa3a-4cd3-ae3a-6564876f4199,용수상회,수산물,서문시장건해산물상가,전통시장,대구광역시,1.0,3.0,,,P1_BINARY_THRESHOLD,True,,,,,
a9469ec482e773df85ab,val,수산물,T2 동의어,q_수산물_06,횟집,식료품 중 '수산물'을 판매·제공하는 매장,db458fe1-14ae-4bdb-a6ef-294583e07a08,부산횟집,횟집,다대씨-파크시장,전통시장,부산광역시,3.0,3.0,,,RESOLVED_AGREEMENT,False,3,,,,
51310bd4e402138ad242,val,수산물,T2 동의어,q_수산물_06,횟집,식료품 중 '수산물'을 판매·제공하는 매장,cac8fe86-a026-490f-b3e0-7ec3539b345b,민지횟집,횟집,기장시장,전통시장,부산광역시,3.0,3.0,,,RESOLVED_AGREEMENT,False,3,,,,
15de138784c750fda5e8,val,수산물,T2 동의어,q_수산물_06,횟집,식료품 중 '수산물'을 판매·제공하는 매장,009fbffe-11b3-4eba-b65a-696f4f59f079,인어횟집,횟집,목포북항상점가,자율상권구역,전라남도,3.0,3.0,,,RESOLVED_AGREEMENT,False,3,,,,
11d25ac141772e306090,val,수산물,T2 동의어,q_수산물_06,횟집,식료품 중 '수산물'을 판매·제공하는 매장,005429a3-030e-492f-973c-1d5842eeac56,미래횟집,활어,사천 삼천포용궁수산시장,전통시장,경상남도,1.0,3.0,,,P1_BINARY_THRESHOLD,True,,,,,
952b4227e73a640f5c78,val,수산물,T2 동의어,q_수산물_06,횟집,식료품 중 '수산물'을 판매·제공하는 매장,005eb589-94b0-4a7e-b4e4-ef8cf64b0762,스시쿄다이,일식,동홍8번가 골목형상점가,골목형상점가,제주특별자치도,3.0,0.0,,,P1_BINARY_THRESHOLD,True,,,,,
a2e901843e7f674fde48,val,수산물,T2 동의어,q_수산물_06,횟집,식료품 중 '수산물'을 판매·제공하는 매장,84ddfae0-287b-4277-85ad-0f71ef178dcc,천일횟집,횟집,수정전통시장,전통시장,부산광역시,3.0,3.0,,,RESOLVED_AGREEMENT,False,3,,,,
117abb634d3e9285accb,val,수산물,T2 동의어,q_수산물_06,횟집,식료품 중 '수산물'을 판매·제공하는 매장,00fcc68d-3086-4b45-b998-f3763e8dbf7d,꼬치마요 산본역점(9호점),일식,산본로데오거리(구 산본중심상가),자율상권구역,경기도,3.0,0.0,,,P1_BINARY_THRESHOLD,True,,,,,
c702fdb10f47ed7383f9,val,수산물,T2 동의어,q_수산물_06,횟집,식료품 중 '수산물'을 판매·제공하는 매장,93ea2af9-ba99-4f71-af0b-f0ef5b8be793,어락,한식,영동전통시장,전통시장,충청북도,0.0,0.0,,,RESOLVED_AGREEMENT,False,0,,,,
5713d1ac027d24be2225,val,수산물,T2 동의어,q_수산물_06,횟집,식료품 중 '수산물'을 판매·제공하는 매장,48795175-f66d-461e-854e-f5e9db66af4c,화원천내따로국밥,음식,화원시장,전통시장,대구광역시,0.0,0.0,,,RESOLVED_AGREEMENT,False,0,,,,
30858c23c5d972805c6f,val,수산물,T2 동의어,q_수산물_06,횟집,식료품 중 '수산물'을 판매·제공하는 매장,c9275d25-8403-4bdd-8475-27e01e807cd5,산호횟집,횟집,광안어패류시장,전통시장,부산광역시,3.0,3.0,,,RESOLVED_AGREEMENT,False,3,,,,
9ab4a1184dec1809e2b1,val,수산물,T2 동의어,q_수산물_06,횟집,식료품 중 '수산물'을 판매·제공하는 매장,1c30c91c-3c16-424b-b32d-3e6aef6793e8,대영횟집,횟집,영월종합상가,전통시장,강원특별자치도,3.0,3.0,,,RESOLVED_AGREEMENT,False,3,,,,
2c448d9c253b0bb91769,val,수산물,T2 동의어,q_수산물_06,횟집,식료품 중 '수산물'을 판매·제공하는 매장,00e04e3d-cb00-4d64-a13d-a9c02f9a4fc8,대림수산,활어,자갈치시장,전통시장,부산광역시,1.0,3.0,,,P1_BINARY_THRESHOLD,True,,,,,
3c946d62ce27b7d4923d,val,수산물,T2 동의어,q_수산물_06,횟집,식료품 중 '수산물'을 판매·제공하는 매장,6aeb2973-3750-4769-94a4-61ea380ea2c4,거북횟집,횟집,온택트 괴정스마트 상권활성화구역,상권활성화구역,부산광역시,3.0,3.0,,,RESOLVED_AGREEMENT,False,3,,,,
5b180acc33071d6b0972,val,수산물,T2 동의어,q_수산물_06,횟집,식료품 중 '수산물'을 판매·제공하는 매장,fc8183b1-45b8-4b72-8e73-b2efdf4c8954,충주횟집,횟집,속초종합중앙시장,전통시장,강원특별자치도,3.0,3.0,,,RESOLVED_AGREEMENT,False,3,,,,
0564c4732ad53a6ace46,val,수산물,T2 동의어,q_수산물_06,횟집,식료품 중 '수산물'을 판매·제공하는 매장,33a84341-fa6f-477a-a387-1fc831fff548,청도횟집,횟집,마산어시장,전통시장,경상남도,3.0,3.0,,,RESOLVED_AGREEMENT,False,3,,,,
ad7b91fc4c96226559ac,val,수산물,T2 동의어,q_수산물_06,횟집,식료품 중 '수산물'을 판매·제공하는 매장,60dbcf8c-ce7d-4f39-8007-2087c477c321,충남횟집,횟집,대전정원시장,전통시장,대전광역시,3.0,3.0,,,RESOLVED_AGREEMENT,False,3,,,,
3738c0ed97b00eb89604,val,수산물,T2 동의어,q_수산물_06,횟집,식료품 중 '수산물'을 판매·제공하는 매장,a1212d2c-e4a6-488c-a67e-e04ac6289bf3,어촌횟집,횟집,광안어패류시장,전통시장,부산광역시,3.0,3.0,,,RESOLVED_AGREEMENT,False,3,,,,
8b1fb41cd26cde41041b,val,수산물,T2 동의어,q_수산물_06,횟집,식료품 중 '수산물'을 판매·제공하는 매장,00cc4859-307a-43ef-9654-2f6aa6fc404d,서산상회,생선,노량진수산시장골목형상점가,골목형상점가,서울특별시,1.0,3.0,,,P1_BINARY_THRESHOLD,True,,,,,
4bb84dbdf9d16dbfbd95,val,수산물,T2 동의어,q_수산물_06,횟집,식료품 중 '수산물'을 판매·제공하는 매장,b90d7434-57de-46d2-8030-83d1c79475f2,군산실비횟집,횟집,명산시장,전통시장,전북특별자치도,3.0,3.0,,,RESOLVED_AGREEMENT,False,3,,,,
1fae367a27a3f11d47cd,val,수산물,T2 동의어,q_수산물_06,횟집,식료품 중 '수산물'을 판매·제공하는 매장,000d55be-8181-4f45-827e-52082b2ae284,명희유통,건어물,성북시장,전통시장,부산광역시,1.0,3.0,,,P1_BINARY_THRESHOLD,True,,,,,
9d80fb2dbc7294905abe,val,수산물,T2 동의어,q_수산물_06,횟집,식료품 중 '수산물'을 판매·제공하는 매장,d092b568-030e-41f9-9f7d-16483016e1cd,서정,횟집,㈜여수서시장,전통시장,전라남도,3.0,3.0,,,RESOLVED_AGREEMENT,False,3,,,,
232fac49ccf1845657e8,val,수산물,T2 동의어,q_수산물_06,횟집,식료품 중 '수산물'을 판매·제공하는 매장,017d5340-d17e-4b0e-87bc-075523e170e7,삼호횟집,횟집,목포동부시장,전통시장,전라남도,3.0,3.0,,,RESOLVED_AGREEMENT,False,3,,,,
4a92120f3cb6ed6e9027,val,수산물,T2 동의어,q_수산물_06,횟집,식료품 중 '수산물'을 판매·제공하는 매장,008cfdc1-610a-407a-a03b-4c6dae7106f4,주영수산,활어,목포북항상점가,자율상권구역,전라남도,1.0,3.0,,,P1_BINARY_THRESHOLD,True,,,,,
0d507dd49605901288e5,val,수산물,T2 동의어,q_수산물_06,횟집,식료품 중 '수산물'을 판매·제공하는 매장,dad3b530-7e70-4f01-8a5a-519dd66e5d19,일번횟집,횟집,마산 부림시장,전통시장,경상남도,3.0,3.0,,,RESOLVED_AGREEMENT,False,3,,,,
4c75a45b08ae56440835,val,수산물,T2 동의어,q_수산물_06,횟집,식료품 중 '수산물'을 판매·제공하는 매장,01afaafa-2a46-4977-8015-55762957ee7a,다래초밥,초밥,동문동 골목형상점가,골목형상점가,충청남도,3.0,0.0,,,P1_BINARY_THRESHOLD,True,,,,,
289ef3735d96a3f33a30,val,수산물,T2 동의어,q_수산물_06,횟집,식료품 중 '수산물'을 판매·제공하는 매장,bea38115-2b47-44cc-951b-80384eea6c5d,충장콩물팥죽,콩국수 팥죽,충장로45가 상점가,자율상권구역,광주광역시,0.0,0.0,,,RESOLVED_AGREEMENT,False,0,,,,
5ef40069cb33cfb6f030,val,수산물,T2 동의어,q_수산물_06,횟집,식료품 중 '수산물'을 판매·제공하는 매장,77c3a8e2-e59c-463e-8f0c-4d05f87a0217,신선횟집,횟집,주문진건어물시장,전통시장,강원특별자치도,3.0,3.0,,,RESOLVED_AGREEMENT,False,3,,,,
dce9aa8138efbb677c5f,val,수산물,T2 동의어,q_수산물_06,횟집,식료품 중 '수산물'을 판매·제공하는 매장,0cc183fa-b9bb-473c-85c9-6d21f80ad464,가덕도횟집,횟집,정이있는 구포시장,전통시장,부산광역시,3.0,3.0,,,RESOLVED_AGREEMENT,False,3,,,,
748abaeb3a93a06be6f1,val,수산물,T2 동의어,q_수산물_06,횟집,식료품 중 '수산물'을 판매·제공하는 매장,fc6768be-a997-4107-b989-aad240e59ec0,귀빈횟집,횟집,강진마량 횟집거리 상점가,골목형상점가,전라남도,3.0,3.0,,,RESOLVED_AGREEMENT,False,3,,,,
c82d1996307262cddc19,val,수산물,T2 동의어,q_수산물_06,횟집,식료품 중 '수산물'을 판매·제공하는 매장,d75ed9f6-b239-41c6-b67d-7e4c78d74bbb,성광맛횟집,횟집,남항시장,전통시장,부산광역시,3.0,3.0,,,RESOLVED_AGREEMENT,False,3,,,,
ae9c8b94aa877fe8b1aa,val,수산물,T2 동의어,q_수산물_06,횟집,식료품 중 '수산물'을 판매·제공하는 매장,00ba389b-e522-4da5-ac26-2ffaf33359ec,스시노유키,초밥,산본로데오거리(구 산본중심상가),자율상권구역,경기도,3.0,0.0,,,P1_BINARY_THRESHOLD,True,,,,,
6846e73c12f77d09b1d0,val,수산물,T2 동의어,q_수산물_06,횟집,식료품 중 '수산물'을 판매·제공하는 매장,cb2a92bd-1ffc-411c-8da3-c07b22c2d996,태룡석사 태권도장,태권도,중흥동 큰샘길 골목형상점가,골목형상점가,광주광역시,0.0,0.0,,,RESOLVED_AGREEMENT,False,0,,,,
ac2e525e037a00c0b110,val,수산물,T2 동의어,q_수산물_06,횟집,식료품 중 '수산물'을 판매·제공하는 매장,0016aa1a-5730-45a0-b427-06b0f51fc005,든든한밥상,농수산물,화산면 골목형상점가,골목형상점가,전라남도,1.0,3.0,,,P1_BINARY_THRESHOLD,True,,,,,
04b8859fc8a4572e3ad7,val,수산물,T2 동의어,q_수산물_06,횟집,식료품 중 '수산물'을 판매·제공하는 매장,5fb4aa2a-6ea4-4b2d-aa7e-2535e56d3965,싸다꼬횟집,횟집,반여2동상가시장,전통시장,부산광역시,3.0,3.0,,,RESOLVED_AGREEMENT,False,3,,,,
c9a9dadd9d7d25568968,val,수산물,T2 동의어,q_수산물_06,횟집,식료품 중 '수산물'을 판매·제공하는 매장,0bf687ec-4ea8-4932-a2c4-401f28aab97f,중앙어물,어물,모슬포 중앙시장,전통시장,제주특별자치도,1.0,0.0,,,P2_GRADED_ONLY,True,,,,,
ff94dc6d4e47309be96c,val,수산물,T2 동의어,q_수산물_06,횟집,식료품 중 '수산물'을 판매·제공하는 매장,fa2c2e75-a232-4dbe-a853-38ea7f18df7d,진주횟집,횟집,방어진항 골목형상점가,골목형상점가,울산광역시,3.0,3.0,,,RESOLVED_AGREEMENT,False,3,,,,
6f14ae7a5276a471fa0a,val,수산물,T2 동의어,q_수산물_06,횟집,식료품 중 '수산물'을 판매·제공하는 매장,004d071d-dda6-41e4-9fcb-7c74c8f8ef0f,영남상회,건어물,수영팔도시장(구 수영팔도상가시장),전통시장,부산광역시,1.0,3.0,,,P1_BINARY_THRESHOLD,True,,,,,
2d61f28db6c993df6ef1,val,수산물,T2 동의어,q_수산물_06,횟집,식료품 중 '수산물'을 판매·제공하는 매장,0333f16c-ff56-4e80-a1c7-dd77a81300df,로봇초밥마켓 과천래미안점,초밥,과천슈르탑 골목형상점가,골목형상점가,경기도,3.0,0.0,,,P1_BINARY_THRESHOLD,True,,,,,
4b9cae629e14bd7c7765,val,수산물,T2 동의어,q_수산물_06,횟집,식료품 중 '수산물'을 판매·제공하는 매장,153fce7a-47d4-46d0-9907-258c29cc20b0,우리횟집,횟집,정이있는 구포시장,전통시장,부산광역시,3.0,3.0,,,RESOLVED_AGREEMENT,False,3,,,,
97c66ce9a52f39a5a7a1,val,수산물,T2 동의어,q_수산물_06,횟집,식료품 중 '수산물'을 판매·제공하는 매장,00298213-17ea-453a-b6e6-375d9ef636b6,대양농수산,농수산물,부평깡시장,전통시장,인천광역시,1.0,3.0,,,P1_BINARY_THRESHOLD,True,,,,,
38bc89a952fcb0d8e722,val,수산물,T3 개념확장,q_수산물_07,갈치,식료품 중 '수산물'을 판매·제공하는 매장,00a0d437-836b-453d-b15e-55fbf7dc8460,대박수산,생선,청주육거리종합시장,전통시장,충청북도,2.0,3.0,,,P2_GRADED_ONLY,True,,,,,
e34fd742e33c6cd486b9,val,수산물,T3 개념확장,q_수산물_07,갈치,식료품 중 '수산물'을 판매·제공하는 매장,004032ef-2ae7-4e97-ac30-b12a0869e930,시장횟집,횟집,광양매일시장(광양상설시장),전통시장,전라남도,1.0,2.0,,,P1_BINARY_THRESHOLD,True,,,,,
31785766d0710e9e5bd1,val,수산물,T3 개념확장,q_수산물_07,갈치,식료품 중 '수산물'을 판매·제공하는 매장,6698e568-b2a9-4053-b169-39acd7b24e88,백운수산,갈치 조기 병어,봉주 골목형상점가,골목형상점가,광주광역시,3.0,3.0,,,RESOLVED_AGREEMENT,False,3,,,,
d6d8c5283b87f6a97f35,val,수산물,T3 개념확장,q_수산물_07,갈치,식료품 중 '수산물'을 판매·제공하는 매장,0333f16c-ff56-4e80-a1c7-dd77a81300df,로봇초밥마켓 과천래미안점,초밥,과천슈르탑 골목형상점가,골목형상점가,경기도,1.0,0.0,,,P2_GRADED_ONLY,True,,,,,
9ff7142f7cef47513b85,val,수산물,T3 개념확장,q_수산물_07,갈치,식료품 중 '수산물'을 판매·제공하는 매장,3ede7250-6b21-4959-b88a-94873600f4eb,제주삼다갈치,갈치조림,대인동예술담길 골목형상점가,골목형상점가,광주광역시,3.0,0.0,,,P1_BINARY_THRESHOLD,True,,,,,
ce4b34b9477c26c45934,val,수산물,T3 개념확장,q_수산물_07,갈치,식료품 중 '수산물'을 판매·제공하는 매장,5b2d5dd1-7a2e-4b10-a860-7dd519659eaf,선어도매22호,갈치,인천종합어시장,전통시장,인천광역시,3.0,0.0,,,P1_BINARY_THRESHOLD,True,,,,,
1bca065ad347a7f3f368,val,수산물,T3 개념확장,q_수산물_07,갈치,식료품 중 '수산물'을 판매·제공하는 매장,4e212ca6-2830-4088-a175-3a21c1777645,선도37호(윤희상회),조기 갈치,인천종합어시장,전통시장,인천광역시,3.0,3.0,,,RESOLVED_AGREEMENT,False,3,,,,
84da3bbf341ce3eeee6c,val,수산물,T3 개념확장,q_수산물_07,갈치,식료품 중 '수산물'을 판매·제공하는 매장,001ec0bf-0eda-4aa8-8efc-a90930649cf5,원프룻,농수산물,정이있는 구포시장,전통시장,부산광역시,2.0,3.0,,,P2_GRADED_ONLY,True,,,,,
32f98e606c52a9c59098,val,수산물,T3 개념확장,q_수산물_07,갈치,식료품 중 '수산물'을 판매·제공하는 매장,381b2d0b-dc3a-45c6-94ec-9828b27710da,벌교 수진수산,갈치 고등어 등,벌교매일시장,전통시장,전라남도,3.0,3.0,,,RESOLVED_AGREEMENT,False,3,,,,
05ed05966a3ce0f6afbf,val,수산물,T3 개념확장,q_수산물_07,갈치,식료품 중 '수산물'을 판매·제공하는 매장,e99a7653-eeff-43a8-8c9d-ac48dad017c5,제주갈치,,와룡로 골목형상점가,골목형상점가,전북특별자치도,3.0,0.0,,,P1_BINARY_THRESHOLD,True,,,,,
a34e909c5bae7035b817,val,수산물,T3 개념확장,q_수산물_07,갈치,식료품 중 '수산물'을 판매·제공하는 매장,41dc7e93-3b57-4bd2-85b9-eee4deea1615,새댁이갈치,수산물,마산어시장,전통시장,경상남도,2.0,3.0,,,P2_GRADED_ONLY,True,,,,,
ee941e563734c62707cf,val,수산물,T3 개념확장,q_수산물_07,갈치,식료품 중 '수산물'을 판매·제공하는 매장,50619ed9-66fc-4aef-930f-8043000ea2d8,여수갈치한상,갈치조림,여수진남상가,자율상권구역,전라남도,3.0,0.0,,,P1_BINARY_THRESHOLD,True,,,,,
9cd09f921331a352694f,val,수산물,T3 개념확장,q_수산물_07,갈치,식료품 중 '수산물'을 판매·제공하는 매장,000d55be-8181-4f45-827e-52082b2ae284,명희유통,건어물,성북시장,전통시장,부산광역시,2.0,3.0,,,P2_GRADED_ONLY,True,,,,,
82346f173d52491dbece,val,수산물,T3 개념확장,q_수산물_07,갈치,식료품 중 '수산물'을 판매·제공하는 매장,e7b078f8-5bfb-4db3-b539-bd8922668f14,묘미네,돼지고기낙지 갈치굴홍어,미라클,골목형상점가,광주광역시,3.0,3.0,,,RESOLVED_AGREEMENT,False,3,,,,
d26b9fba21c9be482fd2,val,수산물,T3 개념확장,q_수산물_07,갈치,식료품 중 '수산물'을 판매·제공하는 매장,038f89c5-a204-4c80-9e31-9d22a3ba4c95,연스시,초밥,노은역 골목형상점가,골목형상점가,대전광역시,1.0,0.0,,,P2_GRADED_ONLY,True,,,,,
2834a3ef5e54bf2d0b0a,val,수산물,T3 개념확장,q_수산물_07,갈치,식료품 중 '수산물'을 판매·제공하는 매장,00ba389b-e522-4da5-ac26-2ffaf33359ec,스시노유키,초밥,산본로데오거리(구 산본중심상가),자율상권구역,경기도,1.0,0.0,,,P2_GRADED_ONLY,True,,,,,
9d2e779b7bad2caf2b6b,val,수산물,T3 개념확장,q_수산물_07,갈치,식료품 중 '수산물'을 판매·제공하는 매장,5452b08d-ce56-4f35-88e3-f9ac1beb9d11,소문난갈치,갈치,중앙로상점가,자율상권구역,제주특별자치도,3.0,0.0,,,P1_BINARY_THRESHOLD,True,,,,,
6a5957bbcc9bdd6b3469,val,수산물,T3 개념확장,q_수산물_07,갈치,식료품 중 '수산물'을 판매·제공하는 매장,a9b76ac7-373d-4198-b25c-13537428f539,충남상회,갈치,인천종합어시장,전통시장,인천광역시,3.0,3.0,,,RESOLVED_AGREEMENT,False,3,,,,
7b77e9cfb3f96ab7b7da,val,수산물,T3 개념확장,q_수산물_07,갈치,식료품 중 '수산물'을 판매·제공하는 매장,004d071d-dda6-41e4-9fcb-7c74c8f8ef0f,영남상회,건어물,수영팔도시장(구 수영팔도상가시장),전통시장,부산광역시,2.0,3.0,,,P2_GRADED_ONLY,True,,,,,
7c92a3c36e0cd591a82f,val,수산물,T3 개념확장,q_수산물_07,갈치,식료품 중 '수산물'을 판매·제공하는 매장,23799dd3-5b84-4fb2-91c0-61378704be4b,자갈치,활어,연신내골목형상점가,골목형상점가,서울특별시,2.0,0.0,,,P1_BINARY_THRESHOLD,True,,,,,
84a996357d2bc35afad2,val,수산물,T3 개념확장,q_수산물_07,갈치,식료품 중 '수산물'을 판매·제공하는 매장,0d295f91-aeff-49c1-a4e2-5ee1e5003d2c,삼원수산,갈치,인천종합어시장,전통시장,인천광역시,3.0,3.0,,,RESOLVED_AGREEMENT,False,3,,,,
2775d3a8de969491a39a,val,수산물,T3 개념확장,q_수산물_07,갈치,식료품 중 '수산물'을 판매·제공하는 매장,00cc4859-307a-43ef-9654-2f6aa6fc404d,서산상회,생선,노량진수산시장골목형상점가,골목형상점가,서울특별시,2.0,3.0,,,P2_GRADED_ONLY,True,,,,,
5583d602548635056433,val,수산물,T3 개념확장,q_수산물_07,갈치,식료품 중 '수산물'을 판매·제공하는 매장,e69fd09d-ae57-4b87-bb07-acd33daf9306,갈치랑고등어,한식,해미읍성전통시장,전통시장,충청남도,2.0,0.0,,,P1_BINARY_THRESHOLD,True,,,,,
a0684e161a05634060e1,val,수산물,T3 개념확장,q_수산물_07,갈치,식료품 중 '수산물'을 판매·제공하는 매장,005429a3-030e-492f-973c-1d5842eeac56,미래횟집,활어,사천 삼천포용궁수산시장,전통시장,경상남도,2.0,2.0,,,RESOLVED_AGREEMENT,False,2,,,,
fe4ed7db399af3e2e14e,val,수산물,T3 개념확장,q_수산물_07,갈치,식료품 중 '수산물'을 판매·제공하는 매장,063ccf60-cee3-4b93-a58f-49fc14177a48,은비네갈치조림,갈치조림,신창중앙,골목형상점가,광주광역시,3.0,0.0,,,P1_BINARY_THRESHOLD,True,,,,,
fcc3b203ceed23fd6faa,val,수산물,T3 개념확장,q_수산물_07,갈치,식료품 중 '수산물'을 판매·제공하는 매장,5b0e85a4-387c-403a-a708-aa5d1eb6fab3,정화상회,갈치조기,인천종합어시장,전통시장,인천광역시,3.0,3.0,,,RESOLVED_AGREEMENT,False,3,,,,
5c00aef0a36e2482810f,val,수산물,T3 개념확장,q_수산물_07,갈치,식료품 중 '수산물'을 판매·제공하는 매장,87d2b292-e79f-4820-b827-60b4aa427d23,엠엘비(MLB),의류 등,성안길상점가,자율상권구역,충청북도,0.0,0.0,,,RESOLVED_AGREEMENT,False,0,,,,
fe5a535b9e3886bae3da,val,수산물,T3 개념확장,q_수산물_07,갈치,식료품 중 '수산물'을 판매·제공하는 매장,7ab13d71-77d4-47cf-becf-821cc81095b1,35수산,전복 갈치 문어 고등어 조기등 생선 및 어패류,전통중앙도매상가,전통시장,대전광역시,3.0,3.0,,,RESOLVED_AGREEMENT,False,3,,,,
f6e6a8057b84b5518d21,val,수산물,T3 개념확장,q_수산물_07,갈치,식료품 중 '수산물'을 판매·제공하는 매장,005eb589-94b0-4a7e-b4e4-ef8cf64b0762,스시쿄다이,일식,동홍8번가 골목형상점가,골목형상점가,제주특별자치도,1.0,0.0,,,P2_GRADED_ONLY,True,,,,,
3e4dad380b63be21e113,val,수산물,T3 개념확장,q_수산물_07,갈치,식료품 중 '수산물'을 판매·제공하는 매장,7ec983a7-20dc-4891-8100-0682f34f0f77,제주한림수산,갈치 등,한림중앙상가,자율상권구역,제주특별자치도,3.0,3.0,,,RESOLVED_AGREEMENT,False,3,,,,
2144e9aa2095858b7754,val,수산물,T3 개념확장,q_수산물_07,갈치,식료품 중 '수산물'을 판매·제공하는 매장,0004c5f7-95e0-45be-9f06-a705b8113ff0,의창수협67번중도매인,활어,진해 용원어시장상점가,자율상권구역,경상남도,2.0,0.0,,,P1_BINARY_THRESHOLD,True,,,,,
5adc39d46f623762a5fa,val,수산물,T3 개념확장,q_수산물_07,갈치,식료품 중 '수산물'을 판매·제공하는 매장,00f60c16-d8be-497f-80f2-aab3209a8d0e,포카포카,식당,전남여고후문 골목형상점가,골목형상점가,광주광역시,1.0,0.0,,,P2_GRADED_ONLY,True,,,,,
07895e13355eada98bda,val,수산물,T3 개념확장,q_수산물_07,갈치,식료품 중 '수산물'을 판매·제공하는 매장,0bf687ec-4ea8-4932-a2c4-401f28aab97f,중앙어물,어물,모슬포 중앙시장,전통시장,제주특별자치도,2.0,0.0,,,P1_BINARY_THRESHOLD,True,,,,,
76304656094edf414dbe,val,수산물,T3 개념확장,q_수산물_07,갈치,식료품 중 '수산물'을 판매·제공하는 매장,00bd252b-19f9-4e9a-bf26-b45280bb84ae,선옥상회,생선,고성 공룡시장,전통시장,경상남도,2.0,3.0,,,P2_GRADED_ONLY,True,,,,,
f0f043fee1dd9f27ce4f,val,수산물,T3 개념확장,q_수산물_07,갈치,식료품 중 '수산물'을 판매·제공하는 매장,c6a11528-806c-4929-bf5b-7d772abfe98d,수원수산,전복 문어 갈치 꼬막 굴 조기 병어 오지어낙지 등 생선 및 어패류,수원못골종합시장,전통시장,경기도,3.0,3.0,,,RESOLVED_AGREEMENT,False,3,,,,
b0c9939cba3125687064,val,수산물,T3 개념확장,q_수산물_07,갈치,식료품 중 '수산물'을 판매·제공하는 매장,016ddf29-de07-40e1-a642-8c2a45a6f19d,연희어시장,횟집,연희로 골목형상점가,골목형상점가,인천광역시,1.0,2.0,,,P1_BINARY_THRESHOLD,True,,,,,
9a07161d101bf34af9fa,val,수산물,T3 개념확장,q_수산물_07,갈치,식료품 중 '수산물'을 판매·제공하는 매장,62f7cab4-aa5e-4b59-af1e-a3a88f18f178,천일축산,식육,까치산시장,전통시장,서울특별시,0.0,0.0,,,RESOLVED_AGREEMENT,False,0,,,,
c09975e7a3bfa9bed3d9,val,수산물,T3 개념확장,q_수산물_07,갈치,식료품 중 '수산물'을 판매·제공하는 매장,30d5afbc-fd4b-49bb-9e1c-2469652e5921,추씨어물점,어물,영천공설시장,전통시장,경상북도,2.0,0.0,,,P1_BINARY_THRESHOLD,True,,,,,
23d796650bb582c5cb33,val,수산물,T3 개념확장,q_수산물_07,갈치,식료품 중 '수산물'을 판매·제공하는 매장,ad6f73d4-3aa2-49cc-aba1-3954f6fe51e3,외출준비 미용실,,화곡중앙시장,전통시장,서울특별시,0.0,0.0,,,RESOLVED_AGREEMENT,False,0,,,,
2faabaa93adc359082f0,val,수산물,T3 개념확장,q_수산물_07,갈치,식료품 중 '수산물'을 판매·제공하는 매장,aab7f1dd-a8cd-4e9d-9f8e-fa07bfce3cba,시장닭집,생닭,천안중앙시장,전통시장,충청남도,0.0,0.0,,,RESOLVED_AGREEMENT,False,0,,,,
6c418a94561d219f6b3f,val,수산물,T3 개념확장,q_수산물_07,갈치,식료품 중 '수산물'을 판매·제공하는 매장,a0995aac-0a7b-48fe-9889-4ab4cec3acf7,광주갈치,한식,전대병원오거리 골목형상점가,골목형상점가,광주광역시,2.0,0.0,,,P1_BINARY_THRESHOLD,True,,,,,
642a2ae4ab81524305ad,val,수산물,T3 개념확장,q_수산물_07,갈치,식료품 중 '수산물'을 판매·제공하는 매장,a80f72ee-59bc-40ca-84b9-8984e9309f5b,나돈,갈치조림,남대문시장,전통시장,서울특별시,3.0,0.0,,,P1_BINARY_THRESHOLD,True,,,,,
c320701b27f8245fc64a,val,수산물,T3 개념확장,q_수산물_07,갈치,식료품 중 '수산물'을 판매·제공하는 매장,5aa0093d-0ca0-41fb-8742-ed30c502b473,백가네제주한상,갈치구이 갈치조림 한식,함덕4구상점가,골목형상점가,제주특별자치도,3.0,0.0,,,P1_BINARY_THRESHOLD,True,,,,,
8c77397b613ce89a455f,val,수산물,T3 개념확장,q_수산물_07,갈치,식료품 중 '수산물'을 판매·제공하는 매장,2140fab0-4116-4367-acfd-a563698d2ecd,김천자갈치,생선,김천평화시장,전통시장,경상북도,2.0,3.0,,,P2_GRADED_ONLY,True,,,,,
1b99d1bcc09a5e562fc9,val,수산물,T3 개념확장,q_수산물_07,갈치,식료품 중 '수산물'을 판매·제공하는 매장,01afaafa-2a46-4977-8015-55762957ee7a,다래초밥,초밥,동문동 골목형상점가,골목형상점가,충청남도,1.0,0.0,,,P2_GRADED_ONLY,True,,,,,
fdc4219187641e9bb50b,val,수산물,T3 개념확장,q_수산물_07,갈치,식료품 중 '수산물'을 판매·제공하는 매장,cd902ff4-2599-4ca8-85ee-f1e871d75fd8,덕성수산,문어 갈치,죽도어시장,전통시장,경상북도,3.0,3.0,,,RESOLVED_AGREEMENT,False,3,,,,
79f2b53096de9266a227,val,수산물,T3 개념확장,q_수산물_07,갈치,식료품 중 '수산물'을 판매·제공하는 매장,5555452e-7af2-4cdb-a3d2-d17250019aa9,동촌갈치,생선,고흥전통시장,전통시장,전라남도,2.0,3.0,,,P2_GRADED_ONLY,True,,,,,
6ecec3da6bb58a459a93,val,수산물,T3 개념확장,q_수산물_07,갈치,식료품 중 '수산물'을 판매·제공하는 매장,00e04e3d-cb00-4d64-a13d-a9c02f9a4fc8,대림수산,활어,자갈치시장,전통시장,부산광역시,2.0,3.0,,,P2_GRADED_ONLY,True,,,,,
c404ff49a6a62a0111d1,val,수산물,T3 개념확장,q_수산물_07,갈치,식료품 중 '수산물'을 판매·제공하는 매장,2815547c-f384-427f-9ffd-a6b7c3212e38,낚시꾼의갈치,생선,어진동 골목형상점가,골목형상점가,세종특별자치시,2.0,3.0,,,P2_GRADED_ONLY,True,,,,,
5b64097de1af9679d4fc,val,수산물,T3 개념확장,q_수산물_07,갈치,식료품 중 '수산물'을 판매·제공하는 매장,ff546377-c251-41a0-9786-8e46eea4acf9,별뜨는집,"닭, 오리, 고등어, 갈치, 삼겹살, 등갈비",충무자동차거리 상점가,자율상권구역,대전광역시,3.0,0.0,,,P1_BINARY_THRESHOLD,True,,,,,
f5cd87d49c7d6992da76,val,수산물,T3 개념확장,q_수산물_07,갈치,식료품 중 '수산물'을 판매·제공하는 매장,00356e71-7b15-4a42-be60-f232011707b8,유한회사 덕재건재,건어물,가락몰골목형상점가,골목형상점가,서울특별시,2.0,3.0,,,P2_GRADED_ONLY,True,,,,,
463db3b59ba8d32973b1,val,수산물,T3 개념확장,q_수산물_07,갈치,식료품 중 '수산물'을 판매·제공하는 매장,d7038716-3321-4025-953e-69445fcf7d48,선도19호(구일수산),참조기 갈치,인천종합어시장,전통시장,인천광역시,3.0,3.0,,,RESOLVED_AGREEMENT,False,3,,,,
5553cce1b205ec470961,val,수산물,T3 개념확장,q_수산물_07,갈치,식료품 중 '수산물'을 판매·제공하는 매장,0019e966-8007-4603-957c-4e9adcd1f05a,부남수산,수산물,서산동부전통시장,전통시장,충청남도,2.0,3.0,,,P2_GRADED_ONLY,True,,,,,
2682aba665f8a4c98a49,val,수산물,T3 개념확장,q_수산물_07,갈치,식료품 중 '수산물'을 판매·제공하는 매장,990b0242-4a3e-4816-a2aa-9eeb04ba14cb,스타수산,갈치 오징어 고등어 낙지 기타 냉동수산물,범천중앙시장,전통시장,부산광역시,3.0,3.0,,,RESOLVED_AGREEMENT,False,3,,,,
8a3153d1431a25b1d4bf,val,수산물,T3 개념확장,q_수산물_07,갈치,식료품 중 '수산물'을 판매·제공하는 매장,00527b0b-893c-4d64-862e-3ef8113d07fb,해선언니네,건어물,용상공설시장,전통시장,경상북도,2.0,3.0,,,P2_GRADED_ONLY,True,,,,,
524d9c77c473129a4163,val,수산물,T3 개념확장,q_수산물_07,갈치,식료품 중 '수산물'을 판매·제공하는 매장,b59b7060-5286-48a3-91a7-353c502777a5,목포갈치,음식,남대문시장,전통시장,서울특별시,2.0,0.0,,,P1_BINARY_THRESHOLD,True,,,,,
2c795548d575515b11b3,val,수산물,T3 개념확장,q_수산물_07,갈치,식료품 중 '수산물'을 판매·제공하는 매장,bdeee5fb-5e89-4b03-bace-31540d4edce1,삼도수산,갈치 고등어,부전상가시장,전통시장,부산광역시,3.0,3.0,,,RESOLVED_AGREEMENT,False,3,,,,
7b878e0a14341df51b29,val,수산물,T3 개념확장,q_수산물_07,갈치,식료품 중 '수산물'을 판매·제공하는 매장,58b317ad-2b7e-45e9-bb69-478385218bc8,오감만족,갈치조림,초록거리 골목형상점가,골목형상점가,경기도,3.0,0.0,,,P1_BINARY_THRESHOLD,True,,,,,
6b05629dfbd9d2217910,val,수산물,T3 개념확장,q_수산물_07,갈치,식료품 중 '수산물'을 판매·제공하는 매장,1e09bbf8-da42-499e-9ab6-d868ee57e4d1,제주모슬포수산,갈치,대정오일시장,전통시장,제주특별자치도,3.0,3.0,,,RESOLVED_AGREEMENT,False,3,,,,
6d1288a816e357a1b292,val,수산물,T3 개념확장,q_수산물_07,갈치,식료품 중 '수산물'을 판매·제공하는 매장,2bf1371d-9e94-4288-9bb6-eb00b4d54d17,두리수산,조기 갈치 등,함평천지전통시장(함평5일시장),전통시장,전라남도,3.0,3.0,,,RESOLVED_AGREEMENT,False,3,,,,
7b7e4b40c25499513d84,val,수산물,T3 개념확장,q_수산물_07,갈치,식료품 중 '수산물'을 판매·제공하는 매장,7bf31b1e-13c1-4192-a250-c13e4ce0e667,제주생갈치,한식,창원 봉곡프라자상가,전통시장,경상남도,2.0,0.0,,,P1_BINARY_THRESHOLD,True,,,,,
4ceedaf42dd159ea8e11,val,수산물,T3 개념확장,q_수산물_07,갈치,식료품 중 '수산물'을 판매·제공하는 매장,0016aa1a-5730-45a0-b427-06b0f51fc005,든든한밥상,농수산물,화산면 골목형상점가,골목형상점가,전라남도,2.0,3.0,,,P2_GRADED_ONLY,True,,,,,
2fbbd401bc875d52a764,val,수산물,T3 개념확장,q_수산물_07,갈치,식료품 중 '수산물'을 판매·제공하는 매장,e216a3bb-5b45-4f7a-958d-4f5264d3ece4,롯데리아 광주효천점,패스트푸드,효천로 골목형상점가,골목형상점가,광주광역시,0.0,0.0,,,RESOLVED_AGREEMENT,False,0,,,,
dc361969fadd11660aaf,val,수산물,T3 개념확장,q_수산물_07,갈치,식료품 중 '수산물'을 판매·제공하는 매장,00cd5dee-c068-48da-bc58-a704d5fe8832,윤석수산,수산물 활어회 생선 게종류 젓갈 갑각류 해산물 등등,대공원시장,전통시장,대구광역시,2.0,3.0,,,P2_GRADED_ONLY,True,,,,,
379e62fb5e176089092f,val,수산물,T3 개념확장,q_수산물_07,갈치,식료품 중 '수산물'을 판매·제공하는 매장,00e74dd3-cd80-41ed-898b-208b9b7af06c,화순청과,과일,남광주시장,전통시장,,0.0,0.0,,,RESOLVED_AGREEMENT,False,0,,,,
4743a93157eec979f41d,val,수산물,T3 개념확장,q_수산물_07,갈치,식료품 중 '수산물'을 판매·제공하는 매장,bf3dc166-e337-459b-8ce7-f33446a07503,형제상회,갈치,인천종합어시장,전통시장,인천광역시,3.0,3.0,,,RESOLVED_AGREEMENT,False,3,,,,
f17693241af6c371b72d,val,수산물,T3 개념확장,q_수산물_07,갈치,식료품 중 '수산물'을 판매·제공하는 매장,8b2c6948-ba3b-4258-8295-f240ada40839,시온교역,정육,등마루시장,전통시장,서울특별시,0.0,1.0,,,P2_GRADED_ONLY,True,,,,,
ae8479bac519adb907d2,val,수산물,T3 개념확장,q_수산물_07,갈치,식료품 중 '수산물'을 판매·제공하는 매장,bdb6f160-4b65-4422-8ff8-dd5c4ae37f86,남대문갈치,한식,남대문시장,전통시장,서울특별시,2.0,0.0,,,P1_BINARY_THRESHOLD,True,,,,,
d3979188cb130e183fd8,val,수산물,T3 개념확장,q_수산물_07,갈치,식료품 중 '수산물'을 판매·제공하는 매장,40c27852-6380-4b83-80e5-8ccdd855000b,거문도은갈치,갈치 생선구이 한치,도군머리 골목형상점가,골목형상점가,광주광역시,3.0,3.0,,,RESOLVED_AGREEMENT,False,3,,,,
18135afc9ebaf1117ddd,val,수산물,T3 개념확장,q_수산물_07,갈치,식료품 중 '수산물'을 판매·제공하는 매장,03cbd591-5ee7-4f9b-842e-8dc427925406,신흥상회,어물,상주중앙시장,전통시장,경상북도,2.0,3.0,,,P2_GRADED_ONLY,True,,,,,
f0befd51736d8b149380,val,수산물,T3 개념확장,q_수산물_07,갈치,식료품 중 '수산물'을 판매·제공하는 매장,013d58c8-33f8-4dbe-95de-801d22ea9505,민영활어공장 부천자유시장점,"회, 초밥",부천자유시장,전통시장,경기도,1.0,3.0,,,P1_BINARY_THRESHOLD,True,,,,,
1bc095e1580a4aba9432,val,수산물,T3 개념확장,q_수산물_07,갈치,식료품 중 '수산물'을 판매·제공하는 매장,42c2fcd4-b668-4811-9e36-c60ad1d90421,남목생선,고등어갈치,남목전통시장,전통시장,울산광역시,3.0,3.0,,,RESOLVED_AGREEMENT,False,3,,,,
9cdc4591cf5b65247e9e,val,수산물,T3 개념확장,q_수산물_07,갈치,식료품 중 '수산물'을 판매·제공하는 매장,00ac75c4-6e3f-4d23-8a6a-1dc8ba294b85,우진수산,"수산물, 활어",효자시장,전통시장,경상북도,2.0,3.0,,,P2_GRADED_ONLY,True,,,,,
c6558fe778085bc30973,val,수산물,T3 개념확장,q_수산물_07,갈치,식료품 중 '수산물'을 판매·제공하는 매장,333fa307-f61c-45a8-a79b-93fff676095e,대명어물,어물,서귀포향토오일시장,전통시장,제주특별자치도,2.0,0.0,,,P1_BINARY_THRESHOLD,True,,,,,
a2ec9eed9fd41c259107,val,수산물,T3 개념확장,q_수산물_07,갈치,식료품 중 '수산물'을 판매·제공하는 매장,efa8e938-7481-4173-9147-cc5aad99432b,원당수산,고등어 갈치 임연수어 등등,원당시장(구 원당전통시장),전통시장,경기도,3.0,3.0,,,RESOLVED_AGREEMENT,False,3,,,,
549820562c9fe99545d4,val,수산물,T3 개념확장,q_수산물_07,갈치,식료품 중 '수산물'을 판매·제공하는 매장,00a40df6-e218-4c9e-951f-b2c1a3ee676e,영흥수산,생선,가락몰골목형상점가,골목형상점가,서울특별시,2.0,3.0,,,P2_GRADED_ONLY,True,,,,,
86722adaa72923b3cd7c,val,수산물,T3 개념확장,q_수산물_07,갈치,식료품 중 '수산물'을 판매·제공하는 매장,4f129b13-d095-4a76-8d11-9f44a965246b,숙이네,갈치조림,염주먹자골목A구역상인회 골목형상점가,골목형상점가,광주광역시,3.0,0.0,,,P1_BINARY_THRESHOLD,True,,,,,
55262dc2aae7e8dbcfac,val,수산물,T3 개념확장,q_수산물_07,갈치,식료품 중 '수산물'을 판매·제공하는 매장,e37a182f-c820-402f-ada4-a272fceb9185,넥타이맨,갈치조림,퍼스트원 골목형상점가,골목형상점가,세종특별자치시,3.0,0.0,,,P1_BINARY_THRESHOLD,True,,,,,
c107d4f0b4d8550f7c5d,val,수산물,T3 개념확장,q_수산물_07,갈치,식료품 중 '수산물'을 판매·제공하는 매장,00445369-fa3a-4cd3-ae3a-6564876f4199,용수상회,수산물,서문시장건해산물상가,전통시장,대구광역시,2.0,3.0,,,P2_GRADED_ONLY,True,,,,,
123b51848f4135679cde,val,수산물,T3 개념확장,q_수산물_07,갈치,식료품 중 '수산물'을 판매·제공하는 매장,00298213-17ea-453a-b6e6-375d9ef636b6,대양농수산,농수산물,부평깡시장,전통시장,인천광역시,2.0,3.0,,,P2_GRADED_ONLY,True,,,,,
659c4f77d71f37d328f6,val,수산물,T3 개념확장,q_수산물_07,갈치,식료품 중 '수산물'을 판매·제공하는 매장,5205641a-f508-48b5-960f-f4d471e7843d,서원수산,고등어 갈치 등 기타수산물,남부민냉동수산물센터,자율상권구역,부산광역시,3.0,3.0,,,RESOLVED_AGREEMENT,False,3,,,,
64a42940d47e8c686547,val,수산물,T3 개념확장,q_수산물_07,갈치,식료품 중 '수산물'을 판매·제공하는 매장,3526958d-da64-4c90-a75c-c55162fbe0d3,최씨어물전,,영천공설시장,전통시장,경상북도,2.0,0.0,,,P1_BINARY_THRESHOLD,True,,,,,
ff8cdb3a54421d9bb731,val,수산물,T3 개념확장,q_수산물_07,갈치,식료품 중 '수산물'을 판매·제공하는 매장,0130dbd3-b9ea-43f4-98fd-26d8afd90b78,모래내시장순대,식당,전주모래내시장,전통시장,전북특별자치도,1.0,0.0,,,P2_GRADED_ONLY,True,,,,,
75688bfd05e2134c40a3,val,수산물,T3 개념확장,q_수산물_07,갈치,식료품 중 '수산물'을 판매·제공하는 매장,90fef585-7437-471b-85da-25aa4224beb0,남대문 우리갈치,,남대문시장,전통시장,서울특별시,3.0,,,Y,P0_UNCERTAIN_OR_MISSING,True,,,,,
7363a5525c0b108b4081,val,수산물,T3 개념확장,q_수산물_07,갈치,식료품 중 '수산물'을 판매·제공하는 매장,00779863-22b7-4378-adca-42362eff7e3f,장복횟집.수산,생선회,"안면도수산시장(구, 안면도장터)",전통시장,충청남도,2.0,3.0,,,P2_GRADED_ONLY,True,,,,,
92e96f34383cf2a222e5,val,수산물,T3 개념확장,q_수산물_07,갈치,식료품 중 '수산물'을 판매·제공하는 매장,002e7e87-5677-44ca-85c4-9e5b87e7994f,한양수산,생선,안중시장,전통시장,경기도,2.0,3.0,,,P2_GRADED_ONLY,True,,,,,
5df9f9a416e3928ecc69,val,수산물,T3 개념확장,q_수산물_07,갈치,식료품 중 '수산물'을 판매·제공하는 매장,eeeb1988-f4d0-4555-bd91-3689cab91201,첫머리포차,갈치구이,전곡첫머리거리 골목형상점가,골목형상점가,경기도,3.0,0.0,,,P1_BINARY_THRESHOLD,True,,,,,
e72e97bc46bf6fcc906a,val,수산물,T3 개념확장,q_수산물_07,갈치,식료품 중 '수산물'을 판매·제공하는 매장,008cfdc1-610a-407a-a03b-4c6dae7106f4,주영수산,활어,목포북항상점가,자율상권구역,전라남도,2.0,3.0,,,P2_GRADED_ONLY,True,,,,,
3c561c4c36116d96fa49,val,수산물,T3 개념확장,q_수산물_07,갈치,식료품 중 '수산물'을 판매·제공하는 매장,0027eaf6-093b-4df4-9457-4f1081537ff3,충무꼭지횟집,횟집,초량전통시장,전통시장,부산광역시,1.0,2.0,,,P1_BINARY_THRESHOLD,True,,,,,
07c262e19d9cf23d57c2,val,수산물,T3 개념확장,q_수산물_07,갈치,식료품 중 '수산물'을 판매·제공하는 매장,009fbffe-11b3-4eba-b65a-696f4f59f079,인어횟집,횟집,목포북항상점가,자율상권구역,전라남도,1.0,2.0,,,P1_BINARY_THRESHOLD,True,,,,,
c5746f79e0db4f1ea383,val,수산물,T3 개념확장,q_수산물_07,갈치,식료품 중 '수산물'을 판매·제공하는 매장,010c1855-b46f-4e37-b975-8115c4249b0f,용궁횟집,,자갈치시장,전통시장,부산광역시,2.0,2.0,,,RESOLVED_AGREEMENT,False,2,,,,
4c5aa800606ce4479536,val,수산물,T3 개념확장,q_수산물_07,갈치,식료품 중 '수산물'을 판매·제공하는 매장,007aece5-08b8-4eb0-b4c6-18d451eadcfd,영남상회,건어물,동쪽바다중앙시장(구 동해중앙시장),전통시장,강원특별자치도,2.0,3.0,,,P2_GRADED_ONLY,True,,,,,
1918a09e3754439d5e8b,val,수산물,T3 개념확장,q_수산물_07,갈치,식료품 중 '수산물'을 판매·제공하는 매장,7b157d4e-c8b2-4285-9ba7-e80ff18c245f,제주상회,한식,을지명보골목형상점가,골목형상점가,서울특별시,2.0,3.0,,,P2_GRADED_ONLY,True,,,,,
443a0aa5a4a680b4d3da,val,수산물,T3 개념확장,q_수산물_07,갈치,식료품 중 '수산물'을 판매·제공하는 매장,8a3f2d95-9c49-419b-b9bb-a67b82048608,괴정수산2호점,"고등어, 갈치, 오징어",온택트 괴정스마트 상권활성화구역,상권활성화구역,부산광역시,3.0,3.0,,,RESOLVED_AGREEMENT,False,3,,,,
d44311fbec8cd850b9cb,val,수산물,T3 개념확장,q_수산물_07,갈치,식료품 중 '수산물'을 판매·제공하는 매장,742bfc19-71c8-4d38-ac66-b9b3211b0b28,아방수산,고등어 옥돔 갈치,대정오일시장,전통시장,제주특별자치도,3.0,3.0,,,RESOLVED_AGREEMENT,False,3,,,,
6b7afae906f01db38378,val,수산물,T3 개념확장,q_수산물_07,갈치,식료품 중 '수산물'을 판매·제공하는 매장,64174508-ae58-4495-97b6-58b4b479cbeb,바다보관소,오징어 갈치,자갈치해안시장,전통시장,부산광역시,3.0,3.0,,,RESOLVED_AGREEMENT,False,3,,,,
856a378dd0766327fd8d,val,수산물,T3 개념확장,q_수산물_07,갈치,식료품 중 '수산물'을 판매·제공하는 매장,00fcc68d-3086-4b45-b998-f3763e8dbf7d,꼬치마요 산본역점(9호점),일식,산본로데오거리(구 산본중심상가),자율상권구역,경기도,1.0,0.0,,,P2_GRADED_ONLY,True,,,,,
2ad0eebfb138254814e4,val,수산물,T3 개념확장,q_수산물_07,갈치,식료품 중 '수산물'을 판매·제공하는 매장,009b69b5-365a-4958-87e7-f224f253b92a,동문올레횟집,횟집,동문수산시장,전통시장,제주특별자치도,1.0,2.0,,,P1_BINARY_THRESHOLD,True,,,,,
f95a19c88f9737da5baa,val,수산물,T3 개념확장,q_수산물_07,갈치,식료품 중 '수산물'을 판매·제공하는 매장,01286ec0-50e0-4540-b678-ec706fb3bcbb,설곰식당,식당,산업용재관,전통시장,대구광역시,1.0,0.0,,,P2_GRADED_ONLY,True,,,,,
2639c338f2ecda0f9a07,val,수산물,T3 개념확장,q_수산물_08,고등어,식료품 중 '수산물'을 판매·제공하는 매장,013d58c8-33f8-4dbe-95de-801d22ea9505,민영활어공장 부천자유시장점,"회, 초밥",부천자유시장,전통시장,경기도,1.0,3.0,,,P1_BINARY_THRESHOLD,True,,,,,
c09e5009820e899eb223,val,수산물,T3 개념확장,q_수산물_08,고등어,식료품 중 '수산물'을 판매·제공하는 매장,009b69b5-365a-4958-87e7-f224f253b92a,동문올레횟집,횟집,동문수산시장,전통시장,제주특별자치도,1.0,2.0,,,P1_BINARY_THRESHOLD,True,,,,,
6f437ab94a80d866ada5,val,수산물,T3 개념확장,q_수산물_08,고등어,식료품 중 '수산물'을 판매·제공하는 매장,2cabc090-a445-4054-829d-79cd4f95ab42,포항식당,고등어 정식,안동서부시장,전통시장,경상북도,3.0,0.0,,,P1_BINARY_THRESHOLD,True,,,,,
3d40e69a4676edf7dbdb,val,수산물,T3 개념확장,q_수산물_08,고등어,식료품 중 '수산물'을 판매·제공하는 매장,381b2d0b-dc3a-45c6-94ec-9828b27710da,벌교 수진수산,갈치 고등어 등,벌교매일시장,전통시장,전라남도,3.0,3.0,,,RESOLVED_AGREEMENT,False,3,,,,
6d6ba7bebfaf0db2341f,val,수산물,T3 개념확장,q_수산물_08,고등어,식료품 중 '수산물'을 판매·제공하는 매장,00fcc68d-3086-4b45-b998-f3763e8dbf7d,꼬치마요 산본역점(9호점),일식,산본로데오거리(구 산본중심상가),자율상권구역,경기도,1.0,0.0,,,P2_GRADED_ONLY,True,,,,,
667582e6ebc316c5e57a,val,수산물,T3 개념확장,q_수산물_08,고등어,식료품 중 '수산물'을 판매·제공하는 매장,c0aa2e4c-a7b1-4e5e-9e7a-2b7afd3c0f6c,돈암김밥,김밥,돈암시장,전통시장,서울특별시,0.0,3.0,,,P1_BINARY_THRESHOLD,True,,,,,
1eb9783b00029a864aa3,val,수산물,T3 개념확장,q_수산물_08,고등어,식료품 중 '수산물'을 판매·제공하는 매장,3526958d-da64-4c90-a75c-c55162fbe0d3,최씨어물전,,영천공설시장,전통시장,경상북도,2.0,0.0,,,P1_BINARY_THRESHOLD,True,,,,,
22e8d6d6c037a4e38911,val,수산물,T3 개념확장,q_수산물_08,고등어,식료품 중 '수산물'을 판매·제공하는 매장,64c1e7e5-feaf-40c0-aff9-719606e98f58,달빛에 구운 고등어,한식,동가재미 골목형상점가,골목형상점가,전북특별자치도,2.0,0.0,,,P1_BINARY_THRESHOLD,True,,,,,
c92bad8ee0b505db170c,val,수산물,T3 개념확장,q_수산물_08,고등어,식료품 중 '수산물'을 판매·제공하는 매장,00e04e3d-cb00-4d64-a13d-a9c02f9a4fc8,대림수산,활어,자갈치시장,전통시장,부산광역시,2.0,3.0,,,P2_GRADED_ONLY,True,,,,,
cc9c09a9b4557bdde5f8,val,수산물,T3 개념확장,q_수산물_08,고등어,식료품 중 '수산물'을 판매·제공하는 매장,00f60c16-d8be-497f-80f2-aab3209a8d0e,포카포카,식당,전남여고후문 골목형상점가,골목형상점가,광주광역시,1.0,0.0,,,P2_GRADED_ONLY,True,,,,,
7a6a38fd11341461c9a1,val,수산물,T3 개념확장,q_수산물_08,고등어,식료품 중 '수산물'을 판매·제공하는 매장,3b3353b9-fb09-4b16-8676-6875fb8dec8c,달빛에 구운 고등어,한식,포항 대이상가 골목형상점가,골목형상점가,경상북도,2.0,0.0,,,P1_BINARY_THRESHOLD,True,,,,,
ed9e1558299246d60ab1,val,수산물,T3 개념확장,q_수산물_08,고등어,식료품 중 '수산물'을 판매·제공하는 매장,eae2f389-32b6-4f35-9135-436915e72a16,개미상회,메리야스,부산진시장,전통시장,부산광역시,2.0,3.0,,,P2_GRADED_ONLY,True,,,,,
cc0dd80c36d7e9236fc7,val,수산물,T3 개념확장,q_수산물_08,고등어,식료품 중 '수산물'을 판매·제공하는 매장,a4f10ac6-0d53-4d1b-89c3-3e659249505b,고등어학교,생선,김해 외동전통시장,전통시장,경상남도,2.0,3.0,,,P2_GRADED_ONLY,True,,,,,
70513f4861b49f00b1d7,val,수산물,T3 개념확장,q_수산물_08,고등어,식료품 중 '수산물'을 판매·제공하는 매장,7ede3be0-ca41-492f-ab82-50e6c00d8f62,필라테스필소유,,수락산역6번출구 골목형상점가,골목형상점가,서울특별시,0.0,0.0,,,RESOLVED_AGREEMENT,False,0,,,,
0178e258d7e214398a11,val,수산물,T3 개념확장,q_수산물_08,고등어,식료품 중 '수산물'을 판매·제공하는 매장,2bbe3303-4cd8-495c-9a7d-99aeaa4c5901,안동 유명 간고등어,간고등어,중앙신시장,전통시장,경상북도,3.0,0.0,,,P1_BINARY_THRESHOLD,True,,,,,
4b24e0ca08a3b8310dd3,val,수산물,T3 개념확장,q_수산물_08,고등어,식료품 중 '수산물'을 판매·제공하는 매장,753a8ed2-13b4-4924-84f3-f01be3d11df6,해종수산,고등어 삼치 전갱이,자갈치해안시장,전통시장,부산광역시,3.0,3.0,,,RESOLVED_AGREEMENT,False,3,,,,
2241623a611413144111,val,수산물,T3 개념확장,q_수산물_08,고등어,식료품 중 '수산물'을 판매·제공하는 매장,c3496b68-0d33-43af-bc35-2c7ad6ff992c,욕지고등어,수산물,통영중앙전통시장,전통시장,경상남도,2.0,3.0,,,P2_GRADED_ONLY,True,,,,,
3faecb0c2740b4eabccd,val,수산물,T3 개념확장,q_수산물_08,고등어,식료품 중 '수산물'을 판매·제공하는 매장,00cc4859-307a-43ef-9654-2f6aa6fc404d,서산상회,생선,노량진수산시장골목형상점가,골목형상점가,서울특별시,2.0,3.0,,,P2_GRADED_ONLY,True,,,,,
9a0c1f583dbde8e58ce4,val,수산물,T3 개념확장,q_수산물_08,고등어,식료품 중 '수산물'을 판매·제공하는 매장,b218913a-06c0-4fb0-9c20-5d3c65b910fc,거제수산,고등어 삼치 전갱이 오징어,자갈치해안시장,전통시장,부산광역시,3.0,3.0,,,RESOLVED_AGREEMENT,False,3,,,,
ad76422f967ab6c708b7,val,수산물,T3 개념확장,q_수산물_08,고등어,식료품 중 '수산물'을 판매·제공하는 매장,e86a259f-c1ff-44e4-b390-e2f57e0ad1c8,제주어머니와고등어,생선,제주시민속오일시장,전통시장,제주특별자치도,2.0,3.0,,,P2_GRADED_ONLY,True,,,,,
5dc86a55ffaff472ff50,val,수산물,T3 개념확장,q_수산물_08,고등어,식료품 중 '수산물'을 판매·제공하는 매장,010c1855-b46f-4e37-b975-8115c4249b0f,용궁횟집,,자갈치시장,전통시장,부산광역시,2.0,2.0,,,RESOLVED_AGREEMENT,False,2,,,,
7e5e204d6eacc5a68224,val,수산물,T3 개념확장,q_수산물_08,고등어,식료품 중 '수산물'을 판매·제공하는 매장,fe1ad2d5-99a0-4581-8dd0-e39502d8efb8,시장고등어,한식,동서시장,전통시장,대구광역시,2.0,0.0,,,P1_BINARY_THRESHOLD,True,,,,,
9074aebbacfe2f68a540,val,수산물,T3 개념확장,q_수산물_08,고등어,식료품 중 '수산물'을 판매·제공하는 매장,0333f16c-ff56-4e80-a1c7-dd77a81300df,로봇초밥마켓 과천래미안점,초밥,과천슈르탑 골목형상점가,골목형상점가,경기도,1.0,0.0,,,P2_GRADED_ONLY,True,,,,,
51fbc1a835c5575eeabc,val,수산물,T3 개념확장,q_수산물_08,고등어,식료품 중 '수산물'을 판매·제공하는 매장,000d55be-8181-4f45-827e-52082b2ae284,명희유통,건어물,성북시장,전통시장,부산광역시,2.0,3.0,,,P2_GRADED_ONLY,True,,,,,
7732009eb37375961b9e,val,수산물,T3 개념확장,q_수산물_08,고등어,식료품 중 '수산물'을 판매·제공하는 매장,00356e71-7b15-4a42-be60-f232011707b8,유한회사 덕재건재,건어물,가락몰골목형상점가,골목형상점가,서울특별시,2.0,3.0,,,P2_GRADED_ONLY,True,,,,,
5dc820f17404c154d99c,val,수산물,T3 개념확장,q_수산물_08,고등어,식료품 중 '수산물'을 판매·제공하는 매장,030393d5-7cf9-4b09-b0ca-5c3b2036f770,황금고등어,화덕구이 요리,한민시장,전통시장,대전광역시,2.0,0.0,,,P1_BINARY_THRESHOLD,True,,,,,
da545ba9a67c759c7ded,val,수산물,T3 개념확장,q_수산물_08,고등어,식료품 중 '수산물'을 판매·제공하는 매장,00298213-17ea-453a-b6e6-375d9ef636b6,대양농수산,농수산물,부평깡시장,전통시장,인천광역시,2.0,3.0,,,P2_GRADED_ONLY,True,,,,,
b69964ffe5addfcaea7c,val,수산물,T3 개념확장,q_수산물_08,고등어,식료품 중 '수산물'을 판매·제공하는 매장,01afaafa-2a46-4977-8015-55762957ee7a,다래초밥,초밥,동문동 골목형상점가,골목형상점가,충청남도,1.0,0.0,,,P2_GRADED_ONLY,True,,,,,
b374892ea38610dbeb0c,val,수산물,T3 개념확장,q_수산물_08,고등어,식료품 중 '수산물'을 판매·제공하는 매장,005eb589-94b0-4a7e-b4e4-ef8cf64b0762,스시쿄다이,일식,동홍8번가 골목형상점가,골목형상점가,제주특별자치도,1.0,0.0,,,P2_GRADED_ONLY,True,,,,,
44a8e676455a68f1fc43,val,수산물,T3 개념확장,q_수산물_08,고등어,식료품 중 '수산물'을 판매·제공하는 매장,42c2fcd4-b668-4811-9e36-c60ad1d90421,남목생선,고등어갈치,남목전통시장,전통시장,울산광역시,3.0,3.0,,,RESOLVED_AGREEMENT,False,3,,,,
a3f63e3b51e36f65f9c5,val,수산물,T3 개념확장,q_수산물_08,고등어,식료품 중 '수산물'을 판매·제공하는 매장,37dfc32d-4a7b-4263-88e8-3ab518bf8366,민지고등어,수산물,대구청과시장,전통시장,대구광역시,2.0,3.0,,,P2_GRADED_ONLY,True,,,,,
a8984bfd80537a54259e,val,수산물,T3 개념확장,q_수산물_08,고등어,식료품 중 '수산물'을 판매·제공하는 매장,00445369-fa3a-4cd3-ae3a-6564876f4199,용수상회,수산물,서문시장건해산물상가,전통시장,대구광역시,2.0,3.0,,,P2_GRADED_ONLY,True,,,,,
c7f34a037ed5fbe57b08,val,수산물,T3 개념확장,q_수산물_08,고등어,식료품 중 '수산물'을 판매·제공하는 매장,038f89c5-a204-4c80-9e31-9d22a3ba4c95,연스시,초밥,노은역 골목형상점가,골목형상점가,대전광역시,1.0,0.0,,,P2_GRADED_ONLY,True,,,,,
3ce613377927fcf46907,val,수산물,T3 개념확장,q_수산물_08,고등어,식료품 중 '수산물'을 판매·제공하는 매장,9b5112a2-d21f-4b95-ac35-6a49f5b9217f,화덕에 반한 고등어,생선구이,강변상점가,자율상권구역,경기도,2.0,3.0,,,P2_GRADED_ONLY,True,,,,,
d2ee443b86f0a904e289,val,수산물,T3 개념확장,q_수산물_08,고등어,식료품 중 '수산물'을 판매·제공하는 매장,00652de3-165f-4988-9616-0ff0250e851d,합천식육점,,관문상가시장,전통시장,대구광역시,0.0,0.0,,,RESOLVED_AGREEMENT,False,0,,,,
fd38fa0ffb94bae9efd1,val,수산물,T3 개념확장,q_수산물_08,고등어,식료품 중 '수산물'을 판매·제공하는 매장,009fbffe-11b3-4eba-b65a-696f4f59f079,인어횟집,횟집,목포북항상점가,자율상권구역,전라남도,1.0,2.0,,,P1_BINARY_THRESHOLD,True,,,,,
42aaae2d7a4a6c7ec703,val,수산물,T3 개념확장,q_수산물_08,고등어,식료품 중 '수산물'을 판매·제공하는 매장,016ddf29-de07-40e1-a642-8c2a45a6f19d,연희어시장,횟집,연희로 골목형상점가,골목형상점가,인천광역시,1.0,2.0,,,P1_BINARY_THRESHOLD,True,,,,,
f11cdc8549c2c3dbbb8b,val,수산물,T3 개념확장,q_수산물_08,고등어,식료품 중 '수산물'을 판매·제공하는 매장,0019e966-8007-4603-957c-4e9adcd1f05a,부남수산,수산물,서산동부전통시장,전통시장,충청남도,2.0,3.0,,,P2_GRADED_ONLY,True,,,,,
5959023a2bd08b01cbac,val,수산물,T3 개념확장,q_수산물_08,고등어,식료품 중 '수산물'을 판매·제공하는 매장,0016aa1a-5730-45a0-b427-06b0f51fc005,든든한밥상,농수산물,화산면 골목형상점가,골목형상점가,전라남도,2.0,3.0,,,P2_GRADED_ONLY,True,,,,,
8156346214c8fd029e00,val,수산물,T3 개념확장,q_수산물_08,고등어,식료품 중 '수산물'을 판매·제공하는 매장,ac83c5ba-c4f3-4e3d-804d-34b35f343e8e,잠수기,고등어 조개 등,자갈치시장,전통시장,부산광역시,3.0,3.0,,,RESOLVED_AGREEMENT,False,3,,,,
774189fc2b0f6b9b836b,val,수산물,T3 개념확장,q_수산물_08,고등어,식료품 중 '수산물'을 판매·제공하는 매장,4f762c38-eb64-4c2c-9c22-d4b9ba760548,소담.찬,생선고등어,나주혁신도시 상가번영회,자율상권구역,전라남도,3.0,3.0,,,RESOLVED_AGREEMENT,False,3,,,,
27022601ebc26973f825,val,수산물,T3 개념확장,q_수산물_08,고등어,식료품 중 '수산물'을 판매·제공하는 매장,c5b515c4-b0fd-4c2c-acef-5adef98da8ca,죽녹원 고등어 쌈밥,한식,국수거리 골목형상점가,골목형상점가,전라남도,2.0,0.0,,,P1_BINARY_THRESHOLD,True,,,,,
bf8a35d6fbfdc6f16c6a,val,수산물,T3 개념확장,q_수산물_08,고등어,식료품 중 '수산물'을 판매·제공하는 매장,051eca0a-6990-4028-a494-8037b199142c,소문난정육관,돼지고기소고기,우장산역 골목형상점가,골목형상점가,서울특별시,0.0,1.0,,,P2_GRADED_ONLY,True,,,,,
75fabcc5d1cb1e51c06b,val,수산물,T3 개념확장,q_수산물_08,고등어,식료품 중 '수산물'을 판매·제공하는 매장,95fb03de-6ae7-46f7-95c6-912e3136e817,고동품은문어(재백수산),문어 고동 생대구 고등어,포항죽도시장,전통시장,경상북도,3.0,3.0,,,RESOLVED_AGREEMENT,False,3,,,,
1dbb5490890de79101bc,val,수산물,T3 개념확장,q_수산물_08,고등어,식료품 중 '수산물'을 판매·제공하는 매장,d8962534-646e-4bb8-9569-67c74848eb53,고등어섬푸랭이,한식,달아실 골목형상점가,골목형상점가,광주광역시,2.0,0.0,,,P1_BINARY_THRESHOLD,True,,,,,
c8621c2caaba02faf28c,val,수산물,T3 개념확장,q_수산물_08,고등어,식료품 중 '수산물'을 판매·제공하는 매장,3b35832d-3994-4f3f-ba7a-401ffa0e301f,미스터머슬,고등어케밥,속초중앙전통시장,전통시장,강원특별자치도,3.0,0.0,,,P1_BINARY_THRESHOLD,True,,,,,
ab846c03ce8fb0dc5aaa,val,수산물,T3 개념확장,q_수산물_08,고등어,식료품 중 '수산물'을 판매·제공하는 매장,03cbd591-5ee7-4f9b-842e-8dc427925406,신흥상회,어물,상주중앙시장,전통시장,경상북도,2.0,3.0,,,P2_GRADED_ONLY,True,,,,,
29aa092104c7a7d57051,val,수산물,T3 개념확장,q_수산물_08,고등어,식료품 중 '수산물'을 판매·제공하는 매장,008cfdc1-610a-407a-a03b-4c6dae7106f4,주영수산,활어,목포북항상점가,자율상권구역,전라남도,2.0,3.0,,,P2_GRADED_ONLY,True,,,,,
8c21cbac5232f78cf131,val,수산물,T3 개념확장,q_수산물_08,고등어,식료품 중 '수산물'을 판매·제공하는 매장,004d071d-dda6-41e4-9fcb-7c74c8f8ef0f,영남상회,건어물,수영팔도시장(구 수영팔도상가시장),전통시장,부산광역시,2.0,3.0,,,P2_GRADED_ONLY,True,,,,,
9452ec99a1ec59f33fe5,val,수산물,T3 개념확장,q_수산물_08,고등어,식료품 중 '수산물'을 판매·제공하는 매장,00527b0b-893c-4d64-862e-3ef8113d07fb,해선언니네,건어물,용상공설시장,전통시장,경상북도,2.0,3.0,,,P2_GRADED_ONLY,True,,,,,
ddf84a0262ec01fd417a,val,수산물,T3 개념확장,q_수산물_08,고등어,식료품 중 '수산물'을 판매·제공하는 매장,bdeee5fb-5e89-4b03-bace-31540d4edce1,삼도수산,갈치 고등어,부전상가시장,전통시장,부산광역시,3.0,3.0,,,RESOLVED_AGREEMENT,False,3,,,,
f4b0ee7397e183a3630e,val,수산물,T3 개념확장,q_수산물_08,고등어,식료품 중 '수산물'을 판매·제공하는 매장,0bf687ec-4ea8-4932-a2c4-401f28aab97f,중앙어물,어물,모슬포 중앙시장,전통시장,제주특별자치도,2.0,0.0,,,P1_BINARY_THRESHOLD,True,,,,,
160833496fcccb73880e,val,수산물,T3 개념확장,q_수산물_08,고등어,식료품 중 '수산물'을 판매·제공하는 매장,00cd5dee-c068-48da-bc58-a704d5fe8832,윤석수산,수산물 활어회 생선 게종류 젓갈 갑각류 해산물 등등,대공원시장,전통시장,대구광역시,2.0,3.0,,,P2_GRADED_ONLY,True,,,,,
42f8c55a5428bfa9c7cb,val,수산물,T3 개념확장,q_수산물_08,고등어,식료품 중 '수산물'을 판매·제공하는 매장,de394f20-bd8c-4c79-b743-efbcd696715c,화덕속 푸른바다 고등어,,구미 골드타워 골목형상점가,골목형상점가,경상북도,3.0,0.0,,,P1_BINARY_THRESHOLD,True,,,,,
4b24ceaeb60f61dcdd27,val,수산물,T3 개념확장,q_수산물_08,고등어,식료품 중 '수산물'을 판매·제공하는 매장,4cacfaab-78bd-4911-ac35-cdd61cddd8e3,털보수산,고등어,신영주번개시장,전통시장,경상북도,3.0,3.0,,,RESOLVED_AGREEMENT,False,3,,,,
b881f14a588e742d755d,val,수산물,T3 개념확장,q_수산물_08,고등어,식료품 중 '수산물'을 판매·제공하는 매장,005429a3-030e-492f-973c-1d5842eeac56,미래횟집,활어,사천 삼천포용궁수산시장,전통시장,경상남도,2.0,2.0,,,RESOLVED_AGREEMENT,False,2,,,,
4cd685602335c5ce9da3,val,수산물,T3 개념확장,q_수산물_08,고등어,식료품 중 '수산물'을 판매·제공하는 매장,00ba389b-e522-4da5-ac26-2ffaf33359ec,스시노유키,초밥,산본로데오거리(구 산본중심상가),자율상권구역,경기도,1.0,0.0,,,P2_GRADED_ONLY,True,,,,,
05b837fff034e81d2219,val,수산물,T3 개념확장,q_수산물_08,고등어,식료품 중 '수산물'을 판매·제공하는 매장,c8c32599-32cd-4b38-b990-30249d68c44a,유동수산,고등어,대명시장,전통시장,대구광역시,3.0,3.0,,,RESOLVED_AGREEMENT,False,3,,,,
8c67f935d09737937d98,val,수산물,T3 개념확장,q_수산물_08,고등어,식료품 중 '수산물'을 판매·제공하는 매장,333fa307-f61c-45a8-a79b-93fff676095e,대명어물,어물,서귀포향토오일시장,전통시장,제주특별자치도,2.0,0.0,,,P1_BINARY_THRESHOLD,True,,,,,
8bd614bc268b709d17fc,val,수산물,T3 개념확장,q_수산물_08,고등어,식료품 중 '수산물'을 판매·제공하는 매장,1be62b9d-96c6-450c-a7ad-9feb264e09e2,달빛에 구운 고등어 풍암점,생선구이 등,매월동상인회 골목형상점가,골목형상점가,광주광역시,2.0,3.0,,,P2_GRADED_ONLY,True,,,,,
883f446ca68b0ab58202,val,수산물,T3 개념확장,q_수산물_08,고등어,식료품 중 '수산물'을 판매·제공하는 매장,e69fd09d-ae57-4b87-bb07-acd33daf9306,갈치랑고등어,한식,해미읍성전통시장,전통시장,충청남도,2.0,0.0,,,P1_BINARY_THRESHOLD,True,,,,,
d7c9fddfe72fe4389243,val,수산물,T3 개념확장,q_수산물_08,고등어,식료품 중 '수산물'을 판매·제공하는 매장,666247e9-514f-4680-a397-5f8adf054eba,낭만고등어,기타,좌동재래시장,전통시장,부산광역시,2.0,0.0,,,P1_BINARY_THRESHOLD,True,,,,,
4620bf63d1f69ad22ff4,val,수산물,T3 개념확장,q_수산물_08,고등어,식료품 중 '수산물'을 판매·제공하는 매장,004032ef-2ae7-4e97-ac30-b12a0869e930,시장횟집,횟집,광양매일시장(광양상설시장),전통시장,전라남도,1.0,2.0,,,P1_BINARY_THRESHOLD,True,,,,,
e3b7f1614f54e03aaaa8,val,수산물,T3 개념확장,q_수산물_08,고등어,식료품 중 '수산물'을 판매·제공하는 매장,01286ec0-50e0-4540-b678-ec706fb3bcbb,설곰식당,식당,산업용재관,전통시장,대구광역시,1.0,0.0,,,P2_GRADED_ONLY,True,,,,,
06293db4f595caa2e991,val,수산물,T3 개념확장,q_수산물_08,고등어,식료품 중 '수산물'을 판매·제공하는 매장,0130dbd3-b9ea-43f4-98fd-26d8afd90b78,모래내시장순대,식당,전주모래내시장,전통시장,전북특별자치도,1.0,0.0,,,P2_GRADED_ONLY,True,,,,,
c07c7b3968fdca0b90ef,val,수산물,T3 개념확장,q_수산물_08,고등어,식료품 중 '수산물'을 판매·제공하는 매장,340f2336-a0cd-4c14-9046-b79bc9e6bdfd,다해수산,간고등어,중앙신시장,전통시장,경상북도,3.0,3.0,,,RESOLVED_AGREEMENT,False,3,,,,
7cfeb1df65514e8f7aee,val,수산물,T3 개념확장,q_수산물_08,고등어,식료품 중 '수산물'을 판매·제공하는 매장,00779863-22b7-4378-adca-42362eff7e3f,장복횟집.수산,생선회,"안면도수산시장(구, 안면도장터)",전통시장,충청남도,2.0,3.0,,,P2_GRADED_ONLY,True,,,,,
e883cd7d3f99d86a125b,val,수산물,T3 개념확장,q_수산물_08,고등어,식료품 중 '수산물'을 판매·제공하는 매장,002e7e87-5677-44ca-85c4-9e5b87e7994f,한양수산,생선,안중시장,전통시장,경기도,2.0,3.0,,,P2_GRADED_ONLY,True,,,,,
7945309fa45289289d95,val,수산물,T3 개념확장,q_수산물_08,고등어,식료품 중 '수산물'을 판매·제공하는 매장,8a3f2d95-9c49-419b-b9bb-a67b82048608,괴정수산2호점,"고등어, 갈치, 오징어",온택트 괴정스마트 상권활성화구역,상권활성화구역,부산광역시,3.0,3.0,,,RESOLVED_AGREEMENT,False,3,,,,
128996beab60b8245f52,val,수산물,T3 개념확장,q_수산물_08,고등어,식료품 중 '수산물'을 판매·제공하는 매장,00bd252b-19f9-4e9a-bf26-b45280bb84ae,선옥상회,생선,고성 공룡시장,전통시장,경상남도,2.0,3.0,,,P2_GRADED_ONLY,True,,,,,
d80318b07e97ac5886f4,val,수산물,T3 개념확장,q_수산물_08,고등어,식료품 중 '수산물'을 판매·제공하는 매장,5205641a-f508-48b5-960f-f4d471e7843d,서원수산,고등어 갈치 등 기타수산물,남부민냉동수산물센터,자율상권구역,부산광역시,3.0,3.0,,,RESOLVED_AGREEMENT,False,3,,,,
3ba0970e686bcc553be1,val,수산물,T3 개념확장,q_수산물_08,고등어,식료품 중 '수산물'을 판매·제공하는 매장,3a7dc17b-3ed0-43f0-8723-22fde08a0fe6,안동짭짜리,안동간고등어,중앙신시장,전통시장,경상북도,3.0,0.0,,,P1_BINARY_THRESHOLD,True,,,,,
0e0b70a999764460ea28,val,수산물,T3 개념확장,q_수산물_08,고등어,식료품 중 '수산물'을 판매·제공하는 매장,be29f5da-459f-4700-a92e-3a919068dea8,보양산낙지고등어돌솥,"낙지, 고등어",반석동 골목형상점가,골목형상점가,대전광역시,3.0,3.0,,,RESOLVED_AGREEMENT,False,3,,,,
b5c2535b9c42677b8a38,val,수산물,T3 개념확장,q_수산물_08,고등어,식료품 중 '수산물'을 판매·제공하는 매장,0027eaf6-093b-4df4-9457-4f1081537ff3,충무꼭지횟집,횟집,초량전통시장,전통시장,부산광역시,1.0,2.0,,,P1_BINARY_THRESHOLD,True,,,,,
f7610f4b136b10229dc7,val,수산물,T3 개념확장,q_수산물_08,고등어,식료품 중 '수산물'을 판매·제공하는 매장,42385fa7-363e-4190-ae3b-88f3567c0f55,명가간고등어,,안동구시장,전통시장,경상북도,3.0,0.0,,,P1_BINARY_THRESHOLD,True,,,,,
5551b63bab5cba79e3c5,val,수산물,T3 개념확장,q_수산물_08,고등어,식료품 중 '수산물'을 판매·제공하는 매장,3ffe1d86-9798-4dc5-b7e3-2e607031152f,동문 영일수산,"수산물(고등어, 삼치)",동문수산시장,전통시장,제주특별자치도,3.0,3.0,,,RESOLVED_AGREEMENT,False,3,,,,
9b608c70abc463adf988,val,수산물,T3 개념확장,q_수산물_08,고등어,식료품 중 '수산물'을 판매·제공하는 매장,7ab13d71-77d4-47cf-becf-821cc81095b1,35수산,전복 갈치 문어 고등어 조기등 생선 및 어패류,전통중앙도매상가,전통시장,대전광역시,3.0,3.0,,,RESOLVED_AGREEMENT,False,3,,,,
225b8526bd3492c04482,val,수산물,T3 개념확장,q_수산물_08,고등어,식료품 중 '수산물'을 판매·제공하는 매장,990b0242-4a3e-4816-a2aa-9eeb04ba14cb,스타수산,갈치 오징어 고등어 낙지 기타 냉동수산물,범천중앙시장,전통시장,부산광역시,3.0,3.0,,,RESOLVED_AGREEMENT,False,3,,,,
b83df382ee45ef307947,val,수산물,T3 개념확장,q_수산물_08,고등어,식료품 중 '수산물'을 판매·제공하는 매장,00a0d437-836b-453d-b15e-55fbf7dc8460,대박수산,생선,청주육거리종합시장,전통시장,충청북도,2.0,3.0,,,P2_GRADED_ONLY,True,,,,,
1f4581521f0ac324e58d,val,수산물,T3 개념확장,q_수산물_08,고등어,식료품 중 '수산물'을 판매·제공하는 매장,e84b5c6b-6a6f-4965-9275-a5b65127e7db,준용홍길동회수산,활어회,상봉먹자골목형상점가,골목형상점가,서울특별시,2.0,3.0,,,P2_GRADED_ONLY,True,,,,,
b0847cc1e148ff54f807,val,수산물,T3 개념확장,q_수산물_08,고등어,식료품 중 '수산물'을 판매·제공하는 매장,0004c5f7-95e0-45be-9f06-a705b8113ff0,의창수협67번중도매인,활어,진해 용원어시장상점가,자율상권구역,경상남도,2.0,0.0,,,P1_BINARY_THRESHOLD,True,,,,,
ad4cf350f195e9338dd4,val,수산물,T3 개념확장,q_수산물_08,고등어,식료품 중 '수산물'을 판매·제공하는 매장,30d5afbc-fd4b-49bb-9e1c-2469652e5921,추씨어물점,어물,영천공설시장,전통시장,경상북도,2.0,0.0,,,P1_BINARY_THRESHOLD,True,,,,,
76facdd5eb6d662bc112,val,수산물,T3 개념확장,q_수산물_08,고등어,식료품 중 '수산물'을 판매·제공하는 매장,06bb5cda-39e6-45e4-972e-9a0a7b8bf38c,명장고등어장어,한식 장어 고등어,오정 어린이공원 골목형상점가,골목형상점가,광주광역시,3.0,0.0,,,P1_BINARY_THRESHOLD,True,,,,,
68da620a8f0ce964a6d5,val,수산물,T3 개념확장,q_수산물_08,고등어,식료품 중 '수산물'을 판매·제공하는 매장,fb153f4b-c428-4cb0-874f-48e100ba2274,대진수산,"생선(고등어, 옥돔)",동문수산시장,전통시장,제주특별자치도,3.0,3.0,,,RESOLVED_AGREEMENT,False,3,,,,
fb0a96a2360f6de3c14c,val,수산물,T3 개념확장,q_수산물_08,고등어,식료품 중 '수산물'을 판매·제공하는 매장,001ec0bf-0eda-4aa8-8efc-a90930649cf5,원프룻,농수산물,정이있는 구포시장,전통시장,부산광역시,2.0,3.0,,,P2_GRADED_ONLY,True,,,,,
e5de7cc3a28409134b4b,val,수산물,T3 개념확장,q_수산물_08,고등어,식료품 중 '수산물'을 판매·제공하는 매장,8bd99b5e-0680-477f-9cc8-7b2798ffc2ec,날아라고등어,생선,신 강남시장,전통시장,인천광역시,2.0,3.0,,,P2_GRADED_ONLY,True,,,,,
4b9882d2afef0b0b222d,val,수산물,T3 개념확장,q_수산물_08,고등어,식료품 중 '수산물'을 판매·제공하는 매장,fb161bef-8cf8-4003-bb66-82b20e279d42,여수 숯불 고등어,반찬류,여수진남시장,전통시장,전라남도,2.0,0.0,,,P1_BINARY_THRESHOLD,True,,,,,
a7dd0058365e15837128,val,수산물,T3 개념확장,q_수산물_08,고등어,식료품 중 '수산물'을 판매·제공하는 매장,00ac75c4-6e3f-4d23-8a6a-1dc8ba294b85,우진수산,"수산물, 활어",효자시장,전통시장,경상북도,2.0,3.0,,,P2_GRADED_ONLY,True,,,,,
9bde908735b9b7cc3179,val,수산물,T3 개념확장,q_수산물_08,고등어,식료품 중 '수산물'을 판매·제공하는 매장,4dd5b37f-dfc4-4eb7-a4f3-0bee8748e33b,대승텍스,면원단,서문시장2지구 종합상가,전통시장,대구광역시,0.0,0.0,,,RESOLVED_AGREEMENT,False,0,,,,
5c85e2bc9944e1209c0d,val,수산물,T3 개념확장,q_수산물_08,고등어,식료품 중 '수산물'을 판매·제공하는 매장,05737f66-793b-4c62-80bc-25ff4717ff99,고등어일번지,한식,안동구시장,전통시장,경상북도,2.0,0.0,,,P1_BINARY_THRESHOLD,True,,,,,
cbc43bd0a58baf433675,val,수산물,T3 개념확장,q_수산물_08,고등어,식료품 중 '수산물'을 판매·제공하는 매장,00a40df6-e218-4c9e-951f-b2c1a3ee676e,영흥수산,생선,가락몰골목형상점가,골목형상점가,서울특별시,2.0,3.0,,,P2_GRADED_ONLY,True,,,,,
f1a632e60cdb8eec3a55,val,수산물,T3 개념확장,q_수산물_08,고등어,식료품 중 '수산물'을 판매·제공하는 매장,efa8e938-7481-4173-9147-cc5aad99432b,원당수산,고등어 갈치 임연수어 등등,원당시장(구 원당전통시장),전통시장,경기도,3.0,3.0,,,RESOLVED_AGREEMENT,False,3,,,,
7081b83f38764adb7825,val,수산물,T3 개념확장,q_수산물_08,고등어,식료품 중 '수산물'을 판매·제공하는 매장,ea97afae-8846-4cef-9113-185ccf857224,우경상회,고등어,자갈치해안시장,전통시장,부산광역시,3.0,3.0,,,RESOLVED_AGREEMENT,False,3,,,,
883ae24f10652d4088fe,val,수산물,T3 개념확장,q_수산물_08,고등어,식료품 중 '수산물'을 판매·제공하는 매장,31135ce0-9075-4a95-914d-767731c4d0c8,금천흑염소집,식육,청주육거리종합시장,전통시장,충청북도,0.0,0.0,,,RESOLVED_AGREEMENT,False,0,,,,
41061945c788048de7df,val,수산물,T3 개념확장,q_수산물_08,고등어,식료품 중 '수산물'을 판매·제공하는 매장,b6a05c5a-a78b-4b91-b57b-e5fd21f2f1ce,어머니의고등어,음식점,전농로터리시장,전통시장,서울특별시,2.0,0.0,,,P1_BINARY_THRESHOLD,True,,,,,
f523b96ccd494ef90ce2,val,수산물,T3 개념확장,q_수산물_08,고등어,식료품 중 '수산물'을 판매·제공하는 매장,007aece5-08b8-4eb0-b4c6-18d451eadcfd,영남상회,건어물,동쪽바다중앙시장(구 동해중앙시장),전통시장,강원특별자치도,2.0,3.0,,,P2_GRADED_ONLY,True,,,,,
d83e72e241562b83bf00,val,수산물,T3 개념확장,q_수산물_08,고등어,식료품 중 '수산물'을 판매·제공하는 매장,742bfc19-71c8-4d38-ac66-b9b3211b0b28,아방수산,고등어 옥돔 갈치,대정오일시장,전통시장,제주특별자치도,3.0,3.0,,,RESOLVED_AGREEMENT,False,3,,,,
b713ea9e67bb78bf8b52,val,수산물,T3 개념확장,q_수산물_09,과메기,식료품 중 '수산물'을 판매·제공하는 매장,68222ffd-fb3c-41ab-8ca3-08f76e6123a2,다도댐메기탕,메기탕,임동 골목형상점가,골목형상점가,광주광역시,0.0,0.0,,,RESOLVED_AGREEMENT,False,0,,,,
cc4d547118da431d4048,val,수산물,T3 개념확장,q_수산물_09,과메기,식료품 중 '수산물'을 판매·제공하는 매장,016ddf29-de07-40e1-a642-8c2a45a6f19d,연희어시장,횟집,연희로 골목형상점가,골목형상점가,인천광역시,1.0,2.0,,,P1_BINARY_THRESHOLD,True,,,,,
bda28ac7419303bcebab,val,수산물,T3 개념확장,q_수산물_09,과메기,식료품 중 '수산물'을 판매·제공하는 매장,004d071d-dda6-41e4-9fcb-7c74c8f8ef0f,영남상회,건어물,수영팔도시장(구 수영팔도상가시장),전통시장,부산광역시,2.0,3.0,,,P2_GRADED_ONLY,True,,,,,
6a4dc9dde62c821a74da,val,수산물,T3 개념확장,q_수산물_09,과메기,식료품 중 '수산물'을 판매·제공하는 매장,00a40df6-e218-4c9e-951f-b2c1a3ee676e,영흥수산,생선,가락몰골목형상점가,골목형상점가,서울특별시,2.0,3.0,,,P2_GRADED_ONLY,True,,,,,
3e6ba16ec890b56562b6,val,수산물,T3 개념확장,q_수산물_09,과메기,식료품 중 '수산물'을 판매·제공하는 매장,038f89c5-a204-4c80-9e31-9d22a3ba4c95,연스시,초밥,노은역 골목형상점가,골목형상점가,대전광역시,1.0,0.0,,,P2_GRADED_ONLY,True,,,,,
77169f390f2b6b0adca6,val,수산물,T3 개념확장,q_수산물_09,과메기,식료품 중 '수산물'을 판매·제공하는 매장,3d1869f2-44cc-4499-9d5f-4ddf2ed9d1ff,삼일건조장,과메기,포항죽도농산물시장,전통시장,경상북도,3.0,0.0,,,P1_BINARY_THRESHOLD,True,,,,,
f871def653106d70b25a,val,수산물,T3 개념확장,q_수산물_09,과메기,식료품 중 '수산물'을 판매·제공하는 매장,008cfdc1-610a-407a-a03b-4c6dae7106f4,주영수산,활어,목포북항상점가,자율상권구역,전라남도,2.0,3.0,,,P2_GRADED_ONLY,True,,,,,
ad3f89f3da8c21cfaf8b,val,수산물,T3 개념확장,q_수산물_09,과메기,식료품 중 '수산물'을 판매·제공하는 매장,6c67d463-d9d5-497c-b444-78d2518fa531,우메기 돌솥국밥,한식,유안초등북길 골목형상점가,골목형상점가,광주광역시,0.0,0.0,,,RESOLVED_AGREEMENT,False,0,,,,
5e5e7e1000ef3b533311,val,수산물,T3 개념확장,q_수산물_09,과메기,식료품 중 '수산물'을 판매·제공하는 매장,20b7f1a3-f0c0-4be9-a8a3-94dccb8db4dc,과메기마트,"수산물, 얼음",포항죽도농산물시장,전통시장,경상북도,2.0,3.0,,,P2_GRADED_ONLY,True,,,,,
970154dc4529792c5574,val,수산물,T3 개념확장,q_수산물_09,과메기,식료품 중 '수산물'을 판매·제공하는 매장,a32b1fb6-d2c3-4722-a613-2e6c1bc0da85,도순이네,과메기건어물,연일전통시장,전통시장,경상북도,3.0,3.0,,,RESOLVED_AGREEMENT,False,3,,,,
39174bb89b12a38d44c8,val,수산물,T3 개념확장,q_수산물_09,과메기,식료품 중 '수산물'을 판매·제공하는 매장,30d5afbc-fd4b-49bb-9e1c-2469652e5921,추씨어물점,어물,영천공설시장,전통시장,경상북도,2.0,0.0,,,P1_BINARY_THRESHOLD,True,,,,,
f4069078637e24b70f15,val,수산물,T3 개념확장,q_수산물_09,과메기,식료품 중 '수산물'을 판매·제공하는 매장,005eb589-94b0-4a7e-b4e4-ef8cf64b0762,스시쿄다이,일식,동홍8번가 골목형상점가,골목형상점가,제주특별자치도,1.0,0.0,,,P2_GRADED_ONLY,True,,,,,
a61b51805e4279d623a4,val,수산물,T3 개념확장,q_수산물_09,과메기,식료품 중 '수산물'을 판매·제공하는 매장,0333f16c-ff56-4e80-a1c7-dd77a81300df,로봇초밥마켓 과천래미안점,초밥,과천슈르탑 골목형상점가,골목형상점가,경기도,1.0,0.0,,,P2_GRADED_ONLY,True,,,,,
76c925dccf27c9ffdabd,val,수산물,T3 개념확장,q_수산물_09,과메기,식료품 중 '수산물'을 판매·제공하는 매장,010c1855-b46f-4e37-b975-8115c4249b0f,용궁횟집,,자갈치시장,전통시장,부산광역시,2.0,2.0,,,RESOLVED_AGREEMENT,False,2,,,,
d1bd06db9a7c138cd714,val,수산물,T3 개념확장,q_수산물_09,과메기,식료품 중 '수산물'을 판매·제공하는 매장,00779863-22b7-4378-adca-42362eff7e3f,장복횟집.수산,생선회,"안면도수산시장(구, 안면도장터)",전통시장,충청남도,2.0,3.0,,,P2_GRADED_ONLY,True,,,,,
74b84829b6cfcd7e6db4,val,수산물,T3 개념확장,q_수산물_09,과메기,식료품 중 '수산물'을 판매·제공하는 매장,4e3518c8-0e86-4396-83e6-9e45f2bec2e2,과일향기,과일,군포역전전통시장,전통시장,경기도,0.0,0.0,,,RESOLVED_AGREEMENT,False,0,,,,
71dd654ddc9e5825aa3c,val,수산물,T3 개념확장,q_수산물_09,과메기,식료품 중 '수산물'을 판매·제공하는 매장,e36fe651-4be9-4264-b1f4-1e6217d31d9d,영천민물,미꾸라지 메기 장어 잉어,왜관시장,전통시장,경상북도,0.0,0.0,,,RESOLVED_AGREEMENT,False,0,,,,
44a6916a8b23569a438a,val,수산물,T3 개념확장,q_수산물_09,과메기,식료품 중 '수산물'을 판매·제공하는 매장,00527b0b-893c-4d64-862e-3ef8113d07fb,해선언니네,건어물,용상공설시장,전통시장,경상북도,2.0,3.0,,,P2_GRADED_ONLY,True,,,,,
aa2a52ecd146e4627112,val,수산물,T3 개념확장,q_수산물_09,과메기,식료품 중 '수산물'을 판매·제공하는 매장,37d254e9-524c-4a26-9f8c-db98abca9f43,해초과메기앞산대명점,과메기,앞산맛둘레길 골목형상점가,골목형상점가,대구광역시,3.0,0.0,,,P1_BINARY_THRESHOLD,True,,,,,
43aa05d3349b43fabc3b,val,수산물,T3 개념확장,q_수산물_09,과메기,식료품 중 '수산물'을 판매·제공하는 매장,ec57c3e1-1425-4d9e-a189-6782e90b1e85,지곡청과,농수산물 및 과일 과메기,포항 지곡에드빌 골목형상점가,골목형상점가,경상북도,3.0,3.0,,,RESOLVED_AGREEMENT,False,3,,,,
4fa16cc237d1ec8e8596,val,수산물,T3 개념확장,q_수산물_09,과메기,식료품 중 '수산물'을 판매·제공하는 매장,0016aa1a-5730-45a0-b427-06b0f51fc005,든든한밥상,농수산물,화산면 골목형상점가,골목형상점가,전라남도,2.0,3.0,,,P2_GRADED_ONLY,True,,,,,
de72c08deb84bf5f4b2f,val,수산물,T3 개념확장,q_수산물_09,과메기,식료품 중 '수산물'을 판매·제공하는 매장,9223f7d1-9ceb-4e77-a55f-cb5e88f2ffed,오늘도건어물,건어물 가자미 과메기,죽도어시장,전통시장,경상북도,3.0,3.0,,,RESOLVED_AGREEMENT,False,3,,,,
a9ecd0e7155b0d2a3aff,val,수산물,T3 개념확장,q_수산물_09,과메기,식료품 중 '수산물'을 판매·제공하는 매장,0acf8f64-69e9-4d78-90d8-7804347c2bc3,다이버 해물나라,한식,하단자율상권구역,기타,부산광역시,0.0,0.0,,,RESOLVED_AGREEMENT,False,0,,,,
1c9dad2e0fdd0d590c0d,val,수산물,T3 개념확장,q_수산물_09,과메기,식료품 중 '수산물'을 판매·제공하는 매장,1e91ef89-7dde-4ca9-bc09-289c9a86a400,여진오메기떡,오메기떡,동문재래시장,전통시장,제주특별자치도,0.0,0.0,,,RESOLVED_AGREEMENT,False,0,,,,
eae1858c1d8f5cd1da47,val,수산물,T3 개념확장,q_수산물_09,과메기,식료품 중 '수산물'을 판매·제공하는 매장,b35e04c5-d17a-4950-a7cc-56178f7858d2,해초과메기검단점,음식점,검단중앙 골목형상점가,골목형상점가,인천광역시,2.0,0.0,,,P1_BINARY_THRESHOLD,True,,,,,
f62c294173333e0111a4,val,수산물,T3 개념확장,q_수산물_09,과메기,식료품 중 '수산물'을 판매·제공하는 매장,57a746d9-4777-4290-81df-018d3a72f430,청원수산,"민물장어, 메기, 미꾸라지등 민물고기",대신시장,전통시장,서울특별시,0.0,3.0,,,P1_BINARY_THRESHOLD,True,,,,,
0e0e4e0e2394d99a38a2,val,수산물,T3 개념확장,q_수산물_09,과메기,식료품 중 '수산물'을 판매·제공하는 매장,01286ec0-50e0-4540-b678-ec706fb3bcbb,설곰식당,식당,산업용재관,전통시장,대구광역시,1.0,0.0,,,P2_GRADED_ONLY,True,,,,,
68ba92267d5e30b40130,val,수산물,T3 개념확장,q_수산물_09,과메기,식료품 중 '수산물'을 판매·제공하는 매장,9cf33f66-a010-44fa-ab7e-9b0a28559f2e,무명네,과메기,구룡포시장,전통시장,경상북도,3.0,0.0,,,P1_BINARY_THRESHOLD,True,,,,,
fda19202ae4fd8047aff,val,수산물,T3 개념확장,q_수산물_09,과메기,식료품 중 '수산물'을 판매·제공하는 매장,ef05ad24-81d8-4e15-b048-f522daa8a544,굿스고로케&꽈배기,제과점,단대마트시장,전통시장,경기도,0.0,0.0,,,RESOLVED_AGREEMENT,False,0,,,,
81d6967d79cb6f9eb2a8,val,수산물,T3 개념확장,q_수산물_09,과메기,식료품 중 '수산물'을 판매·제공하는 매장,81af4597-046c-4310-b5cd-5c00048048e3,미래수산,"과메기, 기타수산물",포항운하송림시장,전통시장,경상북도,3.0,3.0,,,RESOLVED_AGREEMENT,False,3,,,,
d49a9d2654fbacad829e,val,수산물,T3 개념확장,q_수산물_09,과메기,식료품 중 '수산물'을 판매·제공하는 매장,005429a3-030e-492f-973c-1d5842eeac56,미래횟집,활어,사천 삼천포용궁수산시장,전통시장,경상남도,2.0,2.0,,,RESOLVED_AGREEMENT,False,2,,,,
8523dd2b8b5c18d56f6d,val,수산물,T3 개념확장,q_수산물_09,과메기,식료품 중 '수산물'을 판매·제공하는 매장,18feeeb2-e3ab-4b95-b2b1-8412bb7ba1a8,포항구룡포과메기사업,수산,구룡포시장,전통시장,경상북도,2.0,3.0,,,P2_GRADED_ONLY,True,,,,,
1f7c7a8fb2fda317ff8a,val,수산물,T3 개념확장,q_수산물_09,과메기,식료품 중 '수산물'을 판매·제공하는 매장,00ac75c4-6e3f-4d23-8a6a-1dc8ba294b85,우진수산,"수산물, 활어",효자시장,전통시장,경상북도,2.0,3.0,,,P2_GRADED_ONLY,True,,,,,
4640d9366cca70871862,val,수산물,T3 개념확장,q_수산물_09,과메기,식료품 중 '수산물'을 판매·제공하는 매장,35204b23-1b03-4ceb-b0bb-3348332ff3e8,붕어랑메기랑,한식,두암3동 먹자골목 골목형상점가,골목형상점가,광주광역시,0.0,0.0,,,RESOLVED_AGREEMENT,False,0,,,,
520ab36f115a91b9f770,val,수산물,T3 개념확장,q_수산물_09,과메기,식료품 중 '수산물'을 판매·제공하는 매장,bc76a390-acb8-4924-9e6d-b374e39c4a7e,광주오리탕 메기탕오리로스구이 오메오메 상무직영점,한식 오리 메기,마륵동상인회 골목형상점가,골목형상점가,광주광역시,0.0,0.0,,,RESOLVED_AGREEMENT,False,0,,,,
40cad84600ae32e32f91,val,수산물,T3 개념확장,q_수산물_09,과메기,식료품 중 '수산물'을 판매·제공하는 매장,007aece5-08b8-4eb0-b4c6-18d451eadcfd,영남상회,건어물,동쪽바다중앙시장(구 동해중앙시장),전통시장,강원특별자치도,2.0,3.0,,,P2_GRADED_ONLY,True,,,,,
07096f3ef7bc20a88687,val,수산물,T3 개념확장,q_수산물_09,과메기,식료품 중 '수산물'을 판매·제공하는 매장,f6e4d713-dd87-4bca-a543-206e90397d23,왕메기매운탕식당,메기 매운탕,앞산맛둘레길 골목형상점가,골목형상점가,대구광역시,1.0,0.0,,,P2_GRADED_ONLY,True,,,,,
9faaeb90726e2ea74a10,val,수산물,T3 개념확장,q_수산물_09,과메기,식료품 중 '수산물'을 판매·제공하는 매장,00f60c16-d8be-497f-80f2-aab3209a8d0e,포카포카,식당,전남여고후문 골목형상점가,골목형상점가,광주광역시,1.0,0.0,,,P2_GRADED_ONLY,True,,,,,
f04b52805c96a461d21d,val,수산물,T3 개념확장,q_수산물_09,과메기,식료품 중 '수산물'을 판매·제공하는 매장,a333b7f8-4e81-4da2-8594-84b35de6a531,횟집진,회 대게 물회 과메기,구룡포시장,전통시장,경상북도,3.0,3.0,,,RESOLVED_AGREEMENT,False,3,,,,
a7700cf333acd0030ee9,val,수산물,T3 개념확장,q_수산물_09,과메기,식료품 중 '수산물'을 판매·제공하는 매장,c47d38b2-f44b-4a85-8833-3919986ad569,전복상회,과메기,구룡포시장,전통시장,경상북도,3.0,3.0,,,RESOLVED_AGREEMENT,False,3,,,,
3e3a8c13e0f955757229,val,수산물,T3 개념확장,q_수산물_09,과메기,식료품 중 '수산물'을 판매·제공하는 매장,001ec0bf-0eda-4aa8-8efc-a90930649cf5,원프룻,농수산물,정이있는 구포시장,전통시장,부산광역시,2.0,3.0,,,P2_GRADED_ONLY,True,,,,,
5d6a5837d3f438d87f5e,val,수산물,T3 개념확장,q_수산물_09,과메기,식료품 중 '수산물'을 판매·제공하는 매장,7b179551-0ea9-4d1e-8c1b-b3fe3ae4f77e,구룡포 일출과메기,과메기,포항 해도새록새로 골목형상점가,골목형상점가,경상북도,3.0,0.0,,,P1_BINARY_THRESHOLD,True,,,,,
bf209c00c81b0ed51cba,val,수산물,T3 개념확장,q_수산물_09,과메기,식료품 중 '수산물'을 판매·제공하는 매장,00298213-17ea-453a-b6e6-375d9ef636b6,대양농수산,농수산물,부평깡시장,전통시장,인천광역시,2.0,3.0,,,P2_GRADED_ONLY,True,,,,,
91efa63537be45dbc425,val,수산물,T3 개념확장,q_수산물_09,과메기,식료품 중 '수산물'을 판매·제공하는 매장,0130dbd3-b9ea-43f4-98fd-26d8afd90b78,모래내시장순대,식당,전주모래내시장,전통시장,전북특별자치도,1.0,0.0,,,P2_GRADED_ONLY,True,,,,,
cca60eaacd1d6f84fdec,val,수산물,T3 개념확장,q_수산물_09,과메기,식료품 중 '수산물'을 판매·제공하는 매장,00bd252b-19f9-4e9a-bf26-b45280bb84ae,선옥상회,생선,고성 공룡시장,전통시장,경상남도,2.0,3.0,,,P2_GRADED_ONLY,True,,,,,
7144f7fa552fbe5b5b1a,val,수산물,T3 개념확장,q_수산물_09,과메기,식료품 중 '수산물'을 판매·제공하는 매장,00e04e3d-cb00-4d64-a13d-a9c02f9a4fc8,대림수산,활어,자갈치시장,전통시장,부산광역시,2.0,3.0,,,P2_GRADED_ONLY,True,,,,,
50e45804e51f99ef8c98,val,수산물,T3 개념확장,q_수산물_09,과메기,식료품 중 '수산물'을 판매·제공하는 매장,a6d2b0a7-c71e-4c00-bede-bdab0945d10d,담소정,메기탕,법원후문 골목형상점가,골목형상점가,광주광역시,0.0,0.0,,,RESOLVED_AGREEMENT,False,0,,,,
eb237eed5cdb64cb2856,val,수산물,T3 개념확장,q_수산물_09,과메기,식료품 중 '수산물'을 판매·제공하는 매장,002e7e87-5677-44ca-85c4-9e5b87e7994f,한양수산,생선,안중시장,전통시장,경기도,2.0,3.0,,,P2_GRADED_ONLY,True,,,,,
efecdfffe1c36050a427,val,수산물,T3 개념확장,q_수산물_09,과메기,식료품 중 '수산물'을 판매·제공하는 매장,49efeae7-5fe2-44f6-b913-6ea889209ade,구성메기 매운탕,매운탕,부곡맛고을상가,자율상권구역,경상북도,0.0,0.0,,,RESOLVED_AGREEMENT,False,0,,,,
68a25a80827d59b80fbf,val,수산물,T3 개념확장,q_수산물_09,과메기,식료품 중 '수산물'을 판매·제공하는 매장,2788754c-875f-45bf-bde2-1e42bb941042,수산물 다루는 남자,과메기 건어물 수산물,구룡포시장,전통시장,경상북도,3.0,3.0,,,RESOLVED_AGREEMENT,False,3,,,,
d72061d1997e91a94de8,val,수산물,T3 개념확장,q_수산물_09,과메기,식료품 중 '수산물'을 판매·제공하는 매장,009fbffe-11b3-4eba-b65a-696f4f59f079,인어횟집,횟집,목포북항상점가,자율상권구역,전라남도,1.0,2.0,,,P1_BINARY_THRESHOLD,True,,,,,
7803258b1b5586253f5d,val,수산물,T3 개념확장,q_수산물_09,과메기,식료품 중 '수산물'을 판매·제공하는 매장,00cc4859-307a-43ef-9654-2f6aa6fc404d,서산상회,생선,노량진수산시장골목형상점가,골목형상점가,서울특별시,2.0,3.0,,,P2_GRADED_ONLY,True,,,,,
f4cf5d4d1faf14afdfb5,val,수산물,T3 개념확장,q_수산물_09,과메기,식료품 중 '수산물'을 판매·제공하는 매장,53e5aaa3-a569-4e03-a865-18a51ab6915d,우메기돌솥국밥,국밥,동천동벚꽃길상인회 골목형상점가,골목형상점가,광주광역시,0.0,0.0,,,RESOLVED_AGREEMENT,False,0,,,,
24fe128d0a3fcc1922bd,val,수산물,T3 개념확장,q_수산물_09,과메기,식료품 중 '수산물'을 판매·제공하는 매장,0bf687ec-4ea8-4932-a2c4-401f28aab97f,중앙어물,어물,모슬포 중앙시장,전통시장,제주특별자치도,2.0,0.0,,,P1_BINARY_THRESHOLD,True,,,,,
5d7e1a9e2841af139862,val,수산물,T3 개념확장,q_수산물_09,과메기,식료품 중 '수산물'을 판매·제공하는 매장,f4f74601-32a5-42a1-a3ac-d52ee5e7a1a7,명자표 구룡포 과메기,과메기,연일전통시장,전통시장,경상북도,3.0,0.0,,,P1_BINARY_THRESHOLD,True,,,,,
1c3587b22e4513ef9c7a,val,수산물,T3 개념확장,q_수산물_09,과메기,식료품 중 '수산물'을 판매·제공하는 매장,013d58c8-33f8-4dbe-95de-801d22ea9505,민영활어공장 부천자유시장점,"회, 초밥",부천자유시장,전통시장,경기도,1.0,3.0,,,P1_BINARY_THRESHOLD,True,,,,,
f6c0ab714fab7f508dbe,val,수산물,T3 개념확장,q_수산물_09,과메기,식료품 중 '수산물'을 판매·제공하는 매장,c0bd228c-053b-4ed2-a067-4530d175495b,황보네 수산,"과메기, 수산물",구룡포시장,전통시장,경상북도,3.0,3.0,,,RESOLVED_AGREEMENT,False,3,,,,
39c374fc72ecf24110b4,val,수산물,T3 개념확장,q_수산물_09,과메기,식료품 중 '수산물'을 판매·제공하는 매장,fd7edb75-324d-4f70-9282-de1cc5885c9f,최무룡과메기,과매기,죽도어시장,전통시장,경상북도,2.0,0.0,,,P1_BINARY_THRESHOLD,True,,,,,
855e9b833ce949ddcaca,val,수산물,T3 개념확장,q_수산물_09,과메기,식료품 중 '수산물'을 판매·제공하는 매장,4fa5f01c-8838-4f39-9b24-4916b7743d53,미원상회,"과메기, 식품",구룡포시장,전통시장,경상북도,3.0,3.0,,,RESOLVED_AGREEMENT,False,3,,,,
ee04ca34cade482cdf01,val,수산물,T3 개념확장,q_수산물_09,과메기,식료품 중 '수산물'을 판매·제공하는 매장,000d55be-8181-4f45-827e-52082b2ae284,명희유통,건어물,성북시장,전통시장,부산광역시,2.0,3.0,,,P2_GRADED_ONLY,True,,,,,
c9d0814893f311b7dc4f,val,수산물,T3 개념확장,q_수산물_09,과메기,식료품 중 '수산물'을 판매·제공하는 매장,0019e966-8007-4603-957c-4e9adcd1f05a,부남수산,수산물,서산동부전통시장,전통시장,충청남도,2.0,3.0,,,P2_GRADED_ONLY,True,,,,,
c630608a92366f4b381b,val,수산물,T3 개념확장,q_수산물_09,과메기,식료품 중 '수산물'을 판매·제공하는 매장,d179b375-59ce-4456-aba9-e3df3b5510f2,삼산구룡포1등과메기,건해산물,울산농수산물도매시장 청과소매동,골목형상점가,울산광역시,2.0,3.0,,,P2_GRADED_ONLY,True,,,,,
4a13165b680bc08f795f,val,수산물,T3 개념확장,q_수산물_09,과메기,식료품 중 '수산물'을 판매·제공하는 매장,730d461e-ee86-4e77-a6db-7a92b5131b81,청사초롱과메기식당,음식,한라종합시장,전통시장,경상북도,2.0,0.0,,,P1_BINARY_THRESHOLD,True,,,,,
17340c3dd6afa45308a7,val,수산물,T3 개념확장,q_수산물_09,과메기,식료품 중 '수산물'을 판매·제공하는 매장,333fa307-f61c-45a8-a79b-93fff676095e,대명어물,어물,서귀포향토오일시장,전통시장,제주특별자치도,2.0,0.0,,,P1_BINARY_THRESHOLD,True,,,,,
7330404b5733ddbb01c2,val,수산물,T3 개념확장,q_수산물_09,과메기,식료품 중 '수산물'을 판매·제공하는 매장,2559b4c0-3c6a-4b3c-82a3-e42af43e75c8,중앙상회,"닭, 오리, 과메기, 건어물",두호1시장,전통시장,경상북도,3.0,3.0,,,RESOLVED_AGREEMENT,False,3,,,,
16fc32b0886d72145bc6,val,수산물,T3 개념확장,q_수산물_09,과메기,식료품 중 '수산물'을 판매·제공하는 매장,00445369-fa3a-4cd3-ae3a-6564876f4199,용수상회,수산물,서문시장건해산물상가,전통시장,대구광역시,2.0,3.0,,,P2_GRADED_ONLY,True,,,,,
cb9825b39dbe5ab41297,val,수산물,T3 개념확장,q_수산물_09,과메기,식료품 중 '수산물'을 판매·제공하는 매장,3526958d-da64-4c90-a75c-c55162fbe0d3,최씨어물전,,영천공설시장,전통시장,경상북도,2.0,0.0,,,P1_BINARY_THRESHOLD,True,,,,,
60a09befa59edcb19d6f,val,수산물,T3 개념확장,q_수산물_09,과메기,식료품 중 '수산물'을 판매·제공하는 매장,ac9c65cc-1e24-4ef1-b9e7-70ac1bb18739,우주상사,과메기,구룡포시장,전통시장,경상북도,3.0,0.0,,,P1_BINARY_THRESHOLD,True,,,,,
eec2fae326c22c0995f6,val,수산물,T3 개념확장,q_수산물_09,과메기,식료품 중 '수산물'을 판매·제공하는 매장,2447514f-32b1-495c-8ae4-9903e82dcd99,어부네코다리조림 서천장보고점,코다리,서천시장거리 골목형상점가,골목형상점가,충청남도,0.0,0.0,,,RESOLVED_AGREEMENT,False,0,,,,
84049479516086be5457,val,수산물,T3 개념확장,q_수산물_09,과메기,식료품 중 '수산물'을 판매·제공하는 매장,0004c5f7-95e0-45be-9f06-a705b8113ff0,의창수협67번중도매인,활어,진해 용원어시장상점가,자율상권구역,경상남도,2.0,0.0,,,P1_BINARY_THRESHOLD,True,,,,,
c3b01b4deeef06a3a051,val,수산물,T3 개념확장,q_수산물_09,과메기,식료품 중 '수산물'을 판매·제공하는 매장,00cd5dee-c068-48da-bc58-a704d5fe8832,윤석수산,수산물 활어회 생선 게종류 젓갈 갑각류 해산물 등등,대공원시장,전통시장,대구광역시,2.0,3.0,,,P2_GRADED_ONLY,True,,,,,
e7a313483cd8c55b66b8,val,수산물,T3 개념확장,q_수산물_09,과메기,식료품 중 '수산물'을 판매·제공하는 매장,9176a604-d073-4933-8694-d21b74bd4a48,장수족발과메기,과메기,포항큰동해시장,전통시장,경상북도,3.0,0.0,,,P1_BINARY_THRESHOLD,True,,,,,
0efe28963e721c5cc783,val,수산물,T3 개념확장,q_수산물_09,과메기,식료품 중 '수산물'을 판매·제공하는 매장,f46d43ad-9997-41d7-85c1-a90bf9824698,주류 충전소,과메기,포항 해도새록새로 골목형상점가,골목형상점가,경상북도,3.0,0.0,,,P1_BINARY_THRESHOLD,True,,,,,
642a4d3384e791cfeda3,val,수산물,T3 개념확장,q_수산물_09,과메기,식료품 중 '수산물'을 판매·제공하는 매장,beba27d0-86bb-4a1e-adec-8cb7cd340464,설이네 반찬&과메기,식품,포항 대이상가 골목형상점가,골목형상점가,경상북도,2.0,0.0,,,P1_BINARY_THRESHOLD,True,,,,,
5ee29f285302a72db6f8,val,수산물,T3 개념확장,q_수산물_09,과메기,식료품 중 '수산물'을 판매·제공하는 매장,01afaafa-2a46-4977-8015-55762957ee7a,다래초밥,초밥,동문동 골목형상점가,골목형상점가,충청남도,1.0,0.0,,,P2_GRADED_ONLY,True,,,,,
1cd1e5b01ad3206f430e,val,수산물,T3 개념확장,q_수산물_09,과메기,식료품 중 '수산물'을 판매·제공하는 매장,00ba389b-e522-4da5-ac26-2ffaf33359ec,스시노유키,초밥,산본로데오거리(구 산본중심상가),자율상권구역,경기도,1.0,0.0,,,P2_GRADED_ONLY,True,,,,,
e07a795a6f778333c513,val,수산물,T3 개념확장,q_수산물_09,과메기,식료품 중 '수산물'을 판매·제공하는 매장,6996cbc1-fd8c-4c75-9953-d0078f4beb9a,은비네과메기,음식점,진주 중앙시장,전통시장,경상남도,2.0,0.0,,,P1_BINARY_THRESHOLD,True,,,,,
924558b7c7fc994a7711,val,수산물,T3 개념확장,q_수산물_09,과메기,식료품 중 '수산물'을 판매·제공하는 매장,f931fc12-fd19-4b4b-95ae-ce295ffa3f40,맨즈헤어,미용,강동HS 골목형상점가,골목형상점가,울산광역시,0.0,0.0,,,RESOLVED_AGREEMENT,False,0,,,,
4cea628eb737cec71a4a,val,수산물,T3 개념확장,q_수산물_09,과메기,식료품 중 '수산물'을 판매·제공하는 매장,11cb216d-803b-4ed1-9562-bd176b05c443,보원전자,가전제품,전자의거리 상점가,자율상권구역,광주광역시,0.0,0.0,,,RESOLVED_AGREEMENT,False,0,,,,
5ff1685a07491a930e9c,val,수산물,T3 개념확장,q_수산물_09,과메기,식료품 중 '수산물'을 판매·제공하는 매장,e7b99fbf-ac2f-42d6-9cd3-088cee2a9ca9,하늘보석,귀금속,왕지상가,자율상권구역,전라남도,0.0,0.0,,,RESOLVED_AGREEMENT,False,0,,,,
e57bdd51c48cae73233b,val,수산물,T3 개념확장,q_수산물_09,과메기,식료품 중 '수산물'을 판매·제공하는 매장,0027eaf6-093b-4df4-9457-4f1081537ff3,충무꼭지횟집,횟집,초량전통시장,전통시장,부산광역시,1.0,2.0,,,P1_BINARY_THRESHOLD,True,,,,,
a088b4078a2421bd8860,val,수산물,T3 개념확장,q_수산물_09,과메기,식료품 중 '수산물'을 판매·제공하는 매장,009b69b5-365a-4958-87e7-f224f253b92a,동문올레횟집,횟집,동문수산시장,전통시장,제주특별자치도,1.0,2.0,,,P1_BINARY_THRESHOLD,True,,,,,
efb0e9ba5de339b6c5cc,val,수산물,T3 개념확장,q_수산물_09,과메기,식료품 중 '수산물'을 판매·제공하는 매장,ecc7c17e-4d0d-4f34-947b-2add1dbc32cd,동아방앗간,방앗간,"일곡동(제8지역:롯데,벽산,동아,삼호,월드스파)",골목형상점가,광주광역시,0.0,0.0,,,RESOLVED_AGREEMENT,False,0,,,,
5dd17d8f16dc7949c181,val,수산물,T3 개념확장,q_수산물_09,과메기,식료품 중 '수산물'을 판매·제공하는 매장,00fcc68d-3086-4b45-b998-f3763e8dbf7d,꼬치마요 산본역점(9호점),일식,산본로데오거리(구 산본중심상가),자율상권구역,경기도,1.0,0.0,,,P2_GRADED_ONLY,True,,,,,
811b4193c0509e943dcf,val,수산물,T3 개념확장,q_수산물_09,과메기,식료품 중 '수산물'을 판매·제공하는 매장,b0ea25fa-ac70-43ab-9351-c0f1d8044576,금과메기 건어물,수산물,포항죽도농산물시장,전통시장,경상북도,2.0,3.0,,,P2_GRADED_ONLY,True,,,,,
51ba693c64a78cc00078,val,수산물,T3 개념확장,q_수산물_09,과메기,식료품 중 '수산물'을 판매·제공하는 매장,48ef98e0-8cc8-4cd0-95db-cf0d9c486ed4,일등수산,문어 과메기 대게,포항죽도시장,전통시장,경상북도,3.0,3.0,,,RESOLVED_AGREEMENT,False,3,,,,
42926e30477648931787,val,수산물,T3 개념확장,q_수산물_09,과메기,식료품 중 '수산물'을 판매·제공하는 매장,004032ef-2ae7-4e97-ac30-b12a0869e930,시장횟집,횟집,광양매일시장(광양상설시장),전통시장,전라남도,1.0,2.0,,,P1_BINARY_THRESHOLD,True,,,,,
c783e5cc8f13d127e2d9,val,수산물,T3 개념확장,q_수산물_09,과메기,식료품 중 '수산물'을 판매·제공하는 매장,ae45fcec-e0eb-4327-9269-a944fbd61b2c,수암과메기,과메기,위드수암 골목형상점가,골목형상점가,울산광역시,3.0,0.0,,,P1_BINARY_THRESHOLD,True,,,,,
e51d50614ed86e44b982,val,수산물,T3 개념확장,q_수산물_09,과메기,식료품 중 '수산물'을 판매·제공하는 매장,03cbd591-5ee7-4f9b-842e-8dc427925406,신흥상회,어물,상주중앙시장,전통시장,경상북도,2.0,3.0,,,P2_GRADED_ONLY,True,,,,,
67bf0326e82c41d1de3d,val,수산물,T3 개념확장,q_수산물_09,과메기,식료품 중 '수산물'을 판매·제공하는 매장,00356e71-7b15-4a42-be60-f232011707b8,유한회사 덕재건재,건어물,가락몰골목형상점가,골목형상점가,서울특별시,2.0,3.0,,,P2_GRADED_ONLY,True,,,,,
c4c6a21f12923f6503a8,val,수산물,T3 개념확장,q_수산물_09,과메기,식료품 중 '수산물'을 판매·제공하는 매장,93874f4f-f07f-4631-8226-e07d77273e14,유단청과수산,"과일, 과메기",구룡포시장,전통시장,경상북도,3.0,3.0,,,RESOLVED_AGREEMENT,False,3,,,,
3b7e2df635998ea405a6,val,수산물,T3 개념확장,q_수산물_09,과메기,식료품 중 '수산물'을 판매·제공하는 매장,00a0d437-836b-453d-b15e-55fbf7dc8460,대박수산,생선,청주육거리종합시장,전통시장,충청북도,2.0,3.0,,,P2_GRADED_ONLY,True,,,,,
bb8f5e12ec789913379e,val,수산물,T3 개념확장,q_수산물_09,과메기,식료품 중 '수산물'을 판매·제공하는 매장,a715b36a-a6ad-486b-94f8-46bd92ecdf68,햇살고운과일촌,과일,김해 외동전통시장,전통시장,경상남도,0.0,0.0,,,RESOLVED_AGREEMENT,False,0,,,,
dc7bdbe52834735820ed,val,수산물,T3 개념확장,q_수산물_09,과메기,식료품 중 '수산물'을 판매·제공하는 매장,bcf7a82b-136f-4abf-b56b-2a1b2552bf93,청사초롱농수산,과메기 야채,한라종합시장,전통시장,경상북도,3.0,3.0,,,RESOLVED_AGREEMENT,False,3,,,,
1bf4248c850189bcd377,val,수산물,T3 개념확장,q_수산물_10,해산물,식료품 중 '수산물'을 판매·제공하는 매장,000d55be-8181-4f45-827e-52082b2ae284,명희유통,건어물,성북시장,전통시장,부산광역시,3.0,3.0,,,RESOLVED_AGREEMENT,False,3,,,,
912f2a2d51f7b53a8c82,val,수산물,T3 개념확장,q_수산물_10,해산물,식료품 중 '수산물'을 판매·제공하는 매장,841c3d7a-4a1a-4047-bc2b-97ec98e7bde7,㈜성산축산물백화점,도소매업(축산물),안양중앙인정시장,전통시장,경기도,0.0,0.0,,,RESOLVED_AGREEMENT,False,0,,,,
44bd52ac650c7ebe3c35,val,수산물,T3 개념확장,q_수산물_10,해산물,식료품 중 '수산물'을 판매·제공하는 매장,b2209226-e503-4588-a041-584bbd9933b6,해안선,해산물,매탄중심상가 골목형상점가,골목형상점가,경기도,3.0,3.0,,,RESOLVED_AGREEMENT,False,3,,,,
a8c19ab5d1757659701b,val,수산물,T3 개념확장,q_수산물_10,해산물,식료품 중 '수산물'을 판매·제공하는 매장,cb555ef8-aca2-446c-a819-e646dbb00d14,히야,해산물,교동시장1길 상점가,자율상권구역,대구광역시,3.0,3.0,,,RESOLVED_AGREEMENT,False,3,,,,
57d9c4921ff4da6a7f47,val,수산물,T3 개념확장,q_수산물_10,해산물,식료품 중 '수산물'을 판매·제공하는 매장,002e7e87-5677-44ca-85c4-9e5b87e7994f,한양수산,생선,안중시장,전통시장,경기도,3.0,3.0,,,RESOLVED_AGREEMENT,False,3,,,,
4ac47fef2f0877da8062,val,수산물,T3 개념확장,q_수산물_10,해산물,식료품 중 '수산물'을 판매·제공하는 매장,081228e7-6107-4933-9b5d-eeb158010286,서림해산물,해산물,서귀포매일올레시장,전통시장,제주특별자치도,3.0,3.0,,,RESOLVED_AGREEMENT,False,3,,,,
ede5af961f009cdf2913,val,수산물,T3 개념확장,q_수산물_10,해산물,식료품 중 '수산물'을 판매·제공하는 매장,333fa307-f61c-45a8-a79b-93fff676095e,대명어물,어물,서귀포향토오일시장,전통시장,제주특별자치도,3.0,0.0,,,P1_BINARY_THRESHOLD,True,,,,,
d896a31891257c9048c4,val,수산물,T3 개념확장,q_수산물_10,해산물,식료품 중 '수산물'을 판매·제공하는 매장,f84c9685-2aaf-4cf6-a2ab-51f7e19dd840,삼바리,해산물,봉명동우산거리 골목형상점가,골목형상점가,대전광역시,3.0,3.0,,,RESOLVED_AGREEMENT,False,3,,,,
b4cee906d518d032629b,val,수산물,T3 개념확장,q_수산물_10,해산물,식료품 중 '수산물'을 판매·제공하는 매장,74f5466e-e45f-4f41-8dcf-7572600bd262,만선,해산물,전남대후문골목형상점가,골목형상점가,광주광역시,3.0,3.0,,,RESOLVED_AGREEMENT,False,3,,,,
3e0f9e3cce1b3ce9eaaa,val,수산물,T3 개념확장,q_수산물_10,해산물,식료품 중 '수산물'을 판매·제공하는 매장,01afaafa-2a46-4977-8015-55762957ee7a,다래초밥,초밥,동문동 골목형상점가,골목형상점가,충청남도,1.0,0.0,,,P2_GRADED_ONLY,True,,,,,
ddc3ed167626a74f8535,val,수산물,T3 개념확장,q_수산물_10,해산물,식료품 중 '수산물'을 판매·제공하는 매장,77dc91df-69fe-447b-9766-7ca8be2f7912,우리해산물,해산물,서귀포매일올레시장,전통시장,제주특별자치도,3.0,3.0,,,RESOLVED_AGREEMENT,False,3,,,,
d427e9392236a0564319,val,수산물,T3 개념확장,q_수산물_10,해산물,식료품 중 '수산물'을 판매·제공하는 매장,e5dadc2e-bd96-43cf-8b4b-a1e66c175bbf,보석타운,"시계, 귀금속",조종시장,전통시장,경기도,0.0,0.0,,,RESOLVED_AGREEMENT,False,0,,,,
772bb65db60174241eb7,val,수산물,T3 개념확장,q_수산물_10,해산물,식료품 중 '수산물'을 판매·제공하는 매장,c1b5f7cd-108b-4415-8101-717e70ba478f,금스시&참치,해산물,동탄역골목형상점가,골목형상점가,경기도,3.0,3.0,,,RESOLVED_AGREEMENT,False,3,,,,
823d65a150ad02afd54f,val,수산물,T3 개념확장,q_수산물_10,해산물,식료품 중 '수산물'을 판매·제공하는 매장,5c177803-d700-442e-94a1-785b9cb24a22,엄마네,해산물,신석로골목형상점가,골목형상점가,인천광역시,3.0,3.0,,,RESOLVED_AGREEMENT,False,3,,,,
6429f032fa8b4754a6ec,val,수산물,T3 개념확장,q_수산물_10,해산물,식료품 중 '수산물'을 판매·제공하는 매장,3526958d-da64-4c90-a75c-c55162fbe0d3,최씨어물전,,영천공설시장,전통시장,경상북도,3.0,0.0,,,P1_BINARY_THRESHOLD,True,,,,,
2d931b75885fed0cbefb,val,수산물,T3 개념확장,q_수산물_10,해산물,식료품 중 '수산물'을 판매·제공하는 매장,005eb589-94b0-4a7e-b4e4-ef8cf64b0762,스시쿄다이,일식,동홍8번가 골목형상점가,골목형상점가,제주특별자치도,1.0,0.0,,,P2_GRADED_ONLY,True,,,,,
8e0474cd85dc3561e0c7,val,수산물,T3 개념확장,q_수산물_10,해산물,식료품 중 '수산물'을 판매·제공하는 매장,001ec0bf-0eda-4aa8-8efc-a90930649cf5,원프룻,농수산물,정이있는 구포시장,전통시장,부산광역시,3.0,3.0,,,RESOLVED_AGREEMENT,False,3,,,,
7efe5d9c375c3cce2fbc,val,수산물,T3 개념확장,q_수산물_10,해산물,식료품 중 '수산물'을 판매·제공하는 매장,8cd302ca-a65c-48df-8cac-26ccb042797b,보디가드 예스 공주3점,스포츠 내의,공주산성 활성화구역,상권활성화구역,충청남도,0.0,0.0,,,RESOLVED_AGREEMENT,False,0,,,,
92fdd48bd1ff3baabf3e,val,수산물,T3 개념확장,q_수산물_10,해산물,식료품 중 '수산물'을 판매·제공하는 매장,5e9e3653-f6e9-4ad2-826f-5a6c4917d68a,윤스헤어,두발미용,동성타워프라자,전통시장,서울특별시,0.0,0.0,,,RESOLVED_AGREEMENT,False,0,,,,
01af8ffabb162185056a,val,수산물,T3 개념확장,q_수산물_10,해산물,식료품 중 '수산물'을 판매·제공하는 매장,00fcc68d-3086-4b45-b998-f3763e8dbf7d,꼬치마요 산본역점(9호점),일식,산본로데오거리(구 산본중심상가),자율상권구역,경기도,1.0,0.0,,,P2_GRADED_ONLY,True,,,,,
c96877a0eda000e0446b,val,수산물,T3 개념확장,q_수산물_10,해산물,식료품 중 '수산물'을 판매·제공하는 매장,1ca624a5-320c-4477-a569-941cc1bf2e9e,여보게친구,해산물,신창 골목형상점가,골목형상점가,광주광역시,3.0,3.0,,,RESOLVED_AGREEMENT,False,3,,,,
16ddf039f5919de58ccf,val,수산물,T3 개념확장,q_수산물_10,해산물,식료품 중 '수산물'을 판매·제공하는 매장,58da5bf1-394e-47ba-abf5-94805807e50f,착한해물,해산물,용봉IC 골목형상점가,골목형상점가,광주광역시,3.0,3.0,,,RESOLVED_AGREEMENT,False,3,,,,
c4566efca9223d59d35d,val,수산물,T3 개념확장,q_수산물_10,해산물,식료품 중 '수산물'을 판매·제공하는 매장,010c1855-b46f-4e37-b975-8115c4249b0f,용궁횟집,,자갈치시장,전통시장,부산광역시,3.0,2.0,,,P2_GRADED_ONLY,True,,,,,
816156896276638e97fe,val,수산물,T3 개념확장,q_수산물_10,해산물,식료품 중 '수산물'을 판매·제공하는 매장,0333f16c-ff56-4e80-a1c7-dd77a81300df,로봇초밥마켓 과천래미안점,초밥,과천슈르탑 골목형상점가,골목형상점가,경기도,1.0,0.0,,,P2_GRADED_ONLY,True,,,,,
bc0841e99a955ae43d4c,val,수산물,T3 개념확장,q_수산물_10,해산물,식료품 중 '수산물'을 판매·제공하는 매장,8d6a5b3f-d491-4527-9561-f10701869f2e,동해물과 해산물이,해산물,감전시장,전통시장,부산광역시,3.0,3.0,,,RESOLVED_AGREEMENT,False,3,,,,
49a8bf1e96e2cc302918,val,수산물,T3 개념확장,q_수산물_10,해산물,식료품 중 '수산물'을 판매·제공하는 매장,74c89370-aa17-46d2-bbd2-bf690fa810f6,어른이날,해산물,양지마을 골목형상점가,골목형상점가,광주광역시,3.0,3.0,,,RESOLVED_AGREEMENT,False,3,,,,
a4aa77dec72740b007a6,val,수산물,T3 개념확장,q_수산물_10,해산물,식료품 중 '수산물'을 판매·제공하는 매장,3691b330-e340-4b1c-be88-ce218c19112b,올레해산물&회포장,해산물,서귀포매일올레시장,전통시장,제주특별자치도,3.0,3.0,,,RESOLVED_AGREEMENT,False,3,,,,
143bbe7d709acbe3952e,val,수산물,T3 개념확장,q_수산물_10,해산물,식료품 중 '수산물'을 판매·제공하는 매장,00cc4859-307a-43ef-9654-2f6aa6fc404d,서산상회,생선,노량진수산시장골목형상점가,골목형상점가,서울특별시,3.0,3.0,,,RESOLVED_AGREEMENT,False,3,,,,
be3f42a8df11a4ab1e55,val,수산물,T3 개념확장,q_수산물_10,해산물,식료품 중 '수산물'을 판매·제공하는 매장,005429a3-030e-492f-973c-1d5842eeac56,미래횟집,활어,사천 삼천포용궁수산시장,전통시장,경상남도,3.0,2.0,,,P2_GRADED_ONLY,True,,,,,
cba54648e959b924b053,val,수산물,T3 개념확장,q_수산물_10,해산물,식료품 중 '수산물'을 판매·제공하는 매장,008cfdc1-610a-407a-a03b-4c6dae7106f4,주영수산,활어,목포북항상점가,자율상권구역,전라남도,3.0,3.0,,,RESOLVED_AGREEMENT,False,3,,,,
fe5d9836933a0de447dc,val,수산물,T3 개념확장,q_수산물_10,해산물,식료품 중 '수산물'을 판매·제공하는 매장,03cbd591-5ee7-4f9b-842e-8dc427925406,신흥상회,어물,상주중앙시장,전통시장,경상북도,3.0,3.0,,,RESOLVED_AGREEMENT,False,3,,,,
49d09f1bc02026dd5198,val,수산물,T3 개념확장,q_수산물_10,해산물,식료품 중 '수산물'을 판매·제공하는 매장,00298213-17ea-453a-b6e6-375d9ef636b6,대양농수산,농수산물,부평깡시장,전통시장,인천광역시,3.0,3.0,,,RESOLVED_AGREEMENT,False,3,,,,
b9bbe81c6f11876882d8,val,수산물,T3 개념확장,q_수산물_10,해산물,식료품 중 '수산물'을 판매·제공하는 매장,59a97761-657f-4f31-a1f7-5517fbbe9d58,해적,해산물,신중동시계탑별빛거리 골목형상점가,골목형상점가,경기도,3.0,3.0,,,RESOLVED_AGREEMENT,False,3,,,,
1900416423802bf72192,val,수산물,T3 개념확장,q_수산물_10,해산물,식료품 중 '수산물'을 판매·제공하는 매장,a92cd8d9-6f93-44b4-98be-75a18acb1667,바다포차,해산물,안양중앙시장,전통시장,경기도,3.0,3.0,,,RESOLVED_AGREEMENT,False,3,,,,
e94dc1d44c8856c18ee4,val,수산물,T3 개념확장,q_수산물_10,해산물,식료품 중 '수산물'을 판매·제공하는 매장,68f1b8c3-648f-4b9d-bd31-225c07068ea4,돼지조개,해산물,창원 반송시장,전통시장,경상남도,3.0,3.0,,,RESOLVED_AGREEMENT,False,3,,,,
6d2206e976db7174a0c3,val,수산물,T3 개념확장,q_수산물_10,해산물,식료품 중 '수산물'을 판매·제공하는 매장,35b9a58f-7cb1-45d9-990e-89675412b1c4,완도집,해산물,영천시장,전통시장,서울특별시,3.0,3.0,,,RESOLVED_AGREEMENT,False,3,,,,
9fba6541eb24969f5cca,val,수산물,T3 개념확장,q_수산물_10,해산물,식료품 중 '수산물'을 판매·제공하는 매장,875fe014-0bc4-4fac-b82b-1ce58589cdfc,북해참치,해산물,구성언남 골목형상점가,골목형상점가,경기도,3.0,3.0,,,RESOLVED_AGREEMENT,False,3,,,,
cae33f0260cdb0beeb62,val,수산물,T3 개념확장,q_수산물_10,해산물,식료품 중 '수산물'을 판매·제공하는 매장,3161afba-0d9e-4c94-8797-3f85599bf5f6,계절막회,해산물,동백역 골목형상점가,골목형상점가,경기도,3.0,3.0,,,RESOLVED_AGREEMENT,False,3,,,,
f8ba6774fc720e2fb29e,val,수산물,T3 개념확장,q_수산물_10,해산물,식료품 중 '수산물'을 판매·제공하는 매장,5de2721c-ae31-4ffe-b6c1-39f699001118,아우네,해산물,치동천 수변상가,자율상권구역,경기도,3.0,3.0,,,RESOLVED_AGREEMENT,False,3,,,,
d2fea9ec2e4f4d4e4b59,val,수산물,T3 개념확장,q_수산물_10,해산물,식료품 중 '수산물'을 판매·제공하는 매장,004032ef-2ae7-4e97-ac30-b12a0869e930,시장횟집,횟집,광양매일시장(광양상설시장),전통시장,전라남도,1.0,2.0,,,P1_BINARY_THRESHOLD,True,,,,,
ef00267debc2acc7f6f8,val,수산물,T3 개념확장,q_수산물_10,해산물,식료품 중 '수산물'을 판매·제공하는 매장,20736d47-260a-49c1-b5f3-faede9645a9f,해물촌,해산물,거제 고현자율상권,,경상남도,3.0,3.0,,,RESOLVED_AGREEMENT,False,3,,,,
cfbfd15f3820e0896237,val,수산물,T3 개념확장,q_수산물_10,해산물,식료품 중 '수산물'을 판매·제공하는 매장,a87d9091-cfb1-4404-87fe-fac9fc88f969,먹물군단,해산물,삼익사거리 골목형상점가,골목형상점가,광주광역시,3.0,3.0,,,RESOLVED_AGREEMENT,False,3,,,,
850a295464ec6ad7f361,val,수산물,T3 개념확장,q_수산물_10,해산물,식료품 중 '수산물'을 판매·제공하는 매장,52ee2721-a538-4b70-92f1-e75a2af95158,지에스25수송중앙점,편의점상품,수송누리 골목형상점가,골목형상점가,전북특별자치도,0.0,0.0,,,RESOLVED_AGREEMENT,False,0,,,,
d7821166403b966e499c,val,수산물,T3 개념확장,q_수산물_10,해산물,식료품 중 '수산물'을 판매·제공하는 매장,0c3b8779-121d-47f0-849c-682b3472b490,동서해물,해산물,양산 덕계종합상설시장,전통시장,경상남도,3.0,3.0,,,RESOLVED_AGREEMENT,False,3,,,,
b507f61fe7bc50a27680,val,수산물,T3 개념확장,q_수산물_10,해산물,식료품 중 '수산물'을 판매·제공하는 매장,c51cbfe8-f19d-4c8c-b893-0c5a9baf83b2,아!청춘을적신다,해산물,운남7단지먹자거리 골목형상점가,골목형상점가,광주광역시,3.0,3.0,,,RESOLVED_AGREEMENT,False,3,,,,
4ac2bef2d3bdf582be41,val,수산물,T3 개념확장,q_수산물_10,해산물,식료품 중 '수산물'을 판매·제공하는 매장,899af6fc-93b0-49d9-871a-0f7f97817ffd,어부정,해산물,마산가고파수산시장,전통시장,경상남도,3.0,3.0,,,RESOLVED_AGREEMENT,False,3,,,,
2474be0aa802f9c76acf,val,수산물,T3 개념확장,q_수산물_10,해산물,식료품 중 '수산물'을 판매·제공하는 매장,789b1367-9da6-4b76-86c2-fdf96e5fedad,똥광,해산물,팔등로기부거리,골목형상점가,울산광역시,3.0,3.0,,,RESOLVED_AGREEMENT,False,3,,,,
3bde7e999d1a56ec7fdd,val,수산물,T3 개념확장,q_수산물_10,해산물,식료품 중 '수산물'을 판매·제공하는 매장,559ad30f-a7cf-423c-b8fc-017690d93b59,그린횟집,회 해산물,포항 대이상가 골목형상점가,골목형상점가,경상북도,3.0,3.0,,,RESOLVED_AGREEMENT,False,3,,,,
46c4a66234cec46abea3,val,수산물,T3 개념확장,q_수산물_10,해산물,식료품 중 '수산물'을 판매·제공하는 매장,8755096a-eb8f-4c28-86d7-c02cb41140c7,물바우,해산물,흑석시장골목형상점가,골목형상점가,서울특별시,3.0,3.0,,,RESOLVED_AGREEMENT,False,3,,,,
d8fd683549743db6967f,val,수산물,T3 개념확장,q_수산물_10,해산물,식료품 중 '수산물'을 판매·제공하는 매장,693150b5-5b64-469f-a9bb-7079308af165,거시기,해산물,문흥2동 골목형상점가,골목형상점가,광주광역시,3.0,3.0,,,RESOLVED_AGREEMENT,False,3,,,,
1afe0432260abce1c0d0,val,수산물,T3 개념확장,q_수산물_10,해산물,식료품 중 '수산물'을 판매·제공하는 매장,b06046d7-c2ae-447d-9149-94f5f1dc3bd1,진동해물,해산물,마산어시장,전통시장,경상남도,3.0,3.0,,,RESOLVED_AGREEMENT,False,3,,,,
2d530334be2a7f717346,val,수산물,T3 개념확장,q_수산물_10,해산물,식료품 중 '수산물'을 판매·제공하는 매장,00f60c16-d8be-497f-80f2-aab3209a8d0e,포카포카,식당,전남여고후문 골목형상점가,골목형상점가,광주광역시,1.0,0.0,,,P2_GRADED_ONLY,True,,,,,
b8282a7f60a47270987e,val,수산물,T3 개념확장,q_수산물_10,해산물,식료품 중 '수산물'을 판매·제공하는 매장,80ea62f6-fafe-43fa-8198-ea06fda62f4b,거제 해산물,해산물,용호골목시장,전통시장,부산광역시,3.0,3.0,,,RESOLVED_AGREEMENT,False,3,,,,
9adb4adb046c95b59736,val,수산물,T3 개념확장,q_수산물_10,해산물,식료품 중 '수산물'을 판매·제공하는 매장,00a0d437-836b-453d-b15e-55fbf7dc8460,대박수산,생선,청주육거리종합시장,전통시장,충청북도,3.0,3.0,,,RESOLVED_AGREEMENT,False,3,,,,
07269547596e131aedb7,val,수산물,T3 개념확장,q_수산물_10,해산물,식료품 중 '수산물'을 판매·제공하는 매장,16b2d000-6695-4ca2-8567-2d8079f9029a,해원,횟집회 및 해산물,백년소상공인,기타,제주특별자치도,3.0,3.0,,,RESOLVED_AGREEMENT,False,3,,,,
0b176e2e6bb4b450b128,val,수산물,T3 개념확장,q_수산물_10,해산물,식료품 중 '수산물'을 판매·제공하는 매장,00e04e3d-cb00-4d64-a13d-a9c02f9a4fc8,대림수산,활어,자갈치시장,전통시장,부산광역시,3.0,3.0,,,RESOLVED_AGREEMENT,False,3,,,,
acfbcd243e8a890a26dd,val,수산물,T3 개념확장,q_수산물_10,해산물,식료품 중 '수산물'을 판매·제공하는 매장,016ddf29-de07-40e1-a642-8c2a45a6f19d,연희어시장,횟집,연희로 골목형상점가,골목형상점가,인천광역시,1.0,2.0,,,P1_BINARY_THRESHOLD,True,,,,,
1fa6797658829fd3eb4f,val,수산물,T3 개념확장,q_수산물_10,해산물,식료품 중 '수산물'을 판매·제공하는 매장,01e0f944-3585-4859-bbaa-e4c53852c47b,에이징,해산물,군분로꽁양상인회 골목형상점가,골목형상점가,광주광역시,3.0,3.0,,,RESOLVED_AGREEMENT,False,3,,,,
dc5f07afaf773eb1c511,val,수산물,T3 개념확장,q_수산물_10,해산물,식료품 중 '수산물'을 판매·제공하는 매장,3f4b7db6-27c4-4ead-a391-5ae661d7e225,아까사까2,해산물 한식,두산동밤마실거리 골목형상점가,골목형상점가,대구광역시,3.0,3.0,,,RESOLVED_AGREEMENT,False,3,,,,
ce5561fad1083640cd28,val,수산물,T3 개념확장,q_수산물_10,해산물,식료품 중 '수산물'을 판매·제공하는 매장,e8fdca91-aa77-4536-acbe-2e98cc4577fe,빛나 해물,해산물,복이있는덕포시장,전통시장,부산광역시,3.0,3.0,,,RESOLVED_AGREEMENT,False,3,,,,
6d347ca4a7b8c433405d,val,수산물,T3 개념확장,q_수산물_10,해산물,식료품 중 '수산물'을 판매·제공하는 매장,bfe0f34a-908c-40a1-aa04-055825e53da5,황재조개궁녀,해산물,마산어시장,전통시장,경상남도,3.0,3.0,,,RESOLVED_AGREEMENT,False,3,,,,
857268542ff06b5d52e0,val,수산물,T3 개념확장,q_수산물_10,해산물,식료품 중 '수산물'을 판매·제공하는 매장,0019e966-8007-4603-957c-4e9adcd1f05a,부남수산,수산물,서산동부전통시장,전통시장,충청남도,3.0,3.0,,,RESOLVED_AGREEMENT,False,3,,,,
49fee57f90699259fe33,val,수산물,T3 개념확장,q_수산물_10,해산물,식료품 중 '수산물'을 판매·제공하는 매장,009b69b5-365a-4958-87e7-f224f253b92a,동문올레횟집,횟집,동문수산시장,전통시장,제주특별자치도,1.0,2.0,,,P1_BINARY_THRESHOLD,True,,,,,
a7ada2ef2d45bd709bf2,val,수산물,T3 개념확장,q_수산물_10,해산물,식료품 중 '수산물'을 판매·제공하는 매장,f9385f4f-67e9-4c8c-ba77-365c2c71ef11,고성수산해산물,해산물,마산어시장,전통시장,경상남도,3.0,3.0,,,RESOLVED_AGREEMENT,False,3,,,,
f81dd6904e754890e108,val,수산물,T3 개념확장,q_수산물_10,해산물,식료품 중 '수산물'을 판매·제공하는 매장,00cd5dee-c068-48da-bc58-a704d5fe8832,윤석수산,수산물 활어회 생선 게종류 젓갈 갑각류 해산물 등등,대공원시장,전통시장,대구광역시,3.0,3.0,,,RESOLVED_AGREEMENT,False,3,,,,
e053c406d57ee807fecd,val,수산물,T3 개념확장,q_수산물_10,해산물,식료품 중 '수산물'을 판매·제공하는 매장,00779863-22b7-4378-adca-42362eff7e3f,장복횟집.수산,생선회,"안면도수산시장(구, 안면도장터)",전통시장,충청남도,3.0,3.0,,,RESOLVED_AGREEMENT,False,3,,,,
21ca8aed9fe7efc86ca3,val,수산물,T3 개념확장,q_수산물_10,해산물,식료품 중 '수산물'을 판매·제공하는 매장,3adbefec-0d50-419a-9fa4-3ea9cd13a77d,안성해물,해산물,노량진수산시장골목형상점가,골목형상점가,서울특별시,3.0,3.0,,,RESOLVED_AGREEMENT,False,3,,,,
c6af3203bfbe3b266592,val,수산물,T3 개념확장,q_수산물_10,해산물,식료품 중 '수산물'을 판매·제공하는 매장,0130dbd3-b9ea-43f4-98fd-26d8afd90b78,모래내시장순대,식당,전주모래내시장,전통시장,전북특별자치도,1.0,0.0,,,P2_GRADED_ONLY,True,,,,,
717190ddac8217f0a169,val,수산물,T3 개념확장,q_수산물_10,해산물,식료품 중 '수산물'을 판매·제공하는 매장,00ba389b-e522-4da5-ac26-2ffaf33359ec,스시노유키,초밥,산본로데오거리(구 산본중심상가),자율상권구역,경기도,1.0,0.0,,,P2_GRADED_ONLY,True,,,,,
979efa82bf5d4bfaa7e5,val,수산물,T3 개념확장,q_수산물_10,해산물,식료품 중 '수산물'을 판매·제공하는 매장,2762f04c-9b1f-46bf-9684-542d687339d7,반달곰부각,부각,남원인월시장,전통시장,전북특별자치도,0.0,0.0,,,RESOLVED_AGREEMENT,False,0,,,,
31196e8e556bc6c45cbd,val,수산물,T3 개념확장,q_수산물_10,해산물,식료품 중 '수산물'을 판매·제공하는 매장,009fbffe-11b3-4eba-b65a-696f4f59f079,인어횟집,횟집,목포북항상점가,자율상권구역,전라남도,1.0,2.0,,,P1_BINARY_THRESHOLD,True,,,,,
d773492b44035085a2ae,val,수산물,T3 개념확장,q_수산물_10,해산물,식료품 중 '수산물'을 판매·제공하는 매장,0027eaf6-093b-4df4-9457-4f1081537ff3,충무꼭지횟집,횟집,초량전통시장,전통시장,부산광역시,1.0,2.0,,,P1_BINARY_THRESHOLD,True,,,,,
38c7acdd5c68adee90a4,val,수산물,T3 개념확장,q_수산물_10,해산물,식료품 중 '수산물'을 판매·제공하는 매장,0e1b78b8-d2f7-4d76-ac5e-fd387fe1ae0e,대성반점,짜장면 짬뽕,옥계OK골목형상점가,골목형상점가,강원특별자치도,0.0,0.0,,,RESOLVED_AGREEMENT,False,0,,,,
fd837b0fc0dfe19de990,val,수산물,T3 개념확장,q_수산물_10,해산물,식료품 중 '수산물'을 판매·제공하는 매장,76b356d1-d683-45d0-a8ec-8df349d99938,선이해물,해산물,통영중앙전통시장,전통시장,경상남도,3.0,3.0,,,RESOLVED_AGREEMENT,False,3,,,,
350a4adb274faf3cba10,val,수산물,T3 개념확장,q_수산물_10,해산물,식료품 중 '수산물'을 판매·제공하는 매장,ad5c0337-c3b9-4f02-bc97-1bb6098c9673,태평양,해산물,민락어민활어직판장,자율상권구역,부산광역시,3.0,3.0,,,RESOLVED_AGREEMENT,False,3,,,,
dd0606197b61c6bb189a,val,수산물,T3 개념확장,q_수산물_10,해산물,식료품 중 '수산물'을 판매·제공하는 매장,00356e71-7b15-4a42-be60-f232011707b8,유한회사 덕재건재,건어물,가락몰골목형상점가,골목형상점가,서울특별시,3.0,3.0,,,RESOLVED_AGREEMENT,False,3,,,,
e378a271dc89db9a2d5a,val,수산물,T3 개념확장,q_수산물_10,해산물,식료품 중 '수산물'을 판매·제공하는 매장,2827ddee-256b-4aa7-ac52-248a84818771,벌교해산물,해산물,순천역전시장상가,자율상권구역,전라남도,3.0,3.0,,,RESOLVED_AGREEMENT,False,3,,,,
be625e1291778d74c1c9,val,수산물,T3 개념확장,q_수산물_10,해산물,식료품 중 '수산물'을 판매·제공하는 매장,00445369-fa3a-4cd3-ae3a-6564876f4199,용수상회,수산물,서문시장건해산물상가,전통시장,대구광역시,3.0,3.0,,,RESOLVED_AGREEMENT,False,3,,,,
c83094063675c1559d11,val,수산물,T3 개념확장,q_수산물_10,해산물,식료품 중 '수산물'을 판매·제공하는 매장,0016aa1a-5730-45a0-b427-06b0f51fc005,든든한밥상,농수산물,화산면 골목형상점가,골목형상점가,전라남도,3.0,3.0,,,RESOLVED_AGREEMENT,False,3,,,,
be57f1b04c4af1e35540,val,수산물,T3 개념확장,q_수산물_10,해산물,식료품 중 '수산물'을 판매·제공하는 매장,3acbe4be-b875-40fb-a6ba-9f9b11f1d1f6,리앤네일,네일,금호운천로상인회 골목형상점가,골목형상점가,광주광역시,0.0,0.0,,,RESOLVED_AGREEMENT,False,0,,,,
996421cb652542b41f04,val,수산물,T3 개념확장,q_수산물_10,해산물,식료품 중 '수산물'을 판매·제공하는 매장,7f7b5990-f8ca-42e0-9e7e-8843c320c406,남도,해산물,조원복길골목형상점가,골목형상점가,서울특별시,3.0,3.0,,,RESOLVED_AGREEMENT,False,3,,,,
bff0f13517e2ac85bc17,val,수산물,T3 개념확장,q_수산물_10,해산물,식료품 중 '수산물'을 판매·제공하는 매장,00ac75c4-6e3f-4d23-8a6a-1dc8ba294b85,우진수산,"수산물, 활어",효자시장,전통시장,경상북도,3.0,3.0,,,RESOLVED_AGREEMENT,False,3,,,,
f0e14dedc5f6cd90425c,val,수산물,T3 개념확장,q_수산물_10,해산물,식료품 중 '수산물'을 판매·제공하는 매장,00527b0b-893c-4d64-862e-3ef8113d07fb,해선언니네,건어물,용상공설시장,전통시장,경상북도,3.0,3.0,,,RESOLVED_AGREEMENT,False,3,,,,
9adf4644cad18639cbc3,val,수산물,T3 개념확장,q_수산물_10,해산물,식료품 중 '수산물'을 판매·제공하는 매장,c13f74d6-e954-4ec0-beb0-9dd4099184a8,복순횟집,해산물,하남 골목형상점가,골목형상점가,광주광역시,3.0,3.0,,,RESOLVED_AGREEMENT,False,3,,,,
de27d3516833a911e921,val,수산물,T3 개념확장,q_수산물_10,해산물,식료품 중 '수산물'을 판매·제공하는 매장,0184d57c-b046-41ed-b40b-54148376f271,사계절,해산물,풍암벚꽃길상인회 골목형상점가,골목형상점가,광주광역시,3.0,3.0,,,RESOLVED_AGREEMENT,False,3,,,,
fb424b4565464ad09c76,val,수산물,T3 개념확장,q_수산물_10,해산물,식료품 중 '수산물'을 판매·제공하는 매장,038f89c5-a204-4c80-9e31-9d22a3ba4c95,연스시,초밥,노은역 골목형상점가,골목형상점가,대전광역시,1.0,0.0,,,P2_GRADED_ONLY,True,,,,,
17914725b72c32832a80,val,수산물,T3 개념확장,q_수산물_10,해산물,식료품 중 '수산물'을 판매·제공하는 매장,9eb1af95-5a43-458f-862e-1ac3122e9a34,고흥해물,해산물,노량진수산시장골목형상점가,골목형상점가,서울특별시,3.0,3.0,,,RESOLVED_AGREEMENT,False,3,,,,
a19e57a28cf768afa917,val,수산물,T3 개념확장,q_수산물_10,해산물,식료품 중 '수산물'을 판매·제공하는 매장,44778a69-5876-4538-9256-7313102dca47,해산물과 전한판,"전, 해산물",수완머그로 골목형상점가,골목형상점가,광주광역시,3.0,3.0,,,RESOLVED_AGREEMENT,False,3,,,,
7f0f833701ff98facd2d,val,수산물,T3 개념확장,q_수산물_10,해산물,식료품 중 '수산물'을 판매·제공하는 매장,01286ec0-50e0-4540-b678-ec706fb3bcbb,설곰식당,식당,산업용재관,전통시장,대구광역시,1.0,0.0,,,P2_GRADED_ONLY,True,,,,,
3ac7f99bec4cfc6521b0,val,수산물,T3 개념확장,q_수산물_10,해산물,식료품 중 '수산물'을 판매·제공하는 매장,6770b58d-d1cf-41d0-b626-9135cc1e2479,주식회사 해화,해산물,쫑포상가 골목형상점가,골목형상점가,전라남도,3.0,3.0,,,RESOLVED_AGREEMENT,False,3,,,,
f0f95da1ea30157167fb,val,수산물,T3 개념확장,q_수산물_10,해산물,식료품 중 '수산물'을 판매·제공하는 매장,30d5afbc-fd4b-49bb-9e1c-2469652e5921,추씨어물점,어물,영천공설시장,전통시장,경상북도,3.0,0.0,,,P1_BINARY_THRESHOLD,True,,,,,
d192f7e444eafcad90d6,val,수산물,T3 개념확장,q_수산물_10,해산물,식료품 중 '수산물'을 판매·제공하는 매장,0004c5f7-95e0-45be-9f06-a705b8113ff0,의창수협67번중도매인,활어,진해 용원어시장상점가,자율상권구역,경상남도,3.0,0.0,,,P1_BINARY_THRESHOLD,True,,,,,
713ef3cc7382d90ef04c,val,수산물,T3 개념확장,q_수산물_10,해산물,식료품 중 '수산물'을 판매·제공하는 매장,ba51c21a-ba2a-421a-80da-695b00bd127c,루키초밥,해산물,월산로상인회 골목형상점가,골목형상점가,광주광역시,3.0,3.0,,,RESOLVED_AGREEMENT,False,3,,,,
d9e2bb55f78477f20543,val,수산물,T3 개념확장,q_수산물_10,해산물,식료품 중 '수산물'을 판매·제공하는 매장,007aece5-08b8-4eb0-b4c6-18d451eadcfd,영남상회,건어물,동쪽바다중앙시장(구 동해중앙시장),전통시장,강원특별자치도,3.0,3.0,,,RESOLVED_AGREEMENT,False,3,,,,
2ac50519760dd1efd552,val,수산물,T3 개념확장,q_수산물_10,해산물,식료품 중 '수산물'을 판매·제공하는 매장,67de312b-60dd-4d89-9b71-dd479a57212f,쇼부,해산물,풍암신암상인회 골목형상점가,골목형상점가,광주광역시,3.0,3.0,,,RESOLVED_AGREEMENT,False,3,,,,
1a6b9418f450cdfb604e,val,수산물,T3 개념확장,q_수산물_10,해산물,식료품 중 '수산물'을 판매·제공하는 매장,dbf1c2e8-b9d2-42fb-a867-53014dc657d4,가빈초장,해산물,기장시장,전통시장,부산광역시,3.0,3.0,,,RESOLVED_AGREEMENT,False,3,,,,
6cab9a07b228611fc1fc,val,수산물,T3 개념확장,q_수산물_10,해산물,식료품 중 '수산물'을 판매·제공하는 매장,47f89ae8-af3e-46b7-8f18-262cbb449a33,통통배,해산물,염주먹자골목B구역상인회 골목형상점가,골목형상점가,광주광역시,3.0,3.0,,,RESOLVED_AGREEMENT,False,3,,,,
593b753c81a4fe827688,val,수산물,T3 개념확장,q_수산물_10,해산물,식료품 중 '수산물'을 판매·제공하는 매장,00a40df6-e218-4c9e-951f-b2c1a3ee676e,영흥수산,생선,가락몰골목형상점가,골목형상점가,서울특별시,3.0,3.0,,,RESOLVED_AGREEMENT,False,3,,,,
b99edf3510430060a888,val,수산물,T3 개념확장,q_수산물_10,해산물,식료품 중 '수산물'을 판매·제공하는 매장,6d2967fa-a63c-483f-9aa6-db9e7fe58cc4,천양상회,해산물,민락어민활어직판장,자율상권구역,부산광역시,3.0,3.0,,,RESOLVED_AGREEMENT,False,3,,,,
586f629d57e99a96973c,val,수산물,T3 개념확장,q_수산물_10,해산물,식료품 중 '수산물'을 판매·제공하는 매장,00bd252b-19f9-4e9a-bf26-b45280bb84ae,선옥상회,생선,고성 공룡시장,전통시장,경상남도,3.0,3.0,,,RESOLVED_AGREEMENT,False,3,,,,
7f19107399ddb57943bb,val,수산물,T3 개념확장,q_수산물_10,해산물,식료품 중 '수산물'을 판매·제공하는 매장,f611aa53-e25b-40e3-b7ea-6dee91d055a1,시로미,해산물,일곡동(제9지역:커피의 거리),골목형상점가,광주광역시,3.0,3.0,,,RESOLVED_AGREEMENT,False,3,,,,
21c65f2062740b122812,val,수산물,T3 개념확장,q_수산물_10,해산물,식료품 중 '수산물'을 판매·제공하는 매장,b069cbf1-b1a9-43ab-a4b9-35e7ef2f6605,회타운,해산물,조원동상인연합회 골목형상점가,골목형상점가,경기도,3.0,3.0,,,RESOLVED_AGREEMENT,False,3,,,,
5fd9de59832abda7b546,val,수산물,T3 개념확장,q_수산물_10,해산물,식료품 중 '수산물'을 판매·제공하는 매장,ccedb1dd-dc6d-44de-95fb-7fcb4d72d032,북촌,해산물,구성언남 골목형상점가,골목형상점가,경기도,3.0,3.0,,,RESOLVED_AGREEMENT,False,3,,,,
0a8e9a6b57141c7c1f36,val,수산물,T3 개념확장,q_수산물_10,해산물,식료품 중 '수산물'을 판매·제공하는 매장,300eeb90-4760-42b8-9de1-a4b66f4463ac,달인해산물,해산물,서귀포매일올레시장,전통시장,제주특별자치도,3.0,3.0,,,RESOLVED_AGREEMENT,False,3,,,,
234706e2922db6cebb6f,val,수산물,T3 개념확장,q_수산물_10,해산물,식료품 중 '수산물'을 판매·제공하는 매장,6cff7847-a0e4-41c1-8615-4ca90b1e0c5c,오자미,해산물,운천역상인회 골목형상점가,골목형상점가,광주광역시,3.0,3.0,,,RESOLVED_AGREEMENT,False,3,,,,
b1819ad1aed772cf912c,val,수산물,T3 개념확장,q_수산물_10,해산물,식료품 중 '수산물'을 판매·제공하는 매장,6579dd58-3be6-4fc4-b5c9-6f9341cff305,성원해물,해산물,"칠성진,경명시장",전통시장,대구광역시,3.0,3.0,,,RESOLVED_AGREEMENT,False,3,,,,
863c2e94a12c81fe0426,val,수산물,T3 개념확장,q_수산물_10,해산물,식료품 중 '수산물'을 판매·제공하는 매장,013d58c8-33f8-4dbe-95de-801d22ea9505,민영활어공장 부천자유시장점,"회, 초밥",부천자유시장,전통시장,경기도,1.0,3.0,,,P1_BINARY_THRESHOLD,True,,,,,
467b78d85ce57a13b373,val,수산물,T3 개념확장,q_수산물_10,해산물,식료품 중 '수산물'을 판매·제공하는 매장,9928713a-e8af-4725-aa6e-b03d8f974587,미미수산,해산물,마산가고파수산시장,전통시장,경상남도,3.0,3.0,,,RESOLVED_AGREEMENT,False,3,,,,
b25b87b09712661bc7f3,val,수산물,T3 개념확장,q_수산물_10,해산물,식료품 중 '수산물'을 판매·제공하는 매장,a71625a5-3847-416f-8298-10af4eb30056,지원수산,해산물,못골골목시장,전통시장,부산광역시,3.0,3.0,,,RESOLVED_AGREEMENT,False,3,,,,
af5d1f6efbd07f359bbc,val,수산물,T3 개념확장,q_수산물_10,해산물,식료품 중 '수산물'을 판매·제공하는 매장,004d071d-dda6-41e4-9fcb-7c74c8f8ef0f,영남상회,건어물,수영팔도시장(구 수영팔도상가시장),전통시장,부산광역시,3.0,3.0,,,RESOLVED_AGREEMENT,False,3,,,,
016c2ff963ad75b27b97,val,수산물,T3 개념확장,q_수산물_10,해산물,식료품 중 '수산물'을 판매·제공하는 매장,0bf687ec-4ea8-4932-a2c4-401f28aab97f,중앙어물,어물,모슬포 중앙시장,전통시장,제주특별자치도,3.0,0.0,,,P1_BINARY_THRESHOLD,True,,,,,
13e124f0ef585148e511,val,수산물,T3 개념확장,q_수산물_10,해산물,식료품 중 '수산물'을 판매·제공하는 매장,afee9ad5-32c5-4ad7-bc9e-6a0fe292bebe,만나물회,해산물,포항 대이상가 골목형상점가,골목형상점가,경상북도,3.0,3.0,,,RESOLVED_AGREEMENT,False,3,,,,
87fb8d76fc6eb55bd2c8,val,수산물,T4 구어·문장,q_수산물_11,생선 사는 곳,식료품 중 '수산물'을 판매·제공하는 매장,009fbffe-11b3-4eba-b65a-696f4f59f079,인어횟집,횟집,목포북항상점가,자율상권구역,전라남도,1.0,2.0,,,P1_BINARY_THRESHOLD,True,,,,,
a6940f223d56319cd3e9,val,수산물,T4 구어·문장,q_수산물_11,생선 사는 곳,식료품 중 '수산물'을 판매·제공하는 매장,000d55be-8181-4f45-827e-52082b2ae284,명희유통,건어물,성북시장,전통시장,부산광역시,3.0,3.0,,,RESOLVED_AGREEMENT,False,3,,,,
be67366726f6c7370782,val,수산물,T4 구어·문장,q_수산물_11,생선 사는 곳,식료품 중 '수산물'을 판매·제공하는 매장,0130dbd3-b9ea-43f4-98fd-26d8afd90b78,모래내시장순대,식당,전주모래내시장,전통시장,전북특별자치도,1.0,0.0,,,P2_GRADED_ONLY,True,,,,,
8fb212e508c738baed06,val,수산물,T4 구어·문장,q_수산물_11,생선 사는 곳,식료품 중 '수산물'을 판매·제공하는 매장,3526958d-da64-4c90-a75c-c55162fbe0d3,최씨어물전,,영천공설시장,전통시장,경상북도,3.0,0.0,,,P1_BINARY_THRESHOLD,True,,,,,
3e67a9c82eb4638077f5,val,수산물,T4 구어·문장,q_수산물_11,생선 사는 곳,식료품 중 '수산물'을 판매·제공하는 매장,ace46cb4-4669-4cad-8223-c3412d5d7b5c,살아있네 생선,생선,반여2동상가시장,전통시장,부산광역시,3.0,3.0,,,RESOLVED_AGREEMENT,False,3,,,,
aee616f7912564bce8df,val,수산물,T4 구어·문장,q_수산물_11,생선 사는 곳,식료품 중 '수산물'을 판매·제공하는 매장,00ac75c4-6e3f-4d23-8a6a-1dc8ba294b85,우진수산,"수산물, 활어",효자시장,전통시장,경상북도,3.0,3.0,,,RESOLVED_AGREEMENT,False,3,,,,
101cc3871c6b4a81c453,val,수산물,T4 구어·문장,q_수산물_11,생선 사는 곳,식료품 중 '수산물'을 판매·제공하는 매장,c46d297a-d4ea-4762-a168-b5e841430aed,수현생선,생선,좌동재래시장,전통시장,부산광역시,3.0,3.0,,,RESOLVED_AGREEMENT,False,3,,,,
0e17d541bb58586965cb,val,수산물,T4 구어·문장,q_수산물_11,생선 사는 곳,식료품 중 '수산물'을 판매·제공하는 매장,333fa307-f61c-45a8-a79b-93fff676095e,대명어물,어물,서귀포향토오일시장,전통시장,제주특별자치도,3.0,0.0,,,P1_BINARY_THRESHOLD,True,,,,,
f7fe25b7af8ab669b23c,val,수산물,T4 구어·문장,q_수산물_11,생선 사는 곳,식료품 중 '수산물'을 판매·제공하는 매장,8455b327-a374-4f39-96bf-de54cb54875d,괴정생선,생선,괴정골목시장,전통시장,부산광역시,3.0,3.0,,,RESOLVED_AGREEMENT,False,3,,,,
8b17888b7e45c26191dd,val,수산물,T4 구어·문장,q_수산물_11,생선 사는 곳,식료품 중 '수산물'을 판매·제공하는 매장,007aece5-08b8-4eb0-b4c6-18d451eadcfd,영남상회,건어물,동쪽바다중앙시장(구 동해중앙시장),전통시장,강원특별자치도,3.0,3.0,,,RESOLVED_AGREEMENT,False,3,,,,
a0199e0c5abb73d70102,val,수산물,T4 구어·문장,q_수산물_11,생선 사는 곳,식료품 중 '수산물'을 판매·제공하는 매장,8413497a-62cf-4959-a40f-eaba357e72cf,입실생선,생선,외동시장,전통시장,경상북도,3.0,3.0,,,RESOLVED_AGREEMENT,False,3,,,,
005852171b53925151ce,val,수산물,T4 구어·문장,q_수산물_11,생선 사는 곳,식료품 중 '수산물'을 판매·제공하는 매장,c59633f8-025c-4dad-bd64-a9bac4c74fd3,도계생선,생선,창원 도계부부시장,전통시장,경상남도,3.0,3.0,,,RESOLVED_AGREEMENT,False,3,,,,
a2fdca40435b492e4967,val,수산물,T4 구어·문장,q_수산물_11,생선 사는 곳,식료품 중 '수산물'을 판매·제공하는 매장,e553b2cf-0c4e-4396-8f34-25679e77b48a,"고양이, 생선",생선,원주중앙로문화의거리,자율상권구역,강원특별자치도,3.0,3.0,,,RESOLVED_AGREEMENT,False,3,,,,
6e9cb1f47b4d8d1f6d14,val,수산물,T4 구어·문장,q_수산물_11,생선 사는 곳,식료품 중 '수산물'을 판매·제공하는 매장,013d58c8-33f8-4dbe-95de-801d22ea9505,민영활어공장 부천자유시장점,"회, 초밥",부천자유시장,전통시장,경기도,1.0,3.0,,,P1_BINARY_THRESHOLD,True,,,,,
6554d282ca71a08c04ff,val,수산물,T4 구어·문장,q_수산물_11,생선 사는 곳,식료품 중 '수산물'을 판매·제공하는 매장,5e56d1ec-9438-4281-a528-0d864aad4839,명자생선,생선,정이있는 구포시장,전통시장,부산광역시,3.0,3.0,,,RESOLVED_AGREEMENT,False,3,,,,
209ae97294d2ac1bf083,val,수산물,T4 구어·문장,q_수산물_11,생선 사는 곳,식료품 중 '수산물'을 판매·제공하는 매장,9c170291-2a2c-451a-bac4-42788e0b7369,밥상위에 생선,생선,대인시장,전통시장,광주광역시,3.0,3.0,,,RESOLVED_AGREEMENT,False,3,,,,
333c643504b7288a7201,val,수산물,T4 구어·문장,q_수산물_11,생선 사는 곳,식료품 중 '수산물'을 판매·제공하는 매장,1d08ef72-d0dc-4a7e-85e4-a86769fa1a2f,창원생선,생선,창원 가음정시장,전통시장,경상남도,3.0,3.0,,,RESOLVED_AGREEMENT,False,3,,,,
35edee0492303972d47a,val,수산물,T4 구어·문장,q_수산물_11,생선 사는 곳,식료품 중 '수산물'을 판매·제공하는 매장,1390b4f5-bf4e-4187-a276-51180eadd875,으뜸생선,생선,내토전통시장,전통시장,충청북도,3.0,3.0,,,RESOLVED_AGREEMENT,False,3,,,,
be591edb5dc2e3137e52,val,수산물,T4 구어·문장,q_수산물_11,생선 사는 곳,식료품 중 '수산물'을 판매·제공하는 매장,bdc36a36-8257-4323-bcfd-82fa238434f3,이쁜이네 생선,생선,수영팔도시장(구 수영팔도상가시장),전통시장,부산광역시,3.0,3.0,,,RESOLVED_AGREEMENT,False,3,,,,
2e05e3614eef5ed09ca4,val,수산물,T4 구어·문장,q_수산물_11,생선 사는 곳,식료품 중 '수산물'을 판매·제공하는 매장,826f6f64-b8fb-4fec-a3ac-24d56cde4fd6,역전3번생선,생선,군산역전종합시장,전통시장,전북특별자치도,3.0,3.0,,,RESOLVED_AGREEMENT,False,3,,,,
d703a1e61e66aef1fcf4,val,수산물,T4 구어·문장,q_수산물_11,생선 사는 곳,식료품 중 '수산물'을 판매·제공하는 매장,0019e966-8007-4603-957c-4e9adcd1f05a,부남수산,수산물,서산동부전통시장,전통시장,충청남도,3.0,3.0,,,RESOLVED_AGREEMENT,False,3,,,,
e9997a3f845a25af96d6,val,수산물,T4 구어·문장,q_수산물_11,생선 사는 곳,식료품 중 '수산물'을 판매·제공하는 매장,51764099-4a5d-4ef8-b85d-ef270b05701b,금순네 생선,생선,인천신흥시장,전통시장,인천광역시,3.0,3.0,,,RESOLVED_AGREEMENT,False,3,,,,
4be08765c523b9999894,val,수산물,T4 구어·문장,q_수산물_11,생선 사는 곳,식료품 중 '수산물'을 판매·제공하는 매장,25d3c84d-a85c-4be7-ad16-5af17d78c5d0,사거리생선,생선,장림골목시장,전통시장,부산광역시,3.0,3.0,,,RESOLVED_AGREEMENT,False,3,,,,
533e59e6a8c3bc690d85,val,수산물,T4 구어·문장,q_수산물_11,생선 사는 곳,식료품 중 '수산물'을 판매·제공하는 매장,69343e42-7e0f-4d37-ad8c-70247ea8c7d5,한양생선,생선,충주무학시장,전통시장,충청북도,3.0,3.0,,,RESOLVED_AGREEMENT,False,3,,,,
f6c6de674594597d81ef,val,수산물,T4 구어·문장,q_수산물_11,생선 사는 곳,식료품 중 '수산물'을 판매·제공하는 매장,1f8c2988-2ede-4047-a51a-4d8a7d4c9317,살아있네 생선,생선,반송큰시장,전통시장,부산광역시,3.0,3.0,,,RESOLVED_AGREEMENT,False,3,,,,
06e111a1242f615b66ab,val,수산물,T4 구어·문장,q_수산물_11,생선 사는 곳,식료품 중 '수산물'을 판매·제공하는 매장,008cfdc1-610a-407a-a03b-4c6dae7106f4,주영수산,활어,목포북항상점가,자율상권구역,전라남도,3.0,3.0,,,RESOLVED_AGREEMENT,False,3,,,,
017048f563ab76a842e2,val,수산물,T4 구어·문장,q_수산물_11,생선 사는 곳,식료품 중 '수산물'을 판매·제공하는 매장,b298c190-4e7e-4534-9a02-da6935bf6bb3,경북생선,생선,태백시장,전통시장,대구광역시,3.0,3.0,,,RESOLVED_AGREEMENT,False,3,,,,
4c40758e5c603f65d518,val,수산물,T4 구어·문장,q_수산물_11,생선 사는 곳,식료품 중 '수산물'을 판매·제공하는 매장,00a0d437-836b-453d-b15e-55fbf7dc8460,대박수산,생선,청주육거리종합시장,전통시장,충청북도,3.0,3.0,,,RESOLVED_AGREEMENT,False,3,,,,
b60b4e3355295639f007,val,수산물,T4 구어·문장,q_수산물_11,생선 사는 곳,식료품 중 '수산물'을 판매·제공하는 매장,7a4d6ac6-0b03-46ca-9aa9-1ff9f5fdd72c,엄마생선,생선,역전시장 상점가,자율상권구역,대전광역시,3.0,3.0,,,RESOLVED_AGREEMENT,False,3,,,,
0d1cc8ee7da5c3bf1921,val,수산물,T4 구어·문장,q_수산물_11,생선 사는 곳,식료품 중 '수산물'을 판매·제공하는 매장,ca43c775-8157-4b59-94a0-3d43b8923025,소배,생선,명지시장,전통시장,부산광역시,3.0,3.0,,,RESOLVED_AGREEMENT,False,3,,,,
c2391a5265dff95d305e,val,수산물,T4 구어·문장,q_수산물_11,생선 사는 곳,식료품 중 '수산물'을 판매·제공하는 매장,00cc4859-307a-43ef-9654-2f6aa6fc404d,서산상회,생선,노량진수산시장골목형상점가,골목형상점가,서울특별시,3.0,3.0,,,RESOLVED_AGREEMENT,False,3,,,,
0c763c4e46311fde4e62,val,수산물,T4 구어·문장,q_수산물_11,생선 사는 곳,식료품 중 '수산물'을 판매·제공하는 매장,009b69b5-365a-4958-87e7-f224f253b92a,동문올레횟집,횟집,동문수산시장,전통시장,제주특별자치도,1.0,2.0,,,P1_BINARY_THRESHOLD,True,,,,,
3735ee980839327c0495,val,수산물,T4 구어·문장,q_수산물_11,생선 사는 곳,식료품 중 '수산물'을 판매·제공하는 매장,00779863-22b7-4378-adca-42362eff7e3f,장복횟집.수산,생선회,"안면도수산시장(구, 안면도장터)",전통시장,충청남도,3.0,3.0,,,RESOLVED_AGREEMENT,False,3,,,,
5675df9af045019c0bbc,val,수산물,T4 구어·문장,q_수산물_11,생선 사는 곳,식료품 중 '수산물'을 판매·제공하는 매장,979fe1f9-263b-4f1b-af34-2e0629ad4a8c,호계생선,생선,호계공설시장,전통시장,울산광역시,3.0,3.0,,,RESOLVED_AGREEMENT,False,3,,,,
46539c11cb465c104986,val,수산물,T4 구어·문장,q_수산물_11,생선 사는 곳,식료품 중 '수산물'을 판매·제공하는 매장,d2ee0fbd-a2a3-4cdd-b3ff-2d67826d84ac,부전생선,생선,부전상가시장,전통시장,부산광역시,3.0,3.0,,,RESOLVED_AGREEMENT,False,3,,,,
e53805c276481ca2a9c9,val,수산물,T4 구어·문장,q_수산물_11,생선 사는 곳,식료품 중 '수산물'을 판매·제공하는 매장,005eb589-94b0-4a7e-b4e4-ef8cf64b0762,스시쿄다이,일식,동홍8번가 골목형상점가,골목형상점가,제주특별자치도,1.0,0.0,,,P2_GRADED_ONLY,True,,,,,
a18c3109f0c75aaf07de,val,수산물,T4 구어·문장,q_수산물_11,생선 사는 곳,식료품 중 '수산물'을 판매·제공하는 매장,ba122c07-ba20-46eb-b7e5-c77027052c82,말집,생선,익산북부시장,전통시장,전북특별자치도,3.0,3.0,,,RESOLVED_AGREEMENT,False,3,,,,
66cfce64a584a273a9e5,val,수산물,T4 구어·문장,q_수산물_11,생선 사는 곳,식료품 중 '수산물'을 판매·제공하는 매장,68341571-a8c0-4fa5-9d92-e0d044f27890,안씨생선,생선,도마큰시장,전통시장,대전광역시,3.0,3.0,,,RESOLVED_AGREEMENT,False,3,,,,
a421a0a4375aaa5e74ac,val,수산물,T4 구어·문장,q_수산물_11,생선 사는 곳,식료품 중 '수산물'을 판매·제공하는 매장,d5081fbf-786f-4fe6-8989-79424266c776,손씨생선,생선,언양알프스시장,전통시장,울산광역시,3.0,3.0,,,RESOLVED_AGREEMENT,False,3,,,,
f7d902e347f5b04a0f56,val,수산물,T4 구어·문장,q_수산물_11,생선 사는 곳,식료품 중 '수산물'을 판매·제공하는 매장,ea842cca-abfa-484a-95e9-77811a3b4b6e,오늘생선,생선,자양전통시장,전통시장,서울특별시,3.0,3.0,,,RESOLVED_AGREEMENT,False,3,,,,
8ef98b63f969b819683b,val,수산물,T4 구어·문장,q_수산물_11,생선 사는 곳,식료품 중 '수산물'을 판매·제공하는 매장,4014e8a4-4138-4c89-922c-ad97518dac48,영선네 생선,생선,대전정원시장,전통시장,대전광역시,3.0,3.0,,,RESOLVED_AGREEMENT,False,3,,,,
7f32bc12b238eb668d0a,val,수산물,T4 구어·문장,q_수산물_11,생선 사는 곳,식료품 중 '수산물'을 판매·제공하는 매장,01286ec0-50e0-4540-b678-ec706fb3bcbb,설곰식당,식당,산업용재관,전통시장,대구광역시,1.0,0.0,,,P2_GRADED_ONLY,True,,,,,
e45c1992a7528c3ca8df,val,수산물,T4 구어·문장,q_수산물_11,생선 사는 곳,식료품 중 '수산물'을 판매·제공하는 매장,7632e453-2ddc-40f0-91db-64bb21a9bfc5,희야네 생선,생선,흥해시장,전통시장,경상북도,3.0,3.0,,,RESOLVED_AGREEMENT,False,3,,,,
f59f4083b411bc0b6bd2,val,수산물,T4 구어·문장,q_수산물_11,생선 사는 곳,식료품 중 '수산물'을 판매·제공하는 매장,00cd5dee-c068-48da-bc58-a704d5fe8832,윤석수산,수산물 활어회 생선 게종류 젓갈 갑각류 해산물 등등,대공원시장,전통시장,대구광역시,3.0,3.0,,,RESOLVED_AGREEMENT,False,3,,,,
155413b8788b6f947d4a,val,수산물,T4 구어·문장,q_수산물_11,생선 사는 곳,식료품 중 '수산물'을 판매·제공하는 매장,8b97ce73-4f20-49a3-802c-1bcb1394a1bd,밀양생선,생선,정이있는 구포시장,전통시장,부산광역시,3.0,3.0,,,RESOLVED_AGREEMENT,False,3,,,,
5c7c5e0f49151f59c999,val,수산물,T4 구어·문장,q_수산물_11,생선 사는 곳,식료품 중 '수산물'을 판매·제공하는 매장,00298213-17ea-453a-b6e6-375d9ef636b6,대양농수산,농수산물,부평깡시장,전통시장,인천광역시,3.0,3.0,,,RESOLVED_AGREEMENT,False,3,,,,
891e61869f0cbc50e9df,val,수산물,T4 구어·문장,q_수산물_11,생선 사는 곳,식료품 중 '수산물'을 판매·제공하는 매장,c111ac9d-3f3a-405c-a8db-4d127ccda9e2,행복이 있는 곳,잡화,제주로얄쇼핑센터,자율상권구역,제주특별자치도,0.0,0.0,,,RESOLVED_AGREEMENT,False,0,,,,
d82f02618243dda5c3a9,val,수산물,T4 구어·문장,q_수산물_11,생선 사는 곳,식료품 중 '수산물'을 판매·제공하는 매장,0bf687ec-4ea8-4932-a2c4-401f28aab97f,중앙어물,어물,모슬포 중앙시장,전통시장,제주특별자치도,3.0,0.0,,,P1_BINARY_THRESHOLD,True,,,,,
d99edbb6bed35243d67d,val,수산물,T4 구어·문장,q_수산물_11,생선 사는 곳,식료품 중 '수산물'을 판매·제공하는 매장,00527b0b-893c-4d64-862e-3ef8113d07fb,해선언니네,건어물,용상공설시장,전통시장,경상북도,3.0,3.0,,,RESOLVED_AGREEMENT,False,3,,,,
41ef787c529ca709c774,val,수산물,T4 구어·문장,q_수산물_11,생선 사는 곳,식료품 중 '수산물'을 판매·제공하는 매장,03cbd591-5ee7-4f9b-842e-8dc427925406,신흥상회,어물,상주중앙시장,전통시장,경상북도,3.0,3.0,,,RESOLVED_AGREEMENT,False,3,,,,
ba05d0b84c4be1645bbc,val,수산물,T4 구어·문장,q_수산물_11,생선 사는 곳,식료품 중 '수산물'을 판매·제공하는 매장,28acb55f-e066-40c4-8833-60ee4e4fe232,더잇24금호점(천원베이커리),"빵, 간편조리세트",금호상인회 골목형상점가,골목형상점가,광주광역시,0.0,0.0,,,RESOLVED_AGREEMENT,False,0,,,,
efdc24aa5f07f0367b43,val,수산물,T4 구어·문장,q_수산물_11,생선 사는 곳,식료품 중 '수산물'을 판매·제공하는 매장,004032ef-2ae7-4e97-ac30-b12a0869e930,시장횟집,횟집,광양매일시장(광양상설시장),전통시장,전라남도,1.0,2.0,,,P1_BINARY_THRESHOLD,True,,,,,
9ae985b43db4b841cfb1,val,수산물,T4 구어·문장,q_수산물_11,생선 사는 곳,식료품 중 '수산물'을 판매·제공하는 매장,00bd252b-19f9-4e9a-bf26-b45280bb84ae,선옥상회,생선,고성 공룡시장,전통시장,경상남도,3.0,3.0,,,RESOLVED_AGREEMENT,False,3,,,,
cc5bf89b8087348e4a00,val,수산물,T4 구어·문장,q_수산물_11,생선 사는 곳,식료품 중 '수산물'을 판매·제공하는 매장,6ac28eea-2dcf-457a-b595-5e1bb8c4aba7,주공생선,생선,월촌역시장(구 송현주공시장),전통시장,대구광역시,3.0,3.0,,,RESOLVED_AGREEMENT,False,3,,,,
c106b9a16eab4bcc235c,val,수산물,T4 구어·문장,q_수산물_11,생선 사는 곳,식료품 중 '수산물'을 판매·제공하는 매장,71f97da8-0779-4b70-bf8a-00c0494ffd4d,수옥생선,생선,광장시장,전통시장,서울특별시,3.0,3.0,,,RESOLVED_AGREEMENT,False,3,,,,
6e6664f56af23e91cca4,val,수산물,T4 구어·문장,q_수산물_11,생선 사는 곳,식료품 중 '수산물'을 판매·제공하는 매장,b81b16a7-303c-423a-8298-992107993bcb,생선총각,생선,대림골목시장,전통시장,서울특별시,3.0,3.0,,,RESOLVED_AGREEMENT,False,3,,,,
55bb90d4dc6953967350,val,수산물,T4 구어·문장,q_수산물_11,생선 사는 곳,식료품 중 '수산물'을 판매·제공하는 매장,01afaafa-2a46-4977-8015-55762957ee7a,다래초밥,초밥,동문동 골목형상점가,골목형상점가,충청남도,1.0,0.0,,,P2_GRADED_ONLY,True,,,,,
b7042918410e3d341c5f,val,수산물,T4 구어·문장,q_수산물_11,생선 사는 곳,식료품 중 '수산물'을 판매·제공하는 매장,de3ca7ca-e6aa-44d6-9aa4-9b8a11ca99d0,지킴이,화장품,청담삼익시장,전통시장,서울특별시,0.0,0.0,,,RESOLVED_AGREEMENT,False,0,,,,
caf8de68b377f1d288e2,val,수산물,T4 구어·문장,q_수산물_11,생선 사는 곳,식료품 중 '수산물'을 판매·제공하는 매장,40b43005-91c4-461c-9fba-fab1ce463d0b,세기생선,생선,사하시장,전통시장,부산광역시,3.0,3.0,,,RESOLVED_AGREEMENT,False,3,,,,
b8a966194277e6e93b27,val,수산물,T4 구어·문장,q_수산물_11,생선 사는 곳,식료품 중 '수산물'을 판매·제공하는 매장,a38d4fe2-982b-4231-a320-69bc8d1210e5,삼득수산,생선,부전상가시장,전통시장,부산광역시,3.0,3.0,,,RESOLVED_AGREEMENT,False,3,,,,
6c0c9d6300da88922655,val,수산물,T4 구어·문장,q_수산물_11,생선 사는 곳,식료품 중 '수산물'을 판매·제공하는 매장,d4ec5678-5af4-46fd-ab7a-fbdfdbee4eac,함양생선,생선,양산 덕계종합상설시장,전통시장,경상남도,3.0,3.0,,,RESOLVED_AGREEMENT,False,3,,,,
afd048cd6cc08b9d4bfd,val,수산물,T4 구어·문장,q_수산물_11,생선 사는 곳,식료품 중 '수산물'을 판매·제공하는 매장,00e04e3d-cb00-4d64-a13d-a9c02f9a4fc8,대림수산,활어,자갈치시장,전통시장,부산광역시,3.0,3.0,,,RESOLVED_AGREEMENT,False,3,,,,
e377df126569adc5f102,val,수산물,T4 구어·문장,q_수산물_11,생선 사는 곳,식료품 중 '수산물'을 판매·제공하는 매장,0004c5f7-95e0-45be-9f06-a705b8113ff0,의창수협67번중도매인,활어,진해 용원어시장상점가,자율상권구역,경상남도,3.0,0.0,,,P1_BINARY_THRESHOLD,True,,,,,
75efd268db3992b1eb2c,val,수산물,T4 구어·문장,q_수산물_11,생선 사는 곳,식료품 중 '수산물'을 판매·제공하는 매장,005429a3-030e-492f-973c-1d5842eeac56,미래횟집,활어,사천 삼천포용궁수산시장,전통시장,경상남도,3.0,2.0,,,P2_GRADED_ONLY,True,,,,,
f93498e45bf5ad467e1c,val,수산물,T4 구어·문장,q_수산물_11,생선 사는 곳,식료품 중 '수산물'을 판매·제공하는 매장,b16cda16-7630-4019-bee6-2b9a6ad35669,부부생선,생선,도곡시장,자율상권구역,서울특별시,3.0,3.0,,,RESOLVED_AGREEMENT,False,3,,,,
1c10a2b269c72fedc510,val,수산물,T4 구어·문장,q_수산물_11,생선 사는 곳,식료품 중 '수산물'을 판매·제공하는 매장,89ac327c-408d-4a7d-9bc1-30acb395bee8,아리아,의류,아트프라자,자율상권구역,서울특별시,0.0,0.0,,,RESOLVED_AGREEMENT,False,0,,,,
776969d4dc44b2ba8820,val,수산물,T4 구어·문장,q_수산물_11,생선 사는 곳,식료품 중 '수산물'을 판매·제공하는 매장,b074842a-7cd1-477d-84fc-9b8dfb412899,성수생선,생선,양산 덕계종합상설시장,전통시장,경상남도,3.0,3.0,,,RESOLVED_AGREEMENT,False,3,,,,
5cb4229a551cbf976fb3,val,수산물,T4 구어·문장,q_수산물_11,생선 사는 곳,식료품 중 '수산물'을 판매·제공하는 매장,038f89c5-a204-4c80-9e31-9d22a3ba4c95,연스시,초밥,노은역 골목형상점가,골목형상점가,대전광역시,1.0,0.0,,,P2_GRADED_ONLY,True,,,,,
c7676534b11561f3e216,val,수산물,T4 구어·문장,q_수산물_11,생선 사는 곳,식료품 중 '수산물'을 판매·제공하는 매장,09a858a0-8225-4fea-bebe-3817c8ae9832,달홀초밥,생선,간성전통시장(구 천년고성시장),전통시장,강원특별자치도,3.0,3.0,,,RESOLVED_AGREEMENT,False,3,,,,
bab74ba15f8744e2adda,val,수산물,T4 구어·문장,q_수산물_11,생선 사는 곳,식료품 중 '수산물'을 판매·제공하는 매장,30dc8796-40cd-4c5b-880c-658ec9ad53ad,노들수산,생선,노량진수산시장골목형상점가,골목형상점가,서울특별시,3.0,3.0,,,RESOLVED_AGREEMENT,False,3,,,,
2d1a2cf4f519af976344,val,수산물,T4 구어·문장,q_수산물_11,생선 사는 곳,식료품 중 '수산물'을 판매·제공하는 매장,fb5e4b04-e451-4149-9f62-79bd83b3245b,생선굽는 총각,생선,수안인정시장,전통시장,부산광역시,3.0,3.0,,,RESOLVED_AGREEMENT,False,3,,,,
c28fb2d3b24a87400eba,val,수산물,T4 구어·문장,q_수산물_11,생선 사는 곳,식료품 중 '수산물'을 판매·제공하는 매장,004d071d-dda6-41e4-9fcb-7c74c8f8ef0f,영남상회,건어물,수영팔도시장(구 수영팔도상가시장),전통시장,부산광역시,3.0,3.0,,,RESOLVED_AGREEMENT,False,3,,,,
1df0c8dca48c565d3532,val,수산물,T4 구어·문장,q_수산물_11,생선 사는 곳,식료품 중 '수산물'을 판매·제공하는 매장,3586bd60-828c-46f7-bd8d-65313432f3ed,제천생선,생선,동문시장,전통시장,충청북도,3.0,3.0,,,RESOLVED_AGREEMENT,False,3,,,,
5f9c375484b93336aeaf,val,수산물,T4 구어·문장,q_수산물_11,생선 사는 곳,식료품 중 '수산물'을 판매·제공하는 매장,a83174a2-5cfd-4c4b-8316-978ac6c905d2,오늘의 생선,생선,원미부흥시장,전통시장,경기도,3.0,3.0,,,RESOLVED_AGREEMENT,False,3,,,,
0f9573d7cbc47dede408,val,수산물,T4 구어·문장,q_수산물_11,생선 사는 곳,식료품 중 '수산물'을 판매·제공하는 매장,e31a6619-c45a-476e-b515-4c09626b8fa8,송강추어탕,한식,신세계앞상인회 골목형상점가,골목형상점가,광주광역시,0.0,0.0,,,RESOLVED_AGREEMENT,False,0,,,,
12e3c28eb34eced10593,val,수산물,T4 구어·문장,q_수산물_11,생선 사는 곳,식료품 중 '수산물'을 판매·제공하는 매장,3dda5b9f-a079-4de5-9fba-9c7eda133068,현대생선,생선,마산 구암현대시장,전통시장,경상남도,3.0,3.0,,,RESOLVED_AGREEMENT,False,3,,,,
9661789b3e369b2e97b5,val,수산물,T4 구어·문장,q_수산물_11,생선 사는 곳,식료품 중 '수산물'을 판매·제공하는 매장,c03f7520-8d14-407a-a5da-0804e4ef3737,디토해이 (DITTO),이발,나주혁신도시 골목형상점가,골목형상점가,전라남도,0.0,0.0,,,RESOLVED_AGREEMENT,False,0,,,,
c83a2a31b9deed358569,val,수산물,T4 구어·문장,q_수산물_11,생선 사는 곳,식료품 중 '수산물'을 판매·제공하는 매장,f632b825-195d-48b6-a024-82a5d1546f7f,형제생선,생선,용산종합큰시장,전통시장,대구광역시,3.0,3.0,,,RESOLVED_AGREEMENT,False,3,,,,
69bceb9cd59e9e62f563,val,수산물,T4 구어·문장,q_수산물_11,생선 사는 곳,식료품 중 '수산물'을 판매·제공하는 매장,00fcc68d-3086-4b45-b998-f3763e8dbf7d,꼬치마요 산본역점(9호점),일식,산본로데오거리(구 산본중심상가),자율상권구역,경기도,1.0,0.0,,,P2_GRADED_ONLY,True,,,,,
e061cbf2f44c0d643509,val,수산물,T4 구어·문장,q_수산물_11,생선 사는 곳,식료품 중 '수산물'을 판매·제공하는 매장,0c06bc38-3003-4306-8cc2-4165a059a21c,미선생선,생선,김제전통시장,전통시장,전북특별자치도,3.0,3.0,,,RESOLVED_AGREEMENT,False,3,,,,
df1726b422e05c396c89,val,수산물,T4 구어·문장,q_수산물_11,생선 사는 곳,식료품 중 '수산물'을 판매·제공하는 매장,325bed9b-363b-4579-a5c0-d46c822cb4d5,사량도,생선,엄사 골목형상점가,골목형상점가,충청남도,3.0,3.0,,,RESOLVED_AGREEMENT,False,3,,,,
5b4c4e1089027e548d25,val,수산물,T4 구어·문장,q_수산물_11,생선 사는 곳,식료품 중 '수산물'을 판매·제공하는 매장,0027eaf6-093b-4df4-9457-4f1081537ff3,충무꼭지횟집,횟집,초량전통시장,전통시장,부산광역시,1.0,2.0,,,P1_BINARY_THRESHOLD,True,,,,,
92727585655002e18296,val,수산물,T4 구어·문장,q_수산물_11,생선 사는 곳,식료품 중 '수산물'을 판매·제공하는 매장,002e7e87-5677-44ca-85c4-9e5b87e7994f,한양수산,생선,안중시장,전통시장,경기도,3.0,3.0,,,RESOLVED_AGREEMENT,False,3,,,,
82c4fc63e980e91ed56a,val,수산물,T4 구어·문장,q_수산물_11,생선 사는 곳,식료품 중 '수산물'을 판매·제공하는 매장,14e876ec-6474-4640-ab63-1a3d40397199,고향생선,생선,장량성도시장,전통시장,경상북도,3.0,3.0,,,RESOLVED_AGREEMENT,False,3,,,,
9f162f3a4d7d10bc55b4,val,수산물,T4 구어·문장,q_수산물_11,생선 사는 곳,식료품 중 '수산물'을 판매·제공하는 매장,24456103-f6b8-46af-8655-82e61d7265d8,커피가 머무르는 곳,커피,반드레길골목형상점가,골목형상점가,서울특별시,0.0,0.0,,,RESOLVED_AGREEMENT,False,0,,,,
1512d0d33b6c01bccca4,val,수산물,T4 구어·문장,q_수산물_11,생선 사는 곳,식료품 중 '수산물'을 판매·제공하는 매장,0016aa1a-5730-45a0-b427-06b0f51fc005,든든한밥상,농수산물,화산면 골목형상점가,골목형상점가,전라남도,3.0,3.0,,,RESOLVED_AGREEMENT,False,3,,,,
319a36929365f1ec7839,val,수산물,T4 구어·문장,q_수산물_11,생선 사는 곳,식료품 중 '수산물'을 판매·제공하는 매장,9cb15ad5-0b34-41d1-8225-d709b970368e,부자생선,생선,정이있는 구포시장,전통시장,부산광역시,3.0,3.0,,,RESOLVED_AGREEMENT,False,3,,,,
ceb2e25e614f7f8c8fa5,val,수산물,T4 구어·문장,q_수산물_11,생선 사는 곳,식료품 중 '수산물'을 판매·제공하는 매장,0c7008da-69b1-433b-baab-e546f219721d,재환A,생선,청량리수산시장,전통시장,서울특별시,3.0,3.0,,,RESOLVED_AGREEMENT,False,3,,,,
e928d37e3683c338b5c5,val,수산물,T4 구어·문장,q_수산물_11,생선 사는 곳,식료품 중 '수산물'을 판매·제공하는 매장,a967fbc7-7c5b-414a-b89f-af04c43dfc9b,효준횟집,생선,남해전통시장,전통시장,경상남도,3.0,3.0,,,RESOLVED_AGREEMENT,False,3,,,,
ac60ca29c3d3d0627d4e,val,수산물,T4 구어·문장,q_수산물_11,생선 사는 곳,식료품 중 '수산물'을 판매·제공하는 매장,8e20f6fe-adf8-47ce-85d7-3ad68c2651dd,하중이네,생선,주문진좌판풍물시장,전통시장,강원특별자치도,3.0,3.0,,,RESOLVED_AGREEMENT,False,3,,,,
c218693a34b2b62565a7,val,수산물,T4 구어·문장,q_수산물_11,생선 사는 곳,식료품 중 '수산물'을 판매·제공하는 매장,f06ccfff-aff4-48e2-a0d9-9ca2ad9406cf,인권이네,생선,소래포구전통어시장,전통시장,인천광역시,3.0,3.0,,,RESOLVED_AGREEMENT,False,3,,,,
02446d1326bda28c8cec,val,수산물,T4 구어·문장,q_수산물_11,생선 사는 곳,식료품 중 '수산물'을 판매·제공하는 매장,0bccbac1-cf9d-445a-900b-83f3ca34211a,구서오토바이,오토바이수리,구서오시게시장,전통시장,부산광역시,0.0,0.0,,,RESOLVED_AGREEMENT,False,0,,,,
d82d393f0e8471154e31,val,수산물,T4 구어·문장,q_수산물_11,생선 사는 곳,식료품 중 '수산물'을 판매·제공하는 매장,50e98eb5-4fdc-4062-9862-2d4428ce10cd,동해생선,생선,팔달신시장,전통시장,대구광역시,3.0,3.0,,,RESOLVED_AGREEMENT,False,3,,,,
ce15a5f07e14bd41cc78,val,수산물,T4 구어·문장,q_수산물_11,생선 사는 곳,식료품 중 '수산물'을 판매·제공하는 매장,af3c7411-a48f-484c-bbd1-45aabbdac275,민지네 생선,생선,의정부제일시장,전통시장,경기도,3.0,3.0,,,RESOLVED_AGREEMENT,False,3,,,,
a3882e4ef1061746759b,val,수산물,T4 구어·문장,q_수산물_11,생선 사는 곳,식료품 중 '수산물'을 판매·제공하는 매장,2968e10b-5cb2-4ee3-998a-00cd13bdff2d,중앙생선,생선,전주신중앙시장(구 중앙버드나무시장),전통시장,전북특별자치도,3.0,3.0,,,RESOLVED_AGREEMENT,False,3,,,,
af8b54542df1a9156766,val,수산물,T4 구어·문장,q_수산물_11,생선 사는 곳,식료품 중 '수산물'을 판매·제공하는 매장,392b5baf-264b-45d8-b5da-418d7aa2d3e0,마왕족발 광주상무점,한식,치평광명상가상인회 골목형상점가,골목형상점가,광주광역시,0.0,0.0,,,RESOLVED_AGREEMENT,False,0,,,,
90804768ad90e7bb5e33,val,수산물,T4 구어·문장,q_수산물_11,생선 사는 곳,식료품 중 '수산물'을 판매·제공하는 매장,30d5afbc-fd4b-49bb-9e1c-2469652e5921,추씨어물점,어물,영천공설시장,전통시장,경상북도,3.0,0.0,,,P1_BINARY_THRESHOLD,True,,,,,
2d45ecb1028ef7f22e32,val,수산물,T4 구어·문장,q_수산물_11,생선 사는 곳,식료품 중 '수산물'을 판매·제공하는 매장,9fbaca55-9738-4b29-acf4-b7699736a361,행렬수산,생선,목포자유시장,전통시장,전라남도,3.0,3.0,,,RESOLVED_AGREEMENT,False,3,,,,
74d3b35ebd76c3b5b12e,val,수산물,T4 구어·문장,q_수산물_11,생선 사는 곳,식료품 중 '수산물'을 판매·제공하는 매장,05e43621-e9c5-4870-af5a-ae5873df8d15,생선총각,생선,포방터시장,전통시장,서울특별시,3.0,3.0,,,RESOLVED_AGREEMENT,False,3,,,,
183d2d9e0b4ab3defe3f,val,수산물,T4 구어·문장,q_수산물_11,생선 사는 곳,식료품 중 '수산물'을 판매·제공하는 매장,2743811c-5e71-4d2b-aa75-1b0147d44f2d,사우 꽃이 피는 곳,꽃,김포 풍년마을 골목형상점가,골목형상점가,경기도,0.0,0.0,,,RESOLVED_AGREEMENT,False,0,,,,
911becb6a0c0d7fbf65a,val,수산물,T4 구어·문장,q_수산물_11,생선 사는 곳,식료품 중 '수산물'을 판매·제공하는 매장,512effaa-eff9-47bd-8665-687c2ca48ced,창운횟집,생선,금당상가,자율상권구역,전라남도,3.0,3.0,,,RESOLVED_AGREEMENT,False,3,,,,
0c453f513c2612dd39c7,val,수산물,T4 구어·문장,q_수산물_11,생선 사는 곳,식료품 중 '수산물'을 판매·제공하는 매장,00445369-fa3a-4cd3-ae3a-6564876f4199,용수상회,수산물,서문시장건해산물상가,전통시장,대구광역시,3.0,3.0,,,RESOLVED_AGREEMENT,False,3,,,,
5cec2c9dbdebfe2e48cc,val,수산물,T4 구어·문장,q_수산물_11,생선 사는 곳,식료품 중 '수산물'을 판매·제공하는 매장,00f60c16-d8be-497f-80f2-aab3209a8d0e,포카포카,식당,전남여고후문 골목형상점가,골목형상점가,광주광역시,1.0,0.0,,,P2_GRADED_ONLY,True,,,,,
0bd3efdd65ea1732ac20,val,수산물,T4 구어·문장,q_수산물_11,생선 사는 곳,식료품 중 '수산물'을 판매·제공하는 매장,d8683cf2-aab2-438a-a11e-ef3935e29138,영식생선,생선,광안시장,전통시장,부산광역시,3.0,3.0,,,RESOLVED_AGREEMENT,False,3,,,,
969c5cacb6dffbf464b3,val,수산물,T4 구어·문장,q_수산물_11,생선 사는 곳,식료품 중 '수산물'을 판매·제공하는 매장,29345061-11dc-46a5-92fa-963b19c984ab,생선밥상,생선,적성전통시장,전통시장,경기도,3.0,3.0,,,RESOLVED_AGREEMENT,False,3,,,,
562fb8b0e4faabf850cc,val,수산물,T4 구어·문장,q_수산물_11,생선 사는 곳,식료품 중 '수산물'을 판매·제공하는 매장,b85bcf7d-b57b-4f48-ba33-1f1c96ea816d,용호생선,생선,용호시장,전통시장,부산광역시,3.0,3.0,,,RESOLVED_AGREEMENT,False,3,,,,
312e458b59efa88dc592,val,수산물,T4 구어·문장,q_수산물_11,생선 사는 곳,식료품 중 '수산물'을 판매·제공하는 매장,5ebf0280-a754-4b9b-9311-d07eb89c50ab,이대생선,생선,부평깡통시장(구 부산부평시장),전통시장,부산광역시,3.0,3.0,,,RESOLVED_AGREEMENT,False,3,,,,
bb942d751b0feb20f98b,val,수산물,T4 구어·문장,q_수산물_11,생선 사는 곳,식료품 중 '수산물'을 판매·제공하는 매장,f6527675-de48-4dd1-be0b-d783f601ed2b,동검상회,생선,강화풍물시장,전통시장,인천광역시,3.0,3.0,,,RESOLVED_AGREEMENT,False,3,,,,
4235d1ceab1914fe83d2,val,수산물,T4 구어·문장,q_수산물_11,생선 사는 곳,식료품 중 '수산물'을 판매·제공하는 매장,c958eb1d-0a07-4190-bc17-57167e3783ca,미화생선,생선,반송큰시장,전통시장,부산광역시,3.0,3.0,,,RESOLVED_AGREEMENT,False,3,,,,
f39969335ca866297e50,val,수산물,T4 구어·문장,q_수산물_11,생선 사는 곳,식료품 중 '수산물'을 판매·제공하는 매장,4df38700-9e35-467e-8b54-b6930b806fa5,중앙생선,생선,길동복조리시장,전통시장,서울특별시,3.0,3.0,,,RESOLVED_AGREEMENT,False,3,,,,
684aa533ccee17b13f99,val,수산물,T4 구어·문장,q_수산물_11,생선 사는 곳,식료품 중 '수산물'을 판매·제공하는 매장,764c37b8-c4f5-4ebd-8308-9edae87897bb,훈이네 생선,생선,청주육거리종합시장,전통시장,충청북도,3.0,3.0,,,RESOLVED_AGREEMENT,False,3,,,,
c0f924f3693787351a8b,val,수산물,T4 구어·문장,q_수산물_11,생선 사는 곳,식료품 중 '수산물'을 판매·제공하는 매장,00a40df6-e218-4c9e-951f-b2c1a3ee676e,영흥수산,생선,가락몰골목형상점가,골목형상점가,서울특별시,3.0,3.0,,,RESOLVED_AGREEMENT,False,3,,,,
90e06290f5f74f4da5ec,val,수산물,T4 구어·문장,q_수산물_11,생선 사는 곳,식료품 중 '수산물'을 판매·제공하는 매장,ebe28039-cd13-49bb-9c3b-ba9da8ae2c7b,생선굽는 고양이,생선,정이있는 구포시장,전통시장,부산광역시,3.0,3.0,,,RESOLVED_AGREEMENT,False,3,,,,
3c4eadac02727d6bb400,val,수산물,T4 구어·문장,q_수산물_11,생선 사는 곳,식료품 중 '수산물'을 판매·제공하는 매장,0333f16c-ff56-4e80-a1c7-dd77a81300df,로봇초밥마켓 과천래미안점,초밥,과천슈르탑 골목형상점가,골목형상점가,경기도,1.0,0.0,,,P2_GRADED_ONLY,True,,,,,
38ee701dc1442c53d96b,val,수산물,T4 구어·문장,q_수산물_11,생선 사는 곳,식료품 중 '수산물'을 판매·제공하는 매장,00356e71-7b15-4a42-be60-f232011707b8,유한회사 덕재건재,건어물,가락몰골목형상점가,골목형상점가,서울특별시,3.0,3.0,,,RESOLVED_AGREEMENT,False,3,,,,
5726c0604d4cab14c320,val,수산물,T4 구어·문장,q_수산물_11,생선 사는 곳,식료품 중 '수산물'을 판매·제공하는 매장,76a3551b-dae4-4326-92cc-662015aedbfb,쉴 곳,한식,칠성로상점가,자율상권구역,제주특별자치도,0.0,0.0,,,RESOLVED_AGREEMENT,False,0,,,,
6cdfcb538eaa0d3cc3b9,val,수산물,T4 구어·문장,q_수산물_11,생선 사는 곳,식료품 중 '수산물'을 판매·제공하는 매장,016ddf29-de07-40e1-a642-8c2a45a6f19d,연희어시장,횟집,연희로 골목형상점가,골목형상점가,인천광역시,1.0,2.0,,,P1_BINARY_THRESHOLD,True,,,,,
30ed53abfc3bd17877ea,val,수산물,T4 구어·문장,q_수산물_11,생선 사는 곳,식료품 중 '수산물'을 판매·제공하는 매장,684f1e8d-56c9-4119-b205-763c289962c9,영미네 생선,생선,대전정원시장,전통시장,대전광역시,3.0,3.0,,,RESOLVED_AGREEMENT,False,3,,,,
4ecd38eaa85cff552488,val,수산물,T4 구어·문장,q_수산물_11,생선 사는 곳,식료품 중 '수산물'을 판매·제공하는 매장,00d411c7-8915-4fbb-8599-e2f7d7ea6f75,브로상사,도라지,동원전통종합시장,전통시장,서울특별시,0.0,0.0,,,RESOLVED_AGREEMENT,False,0,,,,
354e6e3d19b05e0ba7ee,val,수산물,T4 구어·문장,q_수산물_11,생선 사는 곳,식료품 중 '수산물'을 판매·제공하는 매장,0d1e5132-177c-499c-9470-0b2230c87597,권순희 생선,생선,안동구시장,전통시장,경상북도,3.0,3.0,,,RESOLVED_AGREEMENT,False,3,,,,
107ec85038fc33976cf1,val,수산물,T4 구어·문장,q_수산물_11,생선 사는 곳,식료품 중 '수산물'을 판매·제공하는 매장,00ba389b-e522-4da5-ac26-2ffaf33359ec,스시노유키,초밥,산본로데오거리(구 산본중심상가),자율상권구역,경기도,1.0,0.0,,,P2_GRADED_ONLY,True,,,,,
5bc5e2a21fddde5129ed,val,수산물,T4 구어·문장,q_수산물_11,생선 사는 곳,식료품 중 '수산물'을 판매·제공하는 매장,caf8251c-1d65-443b-a0f9-fe3a1201727f,털보생선,생선,공릉동도깨비시장,전통시장,서울특별시,3.0,3.0,,,RESOLVED_AGREEMENT,False,3,,,,
3580a57f08489fc66d18,val,수산물,T4 구어·문장,q_수산물_11,생선 사는 곳,식료품 중 '수산물'을 판매·제공하는 매장,461f9be0-fc59-405e-a04c-e1b136369f95,성일생선,생선,고창전통시장,전통시장,전북특별자치도,3.0,3.0,,,RESOLVED_AGREEMENT,False,3,,,,
2c0001f499c6e6350774,val,수산물,T4 구어·문장,q_수산물_11,생선 사는 곳,식료품 중 '수산물'을 판매·제공하는 매장,9f8c5b2d-8b33-444e-a177-16386f656df3,부자생선,생선,망미중앙시장,전통시장,부산광역시,3.0,3.0,,,RESOLVED_AGREEMENT,False,3,,,,
fafd20011bde5425b2f8,val,수산물,T4 구어·문장,q_수산물_11,생선 사는 곳,식료품 중 '수산물'을 판매·제공하는 매장,57f21678-123d-46b7-aca2-39c04f9ab3bf,인환수산,생선,소래포구전통어시장,전통시장,인천광역시,3.0,3.0,,,RESOLVED_AGREEMENT,False,3,,,,
08f93689ce00f9ea3215,val,수산물,T4 구어·문장,q_수산물_11,생선 사는 곳,식료품 중 '수산물'을 판매·제공하는 매장,0d787e3b-c8db-4109-9454-b50d724cb25f,정현생선,생선,익산북부시장,전통시장,전북특별자치도,3.0,3.0,,,RESOLVED_AGREEMENT,False,3,,,,
06c9757cbfd8d6de003a,val,수산물,T4 구어·문장,q_수산물_11,생선 사는 곳,식료품 중 '수산물'을 판매·제공하는 매장,fbe454d9-addf-4d07-abb9-e030eb1b3472,중앙생선,생선,내토전통시장,전통시장,충청북도,3.0,3.0,,,RESOLVED_AGREEMENT,False,3,,,,
bcc2ce8389f6390b2f6d,val,수산물,T4 구어·문장,q_수산물_11,생선 사는 곳,식료품 중 '수산물'을 판매·제공하는 매장,010c1855-b46f-4e37-b975-8115c4249b0f,용궁횟집,,자갈치시장,전통시장,부산광역시,3.0,2.0,,,P2_GRADED_ONLY,True,,,,,
09d8df4be21eea286886,val,수산물,T4 구어·문장,q_수산물_11,생선 사는 곳,식료품 중 '수산물'을 판매·제공하는 매장,026088db-87d4-434f-be2b-19543ce6d520,대구생선,생선,도원시장,전통시장,대구광역시,3.0,3.0,,,RESOLVED_AGREEMENT,False,3,,,,
72c4a36216d07d843f3b,val,수산물,T4 구어·문장,q_수산물_11,생선 사는 곳,식료품 중 '수산물'을 판매·제공하는 매장,001ec0bf-0eda-4aa8-8efc-a90930649cf5,원프룻,농수산물,정이있는 구포시장,전통시장,부산광역시,3.0,3.0,,,RESOLVED_AGREEMENT,False,3,,,,
bd434d6aab8aa96cde3a,val,수산물,T4 구어·문장,q_수산물_12,생선 손질해주는 곳,식료품 중 '수산물'을 판매·제공하는 매장,01286ec0-50e0-4540-b678-ec706fb3bcbb,설곰식당,식당,산업용재관,전통시장,대구광역시,1.0,0.0,,,P2_GRADED_ONLY,True,,,,,
8278fb2a4cc70aeae33d,val,수산물,T4 구어·문장,q_수산물_12,생선 손질해주는 곳,식료품 중 '수산물'을 판매·제공하는 매장,a967fbc7-7c5b-414a-b89f-af04c43dfc9b,효준횟집,생선,남해전통시장,전통시장,경상남도,3.0,3.0,,,RESOLVED_AGREEMENT,False,3,,,,
2a45b134d560be942d60,val,수산물,T4 구어·문장,q_수산물_12,생선 손질해주는 곳,식료품 중 '수산물'을 판매·제공하는 매장,ebe28039-cd13-49bb-9c3b-ba9da8ae2c7b,생선굽는 고양이,생선,정이있는 구포시장,전통시장,부산광역시,3.0,3.0,,,RESOLVED_AGREEMENT,False,3,,,,
48bb38787d016f3e5e72,val,수산물,T4 구어·문장,q_수산물_12,생선 손질해주는 곳,식료품 중 '수산물'을 판매·제공하는 매장,664f496f-7e9b-4201-aefa-98ab4a138143,진주상회,과일,통영 북신전통시장,전통시장,경상남도,2.0,3.0,,,P2_GRADED_ONLY,True,,,,,
3b785d7754f207c6dbc5,val,수산물,T4 구어·문장,q_수산물_12,생선 손질해주는 곳,식료품 중 '수산물'을 판매·제공하는 매장,00445369-fa3a-4cd3-ae3a-6564876f4199,용수상회,수산물,서문시장건해산물상가,전통시장,대구광역시,3.0,3.0,,,RESOLVED_AGREEMENT,False,3,,,,
ce85d3f77bdec6d36051,val,수산물,T4 구어·문장,q_수산물_12,생선 손질해주는 곳,식료품 중 '수산물'을 판매·제공하는 매장,8e20f6fe-adf8-47ce-85d7-3ad68c2651dd,하중이네,생선,주문진좌판풍물시장,전통시장,강원특별자치도,3.0,3.0,,,RESOLVED_AGREEMENT,False,3,,,,
6884f4345350e467b3a0,val,수산물,T4 구어·문장,q_수산물_12,생선 손질해주는 곳,식료품 중 '수산물'을 판매·제공하는 매장,05e43621-e9c5-4870-af5a-ae5873df8d15,생선총각,생선,포방터시장,전통시장,서울특별시,3.0,3.0,,,RESOLVED_AGREEMENT,False,3,,,,
63014a3d06c50d2f6c53,val,수산물,T4 구어·문장,q_수산물_12,생선 손질해주는 곳,식료품 중 '수산물'을 판매·제공하는 매장,00779863-22b7-4378-adca-42362eff7e3f,장복횟집.수산,생선회,"안면도수산시장(구, 안면도장터)",전통시장,충청남도,3.0,3.0,,,RESOLVED_AGREEMENT,False,3,,,,
3bf67beb3c99e9285df5,val,수산물,T4 구어·문장,q_수산물_12,생선 손질해주는 곳,식료품 중 '수산물'을 판매·제공하는 매장,ba122c07-ba20-46eb-b7e5-c77027052c82,말집,생선,익산북부시장,전통시장,전북특별자치도,3.0,3.0,,,RESOLVED_AGREEMENT,False,3,,,,
c8bbdf6fdaa17b6c7621,val,수산물,T4 구어·문장,q_수산물_12,생선 손질해주는 곳,식료품 중 '수산물'을 판매·제공하는 매장,a21245cf-91f0-4390-92bf-aa5807e64227,커브스 다산클럽,건강기능식품,다산역 로데오 상점가,자율상권구역,경기도,0.0,0.0,,,RESOLVED_AGREEMENT,False,0,,,,
3aff40e37fe8031c4b36,val,수산물,T4 구어·문장,q_수산물_12,생선 손질해주는 곳,식료품 중 '수산물'을 판매·제공하는 매장,0bf687ec-4ea8-4932-a2c4-401f28aab97f,중앙어물,어물,모슬포 중앙시장,전통시장,제주특별자치도,3.0,0.0,,,P1_BINARY_THRESHOLD,True,,,,,
906c6de23716f7e19918,val,수산물,T4 구어·문장,q_수산물_12,생선 손질해주는 곳,식료품 중 '수산물'을 판매·제공하는 매장,00a0d437-836b-453d-b15e-55fbf7dc8460,대박수산,생선,청주육거리종합시장,전통시장,충청북도,3.0,3.0,,,RESOLVED_AGREEMENT,False,3,,,,
d8c5ae3e22810b915c6f,val,수산물,T4 구어·문장,q_수산물_12,생선 손질해주는 곳,식료품 중 '수산물'을 판매·제공하는 매장,9fbaca55-9738-4b29-acf4-b7699736a361,행렬수산,생선,목포자유시장,전통시장,전라남도,3.0,3.0,,,RESOLVED_AGREEMENT,False,3,,,,
dfd1b72aacaf0c4980ae,val,수산물,T4 구어·문장,q_수산물_12,생선 손질해주는 곳,식료품 중 '수산물'을 판매·제공하는 매장,4f74f692-a941-4794-8203-4641e78af450,한일생선,생선,명산시장,전통시장,전북특별자치도,3.0,3.0,,,RESOLVED_AGREEMENT,False,3,,,,
a53f3b61744f191b4a30,val,수산물,T4 구어·문장,q_수산물_12,생선 손질해주는 곳,식료품 중 '수산물'을 판매·제공하는 매장,57f21678-123d-46b7-aca2-39c04f9ab3bf,인환수산,생선,소래포구전통어시장,전통시장,인천광역시,3.0,3.0,,,RESOLVED_AGREEMENT,False,3,,,,
01de428fd9670981d08c,val,수산물,T4 구어·문장,q_수산물_12,생선 손질해주는 곳,식료품 중 '수산물'을 판매·제공하는 매장,00fcc68d-3086-4b45-b998-f3763e8dbf7d,꼬치마요 산본역점(9호점),일식,산본로데오거리(구 산본중심상가),자율상권구역,경기도,1.0,0.0,,,P2_GRADED_ONLY,True,,,,,
5734ab59f1366ba5ad56,val,수산물,T4 구어·문장,q_수산물_12,생선 손질해주는 곳,식료품 중 '수산물'을 판매·제공하는 매장,fb5e4b04-e451-4149-9f62-79bd83b3245b,생선굽는 총각,생선,수안인정시장,전통시장,부산광역시,3.0,3.0,,,RESOLVED_AGREEMENT,False,3,,,,
1e69f910d45290fb3ce3,val,수산물,T4 구어·문장,q_수산물_12,생선 손질해주는 곳,식료품 중 '수산물'을 판매·제공하는 매장,ca43c775-8157-4b59-94a0-3d43b8923025,소배,생선,명지시장,전통시장,부산광역시,3.0,3.0,,,RESOLVED_AGREEMENT,False,3,,,,
6639dd28e2ef40a33033,val,수산물,T4 구어·문장,q_수산물_12,생선 손질해주는 곳,식료품 중 '수산물'을 판매·제공하는 매장,b298c190-4e7e-4534-9a02-da6935bf6bb3,경북생선,생선,태백시장,전통시장,대구광역시,3.0,3.0,,,RESOLVED_AGREEMENT,False,3,,,,
b38496baa6a2bcf87351,val,수산물,T4 구어·문장,q_수산물_12,생선 손질해주는 곳,식료품 중 '수산물'을 판매·제공하는 매장,51764099-4a5d-4ef8-b85d-ef270b05701b,금순네 생선,생선,인천신흥시장,전통시장,인천광역시,3.0,3.0,,,RESOLVED_AGREEMENT,False,3,,,,
64d31fe9466a843b6c23,val,수산물,T4 구어·문장,q_수산물_12,생선 손질해주는 곳,식료품 중 '수산물'을 판매·제공하는 매장,50e98eb5-4fdc-4062-9862-2d4428ce10cd,동해생선,생선,팔달신시장,전통시장,대구광역시,3.0,3.0,,,RESOLVED_AGREEMENT,False,3,,,,
5b97488f9d81cd84ac03,val,수산물,T4 구어·문장,q_수산물_12,생선 손질해주는 곳,식료품 중 '수산물'을 판매·제공하는 매장,008cfdc1-610a-407a-a03b-4c6dae7106f4,주영수산,활어,목포북항상점가,자율상권구역,전라남도,3.0,3.0,,,RESOLVED_AGREEMENT,False,3,,,,
d1f4428782d9e6777941,val,수산물,T4 구어·문장,q_수산물_12,생선 손질해주는 곳,식료품 중 '수산물'을 판매·제공하는 매장,0019e966-8007-4603-957c-4e9adcd1f05a,부남수산,수산물,서산동부전통시장,전통시장,충청남도,3.0,3.0,,,RESOLVED_AGREEMENT,False,3,,,,
80683313b0a552de6374,val,수산물,T4 구어·문장,q_수산물_12,생선 손질해주는 곳,식료품 중 '수산물'을 판매·제공하는 매장,09a858a0-8225-4fea-bebe-3817c8ae9832,달홀초밥,생선,간성전통시장(구 천년고성시장),전통시장,강원특별자치도,3.0,3.0,,,RESOLVED_AGREEMENT,False,3,,,,
f0b153ed6ac206284503,val,수산물,T4 구어·문장,q_수산물_12,생선 손질해주는 곳,식료품 중 '수산물'을 판매·제공하는 매장,5c3dbead-8717-4e7d-b993-522e1be8eb2d,남부생선,생선,원주남부시장,전통시장,강원특별자치도,3.0,3.0,,,RESOLVED_AGREEMENT,False,3,,,,
45f0ae465900a8431f64,val,수산물,T4 구어·문장,q_수산물_12,생선 손질해주는 곳,식료품 중 '수산물'을 판매·제공하는 매장,b074842a-7cd1-477d-84fc-9b8dfb412899,성수생선,생선,양산 덕계종합상설시장,전통시장,경상남도,3.0,3.0,,,RESOLVED_AGREEMENT,False,3,,,,
4bbea3a13522d83dbb86,val,수산물,T4 구어·문장,q_수산물_12,생선 손질해주는 곳,식료품 중 '수산물'을 판매·제공하는 매장,9fab31af-1c5f-4380-9792-05d7a017eaf3,동경생선,생선,금촌전통시장,전통시장,경기도,3.0,3.0,,,RESOLVED_AGREEMENT,False,3,,,,
aff8c921e73df76ff126,val,수산물,T4 구어·문장,q_수산물_12,생선 손질해주는 곳,식료품 중 '수산물'을 판매·제공하는 매장,016ddf29-de07-40e1-a642-8c2a45a6f19d,연희어시장,횟집,연희로 골목형상점가,골목형상점가,인천광역시,1.0,2.0,,,P1_BINARY_THRESHOLD,True,,,,,
d722563a1202089c1e82,val,수산물,T4 구어·문장,q_수산물_12,생선 손질해주는 곳,식료품 중 '수산물'을 판매·제공하는 매장,74f5433f-67e4-44c9-8ac7-84cf44f0777d,막퍼주는 집,생선 기타 수산물,동작구 LINK 상권활성화구역,상권활성화구역,서울특별시,3.0,3.0,,,RESOLVED_AGREEMENT,False,3,,,,
f409ffa6031318da9a2f,val,수산물,T4 구어·문장,q_수산물_12,생선 손질해주는 곳,식료품 중 '수산물'을 판매·제공하는 매장,026088db-87d4-434f-be2b-19543ce6d520,대구생선,생선,도원시장,전통시장,대구광역시,3.0,3.0,,,RESOLVED_AGREEMENT,False,3,,,,
91998a6f9291a7c167d4,val,수산물,T4 구어·문장,q_수산물_12,생선 손질해주는 곳,식료품 중 '수산물'을 판매·제공하는 매장,00bd252b-19f9-4e9a-bf26-b45280bb84ae,선옥상회,생선,고성 공룡시장,전통시장,경상남도,3.0,3.0,,,RESOLVED_AGREEMENT,False,3,,,,
0897e25c9b8266b26ed8,val,수산물,T4 구어·문장,q_수산물_12,생선 손질해주는 곳,식료품 중 '수산물'을 판매·제공하는 매장,00a40df6-e218-4c9e-951f-b2c1a3ee676e,영흥수산,생선,가락몰골목형상점가,골목형상점가,서울특별시,3.0,3.0,,,RESOLVED_AGREEMENT,False,3,,,,
c0d7b03b5510af94384f,val,수산물,T4 구어·문장,q_수산물_12,생선 손질해주는 곳,식료품 중 '수산물'을 판매·제공하는 매장,9f8c5b2d-8b33-444e-a177-16386f656df3,부자생선,생선,망미중앙시장,전통시장,부산광역시,3.0,3.0,,,RESOLVED_AGREEMENT,False,3,,,,
61d1459d330e19af0e84,val,수산물,T4 구어·문장,q_수산물_12,생선 손질해주는 곳,식료품 중 '수산물'을 판매·제공하는 매장,03cbd591-5ee7-4f9b-842e-8dc427925406,신흥상회,어물,상주중앙시장,전통시장,경상북도,3.0,3.0,,,RESOLVED_AGREEMENT,False,3,,,,
04dd77da529030d8ab78,val,수산물,T4 구어·문장,q_수산물_12,생선 손질해주는 곳,식료품 중 '수산물'을 판매·제공하는 매장,00e04e3d-cb00-4d64-a13d-a9c02f9a4fc8,대림수산,활어,자갈치시장,전통시장,부산광역시,3.0,3.0,,,RESOLVED_AGREEMENT,False,3,,,,
dff22dcdb04caf7f7e8d,val,수산물,T4 구어·문장,q_수산물_12,생선 손질해주는 곳,식료품 중 '수산물'을 판매·제공하는 매장,ea842cca-abfa-484a-95e9-77811a3b4b6e,오늘생선,생선,자양전통시장,전통시장,서울특별시,3.0,3.0,,,RESOLVED_AGREEMENT,False,3,,,,
aa4d0546b9af3829a269,val,수산물,T4 구어·문장,q_수산물_12,생선 손질해주는 곳,식료품 중 '수산물'을 판매·제공하는 매장,30d5afbc-fd4b-49bb-9e1c-2469652e5921,추씨어물점,어물,영천공설시장,전통시장,경상북도,3.0,0.0,,,P1_BINARY_THRESHOLD,True,,,,,
23813b33c23e31d2dcfc,val,수산물,T4 구어·문장,q_수산물_12,생선 손질해주는 곳,식료품 중 '수산물'을 판매·제공하는 매장,00ac75c4-6e3f-4d23-8a6a-1dc8ba294b85,우진수산,"수산물, 활어",효자시장,전통시장,경상북도,3.0,3.0,,,RESOLVED_AGREEMENT,False,3,,,,
ace6be2bb796af67c0a8,val,수산물,T4 구어·문장,q_수산물_12,생선 손질해주는 곳,식료품 중 '수산물'을 판매·제공하는 매장,c111ac9d-3f3a-405c-a8db-4d127ccda9e2,행복이 있는 곳,잡화,제주로얄쇼핑센터,자율상권구역,제주특별자치도,0.0,0.0,,,RESOLVED_AGREEMENT,False,0,,,,
776cb5a0d6a6af789bac,val,수산물,T4 구어·문장,q_수산물_12,생선 손질해주는 곳,식료품 중 '수산물'을 판매·제공하는 매장,0c06bc38-3003-4306-8cc2-4165a059a21c,미선생선,생선,김제전통시장,전통시장,전북특별자치도,3.0,3.0,,,RESOLVED_AGREEMENT,False,3,,,,
45ecb55229696455dd8d,val,수산물,T4 구어·문장,q_수산물_12,생선 손질해주는 곳,식료품 중 '수산물'을 판매·제공하는 매장,af3c7411-a48f-484c-bbd1-45aabbdac275,민지네 생선,생선,의정부제일시장,전통시장,경기도,3.0,3.0,,,RESOLVED_AGREEMENT,False,3,,,,
7547a8ca629a9dc85a77,val,수산물,T4 구어·문장,q_수산물_12,생선 손질해주는 곳,식료품 중 '수산물'을 판매·제공하는 매장,fe427c82-43ff-430f-8a6e-df6fa71579fa,장림생선,생선,장림골목시장,전통시장,부산광역시,3.0,3.0,,,RESOLVED_AGREEMENT,False,3,,,,
fecce4116e5fb2c4199f,val,수산물,T4 구어·문장,q_수산물_12,생선 손질해주는 곳,식료품 중 '수산물'을 판매·제공하는 매장,fd71ead7-bf3d-4f2a-b424-6cfb031824f1,용남생선,생선,용남시장,전통시장,인천광역시,3.0,3.0,,,RESOLVED_AGREEMENT,False,3,,,,
4322fe6bb824f48ea7b0,val,수산물,T4 구어·문장,q_수산물_12,생선 손질해주는 곳,식료품 중 '수산물'을 판매·제공하는 매장,7a4d6ac6-0b03-46ca-9aa9-1ff9f5fdd72c,엄마생선,생선,역전시장 상점가,자율상권구역,대전광역시,3.0,3.0,,,RESOLVED_AGREEMENT,False,3,,,,
7f2d710292ebfd717d1e,val,수산물,T4 구어·문장,q_수산물_12,생선 손질해주는 곳,식료품 중 '수산물'을 판매·제공하는 매장,4df38700-9e35-467e-8b54-b6930b806fa5,중앙생선,생선,길동복조리시장,전통시장,서울특별시,3.0,3.0,,,RESOLVED_AGREEMENT,False,3,,,,
f4cfc2a2bb345fac5a33,val,수산물,T4 구어·문장,q_수산물_12,생선 손질해주는 곳,식료품 중 '수산물'을 판매·제공하는 매장,a38d4fe2-982b-4231-a320-69bc8d1210e5,삼득수산,생선,부전상가시장,전통시장,부산광역시,3.0,3.0,,,RESOLVED_AGREEMENT,False,3,,,,
310906b679163c2230ef,val,수산물,T4 구어·문장,q_수산물_12,생선 손질해주는 곳,식료품 중 '수산물'을 판매·제공하는 매장,b81b16a7-303c-423a-8298-992107993bcb,생선총각,생선,대림골목시장,전통시장,서울특별시,3.0,3.0,,,RESOLVED_AGREEMENT,False,3,,,,
2aad49f0ebeeed328d0f,val,수산물,T4 구어·문장,q_수산물_12,생선 손질해주는 곳,식료품 중 '수산물'을 판매·제공하는 매장,1f8c2988-2ede-4047-a51a-4d8a7d4c9317,살아있네 생선,생선,반송큰시장,전통시장,부산광역시,3.0,3.0,,,RESOLVED_AGREEMENT,False,3,,,,
66827db7bf77d48d2523,val,수산물,T4 구어·문장,q_수산물_12,생선 손질해주는 곳,식료품 중 '수산물'을 판매·제공하는 매장,29345061-11dc-46a5-92fa-963b19c984ab,생선밥상,생선,적성전통시장,전통시장,경기도,3.0,3.0,,,RESOLVED_AGREEMENT,False,3,,,,
2244ebbaf35dba8421bd,val,수산물,T4 구어·문장,q_수산물_12,생선 손질해주는 곳,식료품 중 '수산물'을 판매·제공하는 매장,005429a3-030e-492f-973c-1d5842eeac56,미래횟집,활어,사천 삼천포용궁수산시장,전통시장,경상남도,3.0,2.0,,,P2_GRADED_ONLY,True,,,,,
1ca6699671729fa60bb3,val,수산물,T4 구어·문장,q_수산물_12,생선 손질해주는 곳,식료품 중 '수산물'을 판매·제공하는 매장,7632e453-2ddc-40f0-91db-64bb21a9bfc5,희야네 생선,생선,흥해시장,전통시장,경상북도,3.0,3.0,,,RESOLVED_AGREEMENT,False,3,,,,
8707763728d2d53844b1,val,수산물,T4 구어·문장,q_수산물_12,생선 손질해주는 곳,식료품 중 '수산물'을 판매·제공하는 매장,0ed8f221-c484-416b-aadb-d432118f7e39,도군수산횟집,횟집,광안어패류시장,전통시장,부산광역시,1.0,3.0,,,P1_BINARY_THRESHOLD,True,,,,,
b61eacda06cc6465e928,val,수산물,T4 구어·문장,q_수산물_12,생선 손질해주는 곳,식료품 중 '수산물'을 판매·제공하는 매장,0d1e5132-177c-499c-9470-0b2230c87597,권순희 생선,생선,안동구시장,전통시장,경상북도,3.0,3.0,,,RESOLVED_AGREEMENT,False,3,,,,
74d84ea10c98f4ae02ff,val,수산물,T4 구어·문장,q_수산물_12,생선 손질해주는 곳,식료품 중 '수산물'을 판매·제공하는 매장,9c170291-2a2c-451a-bac4-42788e0b7369,밥상위에 생선,생선,대인시장,전통시장,광주광역시,3.0,3.0,,,RESOLVED_AGREEMENT,False,3,,,,
5265a5b7d5a90ad86044,val,수산물,T4 구어·문장,q_수산물_12,생선 손질해주는 곳,식료품 중 '수산물'을 판매·제공하는 매장,004d071d-dda6-41e4-9fcb-7c74c8f8ef0f,영남상회,건어물,수영팔도시장(구 수영팔도상가시장),전통시장,부산광역시,3.0,3.0,,,RESOLVED_AGREEMENT,False,3,,,,
003f884dbdba70c1ad09,val,수산물,T4 구어·문장,q_수산물_12,생선 손질해주는 곳,식료품 중 '수산물'을 판매·제공하는 매장,7814c01e-a1e1-472e-b24c-7682f68f27e9,부부생선,생선,좌동재래시장,전통시장,부산광역시,3.0,3.0,,,RESOLVED_AGREEMENT,False,3,,,,
00e39a8c6e3b4c66c46a,val,수산물,T4 구어·문장,q_수산물_12,생선 손질해주는 곳,식료품 중 '수산물'을 판매·제공하는 매장,0016aa1a-5730-45a0-b427-06b0f51fc005,든든한밥상,농수산물,화산면 골목형상점가,골목형상점가,전라남도,3.0,3.0,,,RESOLVED_AGREEMENT,False,3,,,,
44b4dfa0d708d0f94659,val,수산물,T4 구어·문장,q_수산물_12,생선 손질해주는 곳,식료품 중 '수산물'을 판매·제공하는 매장,0c7008da-69b1-433b-baab-e546f219721d,재환A,생선,청량리수산시장,전통시장,서울특별시,3.0,3.0,,,RESOLVED_AGREEMENT,False,3,,,,
fde9273d94c182aa6b2d,val,수산물,T4 구어·문장,q_수산물_12,생선 손질해주는 곳,식료품 중 '수산물'을 판매·제공하는 매장,005eb589-94b0-4a7e-b4e4-ef8cf64b0762,스시쿄다이,일식,동홍8번가 골목형상점가,골목형상점가,제주특별자치도,1.0,0.0,,,P2_GRADED_ONLY,True,,,,,
8949b676c59b032f8549,val,수산물,T4 구어·문장,q_수산물_12,생선 손질해주는 곳,식료품 중 '수산물'을 판매·제공하는 매장,038f89c5-a204-4c80-9e31-9d22a3ba4c95,연스시,초밥,노은역 골목형상점가,골목형상점가,대전광역시,1.0,0.0,,,P2_GRADED_ONLY,True,,,,,
3017ddbf9c503f945327,val,수산물,T4 구어·문장,q_수산물_12,생선 손질해주는 곳,식료품 중 '수산물'을 판매·제공하는 매장,0004c5f7-95e0-45be-9f06-a705b8113ff0,의창수협67번중도매인,활어,진해 용원어시장상점가,자율상권구역,경상남도,3.0,0.0,,,P1_BINARY_THRESHOLD,True,,,,,
b47f07b1b1659c9791d9,val,수산물,T4 구어·문장,q_수산물_12,생선 손질해주는 곳,식료품 중 '수산물'을 판매·제공하는 매장,010c1855-b46f-4e37-b975-8115c4249b0f,용궁횟집,,자갈치시장,전통시장,부산광역시,3.0,2.0,,,P2_GRADED_ONLY,True,,,,,
5386a18c5593899d163d,val,수산물,T4 구어·문장,q_수산물_12,생선 손질해주는 곳,식료품 중 '수산물'을 판매·제공하는 매장,00356e71-7b15-4a42-be60-f232011707b8,유한회사 덕재건재,건어물,가락몰골목형상점가,골목형상점가,서울특별시,3.0,3.0,,,RESOLVED_AGREEMENT,False,3,,,,
4c6ecba49bac1aeccf4d,val,수산물,T4 구어·문장,q_수산물_12,생선 손질해주는 곳,식료품 중 '수산물'을 판매·제공하는 매장,00cd5dee-c068-48da-bc58-a704d5fe8832,윤석수산,수산물 활어회 생선 게종류 젓갈 갑각류 해산물 등등,대공원시장,전통시장,대구광역시,3.0,3.0,,,RESOLVED_AGREEMENT,False,3,,,,
77a60450043a60d6575c,val,수산물,T4 구어·문장,q_수산물_12,생선 손질해주는 곳,식료품 중 '수산물'을 판매·제공하는 매장,764c37b8-c4f5-4ebd-8308-9edae87897bb,훈이네 생선,생선,청주육거리종합시장,전통시장,충청북도,3.0,3.0,,,RESOLVED_AGREEMENT,False,3,,,,
de63cdc18cac5c7b93d9,val,수산물,T4 구어·문장,q_수산물_12,생선 손질해주는 곳,식료품 중 '수산물'을 판매·제공하는 매장,826f6f64-b8fb-4fec-a3ac-24d56cde4fd6,역전3번생선,생선,군산역전종합시장,전통시장,전북특별자치도,3.0,3.0,,,RESOLVED_AGREEMENT,False,3,,,,
fba5291280a9ecd6fdf9,val,수산물,T4 구어·문장,q_수산물_12,생선 손질해주는 곳,식료품 중 '수산물'을 판매·제공하는 매장,69343e42-7e0f-4d37-ad8c-70247ea8c7d5,한양생선,생선,충주무학시장,전통시장,충청북도,3.0,3.0,,,RESOLVED_AGREEMENT,False,3,,,,
603a08c4f9cbfa142361,val,수산물,T4 구어·문장,q_수산물_12,생선 손질해주는 곳,식료품 중 '수산물'을 판매·제공하는 매장,0027eaf6-093b-4df4-9457-4f1081537ff3,충무꼭지횟집,횟집,초량전통시장,전통시장,부산광역시,1.0,2.0,,,P1_BINARY_THRESHOLD,True,,,,,
26b39b1deeb1a3cd7528,val,수산물,T4 구어·문장,q_수산물_12,생선 손질해주는 곳,식료품 중 '수산물'을 판매·제공하는 매장,1390b4f5-bf4e-4187-a276-51180eadd875,으뜸생선,생선,내토전통시장,전통시장,충청북도,3.0,3.0,,,RESOLVED_AGREEMENT,False,3,,,,
4efed1128c9a58cbefe9,val,수산물,T4 구어·문장,q_수산물_12,생선 손질해주는 곳,식료품 중 '수산물'을 판매·제공하는 매장,013d58c8-33f8-4dbe-95de-801d22ea9505,민영활어공장 부천자유시장점,"회, 초밥",부천자유시장,전통시장,경기도,1.0,3.0,,,P1_BINARY_THRESHOLD,True,,,,,
f06b07cef7dd9854abe8,val,수산물,T4 구어·문장,q_수산물_12,생선 손질해주는 곳,식료품 중 '수산물'을 판매·제공하는 매장,007aece5-08b8-4eb0-b4c6-18d451eadcfd,영남상회,건어물,동쪽바다중앙시장(구 동해중앙시장),전통시장,강원특별자치도,3.0,3.0,,,RESOLVED_AGREEMENT,False,3,,,,
b836ad5ed23c0680309d,val,수산물,T4 구어·문장,q_수산물_12,생선 손질해주는 곳,식료품 중 '수산물'을 판매·제공하는 매장,a238207d-2001-4499-b7d0-c2b2e69e8b4e,태풍참치(일곡본점),일식,일곡동(제3지역:자연마을 공방거리),골목형상점가,광주광역시,1.0,0.0,,,P2_GRADED_ONLY,True,,,,,
521dc20207eaa2487179,val,수산물,T4 구어·문장,q_수산물_12,생선 손질해주는 곳,식료품 중 '수산물'을 판매·제공하는 매장,30dc8796-40cd-4c5b-880c-658ec9ad53ad,노들수산,생선,노량진수산시장골목형상점가,골목형상점가,서울특별시,3.0,3.0,,,RESOLVED_AGREEMENT,False,3,,,,
8a7cf808351d456e5530,val,수산물,T4 구어·문장,q_수산물_12,생선 손질해주는 곳,식료품 중 '수산물'을 판매·제공하는 매장,0d787e3b-c8db-4109-9454-b50d724cb25f,정현생선,생선,익산북부시장,전통시장,전북특별자치도,3.0,3.0,,,RESOLVED_AGREEMENT,False,3,,,,
8a4c347e746433b75d0b,val,수산물,T4 구어·문장,q_수산물_12,생선 손질해주는 곳,식료품 중 '수산물'을 판매·제공하는 매장,9cb15ad5-0b34-41d1-8225-d709b970368e,부자생선,생선,정이있는 구포시장,전통시장,부산광역시,3.0,3.0,,,RESOLVED_AGREEMENT,False,3,,,,
7cfa4c3c6becc3adc159,val,수산물,T4 구어·문장,q_수산물_12,생선 손질해주는 곳,식료품 중 '수산물'을 판매·제공하는 매장,00f60c16-d8be-497f-80f2-aab3209a8d0e,포카포카,식당,전남여고후문 골목형상점가,골목형상점가,광주광역시,1.0,0.0,,,P2_GRADED_ONLY,True,,,,,
33cccbde1c839096c9f2,val,수산물,T4 구어·문장,q_수산물_12,생선 손질해주는 곳,식료품 중 '수산물'을 판매·제공하는 매장,f0ea5168-b768-4469-b4b3-a3c94fa61ee8,충남집,,원주자유시장,전통시장,강원특별자치도,,0.0,Y,,P0_UNCERTAIN_OR_MISSING,True,,,,,
b6a7d441801c3d67b48d,val,수산물,T4 구어·문장,q_수산물_12,생선 손질해주는 곳,식료품 중 '수산물'을 판매·제공하는 매장,14e876ec-6474-4640-ab63-1a3d40397199,고향생선,생선,장량성도시장,전통시장,경상북도,3.0,3.0,,,RESOLVED_AGREEMENT,False,3,,,,
e1247684543975e84b7f,val,수산물,T4 구어·문장,q_수산물_12,생선 손질해주는 곳,식료품 중 '수산물'을 판매·제공하는 매장,000d55be-8181-4f45-827e-52082b2ae284,명희유통,건어물,성북시장,전통시장,부산광역시,3.0,3.0,,,RESOLVED_AGREEMENT,False,3,,,,
619edb4f77a796114441,val,수산물,T4 구어·문장,q_수산물_12,생선 손질해주는 곳,식료품 중 '수산물'을 판매·제공하는 매장,8413497a-62cf-4959-a40f-eaba357e72cf,입실생선,생선,외동시장,전통시장,경상북도,3.0,3.0,,,RESOLVED_AGREEMENT,False,3,,,,
4f66a11840c7cae9eeae,val,수산물,T4 구어·문장,q_수산물_12,생선 손질해주는 곳,식료품 중 '수산물'을 판매·제공하는 매장,684f1e8d-56c9-4119-b205-763c289962c9,영미네 생선,생선,대전정원시장,전통시장,대전광역시,3.0,3.0,,,RESOLVED_AGREEMENT,False,3,,,,
e635cd07600b082f5978,val,수산물,T4 구어·문장,q_수산물_12,생선 손질해주는 곳,식료품 중 '수산물'을 판매·제공하는 매장,4014e8a4-4138-4c89-922c-ad97518dac48,영선네 생선,생선,대전정원시장,전통시장,대전광역시,3.0,3.0,,,RESOLVED_AGREEMENT,False,3,,,,
ea01c635adb363e6b91d,val,수산물,T4 구어·문장,q_수산물_12,생선 손질해주는 곳,식료품 중 '수산물'을 판매·제공하는 매장,3526958d-da64-4c90-a75c-c55162fbe0d3,최씨어물전,,영천공설시장,전통시장,경상북도,3.0,0.0,,,P1_BINARY_THRESHOLD,True,,,,,
0885fb7436d5436d2213,val,수산물,T4 구어·문장,q_수산물_12,생선 손질해주는 곳,식료품 중 '수산물'을 판매·제공하는 매장,0333f16c-ff56-4e80-a1c7-dd77a81300df,로봇초밥마켓 과천래미안점,초밥,과천슈르탑 골목형상점가,골목형상점가,경기도,1.0,0.0,,,P2_GRADED_ONLY,True,,,,,
7c8727bcb4c38b7597a3,val,수산물,T4 구어·문장,q_수산물_12,생선 손질해주는 곳,식료품 중 '수산물'을 판매·제공하는 매장,0f49d35f-fd6f-49a4-8207-7be6516e916e,남현식품,식품제조,동문재래시장,전통시장,제주특별자치도,0.0,0.0,,,RESOLVED_AGREEMENT,False,0,,,,
d03b1044ccc0cd06fa1a,val,수산물,T4 구어·문장,q_수산물_12,생선 손질해주는 곳,식료품 중 '수산물'을 판매·제공하는 매장,2aa948f3-9166-4b33-b7c2-b336f6efc532,호호생선,생선,서동향토시장,전통시장,부산광역시,3.0,3.0,,,RESOLVED_AGREEMENT,False,3,,,,
64f825e6081fa35ba7c2,val,수산물,T4 구어·문장,q_수산물_12,생선 손질해주는 곳,식료품 중 '수산물'을 판매·제공하는 매장,4d008635-97cf-4d0f-98e7-19f6ad8d118a,할매생선,생선,부평종합시장,전통시장,인천광역시,3.0,3.0,,,RESOLVED_AGREEMENT,False,3,,,,
a5111631b65fa1c13fb1,val,수산물,T4 구어·문장,q_수산물_12,생선 손질해주는 곳,식료품 중 '수산물'을 판매·제공하는 매장,f632b825-195d-48b6-a024-82a5d1546f7f,형제생선,생선,용산종합큰시장,전통시장,대구광역시,3.0,3.0,,,RESOLVED_AGREEMENT,False,3,,,,
5cbce7bdd4a7a646b96e,val,수산물,T4 구어·문장,q_수산물_12,생선 손질해주는 곳,식료품 중 '수산물'을 판매·제공하는 매장,f6527675-de48-4dd1-be0b-d783f601ed2b,동검상회,생선,강화풍물시장,전통시장,인천광역시,3.0,3.0,,,RESOLVED_AGREEMENT,False,3,,,,
8c756821cfb06fd9270c,val,수산물,T4 구어·문장,q_수산물_12,생선 손질해주는 곳,식료품 중 '수산물'을 판매·제공하는 매장,f8d82e7f-14fb-4bd9-9923-b78acf41a9ee,밀양생선,생선,김해 진영전통시장,전통시장,경상남도,3.0,3.0,,,RESOLVED_AGREEMENT,False,3,,,,
8ae976d6fd3a4dbfacd0,val,수산물,T4 구어·문장,q_수산물_12,생선 손질해주는 곳,식료품 중 '수산물'을 판매·제공하는 매장,e553b2cf-0c4e-4396-8f34-25679e77b48a,"고양이, 생선",생선,원주중앙로문화의거리,자율상권구역,강원특별자치도,3.0,3.0,,,RESOLVED_AGREEMENT,False,3,,,,
fc69e4b2b65727bf983f,val,수산물,T4 구어·문장,q_수산물_12,생선 손질해주는 곳,식료품 중 '수산물'을 판매·제공하는 매장,001ec0bf-0eda-4aa8-8efc-a90930649cf5,원프룻,농수산물,정이있는 구포시장,전통시장,부산광역시,3.0,3.0,,,RESOLVED_AGREEMENT,False,3,,,,
fbe45303995bf403659a,val,수산물,T4 구어·문장,q_수산물_12,생선 손질해주는 곳,식료품 중 '수산물'을 판매·제공하는 매장,7aa286d3-a9e7-4571-8d8a-80d8b351d145,동해생선,생선,수유재래시장,전통시장,서울특별시,3.0,3.0,,,RESOLVED_AGREEMENT,False,3,,,,
bb8e94230ddcb1db6d21,val,수산물,T4 구어·문장,q_수산물_12,생선 손질해주는 곳,식료품 중 '수산물'을 판매·제공하는 매장,d5081fbf-786f-4fe6-8989-79424266c776,손씨생선,생선,언양알프스시장,전통시장,울산광역시,3.0,3.0,,,RESOLVED_AGREEMENT,False,3,,,,
7fb424127f785f6954a2,val,수산물,T4 구어·문장,q_수산물_12,생선 손질해주는 곳,식료품 중 '수산물'을 판매·제공하는 매장,002e7e87-5677-44ca-85c4-9e5b87e7994f,한양수산,생선,안중시장,전통시장,경기도,3.0,3.0,,,RESOLVED_AGREEMENT,False,3,,,,
bad12497e0f3d1791ed5,val,수산물,T4 구어·문장,q_수산물_12,생선 손질해주는 곳,식료품 중 '수산물'을 판매·제공하는 매장,62cd56b7-5550-481d-81ff-6c0dbe5fd339,손씨네수산,생선,"온양온천시장(온양재래시장, 전통시장)",전통시장,충청남도,3.0,3.0,,,RESOLVED_AGREEMENT,False,3,,,,
2cd8e987a8a4252c22ac,val,수산물,T4 구어·문장,q_수산물_12,생선 손질해주는 곳,식료품 중 '수산물'을 판매·제공하는 매장,58a0dae4-14a0-4c46-b61b-ca9cb36217b5,팔도생선,생선,수영팔도시장(구 수영팔도상가시장),전통시장,부산광역시,3.0,3.0,,,RESOLVED_AGREEMENT,False,3,,,,
4d7c0185d2b99fbe22cf,val,수산물,T4 구어·문장,q_수산물_12,생선 손질해주는 곳,식료품 중 '수산물'을 판매·제공하는 매장,01afaafa-2a46-4977-8015-55762957ee7a,다래초밥,초밥,동문동 골목형상점가,골목형상점가,충청남도,1.0,0.0,,,P2_GRADED_ONLY,True,,,,,
9d5bd65c04124b0bd47e,val,수산물,T4 구어·문장,q_수산물_12,생선 손질해주는 곳,식료품 중 '수산물'을 판매·제공하는 매장,979fe1f9-263b-4f1b-af34-2e0629ad4a8c,호계생선,생선,호계공설시장,전통시장,울산광역시,3.0,3.0,,,RESOLVED_AGREEMENT,False,3,,,,
511063e8635f1d1b716b,val,수산물,T4 구어·문장,q_수산물_12,생선 손질해주는 곳,식료품 중 '수산물'을 판매·제공하는 매장,00527b0b-893c-4d64-862e-3ef8113d07fb,해선언니네,건어물,용상공설시장,전통시장,경상북도,3.0,3.0,,,RESOLVED_AGREEMENT,False,3,,,,
d0079934e051bbbce3a2,val,수산물,T4 구어·문장,q_수산물_12,생선 손질해주는 곳,식료품 중 '수산물'을 판매·제공하는 매장,f06ccfff-aff4-48e2-a0d9-9ca2ad9406cf,인권이네,생선,소래포구전통어시장,전통시장,인천광역시,3.0,3.0,,,RESOLVED_AGREEMENT,False,3,,,,
f8fa643793b2ecb43dc0,val,수산물,T4 구어·문장,q_수산물_12,생선 손질해주는 곳,식료품 중 '수산물'을 판매·제공하는 매장,00cc4859-307a-43ef-9654-2f6aa6fc404d,서산상회,생선,노량진수산시장골목형상점가,골목형상점가,서울특별시,3.0,3.0,,,RESOLVED_AGREEMENT,False,3,,,,
240564a5648658e704f3,val,수산물,T4 구어·문장,q_수산물_12,생선 손질해주는 곳,식료품 중 '수산물'을 판매·제공하는 매장,0e2072b5-96bd-4a20-ba14-83c28111d252,잘해주는 치과의원,치과의원,산본로데오거리(구 산본중심상가),자율상권구역,경기도,0.0,0.0,,,RESOLVED_AGREEMENT,False,0,,,,
a23cfd1c8854c6b2ebc0,val,수산물,T4 구어·문장,q_수산물_12,생선 손질해주는 곳,식료품 중 '수산물'을 판매·제공하는 매장,71f97da8-0779-4b70-bf8a-00c0494ffd4d,수옥생선,생선,광장시장,전통시장,서울특별시,3.0,3.0,,,RESOLVED_AGREEMENT,False,3,,,,
7902bff7faabd1d74c18,val,수산물,T4 구어·문장,q_수산물_12,생선 손질해주는 곳,식료품 중 '수산물'을 판매·제공하는 매장,68341571-a8c0-4fa5-9d92-e0d044f27890,안씨생선,생선,도마큰시장,전통시장,대전광역시,3.0,3.0,,,RESOLVED_AGREEMENT,False,3,,,,
2a4ac8c5522bc28ac40d,val,수산물,T4 구어·문장,q_수산물_12,생선 손질해주는 곳,식료품 중 '수산물'을 판매·제공하는 매장,c59633f8-025c-4dad-bd64-a9bac4c74fd3,도계생선,생선,창원 도계부부시장,전통시장,경상남도,3.0,3.0,,,RESOLVED_AGREEMENT,False,3,,,,
bfada46d13171491cc03,val,수산물,T4 구어·문장,q_수산물_12,생선 손질해주는 곳,식료품 중 '수산물'을 판매·제공하는 매장,2968e10b-5cb2-4ee3-998a-00cd13bdff2d,중앙생선,생선,전주신중앙시장(구 중앙버드나무시장),전통시장,전북특별자치도,3.0,3.0,,,RESOLVED_AGREEMENT,False,3,,,,
b4f573c0e0d298f2219e,val,수산물,T4 구어·문장,q_수산물_12,생선 손질해주는 곳,식료품 중 '수산물'을 판매·제공하는 매장,fbe454d9-addf-4d07-abb9-e030eb1b3472,중앙생선,생선,내토전통시장,전통시장,충청북도,3.0,3.0,,,RESOLVED_AGREEMENT,False,3,,,,
f921a7d77af8224eca9a,val,수산물,T4 구어·문장,q_수산물_12,생선 손질해주는 곳,식료품 중 '수산물'을 판매·제공하는 매장,512effaa-eff9-47bd-8665-687c2ca48ced,창운횟집,생선,금당상가,자율상권구역,전라남도,3.0,3.0,,,RESOLVED_AGREEMENT,False,3,,,,
27bfbdf114210603651c,val,수산물,T4 구어·문장,q_수산물_12,생선 손질해주는 곳,식료품 중 '수산물'을 판매·제공하는 매장,00298213-17ea-453a-b6e6-375d9ef636b6,대양농수산,농수산물,부평깡시장,전통시장,인천광역시,3.0,3.0,,,RESOLVED_AGREEMENT,False,3,,,,
c82dfa3af5566ac53f04,val,수산물,T4 구어·문장,q_수산물_12,생선 손질해주는 곳,식료품 중 '수산물'을 판매·제공하는 매장,76a3551b-dae4-4326-92cc-662015aedbfb,쉴 곳,한식,칠성로상점가,자율상권구역,제주특별자치도,0.0,0.0,,,RESOLVED_AGREEMENT,False,0,,,,
4797430cbfeb39b186a8,val,수산물,T4 구어·문장,q_수산물_12,생선 손질해주는 곳,식료품 중 '수산물'을 판매·제공하는 매장,4d6f9901-17f6-45f4-8bf9-7c309e04e9c8,금산흑염소,건강원,천안역전시장(구 천안역공설시장),전통시장,충청남도,0.0,0.0,,,RESOLVED_AGREEMENT,False,0,,,,
90e90e309d28724fc103,val,수산물,T4 구어·문장,q_수산물_12,생선 손질해주는 곳,식료품 중 '수산물'을 판매·제공하는 매장,ace46cb4-4669-4cad-8223-c3412d5d7b5c,살아있네 생선,생선,반여2동상가시장,전통시장,부산광역시,3.0,3.0,,,RESOLVED_AGREEMENT,False,3,,,,
8553288e6e4639b6e09d,val,수산물,T4 구어·문장,q_수산물_12,생선 손질해주는 곳,식료품 중 '수산물'을 판매·제공하는 매장,009fbffe-11b3-4eba-b65a-696f4f59f079,인어횟집,횟집,목포북항상점가,자율상권구역,전라남도,1.0,2.0,,,P1_BINARY_THRESHOLD,True,,,,,
8dcdecfa121b0715d128,val,수산물,T4 구어·문장,q_수산물_12,생선 손질해주는 곳,식료품 중 '수산물'을 판매·제공하는 매장,bdc36a36-8257-4323-bcfd-82fa238434f3,이쁜이네 생선,생선,수영팔도시장(구 수영팔도상가시장),전통시장,부산광역시,3.0,3.0,,,RESOLVED_AGREEMENT,False,3,,,,
baaf25b79c8317f5bacf,val,수산물,T4 구어·문장,q_수산물_12,생선 손질해주는 곳,식료품 중 '수산물'을 판매·제공하는 매장,333fa307-f61c-45a8-a79b-93fff676095e,대명어물,어물,서귀포향토오일시장,전통시장,제주특별자치도,3.0,0.0,,,P1_BINARY_THRESHOLD,True,,,,,
ee8c913770f5b53fbeb1,val,수산물,T4 구어·문장,q_수산물_12,생선 손질해주는 곳,식료품 중 '수산물'을 판매·제공하는 매장,009b69b5-365a-4958-87e7-f224f253b92a,동문올레횟집,횟집,동문수산시장,전통시장,제주특별자치도,1.0,2.0,,,P1_BINARY_THRESHOLD,True,,,,,
5eee005e4e73ebc4a8e9,val,수산물,T4 구어·문장,q_수산물_12,생선 손질해주는 곳,식료품 중 '수산물'을 판매·제공하는 매장,c46d297a-d4ea-4762-a168-b5e841430aed,수현생선,생선,좌동재래시장,전통시장,부산광역시,3.0,3.0,,,RESOLVED_AGREEMENT,False,3,,,,
bcb16a9100d443d2f14d,val,수산물,T4 구어·문장,q_수산물_12,생선 손질해주는 곳,식료품 중 '수산물'을 판매·제공하는 매장,004032ef-2ae7-4e97-ac30-b12a0869e930,시장횟집,횟집,광양매일시장(광양상설시장),전통시장,전라남도,1.0,2.0,,,P1_BINARY_THRESHOLD,True,,,,,
537c70cf3c8fc890e28c,val,수산물,T4 구어·문장,q_수산물_12,생선 손질해주는 곳,식료품 중 '수산물'을 판매·제공하는 매장,00ba389b-e522-4da5-ac26-2ffaf33359ec,스시노유키,초밥,산본로데오거리(구 산본중심상가),자율상권구역,경기도,1.0,0.0,,,P2_GRADED_ONLY,True,,,,,
37e4f7ebe5aab350ee31,val,수산물,T4 구어·문장,q_수산물_12,생선 손질해주는 곳,식료품 중 '수산물'을 판매·제공하는 매장,6ac28eea-2dcf-457a-b595-5e1bb8c4aba7,주공생선,생선,월촌역시장(구 송현주공시장),전통시장,대구광역시,3.0,3.0,,,RESOLVED_AGREEMENT,False,3,,,,
12ffe0dc0b0822d95c98,val,수산물,T4 구어·문장,q_수산물_12,생선 손질해주는 곳,식료품 중 '수산물'을 판매·제공하는 매장,a83174a2-5cfd-4c4b-8316-978ac6c905d2,오늘의 생선,생선,원미부흥시장,전통시장,경기도,3.0,3.0,,,RESOLVED_AGREEMENT,False,3,,,,
f19c04d6626468d9f301,val,수산물,T4 구어·문장,q_수산물_12,생선 손질해주는 곳,식료품 중 '수산물'을 판매·제공하는 매장,24456103-f6b8-46af-8655-82e61d7265d8,커피가 머무르는 곳,커피,반드레길골목형상점가,골목형상점가,서울특별시,0.0,0.0,,,RESOLVED_AGREEMENT,False,0,,,,
3f981ee737f767592858,val,수산물,T4 구어·문장,q_수산물_12,생선 손질해주는 곳,식료품 중 '수산물'을 판매·제공하는 매장,a118cdb6-4b14-48c4-8649-43cedb0b445c,우성생선,생선,내토전통시장,전통시장,충청북도,3.0,3.0,,,RESOLVED_AGREEMENT,False,3,,,,
552a59ebce7ee69a707b,val,수산물,T4 구어·문장,q_수산물_12,생선 손질해주는 곳,식료품 중 '수산물'을 판매·제공하는 매장,2743811c-5e71-4d2b-aa75-1b0147d44f2d,사우 꽃이 피는 곳,꽃,김포 풍년마을 골목형상점가,골목형상점가,경기도,0.0,0.0,,,RESOLVED_AGREEMENT,False,0,,,,
a58de853dd4812cf4a65,val,수산물,T4 구어·문장,q_수산물_12,생선 손질해주는 곳,식료품 중 '수산물'을 판매·제공하는 매장,746b8187-fe30-4e00-a845-ec10d5579473,동래생선,생선,수안인정시장,전통시장,부산광역시,3.0,3.0,,,RESOLVED_AGREEMENT,False,3,,,,
897b5831b7477a59b7cc,val,수산물,T4 구어·문장,q_수산물_12,생선 손질해주는 곳,식료품 중 '수산물'을 판매·제공하는 매장,61ec0334-d3b6-4ac9-8fd0-160a44b3dcbd,한신포차 대구광장코아점,음식,두류젊음의광장 상점가,자율상권구역,대구광역시,0.0,0.0,,,RESOLVED_AGREEMENT,False,0,,,,
ab36bf230969bd228893,val,수산물,T4 구어·문장,q_수산물_12,생선 손질해주는 곳,식료품 중 '수산물'을 판매·제공하는 매장,0130dbd3-b9ea-43f4-98fd-26d8afd90b78,모래내시장순대,식당,전주모래내시장,전통시장,전북특별자치도,1.0,0.0,,,P2_GRADED_ONLY,True,,,,,
e3b53335a78f082e63b1,val,수산물,T4 구어·문장,q_수산물_13,수산물 사는 데,식료품 중 '수산물'을 판매·제공하는 매장,c74e3b87-89db-4284-be87-ffaf30cb0001,회#,수산물,당진전통시장,전통시장,충청남도,3.0,3.0,,,RESOLVED_AGREEMENT,False,3,,,,
f397943573b8c1969ff8,val,수산물,T4 구어·문장,q_수산물_13,수산물 사는 데,식료품 중 '수산물'을 판매·제공하는 매장,224580eb-14f1-49ec-99d8-c6fac9146e2e,센스홈패션,소매업(가정용직물제품),미금현대벤처빌시장,전통시장,경기도,0.0,0.0,,,RESOLVED_AGREEMENT,False,0,,,,
c6037c621589a21fa6e8,val,수산물,T4 구어·문장,q_수산물_13,수산물 사는 데,식료품 중 '수산물'을 판매·제공하는 매장,68adeb05-4b06-4f73-b7d6-7c94e4983e6d,손불수산,수산물,함평천지 골목형상점가,골목형상점가,전라남도,3.0,3.0,,,RESOLVED_AGREEMENT,False,3,,,,
a95492f2f2707f61f5f4,val,수산물,T4 구어·문장,q_수산물_13,수산물 사는 데,식료품 중 '수산물'을 판매·제공하는 매장,23c3af81-9348-4baf-998b-66077ae4b276,수산킹,수산물,망원동월드컵시장,전통시장,서울특별시,3.0,3.0,,,RESOLVED_AGREEMENT,False,3,,,,
d9dfeaa9dc88dea2b9a3,val,수산물,T4 구어·문장,q_수산물_13,수산물 사는 데,식료품 중 '수산물'을 판매·제공하는 매장,1afbf2ad-4511-4dd9-aaa1-c7717a2e753a,참수산,수산물,씨푸드타운 일반상가상인회 골목형상점가,골목형상점가,전라남도,3.0,3.0,,,RESOLVED_AGREEMENT,False,3,,,,
ab28e3679217794755d2,val,수산물,T4 구어·문장,q_수산물_13,수산물 사는 데,식료품 중 '수산물'을 판매·제공하는 매장,00a0d437-836b-453d-b15e-55fbf7dc8460,대박수산,생선,청주육거리종합시장,전통시장,충청북도,3.0,3.0,,,RESOLVED_AGREEMENT,False,3,,,,
746218114d48e779dbfb,val,수산물,T4 구어·문장,q_수산물_13,수산물 사는 데,식료품 중 '수산물'을 판매·제공하는 매장,00ac75c4-6e3f-4d23-8a6a-1dc8ba294b85,우진수산,"수산물, 활어",효자시장,전통시장,경상북도,3.0,3.0,,,RESOLVED_AGREEMENT,False,3,,,,
c34598625db0058ba6f4,val,수산물,T4 구어·문장,q_수산물_13,수산물 사는 데,식료품 중 '수산물'을 판매·제공하는 매장,02faca98-629e-48a7-b384-f1efb6b03b0c,갈목수산,수산물,서천특화시장,전통시장,충청남도,3.0,3.0,,,RESOLVED_AGREEMENT,False,3,,,,
d1d9656717b96ca25fe8,val,수산물,T4 구어·문장,q_수산물_13,수산물 사는 데,식료품 중 '수산물'을 판매·제공하는 매장,001ec0bf-0eda-4aa8-8efc-a90930649cf5,원프룻,농수산물,정이있는 구포시장,전통시장,부산광역시,3.0,3.0,,,RESOLVED_AGREEMENT,False,3,,,,
6a1b45fb9ecaff4de9f2,val,수산물,T4 구어·문장,q_수산물_13,수산물 사는 데,식료품 중 '수산물'을 판매·제공하는 매장,005429a3-030e-492f-973c-1d5842eeac56,미래횟집,활어,사천 삼천포용궁수산시장,전통시장,경상남도,3.0,2.0,,,P2_GRADED_ONLY,True,,,,,
1af5c2e38b2da3ae63f8,val,수산물,T4 구어·문장,q_수산물_13,수산물 사는 데,식료품 중 '수산물'을 판매·제공하는 매장,0019e966-8007-4603-957c-4e9adcd1f05a,부남수산,수산물,서산동부전통시장,전통시장,충청남도,3.0,3.0,,,RESOLVED_AGREEMENT,False,3,,,,
9bca2760b0d631ad2928,val,수산물,T4 구어·문장,q_수산물_13,수산물 사는 데,식료품 중 '수산물'을 판매·제공하는 매장,da2f290b-63cc-4302-a691-49622cf49771,밍이네,수산물,소래포구전통어시장,전통시장,인천광역시,3.0,3.0,,,RESOLVED_AGREEMENT,False,3,,,,
f5e4ae27af70f492d5e0,val,수산물,T4 구어·문장,q_수산물_13,수산물 사는 데,식료품 중 '수산물'을 판매·제공하는 매장,5119f537-b97f-447b-be5d-a9f1740f1e19,사천수산,수산물,부전시장,전통시장,부산광역시,3.0,3.0,,,RESOLVED_AGREEMENT,False,3,,,,
28aa609c87c987afcee8,val,수산물,T4 구어·문장,q_수산물_13,수산물 사는 데,식료품 중 '수산물'을 판매·제공하는 매장,652c8bb7-d844-469b-841f-1183753b727d,만물,수산물,노량진수산시장골목형상점가,골목형상점가,서울특별시,3.0,3.0,,,RESOLVED_AGREEMENT,False,3,,,,
32fbc87673e865eef50a,val,수산물,T4 구어·문장,q_수산물_13,수산물 사는 데,식료품 중 '수산물'을 판매·제공하는 매장,3d838a54-3333-43d1-b914-cf21df2babf1,영관상회,수산물,광장시장,전통시장,서울특별시,3.0,3.0,,,RESOLVED_AGREEMENT,False,3,,,,
76f6889dda16422a4c09,val,수산물,T4 구어·문장,q_수산물_13,수산물 사는 데,식료품 중 '수산물'을 판매·제공하는 매장,00356e71-7b15-4a42-be60-f232011707b8,유한회사 덕재건재,건어물,가락몰골목형상점가,골목형상점가,서울특별시,3.0,3.0,,,RESOLVED_AGREEMENT,False,3,,,,
49b52fdf8d4292d4c405,val,수산물,T4 구어·문장,q_수산물_13,수산물 사는 데,식료품 중 '수산물'을 판매·제공하는 매장,d169f5f1-9dba-4dab-86ef-391f4813b73d,수산타운,수산물,화정동 서부시장,전통시장,광주광역시,3.0,3.0,,,RESOLVED_AGREEMENT,False,3,,,,
d64ec2e22b71c916e907,val,수산물,T4 구어·문장,q_수산물_13,수산물 사는 데,식료품 중 '수산물'을 판매·제공하는 매장,c44b307f-28a5-489e-a35e-10d9bec16c30,일 호상 사,수산물,남광주시장,전통시장,,3.0,3.0,,,RESOLVED_AGREEMENT,False,3,,,,
0b7fae9e895c5a7cb2d9,val,수산물,T4 구어·문장,q_수산물_13,수산물 사는 데,식료품 중 '수산물'을 판매·제공하는 매장,ce4fad41-7b6a-4275-9ad9-f4260eef6e17,동네수산물,수산물,농성세대공감상인회 골목형상점가,골목형상점가,광주광역시,3.0,3.0,,,RESOLVED_AGREEMENT,False,3,,,,
6202a600ce07df5eff59,val,수산물,T4 구어·문장,q_수산물_13,수산물 사는 데,식료품 중 '수산물'을 판매·제공하는 매장,1fff1937-63b6-40de-b03c-6cc9006c5742,신3억수산,수산물,역전시장,전통시장,충청남도,3.0,3.0,,,RESOLVED_AGREEMENT,False,3,,,,
7f02169ac8ba426df2b2,val,수산물,T4 구어·문장,q_수산물_13,수산물 사는 데,식료품 중 '수산물'을 판매·제공하는 매장,12ecd4ae-d2fc-4425-9ccd-7ac616b3f7a4,한결수산,수산물,대천항수산시장,전통시장,충청남도,3.0,3.0,,,RESOLVED_AGREEMENT,False,3,,,,
396d784195b68224bb98,val,수산물,T4 구어·문장,q_수산물_13,수산물 사는 데,식료품 중 '수산물'을 판매·제공하는 매장,0498f096-c9ea-4ca5-bf41-2bea89c7f968,대철네,수산물,주문진좌판풍물시장,전통시장,강원특별자치도,3.0,3.0,,,RESOLVED_AGREEMENT,False,3,,,,
09895ee7012f82e8d1cf,val,수산물,T4 구어·문장,q_수산물_13,수산물 사는 데,식료품 중 '수산물'을 판매·제공하는 매장,00445369-fa3a-4cd3-ae3a-6564876f4199,용수상회,수산물,서문시장건해산물상가,전통시장,대구광역시,3.0,3.0,,,RESOLVED_AGREEMENT,False,3,,,,
b07d28907741bbab5ccd,val,수산물,T4 구어·문장,q_수산물_13,수산물 사는 데,식료품 중 '수산물'을 판매·제공하는 매장,9edf880b-19c2-4b4d-9f4a-2ee7f37ff90d,대박수산물,수산물,죽도어시장,전통시장,경상북도,3.0,3.0,,,RESOLVED_AGREEMENT,False,3,,,,
bcd21a5c85fd654032a1,val,수산물,T4 구어·문장,q_수산물_13,수산물 사는 데,식료품 중 '수산물'을 판매·제공하는 매장,e27b6724-d328-42fb-bdd7-ff1729b19247,사또상회,수산물,노량진수산시장골목형상점가,골목형상점가,서울특별시,3.0,3.0,,,RESOLVED_AGREEMENT,False,3,,,,
c84ec69e60d4dd65cb4a,val,수산물,T4 구어·문장,q_수산물_13,수산물 사는 데,식료품 중 '수산물'을 판매·제공하는 매장,fb2624dd-f80d-44e0-9c5b-8e62e7580400,차상회,수산물,부산공동어시장상점가,자율상권구역,부산광역시,3.0,3.0,,,RESOLVED_AGREEMENT,False,3,,,,
1f4ff1cb5a45c731d0ef,val,수산물,T4 구어·문장,q_수산물_13,수산물 사는 데,식료품 중 '수산물'을 판매·제공하는 매장,010c1855-b46f-4e37-b975-8115c4249b0f,용궁횟집,,자갈치시장,전통시장,부산광역시,3.0,2.0,,,P2_GRADED_ONLY,True,,,,,
f0be5c652a5f06039e0f,val,수산물,T4 구어·문장,q_수산물_13,수산물 사는 데,식료품 중 '수산물'을 판매·제공하는 매장,33e81ff4-2385-4ef3-96bf-6e9a9c75a4bb,수산시장,수산물,태화시장,전통시장,울산광역시,3.0,3.0,,,RESOLVED_AGREEMENT,False,3,,,,
9834150b7aaad87cc517,val,수산물,T4 구어·문장,q_수산물_13,수산물 사는 데,식료품 중 '수산물'을 판매·제공하는 매장,30d5afbc-fd4b-49bb-9e1c-2469652e5921,추씨어물점,어물,영천공설시장,전통시장,경상북도,3.0,0.0,,,P1_BINARY_THRESHOLD,True,,,,,
3dd8154aa38bde462e0c,val,수산물,T4 구어·문장,q_수산물_13,수산물 사는 데,식료품 중 '수산물'을 판매·제공하는 매장,ad6dc934-7610-4203-82d8-b11d2daa0fef,충남꽂게,수산물,노량진수산시장골목형상점가,골목형상점가,서울특별시,3.0,3.0,,,RESOLVED_AGREEMENT,False,3,,,,
959e9637871a63eb12a6,val,수산물,T4 구어·문장,q_수산물_13,수산물 사는 데,식료품 중 '수산물'을 판매·제공하는 매장,6b9969df-2eda-48e9-bb9d-5a879a4e68f6,중앙수산물,수산물,경주중앙시장,전통시장,경상북도,3.0,3.0,,,RESOLVED_AGREEMENT,False,3,,,,
ceda6aa23b36330ece0c,val,수산물,T4 구어·문장,q_수산물_13,수산물 사는 데,식료품 중 '수산물'을 판매·제공하는 매장,00298213-17ea-453a-b6e6-375d9ef636b6,대양농수산,농수산물,부평깡시장,전통시장,인천광역시,3.0,3.0,,,RESOLVED_AGREEMENT,False,3,,,,
993d6bf396c19225dfaa,val,수산물,T4 구어·문장,q_수산물_13,수산물 사는 데,식료품 중 '수산물'을 판매·제공하는 매장,a6a35c8e-0399-42eb-9626-fbb24da1d413,동검수산,수산물,강화풍물시장,전통시장,인천광역시,3.0,3.0,,,RESOLVED_AGREEMENT,False,3,,,,
b19c5f37e930afc9dcd4,val,수산물,T4 구어·문장,q_수산물_13,수산물 사는 데,식료품 중 '수산물'을 판매·제공하는 매장,00ba389b-e522-4da5-ac26-2ffaf33359ec,스시노유키,초밥,산본로데오거리(구 산본중심상가),자율상권구역,경기도,1.0,0.0,,,P2_GRADED_ONLY,True,,,,,
0b2d9959aa1dc5f8ee5b,val,수산물,T4 구어·문장,q_수산물_13,수산물 사는 데,식료품 중 '수산물'을 판매·제공하는 매장,7f04083d-f83e-4fd5-9e00-661c63e5cb84,원평농수산물,수산물,원마루시장,전통시장,충청북도,3.0,3.0,,,RESOLVED_AGREEMENT,False,3,,,,
cf79f0cd4a1e406c53cb,val,수산물,T4 구어·문장,q_수산물_13,수산물 사는 데,식료품 중 '수산물'을 판매·제공하는 매장,82c0edd5-bb6d-4e3b-8e47-a3cad97cea75,쑝쑝수산,수산물,통영 북신전통시장,전통시장,경상남도,3.0,3.0,,,RESOLVED_AGREEMENT,False,3,,,,
2c6b766b4c9451515207,val,수산물,T4 구어·문장,q_수산물_13,수산물 사는 데,식료품 중 '수산물'을 판매·제공하는 매장,b73e0346-121b-4092-9916-e4733992a989,돌수산,수산물,목포북항상점가,자율상권구역,전라남도,3.0,3.0,,,RESOLVED_AGREEMENT,False,3,,,,
ab6ef7331d6656ed5273,val,수산물,T4 구어·문장,q_수산물_13,수산물 사는 데,식료품 중 '수산물'을 판매·제공하는 매장,be319dc1-4d0e-4119-bbd0-f13ec10c4a5c,수정,수산물,묵호항자연산수산물판매시장,전통시장,강원특별자치도,3.0,3.0,,,RESOLVED_AGREEMENT,False,3,,,,
841ccbb6f3542c8eb1ab,val,수산물,T4 구어·문장,q_수산물_13,수산물 사는 데,식료품 중 '수산물'을 판매·제공하는 매장,9b21374d-b396-48aa-a602-207404c4dd0c,철현물산,수산물,서울중부시장,전통시장,서울특별시,3.0,3.0,,,RESOLVED_AGREEMENT,False,3,,,,
da71080f24f44475acb6,val,수산물,T4 구어·문장,q_수산물_13,수산물 사는 데,식료품 중 '수산물'을 판매·제공하는 매장,01286ec0-50e0-4540-b678-ec706fb3bcbb,설곰식당,식당,산업용재관,전통시장,대구광역시,1.0,0.0,,,P2_GRADED_ONLY,True,,,,,
0104c0e73dfa71e94f14,val,수산물,T4 구어·문장,q_수산물_13,수산물 사는 데,식료품 중 '수산물'을 판매·제공하는 매장,005eb589-94b0-4a7e-b4e4-ef8cf64b0762,스시쿄다이,일식,동홍8번가 골목형상점가,골목형상점가,제주특별자치도,1.0,0.0,,,P2_GRADED_ONLY,True,,,,,
3ccdcf4161c2586d52d3,val,수산물,T4 구어·문장,q_수산물_13,수산물 사는 데,식료품 중 '수산물'을 판매·제공하는 매장,a0abc246-2341-4454-aab1-f968da88a862,생선팜,수산물,의정부시장,전통시장,경기도,3.0,3.0,,,RESOLVED_AGREEMENT,False,3,,,,
262b2d05d6c642a42ae1,val,수산물,T4 구어·문장,q_수산물_13,수산물 사는 데,식료품 중 '수산물'을 판매·제공하는 매장,333fa307-f61c-45a8-a79b-93fff676095e,대명어물,어물,서귀포향토오일시장,전통시장,제주특별자치도,3.0,0.0,,,P1_BINARY_THRESHOLD,True,,,,,
46ccd70a173110bce2ca,val,수산물,T4 구어·문장,q_수산물_13,수산물 사는 데,식료품 중 '수산물'을 판매·제공하는 매장,8b874bfd-b23d-42e2-bb65-56624b7f35c6,율포도황수산,수산물,오치1동 골목형상점가,골목형상점가,광주광역시,3.0,3.0,,,RESOLVED_AGREEMENT,False,3,,,,
d1d0e5a9a82d263f6276,val,수산물,T4 구어·문장,q_수산물_13,수산물 사는 데,식료품 중 '수산물'을 판매·제공하는 매장,69a2b8c1-dfc1-4dad-aba9-e1396d59137f,삼익당한의원,한방의료서비스,용산용문시장,전통시장,서울특별시,0.0,0.0,,,RESOLVED_AGREEMENT,False,0,,,,
34395fa8c842326da33a,val,수산물,T4 구어·문장,q_수산물_13,수산물 사는 데,식료품 중 '수산물'을 판매·제공하는 매장,00a40df6-e218-4c9e-951f-b2c1a3ee676e,영흥수산,생선,가락몰골목형상점가,골목형상점가,서울특별시,3.0,3.0,,,RESOLVED_AGREEMENT,False,3,,,,
add5d4f91dd8466dc2de,val,수산물,T4 구어·문장,q_수산물_13,수산물 사는 데,식료품 중 '수산물'을 판매·제공하는 매장,0016aa1a-5730-45a0-b427-06b0f51fc005,든든한밥상,농수산물,화산면 골목형상점가,골목형상점가,전라남도,3.0,3.0,,,RESOLVED_AGREEMENT,False,3,,,,
6af789a109808750259f,val,수산물,T4 구어·문장,q_수산물_13,수산물 사는 데,식료품 중 '수산물'을 판매·제공하는 매장,69ccf875-ccb8-410e-9336-d2d8cd4be945,덕근수산,수산물,목포종합수산시장,전통시장,전라남도,3.0,3.0,,,RESOLVED_AGREEMENT,False,3,,,,
3819966a2827138a5577,val,수산물,T4 구어·문장,q_수산물_13,수산물 사는 데,식료품 중 '수산물'을 판매·제공하는 매장,320e80fc-5b67-4db1-916c-eb19f68ff2be,수산물공구,수산물,포항큰동해시장,전통시장,경상북도,3.0,3.0,,,RESOLVED_AGREEMENT,False,3,,,,
9ff6f5c69ffac88e63eb,val,수산물,T4 구어·문장,q_수산물_13,수산물 사는 데,식료품 중 '수산물'을 판매·제공하는 매장,002e7e87-5677-44ca-85c4-9e5b87e7994f,한양수산,생선,안중시장,전통시장,경기도,3.0,3.0,,,RESOLVED_AGREEMENT,False,3,,,,
d4e2b02e54d1efac6ddd,val,수산물,T4 구어·문장,q_수산물_13,수산물 사는 데,식료품 중 '수산물'을 판매·제공하는 매장,b7d619c5-c5d2-4d4a-86e9-0a274bc9c71b,수산시대,수산물,간석자유시장,전통시장,인천광역시,3.0,3.0,,,RESOLVED_AGREEMENT,False,3,,,,
9341d208617302e408f1,val,수산물,T4 구어·문장,q_수산물_13,수산물 사는 데,식료품 중 '수산물'을 판매·제공하는 매장,0004c5f7-95e0-45be-9f06-a705b8113ff0,의창수협67번중도매인,활어,진해 용원어시장상점가,자율상권구역,경상남도,3.0,0.0,,,P1_BINARY_THRESHOLD,True,,,,,
ffc31494d9eb55fcafd1,val,수산물,T4 구어·문장,q_수산물_13,수산물 사는 데,식료품 중 '수산물'을 판매·제공하는 매장,528a2096-1bac-4795-b37f-49d21759ccb7,섬활어,수산물,거제 고현시장,전통시장,경상남도,3.0,3.0,,,RESOLVED_AGREEMENT,False,3,,,,
a3fc79278c34d919a7b1,val,수산물,T4 구어·문장,q_수산물_13,수산물 사는 데,식료품 중 '수산물'을 판매·제공하는 매장,00779863-22b7-4378-adca-42362eff7e3f,장복횟집.수산,생선회,"안면도수산시장(구, 안면도장터)",전통시장,충청남도,3.0,3.0,,,RESOLVED_AGREEMENT,False,3,,,,
fe4c84914515b3a6487b,val,수산물,T4 구어·문장,q_수산물_13,수산물 사는 데,식료품 중 '수산물'을 판매·제공하는 매장,00cd5dee-c068-48da-bc58-a704d5fe8832,윤석수산,수산물 활어회 생선 게종류 젓갈 갑각류 해산물 등등,대공원시장,전통시장,대구광역시,3.0,3.0,,,RESOLVED_AGREEMENT,False,3,,,,
294ca970942b51d564eb,val,수산물,T4 구어·문장,q_수산물_13,수산물 사는 데,식료품 중 '수산물'을 판매·제공하는 매장,3526958d-da64-4c90-a75c-c55162fbe0d3,최씨어물전,,영천공설시장,전통시장,경상북도,3.0,0.0,,,P1_BINARY_THRESHOLD,True,,,,,
26e58d6938e5a3229c04,val,수산물,T4 구어·문장,q_수산물_13,수산물 사는 데,식료품 중 '수산물'을 판매·제공하는 매장,0f2761cc-59c9-4a9f-8519-887e898a6c21,대폭수산,수산물,포항죽도농산물시장,전통시장,경상북도,3.0,3.0,,,RESOLVED_AGREEMENT,False,3,,,,
a86020cd296df127dff6,val,수산물,T4 구어·문장,q_수산물_13,수산물 사는 데,식료품 중 '수산물'을 판매·제공하는 매장,0a70f140-03b3-4570-8220-04066c465f5d,굴과찜사랑,수산물,행당시장상점가,자율상권구역,서울특별시,3.0,3.0,,,RESOLVED_AGREEMENT,False,3,,,,
83d0837534c4e7013741,val,수산물,T4 구어·문장,q_수산물_13,수산물 사는 데,식료품 중 '수산물'을 판매·제공하는 매장,00fcc68d-3086-4b45-b998-f3763e8dbf7d,꼬치마요 산본역점(9호점),일식,산본로데오거리(구 산본중심상가),자율상권구역,경기도,1.0,0.0,,,P2_GRADED_ONLY,True,,,,,
08884953838f290706dc,val,수산물,T4 구어·문장,q_수산물_13,수산물 사는 데,식료품 중 '수산물'을 판매·제공하는 매장,7c6b532f-19ce-4235-a142-fcdbb2164d1b,사랑이네,수산물,(주)여수수산시장,전통시장,전라남도,3.0,3.0,,,RESOLVED_AGREEMENT,False,3,,,,
f1da20c90466c56cea33,val,수산물,T4 구어·문장,q_수산물_13,수산물 사는 데,식료품 중 '수산물'을 판매·제공하는 매장,bcc0357a-30b2-44a6-8442-67f894e2bf83,올포유 경남진주점,스포츠 의류 및 스포츠 용품,진주 중앙상점가,자율상권구역,경상남도,0.0,0.0,,,RESOLVED_AGREEMENT,False,0,,,,
00dc2971cfd2474018b0,val,수산물,T4 구어·문장,q_수산물_13,수산물 사는 데,식료품 중 '수산물'을 판매·제공하는 매장,0b0ed78a-b018-48dc-b5bf-1ac691e13d53,기남상회,채소,부전농수산물새벽시장,전통시장,부산광역시,2.0,3.0,,,P2_GRADED_ONLY,True,,,,,
324aa4051f7abe2c8a3e,val,수산물,T4 구어·문장,q_수산물_13,수산물 사는 데,식료품 중 '수산물'을 판매·제공하는 매장,530db691-3397-422e-91e7-969dae63e87e,제주맘,수산물,동문재래시장,전통시장,제주특별자치도,3.0,3.0,,,RESOLVED_AGREEMENT,False,3,,,,
84229b82b8d04d39bdb9,val,수산물,T4 구어·문장,q_수산물_13,수산물 사는 데,식료품 중 '수산물'을 판매·제공하는 매장,0d85c4c2-aa3d-483a-9875-297ffd5e0d98,수산물 직매장,수산물,기장시장 일원 자율상권구역,상권활성화구역,부산광역시,3.0,3.0,,,RESOLVED_AGREEMENT,False,3,,,,
74dca5f8a1d8e0974928,val,수산물,T4 구어·문장,q_수산물_13,수산물 사는 데,식료품 중 '수산물'을 판매·제공하는 매장,a42bd7e6-88b5-432c-b17c-58a56ae246f3,담꽈빙,일반음식,담양시장,전통시장,전라남도,0.0,0.0,,,RESOLVED_AGREEMENT,False,0,,,,
7ab115fd4f5609a0e757,val,수산물,T4 구어·문장,q_수산물_13,수산물 사는 데,식료품 중 '수산물'을 판매·제공하는 매장,b5b658e1-37a1-4d33-b506-79d073077a7d,수산마켓,수산물,노량진수산시장골목형상점가,골목형상점가,서울특별시,3.0,3.0,,,RESOLVED_AGREEMENT,False,3,,,,
9dc89d353ae4d7b87f2f,val,수산물,T4 구어·문장,q_수산물_13,수산물 사는 데,식료품 중 '수산물'을 판매·제공하는 매장,623060f1-cc6d-43a5-8bc2-5a1483e9889c,회떠,수산물,공주대학로 골목형 상점가,골목형상점가,충청남도,3.0,3.0,,,RESOLVED_AGREEMENT,False,3,,,,
72fde51cf85061cc0e99,val,수산물,T4 구어·문장,q_수산물_13,수산물 사는 데,식료품 중 '수산물'을 판매·제공하는 매장,0027eaf6-093b-4df4-9457-4f1081537ff3,충무꼭지횟집,횟집,초량전통시장,전통시장,부산광역시,1.0,2.0,,,P1_BINARY_THRESHOLD,True,,,,,
1a9641b1e031c819b2f2,val,수산물,T4 구어·문장,q_수산물_13,수산물 사는 데,식료품 중 '수산물'을 판매·제공하는 매장,f7991058-93ba-4e61-9370-bae3bb8bcda8,찬솔 수산,수산물,구월시장,전통시장,인천광역시,3.0,3.0,,,RESOLVED_AGREEMENT,False,3,,,,
dc19c7f6e1cbe677e72f,val,수산물,T4 구어·문장,q_수산물_13,수산물 사는 데,식료품 중 '수산물'을 판매·제공하는 매장,00527b0b-893c-4d64-862e-3ef8113d07fb,해선언니네,건어물,용상공설시장,전통시장,경상북도,3.0,3.0,,,RESOLVED_AGREEMENT,False,3,,,,
14ccde277234100a07e3,val,수산물,T4 구어·문장,q_수산물_13,수산물 사는 데,식료품 중 '수산물'을 판매·제공하는 매장,b73c597b-ad7b-4431-af35-802415dc7be8,스쿠바수산,수산물,대천항수산시장,전통시장,충청남도,3.0,3.0,,,RESOLVED_AGREEMENT,False,3,,,,
7ce24d3c0e3ddcf660da,val,수산물,T4 구어·문장,q_수산물_13,수산물 사는 데,식료품 중 '수산물'을 판매·제공하는 매장,157b5500-0d29-4386-9b14-b9d9f042e4ac,사랑수산,수산물,백사장항 골목형상점가,골목형상점가,충청남도,3.0,3.0,,,RESOLVED_AGREEMENT,False,3,,,,
275a64f15ca44d2c6dbf,val,수산물,T4 구어·문장,q_수산물_13,수산물 사는 데,식료품 중 '수산물'을 판매·제공하는 매장,004032ef-2ae7-4e97-ac30-b12a0869e930,시장횟집,횟집,광양매일시장(광양상설시장),전통시장,전라남도,1.0,2.0,,,P1_BINARY_THRESHOLD,True,,,,,
c1aab618a7fca7bc3fc2,val,수산물,T4 구어·문장,q_수산물_13,수산물 사는 데,식료품 중 '수산물'을 판매·제공하는 매장,47bb37ee-51f3-4aaf-9f21-7ff318f82ef3,홈수산,수산물,새미래 골목형상점가,골목형상점가,대전광역시,3.0,3.0,,,RESOLVED_AGREEMENT,False,3,,,,
e160f34e18f6d1677ff6,val,수산물,T4 구어·문장,q_수산물_13,수산물 사는 데,식료품 중 '수산물'을 판매·제공하는 매장,2f93fe93-50dd-4ffd-8915-e5047ee97f27,회뜬수산,수산물,소래포구전통어시장,전통시장,인천광역시,3.0,3.0,,,RESOLVED_AGREEMENT,False,3,,,,
6c72722c0b6889a84b50,val,수산물,T4 구어·문장,q_수산물_13,수산물 사는 데,식료품 중 '수산물'을 판매·제공하는 매장,764a259a-7a26-4bed-afbc-5ecdae39aceb,멋진소 예쁜돼지,한식,동먹골상가 골목형상점가,골목형상점가,대구광역시,0.0,0.0,,,RESOLVED_AGREEMENT,False,0,,,,
537cb039fb67b5a9a74e,val,수산물,T4 구어·문장,q_수산물_13,수산물 사는 데,식료품 중 '수산물'을 판매·제공하는 매장,40b5c17e-dd2a-4958-beb9-1773c007e977,사천만회수산,수산물,칠성본시장,전통시장,대구광역시,3.0,3.0,,,RESOLVED_AGREEMENT,False,3,,,,
f0953923dbd6687097dc,val,수산물,T4 구어·문장,q_수산물_13,수산물 사는 데,식료품 중 '수산물'을 판매·제공하는 매장,63bc7227-c40e-4131-9061-a94570f2591e,홍수산,수산물,중앙선어시장,전통시장,전라남도,3.0,3.0,,,RESOLVED_AGREEMENT,False,3,,,,
efa5f8dd63c84a836c1f,val,수산물,T4 구어·문장,q_수산물_13,수산물 사는 데,식료품 중 '수산물'을 판매·제공하는 매장,35f30d35-05c3-4dea-8e20-e2d3e59f1663,남광주 수산물,수산물,남광주시장,전통시장,광주광역시,3.0,3.0,,,RESOLVED_AGREEMENT,False,3,,,,
fc9573646c0242c360a4,val,수산물,T4 구어·문장,q_수산물_13,수산물 사는 데,식료품 중 '수산물'을 판매·제공하는 매장,f79ab8ca-cc2e-4b09-b298-265f305650d9,우정수산물,수산물,모슬포 중앙시장,전통시장,제주특별자치도,3.0,3.0,,,RESOLVED_AGREEMENT,False,3,,,,
f3f37574b9255052ec4c,val,수산물,T4 구어·문장,q_수산물_13,수산물 사는 데,식료품 중 '수산물'을 판매·제공하는 매장,99d55467-b3a1-419f-be5d-3d803a3d8468,돔수산,수산물,노은상가연합 골목형상점가,골목형상점가,대전광역시,3.0,3.0,,,RESOLVED_AGREEMENT,False,3,,,,
05f5c7f1be727daedbb6,val,수산물,T4 구어·문장,q_수산물_13,수산물 사는 데,식료품 중 '수산물'을 판매·제공하는 매장,32acf482-6940-4d15-8160-3971ea30a346,유람선,수산물,궁평항해오름수산시장,전통시장,경기도,3.0,3.0,,,RESOLVED_AGREEMENT,False,3,,,,
039f1bc5056b8cfb8f34,val,수산물,T4 구어·문장,q_수산물_13,수산물 사는 데,식료품 중 '수산물'을 판매·제공하는 매장,b0dbba95-1a63-4d49-9583-38b435cec73b,사임당화장품,화장품,부곡맛고을상가,자율상권구역,경상북도,0.0,0.0,,,RESOLVED_AGREEMENT,False,0,,,,
9d92333e4c208c2f8fe7,val,수산물,T4 구어·문장,q_수산물_13,수산물 사는 데,식료품 중 '수산물'을 판매·제공하는 매장,370ee592-00d8-4d50-854e-1417f0f0d838,진수산(수산물),수산물,신영시장,전통시장,서울특별시,3.0,3.0,,,RESOLVED_AGREEMENT,False,3,,,,
0968e9cc4605caf0d851,val,수산물,T4 구어·문장,q_수산물_13,수산물 사는 데,식료품 중 '수산물'을 판매·제공하는 매장,0292b763-b76e-4392-84be-70e197527b66,유니팝 미술학원 운암센터,교육서비스업,운암북문대로 골목형상점가,골목형상점가,광주광역시,0.0,0.0,,,RESOLVED_AGREEMENT,False,0,,,,
c3febb5f4a368b25a9dd,val,수산물,T4 구어·문장,q_수산물_13,수산물 사는 데,식료품 중 '수산물'을 판매·제공하는 매장,2788754c-875f-45bf-bde2-1e42bb941042,수산물 다루는 남자,과메기 건어물 수산물,구룡포시장,전통시장,경상북도,3.0,3.0,,,RESOLVED_AGREEMENT,False,3,,,,
87ae6da119562a7eba67,val,수산물,T4 구어·문장,q_수산물_13,수산물 사는 데,식료품 중 '수산물'을 판매·제공하는 매장,96d320fd-1704-42d5-b421-4dd10fd93020,옥분수산,수산물,양동수산시장,전통시장,,3.0,3.0,,,RESOLVED_AGREEMENT,False,3,,,,
7629e09fde7b2f4b0029,val,수산물,T4 구어·문장,q_수산물_13,수산물 사는 데,식료품 중 '수산물'을 판매·제공하는 매장,04f1d66a-c166-486a-8b68-eb154697517e,오빠수산,수산물,청주육거리종합시장,전통시장,충청북도,3.0,3.0,,,RESOLVED_AGREEMENT,False,3,,,,
b8d9ed1429b9f01d6575,val,수산물,T4 구어·문장,q_수산물_13,수산물 사는 데,식료품 중 '수산물'을 판매·제공하는 매장,a2dbd405-51a2-4844-ae21-647749ab7894,수형호수형수산,수산물,소래포구전통어시장,전통시장,인천광역시,3.0,3.0,,,RESOLVED_AGREEMENT,False,3,,,,
11efc754ab6edf96e402,val,수산물,T4 구어·문장,q_수산물_13,수산물 사는 데,식료품 중 '수산물'을 판매·제공하는 매장,0338c9e2-acfe-4b95-a627-b1ee62d800a4,준혁상회,수산물,진주 논개시장,전통시장,경상남도,3.0,3.0,,,RESOLVED_AGREEMENT,False,3,,,,
944dbef84e7e4ff5262b,val,수산물,T4 구어·문장,q_수산물_13,수산물 사는 데,식료품 중 '수산물'을 판매·제공하는 매장,dfeb745e-a4f8-40a8-b66c-4667f61444a8,대박수산물,수산물,군산공설시장,전통시장,전북특별자치도,3.0,3.0,,,RESOLVED_AGREEMENT,False,3,,,,
630c8deda961caf0cdce,val,수산물,T4 구어·문장,q_수산물_13,수산물 사는 데,식료품 중 '수산물'을 판매·제공하는 매장,10335c77-f96c-4824-bede-3ae859fc44ca,남태펑양,수산물,목포활어회플라자 상인회 골목형상점가,골목형상점가,전라남도,3.0,3.0,,,RESOLVED_AGREEMENT,False,3,,,,
971f8c1fc6bab3801651,val,수산물,T4 구어·문장,q_수산물_13,수산물 사는 데,식료품 중 '수산물'을 판매·제공하는 매장,a97588fa-ceaf-4258-8d6e-c665ed4d284a,수산마켓,수산물,원종고강제일시장(부천제일시장),전통시장,경기도,3.0,3.0,,,RESOLVED_AGREEMENT,False,3,,,,
1c21138dc5434f6f5efa,val,수산물,T4 구어·문장,q_수산물_13,수산물 사는 데,식료품 중 '수산물'을 판매·제공하는 매장,03e4487a-691d-4a9a-b876-7b63557e4eda,사기리수산,수산물,해미읍성전통시장,전통시장,충청남도,3.0,3.0,,,RESOLVED_AGREEMENT,False,3,,,,
87c378544699b732f933,val,수산물,T4 구어·문장,q_수산물_13,수산물 사는 데,식료품 중 '수산물'을 판매·제공하는 매장,dd2bdb77-8a80-4f9d-818e-1681badac833,미산,수산물,노량진수산시장골목형상점가,골목형상점가,서울특별시,3.0,3.0,,,RESOLVED_AGREEMENT,False,3,,,,
bd7298c26132d6d8500a,val,수산물,T4 구어·문장,q_수산물_13,수산물 사는 데,식료품 중 '수산물'을 판매·제공하는 매장,009fbffe-11b3-4eba-b65a-696f4f59f079,인어횟집,횟집,목포북항상점가,자율상권구역,전라남도,1.0,2.0,,,P1_BINARY_THRESHOLD,True,,,,,
1463f53baf73f65e79fc,val,수산물,T4 구어·문장,q_수산물_13,수산물 사는 데,식료품 중 '수산물'을 판매·제공하는 매장,013d58c8-33f8-4dbe-95de-801d22ea9505,민영활어공장 부천자유시장점,"회, 초밥",부천자유시장,전통시장,경기도,1.0,3.0,,,P1_BINARY_THRESHOLD,True,,,,,
66432a3d4fd9af3c22d5,val,수산물,T4 구어·문장,q_수산물_13,수산물 사는 데,식료품 중 '수산물'을 판매·제공하는 매장,000d55be-8181-4f45-827e-52082b2ae284,명희유통,건어물,성북시장,전통시장,부산광역시,3.0,3.0,,,RESOLVED_AGREEMENT,False,3,,,,
839f8202e0237f513a32,val,수산물,T4 구어·문장,q_수산물_13,수산물 사는 데,식료품 중 '수산물'을 판매·제공하는 매장,038f89c5-a204-4c80-9e31-9d22a3ba4c95,연스시,초밥,노은역 골목형상점가,골목형상점가,대전광역시,1.0,0.0,,,P2_GRADED_ONLY,True,,,,,
d971cf77d7065dfad240,val,수산물,T4 구어·문장,q_수산물_13,수산물 사는 데,식료품 중 '수산물'을 판매·제공하는 매장,00cc4859-307a-43ef-9654-2f6aa6fc404d,서산상회,생선,노량진수산시장골목형상점가,골목형상점가,서울특별시,3.0,3.0,,,RESOLVED_AGREEMENT,False,3,,,,
707fbd55bcd9af32b12d,val,수산물,T4 구어·문장,q_수산물_13,수산물 사는 데,식료품 중 '수산물'을 판매·제공하는 매장,0bf687ec-4ea8-4932-a2c4-401f28aab97f,중앙어물,어물,모슬포 중앙시장,전통시장,제주특별자치도,3.0,0.0,,,P1_BINARY_THRESHOLD,True,,,,,
6ed9e72dc79bfe0fbde6,val,수산물,T4 구어·문장,q_수산물_13,수산물 사는 데,식료품 중 '수산물'을 판매·제공하는 매장,007aece5-08b8-4eb0-b4c6-18d451eadcfd,영남상회,건어물,동쪽바다중앙시장(구 동해중앙시장),전통시장,강원특별자치도,3.0,3.0,,,RESOLVED_AGREEMENT,False,3,,,,
ddb2d8b650d4e8598bbc,val,수산물,T4 구어·문장,q_수산물_13,수산물 사는 데,식료품 중 '수산물'을 판매·제공하는 매장,03cbd591-5ee7-4f9b-842e-8dc427925406,신흥상회,어물,상주중앙시장,전통시장,경상북도,3.0,3.0,,,RESOLVED_AGREEMENT,False,3,,,,
fa896d1d44bb7bea2033,val,수산물,T4 구어·문장,q_수산물_13,수산물 사는 데,식료품 중 '수산물'을 판매·제공하는 매장,0c671de5-f2e6-4fa7-b2ba-3b9dc3e546a5,수산상회,수산물,노량진수산시장골목형상점가,골목형상점가,서울특별시,3.0,3.0,,,RESOLVED_AGREEMENT,False,3,,,,
6159786b30b3f82e2b72,val,수산물,T4 구어·문장,q_수산물_13,수산물 사는 데,식료품 중 '수산물'을 판매·제공하는 매장,515b1c2a-8c96-4906-9a24-f1388a5367ad,연회,수산물,수완이지더원 골목형상점가,골목형상점가,광주광역시,3.0,3.0,,,RESOLVED_AGREEMENT,False,3,,,,
cd1a73654c2313f30f13,val,수산물,T4 구어·문장,q_수산물_13,수산물 사는 데,식료품 중 '수산물'을 판매·제공하는 매장,c243312b-35b4-413d-bcb4-103c19cb91da,만물,수산물,노량진수산시장골목형상점가,골목형상점가,서울특별시,3.0,3.0,,,RESOLVED_AGREEMENT,False,3,,,,
a1a247792e96eba848b7,val,수산물,T4 구어·문장,q_수산물_13,수산물 사는 데,식료품 중 '수산물'을 판매·제공하는 매장,a28bd498-09a4-4baa-b47b-05e9b4159620,사거리해산물,수산물,마산 진동전통시장,전통시장,경상남도,3.0,3.0,,,RESOLVED_AGREEMENT,False,3,,,,
4855f4789658f23c6315,val,수산물,T4 구어·문장,q_수산물_13,수산물 사는 데,식료품 중 '수산물'을 판매·제공하는 매장,004d071d-dda6-41e4-9fcb-7c74c8f8ef0f,영남상회,건어물,수영팔도시장(구 수영팔도상가시장),전통시장,부산광역시,3.0,3.0,,,RESOLVED_AGREEMENT,False,3,,,,
83af2b9c09941f804d49,val,수산물,T4 구어·문장,q_수산물_13,수산물 사는 데,식료품 중 '수산물'을 판매·제공하는 매장,009b69b5-365a-4958-87e7-f224f253b92a,동문올레횟집,횟집,동문수산시장,전통시장,제주특별자치도,1.0,2.0,,,P1_BINARY_THRESHOLD,True,,,,,
c8d62d140c5efb80281e,val,수산물,T4 구어·문장,q_수산물_13,수산물 사는 데,식료품 중 '수산물'을 판매·제공하는 매장,c01f623f-df42-4a67-a15c-2615a33e005f,해뜨는 수산,수산물,격포어촌계 골목형상점가,골목형상점가,전북특별자치도,3.0,3.0,,,RESOLVED_AGREEMENT,False,3,,,,
fb9ea7193b994a1db35c,val,수산물,T4 구어·문장,q_수산물_13,수산물 사는 데,식료품 중 '수산물'을 판매·제공하는 매장,cdc41329-ac98-4b31-b3c8-52ff48613377,수산물횟집,"회, 수산물",거진전통시장,전통시장,강원특별자치도,3.0,3.0,,,RESOLVED_AGREEMENT,False,3,,,,
1d9927867c0cb259bb3d,val,수산물,T4 구어·문장,q_수산물_13,수산물 사는 데,식료품 중 '수산물'을 판매·제공하는 매장,1a99e1f9-a3b3-486d-b2f7-e358f286bb95,감게무량,수산물,팔달신시장,전통시장,대구광역시,3.0,3.0,,,RESOLVED_AGREEMENT,False,3,,,,
c4d58d14bc391ce3382c,val,수산물,T4 구어·문장,q_수산물_13,수산물 사는 데,식료품 중 '수산물'을 판매·제공하는 매장,9f6d557a-7010-47ef-bef3-8fe3f1568fe5,수산물 판매장 3호,수산물,격포어촌계 골목형상점가,골목형상점가,전북특별자치도,3.0,3.0,,,RESOLVED_AGREEMENT,False,3,,,,
530919389a0630c89e54,val,수산물,T4 구어·문장,q_수산물_13,수산물 사는 데,식료품 중 '수산물'을 판매·제공하는 매장,b2ba525d-999b-43a1-b6ef-046cc82349de,숟갈젓갈,수산물,지도젓갈타운 골목형상점가,골목형상점가,전라남도,3.0,3.0,,,RESOLVED_AGREEMENT,False,3,,,,
7de8644501855268e1f1,val,수산물,T4 구어·문장,q_수산물_13,수산물 사는 데,식료품 중 '수산물'을 판매·제공하는 매장,eb27f0ec-48a7-4dbc-acc9-ead762d4ab15,호님상회,수산물,목포종합수산시장,전통시장,전라남도,3.0,3.0,,,RESOLVED_AGREEMENT,False,3,,,,
190160a6fbe44d12d77a,val,수산물,T4 구어·문장,q_수산물_13,수산물 사는 데,식료품 중 '수산물'을 판매·제공하는 매장,0333f16c-ff56-4e80-a1c7-dd77a81300df,로봇초밥마켓 과천래미안점,초밥,과천슈르탑 골목형상점가,골목형상점가,경기도,1.0,0.0,,,P2_GRADED_ONLY,True,,,,,
f2de776ce37a3e0c2c65,val,수산물,T4 구어·문장,q_수산물_13,수산물 사는 데,식료품 중 '수산물'을 판매·제공하는 매장,016ddf29-de07-40e1-a642-8c2a45a6f19d,연희어시장,횟집,연희로 골목형상점가,골목형상점가,인천광역시,1.0,2.0,,,P1_BINARY_THRESHOLD,True,,,,,
08905871555f9cbdb728,val,수산물,T4 구어·문장,q_수산물_13,수산물 사는 데,식료품 중 '수산물'을 판매·제공하는 매장,00e04e3d-cb00-4d64-a13d-a9c02f9a4fc8,대림수산,활어,자갈치시장,전통시장,부산광역시,3.0,3.0,,,RESOLVED_AGREEMENT,False,3,,,,
2d53350e1d3009988800,val,수산물,T4 구어·문장,q_수산물_13,수산물 사는 데,식료품 중 '수산물'을 판매·제공하는 매장,83e7c569-3b32-44ae-8d26-dc8aaa430574,대박생선,수산물,대왕암 월봉시장,전통시장,울산광역시,3.0,3.0,,,RESOLVED_AGREEMENT,False,3,,,,
fbce1989652038979313,val,수산물,T4 구어·문장,q_수산물_13,수산물 사는 데,식료품 중 '수산물'을 판매·제공하는 매장,9241b17b-0d6b-44ef-95a6-8a090fb27a55,수산마트,수산물,동원전통시장상점가,자율상권구역,서울특별시,3.0,3.0,,,RESOLVED_AGREEMENT,False,3,,,,
8e4cf5808250fbf1f21e,val,수산물,T4 구어·문장,q_수산물_13,수산물 사는 데,식료품 중 '수산물'을 판매·제공하는 매장,65ef63c5-3d1d-4563-963a-bfab4f84f794,으악새수산,수산물,가락몰골목형상점가,골목형상점가,서울특별시,3.0,3.0,,,RESOLVED_AGREEMENT,False,3,,,,
138c94128995efd03cb4,val,수산물,T4 구어·문장,q_수산물_13,수산물 사는 데,식료품 중 '수산물'을 판매·제공하는 매장,0fc5fae1-b1d8-436d-8647-3ffe6934b424,사강생선,수산물,용남시장,전통시장,인천광역시,3.0,3.0,,,RESOLVED_AGREEMENT,False,3,,,,
d437ed2132161bd7ea12,val,수산물,T4 구어·문장,q_수산물_13,수산물 사는 데,식료품 중 '수산물'을 판매·제공하는 매장,008cfdc1-610a-407a-a03b-4c6dae7106f4,주영수산,활어,목포북항상점가,자율상권구역,전라남도,3.0,3.0,,,RESOLVED_AGREEMENT,False,3,,,,
d63b6434f2a7eeb954b9,val,수산물,T4 구어·문장,q_수산물_13,수산물 사는 데,식료품 중 '수산물'을 판매·제공하는 매장,62e0474e-8456-47ce-8002-0bf68eeef7e1,현승 수산,수산물,인천종합어시장,전통시장,인천광역시,3.0,3.0,,,RESOLVED_AGREEMENT,False,3,,,,
0ae0eed79152cb5dac63,val,수산물,T4 구어·문장,q_수산물_13,수산물 사는 데,식료품 중 '수산물'을 판매·제공하는 매장,df79c67e-b4bc-4bc1-9989-66267be7da31,봉균수산,수산물,강서수산시장골목형상점가,골목형상점가,서울특별시,3.0,3.0,,,RESOLVED_AGREEMENT,False,3,,,,
1a5ccfe234d6c8a057d1,val,수산물,T4 구어·문장,q_수산물_13,수산물 사는 데,식료품 중 '수산물'을 판매·제공하는 매장,01afaafa-2a46-4977-8015-55762957ee7a,다래초밥,초밥,동문동 골목형상점가,골목형상점가,충청남도,1.0,0.0,,,P2_GRADED_ONLY,True,,,,,
a0dd518604d1c2e58074,val,수산물,T4 구어·문장,q_수산물_13,수산물 사는 데,식료품 중 '수산물'을 판매·제공하는 매장,28a4ed7c-ee5a-4ad9-998c-c55148d01ed2,이삭수산,수산물,거진전통시장,전통시장,강원특별자치도,3.0,3.0,,,RESOLVED_AGREEMENT,False,3,,,,
4f71cae2d6052bcc44ef,val,수산물,T4 구어·문장,q_수산물_13,수산물 사는 데,식료품 중 '수산물'을 판매·제공하는 매장,516ae3db-14ed-4877-97b0-f23059ce8bfd,전라 수산,수산물,전주신중앙시장(구 중앙버드나무시장),전통시장,전북특별자치도,3.0,3.0,,,RESOLVED_AGREEMENT,False,3,,,,
36743fc4c415c53d1228,val,수산물,T4 구어·문장,q_수산물_13,수산물 사는 데,식료품 중 '수산물'을 판매·제공하는 매장,0130dbd3-b9ea-43f4-98fd-26d8afd90b78,모래내시장순대,식당,전주모래내시장,전통시장,전북특별자치도,1.0,0.0,,,P2_GRADED_ONLY,True,,,,,
da6bbfe086ab3233e5e7,val,수산물,T4 구어·문장,q_수산물_13,수산물 사는 데,식료품 중 '수산물'을 판매·제공하는 매장,6e9bad4d-595b-4657-ba61-36861598ca7b,정직수산,수산물,중곡제일골목시장(중곡제일전통시장),전통시장,서울특별시,3.0,3.0,,,RESOLVED_AGREEMENT,False,3,,,,
9791ecc067a7549c0ade,val,수산물,T4 구어·문장,q_수산물_13,수산물 사는 데,식료품 중 '수산물'을 판매·제공하는 매장,2d5f3edf-8246-47ab-908c-a4297de2da37,갈릴리 수산물 도매,수산물,죽도어시장,전통시장,경상북도,3.0,3.0,,,RESOLVED_AGREEMENT,False,3,,,,
452ec0d8c48abbcd803e,val,수산물,T4 구어·문장,q_수산물_13,수산물 사는 데,식료품 중 '수산물'을 판매·제공하는 매장,2e9487ee-4825-4ee1-9b41-5777d0a99d6e,워싱턴수산,수산물,남광주시장,전통시장,,3.0,3.0,,,RESOLVED_AGREEMENT,False,3,,,,
7d9ad23ac052ee6a1ccb,val,수산물,T4 구어·문장,q_수산물_13,수산물 사는 데,식료품 중 '수산물'을 판매·제공하는 매장,00bd252b-19f9-4e9a-bf26-b45280bb84ae,선옥상회,생선,고성 공룡시장,전통시장,경상남도,3.0,3.0,,,RESOLVED_AGREEMENT,False,3,,,,
f40f38550ab801b22677,val,수산물,T4 구어·문장,q_수산물_13,수산물 사는 데,식료품 중 '수산물'을 판매·제공하는 매장,fc99b06d-341b-491e-b33a-2b7157dd7d38,창근수산,수산물,영광터미널시장,전통시장,전라남도,3.0,3.0,,,RESOLVED_AGREEMENT,False,3,,,,
b4943cd4f20f7fccc95f,val,수산물,T4 구어·문장,q_수산물_13,수산물 사는 데,식료품 중 '수산물'을 판매·제공하는 매장,00f60c16-d8be-497f-80f2-aab3209a8d0e,포카포카,식당,전남여고후문 골목형상점가,골목형상점가,광주광역시,1.0,0.0,,,P2_GRADED_ONLY,True,,,,,
0993797d2a6ff126b7bf,val,수산물,T4 구어·문장,q_수산물_13,수산물 사는 데,식료품 중 '수산물'을 판매·제공하는 매장,aca09e66-64c2-4867-a84b-36baf51e1dc8,수산물센타,수산물,화천재래시장,전통시장,강원특별자치도,3.0,3.0,,,RESOLVED_AGREEMENT,False,3,,,,
2820b374c74e55f84c4f,val,수산물,T4 구어·문장,q_수산물_13,수산물 사는 데,식료품 중 '수산물'을 판매·제공하는 매장,cc5350e1-229f-4d9c-a431-4c09701df79f,황덕호,수산물,소래포구전통어시장,전통시장,인천광역시,3.0,3.0,,,RESOLVED_AGREEMENT,False,3,,,,
f9576e31c4a5a45d2301,val,수산물,T4 구어·문장,q_수산물_13,수산물 사는 데,식료품 중 '수산물'을 판매·제공하는 매장,d5ca4624-2e65-4413-b768-0e03a3068bac,리얼수산,수산물,남성사계시장,전통시장,서울특별시,3.0,3.0,,,RESOLVED_AGREEMENT,False,3,,,,
2ab352c2a0c5313980b6,val,수산물,T4 구어·문장,q_수산물_13,수산물 사는 데,식료품 중 '수산물'을 판매·제공하는 매장,d1793f57-57be-4262-8291-b7422a6196bc,사랑도횟집,수산물,자갈치시장,전통시장,부산광역시,3.0,3.0,,,RESOLVED_AGREEMENT,False,3,,,,
5d7258f499bad2263485,val,수산물,T4 구어·문장,q_수산물_13,수산물 사는 데,식료품 중 '수산물'을 판매·제공하는 매장,a8a490f7-2a1e-4f3c-909b-4fc5bf2c5f2f,유참치,수산물,남대문시장,전통시장,서울특별시,3.0,3.0,,,RESOLVED_AGREEMENT,False,3,,,,
bb1ae0fe69defd9c2861,val,수산물,T4 구어·문장,q_수산물_13,수산물 사는 데,식료품 중 '수산물'을 판매·제공하는 매장,d256136f-6e35-40c3-8d6f-2e0fcb5ba703,회뜨는 삼촌,수산물,원마루시장,전통시장,충청북도,3.0,3.0,,,RESOLVED_AGREEMENT,False,3,,,,
5fb6f3a061752df52377,val,수산물,T4 구어·문장,q_수산물_14,해산물 파는 곳,식료품 중 '수산물'을 판매·제공하는 매장,76a3551b-dae4-4326-92cc-662015aedbfb,쉴 곳,한식,칠성로상점가,자율상권구역,제주특별자치도,0.0,0.0,,,RESOLVED_AGREEMENT,False,0,,,,
803361ab527f5573cd0e,val,수산물,T4 구어·문장,q_수산물_14,해산물 파는 곳,식료품 중 '수산물'을 판매·제공하는 매장,00cd5dee-c068-48da-bc58-a704d5fe8832,윤석수산,수산물 활어회 생선 게종류 젓갈 갑각류 해산물 등등,대공원시장,전통시장,대구광역시,3.0,3.0,,,RESOLVED_AGREEMENT,False,3,,,,
a039fa488469d874e3b0,val,수산물,T4 구어·문장,q_수산물_14,해산물 파는 곳,식료품 중 '수산물'을 판매·제공하는 매장,013d58c8-33f8-4dbe-95de-801d22ea9505,민영활어공장 부천자유시장점,"회, 초밥",부천자유시장,전통시장,경기도,1.0,3.0,,,P1_BINARY_THRESHOLD,True,,,,,
a9f2a74c26c212a138df,val,수산물,T4 구어·문장,q_수산물_14,해산물 파는 곳,식료품 중 '수산물'을 판매·제공하는 매장,35b9a58f-7cb1-45d9-990e-89675412b1c4,완도집,해산물,영천시장,전통시장,서울특별시,3.0,3.0,,,RESOLVED_AGREEMENT,False,3,,,,
bd906a135cdd8838e8aa,val,수산물,T4 구어·문장,q_수산물_14,해산물 파는 곳,식료품 중 '수산물'을 판매·제공하는 매장,a92cd8d9-6f93-44b4-98be-75a18acb1667,바다포차,해산물,안양중앙시장,전통시장,경기도,3.0,3.0,,,RESOLVED_AGREEMENT,False,3,,,,
e0ae6b9dbdb2e79cba29,val,수산물,T4 구어·문장,q_수산물_14,해산물 파는 곳,식료품 중 '수산물'을 판매·제공하는 매장,c51cbfe8-f19d-4c8c-b893-0c5a9baf83b2,아!청춘을적신다,해산물,운남7단지먹자거리 골목형상점가,골목형상점가,광주광역시,3.0,3.0,,,RESOLVED_AGREEMENT,False,3,,,,
e8fefbba2c14c43ecfaa,val,수산물,T4 구어·문장,q_수산물_14,해산물 파는 곳,식료품 중 '수산물'을 판매·제공하는 매장,b069cbf1-b1a9-43ab-a4b9-35e7ef2f6605,회타운,해산물,조원동상인연합회 골목형상점가,골목형상점가,경기도,3.0,3.0,,,RESOLVED_AGREEMENT,False,3,,,,
5ab4a371d1027f6c4854,val,수산물,T4 구어·문장,q_수산물_14,해산물 파는 곳,식료품 중 '수산물'을 판매·제공하는 매장,0004c5f7-95e0-45be-9f06-a705b8113ff0,의창수협67번중도매인,활어,진해 용원어시장상점가,자율상권구역,경상남도,3.0,0.0,,,P1_BINARY_THRESHOLD,True,,,,,
8b80f0112462050ed642,val,수산물,T4 구어·문장,q_수산물_14,해산물 파는 곳,식료품 중 '수산물'을 판매·제공하는 매장,2827ddee-256b-4aa7-ac52-248a84818771,벌교해산물,해산물,순천역전시장상가,자율상권구역,전라남도,3.0,3.0,,,RESOLVED_AGREEMENT,False,3,,,,
a707586385ea73b567a2,val,수산물,T4 구어·문장,q_수산물_14,해산물 파는 곳,식료품 중 '수산물'을 판매·제공하는 매장,58da5bf1-394e-47ba-abf5-94805807e50f,착한해물,해산물,용봉IC 골목형상점가,골목형상점가,광주광역시,3.0,3.0,,,RESOLVED_AGREEMENT,False,3,,,,
fe1a0180a2f1f9c87aca,val,수산물,T4 구어·문장,q_수산물_14,해산물 파는 곳,식료품 중 '수산물'을 판매·제공하는 매장,e55f75f3-26bf-4dba-9e87-15ff7cf4b4da,삼성해물,해산물,청주육거리종합시장,전통시장,충청북도,3.0,3.0,,,RESOLVED_AGREEMENT,False,3,,,,
47d9e36247945bd78d3e,val,수산물,T4 구어·문장,q_수산물_14,해산물 파는 곳,식료품 중 '수산물'을 판매·제공하는 매장,9e48f3b8-2eea-4bae-a9ce-031b50b3884d,샤론,의류,극동종합상가 골목형상점가,골목형상점가,서울특별시,0.0,0.0,,,RESOLVED_AGREEMENT,False,0,,,,
d6eb190726835266eeee,val,수산물,T4 구어·문장,q_수산물_14,해산물 파는 곳,식료품 중 '수산물'을 판매·제공하는 매장,68f1b8c3-648f-4b9d-bd31-225c07068ea4,돼지조개,해산물,창원 반송시장,전통시장,경상남도,3.0,3.0,,,RESOLVED_AGREEMENT,False,3,,,,
f809aac51e01a9460b55,val,수산물,T4 구어·문장,q_수산물_14,해산물 파는 곳,식료품 중 '수산물'을 판매·제공하는 매장,ea9738a6-349a-4a1c-8d03-9b5bfe474ee5,빛나는 바다,해산물,수락산디자인거리 골목형상점가,골목형상점가,서울특별시,3.0,3.0,,,RESOLVED_AGREEMENT,False,3,,,,
5aa9efa66f0bf97fa426,val,수산물,T4 구어·문장,q_수산물_14,해산물 파는 곳,식료품 중 '수산물'을 판매·제공하는 매장,001ec0bf-0eda-4aa8-8efc-a90930649cf5,원프룻,농수산물,정이있는 구포시장,전통시장,부산광역시,3.0,3.0,,,RESOLVED_AGREEMENT,False,3,,,,
feffe32465c843cf618d,val,수산물,T4 구어·문장,q_수산물_14,해산물 파는 곳,식료품 중 '수산물'을 판매·제공하는 매장,00bd252b-19f9-4e9a-bf26-b45280bb84ae,선옥상회,생선,고성 공룡시장,전통시장,경상남도,3.0,3.0,,,RESOLVED_AGREEMENT,False,3,,,,
45aa99e34b1a77503b60,val,수산물,T4 구어·문장,q_수산물_14,해산물 파는 곳,식료품 중 '수산물'을 판매·제공하는 매장,ba51c21a-ba2a-421a-80da-695b00bd127c,루키초밥,해산물,월산로상인회 골목형상점가,골목형상점가,광주광역시,3.0,3.0,,,RESOLVED_AGREEMENT,False,3,,,,
3917450525f0b8877ee9,val,수산물,T4 구어·문장,q_수산물_14,해산물 파는 곳,식료품 중 '수산물'을 판매·제공하는 매장,007aece5-08b8-4eb0-b4c6-18d451eadcfd,영남상회,건어물,동쪽바다중앙시장(구 동해중앙시장),전통시장,강원특별자치도,3.0,3.0,,,RESOLVED_AGREEMENT,False,3,,,,
cdb2c962c9cce8e7921e,val,수산물,T4 구어·문장,q_수산물_14,해산물 파는 곳,식료품 중 '수산물'을 판매·제공하는 매장,44778a69-5876-4538-9256-7313102dca47,해산물과 전한판,"전, 해산물",수완머그로 골목형상점가,골목형상점가,광주광역시,3.0,3.0,,,RESOLVED_AGREEMENT,False,3,,,,
9427119fef4a87666a64,val,수산물,T4 구어·문장,q_수산물_14,해산물 파는 곳,식료품 중 '수산물'을 판매·제공하는 매장,038f89c5-a204-4c80-9e31-9d22a3ba4c95,연스시,초밥,노은역 골목형상점가,골목형상점가,대전광역시,1.0,0.0,,,P2_GRADED_ONLY,True,,,,,
46d8319d3c70ef5eb2fe,val,수산물,T4 구어·문장,q_수산물_14,해산물 파는 곳,식료품 중 '수산물'을 판매·제공하는 매장,6770b58d-d1cf-41d0-b626-9135cc1e2479,주식회사 해화,해산물,쫑포상가 골목형상점가,골목형상점가,전라남도,3.0,3.0,,,RESOLVED_AGREEMENT,False,3,,,,
acf4aaefe1ba5047a3f4,val,수산물,T4 구어·문장,q_수산물_14,해산물 파는 곳,식료품 중 '수산물'을 판매·제공하는 매장,000d55be-8181-4f45-827e-52082b2ae284,명희유통,건어물,성북시장,전통시장,부산광역시,3.0,3.0,,,RESOLVED_AGREEMENT,False,3,,,,
52a63a5a34e709ed7785,val,수산물,T4 구어·문장,q_수산물_14,해산물 파는 곳,식료품 중 '수산물'을 판매·제공하는 매장,005429a3-030e-492f-973c-1d5842eeac56,미래횟집,활어,사천 삼천포용궁수산시장,전통시장,경상남도,3.0,2.0,,,P2_GRADED_ONLY,True,,,,,
a75c440f240806e0b018,val,수산물,T4 구어·문장,q_수산물_14,해산물 파는 곳,식료품 중 '수산물'을 판매·제공하는 매장,b2209226-e503-4588-a041-584bbd9933b6,해안선,해산물,매탄중심상가 골목형상점가,골목형상점가,경기도,3.0,3.0,,,RESOLVED_AGREEMENT,False,3,,,,
4796bdfa7a34c9c54e1d,val,수산물,T4 구어·문장,q_수산물_14,해산물 파는 곳,식료품 중 '수산물'을 판매·제공하는 매장,3adbefec-0d50-419a-9fa4-3ea9cd13a77d,안성해물,해산물,노량진수산시장골목형상점가,골목형상점가,서울특별시,3.0,3.0,,,RESOLVED_AGREEMENT,False,3,,,,
2fb4eecd5db024769897,val,수산물,T4 구어·문장,q_수산물_14,해산물 파는 곳,식료품 중 '수산물'을 판매·제공하는 매장,899af6fc-93b0-49d9-871a-0f7f97817ffd,어부정,해산물,마산가고파수산시장,전통시장,경상남도,3.0,3.0,,,RESOLVED_AGREEMENT,False,3,,,,
d368d6c81fcfa26fd4e5,val,수산물,T4 구어·문장,q_수산물_14,해산물 파는 곳,식료품 중 '수산물'을 판매·제공하는 매장,0016aa1a-5730-45a0-b427-06b0f51fc005,든든한밥상,농수산물,화산면 골목형상점가,골목형상점가,전라남도,3.0,3.0,,,RESOLVED_AGREEMENT,False,3,,,,
e53dd8a8ec786353d784,val,수산물,T4 구어·문장,q_수산물_14,해산물 파는 곳,식료품 중 '수산물'을 판매·제공하는 매장,333fa307-f61c-45a8-a79b-93fff676095e,대명어물,어물,서귀포향토오일시장,전통시장,제주특별자치도,3.0,0.0,,,P1_BINARY_THRESHOLD,True,,,,,
d59870da637167c74797,val,수산물,T4 구어·문장,q_수산물_14,해산물 파는 곳,식료품 중 '수산물'을 판매·제공하는 매장,0184d57c-b046-41ed-b40b-54148376f271,사계절,해산물,풍암벚꽃길상인회 골목형상점가,골목형상점가,광주광역시,3.0,3.0,,,RESOLVED_AGREEMENT,False,3,,,,
1a6dcd3d0a2b197e257b,val,수산물,T4 구어·문장,q_수산물_14,해산물 파는 곳,식료품 중 '수산물'을 판매·제공하는 매장,00ba389b-e522-4da5-ac26-2ffaf33359ec,스시노유키,초밥,산본로데오거리(구 산본중심상가),자율상권구역,경기도,1.0,0.0,,,P2_GRADED_ONLY,True,,,,,
eb4c194ae330384d8f43,val,수산물,T4 구어·문장,q_수산물_14,해산물 파는 곳,식료품 중 '수산물'을 판매·제공하는 매장,f611aa53-e25b-40e3-b7ea-6dee91d055a1,시로미,해산물,일곡동(제9지역:커피의 거리),골목형상점가,광주광역시,3.0,3.0,,,RESOLVED_AGREEMENT,False,3,,,,
ccf5eefc6310b248e15d,val,수산물,T4 구어·문장,q_수산물_14,해산물 파는 곳,식료품 중 '수산물'을 판매·제공하는 매장,00356e71-7b15-4a42-be60-f232011707b8,유한회사 덕재건재,건어물,가락몰골목형상점가,골목형상점가,서울특별시,3.0,3.0,,,RESOLVED_AGREEMENT,False,3,,,,
96654c7e38087ab6fb81,val,수산물,T4 구어·문장,q_수산물_14,해산물 파는 곳,식료품 중 '수산물'을 판매·제공하는 매장,bfe0f34a-908c-40a1-aa04-055825e53da5,황재조개궁녀,해산물,마산어시장,전통시장,경상남도,3.0,3.0,,,RESOLVED_AGREEMENT,False,3,,,,
8461a2d55e2083e08abe,val,수산물,T4 구어·문장,q_수산물_14,해산물 파는 곳,식료품 중 '수산물'을 판매·제공하는 매장,47f89ae8-af3e-46b7-8f18-262cbb449a33,통통배,해산물,염주먹자골목B구역상인회 골목형상점가,골목형상점가,광주광역시,3.0,3.0,,,RESOLVED_AGREEMENT,False,3,,,,
8eda18e0c51f37c15026,val,수산물,T4 구어·문장,q_수산물_14,해산물 파는 곳,식료품 중 '수산물'을 판매·제공하는 매장,016ddf29-de07-40e1-a642-8c2a45a6f19d,연희어시장,횟집,연희로 골목형상점가,골목형상점가,인천광역시,1.0,2.0,,,P1_BINARY_THRESHOLD,True,,,,,
9bc8247868c38113abb1,val,수산물,T4 구어·문장,q_수산물_14,해산물 파는 곳,식료품 중 '수산물'을 판매·제공하는 매장,00a40df6-e218-4c9e-951f-b2c1a3ee676e,영흥수산,생선,가락몰골목형상점가,골목형상점가,서울특별시,3.0,3.0,,,RESOLVED_AGREEMENT,False,3,,,,
8f5155607da482688e0e,val,수산물,T4 구어·문장,q_수산물_14,해산물 파는 곳,식료품 중 '수산물'을 판매·제공하는 매장,00298213-17ea-453a-b6e6-375d9ef636b6,대양농수산,농수산물,부평깡시장,전통시장,인천광역시,3.0,3.0,,,RESOLVED_AGREEMENT,False,3,,,,
b7b6e98beffcd123f24b,val,수산물,T4 구어·문장,q_수산물_14,해산물 파는 곳,식료품 중 '수산물'을 판매·제공하는 매장,f84c9685-2aaf-4cf6-a2ab-51f7e19dd840,삼바리,해산물,봉명동우산거리 골목형상점가,골목형상점가,대전광역시,3.0,3.0,,,RESOLVED_AGREEMENT,False,3,,,,
912d9e482b56dffcf0bd,val,수산물,T4 구어·문장,q_수산물_14,해산물 파는 곳,식료품 중 '수산물'을 판매·제공하는 매장,300eeb90-4760-42b8-9de1-a4b66f4463ac,달인해산물,해산물,서귀포매일올레시장,전통시장,제주특별자치도,3.0,3.0,,,RESOLVED_AGREEMENT,False,3,,,,
905a88b601b5abe74871,val,수산물,T4 구어·문장,q_수산물_14,해산물 파는 곳,식료품 중 '수산물'을 판매·제공하는 매장,789b1367-9da6-4b76-86c2-fdf96e5fedad,똥광,해산물,팔등로기부거리,골목형상점가,울산광역시,3.0,3.0,,,RESOLVED_AGREEMENT,False,3,,,,
5911b26455c024a61f6d,val,수산물,T4 구어·문장,q_수산물_14,해산물 파는 곳,식료품 중 '수산물'을 판매·제공하는 매장,77dc91df-69fe-447b-9766-7ca8be2f7912,우리해산물,해산물,서귀포매일올레시장,전통시장,제주특별자치도,3.0,3.0,,,RESOLVED_AGREEMENT,False,3,,,,
afadd817d55405662b4d,val,수산물,T4 구어·문장,q_수산물_14,해산물 파는 곳,식료품 중 '수산물'을 판매·제공하는 매장,7f7b5990-f8ca-42e0-9e7e-8843c320c406,남도,해산물,조원복길골목형상점가,골목형상점가,서울특별시,3.0,3.0,,,RESOLVED_AGREEMENT,False,3,,,,
9fa279ad55492b03ef2d,val,수산물,T4 구어·문장,q_수산물_14,해산물 파는 곳,식료품 중 '수산물'을 판매·제공하는 매장,009b69b5-365a-4958-87e7-f224f253b92a,동문올레횟집,횟집,동문수산시장,전통시장,제주특별자치도,1.0,2.0,,,P1_BINARY_THRESHOLD,True,,,,,
492c9ca22de3f816201d,val,수산물,T4 구어·문장,q_수산물_14,해산물 파는 곳,식료품 중 '수산물'을 판매·제공하는 매장,01afaafa-2a46-4977-8015-55762957ee7a,다래초밥,초밥,동문동 골목형상점가,골목형상점가,충청남도,1.0,0.0,,,P2_GRADED_ONLY,True,,,,,
1776ceace2569ad45ff7,val,수산물,T4 구어·문장,q_수산물_14,해산물 파는 곳,식료품 중 '수산물'을 판매·제공하는 매장,bc28e035-9e5a-46f2-8b43-6b9d8edc2c44,참좋은동물병원,동물 병원,오케이 양산동 골목형상점가,골목형상점가,광주광역시,0.0,0.0,,,RESOLVED_AGREEMENT,False,0,,,,
b571a13780e0b73fa944,val,수산물,T4 구어·문장,q_수산물_14,해산물 파는 곳,식료품 중 '수산물'을 판매·제공하는 매장,e8fdca91-aa77-4536-acbe-2e98cc4577fe,빛나 해물,해산물,복이있는덕포시장,전통시장,부산광역시,3.0,3.0,,,RESOLVED_AGREEMENT,False,3,,,,
a6563f3b47b754fb0605,val,수산물,T4 구어·문장,q_수산물_14,해산물 파는 곳,식료품 중 '수산물'을 판매·제공하는 매장,afee9ad5-32c5-4ad7-bc9e-6a0fe292bebe,만나물회,해산물,포항 대이상가 골목형상점가,골목형상점가,경상북도,3.0,3.0,,,RESOLVED_AGREEMENT,False,3,,,,
3c7265b9c7476c839f9b,val,수산물,T4 구어·문장,q_수산물_14,해산물 파는 곳,식료품 중 '수산물'을 판매·제공하는 매장,6d2967fa-a63c-483f-9aa6-db9e7fe58cc4,천양상회,해산물,민락어민활어직판장,자율상권구역,부산광역시,3.0,3.0,,,RESOLVED_AGREEMENT,False,3,,,,
6289bffb3a0cd0704086,val,수산물,T4 구어·문장,q_수산물_14,해산물 파는 곳,식료품 중 '수산물'을 판매·제공하는 매장,0130dbd3-b9ea-43f4-98fd-26d8afd90b78,모래내시장순대,식당,전주모래내시장,전통시장,전북특별자치도,1.0,0.0,,,P2_GRADED_ONLY,True,,,,,
93e66703b65a14c552a1,val,수산물,T4 구어·문장,q_수산물_14,해산물 파는 곳,식료품 중 '수산물'을 판매·제공하는 매장,03cbd591-5ee7-4f9b-842e-8dc427925406,신흥상회,어물,상주중앙시장,전통시장,경상북도,3.0,3.0,,,RESOLVED_AGREEMENT,False,3,,,,
0967b5152c2d938b59b6,val,수산물,T4 구어·문장,q_수산물_14,해산물 파는 곳,식료품 중 '수산물'을 판매·제공하는 매장,a0145f22-8ccc-483a-a0b7-769d3d70d999,위베이프전자담배 나주점,,나주읍성 골목형상점가,골목형상점가,,0.0,0.0,,,RESOLVED_AGREEMENT,False,0,,,,
35982804d31abc69fcb0,val,수산물,T4 구어·문장,q_수산물_14,해산물 파는 곳,식료품 중 '수산물'을 판매·제공하는 매장,0c3b8779-121d-47f0-849c-682b3472b490,동서해물,해산물,양산 덕계종합상설시장,전통시장,경상남도,3.0,3.0,,,RESOLVED_AGREEMENT,False,3,,,,
6905504b8193c2ed29e9,val,수산물,T4 구어·문장,q_수산물_14,해산물 파는 곳,식료품 중 '수산물'을 판매·제공하는 매장,875fe014-0bc4-4fac-b82b-1ce58589cdfc,북해참치,해산물,구성언남 골목형상점가,골목형상점가,경기도,3.0,3.0,,,RESOLVED_AGREEMENT,False,3,,,,
713b2c8523e984f47fa1,val,수산물,T4 구어·문장,q_수산물_14,해산물 파는 곳,식료품 중 '수산물'을 판매·제공하는 매장,081228e7-6107-4933-9b5d-eeb158010286,서림해산물,해산물,서귀포매일올레시장,전통시장,제주특별자치도,3.0,3.0,,,RESOLVED_AGREEMENT,False,3,,,,
9cabd9d700a1e5196aea,val,수산물,T4 구어·문장,q_수산물_14,해산물 파는 곳,식료품 중 '수산물'을 판매·제공하는 매장,ccedb1dd-dc6d-44de-95fb-7fcb4d72d032,북촌,해산물,구성언남 골목형상점가,골목형상점가,경기도,3.0,3.0,,,RESOLVED_AGREEMENT,False,3,,,,
100d89f8397172975be8,val,수산물,T4 구어·문장,q_수산물_14,해산물 파는 곳,식료품 중 '수산물'을 판매·제공하는 매장,010c1855-b46f-4e37-b975-8115c4249b0f,용궁횟집,,자갈치시장,전통시장,부산광역시,3.0,2.0,,,P2_GRADED_ONLY,True,,,,,
b00b423700b29a8ae77e,val,수산물,T4 구어·문장,q_수산물_14,해산물 파는 곳,식료품 중 '수산물'을 판매·제공하는 매장,c13f74d6-e954-4ec0-beb0-9dd4099184a8,복순횟집,해산물,하남 골목형상점가,골목형상점가,광주광역시,3.0,3.0,,,RESOLVED_AGREEMENT,False,3,,,,
31c037eef6f815d69682,val,수산물,T4 구어·문장,q_수산물_14,해산물 파는 곳,식료품 중 '수산물'을 판매·제공하는 매장,5de2721c-ae31-4ffe-b6c1-39f699001118,아우네,해산물,치동천 수변상가,자율상권구역,경기도,3.0,3.0,,,RESOLVED_AGREEMENT,False,3,,,,
68aaa8ebb80c41d7447d,val,수산물,T4 구어·문장,q_수산물_14,해산물 파는 곳,식료품 중 '수산물'을 판매·제공하는 매장,476b762f-c8ad-478f-85aa-2aeb389e875f,목포상회,야채,순천역전시장상가,자율상권구역,전라남도,2.0,3.0,,,P2_GRADED_ONLY,True,,,,,
d89bdb766297c2cbf92b,val,수산물,T4 구어·문장,q_수산물_14,해산물 파는 곳,식료품 중 '수산물'을 판매·제공하는 매장,74f5466e-e45f-4f41-8dcf-7572600bd262,만선,해산물,전남대후문골목형상점가,골목형상점가,광주광역시,3.0,3.0,,,RESOLVED_AGREEMENT,False,3,,,,
8d834f3204a88910e698,val,수산물,T4 구어·문장,q_수산물_14,해산물 파는 곳,식료품 중 '수산물'을 판매·제공하는 매장,ad5c0337-c3b9-4f02-bc97-1bb6098c9673,태평양,해산물,민락어민활어직판장,자율상권구역,부산광역시,3.0,3.0,,,RESOLVED_AGREEMENT,False,3,,,,
05c3620c044aea15d097,val,수산물,T4 구어·문장,q_수산물_14,해산물 파는 곳,식료품 중 '수산물'을 판매·제공하는 매장,008cfdc1-610a-407a-a03b-4c6dae7106f4,주영수산,활어,목포북항상점가,자율상권구역,전라남도,3.0,3.0,,,RESOLVED_AGREEMENT,False,3,,,,
9f873ca6f9020c6833ae,val,수산물,T4 구어·문장,q_수산물_14,해산물 파는 곳,식료품 중 '수산물'을 판매·제공하는 매장,1ca624a5-320c-4477-a569-941cc1bf2e9e,여보게친구,해산물,신창 골목형상점가,골목형상점가,광주광역시,3.0,3.0,,,RESOLVED_AGREEMENT,False,3,,,,
3e8a9eaa39f1c14bda49,val,수산물,T4 구어·문장,q_수산물_14,해산물 파는 곳,식료품 중 '수산물'을 판매·제공하는 매장,59a97761-657f-4f31-a1f7-5517fbbe9d58,해적,해산물,신중동시계탑별빛거리 골목형상점가,골목형상점가,경기도,3.0,3.0,,,RESOLVED_AGREEMENT,False,3,,,,
c4fe847faa31f7f6e4fb,val,수산물,T4 구어·문장,q_수산물_14,해산물 파는 곳,식료품 중 '수산물'을 판매·제공하는 매장,3691b330-e340-4b1c-be88-ce218c19112b,올레해산물&회포장,해산물,서귀포매일올레시장,전통시장,제주특별자치도,3.0,3.0,,,RESOLVED_AGREEMENT,False,3,,,,
91d8778930870d5d0af8,val,수산물,T4 구어·문장,q_수산물_14,해산물 파는 곳,식료품 중 '수산물'을 판매·제공하는 매장,00779863-22b7-4378-adca-42362eff7e3f,장복횟집.수산,생선회,"안면도수산시장(구, 안면도장터)",전통시장,충청남도,3.0,3.0,,,RESOLVED_AGREEMENT,False,3,,,,
aabbe6e42d03e702e868,val,수산물,T4 구어·문장,q_수산물_14,해산물 파는 곳,식료품 중 '수산물'을 판매·제공하는 매장,8755096a-eb8f-4c28-86d7-c02cb41140c7,물바우,해산물,흑석시장골목형상점가,골목형상점가,서울특별시,3.0,3.0,,,RESOLVED_AGREEMENT,False,3,,,,
e0ad7f06b66ff29dcc90,val,수산물,T4 구어·문장,q_수산물_14,해산물 파는 곳,식료품 중 '수산물'을 판매·제공하는 매장,5c177803-d700-442e-94a1-785b9cb24a22,엄마네,해산물,신석로골목형상점가,골목형상점가,인천광역시,3.0,3.0,,,RESOLVED_AGREEMENT,False,3,,,,
8026a65ba3e388ec6e4b,val,수산물,T4 구어·문장,q_수산물_14,해산물 파는 곳,식료품 중 '수산물'을 판매·제공하는 매장,137f2cfd-07bd-4482-ac4c-b1bd1d7c74f0,벨톤보청기 순천지사,의료기기및 보청기,장천동상가,자율상권구역,전라남도,0.0,0.0,,,RESOLVED_AGREEMENT,False,0,,,,
bc12fec1621a6cd18150,val,수산물,T4 구어·문장,q_수산물_14,해산물 파는 곳,식료품 중 '수산물'을 판매·제공하는 매장,005eb589-94b0-4a7e-b4e4-ef8cf64b0762,스시쿄다이,일식,동홍8번가 골목형상점가,골목형상점가,제주특별자치도,1.0,0.0,,,P2_GRADED_ONLY,True,,,,,
d7038234141f6e77ca50,val,수산물,T4 구어·문장,q_수산물_14,해산물 파는 곳,식료품 중 '수산물'을 판매·제공하는 매장,9928713a-e8af-4725-aa6e-b03d8f974587,미미수산,해산물,마산가고파수산시장,전통시장,경상남도,3.0,3.0,,,RESOLVED_AGREEMENT,False,3,,,,
c6024295d76cef2edc38,val,수산물,T4 구어·문장,q_수산물_14,해산물 파는 곳,식료품 중 '수산물'을 판매·제공하는 매장,f9385f4f-67e9-4c8c-ba77-365c2c71ef11,고성수산해산물,해산물,마산어시장,전통시장,경상남도,3.0,3.0,,,RESOLVED_AGREEMENT,False,3,,,,
6adfc3ff7f5dd217930f,val,수산물,T4 구어·문장,q_수산물_14,해산물 파는 곳,식료품 중 '수산물'을 판매·제공하는 매장,3161afba-0d9e-4c94-8797-3f85599bf5f6,계절막회,해산물,동백역 골목형상점가,골목형상점가,경기도,3.0,3.0,,,RESOLVED_AGREEMENT,False,3,,,,
26bb1f9280c09669ddfa,val,수산물,T4 구어·문장,q_수산물_14,해산물 파는 곳,식료품 중 '수산물'을 판매·제공하는 매장,01e0f944-3585-4859-bbaa-e4c53852c47b,에이징,해산물,군분로꽁양상인회 골목형상점가,골목형상점가,광주광역시,3.0,3.0,,,RESOLVED_AGREEMENT,False,3,,,,
63bdd05b3784d7c6fc13,val,수산물,T4 구어·문장,q_수산물_14,해산물 파는 곳,식료품 중 '수산물'을 판매·제공하는 매장,00a0d437-836b-453d-b15e-55fbf7dc8460,대박수산,생선,청주육거리종합시장,전통시장,충청북도,3.0,3.0,,,RESOLVED_AGREEMENT,False,3,,,,
78c5cf2905ecb21cba92,val,수산물,T4 구어·문장,q_수산물_14,해산물 파는 곳,식료품 중 '수산물'을 판매·제공하는 매장,a87d9091-cfb1-4404-87fe-fac9fc88f969,먹물군단,해산물,삼익사거리 골목형상점가,골목형상점가,광주광역시,3.0,3.0,,,RESOLVED_AGREEMENT,False,3,,,,
5d550b08996b1ac48e9d,val,수산물,T4 구어·문장,q_수산물_14,해산물 파는 곳,식료품 중 '수산물'을 판매·제공하는 매장,3526958d-da64-4c90-a75c-c55162fbe0d3,최씨어물전,,영천공설시장,전통시장,경상북도,3.0,0.0,,,P1_BINARY_THRESHOLD,True,,,,,
39afbb5487cd4fc7d824,val,수산물,T4 구어·문장,q_수산물_14,해산물 파는 곳,식료품 중 '수산물'을 판매·제공하는 매장,004032ef-2ae7-4e97-ac30-b12a0869e930,시장횟집,횟집,광양매일시장(광양상설시장),전통시장,전라남도,1.0,2.0,,,P1_BINARY_THRESHOLD,True,,,,,
72e7ca589f72d712ceed,val,수산물,T4 구어·문장,q_수산물_14,해산물 파는 곳,식료품 중 '수산물'을 판매·제공하는 매장,002e7e87-5677-44ca-85c4-9e5b87e7994f,한양수산,생선,안중시장,전통시장,경기도,3.0,3.0,,,RESOLVED_AGREEMENT,False,3,,,,
9e01d82638278b556749,val,수산물,T4 구어·문장,q_수산물_14,해산물 파는 곳,식료품 중 '수산물'을 판매·제공하는 매장,004d071d-dda6-41e4-9fcb-7c74c8f8ef0f,영남상회,건어물,수영팔도시장(구 수영팔도상가시장),전통시장,부산광역시,3.0,3.0,,,RESOLVED_AGREEMENT,False,3,,,,
344037298ad383518340,val,수산물,T4 구어·문장,q_수산물_14,해산물 파는 곳,식료품 중 '수산물'을 판매·제공하는 매장,01286ec0-50e0-4540-b678-ec706fb3bcbb,설곰식당,식당,산업용재관,전통시장,대구광역시,1.0,0.0,,,P2_GRADED_ONLY,True,,,,,
1e20b1da7b5ce0244f77,val,수산물,T4 구어·문장,q_수산물_14,해산물 파는 곳,식료품 중 '수산물'을 판매·제공하는 매장,00fcc68d-3086-4b45-b998-f3763e8dbf7d,꼬치마요 산본역점(9호점),일식,산본로데오거리(구 산본중심상가),자율상권구역,경기도,1.0,0.0,,,P2_GRADED_ONLY,True,,,,,
3983787b6f76c7aa4c33,val,수산물,T4 구어·문장,q_수산물_14,해산물 파는 곳,식료품 중 '수산물'을 판매·제공하는 매장,0bf687ec-4ea8-4932-a2c4-401f28aab97f,중앙어물,어물,모슬포 중앙시장,전통시장,제주특별자치도,3.0,0.0,,,P1_BINARY_THRESHOLD,True,,,,,
4a6058277d3f0a906670,val,수산물,T4 구어·문장,q_수산물_14,해산물 파는 곳,식료품 중 '수산물'을 판매·제공하는 매장,00ac75c4-6e3f-4d23-8a6a-1dc8ba294b85,우진수산,"수산물, 활어",효자시장,전통시장,경상북도,3.0,3.0,,,RESOLVED_AGREEMENT,False,3,,,,
89da8acc3ce6cc158457,val,수산물,T4 구어·문장,q_수산물_14,해산물 파는 곳,식료품 중 '수산물'을 판매·제공하는 매장,cb555ef8-aca2-446c-a819-e646dbb00d14,히야,해산물,교동시장1길 상점가,자율상권구역,대구광역시,3.0,3.0,,,RESOLVED_AGREEMENT,False,3,,,,
8e4a904feafc84ae78ab,val,수산물,T4 구어·문장,q_수산물_14,해산물 파는 곳,식료품 중 '수산물'을 판매·제공하는 매장,4e53eaab-65ae-45bf-94f7-5a1c04fa7b80,덕산철물,철물점,창원 덕산1차상가,전통시장,경상남도,0.0,0.0,,,RESOLVED_AGREEMENT,False,0,,,,
aff0834d2d4cfb54f165,val,수산물,T4 구어·문장,q_수산물_14,해산물 파는 곳,식료품 중 '수산물'을 판매·제공하는 매장,80ea62f6-fafe-43fa-8198-ea06fda62f4b,거제 해산물,해산물,용호골목시장,전통시장,부산광역시,3.0,3.0,,,RESOLVED_AGREEMENT,False,3,,,,
a3ed00ee968f8cb507dc,val,수산물,T4 구어·문장,q_수산물_14,해산물 파는 곳,식료품 중 '수산물'을 판매·제공하는 매장,559ad30f-a7cf-423c-b8fc-017690d93b59,그린횟집,회 해산물,포항 대이상가 골목형상점가,골목형상점가,경상북도,3.0,3.0,,,RESOLVED_AGREEMENT,False,3,,,,
6b6e3efe52aa31e8091d,val,수산물,T4 구어·문장,q_수산물_14,해산물 파는 곳,식료품 중 '수산물'을 판매·제공하는 매장,30d5afbc-fd4b-49bb-9e1c-2469652e5921,추씨어물점,어물,영천공설시장,전통시장,경상북도,3.0,0.0,,,P1_BINARY_THRESHOLD,True,,,,,
8db70f654f9cc02e7c65,val,수산물,T4 구어·문장,q_수산물_14,해산물 파는 곳,식료품 중 '수산물'을 판매·제공하는 매장,e0ae4e1b-effc-4ecf-b7fd-e75b344a3e06,보쌈한상,삼겹살,양산동 골목형상점가,골목형상점가,광주광역시,0.0,0.0,,,RESOLVED_AGREEMENT,False,0,,,,
9c33fc4228bf002e17e2,val,수산물,T4 구어·문장,q_수산물_14,해산물 파는 곳,식료품 중 '수산물'을 판매·제공하는 매장,3f4b7db6-27c4-4ead-a391-5ae661d7e225,아까사까2,해산물 한식,두산동밤마실거리 골목형상점가,골목형상점가,대구광역시,3.0,3.0,,,RESOLVED_AGREEMENT,False,3,,,,
09ae06123a7d94b81953,val,수산물,T4 구어·문장,q_수산물_14,해산물 파는 곳,식료품 중 '수산물'을 판매·제공하는 매장,16b2d000-6695-4ca2-8567-2d8079f9029a,해원,횟집회 및 해산물,백년소상공인,기타,제주특별자치도,3.0,3.0,,,RESOLVED_AGREEMENT,False,3,,,,
325c53446b19738a9d6e,val,수산물,T4 구어·문장,q_수산물_14,해산물 파는 곳,식료품 중 '수산물'을 판매·제공하는 매장,40936859-4a8c-4186-9218-b241bfd4839a,오또도넛올레서귀점,,송산동 골목상점가,골목형상점가,제주특별자치도,,0.0,Y,,P0_UNCERTAIN_OR_MISSING,True,,,,,
0a06ab9e07799cd0cdfc,val,수산물,T4 구어·문장,q_수산물_14,해산물 파는 곳,식료품 중 '수산물'을 판매·제공하는 매장,67de312b-60dd-4d89-9b71-dd479a57212f,쇼부,해산물,풍암신암상인회 골목형상점가,골목형상점가,광주광역시,3.0,3.0,,,RESOLVED_AGREEMENT,False,3,,,,
9bb55e0c915b41302a64,val,수산물,T4 구어·문장,q_수산물_14,해산물 파는 곳,식료품 중 '수산물'을 판매·제공하는 매장,00527b0b-893c-4d64-862e-3ef8113d07fb,해선언니네,건어물,용상공설시장,전통시장,경상북도,3.0,3.0,,,RESOLVED_AGREEMENT,False,3,,,,
f358c4a02f66bda796a6,val,수산물,T4 구어·문장,q_수산물_14,해산물 파는 곳,식료품 중 '수산물'을 판매·제공하는 매장,c1b5f7cd-108b-4415-8101-717e70ba478f,금스시&참치,해산물,동탄역골목형상점가,골목형상점가,경기도,3.0,3.0,,,RESOLVED_AGREEMENT,False,3,,,,
6d94e04bf3902f6c9f78,val,수산물,T4 구어·문장,q_수산물_14,해산물 파는 곳,식료품 중 '수산물'을 판매·제공하는 매장,a71625a5-3847-416f-8298-10af4eb30056,지원수산,해산물,못골골목시장,전통시장,부산광역시,3.0,3.0,,,RESOLVED_AGREEMENT,False,3,,,,
054b946acece8942698f,val,수산물,T4 구어·문장,q_수산물_14,해산물 파는 곳,식료품 중 '수산물'을 판매·제공하는 매장,74c89370-aa17-46d2-bbd2-bf690fa810f6,어른이날,해산물,양지마을 골목형상점가,골목형상점가,광주광역시,3.0,3.0,,,RESOLVED_AGREEMENT,False,3,,,,
e4ad54a7a73f0457a886,val,수산물,T4 구어·문장,q_수산물_14,해산물 파는 곳,식료품 중 '수산물'을 판매·제공하는 매장,693150b5-5b64-469f-a9bb-7079308af165,거시기,해산물,문흥2동 골목형상점가,골목형상점가,광주광역시,3.0,3.0,,,RESOLVED_AGREEMENT,False,3,,,,
c3e5acc4a7e37b0e6f7b,val,수산물,T4 구어·문장,q_수산물_14,해산물 파는 곳,식료품 중 '수산물'을 판매·제공하는 매장,6579dd58-3be6-4fc4-b5c9-6f9341cff305,성원해물,해산물,"칠성진,경명시장",전통시장,대구광역시,3.0,3.0,,,RESOLVED_AGREEMENT,False,3,,,,
b7d36af90e233f522572,val,수산물,T4 구어·문장,q_수산물_14,해산물 파는 곳,식료품 중 '수산물'을 판매·제공하는 매장,20736d47-260a-49c1-b5f3-faede9645a9f,해물촌,해산물,거제 고현자율상권,,경상남도,3.0,3.0,,,RESOLVED_AGREEMENT,False,3,,,,
4da995a160b3746081f5,val,수산물,T4 구어·문장,q_수산물_14,해산물 파는 곳,식료품 중 '수산물'을 판매·제공하는 매장,9eb1af95-5a43-458f-862e-1ac3122e9a34,고흥해물,해산물,노량진수산시장골목형상점가,골목형상점가,서울특별시,3.0,3.0,,,RESOLVED_AGREEMENT,False,3,,,,
0198f7e5b25b1099aa5f,val,수산물,T4 구어·문장,q_수산물_14,해산물 파는 곳,식료품 중 '수산물'을 판매·제공하는 매장,6cff7847-a0e4-41c1-8615-4ca90b1e0c5c,오자미,해산물,운천역상인회 골목형상점가,골목형상점가,광주광역시,3.0,3.0,,,RESOLVED_AGREEMENT,False,3,,,,
241534a0e5df2db7faf3,val,수산물,T4 구어·문장,q_수산물_14,해산물 파는 곳,식료품 중 '수산물'을 판매·제공하는 매장,8d6a5b3f-d491-4527-9561-f10701869f2e,동해물과 해산물이,해산물,감전시장,전통시장,부산광역시,3.0,3.0,,,RESOLVED_AGREEMENT,False,3,,,,
1a019ff8a189a45e8c1a,val,수산물,T4 구어·문장,q_수산물_14,해산물 파는 곳,식료품 중 '수산물'을 판매·제공하는 매장,dbf1c2e8-b9d2-42fb-a867-53014dc657d4,가빈초장,해산물,기장시장,전통시장,부산광역시,3.0,3.0,,,RESOLVED_AGREEMENT,False,3,,,,
8b40bf04c9ac3deb3c36,val,수산물,T4 구어·문장,q_수산물_14,해산물 파는 곳,식료품 중 '수산물'을 판매·제공하는 매장,00e04e3d-cb00-4d64-a13d-a9c02f9a4fc8,대림수산,활어,자갈치시장,전통시장,부산광역시,3.0,3.0,,,RESOLVED_AGREEMENT,False,3,,,,
9b441b7fd380cd93f7b6,val,수산물,T4 구어·문장,q_수산물_14,해산물 파는 곳,식료품 중 '수산물'을 판매·제공하는 매장,0019e966-8007-4603-957c-4e9adcd1f05a,부남수산,수산물,서산동부전통시장,전통시장,충청남도,3.0,3.0,,,RESOLVED_AGREEMENT,False,3,,,,
7506f88f116d46ae67f2,val,수산물,T4 구어·문장,q_수산물_14,해산물 파는 곳,식료품 중 '수산물'을 판매·제공하는 매장,00445369-fa3a-4cd3-ae3a-6564876f4199,용수상회,수산물,서문시장건해산물상가,전통시장,대구광역시,3.0,3.0,,,RESOLVED_AGREEMENT,False,3,,,,
fcbc98538714eda899d9,val,수산물,T4 구어·문장,q_수산물_14,해산물 파는 곳,식료품 중 '수산물'을 판매·제공하는 매장,0333f16c-ff56-4e80-a1c7-dd77a81300df,로봇초밥마켓 과천래미안점,초밥,과천슈르탑 골목형상점가,골목형상점가,경기도,1.0,0.0,,,P2_GRADED_ONLY,True,,,,,
2690062a6a8b74785f23,val,수산물,T4 구어·문장,q_수산물_14,해산물 파는 곳,식료품 중 '수산물'을 판매·제공하는 매장,00f60c16-d8be-497f-80f2-aab3209a8d0e,포카포카,식당,전남여고후문 골목형상점가,골목형상점가,광주광역시,1.0,0.0,,,P2_GRADED_ONLY,True,,,,,
8cb85895b6cd4c10461f,val,수산물,T4 구어·문장,q_수산물_14,해산물 파는 곳,식료품 중 '수산물'을 판매·제공하는 매장,00cc4859-307a-43ef-9654-2f6aa6fc404d,서산상회,생선,노량진수산시장골목형상점가,골목형상점가,서울특별시,3.0,3.0,,,RESOLVED_AGREEMENT,False,3,,,,
d25e8aabc4e36e69de60,val,수산물,T4 구어·문장,q_수산물_14,해산물 파는 곳,식료품 중 '수산물'을 판매·제공하는 매장,009fbffe-11b3-4eba-b65a-696f4f59f079,인어횟집,횟집,목포북항상점가,자율상권구역,전라남도,1.0,2.0,,,P1_BINARY_THRESHOLD,True,,,,,
391798e7e45e17fae259,val,수산물,T4 구어·문장,q_수산물_14,해산물 파는 곳,식료품 중 '수산물'을 판매·제공하는 매장,0027eaf6-093b-4df4-9457-4f1081537ff3,충무꼭지횟집,횟집,초량전통시장,전통시장,부산광역시,1.0,2.0,,,P1_BINARY_THRESHOLD,True,,,,,
a6d82469b9179d7cc9c5,val,수산물,T4 구어·문장,q_수산물_15,회 떠가는 곳,식료품 중 '수산물'을 판매·제공하는 매장,03cbd591-5ee7-4f9b-842e-8dc427925406,신흥상회,어물,상주중앙시장,전통시장,경상북도,2.0,3.0,,,P2_GRADED_ONLY,True,,,,,
ccd4ea630ec23a2f66b1,val,수산물,T4 구어·문장,q_수산물_15,회 떠가는 곳,식료품 중 '수산물'을 판매·제공하는 매장,c53b35a8-5c88-4c5d-bb12-7787d3475664,회한접시,회,오류버들시장골목형상점가,골목형상점가,서울특별시,3.0,3.0,,,RESOLVED_AGREEMENT,False,3,,,,
5738a6904a88acb44695,val,수산물,T4 구어·문장,q_수산물_15,회 떠가는 곳,식료품 중 '수산물'을 판매·제공하는 매장,01286ec0-50e0-4540-b678-ec706fb3bcbb,설곰식당,식당,산업용재관,전통시장,대구광역시,1.0,0.0,,,P2_GRADED_ONLY,True,,,,,
ead2a8b26e34b05c6cf3,val,수산물,T4 구어·문장,q_수산물_15,회 떠가는 곳,식료품 중 '수산물'을 판매·제공하는 매장,e2b43c3b-efa4-4d95-918b-42177effa84d,황금횟집,회,진해중앙시장,전통시장,경상남도,3.0,3.0,,,RESOLVED_AGREEMENT,False,3,,,,
43bd67ca553806b47453,val,수산물,T4 구어·문장,q_수산물_15,회 떠가는 곳,식료품 중 '수산물'을 판매·제공하는 매장,3526958d-da64-4c90-a75c-c55162fbe0d3,최씨어물전,,영천공설시장,전통시장,경상북도,2.0,0.0,,,P1_BINARY_THRESHOLD,True,,,,,
457dad2990be94532e4b,val,수산물,T4 구어·문장,q_수산물_15,회 떠가는 곳,식료품 중 '수산물'을 판매·제공하는 매장,00cd5dee-c068-48da-bc58-a704d5fe8832,윤석수산,수산물 활어회 생선 게종류 젓갈 갑각류 해산물 등등,대공원시장,전통시장,대구광역시,3.0,3.0,,,RESOLVED_AGREEMENT,False,3,,,,
9bffe54ac438a77a3d2f,val,수산물,T4 구어·문장,q_수산물_15,회 떠가는 곳,식료품 중 '수산물'을 판매·제공하는 매장,c0563d68-0f81-4872-8cc5-47594d519241,내가 잘가는 미용실,미용실,김천황금시장,전통시장,경상북도,0.0,0.0,,,RESOLVED_AGREEMENT,False,0,,,,
2d39e3b0b1759da64e10,val,수산물,T4 구어·문장,q_수산물_15,회 떠가는 곳,식료품 중 '수산물'을 판매·제공하는 매장,007aece5-08b8-4eb0-b4c6-18d451eadcfd,영남상회,건어물,동쪽바다중앙시장(구 동해중앙시장),전통시장,강원특별자치도,2.0,3.0,,,P2_GRADED_ONLY,True,,,,,
7ea4d5c85e2361a6f1c0,val,수산물,T4 구어·문장,q_수산물_15,회 떠가는 곳,식료품 중 '수산물'을 판매·제공하는 매장,b8e89e46-66be-42e4-b87d-b605bc3b135a,찾아가는 한우,한식,의왕도깨비시장,전통시장,경기도,0.0,0.0,,,RESOLVED_AGREEMENT,False,0,,,,
f8c749af328ed88d418b,val,수산물,T4 구어·문장,q_수산물_15,회 떠가는 곳,식료품 중 '수산물'을 판매·제공하는 매장,0fc4023c-9fa1-4506-ab4d-ca2c3192746f,잘나가는 멋쟁이,여성읠,신부평지하상가,일반지하상점가,인천광역시,0.0,0.0,,,RESOLVED_AGREEMENT,False,0,,,,
dbdeca7161e1cc618363,val,수산물,T4 구어·문장,q_수산물_15,회 떠가는 곳,식료품 중 '수산물'을 판매·제공하는 매장,a33b774c-9d33-4f02-ad65-3386692b035f,회먹는날,회,오류버들시장골목형상점가,골목형상점가,서울특별시,3.0,3.0,,,RESOLVED_AGREEMENT,False,3,,,,
f94ee150b98d0d608a27,val,수산물,T4 구어·문장,q_수산물_15,회 떠가는 곳,식료품 중 '수산물'을 판매·제공하는 매장,0333f16c-ff56-4e80-a1c7-dd77a81300df,로봇초밥마켓 과천래미안점,초밥,과천슈르탑 골목형상점가,골목형상점가,경기도,1.0,0.0,,,P2_GRADED_ONLY,True,,,,,
126b0c36c6d642906391,val,수산물,T4 구어·문장,q_수산물_15,회 떠가는 곳,식료품 중 '수산물'을 판매·제공하는 매장,175c5b0b-f611-406e-8eca-01d804d40be2,오늘의 회,일식 회 초밥,구즉 골목형상점가,골목형상점가,대전광역시,3.0,3.0,,,RESOLVED_AGREEMENT,False,3,,,,
65d4148741cd21a7cacd,val,수산물,T4 구어·문장,q_수산물_15,회 떠가는 곳,식료품 중 '수산물'을 판매·제공하는 매장,30d5afbc-fd4b-49bb-9e1c-2469652e5921,추씨어물점,어물,영천공설시장,전통시장,경상북도,2.0,0.0,,,P1_BINARY_THRESHOLD,True,,,,,
b2769548c74683d9a160,val,수산물,T4 구어·문장,q_수산물_15,회 떠가는 곳,식료품 중 '수산물'을 판매·제공하는 매장,94943911-2bbf-41a7-83d6-7ccc442febbe,70수산,해초류,명지시장,전통시장,부산광역시,0.0,3.0,,,P1_BINARY_THRESHOLD,True,,,,,
fb901fd516369d30397c,val,수산물,T4 구어·문장,q_수산물_15,회 떠가는 곳,식료품 중 '수산물'을 판매·제공하는 매장,77cb874e-69b1-48da-964e-c51269230e7b,거제활어,회,조원시장,전통시장,경기도,3.0,3.0,,,RESOLVED_AGREEMENT,False,3,,,,
710e023bab7c3eadffa0,val,수산물,T4 구어·문장,q_수산물_15,회 떠가는 곳,식료품 중 '수산물'을 판매·제공하는 매장,4f9ed132-effe-425e-b1da-54f81eae94f6,동백초밥,,동백중심상가 골목형상점가,골목형상점가,경기도,1.0,0.0,,,P2_GRADED_ONLY,True,,,,,
23f1a60f06823bd7d0d2,val,수산물,T4 구어·문장,q_수산물_15,회 떠가는 곳,식료품 중 '수산물'을 판매·제공하는 매장,06261986-3eba-4244-b63f-397460d82f4a,이곳,미용,나주혁신도시 골목형상점가,골목형상점가,전라남도,0.0,0.0,,,RESOLVED_AGREEMENT,False,0,,,,
ba025d20aef785fd7afd,val,수산물,T4 구어·문장,q_수산물_15,회 떠가는 곳,식료품 중 '수산물'을 판매·제공하는 매장,000d55be-8181-4f45-827e-52082b2ae284,명희유통,건어물,성북시장,전통시장,부산광역시,2.0,3.0,,,P2_GRADED_ONLY,True,,,,,
3ae87cdf76924985a838,val,수산물,T4 구어·문장,q_수산물_15,회 떠가는 곳,식료품 중 '수산물'을 판매·제공하는 매장,170c96cb-29f0-4051-bd1f-04c68b0386d0,회 뜨는 수산,활어 해산물,강남골목시장 골목형상점가,골목형상점가,서울특별시,3.0,3.0,,,RESOLVED_AGREEMENT,False,3,,,,
d05d7bbae3d13d28f55a,val,수산물,T4 구어·문장,q_수산물_15,회 떠가는 곳,식료품 중 '수산물'을 판매·제공하는 매장,0027eaf6-093b-4df4-9457-4f1081537ff3,충무꼭지횟집,횟집,초량전통시장,전통시장,부산광역시,2.0,2.0,,,RESOLVED_AGREEMENT,False,2,,,,
6c1d3ab48da3d868eec7,val,수산물,T4 구어·문장,q_수산물_15,회 떠가는 곳,식료품 중 '수산물'을 판매·제공하는 매장,0004c5f7-95e0-45be-9f06-a705b8113ff0,의창수협67번중도매인,활어,진해 용원어시장상점가,자율상권구역,경상남도,3.0,0.0,,,P1_BINARY_THRESHOLD,True,,,,,
61542c46b0456a11527f,val,수산물,T4 구어·문장,q_수산물_15,회 떠가는 곳,식료품 중 '수산물'을 판매·제공하는 매장,ea7e3784-c467-418c-818e-6fb7ee0d804b,길자네 회 포차,회 포차,군산디오션시티 G플레이스 골목형상점가,골목형상점가,전북특별자치도,3.0,3.0,,,RESOLVED_AGREEMENT,False,3,,,,
8a6faa60bd256a12afb4,val,수산물,T4 구어·문장,q_수산물_15,회 떠가는 곳,식료품 중 '수산물'을 판매·제공하는 매장,8b9eb9be-714b-432b-82ac-19d68c842012,이코너하우스,옷,능곡시장(구 능곡전통시장),전통시장,경기도,0.0,0.0,,,RESOLVED_AGREEMENT,False,0,,,,
1b3799cc16f0ea1ad841,val,수산물,T4 구어·문장,q_수산물_15,회 떠가는 곳,식료품 중 '수산물'을 판매·제공하는 매장,d82861f7-7773-49b0-8828-501d98792b68,떠카나주,떡,경리단길 골목형상점가,골목형상점가,서울특별시,0.0,0.0,,,RESOLVED_AGREEMENT,False,0,,,,
b9d2222db55fcf485f52,val,수산물,T4 구어·문장,q_수산물_15,회 떠가는 곳,식료품 중 '수산물'을 판매·제공하는 매장,333fa307-f61c-45a8-a79b-93fff676095e,대명어물,어물,서귀포향토오일시장,전통시장,제주특별자치도,2.0,0.0,,,P1_BINARY_THRESHOLD,True,,,,,
ce4461e88871a1443b53,val,수산물,T4 구어·문장,q_수산물_15,회 떠가는 곳,식료품 중 '수산물'을 판매·제공하는 매장,cce42ae2-a817-4476-933c-0aa7a63faee8,회기꾼,회,구즉 골목형상점가,골목형상점가,대전광역시,3.0,3.0,,,RESOLVED_AGREEMENT,False,3,,,,
3106f3432319a314764c,val,수산물,T4 구어·문장,q_수산물_15,회 떠가는 곳,식료품 중 '수산물'을 판매·제공하는 매장,c515dfae-7272-4224-8a3a-9e12aa86b603,미락,회,압해읍골목형상점가,골목형상점가,전라남도,3.0,3.0,,,RESOLVED_AGREEMENT,False,3,,,,
affb3c596111d36e6cac,val,수산물,T4 구어·문장,q_수산물_15,회 떠가는 곳,식료품 중 '수산물'을 판매·제공하는 매장,b66ff5b1-104e-4fca-9510-ad8bf99d793d,감만횟집,회,남광시장,전통시장,부산광역시,3.0,3.0,,,RESOLVED_AGREEMENT,False,3,,,,
218965ac1c16d30c5d90,val,수산물,T4 구어·문장,q_수산물_15,회 떠가는 곳,식료품 중 '수산물'을 판매·제공하는 매장,cb3b55e3-f20c-40e4-b352-084d03f79c50,회사랑,회,무극시장,전통시장,충청북도,3.0,3.0,,,RESOLVED_AGREEMENT,False,3,,,,
536bcee1ead2eed5ca06,val,수산물,T4 구어·문장,q_수산물_15,회 떠가는 곳,식료품 중 '수산물'을 판매·제공하는 매장,a7906525-edc6-4a3b-8e79-28c6da259acc,한월횟집,회,자갈치해안시장,전통시장,부산광역시,3.0,3.0,,,RESOLVED_AGREEMENT,False,3,,,,
268ad2846b6e770f0c7e,val,수산물,T4 구어·문장,q_수산물_15,회 떠가는 곳,식료품 중 '수산물'을 판매·제공하는 매장,b4bed6dd-db09-4650-867f-5481d490c56a,회사랑,회,정서진중앙시장(구 서구중앙시장),전통시장,인천광역시,3.0,3.0,,,RESOLVED_AGREEMENT,False,3,,,,
81d1bd4529bc35b4f967,val,수산물,T4 구어·문장,q_수산물_15,회 떠가는 곳,식료품 중 '수산물'을 판매·제공하는 매장,eee65c5a-6ed8-4ad5-8ff4-e60bcccf40d1,참치열전,회,동구시장,전통시장,대구광역시,3.0,3.0,,,RESOLVED_AGREEMENT,False,3,,,,
3d0f47dbf9433a17079a,val,수산물,T4 구어·문장,q_수산물_15,회 떠가는 곳,식료품 중 '수산물'을 판매·제공하는 매장,828d7477-9530-45be-9603-b81995b71eea,(HD)명품국수,국수김밥,서면시장,전통시장,부산광역시,0.0,3.0,,,P1_BINARY_THRESHOLD,True,,,,,
c028e548b7bc44c45816,val,수산물,T4 구어·문장,q_수산물_15,회 떠가는 곳,식료품 중 '수산물'을 판매·제공하는 매장,00ac75c4-6e3f-4d23-8a6a-1dc8ba294b85,우진수산,"수산물, 활어",효자시장,전통시장,경상북도,3.0,3.0,,,RESOLVED_AGREEMENT,False,3,,,,
9e3098ddd48df26eb472,val,수산물,T4 구어·문장,q_수산물_15,회 떠가는 곳,식료품 중 '수산물'을 판매·제공하는 매장,d24becd4-b97f-4909-a878-67697c29bcf4,회마차,회,적성전통시장,전통시장,경기도,3.0,3.0,,,RESOLVED_AGREEMENT,False,3,,,,
db631b2ec52716ca56b2,val,수산물,T4 구어·문장,q_수산물_15,회 떠가는 곳,식료품 중 '수산물'을 판매·제공하는 매장,842f6cf1-6411-4f4b-be23-746d79e31656,섬곳,한식,플레이사계 지오단길 골목형상점가,골목형상점가,제주특별자치도,0.0,0.0,,,RESOLVED_AGREEMENT,False,0,,,,
e4d8806a57282b4debd7,val,수산물,T4 구어·문장,q_수산물_15,회 떠가는 곳,식료품 중 '수산물'을 판매·제공하는 매장,00fcc68d-3086-4b45-b998-f3763e8dbf7d,꼬치마요 산본역점(9호점),일식,산본로데오거리(구 산본중심상가),자율상권구역,경기도,1.0,0.0,,,P2_GRADED_ONLY,True,,,,,
a3a7bb1819426bff280e,val,수산물,T4 구어·문장,q_수산물_15,회 떠가는 곳,식료품 중 '수산물'을 판매·제공하는 매장,06f4a2a5-f4d5-4506-9a90-5eced62e8546,회풍,회,사리골상점가,자율상권구역,경기도,3.0,3.0,,,RESOLVED_AGREEMENT,False,3,,,,
24c5d94c5be7e0f44bf3,val,수산물,T4 구어·문장,q_수산물_15,회 떠가는 곳,식료품 중 '수산물'을 판매·제공하는 매장,004032ef-2ae7-4e97-ac30-b12a0869e930,시장횟집,횟집,광양매일시장(광양상설시장),전통시장,전라남도,2.0,2.0,,,RESOLVED_AGREEMENT,False,2,,,,
fc6650da827c622f7c8e,val,수산물,T4 구어·문장,q_수산물_15,회 떠가는 곳,식료품 중 '수산물'을 판매·제공하는 매장,3da2f166-ce90-439b-81ed-592630a78b81,석심회집,회,한일시장 골목형상점가,골목형상점가,,3.0,3.0,,,RESOLVED_AGREEMENT,False,3,,,,
d264cbe0fb203d86d6de,val,수산물,T4 구어·문장,q_수산물_15,회 떠가는 곳,식료품 중 '수산물'을 판매·제공하는 매장,ee65903c-567e-49d3-b177-713562d51a9e,븟,회,수완나들목 골목형상점가,골목형상점가,광주광역시,3.0,3.0,,,RESOLVED_AGREEMENT,False,3,,,,
001d4508f2efabb487cc,val,수산물,T4 구어·문장,q_수산물_15,회 떠가는 곳,식료품 중 '수산물'을 판매·제공하는 매장,8c824aad-c6f4-44f6-8305-61bbd3ef3eb3,회회,회,연신내골목형상점가,골목형상점가,서울특별시,3.0,3.0,,,RESOLVED_AGREEMENT,False,3,,,,
9e9d2b7bcb6d5c1ff1ec,val,수산물,T4 구어·문장,q_수산물_15,회 떠가는 곳,식료품 중 '수산물'을 판매·제공하는 매장,91e8dc25-6e67-4366-a7a6-9e448e580581,죽도,회,대구남문시장,전통시장,대구광역시,3.0,3.0,,,RESOLVED_AGREEMENT,False,3,,,,
bea0cfd44f7c6e8a674c,val,수산물,T4 구어·문장,q_수산물_15,회 떠가는 곳,식료품 중 '수산물'을 판매·제공하는 매장,8412cce8-a3f0-4bee-aebb-f5f8764383db,회사랑,회,고암 골목형상점가,골목형상점가,충청북도,3.0,3.0,,,RESOLVED_AGREEMENT,False,3,,,,
ad1517c2b5aea171d870,val,수산물,T4 구어·문장,q_수산물_15,회 떠가는 곳,식료품 중 '수산물'을 판매·제공하는 매장,009fbffe-11b3-4eba-b65a-696f4f59f079,인어횟집,횟집,목포북항상점가,자율상권구역,전라남도,2.0,2.0,,,RESOLVED_AGREEMENT,False,2,,,,
8ad6ad5d62ef2639cd06,val,수산물,T4 구어·문장,q_수산물_15,회 떠가는 곳,식료품 중 '수산물'을 판매·제공하는 매장,fccd6d93-bb4a-4219-bd1e-d6f6a1225bde,머구리,회,구미 진평음식문화특화거리 골목형상점가,골목형상점가,경상북도,3.0,3.0,,,RESOLVED_AGREEMENT,False,3,,,,
39ebb5394c23f1691397,val,수산물,T4 구어·문장,q_수산물_15,회 떠가는 곳,식료품 중 '수산물'을 판매·제공하는 매장,142ab693-39ba-41d6-a8fd-f208352eb6c9,회뜨락,회,하단자율상권구역,기타,부산광역시,3.0,3.0,,,RESOLVED_AGREEMENT,False,3,,,,
16547bde9e830cca5b4d,val,수산물,T4 구어·문장,q_수산물_15,회 떠가는 곳,식료품 중 '수산물'을 판매·제공하는 매장,0016aa1a-5730-45a0-b427-06b0f51fc005,든든한밥상,농수산물,화산면 골목형상점가,골목형상점가,전라남도,3.0,3.0,,,RESOLVED_AGREEMENT,False,3,,,,
e08c253873fe5b25c186,val,수산물,T4 구어·문장,q_수산물_15,회 떠가는 곳,식료품 중 '수산물'을 판매·제공하는 매장,001ec0bf-0eda-4aa8-8efc-a90930649cf5,원프룻,농수산물,정이있는 구포시장,전통시장,부산광역시,3.0,3.0,,,RESOLVED_AGREEMENT,False,3,,,,
d0e7b6963f57851f8e21,val,수산물,T4 구어·문장,q_수산물_15,회 떠가는 곳,식료품 중 '수산물'을 판매·제공하는 매장,00f60c16-d8be-497f-80f2-aab3209a8d0e,포카포카,식당,전남여고후문 골목형상점가,골목형상점가,광주광역시,1.0,0.0,,,P2_GRADED_ONLY,True,,,,,
d7442d7affac8b3cf903,val,수산물,T4 구어·문장,q_수산물_15,회 떠가는 곳,식료품 중 '수산물'을 판매·제공하는 매장,5649da8e-3873-4e5a-b877-518f582fc75c,중앙횟집,회,㈜여수수산물특화시장,전통시장,전라남도,3.0,3.0,,,RESOLVED_AGREEMENT,False,3,,,,
037eed5cd1761ee6a261,val,수산물,T4 구어·문장,q_수산물_15,회 떠가는 곳,식료품 중 '수산물'을 판매·제공하는 매장,016ddf29-de07-40e1-a642-8c2a45a6f19d,연희어시장,횟집,연희로 골목형상점가,골목형상점가,인천광역시,2.0,2.0,,,RESOLVED_AGREEMENT,False,2,,,,
d5f612cc2f38fc9920fc,val,수산물,T4 구어·문장,q_수산물_15,회 떠가는 곳,식료품 중 '수산물'을 판매·제공하는 매장,00527b0b-893c-4d64-862e-3ef8113d07fb,해선언니네,건어물,용상공설시장,전통시장,경상북도,2.0,3.0,,,P2_GRADED_ONLY,True,,,,,
9f0fb971752652f947a6,val,수산물,T4 구어·문장,q_수산물_15,회 떠가는 곳,식료품 중 '수산물'을 판매·제공하는 매장,90c0b96d-a710-48dd-b3b3-37e79355541c,찾아가는 고기,축산물,의왕도깨비시장,전통시장,경기도,0.0,0.0,,,RESOLVED_AGREEMENT,False,0,,,,
737edc43cac3b3720fde,val,수산물,T4 구어·문장,q_수산물_15,회 떠가는 곳,식료품 중 '수산물'을 판매·제공하는 매장,00bd252b-19f9-4e9a-bf26-b45280bb84ae,선옥상회,생선,고성 공룡시장,전통시장,경상남도,2.0,3.0,,,P2_GRADED_ONLY,True,,,,,
37548ef9ed8f022257d3,val,수산물,T4 구어·문장,q_수산물_15,회 떠가는 곳,식료품 중 '수산물'을 판매·제공하는 매장,2743811c-5e71-4d2b-aa75-1b0147d44f2d,사우 꽃이 피는 곳,꽃,김포 풍년마을 골목형상점가,골목형상점가,경기도,0.0,0.0,,,RESOLVED_AGREEMENT,False,0,,,,
63b4f758616ff165b17c,val,수산물,T4 구어·문장,q_수산물_15,회 떠가는 곳,식료품 중 '수산물'을 판매·제공하는 매장,208853e9-6ee7-4cea-889b-58c40857ba63,해양상회,,남포동건어물도매시장,전통시장,부산광역시,3.0,3.0,,,RESOLVED_AGREEMENT,False,3,,,,
3affb765cdcfa27a710c,val,수산물,T4 구어·문장,q_수산물_15,회 떠가는 곳,식료품 중 '수산물'을 판매·제공하는 매장,038f89c5-a204-4c80-9e31-9d22a3ba4c95,연스시,초밥,노은역 골목형상점가,골목형상점가,대전광역시,1.0,0.0,,,P2_GRADED_ONLY,True,,,,,
01ae4983a9c9b075629c,val,수산물,T4 구어·문장,q_수산물_15,회 떠가는 곳,식료품 중 '수산물'을 판매·제공하는 매장,00cc4859-307a-43ef-9654-2f6aa6fc404d,서산상회,생선,노량진수산시장골목형상점가,골목형상점가,서울특별시,2.0,3.0,,,P2_GRADED_ONLY,True,,,,,
187914c4c354fbdeac10,val,수산물,T4 구어·문장,q_수산물_15,회 떠가는 곳,식료품 중 '수산물'을 판매·제공하는 매장,8a16530a-a5cd-488e-befa-490aa1752654,창녕 회·꼼장어,회.꼼장어,자갈치해안시장,전통시장,부산광역시,3.0,3.0,,,RESOLVED_AGREEMENT,False,3,,,,
991fa1fc9ba259b719ab,val,수산물,T4 구어·문장,q_수산물_15,회 떠가는 곳,식료품 중 '수산물'을 판매·제공하는 매장,ab5e1d60-34fa-447f-a429-3d562d1eb6e5,자은(회)수산,회,자은면골목형상점가,골목형상점가,전라남도,3.0,3.0,,,RESOLVED_AGREEMENT,False,3,,,,
5df529bbddea6bf8d152,val,수산물,T4 구어·문장,q_수산물_15,회 떠가는 곳,식료품 중 '수산물'을 판매·제공하는 매장,ae890bda-002f-4db1-92b7-56f4e0c84fe0,회의정석,회,백운시장,전통시장,서울특별시,3.0,3.0,,,RESOLVED_AGREEMENT,False,3,,,,
64dbac466eae36dbd64c,val,수산물,T4 구어·문장,q_수산물_15,회 떠가는 곳,식료품 중 '수산물'을 판매·제공하는 매장,4c2c2a7a-a68d-4503-a871-7f42ccb4e604,부둣가회,회,동먹골상가 골목형상점가,골목형상점가,대구광역시,3.0,3.0,,,RESOLVED_AGREEMENT,False,3,,,,
60c7762004bd86a29df7,val,수산물,T4 구어·문장,q_수산물_15,회 떠가는 곳,식료품 중 '수산물'을 판매·제공하는 매장,91e9942c-88a4-4bde-a988-a2ddd26d7620,회사랑,회,송강동 골목형상점가,골목형상점가,대전광역시,3.0,3.0,,,RESOLVED_AGREEMENT,False,3,,,,
8cf3a0f58c1768db11e6,val,수산물,T4 구어·문장,q_수산물_15,회 떠가는 곳,식료품 중 '수산물'을 판매·제공하는 매장,62a57aec-e261-49bd-8583-c48a94b9dd73,일품횟집,회,사천 삼천포용궁수산시장,전통시장,경상남도,3.0,3.0,,,RESOLVED_AGREEMENT,False,3,,,,
02fd167c087883ba4406,val,수산물,T4 구어·문장,q_수산물_15,회 떠가는 곳,식료품 중 '수산물'을 판매·제공하는 매장,9e06604b-d3a0-4c8c-999c-ba17ee336b31,강릉횟집,회,강서수산시장골목형상점가,골목형상점가,서울특별시,3.0,3.0,,,RESOLVED_AGREEMENT,False,3,,,,
88cf1ea88c4d3dec2489,val,수산물,T4 구어·문장,q_수산물_15,회 떠가는 곳,식료품 중 '수산물'을 판매·제공하는 매장,76a3551b-dae4-4326-92cc-662015aedbfb,쉴 곳,한식,칠성로상점가,자율상권구역,제주특별자치도,0.0,0.0,,,RESOLVED_AGREEMENT,False,0,,,,
3f48002ac7896830eb4f,val,수산물,T4 구어·문장,q_수산물_15,회 떠가는 곳,식료품 중 '수산물'을 판매·제공하는 매장,008cfdc1-610a-407a-a03b-4c6dae7106f4,주영수산,활어,목포북항상점가,자율상권구역,전라남도,3.0,3.0,,,RESOLVED_AGREEMENT,False,3,,,,
08c41006b33d031949c9,val,수산물,T4 구어·문장,q_수산물_15,회 떠가는 곳,식료품 중 '수산물'을 판매·제공하는 매장,00445369-fa3a-4cd3-ae3a-6564876f4199,용수상회,수산물,서문시장건해산물상가,전통시장,대구광역시,3.0,3.0,,,RESOLVED_AGREEMENT,False,3,,,,
8679ed245b3343420aad,val,수산물,T4 구어·문장,q_수산물_15,회 떠가는 곳,식료품 중 '수산물'을 판매·제공하는 매장,2b95474d-9ec4-485d-a3c5-ccc63c8d541d,천하횟집,회,주문진건어물시장,전통시장,강원특별자치도,3.0,3.0,,,RESOLVED_AGREEMENT,False,3,,,,
dc9a4b4263858ccee42d,val,수산물,T4 구어·문장,q_수산물_15,회 떠가는 곳,식료품 중 '수산물'을 판매·제공하는 매장,a6dab820-2e5c-47d2-930d-c122294ffe0c,오류항,회,오류골먹자골목 골목형상점가,골목형상점가,서울특별시,3.0,3.0,,,RESOLVED_AGREEMENT,False,3,,,,
1371aa9bb9b69610fa56,val,수산물,T4 구어·문장,q_수산물_15,회 떠가는 곳,식료품 중 '수산물'을 판매·제공하는 매장,524dbc24-22a4-41b9-822f-80f2cbfbe1b4,회뜰녘,회,수원역로데오거리상점가(매산로테마거리),자율상권구역,경기도,3.0,3.0,,,RESOLVED_AGREEMENT,False,3,,,,
353c19ab82390df6adc8,val,수산물,T4 구어·문장,q_수산물_15,회 떠가는 곳,식료품 중 '수산물'을 판매·제공하는 매장,00e04e3d-cb00-4d64-a13d-a9c02f9a4fc8,대림수산,활어,자갈치시장,전통시장,부산광역시,3.0,3.0,,,RESOLVED_AGREEMENT,False,3,,,,
ece5c7aab6178a0237f8,val,수산물,T4 구어·문장,q_수산물_15,회 떠가는 곳,식료품 중 '수산물'을 판매·제공하는 매장,be9f8c61-892c-48ed-a49d-b63bd032c025,소곳,의류,고투몰(강남터미널지하도상점가),일반지하상점가,서울특별시,0.0,0.0,,,RESOLVED_AGREEMENT,False,0,,,,
85f3ba0f60b11175849f,val,수산물,T4 구어·문장,q_수산물_15,회 떠가는 곳,식료품 중 '수산물'을 판매·제공하는 매장,005eb589-94b0-4a7e-b4e4-ef8cf64b0762,스시쿄다이,일식,동홍8번가 골목형상점가,골목형상점가,제주특별자치도,1.0,0.0,,,P2_GRADED_ONLY,True,,,,,
0773b6139b6737723623,val,수산물,T4 구어·문장,q_수산물_15,회 떠가는 곳,식료품 중 '수산물'을 판매·제공하는 매장,00298213-17ea-453a-b6e6-375d9ef636b6,대양농수산,농수산물,부평깡시장,전통시장,인천광역시,3.0,3.0,,,RESOLVED_AGREEMENT,False,3,,,,
452b9c915e43d2105cc7,val,수산물,T4 구어·문장,q_수산물_15,회 떠가는 곳,식료품 중 '수산물'을 판매·제공하는 매장,24456103-f6b8-46af-8655-82e61d7265d8,커피가 머무르는 곳,커피,반드레길골목형상점가,골목형상점가,서울특별시,0.0,0.0,,,RESOLVED_AGREEMENT,False,0,,,,
7b32c08e3830d3075a45,val,수산물,T4 구어·문장,q_수산물_15,회 떠가는 곳,식료품 중 '수산물'을 판매·제공하는 매장,00a40df6-e218-4c9e-951f-b2c1a3ee676e,영흥수산,생선,가락몰골목형상점가,골목형상점가,서울특별시,2.0,3.0,,,P2_GRADED_ONLY,True,,,,,
5319915f75d5fab22a99,val,수산물,T4 구어·문장,q_수산물_15,회 떠가는 곳,식료품 중 '수산물'을 판매·제공하는 매장,01afaafa-2a46-4977-8015-55762957ee7a,다래초밥,초밥,동문동 골목형상점가,골목형상점가,충청남도,1.0,0.0,,,P2_GRADED_ONLY,True,,,,,
5c9ef5384a0adae017a1,val,수산물,T4 구어·문장,q_수산물_15,회 떠가는 곳,식료품 중 '수산물'을 판매·제공하는 매장,724fcfdc-21cd-4190-a3d2-b1814eb424fc,태극안경렌즈미,안경 및 콘택트렌즈,해들마을 골목형상점가,골목형상점가,세종특별자치시,0.0,0.0,,,RESOLVED_AGREEMENT,False,0,,,,
b1233a2047ca72526df1,val,수산물,T4 구어·문장,q_수산물_15,회 떠가는 곳,식료품 중 '수산물'을 판매·제공하는 매장,60f34431-6960-42f8-aabb-5d0c39d6f6d4,거꾸로 가는 시간,피부 미용,서산번화2로,자율상권구역,충청남도,0.0,0.0,,,RESOLVED_AGREEMENT,False,0,,,,
7230cd1fe2491710d0d6,val,수산물,T4 구어·문장,q_수산물_15,회 떠가는 곳,식료품 중 '수산물'을 판매·제공하는 매장,10815be3-a88d-41fe-b1f3-4afcec9c9253,회조아,회,첨단지구 골목형상점가,골목형상점가,광주광역시,3.0,3.0,,,RESOLVED_AGREEMENT,False,3,,,,
cd04ffb5e89e14d907e8,val,수산물,T4 구어·문장,q_수산물_15,회 떠가는 곳,식료품 중 '수산물'을 판매·제공하는 매장,197b4269-8af7-4bc7-9708-b2ad8204b7f8,호일상회,회,민락씨랜드시장,전통시장,부산광역시,3.0,3.0,,,RESOLVED_AGREEMENT,False,3,,,,
8b3299b49a13b9615143,val,수산물,T4 구어·문장,q_수산물_15,회 떠가는 곳,식료품 중 '수산물'을 판매·제공하는 매장,6332d31f-f869-455b-9575-494ce9c8b2e9,바다천국,회,정이있는 구포시장,전통시장,부산광역시,3.0,3.0,,,RESOLVED_AGREEMENT,False,3,,,,
42df5a75968342966da0,val,수산물,T4 구어·문장,q_수산물_15,회 떠가는 곳,식료품 중 '수산물'을 판매·제공하는 매장,0c4499a7-43b1-4c9a-b715-a24bfac0af5a,형제회,회,한글거리 상점가상인회,자율상권구역,세종특별자치시,3.0,3.0,,,RESOLVED_AGREEMENT,False,3,,,,
6163cc4e63e16c435277,val,수산물,T4 구어·문장,q_수산물_15,회 떠가는 곳,식료품 중 '수산물'을 판매·제공하는 매장,013d58c8-33f8-4dbe-95de-801d22ea9505,민영활어공장 부천자유시장점,"회, 초밥",부천자유시장,전통시장,경기도,3.0,3.0,,,RESOLVED_AGREEMENT,False,3,,,,
5638740abf369d91b9bd,val,수산물,T4 구어·문장,q_수산물_15,회 떠가는 곳,식료품 중 '수산물'을 판매·제공하는 매장,f9cb7223-ee9e-4ea7-84c2-ae7c50589560,기호,회,연남동골목형상점가,골목형상점가,서울특별시,3.0,3.0,,,RESOLVED_AGREEMENT,False,3,,,,
680abf4750ffa5874221,val,수산물,T4 구어·문장,q_수산물_15,회 떠가는 곳,식료품 중 '수산물'을 판매·제공하는 매장,009b69b5-365a-4958-87e7-f224f253b92a,동문올레횟집,횟집,동문수산시장,전통시장,제주특별자치도,2.0,2.0,,,RESOLVED_AGREEMENT,False,2,,,,
d7ec09ed3c29760fc1f4,val,수산물,T4 구어·문장,q_수산물_15,회 떠가는 곳,식료품 중 '수산물'을 판매·제공하는 매장,0019e966-8007-4603-957c-4e9adcd1f05a,부남수산,수산물,서산동부전통시장,전통시장,충청남도,3.0,3.0,,,RESOLVED_AGREEMENT,False,3,,,,
5717c445853fde715dda,val,수산물,T4 구어·문장,q_수산물_15,회 떠가는 곳,식료품 중 '수산물'을 판매·제공하는 매장,0cfb0c04-8872-49f2-8fc7-bef2ae4427ad,속초횟집,회,토지금고시장,전통시장,인천광역시,3.0,3.0,,,RESOLVED_AGREEMENT,False,3,,,,
97f69b7868dc4ca73390,val,수산물,T4 구어·문장,q_수산물_15,회 떠가는 곳,식료품 중 '수산물'을 판매·제공하는 매장,862fadb8-fe05-4c9b-830b-b5f302794a73,"(수)회, 초밥",회,화서시장,전통시장,경기도,3.0,3.0,,,RESOLVED_AGREEMENT,False,3,,,,
7bd9051aab35249c9669,val,수산물,T4 구어·문장,q_수산물_15,회 떠가는 곳,식료품 중 '수산물'을 판매·제공하는 매장,40795a3d-a379-45eb-bb2f-43a40ca43fb4,홰바지,회,거제시장,전통시장,부산광역시,3.0,3.0,,,RESOLVED_AGREEMENT,False,3,,,,
4c42202c9b5e69f21336,val,수산물,T4 구어·문장,q_수산물_15,회 떠가는 곳,식료품 중 '수산물'을 판매·제공하는 매장,00a0d437-836b-453d-b15e-55fbf7dc8460,대박수산,생선,청주육거리종합시장,전통시장,충청북도,2.0,3.0,,,P2_GRADED_ONLY,True,,,,,
8555207d925184e8fdad,val,수산물,T4 구어·문장,q_수산물_15,회 떠가는 곳,식료품 중 '수산물'을 판매·제공하는 매장,4b670047-ede0-4670-90d6-e3a1e130c2ba,회사랑,회,이촌종합시장,전통시장,서울특별시,3.0,3.0,,,RESOLVED_AGREEMENT,False,3,,,,
2635cab7f04a48c89e98,val,수산물,T4 구어·문장,q_수산물_15,회 떠가는 곳,식료품 중 '수산물'을 판매·제공하는 매장,bad630d4-22c8-4187-8601-43e18c9946f6,한민횟집,회,한민시장,전통시장,대전광역시,3.0,3.0,,,RESOLVED_AGREEMENT,False,3,,,,
68f14f30fd2e5eef95c7,val,수산물,T4 구어·문장,q_수산물_15,회 떠가는 곳,식료품 중 '수산물'을 판매·제공하는 매장,002e7e87-5677-44ca-85c4-9e5b87e7994f,한양수산,생선,안중시장,전통시장,경기도,2.0,3.0,,,P2_GRADED_ONLY,True,,,,,
4056f5d79c93bfe482cb,val,수산물,T4 구어·문장,q_수산물_15,회 떠가는 곳,식료품 중 '수산물'을 판매·제공하는 매장,b9ddde03-8cb9-4d3c-8a2e-17bd2a44d5e5,일출상회,회,민락씨랜드시장,전통시장,부산광역시,3.0,3.0,,,RESOLVED_AGREEMENT,False,3,,,,
bde8b43de73acd910914,val,수산물,T4 구어·문장,q_수산물_15,회 떠가는 곳,식료품 중 '수산물'을 판매·제공하는 매장,00779863-22b7-4378-adca-42362eff7e3f,장복횟집.수산,생선회,"안면도수산시장(구, 안면도장터)",전통시장,충청남도,3.0,3.0,,,RESOLVED_AGREEMENT,False,3,,,,
7ed05748a71d4f790544,val,수산물,T4 구어·문장,q_수산물_15,회 떠가는 곳,식료품 중 '수산물'을 판매·제공하는 매장,00ba389b-e522-4da5-ac26-2ffaf33359ec,스시노유키,초밥,산본로데오거리(구 산본중심상가),자율상권구역,경기도,1.0,0.0,,,P2_GRADED_ONLY,True,,,,,
9f4644965b002852db5e,val,수산물,T4 구어·문장,q_수산물_15,회 떠가는 곳,식료품 중 '수산물'을 판매·제공하는 매장,01fb4713-ad3f-425b-a6f5-ce0993979e63,기장,회,범어식주가무명인골목 골목형상점가,골목형상점가,대구광역시,3.0,3.0,,,RESOLVED_AGREEMENT,False,3,,,,
517ae772c350bba3651e,val,수산물,T4 구어·문장,q_수산물_15,회 떠가는 곳,식료품 중 '수산물'을 판매·제공하는 매장,010c1855-b46f-4e37-b975-8115c4249b0f,용궁횟집,,자갈치시장,전통시장,부산광역시,2.0,2.0,,,RESOLVED_AGREEMENT,False,2,,,,
20aa51c0cbcc4c05451e,val,수산물,T4 구어·문장,q_수산물_15,회 떠가는 곳,식료품 중 '수산물'을 판매·제공하는 매장,6b14cd55-63be-41d3-b104-0cbc52004c0f,신왕비성,짜장면,어은누리 골목형상점가,골목형상점가,대전광역시,0.0,0.0,,,RESOLVED_AGREEMENT,False,0,,,,
e798c50a0263ba8677c3,val,수산물,T4 구어·문장,q_수산물_15,회 떠가는 곳,식료품 중 '수산물'을 판매·제공하는 매장,005429a3-030e-492f-973c-1d5842eeac56,미래횟집,활어,사천 삼천포용궁수산시장,전통시장,경상남도,3.0,2.0,,,P2_GRADED_ONLY,True,,,,,
1475255e104506215858,val,수산물,T4 구어·문장,q_수산물_15,회 떠가는 곳,식료품 중 '수산물'을 판매·제공하는 매장,23f2f855-a6c5-456d-86ea-f875e8a60788,회뜰날,회,유천버드내 골목형상점가,골목형상점가,대전광역시,3.0,3.0,,,RESOLVED_AGREEMENT,False,3,,,,
e3924ea89aaae2335c52,val,수산물,T4 구어·문장,q_수산물_15,회 떠가는 곳,식료품 중 '수산물'을 판매·제공하는 매장,0bf687ec-4ea8-4932-a2c4-401f28aab97f,중앙어물,어물,모슬포 중앙시장,전통시장,제주특별자치도,2.0,0.0,,,P1_BINARY_THRESHOLD,True,,,,,
4636c45f62f3999ec7e7,val,수산물,T4 구어·문장,q_수산물_15,회 떠가는 곳,식료품 중 '수산물'을 판매·제공하는 매장,004d071d-dda6-41e4-9fcb-7c74c8f8ef0f,영남상회,건어물,수영팔도시장(구 수영팔도상가시장),전통시장,부산광역시,2.0,3.0,,,P2_GRADED_ONLY,True,,,,,
bfb7502712649c76f3ab,val,수산물,T4 구어·문장,q_수산물_15,회 떠가는 곳,식료품 중 '수산물'을 판매·제공하는 매장,00356e71-7b15-4a42-be60-f232011707b8,유한회사 덕재건재,건어물,가락몰골목형상점가,골목형상점가,서울특별시,2.0,3.0,,,P2_GRADED_ONLY,True,,,,,
1d4e1c5499c0b9681f43,val,수산물,T4 구어·문장,q_수산물_15,회 떠가는 곳,식료품 중 '수산물'을 판매·제공하는 매장,0130dbd3-b9ea-43f4-98fd-26d8afd90b78,모래내시장순대,식당,전주모래내시장,전통시장,전북특별자치도,1.0,0.0,,,P2_GRADED_ONLY,True,,,,,
3cd49016cc710b761a4a,val,수산물,T4 구어·문장,q_수산물_15,회 떠가는 곳,식료품 중 '수산물'을 판매·제공하는 매장,870ac143-369e-4bfe-8acc-acdd98342a2e,비봉횟집,회,백년소상공인,기타,충청남도,3.0,3.0,,,RESOLVED_AGREEMENT,False,3,,,,
2ce727163c10d74a0370,val,수산물,T4 구어·문장,q_수산물_15,회 떠가는 곳,식료품 중 '수산물'을 판매·제공하는 매장,c111ac9d-3f3a-405c-a8db-4d127ccda9e2,행복이 있는 곳,잡화,제주로얄쇼핑센터,자율상권구역,제주특별자치도,0.0,0.0,,,RESOLVED_AGREEMENT,False,0,,,,
0105260177533dc7b6fd,val,수산물,T4 구어·문장,q_수산물_15,회 떠가는 곳,식료품 중 '수산물'을 판매·제공하는 매장,def04ad5-7217-4c03-b7c4-85a10c3135e3,감쪽,,운수대통 골목형상점가,골목형상점가,광주광역시,,0.0,Y,,P0_UNCERTAIN_OR_MISSING,True,,,,,
63122def268240ec7a18,val,수산물,T4 구어·문장,q_수산물_15,회 떠가는 곳,식료품 중 '수산물'을 판매·제공하는 매장,11b068ff-0587-4d84-9876-c8c5ccbb960e,어항,회,부리단길 골목형상점가,골목형상점가,부산광역시,3.0,3.0,,,RESOLVED_AGREEMENT,False,3,,,,
bdb06d2265181cd5ffae,val,수산물,T4 구어·문장,q_수산물_15,회 떠가는 곳,식료품 중 '수산물'을 판매·제공하는 매장,0c8bea7a-76ee-4890-b61d-f93b8c4095ef,회뜰날,회,동두천큰시장,기타,경기도,3.0,3.0,,,RESOLVED_AGREEMENT,False,3,,,,
3f543d840e7607c0135f,val,수산물,T4 구어·문장,q_수산물_15,회 떠가는 곳,식료품 중 '수산물'을 판매·제공하는 매장,38dc4547-2704-4135-9cd0-559ccea1e69b,도시꼬상회,회,민락수변공원 골목형상점가,골목형상점가,부산광역시,3.0,3.0,,,RESOLVED_AGREEMENT,False,3,,,,
bd8de24bcd6fd7afb753,val,수산물,T4 구어·문장,q_수산물_15,회 떠가는 곳,식료품 중 '수산물'을 판매·제공하는 매장,460e19db-ef03-44c4-971f-03ebe6dc1a0c,시소,회,도담동 골목형상점가,골목형상점가,세종특별자치시,3.0,3.0,,,RESOLVED_AGREEMENT,False,3,,,,
f77dfebaaf766e45ba23,val,수산물,T6 기계변형,q_수산물_16,수산물추천,식료품 중 '수산물'을 판매·제공하는 매장,9b21374d-b396-48aa-a602-207404c4dd0c,철현물산,수산물,서울중부시장,전통시장,서울특별시,3.0,3.0,,,RESOLVED_AGREEMENT,False,3,,,,
f83ce5829a7119f2b6de,val,수산물,T6 기계변형,q_수산물_16,수산물추천,식료품 중 '수산물'을 판매·제공하는 매장,c74e3b87-89db-4284-be87-ffaf30cb0001,회#,수산물,당진전통시장,전통시장,충청남도,3.0,3.0,,,RESOLVED_AGREEMENT,False,3,,,,
5aae1436e5b0e57213b3,val,수산물,T6 기계변형,q_수산물_16,수산물추천,식료품 중 '수산물'을 판매·제공하는 매장,6e9bad4d-595b-4657-ba61-36861598ca7b,정직수산,수산물,중곡제일골목시장(중곡제일전통시장),전통시장,서울특별시,3.0,3.0,,,RESOLVED_AGREEMENT,False,3,,,,
50e24672b1f7ddb4094c,val,수산물,T6 기계변형,q_수산물_16,수산물추천,식료품 중 '수산물'을 판매·제공하는 매장,28a4ed7c-ee5a-4ad9-998c-c55148d01ed2,이삭수산,수산물,거진전통시장,전통시장,강원특별자치도,3.0,3.0,,,RESOLVED_AGREEMENT,False,3,,,,
c5f01543b09743dde649,val,수산물,T6 기계변형,q_수산물_16,수산물추천,식료품 중 '수산물'을 판매·제공하는 매장,faa389c7-4669-4c00-ab1d-843a9259a12d,마린 수산,수산물,울진후포시장,전통시장,경상북도,3.0,3.0,,,RESOLVED_AGREEMENT,False,3,,,,
c6bc8392ae243f1c65d0,val,수산물,T6 기계변형,q_수산물_16,수산물추천,식료품 중 '수산물'을 판매·제공하는 매장,23c3af81-9348-4baf-998b-66077ae4b276,수산킹,수산물,망원동월드컵시장,전통시장,서울특별시,3.0,3.0,,,RESOLVED_AGREEMENT,False,3,,,,
18f76470fcae2056f6d7,val,수산물,T6 기계변형,q_수산물_16,수산물추천,식료품 중 '수산물'을 판매·제공하는 매장,2f93fe93-50dd-4ffd-8915-e5047ee97f27,회뜬수산,수산물,소래포구전통어시장,전통시장,인천광역시,3.0,3.0,,,RESOLVED_AGREEMENT,False,3,,,,
72416ecaa169f489d6c3,val,수산물,T6 기계변형,q_수산물_16,수산물추천,식료품 중 '수산물'을 판매·제공하는 매장,1a99e1f9-a3b3-486d-b2f7-e358f286bb95,감게무량,수산물,팔달신시장,전통시장,대구광역시,3.0,3.0,,,RESOLVED_AGREEMENT,False,3,,,,
fa4df8b38bc27c772bee,val,수산물,T6 기계변형,q_수산물_16,수산물추천,식료품 중 '수산물'을 판매·제공하는 매장,516ae3db-14ed-4877-97b0-f23059ce8bfd,전라 수산,수산물,전주신중앙시장(구 중앙버드나무시장),전통시장,전북특별자치도,3.0,3.0,,,RESOLVED_AGREEMENT,False,3,,,,
188d57eba8c35ee7c101,val,수산물,T6 기계변형,q_수산물_16,수산물추천,식료품 중 '수산물'을 판매·제공하는 매장,009b69b5-365a-4958-87e7-f224f253b92a,동문올레횟집,횟집,동문수산시장,전통시장,제주특별자치도,1.0,2.0,,,P1_BINARY_THRESHOLD,True,,,,,
27adcafdfa5092999cf8,val,수산물,T6 기계변형,q_수산물_16,수산물추천,식료품 중 '수산물'을 판매·제공하는 매장,004d071d-dda6-41e4-9fcb-7c74c8f8ef0f,영남상회,건어물,수영팔도시장(구 수영팔도상가시장),전통시장,부산광역시,3.0,3.0,,,RESOLVED_AGREEMENT,False,3,,,,
3c335f2e1d0c46fad86f,val,수산물,T6 기계변형,q_수산물_16,수산물추천,식료품 중 '수산물'을 판매·제공하는 매장,0019e966-8007-4603-957c-4e9adcd1f05a,부남수산,수산물,서산동부전통시장,전통시장,충청남도,3.0,3.0,,,RESOLVED_AGREEMENT,False,3,,,,
31585c60ddc5263efebc,val,수산물,T6 기계변형,q_수산물_16,수산물추천,식료품 중 '수산물'을 판매·제공하는 매장,0130dbd3-b9ea-43f4-98fd-26d8afd90b78,모래내시장순대,식당,전주모래내시장,전통시장,전북특별자치도,1.0,0.0,,,P2_GRADED_ONLY,True,,,,,
9244572f3cee34ca124a,val,수산물,T6 기계변형,q_수산물_16,수산물추천,식료품 중 '수산물'을 판매·제공하는 매장,04f1d66a-c166-486a-8b68-eb154697517e,오빠수산,수산물,청주육거리종합시장,전통시장,충청북도,3.0,3.0,,,RESOLVED_AGREEMENT,False,3,,,,
79a2e2dc6c587239ba47,val,수산물,T6 기계변형,q_수산물_16,수산물추천,식료품 중 '수산물'을 판매·제공하는 매장,01afaafa-2a46-4977-8015-55762957ee7a,다래초밥,초밥,동문동 골목형상점가,골목형상점가,충청남도,1.0,0.0,,,P2_GRADED_ONLY,True,,,,,
2c8b4510be1d80029cad,val,수산물,T6 기계변형,q_수산물_16,수산물추천,식료품 중 '수산물'을 판매·제공하는 매장,009fbffe-11b3-4eba-b65a-696f4f59f079,인어횟집,횟집,목포북항상점가,자율상권구역,전라남도,1.0,2.0,,,P1_BINARY_THRESHOLD,True,,,,,
04fc1491d92422ae2ed9,val,수산물,T6 기계변형,q_수산물_16,수산물추천,식료품 중 '수산물'을 판매·제공하는 매장,84ec2b5f-3ecb-499e-8499-7cd0dd19a4e1,주식회사거천,수산물,북평민속시장(북평민속5일장),전통시장,강원특별자치도,3.0,3.0,,,RESOLVED_AGREEMENT,False,3,,,,
5b5cf8fec100bbb03d44,val,수산물,T6 기계변형,q_수산물_16,수산물추천,식료품 중 '수산물'을 판매·제공하는 매장,01286ec0-50e0-4540-b678-ec706fb3bcbb,설곰식당,식당,산업용재관,전통시장,대구광역시,1.0,0.0,,,P2_GRADED_ONLY,True,,,,,
b3081788434bf0c4dc89,val,수산물,T6 기계변형,q_수산물_16,수산물추천,식료품 중 '수산물'을 판매·제공하는 매장,8e2d6acd-f2b1-46a2-bf0b-41328b0e8a93,로얄수산,수산물,포항죽도농산물시장,전통시장,경상북도,3.0,3.0,,,RESOLVED_AGREEMENT,False,3,,,,
4e58c5baadb8c260c3f1,val,수산물,T6 기계변형,q_수산물_16,수산물추천,식료품 중 '수산물'을 판매·제공하는 매장,00527b0b-893c-4d64-862e-3ef8113d07fb,해선언니네,건어물,용상공설시장,전통시장,경상북도,3.0,3.0,,,RESOLVED_AGREEMENT,False,3,,,,
68cd2948ed0d6ce7968f,val,수산물,T6 기계변형,q_수산물_16,수산물추천,식료품 중 '수산물'을 판매·제공하는 매장,002e7e87-5677-44ca-85c4-9e5b87e7994f,한양수산,생선,안중시장,전통시장,경기도,3.0,3.0,,,RESOLVED_AGREEMENT,False,3,,,,
68536b05d5b1c02487f5,val,수산물,T6 기계변형,q_수산물_16,수산물추천,식료품 중 '수산물'을 판매·제공하는 매장,00298213-17ea-453a-b6e6-375d9ef636b6,대양농수산,농수산물,부평깡시장,전통시장,인천광역시,3.0,3.0,,,RESOLVED_AGREEMENT,False,3,,,,
9efafc154fd044ef36fd,val,수산물,T6 기계변형,q_수산물_16,수산물추천,식료품 중 '수산물'을 판매·제공하는 매장,a2dbd405-51a2-4844-ae21-647749ab7894,수형호수형수산,수산물,소래포구전통어시장,전통시장,인천광역시,3.0,3.0,,,RESOLVED_AGREEMENT,False,3,,,,
cd5a840ade2d7610b9e7,val,수산물,T6 기계변형,q_수산물_16,수산물추천,식료품 중 '수산물'을 판매·제공하는 매장,e8c8d59c-3f77-4552-a22e-d147809bbf23,루트 커피,커피,평촌역 상점가,자율상권구역,경기도,0.0,0.0,,,RESOLVED_AGREEMENT,False,0,,,,
7f9fef4367a318c84ca9,val,수산물,T6 기계변형,q_수산물_16,수산물추천,식료품 중 '수산물'을 판매·제공하는 매장,d74be20a-772a-485c-b201-068b4b167983,미래주방,씽크대 신발장,효덕마을 골목형상점가,골목형상점가,광주광역시,0.0,0.0,,,RESOLVED_AGREEMENT,False,0,,,,
e3efa89d84efc96961cb,val,수산물,T6 기계변형,q_수산물_16,수산물추천,식료품 중 '수산물'을 판매·제공하는 매장,005429a3-030e-492f-973c-1d5842eeac56,미래횟집,활어,사천 삼천포용궁수산시장,전통시장,경상남도,3.0,2.0,,,P2_GRADED_ONLY,True,,,,,
daa5292e926de4cef79c,val,수산물,T6 기계변형,q_수산물_16,수산물추천,식료품 중 '수산물'을 판매·제공하는 매장,b2ba525d-999b-43a1-b6ef-046cc82349de,숟갈젓갈,수산물,지도젓갈타운 골목형상점가,골목형상점가,전라남도,3.0,3.0,,,RESOLVED_AGREEMENT,False,3,,,,
e6007e28c1b480592cdb,val,수산물,T6 기계변형,q_수산물_16,수산물추천,식료품 중 '수산물'을 판매·제공하는 매장,aca09e66-64c2-4867-a84b-36baf51e1dc8,수산물센타,수산물,화천재래시장,전통시장,강원특별자치도,3.0,3.0,,,RESOLVED_AGREEMENT,False,3,,,,
cb71113b5949a16c4ce3,val,수산물,T6 기계변형,q_수산물_16,수산물추천,식료품 중 '수산물'을 판매·제공하는 매장,d5ca4624-2e65-4413-b768-0e03a3068bac,리얼수산,수산물,남성사계시장,전통시장,서울특별시,3.0,3.0,,,RESOLVED_AGREEMENT,False,3,,,,
23ee72eefaff07e3d8e7,val,수산물,T6 기계변형,q_수산물_16,수산물추천,식료품 중 '수산물'을 판매·제공하는 매장,00cc4859-307a-43ef-9654-2f6aa6fc404d,서산상회,생선,노량진수산시장골목형상점가,골목형상점가,서울특별시,3.0,3.0,,,RESOLVED_AGREEMENT,False,3,,,,
65cb2656180d8d250fef,val,수산물,T6 기계변형,q_수산물_16,수산물추천,식료품 중 '수산물'을 판매·제공하는 매장,ac82700f-ec32-41ef-bf91-c2359a24d579,수산물판매장22호,수산물,격포어촌계 골목형상점가,골목형상점가,전북특별자치도,3.0,3.0,,,RESOLVED_AGREEMENT,False,3,,,,
db5290b6197cabfca939,val,수산물,T6 기계변형,q_수산물_16,수산물추천,식료품 중 '수산물'을 판매·제공하는 매장,df79c67e-b4bc-4bc1-9989-66267be7da31,봉균수산,수산물,강서수산시장골목형상점가,골목형상점가,서울특별시,3.0,3.0,,,RESOLVED_AGREEMENT,False,3,,,,
e6391feccbebbea60255,val,수산물,T6 기계변형,q_수산물_16,수산물추천,식료품 중 '수산물'을 판매·제공하는 매장,30d5afbc-fd4b-49bb-9e1c-2469652e5921,추씨어물점,어물,영천공설시장,전통시장,경상북도,3.0,0.0,,,P1_BINARY_THRESHOLD,True,,,,,
b091ce8137eef726949f,val,수산물,T6 기계변형,q_수산물_16,수산물추천,식료품 중 '수산물'을 판매·제공하는 매장,00f60c16-d8be-497f-80f2-aab3209a8d0e,포카포카,식당,전남여고후문 골목형상점가,골목형상점가,광주광역시,1.0,0.0,,,P2_GRADED_ONLY,True,,,,,
fa610edc7d727f408450,val,수산물,T6 기계변형,q_수산물_16,수산물추천,식료품 중 '수산물'을 판매·제공하는 매장,bd3b10ce-8238-446c-8bb1-7337fec36111,부산어묵 선우식품,어묵,천안중앙시장,전통시장,충청남도,0.0,0.0,,,RESOLVED_AGREEMENT,False,0,,,,
83d8edfef77e40591d3b,val,수산물,T6 기계변형,q_수산물_16,수산물추천,식료품 중 '수산물'을 판매·제공하는 매장,9de137b6-223d-4999-b360-a8647d6fa7c3,세화상회,,방어진활어센터,골목형상점가,울산광역시,3.0,3.0,,,RESOLVED_AGREEMENT,False,3,,,,
79d938d3a4e194b97bc1,val,수산물,T6 기계변형,q_수산물_16,수산물추천,식료품 중 '수산물'을 판매·제공하는 매장,0016aa1a-5730-45a0-b427-06b0f51fc005,든든한밥상,농수산물,화산면 골목형상점가,골목형상점가,전라남도,3.0,3.0,,,RESOLVED_AGREEMENT,False,3,,,,
273b903b873b15ddfab1,val,수산물,T6 기계변형,q_수산물_16,수산물추천,식료품 중 '수산물'을 판매·제공하는 매장,cdc41329-ac98-4b31-b3c8-52ff48613377,수산물횟집,"회, 수산물",거진전통시장,전통시장,강원특별자치도,3.0,3.0,,,RESOLVED_AGREEMENT,False,3,,,,
b902e4e1d7563c16fc89,val,수산물,T6 기계변형,q_수산물_16,수산물추천,식료품 중 '수산물'을 판매·제공하는 매장,3526958d-da64-4c90-a75c-c55162fbe0d3,최씨어물전,,영천공설시장,전통시장,경상북도,3.0,0.0,,,P1_BINARY_THRESHOLD,True,,,,,
a3654c7c34049af7293e,val,수산물,T6 기계변형,q_수산물_16,수산물추천,식료품 중 '수산물'을 판매·제공하는 매장,f7991058-93ba-4e61-9370-bae3bb8bcda8,찬솔 수산,수산물,구월시장,전통시장,인천광역시,3.0,3.0,,,RESOLVED_AGREEMENT,False,3,,,,
be5dd8fd0d12598931a9,val,수산물,T6 기계변형,q_수산물_16,수산물추천,식료품 중 '수산물'을 판매·제공하는 매장,b73e0346-121b-4092-9916-e4733992a989,돌수산,수산물,목포북항상점가,자율상권구역,전라남도,3.0,3.0,,,RESOLVED_AGREEMENT,False,3,,,,
f8a610f2c87001c1e9d9,val,수산물,T6 기계변형,q_수산물_16,수산물추천,식료품 중 '수산물'을 판매·제공하는 매장,320e80fc-5b67-4db1-916c-eb19f68ff2be,수산물공구,수산물,포항큰동해시장,전통시장,경상북도,3.0,3.0,,,RESOLVED_AGREEMENT,False,3,,,,
6d19427e8f3888cc6170,val,수산물,T6 기계변형,q_수산물_16,수산물추천,식료품 중 '수산물'을 판매·제공하는 매장,e96a83bc-946a-43bc-9e0d-d1185bf52d51,옥천,수산물,부천상동시장,전통시장,경기도,3.0,3.0,,,RESOLVED_AGREEMENT,False,3,,,,
14f77af8d8dfa5c28313,val,수산물,T6 기계변형,q_수산물_16,수산물추천,식료품 중 '수산물'을 판매·제공하는 매장,9edf880b-19c2-4b4d-9f4a-2ee7f37ff90d,대박수산물,수산물,죽도어시장,전통시장,경상북도,3.0,3.0,,,RESOLVED_AGREEMENT,False,3,,,,
264b17505afef931879a,val,수산물,T6 기계변형,q_수산물_16,수산물추천,식료품 중 '수산물'을 판매·제공하는 매장,528a2096-1bac-4795-b37f-49d21759ccb7,섬활어,수산물,거제 고현시장,전통시장,경상남도,3.0,3.0,,,RESOLVED_AGREEMENT,False,3,,,,
36ffaf1609d079ef9ea4,val,수산물,T6 기계변형,q_수산물_16,수산물추천,식료품 중 '수산물'을 판매·제공하는 매장,b73c597b-ad7b-4431-af35-802415dc7be8,스쿠바수산,수산물,대천항수산시장,전통시장,충청남도,3.0,3.0,,,RESOLVED_AGREEMENT,False,3,,,,
fc58b1577a5206bc04f7,val,수산물,T6 기계변형,q_수산물_16,수산물추천,식료품 중 '수산물'을 판매·제공하는 매장,010c1855-b46f-4e37-b975-8115c4249b0f,용궁횟집,,자갈치시장,전통시장,부산광역시,3.0,2.0,,,P2_GRADED_ONLY,True,,,,,
18e14ec99c0271a15201,val,수산물,T6 기계변형,q_수산물_16,수산물추천,식료품 중 '수산물'을 판매·제공하는 매장,0498f096-c9ea-4ca5-bf41-2bea89c7f968,대철네,수산물,주문진좌판풍물시장,전통시장,강원특별자치도,3.0,3.0,,,RESOLVED_AGREEMENT,False,3,,,,
09a6be51c286eaeaa7f7,val,수산물,T6 기계변형,q_수산물_16,수산물추천,식료품 중 '수산물'을 판매·제공하는 매장,008cfdc1-610a-407a-a03b-4c6dae7106f4,주영수산,활어,목포북항상점가,자율상권구역,전라남도,3.0,3.0,,,RESOLVED_AGREEMENT,False,3,,,,
ab1017a14608117c5844,val,수산물,T6 기계변형,q_수산물_16,수산물추천,식료품 중 '수산물'을 판매·제공하는 매장,005eb589-94b0-4a7e-b4e4-ef8cf64b0762,스시쿄다이,일식,동홍8번가 골목형상점가,골목형상점가,제주특별자치도,1.0,0.0,,,P2_GRADED_ONLY,True,,,,,
29cb300d7e07ffed12b9,val,수산물,T6 기계변형,q_수산물_16,수산물추천,식료품 중 '수산물'을 판매·제공하는 매장,0333f16c-ff56-4e80-a1c7-dd77a81300df,로봇초밥마켓 과천래미안점,초밥,과천슈르탑 골목형상점가,골목형상점가,경기도,1.0,0.0,,,P2_GRADED_ONLY,True,,,,,
5a8a0fa1e27f7775fa3e,val,수산물,T6 기계변형,q_수산물_16,수산물추천,식료품 중 '수산물'을 판매·제공하는 매장,370ee592-00d8-4d50-854e-1417f0f0d838,진수산(수산물),수산물,신영시장,전통시장,서울특별시,3.0,3.0,,,RESOLVED_AGREEMENT,False,3,,,,
feb592053661ffde15b3,val,수산물,T6 기계변형,q_수산물_16,수산물추천,식료품 중 '수산물'을 판매·제공하는 매장,1fff1937-63b6-40de-b03c-6cc9006c5742,신3억수산,수산물,역전시장,전통시장,충청남도,3.0,3.0,,,RESOLVED_AGREEMENT,False,3,,,,
c189387e970ab926df28,val,수산물,T6 기계변형,q_수산물_16,수산물추천,식료품 중 '수산물'을 판매·제공하는 매장,016ddf29-de07-40e1-a642-8c2a45a6f19d,연희어시장,횟집,연희로 골목형상점가,골목형상점가,인천광역시,1.0,2.0,,,P1_BINARY_THRESHOLD,True,,,,,
9463126ce8549ef1a2c5,val,수산물,T6 기계변형,q_수산물_16,수산물추천,식료품 중 '수산물'을 판매·제공하는 매장,a6a35c8e-0399-42eb-9626-fbb24da1d413,동검수산,수산물,강화풍물시장,전통시장,인천광역시,3.0,3.0,,,RESOLVED_AGREEMENT,False,3,,,,
4c05adb7759a63aa38fd,val,수산물,T6 기계변형,q_수산물_16,수산물추천,식료품 중 '수산물'을 판매·제공하는 매장,000d55be-8181-4f45-827e-52082b2ae284,명희유통,건어물,성북시장,전통시장,부산광역시,3.0,3.0,,,RESOLVED_AGREEMENT,False,3,,,,
6ca6a222800490eb1128,val,수산물,T6 기계변형,q_수산물_16,수산물추천,식료품 중 '수산물'을 판매·제공하는 매장,b7d619c5-c5d2-4d4a-86e9-0a274bc9c71b,수산시대,수산물,간석자유시장,전통시장,인천광역시,3.0,3.0,,,RESOLVED_AGREEMENT,False,3,,,,
bd1cdf355a112ee53250,val,수산물,T6 기계변형,q_수산물_16,수산물추천,식료품 중 '수산물'을 판매·제공하는 매장,d835e8a6-8d36-4172-afce-54127c478768,돌고래 수산,수산물,남광주시장,전통시장,광주광역시,3.0,3.0,,,RESOLVED_AGREEMENT,False,3,,,,
22fa7a7f4786dd6fdd87,val,수산물,T6 기계변형,q_수산물_16,수산물추천,식료품 중 '수산물'을 판매·제공하는 매장,f79ab8ca-cc2e-4b09-b298-265f305650d9,우정수산물,수산물,모슬포 중앙시장,전통시장,제주특별자치도,3.0,3.0,,,RESOLVED_AGREEMENT,False,3,,,,
158544342a6cf7101a9d,val,수산물,T6 기계변형,q_수산물_16,수산물추천,식료품 중 '수산물'을 판매·제공하는 매장,eb27f0ec-48a7-4dbc-acc9-ead762d4ab15,호님상회,수산물,목포종합수산시장,전통시장,전라남도,3.0,3.0,,,RESOLVED_AGREEMENT,False,3,,,,
6b6f219b36c0f7ada944,val,수산물,T6 기계변형,q_수산물_16,수산물추천,식료품 중 '수산물'을 판매·제공하는 매장,a8a490f7-2a1e-4f3c-909b-4fc5bf2c5f2f,유참치,수산물,남대문시장,전통시장,서울특별시,3.0,3.0,,,RESOLVED_AGREEMENT,False,3,,,,
b8418650641e457b1345,val,수산물,T6 기계변형,q_수산물_16,수산물추천,식료품 중 '수산물'을 판매·제공하는 매장,cc5350e1-229f-4d9c-a431-4c09701df79f,황덕호,수산물,소래포구전통어시장,전통시장,인천광역시,3.0,3.0,,,RESOLVED_AGREEMENT,False,3,,,,
77561c88d2bd6dc33d80,val,수산물,T6 기계변형,q_수산물_16,수산물추천,식료품 중 '수산물'을 판매·제공하는 매장,a97588fa-ceaf-4258-8d6e-c665ed4d284a,수산마켓,수산물,원종고강제일시장(부천제일시장),전통시장,경기도,3.0,3.0,,,RESOLVED_AGREEMENT,False,3,,,,
fa4f5e3e6f06331aa3b8,val,수산물,T6 기계변형,q_수산물_16,수산물추천,식료품 중 '수산물'을 판매·제공하는 매장,2615ec17-b276-470d-8474-2e901cf479cb,하오츠완탕면,중식,산본전통시장(구 군포산본시장),전통시장,경기도,0.0,0.0,,,RESOLVED_AGREEMENT,False,0,,,,
5e08b0f031b9a84e3a58,val,수산물,T6 기계변형,q_수산물_16,수산물추천,식료품 중 '수산물'을 판매·제공하는 매장,333fa307-f61c-45a8-a79b-93fff676095e,대명어물,어물,서귀포향토오일시장,전통시장,제주특별자치도,3.0,0.0,,,P1_BINARY_THRESHOLD,True,,,,,
b6940a8b2e315013f05c,val,수산물,T6 기계변형,q_수산물_16,수산물추천,식료품 중 '수산물'을 판매·제공하는 매장,dfeb745e-a4f8-40a8-b66c-4667f61444a8,대박수산물,수산물,군산공설시장,전통시장,전북특별자치도,3.0,3.0,,,RESOLVED_AGREEMENT,False,3,,,,
5eda5b279957fa860161,val,수산물,T6 기계변형,q_수산물_16,수산물추천,식료품 중 '수산물'을 판매·제공하는 매장,0f2761cc-59c9-4a9f-8519-887e898a6c21,대폭수산,수산물,포항죽도농산물시장,전통시장,경상북도,3.0,3.0,,,RESOLVED_AGREEMENT,False,3,,,,
8f5446945dcbd93cbbb2,val,수산물,T6 기계변형,q_수산물_16,수산물추천,식료품 중 '수산물'을 판매·제공하는 매장,004032ef-2ae7-4e97-ac30-b12a0869e930,시장횟집,횟집,광양매일시장(광양상설시장),전통시장,전라남도,1.0,2.0,,,P1_BINARY_THRESHOLD,True,,,,,
c59eb388567ffe61cc2d,val,수산물,T6 기계변형,q_수산물_16,수산물추천,식료품 중 '수산물'을 판매·제공하는 매장,b99ca4f1-543a-4f77-aa44-acbadc514cf6,수산물판매장10호,수산물,격포어촌계 골목형상점가,골목형상점가,전북특별자치도,3.0,3.0,,,RESOLVED_AGREEMENT,False,3,,,,
fc08b5a4b00e7bc04408,val,수산물,T6 기계변형,q_수산물_16,수산물추천,식료품 중 '수산물'을 판매·제공하는 매장,fc99b06d-341b-491e-b33a-2b7157dd7d38,창근수산,수산물,영광터미널시장,전통시장,전라남도,3.0,3.0,,,RESOLVED_AGREEMENT,False,3,,,,
c7756bfc12b5fa1970dc,val,수산물,T6 기계변형,q_수산물_16,수산물추천,식료품 중 '수산물'을 판매·제공하는 매장,0004c5f7-95e0-45be-9f06-a705b8113ff0,의창수협67번중도매인,활어,진해 용원어시장상점가,자율상권구역,경상남도,3.0,0.0,,,P1_BINARY_THRESHOLD,True,,,,,
a0a604141f3a7b3300b6,val,수산물,T6 기계변형,q_수산물_16,수산물추천,식료품 중 '수산물'을 판매·제공하는 매장,00cd5dee-c068-48da-bc58-a704d5fe8832,윤석수산,수산물 활어회 생선 게종류 젓갈 갑각류 해산물 등등,대공원시장,전통시장,대구광역시,3.0,3.0,,,RESOLVED_AGREEMENT,False,3,,,,
f1cb84dfc90673a6afa5,val,수산물,T6 기계변형,q_수산물_16,수산물추천,식료품 중 '수산물'을 판매·제공하는 매장,82c0edd5-bb6d-4e3b-8e47-a3cad97cea75,쑝쑝수산,수산물,통영 북신전통시장,전통시장,경상남도,3.0,3.0,,,RESOLVED_AGREEMENT,False,3,,,,
f11f8259f81454ed6865,val,수산물,T6 기계변형,q_수산물_16,수산물추천,식료품 중 '수산물'을 판매·제공하는 매장,2d5f3edf-8246-47ab-908c-a4297de2da37,갈릴리 수산물 도매,수산물,죽도어시장,전통시장,경상북도,3.0,3.0,,,RESOLVED_AGREEMENT,False,3,,,,
f8d1d3363c2696731dd1,val,수산물,T6 기계변형,q_수산물_16,수산물추천,식료품 중 '수산물'을 판매·제공하는 매장,1afbf2ad-4511-4dd9-aaa1-c7717a2e753a,참수산,수산물,씨푸드타운 일반상가상인회 골목형상점가,골목형상점가,전라남도,3.0,3.0,,,RESOLVED_AGREEMENT,False,3,,,,
c040b95760551e44f5b1,val,수산물,T6 기계변형,q_수산물_16,수산물추천,식료품 중 '수산물'을 판매·제공하는 매장,cdf954a5-9864-4262-a33b-651f66572c80,수산왕 쌍문,수산물,쌍문시장(쌍문역골목시장),전통시장,서울특별시,3.0,3.0,,,RESOLVED_AGREEMENT,False,3,,,,
cded7165d1b1f1e2c538,val,수산물,T6 기계변형,q_수산물_16,수산물추천,식료품 중 '수산물'을 판매·제공하는 매장,99d55467-b3a1-419f-be5d-3d803a3d8468,돔수산,수산물,노은상가연합 골목형상점가,골목형상점가,대전광역시,3.0,3.0,,,RESOLVED_AGREEMENT,False,3,,,,
cea1411166e16cf011ab,val,수산물,T6 기계변형,q_수산물_16,수산물추천,식료품 중 '수산물'을 판매·제공하는 매장,2e9487ee-4825-4ee1-9b41-5777d0a99d6e,워싱턴수산,수산물,남광주시장,전통시장,,3.0,3.0,,,RESOLVED_AGREEMENT,False,3,,,,
55da61bcdbf1bcd5ec24,val,수산물,T6 기계변형,q_수산물_16,수산물추천,식료품 중 '수산물'을 판매·제공하는 매장,96d320fd-1704-42d5-b421-4dd10fd93020,옥분수산,수산물,양동수산시장,전통시장,,3.0,3.0,,,RESOLVED_AGREEMENT,False,3,,,,
c42988201639d5aec6eb,val,수산물,T6 기계변형,q_수산물_16,수산물추천,식료품 중 '수산물'을 판매·제공하는 매장,afa0bb78-554b-4d5b-99fc-618119c379dc,수산물판매장 5호점,수산물,격포어촌계 골목형상점가,골목형상점가,전북특별자치도,3.0,3.0,,,RESOLVED_AGREEMENT,False,3,,,,
176e96e21d31faac0473,val,수산물,T6 기계변형,q_수산물_16,수산물추천,식료품 중 '수산물'을 판매·제공하는 매장,ce4fad41-7b6a-4275-9ad9-f4260eef6e17,동네수산물,수산물,농성세대공감상인회 골목형상점가,골목형상점가,광주광역시,3.0,3.0,,,RESOLVED_AGREEMENT,False,3,,,,
605f54d9d87e9509870f,val,수산물,T6 기계변형,q_수산물_16,수산물추천,식료품 중 '수산물'을 판매·제공하는 매장,b5b658e1-37a1-4d33-b506-79d073077a7d,수산마켓,수산물,노량진수산시장골목형상점가,골목형상점가,서울특별시,3.0,3.0,,,RESOLVED_AGREEMENT,False,3,,,,
a9adceaff31277b7c10d,val,수산물,T6 기계변형,q_수산물_16,수산물추천,식료품 중 '수산물'을 판매·제공하는 매장,8d6d4634-3b85-4d95-8f32-2f385990456f,안동 수산,수산물,번개시장,전통시장,대구광역시,3.0,3.0,,,RESOLVED_AGREEMENT,False,3,,,,
24766a7199696a704ca6,val,수산물,T6 기계변형,q_수산물_16,수산물추천,식료품 중 '수산물'을 판매·제공하는 매장,9f026d4c-34ad-41b0-909b-dec6363f35de,형통수산,수산물,청량리수산시장,전통시장,서울특별시,3.0,3.0,,,RESOLVED_AGREEMENT,False,3,,,,
96d030eaa598e694e055,val,수산물,T6 기계변형,q_수산물_16,수산물추천,식료품 중 '수산물'을 판매·제공하는 매장,8b874bfd-b23d-42e2-bb65-56624b7f35c6,율포도황수산,수산물,오치1동 골목형상점가,골목형상점가,광주광역시,3.0,3.0,,,RESOLVED_AGREEMENT,False,3,,,,
8e999b81255a6ece0f98,val,수산물,T6 기계변형,q_수산물_16,수산물추천,식료품 중 '수산물'을 판매·제공하는 매장,12ecd4ae-d2fc-4425-9ccd-7ac616b3f7a4,한결수산,수산물,대천항수산시장,전통시장,충청남도,3.0,3.0,,,RESOLVED_AGREEMENT,False,3,,,,
61b3091280bf40e51e86,val,수산물,T6 기계변형,q_수산물_16,수산물추천,식료품 중 '수산물'을 판매·제공하는 매장,00a40df6-e218-4c9e-951f-b2c1a3ee676e,영흥수산,생선,가락몰골목형상점가,골목형상점가,서울특별시,3.0,3.0,,,RESOLVED_AGREEMENT,False,3,,,,
87ba01632c27188299c4,val,수산물,T6 기계변형,q_수산물_16,수산물추천,식료품 중 '수산물'을 판매·제공하는 매장,b36f0fec-2b76-407f-81d5-8e0136187be8,K수산,수산물,쌍학로상인회 골목형상점가,골목형상점가,광주광역시,3.0,3.0,,,RESOLVED_AGREEMENT,False,3,,,,
9f71561fb9f6efaaa018,val,수산물,T6 기계변형,q_수산물_16,수산물추천,식료품 중 '수산물'을 판매·제공하는 매장,68adeb05-4b06-4f73-b7d6-7c94e4983e6d,손불수산,수산물,함평천지 골목형상점가,골목형상점가,전라남도,3.0,3.0,,,RESOLVED_AGREEMENT,False,3,,,,
97edafbcbf9586e52023,val,수산물,T6 기계변형,q_수산물_16,수산물추천,식료품 중 '수산물'을 판매·제공하는 매장,6b9969df-2eda-48e9-bb9d-5a879a4e68f6,중앙수산물,수산물,경주중앙시장,전통시장,경상북도,3.0,3.0,,,RESOLVED_AGREEMENT,False,3,,,,
dffd523415d545183ecd,val,수산물,T6 기계변형,q_수산물_16,수산물추천,식료품 중 '수산물'을 판매·제공하는 매장,65ef63c5-3d1d-4563-963a-bfab4f84f794,으악새수산,수산물,가락몰골목형상점가,골목형상점가,서울특별시,3.0,3.0,,,RESOLVED_AGREEMENT,False,3,,,,
c51f5370b50113f08383,val,수산물,T6 기계변형,q_수산물_16,수산물추천,식료품 중 '수산물'을 판매·제공하는 매장,a0abc246-2341-4454-aab1-f968da88a862,생선팜,수산물,의정부시장,전통시장,경기도,3.0,3.0,,,RESOLVED_AGREEMENT,False,3,,,,
1d5ec1d0d41749931455,val,수산물,T6 기계변형,q_수산물_16,수산물추천,식료품 중 '수산물'을 판매·제공하는 매장,62e0474e-8456-47ce-8002-0bf68eeef7e1,현승 수산,수산물,인천종합어시장,전통시장,인천광역시,3.0,3.0,,,RESOLVED_AGREEMENT,False,3,,,,
7e84c4d080fff5bb061f,val,수산물,T6 기계변형,q_수산물_16,수산물추천,식료품 중 '수산물'을 판매·제공하는 매장,dd2bdb77-8a80-4f9d-818e-1681badac833,미산,수산물,노량진수산시장골목형상점가,골목형상점가,서울특별시,3.0,3.0,,,RESOLVED_AGREEMENT,False,3,,,,
de1140cd5975a658ad8f,val,수산물,T6 기계변형,q_수산물_16,수산물추천,식료품 중 '수산물'을 판매·제공하는 매장,3efedc35-4cef-46cd-bada-a45ba312eea2,경남상회,,동래시장,전통시장,부산광역시,3.0,3.0,,,RESOLVED_AGREEMENT,False,3,,,,
33afcaa69545b7f9bcbc,val,수산물,T6 기계변형,q_수산물_16,수산물추천,식료품 중 '수산물'을 판매·제공하는 매장,f57c7e4b-5081-4a00-b619-50404950a906,오색수산,수산물,오산오색시장(구 오산중앙시장),전통시장,경기도,3.0,3.0,,,RESOLVED_AGREEMENT,False,3,,,,
9faa1ffc685f96e206d4,val,수산물,T6 기계변형,q_수산물_16,수산물추천,식료품 중 '수산물'을 판매·제공하는 매장,515b1c2a-8c96-4906-9a24-f1388a5367ad,연회,수산물,수완이지더원 골목형상점가,골목형상점가,광주광역시,3.0,3.0,,,RESOLVED_AGREEMENT,False,3,,,,
b394fc9c5126516b35ad,val,수산물,T6 기계변형,q_수산물_16,수산물추천,식료품 중 '수산물'을 판매·제공하는 매장,0027eaf6-093b-4df4-9457-4f1081537ff3,충무꼭지횟집,횟집,초량전통시장,전통시장,부산광역시,1.0,2.0,,,P1_BINARY_THRESHOLD,True,,,,,
9259261c118e9cc69222,val,수산물,T6 기계변형,q_수산물_16,수산물추천,식료품 중 '수산물'을 판매·제공하는 매장,00356e71-7b15-4a42-be60-f232011707b8,유한회사 덕재건재,건어물,가락몰골목형상점가,골목형상점가,서울특별시,3.0,3.0,,,RESOLVED_AGREEMENT,False,3,,,,
5ffef3a701df0cac6a93,val,수산물,T6 기계변형,q_수산물_16,수산물추천,식료품 중 '수산물'을 판매·제공하는 매장,0338c9e2-acfe-4b95-a627-b1ee62d800a4,준혁상회,수산물,진주 논개시장,전통시장,경상남도,3.0,3.0,,,RESOLVED_AGREEMENT,False,3,,,,
5b39a668bd603cad4103,val,수산물,T6 기계변형,q_수산물_16,수산물추천,식료품 중 '수산물'을 판매·제공하는 매장,03cbd591-5ee7-4f9b-842e-8dc427925406,신흥상회,어물,상주중앙시장,전통시장,경상북도,3.0,3.0,,,RESOLVED_AGREEMENT,False,3,,,,
32943cde18ad1324d8c6,val,수산물,T6 기계변형,q_수산물_16,수산물추천,식료품 중 '수산물'을 판매·제공하는 매장,9f6d557a-7010-47ef-bef3-8fe3f1568fe5,수산물 판매장 3호,수산물,격포어촌계 골목형상점가,골목형상점가,전북특별자치도,3.0,3.0,,,RESOLVED_AGREEMENT,False,3,,,,
8f6e59f1edb75ca20460,val,수산물,T6 기계변형,q_수산물_16,수산물추천,식료품 중 '수산물'을 판매·제공하는 매장,0c671de5-f2e6-4fa7-b2ba-3b9dc3e546a5,수산상회,수산물,노량진수산시장골목형상점가,골목형상점가,서울특별시,3.0,3.0,,,RESOLVED_AGREEMENT,False,3,,,,
e6c46ee29a91462cb326,val,수산물,T6 기계변형,q_수산물_16,수산물추천,식료품 중 '수산물'을 판매·제공하는 매장,6183874a-e0f0-4cf8-a97b-d3d0fcc6dc1b,수산물판매장44호,수산물,격포어촌계 골목형상점가,골목형상점가,전북특별자치도,3.0,3.0,,,RESOLVED_AGREEMENT,False,3,,,,
7fd506b9bd23fd11ac49,val,수산물,T6 기계변형,q_수산물_16,수산물추천,식료품 중 '수산물'을 판매·제공하는 매장,001ec0bf-0eda-4aa8-8efc-a90930649cf5,원프룻,농수산물,정이있는 구포시장,전통시장,부산광역시,3.0,3.0,,,RESOLVED_AGREEMENT,False,3,,,,
97e260f90d4edc680836,val,수산물,T6 기계변형,q_수산물_16,수산물추천,식료품 중 '수산물'을 판매·제공하는 매장,69ccf875-ccb8-410e-9336-d2d8cd4be945,덕근수산,수산물,목포종합수산시장,전통시장,전라남도,3.0,3.0,,,RESOLVED_AGREEMENT,False,3,,,,
896afe280182f9cfc567,val,수산물,T6 기계변형,q_수산물_16,수산물추천,식료품 중 '수산물'을 판매·제공하는 매장,db14ad98-26b6-414d-a519-4f9da9e47ee6,수산물판매장99호,수산물,격포어촌계 골목형상점가,골목형상점가,전북특별자치도,3.0,3.0,,,RESOLVED_AGREEMENT,False,3,,,,
274bdf84158bd9f962ad,val,수산물,T6 기계변형,q_수산물_16,수산물추천,식료품 중 '수산물'을 판매·제공하는 매장,32acf482-6940-4d15-8160-3971ea30a346,유람선,수산물,궁평항해오름수산시장,전통시장,경기도,3.0,3.0,,,RESOLVED_AGREEMENT,False,3,,,,
22f0ecd130ee4f2194cb,val,수산물,T6 기계변형,q_수산물_16,수산물추천,식료품 중 '수산물'을 판매·제공하는 매장,00779863-22b7-4378-adca-42362eff7e3f,장복횟집.수산,생선회,"안면도수산시장(구, 안면도장터)",전통시장,충청남도,3.0,3.0,,,RESOLVED_AGREEMENT,False,3,,,,
5c526d0600ee4a099715,val,수산물,T6 기계변형,q_수산물_16,수산물추천,식료품 중 '수산물'을 판매·제공하는 매장,be319dc1-4d0e-4119-bbd0-f13ec10c4a5c,수정,수산물,묵호항자연산수산물판매시장,전통시장,강원특별자치도,3.0,3.0,,,RESOLVED_AGREEMENT,False,3,,,,
cbff530344f5e4e7c053,val,수산물,T6 기계변형,q_수산물_16,수산물추천,식료품 중 '수산물'을 판매·제공하는 매장,33e81ff4-2385-4ef3-96bf-6e9a9c75a4bb,수산시장,수산물,태화시장,전통시장,울산광역시,3.0,3.0,,,RESOLVED_AGREEMENT,False,3,,,,
33d030487c9dcd396e95,val,수산물,T6 기계변형,q_수산물_16,수산물추천,식료품 중 '수산물'을 판매·제공하는 매장,d169f5f1-9dba-4dab-86ef-391f4813b73d,수산타운,수산물,화정동 서부시장,전통시장,광주광역시,3.0,3.0,,,RESOLVED_AGREEMENT,False,3,,,,
1a4838a52c5d28406210,val,수산물,T6 기계변형,q_수산물_16,수산물추천,식료품 중 '수산물'을 판매·제공하는 매장,47bb37ee-51f3-4aaf-9f21-7ff318f82ef3,홈수산,수산물,새미래 골목형상점가,골목형상점가,대전광역시,3.0,3.0,,,RESOLVED_AGREEMENT,False,3,,,,
b692d989f38e25a4eda4,val,수산물,T6 기계변형,q_수산물_16,수산물추천,식료품 중 '수산물'을 판매·제공하는 매장,007aece5-08b8-4eb0-b4c6-18d451eadcfd,영남상회,건어물,동쪽바다중앙시장(구 동해중앙시장),전통시장,강원특별자치도,3.0,3.0,,,RESOLVED_AGREEMENT,False,3,,,,
7c450ec1622105b406f7,val,수산물,T6 기계변형,q_수산물_16,수산물추천,식료품 중 '수산물'을 판매·제공하는 매장,0981916a-3e46-479c-89fe-a7bef170b8d8,옛날가마솥순대&마미떡범벅 수내점,"떡볶이, 모듬순대, 튀김",돌고래시장(돌고래종합상가),전통시장,경기도,0.0,3.0,,,P1_BINARY_THRESHOLD,True,,,,,
b0bdd436430b957aa52f,val,수산물,T6 기계변형,q_수산물_16,수산물추천,식료품 중 '수산물'을 판매·제공하는 매장,623060f1-cc6d-43a5-8bc2-5a1483e9889c,회떠,수산물,공주대학로 골목형 상점가,골목형상점가,충청남도,3.0,3.0,,,RESOLVED_AGREEMENT,False,3,,,,
3ed69a2dbe0e1ab64102,val,수산물,T6 기계변형,q_수산물_16,수산물추천,식료품 중 '수산물'을 판매·제공하는 매장,00e04e3d-cb00-4d64-a13d-a9c02f9a4fc8,대림수산,활어,자갈치시장,전통시장,부산광역시,3.0,3.0,,,RESOLVED_AGREEMENT,False,3,,,,
22f51a53710917ff549c,val,수산물,T6 기계변형,q_수산물_16,수산물추천,식료품 중 '수산물'을 판매·제공하는 매장,00bd252b-19f9-4e9a-bf26-b45280bb84ae,선옥상회,생선,고성 공룡시장,전통시장,경상남도,3.0,3.0,,,RESOLVED_AGREEMENT,False,3,,,,
7c20871fce13906fd387,val,수산물,T6 기계변형,q_수산물_16,수산물추천,식료품 중 '수산물'을 판매·제공하는 매장,00445369-fa3a-4cd3-ae3a-6564876f4199,용수상회,수산물,서문시장건해산물상가,전통시장,대구광역시,3.0,3.0,,,RESOLVED_AGREEMENT,False,3,,,,
8058a03a72c9eb958eb5,val,수산물,T6 기계변형,q_수산물_16,수산물추천,식료품 중 '수산물'을 판매·제공하는 매장,00a0d437-836b-453d-b15e-55fbf7dc8460,대박수산,생선,청주육거리종합시장,전통시장,충청북도,3.0,3.0,,,RESOLVED_AGREEMENT,False,3,,,,
3bc3e7e92350da3ebe6d,val,수산물,T6 기계변형,q_수산물_16,수산물추천,식료품 중 '수산물'을 판매·제공하는 매장,00ba389b-e522-4da5-ac26-2ffaf33359ec,스시노유키,초밥,산본로데오거리(구 산본중심상가),자율상권구역,경기도,1.0,0.0,,,P2_GRADED_ONLY,True,,,,,
3909ef85ddedd82eeb25,val,수산물,T6 기계변형,q_수산물_16,수산물추천,식료품 중 '수산물'을 판매·제공하는 매장,00ac75c4-6e3f-4d23-8a6a-1dc8ba294b85,우진수산,"수산물, 활어",효자시장,전통시장,경상북도,3.0,3.0,,,RESOLVED_AGREEMENT,False,3,,,,
f2dc7f50738de18eb3a3,val,수산물,T6 기계변형,q_수산물_16,수산물추천,식료품 중 '수산물'을 판매·제공하는 매장,9241b17b-0d6b-44ef-95a6-8a090fb27a55,수산마트,수산물,동원전통시장상점가,자율상권구역,서울특별시,3.0,3.0,,,RESOLVED_AGREEMENT,False,3,,,,
443a88f33f4179d061d5,val,수산물,T6 기계변형,q_수산물_16,수산물추천,식료품 중 '수산물'을 판매·제공하는 매장,3c3b4ec5-49e1-4032-ac90-11b3b4f7e7ec,뚱이네 수산,수산물,역전 뒷골목 상가번영회 골목형상점가,골목형상점가,전라남도,3.0,3.0,,,RESOLVED_AGREEMENT,False,3,,,,
4380bf58d9033a85de52,val,수산물,T6 기계변형,q_수산물_16,수산물추천,식료품 중 '수산물'을 판매·제공하는 매장,893f9d1d-1cff-406f-8f23-c3f5643146be,오늘 수산,수산물,김해 외동전통시장,전통시장,경상남도,3.0,3.0,,,RESOLVED_AGREEMENT,False,3,,,,
10de44bcaed3fa5c2b5c,val,수산물,T6 기계변형,q_수산물_16,수산물추천,식료품 중 '수산물'을 판매·제공하는 매장,35f30d35-05c3-4dea-8e20-e2d3e59f1663,남광주 수산물,수산물,남광주시장,전통시장,광주광역시,3.0,3.0,,,RESOLVED_AGREEMENT,False,3,,,,
fbcadd131a3a00cf41ba,val,수산물,T6 기계변형,q_수산물_16,수산물추천,식료품 중 '수산물'을 판매·제공하는 매장,02faca98-629e-48a7-b384-f1efb6b03b0c,갈목수산,수산물,서천특화시장,전통시장,충청남도,3.0,3.0,,,RESOLVED_AGREEMENT,False,3,,,,
a8959b62f292986e1455,val,수산물,T6 기계변형,q_수산물_16,수산물추천,식료품 중 '수산물'을 판매·제공하는 매장,0d85c4c2-aa3d-483a-9875-297ffd5e0d98,수산물 직매장,수산물,기장시장 일원 자율상권구역,상권활성화구역,부산광역시,3.0,3.0,,,RESOLVED_AGREEMENT,False,3,,,,
28a788b3a8b34b131a97,val,수산물,T6 기계변형,q_수산물_16,수산물추천,식료품 중 '수산물'을 판매·제공하는 매장,038f89c5-a204-4c80-9e31-9d22a3ba4c95,연스시,초밥,노은역 골목형상점가,골목형상점가,대전광역시,1.0,0.0,,,P2_GRADED_ONLY,True,,,,,
97acf3c2ca82f169b990,val,수산물,T6 기계변형,q_수산물_16,수산물추천,식료품 중 '수산물'을 판매·제공하는 매장,63bc7227-c40e-4131-9061-a94570f2591e,홍수산,수산물,중앙선어시장,전통시장,전라남도,3.0,3.0,,,RESOLVED_AGREEMENT,False,3,,,,
e4c42cb8cc9d76b969ba,val,수산물,T6 기계변형,q_수산물_16,수산물추천,식료품 중 '수산물'을 판매·제공하는 매장,fb2624dd-f80d-44e0-9c5b-8e62e7580400,차상회,수산물,부산공동어시장상점가,자율상권구역,부산광역시,3.0,3.0,,,RESOLVED_AGREEMENT,False,3,,,,
95ff25554b4521e4f702,val,수산물,T6 기계변형,q_수산물_16,수산물추천,식료품 중 '수산물'을 판매·제공하는 매장,7b0b7092-bb2b-4ff3-a8c3-81afa31a97e6,수산물판매장2호,수산물,격포어촌계 골목형상점가,골목형상점가,전북특별자치도,3.0,3.0,,,RESOLVED_AGREEMENT,False,3,,,,
d298a268bb58b84dfff0,val,수산물,T6 기계변형,q_수산물_16,수산물추천,식료품 중 '수산물'을 판매·제공하는 매장,60e4ae04-dc25-4bee-8ff9-bf85688210ca,나르샤무용학원,문화예술교육관련서비스,신대지구상가,자율상권구역,전라남도,0.0,0.0,,,RESOLVED_AGREEMENT,False,0,,,,
7b1e5b9f1e627221fee1,val,수산물,T6 기계변형,q_수산물_16,수산물추천,식료품 중 '수산물'을 판매·제공하는 매장,0bf687ec-4ea8-4932-a2c4-401f28aab97f,중앙어물,어물,모슬포 중앙시장,전통시장,제주특별자치도,3.0,0.0,,,P1_BINARY_THRESHOLD,True,,,,,
243900313ad276f98428,val,수산물,T6 기계변형,q_수산물_16,수산물추천,식료품 중 '수산물'을 판매·제공하는 매장,013d58c8-33f8-4dbe-95de-801d22ea9505,민영활어공장 부천자유시장점,"회, 초밥",부천자유시장,전통시장,경기도,1.0,3.0,,,P1_BINARY_THRESHOLD,True,,,,,
976d3a17349cdd9417d3,val,수산물,T6 기계변형,q_수산물_16,수산물추천,식료품 중 '수산물'을 판매·제공하는 매장,00fcc68d-3086-4b45-b998-f3763e8dbf7d,꼬치마요 산본역점(9호점),일식,산본로데오거리(구 산본중심상가),자율상권구역,경기도,1.0,0.0,,,P2_GRADED_ONLY,True,,,,,
7bd75b532206c05b9ec1,val,수산물,T6 기계변형,q_수산물_17,수산뭉,식료품 중 '수산물'을 판매·제공하는 매장,12ecd4ae-d2fc-4425-9ccd-7ac616b3f7a4,한결수산,수산물,대천항수산시장,전통시장,충청남도,3.0,3.0,,,RESOLVED_AGREEMENT,False,3,,,,
d87528066fa86130414d,val,수산물,T6 기계변형,q_수산물_17,수산뭉,식료품 중 '수산물'을 판매·제공하는 매장,0019e966-8007-4603-957c-4e9adcd1f05a,부남수산,수산물,서산동부전통시장,전통시장,충청남도,3.0,3.0,,,RESOLVED_AGREEMENT,False,3,,,,
70c8bd35b2afa10f616b,val,수산물,T6 기계변형,q_수산물_17,수산뭉,식료품 중 '수산물'을 판매·제공하는 매장,000d55be-8181-4f45-827e-52082b2ae284,명희유통,건어물,성북시장,전통시장,부산광역시,3.0,3.0,,,RESOLVED_AGREEMENT,False,3,,,,
d3b99cd59f84b994a60c,val,수산물,T6 기계변형,q_수산물_17,수산뭉,식료품 중 '수산물'을 판매·제공하는 매장,a3cc4798-4fe7-4a4d-9c5c-19793003ee15,민교네 수산,수산,영일대북부시장(구 북부시장),전통시장,경상북도,0.0,3.0,,,P1_BINARY_THRESHOLD,True,,,,,
545df1bd51de0ad2ca7b,val,수산물,T6 기계변형,q_수산물_17,수산뭉,식료품 중 '수산물'을 판매·제공하는 매장,2d52a875-b38f-4104-bf1a-fdc6f7ad2749,미화한복,한복,음성시장,전통시장,충청북도,0.0,0.0,,,RESOLVED_AGREEMENT,False,0,,,,
f21bdb63ac4d5fd5f527,val,수산물,T6 기계변형,q_수산물_17,수산뭉,식료품 중 '수산물'을 판매·제공하는 매장,004032ef-2ae7-4e97-ac30-b12a0869e930,시장횟집,횟집,광양매일시장(광양상설시장),전통시장,전라남도,1.0,2.0,,,P1_BINARY_THRESHOLD,True,,,,,
80096c07fac65940ce99,val,수산물,T6 기계변형,q_수산물_17,수산뭉,식료품 중 '수산물'을 판매·제공하는 매장,150f5b4d-510f-49f9-836a-dbf7e81f27d4,태뭉,한식,평촌1번가 상점가,자율상권구역,경기도,0.0,0.0,,,RESOLVED_AGREEMENT,False,0,,,,
e4311872b18114eeba63,val,수산물,T6 기계변형,q_수산물_17,수산뭉,식료품 중 '수산물'을 판매·제공하는 매장,013d58c8-33f8-4dbe-95de-801d22ea9505,민영활어공장 부천자유시장점,"회, 초밥",부천자유시장,전통시장,경기도,1.0,3.0,,,P1_BINARY_THRESHOLD,True,,,,,
7a8420b7e40bc0c19743,val,수산물,T6 기계변형,q_수산물_17,수산뭉,식료품 중 '수산물'을 판매·제공하는 매장,fc99b06d-341b-491e-b33a-2b7157dd7d38,창근수산,수산물,영광터미널시장,전통시장,전라남도,3.0,3.0,,,RESOLVED_AGREEMENT,False,3,,,,
0d5229347c08dfa8de28,val,수산물,T6 기계변형,q_수산물_17,수산뭉,식료품 중 '수산물'을 판매·제공하는 매장,2646d1a8-8f02-41fd-ab70-d121e5eb50b6,하나로 수산,수산물,예천중앙시장,전통시장,경상북도,3.0,3.0,,,RESOLVED_AGREEMENT,False,3,,,,
e2b2f9da2b1691d32614,val,수산물,T6 기계변형,q_수산물_17,수산뭉,식료품 중 '수산물'을 판매·제공하는 매장,c01f623f-df42-4a67-a15c-2615a33e005f,해뜨는 수산,수산물,격포어촌계 골목형상점가,골목형상점가,전북특별자치도,3.0,3.0,,,RESOLVED_AGREEMENT,False,3,,,,
732513a9afd2a36bca02,val,수산물,T6 기계변형,q_수산물_17,수산뭉,식료품 중 '수산물'을 판매·제공하는 매장,7f72eae7-0092-43e4-b004-794cd232a40e,후생사 수산,수산물,중리시장,전통시장,대전광역시,3.0,3.0,,,RESOLVED_AGREEMENT,False,3,,,,
3bdc2067432518edc211,val,수산물,T6 기계변형,q_수산물_17,수산뭉,식료품 중 '수산물'을 판매·제공하는 매장,333fa307-f61c-45a8-a79b-93fff676095e,대명어물,어물,서귀포향토오일시장,전통시장,제주특별자치도,3.0,0.0,,,P1_BINARY_THRESHOLD,True,,,,,
751e79c01ef42f7438d1,val,수산물,T6 기계변형,q_수산물_17,수산뭉,식료품 중 '수산물'을 판매·제공하는 매장,00a40df6-e218-4c9e-951f-b2c1a3ee676e,영흥수산,생선,가락몰골목형상점가,골목형상점가,서울특별시,3.0,3.0,,,RESOLVED_AGREEMENT,False,3,,,,
2f6ab56704f48cdd0c4d,val,수산물,T6 기계변형,q_수산물_17,수산뭉,식료품 중 '수산물'을 판매·제공하는 매장,0fcab496-4d51-496e-a2d1-5567706fac85,시아루,떡,첨단이웃사랑 골목형상점가,골목형상점가,광주광역시,0.0,0.0,,,RESOLVED_AGREEMENT,False,0,,,,
781df1a3d2d40aa56af6,val,수산물,T6 기계변형,q_수산물_17,수산뭉,식료품 중 '수산물'을 판매·제공하는 매장,03cbd591-5ee7-4f9b-842e-8dc427925406,신흥상회,어물,상주중앙시장,전통시장,경상북도,3.0,3.0,,,RESOLVED_AGREEMENT,False,3,,,,
6c8bb03dfb8f8dae9524,val,수산물,T6 기계변형,q_수산물_17,수산뭉,식료품 중 '수산물'을 판매·제공하는 매장,00ba389b-e522-4da5-ac26-2ffaf33359ec,스시노유키,초밥,산본로데오거리(구 산본중심상가),자율상권구역,경기도,1.0,0.0,,,P2_GRADED_ONLY,True,,,,,
bdbcaaca98a9f79a18a8,val,수산물,T6 기계변형,q_수산물_17,수산뭉,식료품 중 '수산물'을 판매·제공하는 매장,2e9487ee-4825-4ee1-9b41-5777d0a99d6e,워싱턴수산,수산물,남광주시장,전통시장,,3.0,3.0,,,RESOLVED_AGREEMENT,False,3,,,,
33f4b3d6b97fe508edab,val,수산물,T6 기계변형,q_수산물_17,수산뭉,식료품 중 '수산물'을 판매·제공하는 매장,32acf482-6940-4d15-8160-3971ea30a346,유람선,수산물,궁평항해오름수산시장,전통시장,경기도,3.0,3.0,,,RESOLVED_AGREEMENT,False,3,,,,
fa7e501c529d51d4bd9a,val,수산물,T6 기계변형,q_수산물_17,수산뭉,식료품 중 '수산물'을 판매·제공하는 매장,c07c5a16-1a3c-429f-b101-fbcca06673b7,다둥이네 수산,수산물,영광터미널시장,전통시장,전라남도,3.0,3.0,,,RESOLVED_AGREEMENT,False,3,,,,
787f1f8f3f2d55d98652,val,수산물,T6 기계변형,q_수산물_17,수산뭉,식료품 중 '수산물'을 판매·제공하는 매장,69ccf875-ccb8-410e-9336-d2d8cd4be945,덕근수산,수산물,목포종합수산시장,전통시장,전라남도,3.0,3.0,,,RESOLVED_AGREEMENT,False,3,,,,
4f364eccd0c55f6322b4,val,수산물,T6 기계변형,q_수산물_17,수산뭉,식료품 중 '수산물'을 판매·제공하는 매장,3c3b4ec5-49e1-4032-ac90-11b3b4f7e7ec,뚱이네 수산,수산물,역전 뒷골목 상가번영회 골목형상점가,골목형상점가,전라남도,3.0,3.0,,,RESOLVED_AGREEMENT,False,3,,,,
c61cad64ce40af34bd9b,val,수산물,T6 기계변형,q_수산물_17,수산뭉,식료품 중 '수산물'을 판매·제공하는 매장,faa389c7-4669-4c00-ab1d-843a9259a12d,마린 수산,수산물,울진후포시장,전통시장,경상북도,3.0,3.0,,,RESOLVED_AGREEMENT,False,3,,,,
3faaaa8fab5e1093dbcc,val,수산물,T6 기계변형,q_수산물_17,수산뭉,식료품 중 '수산물'을 판매·제공하는 매장,320e80fc-5b67-4db1-916c-eb19f68ff2be,수산물공구,수산물,포항큰동해시장,전통시장,경상북도,3.0,3.0,,,RESOLVED_AGREEMENT,False,3,,,,
65fea6a281ade2321f85,val,수산물,T6 기계변형,q_수산물_17,수산뭉,식료품 중 '수산물'을 판매·제공하는 매장,8d6d4634-3b85-4d95-8f32-2f385990456f,안동 수산,수산물,번개시장,전통시장,대구광역시,3.0,3.0,,,RESOLVED_AGREEMENT,False,3,,,,
edf5aea0fa2683c0396c,val,수산물,T6 기계변형,q_수산물_17,수산뭉,식료품 중 '수산물'을 판매·제공하는 매장,68adeb05-4b06-4f73-b7d6-7c94e4983e6d,손불수산,수산물,함평천지 골목형상점가,골목형상점가,전라남도,3.0,3.0,,,RESOLVED_AGREEMENT,False,3,,,,
21c814c61e7713ef57d3,val,수산물,T6 기계변형,q_수산물_17,수산뭉,식료품 중 '수산물'을 판매·제공하는 매장,b81c40e2-0bca-4064-9b55-40f188f0e327,수정수산,수산,인천종합어시장,전통시장,인천광역시,0.0,3.0,,,P1_BINARY_THRESHOLD,True,,,,,
d81a7567ce61d281ae60,val,수산물,T6 기계변형,q_수산물_17,수산뭉,식료품 중 '수산물'을 판매·제공하는 매장,00298213-17ea-453a-b6e6-375d9ef636b6,대양농수산,농수산물,부평깡시장,전통시장,인천광역시,3.0,3.0,,,RESOLVED_AGREEMENT,False,3,,,,
b531d380f9bd745bb890,val,수산물,T6 기계변형,q_수산물_17,수산뭉,식료품 중 '수산물'을 판매·제공하는 매장,82e2339f-9f6a-4a4f-b27a-d55430b4220f,살롱드멍뭉,애견의류간식 미용등,해피니스,골목형상점가,광주광역시,0.0,0.0,,,RESOLVED_AGREEMENT,False,0,,,,
e123a2ae9c9eea7b36f6,val,수산물,T6 기계변형,q_수산물_17,수산뭉,식료품 중 '수산물'을 판매·제공하는 매장,df79c67e-b4bc-4bc1-9989-66267be7da31,봉균수산,수산물,강서수산시장골목형상점가,골목형상점가,서울특별시,3.0,3.0,,,RESOLVED_AGREEMENT,False,3,,,,
7cd91cfeb9f29d4c40ed,val,수산물,T6 기계변형,q_수산물_17,수산뭉,식료품 중 '수산물'을 판매·제공하는 매장,008cfdc1-610a-407a-a03b-4c6dae7106f4,주영수산,활어,목포북항상점가,자율상권구역,전라남도,3.0,3.0,,,RESOLVED_AGREEMENT,False,3,,,,
32e4c23cd510467a150b,val,수산물,T6 기계변형,q_수산물_17,수산뭉,식료품 중 '수산물'을 판매·제공하는 매장,b2ba525d-999b-43a1-b6ef-046cc82349de,숟갈젓갈,수산물,지도젓갈타운 골목형상점가,골목형상점가,전라남도,3.0,3.0,,,RESOLVED_AGREEMENT,False,3,,,,
d06cfa03a24605863b6a,val,수산물,T6 기계변형,q_수산물_17,수산뭉,식료품 중 '수산물'을 판매·제공하는 매장,9c129216-effb-4e08-9ab9-5790ea5126d6,대림목재,목재 합판,대남숨길 골목형상점가,골목형상점가,광주광역시,0.0,0.0,,,RESOLVED_AGREEMENT,False,0,,,,
d4f55541db324a633cb6,val,수산물,T6 기계변형,q_수산물_17,수산뭉,식료품 중 '수산물'을 판매·제공하는 매장,9241b17b-0d6b-44ef-95a6-8a090fb27a55,수산마트,수산물,동원전통시장상점가,자율상권구역,서울특별시,3.0,3.0,,,RESOLVED_AGREEMENT,False,3,,,,
966c06393b08f4907447,val,수산물,T6 기계변형,q_수산물_17,수산뭉,식료품 중 '수산물'을 판매·제공하는 매장,29ecf6d7-45ad-4524-8ab9-4c1adc4406aa,파워마트(수산),수산,금암동 골목형상점가,골목형상점가,충청남도,0.0,3.0,,,P1_BINARY_THRESHOLD,True,,,,,
515a0cb0a64f939ee457,val,수산물,T6 기계변형,q_수산물_17,수산뭉,식료품 중 '수산물'을 판매·제공하는 매장,daeb8e1b-88ef-4874-af5b-ab76ba7510cd,삼천포 수산,수산물,부전상가시장,전통시장,부산광역시,3.0,3.0,,,RESOLVED_AGREEMENT,False,3,,,,
1af454f54734cacab79f,val,수산물,T6 기계변형,q_수산물_17,수산뭉,식료품 중 '수산물'을 판매·제공하는 매장,a6a35c8e-0399-42eb-9626-fbb24da1d413,동검수산,수산물,강화풍물시장,전통시장,인천광역시,3.0,3.0,,,RESOLVED_AGREEMENT,False,3,,,,
556890485a008d31a0f1,val,수산물,T6 기계변형,q_수산물_17,수산뭉,식료품 중 '수산물'을 판매·제공하는 매장,aca09e66-64c2-4867-a84b-36baf51e1dc8,수산물센타,수산물,화천재래시장,전통시장,강원특별자치도,3.0,3.0,,,RESOLVED_AGREEMENT,False,3,,,,
1e858f025b5dc1cdb2a5,val,수산물,T6 기계변형,q_수산물_17,수산뭉,식료품 중 '수산물'을 판매·제공하는 매장,02faca98-629e-48a7-b384-f1efb6b03b0c,갈목수산,수산물,서천특화시장,전통시장,충청남도,3.0,3.0,,,RESOLVED_AGREEMENT,False,3,,,,
e39a1b2f600c9911856c,val,수산물,T6 기계변형,q_수산물_17,수산뭉,식료품 중 '수산물'을 판매·제공하는 매장,eb27f0ec-48a7-4dbc-acc9-ead762d4ab15,호님상회,수산물,목포종합수산시장,전통시장,전라남도,3.0,3.0,,,RESOLVED_AGREEMENT,False,3,,,,
a1ae904b10e348aa9a2b,val,수산물,T6 기계변형,q_수산물_17,수산뭉,식료품 중 '수산물'을 판매·제공하는 매장,893f9d1d-1cff-406f-8f23-c3f5643146be,오늘 수산,수산물,김해 외동전통시장,전통시장,경상남도,3.0,3.0,,,RESOLVED_AGREEMENT,False,3,,,,
060a695885e8d83883fb,val,수산물,T6 기계변형,q_수산물_17,수산뭉,식료품 중 '수산물'을 판매·제공하는 매장,d835e8a6-8d36-4172-afce-54127c478768,돌고래 수산,수산물,남광주시장,전통시장,광주광역시,3.0,3.0,,,RESOLVED_AGREEMENT,False,3,,,,
b1660a7740501f1294b7,val,수산물,T6 기계변형,q_수산물_17,수산뭉,식료품 중 '수산물'을 판매·제공하는 매장,d4653c90-fbc1-487c-ba8b-63fdb8908b47,꽃그리다,생화,더센트럴 골목형상점가,골목형상점가,세종특별자치시,0.0,0.0,,,RESOLVED_AGREEMENT,False,0,,,,
cfad49dd85324537aa10,val,수산물,T6 기계변형,q_수산물_17,수산뭉,식료품 중 '수산물'을 판매·제공하는 매장,0f2761cc-59c9-4a9f-8519-887e898a6c21,대폭수산,수산물,포항죽도농산물시장,전통시장,경상북도,3.0,3.0,,,RESOLVED_AGREEMENT,False,3,,,,
7947eb3acc6d4ea99d01,val,수산물,T6 기계변형,q_수산물_17,수산뭉,식료품 중 '수산물'을 판매·제공하는 매장,0027eaf6-093b-4df4-9457-4f1081537ff3,충무꼭지횟집,횟집,초량전통시장,전통시장,부산광역시,1.0,2.0,,,P1_BINARY_THRESHOLD,True,,,,,
8d95e57f29c0cd53b986,val,수산물,T6 기계변형,q_수산물_17,수산뭉,식료품 중 '수산물'을 판매·제공하는 매장,009fbffe-11b3-4eba-b65a-696f4f59f079,인어횟집,횟집,목포북항상점가,자율상권구역,전라남도,1.0,2.0,,,P1_BINARY_THRESHOLD,True,,,,,
49fcaa2e308808757182,val,수산물,T6 기계변형,q_수산물_17,수산뭉,식료품 중 '수산물'을 판매·제공하는 매장,0004c5f7-95e0-45be-9f06-a705b8113ff0,의창수협67번중도매인,활어,진해 용원어시장상점가,자율상권구역,경상남도,3.0,0.0,,,P1_BINARY_THRESHOLD,True,,,,,
2a4b87b5988e742409d3,val,수산물,T6 기계변형,q_수산물_17,수산뭉,식료품 중 '수산물'을 판매·제공하는 매장,002e7e87-5677-44ca-85c4-9e5b87e7994f,한양수산,생선,안중시장,전통시장,경기도,3.0,3.0,,,RESOLVED_AGREEMENT,False,3,,,,
afb7b2df21d96f209b11,val,수산물,T6 기계변형,q_수산물_17,수산뭉,식료품 중 '수산물'을 판매·제공하는 매장,23c3af81-9348-4baf-998b-66077ae4b276,수산킹,수산물,망원동월드컵시장,전통시장,서울특별시,3.0,3.0,,,RESOLVED_AGREEMENT,False,3,,,,
6e48766ae8efbf969709,val,수산물,T6 기계변형,q_수산물_17,수산뭉,식료품 중 '수산물'을 판매·제공하는 매장,6181eb43-b541-475a-b43f-bd14c0454ab3,빙수당 세종도담점,빙수 전문점,도담동 골목형상점가,골목형상점가,세종특별자치시,0.0,0.0,,,RESOLVED_AGREEMENT,False,0,,,,
b8beb498d92234bf9bb5,val,수산물,T6 기계변형,q_수산물_17,수산뭉,식료품 중 '수산물'을 판매·제공하는 매장,fb2624dd-f80d-44e0-9c5b-8e62e7580400,차상회,수산물,부산공동어시장상점가,자율상권구역,부산광역시,3.0,3.0,,,RESOLVED_AGREEMENT,False,3,,,,
c73d11dc051a533b01a4,val,수산물,T6 기계변형,q_수산물_17,수산뭉,식료품 중 '수산물'을 판매·제공하는 매장,00a0d437-836b-453d-b15e-55fbf7dc8460,대박수산,생선,청주육거리종합시장,전통시장,충청북도,3.0,3.0,,,RESOLVED_AGREEMENT,False,3,,,,
1fdb661673e0f9afcbbf,val,수산물,T6 기계변형,q_수산물_17,수산뭉,식료품 중 '수산물'을 판매·제공하는 매장,50b3ea16-dca4-43ef-8ef6-79243fd00895,구로 참 수산,수산물,남구로시장,전통시장,서울특별시,3.0,3.0,,,RESOLVED_AGREEMENT,False,3,,,,
5afdb05f2364860fb059,val,수산물,T6 기계변형,q_수산물_17,수산뭉,식료품 중 '수산물'을 판매·제공하는 매장,b5b658e1-37a1-4d33-b506-79d073077a7d,수산마켓,수산물,노량진수산시장골목형상점가,골목형상점가,서울특별시,3.0,3.0,,,RESOLVED_AGREEMENT,False,3,,,,
793382628d10bd6c8477,val,수산물,T6 기계변형,q_수산물_17,수산뭉,식료품 중 '수산물'을 판매·제공하는 매장,2f93fe93-50dd-4ffd-8915-e5047ee97f27,회뜬수산,수산물,소래포구전통어시장,전통시장,인천광역시,3.0,3.0,,,RESOLVED_AGREEMENT,False,3,,,,
41b149e2ad2f0354404e,val,수산물,T6 기계변형,q_수산물_17,수산뭉,식료품 중 '수산물'을 판매·제공하는 매장,6ade8ec6-596b-4ce3-8b87-13450828ad95,까뭉,구두,안양일번가 지하쇼핑몰,일반지하상점가,경기도,0.0,0.0,,,RESOLVED_AGREEMENT,False,0,,,,
8fb40886f6d044a0dc75,val,수산물,T6 기계변형,q_수산물_17,수산뭉,식료품 중 '수산물'을 판매·제공하는 매장,8ff861b6-c37c-43f7-bf31-ab82c125f476,금성약업사,수삼,금산수삼센터,전통시장,충청남도,0.0,0.0,,,RESOLVED_AGREEMENT,False,0,,,,
16a56015378ce819d3ec,val,수산물,T6 기계변형,q_수산물_17,수산뭉,식료품 중 '수산물'을 판매·제공하는 매장,010c1855-b46f-4e37-b975-8115c4249b0f,용궁횟집,,자갈치시장,전통시장,부산광역시,3.0,2.0,,,P2_GRADED_ONLY,True,,,,,
49cbce9149a071ff8519,val,수산물,T6 기계변형,q_수산물_17,수산뭉,식료품 중 '수산물'을 판매·제공하는 매장,516ae3db-14ed-4877-97b0-f23059ce8bfd,전라 수산,수산물,전주신중앙시장(구 중앙버드나무시장),전통시장,전북특별자치도,3.0,3.0,,,RESOLVED_AGREEMENT,False,3,,,,
7b5695569bc0fa8ba918,val,수산물,T6 기계변형,q_수산물_17,수산뭉,식료품 중 '수산물'을 판매·제공하는 매장,00cd5dee-c068-48da-bc58-a704d5fe8832,윤석수산,수산물 활어회 생선 게종류 젓갈 갑각류 해산물 등등,대공원시장,전통시장,대구광역시,3.0,3.0,,,RESOLVED_AGREEMENT,False,3,,,,
15b42822e1879bd553a7,val,수산물,T6 기계변형,q_수산물_17,수산뭉,식료품 중 '수산물'을 판매·제공하는 매장,0bf687ec-4ea8-4932-a2c4-401f28aab97f,중앙어물,어물,모슬포 중앙시장,전통시장,제주특별자치도,3.0,0.0,,,P1_BINARY_THRESHOLD,True,,,,,
77724d2c726d5b8c474a,val,수산물,T6 기계변형,q_수산물_17,수산뭉,식료품 중 '수산물'을 판매·제공하는 매장,009b69b5-365a-4958-87e7-f224f253b92a,동문올레횟집,횟집,동문수산시장,전통시장,제주특별자치도,1.0,2.0,,,P1_BINARY_THRESHOLD,True,,,,,
4dd1e770c3c5700b9c6c,val,수산물,T6 기계변형,q_수산물_17,수산뭉,식료품 중 '수산물'을 판매·제공하는 매장,0130dbd3-b9ea-43f4-98fd-26d8afd90b78,모래내시장순대,식당,전주모래내시장,전통시장,전북특별자치도,1.0,0.0,,,P2_GRADED_ONLY,True,,,,,
b71306efc6c09b06ff3b,val,수산물,T6 기계변형,q_수산물_17,수산뭉,식료품 중 '수산물'을 판매·제공하는 매장,005eb589-94b0-4a7e-b4e4-ef8cf64b0762,스시쿄다이,일식,동홍8번가 골목형상점가,골목형상점가,제주특별자치도,1.0,0.0,,,P2_GRADED_ONLY,True,,,,,
32270a3761e47d64c7b0,val,수산물,T6 기계변형,q_수산물_17,수산뭉,식료품 중 '수산물'을 판매·제공하는 매장,8e2d6acd-f2b1-46a2-bf0b-41328b0e8a93,로얄수산,수산물,포항죽도농산물시장,전통시장,경상북도,3.0,3.0,,,RESOLVED_AGREEMENT,False,3,,,,
35fb69fa1b206848f0b6,val,수산물,T6 기계변형,q_수산물_17,수산뭉,식료품 중 '수산물'을 판매·제공하는 매장,0333f16c-ff56-4e80-a1c7-dd77a81300df,로봇초밥마켓 과천래미안점,초밥,과천슈르탑 골목형상점가,골목형상점가,경기도,1.0,0.0,,,P2_GRADED_ONLY,True,,,,,
bfe913a666acbd66fbb8,val,수산물,T6 기계변형,q_수산물_17,수산뭉,식료품 중 '수산물'을 판매·제공하는 매장,a97588fa-ceaf-4258-8d6e-c665ed4d284a,수산마켓,수산물,원종고강제일시장(부천제일시장),전통시장,경기도,3.0,3.0,,,RESOLVED_AGREEMENT,False,3,,,,
a3f84ad0ab284d2113c3,val,수산물,T6 기계변형,q_수산물_17,수산뭉,식료품 중 '수산물'을 판매·제공하는 매장,00356e71-7b15-4a42-be60-f232011707b8,유한회사 덕재건재,건어물,가락몰골목형상점가,골목형상점가,서울특별시,3.0,3.0,,,RESOLVED_AGREEMENT,False,3,,,,
a50e369c30f212767c6f,val,수산물,T6 기계변형,q_수산물_17,수산뭉,식료품 중 '수산물'을 판매·제공하는 매장,001ec0bf-0eda-4aa8-8efc-a90930649cf5,원프룻,농수산물,정이있는 구포시장,전통시장,부산광역시,3.0,3.0,,,RESOLVED_AGREEMENT,False,3,,,,
dd11050f2ae74000dc51,val,수산물,T6 기계변형,q_수산물_17,수산뭉,식료품 중 '수산물'을 판매·제공하는 매장,3526958d-da64-4c90-a75c-c55162fbe0d3,최씨어물전,,영천공설시장,전통시장,경상북도,3.0,0.0,,,P1_BINARY_THRESHOLD,True,,,,,
f7ae1c4843b354574524,val,수산물,T6 기계변형,q_수산물_17,수산뭉,식료품 중 '수산물'을 판매·제공하는 매장,ee7bf3a9-2797-4948-8cff-4e4dfa583973,대발이 수산,수산,정서진중앙시장(구 서구중앙시장),전통시장,인천광역시,0.0,3.0,,,P1_BINARY_THRESHOLD,True,,,,,
918bc0916e26dafe8982,val,수산물,T6 기계변형,q_수산물_17,수산뭉,식료품 중 '수산물'을 판매·제공하는 매장,6e9bad4d-595b-4657-ba61-36861598ca7b,정직수산,수산물,중곡제일골목시장(중곡제일전통시장),전통시장,서울특별시,3.0,3.0,,,RESOLVED_AGREEMENT,False,3,,,,
f5f1eaf252cbc74b89fa,val,수산물,T6 기계변형,q_수산물_17,수산뭉,식료품 중 '수산물'을 판매·제공하는 매장,00cc4859-307a-43ef-9654-2f6aa6fc404d,서산상회,생선,노량진수산시장골목형상점가,골목형상점가,서울특별시,3.0,3.0,,,RESOLVED_AGREEMENT,False,3,,,,
fc60360a0124c76f95fc,val,수산물,T6 기계변형,q_수산물_17,수산뭉,식료품 중 '수산물'을 판매·제공하는 매장,00ac75c4-6e3f-4d23-8a6a-1dc8ba294b85,우진수산,"수산물, 활어",효자시장,전통시장,경상북도,3.0,3.0,,,RESOLVED_AGREEMENT,False,3,,,,
fa78c26ed7318b53df1e,val,수산물,T6 기계변형,q_수산물_17,수산뭉,식료품 중 '수산물'을 판매·제공하는 매장,007aece5-08b8-4eb0-b4c6-18d451eadcfd,영남상회,건어물,동쪽바다중앙시장(구 동해중앙시장),전통시장,강원특별자치도,3.0,3.0,,,RESOLVED_AGREEMENT,False,3,,,,
e938eef41c2a1801117e,val,수산물,T6 기계변형,q_수산물_17,수산뭉,식료품 중 '수산물'을 판매·제공하는 매장,99d55467-b3a1-419f-be5d-3d803a3d8468,돔수산,수산물,노은상가연합 골목형상점가,골목형상점가,대전광역시,3.0,3.0,,,RESOLVED_AGREEMENT,False,3,,,,
307f0cfe864adaae304b,val,수산물,T6 기계변형,q_수산물_17,수산뭉,식료품 중 '수산물'을 판매·제공하는 매장,4eb30a00-b4b3-4cd2-a90b-641d9e870a20,15호 수산,수산물,여수교동시장,전통시장,전라남도,3.0,3.0,,,RESOLVED_AGREEMENT,False,3,,,,
0c122186b093d5be15aa,val,수산물,T6 기계변형,q_수산물_17,수산뭉,식료품 중 '수산물'을 판매·제공하는 매장,005429a3-030e-492f-973c-1d5842eeac56,미래횟집,활어,사천 삼천포용궁수산시장,전통시장,경상남도,3.0,2.0,,,P2_GRADED_ONLY,True,,,,,
d72f8ad3519daa5cee69,val,수산물,T6 기계변형,q_수산물_17,수산뭉,식료품 중 '수산물'을 판매·제공하는 매장,d7cf9429-2cab-4bdb-8537-a5ec6d89c38c,올마운틴,등산용품,마산 오동동상인연합상가,자율상권구역,경상남도,0.0,0.0,,,RESOLVED_AGREEMENT,False,0,,,,
155e9487440fc2383b5c,val,수산물,T6 기계변형,q_수산물_17,수산뭉,식료품 중 '수산물'을 판매·제공하는 매장,cc5350e1-229f-4d9c-a431-4c09701df79f,황덕호,수산물,소래포구전통어시장,전통시장,인천광역시,3.0,3.0,,,RESOLVED_AGREEMENT,False,3,,,,
b8d574bfac1a45fa7035,val,수산물,T6 기계변형,q_수산물_17,수산뭉,식료품 중 '수산물'을 판매·제공하는 매장,77912545-7bde-4392-9a09-2585e73f188a,정 수산,수산물(생선),경안전통시장,전통시장,경기도,3.0,3.0,,,RESOLVED_AGREEMENT,False,3,,,,
5318c2318dabcbe5bbd5,val,수산물,T6 기계변형,q_수산물_17,수산뭉,식료품 중 '수산물'을 판매·제공하는 매장,d5ca4624-2e65-4413-b768-0e03a3068bac,리얼수산,수산물,남성사계시장,전통시장,서울특별시,3.0,3.0,,,RESOLVED_AGREEMENT,False,3,,,,
d923f9c1f02f325033f9,val,수산물,T6 기계변형,q_수산물_17,수산뭉,식료품 중 '수산물'을 판매·제공하는 매장,a9beb855-2361-4761-8c62-d8f6907c4b43,수산연쇄점,수산,세종전통시장,전통시장,세종특별자치시,0.0,3.0,,,P1_BINARY_THRESHOLD,True,,,,,
e716cc739f2a6d1796cd,val,수산물,T6 기계변형,q_수산물_17,수산뭉,식료품 중 '수산물'을 판매·제공하는 매장,82c0edd5-bb6d-4e3b-8e47-a3cad97cea75,쑝쑝수산,수산물,통영 북신전통시장,전통시장,경상남도,3.0,3.0,,,RESOLVED_AGREEMENT,False,3,,,,
1231a1379225c166c9bf,val,수산물,T6 기계변형,q_수산물_17,수산뭉,식료품 중 '수산물'을 판매·제공하는 매장,016ddf29-de07-40e1-a642-8c2a45a6f19d,연희어시장,횟집,연희로 골목형상점가,골목형상점가,인천광역시,1.0,2.0,,,P1_BINARY_THRESHOLD,True,,,,,
6d5d45b6cad37dbe3361,val,수산물,T6 기계변형,q_수산물_17,수산뭉,식료품 중 '수산물'을 판매·제공하는 매장,cdf954a5-9864-4262-a33b-651f66572c80,수산왕 쌍문,수산물,쌍문시장(쌍문역골목시장),전통시장,서울특별시,3.0,3.0,,,RESOLVED_AGREEMENT,False,3,,,,
058310cc78ecd6b2f06f,val,수산물,T6 기계변형,q_수산물_17,수산뭉,식료품 중 '수산물'을 판매·제공하는 매장,004d071d-dda6-41e4-9fcb-7c74c8f8ef0f,영남상회,건어물,수영팔도시장(구 수영팔도상가시장),전통시장,부산광역시,3.0,3.0,,,RESOLVED_AGREEMENT,False,3,,,,
bdbd0035fea0c187fa92,val,수산물,T6 기계변형,q_수산물_17,수산뭉,식료품 중 '수산물'을 판매·제공하는 매장,04f1d66a-c166-486a-8b68-eb154697517e,오빠수산,수산물,청주육거리종합시장,전통시장,충청북도,3.0,3.0,,,RESOLVED_AGREEMENT,False,3,,,,
ccec8333d253b09ec9fc,val,수산물,T6 기계변형,q_수산물_17,수산뭉,식료품 중 '수산물'을 판매·제공하는 매장,96d320fd-1704-42d5-b421-4dd10fd93020,옥분수산,수산물,양동수산시장,전통시장,,3.0,3.0,,,RESOLVED_AGREEMENT,False,3,,,,
b90c65fcc945fdd877d1,val,수산물,T6 기계변형,q_수산물_17,수산뭉,식료품 중 '수산물'을 판매·제공하는 매장,00779863-22b7-4378-adca-42362eff7e3f,장복횟집.수산,생선회,"안면도수산시장(구, 안면도장터)",전통시장,충청남도,3.0,3.0,,,RESOLVED_AGREEMENT,False,3,,,,
2ca94c59f28dd75efca3,val,수산물,T6 기계변형,q_수산물_17,수산뭉,식료품 중 '수산물'을 판매·제공하는 매장,40892660-2b47-4945-a1ab-5fab321377b1,참좋은 수산,수산물,말바우시장,전통시장,광주광역시,3.0,3.0,,,RESOLVED_AGREEMENT,False,3,,,,
1345fc4338bb91668295,val,수산물,T6 기계변형,q_수산물_17,수산뭉,식료품 중 '수산물'을 판매·제공하는 매장,00bd252b-19f9-4e9a-bf26-b45280bb84ae,선옥상회,생선,고성 공룡시장,전통시장,경상남도,3.0,3.0,,,RESOLVED_AGREEMENT,False,3,,,,
e34442b4aebf6321d20f,val,수산물,T6 기계변형,q_수산물_17,수산뭉,식료품 중 '수산물'을 판매·제공하는 매장,a2dbd405-51a2-4844-ae21-647749ab7894,수형호수형수산,수산물,소래포구전통어시장,전통시장,인천광역시,3.0,3.0,,,RESOLVED_AGREEMENT,False,3,,,,
810b2eb12d4796db828d,val,수산물,T6 기계변형,q_수산물_17,수산뭉,식료품 중 '수산물'을 판매·제공하는 매장,30d5afbc-fd4b-49bb-9e1c-2469652e5921,추씨어물점,어물,영천공설시장,전통시장,경상북도,3.0,0.0,,,P1_BINARY_THRESHOLD,True,,,,,
d5b4d07bf0c2c917c7d8,val,수산물,T6 기계변형,q_수산물_17,수산뭉,식료품 중 '수산물'을 판매·제공하는 매장,0c671de5-f2e6-4fa7-b2ba-3b9dc3e546a5,수산상회,수산물,노량진수산시장골목형상점가,골목형상점가,서울특별시,3.0,3.0,,,RESOLVED_AGREEMENT,False,3,,,,
9b13beed5a772502ba37,val,수산물,T6 기계변형,q_수산물_17,수산뭉,식료품 중 '수산물'을 판매·제공하는 매장,63bc7227-c40e-4131-9061-a94570f2591e,홍수산,수산물,중앙선어시장,전통시장,전라남도,3.0,3.0,,,RESOLVED_AGREEMENT,False,3,,,,
bb61e6e995249bdb3c02,val,수산물,T6 기계변형,q_수산물_17,수산뭉,식료품 중 '수산물'을 판매·제공하는 매장,c9afc74b-44d4-400d-b111-4de2a961b18c,쌍둥이네 수산,수산물,중마시장,전통시장,전라남도,3.0,3.0,,,RESOLVED_AGREEMENT,False,3,,,,
62ef5ee478c30f63cfe3,val,수산물,T6 기계변형,q_수산물_17,수산뭉,식료품 중 '수산물'을 판매·제공하는 매장,8b874bfd-b23d-42e2-bb65-56624b7f35c6,율포도황수산,수산물,오치1동 골목형상점가,골목형상점가,광주광역시,3.0,3.0,,,RESOLVED_AGREEMENT,False,3,,,,
89288cf9f14ff1b57ae8,val,수산물,T6 기계변형,q_수산물_17,수산뭉,식료품 중 '수산물'을 판매·제공하는 매장,00445369-fa3a-4cd3-ae3a-6564876f4199,용수상회,수산물,서문시장건해산물상가,전통시장,대구광역시,3.0,3.0,,,RESOLVED_AGREEMENT,False,3,,,,
f3126b5a6de6ef6c5e76,val,수산물,T6 기계변형,q_수산물_17,수산뭉,식료품 중 '수산물'을 판매·제공하는 매장,97ee9ccc-4e87-4342-a5bc-5968f585de23,영심이 수산,수산물,중앙선어시장,전통시장,전라남도,3.0,3.0,,,RESOLVED_AGREEMENT,False,3,,,,
df5dbef628435ad70679,val,수산물,T6 기계변형,q_수산물_17,수산뭉,식료품 중 '수산물'을 판매·제공하는 매장,623060f1-cc6d-43a5-8bc2-5a1483e9889c,회떠,수산물,공주대학로 골목형 상점가,골목형상점가,충청남도,3.0,3.0,,,RESOLVED_AGREEMENT,False,3,,,,
790aa4c076615c0f9355,val,수산물,T6 기계변형,q_수산물_17,수산뭉,식료품 중 '수산물'을 판매·제공하는 매장,62e0474e-8456-47ce-8002-0bf68eeef7e1,현승 수산,수산물,인천종합어시장,전통시장,인천광역시,3.0,3.0,,,RESOLVED_AGREEMENT,False,3,,,,
5f85a51959bf92ba1469,val,수산물,T6 기계변형,q_수산물_17,수산뭉,식료품 중 '수산물'을 판매·제공하는 매장,b7d619c5-c5d2-4d4a-86e9-0a274bc9c71b,수산시대,수산물,간석자유시장,전통시장,인천광역시,3.0,3.0,,,RESOLVED_AGREEMENT,False,3,,,,
75d5691ccc74a261f1e3,val,수산물,T6 기계변형,q_수산물_17,수산뭉,식료품 중 '수산물'을 판매·제공하는 매장,33e81ff4-2385-4ef3-96bf-6e9a9c75a4bb,수산시장,수산물,태화시장,전통시장,울산광역시,3.0,3.0,,,RESOLVED_AGREEMENT,False,3,,,,
d5dca765c92faccd3a75,val,수산물,T6 기계변형,q_수산물_17,수산뭉,식료품 중 '수산물'을 판매·제공하는 매장,019851b5-c1c3-4aff-95e6-21683762982c,김선장 수산,수산,구룡포시장,전통시장,경상북도,0.0,3.0,,,P1_BINARY_THRESHOLD,True,,,,,
93b3d95e5497e3f79694,val,수산물,T6 기계변형,q_수산물_17,수산뭉,식료품 중 '수산물'을 판매·제공하는 매장,1fff1937-63b6-40de-b03c-6cc9006c5742,신3억수산,수산물,역전시장,전통시장,충청남도,3.0,3.0,,,RESOLVED_AGREEMENT,False,3,,,,
77466e62d6cc6c0397e5,val,수산물,T6 기계변형,q_수산물_17,수산뭉,식료품 중 '수산물'을 판매·제공하는 매장,c74e3b87-89db-4284-be87-ffaf30cb0001,회#,수산물,당진전통시장,전통시장,충청남도,3.0,3.0,,,RESOLVED_AGREEMENT,False,3,,,,
4d4bd2ef03b2c3ce6a69,val,수산물,T6 기계변형,q_수산물_17,수산뭉,식료품 중 '수산물'을 판매·제공하는 매장,d169f5f1-9dba-4dab-86ef-391f4813b73d,수산타운,수산물,화정동 서부시장,전통시장,광주광역시,3.0,3.0,,,RESOLVED_AGREEMENT,False,3,,,,
0547af1ac4a22678f3bf,val,수산물,T6 기계변형,q_수산물_17,수산뭉,식료품 중 '수산물'을 판매·제공하는 매장,b6d48d49-7914-4f8d-bcfc-a6d763819258,금호회 수산,수산물,큰방림길 골목형상점가,골목형상점가,광주광역시,3.0,3.0,,,RESOLVED_AGREEMENT,False,3,,,,
d9c062f5d25a579121dd,val,수산물,T6 기계변형,q_수산물_17,수산뭉,식료품 중 '수산물'을 판매·제공하는 매장,0016aa1a-5730-45a0-b427-06b0f51fc005,든든한밥상,농수산물,화산면 골목형상점가,골목형상점가,전라남도,3.0,3.0,,,RESOLVED_AGREEMENT,False,3,,,,
412f620740017827ed0f,val,수산물,T6 기계변형,q_수산물_17,수산뭉,식료품 중 '수산물'을 판매·제공하는 매장,00527b0b-893c-4d64-862e-3ef8113d07fb,해선언니네,건어물,용상공설시장,전통시장,경상북도,3.0,3.0,,,RESOLVED_AGREEMENT,False,3,,,,
1398d27ff32b04d63327,val,수산물,T6 기계변형,q_수산물_17,수산뭉,식료품 중 '수산물'을 판매·제공하는 매장,00fcc68d-3086-4b45-b998-f3763e8dbf7d,꼬치마요 산본역점(9호점),일식,산본로데오거리(구 산본중심상가),자율상권구역,경기도,1.0,0.0,,,P2_GRADED_ONLY,True,,,,,
268ecaedfe6877c54aad,val,수산물,T6 기계변형,q_수산물_17,수산뭉,식료품 중 '수산물'을 판매·제공하는 매장,00f60c16-d8be-497f-80f2-aab3209a8d0e,포카포카,식당,전남여고후문 골목형상점가,골목형상점가,광주광역시,1.0,0.0,,,P2_GRADED_ONLY,True,,,,,
eade1bca40befb3ea44f,val,수산물,T6 기계변형,q_수산물_17,수산뭉,식료품 중 '수산물'을 판매·제공하는 매장,01c108d3-d1f2-4ac4-ae39-3d2caa0d0c80,삼일사공 수산,수산물,암사종합시장,전통시장,서울특별시,3.0,3.0,,,RESOLVED_AGREEMENT,False,3,,,,
27a033d65f698eacd9a0,val,수산물,T6 기계변형,q_수산물_17,수산뭉,식료품 중 '수산물'을 판매·제공하는 매장,f36e4cc9-141a-4a52-a986-9dd0432f99e5,경환수산,수산,사천읍시장,전통시장,경상남도,0.0,3.0,,,P1_BINARY_THRESHOLD,True,,,,,
07741ec729a432e0e962,val,수산물,T6 기계변형,q_수산물_17,수산뭉,식료품 중 '수산물'을 판매·제공하는 매장,b73c597b-ad7b-4431-af35-802415dc7be8,스쿠바수산,수산물,대천항수산시장,전통시장,충청남도,3.0,3.0,,,RESOLVED_AGREEMENT,False,3,,,,
d18e404c61e7075e3c5c,val,수산물,T6 기계변형,q_수산물_17,수산뭉,식료품 중 '수산물'을 판매·제공하는 매장,f7991058-93ba-4e61-9370-bae3bb8bcda8,찬솔 수산,수산물,구월시장,전통시장,인천광역시,3.0,3.0,,,RESOLVED_AGREEMENT,False,3,,,,
7378e9bdbc7588cad93b,val,수산물,T6 기계변형,q_수산물_17,수산뭉,식료품 중 '수산물'을 판매·제공하는 매장,01286ec0-50e0-4540-b678-ec706fb3bcbb,설곰식당,식당,산업용재관,전통시장,대구광역시,1.0,0.0,,,P2_GRADED_ONLY,True,,,,,
4d948346321f0a19a22f,val,수산물,T6 기계변형,q_수산물_17,수산뭉,식료품 중 '수산물'을 판매·제공하는 매장,72d44ea9-2e7b-4b52-b68a-5674abecc2a4,하이쫀쫀드기,,울산대바보사거리 골목형상점가,골목형상점가,울산광역시,,0.0,Y,,P0_UNCERTAIN_OR_MISSING,True,,,,,
ba976ca7eab3b59f3d28,val,수산물,T6 기계변형,q_수산물_17,수산뭉,식료품 중 '수산물'을 판매·제공하는 매장,01afaafa-2a46-4977-8015-55762957ee7a,다래초밥,초밥,동문동 골목형상점가,골목형상점가,충청남도,1.0,0.0,,,P2_GRADED_ONLY,True,,,,,
e781a9efb9b05a3cb0a9,val,수산물,T6 기계변형,q_수산물_17,수산뭉,식료품 중 '수산물'을 판매·제공하는 매장,65ef63c5-3d1d-4563-963a-bfab4f84f794,으악새수산,수산물,가락몰골목형상점가,골목형상점가,서울특별시,3.0,3.0,,,RESOLVED_AGREEMENT,False,3,,,,
418136ea6c0ebb725e27,val,수산물,T6 기계변형,q_수산물_17,수산뭉,식료품 중 '수산물'을 판매·제공하는 매장,c75bc1c2-523f-4d0a-8d70-78c97be13e34,만득수산,수산,목포북항상점가,자율상권구역,전라남도,0.0,3.0,,,P1_BINARY_THRESHOLD,True,,,,,
29a89a88e596dfbb9ad8,val,수산물,T6 기계변형,q_수산물_17,수산뭉,식료품 중 '수산물'을 판매·제공하는 매장,88a844a2-3144-4c64-bee7-5ff26ffaa300,산뭉치,한식,뒷개로청춘골목상점가,골목형상점가,전라남도,0.0,0.0,,,RESOLVED_AGREEMENT,False,0,,,,
698354e5039ae5cea1fd,val,수산물,T6 기계변형,q_수산물_17,수산뭉,식료품 중 '수산물'을 판매·제공하는 매장,370ee592-00d8-4d50-854e-1417f0f0d838,진수산(수산물),수산물,신영시장,전통시장,서울특별시,3.0,3.0,,,RESOLVED_AGREEMENT,False,3,,,,
364cc4474fe5701c77af,val,수산물,T6 기계변형,q_수산물_17,수산뭉,식료품 중 '수산물'을 판매·제공하는 매장,28a4ed7c-ee5a-4ad9-998c-c55148d01ed2,이삭수산,수산물,거진전통시장,전통시장,강원특별자치도,3.0,3.0,,,RESOLVED_AGREEMENT,False,3,,,,
7192d4693add3204edb1,val,수산물,T6 기계변형,q_수산물_17,수산뭉,식료품 중 '수산물'을 판매·제공하는 매장,00e04e3d-cb00-4d64-a13d-a9c02f9a4fc8,대림수산,활어,자갈치시장,전통시장,부산광역시,3.0,3.0,,,RESOLVED_AGREEMENT,False,3,,,,
7dcd4c5c5ca42e57e2eb,val,수산물,T6 기계변형,q_수산물_17,수산뭉,식료품 중 '수산물'을 판매·제공하는 매장,47bb37ee-51f3-4aaf-9f21-7ff318f82ef3,홈수산,수산물,새미래 골목형상점가,골목형상점가,대전광역시,3.0,3.0,,,RESOLVED_AGREEMENT,False,3,,,,
0cea7710a703ca6e9ffc,val,수산물,T6 기계변형,q_수산물_17,수산뭉,식료품 중 '수산물'을 판매·제공하는 매장,038f89c5-a204-4c80-9e31-9d22a3ba4c95,연스시,초밥,노은역 골목형상점가,골목형상점가,대전광역시,1.0,0.0,,,P2_GRADED_ONLY,True,,,,,
907000b8465ab23bae45,val,식자재,T1 정확표기,q_식자재_01,식자재,식료품 중 '식자재'를 판매·제공하는 매장,092868ef-cdbe-426a-8e04-c1862bac5076,익산바이오,식용유,세종전통시장,전통시장,세종특별자치시,3.0,0.0,,,P1_BINARY_THRESHOLD,True,,,,,
9185756aa70739dc0696,val,식자재,T1 정확표기,q_식자재_01,식자재,식료품 중 '식자재'를 판매·제공하는 매장,b6e251c3-42d0-45f7-a370-b89ee1166827,만명상회,식자재,춘천중앙시장,전통시장,강원특별자치도,3.0,3.0,,,RESOLVED_AGREEMENT,False,3,,,,
a181c19b2d6daad7d7b4,val,식자재,T1 정확표기,q_식자재_01,식자재,식료품 중 '식자재'를 판매·제공하는 매장,c2b169f9-b1be-4f7b-b575-0593044e5362,동양식자재,식자재,하대원공설시장,전통시장,경기도,3.0,3.0,,,RESOLVED_AGREEMENT,False,3,,,,
63913a6fb46e569b8dae,val,식자재,T1 정확표기,q_식자재_01,식자재,식료품 중 '식자재'를 판매·제공하는 매장,7af16427-104c-453f-9280-2c41423ca0e3,만나식자재,소매업(식자재),의왕도깨비시장,전통시장,경기도,3.0,3.0,,,RESOLVED_AGREEMENT,False,3,,,,
78ed9b18ab2e459301de,val,식자재,T1 정확표기,q_식자재_01,식자재,식료품 중 '식자재'를 판매·제공하는 매장,8968eeb5-56de-4efc-9ae2-4c7e6afaf040,삼연상회,식자재,안양농수산물 골목형상점가,골목형상점가,경기도,3.0,3.0,,,RESOLVED_AGREEMENT,False,3,,,,
e3e14f23dbe80ffb1fad,val,식자재,T1 정확표기,q_식자재_01,식자재,식료품 중 '식자재'를 판매·제공하는 매장,81b3ec2a-42bd-447e-b030-9ea20de728d8,속초윤음전할머니젓갈,젓갈,속초중앙전통시장,전통시장,강원특별자치도,0.0,3.0,,,P1_BINARY_THRESHOLD,True,,,,,
331e03d7764781984b55,val,식자재,T1 정확표기,q_식자재_01,식자재,식료품 중 '식자재'를 판매·제공하는 매장,4abe77ee-1384-4cb8-9828-888f2f4e850e,윤덕식품,식자재,순천역전시장상가,자율상권구역,전라남도,3.0,3.0,,,RESOLVED_AGREEMENT,False,3,,,,
b359ff17407bdbfbf507,val,식자재,T1 정확표기,q_식자재_01,식자재,식료품 중 '식자재'를 판매·제공하는 매장,ebe44ba3-d69e-4144-8413-6d5073ac462b,황용상회,식자재,동두천큰시장,전통시장,경기도,3.0,3.0,,,RESOLVED_AGREEMENT,False,3,,,,
d058b4b46d584d349c0b,val,식자재,T1 정확표기,q_식자재_01,식자재,식료품 중 '식자재'를 판매·제공하는 매장,01859206-536a-40a7-be1e-c8610663a665,동원참기름,참기름,안강공설시장,전통시장,경상북도,3.0,3.0,,,RESOLVED_AGREEMENT,False,3,,,,
56468910dee68eb99022,val,식자재,T1 정확표기,q_식자재_01,식자재,식료품 중 '식자재'를 판매·제공하는 매장,00362b85-cb9a-4318-9059-12f768d76197,파리바게뜨전주인후점,제과점,소나무 골목형상점가,골목형상점가,전북특별자치도,1.0,0.0,,,P2_GRADED_ONLY,True,,,,,
5e934cad1d16e2129ef3,val,식자재,T1 정확표기,q_식자재_01,식자재,식료품 중 '식자재'를 판매·제공하는 매장,45e3ecac-a47d-4c75-a036-c7086111b83d,연일식품,식자재,목포자유시장,전통시장,전라남도,3.0,3.0,,,RESOLVED_AGREEMENT,False,3,,,,
c6739dabcfc3c35f724e,val,식자재,T1 정확표기,q_식자재_01,식자재,식료품 중 '식자재'를 판매·제공하는 매장,005313c8-dce8-49b6-9841-9143ebb1305a,동원떡집,,박달시장,전통시장,경기도,1.0,0.0,,,P2_GRADED_ONLY,True,,,,,
39fb1227a805cf98fd41,val,식자재,T1 정확표기,q_식자재_01,식자재,식료품 중 '식자재'를 판매·제공하는 매장,00ec16f5-8b45-4af1-bb1b-6389f2412be8,수진식품,"참기름, 고추가루등",김해 진영전통시장,전통시장,경상남도,3.0,3.0,,,RESOLVED_AGREEMENT,False,3,,,,
0db8e700ec75192a6877,val,식자재,T1 정확표기,q_식자재_01,식자재,식료품 중 '식자재'를 판매·제공하는 매장,4a4dc5be-095c-4ff7-88ec-e09a4095af09,청성,식자재 건어물,공릉동도깨비시장,전통시장,서울특별시,3.0,3.0,,,RESOLVED_AGREEMENT,False,3,,,,
597518b3960ec95a7719,val,식자재,T1 정확표기,q_식자재_01,식자재,식료품 중 '식자재'를 판매·제공하는 매장,00fea2e0-f294-46b6-af68-655475e888be,동양유통,"곡물, 식자재",김해새벽시장,기타,경상남도,3.0,3.0,,,RESOLVED_AGREEMENT,False,3,,,,
1ddc6435c86dd7110a70,val,식자재,T1 정확표기,q_식자재_01,식자재,식료품 중 '식자재'를 판매·제공하는 매장,001cb3d4-5441-4963-b517-d5b3904ee312,현창떡집,떡집,목포동부시장,전통시장,전라남도,1.0,0.0,,,P2_GRADED_ONLY,True,,,,,
3c8f6ff62753dcb4a614,val,식자재,T1 정확표기,q_식자재_01,식자재,식료품 중 '식자재'를 판매·제공하는 매장,807b6cbc-8409-446b-8067-53ada03f9101,나라마트식자재,식자재,담양중앙 골목형상점가,골목형상점가,전라남도,3.0,3.0,,,RESOLVED_AGREEMENT,False,3,,,,
bc0a28e14e1d37736126,val,식자재,T1 정확표기,q_식자재_01,식자재,식료품 중 '식자재'를 판매·제공하는 매장,04816b88-906a-4f08-8efa-4ef80264d2df,천하유통,식자재,청량종합도매시장(깡통시장),전통시장,서울특별시,3.0,3.0,,,RESOLVED_AGREEMENT,False,3,,,,
3759ceb4d17d2bb0e00c,val,식자재,T1 정확표기,q_식자재_01,식자재,식료품 중 '식자재'를 판매·제공하는 매장,8c0fb6c3-b1f5-444a-ad0e-d44b8eec7c2b,주식회사 월광식자재,도소매 식자재,첨단아미 골목형상점가,골목형상점가,광주광역시,3.0,3.0,,,RESOLVED_AGREEMENT,False,3,,,,
b068622af7c6043820d4,val,식자재,T1 정확표기,q_식자재_01,식자재,식료품 중 '식자재'를 판매·제공하는 매장,87dc0cc0-7a91-4a22-b161-a438b9682f3d,식자재백화점원일,식자재,부평깡시장,전통시장,인천광역시,3.0,3.0,,,RESOLVED_AGREEMENT,False,3,,,,
a71c4a43862465b58475,val,식자재,T1 정확표기,q_식자재_01,식자재,식료품 중 '식자재'를 판매·제공하는 매장,f8dcd30a-388b-4a67-b45a-eae99a00650c,비너스트라이,속옷 잠옷,봉선중길 골목형상점가,골목형상점가,광주광역시,0.0,0.0,,,RESOLVED_AGREEMENT,False,0,,,,
3bb88554276223c267bb,val,식자재,T1 정확표기,q_식자재_01,식자재,식료품 중 '식자재'를 판매·제공하는 매장,71d82573-e860-4203-8749-7caeb471c88b,용선식품,식자재,포항큰동해시장,전통시장,경상북도,3.0,3.0,,,RESOLVED_AGREEMENT,False,3,,,,
65106321e0f419f20842,val,식자재,T1 정확표기,q_식자재_01,식자재,식료품 중 '식자재'를 판매·제공하는 매장,00bf0e58-0696-472a-8a12-945c44dc9435,오복상회,쌀,백년시장(구 강북종합전통시장),전통시장,서울특별시,3.0,3.0,,,RESOLVED_AGREEMENT,False,3,,,,
ba6345fa2d15f3427f9e,val,식자재,T1 정확표기,q_식자재_01,식자재,식료품 중 '식자재'를 판매·제공하는 매장,45251d99-abb6-431a-a63b-f72bb9544bdd,부귀상사,식자재,복대가경시장,전통시장,충청북도,3.0,3.0,,,RESOLVED_AGREEMENT,False,3,,,,
49eeb95125cf845a0d70,val,식자재,T1 정확표기,q_식자재_01,식자재,식료품 중 '식자재'를 판매·제공하는 매장,0b69c684-9b0b-490b-892e-9267cf4662a3,윤수참기름,식용유,진주 청과시장,전통시장,경상남도,3.0,3.0,,,RESOLVED_AGREEMENT,False,3,,,,
5d8f45bbf4713f589429,val,식자재,T1 정확표기,q_식자재_01,식자재,식료품 중 '식자재'를 판매·제공하는 매장,002d0d06-15b2-463e-b789-b0232bcc6681,뚜레주르버들마을점,제과,버들마을상인회 골목형상점가,골목형상점가,광주광역시,1.0,0.0,,,P2_GRADED_ONLY,True,,,,,
61d5d56711ec15f500b8,val,식자재,T1 정확표기,q_식자재_01,식자재,식료품 중 '식자재'를 판매·제공하는 매장,034f637f-e1c0-4e3c-99a7-eb7c8deb055a,청풍상회,곡물,내토전통시장,전통시장,충청북도,3.0,3.0,,,RESOLVED_AGREEMENT,False,3,,,,
f5c784db64e43529b9f5,val,식자재,T1 정확표기,q_식자재_01,식자재,식료품 중 '식자재'를 판매·제공하는 매장,83133b9c-bd4e-425e-9d3c-059859b0cde0,중앙식자재,"식자재, 장류, 잡화",전주신중앙시장(구 중앙버드나무시장),전통시장,전북특별자치도,3.0,3.0,,,RESOLVED_AGREEMENT,False,3,,,,
3e3183ebfe7650e05fd5,val,식자재,T1 정확표기,q_식자재_01,식자재,식료품 중 '식자재'를 판매·제공하는 매장,022ece99-80e4-453c-91c0-f46f8527e7ab,구즉방아간,방앗간,송강전통시장,전통시장,대전광역시,3.0,3.0,,,RESOLVED_AGREEMENT,False,3,,,,
6d9d9d140f7c32ac5f6c,val,식자재,T1 정확표기,q_식자재_01,식자재,식료품 중 '식자재'를 판매·제공하는 매장,765b1e8a-6e0c-4eb2-bfe0-e025fc93deeb,종합식자재,식자재,부평깡시장,전통시장,인천광역시,3.0,3.0,,,RESOLVED_AGREEMENT,False,3,,,,
8ef1891ed30b5e1e06d3,val,식자재,T1 정확표기,q_식자재_01,식자재,식료품 중 '식자재'를 판매·제공하는 매장,8bf40f12-447f-4b05-9251-b07c926ae990,남해상회,식자재,영도봉래시장,전통시장,부산광역시,3.0,3.0,,,RESOLVED_AGREEMENT,False,3,,,,
09435abda546fb0d95e3,val,식자재,T1 정확표기,q_식자재_01,식자재,식료품 중 '식자재'를 판매·제공하는 매장,06bbe239-5774-4794-91c3-b45901659200,성진상회,식용유,고성시장,전통시장,경상남도,3.0,3.0,,,RESOLVED_AGREEMENT,False,3,,,,
e925c8baca047a55b3a0,val,식자재,T1 정확표기,q_식자재_01,식자재,식료품 중 '식자재'를 판매·제공하는 매장,013444f9-7e9b-4640-84f0-43ac071ef57f,대림고추방아,"고추가루, 기름",부천강남시장,전통시장,경기도,0.0,0.0,,,RESOLVED_AGREEMENT,False,0,,,,
926e914725e6c6f38f4a,val,식자재,T1 정확표기,q_식자재_01,식자재,식료품 중 '식자재'를 판매·제공하는 매장,0046e3b5-e973-4cc0-807c-acb34ad8e262,야음민속떡집,제조업(떡방앗간),울산번개시장,전통시장,울산광역시,3.0,3.0,,,RESOLVED_AGREEMENT,False,3,,,,
7e9ba99851a9b8236f0a,val,식자재,T1 정확표기,q_식자재_01,식자재,식료품 중 '식자재'를 판매·제공하는 매장,0e224dee-e545-48f6-95af-5a197b33a076,경북식품,식용유,가락몰골목형상점가,골목형상점가,서울특별시,3.0,0.0,,,P1_BINARY_THRESHOLD,True,,,,,
7ca089d644cdc1353bc8,val,식자재,T1 정확표기,q_식자재_01,식자재,식료품 중 '식자재'를 판매·제공하는 매장,0061123f-a676-4556-9633-5fbc4ecaf6ef,치즈케익카스테라카페,제과,북가좌동 골목형상점가,골목형상점가,서울특별시,1.0,0.0,,,P2_GRADED_ONLY,True,,,,,
77701e49507bb1098ad6,val,식자재,T1 정확표기,q_식자재_01,식자재,식료품 중 '식자재'를 판매·제공하는 매장,fd47090f-4127-45db-b08d-cbc202c535fa,상남유통식자재,식자재,창원 상남시장,전통시장,경상남도,3.0,3.0,,,RESOLVED_AGREEMENT,False,3,,,,
5d6c655c1b9937d0f244,val,식자재,T1 정확표기,q_식자재_01,식자재,식료품 중 '식자재'를 판매·제공하는 매장,f77f1004-2a72-4ec6-9ecf-585b34b0523f,경아네,식자재,창원 명서시장,전통시장,경상남도,3.0,3.0,,,RESOLVED_AGREEMENT,False,3,,,,
8325f5085ecb9955901e,val,식자재,T1 정확표기,q_식자재_01,식자재,식료품 중 '식자재'를 판매·제공하는 매장,008d07a3-ba18-4806-9ec7-48c0adb25276,아빠네 빵집,제과제빵,신창수문 골목형상점가,골목형상점가,광주광역시,1.0,0.0,,,P2_GRADED_ONLY,True,,,,,
4ae30104b497b2cb54e9,val,식자재,T1 정확표기,q_식자재_01,식자재,식료품 중 '식자재'를 판매·제공하는 매장,7a4430bf-92c3-4fe9-8452-7565aab389a4,장호상사,식자재,진주 비봉시장,전통시장,경상남도,3.0,3.0,,,RESOLVED_AGREEMENT,False,3,,,,
eff32beba8e145cfcba6,val,식자재,T1 정확표기,q_식자재_01,식자재,식료품 중 '식자재'를 판매·제공하는 매장,284f5d18-e91d-4c87-ac33-cc87085a0d37,성남식자재,도소매업(식자재),수정로 상권활성화구역,상권활성화구역,경기도,3.0,3.0,,,RESOLVED_AGREEMENT,False,3,,,,
822ed4c8e27943b61ed9,val,식자재,T1 정확표기,q_식자재_01,식자재,식료품 중 '식자재'를 판매·제공하는 매장,1b261594-5af8-45f7-844d-e0336f443827,세광,식자재,경리단길 골목형상점가,골목형상점가,서울특별시,3.0,3.0,,,RESOLVED_AGREEMENT,False,3,,,,
d2a956470a783396afb0,val,식자재,T1 정확표기,q_식자재_01,식자재,식료품 중 '식자재'를 판매·제공하는 매장,fb4480b6-0019-4fd6-bc24-f1d8e4d3613d,돼지농수산,식자재,부산새벽시장,전통시장,부산광역시,3.0,3.0,,,RESOLVED_AGREEMENT,False,3,,,,
f11b7084c8f49197c87e,val,식자재,T1 정확표기,q_식자재_01,식자재,식료품 중 '식자재'를 판매·제공하는 매장,67c18751-8bd4-4801-a4fd-4c26c7774f4b,청아식자재,식자재,소래포구종합어시장,자율상권구역,인천광역시,3.0,3.0,,,RESOLVED_AGREEMENT,False,3,,,,
1415c11f661e537e1641,val,식자재,T1 정확표기,q_식자재_01,식자재,식료품 중 '식자재'를 판매·제공하는 매장,04c905ba-3172-4ea4-a6dd-4345d674dea0,덕순이네,제조업(떡집),장터길 골목형상점가,골목형상점가,경기도,1.0,0.0,,,P2_GRADED_ONLY,True,,,,,
aae3c3f7840c513e5cce,val,식자재,T1 정확표기,q_식자재_01,식자재,식료품 중 '식자재'를 판매·제공하는 매장,e3591156-e5cf-48c4-a147-45c736b28810,해정상회,식자재,칠성본시장,전통시장,대구광역시,3.0,3.0,,,RESOLVED_AGREEMENT,False,3,,,,
3b56b873feed7069402b,val,식자재,T1 정확표기,q_식자재_01,식자재,식료품 중 '식자재'를 판매·제공하는 매장,021bf03c-8b83-4288-89c5-15a4a162142b,신선식품,식자재,사천읍시장,전통시장,경상남도,3.0,3.0,,,RESOLVED_AGREEMENT,False,3,,,,
6abff378488e355cd496,val,식자재,T1 정확표기,q_식자재_01,식자재,식료품 중 '식자재'를 판매·제공하는 매장,011f646c-0d2f-4770-a90e-d5d39e580d38,올 푸드,식자재,두암시장,전통시장,광주광역시,3.0,3.0,,,RESOLVED_AGREEMENT,False,3,,,,
7236adb9ae0d4773e272,val,식자재,T1 정확표기,q_식자재_01,식자재,식료품 중 '식자재'를 판매·제공하는 매장,abedfac8-4e24-4864-b45d-73415d73d543,탑유통,식자재,정자시장,전통시장,경기도,3.0,3.0,,,RESOLVED_AGREEMENT,False,3,,,,
26eabfdd220568a3a751,val,식자재,T1 정확표기,q_식자재_01,식자재,식료품 중 '식자재'를 판매·제공하는 매장,57b88f0a-7948-4c96-a629-e07e78753ad3,문광,식자재,동명동 카페거리 골목형상점가,골목형상점가,광주광역시,3.0,3.0,,,RESOLVED_AGREEMENT,False,3,,,,
cfe7e42285f02a8d3160,val,식자재,T1 정확표기,q_식자재_01,식자재,식료품 중 '식자재'를 판매·제공하는 매장,023e47e8-7973-4e3d-95f3-f6bf168360f0,(주)동양종합유통,식자재,양동건어물시장,전통시장,광주광역시,3.0,3.0,,,RESOLVED_AGREEMENT,False,3,,,,
2fb5749f9ae5928ffa99,val,식자재,T1 정확표기,q_식자재_01,식자재,식료품 중 '식자재'를 판매·제공하는 매장,0592f5f6-ae8d-491f-87e9-2021a00f4ae0,우리상회,곡물,상주중앙시장,전통시장,경상북도,3.0,3.0,,,RESOLVED_AGREEMENT,False,3,,,,
a3e6b6b1a5e591909e68,val,식자재,T1 정확표기,q_식자재_01,식자재,식료품 중 '식자재'를 판매·제공하는 매장,98975d4d-975d-4b48-803f-76ab99b1a352,준유통,식자재,안양농수산물 골목형상점가,골목형상점가,경기도,3.0,3.0,,,RESOLVED_AGREEMENT,False,3,,,,
be38d2fa152f2b9b649f,val,식자재,T1 정확표기,q_식자재_01,식자재,식료품 중 '식자재'를 판매·제공하는 매장,42e44c1c-5ba9-4129-a3e3-5d29091e8874,사계절푸드,식자재,칠성원시장,전통시장,대구광역시,3.0,3.0,,,RESOLVED_AGREEMENT,False,3,,,,
4c6e510e1a7248b45dbe,val,식자재,T1 정확표기,q_식자재_01,식자재,식료품 중 '식자재'를 판매·제공하는 매장,c4c84ceb-2d4b-4bfa-a1a6-5a97f21256c2,더웰마켓,식자재,의왕예술의거리골목형상점가,골목형상점가,경기도,3.0,3.0,,,RESOLVED_AGREEMENT,False,3,,,,
f7b805d82ec23b20fe06,val,식자재,T1 정확표기,q_식자재_01,식자재,식료품 중 '식자재'를 판매·제공하는 매장,023b2cb4-7f9e-4b85-9888-474ee933954a,산척제유소,방앗간,충주자유시장,전통시장,충청북도,3.0,3.0,,,RESOLVED_AGREEMENT,False,3,,,,
af72c56cae6bca8742fb,val,식자재,T1 정확표기,q_식자재_01,식자재,식료품 중 '식자재'를 판매·제공하는 매장,1630990b-a27c-4e55-b95e-c228cac65919,클리지사천점,여성복,사천읍시장,전통시장,경상남도,0.0,0.0,,,RESOLVED_AGREEMENT,False,0,,,,
4f263563b228db5e173b,val,식자재,T1 정확표기,q_식자재_01,식자재,식료품 중 '식자재'를 판매·제공하는 매장,8ed27965-02d9-40fc-80f1-b7f3d168f2ef,마리아니,가구 소매업,전주가구거리상점가,자율상권구역,전북특별자치도,0.0,0.0,,,RESOLVED_AGREEMENT,False,0,,,,
951e66771395dc9b30e6,val,식자재,T1 정확표기,q_식자재_01,식자재,식료품 중 '식자재'를 판매·제공하는 매장,469e4887-18f4-42ff-929e-46be7e691b0e,샛별건어물,식자재,여수교동시장,전통시장,전라남도,3.0,3.0,,,RESOLVED_AGREEMENT,False,3,,,,
5871e60daa6af1c3452c,val,식자재,T1 정확표기,q_식자재_01,식자재,식료품 중 '식자재'를 판매·제공하는 매장,6e8db87e-2e72-4f24-b0ad-66395fb74067,제일 식자재,식자재,중문로 골목형상점가,골목형상점가,광주광역시,3.0,3.0,,,RESOLVED_AGREEMENT,False,3,,,,
aa5040579a65671b48f6,val,식자재,T1 정확표기,q_식자재_01,식자재,식료품 중 '식자재'를 판매·제공하는 매장,aaed44f1-4205-4856-9d66-a2a812680ffd,정식품,식자재,첨단청사초롱길 골목형상점가,골목형상점가,광주광역시,3.0,3.0,,,RESOLVED_AGREEMENT,False,3,,,,
af328ca6e29c566a223e,val,식자재,T1 정확표기,q_식자재_01,식자재,식료품 중 '식자재'를 판매·제공하는 매장,e810e82e-77b4-44fe-80fc-df4431faa318,플러스식자재마트,식자재,창원 가음정시장,전통시장,경상남도,3.0,3.0,,,RESOLVED_AGREEMENT,False,3,,,,
c5a54be16c67a166ec99,val,식자재,T1 정확표기,q_식자재_01,식자재,식료품 중 '식자재'를 판매·제공하는 매장,2dabfd8e-7cc2-4318-a28e-95d55b3897c4,육오랑 남천점,한식,남천바다내음 골목형상점가,골목형상점가,부산광역시,0.0,0.0,,,RESOLVED_AGREEMENT,False,0,,,,
bb48db6d573f55990a22,val,식자재,T1 정확표기,q_식자재_01,식자재,식료품 중 '식자재'를 판매·제공하는 매장,a41d88f0-2b8b-4119-8161-460e627c59b7,태성식자재마트,식자재,순천역전시장상가,자율상권구역,전라남도,3.0,3.0,,,RESOLVED_AGREEMENT,False,3,,,,
d5af617df500895f9465,val,식자재,T1 정확표기,q_식자재_01,식자재,식료품 중 '식자재'를 판매·제공하는 매장,8193484e-bd5a-40c9-8f74-5ac926198941,햇맛식품,식자재,서면시장,전통시장,부산광역시,3.0,3.0,,,RESOLVED_AGREEMENT,False,3,,,,
b0e3cf3424faa788bd61,val,식자재,T1 정확표기,q_식자재_01,식자재,식료품 중 '식자재'를 판매·제공하는 매장,320a4f5d-c9b1-4624-ade5-3353bf94edc9,위푸드,식자재,하대원공설시장,전통시장,경기도,3.0,3.0,,,RESOLVED_AGREEMENT,False,3,,,,
7a35a4a59afc69b1f295,val,식자재,T1 정확표기,q_식자재_01,식자재,식료품 중 '식자재'를 판매·제공하는 매장,4b8311af-e417-4207-a37b-6e63b266a5c8,천마농산,식자재,부산새벽시장,전통시장,부산광역시,3.0,3.0,,,RESOLVED_AGREEMENT,False,3,,,,
79728a39f667bfc2d842,val,식자재,T1 정확표기,q_식자재_01,식자재,식료품 중 '식자재'를 판매·제공하는 매장,e699580d-aa3d-4800-ba2b-cefc63a8eddd,이지팜마켓,식자재,구리전통시장,전통시장,경기도,3.0,3.0,,,RESOLVED_AGREEMENT,False,3,,,,
aa7224aeff0631c330da,val,식자재,T1 정확표기,q_식자재_01,식자재,식료품 중 '식자재'를 판매·제공하는 매장,2fd72cbb-da88-4c4c-b309-e4d772473378,성진식자재,식자재,부평깡시장,전통시장,인천광역시,3.0,3.0,,,RESOLVED_AGREEMENT,False,3,,,,
569c85a09dded7d64b38,val,식자재,T1 정확표기,q_식자재_01,식자재,식료품 중 '식자재'를 판매·제공하는 매장,bac0e7d5-920d-430c-8bcc-1652e4f574c3,안산상회,식자재,하대원공설시장,전통시장,경기도,3.0,3.0,,,RESOLVED_AGREEMENT,False,3,,,,
1635736a4f7041fdb4e6,val,식자재,T1 정확표기,q_식자재_01,식자재,식료품 중 '식자재'를 판매·제공하는 매장,1c2dcf47-0307-49f4-8e14-25c55d7dd6e1,부흥종합식자재,식자재,일신시장(舊 부일종합시장),전통시장,인천광역시,3.0,3.0,,,RESOLVED_AGREEMENT,False,3,,,,
263b24f505317f3e620c,val,식자재,T1 정확표기,q_식자재_01,식자재,식료품 중 '식자재'를 판매·제공하는 매장,d08467c5-6f45-4537-9605-b05355d3a8c5,하늘유통,식자재,무안전통시장,전통시장,전라남도,3.0,3.0,,,RESOLVED_AGREEMENT,False,3,,,,
c7f1f48db9998f818373,val,식자재,T1 정확표기,q_식자재_01,식자재,식료품 중 '식자재'를 판매·제공하는 매장,0017714f-cbac-4f85-a148-338ddcefe41c,유수담,"쌀, 계란, 신선식품",익산북부시장,전통시장,전북특별자치도,3.0,3.0,,,RESOLVED_AGREEMENT,False,3,,,,
027aa0602fa913c45b89,val,식자재,T1 정확표기,q_식자재_01,식자재,식료품 중 '식자재'를 판매·제공하는 매장,0b8ef6dc-2f6b-4707-bd73-529122d9c97a,하단떡집,떡집,하단오일상설시장,전통시장,부산광역시,1.0,0.0,,,P2_GRADED_ONLY,True,,,,,
7ce4d49556267fca4b36,val,식자재,T1 정확표기,q_식자재_01,식자재,식료품 중 '식자재'를 판매·제공하는 매장,044b74fa-bb37-480b-8d36-3f7676cf2fb4,영진상회,곡물,청주육거리종합시장,전통시장,충청북도,3.0,3.0,,,RESOLVED_AGREEMENT,False,3,,,,
b7b7169e823ba03f3b9e,val,식자재,T1 정확표기,q_식자재_01,식자재,식료품 중 '식자재'를 판매·제공하는 매장,21c212bf-3ffc-4441-86e7-84ee7b70570f,제일종합식자재,식자재,창원 상남시장,전통시장,경상남도,3.0,3.0,,,RESOLVED_AGREEMENT,False,3,,,,
0ca2b4c7657dc75749db,val,식자재,T1 정확표기,q_식자재_01,식자재,식료품 중 '식자재'를 판매·제공하는 매장,001bc028-a43e-44d4-9682-db280a4998cc,파리바게뜨전주근영점,제과점,근영누리 골목형상점가,골목형상점가,전북특별자치도,1.0,0.0,,,P2_GRADED_ONLY,True,,,,,
30dfb3636b51775dcd26,val,식자재,T1 정확표기,q_식자재_01,식자재,식료품 중 '식자재'를 판매·제공하는 매장,1fc169fb-cea9-48fe-a8d8-0d453f893f72,금영유통,식자재,월곡1동 골목형상점가,골목형상점가,광주광역시,3.0,3.0,,,RESOLVED_AGREEMENT,False,3,,,,
61fae60071621970f3f7,val,식자재,T1 정확표기,q_식자재_01,식자재,식료품 중 '식자재'를 판매·제공하는 매장,04cffa8f-5c05-444b-bde1-a3d1918cf92f,강원기름집,식용유,속초종합중앙시장,전통시장,강원특별자치도,3.0,3.0,,,RESOLVED_AGREEMENT,False,3,,,,
dcb5e8f1d307a6ccc4cc,val,식자재,T1 정확표기,q_식자재_01,식자재,식료품 중 '식자재'를 판매·제공하는 매장,82e77537-5ca8-4253-8909-81ce00508500,동방,식자재,제천약초시장,전통시장,충청북도,3.0,3.0,,,RESOLVED_AGREEMENT,False,3,,,,
1b9dd2f7bc001e0ef38b,val,식자재,T1 정확표기,q_식자재_01,식자재,식료품 중 '식자재'를 판매·제공하는 매장,c5bd3aee-db2c-4ad9-9c09-bcf94071495f,참우리식자재,식자재(과일),화양제일골목시장(화양제일시장),전통시장,서울특별시,3.0,3.0,,,RESOLVED_AGREEMENT,False,3,,,,
146777fde65c1dbe5154,val,식자재,T1 정확표기,q_식자재_01,식자재,식료품 중 '식자재'를 판매·제공하는 매장,b6ebeed5-a43b-45ff-a2f2-f6f85e3c5d9f,무지개식자재,식자재,화양제일골목시장(화양제일시장),전통시장,서울특별시,3.0,3.0,,,RESOLVED_AGREEMENT,False,3,,,,
a68dd7a47f3e21e63629,val,식자재,T1 정확표기,q_식자재_01,식자재,식료품 중 '식자재'를 판매·제공하는 매장,1376634e-7439-4076-86fb-ea06659ffc8d,정가네,식자재,창원 명서시장,전통시장,경상남도,3.0,3.0,,,RESOLVED_AGREEMENT,False,3,,,,
db1e9627bab74a0201d8,val,식자재,T1 정확표기,q_식자재_01,식자재,식료품 중 '식자재'를 판매·제공하는 매장,00e80339-1353-4885-81d7-0746a437abb2,포식 용인한숲시티점,쌀국수 돈까스 함박스테이크,남사한숲 골목형상점가,골목형상점가,경기도,3.0,3.0,,,RESOLVED_AGREEMENT,False,3,,,,
317858bcdb7e4c9aaa3d,val,식자재,T1 정확표기,q_식자재_01,식자재,식료품 중 '식자재'를 판매·제공하는 매장,419698c1-3fdb-4fba-9db7-1a3e6fced07e,일일식품,식자재,청량리청과물시장,전통시장,서울특별시,3.0,3.0,,,RESOLVED_AGREEMENT,False,3,,,,
d30b158dc34356521c63,val,식자재,T1 정확표기,q_식자재_01,식자재,식료품 중 '식자재'를 판매·제공하는 매장,8866c503-2331-4acb-9c3f-b539876e5793,광명식자재,식자재,영일시장,전통시장,서울특별시,3.0,3.0,,,RESOLVED_AGREEMENT,False,3,,,,
f95cbb2fd25afa6fb613,val,식자재,T1 정확표기,q_식자재_01,식자재,식료품 중 '식자재'를 판매·제공하는 매장,01e4cef2-9c12-4be0-9c3e-5a09ab67f7f5,대명제유,"고추, 기름",의정부제일시장,전통시장,경기도,0.0,0.0,,,RESOLVED_AGREEMENT,False,0,,,,
4cc3f072bd3c4e9fb71b,val,식자재,T1 정확표기,q_식자재_01,식자재,식료품 중 '식자재'를 판매·제공하는 매장,06bf3714-4d1a-4eac-a83f-938387b7a25a,새충무곡물,잡곡,영천공설시장,전통시장,경상북도,3.0,3.0,,,RESOLVED_AGREEMENT,False,3,,,,
e1d6f7a918b4fd4bbd94,val,식자재,T1 정확표기,q_식자재_01,식자재,식료품 중 '식자재'를 판매·제공하는 매장,482dbc6d-cce8-43cd-b1a8-1ef561a06ed5,상남식자재,식자재,창원 상남시장,전통시장,경상남도,3.0,3.0,,,RESOLVED_AGREEMENT,False,3,,,,
56c7bdb51d55fffc1278,val,식자재,T1 정확표기,q_식자재_01,식자재,식료품 중 '식자재'를 판매·제공하는 매장,cfdd31be-dd9a-4699-9ee3-5261bc95998a,고전한복,한복,진주 중앙시장,전통시장,경상남도,0.0,0.0,,,RESOLVED_AGREEMENT,False,0,,,,
8acab936fda80fcc6627,val,식자재,T1 정확표기,q_식자재_01,식자재,식료품 중 '식자재'를 판매·제공하는 매장,01a5f192-c482-46e3-8b58-5358216d0749,풍전기름집,참기름,화곡본동시장,전통시장,서울특별시,3.0,3.0,,,RESOLVED_AGREEMENT,False,3,,,,
0cc0b8d0598769babab0,val,식자재,T1 정확표기,q_식자재_01,식자재,식료품 중 '식자재'를 판매·제공하는 매장,2b3b3d55-cf2a-490f-8caf-79baa3eb907f,마포식자재,식자재,마포농수산물시장,전통시장,서울특별시,3.0,3.0,,,RESOLVED_AGREEMENT,False,3,,,,
ce0c0eb8ec277cf32bfb,val,식자재,T1 정확표기,q_식자재_01,식자재,식료품 중 '식자재'를 판매·제공하는 매장,01757e0a-7278-44bc-9fad-29595028ac3d,현대떡방앗간,방앗간,염매시장(의성중앙시장),전통시장,경상북도,3.0,3.0,,,RESOLVED_AGREEMENT,False,3,,,,
43af3eb514b32049e3f0,val,식자재,T1 정확표기,q_식자재_01,식자재,식료품 중 '식자재'를 판매·제공하는 매장,001961d9-cb5d-40bc-903a-33d483f7d132,헬씨스탠다드,"건강기능식품, 쌀, 견과류, 약재",응암소담길 골목형상점가,골목형상점가,서울특별시,3.0,3.0,,,RESOLVED_AGREEMENT,False,3,,,,
85ca2afc8d64f1d5d0b7,val,식자재,T1 정확표기,q_식자재_01,식자재,식료품 중 '식자재'를 판매·제공하는 매장,3ae893f6-3513-40d0-83d1-1ba2af105630,남광주식자재마트,식자재,남광주시장,전통시장,광주광역시,3.0,3.0,,,RESOLVED_AGREEMENT,False,3,,,,
130acf92e976cbfba3c8,val,식자재,T1 정확표기,q_식자재_01,식자재,식료품 중 '식자재'를 판매·제공하는 매장,45781c74-c499-458c-8358-534afe4a798b,경남식자재,식자재,신중앙시장,전통시장,서울특별시,3.0,3.0,,,RESOLVED_AGREEMENT,False,3,,,,
efdb98317b31668272cf,val,식자재,T1 정확표기,q_식자재_01,식자재,식료품 중 '식자재'를 판매·제공하는 매장,02223ab5-044d-40ad-8cc7-838ed325ada0,상옥쌀상회,쌀,영일대북부시장(구 북부시장),전통시장,경상북도,3.0,3.0,,,RESOLVED_AGREEMENT,False,3,,,,
7701d757cd0f59238c7f,val,식자재,T1 정확표기,q_식자재_01,식자재,식료품 중 '식자재'를 판매·제공하는 매장,9595c9aa-59f6-454b-957d-c2e1dda8b086,지푸드,식자재,반여농산물도매시장 관련상품동,골목형상점가,부산광역시,3.0,3.0,,,RESOLVED_AGREEMENT,False,3,,,,
ef5ea5585489f493fc3a,val,식자재,T1 정확표기,q_식자재_01,식자재,식료품 중 '식자재'를 판매·제공하는 매장,23d420b2-7574-4d4b-ba8f-fb960f9ff3df,한울농원,식자재,부평종합시장,전통시장,인천광역시,3.0,3.0,,,RESOLVED_AGREEMENT,False,3,,,,
38b97ad7219f11da9266,val,식자재,T1 정확표기,q_식자재_01,식자재,식료품 중 '식자재'를 판매·제공하는 매장,00e30e5a-4662-4e65-9b6c-dd704886f1af,믿음떡집,떡방앗간,문창시장,전통시장,대전광역시,3.0,3.0,,,RESOLVED_AGREEMENT,False,3,,,,
d966ac569339be4e7202,val,식자재,T1 정확표기,q_식자재_01,식자재,식료품 중 '식자재'를 판매·제공하는 매장,00eca8e7-b158-4572-b540-c241f4ad2546,거창상회,식자재,충무동 새벽시장,전통시장,부산광역시,3.0,3.0,,,RESOLVED_AGREEMENT,False,3,,,,
972e05543a61d83e89b2,val,식자재,T1 정확표기,q_식자재_01,식자재,식료품 중 '식자재'를 판매·제공하는 매장,40ece9fe-d218-4f98-8326-9e0af34030c6,로엔진,식자재,전주남부시장,전통시장,전북특별자치도,3.0,3.0,,,RESOLVED_AGREEMENT,False,3,,,,
38d47e7035a6cafc96d2,val,식자재,T1 정확표기,q_식자재_01,식자재,식료품 중 '식자재'를 판매·제공하는 매장,d1f4e7d2-aa1c-43c7-957c-0b1c948a1772,봉황상회,식자재,남광주해뜨는시장,전통시장,,3.0,3.0,,,RESOLVED_AGREEMENT,False,3,,,,
6d186172534ed9aebf49,val,식자재,T1 정확표기,q_식자재_01,식자재,식료품 중 '식자재'를 판매·제공하는 매장,e425286e-a810-463b-8360-29d5711dcd4f,한밭유통,식자재,마포농수산물시장,전통시장,서울특별시,3.0,3.0,,,RESOLVED_AGREEMENT,False,3,,,,
28cb02de32abd0f52ef5,val,식자재,T1 정확표기,q_식자재_01,식자재,식료품 중 '식자재'를 판매·제공하는 매장,015915e3-2542-4245-b627-0c775b4c5501,한내떡집,,거제 고현시장,전통시장,경상남도,1.0,0.0,,,P2_GRADED_ONLY,True,,,,,
7c48414fa4204962cbde,val,식자재,T1 정확표기,q_식자재_01,식자재,식료품 중 '식자재'를 판매·제공하는 매장,a7cca5d1-6e6c-4c81-828a-378c86d521ac,드림식자재마트,식자재,창원 상남시장,전통시장,경상남도,3.0,3.0,,,RESOLVED_AGREEMENT,False,3,,,,
f0a34d83dc52bf0f0604,val,식자재,T1 정확표기,q_식자재_01,식자재,식료품 중 '식자재'를 판매·제공하는 매장,03e3e424-656a-46ea-82b7-21bcc07cae47,초왕상회,"곡물, 농산물",전주남부시장,전통시장,전북특별자치도,3.0,3.0,,,RESOLVED_AGREEMENT,False,3,,,,
e75a9b10a7f08dc4d0c0,val,식자재,T1 정확표기,q_식자재_01,식자재,식료품 중 '식자재'를 판매·제공하는 매장,7be7764e-517f-49bd-9d7c-8d4d19bbfcdb,명지정비코너,차량수리,남이동길골목형상점가,골목형상점가,서울특별시,0.0,0.0,,,RESOLVED_AGREEMENT,False,0,,,,
9a98353151df3e0f44bf,val,식자재,T1 정확표기,q_식자재_02,쌀,식료품 중 '식자재'를 판매·제공하는 매장,01e4cef2-9c12-4be0-9c3e-5a09ab67f7f5,대명제유,"고추, 기름",의정부제일시장,전통시장,경기도,0.0,0.0,,,RESOLVED_AGREEMENT,False,0,,,,
958b2ea472830519486a,val,식자재,T1 정확표기,q_식자재_02,쌀,식료품 중 '식자재'를 판매·제공하는 매장,9296f4c0-01a4-42a7-88d4-07a258316d36,금창회수산,회,신평리시장,전통시장,대구광역시,0.0,2.0,,,P1_BINARY_THRESHOLD,True,,,,,
c3e5a0474b2b7576cabd,val,식자재,T1 정확표기,q_식자재_02,쌀,식료품 중 '식자재'를 판매·제공하는 매장,00e80339-1353-4885-81d7-0746a437abb2,포식 용인한숲시티점,쌀국수 돈까스 함박스테이크,남사한숲 골목형상점가,골목형상점가,경기도,3.0,3.0,,,RESOLVED_AGREEMENT,False,3,,,,
ee38375e2911fff14df3,val,식자재,T1 정확표기,q_식자재_02,쌀,식료품 중 '식자재'를 판매·제공하는 매장,092868ef-cdbe-426a-8e04-c1862bac5076,익산바이오,식용유,세종전통시장,전통시장,세종특별자치시,2.0,0.0,,,P1_BINARY_THRESHOLD,True,,,,,
281805b91436c1c0c869,val,식자재,T1 정확표기,q_식자재_02,쌀,식료품 중 '식자재'를 판매·제공하는 매장,01a5f192-c482-46e3-8b58-5358216d0749,풍전기름집,참기름,화곡본동시장,전통시장,서울특별시,2.0,3.0,,,P2_GRADED_ONLY,True,,,,,
37484791f483cfc1734b,val,식자재,T1 정확표기,q_식자재_02,쌀,식료품 중 '식자재'를 판매·제공하는 매장,00fea2e0-f294-46b6-af68-655475e888be,동양유통,"곡물, 식자재",김해새벽시장,기타,경상남도,2.0,3.0,,,P2_GRADED_ONLY,True,,,,,
cabe4b05c8fea769d8b3,val,식자재,T1 정확표기,q_식자재_02,쌀,식료품 중 '식자재'를 판매·제공하는 매장,03e3e424-656a-46ea-82b7-21bcc07cae47,초왕상회,"곡물, 농산물",전주남부시장,전통시장,전북특별자치도,2.0,3.0,,,P2_GRADED_ONLY,True,,,,,
dd1bdbae58e287e24f0d,val,식자재,T1 정확표기,q_식자재_02,쌀,식료품 중 '식자재'를 판매·제공하는 매장,47814469-adc6-47a8-8b41-875c1976c3e9,가좌쌀집,쌀,가좌시장,전통시장,인천광역시,3.0,3.0,,,RESOLVED_AGREEMENT,False,3,,,,
c5c1933c3082168cc7c8,val,식자재,T1 정확표기,q_식자재_02,쌀,식료품 중 '식자재'를 판매·제공하는 매장,54207e88-39d1-4a29-854a-e4fda51447ab,남도쌀집,쌀,진흥종합시장,전통시장,인천광역시,3.0,3.0,,,RESOLVED_AGREEMENT,False,3,,,,
3f9fd8e38affb045c7c2,val,식자재,T1 정확표기,q_식자재_02,쌀,식료품 중 '식자재'를 판매·제공하는 매장,6d2b13b3-943a-400c-8edc-703866df4915,진하수산,한식 수산물 해산물,군분로꽁양상인회 골목형상점가,골목형상점가,광주광역시,0.0,2.0,,,P1_BINARY_THRESHOLD,True,,,,,
180366a3a59877c569a9,val,식자재,T1 정확표기,q_식자재_02,쌀,식료품 중 '식자재'를 판매·제공하는 매장,10dcc67f-8bba-401e-969c-9032df12b06a,보령상회,쌀,신도꼼지락시장,전통시장,대전광역시,3.0,3.0,,,RESOLVED_AGREEMENT,False,3,,,,
2ab9059267611caf5324,val,식자재,T1 정확표기,q_식자재_02,쌀,식료품 중 '식자재'를 판매·제공하는 매장,0e224dee-e545-48f6-95af-5a197b33a076,경북식품,식용유,가락몰골목형상점가,골목형상점가,서울특별시,2.0,0.0,,,P1_BINARY_THRESHOLD,True,,,,,
5c00d97010850a405a7d,val,식자재,T1 정확표기,q_식자재_02,쌀,식료품 중 '식자재'를 판매·제공하는 매장,071a89e8-e152-443c-becd-5bdce801e483,공단양곡,쌀,팔달신시장,전통시장,대구광역시,3.0,3.0,,,RESOLVED_AGREEMENT,False,3,,,,
4a23cc50abd25d9913ec,val,식자재,T1 정확표기,q_식자재_02,쌀,식료품 중 '식자재'를 판매·제공하는 매장,f6dacc3d-b174-4793-9ac7-f7c3306e6f37,팔팔쌀집,쌀,전포놀이터시장,전통시장,부산광역시,3.0,3.0,,,RESOLVED_AGREEMENT,False,3,,,,
c0e2ee7280ba8fe2c03d,val,식자재,T1 정확표기,q_식자재_02,쌀,식료품 중 '식자재'를 판매·제공하는 매장,399a7cdd-d578-45e5-875c-82fdf1571d7c,한일쌀상회,쌀,학성새벽시장,전통시장,울산광역시,3.0,3.0,,,RESOLVED_AGREEMENT,False,3,,,,
aed7ffb8be5d3e0dc1d1,val,식자재,T1 정확표기,q_식자재_02,쌀,식료품 중 '식자재'를 판매·제공하는 매장,015915e3-2542-4245-b627-0c775b4c5501,한내떡집,,거제 고현시장,전통시장,경상남도,1.0,0.0,,,P2_GRADED_ONLY,True,,,,,
cb864519411f7d03d093,val,식자재,T1 정확표기,q_식자재_02,쌀,식료품 중 '식자재'를 판매·제공하는 매장,0e9b1c08-a23d-49f3-b933-86b026a1e741,제일쌀상회,쌀,태안동부시장(구 태안특산물전통시장),전통시장,충청남도,3.0,3.0,,,RESOLVED_AGREEMENT,False,3,,,,
a3be85fc5cbd4f8c80ca,val,식자재,T1 정확표기,q_식자재_02,쌀,식료품 중 '식자재'를 판매·제공하는 매장,023e47e8-7973-4e3d-95f3-f6bf168360f0,(주)동양종합유통,식자재,양동건어물시장,전통시장,광주광역시,2.0,3.0,,,P2_GRADED_ONLY,True,,,,,
4e1d8974fd6eac0ec055,val,식자재,T1 정확표기,q_식자재_02,쌀,식료품 중 '식자재'를 판매·제공하는 매장,001961d9-cb5d-40bc-903a-33d483f7d132,헬씨스탠다드,"건강기능식품, 쌀, 견과류, 약재",응암소담길 골목형상점가,골목형상점가,서울특별시,3.0,3.0,,,RESOLVED_AGREEMENT,False,3,,,,
0ee6549031318d5af0c3,val,식자재,T1 정확표기,q_식자재_02,쌀,식료품 중 '식자재'를 판매·제공하는 매장,104f1635-418f-4970-9632-26a018862faf,관음농산,쌀,관음시장,전통시장,대구광역시,3.0,3.0,,,RESOLVED_AGREEMENT,False,3,,,,
81dd92fa97ca2a36d2f3,val,식자재,T1 정확표기,q_식자재_02,쌀,식료품 중 '식자재'를 판매·제공하는 매장,008d07a3-ba18-4806-9ec7-48c0adb25276,아빠네 빵집,제과제빵,신창수문 골목형상점가,골목형상점가,광주광역시,1.0,0.0,,,P2_GRADED_ONLY,True,,,,,
77637b2fb5d05ee42d09,val,식자재,T1 정확표기,q_식자재_02,쌀,식료품 중 '식자재'를 판매·제공하는 매장,01757e0a-7278-44bc-9fad-29595028ac3d,현대떡방앗간,방앗간,염매시장(의성중앙시장),전통시장,경상북도,2.0,3.0,,,P2_GRADED_ONLY,True,,,,,
fdae41a887f3d1bff4d8,val,식자재,T1 정확표기,q_식자재_02,쌀,식료품 중 '식자재'를 판매·제공하는 매장,0bd10fb6-a123-4f9c-a591-0e91db1c7cc8,대성미곡,쌀,울진시장(울진바지게시장),전통시장,경상북도,3.0,3.0,,,RESOLVED_AGREEMENT,False,3,,,,
30f8a8924a5bd8493cb9,val,식자재,T1 정확표기,q_식자재_02,쌀,식료품 중 '식자재'를 판매·제공하는 매장,45cf220d-e2ca-4ab4-b40f-bf7241f3b566,화도농산,쌀,차이나타운로 상점가,자율상권구역,인천광역시,3.0,3.0,,,RESOLVED_AGREEMENT,False,3,,,,
3797ad5481272798229f,val,식자재,T1 정확표기,q_식자재_02,쌀,식료품 중 '식자재'를 판매·제공하는 매장,02223ab5-044d-40ad-8cc7-838ed325ada0,상옥쌀상회,쌀,영일대북부시장(구 북부시장),전통시장,경상북도,3.0,3.0,,,RESOLVED_AGREEMENT,False,3,,,,
b67256c25275de4ba1e0,val,식자재,T1 정확표기,q_식자재_02,쌀,식료품 중 '식자재'를 판매·제공하는 매장,00eca8e7-b158-4572-b540-c241f4ad2546,거창상회,식자재,충무동 새벽시장,전통시장,부산광역시,2.0,3.0,,,P2_GRADED_ONLY,True,,,,,
850fb4c8f15ab465dcff,val,식자재,T1 정확표기,q_식자재_02,쌀,식료품 중 '식자재'를 판매·제공하는 매장,001cb3d4-5441-4963-b517-d5b3904ee312,현창떡집,떡집,목포동부시장,전통시장,전라남도,1.0,0.0,,,P2_GRADED_ONLY,True,,,,,
53ae6b139cd90b3350bf,val,식자재,T1 정확표기,q_식자재_02,쌀,식료품 중 '식자재'를 판매·제공하는 매장,6d4165c4-df69-476d-8905-3cf66131c937,대곡농산,쌀,팔달신시장,전통시장,대구광역시,3.0,3.0,,,RESOLVED_AGREEMENT,False,3,,,,
e45a28693b922d5a7050,val,식자재,T1 정확표기,q_식자재_02,쌀,식료품 중 '식자재'를 판매·제공하는 매장,001bc028-a43e-44d4-9682-db280a4998cc,파리바게뜨전주근영점,제과점,근영누리 골목형상점가,골목형상점가,전북특별자치도,1.0,0.0,,,P2_GRADED_ONLY,True,,,,,
ae951eb75646f0dde7a1,val,식자재,T1 정확표기,q_식자재_02,쌀,식료품 중 '식자재'를 판매·제공하는 매장,231a0bf6-addc-4aef-b5b8-ab4e7b212ba7,여주상회,쌀,송도역전시장,전통시장,인천광역시,3.0,3.0,,,RESOLVED_AGREEMENT,False,3,,,,
00a2f248b412561d5b0f,val,식자재,T1 정확표기,q_식자재_02,쌀,식료품 중 '식자재'를 판매·제공하는 매장,26cf948b-cb19-42a2-91b4-c149e8a49d5d,장터야채,쌀,춘천풍물시장,전통시장,강원특별자치도,3.0,3.0,,,RESOLVED_AGREEMENT,False,3,,,,
2120a8e5659bdee5b172,val,식자재,T1 정확표기,q_식자재_02,쌀,식료품 중 '식자재'를 판매·제공하는 매장,0b8ef6dc-2f6b-4707-bd73-529122d9c97a,하단떡집,떡집,하단오일상설시장,전통시장,부산광역시,1.0,0.0,,,P2_GRADED_ONLY,True,,,,,
9552fa68971e50a82b9d,val,식자재,T1 정확표기,q_식자재_02,쌀,식료품 중 '식자재'를 판매·제공하는 매장,2e0a4fef-9229-4718-b386-d373a27a2540,춘화족발,쌀,김해 장유전통시장,전통시장,경상남도,3.0,3.0,,,RESOLVED_AGREEMENT,False,3,,,,
bb8beea530a4b2de2a79,val,식자재,T1 정확표기,q_식자재_02,쌀,식료품 중 '식자재'를 판매·제공하는 매장,fdbe0dbf-45f7-4289-a9fb-494529f3c8d1,인덕상회,쌀,우일시장,기타,부산광역시,3.0,3.0,,,RESOLVED_AGREEMENT,False,3,,,,
f89a73e1f3a466268115,val,식자재,T1 정확표기,q_식자재_02,쌀,식료품 중 '식자재'를 판매·제공하는 매장,49bd0226-04f6-42f9-aef8-e2e0ee03082c,거제쌀상회,쌀,마산어시장,전통시장,경상남도,3.0,3.0,,,RESOLVED_AGREEMENT,False,3,,,,
a0e3cccd3f7e4aaa6d12,val,식자재,T1 정확표기,q_식자재_02,쌀,식료품 중 '식자재'를 판매·제공하는 매장,94fb7ebc-3964-413f-9b1e-7a3a95a37f43,영선쌀상회,쌀,남항시장,전통시장,부산광역시,3.0,3.0,,,RESOLVED_AGREEMENT,False,3,,,,
376f0660b6ea4e974ef1,val,식자재,T1 정확표기,q_식자재_02,쌀,식료품 중 '식자재'를 판매·제공하는 매장,00362b85-cb9a-4318-9059-12f768d76197,파리바게뜨전주인후점,제과점,소나무 골목형상점가,골목형상점가,전북특별자치도,1.0,0.0,,,P2_GRADED_ONLY,True,,,,,
5a668a5c85305f096b43,val,식자재,T1 정확표기,q_식자재_02,쌀,식료품 중 '식자재'를 판매·제공하는 매장,4868e4ed-e785-47d9-95a8-d47758894b96,보미상회,쌀,서남신시장,전통시장,대구광역시,3.0,3.0,,,RESOLVED_AGREEMENT,False,3,,,,
de11d7bf319782a195ef,val,식자재,T1 정확표기,q_식자재_02,쌀,식료품 중 '식자재'를 판매·제공하는 매장,c626e6be-3d04-4157-9b1b-e01abc33789b,삼흥미곡,쌀,강릉중앙시장,전통시장,강원특별자치도,3.0,3.0,,,RESOLVED_AGREEMENT,False,3,,,,
0f1de768baec15c7b1e0,val,식자재,T1 정확표기,q_식자재_02,쌀,식료품 중 '식자재'를 판매·제공하는 매장,e3f96b9e-6c42-4e67-b6ad-c7445e76495f,더진동해동태탕,동태탕,별내로데오상점가,골목형상점가,경기도,0.0,0.0,,,RESOLVED_AGREEMENT,False,0,,,,
cea3a19649a342362466,val,식자재,T1 정확표기,q_식자재_02,쌀,식료품 중 '식자재'를 판매·제공하는 매장,7757e215-5281-40ed-bb0d-e42749134e1a,미소농산,쌀,오정동상점가,자율상권구역,대전광역시,3.0,3.0,,,RESOLVED_AGREEMENT,False,3,,,,
dcbfc38217419a603641,val,식자재,T1 정확표기,q_식자재_02,쌀,식료품 중 '식자재'를 판매·제공하는 매장,17982057-550e-40de-85ba-5ca07a8dd9ab,굿푸드홀세일,쌀,대림골목시장,전통시장,서울특별시,3.0,3.0,,,RESOLVED_AGREEMENT,False,3,,,,
9a0c95a5c732dee80ea0,val,식자재,T1 정확표기,q_식자재_02,쌀,식료품 중 '식자재'를 판매·제공하는 매장,78ad8364-c305-4ba8-8772-da33d1fb90c1,좋은햇쌀,쌀,산정상인회 골목형상점가,골목형상점가,광주광역시,3.0,3.0,,,RESOLVED_AGREEMENT,False,3,,,,
d095b7d8a3191d77b8f8,val,식자재,T1 정확표기,q_식자재_02,쌀,식료품 중 '식자재'를 판매·제공하는 매장,3321af51-e75a-4330-b79e-5da6fe466c8d,대풍상회,쌀,평택통복시장,전통시장,경기도,3.0,3.0,,,RESOLVED_AGREEMENT,False,3,,,,
2cd2c0d9e1c4244e1086,val,식자재,T1 정확표기,q_식자재_02,쌀,식료품 중 '식자재'를 판매·제공하는 매장,0061123f-a676-4556-9633-5fbc4ecaf6ef,치즈케익카스테라카페,제과,북가좌동 골목형상점가,골목형상점가,서울특별시,1.0,0.0,,,P2_GRADED_ONLY,True,,,,,
e40946f5ff2939486b92,val,식자재,T1 정확표기,q_식자재_02,쌀,식료품 중 '식자재'를 판매·제공하는 매장,b5a9aa7d-8c8c-400b-a2a7-8c49ae06b0e6,강원미곡,쌀,횡성전통시장,전통시장,강원특별자치도,3.0,3.0,,,RESOLVED_AGREEMENT,False,3,,,,
9bba63115d359eb4e698,val,식자재,T1 정확표기,q_식자재_02,쌀,식료품 중 '식자재'를 판매·제공하는 매장,358b31c1-caba-413e-b48c-050fcce10157,행복유통,쌀,군산신영시장,전통시장,전북특별자치도,3.0,3.0,,,RESOLVED_AGREEMENT,False,3,,,,
b491f7368fb95f618227,val,식자재,T1 정확표기,q_식자재_02,쌀,식료품 중 '식자재'를 판매·제공하는 매장,defde03a-a03a-4b15-8651-bee4766390db,행복쌀집,쌀,양산 덕계종합상설시장,전통시장,경상남도,3.0,3.0,,,RESOLVED_AGREEMENT,False,3,,,,
7f79893711ae21b54864,val,식자재,T1 정확표기,q_식자재_02,쌀,식료품 중 '식자재'를 판매·제공하는 매장,044b74fa-bb37-480b-8d36-3f7676cf2fb4,영진상회,곡물,청주육거리종합시장,전통시장,충청북도,2.0,3.0,,,P2_GRADED_ONLY,True,,,,,
ace68e701824e5c41bc4,val,식자재,T1 정확표기,q_식자재_02,쌀,식료품 중 '식자재'를 판매·제공하는 매장,022ece99-80e4-453c-91c0-f46f8527e7ab,구즉방아간,방앗간,송강전통시장,전통시장,대전광역시,2.0,3.0,,,P2_GRADED_ONLY,True,,,,,
71f8d1df6a69c33b175e,val,식자재,T1 정확표기,q_식자재_02,쌀,식료품 중 '식자재'를 판매·제공하는 매장,62808ea9-1851-4c4f-a9a5-dcbe438da990,태양유통,쌀,안양남부시장,전통시장,경기도,3.0,3.0,,,RESOLVED_AGREEMENT,False,3,,,,
4be7d1e8fd267d377177,val,식자재,T1 정확표기,q_식자재_02,쌀,식료품 중 '식자재'를 판매·제공하는 매장,9a8270d2-a577-4e45-8856-62bf35cd6ee7,사천횟집,활수산물,개금큰시장,전통시장,부산광역시,0.0,2.0,,,P1_BINARY_THRESHOLD,True,,,,,
4a2ceaf2a6dfc72dc90c,val,식자재,T1 정확표기,q_식자재_02,쌀,식료품 중 '식자재'를 판매·제공하는 매장,4fb71ad2-205f-4019-bc82-5a12e0896469,내고향쌀,쌀,감호시장,전통시장,경상북도,3.0,3.0,,,RESOLVED_AGREEMENT,False,3,,,,
a1d3be47e7d3a4dad761,val,식자재,T1 정확표기,q_식자재_02,쌀,식료품 중 '식자재'를 판매·제공하는 매장,41d5f8f5-d2b9-4e6c-a712-00095133cd1f,대흥쌀상회,쌀,양평물맑은시장,전통시장,경기도,3.0,3.0,,,RESOLVED_AGREEMENT,False,3,,,,
dbc157aff6e51044161c,val,식자재,T1 정확표기,q_식자재_02,쌀,식료품 중 '식자재'를 판매·제공하는 매장,1e4bccf2-bb3a-4679-8f8a-e8197ccd49e7,백년지기황토쌀,쌀,서변중앙시장,전통시장,대구광역시,3.0,3.0,,,RESOLVED_AGREEMENT,False,3,,,,
abfa041c99f9d4ebf878,val,식자재,T1 정확표기,q_식자재_02,쌀,식료품 중 '식자재'를 판매·제공하는 매장,96f153ab-129f-4b31-a3ad-b067bd2015db,우리 쌀 피자,,연희로 골목형상점가,골목형상점가,인천광역시,3.0,3.0,,,RESOLVED_AGREEMENT,False,3,,,,
3785069c6a7301d2aec5,val,식자재,T1 정확표기,q_식자재_02,쌀,식료품 중 '식자재'를 판매·제공하는 매장,005313c8-dce8-49b6-9841-9143ebb1305a,동원떡집,,박달시장,전통시장,경기도,1.0,0.0,,,P2_GRADED_ONLY,True,,,,,
5b49d7bde3fb30c618ac,val,식자재,T1 정확표기,q_식자재_02,쌀,식료품 중 '식자재'를 판매·제공하는 매장,68328886-ebc5-496d-9026-e4af1d8d2f1a,광복쌀슈퍼,쌀,공주산성시장,전통시장,충청남도,3.0,3.0,,,RESOLVED_AGREEMENT,False,3,,,,
6bb332a1ff91b2bb650a,val,식자재,T1 정확표기,q_식자재_02,쌀,식료품 중 '식자재'를 판매·제공하는 매장,78c8a54f-75ee-4473-9b0b-d7700a69c72a,한성쌀집,쌀,용현시장,전통시장,인천광역시,3.0,3.0,,,RESOLVED_AGREEMENT,False,3,,,,
f63b9728e6a4534e75a1,val,식자재,T1 정확표기,q_식자재_02,쌀,식료품 중 '식자재'를 판매·제공하는 매장,fabb796c-4be1-477b-8a21-e72e0f19612d,대신양곡,쌀,속초중앙전통시장,전통시장,강원특별자치도,3.0,3.0,,,RESOLVED_AGREEMENT,False,3,,,,
c4c5c018d0b21ac2f6b8,val,식자재,T1 정확표기,q_식자재_02,쌀,식료품 중 '식자재'를 판매·제공하는 매장,df7fab16-16bd-4d3f-8610-4aec16703190,동부양곡,쌀,진주 자유시장,전통시장,경상남도,3.0,3.0,,,RESOLVED_AGREEMENT,False,3,,,,
cfb88a858b8e5872dbe0,val,식자재,T1 정확표기,q_식자재_02,쌀,식료품 중 '식자재'를 판매·제공하는 매장,117335fe-38b0-4ca5-88dd-9a7532e2529b,두꺼비 쌀집,쌀,오천시장,전통시장,경상북도,3.0,3.0,,,RESOLVED_AGREEMENT,False,3,,,,
2d0937bb215a121ff06e,val,식자재,T1 정확표기,q_식자재_02,쌀,식료품 중 '식자재'를 판매·제공하는 매장,dfb5b879-9eee-40be-90ae-572eea01be53,풍국쌀,쌀 잡곡,신매시장,전통시장,대구광역시,3.0,3.0,,,RESOLVED_AGREEMENT,False,3,,,,
f6fb03489d67d1d022ad,val,식자재,T1 정확표기,q_식자재_02,쌀,식료품 중 '식자재'를 판매·제공하는 매장,d955212f-65a7-4188-8fd5-ec3850624390,시범쌀상회,쌀,송화벽화시장,전통시장,서울특별시,3.0,3.0,,,RESOLVED_AGREEMENT,False,3,,,,
7bb00db94eda45c0997d,val,식자재,T1 정확표기,q_식자재_02,쌀,식료품 중 '식자재'를 판매·제공하는 매장,002d0d06-15b2-463e-b789-b0232bcc6681,뚜레주르버들마을점,제과,버들마을상인회 골목형상점가,골목형상점가,광주광역시,1.0,0.0,,,P2_GRADED_ONLY,True,,,,,
9b996f170828e78806dd,val,식자재,T1 정확표기,q_식자재_02,쌀,식료품 중 '식자재'를 판매·제공하는 매장,5e18d0d5-e3f4-47f9-b233-7709e25ead29,창신상회,쌀,연산골목시장상점가,자율상권구역,부산광역시,3.0,3.0,,,RESOLVED_AGREEMENT,False,3,,,,
c194f97d5069fa5110ef,val,식자재,T1 정확표기,q_식자재_02,쌀,식료품 중 '식자재'를 판매·제공하는 매장,6835a331-dd56-4214-9889-29c7f561712e,모자쌀상회,쌀,광천문화시장,전통시장,충청남도,3.0,3.0,,,RESOLVED_AGREEMENT,False,3,,,,
cdff52ed428ab9091dd6,val,식자재,T1 정확표기,q_식자재_02,쌀,식료품 중 '식자재'를 판매·제공하는 매장,021bf03c-8b83-4288-89c5-15a4a162142b,신선식품,식자재,사천읍시장,전통시장,경상남도,2.0,3.0,,,P2_GRADED_ONLY,True,,,,,
0d32cc90ab595b7840ef,val,식자재,T1 정확표기,q_식자재_02,쌀,식료품 중 '식자재'를 판매·제공하는 매장,bad2ad85-9c57-4cc6-afed-2c96abfd452d,논산상회,쌀,후암시장,전통시장,서울특별시,3.0,3.0,,,RESOLVED_AGREEMENT,False,3,,,,
6683cfc822fa70d90136,val,식자재,T1 정확표기,q_식자재_02,쌀,식료품 중 '식자재'를 판매·제공하는 매장,03c63490-5a3c-4534-bcd9-c42d2bac5402,금판영농수산,쌀,매월동상인회 골목형상점가,골목형상점가,광주광역시,3.0,3.0,,,RESOLVED_AGREEMENT,False,3,,,,
8125db1ad8823d7e5a61,val,식자재,T1 정확표기,q_식자재_02,쌀,식료품 중 '식자재'를 판매·제공하는 매장,7145a378-c408-4717-834b-ba7aecfedda0,쿠쿠쌀집,쌀,오류전통시장(오류빤짝시장),전통시장,대전광역시,3.0,3.0,,,RESOLVED_AGREEMENT,False,3,,,,
e2ac717fe24a566d3f68,val,식자재,T1 정확표기,q_식자재_02,쌀,식료품 중 '식자재'를 판매·제공하는 매장,f5683180-45b3-48e1-9f9a-104ead3d9447,"네일,뷰","네일, 피부미용",가락타운상가시장,전통시장,부산광역시,0.0,0.0,,,RESOLVED_AGREEMENT,False,0,,,,
85780e2a10d0fb4a142d,val,식자재,T1 정확표기,q_식자재_02,쌀,식료품 중 '식자재'를 판매·제공하는 매장,04c905ba-3172-4ea4-a6dd-4345d674dea0,덕순이네,제조업(떡집),장터길 골목형상점가,골목형상점가,경기도,1.0,0.0,,,P2_GRADED_ONLY,True,,,,,
b460dc6225cf8675ca7f,val,식자재,T1 정확표기,q_식자재_02,쌀,식료품 중 '식자재'를 판매·제공하는 매장,0406ed16-445f-4c4a-a7e0-12097f3895dd,신토불이쌀,쌀,성대시장골목형상점가,골목형상점가,서울특별시,3.0,3.0,,,RESOLVED_AGREEMENT,False,3,,,,
97c5ce6c816f4244ae6e,val,식자재,T1 정확표기,q_식자재_02,쌀,식료품 중 '식자재'를 판매·제공하는 매장,023b2cb4-7f9e-4b85-9888-474ee933954a,산척제유소,방앗간,충주자유시장,전통시장,충청북도,2.0,3.0,,,P2_GRADED_ONLY,True,,,,,
5814334c8a711ed7b484,val,식자재,T1 정확표기,q_식자재_02,쌀,식료품 중 '식자재'를 판매·제공하는 매장,6366963d-59e9-41e3-b1f6-22f02e7d9b9e,천안쌀상회,쌀,아차산등산로골목형상점가,골목형상점가,서울특별시,3.0,3.0,,,RESOLVED_AGREEMENT,False,3,,,,
94fb0e0c60b4dd3d41a1,val,식자재,T1 정확표기,q_식자재_02,쌀,식료품 중 '식자재'를 판매·제공하는 매장,a74a24ba-c3ac-4255-bbf1-d268ace5b988,향길쌀농산물,쌀,전주풍남문상점가,자율상권구역,전북특별자치도,3.0,3.0,,,RESOLVED_AGREEMENT,False,3,,,,
e2c7603113f3563a9b6c,val,식자재,T1 정확표기,q_식자재_02,쌀,식료품 중 '식자재'를 판매·제공하는 매장,a8d621e6-4a98-4f91-8c2f-821dcc490ebf,시장쌀집,쌀,오천시장,전통시장,경상북도,3.0,3.0,,,RESOLVED_AGREEMENT,False,3,,,,
157c277824a9cde5f4a4,val,식자재,T1 정확표기,q_식자재_02,쌀,식료품 중 '식자재'를 판매·제공하는 매장,35dce51c-c490-46cc-b395-5d7bebf05a18,연곡쌀,"곡물, 쌀",주문진종합시장,전통시장,강원특별자치도,3.0,3.0,,,RESOLVED_AGREEMENT,False,3,,,,
9aeb52696a95eab754cb,val,식자재,T1 정확표기,q_식자재_02,쌀,식료품 중 '식자재'를 판매·제공하는 매장,ab7b419c-bec5-4dde-b630-cd86cbcaaf15,중앙농산,쌀,송현시장,전통시장,인천광역시,3.0,3.0,,,RESOLVED_AGREEMENT,False,3,,,,
ad1e45429303d5c2cb7d,val,식자재,T1 정확표기,q_식자재_02,쌀,식료품 중 '식자재'를 판매·제공하는 매장,00ec16f5-8b45-4af1-bb1b-6389f2412be8,수진식품,"참기름, 고추가루등",김해 진영전통시장,전통시장,경상남도,2.0,3.0,,,P2_GRADED_ONLY,True,,,,,
4d9b2598cb9a373a6b5e,val,식자재,T1 정확표기,q_식자재_02,쌀,식료품 중 '식자재'를 판매·제공하는 매장,727a4d51-4e36-4971-9a4a-986aa7b13a94,영진농산,쌀,봉선중앙로 골목형상점가,골목형상점가,광주광역시,3.0,3.0,,,RESOLVED_AGREEMENT,False,3,,,,
34f6550c3f1df0870632,val,식자재,T1 정확표기,q_식자재_02,쌀,식료품 중 '식자재'를 판매·제공하는 매장,a4243da2-ece0-45eb-bc06-6ea220736882,함양농산,쌀,양산 남부시장상가,전통시장,경상남도,3.0,3.0,,,RESOLVED_AGREEMENT,False,3,,,,
eabfcb9fb727b82e8b29,val,식자재,T1 정확표기,q_식자재_02,쌀,식료품 중 '식자재'를 판매·제공하는 매장,00e30e5a-4662-4e65-9b6c-dd704886f1af,믿음떡집,떡방앗간,문창시장,전통시장,대전광역시,2.0,3.0,,,P2_GRADED_ONLY,True,,,,,
fd8a1bdb7da66731ede3,val,식자재,T1 정확표기,q_식자재_02,쌀,식료품 중 '식자재'를 판매·제공하는 매장,29f74f5e-fd35-4852-ba01-326a1e44c0b2,산들이야기,"채소, 과실 및 뿌리작물 소매업",세종전통시장,전통시장,세종특별자치시,0.0,2.0,,,P1_BINARY_THRESHOLD,True,,,,,
f13407f0291e42b2a90c,val,식자재,T1 정확표기,q_식자재_02,쌀,식료품 중 '식자재'를 판매·제공하는 매장,a5df9465-85b5-422a-a68e-3bd891e736be,풍년,쌀,문산자유시장,전통시장,경기도,3.0,3.0,,,RESOLVED_AGREEMENT,False,3,,,,
789a5175fdb4fd9da105,val,식자재,T1 정확표기,q_식자재_02,쌀,식료품 중 '식자재'를 판매·제공하는 매장,00bf0e58-0696-472a-8a12-945c44dc9435,오복상회,쌀,백년시장(구 강북종합전통시장),전통시장,서울특별시,3.0,3.0,,,RESOLVED_AGREEMENT,False,3,,,,
a77aae5ddde6a8b1f419,val,식자재,T1 정확표기,q_식자재_02,쌀,식료품 중 '식자재'를 판매·제공하는 매장,013444f9-7e9b-4640-84f0-43ac071ef57f,대림고추방아,"고추가루, 기름",부천강남시장,전통시장,경기도,0.0,0.0,,,RESOLVED_AGREEMENT,False,0,,,,
d70c55c7f033e8523fdb,val,식자재,T1 정확표기,q_식자재_02,쌀,식료품 중 '식자재'를 판매·제공하는 매장,20ce83c5-06d5-4898-98a0-b450dd15978f,안계쌀집,쌀,팔달신시장,전통시장,대구광역시,3.0,3.0,,,RESOLVED_AGREEMENT,False,3,,,,
286948462075ea66588f,val,식자재,T1 정확표기,q_식자재_02,쌀,식료품 중 '식자재'를 판매·제공하는 매장,85e16695-7fbe-4308-8f33-bcc71dcc3479,대우미곡,쌀,백년소상공인,기타,전라남도,3.0,3.0,,,RESOLVED_AGREEMENT,False,3,,,,
ab608b227af0c31c32d4,val,식자재,T1 정확표기,q_식자재_02,쌀,식료품 중 '식자재'를 판매·제공하는 매장,adf7df00-1bf7-4251-a80b-9ef0b23b0a79,연합쌀상회,쌀,모란종합시장,전통시장,경기도,3.0,3.0,,,RESOLVED_AGREEMENT,False,3,,,,
867c98c129e219114183,val,식자재,T1 정확표기,q_식자재_02,쌀,식료품 중 '식자재'를 판매·제공하는 매장,06bbe239-5774-4794-91c3-b45901659200,성진상회,식용유,고성시장,전통시장,경상남도,2.0,3.0,,,P2_GRADED_ONLY,True,,,,,
d54ffdcb728fd7197687,val,식자재,T1 정확표기,q_식자재_02,쌀,식료품 중 '식자재'를 판매·제공하는 매장,034f637f-e1c0-4e3c-99a7-eb7c8deb055a,청풍상회,곡물,내토전통시장,전통시장,충청북도,2.0,3.0,,,P2_GRADED_ONLY,True,,,,,
d2ea06e25fa54785e146,val,식자재,T1 정확표기,q_식자재_02,쌀,식료품 중 '식자재'를 판매·제공하는 매장,1dece7ab-c77e-4e2e-b8f5-584480c0e0a2,부량직판장,쌀,서부시장상점가(서부시장 통합),전통시장,전북특별자치도,3.0,3.0,,,RESOLVED_AGREEMENT,False,3,,,,
1ef0992de3ef2fa2d15e,val,식자재,T1 정확표기,q_식자재_02,쌀,식료품 중 '식자재'를 판매·제공하는 매장,e3dbcc9f-0d99-469c-99f2-663d879857d7,쌀돌이건어물,쌀,운수대통!생거진천전통시장,전통시장,충청북도,3.0,3.0,,,RESOLVED_AGREEMENT,False,3,,,,
88306c9520e4d5e7d604,val,식자재,T1 정확표기,q_식자재_02,쌀,식료품 중 '식자재'를 판매·제공하는 매장,0592f5f6-ae8d-491f-87e9-2021a00f4ae0,우리상회,곡물,상주중앙시장,전통시장,경상북도,2.0,3.0,,,P2_GRADED_ONLY,True,,,,,
71f684e78192821ff917,val,식자재,T1 정확표기,q_식자재_02,쌀,식료품 중 '식자재'를 판매·제공하는 매장,51f3f304-586e-42a8-a4a0-2bede24ee9f5,여주농산,쌀,문막시장,전통시장,강원특별자치도,3.0,3.0,,,RESOLVED_AGREEMENT,False,3,,,,
6ca7e5dbed935d249ac9,val,식자재,T1 정확표기,q_식자재_02,쌀,식료품 중 '식자재'를 판매·제공하는 매장,7b982c95-21d9-41bc-9e24-04a6d67f65f4,여주농산,쌀,전곡시장,전통시장,서울특별시,3.0,3.0,,,RESOLVED_AGREEMENT,False,3,,,,
85a650a21ab1b441d71b,val,식자재,T1 정확표기,q_식자재_02,쌀,식료품 중 '식자재'를 판매·제공하는 매장,aacf6176-e047-4c7b-84e3-6a8f77412f53,에몬스가구 파주운정점,가구,운정가구단지 상점가,자율상권구역,경기도,0.0,0.0,,,RESOLVED_AGREEMENT,False,0,,,,
4f0be7d2580a2817207e,val,식자재,T1 정확표기,q_식자재_02,쌀,식료품 중 '식자재'를 판매·제공하는 매장,e60a7492-382e-4186-8c4a-d7b9dcb47fe0,양곡백화점,쌀,하단오일상설시장,전통시장,부산광역시,3.0,3.0,,,RESOLVED_AGREEMENT,False,3,,,,
88964fb15bde176e1798,val,식자재,T1 정확표기,q_식자재_02,쌀,식료품 중 '식자재'를 판매·제공하는 매장,bdc21780-d0e7-42c7-82bf-31b8017fc849,여수쌀집,쌀,광양매일시장(광양상설시장),전통시장,전라남도,3.0,3.0,,,RESOLVED_AGREEMENT,False,3,,,,
793f847e699f225f3aa7,val,식자재,T1 정확표기,q_식자재_02,쌀,식료품 중 '식자재'를 판매·제공하는 매장,4468f48e-6618-4759-a990-f3c5dc3f753d,동아상회,쌀,거창 전통시장,전통시장,경상남도,3.0,3.0,,,RESOLVED_AGREEMENT,False,3,,,,
85fa437e6e89eb75fac8,val,식자재,T1 정확표기,q_식자재_02,쌀,식료품 중 '식자재'를 판매·제공하는 매장,d632e56f-1503-4202-8d92-af94aa217921,대명농산,쌀,덕신2차시장,전통시장,울산광역시,3.0,3.0,,,RESOLVED_AGREEMENT,False,3,,,,
db2a0ad697144bfa2ec5,val,식자재,T1 정확표기,q_식자재_02,쌀,식료품 중 '식자재'를 판매·제공하는 매장,f6a277d5-dca8-4db1-87c5-75dbbf3f5282,다명상회,쌀,대전상가,전통시장,대전광역시,3.0,3.0,,,RESOLVED_AGREEMENT,False,3,,,,
17926cb0627620665544,val,식자재,T1 정확표기,q_식자재_02,쌀,식료품 중 '식자재'를 판매·제공하는 매장,04cffa8f-5c05-444b-bde1-a3d1918cf92f,강원기름집,식용유,속초종합중앙시장,전통시장,강원특별자치도,2.0,3.0,,,P2_GRADED_ONLY,True,,,,,
a37684bc275726ce2376,val,식자재,T1 정확표기,q_식자재_02,쌀,식료품 중 '식자재'를 판매·제공하는 매장,011f646c-0d2f-4770-a90e-d5d39e580d38,올 푸드,식자재,두암시장,전통시장,광주광역시,2.0,3.0,,,P2_GRADED_ONLY,True,,,,,
a58654dda313c4c34346,val,식자재,T1 정확표기,q_식자재_02,쌀,식료품 중 '식자재'를 판매·제공하는 매장,01859206-536a-40a7-be1e-c8610663a665,동원참기름,참기름,안강공설시장,전통시장,경상북도,2.0,3.0,,,P2_GRADED_ONLY,True,,,,,
3f5542cb28ec43e2645d,val,식자재,T1 정확표기,q_식자재_02,쌀,식료품 중 '식자재'를 판매·제공하는 매장,e9e78533-5bf7-42c4-9fac-ff572fe6755f,우암슈퍼,잡화,우암골목시장,전통시장,부산광역시,0.0,3.0,,,P1_BINARY_THRESHOLD,True,,,,,
a6ed987f1732e3539331,val,식자재,T1 정확표기,q_식자재_02,쌀,식료품 중 '식자재'를 판매·제공하는 매장,0b69c684-9b0b-490b-892e-9267cf4662a3,윤수참기름,식용유,진주 청과시장,전통시장,경상남도,2.0,3.0,,,P2_GRADED_ONLY,True,,,,,
d7c459f17c8018407300,val,식자재,T1 정확표기,q_식자재_02,쌀,식료품 중 '식자재'를 판매·제공하는 매장,0046e3b5-e973-4cc0-807c-acb34ad8e262,야음민속떡집,제조업(떡방앗간),울산번개시장,전통시장,울산광역시,2.0,3.0,,,P2_GRADED_ONLY,True,,,,,
1f91da3f91de0b25d9e0,val,식자재,T1 정확표기,q_식자재_02,쌀,식료품 중 '식자재'를 판매·제공하는 매장,0017714f-cbac-4f85-a148-338ddcefe41c,유수담,"쌀, 계란, 신선식품",익산북부시장,전통시장,전북특별자치도,3.0,3.0,,,RESOLVED_AGREEMENT,False,3,,,,
b00126105edcf9c2199e,val,식자재,T1 정확표기,q_식자재_02,쌀,식료품 중 '식자재'를 판매·제공하는 매장,4ab43860-969f-481e-b269-6d1ce5ba4b82,영광쌀창고,쌀,반송큰시장,전통시장,부산광역시,3.0,3.0,,,RESOLVED_AGREEMENT,False,3,,,,
4efa585590b7c83641ab,val,식자재,T2 동의어,q_식자재_03,곡물가게,식료품 중 '식자재'를 판매·제공하는 매장,e36fdd53-abb8-449a-be31-57677e523cba,청조참기름,"곡물가공, 식용유지(참기름,들기름)",울진시장(울진바지게시장),전통시장,경상북도,3.0,3.0,,,RESOLVED_AGREEMENT,False,3,,,,
7524094727baef640465,val,식자재,T2 동의어,q_식자재_03,곡물가게,식료품 중 '식자재'를 판매·제공하는 매장,eb5156af-9dc3-4ce9-8e33-de45720a5fd5,양말천국,양말 양품잡화,서문시장 제5지구,전통시장,대구광역시,0.0,0.0,,,RESOLVED_AGREEMENT,False,0,,,,
a3e422e563b2484d7918,val,식자재,T2 동의어,q_식자재_03,곡물가게,식료품 중 '식자재'를 판매·제공하는 매장,4d87ee15-2841-49d6-9e74-de7aaf51759c,명주선물가게,인테리어소품,명주·남문동 자율상권구역,,강원특별자치도,0.0,0.0,,,RESOLVED_AGREEMENT,False,0,,,,
a43036b2e962e167e84e,val,식자재,T2 동의어,q_식자재_03,곡물가게,식료품 중 '식자재'를 판매·제공하는 매장,2df67dde-8a82-42e6-87c8-303dba7d430e,충무곡물,곡물,영천공설시장,전통시장,경상북도,3.0,3.0,,,RESOLVED_AGREEMENT,False,3,,,,
572493290734021766cc,val,식자재,T2 동의어,q_식자재_03,곡물가게,식료품 중 '식자재'를 판매·제공하는 매장,4294083d-ba0c-4506-a18f-85d700687a3e,트레이스 마켓,선물가게,전주남부시장,전통시장,전북특별자치도,0.0,0.0,,,RESOLVED_AGREEMENT,False,0,,,,
6a4478e5f632c0e2cfa4,val,식자재,T2 동의어,q_식자재_03,곡물가게,식료품 중 '식자재'를 판매·제공하는 매장,70c4b9f8-0524-4969-9988-3b0ed8c5ba1a,곡물센타,곡물,장위전통시장,전통시장,서울특별시,3.0,3.0,,,RESOLVED_AGREEMENT,False,3,,,,
8f0203ceccf6a84c5024,val,식자재,T2 동의어,q_식자재_03,곡물가게,식료품 중 '식자재'를 판매·제공하는 매장,cf8f5cfd-c433-46cd-85f3-710376efc2fa,오송곡물,곡물,경동시장,전통시장,서울특별시,3.0,3.0,,,RESOLVED_AGREEMENT,False,3,,,,
e4bdbe48a0d209eb50f2,val,식자재,T2 동의어,q_식자재_03,곡물가게,식료품 중 '식자재'를 판매·제공하는 매장,01859206-536a-40a7-be1e-c8610663a665,동원참기름,참기름,안강공설시장,전통시장,경상북도,3.0,3.0,,,RESOLVED_AGREEMENT,False,3,,,,
608916c326668cfc98da,val,식자재,T2 동의어,q_식자재_03,곡물가게,식료품 중 '식자재'를 판매·제공하는 매장,e789e5cc-5fab-48ed-b489-5a6ac68d6d07,광고농산,"곡물 등, 곡물, 농산물",광천문화시장,전통시장,충청남도,3.0,3.0,,,RESOLVED_AGREEMENT,False,3,,,,
1418d54aae6bbf41d5dd,val,식자재,T2 동의어,q_식자재_03,곡물가게,식료품 중 '식자재'를 판매·제공하는 매장,00e30e5a-4662-4e65-9b6c-dd704886f1af,믿음떡집,떡방앗간,문창시장,전통시장,대전광역시,3.0,3.0,,,RESOLVED_AGREEMENT,False,3,,,,
612ed5244df4ff7662aa,val,식자재,T2 동의어,q_식자재_03,곡물가게,식료품 중 '식자재'를 판매·제공하는 매장,2100bfb6-ed31-4af0-b077-398f15a6b7c4,쌀사랑,곡물,말바우시장,전통시장,광주광역시,3.0,3.0,,,RESOLVED_AGREEMENT,False,3,,,,
9cb2523ebfc57ac39d76,val,식자재,T2 동의어,q_식자재_03,곡물가게,식료품 중 '식자재'를 판매·제공하는 매장,7b8995cf-37fc-4f4f-aff3-156ffe3441c7,마실가게,한식,자갈치해안시장,전통시장,부산광역시,0.0,0.0,,,RESOLVED_AGREEMENT,False,0,,,,
a614040156c6aba2b653,val,식자재,T2 동의어,q_식자재_03,곡물가게,식료품 중 '식자재'를 판매·제공하는 매장,023b2cb4-7f9e-4b85-9888-474ee933954a,산척제유소,방앗간,충주자유시장,전통시장,충청북도,3.0,3.0,,,RESOLVED_AGREEMENT,False,3,,,,
74e0249940811b22688f,val,식자재,T2 동의어,q_식자재_03,곡물가게,식료품 중 '식자재'를 판매·제공하는 매장,0046e3b5-e973-4cc0-807c-acb34ad8e262,야음민속떡집,제조업(떡방앗간),울산번개시장,전통시장,울산광역시,3.0,3.0,,,RESOLVED_AGREEMENT,False,3,,,,
9ff5e0eb814220ef401d,val,식자재,T2 동의어,q_식자재_03,곡물가게,식료품 중 '식자재'를 판매·제공하는 매장,36971916-d8a9-4842-b656-6d0b673d7fc2,부론상회,곡물,원주미로예술중앙시장(원주중앙시장),전통시장,강원특별자치도,3.0,3.0,,,RESOLVED_AGREEMENT,False,3,,,,
e7b2a1cdc289e130d9f9,val,식자재,T2 동의어,q_식자재_03,곡물가게,식료품 중 '식자재'를 판매·제공하는 매장,001961d9-cb5d-40bc-903a-33d483f7d132,헬씨스탠다드,"건강기능식품, 쌀, 견과류, 약재",응암소담길 골목형상점가,골목형상점가,서울특별시,3.0,3.0,,,RESOLVED_AGREEMENT,False,3,,,,
bbb650a947fb71efe7c9,val,식자재,T2 동의어,q_식자재_03,곡물가게,식료품 중 '식자재'를 판매·제공하는 매장,9a9cfd22-231b-42d6-9a53-94bc2db122ed,남도곡물,곡물,제주시민속오일시장,전통시장,제주특별자치도,3.0,3.0,,,RESOLVED_AGREEMENT,False,3,,,,
1c25c697356a05a61fa0,val,식자재,T2 동의어,q_식자재_03,곡물가게,식료품 중 '식자재'를 판매·제공하는 매장,00bf0e58-0696-472a-8a12-945c44dc9435,오복상회,쌀,백년시장(구 강북종합전통시장),전통시장,서울특별시,3.0,3.0,,,RESOLVED_AGREEMENT,False,3,,,,
b14a6101418505a0db3c,val,식자재,T2 동의어,q_식자재_03,곡물가게,식료품 중 '식자재'를 판매·제공하는 매장,05fe2606-6616-418a-aaee-d3ca375debf0,한마음건어물가게,소매(건어물),비단길현대시장,전통시장,서울특별시,0.0,3.0,,,P1_BINARY_THRESHOLD,True,,,,,
683a675d92467a999f6c,val,식자재,T2 동의어,q_식자재_03,곡물가게,식료품 중 '식자재'를 판매·제공하는 매장,8157bc51-74c4-4ff2-ab8b-809c89d87c9e,준코테이블,한식,유성문화원 골목형상점가,골목형상점가,대전광역시,0.0,0.0,,,RESOLVED_AGREEMENT,False,0,,,,
55ecc0444e7095bc61a0,val,식자재,T2 동의어,q_식자재_03,곡물가게,식료품 중 '식자재'를 판매·제공하는 매장,00eca8e7-b158-4572-b540-c241f4ad2546,거창상회,식자재,충무동 새벽시장,전통시장,부산광역시,3.0,3.0,,,RESOLVED_AGREEMENT,False,3,,,,
5d914eb0eeac02c55db7,val,식자재,T2 동의어,q_식자재_03,곡물가게,식료품 중 '식자재'를 판매·제공하는 매장,e3bde370-e470-4cb0-b246-4260f51954b2,호성이네 빛나는 선물가게,기념품,서귀포매일올레시장,전통시장,제주특별자치도,0.0,0.0,,,RESOLVED_AGREEMENT,False,0,,,,
345d20753d84561373aa,val,식자재,T2 동의어,q_식자재_03,곡물가게,식료품 중 '식자재'를 판매·제공하는 매장,e67744e7-ba71-4bec-ac59-8b419330e382,비러브드 선물가게,,프로방스2번가 골목형상점가,골목형상점가,,,0.0,Y,,P0_UNCERTAIN_OR_MISSING,True,,,,,
8845dd9068261bbc9d0d,val,식자재,T2 동의어,q_식자재_03,곡물가게,식료품 중 '식자재'를 판매·제공하는 매장,cfd79bde-e4b5-4f7c-af01-f6edceba02af,영삼이네 우정소갈비,소고기,부평테마의거리 골목형 상점가,골목형상점가,인천광역시,0.0,0.0,,,RESOLVED_AGREEMENT,False,0,,,,
e28da5dd17f14fca6d40,val,식자재,T2 동의어,q_식자재_03,곡물가게,식료품 중 '식자재'를 판매·제공하는 매장,00362b85-cb9a-4318-9059-12f768d76197,파리바게뜨전주인후점,제과점,소나무 골목형상점가,골목형상점가,전북특별자치도,1.0,0.0,,,P2_GRADED_ONLY,True,,,,,
2db1366d83040f01a1bf,val,식자재,T2 동의어,q_식자재_03,곡물가게,식료품 중 '식자재'를 판매·제공하는 매장,ec148d27-cf5b-4733-a917-f3832d4ec18e,애자네,곡물,강화풍물시장,전통시장,인천광역시,3.0,3.0,,,RESOLVED_AGREEMENT,False,3,,,,
73a1e9f79291a5c0d248,val,식자재,T2 동의어,q_식자재_03,곡물가게,식료품 중 '식자재'를 판매·제공하는 매장,00fea2e0-f294-46b6-af68-655475e888be,동양유통,"곡물, 식자재",김해새벽시장,기타,경상남도,3.0,3.0,,,RESOLVED_AGREEMENT,False,3,,,,
87e4ec3ad1464b8b6b03,val,식자재,T2 동의어,q_식자재_03,곡물가게,식료품 중 '식자재'를 판매·제공하는 매장,013444f9-7e9b-4640-84f0-43ac071ef57f,대림고추방아,"고추가루, 기름",부천강남시장,전통시장,경기도,0.0,0.0,,,RESOLVED_AGREEMENT,False,0,,,,
cc3be46a1205a97574d9,val,식자재,T2 동의어,q_식자재_03,곡물가게,식료품 중 '식자재'를 판매·제공하는 매장,06bbe239-5774-4794-91c3-b45901659200,성진상회,식용유,고성시장,전통시장,경상남도,3.0,3.0,,,RESOLVED_AGREEMENT,False,3,,,,
17bbb93a362d2a992798,val,식자재,T2 동의어,q_식자재_03,곡물가게,식료품 중 '식자재'를 판매·제공하는 매장,370a5f79-6ed0-4e72-888e-1fad2e9a709e,아이아트미술교습소,미술교습소,대성상가 골목형상점가,골목형상점가,부산광역시,0.0,0.0,,,RESOLVED_AGREEMENT,False,0,,,,
61eb81fb2ea7a10ae03b,val,식자재,T2 동의어,q_식자재_03,곡물가게,식료품 중 '식자재'를 판매·제공하는 매장,a8cb5e23-876b-4a62-978c-63e0e5d1e083,보국참기름,참기름 고춧가루 곡물가공품,밀양 수산시장,전통시장,경상남도,3.0,3.0,,,RESOLVED_AGREEMENT,False,3,,,,
e07eb5b44948dd3c521b,val,식자재,T2 동의어,q_식자재_03,곡물가게,식료품 중 '식자재'를 판매·제공하는 매장,01757e0a-7278-44bc-9fad-29595028ac3d,현대떡방앗간,방앗간,염매시장(의성중앙시장),전통시장,경상북도,3.0,3.0,,,RESOLVED_AGREEMENT,False,3,,,,
2a4975fd2c1da8d86fb4,val,식자재,T2 동의어,q_식자재_03,곡물가게,식료품 중 '식자재'를 판매·제공하는 매장,1d2549d7-4fc8-4f7f-8937-3d824990f9f2,신광,곡물,서울중앙시장,전통시장,서울특별시,3.0,3.0,,,RESOLVED_AGREEMENT,False,3,,,,
1a992121a8b3356de7dd,val,식자재,T2 동의어,q_식자재_03,곡물가게,식료품 중 '식자재'를 판매·제공하는 매장,c9726516-f02e-4888-b672-ead629164ddd,월계슈퍼,잡화,수원못골종합시장,전통시장,경기도,0.0,3.0,,,P1_BINARY_THRESHOLD,True,,,,,
e0f94b42d31e93ba9d3b,val,식자재,T2 동의어,q_식자재_03,곡물가게,식료품 중 '식자재'를 판매·제공하는 매장,d150b8d2-d012-401b-888a-12a46e2d0f1a,관성상회,곡물,홍성전통시장(구 홍성정기시장),전통시장,충청남도,3.0,3.0,,,RESOLVED_AGREEMENT,False,3,,,,
f7dc15a47056105995c6,val,식자재,T2 동의어,q_식자재_03,곡물가게,식료품 중 '식자재'를 판매·제공하는 매장,02ec6724-ac15-4719-8ed5-03df39487422,전주상회,곡물가공업,황룡시장,전통시장,전라남도,3.0,3.0,,,RESOLVED_AGREEMENT,False,3,,,,
107112f7fecc656e41f9,val,식자재,T2 동의어,q_식자재_03,곡물가게,식료품 중 '식자재'를 판매·제공하는 매장,04c1994b-f99c-4f28-9778-e85deefce30f,녹색제분소,곡물가공,서울약령시장,전통시장,서울특별시,3.0,3.0,,,RESOLVED_AGREEMENT,False,3,,,,
1a047fa4ec78d729278d,val,식자재,T2 동의어,q_식자재_03,곡물가게,식료품 중 '식자재'를 판매·제공하는 매장,005313c8-dce8-49b6-9841-9143ebb1305a,동원떡집,,박달시장,전통시장,경기도,1.0,0.0,,,P2_GRADED_ONLY,True,,,,,
c5192d77bb721f992deb,val,식자재,T2 동의어,q_식자재_03,곡물가게,식료품 중 '식자재'를 판매·제공하는 매장,00e80339-1353-4885-81d7-0746a437abb2,포식 용인한숲시티점,쌀국수 돈까스 함박스테이크,남사한숲 골목형상점가,골목형상점가,경기도,3.0,3.0,,,RESOLVED_AGREEMENT,False,3,,,,
c271ae0b55207a69e8a5,val,식자재,T2 동의어,q_식자재_03,곡물가게,식료품 중 '식자재'를 판매·제공하는 매장,023e47e8-7973-4e3d-95f3-f6bf168360f0,(주)동양종합유통,식자재,양동건어물시장,전통시장,광주광역시,3.0,3.0,,,RESOLVED_AGREEMENT,False,3,,,,
b3393db8a5860a153bf0,val,식자재,T2 동의어,q_식자재_03,곡물가게,식료품 중 '식자재'를 판매·제공하는 매장,04cffa8f-5c05-444b-bde1-a3d1918cf92f,강원기름집,식용유,속초종합중앙시장,전통시장,강원특별자치도,3.0,3.0,,,RESOLVED_AGREEMENT,False,3,,,,
11538edd0e3d6f48244f,val,식자재,T2 동의어,q_식자재_03,곡물가게,식료품 중 '식자재'를 판매·제공하는 매장,f939cfd3-7fb5-4ceb-98e4-2f15317f5c50,태성곡물,곡물,예천상설시장,전통시장,경상북도,3.0,3.0,,,RESOLVED_AGREEMENT,False,3,,,,
c98bb1d1f8141ba30329,val,식자재,T2 동의어,q_식자재_03,곡물가게,식료품 중 '식자재'를 판매·제공하는 매장,212e5866-113e-4151-921e-99062921dc9a,대흥상사,곡물가공식품제조 도소매 잡화 통신,동완산동 골목형상점가,골목형상점가,전북특별자치도,3.0,3.0,,,RESOLVED_AGREEMENT,False,3,,,,
a533051f9742b30e7b53,val,식자재,T2 동의어,q_식자재_03,곡물가게,식료품 중 '식자재'를 판매·제공하는 매장,01a5f192-c482-46e3-8b58-5358216d0749,풍전기름집,참기름,화곡본동시장,전통시장,서울특별시,3.0,3.0,,,RESOLVED_AGREEMENT,False,3,,,,
2cf3e0f60579fc2310dd,val,식자재,T2 동의어,q_식자재_03,곡물가게,식료품 중 '식자재'를 판매·제공하는 매장,939e2247-5d1c-4fa7-8ead-d1011f72455b,곡산식품,곡물,부평깡통시장(구 부산부평시장),전통시장,부산광역시,3.0,3.0,,,RESOLVED_AGREEMENT,False,3,,,,
bd4199f49077ea08c44c,val,식자재,T2 동의어,q_식자재_03,곡물가게,식료품 중 '식자재'를 판매·제공하는 매장,04ea1586-2a59-42e4-ba9c-58fae3e8fa12,미짱네 선물가게,"채소, 과실 및 뿌리작물, 가전제품소",전주풍남문상점가,자율상권구역,전북특별자치도,0.0,2.0,,,P1_BINARY_THRESHOLD,True,,,,,
173a80ffd96ec4b7b7f4,val,식자재,T2 동의어,q_식자재_03,곡물가게,식료품 중 '식자재'를 판매·제공하는 매장,1f7ee23d-3d1b-48f9-a2da-37449b873953,총각네쌀가게,곡물,벌교매일시장,전통시장,전라남도,3.0,3.0,,,RESOLVED_AGREEMENT,False,3,,,,
243a2e06b0d906628b40,val,식자재,T2 동의어,q_식자재_03,곡물가게,식료품 중 '식자재'를 판매·제공하는 매장,7a32cba2-30e3-4335-8337-8388de49bfe4,센추리선물가게,,도산로 골목형상점가,골목형상점가,대전광역시,,0.0,Y,,P0_UNCERTAIN_OR_MISSING,True,,,,,
dfd19472f668a6c65311,val,식자재,T2 동의어,q_식자재_03,곡물가게,식료품 중 '식자재'를 판매·제공하는 매장,d5fb35af-6e80-4191-9922-9171c7ee0df3,참좋은쌀가게,곡물 식잡,새마을골목형상점가,골목형상점가,강원특별자치도,3.0,3.0,,,RESOLVED_AGREEMENT,False,3,,,,
04ca464a6867a9818e05,val,식자재,T2 동의어,q_식자재_03,곡물가게,식료품 중 '식자재'를 판매·제공하는 매장,bd4e1b93-0e9c-47c1-87e9-3bbaa69457c4,제천고추기름방앗간,곡물가공업,내토전통시장,전통시장,충청북도,3.0,3.0,,,RESOLVED_AGREEMENT,False,3,,,,
37724e5ec619ee71c0c9,val,식자재,T2 동의어,q_식자재_03,곡물가게,식료품 중 '식자재'를 판매·제공하는 매장,044b74fa-bb37-480b-8d36-3f7676cf2fb4,영진상회,곡물,청주육거리종합시장,전통시장,충청북도,3.0,3.0,,,RESOLVED_AGREEMENT,False,3,,,,
8a95ae24f8dcb6c6d119,val,식자재,T2 동의어,q_식자재_03,곡물가게,식료품 중 '식자재'를 판매·제공하는 매장,c94a2e08-f76a-4d85-878f-61aaae6a74c2,강남선물가게,잡화,신정상가시장,전통시장,울산광역시,0.0,0.0,,,RESOLVED_AGREEMENT,False,0,,,,
68636f8037128c7380cb,val,식자재,T2 동의어,q_식자재_03,곡물가게,식료품 중 '식자재'를 판매·제공하는 매장,7af28ef4-2d36-48fc-8c70-7308049e125f,곡물이야기,곡물차,백운광장 골목형상점가,골목형상점가,광주광역시,3.0,3.0,,,RESOLVED_AGREEMENT,False,3,,,,
5a985886e552cfdb88d0,val,식자재,T2 동의어,q_식자재_03,곡물가게,식료품 중 '식자재'를 판매·제공하는 매장,44cee1c7-b26d-408e-80e7-cbfe5d212f48,비러브드 선물가게,,프로방스2번가 골목형상점가,골목형상점가,,,0.0,Y,,P0_UNCERTAIN_OR_MISSING,True,,,,,
9e16dad570dfcd178219,val,식자재,T2 동의어,q_식자재_03,곡물가게,식료품 중 '식자재'를 판매·제공하는 매장,14ab1d5c-8e62-4c50-8d6d-8c446da9cdc0,경기곡물,곡물,산성로 상권활성화구역,상권활성화구역,경기도,3.0,3.0,,,RESOLVED_AGREEMENT,False,3,,,,
ae010ec9e555478aceac,val,식자재,T2 동의어,q_식자재_03,곡물가게,식료품 중 '식자재'를 판매·제공하는 매장,ce68dfc6-a6e9-41d1-802f-29cc46ee1985,누런상회,곡물,화산면 골목형상점가,골목형상점가,전라남도,3.0,3.0,,,RESOLVED_AGREEMENT,False,3,,,,
67c0187154e32298e9fd,val,식자재,T2 동의어,q_식자재_03,곡물가게,식료품 중 '식자재'를 판매·제공하는 매장,0592f5f6-ae8d-491f-87e9-2021a00f4ae0,우리상회,곡물,상주중앙시장,전통시장,경상북도,3.0,3.0,,,RESOLVED_AGREEMENT,False,3,,,,
fe24d3fe4ebdd1027d89,val,식자재,T2 동의어,q_식자재_03,곡물가게,식료품 중 '식자재'를 판매·제공하는 매장,04c905ba-3172-4ea4-a6dd-4345d674dea0,덕순이네,제조업(떡집),장터길 골목형상점가,골목형상점가,경기도,1.0,0.0,,,P2_GRADED_ONLY,True,,,,,
0424ebe1203e8c2da283,val,식자재,T2 동의어,q_식자재_03,곡물가게,식료품 중 '식자재'를 판매·제공하는 매장,c15b7d24-b90f-4edb-a4d7-38d243dad39e,가게,담배,대명시장,전통시장,대구광역시,0.0,0.0,,,RESOLVED_AGREEMENT,False,0,,,,
afda0d35672146f9ed2b,val,식자재,T2 동의어,q_식자재_03,곡물가게,식료품 중 '식자재'를 판매·제공하는 매장,01e4cef2-9c12-4be0-9c3e-5a09ab67f7f5,대명제유,"고추, 기름",의정부제일시장,전통시장,경기도,0.0,0.0,,,RESOLVED_AGREEMENT,False,0,,,,
db2b3e67132f9bd8436f,val,식자재,T2 동의어,q_식자재_03,곡물가게,식료품 중 '식자재'를 판매·제공하는 매장,53776ad6-4a97-4445-b7f6-e236725c5048,대박옷가게,옷가게,안동광석거리 골목형상점가,골목형상점가,경상북도,0.0,0.0,,,RESOLVED_AGREEMENT,False,0,,,,
01344a302133077549f6,val,식자재,T2 동의어,q_식자재_03,곡물가게,식료품 중 '식자재'를 판매·제공하는 매장,021bf03c-8b83-4288-89c5-15a4a162142b,신선식품,식자재,사천읍시장,전통시장,경상남도,3.0,3.0,,,RESOLVED_AGREEMENT,False,3,,,,
bee02419ed1ed323b592,val,식자재,T2 동의어,q_식자재_03,곡물가게,식료품 중 '식자재'를 판매·제공하는 매장,03e3e424-656a-46ea-82b7-21bcc07cae47,초왕상회,"곡물, 농산물",전주남부시장,전통시장,전북특별자치도,3.0,3.0,,,RESOLVED_AGREEMENT,False,3,,,,
6b5b60f1be4ef219615e,val,식자재,T2 동의어,q_식자재_03,곡물가게,식료품 중 '식자재'를 판매·제공하는 매장,e09c3606-811d-4c25-8990-dea4ca608c8c,희열상회,곡물,군산공설시장,전통시장,전북특별자치도,3.0,3.0,,,RESOLVED_AGREEMENT,False,3,,,,
5ef50d08783e386ca243,val,식자재,T2 동의어,q_식자재_03,곡물가게,식료품 중 '식자재'를 판매·제공하는 매장,011f646c-0d2f-4770-a90e-d5d39e580d38,올 푸드,식자재,두암시장,전통시장,광주광역시,3.0,3.0,,,RESOLVED_AGREEMENT,False,3,,,,
7baed81189da7795fa38,val,식자재,T2 동의어,q_식자재_03,곡물가게,식료품 중 '식자재'를 판매·제공하는 매장,b5db32ab-85b4-487a-8917-2da6e394f448,진안도야지정육점,식육,삼례시장,전통시장,전북특별자치도,0.0,2.0,,,P1_BINARY_THRESHOLD,True,,,,,
b7a9af83f1738abfeb5b,val,식자재,T2 동의어,q_식자재_03,곡물가게,식료품 중 '식자재'를 판매·제공하는 매장,015915e3-2542-4245-b627-0c775b4c5501,한내떡집,,거제 고현시장,전통시장,경상남도,1.0,0.0,,,P2_GRADED_ONLY,True,,,,,
d6a0f894b0e7095d6953,val,식자재,T2 동의어,q_식자재_03,곡물가게,식료품 중 '식자재'를 판매·제공하는 매장,8a7bc76a-ad6a-4104-98e6-4e6bb4c7c7c0,출발농산,곡물,태화시장,전통시장,울산광역시,3.0,3.0,,,RESOLVED_AGREEMENT,False,3,,,,
ce319fcb20958f519d65,val,식자재,T2 동의어,q_식자재_03,곡물가게,식료품 중 '식자재'를 판매·제공하는 매장,008d07a3-ba18-4806-9ec7-48c0adb25276,아빠네 빵집,제과제빵,신창수문 골목형상점가,골목형상점가,광주광역시,1.0,0.0,,,P2_GRADED_ONLY,True,,,,,
ed0343d05584004dd47c,val,식자재,T2 동의어,q_식자재_03,곡물가게,식료품 중 '식자재'를 판매·제공하는 매장,b271f28f-eab7-4f84-ad40-fc6369e705fc,내팜,곡물,옥천공설시장,전통시장,충청북도,3.0,3.0,,,RESOLVED_AGREEMENT,False,3,,,,
ac5ea34457aafcdc838b,val,식자재,T2 동의어,q_식자재_03,곡물가게,식료품 중 '식자재'를 판매·제공하는 매장,3d24f1c5-bc98-4cee-84af-3e5aa0fd0a53,우리동네반찬가게,반찬가게,신금정시장 골목형 상점가,골목형상점가,부산광역시,0.0,1.0,,,P2_GRADED_ONLY,True,,,,,
c25e8eebc7e8478a1c45,val,식자재,T2 동의어,q_식자재_03,곡물가게,식료품 중 '식자재'를 판매·제공하는 매장,683dd5f2-2401-461e-8158-f25ba0cb32a1,마루의 선물가게,,예산상설시장,전통시장,충청남도,,0.0,Y,,P0_UNCERTAIN_OR_MISSING,True,,,,,
0925c0146054043d80a5,val,식자재,T2 동의어,q_식자재_03,곡물가게,식료품 중 '식자재'를 판매·제공하는 매장,0b8ef6dc-2f6b-4707-bd73-529122d9c97a,하단떡집,떡집,하단오일상설시장,전통시장,부산광역시,1.0,0.0,,,P2_GRADED_ONLY,True,,,,,
03978aaf99edfd2008eb,val,식자재,T2 동의어,q_식자재_03,곡물가게,식료품 중 '식자재'를 판매·제공하는 매장,0abee7a7-f3d5-4ca9-adde-adf85a05d1e3,형제방앗간,제조(곡물가공),영등포전통시장,자율상권구역,서울특별시,3.0,3.0,,,RESOLVED_AGREEMENT,False,3,,,,
05ca0aea60ddb541c171,val,식자재,T2 동의어,q_식자재_03,곡물가게,식료품 중 '식자재'를 판매·제공하는 매장,00ec16f5-8b45-4af1-bb1b-6389f2412be8,수진식품,"참기름, 고추가루등",김해 진영전통시장,전통시장,경상남도,3.0,3.0,,,RESOLVED_AGREEMENT,False,3,,,,
4c09bf45da0754e95629,val,식자재,T2 동의어,q_식자재_03,곡물가게,식료품 중 '식자재'를 판매·제공하는 매장,02223ab5-044d-40ad-8cc7-838ed325ada0,상옥쌀상회,쌀,영일대북부시장(구 북부시장),전통시장,경상북도,3.0,3.0,,,RESOLVED_AGREEMENT,False,3,,,,
c46213f28c053fb29cd2,val,식자재,T2 동의어,q_식자재_03,곡물가게,식료품 중 '식자재'를 판매·제공하는 매장,69b0ea3e-da8e-4a9f-bd3b-9e930584ea6f,한국밤농산,곡물,칠성종합 상권활성화구역,상권활성화구역,대구광역시,3.0,3.0,,,RESOLVED_AGREEMENT,False,3,,,,
e7b0ac77583eeff9c6df,val,식자재,T2 동의어,q_식자재_03,곡물가게,식료품 중 '식자재'를 판매·제공하는 매장,034f637f-e1c0-4e3c-99a7-eb7c8deb055a,청풍상회,곡물,내토전통시장,전통시장,충청북도,3.0,3.0,,,RESOLVED_AGREEMENT,False,3,,,,
a51765cb2361dc232dd7,val,식자재,T2 동의어,q_식자재_03,곡물가게,식료품 중 '식자재'를 판매·제공하는 매장,ba9b9a60-f8a9-4b90-9dff-c577b684ac8a,거리가게,,청주육거리종합시장,전통시장,충청북도,,0.0,Y,,P0_UNCERTAIN_OR_MISSING,True,,,,,
63d1077298b9c6247714,val,식자재,T2 동의어,q_식자재_03,곡물가게,식료품 중 '식자재'를 판매·제공하는 매장,0b69c684-9b0b-490b-892e-9267cf4662a3,윤수참기름,식용유,진주 청과시장,전통시장,경상남도,3.0,3.0,,,RESOLVED_AGREEMENT,False,3,,,,
6ebeed7b489ad7190f84,val,식자재,T2 동의어,q_식자재_03,곡물가게,식료품 중 '식자재'를 판매·제공하는 매장,002d0d06-15b2-463e-b789-b0232bcc6681,뚜레주르버들마을점,제과,버들마을상인회 골목형상점가,골목형상점가,광주광역시,1.0,0.0,,,P2_GRADED_ONLY,True,,,,,
65760c7959079aa40c62,val,식자재,T2 동의어,q_식자재_03,곡물가게,식료품 중 '식자재'를 판매·제공하는 매장,3707aa71-ec5f-484a-8809-ed0f2e048df5,월화선물가게,기념품 인형,강릉성남시장,전통시장,강원특별자치도,0.0,0.0,,,RESOLVED_AGREEMENT,False,0,,,,
494209d645128495e642,val,식자재,T2 동의어,q_식자재_03,곡물가게,식료품 중 '식자재'를 판매·제공하는 매장,001bc028-a43e-44d4-9682-db280a4998cc,파리바게뜨전주근영점,제과점,근영누리 골목형상점가,골목형상점가,전북특별자치도,1.0,0.0,,,P2_GRADED_ONLY,True,,,,,
8fe940472f4e4f98d2b4,val,식자재,T2 동의어,q_식자재_03,곡물가게,식료품 중 '식자재'를 판매·제공하는 매장,001cb3d4-5441-4963-b517-d5b3904ee312,현창떡집,떡집,목포동부시장,전통시장,전라남도,1.0,0.0,,,P2_GRADED_ONLY,True,,,,,
cbc8018e6d1a005849e7,val,식자재,T2 동의어,q_식자재_03,곡물가게,식료품 중 '식자재'를 판매·제공하는 매장,022ece99-80e4-453c-91c0-f46f8527e7ab,구즉방아간,방앗간,송강전통시장,전통시장,대전광역시,3.0,3.0,,,RESOLVED_AGREEMENT,False,3,,,,
f167691e86dd346c4d01,val,식자재,T2 동의어,q_식자재_03,곡물가게,식료품 중 '식자재'를 판매·제공하는 매장,0017714f-cbac-4f85-a148-338ddcefe41c,유수담,"쌀, 계란, 신선식품",익산북부시장,전통시장,전북특별자치도,3.0,3.0,,,RESOLVED_AGREEMENT,False,3,,,,
d6a8d4d2279b1ecfee1d,val,식자재,T2 동의어,q_식자재_03,곡물가게,식료품 중 '식자재'를 판매·제공하는 매장,f9d32a48-9f96-403e-a18d-7561bed49ae8,충무곡물,곡물,영천공설시장,전통시장,경상북도,3.0,3.0,,,RESOLVED_AGREEMENT,False,3,,,,
7907c37df1fcfeb2f2fd,val,식자재,T2 동의어,q_식자재_03,곡물가게,식료품 중 '식자재'를 판매·제공하는 매장,1bc9e1ac-1591-4755-b77a-2127e664c8ca,COM119 (컴119),사무용OA기기,전곡로데오거리골목형상점가,골목형상점가,경기도,0.0,0.0,,,RESOLVED_AGREEMENT,False,0,,,,
ea3bb319744df8de08a1,val,식자재,T2 동의어,q_식자재_03,곡물가게,식료품 중 '식자재'를 판매·제공하는 매장,e1b9f015-1913-452c-a82f-aef513c4c33d,현미와누룽지정릉점,소매(곡물가공식품),정릉아리랑시장,전통시장,서울특별시,3.0,3.0,,,RESOLVED_AGREEMENT,False,3,,,,
cd2f8861db3339480333,val,식자재,T2 동의어,q_식자재_03,곡물가게,식료품 중 '식자재'를 판매·제공하는 매장,cacafa3e-a69d-42db-8acd-6713cea63db0,구멍가게,,망원시장,전통시장,서울특별시,,0.0,Y,,P0_UNCERTAIN_OR_MISSING,True,,,,,
56b286db91c57163a9eb,val,식자재,T2 동의어,q_식자재_03,곡물가게,식료품 중 '식자재'를 판매·제공하는 매장,0e224dee-e545-48f6-95af-5a197b33a076,경북식품,식용유,가락몰골목형상점가,골목형상점가,서울특별시,3.0,0.0,,,P1_BINARY_THRESHOLD,True,,,,,
96f45261ed3fea25a808,val,식자재,T2 동의어,q_식자재_03,곡물가게,식료품 중 '식자재'를 판매·제공하는 매장,512db918-ff5c-436d-828e-ec7a0afe7e3b,뛰뛰뻥뻥,곡물스낵,영천시장,전통시장,서울특별시,3.0,3.0,,,RESOLVED_AGREEMENT,False,3,,,,
fb6a43fc84a04780cda5,val,식자재,T2 동의어,q_식자재_03,곡물가게,식료품 중 '식자재'를 판매·제공하는 매장,b0d12be1-8fe8-471e-8108-9c3850098564,꽃옷가게,,낭주골 골목형상점가,골목형상점가,전북특별자치도,0.0,0.0,,,RESOLVED_AGREEMENT,False,0,,,,
6ebb510b43e0e65559b5,val,식자재,T2 동의어,q_식자재_03,곡물가게,식료품 중 '식자재'를 판매·제공하는 매장,092868ef-cdbe-426a-8e04-c1862bac5076,익산바이오,식용유,세종전통시장,전통시장,세종특별자치시,3.0,0.0,,,P1_BINARY_THRESHOLD,True,,,,,
5c48a6830429e06ca925,val,식자재,T2 동의어,q_식자재_03,곡물가게,식료품 중 '식자재'를 판매·제공하는 매장,55b043cb-f083-437d-840d-0d355e017976,곡물센타,,장위전통시장,전통시장,서울특별시,3.0,3.0,,,RESOLVED_AGREEMENT,False,3,,,,
a71481583de91b5ac6be,val,식자재,T2 동의어,q_식자재_03,곡물가게,식료품 중 '식자재'를 판매·제공하는 매장,0061123f-a676-4556-9633-5fbc4ecaf6ef,치즈케익카스테라카페,제과,북가좌동 골목형상점가,골목형상점가,서울특별시,1.0,0.0,,,P2_GRADED_ONLY,True,,,,,
34207a78f9f6a0dee3f3,val,식자재,T2 동의어,q_식자재_03,곡물가게,식료품 중 '식자재'를 판매·제공하는 매장,58490245-0d1d-4002-accd-0c8a1a79a1cf,광신장유식품,식자재 및 잡화,성북시장,전통시장,부산광역시,3.0,3.0,,,RESOLVED_AGREEMENT,False,3,,,,
38f604ce04fb58caeae1,val,식자재,T2 동의어,q_식자재_03,곡물가게,식료품 중 '식자재'를 판매·제공하는 매장,bea8a35c-ec72-4ab1-b540-67b40ebb73fb,보름달방앗간,곡물가공품,석봉동골목형상점가,골목형상점가,대전광역시,3.0,3.0,,,RESOLVED_AGREEMENT,False,3,,,,
33d415e20b6cf14d7c01,val,식자재,T2 동의어,q_식자재_04,기름,식료품 중 '식자재'를 판매·제공하는 매장,4561811f-bdf2-487d-9112-bf313c4b9ac6,경향기름,기름,춘천동부시장,전통시장,강원특별자치도,3.0,0.0,,,P1_BINARY_THRESHOLD,True,,,,,
8b708938740201ab8923,val,식자재,T2 동의어,q_식자재_04,기름,식료품 중 '식자재'를 판매·제공하는 매장,8224c4ea-5f0a-4661-9b6a-8c0e0bb0d0b2,참만나기름,기름,고산구시장 상점가,자율상권구역,전라남도,3.0,0.0,,,P1_BINARY_THRESHOLD,True,,,,,
c46f733fc59b9f8a9c84,val,식자재,T2 동의어,q_식자재_04,기름,식료품 중 '식자재'를 판매·제공하는 매장,023e47e8-7973-4e3d-95f3-f6bf168360f0,(주)동양종합유통,식자재,양동건어물시장,전통시장,광주광역시,2.0,3.0,,,P2_GRADED_ONLY,True,,,,,
c306b4c4ceedfee08290,val,식자재,T2 동의어,q_식자재_04,기름,식료품 중 '식자재'를 판매·제공하는 매장,192525d6-1730-4301-875b-5bd76609ee8f,용지기름집,기름,동원전통종합시장,전통시장,서울특별시,3.0,3.0,,,RESOLVED_AGREEMENT,False,3,,,,
423a2ef8b0b55f460855,val,식자재,T2 동의어,q_식자재_04,기름,식료품 중 '식자재'를 판매·제공하는 매장,61f4878a-4b6b-4b1e-926e-4ce28731f9dd,삼일기름,기름,세아프라자상가(동두천세아상가시장),전통시장,경기도,3.0,0.0,,,P1_BINARY_THRESHOLD,True,,,,,
7f1ee5e94d5bd42c31f8,val,식자재,T2 동의어,q_식자재_04,기름,식료품 중 '식자재'를 판매·제공하는 매장,23b70117-c5c2-4bd6-9e81-d720faf21b4e,전주참기름,기름,신성전통시장,전통시장,서울특별시,2.0,3.0,,,P2_GRADED_ONLY,True,,,,,
a2de9524a07ae9230ecf,val,식자재,T2 동의어,q_식자재_04,기름,식료품 중 '식자재'를 판매·제공하는 매장,5abf9af5-9fdd-4ce5-8823-b75a6baf3f6a,원재기름집,기름,오목교중앙시장,전통시장,서울특별시,3.0,3.0,,,RESOLVED_AGREEMENT,False,3,,,,
3d08b5c0085967ceb3e5,val,식자재,T2 동의어,q_식자재_04,기름,식료품 중 '식자재'를 판매·제공하는 매장,8605cd70-67a8-4b01-b19e-dc18985eb1af,중앙기름,기름,춘천중앙시장,전통시장,강원특별자치도,3.0,0.0,,,P1_BINARY_THRESHOLD,True,,,,,
74f963afd6a026a93183,val,식자재,T2 동의어,q_식자재_04,기름,식료품 중 '식자재'를 판매·제공하는 매장,044b74fa-bb37-480b-8d36-3f7676cf2fb4,영진상회,곡물,청주육거리종합시장,전통시장,충청북도,2.0,3.0,,,P2_GRADED_ONLY,True,,,,,
285e96667ce7570b98f2,val,식자재,T2 동의어,q_식자재_04,기름,식료품 중 '식자재'를 판매·제공하는 매장,9f144b14-b201-4a40-b96e-e56dd74aef29,한씨기름집,기름,강릉성남시장,전통시장,강원특별자치도,3.0,3.0,,,RESOLVED_AGREEMENT,False,3,,,,
bd5f27dbeb778ad305e2,val,식자재,T2 동의어,q_식자재_04,기름,식료품 중 '식자재'를 판매·제공하는 매장,021bf03c-8b83-4288-89c5-15a4a162142b,신선식품,식자재,사천읍시장,전통시장,경상남도,2.0,3.0,,,P2_GRADED_ONLY,True,,,,,
405cee7211f15304b461,val,식자재,T2 동의어,q_식자재_04,기름,식료품 중 '식자재'를 판매·제공하는 매장,022ece99-80e4-453c-91c0-f46f8527e7ab,구즉방아간,방앗간,송강전통시장,전통시장,대전광역시,3.0,3.0,,,RESOLVED_AGREEMENT,False,3,,,,
a3076517cecdb74f90ae,val,식자재,T2 동의어,q_식자재_04,기름,식료품 중 '식자재'를 판매·제공하는 매장,01a5f192-c482-46e3-8b58-5358216d0749,풍전기름집,참기름,화곡본동시장,전통시장,서울특별시,3.0,3.0,,,RESOLVED_AGREEMENT,False,3,,,,
460e1b4483185d4f6bb0,val,식자재,T2 동의어,q_식자재_04,기름,식료품 중 '식자재'를 판매·제공하는 매장,5de64a79-3ca8-4b6d-858e-f62c43535ec4,장안기름집,기름,답십리시장,전통시장,서울특별시,3.0,3.0,,,RESOLVED_AGREEMENT,False,3,,,,
887eb089b70878855c9d,val,식자재,T2 동의어,q_식자재_04,기름,식료품 중 '식자재'를 판매·제공하는 매장,5e25535b-0401-43fc-804c-9023fbdc7e76,옛날기름집,기름,화서시장,전통시장,경기도,3.0,3.0,,,RESOLVED_AGREEMENT,False,3,,,,
c7a5ab9ded9a6d60dedf,val,식자재,T2 동의어,q_식자재_04,기름,식료품 중 '식자재'를 판매·제공하는 매장,b0dccb6b-d993-414e-ad50-b9a53a4ce45e,평화기름집,기름,군산공설시장,전통시장,전북특별자치도,3.0,3.0,,,RESOLVED_AGREEMENT,False,3,,,,
5ca0a8c72c044f172d8c,val,식자재,T2 동의어,q_식자재_04,기름,식료품 중 '식자재'를 판매·제공하는 매장,7447a922-6703-4d9e-ba66-7f7892705d24,시장기름집,기름,익산중앙시장,전통시장,전북특별자치도,3.0,3.0,,,RESOLVED_AGREEMENT,False,3,,,,
edf32cfd5294fb9cfef9,val,식자재,T2 동의어,q_식자재_04,기름,식료품 중 '식자재'를 판매·제공하는 매장,283173e2-d54e-41ac-bcfb-5d4ec7c68c81,당진기름집,기름,태평시장,전통시장,대전광역시,3.0,3.0,,,RESOLVED_AGREEMENT,False,3,,,,
e00244874b98ae3f70aa,val,식자재,T2 동의어,q_식자재_04,기름,식료품 중 '식자재'를 판매·제공하는 매장,bd7578a6-2e44-40f6-890b-b8bfcff807da,나누리재가복지센터,방문요양 방문목욕 보건업,거창 가조상점가거리,골목형상점가,경상남도,0.0,0.0,,,RESOLVED_AGREEMENT,False,0,,,,
08c5ae45762257abc231,val,식자재,T2 동의어,q_식자재_04,기름,식료품 중 '식자재'를 판매·제공하는 매장,f742c6c5-661e-47b9-a079-ebf69db6ae94,엄마기름집,기름,고분다리시장,전통시장,서울특별시,3.0,3.0,,,RESOLVED_AGREEMENT,False,3,,,,
819632f815ae14fac5ef,val,식자재,T2 동의어,q_식자재_04,기름,식료품 중 '식자재'를 판매·제공하는 매장,013444f9-7e9b-4640-84f0-43ac071ef57f,대림고추방아,"고추가루, 기름",부천강남시장,전통시장,경기도,3.0,0.0,,,P1_BINARY_THRESHOLD,True,,,,,
5403841552f9bf3a604e,val,식자재,T2 동의어,q_식자재_04,기름,식료품 중 '식자재'를 판매·제공하는 매장,ed4ab20d-3416-4ecf-95cc-8c06d98b0701,신진기름집,기름,전농로터리시장,전통시장,서울특별시,3.0,3.0,,,RESOLVED_AGREEMENT,False,3,,,,
77608a3475ab3e0238ed,val,식자재,T2 동의어,q_식자재_04,기름,식료품 중 '식자재'를 판매·제공하는 매장,f178ce78-e3d7-4976-a964-3da951fdc7af,인천기름,기름,세아프라자상가(동두천세아상가시장),전통시장,경기도,3.0,0.0,,,P1_BINARY_THRESHOLD,True,,,,,
5d9d5ba8c485ab04db93,val,식자재,T2 동의어,q_식자재_04,기름,식료품 중 '식자재'를 판매·제공하는 매장,b5f99beb-251f-4106-a26c-ea073b024ace,철마기름집,기름,가좌시장,전통시장,인천광역시,3.0,3.0,,,RESOLVED_AGREEMENT,False,3,,,,
bf6e8369655594a9661c,val,식자재,T2 동의어,q_식자재_04,기름,식료품 중 '식자재'를 판매·제공하는 매장,023b2cb4-7f9e-4b85-9888-474ee933954a,산척제유소,방앗간,충주자유시장,전통시장,충청북도,3.0,3.0,,,RESOLVED_AGREEMENT,False,3,,,,
da7899447233c3a97ba3,val,식자재,T2 동의어,q_식자재_04,기름,식료품 중 '식자재'를 판매·제공하는 매장,ca37d067-0f46-40e9-b422-7c5918022fae,황해기름집,기름,화천재래시장,전통시장,강원특별자치도,3.0,3.0,,,RESOLVED_AGREEMENT,False,3,,,,
0e7cffe005a7916bd28f,val,식자재,T2 동의어,q_식자재_04,기름,식료품 중 '식자재'를 판매·제공하는 매장,232d5129-7565-496e-a121-3712e3562c65,고향참기름,기름,마천중앙시장,전통시장,서울특별시,2.0,3.0,,,P2_GRADED_ONLY,True,,,,,
e88167dbc1e0bb4fccf4,val,식자재,T2 동의어,q_식자재_04,기름,식료품 중 '식자재'를 판매·제공하는 매장,0b69c684-9b0b-490b-892e-9267cf4662a3,윤수참기름,식용유,진주 청과시장,전통시장,경상남도,3.0,3.0,,,RESOLVED_AGREEMENT,False,3,,,,
3f25dc37bcd42d22f61e,val,식자재,T2 동의어,q_식자재_04,기름,식료품 중 '식자재'를 판매·제공하는 매장,dfca536c-0cb3-4d86-8c02-c1accad4bb97,광일참기름,기름,광양매일시장(광양상설시장),전통시장,전라남도,2.0,3.0,,,P2_GRADED_ONLY,True,,,,,
4a3b68bc346ea9c4a25e,val,식자재,T2 동의어,q_식자재_04,기름,식료품 중 '식자재'를 판매·제공하는 매장,65f6859a-9a45-48bf-b4de-541a5953532e,삼봉방앗간,기름,구월시장,전통시장,인천광역시,2.0,3.0,,,P2_GRADED_ONLY,True,,,,,
cffecb4e1ff3bd57ad49,val,식자재,T2 동의어,q_식자재_04,기름,식료품 중 '식자재'를 판매·제공하는 매장,fa9d4931-eb5e-4e1d-9476-c0cb92a28541,반도기름집,기름,서귀포매일올레시장,전통시장,제주특별자치도,3.0,3.0,,,RESOLVED_AGREEMENT,False,3,,,,
6fa697e053d73f4aaa8c,val,식자재,T2 동의어,q_식자재_04,기름,식료품 중 '식자재'를 판매·제공하는 매장,092868ef-cdbe-426a-8e04-c1862bac5076,익산바이오,식용유,세종전통시장,전통시장,세종특별자치시,3.0,0.0,,,P1_BINARY_THRESHOLD,True,,,,,
e38eb9f2b5bae648bf66,val,식자재,T2 동의어,q_식자재_04,기름,식료품 중 '식자재'를 판매·제공하는 매장,04c905ba-3172-4ea4-a6dd-4345d674dea0,덕순이네,제조업(떡집),장터길 골목형상점가,골목형상점가,경기도,1.0,0.0,,,P2_GRADED_ONLY,True,,,,,
95f307023a9e53cfd5cf,val,식자재,T2 동의어,q_식자재_04,기름,식료품 중 '식자재'를 판매·제공하는 매장,00ec16f5-8b45-4af1-bb1b-6389f2412be8,수진식품,"참기름, 고추가루등",김해 진영전통시장,전통시장,경상남도,3.0,3.0,,,RESOLVED_AGREEMENT,False,3,,,,
7efe7830dc8fb12a9e86,val,식자재,T2 동의어,q_식자재_04,기름,식료품 중 '식자재'를 판매·제공하는 매장,40aa00e6-bddd-4b0c-9ee7-6d8a4497345c,경북기름집,기름,청량리전통시장,전통시장,서울특별시,3.0,3.0,,,RESOLVED_AGREEMENT,False,3,,,,
b3098e281278d1454ab3,val,식자재,T2 동의어,q_식자재_04,기름,식료품 중 '식자재'를 판매·제공하는 매장,fbb7ac19-ada8-44e0-832c-1375d39b19f8,샛별기름집,기름,속초종합중앙시장,전통시장,강원특별자치도,3.0,3.0,,,RESOLVED_AGREEMENT,False,3,,,,
ae2b0be1f0ea9e9d0f88,val,식자재,T2 동의어,q_식자재_04,기름,식료품 중 '식자재'를 판매·제공하는 매장,00fea2e0-f294-46b6-af68-655475e888be,동양유통,"곡물, 식자재",김해새벽시장,기타,경상남도,2.0,3.0,,,P2_GRADED_ONLY,True,,,,,
ff04b3e0a348c7fa6078,val,식자재,T2 동의어,q_식자재_04,기름,식료품 중 '식자재'를 판매·제공하는 매장,ec5cfc24-5c77-429d-b4d9-1532c2774b56,리트머스,의류,제주중앙지하상가,일반지하상점가,제주특별자치도,0.0,0.0,,,RESOLVED_AGREEMENT,False,0,,,,
805a14a05363a20a9fe8,val,식자재,T2 동의어,q_식자재_04,기름,식료품 중 '식자재'를 판매·제공하는 매장,01e4cef2-9c12-4be0-9c3e-5a09ab67f7f5,대명제유,"고추, 기름",의정부제일시장,전통시장,경기도,3.0,0.0,,,P1_BINARY_THRESHOLD,True,,,,,
cb77a371305fd026d323,val,식자재,T2 동의어,q_식자재_04,기름,식료품 중 '식자재'를 판매·제공하는 매장,0592f5f6-ae8d-491f-87e9-2021a00f4ae0,우리상회,곡물,상주중앙시장,전통시장,경상북도,2.0,3.0,,,P2_GRADED_ONLY,True,,,,,
5383c4fe6981cbd265f1,val,식자재,T2 동의어,q_식자재_04,기름,식료품 중 '식자재'를 판매·제공하는 매장,7aad34d9-133e-4f60-b912-f5f7e04fe794,대구기름,기름,성대건물시장,전통시장,서울특별시,3.0,0.0,,,P1_BINARY_THRESHOLD,True,,,,,
c45940f3e1134d183b2a,val,식자재,T2 동의어,q_식자재_04,기름,식료품 중 '식자재'를 판매·제공하는 매장,0017714f-cbac-4f85-a148-338ddcefe41c,유수담,"쌀, 계란, 신선식품",익산북부시장,전통시장,전북특별자치도,2.0,3.0,,,P2_GRADED_ONLY,True,,,,,
ae8a5a82d7e231e23c59,val,식자재,T2 동의어,q_식자재_04,기름,식료품 중 '식자재'를 판매·제공하는 매장,00e30e5a-4662-4e65-9b6c-dd704886f1af,믿음떡집,떡방앗간,문창시장,전통시장,대전광역시,3.0,3.0,,,RESOLVED_AGREEMENT,False,3,,,,
20db018fe8ebb156b06b,val,식자재,T2 동의어,q_식자재_04,기름,식료품 중 '식자재'를 판매·제공하는 매장,dce9c517-42ee-4348-97fc-972cb5b52fa5,광양참기름,기름,광양시장골목형상점가,골목형상점가,제주특별자치도,2.0,3.0,,,P2_GRADED_ONLY,True,,,,,
dd536babe0ee4b36c7b0,val,식자재,T2 동의어,q_식자재_04,기름,식료품 중 '식자재'를 판매·제공하는 매장,015915e3-2542-4245-b627-0c775b4c5501,한내떡집,,거제 고현시장,전통시장,경상남도,1.0,0.0,,,P2_GRADED_ONLY,True,,,,,
affe57b48fdacda486b2,val,식자재,T2 동의어,q_식자재_04,기름,식료품 중 '식자재'를 판매·제공하는 매장,f28f495c-06db-4d48-9ef4-a6327c894d75,삼성기름,기름,진주 중앙시장,전통시장,경상남도,3.0,0.0,,,P1_BINARY_THRESHOLD,True,,,,,
286b04a1e4c31121cc66,val,식자재,T2 동의어,q_식자재_04,기름,식료품 중 '식자재'를 판매·제공하는 매장,057020ed-9d18-4250-94d2-4ba64f9638da,주문기름집,기름,주문진종합시장,전통시장,강원특별자치도,3.0,3.0,,,RESOLVED_AGREEMENT,False,3,,,,
9aa776eb10c7621d3691,val,식자재,T2 동의어,q_식자재_04,기름,식료품 중 '식자재'를 판매·제공하는 매장,9cc63352-5a2a-4a21-89b5-386fd85ac8ed,향미기름집,기름,전농로터리시장,전통시장,서울특별시,3.0,3.0,,,RESOLVED_AGREEMENT,False,3,,,,
ee05b76e63154f189dce,val,식자재,T2 동의어,q_식자재_04,기름,식료품 중 '식자재'를 판매·제공하는 매장,002d0d06-15b2-463e-b789-b0232bcc6681,뚜레주르버들마을점,제과,버들마을상인회 골목형상점가,골목형상점가,광주광역시,1.0,0.0,,,P2_GRADED_ONLY,True,,,,,
3841d6ea8260a9b01aeb,val,식자재,T2 동의어,q_식자재_04,기름,식료품 중 '식자재'를 판매·제공하는 매장,8835d461-5499-4bf7-8709-834d9f6e9b54,만나기름집,기름,일산시장(구 일산전통시장),전통시장,경기도,3.0,3.0,,,RESOLVED_AGREEMENT,False,3,,,,
e0934f80ed1a40a7978a,val,식자재,T2 동의어,q_식자재_04,기름,식료품 중 '식자재'를 판매·제공하는 매장,9d71ffe4-87c2-4899-af3e-8f52636e9a06,부자기름집,기름,용문천년시장,전통시장,경기도,3.0,3.0,,,RESOLVED_AGREEMENT,False,3,,,,
41a3379d89f2ea38d87d,val,식자재,T2 동의어,q_식자재_04,기름,식료품 중 '식자재'를 판매·제공하는 매장,001961d9-cb5d-40bc-903a-33d483f7d132,헬씨스탠다드,"건강기능식품, 쌀, 견과류, 약재",응암소담길 골목형상점가,골목형상점가,서울특별시,2.0,3.0,,,P2_GRADED_ONLY,True,,,,,
6bc934e5888385bd0796,val,식자재,T2 동의어,q_식자재_04,기름,식료품 중 '식자재'를 판매·제공하는 매장,06bbe239-5774-4794-91c3-b45901659200,성진상회,식용유,고성시장,전통시장,경상남도,3.0,3.0,,,RESOLVED_AGREEMENT,False,3,,,,
51a0a502edf8dfe147e4,val,식자재,T2 동의어,q_식자재_04,기름,식료품 중 '식자재'를 판매·제공하는 매장,01757e0a-7278-44bc-9fad-29595028ac3d,현대떡방앗간,방앗간,염매시장(의성중앙시장),전통시장,경상북도,3.0,3.0,,,RESOLVED_AGREEMENT,False,3,,,,
e5111ac641071b2b5c39,val,식자재,T2 동의어,q_식자재_04,기름,식료품 중 '식자재'를 판매·제공하는 매장,0061123f-a676-4556-9633-5fbc4ecaf6ef,치즈케익카스테라카페,제과,북가좌동 골목형상점가,골목형상점가,서울특별시,1.0,0.0,,,P2_GRADED_ONLY,True,,,,,
c1e48c6bcd7b09a0fed8,val,식자재,T2 동의어,q_식자재_04,기름,식료품 중 '식자재'를 판매·제공하는 매장,c44fc36e-ee96-46f8-8f99-31214e39879a,새댁기름집,기름,정읍샘고을시장,전통시장,전북특별자치도,3.0,3.0,,,RESOLVED_AGREEMENT,False,3,,,,
ea0a98ae4a1b1b023548,val,식자재,T2 동의어,q_식자재_04,기름,식료품 중 '식자재'를 판매·제공하는 매장,dc569198-4383-4fe3-b29b-254728473a3d,문수상회,기름,봉화상설시장,전통시장,경상북도,3.0,3.0,,,RESOLVED_AGREEMENT,False,3,,,,
fb558fb3b36a25aaf5cd,val,식자재,T2 동의어,q_식자재_04,기름,식료품 중 '식자재'를 판매·제공하는 매장,f65bf0ef-9e3c-4ae2-89d8-667edcdf697c,남일기름,기름,암사종합시장,전통시장,서울특별시,3.0,0.0,,,P1_BINARY_THRESHOLD,True,,,,,
4b05c24bf89788907dd0,val,식자재,T2 동의어,q_식자재_04,기름,식료품 중 '식자재'를 판매·제공하는 매장,001cb3d4-5441-4963-b517-d5b3904ee312,현창떡집,떡집,목포동부시장,전통시장,전라남도,1.0,0.0,,,P2_GRADED_ONLY,True,,,,,
80e75e912822b064f857,val,식자재,T2 동의어,q_식자재_04,기름,식료품 중 '식자재'를 판매·제공하는 매장,24572198-8433-4478-9b19-bf5e44897a38,중앙기름-e,"반찬, 기름",산본전통시장(구 군포산본시장),전통시장,경기도,3.0,3.0,,,RESOLVED_AGREEMENT,False,3,,,,
5675db353bef3cd54a09,val,식자재,T2 동의어,q_식자재_04,기름,식료품 중 '식자재'를 판매·제공하는 매장,04cffa8f-5c05-444b-bde1-a3d1918cf92f,강원기름집,식용유,속초종합중앙시장,전통시장,강원특별자치도,3.0,3.0,,,RESOLVED_AGREEMENT,False,3,,,,
ad29be791043e8cd8cba,val,식자재,T2 동의어,q_식자재_04,기름,식료품 중 '식자재'를 판매·제공하는 매장,fe998c22-1713-4828-9b48-134c13399e94,금강기름,기름,마천중앙시장,전통시장,서울특별시,3.0,0.0,,,P1_BINARY_THRESHOLD,True,,,,,
2fc2fa2548c040006ff9,val,식자재,T2 동의어,q_식자재_04,기름,식료품 중 '식자재'를 판매·제공하는 매장,030536cb-46fd-4817-a7a9-ba9f838a3d84,신흥기름집,기름,월정로시장,기타,서울특별시,3.0,3.0,,,RESOLVED_AGREEMENT,False,3,,,,
2ac38dc7d9f71ff2781e,val,식자재,T2 동의어,q_식자재_04,기름,식료품 중 '식자재'를 판매·제공하는 매장,6f7102de-82e0-4ecc-b552-52f9a50a7263,부흥기름집,기름,모란전통기름시장,전통시장,경기도,3.0,3.0,,,RESOLVED_AGREEMENT,False,3,,,,
8b5540d8fdf5f4978e84,val,식자재,T2 동의어,q_식자재_04,기름,식료품 중 '식자재'를 판매·제공하는 매장,ace438ce-7fe2-41eb-b7d7-e569d04d3807,아리따움부전점,화장품,부전상가시장,전통시장,부산광역시,0.0,0.0,,,RESOLVED_AGREEMENT,False,0,,,,
edbe966941adcc950fa4,val,식자재,T2 동의어,q_식자재_04,기름,식료품 중 '식자재'를 판매·제공하는 매장,0e224dee-e545-48f6-95af-5a197b33a076,경북식품,식용유,가락몰골목형상점가,골목형상점가,서울특별시,3.0,0.0,,,P1_BINARY_THRESHOLD,True,,,,,
2d43012214b0be741fc8,val,식자재,T2 동의어,q_식자재_04,기름,식료품 중 '식자재'를 판매·제공하는 매장,02223ab5-044d-40ad-8cc7-838ed325ada0,상옥쌀상회,쌀,영일대북부시장(구 북부시장),전통시장,경상북도,2.0,3.0,,,P2_GRADED_ONLY,True,,,,,
1d9186d846a994e6b574,val,식자재,T2 동의어,q_식자재_04,기름,식료품 중 '식자재'를 판매·제공하는 매장,00e80339-1353-4885-81d7-0746a437abb2,포식 용인한숲시티점,쌀국수 돈까스 함박스테이크,남사한숲 골목형상점가,골목형상점가,경기도,2.0,3.0,,,P2_GRADED_ONLY,True,,,,,
64d2df10b682e815b47f,val,식자재,T2 동의어,q_식자재_04,기름,식료품 중 '식자재'를 판매·제공하는 매장,6d79f014-47f3-4c13-8050-5e8e49007898,집수리 집고 신갈동점,"종합짐수리, 전기, 수도, 타일, 변기, 싱크대",흥덕 다채움 골목형 상점가,골목형상점가,경기도,0.0,0.0,,,RESOLVED_AGREEMENT,False,0,,,,
fdbd2920b7d24a28a246,val,식자재,T2 동의어,q_식자재_04,기름,식료품 중 '식자재'를 판매·제공하는 매장,9b8b4cc1-f47b-43d6-913f-a3641d6a7e0e,화순상회,기름,소사종합시장,전통시장,경기도,3.0,3.0,,,RESOLVED_AGREEMENT,False,3,,,,
8a5d0889b0302dc1bcb5,val,식자재,T2 동의어,q_식자재_04,기름,식료품 중 '식자재'를 판매·제공하는 매장,24951010-132d-498f-a586-0c7d6f051bf4,승현기름집,기름,오목교중앙시장,전통시장,서울특별시,3.0,3.0,,,RESOLVED_AGREEMENT,False,3,,,,
d65c37b79053e0371f80,val,식자재,T2 동의어,q_식자재_04,기름,식료품 중 '식자재'를 판매·제공하는 매장,008d07a3-ba18-4806-9ec7-48c0adb25276,아빠네 빵집,제과제빵,신창수문 골목형상점가,골목형상점가,광주광역시,1.0,0.0,,,P2_GRADED_ONLY,True,,,,,
9c548c4416857b6c0c13,val,식자재,T2 동의어,q_식자재_04,기름,식료품 중 '식자재'를 판매·제공하는 매장,b08e9710-2ab2-47be-bcb5-61acffbc6fb4,용두방앗간,기름,청운시장골목형상점가,골목형상점가,경기도,2.0,3.0,,,P2_GRADED_ONLY,True,,,,,
efcfbed600edc3d4ffef,val,식자재,T2 동의어,q_식자재_04,기름,식료품 중 '식자재'를 판매·제공하는 매장,00bf0e58-0696-472a-8a12-945c44dc9435,오복상회,쌀,백년시장(구 강북종합전통시장),전통시장,서울특별시,2.0,3.0,,,P2_GRADED_ONLY,True,,,,,
f71ab785120bc73cf512,val,식자재,T2 동의어,q_식자재_04,기름,식료품 중 '식자재'를 판매·제공하는 매장,7540e538-b667-4174-baec-01660bf44a7c,칠성기름집,기름,왜관시장,전통시장,경상북도,3.0,3.0,,,RESOLVED_AGREEMENT,False,3,,,,
9a2338c08a63a4bcacf1,val,식자재,T2 동의어,q_식자재_04,기름,식료품 중 '식자재'를 판매·제공하는 매장,005313c8-dce8-49b6-9841-9143ebb1305a,동원떡집,,박달시장,전통시장,경기도,1.0,0.0,,,P2_GRADED_ONLY,True,,,,,
fa6246cb514393dfdd6e,val,식자재,T2 동의어,q_식자재_04,기름,식료품 중 '식자재'를 판매·제공하는 매장,7ff9a001-79f8-48d9-9cce-2978c57ee241,대전기름집,기름,오류전통시장(오류빤짝시장),전통시장,대전광역시,3.0,3.0,,,RESOLVED_AGREEMENT,False,3,,,,
8f108a0469a8798c5db1,val,식자재,T2 동의어,q_식자재_04,기름,식료품 중 '식자재'를 판매·제공하는 매장,0e3b5932-f4b0-4c0e-a6b6-b321011a3da3,여주기름집,기름,모란전통기름시장,전통시장,경기도,3.0,3.0,,,RESOLVED_AGREEMENT,False,3,,,,
ac98f68c0ce0f266a36d,val,식자재,T2 동의어,q_식자재_04,기름,식료품 중 '식자재'를 판매·제공하는 매장,f1f50277-95ca-44f4-a48b-11e16fdcbc2a,풍물방아,기름,춘천풍물시장,전통시장,강원특별자치도,3.0,0.0,,,P1_BINARY_THRESHOLD,True,,,,,
0272f32d3c1fbc868547,val,식자재,T2 동의어,q_식자재_04,기름,식료품 중 '식자재'를 판매·제공하는 매장,5f97549d-21e2-45a2-a324-1fad53d06325,중앙기름,기름 농산물,비단길현대시장,전통시장,서울특별시,3.0,3.0,,,RESOLVED_AGREEMENT,False,3,,,,
925a0ebc93e5c6e393be,val,식자재,T2 동의어,q_식자재_04,기름,식료품 중 '식자재'를 판매·제공하는 매장,23f79b5b-9a63-41fb-b140-0c4487b2affb,대복기름집,기름,부천강남시장,전통시장,경기도,3.0,3.0,,,RESOLVED_AGREEMENT,False,3,,,,
e705f9d3e8cd9c61c3f7,val,식자재,T2 동의어,q_식자재_04,기름,식료품 중 '식자재'를 판매·제공하는 매장,f29ba182-3c8a-4d92-ac16-4f68cf2d600d,남매방앗간,기름,억지춘향시장(구 봉화춘향시장),전통시장,경상북도,2.0,3.0,,,P2_GRADED_ONLY,True,,,,,
fab1bc8291d142606e54,val,식자재,T2 동의어,q_식자재_04,기름,식료품 중 '식자재'를 판매·제공하는 매장,03e3e424-656a-46ea-82b7-21bcc07cae47,초왕상회,"곡물, 농산물",전주남부시장,전통시장,전북특별자치도,2.0,3.0,,,P2_GRADED_ONLY,True,,,,,
58a3ce43e1fd85692f3a,val,식자재,T2 동의어,q_식자재_04,기름,식료품 중 '식자재'를 판매·제공하는 매장,d51a889e-0b72-4272-a5b8-93e9ed52ad8e,호계참기름,기름,호계종합시장,전통시장,경기도,2.0,3.0,,,P2_GRADED_ONLY,True,,,,,
de0ddcc28fcf8dc9bfe4,val,식자재,T2 동의어,q_식자재_04,기름,식료품 중 '식자재'를 판매·제공하는 매장,05d9221b-d58f-4327-9f83-ae84bb6c7c1c,원일기름집,기름,봉동생강골시장,전통시장,전북특별자치도,3.0,3.0,,,RESOLVED_AGREEMENT,False,3,,,,
94760851ca08da247deb,val,식자재,T2 동의어,q_식자재_04,기름,식료품 중 '식자재'를 판매·제공하는 매장,c086618e-572f-428b-892d-41cd46bc6833,동명기름,"고추, 기름",강릉성남시장,전통시장,강원특별자치도,3.0,0.0,,,P1_BINARY_THRESHOLD,True,,,,,
97ab84c17183ab29d2bb,val,식자재,T2 동의어,q_식자재_04,기름,식료품 중 '식자재'를 판매·제공하는 매장,034f637f-e1c0-4e3c-99a7-eb7c8deb055a,청풍상회,곡물,내토전통시장,전통시장,충청북도,2.0,3.0,,,P2_GRADED_ONLY,True,,,,,
96cc86f32ca007667ac9,val,식자재,T2 동의어,q_식자재_04,기름,식료품 중 '식자재'를 판매·제공하는 매장,ffcab518-f7d5-49e1-aa49-0b41bcfb5b9c,한라기름집,기름,동문재래시장,전통시장,제주특별자치도,3.0,3.0,,,RESOLVED_AGREEMENT,False,3,,,,
225728b69ba483022ec2,val,식자재,T2 동의어,q_식자재_04,기름,식료품 중 '식자재'를 판매·제공하는 매장,e0875a25-d6ef-4bab-aedf-a564aea1e7ad,진미기름,기름,포항죽도시장,전통시장,경상북도,3.0,0.0,,,P1_BINARY_THRESHOLD,True,,,,,
4ce0add146f76ecbf777,val,식자재,T2 동의어,q_식자재_04,기름,식료품 중 '식자재'를 판매·제공하는 매장,0b8ef6dc-2f6b-4707-bd73-529122d9c97a,하단떡집,떡집,하단오일상설시장,전통시장,부산광역시,1.0,0.0,,,P2_GRADED_ONLY,True,,,,,
b7989e09d304cb86027f,val,식자재,T2 동의어,q_식자재_04,기름,식료품 중 '식자재'를 판매·제공하는 매장,bf033087-b9c2-46ea-92d9-546fa63a1178,오복기름집,기름,모란전통기름시장,전통시장,경기도,3.0,3.0,,,RESOLVED_AGREEMENT,False,3,,,,
c043b87e55035dd0bc6b,val,식자재,T2 동의어,q_식자재_04,기름,식료품 중 '식자재'를 판매·제공하는 매장,0046e3b5-e973-4cc0-807c-acb34ad8e262,야음민속떡집,제조업(떡방앗간),울산번개시장,전통시장,울산광역시,3.0,3.0,,,RESOLVED_AGREEMENT,False,3,,,,
68a5d7cb9a7609e05439,val,식자재,T2 동의어,q_식자재_04,기름,식료품 중 '식자재'를 판매·제공하는 매장,2780c52b-08dc-4133-8b30-4b993563ec19,가창기름,기름,장미원골목시장,전통시장,서울특별시,3.0,0.0,,,P1_BINARY_THRESHOLD,True,,,,,
9d46787af8e48cc4bd8e,val,식자재,T2 동의어,q_식자재_04,기름,식료품 중 '식자재'를 판매·제공하는 매장,01859206-536a-40a7-be1e-c8610663a665,동원참기름,참기름,안강공설시장,전통시장,경상북도,3.0,3.0,,,RESOLVED_AGREEMENT,False,3,,,,
14591f325d8d3c85866c,val,식자재,T2 동의어,q_식자재_04,기름,식료품 중 '식자재'를 판매·제공하는 매장,584a9efd-fb51-46de-ab01-26f6ee321941,감자국댕치원,강아지유치원,혁신도시5구역골목형상점가,골목형상점가,강원특별자치도,0.0,0.0,,,RESOLVED_AGREEMENT,False,0,,,,
df3db95c38b1363fa657,val,식자재,T2 동의어,q_식자재_04,기름,식료품 중 '식자재'를 판매·제공하는 매장,b9306a8e-8689-41c9-9d4d-967df73c6902,네일리브,네일피부,배방월천 골목형상점가,골목형상점가,충청남도,0.0,0.0,,,RESOLVED_AGREEMENT,False,0,,,,
62a3d88cc620c76a386b,val,식자재,T2 동의어,q_식자재_04,기름,식료품 중 '식자재'를 판매·제공하는 매장,ebdbf2c4-6190-4c5c-91c4-ddd289fa24d8,단골기름집,기름,제천중앙시장,전통시장,충청북도,3.0,3.0,,,RESOLVED_AGREEMENT,False,3,,,,
4bc5bb4742e89a9dbaaa,val,식자재,T2 동의어,q_식자재_04,기름,식료품 중 '식자재'를 판매·제공하는 매장,97ce8e23-d830-4721-9261-f712cadc0917,신천고추기름,소매(기름),시흥삼미시장,전통시장,경기도,3.0,0.0,,,P1_BINARY_THRESHOLD,True,,,,,
6ee418b13b5197c54978,val,식자재,T2 동의어,q_식자재_04,기름,식료품 중 '식자재'를 판매·제공하는 매장,233a6c5e-2e7e-4b74-bd0f-e2d6aa1b9fec,사슴기름집,기름,왜관시장,전통시장,경상북도,3.0,3.0,,,RESOLVED_AGREEMENT,False,3,,,,
bbae9bc63278aac8edcf,val,식자재,T2 동의어,q_식자재_04,기름,식료품 중 '식자재'를 판매·제공하는 매장,011f646c-0d2f-4770-a90e-d5d39e580d38,올 푸드,식자재,두암시장,전통시장,광주광역시,2.0,3.0,,,P2_GRADED_ONLY,True,,,,,
13aafd291da49de14248,val,식자재,T2 동의어,q_식자재_04,기름,식료품 중 '식자재'를 판매·제공하는 매장,a4cdee97-d9fe-447d-902f-9c69190e9894,박문각스파르타고시학원,고시학원,전남대후문골목형상점가,골목형상점가,광주광역시,0.0,0.0,,,RESOLVED_AGREEMENT,False,0,,,,
8d5d76848f2fb286a608,val,식자재,T2 동의어,q_식자재_04,기름,식료품 중 '식자재'를 판매·제공하는 매장,001bc028-a43e-44d4-9682-db280a4998cc,파리바게뜨전주근영점,제과점,근영누리 골목형상점가,골목형상점가,전북특별자치도,1.0,0.0,,,P2_GRADED_ONLY,True,,,,,
31a43b67d1a2229da6e4,val,식자재,T2 동의어,q_식자재_04,기름,식료품 중 '식자재'를 판매·제공하는 매장,d2182dc7-fcc5-4737-8b9e-02921b373348,현대참기름,기름,포항큰동해시장,전통시장,경상북도,2.0,3.0,,,P2_GRADED_ONLY,True,,,,,
06c27aba30df54176b50,val,식자재,T2 동의어,q_식자재_04,기름,식료품 중 '식자재'를 판매·제공하는 매장,ecebb3ad-e002-4358-bd9f-a05cdb751594,박홍근홈패션(연화침구),침구,광장시장,전통시장,서울특별시,0.0,0.0,,,RESOLVED_AGREEMENT,False,0,,,,
bf4069ea632d3ad240a5,val,식자재,T2 동의어,q_식자재_04,기름,식료품 중 '식자재'를 판매·제공하는 매장,c98117a8-0faa-4c7f-b9de-43745aabb18d,가나식품,기름,익산장(구 북부장),전통시장,전북특별자치도,3.0,0.0,,,P1_BINARY_THRESHOLD,True,,,,,
e52179102369c80283dd,val,식자재,T2 동의어,q_식자재_04,기름,식료품 중 '식자재'를 판매·제공하는 매장,dd894757-bc6e-4a30-b01c-dfdf5dde1296,정선기름집,기름,정선아리랑시장,전통시장,강원특별자치도,3.0,3.0,,,RESOLVED_AGREEMENT,False,3,,,,
6a92d19eb0cfb69c91c4,val,식자재,T2 동의어,q_식자재_04,기름,식료품 중 '식자재'를 판매·제공하는 매장,822d683e-7de6-4c9a-9dc2-73d2c6b73cf4,광명기름집,기름,용현시장,전통시장,인천광역시,3.0,3.0,,,RESOLVED_AGREEMENT,False,3,,,,
bea3ad99eb189712a5d8,val,식자재,T2 동의어,q_식자재_04,기름,식료품 중 '식자재'를 판매·제공하는 매장,95bf6cba-5d06-44c9-9611-257970a31ffe,서울기름집,기름,모란전통기름시장,전통시장,경기도,3.0,3.0,,,RESOLVED_AGREEMENT,False,3,,,,
e0cb0f2b9eba70e363d2,val,식자재,T2 동의어,q_식자재_04,기름,식료품 중 '식자재'를 판매·제공하는 매장,00362b85-cb9a-4318-9059-12f768d76197,파리바게뜨전주인후점,제과점,소나무 골목형상점가,골목형상점가,전북특별자치도,1.0,0.0,,,P2_GRADED_ONLY,True,,,,,
b0943bbe296bbce7964c,val,식자재,T2 동의어,q_식자재_04,기름,식료품 중 '식자재'를 판매·제공하는 매장,171582d4-5afe-4e33-88d4-f4adcc624b8f,회인고추기름,"기름, 고추",태평시장,전통시장,대전광역시,3.0,0.0,,,P1_BINARY_THRESHOLD,True,,,,,
b168cba4eb5b915affb6,val,식자재,T2 동의어,q_식자재_04,기름,식료품 중 '식자재'를 판매·제공하는 매장,00eca8e7-b158-4572-b540-c241f4ad2546,거창상회,식자재,충무동 새벽시장,전통시장,부산광역시,2.0,3.0,,,P2_GRADED_ONLY,True,,,,,
833fc960d6678f0a93e8,val,식자재,T2 동의어,q_식자재_04,기름,식료품 중 '식자재'를 판매·제공하는 매장,041050b9-3f9b-44fc-928c-68af9ed3e9ff,형제기름,"기름, 착유",고산미소시장(고산시장),전통시장,전북특별자치도,3.0,0.0,,,P1_BINARY_THRESHOLD,True,,,,,
bbdfd813bb3a73147f3f,val,식자재,T2 동의어,q_식자재_05,방앗간,식료품 중 '식자재'를 판매·제공하는 매장,00fea2e0-f294-46b6-af68-655475e888be,동양유통,"곡물, 식자재",김해새벽시장,기타,경상남도,2.0,3.0,,,P2_GRADED_ONLY,True,,,,,
bfb185c032b7a05cad0b,val,식자재,T2 동의어,q_식자재_05,방앗간,식료품 중 '식자재'를 판매·제공하는 매장,a094cd59-95c1-4b7c-ab45-59435adb380d,유촌댁방앗간,방앗간,월배시장,전통시장,대구광역시,3.0,3.0,,,RESOLVED_AGREEMENT,False,3,,,,
29e15b7918c0301c8f76,val,식자재,T2 동의어,q_식자재_05,방앗간,식료품 중 '식자재'를 판매·제공하는 매장,03e3e424-656a-46ea-82b7-21bcc07cae47,초왕상회,"곡물, 농산물",전주남부시장,전통시장,전북특별자치도,2.0,3.0,,,P2_GRADED_ONLY,True,,,,,
54c5d139ebda9e82b312,val,식자재,T2 동의어,q_식자재_05,방앗간,식료품 중 '식자재'를 판매·제공하는 매장,fbc62b3e-f8a4-4e54-81d1-da98c371b0d4,부산방앗간,방앗간,청량리전통시장,전통시장,서울특별시,3.0,3.0,,,RESOLVED_AGREEMENT,False,3,,,,
4659176a4aa36a1b11d2,val,식자재,T2 동의어,q_식자재_05,방앗간,식료품 중 '식자재'를 판매·제공하는 매장,6f88223f-9aad-42bc-a6d8-0c12c732b4fb,고성방앗간,방앗간,고성동벚꽃 골목형상점가,골목형상점가,대구광역시,3.0,3.0,,,RESOLVED_AGREEMENT,False,3,,,,
9e1f9c393607850b8e10,val,식자재,T2 동의어,q_식자재_05,방앗간,식료품 중 '식자재'를 판매·제공하는 매장,278872cb-09c5-4e59-9f11-67988f244f77,광천방앗간,방앗간,중리시장,전통시장,대전광역시,3.0,3.0,,,RESOLVED_AGREEMENT,False,3,,,,
17a77d906b3b6a797fad,val,식자재,T2 동의어,q_식자재_05,방앗간,식료품 중 '식자재'를 판매·제공하는 매장,96debad8-3da2-4614-9a56-5526610af3fb,부산방앗간,방앗간,안산보성상가상점가,자율상권구역,경기도,3.0,3.0,,,RESOLVED_AGREEMENT,False,3,,,,
dc8cdc003873f86eb80e,val,식자재,T2 동의어,q_식자재_05,방앗간,식료품 중 '식자재'를 판매·제공하는 매장,ead5ea77-4317-4183-8ac8-d6cf57f36b78,김면장,김밥,남천골목시장 골목형상점가,골목형상점가,부산광역시,0.0,0.0,,,RESOLVED_AGREEMENT,False,0,,,,
ce28507f012b78f1959f,val,식자재,T2 동의어,q_식자재_05,방앗간,식료품 중 '식자재'를 판매·제공하는 매장,64b10069-e634-415a-b591-82a94ab0dde5,석교방앗간,방앗간,청주육거리종합시장,전통시장,충청북도,3.0,3.0,,,RESOLVED_AGREEMENT,False,3,,,,
f8646da018377feec6ce,val,식자재,T2 동의어,q_식자재_05,방앗간,식료품 중 '식자재'를 판매·제공하는 매장,022ece99-80e4-453c-91c0-f46f8527e7ab,구즉방아간,방앗간,송강전통시장,전통시장,대전광역시,3.0,3.0,,,RESOLVED_AGREEMENT,False,3,,,,
da263e397fa0302a75bd,val,식자재,T2 동의어,q_식자재_05,방앗간,식료품 중 '식자재'를 판매·제공하는 매장,7e9aa7e1-2c67-40ad-b68f-6a4b727efd3c,중앙방앗간,방앗간,비아5일시장,전통시장,광주광역시,3.0,3.0,,,RESOLVED_AGREEMENT,False,3,,,,
0c3686834da933b1573a,val,식자재,T2 동의어,q_식자재_05,방앗간,식료품 중 '식자재'를 판매·제공하는 매장,ecd4677d-883e-4b79-adb8-e86cae95ee28,조은떡방앗간,방앗간,목행시장,전통시장,충청북도,3.0,3.0,,,RESOLVED_AGREEMENT,False,3,,,,
afe1fd2c3b9496b60fac,val,식자재,T2 동의어,q_식자재_05,방앗간,식료품 중 '식자재'를 판매·제공하는 매장,90159618-1222-4e71-870f-d637bcbc152d,수원샘터방앗간,방앗간,정자시장,전통시장,경기도,3.0,3.0,,,RESOLVED_AGREEMENT,False,3,,,,
6f4ee9411c9142597509,val,식자재,T2 동의어,q_식자재_05,방앗간,식료품 중 '식자재'를 판매·제공하는 매장,6afb3657-f747-4521-bed3-17604b9c4162,삼촌네 방앗간,방앗간,동원전통종합시장,전통시장,서울특별시,3.0,3.0,,,RESOLVED_AGREEMENT,False,3,,,,
1abbbe9862ccb575e0aa,val,식자재,T2 동의어,q_식자재_05,방앗간,식료품 중 '식자재'를 판매·제공하는 매장,8e4188e3-fc9a-49e0-a896-b0a4f7a9b950,동서시장한빛건설기계,농산물,청량리청과물시장,전통시장,서울특별시,1.0,3.0,,,P1_BINARY_THRESHOLD,True,,,,,
e9f45421ebdc8e249e63,val,식자재,T2 동의어,q_식자재_05,방앗간,식료품 중 '식자재'를 판매·제공하는 매장,ca4557cd-091a-42d7-80ec-ea54840a480c,민속방앗간,방앗간,장호원전통시장,전통시장,경기도,3.0,3.0,,,RESOLVED_AGREEMENT,False,3,,,,
9db287f8290ac3599f46,val,식자재,T2 동의어,q_식자재_05,방앗간,식료품 중 '식자재'를 판매·제공하는 매장,ef74b5a3-8a03-4477-80b2-dd31a72b4143,김씨방앗간,방앗간,보은전통시장,전통시장,충청북도,3.0,3.0,,,RESOLVED_AGREEMENT,False,3,,,,
c284f1e79bcb26c3b6b7,val,식자재,T2 동의어,q_식자재_05,방앗간,식료품 중 '식자재'를 판매·제공하는 매장,8bf90dbc-f5ff-4676-9b13-2fdd3f09a14f,일호방앗간,방앗간,증평장뜰재래시장,전통시장,충청북도,3.0,3.0,,,RESOLVED_AGREEMENT,False,3,,,,
ab0914071547f2f9ff48,val,식자재,T2 동의어,q_식자재_05,방앗간,식료품 중 '식자재'를 판매·제공하는 매장,06bbe239-5774-4794-91c3-b45901659200,성진상회,식용유,고성시장,전통시장,경상남도,2.0,3.0,,,P2_GRADED_ONLY,True,,,,,
7ec021c8f106a62a25b4,val,식자재,T2 동의어,q_식자재_05,방앗간,식료품 중 '식자재'를 판매·제공하는 매장,01859206-536a-40a7-be1e-c8610663a665,동원참기름,참기름,안강공설시장,전통시장,경상북도,2.0,3.0,,,P2_GRADED_ONLY,True,,,,,
168c8ef2405cfe446c13,val,식자재,T2 동의어,q_식자재_05,방앗간,식료품 중 '식자재'를 판매·제공하는 매장,c8b34c2d-d4d0-4e64-b003-b39b73c88886,제일방앗간,방앗간,청주육거리종합시장,전통시장,충청북도,3.0,3.0,,,RESOLVED_AGREEMENT,False,3,,,,
88986d322b7d99bdccd1,val,식자재,T2 동의어,q_식자재_05,방앗간,식료품 중 '식자재'를 판매·제공하는 매장,be43655b-fa88-42f0-9648-aa7d2c0c5835,황금들녁,방앗간,동두천중앙시장,전통시장,경기도,3.0,3.0,,,RESOLVED_AGREEMENT,False,3,,,,
b7d6f9e1f14d3aada172,val,식자재,T2 동의어,q_식자재_05,방앗간,식료품 중 '식자재'를 판매·제공하는 매장,0df0c22d-4ecb-4cc6-a6cb-80d34719b4a2,라온헤어디자인,미용 실,괴정가장로 골목형상점가,골목형상점가,대전광역시,0.0,0.0,,,RESOLVED_AGREEMENT,False,0,,,,
f1a0d869116b995b64f5,val,식자재,T2 동의어,q_식자재_05,방앗간,식료품 중 '식자재'를 판매·제공하는 매장,a5b4d316-89b3-4fa3-9cf8-48c182f0dbf4,고현방앗간,방앗간,거제 고현시장,전통시장,경상남도,3.0,3.0,,,RESOLVED_AGREEMENT,False,3,,,,
bcd173aa93f7cedc1156,val,식자재,T2 동의어,q_식자재_05,방앗간,식료품 중 '식자재'를 판매·제공하는 매장,0668e206-a76a-4eab-8d0a-9485eced8f79,연자방앗간,방앗간,대해불빛시장(대해종합시장),전통시장,경상북도,3.0,3.0,,,RESOLVED_AGREEMENT,False,3,,,,
f46e059ea77a195adda7,val,식자재,T2 동의어,q_식자재_05,방앗간,식료품 중 '식자재'를 판매·제공하는 매장,04cffa8f-5c05-444b-bde1-a3d1918cf92f,강원기름집,식용유,속초종합중앙시장,전통시장,강원특별자치도,2.0,3.0,,,P2_GRADED_ONLY,True,,,,,
2c13056e0fbf5c80530e,val,식자재,T2 동의어,q_식자재_05,방앗간,식료품 중 '식자재'를 판매·제공하는 매장,001cb3d4-5441-4963-b517-d5b3904ee312,현창떡집,떡집,목포동부시장,전통시장,전라남도,1.0,0.0,,,P2_GRADED_ONLY,True,,,,,
ed52ba57abffd7ce89cc,val,식자재,T2 동의어,q_식자재_05,방앗간,식료품 중 '식자재'를 판매·제공하는 매장,e52e8d46-be19-426b-92ca-07645184eb9a,진미방앗간,방앗간,서문시장건해산물상가,전통시장,대구광역시,3.0,3.0,,,RESOLVED_AGREEMENT,False,3,,,,
42eea300a1b20bfead9d,val,식자재,T2 동의어,q_식자재_05,방앗간,식료품 중 '식자재'를 판매·제공하는 매장,f8049285-d762-4e55-956a-e477fb4ea2c9,그린방앗간,방앗간,충주무학시장,전통시장,충청북도,3.0,3.0,,,RESOLVED_AGREEMENT,False,3,,,,
70288512a8b9735dae0f,val,식자재,T2 동의어,q_식자재_05,방앗간,식료품 중 '식자재'를 판매·제공하는 매장,001bc028-a43e-44d4-9682-db280a4998cc,파리바게뜨전주근영점,제과점,근영누리 골목형상점가,골목형상점가,전북특별자치도,1.0,0.0,,,P2_GRADED_ONLY,True,,,,,
de03d15b5499cdd7d844,val,식자재,T2 동의어,q_식자재_05,방앗간,식료품 중 '식자재'를 판매·제공하는 매장,015915e3-2542-4245-b627-0c775b4c5501,한내떡집,,거제 고현시장,전통시장,경상남도,1.0,0.0,,,P2_GRADED_ONLY,True,,,,,
7e75acaa4f62a1d3ba65,val,식자재,T2 동의어,q_식자재_05,방앗간,식료품 중 '식자재'를 판매·제공하는 매장,0b8ef6dc-2f6b-4707-bd73-529122d9c97a,하단떡집,떡집,하단오일상설시장,전통시장,부산광역시,1.0,0.0,,,P2_GRADED_ONLY,True,,,,,
34d0d7422ab6abc5d19f,val,식자재,T2 동의어,q_식자재_05,방앗간,식료품 중 '식자재'를 판매·제공하는 매장,008d07a3-ba18-4806-9ec7-48c0adb25276,아빠네 빵집,제과제빵,신창수문 골목형상점가,골목형상점가,광주광역시,1.0,0.0,,,P2_GRADED_ONLY,True,,,,,
3c935e12a0a8db69fbff,val,식자재,T2 동의어,q_식자재_05,방앗간,식료품 중 '식자재'를 판매·제공하는 매장,021bf03c-8b83-4288-89c5-15a4a162142b,신선식품,식자재,사천읍시장,전통시장,경상남도,2.0,3.0,,,P2_GRADED_ONLY,True,,,,,
c885cb9db1ba2fb51c44,val,식자재,T2 동의어,q_식자재_05,방앗간,식료품 중 '식자재'를 판매·제공하는 매장,005313c8-dce8-49b6-9841-9143ebb1305a,동원떡집,,박달시장,전통시장,경기도,1.0,0.0,,,P2_GRADED_ONLY,True,,,,,
a5957552d10a2c6d393b,val,식자재,T2 동의어,q_식자재_05,방앗간,식료품 중 '식자재'를 판매·제공하는 매장,164f199f-5a51-4a39-abf2-4706dbe54f30,깨울림 방앗간,방앗간,길동복조리시장,전통시장,서울특별시,3.0,3.0,,,RESOLVED_AGREEMENT,False,3,,,,
25f00482c7e116c68222,val,식자재,T2 동의어,q_식자재_05,방앗간,식료품 중 '식자재'를 판매·제공하는 매장,575d792a-fca1-4c71-98eb-322910769c52,컴앤라이프,컴퓨터 및 주변장치,대구종합유통단지전자관사업협동조합,전통시장,대구광역시,0.0,0.0,,,RESOLVED_AGREEMENT,False,0,,,,
0e55c3e8231e83f919de,val,식자재,T2 동의어,q_식자재_05,방앗간,식료품 중 '식자재'를 판매·제공하는 매장,eb445ce3-f939-4862-b64c-e8a0de779cd1,명승떡방앗간,방앗간,서부시장(서부재래시장),전통시장,충청남도,3.0,3.0,,,RESOLVED_AGREEMENT,False,3,,,,
a1b687077d8c44a63ff4,val,식자재,T2 동의어,q_식자재_05,방앗간,식료품 중 '식자재'를 판매·제공하는 매장,011f646c-0d2f-4770-a90e-d5d39e580d38,올 푸드,식자재,두암시장,전통시장,광주광역시,2.0,3.0,,,P2_GRADED_ONLY,True,,,,,
60a392ccf72f58a8568f,val,식자재,T2 동의어,q_식자재_05,방앗간,식료품 중 '식자재'를 판매·제공하는 매장,0e061b57-91eb-44c9-8651-2eec144f2182,천도방앗간,방앗간,유구시장,전통시장,충청남도,3.0,3.0,,,RESOLVED_AGREEMENT,False,3,,,,
b98b63838dee18f2ce70,val,식자재,T2 동의어,q_식자재_05,방앗간,식료품 중 '식자재'를 판매·제공하는 매장,1b319346-56d8-4130-9f4f-bff4306342c7,찬성방앗간,방앗간,단양구경시장(단양인정시장),전통시장,충청북도,3.0,3.0,,,RESOLVED_AGREEMENT,False,3,,,,
d556e52e0c3485ee09cf,val,식자재,T2 동의어,q_식자재_05,방앗간,식료품 중 '식자재'를 판매·제공하는 매장,00e30e5a-4662-4e65-9b6c-dd704886f1af,믿음떡집,떡방앗간,문창시장,전통시장,대전광역시,3.0,3.0,,,RESOLVED_AGREEMENT,False,3,,,,
c50e8f6595e1a232b028,val,식자재,T2 동의어,q_식자재_05,방앗간,식료품 중 '식자재'를 판매·제공하는 매장,d91691df-a531-4e84-aed3-2fec2d357ec6,진부방앗간,방앗간,서산동부전통시장,전통시장,충청남도,3.0,3.0,,,RESOLVED_AGREEMENT,False,3,,,,
8b7afcfe48345e49070c,val,식자재,T2 동의어,q_식자재_05,방앗간,식료품 중 '식자재'를 판매·제공하는 매장,29ef06dd-aed2-459a-8db1-b971c7a5a665,대광방앗간,방앗간,계산시장,전통시장,인천광역시,3.0,3.0,,,RESOLVED_AGREEMENT,False,3,,,,
072a4720a8f56fc5bb1f,val,식자재,T2 동의어,q_식자재_05,방앗간,식료품 중 '식자재'를 판매·제공하는 매장,e3ad4ad0-0298-46d9-8f6f-6aa9b9890f76,낙원방앗간,방앗간,동원전통종합시장,전통시장,서울특별시,3.0,3.0,,,RESOLVED_AGREEMENT,False,3,,,,
dd8df5e6a68522199476,val,식자재,T2 동의어,q_식자재_05,방앗간,식료품 중 '식자재'를 판매·제공하는 매장,2c14212f-0758-4f0a-982e-49f24140cc75,새삼방앗간,방앗간,오치동 천지인로 골목형상점가,골목형상점가,광주광역시,3.0,3.0,,,RESOLVED_AGREEMENT,False,3,,,,
ac772f56f2ec7cfac167,val,식자재,T2 동의어,q_식자재_05,방앗간,식료품 중 '식자재'를 판매·제공하는 매장,013444f9-7e9b-4640-84f0-43ac071ef57f,대림고추방아,"고추가루, 기름",부천강남시장,전통시장,경기도,0.0,0.0,,,RESOLVED_AGREEMENT,False,0,,,,
816f3c041fd24bf45521,val,식자재,T2 동의어,q_식자재_05,방앗간,식료품 중 '식자재'를 판매·제공하는 매장,780bebee-9f77-4442-8c5d-8adbbefea9be,우성방앗간,방앗간,전주 삼천이 골목형상점가,골목형상점가,전북특별자치도,3.0,3.0,,,RESOLVED_AGREEMENT,False,3,,,,
2a99f33a531f6b0f326b,val,식자재,T2 동의어,q_식자재_05,방앗간,식료품 중 '식자재'를 판매·제공하는 매장,73bc4f24-c6fb-4193-8a8c-ec31c47d6648,제일방앗간,방앗간,석소 골목형상점가,골목형상점가,전북특별자치도,3.0,3.0,,,RESOLVED_AGREEMENT,False,3,,,,
b3ed15eb67b13fcdce68,val,식자재,T2 동의어,q_식자재_05,방앗간,식료품 중 '식자재'를 판매·제공하는 매장,16c7353f-1368-4b0d-99af-c61e58789667,천일방앗간,방앗간,여수서시장주변시장,전통시장,전라남도,3.0,3.0,,,RESOLVED_AGREEMENT,False,3,,,,
f6e96dc790ed3c29874f,val,식자재,T2 동의어,q_식자재_05,방앗간,식료품 중 '식자재'를 판매·제공하는 매장,bc6a9fde-b80f-4009-adf5-5a0447689047,장수방앗간,방앗간,신기골목형상점가,골목형상점가,전라남도,3.0,3.0,,,RESOLVED_AGREEMENT,False,3,,,,
3b9226f73342d0e47918,val,식자재,T2 동의어,q_식자재_05,방앗간,식료품 중 '식자재'를 판매·제공하는 매장,95c6de75-ef83-448e-a989-afc58a229f85,무등방앗간,방앗간,무등시장,전통시장,광주광역시,3.0,3.0,,,RESOLVED_AGREEMENT,False,3,,,,
25042a0865e03ce584af,val,식자재,T2 동의어,q_식자재_05,방앗간,식료품 중 '식자재'를 판매·제공하는 매장,57dad038-5365-4d5a-b087-7e15d9876f77,종삼방앗간,방앗간,목도시장,전통시장,충청북도,3.0,3.0,,,RESOLVED_AGREEMENT,False,3,,,,
92af61f02f293d3b2592,val,식자재,T2 동의어,q_식자재_05,방앗간,식료품 중 '식자재'를 판매·제공하는 매장,fa43b470-abb2-4692-8539-cf368dcaf413,금호떡방앗간,방앗간,문흥금호아파트 골목형상점가,골목형상점가,광주광역시,3.0,3.0,,,RESOLVED_AGREEMENT,False,3,,,,
eb304aedb57dcb14b90d,val,식자재,T2 동의어,q_식자재_05,방앗간,식료품 중 '식자재'를 판매·제공하는 매장,002d0d06-15b2-463e-b789-b0232bcc6681,뚜레주르버들마을점,제과,버들마을상인회 골목형상점가,골목형상점가,광주광역시,1.0,0.0,,,P2_GRADED_ONLY,True,,,,,
3a600b9375ed30014576,val,식자재,T2 동의어,q_식자재_05,방앗간,식료품 중 '식자재'를 판매·제공하는 매장,001961d9-cb5d-40bc-903a-33d483f7d132,헬씨스탠다드,"건강기능식품, 쌀, 견과류, 약재",응암소담길 골목형상점가,골목형상점가,서울특별시,2.0,3.0,,,P2_GRADED_ONLY,True,,,,,
290b1a56815aeddce9f7,val,식자재,T2 동의어,q_식자재_05,방앗간,식료품 중 '식자재'를 판매·제공하는 매장,ab8ef41e-22e1-4b35-99d5-44460be5d78a,으뜸방앗간,방앗간,부평종합시장,전통시장,인천광역시,3.0,3.0,,,RESOLVED_AGREEMENT,False,3,,,,
72ba7ca4284e74386a22,val,식자재,T2 동의어,q_식자재_05,방앗간,식료품 중 '식자재'를 판매·제공하는 매장,2ef314bf-6347-4439-beef-cfed5daf5f7d,자매방앗간,방앗간,여수교동시장,전통시장,전라남도,3.0,3.0,,,RESOLVED_AGREEMENT,False,3,,,,
4e35fbcd48e44939a7e3,val,식자재,T2 동의어,q_식자재_05,방앗간,식료품 중 '식자재'를 판매·제공하는 매장,0061123f-a676-4556-9633-5fbc4ecaf6ef,치즈케익카스테라카페,제과,북가좌동 골목형상점가,골목형상점가,서울특별시,1.0,0.0,,,P2_GRADED_ONLY,True,,,,,
a78fcb4235c74c412ee5,val,식자재,T2 동의어,q_식자재_05,방앗간,식료품 중 '식자재'를 판매·제공하는 매장,0017714f-cbac-4f85-a148-338ddcefe41c,유수담,"쌀, 계란, 신선식품",익산북부시장,전통시장,전북특별자치도,2.0,3.0,,,P2_GRADED_ONLY,True,,,,,
65f549e58b79429d755c,val,식자재,T2 동의어,q_식자재_05,방앗간,식료품 중 '식자재'를 판매·제공하는 매장,01a5f192-c482-46e3-8b58-5358216d0749,풍전기름집,참기름,화곡본동시장,전통시장,서울특별시,2.0,3.0,,,P2_GRADED_ONLY,True,,,,,
994f34a7d7995750e05c,val,식자재,T2 동의어,q_식자재_05,방앗간,식료품 중 '식자재'를 판매·제공하는 매장,26c1ffb7-c834-42bc-b972-7f77493f8d3f,매일방앗간,방앗간,고리울동굴시장,전통시장,경기도,3.0,3.0,,,RESOLVED_AGREEMENT,False,3,,,,
60e1237e819a20474ee9,val,식자재,T2 동의어,q_식자재_05,방앗간,식료품 중 '식자재'를 판매·제공하는 매장,5ea8684c-f7ee-4bdb-8fd1-c6a0e83dcb0f,만물방앗간,방앗간,원종종합시장,전통시장,경기도,3.0,3.0,,,RESOLVED_AGREEMENT,False,3,,,,
1058ca620aed3932792d,val,식자재,T2 동의어,q_식자재_05,방앗간,식료품 중 '식자재'를 판매·제공하는 매장,45ded376-5c6c-48d4-968f-81ee3ae86612,동천방앗간,방앗간,서동시장,전통시장,울산광역시,3.0,3.0,,,RESOLVED_AGREEMENT,False,3,,,,
b85d93be3ee5eea15854,val,식자재,T2 동의어,q_식자재_05,방앗간,식료품 중 '식자재'를 판매·제공하는 매장,023e47e8-7973-4e3d-95f3-f6bf168360f0,(주)동양종합유통,식자재,양동건어물시장,전통시장,광주광역시,2.0,3.0,,,P2_GRADED_ONLY,True,,,,,
f6d921cbce8934e3a697,val,식자재,T2 동의어,q_식자재_05,방앗간,식료품 중 '식자재'를 판매·제공하는 매장,7b99bacc-1c6a-4a47-8412-28efcf805777,황금방앗간,방앗간,삼척중앙시장,전통시장,강원특별자치도,3.0,3.0,,,RESOLVED_AGREEMENT,False,3,,,,
8202e47b9f59051bd5ef,val,식자재,T2 동의어,q_식자재_05,방앗간,식료품 중 '식자재'를 판매·제공하는 매장,f81afe64-8551-4c59-a4fd-9c9d1b6abdbb,방앗간,신발,고투몰(강남터미널지하도상점가),일반지하상점가,서울특별시,2.0,3.0,,,P2_GRADED_ONLY,True,,,,,
322243ddf60f810d7520,val,식자재,T2 동의어,q_식자재_05,방앗간,식료품 중 '식자재'를 판매·제공하는 매장,9594207f-cf8e-4f60-8b76-99d16cc2177f,동진상회,수산물,선비골전통시장,전통시장,경상북도,0.0,3.0,,,P1_BINARY_THRESHOLD,True,,,,,
5115a56eb42e5ba25d30,val,식자재,T2 동의어,q_식자재_05,방앗간,식료품 중 '식자재'를 판매·제공하는 매장,0046e3b5-e973-4cc0-807c-acb34ad8e262,야음민속떡집,제조업(떡방앗간),울산번개시장,전통시장,울산광역시,3.0,3.0,,,RESOLVED_AGREEMENT,False,3,,,,
f8378498c40a95f316ab,val,식자재,T2 동의어,q_식자재_05,방앗간,식료품 중 '식자재'를 판매·제공하는 매장,9886b152-2c7c-4848-9856-0b4560294b51,조은떡방앗간,방앗간,역전시장 상점가,자율상권구역,대전광역시,3.0,3.0,,,RESOLVED_AGREEMENT,False,3,,,,
e6c3000a8320926761cb,val,식자재,T2 동의어,q_식자재_05,방앗간,식료품 중 '식자재'를 판매·제공하는 매장,a63c6939-f563-43cf-99d6-f45564e31cec,축복방앗간,방앗간,서남신시장,전통시장,대구광역시,3.0,3.0,,,RESOLVED_AGREEMENT,False,3,,,,
9a8f37576693f79353b3,val,식자재,T2 동의어,q_식자재_05,방앗간,식료품 중 '식자재'를 판매·제공하는 매장,02223ab5-044d-40ad-8cc7-838ed325ada0,상옥쌀상회,쌀,영일대북부시장(구 북부시장),전통시장,경상북도,2.0,3.0,,,P2_GRADED_ONLY,True,,,,,
c103f608eb4a4632a778,val,식자재,T2 동의어,q_식자재_05,방앗간,식료품 중 '식자재'를 판매·제공하는 매장,00ec16f5-8b45-4af1-bb1b-6389f2412be8,수진식품,"참기름, 고추가루등",김해 진영전통시장,전통시장,경상남도,2.0,3.0,,,P2_GRADED_ONLY,True,,,,,
3b3f06465f4b0f6906da,val,식자재,T2 동의어,q_식자재_05,방앗간,식료품 중 '식자재'를 판매·제공하는 매장,d2c50572-916a-4b02-aef5-03bf9403695b,대동방앗간,방앗간,정읍샘고을시장,전통시장,전북특별자치도,3.0,3.0,,,RESOLVED_AGREEMENT,False,3,,,,
c026387bdb1ccfc26a56,val,식자재,T2 동의어,q_식자재_05,방앗간,식료품 중 '식자재'를 판매·제공하는 매장,aa07e6cb-34e5-486a-bbff-565971e71fb0,신바람방앗간,방앗간,청주육거리종합시장,전통시장,충청북도,3.0,3.0,,,RESOLVED_AGREEMENT,False,3,,,,
b14feb2e4c46c0c73c63,val,식자재,T2 동의어,q_식자재_05,방앗간,식료품 중 '식자재'를 판매·제공하는 매장,d56471ad-5584-49e3-ad3a-021475f1986a,창대방앗간,방앗간,홍천시장(홍천구시장),전통시장,강원특별자치도,3.0,3.0,,,RESOLVED_AGREEMENT,False,3,,,,
4faebb4e9e21b1004094,val,식자재,T2 동의어,q_식자재_05,방앗간,식료품 중 '식자재'를 판매·제공하는 매장,8e3a71ac-0254-458f-b57e-36cbbf7d9b65,유단방앗간,방앗간,구룡포시장,전통시장,경상북도,3.0,3.0,,,RESOLVED_AGREEMENT,False,3,,,,
58020fe0a22c31ac7039,val,식자재,T2 동의어,q_식자재_05,방앗간,식료품 중 '식자재'를 판매·제공하는 매장,b55775d8-1ce9-4bbe-9ba8-9af9e871087b,정읍떡방앗간,방앗간,정읍샘고을시장,전통시장,전북특별자치도,3.0,3.0,,,RESOLVED_AGREEMENT,False,3,,,,
dd72c4de1199ba72e53e,val,식자재,T2 동의어,q_식자재_05,방앗간,식료품 중 '식자재'를 판매·제공하는 매장,f261bbf9-7643-44ec-be39-9be518c5a366,얼씨구떡방앗간,방앗간,여수진남시장,전통시장,전라남도,3.0,3.0,,,RESOLVED_AGREEMENT,False,3,,,,
ba53b9fd040b4dcc208b,val,식자재,T2 동의어,q_식자재_05,방앗간,식료품 중 '식자재'를 판매·제공하는 매장,8ba23851-2ec9-412e-9fd4-a107e5207e3a,삼익방앗간,방앗간,동림1 골목형상점가,골목형상점가,광주광역시,3.0,3.0,,,RESOLVED_AGREEMENT,False,3,,,,
50c2ef77aebc6d020aaf,val,식자재,T2 동의어,q_식자재_05,방앗간,식료품 중 '식자재'를 판매·제공하는 매장,0e224dee-e545-48f6-95af-5a197b33a076,경북식품,식용유,가락몰골목형상점가,골목형상점가,서울특별시,2.0,0.0,,,P1_BINARY_THRESHOLD,True,,,,,
30dda61cb0a7a08fe531,val,식자재,T2 동의어,q_식자재_05,방앗간,식료품 중 '식자재'를 판매·제공하는 매장,e1ffd067-9332-4880-bb95-83981d5e464f,운암방앗간,방앗간,북광주세무서 골목형상점가,골목형상점가,광주광역시,3.0,3.0,,,RESOLVED_AGREEMENT,False,3,,,,
e7a490e2f1df69d61422,val,식자재,T2 동의어,q_식자재_05,방앗간,식료품 중 '식자재'를 판매·제공하는 매장,0592f5f6-ae8d-491f-87e9-2021a00f4ae0,우리상회,곡물,상주중앙시장,전통시장,경상북도,2.0,3.0,,,P2_GRADED_ONLY,True,,,,,
a2a45c96e840748c5c6d,val,식자재,T2 동의어,q_식자재_05,방앗간,식료품 중 '식자재'를 판매·제공하는 매장,f6ab7ae0-ec00-44b2-904c-0505dd3eb93f,고각방앗간,방앗간,청주육거리종합시장,전통시장,충청북도,3.0,3.0,,,RESOLVED_AGREEMENT,False,3,,,,
8b096b11a333ce5d8d9f,val,식자재,T2 동의어,q_식자재_05,방앗간,식료품 중 '식자재'를 판매·제공하는 매장,4ba4ace0-7a53-4f78-9271-835adb0f7c31,가정반찬 방앗간,방앗간,익산장(구 북부장),전통시장,전북특별자치도,3.0,3.0,,,RESOLVED_AGREEMENT,False,3,,,,
685f6d830e685f1e8c0d,val,식자재,T2 동의어,q_식자재_05,방앗간,식료품 중 '식자재'를 판매·제공하는 매장,00e80339-1353-4885-81d7-0746a437abb2,포식 용인한숲시티점,쌀국수 돈까스 함박스테이크,남사한숲 골목형상점가,골목형상점가,경기도,2.0,3.0,,,P2_GRADED_ONLY,True,,,,,
0033ec02bffc205e224e,val,식자재,T2 동의어,q_식자재_05,방앗간,식료품 중 '식자재'를 판매·제공하는 매장,15d8719f-7870-47c2-90ac-334f3b2f1b77,중앙방앗간,방앗간,두암1동군왕로 골목형상점가,골목형상점가,광주광역시,3.0,3.0,,,RESOLVED_AGREEMENT,False,3,,,,
f13578601f23b4432ee7,val,식자재,T2 동의어,q_식자재_05,방앗간,식료품 중 '식자재'를 판매·제공하는 매장,d0046852-12f3-4bb1-8f6b-895de6fe1144,평동방앗간,방앗간,매포전통시장(매포재래시장),전통시장,충청북도,3.0,3.0,,,RESOLVED_AGREEMENT,False,3,,,,
475344b9acdb5886ad88,val,식자재,T2 동의어,q_식자재_05,방앗간,식료품 중 '식자재'를 판매·제공하는 매장,3f79a393-9238-477d-bda6-dd3c87c5fa6b,음성방앗간,방앗간,안양남부시장,전통시장,경기도,3.0,3.0,,,RESOLVED_AGREEMENT,False,3,,,,
fe6f326a84a853f3c36f,val,식자재,T2 동의어,q_식자재_05,방앗간,식료품 중 '식자재'를 판매·제공하는 매장,df0ef709-483a-4ec6-b5c8-5ba14a9ece50,장터한우국밥,국밥,부여중앙시장,전통시장,충청남도,0.0,0.0,,,RESOLVED_AGREEMENT,False,0,,,,
63acd27a86dec411cf76,val,식자재,T2 동의어,q_식자재_05,방앗간,식료품 중 '식자재'를 판매·제공하는 매장,464490e5-76e2-4f3c-9ba9-34772c9d8620,신흥방앗간,방앗간,간데메공원골목형상점가,골목형상점가,서울특별시,3.0,3.0,,,RESOLVED_AGREEMENT,False,3,,,,
5275d518a5ff15fa2d79,val,식자재,T2 동의어,q_식자재_05,방앗간,식료품 중 '식자재'를 판매·제공하는 매장,838cfa38-f9bb-4906-9ed3-2af7d2f30eac,대덕방앗간,방앗간,점촌전통시장,전통시장,경상북도,3.0,3.0,,,RESOLVED_AGREEMENT,False,3,,,,
7a14fb90076a8531831c,val,식자재,T2 동의어,q_식자재_05,방앗간,식료품 중 '식자재'를 판매·제공하는 매장,43752aa7-e0e7-4d18-87f4-4ba06260ae39,일등방앗간,방앗간,말바우시장,전통시장,광주광역시,3.0,3.0,,,RESOLVED_AGREEMENT,False,3,,,,
bbe1fd3f485b3bd4357f,val,식자재,T2 동의어,q_식자재_05,방앗간,식료품 중 '식자재'를 판매·제공하는 매장,04c905ba-3172-4ea4-a6dd-4345d674dea0,덕순이네,제조업(떡집),장터길 골목형상점가,골목형상점가,경기도,1.0,0.0,,,P2_GRADED_ONLY,True,,,,,
ecbf121e3780d8ef8042,val,식자재,T2 동의어,q_식자재_05,방앗간,식료품 중 '식자재'를 판매·제공하는 매장,247a0be1-3612-4b4d-91d2-339a60602c05,유창방앗간,방앗간,전남대 상대 골목형상점가,골목형상점가,광주광역시,3.0,3.0,,,RESOLVED_AGREEMENT,False,3,,,,
4e3d01175814cb79de91,val,식자재,T2 동의어,q_식자재_05,방앗간,식료품 중 '식자재'를 판매·제공하는 매장,01757e0a-7278-44bc-9fad-29595028ac3d,현대떡방앗간,방앗간,염매시장(의성중앙시장),전통시장,경상북도,3.0,3.0,,,RESOLVED_AGREEMENT,False,3,,,,
c54aeba5e196adc91035,val,식자재,T2 동의어,q_식자재_05,방앗간,식료품 중 '식자재'를 판매·제공하는 매장,9bb9259f-1475-4d67-b195-86378c3facb1,갤럭시음향,악기,낙원악기상가,전통시장,서울특별시,0.0,0.0,,,RESOLVED_AGREEMENT,False,0,,,,
d40fd8b25f1de139d1d1,val,식자재,T2 동의어,q_식자재_05,방앗간,식료품 중 '식자재'를 판매·제공하는 매장,26f93981-f010-4bee-a954-9c94eac91724,용궁방앗간,방앗간,국민시장,전통시장,부산광역시,3.0,3.0,,,RESOLVED_AGREEMENT,False,3,,,,
8492a7040ecf71ae027d,val,식자재,T2 동의어,q_식자재_05,방앗간,식료품 중 '식자재'를 판매·제공하는 매장,3de13697-57ea-483d-8e97-67c17de80722,부성 방앗간,,영산포 골목형상점가,골목형상점가,,3.0,3.0,,,RESOLVED_AGREEMENT,False,3,,,,
d08799ea7e37eebd2287,val,식자재,T2 동의어,q_식자재_05,방앗간,식료품 중 '식자재'를 판매·제공하는 매장,988673bb-9515-4a60-a243-03f2f1042ad1,화신방앗간,방앗간,점촌전통시장,전통시장,경상북도,3.0,3.0,,,RESOLVED_AGREEMENT,False,3,,,,
600a49465a0c80d515b7,val,식자재,T2 동의어,q_식자재_05,방앗간,식료품 중 '식자재'를 판매·제공하는 매장,00bf0e58-0696-472a-8a12-945c44dc9435,오복상회,쌀,백년시장(구 강북종합전통시장),전통시장,서울특별시,2.0,3.0,,,P2_GRADED_ONLY,True,,,,,
51c226a0714bc300b1b3,val,식자재,T2 동의어,q_식자재_05,방앗간,식료품 중 '식자재'를 판매·제공하는 매장,00eca8e7-b158-4572-b540-c241f4ad2546,거창상회,식자재,충무동 새벽시장,전통시장,부산광역시,2.0,3.0,,,P2_GRADED_ONLY,True,,,,,
58b7f4c174906a8328bc,val,식자재,T2 동의어,q_식자재_05,방앗간,식료품 중 '식자재'를 판매·제공하는 매장,034f637f-e1c0-4e3c-99a7-eb7c8deb055a,청풍상회,곡물,내토전통시장,전통시장,충청북도,2.0,3.0,,,P2_GRADED_ONLY,True,,,,,
a7df7d8e63c796abec09,val,식자재,T2 동의어,q_식자재_05,방앗간,식료품 중 '식자재'를 판매·제공하는 매장,044b74fa-bb37-480b-8d36-3f7676cf2fb4,영진상회,곡물,청주육거리종합시장,전통시장,충청북도,2.0,3.0,,,P2_GRADED_ONLY,True,,,,,
d19851c77ec8db30c465,val,식자재,T2 동의어,q_식자재_05,방앗간,식료품 중 '식자재'를 판매·제공하는 매장,01e4cef2-9c12-4be0-9c3e-5a09ab67f7f5,대명제유,"고추, 기름",의정부제일시장,전통시장,경기도,0.0,0.0,,,RESOLVED_AGREEMENT,False,0,,,,
f11bf236151eefd3b228,val,식자재,T2 동의어,q_식자재_05,방앗간,식료품 중 '식자재'를 판매·제공하는 매장,092868ef-cdbe-426a-8e04-c1862bac5076,익산바이오,식용유,세종전통시장,전통시장,세종특별자치시,2.0,0.0,,,P1_BINARY_THRESHOLD,True,,,,,
4e5bae5d943ae776afa6,val,식자재,T2 동의어,q_식자재_05,방앗간,식료품 중 '식자재'를 판매·제공하는 매장,9dbaefde-d8b9-4ef0-be69-15e54b5969db,목도방앗간,방앗간,목도시장,전통시장,충청북도,3.0,3.0,,,RESOLVED_AGREEMENT,False,3,,,,
6a29112f255479b2a4af,val,식자재,T2 동의어,q_식자재_05,방앗간,식료품 중 '식자재'를 판매·제공하는 매장,0f9da388-8ee4-45bf-b98b-be07ae0313a7,양촌방앗간,방앗간,도마큰시장,전통시장,대전광역시,3.0,3.0,,,RESOLVED_AGREEMENT,False,3,,,,
a452631f72397c667a22,val,식자재,T2 동의어,q_식자재_05,방앗간,식료품 중 '식자재'를 판매·제공하는 매장,d60b739a-6583-4dfb-b047-7d7f232dac33,소사방앗간,방앗간,소사종합시장,전통시장,경기도,3.0,3.0,,,RESOLVED_AGREEMENT,False,3,,,,
abc392b1a1d70577d283,val,식자재,T2 동의어,q_식자재_05,방앗간,식료품 중 '식자재'를 판매·제공하는 매장,2805f1bb-73e2-4933-b2e1-709f130d8264,더썬1149,여자용 겉옷 소매업,동산상가,전통시장,대구광역시,0.0,0.0,,,RESOLVED_AGREEMENT,False,0,,,,
70af1deab8bebf0c93ee,val,식자재,T2 동의어,q_식자재_05,방앗간,식료품 중 '식자재'를 판매·제공하는 매장,22264728-f38f-42a6-8dcd-7391e6225a81,동네 방앗간,방앗간,금부로상인회 골목형상점가,골목형상점가,광주광역시,3.0,3.0,,,RESOLVED_AGREEMENT,False,3,,,,
7fe46e9fad704cfd4246,val,식자재,T2 동의어,q_식자재_05,방앗간,식료품 중 '식자재'를 판매·제공하는 매장,2540357f-513b-4eac-ac9b-4537dd21b80a,월남방앗간,방앗간,청주육거리종합시장,전통시장,충청북도,3.0,3.0,,,RESOLVED_AGREEMENT,False,3,,,,
439ba7ba17b0dd812e83,val,식자재,T2 동의어,q_식자재_05,방앗간,식료품 중 '식자재'를 판매·제공하는 매장,52ae4977-6f8e-4b33-ba4a-2ca86c1819d0,화성방앗간,방앗간,장안마실골목형상점가,골목형상점가,서울특별시,3.0,3.0,,,RESOLVED_AGREEMENT,False,3,,,,
ee206743705fa66e701c,val,식자재,T2 동의어,q_식자재_05,방앗간,식료품 중 '식자재'를 판매·제공하는 매장,0b69c684-9b0b-490b-892e-9267cf4662a3,윤수참기름,식용유,진주 청과시장,전통시장,경상남도,2.0,3.0,,,P2_GRADED_ONLY,True,,,,,
50f89e6130497145551d,val,식자재,T2 동의어,q_식자재_05,방앗간,식료품 중 '식자재'를 판매·제공하는 매장,c1b24632-2314-40de-b016-e735b7dcd7e4,신반월방앗간,방앗간,여의동 골목형상점가,골목형상점가,전북특별자치도,3.0,3.0,,,RESOLVED_AGREEMENT,False,3,,,,
8e0b29adb9583a6d5271,val,식자재,T2 동의어,q_식자재_05,방앗간,식료품 중 '식자재'를 판매·제공하는 매장,00362b85-cb9a-4318-9059-12f768d76197,파리바게뜨전주인후점,제과점,소나무 골목형상점가,골목형상점가,전북특별자치도,1.0,0.0,,,P2_GRADED_ONLY,True,,,,,
26b27645d4810a983565,val,식자재,T2 동의어,q_식자재_05,방앗간,식료품 중 '식자재'를 판매·제공하는 매장,0b297b14-50a4-4af7-bafb-b147a9e22764,대화방앗간,방앗간,부평종합시장,전통시장,인천광역시,3.0,3.0,,,RESOLVED_AGREEMENT,False,3,,,,
5058d5920921faf9fc93,val,식자재,T2 동의어,q_식자재_05,방앗간,식료품 중 '식자재'를 판매·제공하는 매장,023b2cb4-7f9e-4b85-9888-474ee933954a,산척제유소,방앗간,충주자유시장,전통시장,충청북도,3.0,3.0,,,RESOLVED_AGREEMENT,False,3,,,,
5fa2e0cda9a4bb585ad4,val,식자재,T2 동의어,q_식자재_06,참기름,식료품 중 '식자재'를 판매·제공하는 매장,56db8ffa-c5a8-46c4-b2b1-6aa14c8ec7d7,신미참기름,참기름,웃장,전통시장,전라남도,3.0,3.0,,,RESOLVED_AGREEMENT,False,3,,,,
b6a207903d75341ac28f,val,식자재,T2 동의어,q_식자재_06,참기름,식료품 중 '식자재'를 판매·제공하는 매장,013444f9-7e9b-4640-84f0-43ac071ef57f,대림고추방아,"고추가루, 기름",부천강남시장,전통시장,경기도,0.0,0.0,,,RESOLVED_AGREEMENT,False,0,,,,
82a9e562c994a4ab9207,val,식자재,T2 동의어,q_식자재_06,참기름,식료품 중 '식자재'를 판매·제공하는 매장,bc6381b4-a050-40f0-a7e2-f368b3cfc0f0,복지참기름,참기름,동해종합시장,전통시장,경상북도,3.0,3.0,,,RESOLVED_AGREEMENT,False,3,,,,
7a15cf2fa469cfbb9cd8,val,식자재,T2 동의어,q_식자재_06,참기름,식료품 중 '식자재'를 판매·제공하는 매장,044b74fa-bb37-480b-8d36-3f7676cf2fb4,영진상회,곡물,청주육거리종합시장,전통시장,충청북도,2.0,3.0,,,P2_GRADED_ONLY,True,,,,,
d9d4e8b63d1a555178f2,val,식자재,T2 동의어,q_식자재_06,참기름,식료품 중 '식자재'를 판매·제공하는 매장,092868ef-cdbe-426a-8e04-c1862bac5076,익산바이오,식용유,세종전통시장,전통시장,세종특별자치시,2.0,0.0,,,P1_BINARY_THRESHOLD,True,,,,,
412b17db4943b185b83a,val,식자재,T2 동의어,q_식자재_06,참기름,식료품 중 '식자재'를 판매·제공하는 매장,03e3e424-656a-46ea-82b7-21bcc07cae47,초왕상회,"곡물, 농산물",전주남부시장,전통시장,전북특별자치도,2.0,3.0,,,P2_GRADED_ONLY,True,,,,,
ed24ebd66676e7af9453,val,식자재,T2 동의어,q_식자재_06,참기름,식료품 중 '식자재'를 판매·제공하는 매장,023c44ff-e8da-48ab-808b-570154c065e8,시장참기름,참기름,신녕공설시장,전통시장,경상북도,3.0,3.0,,,RESOLVED_AGREEMENT,False,3,,,,
a0a642700a6a4bc69514,val,식자재,T2 동의어,q_식자재_06,참기름,식료품 중 '식자재'를 판매·제공하는 매장,0e224dee-e545-48f6-95af-5a197b33a076,경북식품,식용유,가락몰골목형상점가,골목형상점가,서울특별시,2.0,0.0,,,P1_BINARY_THRESHOLD,True,,,,,
d8bb6b9d69406fc16d96,val,식자재,T2 동의어,q_식자재_06,참기름,식료품 중 '식자재'를 판매·제공하는 매장,d4b80fb6-65d8-4953-b652-e2f6dc2dcd3b,일왕참기름,참기름,진주 새서부시장,전통시장,경상남도,3.0,3.0,,,RESOLVED_AGREEMENT,False,3,,,,
2b3f2cd717a522d76db0,val,식자재,T2 동의어,q_식자재_06,참기름,식료품 중 '식자재'를 판매·제공하는 매장,0e55c547-1afc-4f0f-ba7b-e6f0e64ba894,신용참기름,참기름,영천공설시장,전통시장,경상북도,3.0,3.0,,,RESOLVED_AGREEMENT,False,3,,,,
fe1ec5dc8c4295fd19eb,val,식자재,T2 동의어,q_식자재_06,참기름,식료품 중 '식자재'를 판매·제공하는 매장,00bf0e58-0696-472a-8a12-945c44dc9435,오복상회,쌀,백년시장(구 강북종합전통시장),전통시장,서울특별시,2.0,3.0,,,P2_GRADED_ONLY,True,,,,,
36f7c5ff041c96dd3c1c,val,식자재,T2 동의어,q_식자재_06,참기름,식료품 중 '식자재'를 판매·제공하는 매장,00eca8e7-b158-4572-b540-c241f4ad2546,거창상회,식자재,충무동 새벽시장,전통시장,부산광역시,2.0,3.0,,,P2_GRADED_ONLY,True,,,,,
b4449029054f8a73dc8f,val,식자재,T2 동의어,q_식자재_06,참기름,식료품 중 '식자재'를 판매·제공하는 매장,f2382dea-5116-4ff2-8199-c4f1ec8608f8,쿵더쿵참기름,참기름,백운 대성시장 골목형상점가,골목형상점가,,3.0,3.0,,,RESOLVED_AGREEMENT,False,3,,,,
a4f1e9c8e1dab59892b7,val,식자재,T2 동의어,q_식자재_06,참기름,식료품 중 '식자재'를 판매·제공하는 매장,65514cf2-3bab-4bf1-8884-80ec20fe13b7,영광참기름,참기름,창녕 영산시장,전통시장,경상남도,3.0,3.0,,,RESOLVED_AGREEMENT,False,3,,,,
884c61d431b9e6cfa528,val,식자재,T2 동의어,q_식자재_06,참기름,식료품 중 '식자재'를 판매·제공하는 매장,00ec16f5-8b45-4af1-bb1b-6389f2412be8,수진식품,"참기름, 고추가루등",김해 진영전통시장,전통시장,경상남도,3.0,3.0,,,RESOLVED_AGREEMENT,False,3,,,,
8c0a3f5dd9baa40ebd54,val,식자재,T2 동의어,q_식자재_06,참기름,식료품 중 '식자재'를 판매·제공하는 매장,01a5f192-c482-46e3-8b58-5358216d0749,풍전기름집,참기름,화곡본동시장,전통시장,서울특별시,3.0,3.0,,,RESOLVED_AGREEMENT,False,3,,,,
2199e7f260f91f801fd8,val,식자재,T2 동의어,q_식자재_06,참기름,식료품 중 '식자재'를 판매·제공하는 매장,8772d58d-0307-41eb-b7c9-9b848b165155,봉황참기름,참기름,부곡시장,전통시장,부산광역시,3.0,3.0,,,RESOLVED_AGREEMENT,False,3,,,,
8902d8f24fb46d0a17c2,val,식자재,T2 동의어,q_식자재_06,참기름,식료품 중 '식자재'를 판매·제공하는 매장,14a70aa0-014e-49b7-b251-0afe76215050,충현쌀참기름,참기름,장충남소영길 골목형상점가,골목형상점가,서울특별시,3.0,3.0,,,RESOLVED_AGREEMENT,False,3,,,,
8dfb8b21d84c602c5a16,val,식자재,T2 동의어,q_식자재_06,참기름,식료품 중 '식자재'를 판매·제공하는 매장,7a151006-6355-4ecb-be9d-55f7bc5a105d,협농참기름,참기름,신평리시장,전통시장,대구광역시,3.0,3.0,,,RESOLVED_AGREEMENT,False,3,,,,
9ec3cd691154c1042e13,val,식자재,T2 동의어,q_식자재_06,참기름,식료품 중 '식자재'를 판매·제공하는 매장,5330ea33-d4b0-4d62-8d06-6c879ec017fb,케이제이헤어(KJ hair),,관저상가 골목형상점가,골목형상점가,대전광역시,0.0,0.0,,,RESOLVED_AGREEMENT,False,0,,,,
729e21244361fc46dcfe,val,식자재,T2 동의어,q_식자재_06,참기름,식료품 중 '식자재'를 판매·제공하는 매장,bcbef740-94e1-4c31-862a-5337a2414f51,무등참기름,참기름,용대로119번길 골목형상점가,골목형상점가,광주광역시,3.0,3.0,,,RESOLVED_AGREEMENT,False,3,,,,
17521616b06e2a445f93,val,식자재,T2 동의어,q_식자재_06,참기름,식료품 중 '식자재'를 판매·제공하는 매장,0017714f-cbac-4f85-a148-338ddcefe41c,유수담,"쌀, 계란, 신선식품",익산북부시장,전통시장,전북특별자치도,2.0,3.0,,,P2_GRADED_ONLY,True,,,,,
423ae7232c552df79028,val,식자재,T2 동의어,q_식자재_06,참기름,식료품 중 '식자재'를 판매·제공하는 매장,d90ac1a9-fe12-49b6-8487-bf55de49f5e7,아카루이,라멘,방배역먹자골목 골목형상점가,골목형상점가,서울특별시,0.0,0.0,,,RESOLVED_AGREEMENT,False,0,,,,
e044216f29af76c79913,val,식자재,T2 동의어,q_식자재_06,참기름,식료품 중 '식자재'를 판매·제공하는 매장,f13b39f5-33bd-4daa-8477-f5b2f46568d0,야음참기름,참기름,울산번개시장,전통시장,울산광역시,3.0,3.0,,,RESOLVED_AGREEMENT,False,3,,,,
83f196e25c622a7ffdc2,val,식자재,T2 동의어,q_식자재_06,참기름,식료품 중 '식자재'를 판매·제공하는 매장,034f637f-e1c0-4e3c-99a7-eb7c8deb055a,청풍상회,곡물,내토전통시장,전통시장,충청북도,2.0,3.0,,,P2_GRADED_ONLY,True,,,,,
c1d03f6245a61ba42493,val,식자재,T2 동의어,q_식자재_06,참기름,식료품 중 '식자재'를 판매·제공하는 매장,866ddcd2-3c73-4866-aa17-2cfa251a6c74,매일참기름,참기름,효자시장,전통시장,경상북도,3.0,3.0,,,RESOLVED_AGREEMENT,False,3,,,,
f7232b6347ae8bc271b3,val,식자재,T2 동의어,q_식자재_06,참기름,식료품 중 '식자재'를 판매·제공하는 매장,53dad32d-200e-4d93-9931-971c07dbf0d2,복음참기름,참기름,㈜신정시장,전통시장,울산광역시,3.0,3.0,,,RESOLVED_AGREEMENT,False,3,,,,
f2243566a15381cbe778,val,식자재,T2 동의어,q_식자재_06,참기름,식료품 중 '식자재'를 판매·제공하는 매장,69aa8ee2-777e-4128-a37e-a51756b19e07,조은참기름,참기름,양동시장,전통시장,광주광역시,3.0,3.0,,,RESOLVED_AGREEMENT,False,3,,,,
f4e43a4bad6625003f97,val,식자재,T2 동의어,q_식자재_06,참기름,식료품 중 '식자재'를 판매·제공하는 매장,eb59f0a6-ede5-4d9e-adc3-4672a243a563,대흥참기름,참기름,안강공설시장,전통시장,경상북도,3.0,3.0,,,RESOLVED_AGREEMENT,False,3,,,,
582b030c9a1f33885b2c,val,식자재,T2 동의어,q_식자재_06,참기름,식료품 중 '식자재'를 판매·제공하는 매장,b5277c20-77ca-4fe8-b23d-525a065aa887,대경참기름,참기름,번개시장,전통시장,대구광역시,3.0,3.0,,,RESOLVED_AGREEMENT,False,3,,,,
98bf8014a92e90bb05b7,val,식자재,T2 동의어,q_식자재_06,참기름,식료품 중 '식자재'를 판매·제공하는 매장,ae1d33ae-4aa6-427b-9c31-a2265ca2263f,꼬꼬아찌 숯불치킨,치킨,누리 골목형상점가,골목형상점가,경기도,0.0,0.0,,,RESOLVED_AGREEMENT,False,0,,,,
39b032c2e6bd72bf0f53,val,식자재,T2 동의어,q_식자재_06,참기름,식료품 중 '식자재'를 판매·제공하는 매장,008d07a3-ba18-4806-9ec7-48c0adb25276,아빠네 빵집,제과제빵,신창수문 골목형상점가,골목형상점가,광주광역시,1.0,0.0,,,P2_GRADED_ONLY,True,,,,,
437199b1634d3e5f514b,val,식자재,T2 동의어,q_식자재_06,참기름,식료품 중 '식자재'를 판매·제공하는 매장,0b69c684-9b0b-490b-892e-9267cf4662a3,윤수참기름,식용유,진주 청과시장,전통시장,경상남도,2.0,3.0,,,P2_GRADED_ONLY,True,,,,,
b446515cba216319ebfb,val,식자재,T2 동의어,q_식자재_06,참기름,식료품 중 '식자재'를 판매·제공하는 매장,f6a1ac9c-065f-4061-8022-ff300d475cd3,장량참기름,참기름,장량성도시장,전통시장,경상북도,3.0,3.0,,,RESOLVED_AGREEMENT,False,3,,,,
8725743a56f3848c7cc2,val,식자재,T2 동의어,q_식자재_06,참기름,식료품 중 '식자재'를 판매·제공하는 매장,d5abfa4f-7fee-469c-914a-291e6a341ad5,부민참기름,참기름,경주성동공설시장,전통시장,경상북도,3.0,3.0,,,RESOLVED_AGREEMENT,False,3,,,,
b85480249b627ab17261,val,식자재,T2 동의어,q_식자재_06,참기름,식료품 중 '식자재'를 판매·제공하는 매장,53401ef1-42ce-4bfa-9b75-5a0d6f5f2521,대구참기름,참기름,북촌계동길골목형상점가,골목형상점가,서울특별시,3.0,3.0,,,RESOLVED_AGREEMENT,False,3,,,,
01c34fbc20de97d24145,val,식자재,T2 동의어,q_식자재_06,참기름,식료품 중 '식자재'를 판매·제공하는 매장,0061123f-a676-4556-9633-5fbc4ecaf6ef,치즈케익카스테라카페,제과,북가좌동 골목형상점가,골목형상점가,서울특별시,1.0,0.0,,,P2_GRADED_ONLY,True,,,,,
41488069820429a279a8,val,식자재,T2 동의어,q_식자재_06,참기름,식료품 중 '식자재'를 판매·제공하는 매장,2ea37bd9-4cf0-4c42-a175-a5f7b6affeaf,골목참기름,참기름,하양꿈바우시장,전통시장,경상북도,3.0,3.0,,,RESOLVED_AGREEMENT,False,3,,,,
8c581215436c73076dcb,val,식자재,T2 동의어,q_식자재_06,참기름,식료품 중 '식자재'를 판매·제공하는 매장,2bbc0120-0779-41fe-9e05-c22824e042e2,영덕참기름,참기름,안강공설시장,전통시장,경상북도,3.0,3.0,,,RESOLVED_AGREEMENT,False,3,,,,
5d9b5a0d40e8cae5efe3,val,식자재,T2 동의어,q_식자재_06,참기름,식료품 중 '식자재'를 판매·제공하는 매장,023e47e8-7973-4e3d-95f3-f6bf168360f0,(주)동양종합유통,식자재,양동건어물시장,전통시장,광주광역시,2.0,3.0,,,P2_GRADED_ONLY,True,,,,,
6ab9f709f1c099cfa71a,val,식자재,T2 동의어,q_식자재_06,참기름,식료품 중 '식자재'를 판매·제공하는 매장,ce5c09d2-40f2-46a3-a4ed-e2a80b663b72,형제참기름,참기름,무진중오거리 골목형상점가,골목형상점가,광주광역시,3.0,3.0,,,RESOLVED_AGREEMENT,False,3,,,,
04f1944d85df62973481,val,식자재,T2 동의어,q_식자재_06,참기름,식료품 중 '식자재'를 판매·제공하는 매장,cd9b296e-ef19-471b-943b-7690f536da7f,대광참기름,참기름,번개시장,전통시장,대구광역시,3.0,3.0,,,RESOLVED_AGREEMENT,False,3,,,,
32f85d998d6bf6875f7e,val,식자재,T2 동의어,q_식자재_06,참기름,식료품 중 '식자재'를 판매·제공하는 매장,f0f6e270-7c10-4e2f-80a2-018b45d13aee,금빛 참기름,참기름,수유재래시장,전통시장,서울특별시,3.0,3.0,,,RESOLVED_AGREEMENT,False,3,,,,
9a28cc1f5e947c22199b,val,식자재,T2 동의어,q_식자재_06,참기름,식료품 중 '식자재'를 판매·제공하는 매장,352d7a4b-debf-472a-a896-a78bd8ebf1ae,성훈참기름,참기름,영일대북부시장(구 북부시장),전통시장,경상북도,3.0,3.0,,,RESOLVED_AGREEMENT,False,3,,,,
649683e4fb99a290c5ab,val,식자재,T2 동의어,q_식자재_06,참기름,식료품 중 '식자재'를 판매·제공하는 매장,ef0d3a09-da7c-4f68-b7c3-5172234774b0,기봉참기름,참기름,안강공설시장,전통시장,경상북도,3.0,3.0,,,RESOLVED_AGREEMENT,False,3,,,,
6685557ae6af07cbee6c,val,식자재,T2 동의어,q_식자재_06,참기름,식료품 중 '식자재'를 판매·제공하는 매장,f7e514da-5f46-4bab-a9b5-b48179dea928,태왕참기름,참기름,진주 청과시장,전통시장,경상남도,3.0,3.0,,,RESOLVED_AGREEMENT,False,3,,,,
803d3ed8da86799a1c31,val,식자재,T2 동의어,q_식자재_06,참기름,식료품 중 '식자재'를 판매·제공하는 매장,015915e3-2542-4245-b627-0c775b4c5501,한내떡집,,거제 고현시장,전통시장,경상남도,1.0,0.0,,,P2_GRADED_ONLY,True,,,,,
decbf48b8821d4a2fd2a,val,식자재,T2 동의어,q_식자재_06,참기름,식료품 중 '식자재'를 판매·제공하는 매장,d9cb9486-1a3e-4b77-b86d-8cda507fc456,해금참기름,참기름,번개시장,전통시장,대구광역시,3.0,3.0,,,RESOLVED_AGREEMENT,False,3,,,,
736966043a7ed5e01734,val,식자재,T2 동의어,q_식자재_06,참기름,식료품 중 '식자재'를 판매·제공하는 매장,38937e9e-18cb-417f-97e5-45716a126b1f,대영참기름,참기름,㈜신정시장,전통시장,울산광역시,3.0,3.0,,,RESOLVED_AGREEMENT,False,3,,,,
f8291e2892ae39f688d0,val,식자재,T2 동의어,q_식자재_06,참기름,식료품 중 '식자재'를 판매·제공하는 매장,49f69a54-e7ca-4178-9e6b-bf960be19c3d,하나참기름,참기름,청학시장,전통시장,부산광역시,3.0,3.0,,,RESOLVED_AGREEMENT,False,3,,,,
4cf00e86e55b1c90e6ee,val,식자재,T2 동의어,q_식자재_06,참기름,식료품 중 '식자재'를 판매·제공하는 매장,005313c8-dce8-49b6-9841-9143ebb1305a,동원떡집,,박달시장,전통시장,경기도,1.0,0.0,,,P2_GRADED_ONLY,True,,,,,
753581cda5694f80884b,val,식자재,T2 동의어,q_식자재_06,참기름,식료품 중 '식자재'를 판매·제공하는 매장,560ed06b-2a6a-4e92-86c8-e7a950cb0955,영덕참기름,참기름,대송시장,전통시장,울산광역시,3.0,3.0,,,RESOLVED_AGREEMENT,False,3,,,,
119746d460a2cd6934d3,val,식자재,T2 동의어,q_식자재_06,참기름,식료품 중 '식자재'를 판매·제공하는 매장,0b8ef6dc-2f6b-4707-bd73-529122d9c97a,하단떡집,떡집,하단오일상설시장,전통시장,부산광역시,1.0,0.0,,,P2_GRADED_ONLY,True,,,,,
d30257c696ea57f3b145,val,식자재,T2 동의어,q_식자재_06,참기름,식료품 중 '식자재'를 판매·제공하는 매장,ece60893-1d8a-4c0c-9439-64a7f28a35f3,수연참기름,참기름,신매시장,전통시장,대구광역시,3.0,3.0,,,RESOLVED_AGREEMENT,False,3,,,,
83f50819f14d44b5fce0,val,식자재,T2 동의어,q_식자재_06,참기름,식료품 중 '식자재'를 판매·제공하는 매장,11662bbd-9509-453a-adf4-6b4f50558d68,풍작참기름,참기름,다운장 골목형상점가,골목형상점가,울산광역시,3.0,3.0,,,RESOLVED_AGREEMENT,False,3,,,,
643bd0a25525a09cf1a1,val,식자재,T2 동의어,q_식자재_06,참기름,식료품 중 '식자재'를 판매·제공하는 매장,0592f5f6-ae8d-491f-87e9-2021a00f4ae0,우리상회,곡물,상주중앙시장,전통시장,경상북도,2.0,3.0,,,P2_GRADED_ONLY,True,,,,,
f3bee99ecffc06b3a896,val,식자재,T2 동의어,q_식자재_06,참기름,식료품 중 '식자재'를 판매·제공하는 매장,45012b43-013c-427c-9b70-bba906f8600c,서부참기름,참기름,동대구역전시장,전통시장,대구광역시,3.0,3.0,,,RESOLVED_AGREEMENT,False,3,,,,
89d74b63c376e02ff495,val,식자재,T2 동의어,q_식자재_06,참기름,식료품 중 '식자재'를 판매·제공하는 매장,2bb6d501-0966-4b1d-a202-a50e119ab122,형보 참기름,참기름,한라종합시장,전통시장,경상북도,3.0,3.0,,,RESOLVED_AGREEMENT,False,3,,,,
70b6f2bbe4a26c61bd17,val,식자재,T2 동의어,q_식자재_06,참기름,식료품 중 '식자재'를 판매·제공하는 매장,c06c2932-4c84-45a2-ba0f-8e8d66dad3d1,숙이참기름,참기름,창녕 남지시장,전통시장,경상남도,3.0,3.0,,,RESOLVED_AGREEMENT,False,3,,,,
b80cb318a8d2031bf528,val,식자재,T2 동의어,q_식자재_06,참기름,식료품 중 '식자재'를 판매·제공하는 매장,325815f1-46b3-462c-9e3e-6c5de1ef6dfb,경주참기름,참기름,전하시장,전통시장,울산광역시,3.0,3.0,,,RESOLVED_AGREEMENT,False,3,,,,
81e79b3b13d27c966f97,val,식자재,T2 동의어,q_식자재_06,참기름,식료품 중 '식자재'를 판매·제공하는 매장,42a23bdb-8f6d-4be2-a4f4-2b9e17f924c5,창녕장터참기름,참기름,창녕전통시장,전통시장,경상남도,3.0,3.0,,,RESOLVED_AGREEMENT,False,3,,,,
a92037061eda3d89514c,val,식자재,T2 동의어,q_식자재_06,참기름,식료품 중 '식자재'를 판매·제공하는 매장,caf850a9-13e4-4b02-a261-117876896d44,남양참기름,참기름,성북시장,전통시장,부산광역시,3.0,3.0,,,RESOLVED_AGREEMENT,False,3,,,,
aa4ca1c7079bf1c3a668,val,식자재,T2 동의어,q_식자재_06,참기름,식료품 중 '식자재'를 판매·제공하는 매장,00fea2e0-f294-46b6-af68-655475e888be,동양유통,"곡물, 식자재",김해새벽시장,기타,경상남도,2.0,3.0,,,P2_GRADED_ONLY,True,,,,,
573f54242ab4c934f7ea,val,식자재,T2 동의어,q_식자재_06,참기름,식료품 중 '식자재'를 판매·제공하는 매장,06bbe239-5774-4794-91c3-b45901659200,성진상회,식용유,고성시장,전통시장,경상남도,2.0,3.0,,,P2_GRADED_ONLY,True,,,,,
6cb76881b064c0635baf,val,식자재,T2 동의어,q_식자재_06,참기름,식료품 중 '식자재'를 판매·제공하는 매장,933cd278-4df9-414f-b745-385ed18c2faa,신진참기름,참기름,안강공설시장,전통시장,경상북도,3.0,3.0,,,RESOLVED_AGREEMENT,False,3,,,,
c560c125545392f29858,val,식자재,T2 동의어,q_식자재_06,참기름,식료품 중 '식자재'를 판매·제공하는 매장,64917f73-262f-4921-9c22-3d1c42a2ef83,경산참기름,참기름,경산공설시장,전통시장,경상북도,3.0,3.0,,,RESOLVED_AGREEMENT,False,3,,,,
52f92737c1987bb86fcb,val,식자재,T2 동의어,q_식자재_06,참기름,식료품 중 '식자재'를 판매·제공하는 매장,56beebc4-46d9-45ff-ba84-6219c5ac5115,동언상회,참기름,김해 동상전통시장,전통시장,경상남도,3.0,3.0,,,RESOLVED_AGREEMENT,False,3,,,,
eed8314edb5000302c6d,val,식자재,T2 동의어,q_식자재_06,참기름,식료품 중 '식자재'를 판매·제공하는 매장,01859206-536a-40a7-be1e-c8610663a665,동원참기름,참기름,안강공설시장,전통시장,경상북도,3.0,3.0,,,RESOLVED_AGREEMENT,False,3,,,,
364f76527cb22068d262,val,식자재,T2 동의어,q_식자재_06,참기름,식료품 중 '식자재'를 판매·제공하는 매장,7af43c30-205b-4b40-9c75-49c25098a730,덕하참기름,참기름,덕신1차시장,전통시장,울산광역시,3.0,3.0,,,RESOLVED_AGREEMENT,False,3,,,,
60c9a4285e037ba479f9,val,식자재,T2 동의어,q_식자재_06,참기름,식료품 중 '식자재'를 판매·제공하는 매장,8f38fc51-aaf2-458f-841f-af2b3f933f1b,독수리,소매(일반소매업),남대문시장,전통시장,서울특별시,0.0,0.0,,,RESOLVED_AGREEMENT,False,0,,,,
85eb584039a0301267e1,val,식자재,T2 동의어,q_식자재_06,참기름,식료품 중 '식자재'를 판매·제공하는 매장,6b58ff67-8cb5-46c1-951b-a35c8ace8cf0,집현참기름,참기름,진주 논개시장,전통시장,경상남도,3.0,3.0,,,RESOLVED_AGREEMENT,False,3,,,,
424bc19281ec8ddafbad,val,식자재,T2 동의어,q_식자재_06,참기름,식료품 중 '식자재'를 판매·제공하는 매장,795a2bf1-a5c7-4277-8840-71681b547780,북신참기름,참기름,통영 북신전통시장,전통시장,경상남도,3.0,3.0,,,RESOLVED_AGREEMENT,False,3,,,,
ce814ac8a7869c42f350,val,식자재,T2 동의어,q_식자재_06,참기름,식료품 중 '식자재'를 판매·제공하는 매장,7b13e943-36fc-4eca-8b7f-9aa7b054e7fe,손가네 참기름,참기름,안강공설시장,전통시장,경상북도,3.0,3.0,,,RESOLVED_AGREEMENT,False,3,,,,
12cdc7776254e481e76a,val,식자재,T2 동의어,q_식자재_06,참기름,식료품 중 '식자재'를 판매·제공하는 매장,011f646c-0d2f-4770-a90e-d5d39e580d38,올 푸드,식자재,두암시장,전통시장,광주광역시,2.0,3.0,,,P2_GRADED_ONLY,True,,,,,
9192d0d7289b67b19d76,val,식자재,T2 동의어,q_식자재_06,참기름,식료품 중 '식자재'를 판매·제공하는 매장,f4c35116-5e35-4121-a58c-01d9af8c96cb,일선참기름,참기름,삼성시장,전통시장,대구광역시,3.0,3.0,,,RESOLVED_AGREEMENT,False,3,,,,
d59f8ed2e15a37e231b8,val,식자재,T2 동의어,q_식자재_06,참기름,식료품 중 '식자재'를 판매·제공하는 매장,4ed54fed-b09a-4be5-b645-7172c4e20b62,신참기름,참기름,안강공설시장,전통시장,경상북도,3.0,3.0,,,RESOLVED_AGREEMENT,False,3,,,,
bd8d0e1253873d18ecc6,val,식자재,T2 동의어,q_식자재_06,참기름,식료품 중 '식자재'를 판매·제공하는 매장,ac31c1f7-f16d-4aaa-99b4-cc8f016f5b09,신토참기름,참기름,덕신1차시장,전통시장,울산광역시,3.0,3.0,,,RESOLVED_AGREEMENT,False,3,,,,
17b444acf42a7d57137b,val,식자재,T2 동의어,q_식자재_06,참기름,식료품 중 '식자재'를 판매·제공하는 매장,023b2cb4-7f9e-4b85-9888-474ee933954a,산척제유소,방앗간,충주자유시장,전통시장,충청북도,3.0,3.0,,,RESOLVED_AGREEMENT,False,3,,,,
36d2d1d251f777d3f6ed,val,식자재,T2 동의어,q_식자재_06,참기름,식료품 중 '식자재'를 판매·제공하는 매장,00e80339-1353-4885-81d7-0746a437abb2,포식 용인한숲시티점,쌀국수 돈까스 함박스테이크,남사한숲 골목형상점가,골목형상점가,경기도,2.0,3.0,,,P2_GRADED_ONLY,True,,,,,
f702c4174c5296100543,val,식자재,T2 동의어,q_식자재_06,참기름,식료품 중 '식자재'를 판매·제공하는 매장,0f86d413-2d58-45d0-95b4-ce507e166250,세컨드코너,음식(햄버거),안성맞춤시장,전통시장,경기도,0.0,0.0,,,RESOLVED_AGREEMENT,False,0,,,,
3b8a7c7d7bfb5285959d,val,식자재,T2 동의어,q_식자재_06,참기름,식료품 중 '식자재'를 판매·제공하는 매장,f85b5f8e-c47e-495d-8c3b-5578a70f0a4d,선산참기름,참기름,선산봉황시장(구 선산종합시장),전통시장,경상북도,3.0,3.0,,,RESOLVED_AGREEMENT,False,3,,,,
af0f4ee8f394caecf227,val,식자재,T2 동의어,q_식자재_06,참기름,식료품 중 '식자재'를 판매·제공하는 매장,cdb950f6-78fd-4617-9fe1-01257ab76507,제일참기름,참기름,구미인동시장,전통시장,경상북도,3.0,3.0,,,RESOLVED_AGREEMENT,False,3,,,,
70ea28d45d9868129f87,val,식자재,T2 동의어,q_식자재_06,참기름,식료품 중 '식자재'를 판매·제공하는 매장,1db6fa26-4f9c-41ea-a27d-cf4f93ab1dcd,남해참기름,참기름,밀양 아리랑시장,전통시장,경상남도,3.0,3.0,,,RESOLVED_AGREEMENT,False,3,,,,
1eb7cc42c8572d2aeeee,val,식자재,T2 동의어,q_식자재_06,참기름,식료품 중 '식자재'를 판매·제공하는 매장,20bcdecc-6978-4f4d-86c5-d22cb0afb1e9,충남참기름,참기름,공덕시장,전통시장,서울특별시,3.0,3.0,,,RESOLVED_AGREEMENT,False,3,,,,
fc048480eab41e998d7b,val,식자재,T2 동의어,q_식자재_06,참기름,식료품 중 '식자재'를 판매·제공하는 매장,00362b85-cb9a-4318-9059-12f768d76197,파리바게뜨전주인후점,제과점,소나무 골목형상점가,골목형상점가,전북특별자치도,1.0,0.0,,,P2_GRADED_ONLY,True,,,,,
731e619479751a0e44db,val,식자재,T2 동의어,q_식자재_06,참기름,식료품 중 '식자재'를 판매·제공하는 매장,fba520e7-43a7-4151-bd1c-a9f4c1473251,유명참기름,참기름,왜관시장,전통시장,경상북도,3.0,3.0,,,RESOLVED_AGREEMENT,False,3,,,,
7db8bbec58f0715da8c3,val,식자재,T2 동의어,q_식자재_06,참기름,식료품 중 '식자재'를 판매·제공하는 매장,021bf03c-8b83-4288-89c5-15a4a162142b,신선식품,식자재,사천읍시장,전통시장,경상남도,2.0,3.0,,,P2_GRADED_ONLY,True,,,,,
289650042a1dfe416c8e,val,식자재,T2 동의어,q_식자재_06,참기름,식료품 중 '식자재'를 판매·제공하는 매장,02223ab5-044d-40ad-8cc7-838ed325ada0,상옥쌀상회,쌀,영일대북부시장(구 북부시장),전통시장,경상북도,2.0,3.0,,,P2_GRADED_ONLY,True,,,,,
41b8b783899a1bdca3e2,val,식자재,T2 동의어,q_식자재_06,참기름,식료품 중 '식자재'를 판매·제공하는 매장,c54ff01d-fa07-4e13-ad1a-a71700c28f3a,협농즉석참기름,참기름,선산봉황시장(구 선산종합시장),전통시장,경상북도,3.0,3.0,,,RESOLVED_AGREEMENT,False,3,,,,
08bd65c1943b40d702c8,val,식자재,T2 동의어,q_식자재_06,참기름,식료품 중 '식자재'를 판매·제공하는 매장,6b050061-13ac-40b3-99e6-833df3ea2a0f,김천참기름,참기름,장미원골목시장,전통시장,서울특별시,3.0,3.0,,,RESOLVED_AGREEMENT,False,3,,,,
85da6240a26d91470984,val,식자재,T2 동의어,q_식자재_06,참기름,식료품 중 '식자재'를 판매·제공하는 매장,a303e39d-dda5-4586-ba27-58552ac41f7e,삼양수선,의복수선,금남지하도상가2공구,일반지하상점가,광주광역시,0.0,0.0,,,RESOLVED_AGREEMENT,False,0,,,,
bf133a197097754cb593,val,식자재,T2 동의어,q_식자재_06,참기름,식료품 중 '식자재'를 판매·제공하는 매장,dbb20618-50f7-4379-9ba7-d972fdf0cc5f,보문참기름,참기름,신매시장,전통시장,대구광역시,3.0,3.0,,,RESOLVED_AGREEMENT,False,3,,,,
cde9d0cb84972f95736d,val,식자재,T2 동의어,q_식자재_06,참기름,식료품 중 '식자재'를 판매·제공하는 매장,96fb064b-dc7d-4afa-8a17-2c8f84666089,두호참기름,참기름,두호1시장,전통시장,경상북도,3.0,3.0,,,RESOLVED_AGREEMENT,False,3,,,,
4a32fca043622a6b82e7,val,식자재,T2 동의어,q_식자재_06,참기름,식료품 중 '식자재'를 판매·제공하는 매장,d179276d-3009-4824-8411-d40a9348cd5f,동래참기름,참기름,동래시장,전통시장,부산광역시,3.0,3.0,,,RESOLVED_AGREEMENT,False,3,,,,
3638413c1993c1515243,val,식자재,T2 동의어,q_식자재_06,참기름,식료품 중 '식자재'를 판매·제공하는 매장,cfa82053-ab35-4264-ad08-4f58fac88c1a,제일참기름,참기름,수유전통시장(구 수유골목시장),전통시장,서울특별시,3.0,3.0,,,RESOLVED_AGREEMENT,False,3,,,,
28536fb3c0e8ea117b51,val,식자재,T2 동의어,q_식자재_06,참기름,식료품 중 '식자재'를 판매·제공하는 매장,84f82409-fad5-4cb2-b44c-954ec0e4a9fb,우리수산,수산물,대천항수산시장,전통시장,충청남도,0.0,2.0,,,P1_BINARY_THRESHOLD,True,,,,,
9d9bd18dcb0c9a21b821,val,식자재,T2 동의어,q_식자재_06,참기름,식료품 중 '식자재'를 판매·제공하는 매장,00e30e5a-4662-4e65-9b6c-dd704886f1af,믿음떡집,떡방앗간,문창시장,전통시장,대전광역시,3.0,3.0,,,RESOLVED_AGREEMENT,False,3,,,,
cfe0f0fc4d9db047ee47,val,식자재,T2 동의어,q_식자재_06,참기름,식료품 중 '식자재'를 판매·제공하는 매장,022ece99-80e4-453c-91c0-f46f8527e7ab,구즉방아간,방앗간,송강전통시장,전통시장,대전광역시,3.0,3.0,,,RESOLVED_AGREEMENT,False,3,,,,
dfb72e362325159b9d33,val,식자재,T2 동의어,q_식자재_06,참기름,식료품 중 '식자재'를 판매·제공하는 매장,04c905ba-3172-4ea4-a6dd-4345d674dea0,덕순이네,제조업(떡집),장터길 골목형상점가,골목형상점가,경기도,1.0,0.0,,,P2_GRADED_ONLY,True,,,,,
742921ecfb00813de24c,val,식자재,T2 동의어,q_식자재_06,참기름,식료품 중 '식자재'를 판매·제공하는 매장,8c9f9397-e2d7-4185-a280-7890f383a475,충무참기름,참기름,통영중앙전통시장,전통시장,경상남도,3.0,3.0,,,RESOLVED_AGREEMENT,False,3,,,,
4534b22ef5701685a726,val,식자재,T2 동의어,q_식자재_06,참기름,식료품 중 '식자재'를 판매·제공하는 매장,158c836c-db6d-4bef-83d4-4efb28ec1413,단골참기름,참기름,밀양 내일전통시장,전통시장,경상남도,3.0,3.0,,,RESOLVED_AGREEMENT,False,3,,,,
5b689187e12f4233bd19,val,식자재,T2 동의어,q_식자재_06,참기름,식료품 중 '식자재'를 판매·제공하는 매장,002d0d06-15b2-463e-b789-b0232bcc6681,뚜레주르버들마을점,제과,버들마을상인회 골목형상점가,골목형상점가,광주광역시,1.0,0.0,,,P2_GRADED_ONLY,True,,,,,
3d244135377db06ca410,val,식자재,T2 동의어,q_식자재_06,참기름,식료품 중 '식자재'를 판매·제공하는 매장,01e4cef2-9c12-4be0-9c3e-5a09ab67f7f5,대명제유,"고추, 기름",의정부제일시장,전통시장,경기도,0.0,0.0,,,RESOLVED_AGREEMENT,False,0,,,,
3a7602d67b0e067af58e,val,식자재,T2 동의어,q_식자재_06,참기름,식료품 중 '식자재'를 판매·제공하는 매장,31477e34-0814-4786-8777-2554bcea1d81,착한분식,분식,매곡동 골목형상점가,골목형상점가,광주광역시,0.0,0.0,,,RESOLVED_AGREEMENT,False,0,,,,
a71575bbce65eba75a39,val,식자재,T2 동의어,q_식자재_06,참기름,식료품 중 '식자재'를 판매·제공하는 매장,433875de-87c5-4dfd-9589-84542ad99bc9,만나참기름,참기름,성수역골목형상점가,골목형상점가,서울특별시,3.0,3.0,,,RESOLVED_AGREEMENT,False,3,,,,
8bd49d5cd42d9f4a5fbf,val,식자재,T2 동의어,q_식자재_06,참기름,식료품 중 '식자재'를 판매·제공하는 매장,ea490544-8d8b-4d44-b503-d42e7476124a,남목참기름,참기름,남목전통시장,전통시장,울산광역시,3.0,3.0,,,RESOLVED_AGREEMENT,False,3,,,,
9ab7f7af6d7ac699a9c7,val,식자재,T2 동의어,q_식자재_06,참기름,식료품 중 '식자재'를 판매·제공하는 매장,8bc21103-bc02-4f1f-8cd9-c8d5383a64eb,백운참기름,참기름,백운 대성시장 골목형상점가,골목형상점가,광주광역시,3.0,3.0,,,RESOLVED_AGREEMENT,False,3,,,,
b40f00dd9880185abfb3,val,식자재,T2 동의어,q_식자재_06,참기름,식료품 중 '식자재'를 판매·제공하는 매장,001961d9-cb5d-40bc-903a-33d483f7d132,헬씨스탠다드,"건강기능식품, 쌀, 견과류, 약재",응암소담길 골목형상점가,골목형상점가,서울특별시,2.0,3.0,,,P2_GRADED_ONLY,True,,,,,
4c7ebea7425a8fb89616,val,식자재,T2 동의어,q_식자재_06,참기름,식료품 중 '식자재'를 판매·제공하는 매장,b6d024d6-c678-45ec-8e89-13f1de74713d,대영참기름,참기름,부곡시장,전통시장,부산광역시,3.0,3.0,,,RESOLVED_AGREEMENT,False,3,,,,
5ab4c4a45b03d7534b30,val,식자재,T2 동의어,q_식자재_06,참기름,식료품 중 '식자재'를 판매·제공하는 매장,0046e3b5-e973-4cc0-807c-acb34ad8e262,야음민속떡집,제조업(떡방앗간),울산번개시장,전통시장,울산광역시,3.0,3.0,,,RESOLVED_AGREEMENT,False,3,,,,
4924a6269398ba7c469e,val,식자재,T2 동의어,q_식자재_06,참기름,식료품 중 '식자재'를 판매·제공하는 매장,8d1dc46f-8db8-4efe-b651-008e987c479b,광주참기름,참기름,양동시장,전통시장,광주광역시,3.0,3.0,,,RESOLVED_AGREEMENT,False,3,,,,
98feb652f4fa866cffb5,val,식자재,T2 동의어,q_식자재_06,참기름,식료품 중 '식자재'를 판매·제공하는 매장,2b6f0514-5e67-4261-9ddb-9b625559cdc4,은행참기름,참기름,은행시장,전통시장,경기도,3.0,3.0,,,RESOLVED_AGREEMENT,False,3,,,,
bf0071bf42a908478365,val,식자재,T2 동의어,q_식자재_06,참기름,식료품 중 '식자재'를 판매·제공하는 매장,04cffa8f-5c05-444b-bde1-a3d1918cf92f,강원기름집,식용유,속초종합중앙시장,전통시장,강원특별자치도,2.0,3.0,,,P2_GRADED_ONLY,True,,,,,
7383c93c77d9efd96075,val,식자재,T2 동의어,q_식자재_06,참기름,식료품 중 '식자재'를 판매·제공하는 매장,75bf94fb-a3b9-4553-9f16-d4e3d5fa7f8d,동훈참기름,참기름,하동공설시장,전통시장,경상남도,3.0,3.0,,,RESOLVED_AGREEMENT,False,3,,,,
daed7340c704799bba6f,val,식자재,T2 동의어,q_식자재_06,참기름,식료품 중 '식자재'를 판매·제공하는 매장,931ac55f-2522-47c3-84c6-10db64d6a5b1,안강참기름,참기름,안강공설시장,전통시장,경상북도,3.0,3.0,,,RESOLVED_AGREEMENT,False,3,,,,
13a158423e672f86bd4a,val,식자재,T2 동의어,q_식자재_06,참기름,식료품 중 '식자재'를 판매·제공하는 매장,01757e0a-7278-44bc-9fad-29595028ac3d,현대떡방앗간,방앗간,염매시장(의성중앙시장),전통시장,경상북도,3.0,3.0,,,RESOLVED_AGREEMENT,False,3,,,,
c9c354d5476649c05e96,val,식자재,T2 동의어,q_식자재_06,참기름,식료품 중 '식자재'를 판매·제공하는 매장,001cb3d4-5441-4963-b517-d5b3904ee312,현창떡집,떡집,목포동부시장,전통시장,전라남도,1.0,0.0,,,P2_GRADED_ONLY,True,,,,,
95097921feafae7e70db,val,식자재,T2 동의어,q_식자재_06,참기름,식료품 중 '식자재'를 판매·제공하는 매장,001bc028-a43e-44d4-9682-db280a4998cc,파리바게뜨전주근영점,제과점,근영누리 골목형상점가,골목형상점가,전북특별자치도,1.0,0.0,,,P2_GRADED_ONLY,True,,,,,
56109a59d3429ff41f29,val,식자재,T2 동의어,q_식자재_06,참기름,식료품 중 '식자재'를 판매·제공하는 매장,ae5fb5cf-5622-4158-87e4-20e5f75cad32,자유참기름,참기름,목포자유시장,전통시장,전라남도,3.0,3.0,,,RESOLVED_AGREEMENT,False,3,,,,
99dc5e3f90946cd7763c,val,식자재,T2 동의어,q_식자재_06,참기름,식료품 중 '식자재'를 판매·제공하는 매장,efe26b17-f8f1-42cb-bd60-99e298b8ad9f,한려참기름,참기름,통영 서호전통시장,전통시장,경상남도,3.0,3.0,,,RESOLVED_AGREEMENT,False,3,,,,
52518a4b267b79684598,val,식자재,T3 개념확장,q_식자재_07,견과류,식료품 중 '식자재'를 판매·제공하는 매장,29e2ae38-2897-46f9-b151-12ea40217592,부산유통,견과류,부전상가시장,전통시장,부산광역시,3.0,0.0,,,P1_BINARY_THRESHOLD,True,,,,,
ae73a8f8bfdbb30a21a2,val,식자재,T3 개념확장,q_식자재_07,견과류,식료품 중 '식자재'를 판매·제공하는 매장,1c3dbcb8-59fa-49c3-a1ec-d462ecbca0fe,씨앗나라,견과류,중곡제일골목시장(중곡제일전통시장),전통시장,서울특별시,3.0,0.0,,,P1_BINARY_THRESHOLD,True,,,,,
4e79ff043b8254b58742,val,식자재,T3 개념확장,q_식자재_07,견과류,식료품 중 '식자재'를 판매·제공하는 매장,001bc028-a43e-44d4-9682-db280a4998cc,파리바게뜨전주근영점,제과점,근영누리 골목형상점가,골목형상점가,전북특별자치도,1.0,0.0,,,P2_GRADED_ONLY,True,,,,,
c5feb69b5e3399b0c6d2,val,식자재,T3 개념확장,q_식자재_07,견과류,식료품 중 '식자재'를 판매·제공하는 매장,044b74fa-bb37-480b-8d36-3f7676cf2fb4,영진상회,곡물,청주육거리종합시장,전통시장,충청북도,2.0,3.0,,,P2_GRADED_ONLY,True,,,,,
0951032566eafd42de1e,val,식자재,T3 개념확장,q_식자재_07,견과류,식료품 중 '식자재'를 판매·제공하는 매장,22cd3582-0d0a-4ea0-ad24-53bd02d9485d,경희견과,견과류,비단길현대시장,전통시장,서울특별시,3.0,0.0,,,P1_BINARY_THRESHOLD,True,,,,,
c5580a8be470911bdf7c,val,식자재,T3 개념확장,q_식자재_07,견과류,식료품 중 '식자재'를 판매·제공하는 매장,18c604a3-765d-4ece-b359-4b7e581af9e9,신진상회,견과류,칠성종합 상권활성화구역,상권활성화구역,대구광역시,3.0,3.0,,,RESOLVED_AGREEMENT,False,3,,,,
79c9e2c49014f4e0a0a6,val,식자재,T3 개념확장,q_식자재_07,견과류,식료품 중 '식자재'를 판매·제공하는 매장,14faaa54-0323-4584-9e93-afeb7fefab21,옹달샘견과류,견과류,석바위시장,전통시장,인천광역시,3.0,0.0,,,P1_BINARY_THRESHOLD,True,,,,,
c919d2c24246b8026d79,val,식자재,T3 개념확장,q_식자재_07,견과류,식료품 중 '식자재'를 판매·제공하는 매장,01757e0a-7278-44bc-9fad-29595028ac3d,현대떡방앗간,방앗간,염매시장(의성중앙시장),전통시장,경상북도,2.0,3.0,,,P2_GRADED_ONLY,True,,,,,
e22fa37084cbf393ed4f,val,식자재,T3 개념확장,q_식자재_07,견과류,식료품 중 '식자재'를 판매·제공하는 매장,0f77675f-73d1-4b22-922f-100175d90414,남선상회,견과류,남포동건어물도매시장,전통시장,부산광역시,3.0,3.0,,,RESOLVED_AGREEMENT,False,3,,,,
33894b406add470c46b3,val,식자재,T3 개념확장,q_식자재_07,견과류,식료품 중 '식자재'를 판매·제공하는 매장,8cda942f-441a-4c3e-b438-236c6e426349,창신상회,견과류,서문시장 제1지구1층(직물시장),전통시장,대구광역시,3.0,3.0,,,RESOLVED_AGREEMENT,False,3,,,,
e53d2a191c4fccf289da,val,식자재,T3 개념확장,q_식자재_07,견과류,식료품 중 '식자재'를 판매·제공하는 매장,00bf0e58-0696-472a-8a12-945c44dc9435,오복상회,쌀,백년시장(구 강북종합전통시장),전통시장,서울특별시,2.0,3.0,,,P2_GRADED_ONLY,True,,,,,
09e22050179a24f09078,val,식자재,T3 개념확장,q_식자재_07,견과류,식료품 중 '식자재'를 판매·제공하는 매장,092868ef-cdbe-426a-8e04-c1862bac5076,익산바이오,식용유,세종전통시장,전통시장,세종특별자치시,2.0,0.0,,,P1_BINARY_THRESHOLD,True,,,,,
6deb18f9463989314515,val,식자재,T3 개념확장,q_식자재_07,견과류,식료품 중 '식자재'를 판매·제공하는 매장,b220f2cc-d931-44b1-a117-bf3ed86edb1e,대원상회,견과류,서문시장건해산물상가,전통시장,대구광역시,3.0,3.0,,,RESOLVED_AGREEMENT,False,3,,,,
aac6719c8e6962ca27ec,val,식자재,T3 개념확장,q_식자재_07,견과류,식료품 중 '식자재'를 판매·제공하는 매장,d962fb1e-fb2a-43f3-b0ef-441645c6a5bb,현대케이씨무역,견과류,서문시장건해산물상가,전통시장,대구광역시,3.0,0.0,,,P1_BINARY_THRESHOLD,True,,,,,
fae4a9b9389a5fe823ea,val,식자재,T3 개념확장,q_식자재_07,견과류,식료품 중 '식자재'를 판매·제공하는 매장,06bbe239-5774-4794-91c3-b45901659200,성진상회,식용유,고성시장,전통시장,경상남도,2.0,3.0,,,P2_GRADED_ONLY,True,,,,,
8803f9bf1ae894dd2b60,val,식자재,T3 개념확장,q_식자재_07,견과류,식료품 중 '식자재'를 판매·제공하는 매장,0e0892cd-bd76-4268-aac9-86df598615dc,동신푸드점,견과류,말바우시장,전통시장,광주광역시,3.0,0.0,,,P1_BINARY_THRESHOLD,True,,,,,
bfe427258e5429eaad0d,val,식자재,T3 개념확장,q_식자재_07,견과류,식료품 중 '식자재'를 판매·제공하는 매장,00e30e5a-4662-4e65-9b6c-dd704886f1af,믿음떡집,떡방앗간,문창시장,전통시장,대전광역시,2.0,3.0,,,P2_GRADED_ONLY,True,,,,,
c72fa4b30007016ef08c,val,식자재,T3 개념확장,q_식자재_07,견과류,식료품 중 '식자재'를 판매·제공하는 매장,00e80339-1353-4885-81d7-0746a437abb2,포식 용인한숲시티점,쌀국수 돈까스 함박스테이크,남사한숲 골목형상점가,골목형상점가,경기도,2.0,3.0,,,P2_GRADED_ONLY,True,,,,,
720b808a89e77f52d55e,val,식자재,T3 개념확장,q_식자재_07,견과류,식료품 중 '식자재'를 판매·제공하는 매장,17ec4d95-5b02-4c8f-8612-a2f3a37a3c9a,동원농산,견과류,서울중부시장,전통시장,서울특별시,3.0,0.0,,,P1_BINARY_THRESHOLD,True,,,,,
d2d1b3a4bfac075faf2a,val,식자재,T3 개념확장,q_식자재_07,견과류,식료품 중 '식자재'를 판매·제공하는 매장,629be5cf-66b0-477f-a975-218e3f56c809,성우유통,견과류,금산수삼센터,전통시장,충청남도,3.0,0.0,,,P1_BINARY_THRESHOLD,True,,,,,
00d854fbde3eed2dbffa,val,식자재,T3 개념확장,q_식자재_07,견과류,식료품 중 '식자재'를 판매·제공하는 매장,4cddcb4d-a26a-41c8-af2c-7941752de397,와우견과,견과류,거제 고현시장,전통시장,경상남도,3.0,0.0,,,P1_BINARY_THRESHOLD,True,,,,,
1a21643d244ad7288aee,val,식자재,T3 개념확장,q_식자재_07,견과류,식료품 중 '식자재'를 판매·제공하는 매장,614f427f-851f-4a21-b086-a83ef13d705c,힐링온,견과류,"온양온천시장(온양재래시장, 전통시장)",전통시장,충청남도,3.0,0.0,,,P1_BINARY_THRESHOLD,True,,,,,
96007bf2f1b4f982ad83,val,식자재,T3 개념확장,q_식자재_07,견과류,식료품 중 '식자재'를 판매·제공하는 매장,3ef8447b-53bb-4594-b88b-06125ea7be66,에스엠넛츠,견과류,부전농수산물새벽시장,전통시장,부산광역시,3.0,0.0,,,P1_BINARY_THRESHOLD,True,,,,,
2304edd1e538a25635fd,val,식자재,T3 개념확장,q_식자재_07,견과류,식료품 중 '식자재'를 판매·제공하는 매장,1b954dc7-940e-4530-86bc-be0f9e8e69dc,합천땅콩,견과류,부전상가시장,전통시장,부산광역시,3.0,0.0,,,P1_BINARY_THRESHOLD,True,,,,,
22a113b6380000a028b7,val,식자재,T3 개념확장,q_식자재_07,견과류,식료품 중 '식자재'를 판매·제공하는 매장,001961d9-cb5d-40bc-903a-33d483f7d132,헬씨스탠다드,"건강기능식품, 쌀, 견과류, 약재",응암소담길 골목형상점가,골목형상점가,서울특별시,3.0,3.0,,,RESOLVED_AGREEMENT,False,3,,,,
cc36aa5641dd1c815965,val,식자재,T3 개념확장,q_식자재_07,견과류,식료품 중 '식자재'를 판매·제공하는 매장,015915e3-2542-4245-b627-0c775b4c5501,한내떡집,,거제 고현시장,전통시장,경상남도,1.0,0.0,,,P2_GRADED_ONLY,True,,,,,
76179bfafd1c08391d6c,val,식자재,T3 개념확장,q_식자재_07,견과류,식료품 중 '식자재'를 판매·제공하는 매장,d3b5f95e-0afa-408b-b620-b1bb187d614d,에스더견과류어류,견과류,중앙상가시장,전통시장,대전광역시,3.0,0.0,,,P1_BINARY_THRESHOLD,True,,,,,
dd4100e07e591e69653b,val,식자재,T3 개념확장,q_식자재_07,견과류,식료품 중 '식자재'를 판매·제공하는 매장,8d42b7ec-c9c9-4932-9710-d3fe56f248d5,참좋은견과류,견과류,비단길현대시장,전통시장,서울특별시,3.0,0.0,,,P1_BINARY_THRESHOLD,True,,,,,
05830590eff275b0cfe7,val,식자재,T3 개념확장,q_식자재_07,견과류,식료품 중 '식자재'를 판매·제공하는 매장,023e47e8-7973-4e3d-95f3-f6bf168360f0,(주)동양종합유통,식자재,양동건어물시장,전통시장,광주광역시,2.0,3.0,,,P2_GRADED_ONLY,True,,,,,
12cd040a39777304fb86,val,식자재,T3 개념확장,q_식자재_07,견과류,식료품 중 '식자재'를 판매·제공하는 매장,9b6ca520-b117-4e4a-917d-dce8259212a9,강릉더넛츠,견과류,강릉성남시장,전통시장,강원특별자치도,3.0,0.0,,,P1_BINARY_THRESHOLD,True,,,,,
1d1662dd2a10b809ba87,val,식자재,T3 개념확장,q_식자재_07,견과류,식료품 중 '식자재'를 판매·제공하는 매장,759990e5-c8b2-4f49-a530-92d21d4acce5,동성상회,견과류,경동광성상가,전통시장,서울특별시,3.0,3.0,,,RESOLVED_AGREEMENT,False,3,,,,
c62403bdac1009c79ea0,val,식자재,T3 개념확장,q_식자재_07,견과류,식료품 중 '식자재'를 판매·제공하는 매장,04cffa8f-5c05-444b-bde1-a3d1918cf92f,강원기름집,식용유,속초종합중앙시장,전통시장,강원특별자치도,2.0,3.0,,,P2_GRADED_ONLY,True,,,,,
3bce1124df73cde694b6,val,식자재,T3 개념확장,q_식자재_07,견과류,식료품 중 '식자재'를 판매·제공하는 매장,8d5256cb-0c13-4d77-bc1a-d8f005b7963e,보령상회,견과류,청량리종합시장,전통시장,서울특별시,3.0,3.0,,,RESOLVED_AGREEMENT,False,3,,,,
12bca6b09b13ac197483,val,식자재,T3 개념확장,q_식자재_07,견과류,식료품 중 '식자재'를 판매·제공하는 매장,1e636722-5d3d-4c9c-883e-65b97061c809,웰빙선식&견과류,"견과류, 선식",중동사랑시장,전통시장,경기도,3.0,0.0,,,P1_BINARY_THRESHOLD,True,,,,,
a490a5ac1d295d4eed0b,val,식자재,T3 개념확장,q_식자재_07,견과류,식료품 중 '식자재'를 판매·제공하는 매장,0046e3b5-e973-4cc0-807c-acb34ad8e262,야음민속떡집,제조업(떡방앗간),울산번개시장,전통시장,울산광역시,2.0,3.0,,,P2_GRADED_ONLY,True,,,,,
04067e25e4c78e088788,val,식자재,T3 개념확장,q_식자재_07,견과류,식료품 중 '식자재'를 판매·제공하는 매장,0f43432b-4e38-421f-9208-9c0ae94489dc,대우땅콩,견과류,대전정원시장,전통시장,대전광역시,3.0,0.0,,,P1_BINARY_THRESHOLD,True,,,,,
50ca98691eb80c5cf53b,val,식자재,T3 개념확장,q_식자재_07,견과류,식료품 중 '식자재'를 판매·제공하는 매장,0d0e5bdb-adad-4883-8a72-6a4c6bff6481,매산견과류,견과류,매산시장,전통시장,경기도,3.0,0.0,,,P1_BINARY_THRESHOLD,True,,,,,
98b853e3545139c6d7b8,val,식자재,T3 개념확장,q_식자재_07,견과류,식료품 중 '식자재'를 판매·제공하는 매장,373b3543-7811-4e28-bf6b-190888009f70,예전농산,견과류,장승백이전통시장(구 만수창대시장),전통시장,인천광역시,3.0,0.0,,,P1_BINARY_THRESHOLD,True,,,,,
704b8cb7e414a988642c,val,식자재,T3 개념확장,q_식자재_07,견과류,식료품 중 '식자재'를 판매·제공하는 매장,01a5f192-c482-46e3-8b58-5358216d0749,풍전기름집,참기름,화곡본동시장,전통시장,서울특별시,2.0,3.0,,,P2_GRADED_ONLY,True,,,,,
dd64df2badea8d33ec3c,val,식자재,T3 개념확장,q_식자재_07,견과류,식료품 중 '식자재'를 판매·제공하는 매장,005313c8-dce8-49b6-9841-9143ebb1305a,동원떡집,,박달시장,전통시장,경기도,1.0,0.0,,,P2_GRADED_ONLY,True,,,,,
4128bbd9772fcf68aad5,val,식자재,T3 개념확장,q_식자재_07,견과류,식료품 중 '식자재'를 판매·제공하는 매장,0017714f-cbac-4f85-a148-338ddcefe41c,유수담,"쌀, 계란, 신선식품",익산북부시장,전통시장,전북특별자치도,2.0,3.0,,,P2_GRADED_ONLY,True,,,,,
ff436c10bc91c40317f8,val,식자재,T3 개념확장,q_식자재_07,견과류,식료품 중 '식자재'를 판매·제공하는 매장,00eca8e7-b158-4572-b540-c241f4ad2546,거창상회,식자재,충무동 새벽시장,전통시장,부산광역시,2.0,3.0,,,P2_GRADED_ONLY,True,,,,,
6927f8d9a85c02e5b31f,val,식자재,T3 개념확장,q_식자재_07,견과류,식료품 중 '식자재'를 판매·제공하는 매장,03e3e424-656a-46ea-82b7-21bcc07cae47,초왕상회,"곡물, 농산물",전주남부시장,전통시장,전북특별자치도,2.0,3.0,,,P2_GRADED_ONLY,True,,,,,
1ba5d5e3efeb570d8f5d,val,식자재,T3 개념확장,q_식자재_07,견과류,식료품 중 '식자재'를 판매·제공하는 매장,8dafcedb-86c5-4855-a8ae-fa76a0d76c78,부산농산,견과류,부전상가시장,전통시장,부산광역시,3.0,0.0,,,P1_BINARY_THRESHOLD,True,,,,,
cebb79ccd7e35d1cbf4c,val,식자재,T3 개념확장,q_식자재_07,견과류,식료품 중 '식자재'를 판매·제공하는 매장,011f646c-0d2f-4770-a90e-d5d39e580d38,올 푸드,식자재,두암시장,전통시장,광주광역시,2.0,3.0,,,P2_GRADED_ONLY,True,,,,,
6c58901b3ee661fff2cd,val,식자재,T3 개념확장,q_식자재_07,견과류,식료품 중 '식자재'를 판매·제공하는 매장,001cb3d4-5441-4963-b517-d5b3904ee312,현창떡집,떡집,목포동부시장,전통시장,전라남도,1.0,0.0,,,P2_GRADED_ONLY,True,,,,,
bbd29a3d830af562f814,val,식자재,T3 개념확장,q_식자재_07,견과류,식료품 중 '식자재'를 판매·제공하는 매장,e40b11e4-23a5-4281-8abb-2c993a2e50d2,오빠네견과류강정,견과류,구미새마을중앙시장,전통시장,경상북도,3.0,0.0,,,P1_BINARY_THRESHOLD,True,,,,,
75b820dcea06a5679bbc,val,식자재,T3 개념확장,q_식자재_07,견과류,식료품 중 '식자재'를 판매·제공하는 매장,391d3469-4c57-45cd-aff5-d512487502f6,행궁상회,견과류,수원남문패션1번가시장,전통시장,경기도,3.0,3.0,,,RESOLVED_AGREEMENT,False,3,,,,
456d2f231e1f065c8583,val,식자재,T3 개념확장,q_식자재_07,견과류,식료품 중 '식자재'를 판매·제공하는 매장,5c0d17a8-81b2-452f-91e8-bbec01b4a689,부산땅콩,견과류 건어물,자갈치해안시장,전통시장,부산광역시,3.0,3.0,,,RESOLVED_AGREEMENT,False,3,,,,
b9ebc05564474cf4b850,val,식자재,T3 개념확장,q_식자재_07,견과류,식료품 중 '식자재'를 판매·제공하는 매장,021bf03c-8b83-4288-89c5-15a4a162142b,신선식품,식자재,사천읍시장,전통시장,경상남도,2.0,3.0,,,P2_GRADED_ONLY,True,,,,,
310cee046b1109994563,val,식자재,T3 개념확장,q_식자재_07,견과류,식료품 중 '식자재'를 판매·제공하는 매장,23c22768-6328-46cc-bcf8-47f0709efbb4,용성땅콩,견과류,강릉성남시장,전통시장,강원특별자치도,3.0,0.0,,,P1_BINARY_THRESHOLD,True,,,,,
6127489f27ab27e4222f,val,식자재,T3 개념확장,q_식자재_07,견과류,식료품 중 '식자재'를 판매·제공하는 매장,949d29dd-1d45-4cb0-a2b7-6a7cd2490c4e,견과류,견과류,계양산전통시장,전통시장,인천광역시,3.0,0.0,,,P1_BINARY_THRESHOLD,True,,,,,
728e0d8de3acfbabd092,val,식자재,T3 개념확장,q_식자재_07,견과류,식료품 중 '식자재'를 판매·제공하는 매장,3b27ef1c-4ab5-4eba-be2b-cec8b52d19a5,미스터맥,치킨,상무백운상인회 골목형상점가,골목형상점가,광주광역시,0.0,0.0,,,RESOLVED_AGREEMENT,False,0,,,,
ae14104d233abeee0494,val,식자재,T3 개념확장,q_식자재_07,견과류,식료품 중 '식자재'를 판매·제공하는 매장,3143f550-13ed-488d-b801-51ceeda1d41e,김경희견과,견과류,테크노밸리 골목형상점가,골목형상점가,대전광역시,3.0,0.0,,,P1_BINARY_THRESHOLD,True,,,,,
0152e662fa2cf9188392,val,식자재,T3 개념확장,q_식자재_07,견과류,식료품 중 '식자재'를 판매·제공하는 매장,013444f9-7e9b-4640-84f0-43ac071ef57f,대림고추방아,"고추가루, 기름",부천강남시장,전통시장,경기도,0.0,0.0,,,RESOLVED_AGREEMENT,False,0,,,,
fc7829bb11965e46ec44,val,식자재,T3 개념확장,q_식자재_07,견과류,식료품 중 '식자재'를 판매·제공하는 매장,04c905ba-3172-4ea4-a6dd-4345d674dea0,덕순이네,제조업(떡집),장터길 골목형상점가,골목형상점가,경기도,1.0,0.0,,,P2_GRADED_ONLY,True,,,,,
e912a02aab2d5e7a7e58,val,식자재,T3 개념확장,q_식자재_07,견과류,식료품 중 '식자재'를 판매·제공하는 매장,ace8b6c8-7797-44fc-bd72-aef71f8c5649,웰빙마을,견과류,여수서시장주변시장,전통시장,전라남도,3.0,0.0,,,P1_BINARY_THRESHOLD,True,,,,,
7895adc0ce62b13cb292,val,식자재,T3 개념확장,q_식자재_07,견과류,식료품 중 '식자재'를 판매·제공하는 매장,62cb11de-7f49-4aee-98d9-7887a967b7d7,삼촌네,견과류,고투몰(강남터미널지하도상점가),일반지하상점가,서울특별시,3.0,0.0,,,P1_BINARY_THRESHOLD,True,,,,,
d9acfb0bdbdcedbfb791,val,식자재,T3 개념확장,q_식자재_07,견과류,식료품 중 '식자재'를 판매·제공하는 매장,41cdd7df-48d8-42c2-916e-9bb69dfc2ba8,노른자위,견과류,서문시장 제1지구1층(직물시장),전통시장,대구광역시,3.0,0.0,,,P1_BINARY_THRESHOLD,True,,,,,
c1f9367c153d281d39e8,val,식자재,T3 개념확장,q_식자재_07,견과류,식료품 중 '식자재'를 판매·제공하는 매장,3bf02270-6f14-4527-b4e1-43aeeccc0605,대도상회,견과류,안양중앙시장,전통시장,경기도,3.0,3.0,,,RESOLVED_AGREEMENT,False,3,,,,
f554fa53f432d9d03808,val,식자재,T3 개념확장,q_식자재_07,견과류,식료품 중 '식자재'를 판매·제공하는 매장,440e74f6-d47c-4aa7-9c5c-7027b129dd1c,과림상회,견과류,서문시장건해산물상가,전통시장,대구광역시,3.0,3.0,,,RESOLVED_AGREEMENT,False,3,,,,
f22adf5b2d3f7a35eaee,val,식자재,T3 개념확장,q_식자재_07,견과류,식료품 중 '식자재'를 판매·제공하는 매장,02223ab5-044d-40ad-8cc7-838ed325ada0,상옥쌀상회,쌀,영일대북부시장(구 북부시장),전통시장,경상북도,2.0,3.0,,,P2_GRADED_ONLY,True,,,,,
8d786161610ffb743716,val,식자재,T3 개념확장,q_식자재_07,견과류,식료품 중 '식자재'를 판매·제공하는 매장,01e4cef2-9c12-4be0-9c3e-5a09ab67f7f5,대명제유,"고추, 기름",의정부제일시장,전통시장,경기도,0.0,0.0,,,RESOLVED_AGREEMENT,False,0,,,,
604132dfb5bde96790a1,val,식자재,T3 개념확장,q_식자재_07,견과류,식료품 중 '식자재'를 판매·제공하는 매장,0e224dee-e545-48f6-95af-5a197b33a076,경북식품,식용유,가락몰골목형상점가,골목형상점가,서울특별시,2.0,0.0,,,P1_BINARY_THRESHOLD,True,,,,,
4d7537a23760011b3be4,val,식자재,T3 개념확장,q_식자재_07,견과류,식료품 중 '식자재'를 판매·제공하는 매장,00ec16f5-8b45-4af1-bb1b-6389f2412be8,수진식품,"참기름, 고추가루등",김해 진영전통시장,전통시장,경상남도,2.0,3.0,,,P2_GRADED_ONLY,True,,,,,
1fdec4f18b36f0518174,val,식자재,T3 개념확장,q_식자재_07,견과류,식료품 중 '식자재'를 판매·제공하는 매장,394c82ed-98b9-43c8-a1ef-7b7ce704e61a,신진농산,견과류,칠성시장,전통시장,대구광역시,3.0,0.0,,,P1_BINARY_THRESHOLD,True,,,,,
83402a3028200d4723d2,val,식자재,T3 개념확장,q_식자재_07,견과류,식료품 중 '식자재'를 판매·제공하는 매장,13bdab2d-3a4f-47bd-a49d-3a6a1b7b3e00,과성농산,견과류,삼성시장,전통시장,대구광역시,3.0,0.0,,,P1_BINARY_THRESHOLD,True,,,,,
a044720efeab5daa749b,val,식자재,T3 개념확장,q_식자재_07,견과류,식료품 중 '식자재'를 판매·제공하는 매장,6e961a27-0c82-466c-bed6-00c236d2fdc6,거장돼지국밥,한식,상주남문거리 골목형상점가,골목형상점가,경상북도,0.0,0.0,,,RESOLVED_AGREEMENT,False,0,,,,
667aaadc8abb6d0a52b5,val,식자재,T3 개념확장,q_식자재_07,견과류,식료품 중 '식자재'를 판매·제공하는 매장,c076b1d9-748a-4a26-a278-b0b4048bc60a,부평상회,견과류,중동사랑시장,전통시장,경기도,3.0,3.0,,,RESOLVED_AGREEMENT,False,3,,,,
3490f610b60338ce6875,val,식자재,T3 개념확장,q_식자재_07,견과류,식료품 중 '식자재'를 판매·제공하는 매장,002d0d06-15b2-463e-b789-b0232bcc6681,뚜레주르버들마을점,제과,버들마을상인회 골목형상점가,골목형상점가,광주광역시,1.0,0.0,,,P2_GRADED_ONLY,True,,,,,
592d5e0fea1f7caf389e,val,식자재,T3 개념확장,q_식자재_07,견과류,식료품 중 '식자재'를 판매·제공하는 매장,023b2cb4-7f9e-4b85-9888-474ee933954a,산척제유소,방앗간,충주자유시장,전통시장,충청북도,2.0,3.0,,,P2_GRADED_ONLY,True,,,,,
c62752d514efbf60987b,val,식자재,T3 개념확장,q_식자재_07,견과류,식료품 중 '식자재'를 판매·제공하는 매장,0b69c684-9b0b-490b-892e-9267cf4662a3,윤수참기름,식용유,진주 청과시장,전통시장,경상남도,2.0,3.0,,,P2_GRADED_ONLY,True,,,,,
b6f1215055bc1728b098,val,식자재,T3 개념확장,q_식자재_07,견과류,식료품 중 '식자재'를 판매·제공하는 매장,a5dc82e0-6761-4c83-be43-92c0b06f4165,대정물산,견과류,경동광성상가,전통시장,서울특별시,3.0,0.0,,,P1_BINARY_THRESHOLD,True,,,,,
1130b733f8345afc5986,val,식자재,T3 개념확장,q_식자재_07,견과류,식료품 중 '식자재'를 판매·제공하는 매장,0b8ef6dc-2f6b-4707-bd73-529122d9c97a,하단떡집,떡집,하단오일상설시장,전통시장,부산광역시,1.0,0.0,,,P2_GRADED_ONLY,True,,,,,
efeae58bb432563b80fa,val,식자재,T3 개념확장,q_식자재_07,견과류,식료품 중 '식자재'를 판매·제공하는 매장,32a429d4-11d7-4023-a2e7-112ca9b51b66,조이너스커텐,"커텐, 블라인드",동천동 상인회 골목형상점가,골목형상점가,광주광역시,0.0,0.0,,,RESOLVED_AGREEMENT,False,0,,,,
9e2a81520d8a8317bf54,val,식자재,T3 개념확장,q_식자재_07,견과류,식료품 중 '식자재'를 판매·제공하는 매장,c0cc81b4-89ec-4a70-b6f7-089de1fd92a8,소소한곳,,양산 물금백호마을 골목형상점가,골목형상점가,경상남도,,0.0,Y,,P0_UNCERTAIN_OR_MISSING,True,,,,,
592eb1e6963f9178a91c,val,식자재,T3 개념확장,q_식자재_07,견과류,식료품 중 '식자재'를 판매·제공하는 매장,8b985b88-9d04-4b71-a6bd-657fd40194c5,낙원견과류,견과류,광명전통시장,전통시장,경기도,3.0,0.0,,,P1_BINARY_THRESHOLD,True,,,,,
5c04fbdc8186e3d8addf,val,식자재,T3 개념확장,q_식자재_07,견과류,식료품 중 '식자재'를 판매·제공하는 매장,810f92d2-66cc-45ac-8979-261303b5836e,웰빙선식엔견과,견과류,경산중앙상점가,자율상권구역,경상북도,3.0,0.0,,,P1_BINARY_THRESHOLD,True,,,,,
fed9d5ace47ff4f82c02,val,식자재,T3 개념확장,q_식자재_07,견과류,식료품 중 '식자재'를 판매·제공하는 매장,0061123f-a676-4556-9633-5fbc4ecaf6ef,치즈케익카스테라카페,제과,북가좌동 골목형상점가,골목형상점가,서울특별시,1.0,0.0,,,P2_GRADED_ONLY,True,,,,,
ce44c80ea96c6820ecd4,val,식자재,T3 개념확장,q_식자재_07,견과류,식료품 중 '식자재'를 판매·제공하는 매장,1ec70d98-2d28-42ec-837c-02468375381d,견과류에반하다,견과류,역곡상상시장(구 역곡북부시장),전통시장,경기도,3.0,0.0,,,P1_BINARY_THRESHOLD,True,,,,,
eca3c2c0a8ca70664ad1,val,식자재,T3 개념확장,q_식자재_07,견과류,식료품 중 '식자재'를 판매·제공하는 매장,034f637f-e1c0-4e3c-99a7-eb7c8deb055a,청풍상회,곡물,내토전통시장,전통시장,충청북도,2.0,3.0,,,P2_GRADED_ONLY,True,,,,,
2a36a55d60ff84f482cc,val,식자재,T3 개념확장,q_식자재_07,견과류,식료품 중 '식자재'를 판매·제공하는 매장,01859206-536a-40a7-be1e-c8610663a665,동원참기름,참기름,안강공설시장,전통시장,경상북도,2.0,3.0,,,P2_GRADED_ONLY,True,,,,,
3ebd90e84e92de958b7d,val,식자재,T3 개념확장,q_식자재_07,견과류,식료품 중 '식자재'를 판매·제공하는 매장,3a7baaff-367f-46de-9f45-e4be38e7a889,남지땅콩,견과류,부전상가시장,전통시장,부산광역시,3.0,0.0,,,P1_BINARY_THRESHOLD,True,,,,,
06a38ab25547967c6861,val,식자재,T3 개념확장,q_식자재_07,견과류,식료품 중 '식자재'를 판매·제공하는 매장,2515acff-0345-42eb-9715-f44ff122a993,미니식당,한식,보령중앙시장,전통시장,충청남도,0.0,1.0,,,P2_GRADED_ONLY,True,,,,,
aedfada22a4cbb725754,val,식자재,T3 개념확장,q_식자재_07,견과류,식료품 중 '식자재'를 판매·제공하는 매장,b4a56607-95a2-4792-95cc-3233cf06dbf6,흥부네견과류,견과류,천안중앙시장,전통시장,충청남도,3.0,0.0,,,P1_BINARY_THRESHOLD,True,,,,,
04fa5a646c09a96d1acb,val,식자재,T3 개념확장,q_식자재_07,견과류,식료품 중 '식자재'를 판매·제공하는 매장,987d62e4-9b91-4932-93cb-d9b207cf0a4f,창녕유통,견과류,부전상가시장,전통시장,부산광역시,3.0,0.0,,,P1_BINARY_THRESHOLD,True,,,,,
c60201128b298e7ad1f2,val,식자재,T3 개념확장,q_식자재_07,견과류,식료품 중 '식자재'를 판매·제공하는 매장,933730af-622c-4ba5-a4ec-2a0b1017bd8a,옛날강정,견과류,관문상가시장,전통시장,대구광역시,3.0,0.0,,,P1_BINARY_THRESHOLD,True,,,,,
8668c07f3aa0251fa252,val,식자재,T3 개념확장,q_식자재_07,견과류,식료품 중 '식자재'를 판매·제공하는 매장,008d07a3-ba18-4806-9ec7-48c0adb25276,아빠네 빵집,제과제빵,신창수문 골목형상점가,골목형상점가,광주광역시,1.0,0.0,,,P2_GRADED_ONLY,True,,,,,
34149b5f619b23bef24e,val,식자재,T3 개념확장,q_식자재_07,견과류,식료품 중 '식자재'를 판매·제공하는 매장,06d80e93-3222-4f8c-a062-2c02b9839794,형제상회,견과류,포항죽도농산물시장,전통시장,경상북도,3.0,3.0,,,RESOLVED_AGREEMENT,False,3,,,,
a4f08c0972d9f6d5f61a,val,식자재,T3 개념확장,q_식자재_07,견과류,식료품 중 '식자재'를 판매·제공하는 매장,edf0b093-a1d3-403e-8e23-8d39b7ead724,대우땅콩,견과류,남포동건어물도매시장,전통시장,부산광역시,3.0,0.0,,,P1_BINARY_THRESHOLD,True,,,,,
bfffabbee00da36c7a82,val,식자재,T3 개념확장,q_식자재_07,견과류,식료품 중 '식자재'를 판매·제공하는 매장,25ee58e3-2146-40de-97bf-8b6024b86c18,경인견과류,견과,옥련시장,전통시장,인천광역시,2.0,0.0,,,P1_BINARY_THRESHOLD,True,,,,,
47410cb3cf3d58e79ba1,val,식자재,T3 개념확장,q_식자재_07,견과류,식료품 중 '식자재'를 판매·제공하는 매장,09c0de31-5478-4d81-904a-10b3689f7bf2,인삼나라,견과류,발안만세시장(구 발안시장),전통시장,경기도,3.0,0.0,,,P1_BINARY_THRESHOLD,True,,,,,
fb0a4b5451c48aab7e4e,val,식자재,T3 개념확장,q_식자재_07,견과류,식료품 중 '식자재'를 판매·제공하는 매장,24d324e6-3210-49fd-8263-849d9b4e8b5d,골목시장,고기,용봉지구 골목형상점가,골목형상점가,광주광역시,0.0,0.0,,,RESOLVED_AGREEMENT,False,0,,,,
9da0b2854acfb2cab552,val,식자재,T3 개념확장,q_식자재_07,견과류,식료품 중 '식자재'를 판매·제공하는 매장,11129eb1-642c-43cf-95a3-d82aa2225cd3,청량상회,견과류,청량리전통시장,전통시장,서울특별시,3.0,3.0,,,RESOLVED_AGREEMENT,False,3,,,,
feb6bf33a00c90b9bc32,val,식자재,T3 개념확장,q_식자재_07,견과류,식료품 중 '식자재'를 판매·제공하는 매장,8d2516ee-1d59-4899-a455-bace85d30b5f,넥섬네트웍스,통신기기,제주로얄쇼핑센터,자율상권구역,제주특별자치도,0.0,0.0,,,RESOLVED_AGREEMENT,False,0,,,,
dfb5e3c0411a7677bb7b,val,식자재,T3 개념확장,q_식자재_07,견과류,식료품 중 '식자재'를 판매·제공하는 매장,00fea2e0-f294-46b6-af68-655475e888be,동양유통,"곡물, 식자재",김해새벽시장,기타,경상남도,2.0,3.0,,,P2_GRADED_ONLY,True,,,,,
035207b341d1ea09490f,val,식자재,T3 개념확장,q_식자재_07,견과류,식료품 중 '식자재'를 판매·제공하는 매장,7651869a-36c7-47b3-a75c-caa9fd25bca8,대평상회,견과류,남포동건어물도매시장,전통시장,부산광역시,3.0,3.0,,,RESOLVED_AGREEMENT,False,3,,,,
738105a198e388187a59,val,식자재,T3 개념확장,q_식자재_07,견과류,식료품 중 '식자재'를 판매·제공하는 매장,4044b353-c87e-440b-bad8-7331ddb09bc1,옥동분식,음식,안동시옥동 골목형상점가,골목형상점가,경상북도,0.0,0.0,,,RESOLVED_AGREEMENT,False,0,,,,
b0c0974da2e00bf59adf,val,식자재,T3 개념확장,q_식자재_07,견과류,식료품 중 '식자재'를 판매·제공하는 매장,00362b85-cb9a-4318-9059-12f768d76197,파리바게뜨전주인후점,제과점,소나무 골목형상점가,골목형상점가,전북특별자치도,1.0,0.0,,,P2_GRADED_ONLY,True,,,,,
5511e66760240decc55a,val,식자재,T3 개념확장,q_식자재_07,견과류,식료품 중 '식자재'를 판매·제공하는 매장,1fba876f-9f95-447f-9519-eb7024ca3762,부일상회,견과류,팔달신시장,전통시장,대구광역시,3.0,3.0,,,RESOLVED_AGREEMENT,False,3,,,,
6ed8a655babaf8ea2bf5,val,식자재,T3 개념확장,q_식자재_07,견과류,식료품 중 '식자재'를 판매·제공하는 매장,1c254a20-b2ce-4b9b-a277-34a321654317,사랑이네견과류,견과류,성남중앙지하시장,일반지하상점가,경기도,3.0,0.0,,,P1_BINARY_THRESHOLD,True,,,,,
6cbf48226b3b4771c785,val,식자재,T3 개념확장,q_식자재_07,견과류,식료품 중 '식자재'를 판매·제공하는 매장,0592f5f6-ae8d-491f-87e9-2021a00f4ae0,우리상회,곡물,상주중앙시장,전통시장,경상북도,2.0,3.0,,,P2_GRADED_ONLY,True,,,,,
f2520b67274e674181e5,val,식자재,T3 개념확장,q_식자재_07,견과류,식료품 중 '식자재'를 판매·제공하는 매장,022ece99-80e4-453c-91c0-f46f8527e7ab,구즉방아간,방앗간,송강전통시장,전통시장,대전광역시,2.0,3.0,,,P2_GRADED_ONLY,True,,,,,
8b8d1f0e9f6edc834610,val,식자재,T3 개념확장,q_식자재_08,전자상거래 곡물,식료품 중 '식자재'를 판매·제공하는 매장,70d1cb53-00ff-4e32-b29a-1c6973f3c798,해드림,제사음식 전자상거래,창원 봉곡프라자상가,전통시장,경상남도,0.0,0.0,,,RESOLVED_AGREEMENT,False,0,,,,
4f17100d03452285e9d4,val,식자재,T3 개념확장,q_식자재_08,전자상거래 곡물,식료품 중 '식자재'를 판매·제공하는 매장,01a5f192-c482-46e3-8b58-5358216d0749,풍전기름집,참기름,화곡본동시장,전통시장,서울특별시,3.0,3.0,,,RESOLVED_AGREEMENT,False,3,,,,
57fd932151cdb01d7266,val,식자재,T3 개념확장,q_식자재_08,전자상거래 곡물,식료품 중 '식자재'를 판매·제공하는 매장,013444f9-7e9b-4640-84f0-43ac071ef57f,대림고추방아,"고추가루, 기름",부천강남시장,전통시장,경기도,0.0,0.0,,,RESOLVED_AGREEMENT,False,0,,,,
541b75d5fb35985695c9,val,식자재,T3 개념확장,q_식자재_08,전자상거래 곡물,식료품 중 '식자재'를 판매·제공하는 매장,00e30e5a-4662-4e65-9b6c-dd704886f1af,믿음떡집,떡방앗간,문창시장,전통시장,대전광역시,3.0,3.0,,,RESOLVED_AGREEMENT,False,3,,,,
d7b3710d0ada6c3709bd,val,식자재,T3 개념확장,q_식자재_08,전자상거래 곡물,식료품 중 '식자재'를 판매·제공하는 매장,cbb758cb-476f-4b86-a5b5-fad29269019b,홀리마켓,건어물 전자상거래,통영 북신전통시장,전통시장,경상남도,0.0,3.0,,,P1_BINARY_THRESHOLD,True,,,,,
52763b44b279417730d3,val,식자재,T3 개념확장,q_식자재_08,전자상거래 곡물,식료품 중 '식자재'를 판매·제공하는 매장,0e224dee-e545-48f6-95af-5a197b33a076,경북식품,식용유,가락몰골목형상점가,골목형상점가,서울특별시,3.0,0.0,,,P1_BINARY_THRESHOLD,True,,,,,
db44d147114727936975,val,식자재,T3 개념확장,q_식자재_08,전자상거래 곡물,식료품 중 '식자재'를 판매·제공하는 매장,04cffa8f-5c05-444b-bde1-a3d1918cf92f,강원기름집,식용유,속초종합중앙시장,전통시장,강원특별자치도,3.0,3.0,,,RESOLVED_AGREEMENT,False,3,,,,
1d77df74d023256c8ce4,val,식자재,T3 개념확장,q_식자재_08,전자상거래 곡물,식료품 중 '식자재'를 판매·제공하는 매장,2a1e673a-35e8-487e-9052-775c553953e9,락도,"도자기, 전자상거래 소매업",사기막골도자기시장(구 사기막골도예촌재래시장),전통시장,경기도,0.0,0.0,,,RESOLVED_AGREEMENT,False,0,,,,
706b5036501f5bac52a2,val,식자재,T3 개념확장,q_식자재_08,전자상거래 곡물,식료품 중 '식자재'를 판매·제공하는 매장,001cb3d4-5441-4963-b517-d5b3904ee312,현창떡집,떡집,목포동부시장,전통시장,전라남도,1.0,0.0,,,P2_GRADED_ONLY,True,,,,,
2dfc29dc93e74b9dd150,val,식자재,T3 개념확장,q_식자재_08,전자상거래 곡물,식료품 중 '식자재'를 판매·제공하는 매장,04c905ba-3172-4ea4-a6dd-4345d674dea0,덕순이네,제조업(떡집),장터길 골목형상점가,골목형상점가,경기도,1.0,0.0,,,P2_GRADED_ONLY,True,,,,,
8dc294ae0c5d2b2fc82a,val,식자재,T3 개념확장,q_식자재_08,전자상거래 곡물,식료품 중 '식자재'를 판매·제공하는 매장,00bf0e58-0696-472a-8a12-945c44dc9435,오복상회,쌀,백년시장(구 강북종합전통시장),전통시장,서울특별시,3.0,3.0,,,RESOLVED_AGREEMENT,False,3,,,,
7869b73ea05b9b787841,val,식자재,T3 개념확장,q_식자재_08,전자상거래 곡물,식료품 중 '식자재'를 판매·제공하는 매장,35dd6f81-e752-4b1f-8f40-85b3417880b7,부길사,"외의, 전자상거래 소매업",진해중앙시장,전통시장,경상남도,0.0,0.0,,,RESOLVED_AGREEMENT,False,0,,,,
de89ac45571048494ec8,val,식자재,T3 개념확장,q_식자재_08,전자상거래 곡물,식료품 중 '식자재'를 판매·제공하는 매장,cdf95804-1eab-479e-a222-68e56ece4f2b,율민샐러드,전자상거래,금암동 골목형상점가,골목형상점가,전북특별자치도,0.0,0.0,,,RESOLVED_AGREEMENT,False,0,,,,
432b23499ba66c6e2b1e,val,식자재,T3 개념확장,q_식자재_08,전자상거래 곡물,식료품 중 '식자재'를 판매·제공하는 매장,008d07a3-ba18-4806-9ec7-48c0adb25276,아빠네 빵집,제과제빵,신창수문 골목형상점가,골목형상점가,광주광역시,1.0,0.0,,,P2_GRADED_ONLY,True,,,,,
906b57f12a4f20492c6c,val,식자재,T3 개념확장,q_식자재_08,전자상거래 곡물,식료품 중 '식자재'를 판매·제공하는 매장,c4e430f4-7b79-4ff7-b3b0-eff4643783d6,양지식당,음식,부천자유시장,전통시장,경기도,0.0,1.0,,,P2_GRADED_ONLY,True,,,,,
a243f978c311fd897a0f,val,식자재,T3 개념확장,q_식자재_08,전자상거래 곡물,식료품 중 '식자재'를 판매·제공하는 매장,5076ea8b-71e8-4ffc-b73a-15de1254a8f0,까치,한옥체험업 전자상거래,전주한옥마을 골목형상점가,골목형상점가,전북특별자치도,0.0,0.0,,,RESOLVED_AGREEMENT,False,0,,,,
2770ec06fdf7f2949bc7,val,식자재,T3 개념확장,q_식자재_08,전자상거래 곡물,식료품 중 '식자재'를 판매·제공하는 매장,99e4dbca-2a78-4d25-a130-4ae485d891c7,에스그린쇼핑,전자상거래,오산오색시장(구 오산중앙시장),전통시장,경기도,0.0,0.0,,,RESOLVED_AGREEMENT,False,0,,,,
c42c423713b0ab74aa84,val,식자재,T3 개념확장,q_식자재_08,전자상거래 곡물,식료품 중 '식자재'를 판매·제공하는 매장,06bbe239-5774-4794-91c3-b45901659200,성진상회,식용유,고성시장,전통시장,경상남도,3.0,3.0,,,RESOLVED_AGREEMENT,False,3,,,,
13458ab678f5b67c0a42,val,식자재,T3 개념확장,q_식자재_08,전자상거래 곡물,식료품 중 '식자재'를 판매·제공하는 매장,89bdb1aa-6c0a-4726-9f19-afc72614643e,윤블리,"의류, 전자상거래(의류)",부산평화시장,전통시장,부산광역시,0.0,0.0,,,RESOLVED_AGREEMENT,False,0,,,,
61b8ba415f07862dfba0,val,식자재,T3 개념확장,q_식자재_08,전자상거래 곡물,식료품 중 '식자재'를 판매·제공하는 매장,02223ab5-044d-40ad-8cc7-838ed325ada0,상옥쌀상회,쌀,영일대북부시장(구 북부시장),전통시장,경상북도,3.0,3.0,,,RESOLVED_AGREEMENT,False,3,,,,
37c1a4926674ef824f6d,val,식자재,T3 개념확장,q_식자재_08,전자상거래 곡물,식료품 중 '식자재'를 판매·제공하는 매장,e583415d-8309-4793-99a8-5bf2b09ad70f,히트,"소매업(의류,전자상거래)",안양일번가 지하쇼핑몰,일반지하상점가,경기도,0.0,0.0,,,RESOLVED_AGREEMENT,False,0,,,,
1582f63ddff848d61f15,val,식자재,T3 개념확장,q_식자재_08,전자상거래 곡물,식료품 중 '식자재'를 판매·제공하는 매장,13cba53f-a7dd-4af1-98b6-597d526fe103,풍년상회,고추,인왕시장,전통시장,서울특별시,0.0,3.0,,,P1_BINARY_THRESHOLD,True,,,,,
c4b229432913dcfe9051,val,식자재,T3 개념확장,q_식자재_08,전자상거래 곡물,식료품 중 '식자재'를 판매·제공하는 매장,8f85e6aa-a1fd-4de2-bc3b-2a1eb9118d10,캐럿,귀금속 시계 전자상거래,일곡동 골목형상점가,골목형상점가,광주광역시,0.0,0.0,,,RESOLVED_AGREEMENT,False,0,,,,
6b5628964976d632bec8,val,식자재,T3 개념확장,q_식자재_08,전자상거래 곡물,식료품 중 '식자재'를 판매·제공하는 매장,47148d0d-6c6d-4ab4-b406-141f2f1b13f5,"안녕,샐리",전자상거래(의류),마산 대동씨코아상가시장,전통시장,경상남도,0.0,0.0,,,RESOLVED_AGREEMENT,False,0,,,,
93e63dd32fd444ec3de7,val,식자재,T3 개념확장,q_식자재_08,전자상거래 곡물,식료품 중 '식자재'를 판매·제공하는 매장,fd5f2986-4d3a-44d4-a12b-57e686b7d633,복코마켓,전자상거래,은구비서로사회적협동조합 골목형상점가,골목형상점가,대전광역시,0.0,0.0,,,RESOLVED_AGREEMENT,False,0,,,,
c54113a1bc3425862c04,val,식자재,T3 개념확장,q_식자재_08,전자상거래 곡물,식료품 중 '식자재'를 판매·제공하는 매장,00fea2e0-f294-46b6-af68-655475e888be,동양유통,"곡물, 식자재",김해새벽시장,기타,경상남도,3.0,3.0,,,RESOLVED_AGREEMENT,False,3,,,,
8ad035568303751e0aa9,val,식자재,T3 개념확장,q_식자재_08,전자상거래 곡물,식료품 중 '식자재'를 판매·제공하는 매장,00eca8e7-b158-4572-b540-c241f4ad2546,거창상회,식자재,충무동 새벽시장,전통시장,부산광역시,3.0,3.0,,,RESOLVED_AGREEMENT,False,3,,,,
3b9377d4da55b9261999,val,식자재,T3 개념확장,q_식자재_08,전자상거래 곡물,식료품 중 '식자재'를 판매·제공하는 매장,75f96dbc-18b9-4f4a-af81-d48135865872,반딧불농특산물장터,곡물 전자상거래,용호골목시장,전통시장,부산광역시,3.0,3.0,,,RESOLVED_AGREEMENT,False,3,,,,
9d450a9af326ab5cce7c,val,식자재,T3 개념확장,q_식자재_08,전자상거래 곡물,식료품 중 '식자재'를 판매·제공하는 매장,7a47fd44-5609-44ef-b5e8-ef98ddecc308,엔젤옷집,"옷, 전자상거래 소매업",통영 충무데파트,자율상권구역,경상남도,0.0,0.0,,,RESOLVED_AGREEMENT,False,0,,,,
830c74dda6ae5c10e122,val,식자재,T3 개념확장,q_식자재_08,전자상거래 곡물,식료품 중 '식자재'를 판매·제공하는 매장,281fd3e6-7e31-4664-ad28-9acbfe282ae1,가마솥촌두부,"두부, 전자상거래",포항죽도농산물시장,전통시장,경상북도,0.0,0.0,,,RESOLVED_AGREEMENT,False,0,,,,
8cadabd368e191923c69,val,식자재,T3 개념확장,q_식자재_08,전자상거래 곡물,식료품 중 '식자재'를 판매·제공하는 매장,b4f62388-8c8a-4482-bf44-ef9e94bb06de,윤성무역,전자상거래,서문시장2지구 종합상가,전통시장,대구광역시,0.0,0.0,,,RESOLVED_AGREEMENT,False,0,,,,
6046bdf08b05f350f991,val,식자재,T3 개념확장,q_식자재_08,전자상거래 곡물,식료품 중 '식자재'를 판매·제공하는 매장,b71eca37-dda0-40ef-bcbe-fcb436a7ce94,토실,도자기 그림 전자상거래 공방,전주한옥마을 골목형상점가,골목형상점가,전북특별자치도,0.0,0.0,,,RESOLVED_AGREEMENT,False,0,,,,
58b6800fe186537985b1,val,식자재,T3 개념확장,q_식자재_08,전자상거래 곡물,식료품 중 '식자재'를 판매·제공하는 매장,76f2caad-f822-40e5-a598-0dfb1575c73b,행복나무,전자상거래,대림골목시장,전통시장,서울특별시,0.0,0.0,,,RESOLVED_AGREEMENT,False,0,,,,
210fa6b9046a7c4f58ab,val,식자재,T3 개념확장,q_식자재_08,전자상거래 곡물,식료품 중 '식자재'를 판매·제공하는 매장,a47af909-aa5f-41bd-94e0-16cf7743dd54,고은이언니,전자상거래,창원 상남시장,전통시장,경상남도,0.0,0.0,,,RESOLVED_AGREEMENT,False,0,,,,
7d66d19c199f1f391ee5,val,식자재,T3 개념확장,q_식자재_08,전자상거래 곡물,식료품 중 '식자재'를 판매·제공하는 매장,021bf03c-8b83-4288-89c5-15a4a162142b,신선식품,식자재,사천읍시장,전통시장,경상남도,3.0,3.0,,,RESOLVED_AGREEMENT,False,3,,,,
2619cc1ea32553f17dec,val,식자재,T3 개념확장,q_식자재_08,전자상거래 곡물,식료품 중 '식자재'를 판매·제공하는 매장,b0444203-7750-4147-bb67-a22c80a43b2a,아인,도소매(전자상거래),오류버들시장골목형상점가,골목형상점가,서울특별시,0.0,0.0,,,RESOLVED_AGREEMENT,False,0,,,,
5151dc742852ea4d372d,val,식자재,T3 개념확장,q_식자재_08,전자상거래 곡물,식료품 중 '식자재'를 판매·제공하는 매장,52619cf7-0c3d-4856-9a2d-250683000a42,윤경hair1010,미용,신가동 골목형상점가,골목형상점가,광주광역시,0.0,0.0,,,RESOLVED_AGREEMENT,False,0,,,,
766a2e85e52a12c40848,val,식자재,T3 개념확장,q_식자재_08,전자상거래 곡물,식료품 중 '식자재'를 판매·제공하는 매장,5f96fc72-3f7c-44dd-a6fc-aa9ffa08dc61,요아정 세종해밀점,아이스크림,해밀동 골목형상점가,골목형상점가,세종특별자치시,0.0,0.0,,,RESOLVED_AGREEMENT,False,0,,,,
a57fab96f38ed0357930,val,식자재,T3 개념확장,q_식자재_08,전자상거래 곡물,식료품 중 '식자재'를 판매·제공하는 매장,1e95cc43-1b87-45a9-9c94-2723dd933f3c,양양제일아가방,의류 잡화,양양로 골목형상점가,골목형상점가,강원특별자치도,0.0,0.0,,,RESOLVED_AGREEMENT,False,0,,,,
59c49bdd5b23620af379,val,식자재,T3 개념확장,q_식자재_08,전자상거래 곡물,식료품 중 '식자재'를 판매·제공하는 매장,be6c37c9-d8e5-4dc2-a8ab-c7812db38389,광천상회,전자상거래 소매업,예산상설시장,전통시장,충청남도,0.0,3.0,,,P1_BINARY_THRESHOLD,True,,,,,
6fa1b8174dcb28101e50,val,식자재,T3 개념확장,q_식자재_08,전자상거래 곡물,식료품 중 '식자재'를 판매·제공하는 매장,005313c8-dce8-49b6-9841-9143ebb1305a,동원떡집,,박달시장,전통시장,경기도,1.0,0.0,,,P2_GRADED_ONLY,True,,,,,
07ccc40a2cc3650e699d,val,식자재,T3 개념확장,q_식자재_08,전자상거래 곡물,식료품 중 '식자재'를 판매·제공하는 매장,e62d8a31-dfe3-46c0-9e1d-cf46bd73e766,아트,전자상거래업,안양중앙지하도상가,일반지하상점가,경기도,0.0,0.0,,,RESOLVED_AGREEMENT,False,0,,,,
882ec8b96c7a9526c0ab,val,식자재,T3 개념확장,q_식자재_08,전자상거래 곡물,식료품 중 '식자재'를 판매·제공하는 매장,023e47e8-7973-4e3d-95f3-f6bf168360f0,(주)동양종합유통,식자재,양동건어물시장,전통시장,광주광역시,3.0,3.0,,,RESOLVED_AGREEMENT,False,3,,,,
5ca55f1d07c9faacc802,val,식자재,T3 개념확장,q_식자재_08,전자상거래 곡물,식료품 중 '식자재'를 판매·제공하는 매장,69a1f685-d154-4f1d-aa2a-20e728051845,두나미시,전자상거래 의류,의정부역지하상가,일반지하상점가,경기도,0.0,0.0,,,RESOLVED_AGREEMENT,False,0,,,,
03ecc578a68c7d75fac0,val,식자재,T3 개념확장,q_식자재_08,전자상거래 곡물,식료품 중 '식자재'를 판매·제공하는 매장,c0ac1c45-c7de-4d05-952d-3032cf719657,제주도야지,"한식, 전자상거래",화성향남2지구상점가,자율상권구역,경기도,0.0,0.0,,,RESOLVED_AGREEMENT,False,0,,,,
b82347e5d0d111bbf6a9,val,식자재,T3 개념확장,q_식자재_08,전자상거래 곡물,식료품 중 '식자재'를 판매·제공하는 매장,2cf5771c-508e-4902-a351-e21f2156e55d,찐축산,육류 과일 야채 식품 잡화 전자상거래,일곡동(제1지역:자연마을 일동초 거리) 골목형상점가,골목형상점가,광주광역시,1.0,2.0,,,P1_BINARY_THRESHOLD,True,,,,,
50ff96188669adb27a03,val,식자재,T3 개념확장,q_식자재_08,전자상거래 곡물,식료품 중 '식자재'를 판매·제공하는 매장,28392e13-f9a2-4556-aaf0-5f6f57d797ef,어보이,한옥체험업 전자상거래,전주한옥마을 골목형상점가,골목형상점가,전북특별자치도,0.0,0.0,,,RESOLVED_AGREEMENT,False,0,,,,
67c016b847ac1bf59903,val,식자재,T3 개념확장,q_식자재_08,전자상거래 곡물,식료품 중 '식자재'를 판매·제공하는 매장,a9d99642-17cf-4627-95b8-89c704dc978f,스타킹,전자상거래,팔달문시장,전통시장,경기도,0.0,0.0,,,RESOLVED_AGREEMENT,False,0,,,,
095ce47398aa88c22fb8,val,식자재,T3 개념확장,q_식자재_08,전자상거래 곡물,식료품 중 '식자재'를 판매·제공하는 매장,002d0d06-15b2-463e-b789-b0232bcc6681,뚜레주르버들마을점,제과,버들마을상인회 골목형상점가,골목형상점가,광주광역시,1.0,0.0,,,P2_GRADED_ONLY,True,,,,,
ed23731c04472a394d82,val,식자재,T3 개념확장,q_식자재_08,전자상거래 곡물,식료품 중 '식자재'를 판매·제공하는 매장,de03ffde-46fd-4f1c-8058-1474060b1dfc,구움공간,제과 전자상거래,봉곡우전로 골목형상점가,골목형상점가,전북특별자치도,1.0,0.0,,,P2_GRADED_ONLY,True,,,,,
3555f51b6f339d561ac3,val,식자재,T3 개념확장,q_식자재_08,전자상거래 곡물,식료품 중 '식자재'를 판매·제공하는 매장,001bc028-a43e-44d4-9682-db280a4998cc,파리바게뜨전주근영점,제과점,근영누리 골목형상점가,골목형상점가,전북특별자치도,1.0,0.0,,,P2_GRADED_ONLY,True,,,,,
775d3d6553a2e76da7d5,val,식자재,T3 개념확장,q_식자재_08,전자상거래 곡물,식료품 중 '식자재'를 판매·제공하는 매장,5b6c2c55-710b-44cf-bc9d-179217593a3e,미미상회,"양곡, 전자상거래",동서시장,전통시장,대구광역시,0.0,3.0,,,P1_BINARY_THRESHOLD,True,,,,,
4b3d9751ee614fd0f738,val,식자재,T3 개념확장,q_식자재_08,전자상거래 곡물,식료품 중 '식자재'를 판매·제공하는 매장,80ffdc3a-eb66-4ccd-ada2-aef126c98ce2,블랑블랑,신발 의류 잡화 전자상거래,문학로 골목형상점가,골목형상점가,전북특별자치도,0.0,0.0,,,RESOLVED_AGREEMENT,False,0,,,,
f3e60df1b4c9d4f9f0b8,val,식자재,T3 개념확장,q_식자재_08,전자상거래 곡물,식료품 중 '식자재'를 판매·제공하는 매장,011f646c-0d2f-4770-a90e-d5d39e580d38,올 푸드,식자재,두암시장,전통시장,광주광역시,3.0,3.0,,,RESOLVED_AGREEMENT,False,3,,,,
b0cdd56aa431e80f12ad,val,식자재,T3 개념확장,q_식자재_08,전자상거래 곡물,식료품 중 '식자재'를 판매·제공하는 매장,4131bd96-49bf-4ffe-8e6a-b3a906fb40b2,태평선식,소매(기타음식료품 및 일용잡화),길동복조리시장,전통시장,서울특별시,0.0,3.0,,,P1_BINARY_THRESHOLD,True,,,,,
decfa5a18ccbc31a7c5f,val,식자재,T3 개념확장,q_식자재_08,전자상거래 곡물,식료품 중 '식자재'를 판매·제공하는 매장,3c267dc8-337a-4ef7-8119-48792fd207e8,털보고된이,한식,연신내골목형상점가,골목형상점가,서울특별시,0.0,0.0,,,RESOLVED_AGREEMENT,False,0,,,,
92077d4c4c94b9d0e7e5,val,식자재,T3 개념확장,q_식자재_08,전자상거래 곡물,식료품 중 '식자재'를 판매·제공하는 매장,5606e31c-7134-4c1d-b4b2-78bec187eac6,해가든떡사랑,"떡, 전자상거래",둔촌역전통시장,전통시장,서울특별시,0.0,0.0,,,RESOLVED_AGREEMENT,False,0,,,,
7c57887cfefcd6005da0,val,식자재,T3 개념확장,q_식자재_08,전자상거래 곡물,식료품 중 '식자재'를 판매·제공하는 매장,001961d9-cb5d-40bc-903a-33d483f7d132,헬씨스탠다드,"건강기능식품, 쌀, 견과류, 약재",응암소담길 골목형상점가,골목형상점가,서울특별시,3.0,3.0,,,RESOLVED_AGREEMENT,False,3,,,,
5c702cc3612c5c5448b1,val,식자재,T3 개념확장,q_식자재_08,전자상거래 곡물,식료품 중 '식자재'를 판매·제공하는 매장,00362b85-cb9a-4318-9059-12f768d76197,파리바게뜨전주인후점,제과점,소나무 골목형상점가,골목형상점가,전북특별자치도,1.0,0.0,,,P2_GRADED_ONLY,True,,,,,
caac79575768a53bc968,val,식자재,T3 개념확장,q_식자재_08,전자상거래 곡물,식료품 중 '식자재'를 판매·제공하는 매장,f336f5de-685b-4639-a22a-1780ca4809a3,현선목장,식육 전자상거래,"호성2길, 3길 골목형상점가",골목형상점가,전북특별자치도,0.0,0.0,,,RESOLVED_AGREEMENT,False,0,,,,
317d84a2a9e95d86b845,val,식자재,T3 개념확장,q_식자재_08,전자상거래 곡물,식료품 중 '식자재'를 판매·제공하는 매장,af0e5dab-1d65-410c-9d51-8781a302c0b4,남포상회,"전자상거래 의류, 잡화",남포지하도상가,일반지하상점가,부산광역시,0.0,3.0,,,P1_BINARY_THRESHOLD,True,,,,,
1e25449ad77c4ca3b7ea,val,식자재,T3 개념확장,q_식자재_08,전자상거래 곡물,식료품 중 '식자재'를 판매·제공하는 매장,03e3e424-656a-46ea-82b7-21bcc07cae47,초왕상회,"곡물, 농산물",전주남부시장,전통시장,전북특별자치도,3.0,3.0,,,RESOLVED_AGREEMENT,False,3,,,,
bd31d05be7e73371bbae,val,식자재,T3 개념확장,q_식자재_08,전자상거래 곡물,식료품 중 '식자재'를 판매·제공하는 매장,00e80339-1353-4885-81d7-0746a437abb2,포식 용인한숲시티점,쌀국수 돈까스 함박스테이크,남사한숲 골목형상점가,골목형상점가,경기도,3.0,3.0,,,RESOLVED_AGREEMENT,False,3,,,,
d19b6c017f546a0d86d7,val,식자재,T3 개념확장,q_식자재_08,전자상거래 곡물,식료품 중 '식자재'를 판매·제공하는 매장,00ec16f5-8b45-4af1-bb1b-6389f2412be8,수진식품,"참기름, 고추가루등",김해 진영전통시장,전통시장,경상남도,3.0,3.0,,,RESOLVED_AGREEMENT,False,3,,,,
2f42993e445c72eadb15,val,식자재,T3 개념확장,q_식자재_08,전자상거래 곡물,식료품 중 '식자재'를 판매·제공하는 매장,7870b5f3-3cbf-4231-bd71-0d9ea89560b4,브이마켓,"의류, 전자상거래",안성명동거리 골목형상점가,골목형상점가,경기도,0.0,0.0,,,RESOLVED_AGREEMENT,False,0,,,,
c1785f54a55553978c24,val,식자재,T3 개념확장,q_식자재_08,전자상거래 곡물,식료품 중 '식자재'를 판매·제공하는 매장,c976fc77-3cae-4fe0-be53-0474136734cd,클릭앤클릭,"음반, 전자상거래",구미형곡시장프라자,전통시장,경상북도,0.0,0.0,,,RESOLVED_AGREEMENT,False,0,,,,
9cb3307742a5e9fa7845,val,식자재,T3 개념확장,q_식자재_08,전자상거래 곡물,식료품 중 '식자재'를 판매·제공하는 매장,d8c4ad3f-1e87-4022-baeb-9723ad5d859c,더휴,한옥체험 전자상거래,전주한옥마을 골목형상점가,골목형상점가,전북특별자치도,0.0,0.0,,,RESOLVED_AGREEMENT,False,0,,,,
3e5f7a0744a378962be2,val,식자재,T3 개념확장,q_식자재_08,전자상거래 곡물,식료품 중 '식자재'를 판매·제공하는 매장,a1a1c2b0-044e-4a78-9794-eddfd424bae6,객제,약주 제조 및 전자상거래,부여도심 상권활성화구역,상권활성화구역,충청남도,0.0,0.0,,,RESOLVED_AGREEMENT,False,0,,,,
894bf63b44f333973c3e,val,식자재,T3 개념확장,q_식자재_08,전자상거래 곡물,식료품 중 '식자재'를 판매·제공하는 매장,7ba5ba62-9e60-41cc-bb6a-5736fe086af4,그꼴로어디가게,전자상거래,관문상가시장,전통시장,대구광역시,0.0,0.0,,,RESOLVED_AGREEMENT,False,0,,,,
6e3e6b29bd320ec645a2,val,식자재,T3 개념확장,q_식자재_08,전자상거래 곡물,식료품 중 '식자재'를 판매·제공하는 매장,092868ef-cdbe-426a-8e04-c1862bac5076,익산바이오,식용유,세종전통시장,전통시장,세종특별자치시,3.0,0.0,,,P1_BINARY_THRESHOLD,True,,,,,
17f9b57393f9f032e0f2,val,식자재,T3 개념확장,q_식자재_08,전자상거래 곡물,식료품 중 '식자재'를 판매·제공하는 매장,0b69c684-9b0b-490b-892e-9267cf4662a3,윤수참기름,식용유,진주 청과시장,전통시장,경상남도,3.0,3.0,,,RESOLVED_AGREEMENT,False,3,,,,
fb614b6a696f20c309ff,val,식자재,T3 개념확장,q_식자재_08,전자상거래 곡물,식료품 중 '식자재'를 판매·제공하는 매장,015915e3-2542-4245-b627-0c775b4c5501,한내떡집,,거제 고현시장,전통시장,경상남도,1.0,0.0,,,P2_GRADED_ONLY,True,,,,,
03a6282155925d088381,val,식자재,T3 개념확장,q_식자재_08,전자상거래 곡물,식료품 중 '식자재'를 판매·제공하는 매장,4e507f33-ce0a-4cd3-a840-23a325ac2e61,슈즈원,전자상거래,부산자유시장,전통시장,부산광역시,0.0,0.0,,,RESOLVED_AGREEMENT,False,0,,,,
04c56adc55e37f0ff1d3,val,식자재,T3 개념확장,q_식자재_08,전자상거래 곡물,식료품 중 '식자재'를 판매·제공하는 매장,31303521-9995-4ec9-a7d6-bb1b55acd85c,하드이지,의류 전자상거래,성서와룡시장,전통시장,대구광역시,0.0,0.0,,,RESOLVED_AGREEMENT,False,0,,,,
df21bf542404522eb146,val,식자재,T3 개념확장,q_식자재_08,전자상거래 곡물,식료품 중 '식자재'를 판매·제공하는 매장,8cdaaa6f-11ed-4f95-9b81-d0596276b011,스웨그몽,전자상거래,수원남문로데오시장,전통시장,경기도,0.0,0.0,,,RESOLVED_AGREEMENT,False,0,,,,
72bd8f0bbc4c251687b4,val,식자재,T3 개념확장,q_식자재_08,전자상거래 곡물,식료품 중 '식자재'를 판매·제공하는 매장,9c7242e8-0782-4698-bd6e-be5371ac0cf6,명랑핫도그,분식,단국대 앞 골목형상점가,골목형상점가,경기도,0.0,0.0,,,RESOLVED_AGREEMENT,False,0,,,,
3912d8f9eaa8f2c4c001,val,식자재,T3 개념확장,q_식자재_08,전자상거래 곡물,식료품 중 '식자재'를 판매·제공하는 매장,01e4cef2-9c12-4be0-9c3e-5a09ab67f7f5,대명제유,"고추, 기름",의정부제일시장,전통시장,경기도,0.0,0.0,,,RESOLVED_AGREEMENT,False,0,,,,
e1f064cdf04bd21cf294,val,식자재,T3 개념확장,q_식자재_08,전자상거래 곡물,식료품 중 '식자재'를 판매·제공하는 매장,8636eb30-1a24-44f6-903e-5d3afbbd54cf,웨인,"소매(의류, 전자상거래)",수원남문패션1번가시장,전통시장,경기도,0.0,0.0,,,RESOLVED_AGREEMENT,False,0,,,,
cc601dacda7f8b96588d,val,식자재,T3 개념확장,q_식자재_08,전자상거래 곡물,식료품 중 '식자재'를 판매·제공하는 매장,4cb7437f-5db4-4fae-a019-fd6956ff3a59,쉐도우스톤,액세서리 잡화 전자상거래,삼익패션타운,전통시장,서울특별시,0.0,0.0,,,RESOLVED_AGREEMENT,False,0,,,,
926929d81568ecc4601e,val,식자재,T3 개념확장,q_식자재_08,전자상거래 곡물,식료품 중 '식자재'를 판매·제공하는 매장,044b74fa-bb37-480b-8d36-3f7676cf2fb4,영진상회,곡물,청주육거리종합시장,전통시장,충청북도,3.0,3.0,,,RESOLVED_AGREEMENT,False,3,,,,
ff29724a97d126ccb52b,val,식자재,T3 개념확장,q_식자재_08,전자상거래 곡물,식료품 중 '식자재'를 판매·제공하는 매장,7255da1a-1ea1-4db1-a42b-f403e1916fc1,9다,"소품, 잡화, 전자상거래",김해 동상전통시장,전통시장,경상남도,0.0,0.0,,,RESOLVED_AGREEMENT,False,0,,,,
02234afad67341485a92,val,식자재,T3 개념확장,q_식자재_08,전자상거래 곡물,식료품 중 '식자재'를 판매·제공하는 매장,39455c51-1e07-46f8-bf2e-13b63fe85e92,㈜올댓프레시,전자상거래,분당종합시장,전통시장,경기도,0.0,0.0,,,RESOLVED_AGREEMENT,False,0,,,,
a89564dca002b2675aa1,val,식자재,T3 개념확장,q_식자재_08,전자상거래 곡물,식료품 중 '식자재'를 판매·제공하는 매장,79ee9bd7-18d9-4bd4-bb84-17f326a7f538,홍윤베이커리,제과 전자상거래,군산수송 골목형상점가,골목형상점가,전북특별자치도,1.0,0.0,,,P2_GRADED_ONLY,True,,,,,
c22e390e4ef751fc27bc,val,식자재,T3 개념확장,q_식자재_08,전자상거래 곡물,식료품 중 '식자재'를 판매·제공하는 매장,56725728-7a00-4920-b178-cd5e90ec80d7,연(YEON),전자상거래 소매업,웰컴시티,전통시장,울산광역시,0.0,0.0,,,RESOLVED_AGREEMENT,False,0,,,,
2ffd280ae57792300045,val,식자재,T3 개념확장,q_식자재_08,전자상거래 곡물,식료품 중 '식자재'를 판매·제공하는 매장,01859206-536a-40a7-be1e-c8610663a665,동원참기름,참기름,안강공설시장,전통시장,경상북도,3.0,3.0,,,RESOLVED_AGREEMENT,False,3,,,,
2221d2b5ac1c6ec173e0,val,식자재,T3 개념확장,q_식자재_08,전자상거래 곡물,식료품 중 '식자재'를 판매·제공하는 매장,0b8ef6dc-2f6b-4707-bd73-529122d9c97a,하단떡집,떡집,하단오일상설시장,전통시장,부산광역시,1.0,0.0,,,P2_GRADED_ONLY,True,,,,,
128fca0a0fac8fe7dace,val,식자재,T3 개념확장,q_식자재_08,전자상거래 곡물,식료품 중 '식자재'를 판매·제공하는 매장,bb269b1d-3ac9-44c6-8514-d8a36d223d11,㈜남도마켓남대문지점,전자상거래,남대문시장,전통시장,서울특별시,0.0,0.0,,,RESOLVED_AGREEMENT,False,0,,,,
0c8f532cb602aaff5b5a,val,식자재,T3 개념확장,q_식자재_08,전자상거래 곡물,식료품 중 '식자재'를 판매·제공하는 매장,ad77ba1b-a8d0-4dc5-b106-b63cd89ae7b1,프레피,"의류, 전자상거래(의류)",부산진시장,전통시장,부산광역시,0.0,0.0,,,RESOLVED_AGREEMENT,False,0,,,,
a9ae08fc5a51d40da667,val,식자재,T3 개념확장,q_식자재_08,전자상거래 곡물,식료품 중 '식자재'를 판매·제공하는 매장,0046e3b5-e973-4cc0-807c-acb34ad8e262,야음민속떡집,제조업(떡방앗간),울산번개시장,전통시장,울산광역시,3.0,3.0,,,RESOLVED_AGREEMENT,False,3,,,,
8ec0175ecc76be0b89e4,val,식자재,T3 개념확장,q_식자재_08,전자상거래 곡물,식료품 중 '식자재'를 판매·제공하는 매장,0cfcf7b3-9901-4390-bb71-e693270b0a75,파브리크스토어,"의류, 전자상거래",문정동로데오상점가,자율상권구역,서울특별시,0.0,0.0,,,RESOLVED_AGREEMENT,False,0,,,,
1fef22a8b423dc3870e5,val,식자재,T3 개념확장,q_식자재_08,전자상거래 곡물,식료품 중 '식자재'를 판매·제공하는 매장,c4d437fc-8dbc-44e3-a93b-5b7215cc5d6f,제일식품,식육전자상거래,김해 주촌축산물시장,전통시장,경상남도,1.0,0.0,,,P2_GRADED_ONLY,True,,,,,
fba6b2c4a33a617c7659,val,식자재,T3 개념확장,q_식자재_08,전자상거래 곡물,식료품 중 '식자재'를 판매·제공하는 매장,f0f95fb5-c30a-4160-bebb-fcac32d6fa89,글러그,"파티용품, 전자상거래",김해 동상전통시장,전통시장,경상남도,0.0,0.0,,,RESOLVED_AGREEMENT,False,0,,,,
243745779b2ac963de62,val,식자재,T3 개념확장,q_식자재_08,전자상거래 곡물,식료품 중 '식자재'를 판매·제공하는 매장,034f637f-e1c0-4e3c-99a7-eb7c8deb055a,청풍상회,곡물,내토전통시장,전통시장,충청북도,3.0,3.0,,,RESOLVED_AGREEMENT,False,3,,,,
64122711ab52676bbebf,val,식자재,T3 개념확장,q_식자재_08,전자상거래 곡물,식료품 중 '식자재'를 판매·제공하는 매장,022ece99-80e4-453c-91c0-f46f8527e7ab,구즉방아간,방앗간,송강전통시장,전통시장,대전광역시,3.0,3.0,,,RESOLVED_AGREEMENT,False,3,,,,
e198db49ce4768c82be2,val,식자재,T3 개념확장,q_식자재_08,전자상거래 곡물,식료품 중 '식자재'를 판매·제공하는 매장,023b2cb4-7f9e-4b85-9888-474ee933954a,산척제유소,방앗간,충주자유시장,전통시장,충청북도,3.0,3.0,,,RESOLVED_AGREEMENT,False,3,,,,
a576ce358a4fc8442c6f,val,식자재,T3 개념확장,q_식자재_08,전자상거래 곡물,식료품 중 '식자재'를 판매·제공하는 매장,0017714f-cbac-4f85-a148-338ddcefe41c,유수담,"쌀, 계란, 신선식품",익산북부시장,전통시장,전북특별자치도,3.0,3.0,,,RESOLVED_AGREEMENT,False,3,,,,
93064112645bd34250e7,val,식자재,T3 개념확장,q_식자재_08,전자상거래 곡물,식료품 중 '식자재'를 판매·제공하는 매장,f11e6f85-afa9-4bcd-b200-94427004f78e,mare,"전자상거래, 의류",양산 나래메트로시티 골목형상점가,골목형상점가,경상남도,0.0,0.0,,,RESOLVED_AGREEMENT,False,0,,,,
7abf385cc26197fdd0a0,val,식자재,T3 개념확장,q_식자재_08,전자상거래 곡물,식료품 중 '식자재'를 판매·제공하는 매장,0061123f-a676-4556-9633-5fbc4ecaf6ef,치즈케익카스테라카페,제과,북가좌동 골목형상점가,골목형상점가,서울특별시,1.0,0.0,,,P2_GRADED_ONLY,True,,,,,
1d0f4d9330722bd90fde,val,식자재,T3 개념확장,q_식자재_08,전자상거래 곡물,식료품 중 '식자재'를 판매·제공하는 매장,597a2db9-b5e3-4c55-9ac4-3870567b049f,율이티비,전자상거래 소매업,봉화내성시장,전통시장,경상북도,0.0,0.0,,,RESOLVED_AGREEMENT,False,0,,,,
52b7aa694ead322915b0,val,식자재,T3 개념확장,q_식자재_08,전자상거래 곡물,식료품 중 '식자재'를 판매·제공하는 매장,01757e0a-7278-44bc-9fad-29595028ac3d,현대떡방앗간,방앗간,염매시장(의성중앙시장),전통시장,경상북도,3.0,3.0,,,RESOLVED_AGREEMENT,False,3,,,,
9e3dab07ce5505a1926e,val,식자재,T3 개념확장,q_식자재_08,전자상거래 곡물,식료품 중 '식자재'를 판매·제공하는 매장,e1c661c2-5952-4278-bc24-ec9ba79d6bb7,커피콩콩,카페 전자상거래 소매업,도란도란 골목형상점가,골목형상점가,전북특별자치도,0.0,0.0,,,RESOLVED_AGREEMENT,False,0,,,,
9f6dfe0a09d90230163b,val,식자재,T3 개념확장,q_식자재_08,전자상거래 곡물,식료품 중 '식자재'를 판매·제공하는 매장,5d0027a4-00b6-4955-856a-c129658aeb09,야음행복협동조합,전자상거래,야음상가시장,전통시장,울산광역시,0.0,0.0,,,RESOLVED_AGREEMENT,False,0,,,,
d8ab693094a23f5f19b3,val,식자재,T3 개념확장,q_식자재_08,전자상거래 곡물,식료품 중 '식자재'를 판매·제공하는 매장,0592f5f6-ae8d-491f-87e9-2021a00f4ae0,우리상회,곡물,상주중앙시장,전통시장,경상북도,3.0,3.0,,,RESOLVED_AGREEMENT,False,3,,,,
c665ce684e4b5d3b9320,val,식자재,T3 개념확장,q_식자재_08,전자상거래 곡물,식료품 중 '식자재'를 판매·제공하는 매장,219c2008-e99a-4b25-9343-825d4ae1f4c6,타임체리쉬,전자상거래 소매,창원 성원그랜드쇼핑상가,전통시장,경상남도,0.0,0.0,,,RESOLVED_AGREEMENT,False,0,,,,
033c57e7e0449372a455,val,식자재,T4 구어·문장,q_식자재_09,쌀 사는 곳,식료품 중 '식자재'를 판매·제공하는 매장,24456103-f6b8-46af-8655-82e61d7265d8,커피가 머무르는 곳,커피,반드레길골목형상점가,골목형상점가,서울특별시,0.0,0.0,,,RESOLVED_AGREEMENT,False,0,,,,
7981e346c0aee863fa56,val,식자재,T4 구어·문장,q_식자재_09,쌀 사는 곳,식료품 중 '식자재'를 판매·제공하는 매장,b5a9aa7d-8c8c-400b-a2a7-8c49ae06b0e6,강원미곡,쌀,횡성전통시장,전통시장,강원특별자치도,3.0,3.0,,,RESOLVED_AGREEMENT,False,3,,,,
b8ed93dfb78901490c1c,val,식자재,T4 구어·문장,q_식자재_09,쌀 사는 곳,식료품 중 '식자재'를 판매·제공하는 매장,d632e56f-1503-4202-8d92-af94aa217921,대명농산,쌀,덕신2차시장,전통시장,울산광역시,3.0,3.0,,,RESOLVED_AGREEMENT,False,3,,,,
b0f02f2ef998c91e2e84,val,식자재,T4 구어·문장,q_식자재_09,쌀 사는 곳,식료품 중 '식자재'를 판매·제공하는 매장,41d5f8f5-d2b9-4e6c-a712-00095133cd1f,대흥쌀상회,쌀,양평물맑은시장,전통시장,경기도,3.0,3.0,,,RESOLVED_AGREEMENT,False,3,,,,
d38d0cc3e13cd2f548d6,val,식자재,T4 구어·문장,q_식자재_09,쌀 사는 곳,식료품 중 '식자재'를 판매·제공하는 매장,01757e0a-7278-44bc-9fad-29595028ac3d,현대떡방앗간,방앗간,염매시장(의성중앙시장),전통시장,경상북도,2.0,3.0,,,P2_GRADED_ONLY,True,,,,,
8e9420c109706bbcfedb,val,식자재,T4 구어·문장,q_식자재_09,쌀 사는 곳,식료품 중 '식자재'를 판매·제공하는 매장,001bc028-a43e-44d4-9682-db280a4998cc,파리바게뜨전주근영점,제과점,근영누리 골목형상점가,골목형상점가,전북특별자치도,1.0,0.0,,,P2_GRADED_ONLY,True,,,,,
42619e81540e6aad4804,val,식자재,T4 구어·문장,q_식자재_09,쌀 사는 곳,식료품 중 '식자재'를 판매·제공하는 매장,4ab43860-969f-481e-b269-6d1ce5ba4b82,영광쌀창고,쌀,반송큰시장,전통시장,부산광역시,3.0,3.0,,,RESOLVED_AGREEMENT,False,3,,,,
d6df8e25f95c41f5e1dd,val,식자재,T4 구어·문장,q_식자재_09,쌀 사는 곳,식료품 중 '식자재'를 판매·제공하는 매장,022ece99-80e4-453c-91c0-f46f8527e7ab,구즉방아간,방앗간,송강전통시장,전통시장,대전광역시,2.0,3.0,,,P2_GRADED_ONLY,True,,,,,
8a81681c2947aa135109,val,식자재,T4 구어·문장,q_식자재_09,쌀 사는 곳,식료품 중 '식자재'를 판매·제공하는 매장,01a5f192-c482-46e3-8b58-5358216d0749,풍전기름집,참기름,화곡본동시장,전통시장,서울특별시,2.0,3.0,,,P2_GRADED_ONLY,True,,,,,
f6b41b9da43275952adb,val,식자재,T4 구어·문장,q_식자재_09,쌀 사는 곳,식료품 중 '식자재'를 판매·제공하는 매장,038cca40-2d2c-4beb-b897-44eaa285b599,대영상회,쌀,동두천큰시장,전통시장,경기도,3.0,3.0,,,RESOLVED_AGREEMENT,False,3,,,,
0c248e9e7e84ee49cc30,val,식자재,T4 구어·문장,q_식자재_09,쌀 사는 곳,식료품 중 '식자재'를 판매·제공하는 매장,01859206-536a-40a7-be1e-c8610663a665,동원참기름,참기름,안강공설시장,전통시장,경상북도,2.0,3.0,,,P2_GRADED_ONLY,True,,,,,
eceb323a6f746ff6272b,val,식자재,T4 구어·문장,q_식자재_09,쌀 사는 곳,식료품 중 '식자재'를 판매·제공하는 매장,015915e3-2542-4245-b627-0c775b4c5501,한내떡집,,거제 고현시장,전통시장,경상남도,1.0,0.0,,,P2_GRADED_ONLY,True,,,,,
9806531bdc4901f0f361,val,식자재,T4 구어·문장,q_식자재_09,쌀 사는 곳,식료품 중 '식자재'를 판매·제공하는 매장,001961d9-cb5d-40bc-903a-33d483f7d132,헬씨스탠다드,"건강기능식품, 쌀, 견과류, 약재",응암소담길 골목형상점가,골목형상점가,서울특별시,3.0,3.0,,,RESOLVED_AGREEMENT,False,3,,,,
7d24be9ec45538b76700,val,식자재,T4 구어·문장,q_식자재_09,쌀 사는 곳,식료품 중 '식자재'를 판매·제공하는 매장,bdc21780-d0e7-42c7-82bf-31b8017fc849,여수쌀집,쌀,광양매일시장(광양상설시장),전통시장,전라남도,3.0,3.0,,,RESOLVED_AGREEMENT,False,3,,,,
3748044d692812cea4b2,val,식자재,T4 구어·문장,q_식자재_09,쌀 사는 곳,식료품 중 '식자재'를 판매·제공하는 매장,727a4d51-4e36-4971-9a4a-986aa7b13a94,영진농산,쌀,봉선중앙로 골목형상점가,골목형상점가,광주광역시,3.0,3.0,,,RESOLVED_AGREEMENT,False,3,,,,
e78b00b384721e7ac302,val,식자재,T4 구어·문장,q_식자재_09,쌀 사는 곳,식료품 중 '식자재'를 판매·제공하는 매장,76a3551b-dae4-4326-92cc-662015aedbfb,쉴 곳,한식,칠성로상점가,자율상권구역,제주특별자치도,0.0,0.0,,,RESOLVED_AGREEMENT,False,0,,,,
5eb6bf7a3ab5b855c4b3,val,식자재,T4 구어·문장,q_식자재_09,쌀 사는 곳,식료품 중 '식자재'를 판매·제공하는 매장,842f6cf1-6411-4f4b-be23-746d79e31656,섬곳,한식,플레이사계 지오단길 골목형상점가,골목형상점가,제주특별자치도,0.0,0.0,,,RESOLVED_AGREEMENT,False,0,,,,
e90fd841b8ac7c44259c,val,식자재,T4 구어·문장,q_식자재_09,쌀 사는 곳,식료품 중 '식자재'를 판매·제공하는 매장,1dece7ab-c77e-4e2e-b8f5-584480c0e0a2,부량직판장,쌀,서부시장상점가(서부시장 통합),전통시장,전북특별자치도,3.0,3.0,,,RESOLVED_AGREEMENT,False,3,,,,
d00b9f8a2107d4c7e532,val,식자재,T4 구어·문장,q_식자재_09,쌀 사는 곳,식료품 중 '식자재'를 판매·제공하는 매장,011f646c-0d2f-4770-a90e-d5d39e580d38,올 푸드,식자재,두암시장,전통시장,광주광역시,2.0,3.0,,,P2_GRADED_ONLY,True,,,,,
e0a4ef5f952686e9a08b,val,식자재,T4 구어·문장,q_식자재_09,쌀 사는 곳,식료품 중 '식자재'를 판매·제공하는 매장,104f1635-418f-4970-9632-26a018862faf,관음농산,쌀,관음시장,전통시장,대구광역시,3.0,3.0,,,RESOLVED_AGREEMENT,False,3,,,,
ec5ece8eaf53b6bb696b,val,식자재,T4 구어·문장,q_식자재_09,쌀 사는 곳,식료품 중 '식자재'를 판매·제공하는 매장,54f77a46-b6d5-4b0a-89d0-aa845de7f842,송림상회,쌀,현대시장,전통시장,인천광역시,3.0,3.0,,,RESOLVED_AGREEMENT,False,3,,,,
74dc2db2445fe6088bd9,val,식자재,T4 구어·문장,q_식자재_09,쌀 사는 곳,식료품 중 '식자재'를 판매·제공하는 매장,17982057-550e-40de-85ba-5ca07a8dd9ab,굿푸드홀세일,쌀,대림골목시장,전통시장,서울특별시,3.0,3.0,,,RESOLVED_AGREEMENT,False,3,,,,
71f69a52465222b8732d,val,식자재,T4 구어·문장,q_식자재_09,쌀 사는 곳,식료품 중 '식자재'를 판매·제공하는 매장,85e16695-7fbe-4308-8f33-bcc71dcc3479,대우미곡,쌀,백년소상공인,기타,전라남도,3.0,3.0,,,RESOLVED_AGREEMENT,False,3,,,,
eae0c7a2074dc7406e2a,val,식자재,T4 구어·문장,q_식자재_09,쌀 사는 곳,식료품 중 '식자재'를 판매·제공하는 매장,04c905ba-3172-4ea4-a6dd-4345d674dea0,덕순이네,제조업(떡집),장터길 골목형상점가,골목형상점가,경기도,1.0,0.0,,,P2_GRADED_ONLY,True,,,,,
f4c543647ddccfc0ad51,val,식자재,T4 구어·문장,q_식자재_09,쌀 사는 곳,식료품 중 '식자재'를 판매·제공하는 매장,4468f48e-6618-4759-a990-f3c5dc3f753d,동아상회,쌀,거창 전통시장,전통시장,경상남도,3.0,3.0,,,RESOLVED_AGREEMENT,False,3,,,,
b4a959412e5c8bc76371,val,식자재,T4 구어·문장,q_식자재_09,쌀 사는 곳,식료품 중 '식자재'를 판매·제공하는 매장,35dce51c-c490-46cc-b395-5d7bebf05a18,연곡쌀,"곡물, 쌀",주문진종합시장,전통시장,강원특별자치도,3.0,3.0,,,RESOLVED_AGREEMENT,False,3,,,,
807c57c85ce584872d46,val,식자재,T4 구어·문장,q_식자재_09,쌀 사는 곳,식료품 중 '식자재'를 판매·제공하는 매장,0b8ef6dc-2f6b-4707-bd73-529122d9c97a,하단떡집,떡집,하단오일상설시장,전통시장,부산광역시,1.0,0.0,,,P2_GRADED_ONLY,True,,,,,
c132eab5d0c2aa6c7b0e,val,식자재,T4 구어·문장,q_식자재_09,쌀 사는 곳,식료품 중 '식자재'를 판매·제공하는 매장,005313c8-dce8-49b6-9841-9143ebb1305a,동원떡집,,박달시장,전통시장,경기도,1.0,0.0,,,P2_GRADED_ONLY,True,,,,,
3d3573d8b2fcea90075d,val,식자재,T4 구어·문장,q_식자재_09,쌀 사는 곳,식료품 중 '식자재'를 판매·제공하는 매장,defde03a-a03a-4b15-8651-bee4766390db,행복쌀집,쌀,양산 덕계종합상설시장,전통시장,경상남도,3.0,3.0,,,RESOLVED_AGREEMENT,False,3,,,,
9a37d8792094eaa92f0f,val,식자재,T4 구어·문장,q_식자재_09,쌀 사는 곳,식료품 중 '식자재'를 판매·제공하는 매장,9fdd185a-663e-4cd4-b79f-aaa3ad7ff3b7,대광상회,쌀,성동용답상가시장,전통시장,서울특별시,3.0,3.0,,,RESOLVED_AGREEMENT,False,3,,,,
c7c3ec1f409ae82cda96,val,식자재,T4 구어·문장,q_식자재_09,쌀 사는 곳,식료품 중 '식자재'를 판매·제공하는 매장,6835a331-dd56-4214-9889-29c7f561712e,모자쌀상회,쌀,광천문화시장,전통시장,충청남도,3.0,3.0,,,RESOLVED_AGREEMENT,False,3,,,,
20b888486157c8c7ed35,val,식자재,T4 구어·문장,q_식자재_09,쌀 사는 곳,식료품 중 '식자재'를 판매·제공하는 매장,be9f8c61-892c-48ed-a49d-b63bd032c025,소곳,의류,고투몰(강남터미널지하도상점가),일반지하상점가,서울특별시,0.0,0.0,,,RESOLVED_AGREEMENT,False,0,,,,
e60430251e2144075adb,val,식자재,T4 구어·문장,q_식자재_09,쌀 사는 곳,식료품 중 '식자재'를 판매·제공하는 매장,47814469-adc6-47a8-8b41-875c1976c3e9,가좌쌀집,쌀,가좌시장,전통시장,인천광역시,3.0,3.0,,,RESOLVED_AGREEMENT,False,3,,,,
e1586732335e59c6a360,val,식자재,T4 구어·문장,q_식자재_09,쌀 사는 곳,식료품 중 '식자재'를 판매·제공하는 매장,2743811c-5e71-4d2b-aa75-1b0147d44f2d,사우 꽃이 피는 곳,꽃,김포 풍년마을 골목형상점가,골목형상점가,경기도,0.0,0.0,,,RESOLVED_AGREEMENT,False,0,,,,
9a3314a46c9504d0dd1d,val,식자재,T4 구어·문장,q_식자재_09,쌀 사는 곳,식료품 중 '식자재'를 판매·제공하는 매장,00e30e5a-4662-4e65-9b6c-dd704886f1af,믿음떡집,떡방앗간,문창시장,전통시장,대전광역시,2.0,3.0,,,P2_GRADED_ONLY,True,,,,,
896893a0fa3f2ec79af2,val,식자재,T4 구어·문장,q_식자재_09,쌀 사는 곳,식료품 중 '식자재'를 판매·제공하는 매장,092868ef-cdbe-426a-8e04-c1862bac5076,익산바이오,식용유,세종전통시장,전통시장,세종특별자치시,2.0,0.0,,,P1_BINARY_THRESHOLD,True,,,,,
ba7463b13fb26a3d3978,val,식자재,T4 구어·문장,q_식자재_09,쌀 사는 곳,식료품 중 '식자재'를 판매·제공하는 매장,5f8487cf-c7ff-419b-bab8-56f03aa7e5af,시장쌀집,쌀,문경전통시장,전통시장,경상북도,3.0,3.0,,,RESOLVED_AGREEMENT,False,3,,,,
837ebf8884a779b9d549,val,식자재,T4 구어·문장,q_식자재_09,쌀 사는 곳,식료품 중 '식자재'를 판매·제공하는 매장,2e0a4fef-9229-4718-b386-d373a27a2540,춘화족발,쌀,김해 장유전통시장,전통시장,경상남도,3.0,3.0,,,RESOLVED_AGREEMENT,False,3,,,,
45dd69081eb97c61deae,val,식자재,T4 구어·문장,q_식자재_09,쌀 사는 곳,식료품 중 '식자재'를 판매·제공하는 매장,68328886-ebc5-496d-9026-e4af1d8d2f1a,광복쌀슈퍼,쌀,공주산성시장,전통시장,충청남도,3.0,3.0,,,RESOLVED_AGREEMENT,False,3,,,,
74840a9a76aef4d94abf,val,식자재,T4 구어·문장,q_식자재_09,쌀 사는 곳,식료품 중 '식자재'를 판매·제공하는 매장,1e4bccf2-bb3a-4679-8f8a-e8197ccd49e7,백년지기황토쌀,쌀,서변중앙시장,전통시장,대구광역시,3.0,3.0,,,RESOLVED_AGREEMENT,False,3,,,,
0ebdfa8b0825103fd09e,val,식자재,T4 구어·문장,q_식자재_09,쌀 사는 곳,식료품 중 '식자재'를 판매·제공하는 매장,021bf03c-8b83-4288-89c5-15a4a162142b,신선식품,식자재,사천읍시장,전통시장,경상남도,2.0,3.0,,,P2_GRADED_ONLY,True,,,,,
3d49a4fdc9a5d42d6eee,val,식자재,T4 구어·문장,q_식자재_09,쌀 사는 곳,식료품 중 '식자재'를 판매·제공하는 매장,beb83667-4caa-436f-b3fd-a3f96133c57e,제일상사,쌀,서대신동골목시장,전통시장,부산광역시,3.0,3.0,,,RESOLVED_AGREEMENT,False,3,,,,
1688b2f96656d6809fd1,val,식자재,T4 구어·문장,q_식자재_09,쌀 사는 곳,식료품 중 '식자재'를 판매·제공하는 매장,231a0bf6-addc-4aef-b5b8-ab4e7b212ba7,여주상회,쌀,송도역전시장,전통시장,인천광역시,3.0,3.0,,,RESOLVED_AGREEMENT,False,3,,,,
b38d597703a4ebc5152d,val,식자재,T4 구어·문장,q_식자재_09,쌀 사는 곳,식료품 중 '식자재'를 판매·제공하는 매장,6eb59298-856c-4588-aca3-d0302714d61e,이건약국,양약,신안동서암대로 골목형상점가,골목형상점가,광주광역시,0.0,0.0,,,RESOLVED_AGREEMENT,False,0,,,,
05d597c5751455329ee1,val,식자재,T4 구어·문장,q_식자재_09,쌀 사는 곳,식료품 중 '식자재'를 판매·제공하는 매장,df7fab16-16bd-4d3f-8610-4aec16703190,동부양곡,쌀,진주 자유시장,전통시장,경상남도,3.0,3.0,,,RESOLVED_AGREEMENT,False,3,,,,
236d55722a1eae11a287,val,식자재,T4 구어·문장,q_식자재_09,쌀 사는 곳,식료품 중 '식자재'를 판매·제공하는 매장,fabb796c-4be1-477b-8a21-e72e0f19612d,대신양곡,쌀,속초중앙전통시장,전통시장,강원특별자치도,3.0,3.0,,,RESOLVED_AGREEMENT,False,3,,,,
6d31d61d741b86fac98c,val,식자재,T4 구어·문장,q_식자재_09,쌀 사는 곳,식료품 중 '식자재'를 판매·제공하는 매장,0061123f-a676-4556-9633-5fbc4ecaf6ef,치즈케익카스테라카페,제과,북가좌동 골목형상점가,골목형상점가,서울특별시,1.0,0.0,,,P2_GRADED_ONLY,True,,,,,
157f4d7689af0f6e03fd,val,식자재,T4 구어·문장,q_식자재_09,쌀 사는 곳,식료품 중 '식자재'를 판매·제공하는 매장,7b982c95-21d9-41bc-9e24-04a6d67f65f4,여주농산,쌀,전곡시장,전통시장,서울특별시,3.0,3.0,,,RESOLVED_AGREEMENT,False,3,,,,
74488a98df55bb35cca4,val,식자재,T4 구어·문장,q_식자재_09,쌀 사는 곳,식료품 중 '식자재'를 판매·제공하는 매장,00362b85-cb9a-4318-9059-12f768d76197,파리바게뜨전주인후점,제과점,소나무 골목형상점가,골목형상점가,전북특별자치도,1.0,0.0,,,P2_GRADED_ONLY,True,,,,,
178cd20074b6ba5e766b,val,식자재,T4 구어·문장,q_식자재_09,쌀 사는 곳,식료품 중 '식자재'를 판매·제공하는 매장,001cb3d4-5441-4963-b517-d5b3904ee312,현창떡집,떡집,목포동부시장,전통시장,전라남도,1.0,0.0,,,P2_GRADED_ONLY,True,,,,,
dd57bf8b6d0b4e2d0423,val,식자재,T4 구어·문장,q_식자재_09,쌀 사는 곳,식료품 중 '식자재'를 판매·제공하는 매장,023b2cb4-7f9e-4b85-9888-474ee933954a,산척제유소,방앗간,충주자유시장,전통시장,충청북도,2.0,3.0,,,P2_GRADED_ONLY,True,,,,,
705ad9d214fae29614b2,val,식자재,T4 구어·문장,q_식자재_09,쌀 사는 곳,식료품 중 '식자재'를 판매·제공하는 매장,fdbe0dbf-45f7-4289-a9fb-494529f3c8d1,인덕상회,쌀,우일시장,기타,부산광역시,3.0,3.0,,,RESOLVED_AGREEMENT,False,3,,,,
5e9f8f2028b66a8a6657,val,식자재,T4 구어·문장,q_식자재_09,쌀 사는 곳,식료품 중 '식자재'를 판매·제공하는 매장,d955212f-65a7-4188-8fd5-ec3850624390,시범쌀상회,쌀,송화벽화시장,전통시장,서울특별시,3.0,3.0,,,RESOLVED_AGREEMENT,False,3,,,,
13c9f5d6392ba2ee2950,val,식자재,T4 구어·문장,q_식자재_09,쌀 사는 곳,식료품 중 '식자재'를 판매·제공하는 매장,51f3f304-586e-42a8-a4a0-2bede24ee9f5,여주농산,쌀,문막시장,전통시장,강원특별자치도,3.0,3.0,,,RESOLVED_AGREEMENT,False,3,,,,
5aefb70910f5b3c4cfd9,val,식자재,T4 구어·문장,q_식자재_09,쌀 사는 곳,식료품 중 '식자재'를 판매·제공하는 매장,94fb7ebc-3964-413f-9b1e-7a3a95a37f43,영선쌀상회,쌀,남항시장,전통시장,부산광역시,3.0,3.0,,,RESOLVED_AGREEMENT,False,3,,,,
0228d67338bc2e22dea8,val,식자재,T4 구어·문장,q_식자재_09,쌀 사는 곳,식료품 중 '식자재'를 판매·제공하는 매장,adf7df00-1bf7-4251-a80b-9ef0b23b0a79,연합쌀상회,쌀,모란종합시장,전통시장,경기도,3.0,3.0,,,RESOLVED_AGREEMENT,False,3,,,,
dc44f9828c28adeebb5c,val,식자재,T4 구어·문장,q_식자재_09,쌀 사는 곳,식료품 중 '식자재'를 판매·제공하는 매장,981e125d-b024-4c96-bb19-fe68b64892b6,연무상회,쌀,반딧불이연무시장,전통시장,경기도,3.0,3.0,,,RESOLVED_AGREEMENT,False,3,,,,
a67065b2ae821afa02db,val,식자재,T4 구어·문장,q_식자재_09,쌀 사는 곳,식료품 중 '식자재'를 판매·제공하는 매장,002d0d06-15b2-463e-b789-b0232bcc6681,뚜레주르버들마을점,제과,버들마을상인회 골목형상점가,골목형상점가,광주광역시,1.0,0.0,,,P2_GRADED_ONLY,True,,,,,
1028d7c6c6d00ad77f58,val,식자재,T4 구어·문장,q_식자재_09,쌀 사는 곳,식료품 중 '식자재'를 판매·제공하는 매장,49bd0226-04f6-42f9-aef8-e2e0ee03082c,거제쌀상회,쌀,마산어시장,전통시장,경상남도,3.0,3.0,,,RESOLVED_AGREEMENT,False,3,,,,
3b39c7ac41685a7a3b74,val,식자재,T4 구어·문장,q_식자재_09,쌀 사는 곳,식료품 중 '식자재'를 판매·제공하는 매장,7145a378-c408-4717-834b-ba7aecfedda0,쿠쿠쌀집,쌀,오류전통시장(오류빤짝시장),전통시장,대전광역시,3.0,3.0,,,RESOLVED_AGREEMENT,False,3,,,,
737762395e8327dcdf48,val,식자재,T4 구어·문장,q_식자재_09,쌀 사는 곳,식료품 중 '식자재'를 판매·제공하는 매장,49dfa331-5e78-42d6-8286-cace4eae0929,더 보쌈 ( The Bossam),,미리산길 골목형상점가,골목형상점가,,0.0,0.0,,,RESOLVED_AGREEMENT,False,0,,,,
d8793671bc7c62f7e6f2,val,식자재,T4 구어·문장,q_식자재_09,쌀 사는 곳,식료품 중 '식자재'를 판매·제공하는 매장,78ad8364-c305-4ba8-8772-da33d1fb90c1,좋은햇쌀,쌀,산정상인회 골목형상점가,골목형상점가,광주광역시,3.0,3.0,,,RESOLVED_AGREEMENT,False,3,,,,
aef5f620873adc1a77be,val,식자재,T4 구어·문장,q_식자재_09,쌀 사는 곳,식료품 중 '식자재'를 판매·제공하는 매장,4151bb56-25b0-4c4e-bd23-0ae05a31f954,혜인상회,쌀,익산장(구 북부장),전통시장,전북특별자치도,3.0,3.0,,,RESOLVED_AGREEMENT,False,3,,,,
3ae702bfb977ccc300fc,val,식자재,T4 구어·문장,q_식자재_09,쌀 사는 곳,식료품 중 '식자재'를 판매·제공하는 매장,00e80339-1353-4885-81d7-0746a437abb2,포식 용인한숲시티점,쌀국수 돈까스 함박스테이크,남사한숲 골목형상점가,골목형상점가,경기도,3.0,3.0,,,RESOLVED_AGREEMENT,False,3,,,,
0bac7cf756ebf7408d21,val,식자재,T4 구어·문장,q_식자재_09,쌀 사는 곳,식료품 중 '식자재'를 판매·제공하는 매장,01bebf88-8e8b-4b2c-8c0a-c8f3cdeb168f,대인청과,"야채, 청과",대인시장,전통시장,,0.0,2.0,,,P1_BINARY_THRESHOLD,True,,,,,
e5113c44fef185069f4d,val,식자재,T4 구어·문장,q_식자재_09,쌀 사는 곳,식료품 중 '식자재'를 판매·제공하는 매장,7757e215-5281-40ed-bb0d-e42749134e1a,미소농산,쌀,오정동상점가,자율상권구역,대전광역시,3.0,3.0,,,RESOLVED_AGREEMENT,False,3,,,,
ce71ba6fb131ee8def76,val,식자재,T4 구어·문장,q_식자재_09,쌀 사는 곳,식료품 중 '식자재'를 판매·제공하는 매장,f6a277d5-dca8-4db1-87c5-75dbbf3f5282,다명상회,쌀,대전상가,전통시장,대전광역시,3.0,3.0,,,RESOLVED_AGREEMENT,False,3,,,,
878e7657c4cf2774b261,val,식자재,T4 구어·문장,q_식자재_09,쌀 사는 곳,식료품 중 '식자재'를 판매·제공하는 매장,5e18d0d5-e3f4-47f9-b233-7709e25ead29,창신상회,쌀,연산골목시장상점가,자율상권구역,부산광역시,3.0,3.0,,,RESOLVED_AGREEMENT,False,3,,,,
05f7b692a4cbcf741f70,val,식자재,T4 구어·문장,q_식자재_09,쌀 사는 곳,식료품 중 '식자재'를 판매·제공하는 매장,01e4cef2-9c12-4be0-9c3e-5a09ab67f7f5,대명제유,"고추, 기름",의정부제일시장,전통시장,경기도,0.0,0.0,,,RESOLVED_AGREEMENT,False,0,,,,
48e1efee8ae5d432436d,val,식자재,T4 구어·문장,q_식자재_09,쌀 사는 곳,식료품 중 '식자재'를 판매·제공하는 매장,20ce83c5-06d5-4898-98a0-b450dd15978f,안계쌀집,쌀,팔달신시장,전통시장,대구광역시,3.0,3.0,,,RESOLVED_AGREEMENT,False,3,,,,
aa58028255286aa4d80e,val,식자재,T4 구어·문장,q_식자재_09,쌀 사는 곳,식료품 중 '식자재'를 판매·제공하는 매장,e140809e-fd34-4cd7-998f-6e46d71c6d63,서촌이가,"곤드레솥밥, 코다리찜",부평문화인의거리골목형상점가,골목형상점가,인천광역시,0.0,0.0,,,RESOLVED_AGREEMENT,False,0,,,,
0861371852d69c9d48ee,val,식자재,T4 구어·문장,q_식자재_09,쌀 사는 곳,식료품 중 '식자재'를 판매·제공하는 매장,a8d621e6-4a98-4f91-8c2f-821dcc490ebf,시장쌀집,쌀,오천시장,전통시장,경상북도,3.0,3.0,,,RESOLVED_AGREEMENT,False,3,,,,
25442dadabea2b128378,val,식자재,T4 구어·문장,q_식자재_09,쌀 사는 곳,식료품 중 '식자재'를 판매·제공하는 매장,c111ac9d-3f3a-405c-a8db-4d127ccda9e2,행복이 있는 곳,잡화,제주로얄쇼핑센터,자율상권구역,제주특별자치도,0.0,0.0,,,RESOLVED_AGREEMENT,False,0,,,,
148fc47209d1a56c1c0d,val,식자재,T4 구어·문장,q_식자재_09,쌀 사는 곳,식료품 중 '식자재'를 판매·제공하는 매장,6366963d-59e9-41e3-b1f6-22f02e7d9b9e,천안쌀상회,쌀,아차산등산로골목형상점가,골목형상점가,서울특별시,3.0,3.0,,,RESOLVED_AGREEMENT,False,3,,,,
309d4b60ae37aa332f14,val,식자재,T4 구어·문장,q_식자재_09,쌀 사는 곳,식료품 중 '식자재'를 판매·제공하는 매장,54207e88-39d1-4a29-854a-e4fda51447ab,남도쌀집,쌀,진흥종합시장,전통시장,인천광역시,3.0,3.0,,,RESOLVED_AGREEMENT,False,3,,,,
e077db3258fc8c1d7dfc,val,식자재,T4 구어·문장,q_식자재_09,쌀 사는 곳,식료품 중 '식자재'를 판매·제공하는 매장,0406ed16-445f-4c4a-a7e0-12097f3895dd,신토불이쌀,쌀,성대시장골목형상점가,골목형상점가,서울특별시,3.0,3.0,,,RESOLVED_AGREEMENT,False,3,,,,
425ab79f446bf35fdad7,val,식자재,T4 구어·문장,q_식자재_09,쌀 사는 곳,식료품 중 '식자재'를 판매·제공하는 매장,008d07a3-ba18-4806-9ec7-48c0adb25276,아빠네 빵집,제과제빵,신창수문 골목형상점가,골목형상점가,광주광역시,1.0,0.0,,,P2_GRADED_ONLY,True,,,,,
28ae8d7a591b77542e62,val,식자재,T4 구어·문장,q_식자재_09,쌀 사는 곳,식료품 중 '식자재'를 판매·제공하는 매장,00fea2e0-f294-46b6-af68-655475e888be,동양유통,"곡물, 식자재",김해새벽시장,기타,경상남도,2.0,3.0,,,P2_GRADED_ONLY,True,,,,,
461f6a3c722c00b5e748,val,식자재,T4 구어·문장,q_식자재_09,쌀 사는 곳,식료품 중 '식자재'를 판매·제공하는 매장,3d5e9893-2427-49ad-83bf-aac233c0b2bc,콩알콩알,쌀,강화풍물시장,전통시장,인천광역시,3.0,3.0,,,RESOLVED_AGREEMENT,False,3,,,,
9e40e38bf7d6d6de9130,val,식자재,T4 구어·문장,q_식자재_09,쌀 사는 곳,식료품 중 '식자재'를 판매·제공하는 매장,044b74fa-bb37-480b-8d36-3f7676cf2fb4,영진상회,곡물,청주육거리종합시장,전통시장,충청북도,2.0,3.0,,,P2_GRADED_ONLY,True,,,,,
6654ae67d140d84c310a,val,식자재,T4 구어·문장,q_식자재_09,쌀 사는 곳,식료품 중 '식자재'를 판매·제공하는 매장,4fb71ad2-205f-4019-bc82-5a12e0896469,내고향쌀,쌀,감호시장,전통시장,경상북도,3.0,3.0,,,RESOLVED_AGREEMENT,False,3,,,,
46df83f303435e03bded,val,식자재,T4 구어·문장,q_식자재_09,쌀 사는 곳,식료품 중 '식자재'를 판매·제공하는 매장,03e3e424-656a-46ea-82b7-21bcc07cae47,초왕상회,"곡물, 농산물",전주남부시장,전통시장,전북특별자치도,2.0,3.0,,,P2_GRADED_ONLY,True,,,,,
a853e7b6e0003bf3b13f,val,식자재,T4 구어·문장,q_식자재_09,쌀 사는 곳,식료품 중 '식자재'를 판매·제공하는 매장,14e8778e-c28c-4184-a6e9-0b40e01693ea,대흥상회,쌀,영주골목시장,전통시장,경상북도,3.0,3.0,,,RESOLVED_AGREEMENT,False,3,,,,
95e2d45440c2bcbe92e0,val,식자재,T4 구어·문장,q_식자재_09,쌀 사는 곳,식료품 중 '식자재'를 판매·제공하는 매장,03c63490-5a3c-4534-bcd9-c42d2bac5402,금판영농수산,쌀,매월동상인회 골목형상점가,골목형상점가,광주광역시,3.0,3.0,,,RESOLVED_AGREEMENT,False,3,,,,
f437d3561811252b287c,val,식자재,T4 구어·문장,q_식자재_09,쌀 사는 곳,식료품 중 '식자재'를 판매·제공하는 매장,b6355200-f0ef-4cd0-b48a-bab5b83016a3,국제와이어컷팅,금형 및 금속가공업,백년소상공인,기타,대전광역시,0.0,0.0,,,RESOLVED_AGREEMENT,False,0,,,,
6dab067c125d2b481c21,val,식자재,T4 구어·문장,q_식자재_09,쌀 사는 곳,식료품 중 '식자재'를 판매·제공하는 매장,0046e3b5-e973-4cc0-807c-acb34ad8e262,야음민속떡집,제조업(떡방앗간),울산번개시장,전통시장,울산광역시,2.0,3.0,,,P2_GRADED_ONLY,True,,,,,
51f1aee1cdbdf227c707,val,식자재,T4 구어·문장,q_식자재_09,쌀 사는 곳,식료품 중 '식자재'를 판매·제공하는 매장,02223ab5-044d-40ad-8cc7-838ed325ada0,상옥쌀상회,쌀,영일대북부시장(구 북부시장),전통시장,경상북도,3.0,3.0,,,RESOLVED_AGREEMENT,False,3,,,,
17a9fe28457b53d6419b,val,식자재,T4 구어·문장,q_식자재_09,쌀 사는 곳,식료품 중 '식자재'를 판매·제공하는 매장,013444f9-7e9b-4640-84f0-43ac071ef57f,대림고추방아,"고추가루, 기름",부천강남시장,전통시장,경기도,0.0,0.0,,,RESOLVED_AGREEMENT,False,0,,,,
c8a0c397db5815efbb87,val,식자재,T4 구어·문장,q_식자재_09,쌀 사는 곳,식료품 중 '식자재'를 판매·제공하는 매장,00eca8e7-b158-4572-b540-c241f4ad2546,거창상회,식자재,충무동 새벽시장,전통시장,부산광역시,2.0,3.0,,,P2_GRADED_ONLY,True,,,,,
cab07760087002350cb9,val,식자재,T4 구어·문장,q_식자재_09,쌀 사는 곳,식료품 중 '식자재'를 판매·제공하는 매장,78c8a54f-75ee-4473-9b0b-d7700a69c72a,한성쌀집,쌀,용현시장,전통시장,인천광역시,3.0,3.0,,,RESOLVED_AGREEMENT,False,3,,,,
ecd988c2f9139f32934e,val,식자재,T4 구어·문장,q_식자재_09,쌀 사는 곳,식료품 중 '식자재'를 판매·제공하는 매장,0e9b1c08-a23d-49f3-b933-86b026a1e741,제일쌀상회,쌀,태안동부시장(구 태안특산물전통시장),전통시장,충청남도,3.0,3.0,,,RESOLVED_AGREEMENT,False,3,,,,
a73acc961e658d8bbb1b,val,식자재,T4 구어·문장,q_식자재_09,쌀 사는 곳,식료품 중 '식자재'를 판매·제공하는 매장,8dfe8fc3-906e-46c3-bc32-8b8509605c63,영자네곰소맛젓갈,젖갈,익산장(구 북부장),전통시장,전북특별자치도,0.0,3.0,,,P1_BINARY_THRESHOLD,True,,,,,
d99168b1e72825cb6f57,val,식자재,T4 구어·문장,q_식자재_09,쌀 사는 곳,식료품 중 '식자재'를 판매·제공하는 매장,85e00663-1786-4f8a-b879-9b2e226f63e5,"책방, 잇다",도서 음료,공주산성 활성화구역,상권활성화구역,충청남도,0.0,0.0,,,RESOLVED_AGREEMENT,False,0,,,,
8fb5aaba82ca76ce6750,val,식자재,T4 구어·문장,q_식자재_09,쌀 사는 곳,식료품 중 '식자재'를 판매·제공하는 매장,4868e4ed-e785-47d9-95a8-d47758894b96,보미상회,쌀,서남신시장,전통시장,대구광역시,3.0,3.0,,,RESOLVED_AGREEMENT,False,3,,,,
f3643053432e9f44853b,val,식자재,T4 구어·문장,q_식자재_09,쌀 사는 곳,식료품 중 '식자재'를 판매·제공하는 매장,0e224dee-e545-48f6-95af-5a197b33a076,경북식품,식용유,가락몰골목형상점가,골목형상점가,서울특별시,2.0,0.0,,,P1_BINARY_THRESHOLD,True,,,,,
c260207821c0bbc443e5,val,식자재,T4 구어·문장,q_식자재_09,쌀 사는 곳,식료품 중 '식자재'를 판매·제공하는 매장,f6dacc3d-b174-4793-9ac7-f7c3306e6f37,팔팔쌀집,쌀,전포놀이터시장,전통시장,부산광역시,3.0,3.0,,,RESOLVED_AGREEMENT,False,3,,,,
1cb1b7219a45c14b6a34,val,식자재,T4 구어·문장,q_식자재_09,쌀 사는 곳,식료품 중 '식자재'를 판매·제공하는 매장,a5df9465-85b5-422a-a68e-3bd891e736be,풍년,쌀,문산자유시장,전통시장,경기도,3.0,3.0,,,RESOLVED_AGREEMENT,False,3,,,,
7c96864a54f4c941df78,val,식자재,T4 구어·문장,q_식자재_09,쌀 사는 곳,식료품 중 '식자재'를 판매·제공하는 매장,04cffa8f-5c05-444b-bde1-a3d1918cf92f,강원기름집,식용유,속초종합중앙시장,전통시장,강원특별자치도,2.0,3.0,,,P2_GRADED_ONLY,True,,,,,
78c953afeaf25ab6fde0,val,식자재,T4 구어·문장,q_식자재_09,쌀 사는 곳,식료품 중 '식자재'를 판매·제공하는 매장,45cf220d-e2ca-4ab4-b40f-bf7241f3b566,화도농산,쌀,차이나타운로 상점가,자율상권구역,인천광역시,3.0,3.0,,,RESOLVED_AGREEMENT,False,3,,,,
069fdf714dab352d3c20,val,식자재,T4 구어·문장,q_식자재_09,쌀 사는 곳,식료품 중 '식자재'를 판매·제공하는 매장,dfb5b879-9eee-40be-90ae-572eea01be53,풍국쌀,쌀 잡곡,신매시장,전통시장,대구광역시,3.0,3.0,,,RESOLVED_AGREEMENT,False,3,,,,
7eef0b34011877a8b95b,val,식자재,T4 구어·문장,q_식자재_09,쌀 사는 곳,식료품 중 '식자재'를 판매·제공하는 매장,06bbe239-5774-4794-91c3-b45901659200,성진상회,식용유,고성시장,전통시장,경상남도,2.0,3.0,,,P2_GRADED_ONLY,True,,,,,
62b64e10a689a0e8c713,val,식자재,T4 구어·문장,q_식자재_09,쌀 사는 곳,식료품 중 '식자재'를 판매·제공하는 매장,e3dbcc9f-0d99-469c-99f2-663d879857d7,쌀돌이건어물,쌀,운수대통!생거진천전통시장,전통시장,충청북도,3.0,3.0,,,RESOLVED_AGREEMENT,False,3,,,,
7cd9cc014db2393eb24b,val,식자재,T4 구어·문장,q_식자재_09,쌀 사는 곳,식료품 중 '식자재'를 판매·제공하는 매장,117335fe-38b0-4ca5-88dd-9a7532e2529b,두꺼비 쌀집,쌀,오천시장,전통시장,경상북도,3.0,3.0,,,RESOLVED_AGREEMENT,False,3,,,,
24d6d7210891ae0ad8ea,val,식자재,T4 구어·문장,q_식자재_09,쌀 사는 곳,식료품 중 '식자재'를 판매·제공하는 매장,00bf0e58-0696-472a-8a12-945c44dc9435,오복상회,쌀,백년시장(구 강북종합전통시장),전통시장,서울특별시,3.0,3.0,,,RESOLVED_AGREEMENT,False,3,,,,
7f3f603f8739bbfb6a07,val,식자재,T4 구어·문장,q_식자재_09,쌀 사는 곳,식료품 중 '식자재'를 판매·제공하는 매장,76f186ae-6d45-47ed-a89f-8a0a83142968,대동지업사,벽지,망미중앙시장,전통시장,부산광역시,0.0,0.0,,,RESOLVED_AGREEMENT,False,0,,,,
a5a7f3a63d3e69586bd3,val,식자재,T4 구어·문장,q_식자재_09,쌀 사는 곳,식료품 중 '식자재'를 판매·제공하는 매장,10dcc67f-8bba-401e-969c-9032df12b06a,보령상회,쌀,신도꼼지락시장,전통시장,대전광역시,3.0,3.0,,,RESOLVED_AGREEMENT,False,3,,,,
5337a5a9ee66f7654c01,val,식자재,T4 구어·문장,q_식자재_09,쌀 사는 곳,식료품 중 '식자재'를 판매·제공하는 매장,0b69c684-9b0b-490b-892e-9267cf4662a3,윤수참기름,식용유,진주 청과시장,전통시장,경상남도,2.0,3.0,,,P2_GRADED_ONLY,True,,,,,
d4856fbd0b91bb814bdc,val,식자재,T4 구어·문장,q_식자재_09,쌀 사는 곳,식료품 중 '식자재'를 판매·제공하는 매장,a74a24ba-c3ac-4255-bbf1-d268ace5b988,향길쌀농산물,쌀,전주풍남문상점가,자율상권구역,전북특별자치도,3.0,3.0,,,RESOLVED_AGREEMENT,False,3,,,,
ca6c09bfa17d0c05dc43,val,식자재,T4 구어·문장,q_식자재_09,쌀 사는 곳,식료품 중 '식자재'를 판매·제공하는 매장,0017714f-cbac-4f85-a148-338ddcefe41c,유수담,"쌀, 계란, 신선식품",익산북부시장,전통시장,전북특별자치도,3.0,3.0,,,RESOLVED_AGREEMENT,False,3,,,,
03e09d9521472e70f4f6,val,식자재,T4 구어·문장,q_식자재_09,쌀 사는 곳,식료품 중 '식자재'를 판매·제공하는 매장,0592f5f6-ae8d-491f-87e9-2021a00f4ae0,우리상회,곡물,상주중앙시장,전통시장,경상북도,2.0,3.0,,,P2_GRADED_ONLY,True,,,,,
ce97755edad30bbfffce,val,식자재,T4 구어·문장,q_식자재_09,쌀 사는 곳,식료품 중 '식자재'를 판매·제공하는 매장,26cf948b-cb19-42a2-91b4-c149e8a49d5d,장터야채,쌀,춘천풍물시장,전통시장,강원특별자치도,3.0,3.0,,,RESOLVED_AGREEMENT,False,3,,,,
3f21bbd10f9651929d76,val,식자재,T4 구어·문장,q_식자재_09,쌀 사는 곳,식료품 중 '식자재'를 판매·제공하는 매장,034f637f-e1c0-4e3c-99a7-eb7c8deb055a,청풍상회,곡물,내토전통시장,전통시장,충청북도,2.0,3.0,,,P2_GRADED_ONLY,True,,,,,
a47a68f07d032c4ce77e,val,식자재,T4 구어·문장,q_식자재_09,쌀 사는 곳,식료품 중 '식자재'를 판매·제공하는 매장,00ec16f5-8b45-4af1-bb1b-6389f2412be8,수진식품,"참기름, 고추가루등",김해 진영전통시장,전통시장,경상남도,2.0,3.0,,,P2_GRADED_ONLY,True,,,,,
2d646f10640492950208,val,식자재,T4 구어·문장,q_식자재_09,쌀 사는 곳,식료품 중 '식자재'를 판매·제공하는 매장,023e47e8-7973-4e3d-95f3-f6bf168360f0,(주)동양종합유통,식자재,양동건어물시장,전통시장,광주광역시,2.0,3.0,,,P2_GRADED_ONLY,True,,,,,
08f6ecbc4fdc08917d80,val,식자재,T4 구어·문장,q_식자재_10,쌀 살 데,식료품 중 '식자재'를 판매·제공하는 매장,26cf948b-cb19-42a2-91b4-c149e8a49d5d,장터야채,쌀,춘천풍물시장,전통시장,강원특별자치도,3.0,3.0,,,RESOLVED_AGREEMENT,False,3,,,,
3663eb89a0e345ebb8c1,val,식자재,T4 구어·문장,q_식자재_10,쌀 살 데,식료품 중 '식자재'를 판매·제공하는 매장,6b9afe6f-0b94-4226-8d33-f259733507a9,본죽&비빔밥,죽,"금남로4,5가 골목형상점가",골목형상점가,광주광역시,0.0,0.0,,,RESOLVED_AGREEMENT,False,0,,,,
b6081b7873d8a1827628,val,식자재,T4 구어·문장,q_식자재_10,쌀 살 데,식료품 중 '식자재'를 판매·제공하는 매장,adf7df00-1bf7-4251-a80b-9ef0b23b0a79,연합쌀상회,쌀,모란종합시장,전통시장,경기도,3.0,3.0,,,RESOLVED_AGREEMENT,False,3,,,,
741fcbc2226e81d7065f,val,식자재,T4 구어·문장,q_식자재_10,쌀 살 데,식료품 중 '식자재'를 판매·제공하는 매장,7145a378-c408-4717-834b-ba7aecfedda0,쿠쿠쌀집,쌀,오류전통시장(오류빤짝시장),전통시장,대전광역시,3.0,3.0,,,RESOLVED_AGREEMENT,False,3,,,,
a89c0f72c16d0436fee9,val,식자재,T4 구어·문장,q_식자재_10,쌀 살 데,식료품 중 '식자재'를 판매·제공하는 매장,00362b85-cb9a-4318-9059-12f768d76197,파리바게뜨전주인후점,제과점,소나무 골목형상점가,골목형상점가,전북특별자치도,1.0,0.0,,,P2_GRADED_ONLY,True,,,,,
da9316f32d5ee5376b85,val,식자재,T4 구어·문장,q_식자재_10,쌀 살 데,식료품 중 '식자재'를 판매·제공하는 매장,2e0a4fef-9229-4718-b386-d373a27a2540,춘화족발,쌀,김해 장유전통시장,전통시장,경상남도,3.0,3.0,,,RESOLVED_AGREEMENT,False,3,,,,
2205c918f5f9c899146b,val,식자재,T4 구어·문장,q_식자재_10,쌀 살 데,식료품 중 '식자재'를 판매·제공하는 매장,282b0e8b-051c-49f9-a707-b982df803589,까라벨라 데 오르,스파게티,동명동 카페거리 골목형상점가,골목형상점가,광주광역시,0.0,0.0,,,RESOLVED_AGREEMENT,False,0,,,,
3c55a66ea92a3a99bbd6,val,식자재,T4 구어·문장,q_식자재_10,쌀 살 데,식료품 중 '식자재'를 판매·제공하는 매장,94fb7ebc-3964-413f-9b1e-7a3a95a37f43,영선쌀상회,쌀,남항시장,전통시장,부산광역시,3.0,3.0,,,RESOLVED_AGREEMENT,False,3,,,,
3b59fc152d65ef8e317b,val,식자재,T4 구어·문장,q_식자재_10,쌀 살 데,식료품 중 '식자재'를 판매·제공하는 매장,c0798e4c-5af0-4755-981c-48c67b93867d,조암떡방앗간,떡,조암시장,전통시장,경기도,2.0,3.0,,,P2_GRADED_ONLY,True,,,,,
2a62ff095e9085df6e3e,val,식자재,T4 구어·문장,q_식자재_10,쌀 살 데,식료품 중 '식자재'를 판매·제공하는 매장,5e18d0d5-e3f4-47f9-b233-7709e25ead29,창신상회,쌀,연산골목시장상점가,자율상권구역,부산광역시,3.0,3.0,,,RESOLVED_AGREEMENT,False,3,,,,
8c0227339b872d0b04af,val,식자재,T4 구어·문장,q_식자재_10,쌀 살 데,식료품 중 '식자재'를 판매·제공하는 매장,4ab43860-969f-481e-b269-6d1ce5ba4b82,영광쌀창고,쌀,반송큰시장,전통시장,부산광역시,3.0,3.0,,,RESOLVED_AGREEMENT,False,3,,,,
659761a845fb3a843981,val,식자재,T4 구어·문장,q_식자재_10,쌀 살 데,식료품 중 '식자재'를 판매·제공하는 매장,0406ed16-445f-4c4a-a7e0-12097f3895dd,신토불이쌀,쌀,성대시장골목형상점가,골목형상점가,서울특별시,3.0,3.0,,,RESOLVED_AGREEMENT,False,3,,,,
acbd668d7ff0f5f84401,val,식자재,T4 구어·문장,q_식자재_10,쌀 살 데,식료품 중 '식자재'를 판매·제공하는 매장,0bae8799-de18-4054-9723-c8195c79e91a,빛고을식당,곱창,영광터미널 골목형상점가,골목형상점가,전라남도,0.0,1.0,,,P2_GRADED_ONLY,True,,,,,
fd997b9a41f5b0bc4cbc,val,식자재,T4 구어·문장,q_식자재_10,쌀 살 데,식료품 중 '식자재'를 판매·제공하는 매장,96e20252-7279-4fa4-bddc-ad6d8cd6d3f6,광덕농산,쌀,석바위시장,전통시장,인천광역시,3.0,3.0,,,RESOLVED_AGREEMENT,False,3,,,,
00a8c0c9491b41bf35ba,val,식자재,T4 구어·문장,q_식자재_10,쌀 살 데,식료품 중 '식자재'를 판매·제공하는 매장,e6032a4d-46c0-49dd-bdec-405f465c6b1c,진천농산,쌀,오창전통시장,전통시장,충청북도,3.0,3.0,,,RESOLVED_AGREEMENT,False,3,,,,
579bb0662c13582f2091,val,식자재,T4 구어·문장,q_식자재_10,쌀 살 데,식료품 중 '식자재'를 판매·제공하는 매장,3d5e9893-2427-49ad-83bf-aac233c0b2bc,콩알콩알,쌀,강화풍물시장,전통시장,인천광역시,3.0,3.0,,,RESOLVED_AGREEMENT,False,3,,,,
ec06e0b7fe3dc78f7977,val,식자재,T4 구어·문장,q_식자재_10,쌀 살 데,식료품 중 '식자재'를 판매·제공하는 매장,092868ef-cdbe-426a-8e04-c1862bac5076,익산바이오,식용유,세종전통시장,전통시장,세종특별자치시,2.0,0.0,,,P1_BINARY_THRESHOLD,True,,,,,
acfa5a774617447634f9,val,식자재,T4 구어·문장,q_식자재_10,쌀 살 데,식료품 중 '식자재'를 판매·제공하는 매장,02223ab5-044d-40ad-8cc7-838ed325ada0,상옥쌀상회,쌀,영일대북부시장(구 북부시장),전통시장,경상북도,3.0,3.0,,,RESOLVED_AGREEMENT,False,3,,,,
5f90dba32e1646efc0fe,val,식자재,T4 구어·문장,q_식자재_10,쌀 살 데,식료품 중 '식자재'를 판매·제공하는 매장,fabb796c-4be1-477b-8a21-e72e0f19612d,대신양곡,쌀,속초중앙전통시장,전통시장,강원특별자치도,3.0,3.0,,,RESOLVED_AGREEMENT,False,3,,,,
fd3c416f3eab5d475bca,val,식자재,T4 구어·문장,q_식자재_10,쌀 살 데,식료품 중 '식자재'를 판매·제공하는 매장,034f637f-e1c0-4e3c-99a7-eb7c8deb055a,청풍상회,곡물,내토전통시장,전통시장,충청북도,2.0,3.0,,,P2_GRADED_ONLY,True,,,,,
8ce88d7d0fb66c8e355c,val,식자재,T4 구어·문장,q_식자재_10,쌀 살 데,식료품 중 '식자재'를 판매·제공하는 매장,104f1635-418f-4970-9632-26a018862faf,관음농산,쌀,관음시장,전통시장,대구광역시,3.0,3.0,,,RESOLVED_AGREEMENT,False,3,,,,
8966023358c5abd29523,val,식자재,T4 구어·문장,q_식자재_10,쌀 살 데,식료품 중 '식자재'를 판매·제공하는 매장,51f3f304-586e-42a8-a4a0-2bede24ee9f5,여주농산,쌀,문막시장,전통시장,강원특별자치도,3.0,3.0,,,RESOLVED_AGREEMENT,False,3,,,,
aa6d4718337077472e71,val,식자재,T4 구어·문장,q_식자재_10,쌀 살 데,식료품 중 '식자재'를 판매·제공하는 매장,defde03a-a03a-4b15-8651-bee4766390db,행복쌀집,쌀,양산 덕계종합상설시장,전통시장,경상남도,3.0,3.0,,,RESOLVED_AGREEMENT,False,3,,,,
3c463f814e11388f8d6f,val,식자재,T4 구어·문장,q_식자재_10,쌀 살 데,식료품 중 '식자재'를 판매·제공하는 매장,1d18ba60-d612-4b52-906a-51396374eeae,부흥상사,쌀,오정동상점가,자율상권구역,대전광역시,3.0,3.0,,,RESOLVED_AGREEMENT,False,3,,,,
82fee174a6c3fbf9cec3,val,식자재,T4 구어·문장,q_식자재_10,쌀 살 데,식료품 중 '식자재'를 판매·제공하는 매장,231a0bf6-addc-4aef-b5b8-ab4e7b212ba7,여주상회,쌀,송도역전시장,전통시장,인천광역시,3.0,3.0,,,RESOLVED_AGREEMENT,False,3,,,,
7216ff170b23f2e593df,val,식자재,T4 구어·문장,q_식자재_10,쌀 살 데,식료품 중 '식자재'를 판매·제공하는 매장,9fdd185a-663e-4cd4-b79f-aaa3ad7ff3b7,대광상회,쌀,성동용답상가시장,전통시장,서울특별시,3.0,3.0,,,RESOLVED_AGREEMENT,False,3,,,,
db1c171560f32bf9cc5b,val,식자재,T4 구어·문장,q_식자재_10,쌀 살 데,식료품 중 '식자재'를 판매·제공하는 매장,008d07a3-ba18-4806-9ec7-48c0adb25276,아빠네 빵집,제과제빵,신창수문 골목형상점가,골목형상점가,광주광역시,1.0,0.0,,,P2_GRADED_ONLY,True,,,,,
819788a11cba1c564932,val,식자재,T4 구어·문장,q_식자재_10,쌀 살 데,식료품 중 '식자재'를 판매·제공하는 매장,0e9b1c08-a23d-49f3-b933-86b026a1e741,제일쌀상회,쌀,태안동부시장(구 태안특산물전통시장),전통시장,충청남도,3.0,3.0,,,RESOLVED_AGREEMENT,False,3,,,,
df83f020f1058741f20b,val,식자재,T4 구어·문장,q_식자재_10,쌀 살 데,식료품 중 '식자재'를 판매·제공하는 매장,022ece99-80e4-453c-91c0-f46f8527e7ab,구즉방아간,방앗간,송강전통시장,전통시장,대전광역시,2.0,3.0,,,P2_GRADED_ONLY,True,,,,,
0d167056ed2db1d6c6e0,val,식자재,T4 구어·문장,q_식자재_10,쌀 살 데,식료품 중 '식자재'를 판매·제공하는 매장,00e80339-1353-4885-81d7-0746a437abb2,포식 용인한숲시티점,쌀국수 돈까스 함박스테이크,남사한숲 골목형상점가,골목형상점가,경기도,3.0,3.0,,,RESOLVED_AGREEMENT,False,3,,,,
1a3b8aa56bb0363a1ab7,val,식자재,T4 구어·문장,q_식자재_10,쌀 살 데,식료품 중 '식자재'를 판매·제공하는 매장,04cffa8f-5c05-444b-bde1-a3d1918cf92f,강원기름집,식용유,속초종합중앙시장,전통시장,강원특별자치도,2.0,3.0,,,P2_GRADED_ONLY,True,,,,,
dfe4bbe1a86cd2a535ce,val,식자재,T4 구어·문장,q_식자재_10,쌀 살 데,식료품 중 '식자재'를 판매·제공하는 매장,358b31c1-caba-413e-b48c-050fcce10157,행복유통,쌀,군산신영시장,전통시장,전북특별자치도,3.0,3.0,,,RESOLVED_AGREEMENT,False,3,,,,
bf99e31356eccfa02b87,val,식자재,T4 구어·문장,q_식자재_10,쌀 살 데,식료품 중 '식자재'를 판매·제공하는 매장,6366963d-59e9-41e3-b1f6-22f02e7d9b9e,천안쌀상회,쌀,아차산등산로골목형상점가,골목형상점가,서울특별시,3.0,3.0,,,RESOLVED_AGREEMENT,False,3,,,,
c8c7c593566bb656084a,val,식자재,T4 구어·문장,q_식자재_10,쌀 살 데,식료품 중 '식자재'를 판매·제공하는 매장,b9e5d89c-f000-4f24-862a-e18bb037e267,손칼국수개성빈대떡,칼국수,감전시장,전통시장,부산광역시,0.0,0.0,,,RESOLVED_AGREEMENT,False,0,,,,
0946cf76395d07a768f2,val,식자재,T4 구어·문장,q_식자재_10,쌀 살 데,식료품 중 '식자재'를 판매·제공하는 매장,01a5f192-c482-46e3-8b58-5358216d0749,풍전기름집,참기름,화곡본동시장,전통시장,서울특별시,2.0,3.0,,,P2_GRADED_ONLY,True,,,,,
611863556a8d8497bab9,val,식자재,T4 구어·문장,q_식자재_10,쌀 살 데,식료품 중 '식자재'를 판매·제공하는 매장,85e16695-7fbe-4308-8f33-bcc71dcc3479,대우미곡,쌀,백년소상공인,기타,전라남도,3.0,3.0,,,RESOLVED_AGREEMENT,False,3,,,,
e1e827d1d7aec9259c08,val,식자재,T4 구어·문장,q_식자재_10,쌀 살 데,식료품 중 '식자재'를 판매·제공하는 매장,17982057-550e-40de-85ba-5ca07a8dd9ab,굿푸드홀세일,쌀,대림골목시장,전통시장,서울특별시,3.0,3.0,,,RESOLVED_AGREEMENT,False,3,,,,
aa546fc10c758a3ed3fa,val,식자재,T4 구어·문장,q_식자재_10,쌀 살 데,식료품 중 '식자재'를 판매·제공하는 매장,01e4cef2-9c12-4be0-9c3e-5a09ab67f7f5,대명제유,"고추, 기름",의정부제일시장,전통시장,경기도,0.0,0.0,,,RESOLVED_AGREEMENT,False,0,,,,
a8cab279e31e21ad912b,val,식자재,T4 구어·문장,q_식자재_10,쌀 살 데,식료품 중 '식자재'를 판매·제공하는 매장,41d5f8f5-d2b9-4e6c-a712-00095133cd1f,대흥쌀상회,쌀,양평물맑은시장,전통시장,경기도,3.0,3.0,,,RESOLVED_AGREEMENT,False,3,,,,
570fd94e12c7b5beab48,val,식자재,T4 구어·문장,q_식자재_10,쌀 살 데,식료품 중 '식자재'를 판매·제공하는 매장,45cf220d-e2ca-4ab4-b40f-bf7241f3b566,화도농산,쌀,차이나타운로 상점가,자율상권구역,인천광역시,3.0,3.0,,,RESOLVED_AGREEMENT,False,3,,,,
13ce0f5c128664eccb42,val,식자재,T4 구어·문장,q_식자재_10,쌀 살 데,식료품 중 '식자재'를 판매·제공하는 매장,0061123f-a676-4556-9633-5fbc4ecaf6ef,치즈케익카스테라카페,제과,북가좌동 골목형상점가,골목형상점가,서울특별시,1.0,0.0,,,P2_GRADED_ONLY,True,,,,,
9752845040f4e64515cc,val,식자재,T4 구어·문장,q_식자재_10,쌀 살 데,식료품 중 '식자재'를 판매·제공하는 매장,7b982c95-21d9-41bc-9e24-04a6d67f65f4,여주농산,쌀,전곡시장,전통시장,서울특별시,3.0,3.0,,,RESOLVED_AGREEMENT,False,3,,,,
310a95e74401496b68b7,val,식자재,T4 구어·문장,q_식자재_10,쌀 살 데,식료품 중 '식자재'를 판매·제공하는 매장,1dece7ab-c77e-4e2e-b8f5-584480c0e0a2,부량직판장,쌀,서부시장상점가(서부시장 통합),전통시장,전북특별자치도,3.0,3.0,,,RESOLVED_AGREEMENT,False,3,,,,
4751a84683e5d683aba5,val,식자재,T4 구어·문장,q_식자재_10,쌀 살 데,식료품 중 '식자재'를 판매·제공하는 매장,06bbe239-5774-4794-91c3-b45901659200,성진상회,식용유,고성시장,전통시장,경상남도,2.0,3.0,,,P2_GRADED_ONLY,True,,,,,
355b6927273a8b4e634f,val,식자재,T4 구어·문장,q_식자재_10,쌀 살 데,식료품 중 '식자재'를 판매·제공하는 매장,00bf0e58-0696-472a-8a12-945c44dc9435,오복상회,쌀,백년시장(구 강북종합전통시장),전통시장,서울특별시,3.0,3.0,,,RESOLVED_AGREEMENT,False,3,,,,
2405f4fe269a849093ad,val,식자재,T4 구어·문장,q_식자재_10,쌀 살 데,식료품 중 '식자재'를 판매·제공하는 매장,ccc9dbc4-881c-42a5-93c3-c2ea46a80ab1,풍년상회,쌀,진주 청과시장,전통시장,경상남도,3.0,3.0,,,RESOLVED_AGREEMENT,False,3,,,,
5af16b91a5a534dbe73c,val,식자재,T4 구어·문장,q_식자재_10,쌀 살 데,식료품 중 '식자재'를 판매·제공하는 매장,0b69c684-9b0b-490b-892e-9267cf4662a3,윤수참기름,식용유,진주 청과시장,전통시장,경상남도,2.0,3.0,,,P2_GRADED_ONLY,True,,,,,
9653648d46511825816e,val,식자재,T4 구어·문장,q_식자재_10,쌀 살 데,식료품 중 '식자재'를 판매·제공하는 매장,f14df4d3-9858-4a8b-8597-20fd477d8e32,갤러리 데 루치아,가구,용인어정가구단지상점가,자율상권구역,경기도,0.0,0.0,,,RESOLVED_AGREEMENT,False,0,,,,
3608dd4de672e9207d1d,val,식자재,T4 구어·문장,q_식자재_10,쌀 살 데,식료품 중 '식자재'를 판매·제공하는 매장,0b8ef6dc-2f6b-4707-bd73-529122d9c97a,하단떡집,떡집,하단오일상설시장,전통시장,부산광역시,1.0,0.0,,,P2_GRADED_ONLY,True,,,,,
c6c17e5bb94651de5cb9,val,식자재,T4 구어·문장,q_식자재_10,쌀 살 데,식료품 중 '식자재'를 판매·제공하는 매장,bdc21780-d0e7-42c7-82bf-31b8017fc849,여수쌀집,쌀,광양매일시장(광양상설시장),전통시장,전라남도,3.0,3.0,,,RESOLVED_AGREEMENT,False,3,,,,
b2a88c7223e5855243f5,val,식자재,T4 구어·문장,q_식자재_10,쌀 살 데,식료품 중 '식자재'를 판매·제공하는 매장,023b2cb4-7f9e-4b85-9888-474ee933954a,산척제유소,방앗간,충주자유시장,전통시장,충청북도,2.0,3.0,,,P2_GRADED_ONLY,True,,,,,
4a3712a9c222f5251a3a,val,식자재,T4 구어·문장,q_식자재_10,쌀 살 데,식료품 중 '식자재'를 판매·제공하는 매장,7757e215-5281-40ed-bb0d-e42749134e1a,미소농산,쌀,오정동상점가,자율상권구역,대전광역시,3.0,3.0,,,RESOLVED_AGREEMENT,False,3,,,,
5001e595becbbcf418b1,val,식자재,T4 구어·문장,q_식자재_10,쌀 살 데,식료품 중 '식자재'를 판매·제공하는 매장,013444f9-7e9b-4640-84f0-43ac071ef57f,대림고추방아,"고추가루, 기름",부천강남시장,전통시장,경기도,0.0,0.0,,,RESOLVED_AGREEMENT,False,0,,,,
de356e840726d9a35a70,val,식자재,T4 구어·문장,q_식자재_10,쌀 살 데,식료품 중 '식자재'를 판매·제공하는 매장,00fea2e0-f294-46b6-af68-655475e888be,동양유통,"곡물, 식자재",김해새벽시장,기타,경상남도,2.0,3.0,,,P2_GRADED_ONLY,True,,,,,
852d1abe9e1e77746f66,val,식자재,T4 구어·문장,q_식자재_10,쌀 살 데,식료품 중 '식자재'를 판매·제공하는 매장,001cb3d4-5441-4963-b517-d5b3904ee312,현창떡집,떡집,목포동부시장,전통시장,전라남도,1.0,0.0,,,P2_GRADED_ONLY,True,,,,,
b8d6d114b05596d4d0c8,val,식자재,T4 구어·문장,q_식자재_10,쌀 살 데,식료품 중 '식자재'를 판매·제공하는 매장,2a30f6e4-0d5b-493e-9ba3-2ce7f73caaf1,영천상회,쌀,부전농수산물새벽시장,전통시장,부산광역시,3.0,3.0,,,RESOLVED_AGREEMENT,False,3,,,,
87736470d29e416fbbd4,val,식자재,T4 구어·문장,q_식자재_10,쌀 살 데,식료품 중 '식자재'를 판매·제공하는 매장,001961d9-cb5d-40bc-903a-33d483f7d132,헬씨스탠다드,"건강기능식품, 쌀, 견과류, 약재",응암소담길 골목형상점가,골목형상점가,서울특별시,3.0,3.0,,,RESOLVED_AGREEMENT,False,3,,,,
e7a62be06c557a0ba788,val,식자재,T4 구어·문장,q_식자재_10,쌀 살 데,식료품 중 '식자재'를 판매·제공하는 매장,01859206-536a-40a7-be1e-c8610663a665,동원참기름,참기름,안강공설시장,전통시장,경상북도,2.0,3.0,,,P2_GRADED_ONLY,True,,,,,
bf696d38320ae2185be4,val,식자재,T4 구어·문장,q_식자재_10,쌀 살 데,식료품 중 '식자재'를 판매·제공하는 매장,0e224dee-e545-48f6-95af-5a197b33a076,경북식품,식용유,가락몰골목형상점가,골목형상점가,서울특별시,2.0,0.0,,,P1_BINARY_THRESHOLD,True,,,,,
f6ac77f4c3de9ed5af03,val,식자재,T4 구어·문장,q_식자재_10,쌀 살 데,식료품 중 '식자재'를 판매·제공하는 매장,005313c8-dce8-49b6-9841-9143ebb1305a,동원떡집,,박달시장,전통시장,경기도,1.0,0.0,,,P2_GRADED_ONLY,True,,,,,
8c82a041f70355ce14ff,val,식자재,T4 구어·문장,q_식자재_10,쌀 살 데,식료품 중 '식자재'를 판매·제공하는 매장,0017714f-cbac-4f85-a148-338ddcefe41c,유수담,"쌀, 계란, 신선식품",익산북부시장,전통시장,전북특별자치도,3.0,3.0,,,RESOLVED_AGREEMENT,False,3,,,,
e37f81b06a0335b0be6a,val,식자재,T4 구어·문장,q_식자재_10,쌀 살 데,식료품 중 '식자재'를 판매·제공하는 매장,df7fab16-16bd-4d3f-8610-4aec16703190,동부양곡,쌀,진주 자유시장,전통시장,경상남도,3.0,3.0,,,RESOLVED_AGREEMENT,False,3,,,,
6e3710818e56308bca30,val,식자재,T4 구어·문장,q_식자재_10,쌀 살 데,식료품 중 '식자재'를 판매·제공하는 매장,015915e3-2542-4245-b627-0c775b4c5501,한내떡집,,거제 고현시장,전통시장,경상남도,1.0,0.0,,,P2_GRADED_ONLY,True,,,,,
0c8fc66e5cdea15c30e2,val,식자재,T4 구어·문장,q_식자재_10,쌀 살 데,식료품 중 '식자재'를 판매·제공하는 매장,117335fe-38b0-4ca5-88dd-9a7532e2529b,두꺼비 쌀집,쌀,오천시장,전통시장,경상북도,3.0,3.0,,,RESOLVED_AGREEMENT,False,3,,,,
b9211e366ba057ad7e10,val,식자재,T4 구어·문장,q_식자재_10,쌀 살 데,식료품 중 '식자재'를 판매·제공하는 매장,023e47e8-7973-4e3d-95f3-f6bf168360f0,(주)동양종합유통,식자재,양동건어물시장,전통시장,광주광역시,2.0,3.0,,,P2_GRADED_ONLY,True,,,,,
0ddb1216a92aaf7a810e,val,식자재,T4 구어·문장,q_식자재_10,쌀 살 데,식료품 중 '식자재'를 판매·제공하는 매장,0046e3b5-e973-4cc0-807c-acb34ad8e262,야음민속떡집,제조업(떡방앗간),울산번개시장,전통시장,울산광역시,2.0,3.0,,,P2_GRADED_ONLY,True,,,,,
f86e73086a94278cbadb,val,식자재,T4 구어·문장,q_식자재_10,쌀 살 데,식료품 중 '식자재'를 판매·제공하는 매장,a74a24ba-c3ac-4255-bbf1-d268ace5b988,향길쌀농산물,쌀,전주풍남문상점가,자율상권구역,전북특별자치도,3.0,3.0,,,RESOLVED_AGREEMENT,False,3,,,,
700df5e3617ef83ebfee,val,식자재,T4 구어·문장,q_식자재_10,쌀 살 데,식료품 중 '식자재'를 판매·제공하는 매장,78ad8364-c305-4ba8-8772-da33d1fb90c1,좋은햇쌀,쌀,산정상인회 골목형상점가,골목형상점가,광주광역시,3.0,3.0,,,RESOLVED_AGREEMENT,False,3,,,,
c89e56216614a0f376ee,val,식자재,T4 구어·문장,q_식자재_10,쌀 살 데,식료품 중 '식자재'를 판매·제공하는 매장,071a89e8-e152-443c-becd-5bdce801e483,공단양곡,쌀,팔달신시장,전통시장,대구광역시,3.0,3.0,,,RESOLVED_AGREEMENT,False,3,,,,
e3d328f1c67da8137a3e,val,식자재,T4 구어·문장,q_식자재_10,쌀 살 데,식료품 중 '식자재'를 판매·제공하는 매장,ab7b419c-bec5-4dde-b630-cd86cbcaaf15,중앙농산,쌀,송현시장,전통시장,인천광역시,3.0,3.0,,,RESOLVED_AGREEMENT,False,3,,,,
81f33e27c3f9f2dff5c0,val,식자재,T4 구어·문장,q_식자재_10,쌀 살 데,식료품 중 '식자재'를 판매·제공하는 매장,96f153ab-129f-4b31-a3ad-b067bd2015db,우리 쌀 피자,,연희로 골목형상점가,골목형상점가,인천광역시,3.0,3.0,,,RESOLVED_AGREEMENT,False,3,,,,
e4a413b8ff889866ecaa,val,식자재,T4 구어·문장,q_식자재_10,쌀 살 데,식료품 중 '식자재'를 판매·제공하는 매장,b5a9aa7d-8c8c-400b-a2a7-8c49ae06b0e6,강원미곡,쌀,횡성전통시장,전통시장,강원특별자치도,3.0,3.0,,,RESOLVED_AGREEMENT,False,3,,,,
66211e7fd0af52dcd424,val,식자재,T4 구어·문장,q_식자재_10,쌀 살 데,식료품 중 '식자재'를 판매·제공하는 매장,4868e4ed-e785-47d9-95a8-d47758894b96,보미상회,쌀,서남신시장,전통시장,대구광역시,3.0,3.0,,,RESOLVED_AGREEMENT,False,3,,,,
246c400c1139ef32a1e5,val,식자재,T4 구어·문장,q_식자재_10,쌀 살 데,식료품 중 '식자재'를 판매·제공하는 매장,c9992e6d-a850-4009-bbe3-b46634e43e0d,오륜상회,쌀,장전상가시장,전통시장,부산광역시,3.0,3.0,,,RESOLVED_AGREEMENT,False,3,,,,
267af0bf819b11ffa075,val,식자재,T4 구어·문장,q_식자재_10,쌀 살 데,식료품 중 '식자재'를 판매·제공하는 매장,04c905ba-3172-4ea4-a6dd-4345d674dea0,덕순이네,제조업(떡집),장터길 골목형상점가,골목형상점가,경기도,1.0,0.0,,,P2_GRADED_ONLY,True,,,,,
0ef091426a33207d16fa,val,식자재,T4 구어·문장,q_식자재_10,쌀 살 데,식료품 중 '식자재'를 판매·제공하는 매장,49bd0226-04f6-42f9-aef8-e2e0ee03082c,거제쌀상회,쌀,마산어시장,전통시장,경상남도,3.0,3.0,,,RESOLVED_AGREEMENT,False,3,,,,
d6d717dbe1e58946cb22,val,식자재,T4 구어·문장,q_식자재_10,쌀 살 데,식료품 중 '식자재'를 판매·제공하는 매장,a5df9465-85b5-422a-a68e-3bd891e736be,풍년,쌀,문산자유시장,전통시장,경기도,3.0,3.0,,,RESOLVED_AGREEMENT,False,3,,,,
1b9d22b240cffbb467ac,val,식자재,T4 구어·문장,q_식자재_10,쌀 살 데,식료품 중 '식자재'를 판매·제공하는 매장,021bf03c-8b83-4288-89c5-15a4a162142b,신선식품,식자재,사천읍시장,전통시장,경상남도,2.0,3.0,,,P2_GRADED_ONLY,True,,,,,
76ccb99ac9f893383708,val,식자재,T4 구어·문장,q_식자재_10,쌀 살 데,식료품 중 '식자재'를 판매·제공하는 매장,64bf2913-50f4-471c-8d19-7b30d3b512b6,광명상회,잡화,동문공설시장,전통시장,제주특별자치도,0.0,3.0,,,P1_BINARY_THRESHOLD,True,,,,,
fc5540582951019f33f7,val,식자재,T4 구어·문장,q_식자재_10,쌀 살 데,식료품 중 '식자재'를 판매·제공하는 매장,002d0d06-15b2-463e-b789-b0232bcc6681,뚜레주르버들마을점,제과,버들마을상인회 골목형상점가,골목형상점가,광주광역시,1.0,0.0,,,P2_GRADED_ONLY,True,,,,,
6bec2dc2f1608abe25da,val,식자재,T4 구어·문장,q_식자재_10,쌀 살 데,식료품 중 '식자재'를 판매·제공하는 매장,03c63490-5a3c-4534-bcd9-c42d2bac5402,금판영농수산,쌀,매월동상인회 골목형상점가,골목형상점가,광주광역시,3.0,3.0,,,RESOLVED_AGREEMENT,False,3,,,,
988e38d15ad30b4d87de,val,식자재,T4 구어·문장,q_식자재_10,쌀 살 데,식료품 중 '식자재'를 판매·제공하는 매장,011f646c-0d2f-4770-a90e-d5d39e580d38,올 푸드,식자재,두암시장,전통시장,광주광역시,2.0,3.0,,,P2_GRADED_ONLY,True,,,,,
7065ac9e8383b1c15caf,val,식자재,T4 구어·문장,q_식자재_10,쌀 살 데,식료품 중 '식자재'를 판매·제공하는 매장,01757e0a-7278-44bc-9fad-29595028ac3d,현대떡방앗간,방앗간,염매시장(의성중앙시장),전통시장,경상북도,2.0,3.0,,,P2_GRADED_ONLY,True,,,,,
4e5ea18c88340376fb72,val,식자재,T4 구어·문장,q_식자재_10,쌀 살 데,식료품 중 '식자재'를 판매·제공하는 매장,f6a277d5-dca8-4db1-87c5-75dbbf3f5282,다명상회,쌀,대전상가,전통시장,대전광역시,3.0,3.0,,,RESOLVED_AGREEMENT,False,3,,,,
1d8fcb0dcfb3c4541a0e,val,식자재,T4 구어·문장,q_식자재_10,쌀 살 데,식료품 중 '식자재'를 판매·제공하는 매장,68328886-ebc5-496d-9026-e4af1d8d2f1a,광복쌀슈퍼,쌀,공주산성시장,전통시장,충청남도,3.0,3.0,,,RESOLVED_AGREEMENT,False,3,,,,
a809b3c6c471bf2ebad8,val,식자재,T4 구어·문장,q_식자재_10,쌀 살 데,식료품 중 '식자재'를 판매·제공하는 매장,6835a331-dd56-4214-9889-29c7f561712e,모자쌀상회,쌀,광천문화시장,전통시장,충청남도,3.0,3.0,,,RESOLVED_AGREEMENT,False,3,,,,
062e40ed079b90ba4302,val,식자재,T4 구어·문장,q_식자재_10,쌀 살 데,식료품 중 '식자재'를 판매·제공하는 매장,00ec16f5-8b45-4af1-bb1b-6389f2412be8,수진식품,"참기름, 고추가루등",김해 진영전통시장,전통시장,경상남도,2.0,3.0,,,P2_GRADED_ONLY,True,,,,,
400d0e9505f3652b6fae,val,식자재,T4 구어·문장,q_식자재_10,쌀 살 데,식료품 중 '식자재'를 판매·제공하는 매장,2dd450ae-bcd3-462c-af36-afcf54081adc,일산상회,쌀,남이동길골목형상점가,골목형상점가,서울특별시,3.0,3.0,,,RESOLVED_AGREEMENT,False,3,,,,
279d3abe4cfcc2c372a2,val,식자재,T4 구어·문장,q_식자재_10,쌀 살 데,식료품 중 '식자재'를 판매·제공하는 매장,0592f5f6-ae8d-491f-87e9-2021a00f4ae0,우리상회,곡물,상주중앙시장,전통시장,경상북도,2.0,3.0,,,P2_GRADED_ONLY,True,,,,,
d364d80216812ed919f1,val,식자재,T4 구어·문장,q_식자재_10,쌀 살 데,식료품 중 '식자재'를 판매·제공하는 매장,044b74fa-bb37-480b-8d36-3f7676cf2fb4,영진상회,곡물,청주육거리종합시장,전통시장,충청북도,2.0,3.0,,,P2_GRADED_ONLY,True,,,,,
0ad01730baafd02cfc1f,val,식자재,T4 구어·문장,q_식자재_10,쌀 살 데,식료품 중 '식자재'를 판매·제공하는 매장,001bc028-a43e-44d4-9682-db280a4998cc,파리바게뜨전주근영점,제과점,근영누리 골목형상점가,골목형상점가,전북특별자치도,1.0,0.0,,,P2_GRADED_ONLY,True,,,,,
2b3eda034424178d4a68,val,식자재,T4 구어·문장,q_식자재_10,쌀 살 데,식료품 중 '식자재'를 판매·제공하는 매장,54207e88-39d1-4a29-854a-e4fda51447ab,남도쌀집,쌀,진흥종합시장,전통시장,인천광역시,3.0,3.0,,,RESOLVED_AGREEMENT,False,3,,,,
dafdc14fde5fcf9a9955,val,식자재,T4 구어·문장,q_식자재_10,쌀 살 데,식료품 중 '식자재'를 판매·제공하는 매장,00eca8e7-b158-4572-b540-c241f4ad2546,거창상회,식자재,충무동 새벽시장,전통시장,부산광역시,2.0,3.0,,,P2_GRADED_ONLY,True,,,,,
c2f14620508305594a45,val,식자재,T4 구어·문장,q_식자재_10,쌀 살 데,식료품 중 '식자재'를 판매·제공하는 매장,20ce83c5-06d5-4898-98a0-b450dd15978f,안계쌀집,쌀,팔달신시장,전통시장,대구광역시,3.0,3.0,,,RESOLVED_AGREEMENT,False,3,,,,
d84ffc3fa481461ea835,val,식자재,T4 구어·문장,q_식자재_10,쌀 살 데,식료품 중 '식자재'를 판매·제공하는 매장,dfb5b879-9eee-40be-90ae-572eea01be53,풍국쌀,쌀 잡곡,신매시장,전통시장,대구광역시,3.0,3.0,,,RESOLVED_AGREEMENT,False,3,,,,
901a7f7ebcd8c7cf489f,val,식자재,T4 구어·문장,q_식자재_10,쌀 살 데,식료품 중 '식자재'를 판매·제공하는 매장,aba76fc2-984e-4030-ba01-e2e7d78264c7,데 아로즈 대전둔산본점,,갈리단길 골목형상점가,골목형상점가,대전광역시,,0.0,Y,,P0_UNCERTAIN_OR_MISSING,True,,,,,
d632a6d6ca8fb41e2f1a,val,식자재,T4 구어·문장,q_식자재_10,쌀 살 데,식료품 중 '식자재'를 판매·제공하는 매장,f6dacc3d-b174-4793-9ac7-f7c3306e6f37,팔팔쌀집,쌀,전포놀이터시장,전통시장,부산광역시,3.0,3.0,,,RESOLVED_AGREEMENT,False,3,,,,
67d93c9ab190d2e1b289,val,식자재,T4 구어·문장,q_식자재_10,쌀 살 데,식료품 중 '식자재'를 판매·제공하는 매장,78c8a54f-75ee-4473-9b0b-d7700a69c72a,한성쌀집,쌀,용현시장,전통시장,인천광역시,3.0,3.0,,,RESOLVED_AGREEMENT,False,3,,,,
b62f4d6ac3fc581724df,val,식자재,T4 구어·문장,q_식자재_10,쌀 살 데,식료품 중 '식자재'를 판매·제공하는 매장,35dce51c-c490-46cc-b395-5d7bebf05a18,연곡쌀,"곡물, 쌀",주문진종합시장,전통시장,강원특별자치도,3.0,3.0,,,RESOLVED_AGREEMENT,False,3,,,,
50a354bf2b1dd434b99e,val,식자재,T4 구어·문장,q_식자재_10,쌀 살 데,식료품 중 '식자재'를 판매·제공하는 매장,fc6191b2-2db5-42ed-81bd-ff61ea2b9e0d,리드모어(Lead more),의류,성안길상점가,자율상권구역,충청북도,0.0,0.0,,,RESOLVED_AGREEMENT,False,0,,,,
07074ac000c41c8bdaba,val,식자재,T4 구어·문장,q_식자재_10,쌀 살 데,식료품 중 '식자재'를 판매·제공하는 매장,e3dbcc9f-0d99-469c-99f2-663d879857d7,쌀돌이건어물,쌀,운수대통!생거진천전통시장,전통시장,충청북도,3.0,3.0,,,RESOLVED_AGREEMENT,False,3,,,,
074e6d5dfb5a524aa4ef,val,식자재,T4 구어·문장,q_식자재_10,쌀 살 데,식료품 중 '식자재'를 판매·제공하는 매장,00e30e5a-4662-4e65-9b6c-dd704886f1af,믿음떡집,떡방앗간,문창시장,전통시장,대전광역시,2.0,3.0,,,P2_GRADED_ONLY,True,,,,,
ba10beecec61d2f471c5,val,식자재,T4 구어·문장,q_식자재_10,쌀 살 데,식료품 중 '식자재'를 판매·제공하는 매장,1e4bccf2-bb3a-4679-8f8a-e8197ccd49e7,백년지기황토쌀,쌀,서변중앙시장,전통시장,대구광역시,3.0,3.0,,,RESOLVED_AGREEMENT,False,3,,,,
46ecdea22db329d910ab,val,식자재,T4 구어·문장,q_식자재_10,쌀 살 데,식료품 중 '식자재'를 판매·제공하는 매장,4a710956-d75e-49ad-b83d-fd7ce7d7e8b9,광주모던수,의류,충장로123가 상점가,자율상권구역,광주광역시,0.0,0.0,,,RESOLVED_AGREEMENT,False,0,,,,
ac0c82fdee427a54cd05,val,식자재,T4 구어·문장,q_식자재_10,쌀 살 데,식료품 중 '식자재'를 판매·제공하는 매장,13af2622-cb74-460a-9831-f987a1e06468,덕화주단,주단,영주소백쇼핑몰,전통시장,경상북도,0.0,0.0,,,RESOLVED_AGREEMENT,False,0,,,,
bdc558510dc0eb65dd87,val,식자재,T4 구어·문장,q_식자재_10,쌀 살 데,식료품 중 '식자재'를 판매·제공하는 매장,d955212f-65a7-4188-8fd5-ec3850624390,시범쌀상회,쌀,송화벽화시장,전통시장,서울특별시,3.0,3.0,,,RESOLVED_AGREEMENT,False,3,,,,
e147f1c2dcc74b8c083e,val,식자재,T4 구어·문장,q_식자재_10,쌀 살 데,식료품 중 '식자재'를 판매·제공하는 매장,a8d621e6-4a98-4f91-8c2f-821dcc490ebf,시장쌀집,쌀,오천시장,전통시장,경상북도,3.0,3.0,,,RESOLVED_AGREEMENT,False,3,,,,
916d86ee62c8f4bf0026,val,식자재,T4 구어·문장,q_식자재_10,쌀 살 데,식료품 중 '식자재'를 판매·제공하는 매장,47814469-adc6-47a8-8b41-875c1976c3e9,가좌쌀집,쌀,가좌시장,전통시장,인천광역시,3.0,3.0,,,RESOLVED_AGREEMENT,False,3,,,,
f6923d94a63876632adc,val,식자재,T4 구어·문장,q_식자재_10,쌀 살 데,식료품 중 '식자재'를 판매·제공하는 매장,54f77a46-b6d5-4b0a-89d0-aa845de7f842,송림상회,쌀,현대시장,전통시장,인천광역시,3.0,3.0,,,RESOLVED_AGREEMENT,False,3,,,,
73926762abc87e7355ab,val,식자재,T4 구어·문장,q_식자재_10,쌀 살 데,식료품 중 '식자재'를 판매·제공하는 매장,03e3e424-656a-46ea-82b7-21bcc07cae47,초왕상회,"곡물, 농산물",전주남부시장,전통시장,전북특별자치도,2.0,3.0,,,P2_GRADED_ONLY,True,,,,,
899a11a740247f9ea42b,val,식자재,T4 구어·문장,q_식자재_10,쌀 살 데,식료품 중 '식자재'를 판매·제공하는 매장,4fb71ad2-205f-4019-bc82-5a12e0896469,내고향쌀,쌀,감호시장,전통시장,경상북도,3.0,3.0,,,RESOLVED_AGREEMENT,False,3,,,,
f7e908bc7cb9bd5fbad1,val,식자재,T4 구어·문장,q_식자재_11,쌀 파는 곳,식료품 중 '식자재'를 판매·제공하는 매장,011f646c-0d2f-4770-a90e-d5d39e580d38,올 푸드,식자재,두암시장,전통시장,광주광역시,2.0,3.0,,,P2_GRADED_ONLY,True,,,,,
317b5631601e48fcf722,val,식자재,T4 구어·문장,q_식자재_11,쌀 파는 곳,식료품 중 '식자재'를 판매·제공하는 매장,06bbe239-5774-4794-91c3-b45901659200,성진상회,식용유,고성시장,전통시장,경상남도,2.0,3.0,,,P2_GRADED_ONLY,True,,,,,
45392a07734430ceeb83,val,식자재,T4 구어·문장,q_식자재_11,쌀 파는 곳,식료품 중 '식자재'를 판매·제공하는 매장,4151bb56-25b0-4c4e-bd23-0ae05a31f954,혜인상회,쌀,익산장(구 북부장),전통시장,전북특별자치도,3.0,3.0,,,RESOLVED_AGREEMENT,False,3,,,,
d3cb91ab7579cc1c6ef2,val,식자재,T4 구어·문장,q_식자재_11,쌀 파는 곳,식료품 중 '식자재'를 판매·제공하는 매장,00eca8e7-b158-4572-b540-c241f4ad2546,거창상회,식자재,충무동 새벽시장,전통시장,부산광역시,2.0,3.0,,,P2_GRADED_ONLY,True,,,,,
6c965e538c3a1481a154,val,식자재,T4 구어·문장,q_식자재_11,쌀 파는 곳,식료품 중 '식자재'를 판매·제공하는 매장,a5df9465-85b5-422a-a68e-3bd891e736be,풍년,쌀,문산자유시장,전통시장,경기도,3.0,3.0,,,RESOLVED_AGREEMENT,False,3,,,,
083060286276d13275ee,val,식자재,T4 구어·문장,q_식자재_11,쌀 파는 곳,식료품 중 '식자재'를 판매·제공하는 매장,01e4cef2-9c12-4be0-9c3e-5a09ab67f7f5,대명제유,"고추, 기름",의정부제일시장,전통시장,경기도,0.0,0.0,,,RESOLVED_AGREEMENT,False,0,,,,
08d093fd14ce7fb756df,val,식자재,T4 구어·문장,q_식자재_11,쌀 파는 곳,식료품 중 '식자재'를 판매·제공하는 매장,001bc028-a43e-44d4-9682-db280a4998cc,파리바게뜨전주근영점,제과점,근영누리 골목형상점가,골목형상점가,전북특별자치도,1.0,0.0,,,P2_GRADED_ONLY,True,,,,,
8e102896ae78a1813d4a,val,식자재,T4 구어·문장,q_식자재_11,쌀 파는 곳,식료품 중 '식자재'를 판매·제공하는 매장,023e47e8-7973-4e3d-95f3-f6bf168360f0,(주)동양종합유통,식자재,양동건어물시장,전통시장,광주광역시,2.0,3.0,,,P2_GRADED_ONLY,True,,,,,
4772b36c1faf93d6be72,val,식자재,T4 구어·문장,q_식자재_11,쌀 파는 곳,식료품 중 '식자재'를 판매·제공하는 매장,54207e88-39d1-4a29-854a-e4fda51447ab,남도쌀집,쌀,진흥종합시장,전통시장,인천광역시,3.0,3.0,,,RESOLVED_AGREEMENT,False,3,,,,
6f9dd96d52ed0eda7df2,val,식자재,T4 구어·문장,q_식자재_11,쌀 파는 곳,식료품 중 '식자재'를 판매·제공하는 매장,c626e6be-3d04-4157-9b1b-e01abc33789b,삼흥미곡,쌀,강릉중앙시장,전통시장,강원특별자치도,3.0,3.0,,,RESOLVED_AGREEMENT,False,3,,,,
c908c02e3e1a63ff34e3,val,식자재,T4 구어·문장,q_식자재_11,쌀 파는 곳,식료품 중 '식자재'를 판매·제공하는 매장,034f637f-e1c0-4e3c-99a7-eb7c8deb055a,청풍상회,곡물,내토전통시장,전통시장,충청북도,2.0,3.0,,,P2_GRADED_ONLY,True,,,,,
6f2b2b5fc2d9f3f10811,val,식자재,T4 구어·문장,q_식자재_11,쌀 파는 곳,식료품 중 '식자재'를 판매·제공하는 매장,5723d922-e55c-46bc-a5b9-846ba2afdf5d,커피파는 집,,거제 성포 골목형상점가,골목형상점가,경상남도,0.0,0.0,,,RESOLVED_AGREEMENT,False,0,,,,
dee9606b130c12f9026d,val,식자재,T4 구어·문장,q_식자재_11,쌀 파는 곳,식료품 중 '식자재'를 판매·제공하는 매장,49bd0226-04f6-42f9-aef8-e2e0ee03082c,거제쌀상회,쌀,마산어시장,전통시장,경상남도,3.0,3.0,,,RESOLVED_AGREEMENT,False,3,,,,
7196f666c669e26d7529,val,식자재,T4 구어·문장,q_식자재_11,쌀 파는 곳,식료품 중 '식자재'를 판매·제공하는 매장,092868ef-cdbe-426a-8e04-c1862bac5076,익산바이오,식용유,세종전통시장,전통시장,세종특별자치시,2.0,0.0,,,P1_BINARY_THRESHOLD,True,,,,,
01ab87f32c70ec827294,val,식자재,T4 구어·문장,q_식자재_11,쌀 파는 곳,식료품 중 '식자재'를 판매·제공하는 매장,015915e3-2542-4245-b627-0c775b4c5501,한내떡집,,거제 고현시장,전통시장,경상남도,1.0,0.0,,,P2_GRADED_ONLY,True,,,,,
440ad1cfaf4220566bda,val,식자재,T4 구어·문장,q_식자재_11,쌀 파는 곳,식료품 중 '식자재'를 판매·제공하는 매장,022ece99-80e4-453c-91c0-f46f8527e7ab,구즉방아간,방앗간,송강전통시장,전통시장,대전광역시,2.0,3.0,,,P2_GRADED_ONLY,True,,,,,
0a1a008c07c4710443e8,val,식자재,T4 구어·문장,q_식자재_11,쌀 파는 곳,식료품 중 '식자재'를 판매·제공하는 매장,0017714f-cbac-4f85-a148-338ddcefe41c,유수담,"쌀, 계란, 신선식품",익산북부시장,전통시장,전북특별자치도,3.0,3.0,,,RESOLVED_AGREEMENT,False,3,,,,
cbf619170fcd07f3a0cf,val,식자재,T4 구어·문장,q_식자재_11,쌀 파는 곳,식료품 중 '식자재'를 판매·제공하는 매장,be9f8c61-892c-48ed-a49d-b63bd032c025,소곳,의류,고투몰(강남터미널지하도상점가),일반지하상점가,서울특별시,0.0,0.0,,,RESOLVED_AGREEMENT,False,0,,,,
8dcbbc473ba390495937,val,식자재,T4 구어·문장,q_식자재_11,쌀 파는 곳,식료품 중 '식자재'를 판매·제공하는 매장,5b7af6c5-d1f0-415d-bf52-1847db3e556f,에그2000 부천송내점,샌드위치 등,송내영화의거리 골목형상점가,골목형상점가,경기도,0.0,0.0,,,RESOLVED_AGREEMENT,False,0,,,,
a379dcd37c47e85a0793,val,식자재,T4 구어·문장,q_식자재_11,쌀 파는 곳,식료품 중 '식자재'를 판매·제공하는 매장,04c905ba-3172-4ea4-a6dd-4345d674dea0,덕순이네,제조업(떡집),장터길 골목형상점가,골목형상점가,경기도,1.0,0.0,,,P2_GRADED_ONLY,True,,,,,
464beecdfd256bfab104,val,식자재,T4 구어·문장,q_식자재_11,쌀 파는 곳,식료품 중 '식자재'를 판매·제공하는 매장,96e20252-7279-4fa4-bddc-ad6d8cd6d3f6,광덕농산,쌀,석바위시장,전통시장,인천광역시,3.0,3.0,,,RESOLVED_AGREEMENT,False,3,,,,
2f65ca9b1e439d13ceb3,val,식자재,T4 구어·문장,q_식자재_11,쌀 파는 곳,식료품 중 '식자재'를 판매·제공하는 매장,6366963d-59e9-41e3-b1f6-22f02e7d9b9e,천안쌀상회,쌀,아차산등산로골목형상점가,골목형상점가,서울특별시,3.0,3.0,,,RESOLVED_AGREEMENT,False,3,,,,
f23ca71bb8059c0d463b,val,식자재,T4 구어·문장,q_식자재_11,쌀 파는 곳,식료품 중 '식자재'를 판매·제공하는 매장,47814469-adc6-47a8-8b41-875c1976c3e9,가좌쌀집,쌀,가좌시장,전통시장,인천광역시,3.0,3.0,,,RESOLVED_AGREEMENT,False,3,,,,
30cc4c9dc99bc02bbd6d,val,식자재,T4 구어·문장,q_식자재_11,쌀 파는 곳,식료품 중 '식자재'를 판매·제공하는 매장,e3dbcc9f-0d99-469c-99f2-663d879857d7,쌀돌이건어물,쌀,운수대통!생거진천전통시장,전통시장,충청북도,3.0,3.0,,,RESOLVED_AGREEMENT,False,3,,,,
84c14f997e9392be38d8,val,식자재,T4 구어·문장,q_식자재_11,쌀 파는 곳,식료품 중 '식자재'를 판매·제공하는 매장,008d07a3-ba18-4806-9ec7-48c0adb25276,아빠네 빵집,제과제빵,신창수문 골목형상점가,골목형상점가,광주광역시,1.0,0.0,,,P2_GRADED_ONLY,True,,,,,
5e6a19b3ed052bd5e7b0,val,식자재,T4 구어·문장,q_식자재_11,쌀 파는 곳,식료품 중 '식자재'를 판매·제공하는 매장,2a30f6e4-0d5b-493e-9ba3-2ce7f73caaf1,영천상회,쌀,부전농수산물새벽시장,전통시장,부산광역시,3.0,3.0,,,RESOLVED_AGREEMENT,False,3,,,,
041b2e4b0ae2fe386ee0,val,식자재,T4 구어·문장,q_식자재_11,쌀 파는 곳,식료품 중 '식자재'를 판매·제공하는 매장,2eb021cf-b0eb-4346-817b-2bdb9a210ac6,대촌국밥,한식,말바우시장,전통시장,광주광역시,0.0,0.0,,,RESOLVED_AGREEMENT,False,0,,,,
d09b9550551d904193f5,val,식자재,T4 구어·문장,q_식자재_11,쌀 파는 곳,식료품 중 '식자재'를 판매·제공하는 매장,00bf0e58-0696-472a-8a12-945c44dc9435,오복상회,쌀,백년시장(구 강북종합전통시장),전통시장,서울특별시,3.0,3.0,,,RESOLVED_AGREEMENT,False,3,,,,
d88f8bc473955f174cf8,val,식자재,T4 구어·문장,q_식자재_11,쌀 파는 곳,식료품 중 '식자재'를 판매·제공하는 매장,929d857f-3a8c-4e54-beb8-7c697f744ade,고기파는 형제들,,신영시장,전통시장,서울특별시,0.0,0.0,,,RESOLVED_AGREEMENT,False,0,,,,
0e1acaf46fcee0b6eb78,val,식자재,T4 구어·문장,q_식자재_11,쌀 파는 곳,식료품 중 '식자재'를 판매·제공하는 매장,df7fab16-16bd-4d3f-8610-4aec16703190,동부양곡,쌀,진주 자유시장,전통시장,경상남도,3.0,3.0,,,RESOLVED_AGREEMENT,False,3,,,,
63c385c8e5a28c0aa091,val,식자재,T4 구어·문장,q_식자재_11,쌀 파는 곳,식료품 중 '식자재'를 판매·제공하는 매장,1d18ba60-d612-4b52-906a-51396374eeae,부흥상사,쌀,오정동상점가,자율상권구역,대전광역시,3.0,3.0,,,RESOLVED_AGREEMENT,False,3,,,,
b7f5d1d2dcfd0f2ca41c,val,식자재,T4 구어·문장,q_식자재_11,쌀 파는 곳,식료품 중 '식자재'를 판매·제공하는 매장,03c63490-5a3c-4534-bcd9-c42d2bac5402,금판영농수산,쌀,매월동상인회 골목형상점가,골목형상점가,광주광역시,3.0,3.0,,,RESOLVED_AGREEMENT,False,3,,,,
28988522192aaa19d8df,val,식자재,T4 구어·문장,q_식자재_11,쌀 파는 곳,식료품 중 '식자재'를 판매·제공하는 매장,2743811c-5e71-4d2b-aa75-1b0147d44f2d,사우 꽃이 피는 곳,꽃,김포 풍년마을 골목형상점가,골목형상점가,경기도,0.0,0.0,,,RESOLVED_AGREEMENT,False,0,,,,
47e0fa7ef55e56a1688e,val,식자재,T4 구어·문장,q_식자재_11,쌀 파는 곳,식료품 중 '식자재'를 판매·제공하는 매장,5f59c153-0ca4-4ba4-9f1c-e59663f9e5e2,꽃파는 카페 가배화,꽃가게,맛조이상인회 골목형상점가,골목형상점가,광주광역시,0.0,0.0,,,RESOLVED_AGREEMENT,False,0,,,,
023a8c9648d23b8d8e07,val,식자재,T4 구어·문장,q_식자재_11,쌀 파는 곳,식료품 중 '식자재'를 판매·제공하는 매장,f6dacc3d-b174-4793-9ac7-f7c3306e6f37,팔팔쌀집,쌀,전포놀이터시장,전통시장,부산광역시,3.0,3.0,,,RESOLVED_AGREEMENT,False,3,,,,
b950585703b2b29ddbf2,val,식자재,T4 구어·문장,q_식자재_11,쌀 파는 곳,식료품 중 '식자재'를 판매·제공하는 매장,08434eac-bf1f-45fa-89ba-a6637d9d6e56,강화상회,쌀,대조시장,전통시장,서울특별시,3.0,3.0,,,RESOLVED_AGREEMENT,False,3,,,,
cba3aac229788d0c1c7b,val,식자재,T4 구어·문장,q_식자재_11,쌀 파는 곳,식료품 중 '식자재'를 판매·제공하는 매장,023b2cb4-7f9e-4b85-9888-474ee933954a,산척제유소,방앗간,충주자유시장,전통시장,충청북도,2.0,3.0,,,P2_GRADED_ONLY,True,,,,,
835efd840323c7ea04ed,val,식자재,T4 구어·문장,q_식자재_11,쌀 파는 곳,식료품 중 '식자재'를 판매·제공하는 매장,fcc4f6e6-bdce-44b7-85d2-f86770970597,현대상회,채소,팔달신시장,전통시장,대구광역시,0.0,3.0,,,P1_BINARY_THRESHOLD,True,,,,,
1ae223e4fbe74e21b974,val,식자재,T4 구어·문장,q_식자재_11,쌀 파는 곳,식료품 중 '식자재'를 판매·제공하는 매장,0406ed16-445f-4c4a-a7e0-12097f3895dd,신토불이쌀,쌀,성대시장골목형상점가,골목형상점가,서울특별시,3.0,3.0,,,RESOLVED_AGREEMENT,False,3,,,,
f6154d62d574d35fd2ff,val,식자재,T4 구어·문장,q_식자재_11,쌀 파는 곳,식료품 중 '식자재'를 판매·제공하는 매장,044b74fa-bb37-480b-8d36-3f7676cf2fb4,영진상회,곡물,청주육거리종합시장,전통시장,충청북도,2.0,3.0,,,P2_GRADED_ONLY,True,,,,,
65c41fbb4031114f34cd,val,식자재,T4 구어·문장,q_식자재_11,쌀 파는 곳,식료품 중 '식자재'를 판매·제공하는 매장,26d825f2-2bcd-4e47-8756-3390d6e52697,고기파는 박군,식육점,창원 명서시장,전통시장,경상남도,0.0,0.0,,,RESOLVED_AGREEMENT,False,0,,,,
c7acddbd3d2968d14cf7,val,식자재,T4 구어·문장,q_식자재_11,쌀 파는 곳,식료품 중 '식자재'를 판매·제공하는 매장,5beb6187-2766-4dd5-bcca-3b08cb8c087f,고기파는 총각들,,용마루길 골목형상점가,골목형상점가,서울특별시,0.0,0.0,,,RESOLVED_AGREEMENT,False,0,,,,
e6a2330a166259794299,val,식자재,T4 구어·문장,q_식자재_11,쌀 파는 곳,식료품 중 '식자재'를 판매·제공하는 매장,94fb7ebc-3964-413f-9b1e-7a3a95a37f43,영선쌀상회,쌀,남항시장,전통시장,부산광역시,3.0,3.0,,,RESOLVED_AGREEMENT,False,3,,,,
cd9005ce490f08dc2a94,val,식자재,T4 구어·문장,q_식자재_11,쌀 파는 곳,식료품 중 '식자재'를 판매·제공하는 매장,20ce83c5-06d5-4898-98a0-b450dd15978f,안계쌀집,쌀,팔달신시장,전통시장,대구광역시,3.0,3.0,,,RESOLVED_AGREEMENT,False,3,,,,
6f08a02430edf354d5c6,val,식자재,T4 구어·문장,q_식자재_11,쌀 파는 곳,식료품 중 '식자재'를 판매·제공하는 매장,0592f5f6-ae8d-491f-87e9-2021a00f4ae0,우리상회,곡물,상주중앙시장,전통시장,경상북도,2.0,3.0,,,P2_GRADED_ONLY,True,,,,,
bb61e902f50e3241587b,val,식자재,T4 구어·문장,q_식자재_11,쌀 파는 곳,식료품 중 '식자재'를 판매·제공하는 매장,b5a9aa7d-8c8c-400b-a2a7-8c49ae06b0e6,강원미곡,쌀,횡성전통시장,전통시장,강원특별자치도,3.0,3.0,,,RESOLVED_AGREEMENT,False,3,,,,
1b2427f386a2792bc771,val,식자재,T4 구어·문장,q_식자재_11,쌀 파는 곳,식료품 중 '식자재'를 판매·제공하는 매장,26cf948b-cb19-42a2-91b4-c149e8a49d5d,장터야채,쌀,춘천풍물시장,전통시장,강원특별자치도,3.0,3.0,,,RESOLVED_AGREEMENT,False,3,,,,
1bd53aad32f3ceaf28dc,val,식자재,T4 구어·문장,q_식자재_11,쌀 파는 곳,식료품 중 '식자재'를 판매·제공하는 매장,9fbb4a4c-f364-48a1-a641-afebd0141d10,듀헤어스튜디오,헤어미용,임방울대로 골목형상점가,골목형상점가,광주광역시,0.0,0.0,,,RESOLVED_AGREEMENT,False,0,,,,
f971b25a5eca4c8ef532,val,식자재,T4 구어·문장,q_식자재_11,쌀 파는 곳,식료품 중 '식자재'를 판매·제공하는 매장,013444f9-7e9b-4640-84f0-43ac071ef57f,대림고추방아,"고추가루, 기름",부천강남시장,전통시장,경기도,0.0,0.0,,,RESOLVED_AGREEMENT,False,0,,,,
118a39e7269a75f2ea99,val,식자재,T4 구어·문장,q_식자재_11,쌀 파는 곳,식료품 중 '식자재'를 판매·제공하는 매장,03e3e424-656a-46ea-82b7-21bcc07cae47,초왕상회,"곡물, 농산물",전주남부시장,전통시장,전북특별자치도,2.0,3.0,,,P2_GRADED_ONLY,True,,,,,
0a2a9992149488796159,val,식자재,T4 구어·문장,q_식자재_11,쌀 파는 곳,식료품 중 '식자재'를 판매·제공하는 매장,002d0d06-15b2-463e-b789-b0232bcc6681,뚜레주르버들마을점,제과,버들마을상인회 골목형상점가,골목형상점가,광주광역시,1.0,0.0,,,P2_GRADED_ONLY,True,,,,,
7ef4cf3753ed844f99d9,val,식자재,T4 구어·문장,q_식자재_11,쌀 파는 곳,식료품 중 '식자재'를 판매·제공하는 매장,01859206-536a-40a7-be1e-c8610663a665,동원참기름,참기름,안강공설시장,전통시장,경상북도,2.0,3.0,,,P2_GRADED_ONLY,True,,,,,
e546b1109d877f917ff6,val,식자재,T4 구어·문장,q_식자재_11,쌀 파는 곳,식료품 중 '식자재'를 판매·제공하는 매장,3d8b9efb-9c96-4a8c-be35-629d96093e9d,마티스커피,커피,수완중흥대방 골목형상점가,골목형상점가,광주광역시,0.0,0.0,,,RESOLVED_AGREEMENT,False,0,,,,
a86f2e25262053c84ea9,val,식자재,T4 구어·문장,q_식자재_11,쌀 파는 곳,식료품 중 '식자재'를 판매·제공하는 매장,00e80339-1353-4885-81d7-0746a437abb2,포식 용인한숲시티점,쌀국수 돈까스 함박스테이크,남사한숲 골목형상점가,골목형상점가,경기도,3.0,3.0,,,RESOLVED_AGREEMENT,False,3,,,,
0e84cedd8c6b7e678177,val,식자재,T4 구어·문장,q_식자재_11,쌀 파는 곳,식료품 중 '식자재'를 판매·제공하는 매장,35dce51c-c490-46cc-b395-5d7bebf05a18,연곡쌀,"곡물, 쌀",주문진종합시장,전통시장,강원특별자치도,3.0,3.0,,,RESOLVED_AGREEMENT,False,3,,,,
6d6c1d7634de4f021196,val,식자재,T4 구어·문장,q_식자재_11,쌀 파는 곳,식료품 중 '식자재'를 판매·제공하는 매장,7757e215-5281-40ed-bb0d-e42749134e1a,미소농산,쌀,오정동상점가,자율상권구역,대전광역시,3.0,3.0,,,RESOLVED_AGREEMENT,False,3,,,,
4d616049ac8802dd65da,val,식자재,T4 구어·문장,q_식자재_11,쌀 파는 곳,식료품 중 '식자재'를 판매·제공하는 매장,2dd450ae-bcd3-462c-af36-afcf54081adc,일산상회,쌀,남이동길골목형상점가,골목형상점가,서울특별시,3.0,3.0,,,RESOLVED_AGREEMENT,False,3,,,,
c513e521a1e3aadb383f,val,식자재,T4 구어·문장,q_식자재_11,쌀 파는 곳,식료품 중 '식자재'를 판매·제공하는 매장,4468f48e-6618-4759-a990-f3c5dc3f753d,동아상회,쌀,거창 전통시장,전통시장,경상남도,3.0,3.0,,,RESOLVED_AGREEMENT,False,3,,,,
98350816aa27bc76f550,val,식자재,T4 구어·문장,q_식자재_11,쌀 파는 곳,식료품 중 '식자재'를 판매·제공하는 매장,bdc21780-d0e7-42c7-82bf-31b8017fc849,여수쌀집,쌀,광양매일시장(광양상설시장),전통시장,전라남도,3.0,3.0,,,RESOLVED_AGREEMENT,False,3,,,,
b3da6048341c031a9a65,val,식자재,T4 구어·문장,q_식자재_11,쌀 파는 곳,식료품 중 '식자재'를 판매·제공하는 매장,a74a24ba-c3ac-4255-bbf1-d268ace5b988,향길쌀농산물,쌀,전주풍남문상점가,자율상권구역,전북특별자치도,3.0,3.0,,,RESOLVED_AGREEMENT,False,3,,,,
7d2cf8b0a02f7c0066ab,val,식자재,T4 구어·문장,q_식자재_11,쌀 파는 곳,식료품 중 '식자재'를 판매·제공하는 매장,938b92f8-b2f3-4151-81af-3884e120024e,고기파는 청년들,정육,용호시장,전통시장,부산광역시,0.0,2.0,,,P1_BINARY_THRESHOLD,True,,,,,
b5cc216e7cf04720a1ad,val,식자재,T4 구어·문장,q_식자재_11,쌀 파는 곳,식료품 중 '식자재'를 판매·제공하는 매장,0b8ef6dc-2f6b-4707-bd73-529122d9c97a,하단떡집,떡집,하단오일상설시장,전통시장,부산광역시,1.0,0.0,,,P2_GRADED_ONLY,True,,,,,
7ece8b251b4beb00dcdb,val,식자재,T4 구어·문장,q_식자재_11,쌀 파는 곳,식료품 중 '식자재'를 판매·제공하는 매장,6835a331-dd56-4214-9889-29c7f561712e,모자쌀상회,쌀,광천문화시장,전통시장,충청남도,3.0,3.0,,,RESOLVED_AGREEMENT,False,3,,,,
6f14ab3e81074a094f6f,val,식자재,T4 구어·문장,q_식자재_11,쌀 파는 곳,식료품 중 '식자재'를 판매·제공하는 매장,01a5f192-c482-46e3-8b58-5358216d0749,풍전기름집,참기름,화곡본동시장,전통시장,서울특별시,2.0,3.0,,,P2_GRADED_ONLY,True,,,,,
4501bb467182e4547b36,val,식자재,T4 구어·문장,q_식자재_11,쌀 파는 곳,식료품 중 '식자재'를 판매·제공하는 매장,02223ab5-044d-40ad-8cc7-838ed325ada0,상옥쌀상회,쌀,영일대북부시장(구 북부시장),전통시장,경상북도,3.0,3.0,,,RESOLVED_AGREEMENT,False,3,,,,
dedbd1c58efa5fe5fc63,val,식자재,T4 구어·문장,q_식자재_11,쌀 파는 곳,식료품 중 '식자재'를 판매·제공하는 매장,01757e0a-7278-44bc-9fad-29595028ac3d,현대떡방앗간,방앗간,염매시장(의성중앙시장),전통시장,경상북도,2.0,3.0,,,P2_GRADED_ONLY,True,,,,,
ea51ff55e5db57f1d0bb,val,식자재,T4 구어·문장,q_식자재_11,쌀 파는 곳,식료품 중 '식자재'를 판매·제공하는 매장,85e16695-7fbe-4308-8f33-bcc71dcc3479,대우미곡,쌀,백년소상공인,기타,전라남도,3.0,3.0,,,RESOLVED_AGREEMENT,False,3,,,,
c31e4c70abc6163299c9,val,식자재,T4 구어·문장,q_식자재_11,쌀 파는 곳,식료품 중 '식자재'를 판매·제공하는 매장,68328886-ebc5-496d-9026-e4af1d8d2f1a,광복쌀슈퍼,쌀,공주산성시장,전통시장,충청남도,3.0,3.0,,,RESOLVED_AGREEMENT,False,3,,,,
10110f0a04c22178f451,val,식자재,T4 구어·문장,q_식자재_11,쌀 파는 곳,식료품 중 '식자재'를 판매·제공하는 매장,ad2284ff-8791-453b-b8a9-67654ff94220,폰파는 신사,휴대폰,남해 명품화전길 골목형상점가,골목형상점가,경상남도,0.0,0.0,,,RESOLVED_AGREEMENT,False,0,,,,
10b3d35e92280c4fdc1f,val,식자재,T4 구어·문장,q_식자재_11,쌀 파는 곳,식료품 중 '식자재'를 판매·제공하는 매장,0b69c684-9b0b-490b-892e-9267cf4662a3,윤수참기름,식용유,진주 청과시장,전통시장,경상남도,2.0,3.0,,,P2_GRADED_ONLY,True,,,,,
b8dba93a5b3e61fdc0ba,val,식자재,T4 구어·문장,q_식자재_11,쌀 파는 곳,식료품 중 '식자재'를 판매·제공하는 매장,005313c8-dce8-49b6-9841-9143ebb1305a,동원떡집,,박달시장,전통시장,경기도,1.0,0.0,,,P2_GRADED_ONLY,True,,,,,
1def08827b185dc9047a,val,식자재,T4 구어·문장,q_식자재_11,쌀 파는 곳,식료품 중 '식자재'를 판매·제공하는 매장,54f77a46-b6d5-4b0a-89d0-aa845de7f842,송림상회,쌀,현대시장,전통시장,인천광역시,3.0,3.0,,,RESOLVED_AGREEMENT,False,3,,,,
6e11d3c05d9f9d9a5b60,val,식자재,T4 구어·문장,q_식자재_11,쌀 파는 곳,식료품 중 '식자재'를 판매·제공하는 매장,76a3551b-dae4-4326-92cc-662015aedbfb,쉴 곳,한식,칠성로상점가,자율상권구역,제주특별자치도,0.0,0.0,,,RESOLVED_AGREEMENT,False,0,,,,
38726ee2301931c5a143,val,식자재,T4 구어·문장,q_식자재_11,쌀 파는 곳,식료품 중 '식자재'를 판매·제공하는 매장,2e0a4fef-9229-4718-b386-d373a27a2540,춘화족발,쌀,김해 장유전통시장,전통시장,경상남도,3.0,3.0,,,RESOLVED_AGREEMENT,False,3,,,,
d2ee7dd9559ff1095126,val,식자재,T4 구어·문장,q_식자재_11,쌀 파는 곳,식료품 중 '식자재'를 판매·제공하는 매장,c111ac9d-3f3a-405c-a8db-4d127ccda9e2,행복이 있는 곳,잡화,제주로얄쇼핑센터,자율상권구역,제주특별자치도,0.0,0.0,,,RESOLVED_AGREEMENT,False,0,,,,
b584f8e0296ee6457d35,val,식자재,T4 구어·문장,q_식자재_11,쌀 파는 곳,식료품 중 '식자재'를 판매·제공하는 매장,0061123f-a676-4556-9633-5fbc4ecaf6ef,치즈케익카스테라카페,제과,북가좌동 골목형상점가,골목형상점가,서울특별시,1.0,0.0,,,P2_GRADED_ONLY,True,,,,,
97d6d5106dd90894d08a,val,식자재,T4 구어·문장,q_식자재_11,쌀 파는 곳,식료품 중 '식자재'를 판매·제공하는 매장,24456103-f6b8-46af-8655-82e61d7265d8,커피가 머무르는 곳,커피,반드레길골목형상점가,골목형상점가,서울특별시,0.0,0.0,,,RESOLVED_AGREEMENT,False,0,,,,
bf2c930ad882be574365,val,식자재,T4 구어·문장,q_식자재_11,쌀 파는 곳,식료품 중 '식자재'를 판매·제공하는 매장,00fea2e0-f294-46b6-af68-655475e888be,동양유통,"곡물, 식자재",김해새벽시장,기타,경상남도,2.0,3.0,,,P2_GRADED_ONLY,True,,,,,
8dc2b416b4e48d9a56cc,val,식자재,T4 구어·문장,q_식자재_11,쌀 파는 곳,식료품 중 '식자재'를 판매·제공하는 매장,104f1635-418f-4970-9632-26a018862faf,관음농산,쌀,관음시장,전통시장,대구광역시,3.0,3.0,,,RESOLVED_AGREEMENT,False,3,,,,
bbc5f0bc3883abd7759f,val,식자재,T4 구어·문장,q_식자재_11,쌀 파는 곳,식료품 중 '식자재'를 판매·제공하는 매장,1e4bccf2-bb3a-4679-8f8a-e8197ccd49e7,백년지기황토쌀,쌀,서변중앙시장,전통시장,대구광역시,3.0,3.0,,,RESOLVED_AGREEMENT,False,3,,,,
91735388c50eda417f7a,val,식자재,T4 구어·문장,q_식자재_11,쌀 파는 곳,식료품 중 '식자재'를 판매·제공하는 매장,d955212f-65a7-4188-8fd5-ec3850624390,시범쌀상회,쌀,송화벽화시장,전통시장,서울특별시,3.0,3.0,,,RESOLVED_AGREEMENT,False,3,,,,
155df60bcc432ccda876,val,식자재,T4 구어·문장,q_식자재_11,쌀 파는 곳,식료품 중 '식자재'를 판매·제공하는 매장,0046e3b5-e973-4cc0-807c-acb34ad8e262,야음민속떡집,제조업(떡방앗간),울산번개시장,전통시장,울산광역시,2.0,3.0,,,P2_GRADED_ONLY,True,,,,,
1f712dea1df0af2f9a7f,val,식자재,T4 구어·문장,q_식자재_11,쌀 파는 곳,식료품 중 '식자재'를 판매·제공하는 매장,78ad8364-c305-4ba8-8772-da33d1fb90c1,좋은햇쌀,쌀,산정상인회 골목형상점가,골목형상점가,광주광역시,3.0,3.0,,,RESOLVED_AGREEMENT,False,3,,,,
381ecdab9e974c9a12d2,val,식자재,T4 구어·문장,q_식자재_11,쌀 파는 곳,식료품 중 '식자재'를 판매·제공하는 매장,6702c44f-743f-4a82-a486-762c643027a2,야채파는 총각,농산물,구리전통시장,전통시장,경기도,1.0,3.0,,,P1_BINARY_THRESHOLD,True,,,,,
03eb4faad4481d73329c,val,식자재,T4 구어·문장,q_식자재_11,쌀 파는 곳,식료품 중 '식자재'를 판매·제공하는 매장,17982057-550e-40de-85ba-5ca07a8dd9ab,굿푸드홀세일,쌀,대림골목시장,전통시장,서울특별시,3.0,3.0,,,RESOLVED_AGREEMENT,False,3,,,,
2f7f4fe60999359c639d,val,식자재,T4 구어·문장,q_식자재_11,쌀 파는 곳,식료품 중 '식자재'를 판매·제공하는 매장,00362b85-cb9a-4318-9059-12f768d76197,파리바게뜨전주인후점,제과점,소나무 골목형상점가,골목형상점가,전북특별자치도,1.0,0.0,,,P2_GRADED_ONLY,True,,,,,
f33d69c301504905d361,val,식자재,T4 구어·문장,q_식자재_11,쌀 파는 곳,식료품 중 '식자재'를 판매·제공하는 매장,2000ed3d-0cb4-47fc-a59f-51757655dad0,(주)파키오,쌀,서울약령시장,전통시장,서울특별시,3.0,3.0,,,RESOLVED_AGREEMENT,False,3,,,,
1abc2b4c11bac3d000a3,val,식자재,T4 구어·문장,q_식자재_11,쌀 파는 곳,식료품 중 '식자재'를 판매·제공하는 매장,fabb796c-4be1-477b-8a21-e72e0f19612d,대신양곡,쌀,속초중앙전통시장,전통시장,강원특별자치도,3.0,3.0,,,RESOLVED_AGREEMENT,False,3,,,,
7365f86cda9a13eac46c,val,식자재,T4 구어·문장,q_식자재_11,쌀 파는 곳,식료품 중 '식자재'를 판매·제공하는 매장,a8d621e6-4a98-4f91-8c2f-821dcc490ebf,시장쌀집,쌀,오천시장,전통시장,경상북도,3.0,3.0,,,RESOLVED_AGREEMENT,False,3,,,,
c5a5fdea461dccfd5335,val,식자재,T4 구어·문장,q_식자재_11,쌀 파는 곳,식료품 중 '식자재'를 판매·제공하는 매장,4ab43860-969f-481e-b269-6d1ce5ba4b82,영광쌀창고,쌀,반송큰시장,전통시장,부산광역시,3.0,3.0,,,RESOLVED_AGREEMENT,False,3,,,,
8458d7496c6736b478cc,val,식자재,T4 구어·문장,q_식자재_11,쌀 파는 곳,식료품 중 '식자재'를 판매·제공하는 매장,4fb71ad2-205f-4019-bc82-5a12e0896469,내고향쌀,쌀,감호시장,전통시장,경상북도,3.0,3.0,,,RESOLVED_AGREEMENT,False,3,,,,
3c6bd8b2a878a2e2b9e0,val,식자재,T4 구어·문장,q_식자재_11,쌀 파는 곳,식료품 중 '식자재'를 판매·제공하는 매장,0e224dee-e545-48f6-95af-5a197b33a076,경북식품,식용유,가락몰골목형상점가,골목형상점가,서울특별시,2.0,0.0,,,P1_BINARY_THRESHOLD,True,,,,,
75bdd36f26913b3ac097,val,식자재,T4 구어·문장,q_식자재_11,쌀 파는 곳,식료품 중 '식자재'를 판매·제공하는 매장,f6a277d5-dca8-4db1-87c5-75dbbf3f5282,다명상회,쌀,대전상가,전통시장,대전광역시,3.0,3.0,,,RESOLVED_AGREEMENT,False,3,,,,
f084dd3aaf93d05104c3,val,식자재,T4 구어·문장,q_식자재_11,쌀 파는 곳,식료품 중 '식자재'를 판매·제공하는 매장,1dece7ab-c77e-4e2e-b8f5-584480c0e0a2,부량직판장,쌀,서부시장상점가(서부시장 통합),전통시장,전북특별자치도,3.0,3.0,,,RESOLVED_AGREEMENT,False,3,,,,
e880f0eacf6b69a11221,val,식자재,T4 구어·문장,q_식자재_11,쌀 파는 곳,식료품 중 '식자재'를 판매·제공하는 매장,f7a5c0ac-bd0c-4dc8-a917-1f111d5966fe,이현국패션,의류,구미종합상가,전통시장,경상북도,0.0,0.0,,,RESOLVED_AGREEMENT,False,0,,,,
e8fd39333d80a711c398,val,식자재,T4 구어·문장,q_식자재_11,쌀 파는 곳,식료품 중 '식자재'를 판매·제공하는 매장,001cb3d4-5441-4963-b517-d5b3904ee312,현창떡집,떡집,목포동부시장,전통시장,전라남도,1.0,0.0,,,P2_GRADED_ONLY,True,,,,,
1861f5a1054e16ec45be,val,식자재,T4 구어·문장,q_식자재_11,쌀 파는 곳,식료품 중 '식자재'를 판매·제공하는 매장,00ec16f5-8b45-4af1-bb1b-6389f2412be8,수진식품,"참기름, 고추가루등",김해 진영전통시장,전통시장,경상남도,2.0,3.0,,,P2_GRADED_ONLY,True,,,,,
99ff2c471df288a36749,val,식자재,T4 구어·문장,q_식자재_11,쌀 파는 곳,식료품 중 '식자재'를 판매·제공하는 매장,021bf03c-8b83-4288-89c5-15a4a162142b,신선식품,식자재,사천읍시장,전통시장,경상남도,2.0,3.0,,,P2_GRADED_ONLY,True,,,,,
7eb369ee7c6a8ed23142,val,식자재,T4 구어·문장,q_식자재_11,쌀 파는 곳,식료품 중 '식자재'를 판매·제공하는 매장,78c8a54f-75ee-4473-9b0b-d7700a69c72a,한성쌀집,쌀,용현시장,전통시장,인천광역시,3.0,3.0,,,RESOLVED_AGREEMENT,False,3,,,,
96a254ecb12b87e7f799,val,식자재,T4 구어·문장,q_식자재_11,쌀 파는 곳,식료품 중 '식자재'를 판매·제공하는 매장,727a4d51-4e36-4971-9a4a-986aa7b13a94,영진농산,쌀,봉선중앙로 골목형상점가,골목형상점가,광주광역시,3.0,3.0,,,RESOLVED_AGREEMENT,False,3,,,,
7218b20137011f157293,val,식자재,T4 구어·문장,q_식자재_11,쌀 파는 곳,식료품 중 '식자재'를 판매·제공하는 매장,a5334a1d-739f-470d-aaf7-4a2458222390,비비큐 여수충무점,치킨전문점,여수진남상가,자율상권구역,전라남도,0.0,0.0,,,RESOLVED_AGREEMENT,False,0,,,,
25864e1d8af629b3d363,val,식자재,T4 구어·문장,q_식자재_11,쌀 파는 곳,식료품 중 '식자재'를 판매·제공하는 매장,41d5f8f5-d2b9-4e6c-a712-00095133cd1f,대흥쌀상회,쌀,양평물맑은시장,전통시장,경기도,3.0,3.0,,,RESOLVED_AGREEMENT,False,3,,,,
0a80ae869e624a89a628,val,식자재,T4 구어·문장,q_식자재_11,쌀 파는 곳,식료품 중 '식자재'를 판매·제공하는 매장,00e30e5a-4662-4e65-9b6c-dd704886f1af,믿음떡집,떡방앗간,문창시장,전통시장,대전광역시,2.0,3.0,,,P2_GRADED_ONLY,True,,,,,
a836fd844e5b42f7d668,val,식자재,T4 구어·문장,q_식자재_11,쌀 파는 곳,식료품 중 '식자재'를 판매·제공하는 매장,001961d9-cb5d-40bc-903a-33d483f7d132,헬씨스탠다드,"건강기능식품, 쌀, 견과류, 약재",응암소담길 골목형상점가,골목형상점가,서울특별시,3.0,3.0,,,RESOLVED_AGREEMENT,False,3,,,,
8026e25599fe5ae8c351,val,식자재,T4 구어·문장,q_식자재_11,쌀 파는 곳,식료품 중 '식자재'를 판매·제공하는 매장,4868e4ed-e785-47d9-95a8-d47758894b96,보미상회,쌀,서남신시장,전통시장,대구광역시,3.0,3.0,,,RESOLVED_AGREEMENT,False,3,,,,
4617295ca212161125c2,val,식자재,T4 구어·문장,q_식자재_11,쌀 파는 곳,식료품 중 '식자재'를 판매·제공하는 매장,04cffa8f-5c05-444b-bde1-a3d1918cf92f,강원기름집,식용유,속초종합중앙시장,전통시장,강원특별자치도,2.0,3.0,,,P2_GRADED_ONLY,True,,,,,
5e525d0b4bcee44ee5d6,val,식자재,T4 구어·문장,q_식자재_11,쌀 파는 곳,식료품 중 '식자재'를 판매·제공하는 매장,c161453d-f2c8-4b97-a2c3-a54e0cbdb7e8,생활용품 싸게 파는 집,잡화,안성중앙시장,전통시장,경기도,0.0,0.0,,,RESOLVED_AGREEMENT,False,0,,,,
7e0e925ecefebfb24287,val,식자재,T4 구어·문장,q_식자재_11,쌀 파는 곳,식료품 중 '식자재'를 판매·제공하는 매장,117335fe-38b0-4ca5-88dd-9a7532e2529b,두꺼비 쌀집,쌀,오천시장,전통시장,경상북도,3.0,3.0,,,RESOLVED_AGREEMENT,False,3,,,,
1dbcee36c14ca67ed44f,val,식자재,T4 구어·문장,q_식자재_11,쌀 파는 곳,식료품 중 '식자재'를 판매·제공하는 매장,defde03a-a03a-4b15-8651-bee4766390db,행복쌀집,쌀,양산 덕계종합상설시장,전통시장,경상남도,3.0,3.0,,,RESOLVED_AGREEMENT,False,3,,,,
f030a19c14da1e109d9e,val,식자재,T4 구어·문장,q_식자재_11,쌀 파는 곳,식료품 중 '식자재'를 판매·제공하는 매장,dfb5b879-9eee-40be-90ae-572eea01be53,풍국쌀,쌀 잡곡,신매시장,전통시장,대구광역시,3.0,3.0,,,RESOLVED_AGREEMENT,False,3,,,,
e1a4544648f4c17a4d30,val,식자재,T4 구어·문장,q_식자재_11,쌀 파는 곳,식료품 중 '식자재'를 판매·제공하는 매장,d5c76b18-0bd3-4b98-a6a5-9224afcaa24a,하나로프리미엄축산,,노은역 골목형상점가,골목형상점가,대전광역시,0.0,0.0,,,RESOLVED_AGREEMENT,False,0,,,,
2f787aae1741abe1f6af,val,식자재,T4 구어·문장,q_식자재_11,쌀 파는 곳,식료품 중 '식자재'를 판매·제공하는 매장,62808ea9-1851-4c4f-a9a5-dcbe438da990,태양유통,쌀,안양남부시장,전통시장,경기도,3.0,3.0,,,RESOLVED_AGREEMENT,False,3,,,,
f182edd6140c5ee3d206,val,식자재,T4 구어·문장,q_식자재_12,참기름 짜는 곳,식료품 중 '식자재'를 판매·제공하는 매장,04c905ba-3172-4ea4-a6dd-4345d674dea0,덕순이네,제조업(떡집),장터길 골목형상점가,골목형상점가,경기도,1.0,0.0,,,P2_GRADED_ONLY,True,,,,,
57f8d6029a46c95b6f13,val,식자재,T4 구어·문장,q_식자재_12,참기름 짜는 곳,식료품 중 '식자재'를 판매·제공하는 매장,0017714f-cbac-4f85-a148-338ddcefe41c,유수담,"쌀, 계란, 신선식품",익산북부시장,전통시장,전북특별자치도,2.0,3.0,,,P2_GRADED_ONLY,True,,,,,
e828b2b43a5221bbec99,val,식자재,T4 구어·문장,q_식자재_12,참기름 짜는 곳,식료품 중 '식자재'를 판매·제공하는 매장,023e47e8-7973-4e3d-95f3-f6bf168360f0,(주)동양종합유통,식자재,양동건어물시장,전통시장,광주광역시,2.0,3.0,,,P2_GRADED_ONLY,True,,,,,
af499e670fde89475fba,val,식자재,T4 구어·문장,q_식자재_12,참기름 짜는 곳,식료품 중 '식자재'를 판매·제공하는 매장,f85b5f8e-c47e-495d-8c3b-5578a70f0a4d,선산참기름,참기름,선산봉황시장(구 선산종합시장),전통시장,경상북도,3.0,3.0,,,RESOLVED_AGREEMENT,False,3,,,,
e2c73da6eac2e23662f0,val,식자재,T4 구어·문장,q_식자재_12,참기름 짜는 곳,식료품 중 '식자재'를 판매·제공하는 매장,14a70aa0-014e-49b7-b251-0afe76215050,충현쌀참기름,참기름,장충남소영길 골목형상점가,골목형상점가,서울특별시,3.0,3.0,,,RESOLVED_AGREEMENT,False,3,,,,
1d7dc1f79434b8ee8634,val,식자재,T4 구어·문장,q_식자재_12,참기름 짜는 곳,식료품 중 '식자재'를 판매·제공하는 매장,d0d3a0fb-53d4-44ac-ac5d-fce26456354e,빵실이네,음식(한식),광명전통시장,전통시장,경기도,0.0,0.0,,,RESOLVED_AGREEMENT,False,0,,,,
81991b1cbc8872d9f65b,val,식자재,T4 구어·문장,q_식자재_12,참기름 짜는 곳,식료품 중 '식자재'를 판매·제공하는 매장,b0afece4-2031-4f09-ab91-ea619b0f1553,남부참기름,참기름,언양알프스시장,전통시장,울산광역시,3.0,3.0,,,RESOLVED_AGREEMENT,False,3,,,,
b1a93f31ed8a16103e90,val,식자재,T4 구어·문장,q_식자재_12,참기름 짜는 곳,식료품 중 '식자재'를 판매·제공하는 매장,002d0d06-15b2-463e-b789-b0232bcc6681,뚜레주르버들마을점,제과,버들마을상인회 골목형상점가,골목형상점가,광주광역시,1.0,0.0,,,P2_GRADED_ONLY,True,,,,,
826565ec4c0992a71a28,val,식자재,T4 구어·문장,q_식자재_12,참기름 짜는 곳,식료품 중 '식자재'를 판매·제공하는 매장,6b58ff67-8cb5-46c1-951b-a35c8ace8cf0,집현참기름,참기름,진주 논개시장,전통시장,경상남도,3.0,3.0,,,RESOLVED_AGREEMENT,False,3,,,,
cd45118acf0ec708b974,val,식자재,T4 구어·문장,q_식자재_12,참기름 짜는 곳,식료품 중 '식자재'를 판매·제공하는 매장,4b5b2416-36b0-4762-8817-a5f89059bd0e,대동참기름,참기름,거창 전통시장,전통시장,경상남도,3.0,3.0,,,RESOLVED_AGREEMENT,False,3,,,,
e71e8c71221752496e7f,val,식자재,T4 구어·문장,q_식자재_12,참기름 짜는 곳,식료품 중 '식자재'를 판매·제공하는 매장,01a5f192-c482-46e3-8b58-5358216d0749,풍전기름집,참기름,화곡본동시장,전통시장,서울특별시,3.0,3.0,,,RESOLVED_AGREEMENT,False,3,,,,
e29817600785cb197ab0,val,식자재,T4 구어·문장,q_식자재_12,참기름 짜는 곳,식료품 중 '식자재'를 판매·제공하는 매장,00e30e5a-4662-4e65-9b6c-dd704886f1af,믿음떡집,떡방앗간,문창시장,전통시장,대전광역시,3.0,3.0,,,RESOLVED_AGREEMENT,False,3,,,,
dfd3d42f4a9b7a1d5a78,val,식자재,T4 구어·문장,q_식자재_12,참기름 짜는 곳,식료품 중 '식자재'를 판매·제공하는 매장,7504df9e-9e54-4739-ba79-b20cdb11f498,조은참기름,참기름,태백시장,전통시장,대구광역시,3.0,3.0,,,RESOLVED_AGREEMENT,False,3,,,,
fb0795fc220342b6e0fd,val,식자재,T4 구어·문장,q_식자재_12,참기름 짜는 곳,식료품 중 '식자재'를 판매·제공하는 매장,0592f5f6-ae8d-491f-87e9-2021a00f4ae0,우리상회,곡물,상주중앙시장,전통시장,경상북도,2.0,3.0,,,P2_GRADED_ONLY,True,,,,,
3a4404a2b1e18d7beeb1,val,식자재,T4 구어·문장,q_식자재_12,참기름 짜는 곳,식료품 중 '식자재'를 판매·제공하는 매장,931ac55f-2522-47c3-84c6-10db64d6a5b1,안강참기름,참기름,안강공설시장,전통시장,경상북도,3.0,3.0,,,RESOLVED_AGREEMENT,False,3,,,,
5f246b2d7c3e3e819731,val,식자재,T4 구어·문장,q_식자재_12,참기름 짜는 곳,식료품 중 '식자재'를 판매·제공하는 매장,309efb71-17dc-48d7-908b-aaa1922c8946,대성참기름,참기름,안강공설시장,전통시장,경상북도,3.0,3.0,,,RESOLVED_AGREEMENT,False,3,,,,
f47dcb554c747a28c2a4,val,식자재,T4 구어·문장,q_식자재_12,참기름 짜는 곳,식료품 중 '식자재'를 판매·제공하는 매장,04cffa8f-5c05-444b-bde1-a3d1918cf92f,강원기름집,식용유,속초종합중앙시장,전통시장,강원특별자치도,2.0,3.0,,,P2_GRADED_ONLY,True,,,,,
9780adc87e3491182b8b,val,식자재,T4 구어·문장,q_식자재_12,참기름 짜는 곳,식료품 중 '식자재'를 판매·제공하는 매장,034f637f-e1c0-4e3c-99a7-eb7c8deb055a,청풍상회,곡물,내토전통시장,전통시장,충청북도,2.0,3.0,,,P2_GRADED_ONLY,True,,,,,
7e883e8378b67788e7fc,val,식자재,T4 구어·문장,q_식자재_12,참기름 짜는 곳,식료품 중 '식자재'를 판매·제공하는 매장,42a23bdb-8f6d-4be2-a4f4-2b9e17f924c5,창녕장터참기름,참기름,창녕전통시장,전통시장,경상남도,3.0,3.0,,,RESOLVED_AGREEMENT,False,3,,,,
fdc2a5a68a5d34834df4,val,식자재,T4 구어·문장,q_식자재_12,참기름 짜는 곳,식료품 중 '식자재'를 판매·제공하는 매장,bc6381b4-a050-40f0-a7e2-f368b3cfc0f0,복지참기름,참기름,동해종합시장,전통시장,경상북도,3.0,3.0,,,RESOLVED_AGREEMENT,False,3,,,,
43d165fdeee2d1cec7f5,val,식자재,T4 구어·문장,q_식자재_12,참기름 짜는 곳,식료품 중 '식자재'를 판매·제공하는 매장,ab3f102f-ae56-49c5-aa12-d4ca3c035112,배가네동태탕찜전문상무점,탕,치평상무역상인회 골목형상점가,골목형상점가,광주광역시,0.0,0.0,,,RESOLVED_AGREEMENT,False,0,,,,
2215f9ccf1c2d23b2a73,val,식자재,T4 구어·문장,q_식자재_12,참기름 짜는 곳,식료품 중 '식자재'를 판매·제공하는 매장,ce5c09d2-40f2-46a3-a4ed-e2a80b663b72,형제참기름,참기름,무진중오거리 골목형상점가,골목형상점가,광주광역시,3.0,3.0,,,RESOLVED_AGREEMENT,False,3,,,,
2f2058d49207fe3bdbde,val,식자재,T4 구어·문장,q_식자재_12,참기름 짜는 곳,식료품 중 '식자재'를 판매·제공하는 매장,ad318c0b-a5ed-4ade-8148-6d7135ddf001,부산참기름,참기름,대명시장,전통시장,대구광역시,3.0,3.0,,,RESOLVED_AGREEMENT,False,3,,,,
37468a724c24720e66c1,val,식자재,T4 구어·문장,q_식자재_12,참기름 짜는 곳,식료품 중 '식자재'를 판매·제공하는 매장,022ece99-80e4-453c-91c0-f46f8527e7ab,구즉방아간,방앗간,송강전통시장,전통시장,대전광역시,3.0,3.0,,,RESOLVED_AGREEMENT,False,3,,,,
c9d48630bdf218a02ffd,val,식자재,T4 구어·문장,q_식자재_12,참기름 짜는 곳,식료품 중 '식자재'를 판매·제공하는 매장,5bba4d4e-3410-4981-8281-a9fca2ff3bd4,하늘천온누리약국,의약품,한림대골목형상점가,골목형상점가,강원특별자치도,0.0,0.0,,,RESOLVED_AGREEMENT,False,0,,,,
4e5761c72ce97b8b124f,val,식자재,T4 구어·문장,q_식자재_12,참기름 짜는 곳,식료품 중 '식자재'를 판매·제공하는 매장,0061123f-a676-4556-9633-5fbc4ecaf6ef,치즈케익카스테라카페,제과,북가좌동 골목형상점가,골목형상점가,서울특별시,1.0,0.0,,,P2_GRADED_ONLY,True,,,,,
ab5e5d03687d4668e430,val,식자재,T4 구어·문장,q_식자재_12,참기름 짜는 곳,식료품 중 '식자재'를 판매·제공하는 매장,f4c35116-5e35-4121-a58c-01d9af8c96cb,일선참기름,참기름,삼성시장,전통시장,대구광역시,3.0,3.0,,,RESOLVED_AGREEMENT,False,3,,,,
0affffdfe0844081b005,val,식자재,T4 구어·문장,q_식자재_12,참기름 짜는 곳,식료품 중 '식자재'를 판매·제공하는 매장,eee9553a-b115-4f5a-9d11-82facedb601d,참기름 짜는 육회집,육회,방이시장,전통시장,서울특별시,2.0,3.0,,,P2_GRADED_ONLY,True,,,,,
42b3d70896b4bd37c887,val,식자재,T4 구어·문장,q_식자재_12,참기름 짜는 곳,식료품 중 '식자재'를 판매·제공하는 매장,75bf94fb-a3b9-4553-9f16-d4e3d5fa7f8d,동훈참기름,참기름,하동공설시장,전통시장,경상남도,3.0,3.0,,,RESOLVED_AGREEMENT,False,3,,,,
e33f767e514a8abe9d14,val,식자재,T4 구어·문장,q_식자재_12,참기름 짜는 곳,식료품 중 '식자재'를 판매·제공하는 매장,013444f9-7e9b-4640-84f0-43ac071ef57f,대림고추방아,"고추가루, 기름",부천강남시장,전통시장,경기도,0.0,0.0,,,RESOLVED_AGREEMENT,False,0,,,,
8c24a902ff2483c68c12,val,식자재,T4 구어·문장,q_식자재_12,참기름 짜는 곳,식료품 중 '식자재'를 판매·제공하는 매장,f077742d-bfac-43b5-89d6-7a2f29d4369e,울진참기름,참기름,울진시장(울진바지게시장),전통시장,경상북도,3.0,3.0,,,RESOLVED_AGREEMENT,False,3,,,,
c1d20889ba3b68fb23bc,val,식자재,T4 구어·문장,q_식자재_12,참기름 짜는 곳,식료품 중 '식자재'를 판매·제공하는 매장,02289179-0b64-45aa-b63f-9a2245854a83,대구참기름,참기름,하동공설시장,전통시장,경상남도,3.0,3.0,,,RESOLVED_AGREEMENT,False,3,,,,
a322d6d0b723c641647e,val,식자재,T4 구어·문장,q_식자재_12,참기름 짜는 곳,식료품 중 '식자재'를 판매·제공하는 매장,005313c8-dce8-49b6-9841-9143ebb1305a,동원떡집,,박달시장,전통시장,경기도,1.0,0.0,,,P2_GRADED_ONLY,True,,,,,
4c4da872e98ff9a080cf,val,식자재,T4 구어·문장,q_식자재_12,참기름 짜는 곳,식료품 중 '식자재'를 판매·제공하는 매장,8772d58d-0307-41eb-b7c9-9b848b165155,봉황참기름,참기름,부곡시장,전통시장,부산광역시,3.0,3.0,,,RESOLVED_AGREEMENT,False,3,,,,
bd8706ef536ace66b326,val,식자재,T4 구어·문장,q_식자재_12,참기름 짜는 곳,식료품 중 '식자재'를 판매·제공하는 매장,001cb3d4-5441-4963-b517-d5b3904ee312,현창떡집,떡집,목포동부시장,전통시장,전라남도,1.0,0.0,,,P2_GRADED_ONLY,True,,,,,
75553c941111041d9505,val,식자재,T4 구어·문장,q_식자재_12,참기름 짜는 곳,식료품 중 '식자재'를 판매·제공하는 매장,f6a1ac9c-065f-4061-8022-ff300d475cd3,장량참기름,참기름,장량성도시장,전통시장,경상북도,3.0,3.0,,,RESOLVED_AGREEMENT,False,3,,,,
8de61b43096be5326774,val,식자재,T4 구어·문장,q_식자재_12,참기름 짜는 곳,식료품 중 '식자재'를 판매·제공하는 매장,f1ccd3b7-3883-4d1d-a390-e7c38e1293b3,이조참기름,참기름,하양꿈바우시장,전통시장,경상북도,3.0,3.0,,,RESOLVED_AGREEMENT,False,3,,,,
49d71ed4c5f036618c3c,val,식자재,T4 구어·문장,q_식자재_12,참기름 짜는 곳,식료품 중 '식자재'를 판매·제공하는 매장,01859206-536a-40a7-be1e-c8610663a665,동원참기름,참기름,안강공설시장,전통시장,경상북도,3.0,3.0,,,RESOLVED_AGREEMENT,False,3,,,,
fa185052aeb048c0238d,val,식자재,T4 구어·문장,q_식자재_12,참기름 짜는 곳,식료품 중 '식자재'를 판매·제공하는 매장,433875de-87c5-4dfd-9589-84542ad99bc9,만나참기름,참기름,성수역골목형상점가,골목형상점가,서울특별시,3.0,3.0,,,RESOLVED_AGREEMENT,False,3,,,,
1675c413f7e2ababfbeb,val,식자재,T4 구어·문장,q_식자재_12,참기름 짜는 곳,식료품 중 '식자재'를 판매·제공하는 매장,044b74fa-bb37-480b-8d36-3f7676cf2fb4,영진상회,곡물,청주육거리종합시장,전통시장,충청북도,2.0,3.0,,,P2_GRADED_ONLY,True,,,,,
361a5d0a2acc704712d6,val,식자재,T4 구어·문장,q_식자재_12,참기름 짜는 곳,식료품 중 '식자재'를 판매·제공하는 매장,2bbc0120-0779-41fe-9e05-c22824e042e2,영덕참기름,참기름,안강공설시장,전통시장,경상북도,3.0,3.0,,,RESOLVED_AGREEMENT,False,3,,,,
6f7e5de89d0f31b2643e,val,식자재,T4 구어·문장,q_식자재_12,참기름 짜는 곳,식료품 중 '식자재'를 판매·제공하는 매장,0046e3b5-e973-4cc0-807c-acb34ad8e262,야음민속떡집,제조업(떡방앗간),울산번개시장,전통시장,울산광역시,3.0,3.0,,,RESOLVED_AGREEMENT,False,3,,,,
6d639702354ecdb59e14,val,식자재,T4 구어·문장,q_식자재_12,참기름 짜는 곳,식료품 중 '식자재'를 판매·제공하는 매장,015915e3-2542-4245-b627-0c775b4c5501,한내떡집,,거제 고현시장,전통시장,경상남도,1.0,0.0,,,P2_GRADED_ONLY,True,,,,,
a318f1e13627090b3280,val,식자재,T4 구어·문장,q_식자재_12,참기름 짜는 곳,식료품 중 '식자재'를 판매·제공하는 매장,0b69c684-9b0b-490b-892e-9267cf4662a3,윤수참기름,식용유,진주 청과시장,전통시장,경상남도,2.0,3.0,,,P2_GRADED_ONLY,True,,,,,
4f894d7bc7ef18a7c20e,val,식자재,T4 구어·문장,q_식자재_12,참기름 짜는 곳,식료품 중 '식자재'를 판매·제공하는 매장,352d7a4b-debf-472a-a896-a78bd8ebf1ae,성훈참기름,참기름,영일대북부시장(구 북부시장),전통시장,경상북도,3.0,3.0,,,RESOLVED_AGREEMENT,False,3,,,,
4828ab4fd274d8c62c93,val,식자재,T4 구어·문장,q_식자재_12,참기름 짜는 곳,식료품 중 '식자재'를 판매·제공하는 매장,092868ef-cdbe-426a-8e04-c1862bac5076,익산바이오,식용유,세종전통시장,전통시장,세종특별자치시,2.0,0.0,,,P1_BINARY_THRESHOLD,True,,,,,
a9742f06497be4eb7cd5,val,식자재,T4 구어·문장,q_식자재_12,참기름 짜는 곳,식료품 중 '식자재'를 판매·제공하는 매장,bcbef740-94e1-4c31-862a-5337a2414f51,무등참기름,참기름,용대로119번길 골목형상점가,골목형상점가,광주광역시,3.0,3.0,,,RESOLVED_AGREEMENT,False,3,,,,
254875c17db9301e9083,val,식자재,T4 구어·문장,q_식자재_12,참기름 짜는 곳,식료품 중 '식자재'를 판매·제공하는 매장,a4391049-c1a4-4408-aa19-363ca3892598,백일참기름,참기름,합천왕후시장,전통시장,경상남도,3.0,3.0,,,RESOLVED_AGREEMENT,False,3,,,,
16d8f49d06fa1071c8f2,val,식자재,T4 구어·문장,q_식자재_12,참기름 짜는 곳,식료품 중 '식자재'를 판매·제공하는 매장,008d07a3-ba18-4806-9ec7-48c0adb25276,아빠네 빵집,제과제빵,신창수문 골목형상점가,골목형상점가,광주광역시,1.0,0.0,,,P2_GRADED_ONLY,True,,,,,
e468d6e33d6fb1cc33cb,val,식자재,T4 구어·문장,q_식자재_12,참기름 짜는 곳,식료품 중 '식자재'를 판매·제공하는 매장,b5277c20-77ca-4fe8-b23d-525a065aa887,대경참기름,참기름,번개시장,전통시장,대구광역시,3.0,3.0,,,RESOLVED_AGREEMENT,False,3,,,,
fa5121a9ce20c99b1918,val,식자재,T4 구어·문장,q_식자재_12,참기름 짜는 곳,식료품 중 '식자재'를 판매·제공하는 매장,d9cb9486-1a3e-4b77-b86d-8cda507fc456,해금참기름,참기름,번개시장,전통시장,대구광역시,3.0,3.0,,,RESOLVED_AGREEMENT,False,3,,,,
cb6f8df853715588bdce,val,식자재,T4 구어·문장,q_식자재_12,참기름 짜는 곳,식료품 중 '식자재'를 판매·제공하는 매장,866ddcd2-3c73-4866-aa17-2cfa251a6c74,매일참기름,참기름,효자시장,전통시장,경상북도,3.0,3.0,,,RESOLVED_AGREEMENT,False,3,,,,
9650fbfc488461556e76,val,식자재,T4 구어·문장,q_식자재_12,참기름 짜는 곳,식료품 중 '식자재'를 판매·제공하는 매장,021bf03c-8b83-4288-89c5-15a4a162142b,신선식품,식자재,사천읍시장,전통시장,경상남도,2.0,3.0,,,P2_GRADED_ONLY,True,,,,,
2a91b6bcd5a101df1a7b,val,식자재,T4 구어·문장,q_식자재_12,참기름 짜는 곳,식료품 중 '식자재'를 판매·제공하는 매장,cd9b296e-ef19-471b-943b-7690f536da7f,대광참기름,참기름,번개시장,전통시장,대구광역시,3.0,3.0,,,RESOLVED_AGREEMENT,False,3,,,,
278716690c0d4a7701bf,val,식자재,T4 구어·문장,q_식자재_12,참기름 짜는 곳,식료품 중 '식자재'를 판매·제공하는 매장,02223ab5-044d-40ad-8cc7-838ed325ada0,상옥쌀상회,쌀,영일대북부시장(구 북부시장),전통시장,경상북도,2.0,3.0,,,P2_GRADED_ONLY,True,,,,,
7d5c0bdf23903c8c29c8,val,식자재,T4 구어·문장,q_식자재_12,참기름 짜는 곳,식료품 중 '식자재'를 판매·제공하는 매장,4bd2f254-58c5-43c5-93f2-2eada5cde179,뱅이술술,한식,평촌역 상점가,자율상권구역,경기도,0.0,0.0,,,RESOLVED_AGREEMENT,False,0,,,,
0be0ba0781022a75a7d0,val,식자재,T4 구어·문장,q_식자재_12,참기름 짜는 곳,식료품 중 '식자재'를 판매·제공하는 매장,ef0d3a09-da7c-4f68-b7c3-5172234774b0,기봉참기름,참기름,안강공설시장,전통시장,경상북도,3.0,3.0,,,RESOLVED_AGREEMENT,False,3,,,,
4865b28898fba0305e1f,val,식자재,T4 구어·문장,q_식자재_12,참기름 짜는 곳,식료품 중 '식자재'를 판매·제공하는 매장,4ed54fed-b09a-4be5-b645-7172c4e20b62,신참기름,참기름,안강공설시장,전통시장,경상북도,3.0,3.0,,,RESOLVED_AGREEMENT,False,3,,,,
82b394fd00622a30df34,val,식자재,T4 구어·문장,q_식자재_12,참기름 짜는 곳,식료품 중 '식자재'를 판매·제공하는 매장,2b6f0514-5e67-4261-9ddb-9b625559cdc4,은행참기름,참기름,은행시장,전통시장,경기도,3.0,3.0,,,RESOLVED_AGREEMENT,False,3,,,,
44430d3c92e4f8708e6c,val,식자재,T4 구어·문장,q_식자재_12,참기름 짜는 곳,식료품 중 '식자재'를 판매·제공하는 매장,53dad32d-200e-4d93-9931-971c07dbf0d2,복음참기름,참기름,㈜신정시장,전통시장,울산광역시,3.0,3.0,,,RESOLVED_AGREEMENT,False,3,,,,
32f8eb543428c080c37f,val,식자재,T4 구어·문장,q_식자재_12,참기름 짜는 곳,식료품 중 '식자재'를 판매·제공하는 매장,11662bbd-9509-453a-adf4-6b4f50558d68,풍작참기름,참기름,다운장 골목형상점가,골목형상점가,울산광역시,3.0,3.0,,,RESOLVED_AGREEMENT,False,3,,,,
966a42f436d877c32091,val,식자재,T4 구어·문장,q_식자재_12,참기름 짜는 곳,식료품 중 '식자재'를 판매·제공하는 매장,01757e0a-7278-44bc-9fad-29595028ac3d,현대떡방앗간,방앗간,염매시장(의성중앙시장),전통시장,경상북도,3.0,3.0,,,RESOLVED_AGREEMENT,False,3,,,,
e7811beee0211a540e01,val,식자재,T4 구어·문장,q_식자재_12,참기름 짜는 곳,식료품 중 '식자재'를 판매·제공하는 매장,f2382dea-5116-4ff2-8199-c4f1ec8608f8,쿵더쿵참기름,참기름,백운 대성시장 골목형상점가,골목형상점가,,3.0,3.0,,,RESOLVED_AGREEMENT,False,3,,,,
5261818a9af6025a7645,val,식자재,T4 구어·문장,q_식자재_12,참기름 짜는 곳,식료품 중 '식자재'를 판매·제공하는 매장,28e1a233-730c-4ab8-8af5-d17061a736da,하남떡방앗간,떡,월곡하늘 골목형상점가,골목형상점가,광주광역시,2.0,3.0,,,P2_GRADED_ONLY,True,,,,,
fd4065935eae4e467ab0,val,식자재,T4 구어·문장,q_식자재_12,참기름 짜는 곳,식료품 중 '식자재'를 판매·제공하는 매장,933cd278-4df9-414f-b745-385ed18c2faa,신진참기름,참기름,안강공설시장,전통시장,경상북도,3.0,3.0,,,RESOLVED_AGREEMENT,False,3,,,,
4f3dc23c60684b0f1455,val,식자재,T4 구어·문장,q_식자재_12,참기름 짜는 곳,식료품 중 '식자재'를 판매·제공하는 매장,672470a0-89cc-4f98-ac36-d69ecae52def,현대농약사,농약,화산면 골목형상점가,골목형상점가,전라남도,0.0,0.0,,,RESOLVED_AGREEMENT,False,0,,,,
d36f34827d078f657133,val,식자재,T4 구어·문장,q_식자재_12,참기름 짜는 곳,식료품 중 '식자재'를 판매·제공하는 매장,03e3e424-656a-46ea-82b7-21bcc07cae47,초왕상회,"곡물, 농산물",전주남부시장,전통시장,전북특별자치도,2.0,3.0,,,P2_GRADED_ONLY,True,,,,,
f07d3d15558698da7635,val,식자재,T4 구어·문장,q_식자재_12,참기름 짜는 곳,식료품 중 '식자재'를 판매·제공하는 매장,0e55c547-1afc-4f0f-ba7b-e6f0e64ba894,신용참기름,참기름,영천공설시장,전통시장,경상북도,3.0,3.0,,,RESOLVED_AGREEMENT,False,3,,,,
2656180e662f8367b5af,val,식자재,T4 구어·문장,q_식자재_12,참기름 짜는 곳,식료품 중 '식자재'를 판매·제공하는 매장,8c9f9397-e2d7-4185-a280-7890f383a475,충무참기름,참기름,통영중앙전통시장,전통시장,경상남도,3.0,3.0,,,RESOLVED_AGREEMENT,False,3,,,,
a101e5a061d793de2fef,val,식자재,T4 구어·문장,q_식자재_12,참기름 짜는 곳,식료품 중 '식자재'를 판매·제공하는 매장,00fea2e0-f294-46b6-af68-655475e888be,동양유통,"곡물, 식자재",김해새벽시장,기타,경상남도,2.0,3.0,,,P2_GRADED_ONLY,True,,,,,
0ae05935bb90018712e4,val,식자재,T4 구어·문장,q_식자재_12,참기름 짜는 곳,식료품 중 '식자재'를 판매·제공하는 매장,01e4cef2-9c12-4be0-9c3e-5a09ab67f7f5,대명제유,"고추, 기름",의정부제일시장,전통시장,경기도,0.0,0.0,,,RESOLVED_AGREEMENT,False,0,,,,
49d850659ed3f80c2309,val,식자재,T4 구어·문장,q_식자재_12,참기름 짜는 곳,식료품 중 '식자재'를 판매·제공하는 매장,7af43c30-205b-4b40-9c75-49c25098a730,덕하참기름,참기름,덕신1차시장,전통시장,울산광역시,3.0,3.0,,,RESOLVED_AGREEMENT,False,3,,,,
2befdf5c3ee595ca1d6c,val,식자재,T4 구어·문장,q_식자재_12,참기름 짜는 곳,식료품 중 '식자재'를 판매·제공하는 매장,2bb6d501-0966-4b1d-a202-a50e119ab122,형보 참기름,참기름,한라종합시장,전통시장,경상북도,3.0,3.0,,,RESOLVED_AGREEMENT,False,3,,,,
50f14f63d419843a8d88,val,식자재,T4 구어·문장,q_식자재_12,참기름 짜는 곳,식료품 중 '식자재'를 판매·제공하는 매장,96fb064b-dc7d-4afa-8a17-2c8f84666089,두호참기름,참기름,두호1시장,전통시장,경상북도,3.0,3.0,,,RESOLVED_AGREEMENT,False,3,,,,
b11961c0cf24699617ca,val,식자재,T4 구어·문장,q_식자재_12,참기름 짜는 곳,식료품 중 '식자재'를 판매·제공하는 매장,56beebc4-46d9-45ff-ba84-6219c5ac5115,동언상회,참기름,김해 동상전통시장,전통시장,경상남도,3.0,3.0,,,RESOLVED_AGREEMENT,False,3,,,,
aa7aa2f617cdfbb4afd1,val,식자재,T4 구어·문장,q_식자재_12,참기름 짜는 곳,식료품 중 '식자재'를 판매·제공하는 매장,ac31c1f7-f16d-4aaa-99b4-cc8f016f5b09,신토참기름,참기름,덕신1차시장,전통시장,울산광역시,3.0,3.0,,,RESOLVED_AGREEMENT,False,3,,,,
f5ee67d66cd89e8b40a4,val,식자재,T4 구어·문장,q_식자재_12,참기름 짜는 곳,식료품 중 '식자재'를 판매·제공하는 매장,0e224dee-e545-48f6-95af-5a197b33a076,경북식품,식용유,가락몰골목형상점가,골목형상점가,서울특별시,2.0,0.0,,,P1_BINARY_THRESHOLD,True,,,,,
c1ca3c7ba3ca20bfc991,val,식자재,T4 구어·문장,q_식자재_12,참기름 짜는 곳,식료품 중 '식자재'를 판매·제공하는 매장,8bc21103-bc02-4f1f-8cd9-c8d5383a64eb,백운참기름,참기름,백운 대성시장 골목형상점가,골목형상점가,광주광역시,3.0,3.0,,,RESOLVED_AGREEMENT,False,3,,,,
b8aa73b6dc7d2e3b6ae2,val,식자재,T4 구어·문장,q_식자재_12,참기름 짜는 곳,식료품 중 '식자재'를 판매·제공하는 매장,8d1dc46f-8db8-4efe-b651-008e987c479b,광주참기름,참기름,양동시장,전통시장,광주광역시,3.0,3.0,,,RESOLVED_AGREEMENT,False,3,,,,
018652bd1b36a2c12ddb,val,식자재,T4 구어·문장,q_식자재_12,참기름 짜는 곳,식료품 중 '식자재'를 판매·제공하는 매장,ae5fb5cf-5622-4158-87e4-20e5f75cad32,자유참기름,참기름,목포자유시장,전통시장,전라남도,3.0,3.0,,,RESOLVED_AGREEMENT,False,3,,,,
d15c29f441bb11cac17f,val,식자재,T4 구어·문장,q_식자재_12,참기름 짜는 곳,식료품 중 '식자재'를 판매·제공하는 매장,dbb20618-50f7-4379-9ba7-d972fdf0cc5f,보문참기름,참기름,신매시장,전통시장,대구광역시,3.0,3.0,,,RESOLVED_AGREEMENT,False,3,,,,
0a7e11d9cb5fc2c3ab27,val,식자재,T4 구어·문장,q_식자재_12,참기름 짜는 곳,식료품 중 '식자재'를 판매·제공하는 매장,46928c01-6207-4272-8a29-dd489371fa91,영광참기름,참기름,산수시장,전통시장,광주광역시,3.0,3.0,,,RESOLVED_AGREEMENT,False,3,,,,
c57777f316ca1d6922a3,val,식자재,T4 구어·문장,q_식자재_12,참기름 짜는 곳,식료품 중 '식자재'를 판매·제공하는 매장,2ea37bd9-4cf0-4c42-a175-a5f7b6affeaf,골목참기름,참기름,하양꿈바우시장,전통시장,경상북도,3.0,3.0,,,RESOLVED_AGREEMENT,False,3,,,,
7cc2d716a219e699a8c5,val,식자재,T4 구어·문장,q_식자재_12,참기름 짜는 곳,식료품 중 '식자재'를 판매·제공하는 매장,f0f6e270-7c10-4e2f-80a2-018b45d13aee,금빛 참기름,참기름,수유재래시장,전통시장,서울특별시,3.0,3.0,,,RESOLVED_AGREEMENT,False,3,,,,
9ea48b8a2a4718051c97,val,식자재,T4 구어·문장,q_식자재_12,참기름 짜는 곳,식료품 중 '식자재'를 판매·제공하는 매장,f13b39f5-33bd-4daa-8477-f5b2f46568d0,야음참기름,참기름,울산번개시장,전통시장,울산광역시,3.0,3.0,,,RESOLVED_AGREEMENT,False,3,,,,
d638b6efa98ba748e08a,val,식자재,T4 구어·문장,q_식자재_12,참기름 짜는 곳,식료품 중 '식자재'를 판매·제공하는 매장,ece60893-1d8a-4c0c-9439-64a7f28a35f3,수연참기름,참기름,신매시장,전통시장,대구광역시,3.0,3.0,,,RESOLVED_AGREEMENT,False,3,,,,
78149c1eb16d42ec7385,val,식자재,T4 구어·문장,q_식자재_12,참기름 짜는 곳,식료품 중 '식자재'를 판매·제공하는 매장,0c5727a5-be50-4b08-810d-a9dc77f7c34e,병영참기름,참기름,병영시장,전통시장,울산광역시,3.0,3.0,,,RESOLVED_AGREEMENT,False,3,,,,
d63da2106e4a0dba803e,val,식자재,T4 구어·문장,q_식자재_12,참기름 짜는 곳,식료품 중 '식자재'를 판매·제공하는 매장,baafccab-0425-4bf1-9375-55470c7e61ab,현대참기름,참기름,진주 동부시장,전통시장,경상남도,3.0,3.0,,,RESOLVED_AGREEMENT,False,3,,,,
1b12aec5446ef895649e,val,식자재,T4 구어·문장,q_식자재_12,참기름 짜는 곳,식료품 중 '식자재'를 판매·제공하는 매장,00bf0e58-0696-472a-8a12-945c44dc9435,오복상회,쌀,백년시장(구 강북종합전통시장),전통시장,서울특별시,2.0,3.0,,,P2_GRADED_ONLY,True,,,,,
43e2868179134488ccda,val,식자재,T4 구어·문장,q_식자재_12,참기름 짜는 곳,식료품 중 '식자재'를 판매·제공하는 매장,560ed06b-2a6a-4e92-86c8-e7a950cb0955,영덕참기름,참기름,대송시장,전통시장,울산광역시,3.0,3.0,,,RESOLVED_AGREEMENT,False,3,,,,
98430828cb2985ec4528,val,식자재,T4 구어·문장,q_식자재_12,참기름 짜는 곳,식료품 중 '식자재'를 판매·제공하는 매장,7b13e943-36fc-4eca-8b7f-9aa7b054e7fe,손가네 참기름,참기름,안강공설시장,전통시장,경상북도,3.0,3.0,,,RESOLVED_AGREEMENT,False,3,,,,
d8a76352314196f5b2e7,val,식자재,T4 구어·문장,q_식자재_12,참기름 짜는 곳,식료품 중 '식자재'를 판매·제공하는 매장,9ac6b8c8-703c-44b2-a237-44733aecdb0d,신락원,중식,우체국보험광주회관주변상인회 골목형상점가,골목형상점가,광주광역시,0.0,0.0,,,RESOLVED_AGREEMENT,False,0,,,,
9bfa9f94a52387ef97bc,val,식자재,T4 구어·문장,q_식자재_12,참기름 짜는 곳,식료품 중 '식자재'를 판매·제공하는 매장,00362b85-cb9a-4318-9059-12f768d76197,파리바게뜨전주인후점,제과점,소나무 골목형상점가,골목형상점가,전북특별자치도,1.0,0.0,,,P2_GRADED_ONLY,True,,,,,
a08b37f6706cc07411d8,val,식자재,T4 구어·문장,q_식자재_12,참기름 짜는 곳,식료품 중 '식자재'를 판매·제공하는 매장,c06c2932-4c84-45a2-ba0f-8e8d66dad3d1,숙이참기름,참기름,창녕 남지시장,전통시장,경상남도,3.0,3.0,,,RESOLVED_AGREEMENT,False,3,,,,
9afee7ebb897ef37e17e,val,식자재,T4 구어·문장,q_식자재_12,참기름 짜는 곳,식료품 중 '식자재'를 판매·제공하는 매장,0b8ef6dc-2f6b-4707-bd73-529122d9c97a,하단떡집,떡집,하단오일상설시장,전통시장,부산광역시,1.0,0.0,,,P2_GRADED_ONLY,True,,,,,
555f4cd2e02b638f665e,val,식자재,T4 구어·문장,q_식자재_12,참기름 짜는 곳,식료품 중 '식자재'를 판매·제공하는 매장,00eca8e7-b158-4572-b540-c241f4ad2546,거창상회,식자재,충무동 새벽시장,전통시장,부산광역시,2.0,3.0,,,P2_GRADED_ONLY,True,,,,,
416c4f11993f39622aa2,val,식자재,T4 구어·문장,q_식자재_12,참기름 짜는 곳,식료품 중 '식자재'를 판매·제공하는 매장,c54ff01d-fa07-4e13-ad1a-a71700c28f3a,협농즉석참기름,참기름,선산봉황시장(구 선산종합시장),전통시장,경상북도,3.0,3.0,,,RESOLVED_AGREEMENT,False,3,,,,
0f5566ab7f4c517837ba,val,식자재,T4 구어·문장,q_식자재_12,참기름 짜는 곳,식료품 중 '식자재'를 판매·제공하는 매장,d4b80fb6-65d8-4953-b652-e2f6dc2dcd3b,일왕참기름,참기름,진주 새서부시장,전통시장,경상남도,3.0,3.0,,,RESOLVED_AGREEMENT,False,3,,,,
11ce032d7465c3f108f8,val,식자재,T4 구어·문장,q_식자재_12,참기름 짜는 곳,식료품 중 '식자재'를 판매·제공하는 매장,1db6fa26-4f9c-41ea-a27d-cf4f93ab1dcd,남해참기름,참기름,밀양 아리랑시장,전통시장,경상남도,3.0,3.0,,,RESOLVED_AGREEMENT,False,3,,,,
f1f73eff7e806a3e4f12,val,식자재,T4 구어·문장,q_식자재_12,참기름 짜는 곳,식료품 중 '식자재'를 판매·제공하는 매장,fd14339f-daeb-4763-bec6-10b62f200213,우리참기름,참기름,양동시장,전통시장,광주광역시,3.0,3.0,,,RESOLVED_AGREEMENT,False,3,,,,
bca475e831671741d89e,val,식자재,T4 구어·문장,q_식자재_12,참기름 짜는 곳,식료품 중 '식자재'를 판매·제공하는 매장,24015b68-6758-4bfd-bf49-b00f3f9dd2e6,일미참기름,참기름,옥곡5일시장,전통시장,전라남도,3.0,3.0,,,RESOLVED_AGREEMENT,False,3,,,,
a730f0c7e4530800ded3,val,식자재,T4 구어·문장,q_식자재_12,참기름 짜는 곳,식료품 중 '식자재'를 판매·제공하는 매장,06bbe239-5774-4794-91c3-b45901659200,성진상회,식용유,고성시장,전통시장,경상남도,2.0,3.0,,,P2_GRADED_ONLY,True,,,,,
62d7aed16eb039d6e3de,val,식자재,T4 구어·문장,q_식자재_12,참기름 짜는 곳,식료품 중 '식자재'를 판매·제공하는 매장,ea490544-8d8b-4d44-b503-d42e7476124a,남목참기름,참기름,남목전통시장,전통시장,울산광역시,3.0,3.0,,,RESOLVED_AGREEMENT,False,3,,,,
4e57c1804697ca523cdf,val,식자재,T4 구어·문장,q_식자재_12,참기름 짜는 곳,식료품 중 '식자재'를 판매·제공하는 매장,efe26b17-f8f1-42cb-bd60-99e298b8ad9f,한려참기름,참기름,통영 서호전통시장,전통시장,경상남도,3.0,3.0,,,RESOLVED_AGREEMENT,False,3,,,,
7c5122c1dd24f5fa9fa7,val,식자재,T4 구어·문장,q_식자재_12,참기름 짜는 곳,식료품 중 '식자재'를 판매·제공하는 매장,cfa82053-ab35-4264-ad08-4f58fac88c1a,제일참기름,참기름,수유전통시장(구 수유골목시장),전통시장,서울특별시,3.0,3.0,,,RESOLVED_AGREEMENT,False,3,,,,
2b65d87b4befa93f2f22,val,식자재,T4 구어·문장,q_식자재_12,참기름 짜는 곳,식료품 중 '식자재'를 판매·제공하는 매장,001961d9-cb5d-40bc-903a-33d483f7d132,헬씨스탠다드,"건강기능식품, 쌀, 견과류, 약재",응암소담길 골목형상점가,골목형상점가,서울특별시,2.0,3.0,,,P2_GRADED_ONLY,True,,,,,
f5f04788db4d9ce1098e,val,식자재,T4 구어·문장,q_식자재_12,참기름 짜는 곳,식료품 중 '식자재'를 판매·제공하는 매장,49f69a54-e7ca-4178-9e6b-bf960be19c3d,하나참기름,참기름,청학시장,전통시장,부산광역시,3.0,3.0,,,RESOLVED_AGREEMENT,False,3,,,,
47d3ab012f0606206c73,val,식자재,T4 구어·문장,q_식자재_12,참기름 짜는 곳,식료품 중 '식자재'를 판매·제공하는 매장,042091ad-30f6-463b-bd25-ba36edcb771b,중앙참기름,참기름,구례상설시장,전통시장,전라남도,3.0,3.0,,,RESOLVED_AGREEMENT,False,3,,,,
ae790fae2e6df57fa629,val,식자재,T4 구어·문장,q_식자재_12,참기름 짜는 곳,식료품 중 '식자재'를 판매·제공하는 매장,5d5ecf0f-9b5d-4b53-b1d4-43f4460010ad,3번상회,채소,김제중앙시장,전통시장,전북특별자치도,0.0,3.0,,,P1_BINARY_THRESHOLD,True,,,,,
7a89b70f664dba86d776,val,식자재,T4 구어·문장,q_식자재_12,참기름 짜는 곳,식료품 중 '식자재'를 판매·제공하는 매장,001bc028-a43e-44d4-9682-db280a4998cc,파리바게뜨전주근영점,제과점,근영누리 골목형상점가,골목형상점가,전북특별자치도,1.0,0.0,,,P2_GRADED_ONLY,True,,,,,
fea00bb460f85795e368,val,식자재,T4 구어·문장,q_식자재_12,참기름 짜는 곳,식료품 중 '식자재'를 판매·제공하는 매장,20bcdecc-6978-4f4d-86c5-d22cb0afb1e9,충남참기름,참기름,공덕시장,전통시장,서울특별시,3.0,3.0,,,RESOLVED_AGREEMENT,False,3,,,,
3493d50bdc897780826a,val,식자재,T4 구어·문장,q_식자재_12,참기름 짜는 곳,식료품 중 '식자재'를 판매·제공하는 매장,011f646c-0d2f-4770-a90e-d5d39e580d38,올 푸드,식자재,두암시장,전통시장,광주광역시,2.0,3.0,,,P2_GRADED_ONLY,True,,,,,
c45b6408f7199ba5ac4a,val,식자재,T4 구어·문장,q_식자재_12,참기름 짜는 곳,식료품 중 '식자재'를 판매·제공하는 매장,00e80339-1353-4885-81d7-0746a437abb2,포식 용인한숲시티점,쌀국수 돈까스 함박스테이크,남사한숲 골목형상점가,골목형상점가,경기도,2.0,3.0,,,P2_GRADED_ONLY,True,,,,,
5b896143fae67bcec6d4,val,식자재,T4 구어·문장,q_식자재_12,참기름 짜는 곳,식료품 중 '식자재'를 판매·제공하는 매장,00ec16f5-8b45-4af1-bb1b-6389f2412be8,수진식품,"참기름, 고추가루등",김해 진영전통시장,전통시장,경상남도,3.0,3.0,,,RESOLVED_AGREEMENT,False,3,,,,
a96ebc6acdb8adfde375,val,식자재,T4 구어·문장,q_식자재_12,참기름 짜는 곳,식료품 중 '식자재'를 판매·제공하는 매장,023b2cb4-7f9e-4b85-9888-474ee933954a,산척제유소,방앗간,충주자유시장,전통시장,충청북도,3.0,3.0,,,RESOLVED_AGREEMENT,False,3,,,,
fb8a0fdb875030ac9924,val,식자재,T4 구어·문장,q_식자재_12,참기름 짜는 곳,식료품 중 '식자재'를 판매·제공하는 매장,d179276d-3009-4824-8411-d40a9348cd5f,동래참기름,참기름,동래시장,전통시장,부산광역시,3.0,3.0,,,RESOLVED_AGREEMENT,False,3,,,,
96f30830c02fe389b30f,val,식자재,T4 구어·문장,q_식자재_12,참기름 짜는 곳,식료품 중 '식자재'를 판매·제공하는 매장,7a151006-6355-4ecb-be9d-55f7bc5a105d,협농참기름,참기름,신평리시장,전통시장,대구광역시,3.0,3.0,,,RESOLVED_AGREEMENT,False,3,,,,
11054067df825d867382,val,식자재,T4 구어·문장,q_식자재_12,참기름 짜는 곳,식료품 중 '식자재'를 판매·제공하는 매장,d5abfa4f-7fee-469c-914a-291e6a341ad5,부민참기름,참기름,경주성동공설시장,전통시장,경상북도,3.0,3.0,,,RESOLVED_AGREEMENT,False,3,,,,
0c9c9239f17009b06e8b,val,식자재,T6 기계변형,q_식자재_13,식자배,식료품 중 '식자재'를 판매·제공하는 매장,f6946d21-1d40-4719-892f-98a9d1c74c0c,투프커피바,카페,구갈상점가,자율상권구역,경기도,0.0,0.0,,,RESOLVED_AGREEMENT,False,0,,,,
aef910c459f839fbfb32,val,식자재,T6 기계변형,q_식자재_13,식자배,식료품 중 '식자재'를 판매·제공하는 매장,1b261594-5af8-45f7-844d-e0336f443827,세광,식자재,경리단길 골목형상점가,골목형상점가,서울특별시,3.0,3.0,,,RESOLVED_AGREEMENT,False,3,,,,
6a502668604be58d879a,val,식자재,T6 기계변형,q_식자재_13,식자배,식료품 중 '식자재'를 판매·제공하는 매장,8968eeb5-56de-4efc-9ae2-4c7e6afaf040,삼연상회,식자재,안양농수산물 골목형상점가,골목형상점가,경기도,3.0,3.0,,,RESOLVED_AGREEMENT,False,3,,,,
2bc2d533b76645c57e68,val,식자재,T6 기계변형,q_식자재_13,식자배,식료품 중 '식자재'를 판매·제공하는 매장,01859206-536a-40a7-be1e-c8610663a665,동원참기름,참기름,안강공설시장,전통시장,경상북도,3.0,3.0,,,RESOLVED_AGREEMENT,False,3,,,,
eb823bec2d0941bdb2fe,val,식자재,T6 기계변형,q_식자재_13,식자배,식료품 중 '식자재'를 판매·제공하는 매장,765b1e8a-6e0c-4eb2-bfe0-e025fc93deeb,종합식자재,식자재,부평깡시장,전통시장,인천광역시,3.0,3.0,,,RESOLVED_AGREEMENT,False,3,,,,
2a1e8620637772dfb89a,val,식자재,T6 기계변형,q_식자재_13,식자배,식료품 중 '식자재'를 판매·제공하는 매장,03e3e424-656a-46ea-82b7-21bcc07cae47,초왕상회,"곡물, 농산물",전주남부시장,전통시장,전북특별자치도,3.0,3.0,,,RESOLVED_AGREEMENT,False,3,,,,
b6d8e8b60e1cdebbf46a,val,식자재,T6 기계변형,q_식자재_13,식자배,식료품 중 '식자재'를 판매·제공하는 매장,0017714f-cbac-4f85-a148-338ddcefe41c,유수담,"쌀, 계란, 신선식품",익산북부시장,전통시장,전북특별자치도,3.0,3.0,,,RESOLVED_AGREEMENT,False,3,,,,
3840ad5e59f3e77d2eed,val,식자재,T6 기계변형,q_식자재_13,식자배,식료품 중 '식자재'를 판매·제공하는 매장,01e4cef2-9c12-4be0-9c3e-5a09ab67f7f5,대명제유,"고추, 기름",의정부제일시장,전통시장,경기도,0.0,0.0,,,RESOLVED_AGREEMENT,False,0,,,,
e3c55b3c47ea6e720777,val,식자재,T6 기계변형,q_식자재_13,식자배,식료품 중 '식자재'를 판매·제공하는 매장,a41d88f0-2b8b-4119-8161-460e627c59b7,태성식자재마트,식자재,순천역전시장상가,자율상권구역,전라남도,3.0,3.0,,,RESOLVED_AGREEMENT,False,3,,,,
f0bde54706bf749efc7c,val,식자재,T6 기계변형,q_식자재_13,식자배,식료품 중 '식자재'를 판매·제공하는 매장,a2f2b7a1-ca51-435e-9d30-ae1e09573ff0,식자재도매유통 중앙점,"식자재, 농산물",진주자유시장주변상가,기타,경상남도,3.0,3.0,,,RESOLVED_AGREEMENT,False,3,,,,
d491f565767532faaaa5,val,식자재,T6 기계변형,q_식자재_13,식자배,식료품 중 '식자재'를 판매·제공하는 매장,98975d4d-975d-4b48-803f-76ab99b1a352,준유통,식자재,안양농수산물 골목형상점가,골목형상점가,경기도,3.0,3.0,,,RESOLVED_AGREEMENT,False,3,,,,
51098546afc9cdd0f213,val,식자재,T6 기계변형,q_식자재_13,식자배,식료품 중 '식자재'를 판매·제공하는 매장,0046e3b5-e973-4cc0-807c-acb34ad8e262,야음민속떡집,제조업(떡방앗간),울산번개시장,전통시장,울산광역시,3.0,3.0,,,RESOLVED_AGREEMENT,False,3,,,,
b933fb394824343186d3,val,식자재,T6 기계변형,q_식자재_13,식자배,식료품 중 '식자재'를 판매·제공하는 매장,b6e251c3-42d0-45f7-a370-b89ee1166827,만명상회,식자재,춘천중앙시장,전통시장,강원특별자치도,3.0,3.0,,,RESOLVED_AGREEMENT,False,3,,,,
791c0a50e5da8fa99bd1,val,식자재,T6 기계변형,q_식자재_13,식자배,식료품 중 '식자재'를 판매·제공하는 매장,fd47090f-4127-45db-b08d-cbc202c535fa,상남유통식자재,식자재,창원 상남시장,전통시장,경상남도,3.0,3.0,,,RESOLVED_AGREEMENT,False,3,,,,
c492a685b4e8f911784a,val,식자재,T6 기계변형,q_식자재_13,식자배,식료품 중 '식자재'를 판매·제공하는 매장,01a5f192-c482-46e3-8b58-5358216d0749,풍전기름집,참기름,화곡본동시장,전통시장,서울특별시,3.0,3.0,,,RESOLVED_AGREEMENT,False,3,,,,
1e5cc48fb775ffe57ee0,val,식자재,T6 기계변형,q_식자재_13,식자배,식료품 중 '식자재'를 판매·제공하는 매장,55814423-5121-4758-bb79-10500b058751,씨유안양호계중앙점,슈퍼,호계종합시장,전통시장,경기도,0.0,3.0,,,P1_BINARY_THRESHOLD,True,,,,,
5cdaf402266a6ce2e098,val,식자재,T6 기계변형,q_식자재_13,식자배,식료품 중 '식자재'를 판매·제공하는 매장,90ae49f4-073b-44c1-b179-12861d4580ca,부산식품,식자재,마산어시장,전통시장,경상남도,3.0,3.0,,,RESOLVED_AGREEMENT,False,3,,,,
cf899bcc3707006595ac,val,식자재,T6 기계변형,q_식자재_13,식자배,식료품 중 '식자재'를 판매·제공하는 매장,e699580d-aa3d-4800-ba2b-cefc63a8eddd,이지팜마켓,식자재,구리전통시장,전통시장,경기도,3.0,3.0,,,RESOLVED_AGREEMENT,False,3,,,,
0068a270248f82d8ef8e,val,식자재,T6 기계변형,q_식자재_13,식자배,식료품 중 '식자재'를 판매·제공하는 매장,82e77537-5ca8-4253-8909-81ce00508500,동방,식자재,제천약초시장,전통시장,충청북도,3.0,3.0,,,RESOLVED_AGREEMENT,False,3,,,,
5fd73eded692e4a8cd9e,val,식자재,T6 기계변형,q_식자재_13,식자배,식료품 중 '식자재'를 판매·제공하는 매장,4abe77ee-1384-4cb8-9828-888f2f4e850e,윤덕식품,식자재,순천역전시장상가,자율상권구역,전라남도,3.0,3.0,,,RESOLVED_AGREEMENT,False,3,,,,
1dcd45818ccb140f3cc8,val,식자재,T6 기계변형,q_식자재_13,식자배,식료품 중 '식자재'를 판매·제공하는 매장,00e80339-1353-4885-81d7-0746a437abb2,포식 용인한숲시티점,쌀국수 돈까스 함박스테이크,남사한숲 골목형상점가,골목형상점가,경기도,3.0,3.0,,,RESOLVED_AGREEMENT,False,3,,,,
89ec5a24bed646fe5306,val,식자재,T6 기계변형,q_식자재_13,식자배,식료품 중 '식자재'를 판매·제공하는 매장,4a4dc5be-095c-4ff7-88ec-e09a4095af09,청성,식자재 건어물,공릉동도깨비시장,전통시장,서울특별시,3.0,3.0,,,RESOLVED_AGREEMENT,False,3,,,,
dd8d9cf838e31c0c0798,val,식자재,T6 기계변형,q_식자재_13,식자배,식료품 중 '식자재'를 판매·제공하는 매장,aaed44f1-4205-4856-9d66-a2a812680ffd,정식품,식자재,첨단청사초롱길 골목형상점가,골목형상점가,광주광역시,3.0,3.0,,,RESOLVED_AGREEMENT,False,3,,,,
f17436a2600e3d04c539,val,식자재,T6 기계변형,q_식자재_13,식자배,식료품 중 '식자재'를 판매·제공하는 매장,f3ac5929-e9cc-4ffd-bfb1-bbb0f82e797a,민우네부산횟집,,구미파크시장,전통시장,경상북도,0.0,0.0,,,RESOLVED_AGREEMENT,False,0,,,,
639f1919da5d50a38b6d,val,식자재,T6 기계변형,q_식자재_13,식자배,식료품 중 '식자재'를 판매·제공하는 매장,0b8ef6dc-2f6b-4707-bd73-529122d9c97a,하단떡집,떡집,하단오일상설시장,전통시장,부산광역시,1.0,0.0,,,P2_GRADED_ONLY,True,,,,,
b00249e040023a33be43,val,식자재,T6 기계변형,q_식자재_13,식자배,식료품 중 '식자재'를 판매·제공하는 매장,a7cca5d1-6e6c-4c81-828a-378c86d521ac,드림식자재마트,식자재,창원 상남시장,전통시장,경상남도,3.0,3.0,,,RESOLVED_AGREEMENT,False,3,,,,
319022691217b2ab5f7b,val,식자재,T6 기계변형,q_식자재_13,식자배,식료품 중 '식자재'를 판매·제공하는 매장,2fd72cbb-da88-4c4c-b309-e4d772473378,성진식자재,식자재,부평깡시장,전통시장,인천광역시,3.0,3.0,,,RESOLVED_AGREEMENT,False,3,,,,
523fba91038ee904de53,val,식자재,T6 기계변형,q_식자재_13,식자배,식료품 중 '식자재'를 판매·제공하는 매장,bac0e7d5-920d-430c-8bcc-1652e4f574c3,안산상회,식자재,하대원공설시장,전통시장,경기도,3.0,3.0,,,RESOLVED_AGREEMENT,False,3,,,,
538392e5bf47db847511,val,식자재,T6 기계변형,q_식자재_13,식자배,식료품 중 '식자재'를 판매·제공하는 매장,001cb3d4-5441-4963-b517-d5b3904ee312,현창떡집,떡집,목포동부시장,전통시장,전라남도,1.0,0.0,,,P2_GRADED_ONLY,True,,,,,
8a76cbacce6c563ff3c5,val,식자재,T6 기계변형,q_식자재_13,식자배,식료품 중 '식자재'를 판매·제공하는 매장,2b3b3d55-cf2a-490f-8caf-79baa3eb907f,마포식자재,식자재,마포농수산물시장,전통시장,서울특별시,3.0,3.0,,,RESOLVED_AGREEMENT,False,3,,,,
95bd6cfe5edb3d645278,val,식자재,T6 기계변형,q_식자재_13,식자배,식료품 중 '식자재'를 판매·제공하는 매장,021bf03c-8b83-4288-89c5-15a4a162142b,신선식품,식자재,사천읍시장,전통시장,경상남도,3.0,3.0,,,RESOLVED_AGREEMENT,False,3,,,,
dfa117c7e59b8b699b48,val,식자재,T6 기계변형,q_식자재_13,식자배,식료품 중 '식자재'를 판매·제공하는 매장,469e4887-18f4-42ff-929e-46be7e691b0e,샛별건어물,식자재,여수교동시장,전통시장,전라남도,3.0,3.0,,,RESOLVED_AGREEMENT,False,3,,,,
891e2e0500620cdd6dff,val,식자재,T6 기계변형,q_식자재_13,식자배,식료품 중 '식자재'를 판매·제공하는 매장,23d420b2-7574-4d4b-ba8f-fb960f9ff3df,한울농원,식자재,부평종합시장,전통시장,인천광역시,3.0,3.0,,,RESOLVED_AGREEMENT,False,3,,,,
79b374c0aeebe26b6c7c,val,식자재,T6 기계변형,q_식자재_13,식자배,식료품 중 '식자재'를 판매·제공하는 매장,e3591156-e5cf-48c4-a147-45c736b28810,해정상회,식자재,칠성본시장,전통시장,대구광역시,3.0,3.0,,,RESOLVED_AGREEMENT,False,3,,,,
7539517ae5dfa4b01643,val,식자재,T6 기계변형,q_식자재_13,식자배,식료품 중 '식자재'를 판매·제공하는 매장,79268317-69f6-4ac6-be0d-b3aac57cc328,옆집도예방,도자기,설악로데오거리상점가,자율상권구역,강원특별자치도,0.0,0.0,,,RESOLVED_AGREEMENT,False,0,,,,
d144750ebc0579041b13,val,식자재,T6 기계변형,q_식자재_13,식자배,식료품 중 '식자재'를 판매·제공하는 매장,40ece9fe-d218-4f98-8326-9e0af34030c6,로엔진,식자재,전주남부시장,전통시장,전북특별자치도,3.0,3.0,,,RESOLVED_AGREEMENT,False,3,,,,
2620d69d4b0839e47acc,val,식자재,T6 기계변형,q_식자재_13,식자배,식료품 중 '식자재'를 판매·제공하는 매장,0b69c684-9b0b-490b-892e-9267cf4662a3,윤수참기름,식용유,진주 청과시장,전통시장,경상남도,3.0,3.0,,,RESOLVED_AGREEMENT,False,3,,,,
a7c7d810775a5d5f70b3,val,식자재,T6 기계변형,q_식자재_13,식자배,식료품 중 '식자재'를 판매·제공하는 매장,36d3672e-eb6d-4ad3-90cd-5c6df33d2f08,부여원예,식자재,마포농수산물시장,전통시장,서울특별시,3.0,3.0,,,RESOLVED_AGREEMENT,False,3,,,,
421aa3a4e3656781b24d,val,식자재,T6 기계변형,q_식자재_13,식자배,식료품 중 '식자재'를 판매·제공하는 매장,94a9c5db-d5db-4315-a969-33653d53a142,지에스25 천안문화중앙,담배 주류 식품 등 소매업,천안신부문화거리상점가,자율상권구역,충청남도,1.0,0.0,,,P2_GRADED_ONLY,True,,,,,
b78ed9b7b7271b066ac7,val,식자재,T6 기계변형,q_식자재_13,식자배,식료품 중 '식자재'를 판매·제공하는 매장,00362b85-cb9a-4318-9059-12f768d76197,파리바게뜨전주인후점,제과점,소나무 골목형상점가,골목형상점가,전북특별자치도,1.0,0.0,,,P2_GRADED_ONLY,True,,,,,
2c81ed8bdca7bb666cbc,val,식자재,T6 기계변형,q_식자재_13,식자배,식료품 중 '식자재'를 판매·제공하는 매장,394b9cb4-89b0-40e0-87e9-07b5cbbe08ec,세아유통,식자재,동두천큰시장,전통시장,경기도,3.0,3.0,,,RESOLVED_AGREEMENT,False,3,,,,
1ff036f1f07cebf26411,val,식자재,T6 기계변형,q_식자재_13,식자배,식료품 중 '식자재'를 판매·제공하는 매장,044b74fa-bb37-480b-8d36-3f7676cf2fb4,영진상회,곡물,청주육거리종합시장,전통시장,충청북도,3.0,3.0,,,RESOLVED_AGREEMENT,False,3,,,,
ab53630eb1e0dc807f2a,val,식자재,T6 기계변형,q_식자재_13,식자배,식료품 중 '식자재'를 판매·제공하는 매장,1376634e-7439-4076-86fb-ea06659ffc8d,정가네,식자재,창원 명서시장,전통시장,경상남도,3.0,3.0,,,RESOLVED_AGREEMENT,False,3,,,,
d833845157f47411a506,val,식자재,T6 기계변형,q_식자재_13,식자배,식료품 중 '식자재'를 판매·제공하는 매장,2081d8de-9ec1-4c54-a9f9-eb15f237b78d,고려유통,식자재,칠성원시장,전통시장,대구광역시,3.0,3.0,,,RESOLVED_AGREEMENT,False,3,,,,
ed9813e6c7008b46bb46,val,식자재,T6 기계변형,q_식자재_13,식자배,식료품 중 '식자재'를 판매·제공하는 매장,0e224dee-e545-48f6-95af-5a197b33a076,경북식품,식용유,가락몰골목형상점가,골목형상점가,서울특별시,3.0,0.0,,,P1_BINARY_THRESHOLD,True,,,,,
0c5ba30db290a60eaca3,val,식자재,T6 기계변형,q_식자재_13,식자배,식료품 중 '식자재'를 판매·제공하는 매장,00bf0e58-0696-472a-8a12-945c44dc9435,오복상회,쌀,백년시장(구 강북종합전통시장),전통시장,서울특별시,3.0,3.0,,,RESOLVED_AGREEMENT,False,3,,,,
1de3d5c449c856dbca67,val,식자재,T6 기계변형,q_식자재_13,식자배,식료품 중 '식자재'를 판매·제공하는 매장,42e44c1c-5ba9-4129-a3e3-5d29091e8874,사계절푸드,식자재,칠성원시장,전통시장,대구광역시,3.0,3.0,,,RESOLVED_AGREEMENT,False,3,,,,
f805791cbb87bf7ee17b,val,식자재,T6 기계변형,q_식자재_13,식자배,식료품 중 '식자재'를 판매·제공하는 매장,de79b6c9-a625-49ed-8466-b2ad846212a5,유니상회,식자재,부전시장,전통시장,부산광역시,3.0,3.0,,,RESOLVED_AGREEMENT,False,3,,,,
47bdce062d137c1ba87e,val,식자재,T6 기계변형,q_식자재_13,식자배,식료품 중 '식자재'를 판매·제공하는 매장,00fea2e0-f294-46b6-af68-655475e888be,동양유통,"곡물, 식자재",김해새벽시장,기타,경상남도,3.0,3.0,,,RESOLVED_AGREEMENT,False,3,,,,
bfd35228d3cd81d1645d,val,식자재,T6 기계변형,q_식자재_13,식자배,식료품 중 '식자재'를 판매·제공하는 매장,04c905ba-3172-4ea4-a6dd-4345d674dea0,덕순이네,제조업(떡집),장터길 골목형상점가,골목형상점가,경기도,1.0,0.0,,,P2_GRADED_ONLY,True,,,,,
b400f2fd156e563ae21b,val,식자재,T6 기계변형,q_식자재_13,식자배,식료품 중 '식자재'를 판매·제공하는 매장,8bd4021a-5a4e-44b9-9bd2-ac89abf07121,전북공판장,식자재 담배,진북동 골목형상점가,골목형상점가,전북특별자치도,3.0,3.0,,,RESOLVED_AGREEMENT,False,3,,,,
f73d4a28597c05b38058,val,식자재,T6 기계변형,q_식자재_13,식자배,식료품 중 '식자재'를 판매·제공하는 매장,002d0d06-15b2-463e-b789-b0232bcc6681,뚜레주르버들마을점,제과,버들마을상인회 골목형상점가,골목형상점가,광주광역시,1.0,0.0,,,P2_GRADED_ONLY,True,,,,,
1dd66c3c8ed0df5892b0,val,식자재,T6 기계변형,q_식자재_13,식자배,식료품 중 '식자재'를 판매·제공하는 매장,320a4f5d-c9b1-4624-ade5-3353bf94edc9,위푸드,식자재,하대원공설시장,전통시장,경기도,3.0,3.0,,,RESOLVED_AGREEMENT,False,3,,,,
5da26be715219675b223,val,식자재,T6 기계변형,q_식자재_13,식자배,식료품 중 '식자재'를 판매·제공하는 매장,092868ef-cdbe-426a-8e04-c1862bac5076,익산바이오,식용유,세종전통시장,전통시장,세종특별자치시,3.0,0.0,,,P1_BINARY_THRESHOLD,True,,,,,
584ca7a4b7de969b0dc7,val,식자재,T6 기계변형,q_식자재_13,식자배,식료품 중 '식자재'를 판매·제공하는 매장,63791377-743c-47c8-b2f0-3352492a7a81,미니슈퍼,"담배, 식자재 등",야음상가시장,전통시장,울산광역시,3.0,3.0,,,RESOLVED_AGREEMENT,False,3,,,,
6d5dd3d7594c21cc7de2,val,식자재,T6 기계변형,q_식자재_13,식자배,식료품 중 '식자재'를 판매·제공하는 매장,005313c8-dce8-49b6-9841-9143ebb1305a,동원떡집,,박달시장,전통시장,경기도,1.0,0.0,,,P2_GRADED_ONLY,True,,,,,
343411d75459a0c158b4,val,식자재,T6 기계변형,q_식자재_13,식자배,식료품 중 '식자재'를 판매·제공하는 매장,01757e0a-7278-44bc-9fad-29595028ac3d,현대떡방앗간,방앗간,염매시장(의성중앙시장),전통시장,경상북도,3.0,3.0,,,RESOLVED_AGREEMENT,False,3,,,,
e09cb0d401ddc94cd3f8,val,식자재,T6 기계변형,q_식자재_13,식자배,식료품 중 '식자재'를 판매·제공하는 매장,362b3a3a-8fac-4546-9644-147b96da261f,퍼팩트마트,식자재슈퍼,서구시장,전통시장,대구광역시,3.0,3.0,,,RESOLVED_AGREEMENT,False,3,,,,
ffd734b4b25bdcf55f50,val,식자재,T6 기계변형,q_식자재_13,식자배,식료품 중 '식자재'를 판매·제공하는 매장,00ec16f5-8b45-4af1-bb1b-6389f2412be8,수진식품,"참기름, 고추가루등",김해 진영전통시장,전통시장,경상남도,3.0,3.0,,,RESOLVED_AGREEMENT,False,3,,,,
4d7631700f6ab2a22422,val,식자재,T6 기계변형,q_식자재_13,식자배,식료품 중 '식자재'를 판매·제공하는 매장,67c18751-8bd4-4801-a4fd-4c26c7774f4b,청아식자재,식자재,소래포구종합어시장,자율상권구역,인천광역시,3.0,3.0,,,RESOLVED_AGREEMENT,False,3,,,,
d73092fb56351a265c0c,val,식자재,T6 기계변형,q_식자재_13,식자배,식료품 중 '식자재'를 판매·제공하는 매장,e51aca0f-a5d3-42c5-850e-657a0968e0ef,민주상회,식자재,정이있는 구포시장,전통시장,부산광역시,3.0,3.0,,,RESOLVED_AGREEMENT,False,3,,,,
d13599c71e01ff8655b8,val,식자재,T6 기계변형,q_식자재_13,식자배,식료품 중 '식자재'를 판매·제공하는 매장,d08467c5-6f45-4537-9605-b05355d3a8c5,하늘유통,식자재,무안전통시장,전통시장,전라남도,3.0,3.0,,,RESOLVED_AGREEMENT,False,3,,,,
26191b22fe5e6d05f4c5,val,식자재,T6 기계변형,q_식자재_13,식자배,식료품 중 '식자재'를 판매·제공하는 매장,011f646c-0d2f-4770-a90e-d5d39e580d38,올 푸드,식자재,두암시장,전통시장,광주광역시,3.0,3.0,,,RESOLVED_AGREEMENT,False,3,,,,
c40506aa93d891934919,val,식자재,T6 기계변형,q_식자재_13,식자배,식료품 중 '식자재'를 판매·제공하는 매장,013444f9-7e9b-4640-84f0-43ac071ef57f,대림고추방아,"고추가루, 기름",부천강남시장,전통시장,경기도,0.0,0.0,,,RESOLVED_AGREEMENT,False,0,,,,
87c1e189048ba16415d7,val,식자재,T6 기계변형,q_식자재_13,식자배,식료품 중 '식자재'를 판매·제공하는 매장,45e3ecac-a47d-4c75-a036-c7086111b83d,연일식품,식자재,목포자유시장,전통시장,전라남도,3.0,3.0,,,RESOLVED_AGREEMENT,False,3,,,,
cb3c6fb3df1e41c99b96,val,식자재,T6 기계변형,q_식자재_13,식자배,식료품 중 '식자재'를 판매·제공하는 매장,02223ab5-044d-40ad-8cc7-838ed325ada0,상옥쌀상회,쌀,영일대북부시장(구 북부시장),전통시장,경상북도,3.0,3.0,,,RESOLVED_AGREEMENT,False,3,,,,
00031cabea882552ddfb,val,식자재,T6 기계변형,q_식자재_13,식자배,식료품 중 '식자재'를 판매·제공하는 매장,c4c84ceb-2d4b-4bfa-a1a6-5a97f21256c2,더웰마켓,식자재,의왕예술의거리골목형상점가,골목형상점가,경기도,3.0,3.0,,,RESOLVED_AGREEMENT,False,3,,,,
890082e60f0d323f9c66,val,식자재,T6 기계변형,q_식자재_13,식자배,식료품 중 '식자재'를 판매·제공하는 매장,45781c74-c499-458c-8358-534afe4a798b,경남식자재,식자재,신중앙시장,전통시장,서울특별시,3.0,3.0,,,RESOLVED_AGREEMENT,False,3,,,,
82bf87d714fcf2a61f82,val,식자재,T6 기계변형,q_식자재_13,식자배,식료품 중 '식자재'를 판매·제공하는 매장,87dc0cc0-7a91-4a22-b161-a438b9682f3d,식자재백화점원일,식자재,부평깡시장,전통시장,인천광역시,3.0,3.0,,,RESOLVED_AGREEMENT,False,3,,,,
1b15c8bab32e1b0022a7,val,식자재,T6 기계변형,q_식자재_13,식자배,식료품 중 '식자재'를 판매·제공하는 매장,482dbc6d-cce8-43cd-b1a8-1ef561a06ed5,상남식자재,식자재,창원 상남시장,전통시장,경상남도,3.0,3.0,,,RESOLVED_AGREEMENT,False,3,,,,
4af3c8dca18b93d1b435,val,식자재,T6 기계변형,q_식자재_13,식자배,식료품 중 '식자재'를 판매·제공하는 매장,e425286e-a810-463b-8360-29d5711dcd4f,한밭유통,식자재,마포농수산물시장,전통시장,서울특별시,3.0,3.0,,,RESOLVED_AGREEMENT,False,3,,,,
d2d01f9b5c6233427adc,val,식자재,T6 기계변형,q_식자재_13,식자배,식료품 중 '식자재'를 판매·제공하는 매장,001961d9-cb5d-40bc-903a-33d483f7d132,헬씨스탠다드,"건강기능식품, 쌀, 견과류, 약재",응암소담길 골목형상점가,골목형상점가,서울특별시,3.0,3.0,,,RESOLVED_AGREEMENT,False,3,,,,
db5505f15f6055a9400a,val,식자재,T6 기계변형,q_식자재_13,식자배,식료품 중 '식자재'를 판매·제공하는 매장,45251d99-abb6-431a-a63b-f72bb9544bdd,부귀상사,식자재,복대가경시장,전통시장,충청북도,3.0,3.0,,,RESOLVED_AGREEMENT,False,3,,,,
00bbfd9ae80bec6ad46a,val,식자재,T6 기계변형,q_식자재_13,식자배,식료품 중 '식자재'를 판매·제공하는 매장,04816b88-906a-4f08-8efa-4ef80264d2df,천하유통,식자재,청량종합도매시장(깡통시장),전통시장,서울특별시,3.0,3.0,,,RESOLVED_AGREEMENT,False,3,,,,
59819ccffaa55435f33f,val,식자재,T6 기계변형,q_식자재_13,식자배,식료품 중 '식자재'를 판매·제공하는 매장,c2b169f9-b1be-4f7b-b575-0593044e5362,동양식자재,식자재,하대원공설시장,전통시장,경기도,3.0,3.0,,,RESOLVED_AGREEMENT,False,3,,,,
7fd61faf9517d10223e2,val,식자재,T6 기계변형,q_식자재_13,식자배,식료품 중 '식자재'를 판매·제공하는 매장,760092d5-4cdf-46f3-b536-2505f9e0aea6,오르클 사주 타로,의류,고투몰(강남터미널지하도상점가),일반지하상점가,서울특별시,0.0,0.0,,,RESOLVED_AGREEMENT,False,0,,,,
80c0a0399ca6e1d629dc,val,식자재,T6 기계변형,q_식자재_13,식자배,식료품 중 '식자재'를 판매·제공하는 매장,807b6cbc-8409-446b-8067-53ada03f9101,나라마트식자재,식자재,담양중앙 골목형상점가,골목형상점가,전라남도,3.0,3.0,,,RESOLVED_AGREEMENT,False,3,,,,
7ad2b7d0598d2cc0da41,val,식자재,T6 기계변형,q_식자재_13,식자배,식료품 중 '식자재'를 판매·제공하는 매장,8193484e-bd5a-40c9-8f74-5ac926198941,햇맛식품,식자재,서면시장,전통시장,부산광역시,3.0,3.0,,,RESOLVED_AGREEMENT,False,3,,,,
b15212dd0c20efe6c7c6,val,식자재,T6 기계변형,q_식자재_13,식자배,식료품 중 '식자재'를 판매·제공하는 매장,f77f1004-2a72-4ec6-9ecf-585b34b0523f,경아네,식자재,창원 명서시장,전통시장,경상남도,3.0,3.0,,,RESOLVED_AGREEMENT,False,3,,,,
d9407f88abab416cbd76,val,식자재,T6 기계변형,q_식자재_13,식자배,식료품 중 '식자재'를 판매·제공하는 매장,57b88f0a-7948-4c96-a629-e07e78753ad3,문광,식자재,동명동 카페거리 골목형상점가,골목형상점가,광주광역시,3.0,3.0,,,RESOLVED_AGREEMENT,False,3,,,,
ad8a02df2a217dfda13e,val,식자재,T6 기계변형,q_식자재_13,식자배,식료품 중 '식자재'를 판매·제공하는 매장,abedfac8-4e24-4864-b45d-73415d73d543,탑유통,식자재,정자시장,전통시장,경기도,3.0,3.0,,,RESOLVED_AGREEMENT,False,3,,,,
be2de9897921020ec281,val,식자재,T6 기계변형,q_식자재_13,식자배,식료품 중 '식자재'를 판매·제공하는 매장,419698c1-3fdb-4fba-9db7-1a3e6fced07e,일일식품,식자재,청량리청과물시장,전통시장,서울특별시,3.0,3.0,,,RESOLVED_AGREEMENT,False,3,,,,
800e973fa861e9b11de7,val,식자재,T6 기계변형,q_식자재_13,식자배,식료품 중 '식자재'를 판매·제공하는 매장,022ece99-80e4-453c-91c0-f46f8527e7ab,구즉방아간,방앗간,송강전통시장,전통시장,대전광역시,3.0,3.0,,,RESOLVED_AGREEMENT,False,3,,,,
2fa15a6a29a3f06c5df5,val,식자재,T6 기계변형,q_식자재_13,식자배,식료품 중 '식자재'를 판매·제공하는 매장,0061123f-a676-4556-9633-5fbc4ecaf6ef,치즈케익카스테라카페,제과,북가좌동 골목형상점가,골목형상점가,서울특별시,1.0,0.0,,,P2_GRADED_ONLY,True,,,,,
4ddb28605012086c4c7d,val,식자재,T6 기계변형,q_식자재_13,식자배,식료품 중 '식자재'를 판매·제공하는 매장,8866c503-2331-4acb-9c3f-b539876e5793,광명식자재,식자재,영일시장,전통시장,서울특별시,3.0,3.0,,,RESOLVED_AGREEMENT,False,3,,,,
8f6fd3c05fda6f217822,val,식자재,T6 기계변형,q_식자재_13,식자배,식료품 중 '식자재'를 판매·제공하는 매장,0592f5f6-ae8d-491f-87e9-2021a00f4ae0,우리상회,곡물,상주중앙시장,전통시장,경상북도,3.0,3.0,,,RESOLVED_AGREEMENT,False,3,,,,
e25c7dbf515c8125846e,val,식자재,T6 기계변형,q_식자재_13,식자배,식료품 중 '식자재'를 판매·제공하는 매장,023b2cb4-7f9e-4b85-9888-474ee933954a,산척제유소,방앗간,충주자유시장,전통시장,충청북도,3.0,3.0,,,RESOLVED_AGREEMENT,False,3,,,,
667aa48f8d3f226b5262,val,식자재,T6 기계변형,q_식자재_13,식자배,식료품 중 '식자재'를 판매·제공하는 매장,00eca8e7-b158-4572-b540-c241f4ad2546,거창상회,식자재,충무동 새벽시장,전통시장,부산광역시,3.0,3.0,,,RESOLVED_AGREEMENT,False,3,,,,
88acdacdc8c2109c8f68,val,식자재,T6 기계변형,q_식자재_13,식자배,식료품 중 '식자재'를 판매·제공하는 매장,45a28c51-bfba-4323-b428-84c7aa8f4c8c,우리 집 김치찜,김치찜,갈매아이&유거리 골목형상점가,골목형상점가,경기도,0.0,0.0,,,RESOLVED_AGREEMENT,False,0,,,,
b0ec1d903ea820af9e82,val,식자재,T6 기계변형,q_식자재_13,식자배,식료품 중 '식자재'를 판매·제공하는 매장,d1f4e7d2-aa1c-43c7-957c-0b1c948a1772,봉황상회,식자재,남광주해뜨는시장,전통시장,,3.0,3.0,,,RESOLVED_AGREEMENT,False,3,,,,
4a4fb77ae63e2080e37f,val,식자재,T6 기계변형,q_식자재_13,식자배,식료품 중 '식자재'를 판매·제공하는 매장,023e47e8-7973-4e3d-95f3-f6bf168360f0,(주)동양종합유통,식자재,양동건어물시장,전통시장,광주광역시,3.0,3.0,,,RESOLVED_AGREEMENT,False,3,,,,
7b5358b0c7db6e307459,val,식자재,T6 기계변형,q_식자재_13,식자배,식료품 중 '식자재'를 판매·제공하는 매장,4b8311af-e417-4207-a37b-6e63b266a5c8,천마농산,식자재,부산새벽시장,전통시장,부산광역시,3.0,3.0,,,RESOLVED_AGREEMENT,False,3,,,,
839490a65940d7846b0c,val,식자재,T6 기계변형,q_식자재_13,식자배,식료품 중 '식자재'를 판매·제공하는 매장,04cffa8f-5c05-444b-bde1-a3d1918cf92f,강원기름집,식용유,속초종합중앙시장,전통시장,강원특별자치도,3.0,3.0,,,RESOLVED_AGREEMENT,False,3,,,,
a84c0de26a04650b66c5,val,식자재,T6 기계변형,q_식자재_13,식자배,식료품 중 '식자재'를 판매·제공하는 매장,001bc028-a43e-44d4-9682-db280a4998cc,파리바게뜨전주근영점,제과점,근영누리 골목형상점가,골목형상점가,전북특별자치도,1.0,0.0,,,P2_GRADED_ONLY,True,,,,,
b62121834cc86496dccd,val,식자재,T6 기계변형,q_식자재_13,식자배,식료품 중 '식자재'를 판매·제공하는 매장,07bef8a3-3771-4546-869b-295d8e6a0d29,초록잎이펼치는세상,,보성녹차 골목형상점가,골목형상점가,,,0.0,Y,,P0_UNCERTAIN_OR_MISSING,True,,,,,
974038f50d05f223cf15,val,식자재,T6 기계변형,q_식자재_13,식자배,식료품 중 '식자재'를 판매·제공하는 매장,008d07a3-ba18-4806-9ec7-48c0adb25276,아빠네 빵집,제과제빵,신창수문 골목형상점가,골목형상점가,광주광역시,1.0,0.0,,,P2_GRADED_ONLY,True,,,,,
d7463dd5b012ffeabf2f,val,식자재,T6 기계변형,q_식자재_13,식자배,식료품 중 '식자재'를 판매·제공하는 매장,015915e3-2542-4245-b627-0c775b4c5501,한내떡집,,거제 고현시장,전통시장,경상남도,1.0,0.0,,,P2_GRADED_ONLY,True,,,,,
661b536b0c6bd3f0ae9b,val,식자재,T6 기계변형,q_식자재_13,식자배,식료품 중 '식자재'를 판매·제공하는 매장,21c212bf-3ffc-4441-86e7-84ee7b70570f,제일종합식자재,식자재,창원 상남시장,전통시장,경상남도,3.0,3.0,,,RESOLVED_AGREEMENT,False,3,,,,
a2484ddcdd4143df0df1,val,식자재,T6 기계변형,q_식자재_13,식자배,식료품 중 '식자재'를 판매·제공하는 매장,b6ebeed5-a43b-45ff-a2f2-f6f85e3c5d9f,무지개식자재,식자재,화양제일골목시장(화양제일시장),전통시장,서울특별시,3.0,3.0,,,RESOLVED_AGREEMENT,False,3,,,,
1cc680cbf71f1d60e76f,val,식자재,T6 기계변형,q_식자재_13,식자배,식료품 중 '식자재'를 판매·제공하는 매장,06bbe239-5774-4794-91c3-b45901659200,성진상회,식용유,고성시장,전통시장,경상남도,3.0,3.0,,,RESOLVED_AGREEMENT,False,3,,,,
24eb8866a4a78ba2e6c1,val,식자재,T6 기계변형,q_식자재_13,식자배,식료품 중 '식자재'를 판매·제공하는 매장,034f637f-e1c0-4e3c-99a7-eb7c8deb055a,청풍상회,곡물,내토전통시장,전통시장,충청북도,3.0,3.0,,,RESOLVED_AGREEMENT,False,3,,,,
c1cc14571ac3cecfeaea,val,식자재,T6 기계변형,q_식자재_13,식자배,식료품 중 '식자재'를 판매·제공하는 매장,1c2dcf47-0307-49f4-8e14-25c55d7dd6e1,부흥종합식자재,식자재,일신시장(舊 부일종합시장),전통시장,인천광역시,3.0,3.0,,,RESOLVED_AGREEMENT,False,3,,,,
0a0d576da6a26337ea4e,val,식자재,T6 기계변형,q_식자재_13,식자배,식료품 중 '식자재'를 판매·제공하는 매장,86a1cd5c-d8eb-481e-81ae-dca7f46dae4e,대성상회,식자재,중앙전통시장,전통시장,울산광역시,3.0,3.0,,,RESOLVED_AGREEMENT,False,3,,,,
bfd6bb55a961c9149ad8,val,식자재,T6 기계변형,q_식자재_13,식자배,식료품 중 '식자재'를 판매·제공하는 매장,9595c9aa-59f6-454b-957d-c2e1dda8b086,지푸드,식자재,반여농산물도매시장 관련상품동,골목형상점가,부산광역시,3.0,3.0,,,RESOLVED_AGREEMENT,False,3,,,,
b34f336e5fd163050490,val,식자재,T6 기계변형,q_식자재_13,식자배,식료품 중 '식자재'를 판매·제공하는 매장,fb4480b6-0019-4fd6-bc24-f1d8e4d3613d,돼지농수산,식자재,부산새벽시장,전통시장,부산광역시,3.0,3.0,,,RESOLVED_AGREEMENT,False,3,,,,
cfd3187be26f36ea8427,val,식자재,T6 기계변형,q_식자재_13,식자배,식료품 중 '식자재'를 판매·제공하는 매장,00e30e5a-4662-4e65-9b6c-dd704886f1af,믿음떡집,떡방앗간,문창시장,전통시장,대전광역시,3.0,3.0,,,RESOLVED_AGREEMENT,False,3,,,,
f415099c0acc28399529,val,식자재,T6 기계변형,q_식자재_13,식자배,식료품 중 '식자재'를 판매·제공하는 매장,20d1acd7-3e62-4098-91a1-33c1a7004c28,현민상사,식자재,고성시장,전통시장,경상남도,3.0,3.0,,,RESOLVED_AGREEMENT,False,3,,,,
348eea5fbb74010f384a,val,식자재,T6 기계변형,q_식자재_13,식자배,식료품 중 '식자재'를 판매·제공하는 매장,6e8db87e-2e72-4f24-b0ad-66395fb74067,제일 식자재,식자재,중문로 골목형상점가,골목형상점가,광주광역시,3.0,3.0,,,RESOLVED_AGREEMENT,False,3,,,,
485e2b2bcbcf39fecc68,val,식자재,T6 기계변형,q_식자재_13,식자배,식료품 중 '식자재'를 판매·제공하는 매장,71d82573-e860-4203-8749-7caeb471c88b,용선식품,식자재,포항큰동해시장,전통시장,경상북도,3.0,3.0,,,RESOLVED_AGREEMENT,False,3,,,,
5c3b9718be105b9f1b8f,val,식자재,T6 기계변형,q_식자재_13,식자배,식료품 중 '식자재'를 판매·제공하는 매장,ebe44ba3-d69e-4144-8413-6d5073ac462b,황용상회,식자재,동두천큰시장,전통시장,경기도,3.0,3.0,,,RESOLVED_AGREEMENT,False,3,,,,
fca5a7da5a96b94196d2,val,식자재,T6 기계변형,q_식자재_14,식자재추천,식료품 중 '식자재'를 판매·제공하는 매장,284f5d18-e91d-4c87-ac33-cc87085a0d37,성남식자재,도소매업(식자재),수정로 상권활성화구역,상권활성화구역,경기도,3.0,3.0,,,RESOLVED_AGREEMENT,False,3,,,,
3a7e271b1d6c4a118dee,val,식자재,T6 기계변형,q_식자재_14,식자재추천,식료품 중 '식자재'를 판매·제공하는 매장,40ece9fe-d218-4f98-8326-9e0af34030c6,로엔진,식자재,전주남부시장,전통시장,전북특별자치도,3.0,3.0,,,RESOLVED_AGREEMENT,False,3,,,,
1bb9865be622364cf886,val,식자재,T6 기계변형,q_식자재_14,식자재추천,식료품 중 '식자재'를 판매·제공하는 매장,c5bd3aee-db2c-4ad9-9c09-bcf94071495f,참우리식자재,식자재(과일),화양제일골목시장(화양제일시장),전통시장,서울특별시,3.0,3.0,,,RESOLVED_AGREEMENT,False,3,,,,
a2eb57bf48ed5d43e331,val,식자재,T6 기계변형,q_식자재_14,식자재추천,식료품 중 '식자재'를 판매·제공하는 매장,2b3b3d55-cf2a-490f-8caf-79baa3eb907f,마포식자재,식자재,마포농수산물시장,전통시장,서울특별시,3.0,3.0,,,RESOLVED_AGREEMENT,False,3,,,,
50114488010c574ef833,val,식자재,T6 기계변형,q_식자재_14,식자재추천,식료품 중 '식자재'를 판매·제공하는 매장,00e30e5a-4662-4e65-9b6c-dd704886f1af,믿음떡집,떡방앗간,문창시장,전통시장,대전광역시,3.0,3.0,,,RESOLVED_AGREEMENT,False,3,,,,
dacb7acbae9afcaff5dc,val,식자재,T6 기계변형,q_식자재_14,식자재추천,식료품 중 '식자재'를 판매·제공하는 매장,001cb3d4-5441-4963-b517-d5b3904ee312,현창떡집,떡집,목포동부시장,전통시장,전라남도,1.0,0.0,,,P2_GRADED_ONLY,True,,,,,
c2394fef010d96214428,val,식자재,T6 기계변형,q_식자재_14,식자재추천,식료품 중 '식자재'를 판매·제공하는 매장,3ae893f6-3513-40d0-83d1-1ba2af105630,남광주식자재마트,식자재,남광주시장,전통시장,광주광역시,3.0,3.0,,,RESOLVED_AGREEMENT,False,3,,,,
22c2668dab30ad1fc743,val,식자재,T6 기계변형,q_식자재_14,식자재추천,식료품 중 '식자재'를 판매·제공하는 매장,00e80339-1353-4885-81d7-0746a437abb2,포식 용인한숲시티점,쌀국수 돈까스 함박스테이크,남사한숲 골목형상점가,골목형상점가,경기도,3.0,3.0,,,RESOLVED_AGREEMENT,False,3,,,,
ed89024673615e740934,val,식자재,T6 기계변형,q_식자재_14,식자재추천,식료품 중 '식자재'를 판매·제공하는 매장,0592f5f6-ae8d-491f-87e9-2021a00f4ae0,우리상회,곡물,상주중앙시장,전통시장,경상북도,3.0,3.0,,,RESOLVED_AGREEMENT,False,3,,,,
b73a377a727bd5b2c293,val,식자재,T6 기계변형,q_식자재_14,식자재추천,식료품 중 '식자재'를 판매·제공하는 매장,01a5f192-c482-46e3-8b58-5358216d0749,풍전기름집,참기름,화곡본동시장,전통시장,서울특별시,3.0,3.0,,,RESOLVED_AGREEMENT,False,3,,,,
edc4a7f13c5d8bbe5592,val,식자재,T6 기계변형,q_식자재_14,식자재추천,식료품 중 '식자재'를 판매·제공하는 매장,023e47e8-7973-4e3d-95f3-f6bf168360f0,(주)동양종합유통,식자재,양동건어물시장,전통시장,광주광역시,3.0,3.0,,,RESOLVED_AGREEMENT,False,3,,,,
60c8427f4b6f43d1849d,val,식자재,T6 기계변형,q_식자재_14,식자재추천,식료품 중 '식자재'를 판매·제공하는 매장,8193484e-bd5a-40c9-8f74-5ac926198941,햇맛식품,식자재,서면시장,전통시장,부산광역시,3.0,3.0,,,RESOLVED_AGREEMENT,False,3,,,,
57a2bf4f2e8b996e3a12,val,식자재,T6 기계변형,q_식자재_14,식자재추천,식료품 중 '식자재'를 판매·제공하는 매장,d1f4e7d2-aa1c-43c7-957c-0b1c948a1772,봉황상회,식자재,남광주해뜨는시장,전통시장,,3.0,3.0,,,RESOLVED_AGREEMENT,False,3,,,,
f694480bddbbbf9471c3,val,식자재,T6 기계변형,q_식자재_14,식자재추천,식료품 중 '식자재'를 판매·제공하는 매장,ab09aebb-d5d8-44b3-93f2-819add51aaf8,비비큐 올리브카페 장덕점,치킨,성덕마을 골목형상점가,골목형상점가,광주광역시,0.0,0.0,,,RESOLVED_AGREEMENT,False,0,,,,
48ba4797668cf7e1ef29,val,식자재,T6 기계변형,q_식자재_14,식자재추천,식료품 중 '식자재'를 판매·제공하는 매장,a8156034-7850-4908-bbdc-b8358641d252,철수네,휴개음식점,원주미로예술중앙시장(원주중앙시장),전통시장,강원특별자치도,0.0,1.0,,,P2_GRADED_ONLY,True,,,,,
a25e2c5f7d2ec88f9872,val,식자재,T6 기계변형,q_식자재_14,식자재추천,식료품 중 '식자재'를 판매·제공하는 매장,2fd72cbb-da88-4c4c-b309-e4d772473378,성진식자재,식자재,부평깡시장,전통시장,인천광역시,3.0,3.0,,,RESOLVED_AGREEMENT,False,3,,,,
1d16d19a5a13e341638a,val,식자재,T6 기계변형,q_식자재_14,식자재추천,식료품 중 '식자재'를 판매·제공하는 매장,06bbe239-5774-4794-91c3-b45901659200,성진상회,식용유,고성시장,전통시장,경상남도,3.0,3.0,,,RESOLVED_AGREEMENT,False,3,,,,
eb125823bdcdb0d2b83b,val,식자재,T6 기계변형,q_식자재_14,식자재추천,식료품 중 '식자재'를 판매·제공하는 매장,044b74fa-bb37-480b-8d36-3f7676cf2fb4,영진상회,곡물,청주육거리종합시장,전통시장,충청북도,3.0,3.0,,,RESOLVED_AGREEMENT,False,3,,,,
89bac0c15112cc3ef0d0,val,식자재,T6 기계변형,q_식자재_14,식자재추천,식료품 중 '식자재'를 판매·제공하는 매장,015915e3-2542-4245-b627-0c775b4c5501,한내떡집,,거제 고현시장,전통시장,경상남도,1.0,0.0,,,P2_GRADED_ONLY,True,,,,,
47cf6702000d82a05aa0,val,식자재,T6 기계변형,q_식자재_14,식자재추천,식료품 중 '식자재'를 판매·제공하는 매장,82e77537-5ca8-4253-8909-81ce00508500,동방,식자재,제천약초시장,전통시장,충청북도,3.0,3.0,,,RESOLVED_AGREEMENT,False,3,,,,
c130237109e073ba9e5e,val,식자재,T6 기계변형,q_식자재_14,식자재추천,식료품 중 '식자재'를 판매·제공하는 매장,747e12c2-8533-4649-903a-5965dbf84b82,가마로강정창원반송점,치킨,창원 반송시장,전통시장,경상남도,0.0,0.0,,,RESOLVED_AGREEMENT,False,0,,,,
24e9201b8b3e3b933902,val,식자재,T6 기계변형,q_식자재_14,식자재추천,식료품 중 '식자재'를 판매·제공하는 매장,04816b88-906a-4f08-8efa-4ef80264d2df,천하유통,식자재,청량종합도매시장(깡통시장),전통시장,서울특별시,3.0,3.0,,,RESOLVED_AGREEMENT,False,3,,,,
d491e0f27ef27559e446,val,식자재,T6 기계변형,q_식자재_14,식자재추천,식료품 중 '식자재'를 판매·제공하는 매장,7af16427-104c-453f-9280-2c41423ca0e3,만나식자재,소매업(식자재),의왕도깨비시장,전통시장,경기도,3.0,3.0,,,RESOLVED_AGREEMENT,False,3,,,,
abb5b81fd3f8547ae4f3,val,식자재,T6 기계변형,q_식자재_14,식자재추천,식료품 중 '식자재'를 판매·제공하는 매장,021bf03c-8b83-4288-89c5-15a4a162142b,신선식품,식자재,사천읍시장,전통시장,경상남도,3.0,3.0,,,RESOLVED_AGREEMENT,False,3,,,,
5cf0cbc2d9a4693c1484,val,식자재,T6 기계변형,q_식자재_14,식자재추천,식료품 중 '식자재'를 판매·제공하는 매장,0b69c684-9b0b-490b-892e-9267cf4662a3,윤수참기름,식용유,진주 청과시장,전통시장,경상남도,3.0,3.0,,,RESOLVED_AGREEMENT,False,3,,,,
752cc564988eea045dd1,val,식자재,T6 기계변형,q_식자재_14,식자재추천,식료품 중 '식자재'를 판매·제공하는 매장,a41d88f0-2b8b-4119-8161-460e627c59b7,태성식자재마트,식자재,순천역전시장상가,자율상권구역,전라남도,3.0,3.0,,,RESOLVED_AGREEMENT,False,3,,,,
56e1977a1c420cd3383f,val,식자재,T6 기계변형,q_식자재_14,식자재추천,식료품 중 '식자재'를 판매·제공하는 매장,83133b9c-bd4e-425e-9d3c-059859b0cde0,중앙식자재,"식자재, 장류, 잡화",전주신중앙시장(구 중앙버드나무시장),전통시장,전북특별자치도,3.0,3.0,,,RESOLVED_AGREEMENT,False,3,,,,
d267b36f247e975ac12c,val,식자재,T6 기계변형,q_식자재_14,식자재추천,식료품 중 '식자재'를 판매·제공하는 매장,9595c9aa-59f6-454b-957d-c2e1dda8b086,지푸드,식자재,반여농산물도매시장 관련상품동,골목형상점가,부산광역시,3.0,3.0,,,RESOLVED_AGREEMENT,False,3,,,,
7d553376fd4d04921d3e,val,식자재,T6 기계변형,q_식자재_14,식자재추천,식료품 중 '식자재'를 판매·제공하는 매장,00ec16f5-8b45-4af1-bb1b-6389f2412be8,수진식품,"참기름, 고추가루등",김해 진영전통시장,전통시장,경상남도,3.0,3.0,,,RESOLVED_AGREEMENT,False,3,,,,
25b4425435a77fcb5f70,val,식자재,T6 기계변형,q_식자재_14,식자재추천,식료품 중 '식자재'를 판매·제공하는 매장,21c212bf-3ffc-4441-86e7-84ee7b70570f,제일종합식자재,식자재,창원 상남시장,전통시장,경상남도,3.0,3.0,,,RESOLVED_AGREEMENT,False,3,,,,
ded1664a9e03ed72ba84,val,식자재,T6 기계변형,q_식자재_14,식자재추천,식료품 중 '식자재'를 판매·제공하는 매장,008d07a3-ba18-4806-9ec7-48c0adb25276,아빠네 빵집,제과제빵,신창수문 골목형상점가,골목형상점가,광주광역시,1.0,0.0,,,P2_GRADED_ONLY,True,,,,,
0c977deb958bc47558de,val,식자재,T6 기계변형,q_식자재_14,식자재추천,식료품 중 '식자재'를 판매·제공하는 매장,0046e3b5-e973-4cc0-807c-acb34ad8e262,야음민속떡집,제조업(떡방앗간),울산번개시장,전통시장,울산광역시,3.0,3.0,,,RESOLVED_AGREEMENT,False,3,,,,
9a8eb670179fe92b2c96,val,식자재,T6 기계변형,q_식자재_14,식자재추천,식료품 중 '식자재'를 판매·제공하는 매장,8ac67040-0b60-4e70-8816-d5330ab41044,샘표식자재종합유통,식자재,충주농산물종합시장(구 중앙청과시장),전통시장,충청북도,3.0,3.0,,,RESOLVED_AGREEMENT,False,3,,,,
bede98055d1230c39b30,val,식자재,T6 기계변형,q_식자재_14,식자재추천,식료품 중 '식자재'를 판매·제공하는 매장,314f31f4-177e-42a8-aaeb-a2bc04036cad,동화두부 수영점,두부,수영팔도시장(구 수영팔도상가시장),전통시장,부산광역시,0.0,0.0,,,RESOLVED_AGREEMENT,False,0,,,,
9febcdae45274560f904,val,식자재,T6 기계변형,q_식자재_14,식자재추천,식료품 중 '식자재'를 판매·제공하는 매장,2c215e30-3980-49ef-aa9a-a74be0146120,한사라참치,일식,돈암시장,전통시장,서울특별시,0.0,0.0,,,RESOLVED_AGREEMENT,False,0,,,,
8b45264afb5ca403f4d4,val,식자재,T6 기계변형,q_식자재_14,식자재추천,식료품 중 '식자재'를 판매·제공하는 매장,8968eeb5-56de-4efc-9ae2-4c7e6afaf040,삼연상회,식자재,안양농수산물 골목형상점가,골목형상점가,경기도,3.0,3.0,,,RESOLVED_AGREEMENT,False,3,,,,
9dfedb98cdd0410d264a,val,식자재,T6 기계변형,q_식자재_14,식자재추천,식료품 중 '식자재'를 판매·제공하는 매장,c2b169f9-b1be-4f7b-b575-0593044e5362,동양식자재,식자재,하대원공설시장,전통시장,경기도,3.0,3.0,,,RESOLVED_AGREEMENT,False,3,,,,
030ac41cce6b8bd7dec7,val,식자재,T6 기계변형,q_식자재_14,식자재추천,식료품 중 '식자재'를 판매·제공하는 매장,5efc2abc-1620-4e2c-ab9e-81c9c91f990b,양태수산,생선,목포자유시장,전통시장,전라남도,0.0,2.0,,,P1_BINARY_THRESHOLD,True,,,,,
1bd96b1bba54d83c71f7,val,식자재,T6 기계변형,q_식자재_14,식자재추천,식료품 중 '식자재'를 판매·제공하는 매장,87dc0cc0-7a91-4a22-b161-a438b9682f3d,식자재백화점원일,식자재,부평깡시장,전통시장,인천광역시,3.0,3.0,,,RESOLVED_AGREEMENT,False,3,,,,
d8e576736fe96498c9dc,val,식자재,T6 기계변형,q_식자재_14,식자재추천,식료품 중 '식자재'를 판매·제공하는 매장,fb4480b6-0019-4fd6-bc24-f1d8e4d3613d,돼지농수산,식자재,부산새벽시장,전통시장,부산광역시,3.0,3.0,,,RESOLVED_AGREEMENT,False,3,,,,
e57cabe02d108e02da57,val,식자재,T6 기계변형,q_식자재_14,식자재추천,식료품 중 '식자재'를 판매·제공하는 매장,01757e0a-7278-44bc-9fad-29595028ac3d,현대떡방앗간,방앗간,염매시장(의성중앙시장),전통시장,경상북도,3.0,3.0,,,RESOLVED_AGREEMENT,False,3,,,,
65a075a11e158f53a384,val,식자재,T6 기계변형,q_식자재_14,식자재추천,식료품 중 '식자재'를 판매·제공하는 매장,aaed44f1-4205-4856-9d66-a2a812680ffd,정식품,식자재,첨단청사초롱길 골목형상점가,골목형상점가,광주광역시,3.0,3.0,,,RESOLVED_AGREEMENT,False,3,,,,
1410b91c7ceaf5bd7b46,val,식자재,T6 기계변형,q_식자재_14,식자재추천,식료품 중 '식자재'를 판매·제공하는 매장,00eca8e7-b158-4572-b540-c241f4ad2546,거창상회,식자재,충무동 새벽시장,전통시장,부산광역시,3.0,3.0,,,RESOLVED_AGREEMENT,False,3,,,,
21ed473bd139ae467106,val,식자재,T6 기계변형,q_식자재_14,식자재추천,식료품 중 '식자재'를 판매·제공하는 매장,e3591156-e5cf-48c4-a147-45c736b28810,해정상회,식자재,칠성본시장,전통시장,대구광역시,3.0,3.0,,,RESOLVED_AGREEMENT,False,3,,,,
5cc984b972f64fa94812,val,식자재,T6 기계변형,q_식자재_14,식자재추천,식료품 중 '식자재'를 판매·제공하는 매장,67c18751-8bd4-4801-a4fd-4c26c7774f4b,청아식자재,식자재,소래포구종합어시장,자율상권구역,인천광역시,3.0,3.0,,,RESOLVED_AGREEMENT,False,3,,,,
9f8e5f8fa9231997b786,val,식자재,T6 기계변형,q_식자재_14,식자재추천,식료품 중 '식자재'를 판매·제공하는 매장,a7cca5d1-6e6c-4c81-828a-378c86d521ac,드림식자재마트,식자재,창원 상남시장,전통시장,경상남도,3.0,3.0,,,RESOLVED_AGREEMENT,False,3,,,,
92bb86db6aadb7a7f167,val,식자재,T6 기계변형,q_식자재_14,식자재추천,식료품 중 '식자재'를 판매·제공하는 매장,765b1e8a-6e0c-4eb2-bfe0-e025fc93deeb,종합식자재,식자재,부평깡시장,전통시장,인천광역시,3.0,3.0,,,RESOLVED_AGREEMENT,False,3,,,,
d09c421f50368cec3967,val,식자재,T6 기계변형,q_식자재_14,식자재추천,식료품 중 '식자재'를 판매·제공하는 매장,469e4887-18f4-42ff-929e-46be7e691b0e,샛별건어물,식자재,여수교동시장,전통시장,전라남도,3.0,3.0,,,RESOLVED_AGREEMENT,False,3,,,,
4a331076525486d9fd08,val,식자재,T6 기계변형,q_식자재_14,식자재추천,식료품 중 '식자재'를 판매·제공하는 매장,8866c503-2331-4acb-9c3f-b539876e5793,광명식자재,식자재,영일시장,전통시장,서울특별시,3.0,3.0,,,RESOLVED_AGREEMENT,False,3,,,,
cd248865f1c1e79544ab,val,식자재,T6 기계변형,q_식자재_14,식자재추천,식료품 중 '식자재'를 판매·제공하는 매장,807b6cbc-8409-446b-8067-53ada03f9101,나라마트식자재,식자재,담양중앙 골목형상점가,골목형상점가,전라남도,3.0,3.0,,,RESOLVED_AGREEMENT,False,3,,,,
007b4daa235f3722d57c,val,식자재,T6 기계변형,q_식자재_14,식자재추천,식료품 중 '식자재'를 판매·제공하는 매장,4b8311af-e417-4207-a37b-6e63b266a5c8,천마농산,식자재,부산새벽시장,전통시장,부산광역시,3.0,3.0,,,RESOLVED_AGREEMENT,False,3,,,,
8fae5e9507a528dc4c99,val,식자재,T6 기계변형,q_식자재_14,식자재추천,식료품 중 '식자재'를 판매·제공하는 매장,569879f9-cbc3-4224-9afc-dc5ed50e4bc7,로스톨로지 잠원커피점,커피,잠원하길골목형상점가,골목형상점가,서울특별시,0.0,0.0,,,RESOLVED_AGREEMENT,False,0,,,,
00a3d5f8e95a9edb3764,val,식자재,T6 기계변형,q_식자재_14,식자재추천,식료품 중 '식자재'를 판매·제공하는 매장,4abe77ee-1384-4cb8-9828-888f2f4e850e,윤덕식품,식자재,순천역전시장상가,자율상권구역,전라남도,3.0,3.0,,,RESOLVED_AGREEMENT,False,3,,,,
6ecae9e1937e6f55f51f,val,식자재,T6 기계변형,q_식자재_14,식자재추천,식료품 중 '식자재'를 판매·제공하는 매장,00bf0e58-0696-472a-8a12-945c44dc9435,오복상회,쌀,백년시장(구 강북종합전통시장),전통시장,서울특별시,3.0,3.0,,,RESOLVED_AGREEMENT,False,3,,,,
ec1d026a0d0a43cb5109,val,식자재,T6 기계변형,q_식자재_14,식자재추천,식료품 중 '식자재'를 판매·제공하는 매장,4a4dc5be-095c-4ff7-88ec-e09a4095af09,청성,식자재 건어물,공릉동도깨비시장,전통시장,서울특별시,3.0,3.0,,,RESOLVED_AGREEMENT,False,3,,,,
c433d35cbfb590946f49,val,식자재,T6 기계변형,q_식자재_14,식자재추천,식료품 중 '식자재'를 판매·제공하는 매장,1c2dcf47-0307-49f4-8e14-25c55d7dd6e1,부흥종합식자재,식자재,일신시장(舊 부일종합시장),전통시장,인천광역시,3.0,3.0,,,RESOLVED_AGREEMENT,False,3,,,,
b35a337432f559af58eb,val,식자재,T6 기계변형,q_식자재_14,식자재추천,식료품 중 '식자재'를 판매·제공하는 매장,a2f2b7a1-ca51-435e-9d30-ae1e09573ff0,식자재도매유통 중앙점,"식자재, 농산물",진주자유시장주변상가,기타,경상남도,3.0,3.0,,,RESOLVED_AGREEMENT,False,3,,,,
a98b252d568277f335ff,val,식자재,T6 기계변형,q_식자재_14,식자재추천,식료품 중 '식자재'를 판매·제공하는 매장,bac0e7d5-920d-430c-8bcc-1652e4f574c3,안산상회,식자재,하대원공설시장,전통시장,경기도,3.0,3.0,,,RESOLVED_AGREEMENT,False,3,,,,
9dd1c0d896560b01ea59,val,식자재,T6 기계변형,q_식자재_14,식자재추천,식료품 중 '식자재'를 판매·제공하는 매장,01859206-536a-40a7-be1e-c8610663a665,동원참기름,참기름,안강공설시장,전통시장,경상북도,3.0,3.0,,,RESOLVED_AGREEMENT,False,3,,,,
fb4631d1af2552fb6c9e,val,식자재,T6 기계변형,q_식자재_14,식자재추천,식료품 중 '식자재'를 판매·제공하는 매장,c4c84ceb-2d4b-4bfa-a1a6-5a97f21256c2,더웰마켓,식자재,의왕예술의거리골목형상점가,골목형상점가,경기도,3.0,3.0,,,RESOLVED_AGREEMENT,False,3,,,,
f3b221aab65a28cb39a4,val,식자재,T6 기계변형,q_식자재_14,식자재추천,식료품 중 '식자재'를 판매·제공하는 매장,00362b85-cb9a-4318-9059-12f768d76197,파리바게뜨전주인후점,제과점,소나무 골목형상점가,골목형상점가,전북특별자치도,1.0,0.0,,,P2_GRADED_ONLY,True,,,,,
69ea7209a0050f2c3cdc,val,식자재,T6 기계변형,q_식자재_14,식자재추천,식료품 중 '식자재'를 판매·제공하는 매장,001961d9-cb5d-40bc-903a-33d483f7d132,헬씨스탠다드,"건강기능식품, 쌀, 견과류, 약재",응암소담길 골목형상점가,골목형상점가,서울특별시,3.0,3.0,,,RESOLVED_AGREEMENT,False,3,,,,
7e361f4cd6bb276e8cd1,val,식자재,T6 기계변형,q_식자재_14,식자재추천,식료품 중 '식자재'를 판매·제공하는 매장,0e224dee-e545-48f6-95af-5a197b33a076,경북식품,식용유,가락몰골목형상점가,골목형상점가,서울특별시,3.0,0.0,,,P1_BINARY_THRESHOLD,True,,,,,
f24e4d467cbf4f1e8959,val,식자재,T6 기계변형,q_식자재_14,식자재추천,식료품 중 '식자재'를 판매·제공하는 매장,013444f9-7e9b-4640-84f0-43ac071ef57f,대림고추방아,"고추가루, 기름",부천강남시장,전통시장,경기도,0.0,0.0,,,RESOLVED_AGREEMENT,False,0,,,,
039ee5e51279603bbb0d,val,식자재,T6 기계변형,q_식자재_14,식자재추천,식료품 중 '식자재'를 판매·제공하는 매장,e425286e-a810-463b-8360-29d5711dcd4f,한밭유통,식자재,마포농수산물시장,전통시장,서울특별시,3.0,3.0,,,RESOLVED_AGREEMENT,False,3,,,,
bfee0af5ffc95bc1ecf5,val,식자재,T6 기계변형,q_식자재_14,식자재추천,식료품 중 '식자재'를 판매·제공하는 매장,023b2cb4-7f9e-4b85-9888-474ee933954a,산척제유소,방앗간,충주자유시장,전통시장,충청북도,3.0,3.0,,,RESOLVED_AGREEMENT,False,3,,,,
09ad8c3a77d39149a822,val,식자재,T6 기계변형,q_식자재_14,식자재추천,식료품 중 '식자재'를 판매·제공하는 매장,86a1cd5c-d8eb-481e-81ae-dca7f46dae4e,대성상회,식자재,중앙전통시장,전통시장,울산광역시,3.0,3.0,,,RESOLVED_AGREEMENT,False,3,,,,
fd86c73bea0368c4cb92,val,식자재,T6 기계변형,q_식자재_14,식자재추천,식료품 중 '식자재'를 판매·제공하는 매장,1b261594-5af8-45f7-844d-e0336f443827,세광,식자재,경리단길 골목형상점가,골목형상점가,서울특별시,3.0,3.0,,,RESOLVED_AGREEMENT,False,3,,,,
06fe6bda881507d3f751,val,식자재,T6 기계변형,q_식자재_14,식자재추천,식료품 중 '식자재'를 판매·제공하는 매장,b6ebeed5-a43b-45ff-a2f2-f6f85e3c5d9f,무지개식자재,식자재,화양제일골목시장(화양제일시장),전통시장,서울특별시,3.0,3.0,,,RESOLVED_AGREEMENT,False,3,,,,
65abedbfae0036fbd54e,val,식자재,T6 기계변형,q_식자재_14,식자재추천,식료품 중 '식자재'를 판매·제공하는 매장,42e44c1c-5ba9-4129-a3e3-5d29091e8874,사계절푸드,식자재,칠성원시장,전통시장,대구광역시,3.0,3.0,,,RESOLVED_AGREEMENT,False,3,,,,
1c358ea0b9a318207251,val,식자재,T6 기계변형,q_식자재_14,식자재추천,식료품 중 '식자재'를 판매·제공하는 매장,d08467c5-6f45-4537-9605-b05355d3a8c5,하늘유통,식자재,무안전통시장,전통시장,전라남도,3.0,3.0,,,RESOLVED_AGREEMENT,False,3,,,,
882acf40f827dac8bfec,val,식자재,T6 기계변형,q_식자재_14,식자재추천,식료품 중 '식자재'를 판매·제공하는 매장,0b8ef6dc-2f6b-4707-bd73-529122d9c97a,하단떡집,떡집,하단오일상설시장,전통시장,부산광역시,1.0,0.0,,,P2_GRADED_ONLY,True,,,,,
e2b7361757f1aa856f50,val,식자재,T6 기계변형,q_식자재_14,식자재추천,식료품 중 '식자재'를 판매·제공하는 매장,022ece99-80e4-453c-91c0-f46f8527e7ab,구즉방아간,방앗간,송강전통시장,전통시장,대전광역시,3.0,3.0,,,RESOLVED_AGREEMENT,False,3,,,,
fea7dc1e98400ae46e10,val,식자재,T6 기계변형,q_식자재_14,식자재추천,식료품 중 '식자재'를 판매·제공하는 매장,fd47090f-4127-45db-b08d-cbc202c535fa,상남유통식자재,식자재,창원 상남시장,전통시장,경상남도,3.0,3.0,,,RESOLVED_AGREEMENT,False,3,,,,
5a14c09284455c609d33,val,식자재,T6 기계변형,q_식자재_14,식자재추천,식료품 중 '식자재'를 판매·제공하는 매장,005313c8-dce8-49b6-9841-9143ebb1305a,동원떡집,,박달시장,전통시장,경기도,1.0,0.0,,,P2_GRADED_ONLY,True,,,,,
61f85578238fbf4fccf8,val,식자재,T6 기계변형,q_식자재_14,식자재추천,식료품 중 '식자재'를 판매·제공하는 매장,482dbc6d-cce8-43cd-b1a8-1ef561a06ed5,상남식자재,식자재,창원 상남시장,전통시장,경상남도,3.0,3.0,,,RESOLVED_AGREEMENT,False,3,,,,
0fff1abcc7d2b8b6e308,val,식자재,T6 기계변형,q_식자재_14,식자재추천,식료품 중 '식자재'를 판매·제공하는 매장,ebe44ba3-d69e-4144-8413-6d5073ac462b,황용상회,식자재,동두천큰시장,전통시장,경기도,3.0,3.0,,,RESOLVED_AGREEMENT,False,3,,,,
2e2f4b9bc84717e98dca,val,식자재,T6 기계변형,q_식자재_14,식자재추천,식료품 중 '식자재'를 판매·제공하는 매장,e810e82e-77b4-44fe-80fc-df4431faa318,플러스식자재마트,식자재,창원 가음정시장,전통시장,경상남도,3.0,3.0,,,RESOLVED_AGREEMENT,False,3,,,,
fb4b97821048db96783c,val,식자재,T6 기계변형,q_식자재_14,식자재추천,식료품 중 '식자재'를 판매·제공하는 매장,092868ef-cdbe-426a-8e04-c1862bac5076,익산바이오,식용유,세종전통시장,전통시장,세종특별자치시,3.0,0.0,,,P1_BINARY_THRESHOLD,True,,,,,
ada11d7d76a36df048cf,val,식자재,T6 기계변형,q_식자재_14,식자재추천,식료품 중 '식자재'를 판매·제공하는 매장,419698c1-3fdb-4fba-9db7-1a3e6fced07e,일일식품,식자재,청량리청과물시장,전통시장,서울특별시,3.0,3.0,,,RESOLVED_AGREEMENT,False,3,,,,
81180ee107ad8a9a265a,val,식자재,T6 기계변형,q_식자재_14,식자재추천,식료품 중 '식자재'를 판매·제공하는 매장,f77f1004-2a72-4ec6-9ecf-585b34b0523f,경아네,식자재,창원 명서시장,전통시장,경상남도,3.0,3.0,,,RESOLVED_AGREEMENT,False,3,,,,
86deb2fa9e6a6f7002d3,val,식자재,T6 기계변형,q_식자재_14,식자재추천,식료품 중 '식자재'를 판매·제공하는 매장,71d82573-e860-4203-8749-7caeb471c88b,용선식품,식자재,포항큰동해시장,전통시장,경상북도,3.0,3.0,,,RESOLVED_AGREEMENT,False,3,,,,
5e03cc2b7bd4ce32fe05,val,식자재,T6 기계변형,q_식자재_14,식자재추천,식료품 중 '식자재'를 판매·제공하는 매장,011f646c-0d2f-4770-a90e-d5d39e580d38,올 푸드,식자재,두암시장,전통시장,광주광역시,3.0,3.0,,,RESOLVED_AGREEMENT,False,3,,,,
37266bf0faec8465811f,val,식자재,T6 기계변형,q_식자재_14,식자재추천,식료품 중 '식자재'를 판매·제공하는 매장,001bc028-a43e-44d4-9682-db280a4998cc,파리바게뜨전주근영점,제과점,근영누리 골목형상점가,골목형상점가,전북특별자치도,1.0,0.0,,,P2_GRADED_ONLY,True,,,,,
21b48045ac25aee1741e,val,식자재,T6 기계변형,q_식자재_14,식자재추천,식료품 중 '식자재'를 판매·제공하는 매장,0061123f-a676-4556-9633-5fbc4ecaf6ef,치즈케익카스테라카페,제과,북가좌동 골목형상점가,골목형상점가,서울특별시,1.0,0.0,,,P2_GRADED_ONLY,True,,,,,
183dc0b893bf787df094,val,식자재,T6 기계변형,q_식자재_14,식자재추천,식료품 중 '식자재'를 판매·제공하는 매장,320a4f5d-c9b1-4624-ade5-3353bf94edc9,위푸드,식자재,하대원공설시장,전통시장,경기도,3.0,3.0,,,RESOLVED_AGREEMENT,False,3,,,,
f3a3f3081973966d64df,val,식자재,T6 기계변형,q_식자재_14,식자재추천,식료품 중 '식자재'를 판매·제공하는 매장,03e3e424-656a-46ea-82b7-21bcc07cae47,초왕상회,"곡물, 농산물",전주남부시장,전통시장,전북특별자치도,3.0,3.0,,,RESOLVED_AGREEMENT,False,3,,,,
7f6034d0b11702f80a3e,val,식자재,T6 기계변형,q_식자재_14,식자재추천,식료품 중 '식자재'를 판매·제공하는 매장,90ae49f4-073b-44c1-b179-12861d4580ca,부산식품,식자재,마산어시장,전통시장,경상남도,3.0,3.0,,,RESOLVED_AGREEMENT,False,3,,,,
658581fd9b025e76dec1,val,식자재,T6 기계변형,q_식자재_14,식자재추천,식료품 중 '식자재'를 판매·제공하는 매장,0017714f-cbac-4f85-a148-338ddcefe41c,유수담,"쌀, 계란, 신선식품",익산북부시장,전통시장,전북특별자치도,3.0,3.0,,,RESOLVED_AGREEMENT,False,3,,,,
c80bae0c19cb70484d97,val,식자재,T6 기계변형,q_식자재_14,식자재추천,식료품 중 '식자재'를 판매·제공하는 매장,6e8db87e-2e72-4f24-b0ad-66395fb74067,제일 식자재,식자재,중문로 골목형상점가,골목형상점가,광주광역시,3.0,3.0,,,RESOLVED_AGREEMENT,False,3,,,,
6935773615075f06b68a,val,식자재,T6 기계변형,q_식자재_14,식자재추천,식료품 중 '식자재'를 판매·제공하는 매장,04cffa8f-5c05-444b-bde1-a3d1918cf92f,강원기름집,식용유,속초종합중앙시장,전통시장,강원특별자치도,3.0,3.0,,,RESOLVED_AGREEMENT,False,3,,,,
e876fc318e23ec5cc227,val,식자재,T6 기계변형,q_식자재_14,식자재추천,식료품 중 '식자재'를 판매·제공하는 매장,e699580d-aa3d-4800-ba2b-cefc63a8eddd,이지팜마켓,식자재,구리전통시장,전통시장,경기도,3.0,3.0,,,RESOLVED_AGREEMENT,False,3,,,,
0d7b36b207a955a1593f,val,식자재,T6 기계변형,q_식자재_14,식자재추천,식료품 중 '식자재'를 판매·제공하는 매장,45251d99-abb6-431a-a63b-f72bb9544bdd,부귀상사,식자재,복대가경시장,전통시장,충청북도,3.0,3.0,,,RESOLVED_AGREEMENT,False,3,,,,
d625118a170401715ac0,val,식자재,T6 기계변형,q_식자재_14,식자재추천,식료품 중 '식자재'를 판매·제공하는 매장,45781c74-c499-458c-8358-534afe4a798b,경남식자재,식자재,신중앙시장,전통시장,서울특별시,3.0,3.0,,,RESOLVED_AGREEMENT,False,3,,,,
677450d8523e1e5c7723,val,식자재,T6 기계변형,q_식자재_14,식자재추천,식료품 중 '식자재'를 판매·제공하는 매장,00fea2e0-f294-46b6-af68-655475e888be,동양유통,"곡물, 식자재",김해새벽시장,기타,경상남도,3.0,3.0,,,RESOLVED_AGREEMENT,False,3,,,,
caa39925b8b0be9c7fa7,val,식자재,T6 기계변형,q_식자재_14,식자재추천,식료품 중 '식자재'를 판매·제공하는 매장,abedfac8-4e24-4864-b45d-73415d73d543,탑유통,식자재,정자시장,전통시장,경기도,3.0,3.0,,,RESOLVED_AGREEMENT,False,3,,,,
f18093ebc23014eca590,val,식자재,T6 기계변형,q_식자재_14,식자재추천,식료품 중 '식자재'를 판매·제공하는 매장,04c905ba-3172-4ea4-a6dd-4345d674dea0,덕순이네,제조업(떡집),장터길 골목형상점가,골목형상점가,경기도,1.0,0.0,,,P2_GRADED_ONLY,True,,,,,
9c244c299498b4eba566,val,식자재,T6 기계변형,q_식자재_14,식자재추천,식료품 중 '식자재'를 판매·제공하는 매장,57b88f0a-7948-4c96-a629-e07e78753ad3,문광,식자재,동명동 카페거리 골목형상점가,골목형상점가,광주광역시,3.0,3.0,,,RESOLVED_AGREEMENT,False,3,,,,
a8d9cc8b7de80b739f8e,val,식자재,T6 기계변형,q_식자재_14,식자재추천,식료품 중 '식자재'를 판매·제공하는 매장,23d420b2-7574-4d4b-ba8f-fb960f9ff3df,한울농원,식자재,부평종합시장,전통시장,인천광역시,3.0,3.0,,,RESOLVED_AGREEMENT,False,3,,,,
b517331c7dc5751115a9,val,식자재,T6 기계변형,q_식자재_14,식자재추천,식료품 중 '식자재'를 판매·제공하는 매장,418b7183-32eb-4865-81fa-1ac998aee06a,만리식자재마트,식자재마트,무주반딧불상권활성화구역,상권활성화구역,전북특별자치도,3.0,3.0,,,RESOLVED_AGREEMENT,False,3,,,,
12179b2c4bf866ad9a80,val,식자재,T6 기계변형,q_식자재_14,식자재추천,식료품 중 '식자재'를 판매·제공하는 매장,98975d4d-975d-4b48-803f-76ab99b1a352,준유통,식자재,안양농수산물 골목형상점가,골목형상점가,경기도,3.0,3.0,,,RESOLVED_AGREEMENT,False,3,,,,
36079e08918fe266dde4,val,식자재,T6 기계변형,q_식자재_14,식자재추천,식료품 중 '식자재'를 판매·제공하는 매장,034f637f-e1c0-4e3c-99a7-eb7c8deb055a,청풍상회,곡물,내토전통시장,전통시장,충청북도,3.0,3.0,,,RESOLVED_AGREEMENT,False,3,,,,
b59234088477989f58d1,val,식자재,T6 기계변형,q_식자재_14,식자재추천,식료품 중 '식자재'를 판매·제공하는 매장,60b2a896-c046-4033-a4ba-1191a378ddf7,팜스식자재마트,식자재 식료품,서문대로704번길 골목형상점가,골목형상점가,광주광역시,3.0,3.0,,,RESOLVED_AGREEMENT,False,3,,,,
88ff91b6b600e852bb3f,val,식자재,T6 기계변형,q_식자재_14,식자재추천,식료품 중 '식자재'를 판매·제공하는 매장,07f00bcc-0dee-4f7e-ba6a-5d0bb39fc88f,전주콩뿌리 콩나물국밥,국밥,빛가람 하나로 골목형상점가,골목형상점가,전라남도,0.0,0.0,,,RESOLVED_AGREEMENT,False,0,,,,
c9cf5493da15972e091c,val,식자재,T6 기계변형,q_식자재_14,식자재추천,식료품 중 '식자재'를 판매·제공하는 매장,b6e251c3-42d0-45f7-a370-b89ee1166827,만명상회,식자재,춘천중앙시장,전통시장,강원특별자치도,3.0,3.0,,,RESOLVED_AGREEMENT,False,3,,,,
a1ab84377dd2dfb6e2ab,val,식자재,T6 기계변형,q_식자재_14,식자재추천,식료품 중 '식자재'를 판매·제공하는 매장,02223ab5-044d-40ad-8cc7-838ed325ada0,상옥쌀상회,쌀,영일대북부시장(구 북부시장),전통시장,경상북도,3.0,3.0,,,RESOLVED_AGREEMENT,False,3,,,,
139aeb5a2e073eac8be3,val,식자재,T6 기계변형,q_식자재_14,식자재추천,식료품 중 '식자재'를 판매·제공하는 매장,1376634e-7439-4076-86fb-ea06659ffc8d,정가네,식자재,창원 명서시장,전통시장,경상남도,3.0,3.0,,,RESOLVED_AGREEMENT,False,3,,,,
83352020118054f04f51,val,식자재,T6 기계변형,q_식자재_14,식자재추천,식료품 중 '식자재'를 판매·제공하는 매장,01e4cef2-9c12-4be0-9c3e-5a09ab67f7f5,대명제유,"고추, 기름",의정부제일시장,전통시장,경기도,0.0,0.0,,,RESOLVED_AGREEMENT,False,0,,,,
cdc89cd414aaa0c972e4,val,식자재,T6 기계변형,q_식자재_14,식자재추천,식료품 중 '식자재'를 판매·제공하는 매장,002d0d06-15b2-463e-b789-b0232bcc6681,뚜레주르버들마을점,제과,버들마을상인회 골목형상점가,골목형상점가,광주광역시,1.0,0.0,,,P2_GRADED_ONLY,True,,,,,
562d6a6c9468324bf46d,val,안경,T1 정확표기,q_안경_01,안경,건강·의료 중 '안경'을 판매·제공하는 매장,5d851b48-be5c-4a17-b420-ff18ea2615a5,알파안경,안경,조원시장,전통시장,경기도,3.0,3.0,,,RESOLVED_AGREEMENT,False,3,,,,
d1e3b756deb9330ff05d,val,안경,T1 정확표기,q_안경_01,안경,건강·의료 중 '안경'을 판매·제공하는 매장,60de073d-4136-4956-b346-046fb99bdc2d,세종안경,안경,종촌동골목형상점가,골목형상점가,세종특별자치시,3.0,3.0,,,RESOLVED_AGREEMENT,False,3,,,,
75a036d34ee1cfb618d9,val,안경,T1 정확표기,q_안경_01,안경,건강·의료 중 '안경'을 판매·제공하는 매장,0266bd67-c211-4ab4-bb83-af329b2ce979,공덕나인안경,안경콘택트렌즈,도화동상점가,자율상권구역,서울특별시,3.0,3.0,,,RESOLVED_AGREEMENT,False,3,,,,
18719d969369ac949b4c,val,안경,T1 정확표기,q_안경_01,안경,건강·의료 중 '안경'을 판매·제공하는 매장,2c8fedc6-e100-4264-8ced-14fc67c203b9,남정안경,안경,남대문시장,전통시장,서울특별시,3.0,3.0,,,RESOLVED_AGREEMENT,False,3,,,,
d2192908b7ba4d870da3,val,안경,T1 정확표기,q_안경_01,안경,건강·의료 중 '안경'을 판매·제공하는 매장,090da554-233d-4f7b-a1d5-24dfd2c54294,시원안경,안경,남성사계시장,전통시장,서울특별시,3.0,3.0,,,RESOLVED_AGREEMENT,False,3,,,,
9655f25961bb42e2cfd9,val,안경,T1 정확표기,q_안경_01,안경,건강·의료 중 '안경'을 판매·제공하는 매장,75145b4e-9889-4b30-b9d1-28e4451d3ff7,동숭안경,안경,학운동 365 골목형상점가,골목형상점가,광주광역시,3.0,3.0,,,RESOLVED_AGREEMENT,False,3,,,,
0a80690cb7dddbb38a4f,val,안경,T1 정확표기,q_안경_01,안경,건강·의료 중 '안경'을 판매·제공하는 매장,b5e343ec-300e-4841-81d4-2544ea14394f,삼익패션안경,안경,삼익패션타운,전통시장,서울특별시,3.0,3.0,,,RESOLVED_AGREEMENT,False,3,,,,
8e5b3bbb11bc5bbf8783,val,안경,T1 정확표기,q_안경_01,안경,건강·의료 중 '안경'을 판매·제공하는 매장,436a7bdf-ebfe-4591-a0f9-3c86f9750202,아이스쿨안경,안경,방이시장,전통시장,서울특별시,3.0,3.0,,,RESOLVED_AGREEMENT,False,3,,,,
9c62ae5aea4674928007,val,안경,T1 정확표기,q_안경_01,안경,건강·의료 중 '안경'을 판매·제공하는 매장,d6e82951-9610-44b3-a16b-bda93768c7b4,뉴욕안경,안경,강남역지하도상점가,일반지하상점가,서울특별시,3.0,3.0,,,RESOLVED_AGREEMENT,False,3,,,,
9c0610cf5a55f3dc57b9,val,안경,T1 정확표기,q_안경_01,안경,건강·의료 중 '안경'을 판매·제공하는 매장,0ace73e8-bb57-47d5-9285-a928365cb279,킹콩안경,안경,이천중앙로상가,자율상권구역,경기도,3.0,3.0,,,RESOLVED_AGREEMENT,False,3,,,,
0db9253527db7dae7a07,val,안경,T1 정확표기,q_안경_01,안경,건강·의료 중 '안경'을 판매·제공하는 매장,1871389d-e1e7-4d18-80da-2a78cdc0525a,고운빛안과,"안과, 건강기능식품",우산 동문로 골목형상점가,골목형상점가,광주광역시,1.0,2.0,,,P1_BINARY_THRESHOLD,True,,,,,
7722bb5f7d363a6c58f3,val,안경,T1 정확표기,q_안경_01,안경,건강·의료 중 '안경'을 판매·제공하는 매장,02822efb-f50a-45c4-8f4d-bfbba20a01e4,오렌즈충주점,"안경, 렌즈",성서중심시장(성서시장문화의거리 통합),전통시장,충청북도,3.0,3.0,,,RESOLVED_AGREEMENT,False,3,,,,
8438fccef37fd8cd2703,val,안경,T1 정확표기,q_안경_01,안경,건강·의료 중 '안경'을 판매·제공하는 매장,6dbe7b37-1874-4ed8-8a46-b480f5b94bd0,남시안경,안경,남대문로골목형상점가,골목형상점가,서울특별시,3.0,3.0,,,RESOLVED_AGREEMENT,False,3,,,,
3880317332f60d455258,val,안경,T1 정확표기,q_안경_01,안경,건강·의료 중 '안경'을 판매·제공하는 매장,b43b445d-a1f7-4019-991b-e20e37e04409,아이파크 안경,안경,수원아이파크시티8단지상가 골목형상점가,골목형상점가,경기도,3.0,3.0,,,RESOLVED_AGREEMENT,False,3,,,,
6f27f1a841063a9c3e4d,val,안경,T1 정확표기,q_안경_01,안경,건강·의료 중 '안경'을 판매·제공하는 매장,b7aad6bd-4383-4b9e-9fa8-04898ac4fd83,파리바게트수원정자점,음식(제과),정자시장,전통시장,경기도,0.0,0.0,,,RESOLVED_AGREEMENT,False,0,,,,
895576e63f037817f037,val,안경,T1 정확표기,q_안경_01,안경,건강·의료 중 '안경'을 판매·제공하는 매장,40b2fc46-2e18-4728-bd1a-d2acdb5e9183,라쌍떼안경,안경,직산읍삼은1번가골목형상점가,골목형상점가,충청남도,3.0,3.0,,,RESOLVED_AGREEMENT,False,3,,,,
2a852d4650966fbe83f4,val,안경,T1 정확표기,q_안경_01,안경,건강·의료 중 '안경'을 판매·제공하는 매장,6bd6a6da-cce6-481a-8049-966b568c3741,안경빛나,안경,일번지프라자 골목형상점가,골목형상점가,경기도,3.0,3.0,,,RESOLVED_AGREEMENT,False,3,,,,
106a4d1296840f27b972,val,안경,T1 정확표기,q_안경_01,안경,건강·의료 중 '안경'을 판매·제공하는 매장,011e75cb-eb08-4161-9b41-65e8d204464c,이지안경,안경및콘택트렌즈,BOCA 보카상점가,골목형상점가,경기도,3.0,3.0,,,RESOLVED_AGREEMENT,False,3,,,,
264a120c4530cfec200d,val,안경,T1 정확표기,q_안경_01,안경,건강·의료 중 '안경'을 판매·제공하는 매장,da1ab000-5bdd-42d8-8b40-5918cd11b076,으뜸+안경,안경,순천연향패션상가,자율상권구역,전라남도,3.0,3.0,,,RESOLVED_AGREEMENT,False,3,,,,
c6723b4e430b56dc5f40,val,안경,T1 정확표기,q_안경_01,안경,건강·의료 중 '안경'을 판매·제공하는 매장,1117c0e1-4a3e-4e28-95b5-6862006751e5,은마안경,안경,은마종합상점가,자율상권구역,서울특별시,3.0,3.0,,,RESOLVED_AGREEMENT,False,3,,,,
01dc45a965cfb13b3e5a,val,안경,T1 정확표기,q_안경_01,안경,건강·의료 중 '안경'을 판매·제공하는 매장,729b9608-b2ea-48cb-8e38-acffad482a09,동양안경,안경,사강시장,전통시장,경기도,3.0,3.0,,,RESOLVED_AGREEMENT,False,3,,,,
0161ff4808d5ea192b6f,val,안경,T1 정확표기,q_안경_01,안경,건강·의료 중 '안경'을 판매·제공하는 매장,010604a1-9bcd-4057-8360-47c77d14504a,굿모닝안경.콘택트,안경,서재소상공인연합회,골목형상점가,대구광역시,3.0,3.0,,,RESOLVED_AGREEMENT,False,3,,,,
4836ff7374e7090c9ba9,val,안경,T1 정확표기,q_안경_01,안경,건강·의료 중 '안경'을 판매·제공하는 매장,fe60f560-afe4-4dd1-8c3f-fe0cf029bbaf,안경집,안경,사리골상점가,자율상권구역,경기도,3.0,3.0,,,RESOLVED_AGREEMENT,False,3,,,,
8328dde1fcc493ea5aeb,val,안경,T1 정확표기,q_안경_01,안경,건강·의료 중 '안경'을 판매·제공하는 매장,eb50e1c8-4e9e-4678-96b3-33fbcbfab277,노희경가이,미용업,학운동 365 골목형상점가,골목형상점가,광주광역시,0.0,0.0,,,RESOLVED_AGREEMENT,False,0,,,,
2858ab171cfbdcf4edc1,val,안경,T1 정확표기,q_안경_01,안경,건강·의료 중 '안경'을 판매·제공하는 매장,93d5d32b-8cc0-4c48-a006-83cfdfa2188d,양지안경,안경,양수리전통시장(양평양수리시장),전통시장,경기도,3.0,3.0,,,RESOLVED_AGREEMENT,False,3,,,,
6a25429427d60343729e,val,안경,T1 정확표기,q_안경_01,안경,건강·의료 중 '안경'을 판매·제공하는 매장,7e90589b-8c1f-4da8-a8b3-7404fa21f02c,한국안경,안경,(지정취소)다산마을상가거리골목형상점가,골목형상점가,서울특별시,3.0,3.0,,,RESOLVED_AGREEMENT,False,3,,,,
a8d93bc303e520d54ecf,val,안경,T1 정확표기,q_안경_01,안경,건강·의료 중 '안경'을 판매·제공하는 매장,0184ed05-765c-4947-bbf8-dff527177252,안경을 찾는 사람들,안경,발안만세시장(구 발안시장),전통시장,경기도,3.0,3.0,,,RESOLVED_AGREEMENT,False,3,,,,
511a7e3580c06b0606f5,val,안경,T1 정확표기,q_안경_01,안경,건강·의료 중 '안경'을 판매·제공하는 매장,e03e8fb5-5183-4ca4-bbbd-2ee033ac4f65,수안경,안경,북평민속시장(북평민속5일장),전통시장,강원특별자치도,3.0,3.0,,,RESOLVED_AGREEMENT,False,3,,,,
34f82ae2195a3ed4e980,val,안경,T1 정확표기,q_안경_01,안경,건강·의료 중 '안경'을 판매·제공하는 매장,aacac575-3e2e-4fbf-9844-aa541c66b631,2.0 안경,안경,사당4골목형상점가,골목형상점가,서울특별시,3.0,3.0,,,RESOLVED_AGREEMENT,False,3,,,,
02ebefd00901711922df,val,안경,T1 정확표기,q_안경_01,안경,건강·의료 중 '안경'을 판매·제공하는 매장,7cecf7e5-33d3-4574-a699-22117801fadb,본안경,안경,남구 용대로 골목형상점가,골목형상점가,광주광역시,3.0,3.0,,,RESOLVED_AGREEMENT,False,3,,,,
9ef9b540ed654e5a6f45,val,안경,T1 정확표기,q_안경_01,안경,건강·의료 중 '안경'을 판매·제공하는 매장,1749d275-3dc5-427a-b680-5c853a65b661,정상기안과의원,안과,신세계앞상인회 골목형상점가,골목형상점가,광주광역시,1.0,2.0,,,P1_BINARY_THRESHOLD,True,,,,,
b67ab6002f5936179647,val,안경,T1 정확표기,q_안경_01,안경,건강·의료 중 '안경'을 판매·제공하는 매장,0656c893-7240-46e1-815b-83f4955c113f,송정치과의원,치과,공항동먹자골목골목형상점가,골목형상점가,서울특별시,0.0,0.0,,,RESOLVED_AGREEMENT,False,0,,,,
d10e146b39ce8952ab2a,val,안경,T1 정확표기,q_안경_01,안경,건강·의료 중 '안경'을 판매·제공하는 매장,c0d0d1da-b940-4da1-8b13-2798e066f63c,나무(안경),안경,부산진시장,전통시장,부산광역시,3.0,3.0,,,RESOLVED_AGREEMENT,False,3,,,,
a892adb3b1fd1bce58a2,val,안경,T1 정확표기,q_안경_01,안경,건강·의료 중 '안경'을 판매·제공하는 매장,4834bb8a-006e-439c-9b66-fcb9a7db598c,우리할매 떡볶이 구리점,분식,구리역골목형상점가,골목형상점가,경기도,0.0,0.0,,,RESOLVED_AGREEMENT,False,0,,,,
f1539170ffbe6c2c9bf5,val,안경,T1 정확표기,q_안경_01,안경,건강·의료 중 '안경'을 판매·제공하는 매장,ab27f098-a2a2-4833-93d4-230e881a6d0c,"안경,여수",안경,여수진남상가,자율상권구역,전라남도,3.0,3.0,,,RESOLVED_AGREEMENT,False,3,,,,
68c862a5db202fae8e59,val,안경,T1 정확표기,q_안경_01,안경,건강·의료 중 '안경'을 판매·제공하는 매장,33fa5284-2f2f-41e3-8be5-2bc9b389d453,진양안경,안경,남대문시장,전통시장,서울특별시,3.0,3.0,,,RESOLVED_AGREEMENT,False,3,,,,
ee6c70a8c99887d91d6a,val,안경,T1 정확표기,q_안경_01,안경,건강·의료 중 '안경'을 판매·제공하는 매장,8dd935d8-8133-4ce7-a87f-03ac2020c4a7,리갈안경,안경,명동 지하쇼핑센터,일반지하상점가,서울특별시,3.0,3.0,,,RESOLVED_AGREEMENT,False,3,,,,
e1914f22506b0f14b5d3,val,안경,T1 정확표기,q_안경_01,안경,건강·의료 중 '안경'을 판매·제공하는 매장,94189e63-e824-4239-88f2-c2f587330ad0,안경천국,안경,송정동 상점가,자율상권구역,경기도,3.0,3.0,,,RESOLVED_AGREEMENT,False,3,,,,
9fdf42a317d28dcec15c,val,안경,T1 정확표기,q_안경_01,안경,건강·의료 중 '안경'을 판매·제공하는 매장,019928e4-ddbb-47c4-951f-f3b31a893f1d,안경마을,안경 콘택트렌즈,구갈상점가,자율상권구역,경기도,3.0,3.0,,,RESOLVED_AGREEMENT,False,3,,,,
e483ed9ef24cc1c5bb60,val,안경,T1 정확표기,q_안경_01,안경,건강·의료 중 '안경'을 판매·제공하는 매장,a63d109c-f9cc-4a64-9a4f-3bf176c8f1c7,보람안경,안경,남대문시장,전통시장,서울특별시,3.0,3.0,,,RESOLVED_AGREEMENT,False,3,,,,
b11eac9212ca596be458,val,안경,T1 정확표기,q_안경_01,안경,건강·의료 중 '안경'을 판매·제공하는 매장,eb1957f7-b6f5-4222-af0a-8e327ac16492,안경맘,안경,구매탄시장,전통시장,경기도,3.0,3.0,,,RESOLVED_AGREEMENT,False,3,,,,
21e9c7c515f8c461d0f5,val,안경,T1 정확표기,q_안경_01,안경,건강·의료 중 '안경'을 판매·제공하는 매장,99fe73e9-e6ec-421b-bdc7-8b26ad7ab4f6,이삭안경,안경,창원 성원그랜드쇼핑상가,전통시장,경상남도,3.0,3.0,,,RESOLVED_AGREEMENT,False,3,,,,
8043e24847ba84a897f5,val,안경,T1 정확표기,q_안경_01,안경,건강·의료 중 '안경'을 판매·제공하는 매장,c2928fd2-ba68-4781-89cd-bad1f2b88985,대동(샘)안경,안경,동해남부재래시장,전통시장,강원특별자치도,3.0,3.0,,,RESOLVED_AGREEMENT,False,3,,,,
e886f97d3060a9b5cf35,val,안경,T1 정확표기,q_안경_01,안경,건강·의료 중 '안경'을 판매·제공하는 매장,9a8d93d8-880b-4a1c-a7cb-df23f6377ef8,동남안경,안경,동남상가,전통시장,서울특별시,3.0,3.0,,,RESOLVED_AGREEMENT,False,3,,,,
ba82af94f408e53e5959,val,안경,T1 정확표기,q_안경_01,안경,건강·의료 중 '안경'을 판매·제공하는 매장,208dfab4-0f90-4915-af8e-da82785fb6bc,정안경,안경,송림골 골목형상점가,골목형상점가,인천광역시,3.0,3.0,,,RESOLVED_AGREEMENT,False,3,,,,
e5b99358c86d0cd6011d,val,안경,T1 정확표기,q_안경_01,안경,건강·의료 중 '안경'을 판매·제공하는 매장,849239f4-1bbd-46ce-8fd3-7adf17432cf6,안경뱅크,안경,두암타운 골목형상점가,골목형상점가,광주광역시,3.0,3.0,,,RESOLVED_AGREEMENT,False,3,,,,
a3c91f5e995cfe654141,val,안경,T1 정확표기,q_안경_01,안경,건강·의료 중 '안경'을 판매·제공하는 매장,ab16742d-7f22-448f-9a75-6002bb94db48,나렌즈,안경,메트로센터(반월당지하쇼핑),일반지하상점가,대구광역시,3.0,3.0,,,RESOLVED_AGREEMENT,False,3,,,,
475e69e44108c5a5a826,val,안경,T1 정확표기,q_안경_01,안경,건강·의료 중 '안경'을 판매·제공하는 매장,75bc618e-37aa-4e2e-a9e9-bb39a6127319,라움안경,안경,효행구봉담상점가,골목형상점가,경기도,3.0,3.0,,,RESOLVED_AGREEMENT,False,3,,,,
06cae92e0dc7bea92002,val,안경,T1 정확표기,q_안경_01,안경,건강·의료 중 '안경'을 판매·제공하는 매장,10c37937-c85c-4ddf-b630-18aecf5e1803,모든안경,안경,남대문시장,전통시장,서울특별시,3.0,3.0,,,RESOLVED_AGREEMENT,False,3,,,,
89aa7057bc8dda3e5521,val,안경,T1 정확표기,q_안경_01,안경,건강·의료 중 '안경'을 판매·제공하는 매장,586cb130-b586-4d53-959f-c2534361da51,에이에스 안경,안경,구매탄시장,전통시장,경기도,3.0,3.0,,,RESOLVED_AGREEMENT,False,3,,,,
50ed6093a17aa8e5bfcc,val,안경,T1 정확표기,q_안경_01,안경,건강·의료 중 '안경'을 판매·제공하는 매장,e827637b-4fcf-427b-b0ff-9d86e74b0559,로젠안경,안경,과천새서울프라자시장,전통시장,경기도,3.0,3.0,,,RESOLVED_AGREEMENT,False,3,,,,
f8d6b0b3c5587271a815,val,안경,T1 정확표기,q_안경_01,안경,건강·의료 중 '안경'을 판매·제공하는 매장,192cd801-dacc-4251-8e50-ccfc6c1c9a9c,코코(현대)안경,안경,남대문시장,전통시장,서울특별시,3.0,3.0,,,RESOLVED_AGREEMENT,False,3,,,,
2eb3c9469ae499bfd190,val,안경,T1 정확표기,q_안경_01,안경,건강·의료 중 '안경'을 판매·제공하는 매장,c903db65-7026-4445-91a9-f851974de477,빠리안경,안경,사당시장,전통시장,서울특별시,3.0,3.0,,,RESOLVED_AGREEMENT,False,3,,,,
da8b178c51a64c569df9,val,안경,T1 정확표기,q_안경_01,안경,건강·의료 중 '안경'을 판매·제공하는 매장,bdb317ef-6cf9-49e9-8098-ead74a3c6ea6,원선생안경,안경,젊음의거리 상점가,자율상권구역,울산광역시,3.0,3.0,,,RESOLVED_AGREEMENT,False,3,,,,
823c911742116c678f82,val,안경,T1 정확표기,q_안경_01,안경,건강·의료 중 '안경'을 판매·제공하는 매장,1d56f4a0-e43b-41a8-a0f8-39fa70226f53,다봄안과의원,안과,구성언남 골목형상점가,골목형상점가,경기도,1.0,2.0,,,P1_BINARY_THRESHOLD,True,,,,,
907af44f9da34bbc496f,val,안경,T1 정확표기,q_안경_01,안경,건강·의료 중 '안경'을 판매·제공하는 매장,060313d2-6e9c-41c3-8e18-618796869fd2,삼호안경,안경,남대문시장,전통시장,서울특별시,3.0,3.0,,,RESOLVED_AGREEMENT,False,3,,,,
44e85eecfac2892a3c18,val,안경,T1 정확표기,q_안경_01,안경,건강·의료 중 '안경'을 판매·제공하는 매장,b689ceca-8cd4-4c86-a8c4-879bb343ab83,정안경,안경,운남7단지먹자거리 골목형상점가,골목형상점가,광주광역시,3.0,3.0,,,RESOLVED_AGREEMENT,False,3,,,,
8ec78a7e3e025e8221d3,val,안경,T1 정확표기,q_안경_01,안경,건강·의료 중 '안경'을 판매·제공하는 매장,e631c7fc-9962-4bc4-af1c-6aa64bd9cff8,안경家 (가),안경,뉴월드프라자골목형상점가,골목형상점가,경기도,3.0,3.0,,,RESOLVED_AGREEMENT,False,3,,,,
e8f720c5f72bf2a1360a,val,안경,T1 정확표기,q_안경_01,안경,건강·의료 중 '안경'을 판매·제공하는 매장,29faa1d7-404f-4dad-b0ef-68f63fcbe76a,이삭안경,안경,창원 반송시장,전통시장,경상남도,3.0,3.0,,,RESOLVED_AGREEMENT,False,3,,,,
e40f5ecc62d91afe1325,val,안경,T1 정확표기,q_안경_01,안경,건강·의료 중 '안경'을 판매·제공하는 매장,c20ad57c-5d9e-4cd9-8dff-94be2ca1c274,아이탑안경,안경,매봉 골목형상점가,골목형상점가,광주광역시,3.0,3.0,,,RESOLVED_AGREEMENT,False,3,,,,
d46f4a8a85f588d4ad9b,val,안경,T1 정확표기,q_안경_01,안경,건강·의료 중 '안경'을 판매·제공하는 매장,0e170be8-4e2c-4008-adbc-7539572b5fc6,성모안과의원,안과,선부광장로상점가,자율상권구역,경기도,1.0,2.0,,,P1_BINARY_THRESHOLD,True,,,,,
ba2df33f48b9221baa1f,val,안경,T1 정확표기,q_안경_01,안경,건강·의료 중 '안경'을 판매·제공하는 매장,1f179de5-a781-4ab1-bb53-da91361efe1d,안경본데이,안경,신평골목시장,전통시장,부산광역시,3.0,3.0,,,RESOLVED_AGREEMENT,False,3,,,,
0d2327652375439d439a,val,안경,T1 정확표기,q_안경_01,안경,건강·의료 중 '안경'을 판매·제공하는 매장,6d6abe87-c9e0-46c6-b044-8857b5e37492,E안경,안경,빛가람 하나로 골목형상점가,골목형상점가,전라남도,3.0,3.0,,,RESOLVED_AGREEMENT,False,3,,,,
c83f897b3c02e4d70f5f,val,안경,T1 정확표기,q_안경_01,안경,건강·의료 중 '안경'을 판매·제공하는 매장,d15e11fe-c36a-49ac-81f2-df4720971d94,참안경,안경,창원 가음정시장,전통시장,경상남도,3.0,3.0,,,RESOLVED_AGREEMENT,False,3,,,,
33510f4e8d92f11093fb,val,안경,T1 정확표기,q_안경_01,안경,건강·의료 중 '안경'을 판매·제공하는 매장,52e867bd-a673-4f27-8878-6647d9448a52,빛담안경,안경,효행구봉담상점가,골목형상점가,경기도,3.0,3.0,,,RESOLVED_AGREEMENT,False,3,,,,
89018ff6cc762dbfe699,val,안경,T1 정확표기,q_안경_01,안경,건강·의료 중 '안경'을 판매·제공하는 매장,838be54f-b775-4e16-a910-1e4ca4c26be0,토탈안경,안경,탄방동 골목형상점가,골목형상점가,대전광역시,3.0,3.0,,,RESOLVED_AGREEMENT,False,3,,,,
ac688a960da406869917,val,안경,T1 정확표기,q_안경_01,안경,건강·의료 중 '안경'을 판매·제공하는 매장,3e99a494-3f4c-4bf7-9973-e7cbda1f0892,솔솔안경,안경,화정한울타리상인회 골목형상점가,골목형상점가,광주광역시,3.0,3.0,,,RESOLVED_AGREEMENT,False,3,,,,
d31c04d0453c59428bdc,val,안경,T1 정확표기,q_안경_01,안경,건강·의료 중 '안경'을 판매·제공하는 매장,f2466ce6-f8e5-4241-ac26-6bb54cefe8c6,"안경, 오늘",안경,유천택지올림픽길골목형상점가,골목형상점가,강원특별자치도,3.0,3.0,,,RESOLVED_AGREEMENT,False,3,,,,
8033c977f6c6b489e3f5,val,안경,T1 정확표기,q_안경_01,안경,건강·의료 중 '안경'을 판매·제공하는 매장,e39b3171-2199-454a-abe2-4d74ee51d065,참편한주방,주방용품,부산광역시건축자재판매협동조합,전통시장,부산광역시,0.0,0.0,,,RESOLVED_AGREEMENT,False,0,,,,
dbda34b29e4efb12be1c,val,안경,T1 정확표기,q_안경_01,안경,건강·의료 중 '안경'을 판매·제공하는 매장,c035d7be-1245-4b65-aad2-3c7e14168718,안경맞춤,안경,사리골상점가,자율상권구역,경기도,3.0,3.0,,,RESOLVED_AGREEMENT,False,3,,,,
6fbcbe497c1dc1b1a8de,val,안경,T1 정확표기,q_안경_01,안경,건강·의료 중 '안경'을 판매·제공하는 매장,fac86511-64e9-44f2-aff5-e69069e20c94,안경명가,안경,영주문화시장,전통시장,경상북도,3.0,3.0,,,RESOLVED_AGREEMENT,False,3,,,,
a4835e84913a9c180eb9,val,안경,T1 정확표기,q_안경_01,안경,건강·의료 중 '안경'을 판매·제공하는 매장,4d8227d6-acbc-459e-83ea-0107c6bc7f7f,매일제분소,제분,익산중앙시장,전통시장,전북특별자치도,0.0,0.0,,,RESOLVED_AGREEMENT,False,0,,,,
32f3d439d3595c52423a,val,안경,T1 정확표기,q_안경_01,안경,건강·의료 중 '안경'을 판매·제공하는 매장,9001d62a-a058-4a02-a739-238589c35020,광천상회,생선,천안역전시장(구 천안역공설시장),전통시장,충청남도,0.0,0.0,,,RESOLVED_AGREEMENT,False,0,,,,
aad3e65d4bb359a02ee7,val,안경,T1 정확표기,q_안경_01,안경,건강·의료 중 '안경'을 판매·제공하는 매장,cebbe889-f084-4023-bffc-b23a9ec17c84,안경사랑,안경,신도봉시장,전통시장,서울특별시,3.0,3.0,,,RESOLVED_AGREEMENT,False,3,,,,
655735ca2ed54d2722b4,val,안경,T1 정확표기,q_안경_01,안경,건강·의료 중 '안경'을 판매·제공하는 매장,8e42c7f1-86b7-4617-9bd9-b82f43740f08,굿모닝 안경,안경,다사역 골목형상점가,골목형상점가,대구광역시,3.0,3.0,,,RESOLVED_AGREEMENT,False,3,,,,
c5dc8ad7b9e3537d7a59,val,안경,T1 정확표기,q_안경_01,안경,건강·의료 중 '안경'을 판매·제공하는 매장,3e7ab85c-ea7f-44ee-bee2-67947757b532,안경 정주다,안경,매탄중심상가 골목형상점가,골목형상점가,경기도,3.0,3.0,,,RESOLVED_AGREEMENT,False,3,,,,
33c758fc4d861f1271a6,val,안경,T1 정확표기,q_안경_01,안경,건강·의료 중 '안경'을 판매·제공하는 매장,3288fe4b-221a-43e9-b914-43ff9953f0c1,인하안경,안경,인하문화의거리 골목형상점가,골목형상점가,인천광역시,3.0,3.0,,,RESOLVED_AGREEMENT,False,3,,,,
f91968b6d793ecbe3a2a,val,안경,T1 정확표기,q_안경_01,안경,건강·의료 중 '안경'을 판매·제공하는 매장,34797a3c-7220-4c8c-8aae-69d9ea852ec1,조은안경,안경,남대문시장,전통시장,서울특별시,3.0,3.0,,,RESOLVED_AGREEMENT,False,3,,,,
e86918edd865f4896067,val,안경,T1 정확표기,q_안경_01,안경,건강·의료 중 '안경'을 판매·제공하는 매장,0028e2be-f83a-47fd-83a9-f76bfb8df49a,청당안경렌즈미청당점,,청당4번가 골목형상점가,골목형상점가,충청남도,3.0,3.0,,,RESOLVED_AGREEMENT,False,3,,,,
e358cd156633aa11764b,val,안경,T1 정확표기,q_안경_01,안경,건강·의료 중 '안경'을 판매·제공하는 매장,0f0f7f91-5504-4d69-a3cc-dd8e3df100b2,제이 안경,안경,금암동 골목형상점가,골목형상점가,충청남도,3.0,3.0,,,RESOLVED_AGREEMENT,False,3,,,,
be3324269fc6b144d5cf,val,안경,T1 정확표기,q_안경_01,안경,건강·의료 중 '안경'을 판매·제공하는 매장,00efb47a-2e95-43a9-af76-8d8cd91d8c94,지니스안경세종새롬110호점,안경테 및 안경렌즈,새롬동 골목형상점가,골목형상점가,세종특별자치시,3.0,3.0,,,RESOLVED_AGREEMENT,False,3,,,,
886f19d3996d72f429db,val,안경,T1 정확표기,q_안경_01,안경,건강·의료 중 '안경'을 판매·제공하는 매장,0022ba93-553d-4d81-934b-054dfcb8309e,행복한안경,안경,태화시장,전통시장,울산광역시,3.0,3.0,,,RESOLVED_AGREEMENT,False,3,,,,
b486d7922a2bfc41fa9a,val,안경,T1 정확표기,q_안경_01,안경,건강·의료 중 '안경'을 판매·제공하는 매장,01bcb519-0fa6-438a-927f-cf3d578789e8,아이라이크안경by씨채널,안경,진천혁신골목형상점가,골목형상점가,충청북도,3.0,3.0,,,RESOLVED_AGREEMENT,False,3,,,,
a03a23fbd4b6a125b580,val,안경,T1 정확표기,q_안경_01,안경,건강·의료 중 '안경'을 판매·제공하는 매장,224cdb10-d694-4360-89cc-cd98ad89e9b1,반도안경,안경,명동 지하쇼핑센터,일반지하상점가,서울특별시,3.0,3.0,,,RESOLVED_AGREEMENT,False,3,,,,
74df08f5e15e69851624,val,안경,T1 정확표기,q_안경_01,안경,건강·의료 중 '안경'을 판매·제공하는 매장,0031a77b-4f01-4757-a2e9-7eb65ae09ab0,글라스위드렌즈안경 울산대점,,울산대바보사거리 골목형상점가,골목형상점가,울산광역시,3.0,3.0,,,RESOLVED_AGREEMENT,False,3,,,,
24cd0a8a50c773ad3b93,val,안경,T1 정확표기,q_안경_01,안경,건강·의료 중 '안경'을 판매·제공하는 매장,26375764-dfcc-41da-beae-247fdb10f3a3,소망안경,안경,남대문로 지하도상가,일반지하상점가,서울특별시,3.0,3.0,,,RESOLVED_AGREEMENT,False,3,,,,
d7e208ac47bfd9a63cd4,val,안경,T1 정확표기,q_안경_01,안경,건강·의료 중 '안경'을 판매·제공하는 매장,13fc7af8-fa39-4c53-a2dd-af24bfeb905b,아이링안경,안경,가재마을 골목형상점가,골목형상점가,세종특별자치시,3.0,3.0,,,RESOLVED_AGREEMENT,False,3,,,,
1ecc0c7a950e84b67e7a,val,안경,T1 정확표기,q_안경_01,안경,건강·의료 중 '안경'을 판매·제공하는 매장,10262624-5d0a-4091-8c44-f6c713d3c98c,아이디어 안경,안경,동천동먹자골목1번가상인회 골목형상점가,골목형상점가,광주광역시,3.0,3.0,,,RESOLVED_AGREEMENT,False,3,,,,
7c902cb338a3430b7be2,val,안경,T1 정확표기,q_안경_01,안경,건강·의료 중 '안경'을 판매·제공하는 매장,f5e0d3c3-efa0-472f-a04b-0f015728d54b,안경 세상,안경,장흥중앙로 골목형상점가,골목형상점가,전라남도,3.0,3.0,,,RESOLVED_AGREEMENT,False,3,,,,
b1bb066d99933494c950,val,안경,T1 정확표기,q_안경_01,안경,건강·의료 중 '안경'을 판매·제공하는 매장,4805e403-d672-4fbb-a5cf-1d066818ee54,더클래스 안경,안경,중흥 골목형상점가,골목형상점가,부산광역시,3.0,3.0,,,RESOLVED_AGREEMENT,False,3,,,,
4122f573fc1110c3c146,val,안경,T1 정확표기,q_안경_01,안경,건강·의료 중 '안경'을 판매·제공하는 매장,d309d034-1812-4e8d-8248-eddf35c195b9,모든안경,안경,화정꽃마을상인회 골목형상점가,골목형상점가,광주광역시,3.0,3.0,,,RESOLVED_AGREEMENT,False,3,,,,
724fa791c63d3c292d1e,val,안경,T1 정확표기,q_안경_01,안경,건강·의료 중 '안경'을 판매·제공하는 매장,c0802d45-bbbc-45bc-852e-8ff2de06e80d,중앙안경,안경,서귀포중심상가번영회,자율상권구역,제주특별자치도,3.0,3.0,,,RESOLVED_AGREEMENT,False,3,,,,
8306179041538b623106,val,안경,T1 정확표기,q_안경_01,안경,건강·의료 중 '안경'을 판매·제공하는 매장,00c9a212-c673-4e9c-a890-7e39a3da51b6,파룩스안경원,안경,샘머리 골목형상점가,골목형상점가,대전광역시,3.0,3.0,,,RESOLVED_AGREEMENT,False,3,,,,
e5decaf1c4f91c9ed8e4,val,안경,T1 정확표기,q_안경_01,안경,건강·의료 중 '안경'을 판매·제공하는 매장,003ea83c-ef37-4c55-ae9b-a59c93d1201f,K비젼안경 효천점,안경 및 콘택트렌즈,효천로 골목형상점가,골목형상점가,광주광역시,3.0,3.0,,,RESOLVED_AGREEMENT,False,3,,,,
4af998fca8b53ba67ee7,val,안경,T1 정확표기,q_안경_01,안경,건강·의료 중 '안경'을 판매·제공하는 매장,b2bafed9-9942-4a7f-8f66-11b039f89c9b,패션안경,안경,대가야 자율상권구역,,경상북도,3.0,3.0,,,RESOLVED_AGREEMENT,False,3,,,,
1b0cde90f792dd1de6a6,val,안경,T1 정확표기,q_안경_01,안경,건강·의료 중 '안경'을 판매·제공하는 매장,e7ae0967-e4d4-4ed7-9b1f-0923e141ae55,안경파크,안경,주안역지하도상점가,일반지하상점가,인천광역시,3.0,3.0,,,RESOLVED_AGREEMENT,False,3,,,,
7610914a32754a83056f,val,안경,T1 정확표기,q_안경_01,안경,건강·의료 중 '안경'을 판매·제공하는 매장,59d2f654-8838-4288-bb34-89bfd9ede628,준안경,안경,남대문시장,전통시장,서울특별시,3.0,3.0,,,RESOLVED_AGREEMENT,False,3,,,,
d62c79495c9dfc75e426,val,안경,T1 정확표기,q_안경_01,안경,건강·의료 중 '안경'을 판매·제공하는 매장,3c46c4b4-da6c-4e70-80ab-15122c8a58e6,안경다움,안경,상암마을상인회 골목형상점가,골목형상점가,광주광역시,3.0,3.0,,,RESOLVED_AGREEMENT,False,3,,,,
abe29874e5b889906ff9,val,안경,T1 정확표기,q_안경_01,안경,건강·의료 중 '안경'을 판매·제공하는 매장,3e5d001e-cf02-4221-98a2-f7c4ee9488b1,시소안경,안경,용봉지구 골목형상점가,골목형상점가,광주광역시,3.0,3.0,,,RESOLVED_AGREEMENT,False,3,,,,
fbe9fe2f5b393bc28055,val,안경,T1 정확표기,q_안경_01,안경,건강·의료 중 '안경'을 판매·제공하는 매장,6c7c780f-f95e-4f75-a58f-c94454ca1362,으뜸50 안경,안경,충장로123가 상점가,자율상권구역,광주광역시,3.0,3.0,,,RESOLVED_AGREEMENT,False,3,,,,
5425a68c0831dbce6648,val,안경,T1 정확표기,q_안경_01,안경,건강·의료 중 '안경'을 판매·제공하는 매장,c17b9a52-3c4f-4bef-8187-a301675b55ab,안경사랑,안경,전주중앙상가시장,전통시장,전북특별자치도,3.0,3.0,,,RESOLVED_AGREEMENT,False,3,,,,
51a417a9e6ddaed93724,val,안경,T1 정확표기,q_안경_01,안경,건강·의료 중 '안경'을 판매·제공하는 매장,46fcd22f-b1d0-45d2-a6a3-fd99d7ff86a4,경희안경,안경,회기시장,전통시장,서울특별시,3.0,3.0,,,RESOLVED_AGREEMENT,False,3,,,,
c059b6c0b22349c68b0a,val,안경,T1 정확표기,q_안경_01,안경,건강·의료 중 '안경'을 판매·제공하는 매장,154a2755-366b-440a-b27b-addc2f43e84c,네일은 눈붓시게,네일,덕천삼정그린코아상가 골목형상점가,골목형상점가,부산광역시,0.0,0.0,,,RESOLVED_AGREEMENT,False,0,,,,
6e0bd16fdcbc65bb7ed6,val,안경,T1 정확표기,q_안경_01,안경,건강·의료 중 '안경'을 판매·제공하는 매장,4e76be92-56ff-45e7-bed3-b3844d758167,로덴안경,안경,김해 대우유토피아상가,골목형상점가,경상남도,3.0,3.0,,,RESOLVED_AGREEMENT,False,3,,,,
138c098f7fd4b816387a,val,안경,T1 정확표기,q_안경_01,안경,건강·의료 중 '안경'을 판매·제공하는 매장,ccb032f5-c6e0-4c4a-8c8c-4df73fca757e,글라스온 안경,안경,첨단동행 골목형상점가,골목형상점가,광주광역시,3.0,3.0,,,RESOLVED_AGREEMENT,False,3,,,,
ca38f319eccc2a4b924a,val,안경,T1 정확표기,q_안경_01,안경,건강·의료 중 '안경'을 판매·제공하는 매장,8a7e4c58-2e87-4ff2-bd8e-f452de6a0476,일로아 안경,안경,남악사랑 골목형상점가,골목형상점가,전라남도,3.0,3.0,,,RESOLVED_AGREEMENT,False,3,,,,
040c9184f2af29d11aad,val,안경,T1 정확표기,q_안경_01,안경,건강·의료 중 '안경'을 판매·제공하는 매장,00112248-81bc-4fca-ac3c-f6d684bcf294,데일리뷰 안경원,,성성1번가 골목형상점가,골목형상점가,충청남도,3.0,3.0,,,RESOLVED_AGREEMENT,False,3,,,,
2886ac86117d8479e66b,val,안경,T1 정확표기,q_안경_01,안경,건강·의료 중 '안경'을 판매·제공하는 매장,1965be11-0923-408a-83df-3a1a999e4ca6,천안서울안과 신불당점의원,안과,시청앞 골목형상점가,골목형상점가,충청남도,1.0,2.0,,,P1_BINARY_THRESHOLD,True,,,,,
6cd0e98bb067323ef094,val,안경,T2 동의어,q_안경_02,렌즈,건강·의료 중 '안경'을 판매·제공하는 매장,df0a14b4-ed69-434a-9714-666cd0b045ec,렌즈미,"안경, 콘택트렌즈",전남대후문골목형상점가,골목형상점가,광주광역시,3.0,3.0,,,RESOLVED_AGREEMENT,False,3,,,,
eaffd108bf7205d3cb8e,val,안경,T2 동의어,q_안경_02,렌즈,건강·의료 중 '안경'을 판매·제공하는 매장,3b75bb9d-5840-4896-97da-1e84b7cfe1b5,오렌즈 인하대점,렌즈,인하문화의거리 골목형상점가,골목형상점가,인천광역시,3.0,3.0,,,RESOLVED_AGREEMENT,False,3,,,,
a6d93424c3add1f9a479,val,안경,T2 동의어,q_안경_02,렌즈,건강·의료 중 '안경'을 판매·제공하는 매장,1871389d-e1e7-4d18-80da-2a78cdc0525a,고운빛안과,"안과, 건강기능식품",우산 동문로 골목형상점가,골목형상점가,광주광역시,1.0,2.0,,,P1_BINARY_THRESHOLD,True,,,,,
f033415f290a969634aa,val,안경,T2 동의어,q_안경_02,렌즈,건강·의료 중 '안경'을 판매·제공하는 매장,069b17df-c278-438c-b7fb-436f7e843488,샤트렌,스포츠 의류,금촌문화로시장,전통시장,경기도,0.0,0.0,,,RESOLVED_AGREEMENT,False,0,,,,
1312ff3daed1751b65db,val,안경,T2 동의어,q_안경_02,렌즈,건강·의료 중 '안경'을 판매·제공하는 매장,a95c60e1-aaaa-40ea-9a13-c0d46d15faad,오렌즈,"렌즈, 안경",천안신부문화거리상점가,자율상권구역,충청남도,3.0,3.0,,,RESOLVED_AGREEMENT,False,3,,,,
957147691155f549a43d,val,안경,T2 동의어,q_안경_02,렌즈,건강·의료 중 '안경'을 판매·제공하는 매장,011e75cb-eb08-4161-9b41-65e8d204464c,이지안경,안경및콘택트렌즈,BOCA 보카상점가,골목형상점가,경기도,3.0,3.0,,,RESOLVED_AGREEMENT,False,3,,,,
62cdc1c0ad5ec42aaef5,val,안경,T2 동의어,q_안경_02,렌즈,건강·의료 중 '안경'을 판매·제공하는 매장,7c239e96-e9e8-43b3-b765-c7e5ac29a556,상무안경,안경 및 렌즈,치평동중흥상가상인회 골목형상점가,골목형상점가,광주광역시,3.0,3.0,,,RESOLVED_AGREEMENT,False,3,,,,
70badbc912ad868ec09e,val,안경,T2 동의어,q_안경_02,렌즈,건강·의료 중 '안경'을 판매·제공하는 매장,407b6f73-4b3f-4aa7-b022-3e831c9045f8,오늘안경,안경 및 렌즈,화정로상인회 골목형상점가,골목형상점가,광주광역시,3.0,3.0,,,RESOLVED_AGREEMENT,False,3,,,,
9796e5f133130f366212,val,안경,T2 동의어,q_안경_02,렌즈,건강·의료 중 '안경'을 판매·제공하는 매장,1965be11-0923-408a-83df-3a1a999e4ca6,천안서울안과 신불당점의원,안과,시청앞 골목형상점가,골목형상점가,충청남도,1.0,2.0,,,P1_BINARY_THRESHOLD,True,,,,,
7fb0ce78a028894c7285,val,안경,T2 동의어,q_안경_02,렌즈,건강·의료 중 '안경'을 판매·제공하는 매장,892ef420-5cee-4399-b8e8-6dab2d4f7244,대도안경원,안경 렌즈,두암사거리 골목형상점가,골목형상점가,광주광역시,3.0,3.0,,,RESOLVED_AGREEMENT,False,3,,,,
94146478000d4ee924a6,val,안경,T2 동의어,q_안경_02,렌즈,건강·의료 중 '안경'을 판매·제공하는 매장,02822efb-f50a-45c4-8f4d-bfbba20a01e4,오렌즈충주점,"안경, 렌즈",성서중심시장(성서시장문화의거리 통합),전통시장,충청북도,3.0,3.0,,,RESOLVED_AGREEMENT,False,3,,,,
1044d0d5733e32e408c0,val,안경,T2 동의어,q_안경_02,렌즈,건강·의료 중 '안경'을 판매·제공하는 매장,bdbd2ab9-131d-4813-8097-223063476874,양재안경,안경 및 렌즈,양재시장,전통시장,서울특별시,3.0,3.0,,,RESOLVED_AGREEMENT,False,3,,,,
0e0160f51ffb1a65348c,val,안경,T2 동의어,q_안경_02,렌즈,건강·의료 중 '안경'을 판매·제공하는 매장,32a34358-ac1f-4072-82b8-397f8d8f53d3,La안경원,"안경, 렌즈",큰장네거리 골목형상점가,골목형상점가,대구광역시,3.0,3.0,,,RESOLVED_AGREEMENT,False,3,,,,
5384a861621bc8f54673,val,안경,T2 동의어,q_안경_02,렌즈,건강·의료 중 '안경'을 판매·제공하는 매장,3fc51420-c045-4cbe-9e76-89be72e99351,오렌즈 조선대점,렌즈,조대장미의거리 상점가,자율상권구역,광주광역시,3.0,3.0,,,RESOLVED_AGREEMENT,False,3,,,,
3fc9fe94bc1a85a0eca6,val,안경,T2 동의어,q_안경_02,렌즈,건강·의료 중 '안경'을 판매·제공하는 매장,87473edc-7b38-43a4-8aab-5a6c693668c7,연세안경,안경 및 렌즈,남양주장현전통시장,전통시장,경기도,3.0,3.0,,,RESOLVED_AGREEMENT,False,3,,,,
56ba6491b89e96fa8975,val,안경,T2 동의어,q_안경_02,렌즈,건강·의료 중 '안경'을 판매·제공하는 매장,435f7ee9-dd7d-44f7-a929-e60b8eb301c8,아이준안경원,안경 및 렌즈,서면지하도상가 부전몰,일반지하상점가,부산광역시,3.0,3.0,,,RESOLVED_AGREEMENT,False,3,,,,
205fe04a2bff2fdff6e5,val,안경,T2 동의어,q_안경_02,렌즈,건강·의료 중 '안경'을 판매·제공하는 매장,27144b4c-7d6f-4896-852d-cd50f6292055,시선온안경,안경 및 렌즈,영등포역지하도상점가,일반지하상점가,서울특별시,3.0,3.0,,,RESOLVED_AGREEMENT,False,3,,,,
4920ff8de79dec7e2719,val,안경,T2 동의어,q_안경_02,렌즈,건강·의료 중 '안경'을 판매·제공하는 매장,e0525c7a-7eef-489e-a78a-48774c606008,렌즈미 숙대점,렌즈,순헌황귀비길 골목형상점가,골목형상점가,서울특별시,3.0,3.0,,,RESOLVED_AGREEMENT,False,3,,,,
6046e51b509144b23eb1,val,안경,T2 동의어,q_안경_02,렌즈,건강·의료 중 '안경'을 판매·제공하는 매장,56e36c22-2571-4a16-ba22-8e4d3b574894,아이스토리,안경 및 렌즈,한마음,골목형상점가,광주광역시,3.0,3.0,,,RESOLVED_AGREEMENT,False,3,,,,
256bb5bef3c018e95d0b,val,안경,T2 동의어,q_안경_02,렌즈,건강·의료 중 '안경'을 판매·제공하는 매장,04f19476-e44a-4945-b12f-11a8056325b4,렌즈미천안두정점,"안경, 렌즈",두정동상점가,자율상권구역,충청남도,3.0,3.0,,,RESOLVED_AGREEMENT,False,3,,,,
842a49176fa9eb265da6,val,안경,T2 동의어,q_안경_02,렌즈,건강·의료 중 '안경'을 판매·제공하는 매장,961a5af8-4415-4d21-a7f0-56024b829d67,킴스 안경,안경 및 렌즈,북동 골목형상점가,골목형상점가,광주광역시,3.0,3.0,,,RESOLVED_AGREEMENT,False,3,,,,
c5698cd2f983985f3b0e,val,안경,T2 동의어,q_안경_02,렌즈,건강·의료 중 '안경'을 판매·제공하는 매장,6f464dc0-8e05-4805-8d72-fc6e52462d02,렌즈 미,콘택트렌즈,진주 로데오거리상점가,자율상권구역,경상남도,3.0,3.0,,,RESOLVED_AGREEMENT,False,3,,,,
6ca15f30ed5a79240ad7,val,안경,T2 동의어,q_안경_02,렌즈,건강·의료 중 '안경'을 판매·제공하는 매장,dc0aecc3-c099-4b00-9aea-dfa139e08731,호이테안경,안경 렌즈,양주가래비중앙로상점가,골목형상점가,경기도,3.0,3.0,,,RESOLVED_AGREEMENT,False,3,,,,
287bb9bc6921b53f354c,val,안경,T2 동의어,q_안경_02,렌즈,건강·의료 중 '안경'을 판매·제공하는 매장,42ac710d-407c-45af-b649-cab2013f7c2f,오케이으뜸안경 렌즈,"안경, 콘택트 렌즈",남대문시장,전통시장,서울특별시,3.0,3.0,,,RESOLVED_AGREEMENT,False,3,,,,
71fea92066920dffc161,val,안경,T2 동의어,q_안경_02,렌즈,건강·의료 중 '안경'을 판매·제공하는 매장,d9fcba77-7097-405c-be85-0bd598d85f5c,백운안경,안경 및 렌즈,백운광장 골목형상점가,골목형상점가,광주광역시,3.0,3.0,,,RESOLVED_AGREEMENT,False,3,,,,
3f971aaeab5b19adb4c3,val,안경,T2 동의어,q_안경_02,렌즈,건강·의료 중 '안경'을 판매·제공하는 매장,01bcb519-0fa6-438a-927f-cf3d578789e8,아이라이크안경by씨채널,안경,진천혁신골목형상점가,골목형상점가,충청북도,3.0,3.0,,,RESOLVED_AGREEMENT,False,3,,,,
66841d13d68791637b3f,val,안경,T2 동의어,q_안경_02,렌즈,건강·의료 중 '안경'을 판매·제공하는 매장,00c9a212-c673-4e9c-a890-7e39a3da51b6,파룩스안경원,안경,샘머리 골목형상점가,골목형상점가,대전광역시,3.0,3.0,,,RESOLVED_AGREEMENT,False,3,,,,
b92a92cb08d96eecddbf,val,안경,T2 동의어,q_안경_02,렌즈,건강·의료 중 '안경'을 판매·제공하는 매장,5afb1872-4733-420f-b606-0340bec35a5d,렌즈미 안산선부점,안경 렌즈,선부광장로상점가,자율상권구역,경기도,3.0,3.0,,,RESOLVED_AGREEMENT,False,3,,,,
00d70dbd18170974a428,val,안경,T2 동의어,q_안경_02,렌즈,건강·의료 중 '안경'을 판매·제공하는 매장,1d56f4a0-e43b-41a8-a0f8-39fa70226f53,다봄안과의원,안과,구성언남 골목형상점가,골목형상점가,경기도,1.0,2.0,,,P1_BINARY_THRESHOLD,True,,,,,
72853fdf7e60764ddaa2,val,안경,T2 동의어,q_안경_02,렌즈,건강·의료 중 '안경'을 판매·제공하는 매장,06f219e5-533c-4039-abc9-fdadddcca154,하나사랑동물병원,동물병원,장승배기먹거리골목형상점가,골목형상점가,서울특별시,0.0,0.0,,,RESOLVED_AGREEMENT,False,0,,,,
a1bc04fd9dec22715d8e,val,안경,T2 동의어,q_안경_02,렌즈,건강·의료 중 '안경'을 판매·제공하는 매장,573d7872-e154-40cc-90f5-8cea86001616,렌즈미 범계,콘택트렌즈,평촌1번가 상점가,자율상권구역,경기도,3.0,3.0,,,RESOLVED_AGREEMENT,False,3,,,,
e216fc09bc4ff75d35a4,val,안경,T2 동의어,q_안경_02,렌즈,건강·의료 중 '안경'을 판매·제공하는 매장,4cb79272-c9dc-44d7-82c4-35cf6651c07d,렌즈미안경이야기,안경 및 렌즈,상계역전종합상가,자율상권구역,서울특별시,3.0,3.0,,,RESOLVED_AGREEMENT,False,3,,,,
65b14a48e5ade44233cb,val,안경,T2 동의어,q_안경_02,렌즈,건강·의료 중 '안경'을 판매·제공하는 매장,0031a77b-4f01-4757-a2e9-7eb65ae09ab0,글라스위드렌즈안경 울산대점,,울산대바보사거리 골목형상점가,골목형상점가,울산광역시,3.0,3.0,,,RESOLVED_AGREEMENT,False,3,,,,
d48563c7ca5642028be6,val,안경,T2 동의어,q_안경_02,렌즈,건강·의료 중 '안경'을 판매·제공하는 매장,3581316b-89a8-4d80-a4fd-80fcff4ed254,렌즈미 첨단점,렌즈,LC타워거리 골목형상점가,골목형상점가,광주광역시,3.0,3.0,,,RESOLVED_AGREEMENT,False,3,,,,
2c3901c7f1ec1412d86d,val,안경,T2 동의어,q_안경_02,렌즈,건강·의료 중 '안경'을 판매·제공하는 매장,c3a2e429-e02d-4e81-85f5-40f88e4d47e9,애체안경,렌즈,의정부역지하상가,일반지하상점가,경기도,3.0,3.0,,,RESOLVED_AGREEMENT,False,3,,,,
d056a4ee9bed237418ec,val,안경,T2 동의어,q_안경_02,렌즈,건강·의료 중 '안경'을 판매·제공하는 매장,0fc37fc9-7cd0-4141-bce1-37be042d7ca7,모쿠안경,안경 및 렌즈,뒷개로청춘골목상점가,골목형상점가,전라남도,3.0,3.0,,,RESOLVED_AGREEMENT,False,3,,,,
ed4a601cabcf8ab81ee9,val,안경,T2 동의어,q_안경_02,렌즈,건강·의료 중 '안경'을 판매·제공하는 매장,5e3235d3-1536-4ab1-947c-19b874ca7db7,렌즈미 상동점,렌즈,상동역 골목형상점가,골목형상점가,경기도,3.0,3.0,,,RESOLVED_AGREEMENT,False,3,,,,
fe663886919907c7d757,val,안경,T2 동의어,q_안경_02,렌즈,건강·의료 중 '안경'을 판매·제공하는 매장,1cc9bca7-6be8-4a67-906a-d7a00b23c7a0,알찬안경,안경 및 렌즈,다산지금상점가,골목형상점가,경기도,3.0,3.0,,,RESOLVED_AGREEMENT,False,3,,,,
7085328c3bafab6775df,val,안경,T2 동의어,q_안경_02,렌즈,건강·의료 중 '안경'을 판매·제공하는 매장,ac1db1c1-2a2e-4303-a74b-464a83624322,렌즈모아,콘택트렌즈,평화로상가,자율상권구역,경상북도,3.0,3.0,,,RESOLVED_AGREEMENT,False,3,,,,
63d0caf80d35c7631312,val,안경,T2 동의어,q_안경_02,렌즈,건강·의료 중 '안경'을 판매·제공하는 매장,99b4c566-a24b-4a51-9d24-290641877ab5,오렌즈 노량진점,렌즈,노량진만나로골목형상점가,골목형상점가,서울특별시,3.0,3.0,,,RESOLVED_AGREEMENT,False,3,,,,
9123ae193aa2d085c0a4,val,안경,T2 동의어,q_안경_02,렌즈,건강·의료 중 '안경'을 판매·제공하는 매장,00efb47a-2e95-43a9-af76-8d8cd91d8c94,지니스안경세종새롬110호점,안경테 및 안경렌즈,새롬동 골목형상점가,골목형상점가,세종특별자치시,3.0,3.0,,,RESOLVED_AGREEMENT,False,3,,,,
45469ba67ce324f0bf99,val,안경,T2 동의어,q_안경_02,렌즈,건강·의료 중 '안경'을 판매·제공하는 매장,019928e4-ddbb-47c4-951f-f3b31a893f1d,안경마을,안경 콘택트렌즈,구갈상점가,자율상권구역,경기도,3.0,3.0,,,RESOLVED_AGREEMENT,False,3,,,,
8d5a93af12a6a6651c65,val,안경,T2 동의어,q_안경_02,렌즈,건강·의료 중 '안경'을 판매·제공하는 매장,010604a1-9bcd-4057-8360-47c77d14504a,굿모닝안경.콘택트,안경,서재소상공인연합회,골목형상점가,대구광역시,3.0,3.0,,,RESOLVED_AGREEMENT,False,3,,,,
edc973d79e4cd72c15c0,val,안경,T2 동의어,q_안경_02,렌즈,건강·의료 중 '안경'을 판매·제공하는 매장,8250eb33-1668-4487-9d99-1bac4e7f832f,렌즈미경주점,렌즈,경주중심상가,전통시장,경상북도,3.0,3.0,,,RESOLVED_AGREEMENT,False,3,,,,
bcc848c08421684cccb6,val,안경,T2 동의어,q_안경_02,렌즈,건강·의료 중 '안경'을 판매·제공하는 매장,0e170be8-4e2c-4008-adbc-7539572b5fc6,성모안과의원,안과,선부광장로상점가,자율상권구역,경기도,1.0,2.0,,,P1_BINARY_THRESHOLD,True,,,,,
873adbfdcc7eb7e87211,val,안경,T2 동의어,q_안경_02,렌즈,건강·의료 중 '안경'을 판매·제공하는 매장,0266bd67-c211-4ab4-bb83-af329b2ce979,공덕나인안경,안경콘택트렌즈,도화동상점가,자율상권구역,서울특별시,3.0,3.0,,,RESOLVED_AGREEMENT,False,3,,,,
a732c0c029c26669184f,val,안경,T2 동의어,q_안경_02,렌즈,건강·의료 중 '안경'을 판매·제공하는 매장,0028e2be-f83a-47fd-83a9-f76bfb8df49a,청당안경렌즈미청당점,,청당4번가 골목형상점가,골목형상점가,충청남도,3.0,3.0,,,RESOLVED_AGREEMENT,False,3,,,,
a6d112f9ddd66de95844,val,안경,T2 동의어,q_안경_02,렌즈,건강·의료 중 '안경'을 판매·제공하는 매장,deaf7ea8-8ccc-48fc-a766-6ff3d5e0b630,요미꼬미 상점,악세사리,동성로상점가,자율상권구역,대구광역시,0.0,0.0,,,RESOLVED_AGREEMENT,False,0,,,,
2b1482e75287fc0b54c2,val,안경,T2 동의어,q_안경_02,렌즈,건강·의료 중 '안경'을 판매·제공하는 매장,c41e2778-8cf8-4798-93ec-78283390d879,전광장라운지(LOUNGE) 일곡본점,홍삼제품,일곡동 골목형상점가,골목형상점가,광주광역시,0.0,0.0,,,RESOLVED_AGREEMENT,False,0,,,,
59ce99b2cdd8efc596dd,val,안경,T2 동의어,q_안경_02,렌즈,건강·의료 중 '안경'을 판매·제공하는 매장,0184ed05-765c-4947-bbf8-dff527177252,안경을 찾는 사람들,안경,발안만세시장(구 발안시장),전통시장,경기도,3.0,3.0,,,RESOLVED_AGREEMENT,False,3,,,,
44c546efada09617a13a,val,안경,T2 동의어,q_안경_02,렌즈,건강·의료 중 '안경'을 판매·제공하는 매장,852c8b79-b5bb-4f13-bf62-2569ba232090,윙크렌즈 대전은행점,렌즈,은행동상점가(구 으능정이상점가),자율상권구역,대전광역시,3.0,3.0,,,RESOLVED_AGREEMENT,False,3,,,,
a497ee900613feff3bce,val,안경,T2 동의어,q_안경_02,렌즈,건강·의료 중 '안경'을 판매·제공하는 매장,003ea83c-ef37-4c55-ae9b-a59c93d1201f,K비젼안경 효천점,안경 및 콘택트렌즈,효천로 골목형상점가,골목형상점가,광주광역시,3.0,3.0,,,RESOLVED_AGREEMENT,False,3,,,,
f877c185773753e0cc21,val,안경,T2 동의어,q_안경_02,렌즈,건강·의료 중 '안경'을 판매·제공하는 매장,780465cb-fe30-4c80-a260-660331b14690,피카소안경원,렌즈,공주산성시장,전통시장,충청남도,3.0,3.0,,,RESOLVED_AGREEMENT,False,3,,,,
34f49111f93a5a26aa64,val,안경,T2 동의어,q_안경_02,렌즈,건강·의료 중 '안경'을 판매·제공하는 매장,a7dba0aa-1591-4c93-b07c-05324356dbac,미래안경,안경 및 렌즈,더불어,골목형상점가,광주광역시,3.0,3.0,,,RESOLVED_AGREEMENT,False,3,,,,
8369fc2613be1f0c5c38,val,안경,T2 동의어,q_안경_02,렌즈,건강·의료 중 '안경'을 판매·제공하는 매장,1749d275-3dc5-427a-b680-5c853a65b661,정상기안과의원,안과,신세계앞상인회 골목형상점가,골목형상점가,광주광역시,1.0,2.0,,,P1_BINARY_THRESHOLD,True,,,,,
c8f35c32bc9ed31f311d,val,안경,T2 동의어,q_안경_02,렌즈,건강·의료 중 '안경'을 판매·제공하는 매장,12e2dab4-6ae9-470f-a5f3-9d63e995e94a,봄안경,안경 렌즈,구갈상점가,자율상권구역,경기도,3.0,3.0,,,RESOLVED_AGREEMENT,False,3,,,,
7a89fa8a7d66a0253c03,val,안경,T2 동의어,q_안경_02,렌즈,건강·의료 중 '안경'을 판매·제공하는 매장,04b5539c-60b0-4c86-b957-726ab85889a8,안경나무,안경 및 렌즈,무지개종합상가,자율상권구역,서울특별시,3.0,3.0,,,RESOLVED_AGREEMENT,False,3,,,,
0917d2cbfd449c1214ed,val,안경,T2 동의어,q_안경_02,렌즈,건강·의료 중 '안경'을 판매·제공하는 매장,6f6a0703-01b3-48a0-9d6b-6b2403e8dbbb,화랑윤구강악안면외과치과의원,치과,화랑대골목형상점가,골목형상점가,서울특별시,0.0,0.0,,,RESOLVED_AGREEMENT,False,0,,,,
7c5514a69c246dfe59bb,val,안경,T2 동의어,q_안경_02,렌즈,건강·의료 중 '안경'을 판매·제공하는 매장,60811871-4b86-4cf3-88bb-21cb9addd38a,반석안경,안경 및 렌즈,남대문시장,전통시장,서울특별시,3.0,3.0,,,RESOLVED_AGREEMENT,False,3,,,,
dfed9a5c8b4193b4d197,val,안경,T2 동의어,q_안경_02,렌즈,건강·의료 중 '안경'을 판매·제공하는 매장,5f56355f-6910-4a8c-9f19-9ce134456afe,렌즈타운대전점,렌즈,중앙로 지하상가 상점가,일반지하상점가,대전광역시,3.0,3.0,,,RESOLVED_AGREEMENT,False,3,,,,
4a0d2e27e759bf4ea358,val,안경,T2 동의어,q_안경_02,렌즈,건강·의료 중 '안경'을 판매·제공하는 매장,3b20b0d9-3fb6-425a-8da5-9d3fd8b53631,아이렌즈,안경 및 렌즈,김제전통시장,전통시장,전북특별자치도,3.0,3.0,,,RESOLVED_AGREEMENT,False,3,,,,
8c61479b2170920a31dc,val,안경,T2 동의어,q_안경_02,렌즈,건강·의료 중 '안경'을 판매·제공하는 매장,4d1a589f-851f-4eca-80e2-d4ce036dd044,오렌즈천안청당점,렌즈,청당2번가 골목형상점가,골목형상점가,충청남도,3.0,3.0,,,RESOLVED_AGREEMENT,False,3,,,,
108d67329cd1819fba55,val,안경,T2 동의어,q_안경_02,렌즈,건강·의료 중 '안경'을 판매·제공하는 매장,00112248-81bc-4fca-ac3c-f6d684bcf294,데일리뷰 안경원,,성성1번가 골목형상점가,골목형상점가,충청남도,3.0,3.0,,,RESOLVED_AGREEMENT,False,3,,,,
b1c21b8d0b85d1b73bde,val,안경,T2 동의어,q_안경_02,렌즈,건강·의료 중 '안경'을 판매·제공하는 매장,138c83ce-e576-43b5-aaee-8a04dc980d85,오렌즈 의정부민락점,렌즈,의정부로데오상점가,자율상권구역,경기도,3.0,3.0,,,RESOLVED_AGREEMENT,False,3,,,,
d06fce610b60e035c8c3,val,안경,T2 동의어,q_안경_02,렌즈,건강·의료 중 '안경'을 판매·제공하는 매장,ae6092ab-1861-45f9-9d1b-a419320a2855,렌즈미 건대점,렌즈,건대로데오거리골목형상점가,골목형상점가,서울특별시,3.0,3.0,,,RESOLVED_AGREEMENT,False,3,,,,
0f8909daa06b141b58ad,val,안경,T2 동의어,q_안경_02,렌즈,건강·의료 중 '안경'을 판매·제공하는 매장,46865328-abb6-47f9-b623-b7f322a45cf2,홍가네 염소탕,한식,청안맛거리골목형상점가,골목형상점가,충청북도,0.0,0.0,,,RESOLVED_AGREEMENT,False,0,,,,
78ad58a09884add06335,val,안경,T2 동의어,q_안경_02,렌즈,건강·의료 중 '안경'을 판매·제공하는 매장,0022ba93-553d-4d81-934b-054dfcb8309e,행복한안경,안경,태화시장,전통시장,울산광역시,3.0,3.0,,,RESOLVED_AGREEMENT,False,3,,,,
ced3926930f321934187,val,안경,T2 동의어,q_안경_02,렌즈,건강·의료 중 '안경'을 판매·제공하는 매장,c14d367f-feff-44f6-8061-68268163617d,렌즈미,콘텍트렌즈,서원동상점가,자율상권구역,서울특별시,3.0,3.0,,,RESOLVED_AGREEMENT,False,3,,,,
f9440c8123e8581ec194,val,안경,T2 동의어,q_안경_02,렌즈,건강·의료 중 '안경'을 판매·제공하는 매장,d6558c59-1756-4a6b-9aeb-cd8a92f095fd,오렌즈제천점,렌즈,제천시 원도심 상권활성화구역,상권활성화구역,충청북도,3.0,3.0,,,RESOLVED_AGREEMENT,False,3,,,,
5b9848a533893583370d,val,안경,T2 동의어,q_안경_02,렌즈,건강·의료 중 '안경'을 판매·제공하는 매장,bac7a508-51e2-4042-8ea0-35e003f6d12d,안경박사,안경및 렌즈 콘택트렌즈,덕정해밀금강상점가,골목형상점가,경기도,3.0,3.0,,,RESOLVED_AGREEMENT,False,3,,,,
1c7321bf36b3cbc5d0a1,val,안경,T2 동의어,q_안경_02,렌즈,건강·의료 중 '안경'을 판매·제공하는 매장,0a56e96f-0d99-455c-bcbf-f29c734ba733,오렌즈 대구점,콘택트 렌즈,동성로상점가,자율상권구역,대구광역시,3.0,3.0,,,RESOLVED_AGREEMENT,False,3,,,,
fa90a5e89a0a97c46aa1,val,안경,T2 동의어,q_안경_02,렌즈,건강·의료 중 '안경'을 판매·제공하는 매장,76e6c0ff-802c-4c0d-b966-f968bcba2908,아이룸안경원,"안경, 렌즈",아름동상점가,자율상권구역,세종특별자치시,3.0,3.0,,,RESOLVED_AGREEMENT,False,3,,,,
74183cd8fdcba0275b3c,val,안경,T2 동의어,q_안경_02,렌즈,건강·의료 중 '안경'을 판매·제공하는 매장,a5582fc1-b36e-42a8-aed1-10fa73f69831,렌즈미주안점,콘택트렌즈,주안역지하도상점가,일반지하상점가,인천광역시,3.0,3.0,,,RESOLVED_AGREEMENT,False,3,,,,
6f9ab4527536319c382d,val,안경,T2 동의어,q_안경_02,렌즈,건강·의료 중 '안경'을 판매·제공하는 매장,119a794d-375c-4be8-adf1-52531b480b6c,렌즈미(송탄점),"렌즈, 안경",송탄관광특구 골목형상점가,골목형상점가,경기도,3.0,3.0,,,RESOLVED_AGREEMENT,False,3,,,,
68dd79d7e3ba6f714056,val,안경,T2 동의어,q_안경_02,렌즈,건강·의료 중 '안경'을 판매·제공하는 매장,292af149-3dba-414b-841f-71e79246654b,오렌즈안경원,렌즈,서원동상점가,자율상권구역,서울특별시,3.0,3.0,,,RESOLVED_AGREEMENT,False,3,,,,
e5691f8e0741e184ff8d,val,안경,T2 동의어,q_안경_02,렌즈,건강·의료 중 '안경'을 판매·제공하는 매장,8cf07b7f-7f32-49f0-a386-9de842f87af3,렌즈온 홍제점,안경 및 렌즈,홍제골목형상점가,골목형상점가,서울특별시,3.0,3.0,,,RESOLVED_AGREEMENT,False,3,,,,
bbb6f406f63fd0cc745f,val,안경,T2 동의어,q_안경_02,렌즈,건강·의료 중 '안경'을 판매·제공하는 매장,b26eb6b9-5d04-49af-bea4-1e711f60b53f,연세안경,안경 및 렌즈,성남코코프라자시장,전통시장,경기도,3.0,3.0,,,RESOLVED_AGREEMENT,False,3,,,,
a68957c9dc5ccee2e026,val,안경,T2 동의어,q_안경_02,렌즈,건강·의료 중 '안경'을 판매·제공하는 매장,0471350c-c444-4e1f-a437-77b0c6387314,오렌즈 건대점,렌즈,건대로데오거리골목형상점가,골목형상점가,서울특별시,3.0,3.0,,,RESOLVED_AGREEMENT,False,3,,,,
22eab8fa26462de612c9,val,안경,T2 동의어,q_안경_02,렌즈,건강·의료 중 '안경'을 판매·제공하는 매장,6f51bf28-d5aa-41a6-9296-a4b9baefa5aa,오아시스153 렌즈아이,안경 렌즈,봉일천전통시장,전통시장,경기도,3.0,3.0,,,RESOLVED_AGREEMENT,False,3,,,,
6f756b9bf99e1f1f1de4,val,안경,T2 동의어,q_안경_02,렌즈,건강·의료 중 '안경'을 판매·제공하는 매장,b9ce0062-4687-4ef6-b427-3ea1fcc1d5a1,남포동수,"액세서리, 잡화, 귀금속",신창상가,전통시장,부산광역시,0.0,1.0,,,P2_GRADED_ONLY,True,,,,,
2089564781dcb3541c98,val,안경,T2 동의어,q_안경_02,렌즈,건강·의료 중 '안경'을 판매·제공하는 매장,f3303548-8205-4e6c-9b71-5154d4648550,노이,한식,도룡상인회 골목형상점가,골목형상점가,대전광역시,0.0,0.0,,,RESOLVED_AGREEMENT,False,0,,,,
948639fe41abca0972da,val,안경,T2 동의어,q_안경_02,렌즈,건강·의료 중 '안경'을 판매·제공하는 매장,16a3e8d7-70cf-4d01-9b87-8b6c04e250a8,눈맞춤안경,안경 및 렌즈,신용동 골목형상점가,골목형상점가,광주광역시,3.0,3.0,,,RESOLVED_AGREEMENT,False,3,,,,
289dae21b2692358ed73,val,안경,T2 동의어,q_안경_02,렌즈,건강·의료 중 '안경'을 판매·제공하는 매장,517c0e53-8f19-4c30-a741-576b80b6cfc9,수 옵티칼,"안경, 렌즈",평택국제중앙시장,전통시장,경기도,3.0,3.0,,,RESOLVED_AGREEMENT,False,3,,,,
07e9ee90f75f3815aef7,val,안경,T2 동의어,q_안경_02,렌즈,건강·의료 중 '안경'을 판매·제공하는 매장,8725f516-2412-4dac-bcd2-16e4f618f5ba,안경더하기,안경테 렌즈 콘택트렌즈,남문로 어울림 골목 골목형상점가,골목형상점가,광주광역시,3.0,3.0,,,RESOLVED_AGREEMENT,False,3,,,,
0fecd0e84d7ff0c415fc,val,안경,T2 동의어,q_안경_02,렌즈,건강·의료 중 '안경'을 판매·제공하는 매장,8a8528f5-af5c-4efc-a481-b84d124caf03,안경천국,안경 및 렌즈,구포역세권상점가,자율상권구역,부산광역시,3.0,3.0,,,RESOLVED_AGREEMENT,False,3,,,,
1f28ff1e4e74017fafbb,val,안경,T2 동의어,q_안경_02,렌즈,건강·의료 중 '안경'을 판매·제공하는 매장,53228670-876c-47d9-a06e-9b857d9fdd3a,렌즈미 석계역점,렌즈,석계음식문화거리골목형상점가,골목형상점가,서울특별시,3.0,3.0,,,RESOLVED_AGREEMENT,False,3,,,,
a8b276d85e5c22c4d548,val,안경,T2 동의어,q_안경_02,렌즈,건강·의료 중 '안경'을 판매·제공하는 매장,e96d32a2-1af6-45f5-b3e3-ca519df27974,태양안경 콘택트 렌즈아이,안경 렌즈,광복로골목형상점가,골목형상점가,경기도,3.0,3.0,,,RESOLVED_AGREEMENT,False,3,,,,
46da2bd15cd0459343b5,val,안경,T2 동의어,q_안경_03,안경 가게,건강·의료 중 '안경'을 판매·제공하는 매장,729b9608-b2ea-48cb-8e38-acffad482a09,동양안경,안경,사강시장,전통시장,경기도,3.0,3.0,,,RESOLVED_AGREEMENT,False,3,,,,
2126b82c7e04df9413ce,val,안경,T2 동의어,q_안경_03,안경 가게,건강·의료 중 '안경'을 판매·제공하는 매장,59d2f654-8838-4288-bb34-89bfd9ede628,준안경,안경,남대문시장,전통시장,서울특별시,3.0,3.0,,,RESOLVED_AGREEMENT,False,3,,,,
62bedcba5f9226897db2,val,안경,T2 동의어,q_안경_03,안경 가게,건강·의료 중 '안경'을 판매·제공하는 매장,3c46c4b4-da6c-4e70-80ab-15122c8a58e6,안경다움,안경,상암마을상인회 골목형상점가,골목형상점가,광주광역시,3.0,3.0,,,RESOLVED_AGREEMENT,False,3,,,,
0e3f290141885945ad62,val,안경,T2 동의어,q_안경_03,안경 가게,건강·의료 중 '안경'을 판매·제공하는 매장,0031a77b-4f01-4757-a2e9-7eb65ae09ab0,글라스위드렌즈안경 울산대점,,울산대바보사거리 골목형상점가,골목형상점가,울산광역시,3.0,3.0,,,RESOLVED_AGREEMENT,False,3,,,,
4e4926f53f108985c5f0,val,안경,T2 동의어,q_안경_03,안경 가게,건강·의료 중 '안경'을 판매·제공하는 매장,75145b4e-9889-4b30-b9d1-28e4451d3ff7,동숭안경,안경,학운동 365 골목형상점가,골목형상점가,광주광역시,3.0,3.0,,,RESOLVED_AGREEMENT,False,3,,,,
5017a9bc477f0aff5da0,val,안경,T2 동의어,q_안경_03,안경 가게,건강·의료 중 '안경'을 판매·제공하는 매장,00c9a212-c673-4e9c-a890-7e39a3da51b6,파룩스안경원,안경,샘머리 골목형상점가,골목형상점가,대전광역시,3.0,3.0,,,RESOLVED_AGREEMENT,False,3,,,,
bf76eafa5fd7da29f01f,val,안경,T2 동의어,q_안경_03,안경 가게,건강·의료 중 '안경'을 판매·제공하는 매장,0028e2be-f83a-47fd-83a9-f76bfb8df49a,청당안경렌즈미청당점,,청당4번가 골목형상점가,골목형상점가,충청남도,3.0,3.0,,,RESOLVED_AGREEMENT,False,3,,,,
bceda18231b95de687b1,val,안경,T2 동의어,q_안경_03,안경 가게,건강·의료 중 '안경'을 판매·제공하는 매장,8dd935d8-8133-4ce7-a87f-03ac2020c4a7,리갈안경,안경,명동 지하쇼핑센터,일반지하상점가,서울특별시,3.0,3.0,,,RESOLVED_AGREEMENT,False,3,,,,
268402e1811baa003286,val,안경,T2 동의어,q_안경_03,안경 가게,건강·의료 중 '안경'을 판매·제공하는 매장,eb1957f7-b6f5-4222-af0a-8e327ac16492,안경맘,안경,구매탄시장,전통시장,경기도,3.0,3.0,,,RESOLVED_AGREEMENT,False,3,,,,
a6ab98e2f62d32775acc,val,안경,T2 동의어,q_안경_03,안경 가게,건강·의료 중 '안경'을 판매·제공하는 매장,d6e82951-9610-44b3-a16b-bda93768c7b4,뉴욕안경,안경,강남역지하도상점가,일반지하상점가,서울특별시,3.0,3.0,,,RESOLVED_AGREEMENT,False,3,,,,
05b0466f3c23f6d775ce,val,안경,T2 동의어,q_안경_03,안경 가게,건강·의료 중 '안경'을 판매·제공하는 매장,e631c7fc-9962-4bc4-af1c-6aa64bd9cff8,안경家 (가),안경,뉴월드프라자골목형상점가,골목형상점가,경기도,3.0,3.0,,,RESOLVED_AGREEMENT,False,3,,,,
2feb6cc2ad31bb0ff0b9,val,안경,T2 동의어,q_안경_03,안경 가게,건강·의료 중 '안경'을 판매·제공하는 매장,da1ab000-5bdd-42d8-8b40-5918cd11b076,으뜸+안경,안경,순천연향패션상가,자율상권구역,전라남도,3.0,3.0,,,RESOLVED_AGREEMENT,False,3,,,,
1b934788dc5ba99fda6a,val,안경,T2 동의어,q_안경_03,안경 가게,건강·의료 중 '안경'을 판매·제공하는 매장,208dfab4-0f90-4915-af8e-da82785fb6bc,정안경,안경,송림골 골목형상점가,골목형상점가,인천광역시,3.0,3.0,,,RESOLVED_AGREEMENT,False,3,,,,
d08404b16fe2538be6ec,val,안경,T2 동의어,q_안경_03,안경 가게,건강·의료 중 '안경'을 판매·제공하는 매장,1d56f4a0-e43b-41a8-a0f8-39fa70226f53,다봄안과의원,안과,구성언남 골목형상점가,골목형상점가,경기도,1.0,2.0,,,P1_BINARY_THRESHOLD,True,,,,,
04a2f702ae639dd770f4,val,안경,T2 동의어,q_안경_03,안경 가게,건강·의료 중 '안경'을 판매·제공하는 매장,75bc618e-37aa-4e2e-a9e9-bb39a6127319,라움안경,안경,효행구봉담상점가,골목형상점가,경기도,3.0,3.0,,,RESOLVED_AGREEMENT,False,3,,,,
35bc230aea2632a30acb,val,안경,T2 동의어,q_안경_03,안경 가게,건강·의료 중 '안경'을 판매·제공하는 매장,436a7bdf-ebfe-4591-a0f9-3c86f9750202,아이스쿨안경,안경,방이시장,전통시장,서울특별시,3.0,3.0,,,RESOLVED_AGREEMENT,False,3,,,,
d213f38c096831af8ac5,val,안경,T2 동의어,q_안경_03,안경 가게,건강·의료 중 '안경'을 판매·제공하는 매장,e827637b-4fcf-427b-b0ff-9d86e74b0559,로젠안경,안경,과천새서울프라자시장,전통시장,경기도,3.0,3.0,,,RESOLVED_AGREEMENT,False,3,,,,
d5cada1e85e7139bd780,val,안경,T2 동의어,q_안경_03,안경 가게,건강·의료 중 '안경'을 판매·제공하는 매장,7e90589b-8c1f-4da8-a8b3-7404fa21f02c,한국안경,안경,(지정취소)다산마을상가거리골목형상점가,골목형상점가,서울특별시,3.0,3.0,,,RESOLVED_AGREEMENT,False,3,,,,
ba37744ada5d5467613e,val,안경,T2 동의어,q_안경_03,안경 가게,건강·의료 중 '안경'을 판매·제공하는 매장,7992a136-af4a-431d-8dde-b982d996c31e,㈜우와돈,식육,월곡1동 골목형상점가,골목형상점가,광주광역시,0.0,0.0,,,RESOLVED_AGREEMENT,False,0,,,,
a8cc93ee8f716e45a8a7,val,안경,T2 동의어,q_안경_03,안경 가게,건강·의료 중 '안경'을 판매·제공하는 매장,46fcd22f-b1d0-45d2-a6a3-fd99d7ff86a4,경희안경,안경,회기시장,전통시장,서울특별시,3.0,3.0,,,RESOLVED_AGREEMENT,False,3,,,,
91d164c0dd59626f8294,val,안경,T2 동의어,q_안경_03,안경 가게,건강·의료 중 '안경'을 판매·제공하는 매장,b2bafed9-9942-4a7f-8f66-11b039f89c9b,패션안경,안경,대가야 자율상권구역,,경상북도,3.0,3.0,,,RESOLVED_AGREEMENT,False,3,,,,
070600aeb879062c13df,val,안경,T2 동의어,q_안경_03,안경 가게,건강·의료 중 '안경'을 판매·제공하는 매장,cebbe889-f084-4023-bffc-b23a9ec17c84,안경사랑,안경,신도봉시장,전통시장,서울특별시,3.0,3.0,,,RESOLVED_AGREEMENT,False,3,,,,
d0e30e36364aaa1d0137,val,안경,T2 동의어,q_안경_03,안경 가게,건강·의료 중 '안경'을 판매·제공하는 매장,bd2f6387-3475-480d-8968-b48f0bc3b7eb,하이오커피(울산천상점),커피,천상의중심 골목형상점가,골목형상점가,울산광역시,0.0,0.0,,,RESOLVED_AGREEMENT,False,0,,,,
5f874e1727b5578ff2c9,val,안경,T2 동의어,q_안경_03,안경 가게,건강·의료 중 '안경'을 판매·제공하는 매장,586cb130-b586-4d53-959f-c2534361da51,에이에스 안경,안경,구매탄시장,전통시장,경기도,3.0,3.0,,,RESOLVED_AGREEMENT,False,3,,,,
f0b8fcbb8ddfe9d06776,val,안경,T2 동의어,q_안경_03,안경 가게,건강·의료 중 '안경'을 판매·제공하는 매장,0022ba93-553d-4d81-934b-054dfcb8309e,행복한안경,안경,태화시장,전통시장,울산광역시,3.0,3.0,,,RESOLVED_AGREEMENT,False,3,,,,
7a50473cbedce44ba642,val,안경,T2 동의어,q_안경_03,안경 가게,건강·의료 중 '안경'을 판매·제공하는 매장,f2466ce6-f8e5-4241-ac26-6bb54cefe8c6,"안경, 오늘",안경,유천택지올림픽길골목형상점가,골목형상점가,강원특별자치도,3.0,3.0,,,RESOLVED_AGREEMENT,False,3,,,,
d60040d5ebae7ab6a52c,val,안경,T2 동의어,q_안경_03,안경 가게,건강·의료 중 '안경'을 판매·제공하는 매장,6d64f878-f93f-46ee-9720-5dc966222a69,몽S피자,피자,설악눈메골시장,전통시장,경기도,0.0,0.0,,,RESOLVED_AGREEMENT,False,0,,,,
5c022fa564d8808dfcc2,val,안경,T2 동의어,q_안경_03,안경 가게,건강·의료 중 '안경'을 판매·제공하는 매장,e7ae0967-e4d4-4ed7-9b1f-0923e141ae55,안경파크,안경,주안역지하도상점가,일반지하상점가,인천광역시,3.0,3.0,,,RESOLVED_AGREEMENT,False,3,,,,
9646328d6f193df41672,val,안경,T2 동의어,q_안경_03,안경 가게,건강·의료 중 '안경'을 판매·제공하는 매장,7cecf7e5-33d3-4574-a699-22117801fadb,본안경,안경,남구 용대로 골목형상점가,골목형상점가,광주광역시,3.0,3.0,,,RESOLVED_AGREEMENT,False,3,,,,
a17d9931dafb741f42cb,val,안경,T2 동의어,q_안경_03,안경 가게,건강·의료 중 '안경'을 판매·제공하는 매장,011e75cb-eb08-4161-9b41-65e8d204464c,이지안경,안경및콘택트렌즈,BOCA 보카상점가,골목형상점가,경기도,3.0,3.0,,,RESOLVED_AGREEMENT,False,3,,,,
841d7ca351559a90950b,val,안경,T2 동의어,q_안경_03,안경 가게,건강·의료 중 '안경'을 판매·제공하는 매장,c0802d45-bbbc-45bc-852e-8ff2de06e80d,중앙안경,안경,서귀포중심상가번영회,자율상권구역,제주특별자치도,3.0,3.0,,,RESOLVED_AGREEMENT,False,3,,,,
5b26847c57e181862e35,val,안경,T2 동의어,q_안경_03,안경 가게,건강·의료 중 '안경'을 판매·제공하는 매장,1f179de5-a781-4ab1-bb53-da91361efe1d,안경본데이,안경,신평골목시장,전통시장,부산광역시,3.0,3.0,,,RESOLVED_AGREEMENT,False,3,,,,
0f084f9d83cfcc3f5cea,val,안경,T2 동의어,q_안경_03,안경 가게,건강·의료 중 '안경'을 판매·제공하는 매장,09d0b616-0384-47c0-b725-818633d3aba6,서울안경,안경,사리골상점가,자율상권구역,경기도,3.0,3.0,,,RESOLVED_AGREEMENT,False,3,,,,
44f790c856b1d4824ecf,val,안경,T2 동의어,q_안경_03,안경 가게,건강·의료 중 '안경'을 판매·제공하는 매장,ab27f098-a2a2-4833-93d4-230e881a6d0c,"안경,여수",안경,여수진남상가,자율상권구역,전라남도,3.0,3.0,,,RESOLVED_AGREEMENT,False,3,,,,
054d67a7faef15f4b359,val,안경,T2 동의어,q_안경_03,안경 가게,건강·의료 중 '안경'을 판매·제공하는 매장,c035d7be-1245-4b65-aad2-3c7e14168718,안경맞춤,안경,사리골상점가,자율상권구역,경기도,3.0,3.0,,,RESOLVED_AGREEMENT,False,3,,,,
55fd7491eaf9f77fab56,val,안경,T2 동의어,q_안경_03,안경 가게,건강·의료 중 '안경'을 판매·제공하는 매장,6da75014-3454-4b0b-963b-2c2559e8d24c,안경가게 봄,안경,노은역 골목형상점가,골목형상점가,대전광역시,3.0,3.0,,,RESOLVED_AGREEMENT,False,3,,,,
250fb35318e2ad9755e4,val,안경,T2 동의어,q_안경_03,안경 가게,건강·의료 중 '안경'을 판매·제공하는 매장,1749d275-3dc5-427a-b680-5c853a65b661,정상기안과의원,안과,신세계앞상인회 골목형상점가,골목형상점가,광주광역시,1.0,2.0,,,P1_BINARY_THRESHOLD,True,,,,,
11ae25b99cc665faeee8,val,안경,T2 동의어,q_안경_03,안경 가게,건강·의료 중 '안경'을 판매·제공하는 매장,003ea83c-ef37-4c55-ae9b-a59c93d1201f,K비젼안경 효천점,안경 및 콘택트렌즈,효천로 골목형상점가,골목형상점가,광주광역시,3.0,3.0,,,RESOLVED_AGREEMENT,False,3,,,,
13f7f68074724b67662a,val,안경,T2 동의어,q_안경_03,안경 가게,건강·의료 중 '안경'을 판매·제공하는 매장,2aa2b861-4c4b-4097-b8ac-d703a00c26e0,유한회사 광주개발지점,장어,동구책정원 골목형상점가,골목형상점가,광주광역시,0.0,0.0,,,RESOLVED_AGREEMENT,False,0,,,,
c2e35d5287c99ecc3438,val,안경,T2 동의어,q_안경_03,안경 가게,건강·의료 중 '안경'을 판매·제공하는 매장,c20ad57c-5d9e-4cd9-8dff-94be2ca1c274,아이탑안경,안경,매봉 골목형상점가,골목형상점가,광주광역시,3.0,3.0,,,RESOLVED_AGREEMENT,False,3,,,,
52470f80768008ffd03b,val,안경,T2 동의어,q_안경_03,안경 가게,건강·의료 중 '안경'을 판매·제공하는 매장,10262624-5d0a-4091-8c44-f6c713d3c98c,아이디어 안경,안경,동천동먹자골목1번가상인회 골목형상점가,골목형상점가,광주광역시,3.0,3.0,,,RESOLVED_AGREEMENT,False,3,,,,
b6dd112f154f8da241ee,val,안경,T2 동의어,q_안경_03,안경 가게,건강·의료 중 '안경'을 판매·제공하는 매장,5d851b48-be5c-4a17-b420-ff18ea2615a5,알파안경,안경,조원시장,전통시장,경기도,3.0,3.0,,,RESOLVED_AGREEMENT,False,3,,,,
42f272dee957ba695d91,val,안경,T2 동의어,q_안경_03,안경 가게,건강·의료 중 '안경'을 판매·제공하는 매장,060313d2-6e9c-41c3-8e18-618796869fd2,삼호안경,안경,남대문시장,전통시장,서울특별시,3.0,3.0,,,RESOLVED_AGREEMENT,False,3,,,,
ad6fde2a9a17fb2f855b,val,안경,T2 동의어,q_안경_03,안경 가게,건강·의료 중 '안경'을 판매·제공하는 매장,ccb032f5-c6e0-4c4a-8c8c-4df73fca757e,글라스온 안경,안경,첨단동행 골목형상점가,골목형상점가,광주광역시,3.0,3.0,,,RESOLVED_AGREEMENT,False,3,,,,
d39b34b2246969bc7532,val,안경,T2 동의어,q_안경_03,안경 가게,건강·의료 중 '안경'을 판매·제공하는 매장,6dbe7b37-1874-4ed8-8a46-b480f5b94bd0,남시안경,안경,남대문로골목형상점가,골목형상점가,서울특별시,3.0,3.0,,,RESOLVED_AGREEMENT,False,3,,,,
0e4de65db579bf315b78,val,안경,T2 동의어,q_안경_03,안경 가게,건강·의료 중 '안경'을 판매·제공하는 매장,6d6abe87-c9e0-46c6-b044-8857b5e37492,E안경,안경,빛가람 하나로 골목형상점가,골목형상점가,전라남도,3.0,3.0,,,RESOLVED_AGREEMENT,False,3,,,,
3c2938a1da25beb5ad94,val,안경,T2 동의어,q_안경_03,안경 가게,건강·의료 중 '안경'을 판매·제공하는 매장,fac86511-64e9-44f2-aff5-e69069e20c94,안경명가,안경,영주문화시장,전통시장,경상북도,3.0,3.0,,,RESOLVED_AGREEMENT,False,3,,,,
b53fe4a350f9160c1936,val,안경,T2 동의어,q_안경_03,안경 가게,건강·의료 중 '안경'을 판매·제공하는 매장,6eacf127-dd0d-44e0-85cb-34cdd6f72475,청운안경,안경,두암시장주변 골목형상점가,골목형상점가,광주광역시,3.0,3.0,,,RESOLVED_AGREEMENT,False,3,,,,
727977d72e4ee229d879,val,안경,T2 동의어,q_안경_03,안경 가게,건강·의료 중 '안경'을 판매·제공하는 매장,c15b7d24-b90f-4edb-a4d7-38d243dad39e,가게,담배,대명시장,전통시장,대구광역시,0.0,0.0,,,RESOLVED_AGREEMENT,False,0,,,,
013df1fdfd98780dea2e,val,안경,T2 동의어,q_안경_03,안경 가게,건강·의료 중 '안경'을 판매·제공하는 매장,d309d034-1812-4e8d-8248-eddf35c195b9,모든안경,안경,화정꽃마을상인회 골목형상점가,골목형상점가,광주광역시,3.0,3.0,,,RESOLVED_AGREEMENT,False,3,,,,
cc36295a1578120a6ea6,val,안경,T2 동의어,q_안경_03,안경 가게,건강·의료 중 '안경'을 판매·제공하는 매장,838be54f-b775-4e16-a910-1e4ca4c26be0,토탈안경,안경,탄방동 골목형상점가,골목형상점가,대전광역시,3.0,3.0,,,RESOLVED_AGREEMENT,False,3,,,,
c6bc6eab0825ad869a4a,val,안경,T2 동의어,q_안경_03,안경 가게,건강·의료 중 '안경'을 판매·제공하는 매장,019928e4-ddbb-47c4-951f-f3b31a893f1d,안경마을,안경 콘택트렌즈,구갈상점가,자율상권구역,경기도,3.0,3.0,,,RESOLVED_AGREEMENT,False,3,,,,
ecc9df027f186cf4bd3b,val,안경,T2 동의어,q_안경_03,안경 가게,건강·의료 중 '안경'을 판매·제공하는 매장,b43b445d-a1f7-4019-991b-e20e37e04409,아이파크 안경,안경,수원아이파크시티8단지상가 골목형상점가,골목형상점가,경기도,3.0,3.0,,,RESOLVED_AGREEMENT,False,3,,,,
e3c4b19cd42c522aacdc,val,안경,T2 동의어,q_안경_03,안경 가게,건강·의료 중 '안경'을 판매·제공하는 매장,94189e63-e824-4239-88f2-c2f587330ad0,안경천국,안경,송정동 상점가,자율상권구역,경기도,3.0,3.0,,,RESOLVED_AGREEMENT,False,3,,,,
fb89c2c98cc444d97a60,val,안경,T2 동의어,q_안경_03,안경 가게,건강·의료 중 '안경'을 판매·제공하는 매장,52e867bd-a673-4f27-8878-6647d9448a52,빛담안경,안경,효행구봉담상점가,골목형상점가,경기도,3.0,3.0,,,RESOLVED_AGREEMENT,False,3,,,,
9a366f0fef0209a977ed,val,안경,T2 동의어,q_안경_03,안경 가게,건강·의료 중 '안경'을 판매·제공하는 매장,0ace73e8-bb57-47d5-9285-a928365cb279,킹콩안경,안경,이천중앙로상가,자율상권구역,경기도,3.0,3.0,,,RESOLVED_AGREEMENT,False,3,,,,
77efd9613f30634a9065,val,안경,T2 동의어,q_안경_03,안경 가게,건강·의료 중 '안경'을 판매·제공하는 매장,60de073d-4136-4956-b346-046fb99bdc2d,세종안경,안경,종촌동골목형상점가,골목형상점가,세종특별자치시,3.0,3.0,,,RESOLVED_AGREEMENT,False,3,,,,
3b90b9efcf100d2a9da1,val,안경,T2 동의어,q_안경_03,안경 가게,건강·의료 중 '안경'을 판매·제공하는 매장,3e99a494-3f4c-4bf7-9973-e7cbda1f0892,솔솔안경,안경,화정한울타리상인회 골목형상점가,골목형상점가,광주광역시,3.0,3.0,,,RESOLVED_AGREEMENT,False,3,,,,
63faa1c6996d3beff1da,val,안경,T2 동의어,q_안경_03,안경 가게,건강·의료 중 '안경'을 판매·제공하는 매장,c2928fd2-ba68-4781-89cd-bad1f2b88985,대동(샘)안경,안경,동해남부재래시장,전통시장,강원특별자치도,3.0,3.0,,,RESOLVED_AGREEMENT,False,3,,,,
6639b7e1d4d4c1084ba1,val,안경,T2 동의어,q_안경_03,안경 가게,건강·의료 중 '안경'을 판매·제공하는 매장,c0d0d1da-b940-4da1-8b13-2798e066f63c,나무(안경),안경,부산진시장,전통시장,부산광역시,3.0,3.0,,,RESOLVED_AGREEMENT,False,3,,,,
66c3dceffc4b562a6f42,val,안경,T2 동의어,q_안경_03,안경 가게,건강·의료 중 '안경'을 판매·제공하는 매장,6c7c780f-f95e-4f75-a58f-c94454ca1362,으뜸50 안경,안경,충장로123가 상점가,자율상권구역,광주광역시,3.0,3.0,,,RESOLVED_AGREEMENT,False,3,,,,
b125b8ce72fcdafda561,val,안경,T2 동의어,q_안경_03,안경 가게,건강·의료 중 '안경'을 판매·제공하는 매장,01bcb519-0fa6-438a-927f-cf3d578789e8,아이라이크안경by씨채널,안경,진천혁신골목형상점가,골목형상점가,충청북도,3.0,3.0,,,RESOLVED_AGREEMENT,False,3,,,,
f596adee7b6969ba5d71,val,안경,T2 동의어,q_안경_03,안경 가게,건강·의료 중 '안경'을 판매·제공하는 매장,29faa1d7-404f-4dad-b0ef-68f63fcbe76a,이삭안경,안경,창원 반송시장,전통시장,경상남도,3.0,3.0,,,RESOLVED_AGREEMENT,False,3,,,,
c03aaf1a33be0260c348,val,안경,T2 동의어,q_안경_03,안경 가게,건강·의료 중 '안경'을 판매·제공하는 매장,13fc7af8-fa39-4c53-a2dd-af24bfeb905b,아이링안경,안경,가재마을 골목형상점가,골목형상점가,세종특별자치시,3.0,3.0,,,RESOLVED_AGREEMENT,False,3,,,,
b8386077768927412ae7,val,안경,T2 동의어,q_안경_03,안경 가게,건강·의료 중 '안경'을 판매·제공하는 매장,26375764-dfcc-41da-beae-247fdb10f3a3,소망안경,안경,남대문로 지하도상가,일반지하상점가,서울특별시,3.0,3.0,,,RESOLVED_AGREEMENT,False,3,,,,
dec26aa1e29d61631a26,val,안경,T2 동의어,q_안경_03,안경 가게,건강·의료 중 '안경'을 판매·제공하는 매장,99fe73e9-e6ec-421b-bdc7-8b26ad7ab4f6,이삭안경,안경,창원 성원그랜드쇼핑상가,전통시장,경상남도,3.0,3.0,,,RESOLVED_AGREEMENT,False,3,,,,
a4e5474a759e79948984,val,안경,T2 동의어,q_안경_03,안경 가게,건강·의료 중 '안경'을 판매·제공하는 매장,f5e0d3c3-efa0-472f-a04b-0f015728d54b,안경 세상,안경,장흥중앙로 골목형상점가,골목형상점가,전라남도,3.0,3.0,,,RESOLVED_AGREEMENT,False,3,,,,
6f0460a6a1551b8e0db1,val,안경,T2 동의어,q_안경_03,안경 가게,건강·의료 중 '안경'을 판매·제공하는 매장,e03e8fb5-5183-4ca4-bbbd-2ee033ac4f65,수안경,안경,북평민속시장(북평민속5일장),전통시장,강원특별자치도,3.0,3.0,,,RESOLVED_AGREEMENT,False,3,,,,
c4371f3078286cdcb81f,val,안경,T2 동의어,q_안경_03,안경 가게,건강·의료 중 '안경'을 판매·제공하는 매장,0f0f7f91-5504-4d69-a3cc-dd8e3df100b2,제이 안경,안경,금암동 골목형상점가,골목형상점가,충청남도,3.0,3.0,,,RESOLVED_AGREEMENT,False,3,,,,
3ab778563121d75898fa,val,안경,T2 동의어,q_안경_03,안경 가게,건강·의료 중 '안경'을 판매·제공하는 매장,33fa5284-2f2f-41e3-8be5-2bc9b389d453,진양안경,안경,남대문시장,전통시장,서울특별시,3.0,3.0,,,RESOLVED_AGREEMENT,False,3,,,,
45917eceaf6c4570a178,val,안경,T2 동의어,q_안경_03,안경 가게,건강·의료 중 '안경'을 판매·제공하는 매장,a63d109c-f9cc-4a64-9a4f-3bf176c8f1c7,보람안경,안경,남대문시장,전통시장,서울특별시,3.0,3.0,,,RESOLVED_AGREEMENT,False,3,,,,
84acb0eaaf8df4a0ccbc,val,안경,T2 동의어,q_안경_03,안경 가게,건강·의료 중 '안경'을 판매·제공하는 매장,3e7ab85c-ea7f-44ee-bee2-67947757b532,안경 정주다,안경,매탄중심상가 골목형상점가,골목형상점가,경기도,3.0,3.0,,,RESOLVED_AGREEMENT,False,3,,,,
dc0636a75ae1a4667059,val,안경,T2 동의어,q_안경_03,안경 가게,건강·의료 중 '안경'을 판매·제공하는 매장,d22ac0b9-956c-4e81-baef-e00dc19b977b,정이가,한식,오정동상점가,자율상권구역,대전광역시,0.0,0.0,,,RESOLVED_AGREEMENT,False,0,,,,
91881a454d5d2060663a,val,안경,T2 동의어,q_안경_03,안경 가게,건강·의료 중 '안경'을 판매·제공하는 매장,4805e403-d672-4fbb-a5cf-1d066818ee54,더클래스 안경,안경,중흥 골목형상점가,골목형상점가,부산광역시,3.0,3.0,,,RESOLVED_AGREEMENT,False,3,,,,
bb0361e930a7e66a2e27,val,안경,T2 동의어,q_안경_03,안경 가게,건강·의료 중 '안경'을 판매·제공하는 매장,849239f4-1bbd-46ce-8fd3-7adf17432cf6,안경뱅크,안경,두암타운 골목형상점가,골목형상점가,광주광역시,3.0,3.0,,,RESOLVED_AGREEMENT,False,3,,,,
dd746bffaf71a403e8d8,val,안경,T2 동의어,q_안경_03,안경 가게,건강·의료 중 '안경'을 판매·제공하는 매장,e0adef3d-746a-4780-ab70-850608e7a0da,한빛안경,안경,중산골 골목형상점가,골목형상점가,전북특별자치도,3.0,3.0,,,RESOLVED_AGREEMENT,False,3,,,,
eca617e40731556f8512,val,안경,T2 동의어,q_안경_03,안경 가게,건강·의료 중 '안경'을 판매·제공하는 매장,00efb47a-2e95-43a9-af76-8d8cd91d8c94,지니스안경세종새롬110호점,안경테 및 안경렌즈,새롬동 골목형상점가,골목형상점가,세종특별자치시,3.0,3.0,,,RESOLVED_AGREEMENT,False,3,,,,
3a389625e6ebd415ba9a,val,안경,T2 동의어,q_안경_03,안경 가게,건강·의료 중 '안경'을 판매·제공하는 매장,1871389d-e1e7-4d18-80da-2a78cdc0525a,고운빛안과,"안과, 건강기능식품",우산 동문로 골목형상점가,골목형상점가,광주광역시,1.0,2.0,,,P1_BINARY_THRESHOLD,True,,,,,
2e2fcfcabbb8ff2ac75d,val,안경,T2 동의어,q_안경_03,안경 가게,건강·의료 중 '안경'을 판매·제공하는 매장,bdb317ef-6cf9-49e9-8098-ead74a3c6ea6,원선생안경,안경,젊음의거리 상점가,자율상권구역,울산광역시,3.0,3.0,,,RESOLVED_AGREEMENT,False,3,,,,
80d0c736b08cc53e5fb8,val,안경,T2 동의어,q_안경_03,안경 가게,건강·의료 중 '안경'을 판매·제공하는 매장,4e76be92-56ff-45e7-bed3-b3844d758167,로덴안경,안경,김해 대우유토피아상가,골목형상점가,경상남도,3.0,3.0,,,RESOLVED_AGREEMENT,False,3,,,,
5c056492a0514ebf00ff,val,안경,T2 동의어,q_안경_03,안경 가게,건강·의료 중 '안경'을 판매·제공하는 매장,192cd801-dacc-4251-8e50-ccfc6c1c9a9c,코코(현대)안경,안경,남대문시장,전통시장,서울특별시,3.0,3.0,,,RESOLVED_AGREEMENT,False,3,,,,
208ba248b33855a55f9b,val,안경,T2 동의어,q_안경_03,안경 가게,건강·의료 중 '안경'을 판매·제공하는 매장,aacac575-3e2e-4fbf-9844-aa541c66b631,2.0 안경,안경,사당4골목형상점가,골목형상점가,서울특별시,3.0,3.0,,,RESOLVED_AGREEMENT,False,3,,,,
8986af9ac251c77d2028,val,안경,T2 동의어,q_안경_03,안경 가게,건강·의료 중 '안경'을 판매·제공하는 매장,e74ddfdf-e53f-4623-8d90-08f1b0aa113a,합기도 천 지관 충효체육관,합기도,카림애비뉴애 골목형상점가,골목형상점가,세종특별자치시,0.0,0.0,,,RESOLVED_AGREEMENT,False,0,,,,
99e1aeebe81333da66de,val,안경,T2 동의어,q_안경_03,안경 가게,건강·의료 중 '안경'을 판매·제공하는 매장,8e42c7f1-86b7-4617-9bd9-b82f43740f08,굿모닝 안경,안경,다사역 골목형상점가,골목형상점가,대구광역시,3.0,3.0,,,RESOLVED_AGREEMENT,False,3,,,,
3be6c07b3bb9dd7e0af3,val,안경,T2 동의어,q_안경_03,안경 가게,건강·의료 중 '안경'을 판매·제공하는 매장,40b2fc46-2e18-4728-bd1a-d2acdb5e9183,라쌍떼안경,안경,직산읍삼은1번가골목형상점가,골목형상점가,충청남도,3.0,3.0,,,RESOLVED_AGREEMENT,False,3,,,,
b62222e7f012f1ceea9b,val,안경,T2 동의어,q_안경_03,안경 가게,건강·의료 중 '안경'을 판매·제공하는 매장,105343e5-53d8-4106-b47b-7d67ea73e7cd,개미사,의류,문경전통시장,전통시장,경상북도,0.0,0.0,,,RESOLVED_AGREEMENT,False,0,,,,
44fd94d4f54dee6c973e,val,안경,T2 동의어,q_안경_03,안경 가게,건강·의료 중 '안경'을 판매·제공하는 매장,d15e11fe-c36a-49ac-81f2-df4720971d94,참안경,안경,창원 가음정시장,전통시장,경상남도,3.0,3.0,,,RESOLVED_AGREEMENT,False,3,,,,
294b3b52f809986c1050,val,안경,T2 동의어,q_안경_03,안경 가게,건강·의료 중 '안경'을 판매·제공하는 매장,00112248-81bc-4fca-ac3c-f6d684bcf294,데일리뷰 안경원,,성성1번가 골목형상점가,골목형상점가,충청남도,3.0,3.0,,,RESOLVED_AGREEMENT,False,3,,,,
44e07e0cba8dd1e2d70f,val,안경,T2 동의어,q_안경_03,안경 가게,건강·의료 중 '안경'을 판매·제공하는 매장,f98e19bf-d2cf-42b9-b698-f5e1c2b836bf,착한안경,안경,용문천년시장,전통시장,경기도,3.0,3.0,,,RESOLVED_AGREEMENT,False,3,,,,
5ff2fa8828c22c692747,val,안경,T2 동의어,q_안경_03,안경 가게,건강·의료 중 '안경'을 판매·제공하는 매장,10c37937-c85c-4ddf-b630-18aecf5e1803,모든안경,안경,남대문시장,전통시장,서울특별시,3.0,3.0,,,RESOLVED_AGREEMENT,False,3,,,,
3c54856904a37906b6ab,val,안경,T2 동의어,q_안경_03,안경 가게,건강·의료 중 '안경'을 판매·제공하는 매장,176f90de-0295-4f70-bfb1-250898a948c4,광주안경,안경,동광주 골목형상점가,골목형상점가,광주광역시,3.0,3.0,,,RESOLVED_AGREEMENT,False,3,,,,
af34c209fb795fa1624b,val,안경,T2 동의어,q_안경_03,안경 가게,건강·의료 중 '안경'을 판매·제공하는 매장,0184ed05-765c-4947-bbf8-dff527177252,안경을 찾는 사람들,안경,발안만세시장(구 발안시장),전통시장,경기도,3.0,3.0,,,RESOLVED_AGREEMENT,False,3,,,,
10d39a286c3632e2e8b6,val,안경,T2 동의어,q_안경_03,안경 가게,건강·의료 중 '안경'을 판매·제공하는 매장,010604a1-9bcd-4057-8360-47c77d14504a,굿모닝안경.콘택트,안경,서재소상공인연합회,골목형상점가,대구광역시,3.0,3.0,,,RESOLVED_AGREEMENT,False,3,,,,
1a39769198fb55997eb6,val,안경,T2 동의어,q_안경_03,안경 가게,건강·의료 중 '안경'을 판매·제공하는 매장,1965be11-0923-408a-83df-3a1a999e4ca6,천안서울안과 신불당점의원,안과,시청앞 골목형상점가,골목형상점가,충청남도,1.0,2.0,,,P1_BINARY_THRESHOLD,True,,,,,
451fec4bffb4a899dc75,val,안경,T2 동의어,q_안경_03,안경 가게,건강·의료 중 '안경'을 판매·제공하는 매장,0266bd67-c211-4ab4-bb83-af329b2ce979,공덕나인안경,안경콘택트렌즈,도화동상점가,자율상권구역,서울특별시,3.0,3.0,,,RESOLVED_AGREEMENT,False,3,,,,
f7d5245242ff03b8aa01,val,안경,T2 동의어,q_안경_03,안경 가게,건강·의료 중 '안경'을 판매·제공하는 매장,7de8bf8f-cd50-42ac-9f23-8c2171a16015,대성상회,고추가루(방앗간),복이있는덕포시장,전통시장,부산광역시,0.0,0.0,,,RESOLVED_AGREEMENT,False,0,,,,
77488d3388b50134bd54,val,안경,T2 동의어,q_안경_03,안경 가게,건강·의료 중 '안경'을 판매·제공하는 매장,b689ceca-8cd4-4c86-a8c4-879bb343ab83,정안경,안경,운남7단지먹자거리 골목형상점가,골목형상점가,광주광역시,3.0,3.0,,,RESOLVED_AGREEMENT,False,3,,,,
2ac6149745870305aa0e,val,안경,T2 동의어,q_안경_03,안경 가게,건강·의료 중 '안경'을 판매·제공하는 매장,7add25ff-3ef1-4410-8afb-44b0c39e6956,드림안경,안경,창원 명서시장,전통시장,경상남도,3.0,3.0,,,RESOLVED_AGREEMENT,False,3,,,,
df2a24927ea0761465e4,val,안경,T2 동의어,q_안경_03,안경 가게,건강·의료 중 '안경'을 판매·제공하는 매장,6bd6a6da-cce6-481a-8049-966b568c3741,안경빛나,안경,일번지프라자 골목형상점가,골목형상점가,경기도,3.0,3.0,,,RESOLVED_AGREEMENT,False,3,,,,
f68f6d6cf74af596c1ce,val,안경,T2 동의어,q_안경_03,안경 가게,건강·의료 중 '안경'을 판매·제공하는 매장,02822efb-f50a-45c4-8f4d-bfbba20a01e4,오렌즈충주점,"안경, 렌즈",성서중심시장(성서시장문화의거리 통합),전통시장,충청북도,3.0,3.0,,,RESOLVED_AGREEMENT,False,3,,,,
c243a49634a25ff67b79,val,안경,T2 동의어,q_안경_03,안경 가게,건강·의료 중 '안경'을 판매·제공하는 매장,fe60f560-afe4-4dd1-8c3f-fe0cf029bbaf,안경집,안경,사리골상점가,자율상권구역,경기도,3.0,3.0,,,RESOLVED_AGREEMENT,False,3,,,,
d3d6f21912779a70e491,val,안경,T2 동의어,q_안경_03,안경 가게,건강·의료 중 '안경'을 판매·제공하는 매장,ab16742d-7f22-448f-9a75-6002bb94db48,나렌즈,안경,메트로센터(반월당지하쇼핑),일반지하상점가,대구광역시,3.0,3.0,,,RESOLVED_AGREEMENT,False,3,,,,
35f295c022eda7ae6b2c,val,안경,T2 동의어,q_안경_03,안경 가게,건강·의료 중 '안경'을 판매·제공하는 매장,8a7e4c58-2e87-4ff2-bd8e-f452de6a0476,일로아 안경,안경,남악사랑 골목형상점가,골목형상점가,전라남도,3.0,3.0,,,RESOLVED_AGREEMENT,False,3,,,,
c42806dfc39fd33cdd68,val,안경,T2 동의어,q_안경_03,안경 가게,건강·의료 중 '안경'을 판매·제공하는 매장,c17b9a52-3c4f-4bef-8187-a301675b55ab,안경사랑,안경,전주중앙상가시장,전통시장,전북특별자치도,3.0,3.0,,,RESOLVED_AGREEMENT,False,3,,,,
dbe8e9c8db630bcb15e6,val,안경,T2 동의어,q_안경_03,안경 가게,건강·의료 중 '안경'을 판매·제공하는 매장,0e170be8-4e2c-4008-adbc-7539572b5fc6,성모안과의원,안과,선부광장로상점가,자율상권구역,경기도,1.0,2.0,,,P1_BINARY_THRESHOLD,True,,,,,
3733579eec534facab16,val,안경,T2 동의어,q_안경_03,안경 가게,건강·의료 중 '안경'을 판매·제공하는 매장,9a6a52f0-005e-4d54-82c8-553ee6b825e9,대성안경,안경,신중동문화거리상점가,자율상권구역,경기도,3.0,3.0,,,RESOLVED_AGREEMENT,False,3,,,,
6ce3c762f9ecfa429ec0,val,안경,T2 동의어,q_안경_04,안경원,건강·의료 중 '안경'을 판매·제공하는 매장,5971c216-f9d1-4a68-81c6-a13790405fb6,그린아이즈 안경원,안경 등,나성동 소방청 골목형상점가,골목형상점가,세종특별자치시,3.0,3.0,,,RESOLVED_AGREEMENT,False,3,,,,
d820164b6746c7070780,val,안경,T2 동의어,q_안경_04,안경원,건강·의료 중 '안경'을 판매·제공하는 매장,c00da528-d19b-475e-a5ad-d1db10c63975,리스안경원,안경원,원주자유시장,전통시장,강원특별자치도,3.0,3.0,,,RESOLVED_AGREEMENT,False,3,,,,
67244622fbce24b325d3,val,안경,T2 동의어,q_안경_04,안경원,건강·의료 중 '안경'을 판매·제공하는 매장,e9f11178-75b0-402f-af92-bf46fff12f97,신길안경원,안경,샛강두리골목형상점가,골목형상점가,서울특별시,3.0,3.0,,,RESOLVED_AGREEMENT,False,3,,,,
d5a7a98c98134c983dea,val,안경,T2 동의어,q_안경_04,안경원,건강·의료 중 '안경'을 판매·제공하는 매장,322f1829-1b05-46d1-aadc-32ce488026ee,현대안경원,안경,성안길상점가,자율상권구역,충청북도,3.0,3.0,,,RESOLVED_AGREEMENT,False,3,,,,
56fbf785a4f837fb39d5,val,안경,T2 동의어,q_안경_04,안경원,건강·의료 중 '안경'을 판매·제공하는 매장,1d56f4a0-e43b-41a8-a0f8-39fa70226f53,다봄안과의원,안과,구성언남 골목형상점가,골목형상점가,경기도,1.0,2.0,,,P1_BINARY_THRESHOLD,True,,,,,
5335579a2da2d011d67e,val,안경,T2 동의어,q_안경_04,안경원,건강·의료 중 '안경'을 판매·제공하는 매장,0184ed05-765c-4947-bbf8-dff527177252,안경을 찾는 사람들,안경,발안만세시장(구 발안시장),전통시장,경기도,3.0,3.0,,,RESOLVED_AGREEMENT,False,3,,,,
3f5b92b64458fa2ad976,val,안경,T2 동의어,q_안경_04,안경원,건강·의료 중 '안경'을 판매·제공하는 매장,d2abe0f0-2e69-47a7-9284-bfc7f45e596c,고려안경원,,청주대중앙로골목형상점가,골목형상점가,충청북도,3.0,3.0,,,RESOLVED_AGREEMENT,False,3,,,,
427342676f199601d9d3,val,안경,T2 동의어,q_안경_04,안경원,건강·의료 중 '안경'을 판매·제공하는 매장,0028e2be-f83a-47fd-83a9-f76bfb8df49a,청당안경렌즈미청당점,,청당4번가 골목형상점가,골목형상점가,충청남도,3.0,3.0,,,RESOLVED_AGREEMENT,False,3,,,,
99f58bc46b738d0fb6ff,val,안경,T2 동의어,q_안경_04,안경원,건강·의료 중 '안경'을 판매·제공하는 매장,019928e4-ddbb-47c4-951f-f3b31a893f1d,안경마을,안경 콘택트렌즈,구갈상점가,자율상권구역,경기도,3.0,3.0,,,RESOLVED_AGREEMENT,False,3,,,,
14252abbc42b55cedccf,val,안경,T2 동의어,q_안경_04,안경원,건강·의료 중 '안경'을 판매·제공하는 매장,fdb336ca-9c28-495d-8fdd-09081244b71d,서재식품,곡물,서재소상공인연합회,골목형상점가,대구광역시,0.0,0.0,,,RESOLVED_AGREEMENT,False,0,,,,
43789855233d9812a29a,val,안경,T2 동의어,q_안경_04,안경원,건강·의료 중 '안경'을 판매·제공하는 매장,55cf87da-31ca-4fa4-9e65-44f2b32511f4,이안경원,안경,부여도심 상권활성화구역,상권활성화구역,충청남도,3.0,3.0,,,RESOLVED_AGREEMENT,False,3,,,,
1a31c77af6e740fbe4c8,val,안경,T2 동의어,q_안경_04,안경원,건강·의료 중 '안경'을 판매·제공하는 매장,1f50969c-c60b-4b33-ad2b-a92c86dcef07,(주)금오상회 팔달지점,,팔달신시장,전통시장,대구광역시,0.0,0.0,,,RESOLVED_AGREEMENT,False,0,,,,
effd48e5414e46788a00,val,안경,T2 동의어,q_안경_04,안경원,건강·의료 중 '안경'을 판매·제공하는 매장,1749d275-3dc5-427a-b680-5c853a65b661,정상기안과의원,안과,신세계앞상인회 골목형상점가,골목형상점가,광주광역시,1.0,2.0,,,P1_BINARY_THRESHOLD,True,,,,,
43238ccff38a7ea5ae38,val,안경,T2 동의어,q_안경_04,안경원,건강·의료 중 '안경'을 판매·제공하는 매장,4e11580a-4d06-4ea5-aa7c-a98c008d0f51,권안경원,안경,신정중앙 골목형상점가,골목형상점가,울산광역시,3.0,3.0,,,RESOLVED_AGREEMENT,False,3,,,,
2e95ee5267c6cdb95437,val,안경,T2 동의어,q_안경_04,안경원,건강·의료 중 '안경'을 판매·제공하는 매장,011e75cb-eb08-4161-9b41-65e8d204464c,이지안경,안경및콘택트렌즈,BOCA 보카상점가,골목형상점가,경기도,3.0,3.0,,,RESOLVED_AGREEMENT,False,3,,,,
3d9f269c5070cdb77f8c,val,안경,T2 동의어,q_안경_04,안경원,건강·의료 중 '안경'을 판매·제공하는 매장,27dac311-0b05-422d-91ed-54645e85ad2b,한국안경원,안경,성정가구거리상점가,자율상권구역,충청남도,3.0,3.0,,,RESOLVED_AGREEMENT,False,3,,,,
492dc6255dd7ea2411cb,val,안경,T2 동의어,q_안경_04,안경원,건강·의료 중 '안경'을 판매·제공하는 매장,8ed5bd66-2a1c-4409-873d-580df2207574,디마트,슈퍼마켓,고서 골목형상점가,골목형상점가,전라남도,0.0,0.0,,,RESOLVED_AGREEMENT,False,0,,,,
c36db500f87bc0ea6c87,val,안경,T2 동의어,q_안경_04,안경원,건강·의료 중 '안경'을 판매·제공하는 매장,5832ee6e-1200-4665-9108-0165c77afecd,이안경원,안경,금산중앙로상점가,자율상권구역,충청남도,3.0,3.0,,,RESOLVED_AGREEMENT,False,3,,,,
0f77da36b742a48f8c66,val,안경,T2 동의어,q_안경_04,안경원,건강·의료 중 '안경'을 판매·제공하는 매장,44ead3c1-9fda-4e5f-969c-0252245349c2,무판안경원,안경,다시남목 골목형상점가,골목형상점가,울산광역시,3.0,3.0,,,RESOLVED_AGREEMENT,False,3,,,,
8ca14a5771ab7e44da58,val,안경,T2 동의어,q_안경_04,안경원,건강·의료 중 '안경'을 판매·제공하는 매장,d3b382d5-c7ef-454b-bfc4-f78844adc4b1,컴포트 안경원,안경 등,BOCA 보카상점가,골목형상점가,경기도,3.0,3.0,,,RESOLVED_AGREEMENT,False,3,,,,
14c7d242e8df29d2f368,val,안경,T2 동의어,q_안경_04,안경원,건강·의료 중 '안경'을 판매·제공하는 매장,ef206216-a71c-4696-8ad0-891abeb3e298,아이유 안경원,안경,둔전골목형상점가,골목형상점가,경기도,3.0,3.0,,,RESOLVED_AGREEMENT,False,3,,,,
96f8e0a05a356c1319b7,val,안경,T2 동의어,q_안경_04,안경원,건강·의료 중 '안경'을 판매·제공하는 매장,549e274b-7aff-48f9-806b-565aa16d13b9,샛별안경원,안경,평광청구상가 골목형상점가,골목형상점가,대구광역시,3.0,3.0,,,RESOLVED_AGREEMENT,False,3,,,,
da102cdc18f945ec720e,val,안경,T2 동의어,q_안경_04,안경원,건강·의료 중 '안경'을 판매·제공하는 매장,288d8aa6-a5c8-4419-9ea2-1f338a61a477,글라스박스 안경원,안경 등,하이닉스골목형상점가,골목형상점가,경기도,3.0,3.0,,,RESOLVED_AGREEMENT,False,3,,,,
00d8c776f235a7f72e2c,val,안경,T2 동의어,q_안경_04,안경원,건강·의료 중 '안경'을 판매·제공하는 매장,29bb9404-bcec-4826-8fe8-6e924a2c11a9,안경나무안경원,안경,익산그린상점가,자율상권구역,전북특별자치도,3.0,3.0,,,RESOLVED_AGREEMENT,False,3,,,,
cfa72176725125cf9dbe,val,안경,T2 동의어,q_안경_04,안경원,건강·의료 중 '안경'을 판매·제공하는 매장,e7b4f2fb-bd9f-4566-b57c-9194a4b3be30,아이코드 안경원,안경,방이시장,전통시장,서울특별시,3.0,3.0,,,RESOLVED_AGREEMENT,False,3,,,,
7bf2b1764ce6e203f51e,val,안경,T2 동의어,q_안경_04,안경원,건강·의료 중 '안경'을 판매·제공하는 매장,987e33d1-1046-4f9d-9625-d9194a31d359,합동상회,"식용유, 담배",진주 논개시장,전통시장,경상남도,0.0,0.0,,,RESOLVED_AGREEMENT,False,0,,,,
29a4533c8191bd63e8ef,val,안경,T2 동의어,q_안경_04,안경원,건강·의료 중 '안경'을 판매·제공하는 매장,180e5c3e-7455-4579-939a-c6325fe4ab31,이안안경원,안경,유성도안 골목형상점가,골목형상점가,대전광역시,3.0,3.0,,,RESOLVED_AGREEMENT,False,3,,,,
ff606d10f86bc414f35e,val,안경,T2 동의어,q_안경_04,안경원,건강·의료 중 '안경'을 판매·제공하는 매장,e2611f8f-8005-43f6-8a0f-92d6343a8341,아이뱅크안경원,안경,성안길상점가,자율상권구역,충청북도,3.0,3.0,,,RESOLVED_AGREEMENT,False,3,,,,
d21a91c362348d74f827,val,안경,T2 동의어,q_안경_04,안경원,건강·의료 중 '안경'을 판매·제공하는 매장,00efb47a-2e95-43a9-af76-8d8cd91d8c94,지니스안경세종새롬110호점,안경테 및 안경렌즈,새롬동 골목형상점가,골목형상점가,세종특별자치시,3.0,3.0,,,RESOLVED_AGREEMENT,False,3,,,,
a27507e8a94a0835aba8,val,안경,T2 동의어,q_안경_04,안경원,건강·의료 중 '안경'을 판매·제공하는 매장,75d30ec6-6a28-4358-999e-fdef461f43c8,밝은세상 안경원,안경,운암북문대로 골목형상점가,골목형상점가,광주광역시,3.0,3.0,,,RESOLVED_AGREEMENT,False,3,,,,
2b9ac8367a9880a8509a,val,안경,T2 동의어,q_안경_04,안경원,건강·의료 중 '안경'을 판매·제공하는 매장,00c9a212-c673-4e9c-a890-7e39a3da51b6,파룩스안경원,안경,샘머리 골목형상점가,골목형상점가,대전광역시,3.0,3.0,,,RESOLVED_AGREEMENT,False,3,,,,
73dc84edd87c28e7d286,val,안경,T2 동의어,q_안경_04,안경원,건강·의료 중 '안경'을 판매·제공하는 매장,375c2a2d-e221-4bdd-b479-8615679c32ef,전문안경원,안경,문흥초등학교주변 골목형상점가,골목형상점가,광주광역시,3.0,3.0,,,RESOLVED_AGREEMENT,False,3,,,,
120428bcaa08d2947e83,val,안경,T2 동의어,q_안경_04,안경원,건강·의료 중 '안경'을 판매·제공하는 매장,ef98588b-c486-4c4e-bbde-9fcde4d1676a,GS25수완아뜨리움점,음식료품,수완사랑 골목형상점가,골목형상점가,광주광역시,0.0,0.0,,,RESOLVED_AGREEMENT,False,0,,,,
068928dbb30a70b468e9,val,안경,T2 동의어,q_안경_04,안경원,건강·의료 중 '안경'을 판매·제공하는 매장,3e840add-6be3-40ef-9d65-c0a4ba05b149,이안경원,안경,성안길상점가,자율상권구역,충청북도,3.0,3.0,,,RESOLVED_AGREEMENT,False,3,,,,
1358f3bf88ded009916a,val,안경,T2 동의어,q_안경_04,안경원,건강·의료 중 '안경'을 판매·제공하는 매장,a1231f87-fc4e-4777-8401-39cff179569c,아이앤조이 안경원,안경,고덕골목형상점가,골목형상점가,서울특별시,3.0,3.0,,,RESOLVED_AGREEMENT,False,3,,,,
75127004cfa0c86b3e28,val,안경,T2 동의어,q_안경_04,안경원,건강·의료 중 '안경'을 판매·제공하는 매장,26619c3e-c75f-4e35-bda8-46b4ae8b5ef7,이현안경원,안경,남서상점가,자율상권구역,경상북도,3.0,3.0,,,RESOLVED_AGREEMENT,False,3,,,,
47606e5f3d23f703fad1,val,안경,T2 동의어,q_안경_04,안경원,건강·의료 중 '안경'을 판매·제공하는 매장,bd5c7297-c410-456c-8399-627de640749e,일곡안경원,안경,"일곡동(제7지역:대림1,현대2,진로,대우,한일)",골목형상점가,광주광역시,3.0,3.0,,,RESOLVED_AGREEMENT,False,3,,,,
99bb4daba07f71b8248a,val,안경,T2 동의어,q_안경_04,안경원,건강·의료 중 '안경'을 판매·제공하는 매장,0dbe49ed-a23f-4de9-810d-53baee5322d4,눈안경원,안경,운남골목 골목형상점가,골목형상점가,광주광역시,3.0,3.0,,,RESOLVED_AGREEMENT,False,3,,,,
cabf975782dd34f742f1,val,안경,T2 동의어,q_안경_04,안경원,건강·의료 중 '안경'을 판매·제공하는 매장,010604a1-9bcd-4057-8360-47c77d14504a,굿모닝안경.콘택트,안경,서재소상공인연합회,골목형상점가,대구광역시,3.0,3.0,,,RESOLVED_AGREEMENT,False,3,,,,
e9b0b30f6eaa96423892,val,안경,T2 동의어,q_안경_04,안경원,건강·의료 중 '안경'을 판매·제공하는 매장,48cf36f1-d641-4db4-8659-9083441951f7,기쁨주는 안경원,안경,송탄시장(송북시장),전통시장,경기도,3.0,3.0,,,RESOLVED_AGREEMENT,False,3,,,,
24ffd55fa055f9f90a5d,val,안경,T2 동의어,q_안경_04,안경원,건강·의료 중 '안경'을 판매·제공하는 매장,d262d958-329b-4f47-98ec-88185cad54b4,글래드아이 안경원,,라베니체 골목형상점가,골목형상점가,경기도,3.0,3.0,,,RESOLVED_AGREEMENT,False,3,,,,
12446a3cc9e7cf702f92,val,안경,T2 동의어,q_안경_04,안경원,건강·의료 중 '안경'을 판매·제공하는 매장,c0efd9ad-b4a2-4b68-965b-c9875941e698,안경마을안경원,안경,구봉산길 골목형상점가,골목형상점가,대전광역시,3.0,3.0,,,RESOLVED_AGREEMENT,False,3,,,,
5360806d96dcb69a88de,val,안경,T2 동의어,q_안경_04,안경원,건강·의료 중 '안경'을 판매·제공하는 매장,cb0d9e74-927a-406a-a34b-c67bef31e89d,은성사,잡화,역전지하상가,일반지하상점가,대전광역시,0.0,0.0,,,RESOLVED_AGREEMENT,False,0,,,,
ce373b206e301e070b43,val,안경,T2 동의어,q_안경_04,안경원,건강·의료 중 '안경'을 판매·제공하는 매장,41cc0830-d452-40fe-bc6c-8918eccc6003,다온 안경원,안경,호매실역중심상가 골목형상점가,골목형상점가,경기도,3.0,3.0,,,RESOLVED_AGREEMENT,False,3,,,,
e0719246a5ba488b8c20,val,안경,T2 동의어,q_안경_04,안경원,건강·의료 중 '안경'을 판매·제공하는 매장,02822efb-f50a-45c4-8f4d-bfbba20a01e4,오렌즈충주점,"안경, 렌즈",성서중심시장(성서시장문화의거리 통합),전통시장,충청북도,3.0,3.0,,,RESOLVED_AGREEMENT,False,3,,,,
b129d0b9d15a98d1b798,val,안경,T2 동의어,q_안경_04,안경원,건강·의료 중 '안경'을 판매·제공하는 매장,b1c4bf9c-500e-40e6-8eca-cbed44faa858,아이존 안경원,안경점,삼각동 골목형상점가,골목형상점가,광주광역시,3.0,3.0,,,RESOLVED_AGREEMENT,False,3,,,,
44100db6cde13c4d0158,val,안경,T2 동의어,q_안경_04,안경원,건강·의료 중 '안경'을 판매·제공하는 매장,88f457be-c1b2-4ae9-b839-58ec4fd7f47c,누네안경원,안경,백년소상공인,기타,제주특별자치도,3.0,3.0,,,RESOLVED_AGREEMENT,False,3,,,,
5d913ddcba9f6ee3ae02,val,안경,T2 동의어,q_안경_04,안경원,건강·의료 중 '안경'을 판매·제공하는 매장,822c5f36-d565-4e39-ac98-c336aa78b9c1,제일안경원,안경,진주 중앙상점가,자율상권구역,경상남도,3.0,3.0,,,RESOLVED_AGREEMENT,False,3,,,,
4f6cc1d8b12c2641392a,val,안경,T2 동의어,q_안경_04,안경원,건강·의료 중 '안경'을 판매·제공하는 매장,2138b1d2-dab2-4a77-bc30-98b18af50394,안재희안경원,안경,정읍연지상점가,자율상권구역,전북특별자치도,3.0,3.0,,,RESOLVED_AGREEMENT,False,3,,,,
1953f755870a8ef27cba,val,안경,T2 동의어,q_안경_04,안경원,건강·의료 중 '안경'을 판매·제공하는 매장,c15243da-afcf-4fdb-9cad-c208bcca145e,아이샵안경원,안경,서석초 인근 골목형상점가,골목형상점가,광주광역시,3.0,3.0,,,RESOLVED_AGREEMENT,False,3,,,,
1cfcd93705bff661759b,val,안경,T2 동의어,q_안경_04,안경원,건강·의료 중 '안경'을 판매·제공하는 매장,0cd9c454-4a40-48fb-a419-2002deb15184,아이리본 안경원,,라베니체 골목형상점가,골목형상점가,경기도,3.0,3.0,,,RESOLVED_AGREEMENT,False,3,,,,
d02f43509bcbb7d5cb32,val,안경,T2 동의어,q_안경_04,안경원,건강·의료 중 '안경'을 판매·제공하는 매장,743261cb-1eaf-40dc-b6cd-9e32283623cb,동백카츠 오송점,음식,오송1산단오스코로골목형상점가,골목형상점가,충청북도,0.0,0.0,,,RESOLVED_AGREEMENT,False,0,,,,
3e0a8fa3a4148583f705,val,안경,T2 동의어,q_안경_04,안경원,건강·의료 중 '안경'을 판매·제공하는 매장,1c90c436-4752-4679-9a8f-44fa5445cb60,아이모델안경원,안경,부평문화인의거리골목형상점가,골목형상점가,인천광역시,3.0,3.0,,,RESOLVED_AGREEMENT,False,3,,,,
f838709ac828005b6219,val,안경,T2 동의어,q_안경_04,안경원,건강·의료 중 '안경'을 판매·제공하는 매장,1965be11-0923-408a-83df-3a1a999e4ca6,천안서울안과 신불당점의원,안과,시청앞 골목형상점가,골목형상점가,충청남도,1.0,2.0,,,P1_BINARY_THRESHOLD,True,,,,,
a9fd6bb1f0c7e44b249b,val,안경,T2 동의어,q_안경_04,안경원,건강·의료 중 '안경'을 판매·제공하는 매장,68d48eba-fb2b-4017-bb78-a402ed0a7506,윤슬안경원,안경,대전관저가구단지 골목형상점가,골목형상점가,대전광역시,3.0,3.0,,,RESOLVED_AGREEMENT,False,3,,,,
30342f41735f0e839b14,val,안경,T2 동의어,q_안경_04,안경원,건강·의료 중 '안경'을 판매·제공하는 매장,ab9eca96-c461-405b-879c-3f3dad15723d,밝은세상안경원,안경원,의령전통시장,전통시장,경상남도,3.0,3.0,,,RESOLVED_AGREEMENT,False,3,,,,
b13c7bb07ed20e79334f,val,안경,T2 동의어,q_안경_04,안경원,건강·의료 중 '안경'을 판매·제공하는 매장,988a5518-452f-456c-8233-beeb724522c4,IT안경원,안경,광복지하도상가,일반지하상점가,부산광역시,3.0,3.0,,,RESOLVED_AGREEMENT,False,3,,,,
d3606d58901270fef85c,val,안경,T2 동의어,q_안경_04,안경원,건강·의료 중 '안경'을 판매·제공하는 매장,003ea83c-ef37-4c55-ae9b-a59c93d1201f,K비젼안경 효천점,안경 및 콘택트렌즈,효천로 골목형상점가,골목형상점가,광주광역시,3.0,3.0,,,RESOLVED_AGREEMENT,False,3,,,,
5e980f29de0b1a62af1f,val,안경,T2 동의어,q_안경_04,안경원,건강·의료 중 '안경'을 판매·제공하는 매장,1cc561a4-0474-4a32-80b7-2cbbc5b5e53e,신안경원,안경,종암북바위길골목형상점가,골목형상점가,서울특별시,3.0,3.0,,,RESOLVED_AGREEMENT,False,3,,,,
376b36f710a98f5462c4,val,안경,T2 동의어,q_안경_04,안경원,건강·의료 중 '안경'을 판매·제공하는 매장,3452f186-c6a8-4a01-ba76-791bf99cd968,자운안경원,안경,자운대 골목형상점가,골목형상점가,대전광역시,3.0,3.0,,,RESOLVED_AGREEMENT,False,3,,,,
b54d88e0a11c290a12cb,val,안경,T2 동의어,q_안경_04,안경원,건강·의료 중 '안경'을 판매·제공하는 매장,e4f94073-c9b3-4f7b-9842-607e2d360842,서경석안경원,안경,천안역전시장(구 천안역공설시장),전통시장,충청남도,3.0,3.0,,,RESOLVED_AGREEMENT,False,3,,,,
e4d18a1c62a6996e7238,val,안경,T2 동의어,q_안경_04,안경원,건강·의료 중 '안경'을 판매·제공하는 매장,672ccfd2-9a82-47b8-b32a-33e87ab69ef8,플라노(PLANO)안경원,안경원,수원아이파크시티8단지상가 골목형상점가,골목형상점가,경기도,3.0,3.0,,,RESOLVED_AGREEMENT,False,3,,,,
8f9c9ee7e159505096f3,val,안경,T2 동의어,q_안경_04,안경원,건강·의료 중 '안경'을 판매·제공하는 매장,1871389d-e1e7-4d18-80da-2a78cdc0525a,고운빛안과,"안과, 건강기능식품",우산 동문로 골목형상점가,골목형상점가,광주광역시,1.0,2.0,,,P1_BINARY_THRESHOLD,True,,,,,
3af9b215a2a6f04f719a,val,안경,T2 동의어,q_안경_04,안경원,건강·의료 중 '안경'을 판매·제공하는 매장,273eb3f7-4255-4aed-a1f2-851e87478c80,삐리 안경원,,1939음악역 골목형상점가,골목형상점가,경기도,3.0,3.0,,,RESOLVED_AGREEMENT,False,3,,,,
af304f49d720984eb7a0,val,안경,T2 동의어,q_안경_04,안경원,건강·의료 중 '안경'을 판매·제공하는 매장,9ba8dcd4-2105-4666-ac9d-9c426f348204,더안경원,안경,송촌시장,전통시장,대전광역시,3.0,3.0,,,RESOLVED_AGREEMENT,False,3,,,,
16340460a98f4de37773,val,안경,T2 동의어,q_안경_04,안경원,건강·의료 중 '안경'을 판매·제공하는 매장,7c6e16bd-1ff8-4e34-94f9-8eb9174f1ffa,이안경원,안경,은행동상점가(구 으능정이상점가),자율상권구역,대전광역시,3.0,3.0,,,RESOLVED_AGREEMENT,False,3,,,,
8129e829c9e21a804291,val,안경,T2 동의어,q_안경_04,안경원,건강·의료 중 '안경'을 판매·제공하는 매장,20cfaed1-9c2f-4ba0-80cd-5da7a0ad941c,브람스 안경원,안경,안양1번가 상점가,자율상권구역,경기도,3.0,3.0,,,RESOLVED_AGREEMENT,False,3,,,,
9a2af0db48902f35a2c4,val,안경,T2 동의어,q_안경_04,안경원,건강·의료 중 '안경'을 판매·제공하는 매장,4cba8b13-3801-4ba2-8e6c-8c6c07db693d,글라스팩토리,안경원,경주중심상가,전통시장,경상북도,3.0,3.0,,,RESOLVED_AGREEMENT,False,3,,,,
0df855edfa6c6c204c29,val,안경,T2 동의어,q_안경_04,안경원,건강·의료 중 '안경'을 판매·제공하는 매장,e860db76-fc52-47f1-b3f9-0cc4968924ae,E-월드 안경원,안경,외도3 골목형상점가,골목형상점가,제주특별자치도,3.0,3.0,,,RESOLVED_AGREEMENT,False,3,,,,
fc673ebb60e12b95c783,val,안경,T2 동의어,q_안경_04,안경원,건강·의료 중 '안경'을 판매·제공하는 매장,536f4ad8-5efa-461a-8263-56b0f510954d,바른안경원,안경,태평상가,골목형상점가,경기도,3.0,3.0,,,RESOLVED_AGREEMENT,False,3,,,,
61cffa29b3a1fa2e493b,val,안경,T2 동의어,q_안경_04,안경원,건강·의료 중 '안경'을 판매·제공하는 매장,5a63dd06-42f2-49c2-8874-42a6cc2be82d,굿안경원,안경,별내별가람역상점가,골목형상점가,경기도,3.0,3.0,,,RESOLVED_AGREEMENT,False,3,,,,
cf3174c3a566a1778f64,val,안경,T2 동의어,q_안경_04,안경원,건강·의료 중 '안경'을 판매·제공하는 매장,dc8b6e53-ecca-466f-8718-e37324788fda,아이필안경원,안경,풍향골 골목형상점가,골목형상점가,광주광역시,3.0,3.0,,,RESOLVED_AGREEMENT,False,3,,,,
009e0f32435c21b49c3a,val,안경,T2 동의어,q_안경_04,안경원,건강·의료 중 '안경'을 판매·제공하는 매장,34ea6360-2c40-4eae-8c33-e993359b4d9c,참치생각,일식,문정동로데오상점가,자율상권구역,서울특별시,0.0,0.0,,,RESOLVED_AGREEMENT,False,0,,,,
d29db27b779760182fe5,val,안경,T2 동의어,q_안경_04,안경원,건강·의료 중 '안경'을 판매·제공하는 매장,ff92d595-2db0-484f-ae4d-204582988502,니콘안경원,안경,목포원도심상점가,자율상권구역,,3.0,3.0,,,RESOLVED_AGREEMENT,False,3,,,,
54a8c49d34411587e590,val,안경,T2 동의어,q_안경_04,안경원,건강·의료 중 '안경'을 판매·제공하는 매장,a8efc69a-732b-4f22-880e-f67da8cb694a,뉴롯데안경원,안경,쌍용1번가 골목형상점가,골목형상점가,충청남도,3.0,3.0,,,RESOLVED_AGREEMENT,False,3,,,,
9f429ef2b50a85af84c2,val,안경,T2 동의어,q_안경_04,안경원,건강·의료 중 '안경'을 판매·제공하는 매장,e840e695-f360-4ca8-861d-82d2a3c6f93d,세이 안경원,안경 등,궁동 골목형상점가,골목형상점가,대전광역시,3.0,3.0,,,RESOLVED_AGREEMENT,False,3,,,,
97709bfdfbcaaa3e53ae,val,안경,T2 동의어,q_안경_04,안경원,건강·의료 중 '안경'을 판매·제공하는 매장,607bd49a-14c9-4677-931e-c0cbd20abad4,신안경원,안경,한민시장,전통시장,대전광역시,3.0,3.0,,,RESOLVED_AGREEMENT,False,3,,,,
a127670a34ddaa12a2cb,val,안경,T2 동의어,q_안경_04,안경원,건강·의료 중 '안경'을 판매·제공하는 매장,0031a77b-4f01-4757-a2e9-7eb65ae09ab0,글라스위드렌즈안경 울산대점,,울산대바보사거리 골목형상점가,골목형상점가,울산광역시,3.0,3.0,,,RESOLVED_AGREEMENT,False,3,,,,
62722e156b8ed207a27f,val,안경,T2 동의어,q_안경_04,안경원,건강·의료 중 '안경'을 판매·제공하는 매장,106c3d09-2932-41ae-8043-0adc66566c00,해맑은EYE안경원,안경원,봉리단길골목형상점가,골목형상점가,서울특별시,3.0,3.0,,,RESOLVED_AGREEMENT,False,3,,,,
0a767c575d54aa2623b5,val,안경,T2 동의어,q_안경_04,안경원,건강·의료 중 '안경'을 판매·제공하는 매장,a6f9637a-a111-4e61-807e-414711e47fb7,명안경원,안경,신곡시장 골목형상점가,골목형상점가,서울특별시,3.0,3.0,,,RESOLVED_AGREEMENT,False,3,,,,
27e1e30d407f0473da2f,val,안경,T2 동의어,q_안경_04,안경원,건강·의료 중 '안경'을 판매·제공하는 매장,3b6f11ff-5066-4186-83df-ecee61abaa26,지니스 안경원,안경,두암지구입구 골목형상점가,골목형상점가,광주광역시,3.0,3.0,,,RESOLVED_AGREEMENT,False,3,,,,
662c6ce3300f4a2a2e6b,val,안경,T2 동의어,q_안경_04,안경원,건강·의료 중 '안경'을 판매·제공하는 매장,7d8df9ff-4684-466f-9522-4ec1a70623bd,아이원 안경원,안경,경주중심상가,전통시장,경상북도,3.0,3.0,,,RESOLVED_AGREEMENT,False,3,,,,
9410cf4c25d66909327b,val,안경,T2 동의어,q_안경_04,안경원,건강·의료 중 '안경'을 판매·제공하는 매장,512f40d9-5ddf-4ea5-b446-e6de9f7541cc,이촌시장 안경원,,이촌종합시장,전통시장,서울특별시,3.0,3.0,,,RESOLVED_AGREEMENT,False,3,,,,
4cb97e551069307eaa8b,val,안경,T2 동의어,q_안경_04,안경원,건강·의료 중 '안경'을 판매·제공하는 매장,0266bd67-c211-4ab4-bb83-af329b2ce979,공덕나인안경,안경콘택트렌즈,도화동상점가,자율상권구역,서울특별시,3.0,3.0,,,RESOLVED_AGREEMENT,False,3,,,,
1d3fa3b68b2fba252f85,val,안경,T2 동의어,q_안경_04,안경원,건강·의료 중 '안경'을 판매·제공하는 매장,0022ba93-553d-4d81-934b-054dfcb8309e,행복한안경,안경,태화시장,전통시장,울산광역시,3.0,3.0,,,RESOLVED_AGREEMENT,False,3,,,,
fa84d4ca38c7b9a2bcb0,val,안경,T2 동의어,q_안경_04,안경원,건강·의료 중 '안경'을 판매·제공하는 매장,0e170be8-4e2c-4008-adbc-7539572b5fc6,성모안과의원,안과,선부광장로상점가,자율상권구역,경기도,1.0,2.0,,,P1_BINARY_THRESHOLD,True,,,,,
c94bcc05e9328ee21163,val,안경,T2 동의어,q_안경_04,안경원,건강·의료 중 '안경'을 판매·제공하는 매장,01bcb519-0fa6-438a-927f-cf3d578789e8,아이라이크안경by씨채널,안경,진천혁신골목형상점가,골목형상점가,충청북도,3.0,3.0,,,RESOLVED_AGREEMENT,False,3,,,,
6e76449fc07a13108080,val,안경,T2 동의어,q_안경_04,안경원,건강·의료 중 '안경'을 판매·제공하는 매장,00112248-81bc-4fca-ac3c-f6d684bcf294,데일리뷰 안경원,,성성1번가 골목형상점가,골목형상점가,충청남도,3.0,3.0,,,RESOLVED_AGREEMENT,False,3,,,,
d6555e0d6a1169b25bac,val,안경,T2 동의어,q_안경_04,안경원,건강·의료 중 '안경'을 판매·제공하는 매장,504578a0-accf-4465-945f-0ed87ae388f4,가람안경원,안경,화성남양시장,전통시장,경기도,3.0,3.0,,,RESOLVED_AGREEMENT,False,3,,,,
f04909d71a38783221f9,val,안경,T2 동의어,q_안경_04,안경원,건강·의료 중 '안경'을 판매·제공하는 매장,a52dabea-4098-4153-b57c-8d6fd8610cac,좋은안경원,안경,"온양온천시장(온양재래시장, 전통시장)",전통시장,충청남도,3.0,3.0,,,RESOLVED_AGREEMENT,False,3,,,,
f3905d4f2400f4924d46,val,안경,T2 동의어,q_안경_04,안경원,건강·의료 중 '안경'을 판매·제공하는 매장,ffa803a4-fc12-4a16-9a3e-a24a35e01d81,조은안경원,안경,봉선중앙로 골목형상점가,골목형상점가,광주광역시,3.0,3.0,,,RESOLVED_AGREEMENT,False,3,,,,
bd61b182bacbf12e31fe,val,안경,T2 동의어,q_안경_04,안경원,건강·의료 중 '안경'을 판매·제공하는 매장,1f3aac79-72d6-4492-b407-64b468fae1a3,정안경원,안경,서천읍 군사리 골목형상점가,골목형상점가,충청남도,3.0,3.0,,,RESOLVED_AGREEMENT,False,3,,,,
d30cb4164d744b5a533f,val,안경,T2 동의어,q_안경_04,안경원,건강·의료 중 '안경'을 판매·제공하는 매장,62a5d55c-6254-474e-b350-19219dfaa532,밝은세상안경원,안경원,진해 군항상권활성화구역,상권활성화구역,경상남도,3.0,3.0,,,RESOLVED_AGREEMENT,False,3,,,,
7cbd444935bc40e2f604,val,안경,T2 동의어,q_안경_04,안경원,건강·의료 중 '안경'을 판매·제공하는 매장,0bbfdd25-ace6-4254-b8ac-7b55eec0f177,신월안경원,안경,신곡시장 골목형상점가,골목형상점가,서울특별시,3.0,3.0,,,RESOLVED_AGREEMENT,False,3,,,,
57ea22b3dc774a43d0a6,val,안경,T2 동의어,q_안경_04,안경원,건강·의료 중 '안경'을 판매·제공하는 매장,c4356ec0-9643-4b1f-af83-2e4b0efcda3c,민안경원,안경,석계역 골목형상점가,골목형상점가,서울특별시,3.0,3.0,,,RESOLVED_AGREEMENT,False,3,,,,
3077b6fd302ddc8bc053,val,안경,T2 동의어,q_안경_04,안경원,건강·의료 중 '안경'을 판매·제공하는 매장,1c84dc95-b95c-4b94-843f-1103c33562f0,고려안경원,안경,강화버스터미널시장,전통시장,인천광역시,3.0,3.0,,,RESOLVED_AGREEMENT,False,3,,,,
afa67f882599c707631b,val,안경,T2 동의어,q_안경_04,안경원,건강·의료 중 '안경'을 판매·제공하는 매장,81d7683e-74d8-433e-b03a-39e8d05a2b1f,이앤김 하이안경,안경원,양지중앙 골목형상점가,골목형상점가,경기도,3.0,3.0,,,RESOLVED_AGREEMENT,False,3,,,,
9375d6afd65512850dfd,val,안경,T2 동의어,q_안경_04,안경원,건강·의료 중 '안경'을 판매·제공하는 매장,b088810f-3207-439d-962a-88405333a098,밝고맑은 안경원,안경,포일중앙 골목형상점가,골목형상점가,경기도,3.0,3.0,,,RESOLVED_AGREEMENT,False,3,,,,
d4bc48dc06abc1da4053,val,안경,T2 동의어,q_안경_05,콘택트렌즈,건강·의료 중 '안경'을 판매·제공하는 매장,de8254ba-bce2-4618-aadd-2ad897477170,오렌즈 광주상무점,콘택트렌즈,치평동중흥상가상인회 골목형상점가,골목형상점가,광주광역시,3.0,3.0,,,RESOLVED_AGREEMENT,False,3,,,,
b185cea7c7377b77fc82,val,안경,T2 동의어,q_안경_05,콘택트렌즈,건강·의료 중 '안경'을 판매·제공하는 매장,1555bbc2-c392-400e-a7cc-2c18be99b84e,구내안경원,"안경, 콘택트렌즈",대명5동아우름길 골목형상점가,골목형상점가,대구광역시,3.0,3.0,,,RESOLVED_AGREEMENT,False,3,,,,
0066127eb6f34d0c5ab6,val,안경,T2 동의어,q_안경_05,콘택트렌즈,건강·의료 중 '안경'을 판매·제공하는 매장,df0a14b4-ed69-434a-9714-666cd0b045ec,렌즈미,"안경, 콘택트렌즈",전남대후문골목형상점가,골목형상점가,광주광역시,3.0,3.0,,,RESOLVED_AGREEMENT,False,3,,,,
95baa617e68bba289be4,val,안경,T2 동의어,q_안경_05,콘택트렌즈,건강·의료 중 '안경'을 판매·제공하는 매장,7885e14b-4018-4731-a912-891d65fa3fab,성모안경원,안경 및 콘택트렌즈,쌍문시장(쌍문역골목시장),전통시장,서울특별시,3.0,3.0,,,RESOLVED_AGREEMENT,False,3,,,,
917fd6c2384d517d034e,val,안경,T2 동의어,q_안경_05,콘택트렌즈,건강·의료 중 '안경'을 판매·제공하는 매장,0e170be8-4e2c-4008-adbc-7539572b5fc6,성모안과의원,안과,선부광장로상점가,자율상권구역,경기도,1.0,2.0,,,P1_BINARY_THRESHOLD,True,,,,,
c67ab58736909052a175,val,안경,T2 동의어,q_안경_05,콘택트렌즈,건강·의료 중 '안경'을 판매·제공하는 매장,ab6efd27-4a47-4ff2-814a-f3e3b80dfdb2,오렌즈,콘택트렌즈,일곡동 골목형상점가,골목형상점가,광주광역시,3.0,3.0,,,RESOLVED_AGREEMENT,False,3,,,,
44f7ce255e247b514bd8,val,안경,T2 동의어,q_안경_05,콘택트렌즈,건강·의료 중 '안경'을 판매·제공하는 매장,6f464dc0-8e05-4805-8d72-fc6e52462d02,렌즈 미,콘택트렌즈,진주 로데오거리상점가,자율상권구역,경상남도,3.0,3.0,,,RESOLVED_AGREEMENT,False,3,,,,
97d484eb195a839a3cc8,val,안경,T2 동의어,q_안경_05,콘택트렌즈,건강·의료 중 '안경'을 판매·제공하는 매장,c6023e97-d979-4ef6-8d10-4d4b0c44ff20,나눔상회,농산물,새마을시장,전통시장,서울특별시,0.0,0.0,,,RESOLVED_AGREEMENT,False,0,,,,
324d5f80586c5369a605,val,안경,T2 동의어,q_안경_05,콘택트렌즈,건강·의료 중 '안경'을 판매·제공하는 매장,3c5d2619-9ed7-4105-9165-298e261576d9,서독안경,안경 콘택트렌즈,용인중앙시장,전통시장,경기도,3.0,3.0,,,RESOLVED_AGREEMENT,False,3,,,,
52ae29b4c4d1c2eda71c,val,안경,T2 동의어,q_안경_05,콘택트렌즈,건강·의료 중 '안경'을 판매·제공하는 매장,c1adb617-05b5-4188-a2d0-b3a318dba438,오렌즈 상동점,콘택트렌즈,상동역 골목형상점가,골목형상점가,경기도,3.0,3.0,,,RESOLVED_AGREEMENT,False,3,,,,
8400d2cb0aefe2feee3e,val,안경,T2 동의어,q_안경_05,콘택트렌즈,건강·의료 중 '안경'을 판매·제공하는 매장,78373953-20ce-42ce-ba6a-7caa975fcf11,도매당안경,안경 및 콘택트렌즈,팔달문시장,전통시장,경기도,3.0,3.0,,,RESOLVED_AGREEMENT,False,3,,,,
274de9edd296a82cd517,val,안경,T2 동의어,q_안경_05,콘택트렌즈,건강·의료 중 '안경'을 판매·제공하는 매장,316f912b-7ec5-4ff0-af7a-ef03a4a50996,오렌즈 가로수길점,콘택트렌즈,신사세로수길골목형상점가,골목형상점가,서울특별시,3.0,3.0,,,RESOLVED_AGREEMENT,False,3,,,,
a6327c2e86949730d118,val,안경,T2 동의어,q_안경_05,콘택트렌즈,건강·의료 중 '안경'을 판매·제공하는 매장,43714f61-97d9-4b6c-9a2e-469aba8457d2,아이존,"안경, 콘택트렌즈",순천연향패션상가,자율상권구역,전라남도,3.0,3.0,,,RESOLVED_AGREEMENT,False,3,,,,
a92bcfe3ffa00bc99885,val,안경,T2 동의어,q_안경_05,콘택트렌즈,건강·의료 중 '안경'을 판매·제공하는 매장,dc157752-2c35-409a-93a1-3586cfd531a4,나렌즈(중앙로점),콘택트렌즈,대현프리몰 대구점,일반지하상점가,대구광역시,3.0,3.0,,,RESOLVED_AGREEMENT,False,3,,,,
ff38a24eb5e77f1ef234,val,안경,T2 동의어,q_안경_05,콘택트렌즈,건강·의료 중 '안경'을 판매·제공하는 매장,f6b521d2-86ab-46aa-b2b2-8b05ca5850ca,오렌즈 비젼센터 부평,콘택트렌즈,부평 문화의거리,전통시장,인천광역시,3.0,3.0,,,RESOLVED_AGREEMENT,False,3,,,,
adf9e97b14ca642334a0,val,안경,T2 동의어,q_안경_05,콘택트렌즈,건강·의료 중 '안경'을 판매·제공하는 매장,011e75cb-eb08-4161-9b41-65e8d204464c,이지안경,안경및콘택트렌즈,BOCA 보카상점가,골목형상점가,경기도,3.0,3.0,,,RESOLVED_AGREEMENT,False,3,,,,
f6074d0162092b3f2be8,val,안경,T2 동의어,q_안경_05,콘택트렌즈,건강·의료 중 '안경'을 판매·제공하는 매장,bfc7e006-06cf-413a-b422-bc1da5bc5ed4,밝은안경콘택트,안경 콘택트렌즈,능동상가,자율상권구역,경기도,3.0,3.0,,,RESOLVED_AGREEMENT,False,3,,,,
39298e0bf5a8853282f5,val,안경,T2 동의어,q_안경_05,콘택트렌즈,건강·의료 중 '안경'을 판매·제공하는 매장,c1158fe6-2322-4fbf-bbb1-a43f2110513d,오렌즈 신흥역점,콘택트렌즈,산성로 상권활성화구역,상권활성화구역,경기도,3.0,3.0,,,RESOLVED_AGREEMENT,False,3,,,,
0bf0a795968656345fa8,val,안경,T2 동의어,q_안경_05,콘택트렌즈,건강·의료 중 '안경'을 판매·제공하는 매장,6f36a479-82f0-4d7a-bb4d-56ce77ddab81,보노안경,안경 콘택트렌즈,본오로 골목형상점가,골목형상점가,경기도,3.0,3.0,,,RESOLVED_AGREEMENT,False,3,,,,
59c0bae3a69d87c4ffc5,val,안경,T2 동의어,q_안경_05,콘택트렌즈,건강·의료 중 '안경'을 판매·제공하는 매장,573d7872-e154-40cc-90f5-8cea86001616,렌즈미 범계,콘택트렌즈,평촌1번가 상점가,자율상권구역,경기도,3.0,3.0,,,RESOLVED_AGREEMENT,False,3,,,,
3a9c8e494f3fe9b8e6aa,val,안경,T2 동의어,q_안경_05,콘택트렌즈,건강·의료 중 '안경'을 판매·제공하는 매장,94d76f0e-053f-4ebe-af0b-7f16091a8808,대전 둔산렌즈미,콘택트렌즈,둔산2동 골목형상점가,골목형상점가,대전광역시,3.0,3.0,,,RESOLVED_AGREEMENT,False,3,,,,
ed1c4eea7980bc6940d3,val,안경,T2 동의어,q_안경_05,콘택트렌즈,건강·의료 중 '안경'을 판매·제공하는 매장,00efb47a-2e95-43a9-af76-8d8cd91d8c94,지니스안경세종새롬110호점,안경테 및 안경렌즈,새롬동 골목형상점가,골목형상점가,세종특별자치시,3.0,3.0,,,RESOLVED_AGREEMENT,False,3,,,,
8412333151de7732b646,val,안경,T2 동의어,q_안경_05,콘택트렌즈,건강·의료 중 '안경'을 판매·제공하는 매장,ac6b0cda-c161-4c87-b551-8dc02a275988,미라클안경,안경 및 콘택트렌즈,송강동 골목형상점가,골목형상점가,대전광역시,3.0,3.0,,,RESOLVED_AGREEMENT,False,3,,,,
8123bd4dcbf1810cfbea,val,안경,T2 동의어,q_안경_05,콘택트렌즈,건강·의료 중 '안경'을 판매·제공하는 매장,662e7179-6b22-4908-bea9-5f70f07d0e5a,오렌즈,콘택트렌즈,운암북문대로 골목형상점가,골목형상점가,광주광역시,3.0,3.0,,,RESOLVED_AGREEMENT,False,3,,,,
a079a36b864dd9140e8e,val,안경,T2 동의어,q_안경_05,콘택트렌즈,건강·의료 중 '안경'을 판매·제공하는 매장,aea810db-6e12-4dc5-bbba-2ec1893f8014,안경나라송천점,안경 콘택트렌즈,송천행복로 골목형상점가,골목형상점가,전북특별자치도,3.0,3.0,,,RESOLVED_AGREEMENT,False,3,,,,
faed945117b3a3f09c80,val,안경,T2 동의어,q_안경_05,콘택트렌즈,건강·의료 중 '안경'을 판매·제공하는 매장,59e4b123-35a3-41e6-a992-ae0c119d8f53,안경사랑,안경및 콘택트렌즈,정림동 골목형상점가,골목형상점가,대전광역시,3.0,3.0,,,RESOLVED_AGREEMENT,False,3,,,,
4ae7f0d0114e48c08869,val,안경,T2 동의어,q_안경_05,콘택트렌즈,건강·의료 중 '안경'을 판매·제공하는 매장,36c32c43-ccbe-49d1-a788-6fa8a996bc6b,바른안경,안경 콘택트렌즈,첨단동행 골목형상점가,골목형상점가,광주광역시,3.0,3.0,,,RESOLVED_AGREEMENT,False,3,,,,
2c42a5d8866dd9ef63f7,val,안경,T2 동의어,q_안경_05,콘택트렌즈,건강·의료 중 '안경'을 판매·제공하는 매장,0028e2be-f83a-47fd-83a9-f76bfb8df49a,청당안경렌즈미청당점,,청당4번가 골목형상점가,골목형상점가,충청남도,3.0,3.0,,,RESOLVED_AGREEMENT,False,3,,,,
90cc159a1ca313a163c4,val,안경,T2 동의어,q_안경_05,콘택트렌즈,건강·의료 중 '안경'을 판매·제공하는 매장,1871389d-e1e7-4d18-80da-2a78cdc0525a,고운빛안과,"안과, 건강기능식품",우산 동문로 골목형상점가,골목형상점가,광주광역시,1.0,2.0,,,P1_BINARY_THRESHOLD,True,,,,,
5e44e16541b5349b1b38,val,안경,T2 동의어,q_안경_05,콘택트렌즈,건강·의료 중 '안경'을 판매·제공하는 매장,003ea83c-ef37-4c55-ae9b-a59c93d1201f,K비젼안경 효천점,안경 및 콘택트렌즈,효천로 골목형상점가,골목형상점가,광주광역시,3.0,3.0,,,RESOLVED_AGREEMENT,False,3,,,,
12416651f476ff0a6115,val,안경,T2 동의어,q_안경_05,콘택트렌즈,건강·의료 중 '안경'을 판매·제공하는 매장,6ac5ed7f-0a9c-47e9-9707-4355897588d8,오렌즈속초점,안경 콘택트렌즈,설악로데오거리상점가,자율상권구역,강원특별자치도,3.0,3.0,,,RESOLVED_AGREEMENT,False,3,,,,
962b017c08118839709c,val,안경,T2 동의어,q_안경_05,콘택트렌즈,건강·의료 중 '안경'을 판매·제공하는 매장,0184ed05-765c-4947-bbf8-dff527177252,안경을 찾는 사람들,안경,발안만세시장(구 발안시장),전통시장,경기도,3.0,3.0,,,RESOLVED_AGREEMENT,False,3,,,,
4bb345e0a88a8773963a,val,안경,T2 동의어,q_안경_05,콘택트렌즈,건강·의료 중 '안경'을 판매·제공하는 매장,a4cf9c9a-5d6c-4ae7-b14b-e56e07877ded,안경마트,안경 콘택트렌즈,의왕예술의거리골목형상점가,골목형상점가,경기도,3.0,3.0,,,RESOLVED_AGREEMENT,False,3,,,,
2705333a7669506cd9f3,val,안경,T2 동의어,q_안경_05,콘택트렌즈,건강·의료 중 '안경'을 판매·제공하는 매장,2300d1e7-2542-4faf-8bd7-97b2175da530,타조안경원,안경및 콘택트렌즈,다정중앙 골목형상점가,골목형상점가,세종특별자치시,3.0,3.0,,,RESOLVED_AGREEMENT,False,3,,,,
ae9efca64dffcc3da7e7,val,안경,T2 동의어,q_안경_05,콘택트렌즈,건강·의료 중 '안경'을 판매·제공하는 매장,5e3e25ec-8c42-463d-9411-25f1da54b9ce,윙크 범계점,콘택트렌즈,평촌1번가 상점가,자율상권구역,경기도,3.0,3.0,,,RESOLVED_AGREEMENT,False,3,,,,
363083dd418e64855b92,val,안경,T2 동의어,q_안경_05,콘택트렌즈,건강·의료 중 '안경'을 판매·제공하는 매장,9f221c9d-1bfc-484a-a2b4-967dcb728209,라온안경,안경 및 콘택트렌즈,이천중앙로상가,자율상권구역,경기도,3.0,3.0,,,RESOLVED_AGREEMENT,False,3,,,,
7149c1a64fef27a574ec,val,안경,T2 동의어,q_안경_05,콘택트렌즈,건강·의료 중 '안경'을 판매·제공하는 매장,145640c1-2fdd-466c-9c19-450a2949daf6,렌즈미 천호점,콘택트렌즈,천호로데오거리상점가,자율상권구역,서울특별시,3.0,3.0,,,RESOLVED_AGREEMENT,False,3,,,,
d33b2e8c8679f1c766a2,val,안경,T2 동의어,q_안경_05,콘택트렌즈,건강·의료 중 '안경'을 판매·제공하는 매장,01bcb519-0fa6-438a-927f-cf3d578789e8,아이라이크안경by씨채널,안경,진천혁신골목형상점가,골목형상점가,충청북도,3.0,3.0,,,RESOLVED_AGREEMENT,False,3,,,,
4729936576350d1b893b,val,안경,T2 동의어,q_안경_05,콘택트렌즈,건강·의료 중 '안경'을 판매·제공하는 매장,00c9a212-c673-4e9c-a890-7e39a3da51b6,파룩스안경원,안경,샘머리 골목형상점가,골목형상점가,대전광역시,3.0,3.0,,,RESOLVED_AGREEMENT,False,3,,,,
9ae2158537ccdc533ced,val,안경,T2 동의어,q_안경_05,콘택트렌즈,건강·의료 중 '안경'을 판매·제공하는 매장,1749d275-3dc5-427a-b680-5c853a65b661,정상기안과의원,안과,신세계앞상인회 골목형상점가,골목형상점가,광주광역시,1.0,2.0,,,P1_BINARY_THRESHOLD,True,,,,,
0917b0f24221930e7cfc,val,안경,T2 동의어,q_안경_05,콘택트렌즈,건강·의료 중 '안경'을 판매·제공하는 매장,94ee64b5-115e-46dc-b6f5-3ddb128c40f7,유니코안경원,안경 및 콘택트렌즈,백년소상공인,기타,제주특별자치도,3.0,3.0,,,RESOLVED_AGREEMENT,False,3,,,,
8f8494961c89f65af5ab,val,안경,T2 동의어,q_안경_05,콘택트렌즈,건강·의료 중 '안경'을 판매·제공하는 매장,0c5d0d59-39d9-4cbf-beb0-11c32fc711c0,렌즈하우스 안경원,콘택트렌즈,서면1번가 자율상권구역,,부산광역시,3.0,3.0,,,RESOLVED_AGREEMENT,False,3,,,,
7712ca37b1ab7b1438b7,val,안경,T2 동의어,q_안경_05,콘택트렌즈,건강·의료 중 '안경'을 판매·제공하는 매장,0d8d4cc2-c8b1-45d3-a03d-98a542c67b3c,오렌즈 성남점,콘택트렌즈,수정로 상권활성화구역,상권활성화구역,경기도,3.0,3.0,,,RESOLVED_AGREEMENT,False,3,,,,
8e917b17c4d9ccd02058,val,안경,T2 동의어,q_안경_05,콘택트렌즈,건강·의료 중 '안경'을 판매·제공하는 매장,36d84648-26c2-4431-b29c-827f4f89721c,불란서안경원,안경외 콘택트렌즈,서천시장거리 골목형상점가,골목형상점가,충청남도,3.0,3.0,,,RESOLVED_AGREEMENT,False,3,,,,
747e8705dadecfc40226,val,안경,T2 동의어,q_안경_05,콘택트렌즈,건강·의료 중 '안경'을 판매·제공하는 매장,d0c702df-f646-4160-9054-b56939962ff5,가온안경,안경 및 콘택트렌즈 소매업,동천동먹자골목1번가상인회 골목형상점가,골목형상점가,광주광역시,3.0,3.0,,,RESOLVED_AGREEMENT,False,3,,,,
edbf618a1e6c2596a46a,val,안경,T2 동의어,q_안경_05,콘택트렌즈,건강·의료 중 '안경'을 판매·제공하는 매장,0031a77b-4f01-4757-a2e9-7eb65ae09ab0,글라스위드렌즈안경 울산대점,,울산대바보사거리 골목형상점가,골목형상점가,울산광역시,3.0,3.0,,,RESOLVED_AGREEMENT,False,3,,,,
dca87d79961d49e41381,val,안경,T2 동의어,q_안경_05,콘택트렌즈,건강·의료 중 '안경'을 판매·제공하는 매장,1611f28e-8824-48a7-875a-6a4ee60a6369,안경마트,"안경, 콘택트렌즈",춘천지하상가,일반지하상점가,강원특별자치도,3.0,3.0,,,RESOLVED_AGREEMENT,False,3,,,,
6684e38ce21cf86691c9,val,안경,T2 동의어,q_안경_05,콘택트렌즈,건강·의료 중 '안경'을 판매·제공하는 매장,a5582fc1-b36e-42a8-aed1-10fa73f69831,렌즈미주안점,콘택트렌즈,주안역지하도상점가,일반지하상점가,인천광역시,3.0,3.0,,,RESOLVED_AGREEMENT,False,3,,,,
c1f3d7b733c9ef5d91f8,val,안경,T2 동의어,q_안경_05,콘택트렌즈,건강·의료 중 '안경'을 판매·제공하는 매장,e4e4a3db-1673-4f6a-8eef-23d3bf76a279,장터짜장,중식,안양중앙인정시장,전통시장,경기도,0.0,0.0,,,RESOLVED_AGREEMENT,False,0,,,,
19d4a9296dd7f08cea60,val,안경,T2 동의어,q_안경_05,콘택트렌즈,건강·의료 중 '안경'을 판매·제공하는 매장,bd1336d1-f9d8-4581-8d7f-fca5599bca34,오렌즈 김천역점 일,콘택트렌즈,평화로상가,자율상권구역,경상북도,3.0,3.0,,,RESOLVED_AGREEMENT,False,3,,,,
ad20461173662b2b3aa2,val,안경,T2 동의어,q_안경_05,콘택트렌즈,건강·의료 중 '안경'을 판매·제공하는 매장,010604a1-9bcd-4057-8360-47c77d14504a,굿모닝안경.콘택트,안경,서재소상공인연합회,골목형상점가,대구광역시,3.0,3.0,,,RESOLVED_AGREEMENT,False,3,,,,
7b0aa83b618ee22d6d30,val,안경,T2 동의어,q_안경_05,콘택트렌즈,건강·의료 중 '안경'을 판매·제공하는 매장,1d56f4a0-e43b-41a8-a0f8-39fa70226f53,다봄안과의원,안과,구성언남 골목형상점가,골목형상점가,경기도,1.0,2.0,,,P1_BINARY_THRESHOLD,True,,,,,
bf474a1fd4107b719904,val,안경,T2 동의어,q_안경_05,콘택트렌즈,건강·의료 중 '안경'을 판매·제공하는 매장,f4162b7e-1557-4939-8f36-0db1ba276122,옐로우팩토리,아동복,삼익패션타운,전통시장,서울특별시,0.0,0.0,,,RESOLVED_AGREEMENT,False,0,,,,
bc089325567262e48ee2,val,안경,T2 동의어,q_안경_05,콘택트렌즈,건강·의료 중 '안경'을 판매·제공하는 매장,895492ee-1273-4f9e-acee-bb3a8e4ff67c,오렌즈 방배역점,콘택트렌즈,방배역먹자골목 골목형상점가,골목형상점가,서울특별시,3.0,3.0,,,RESOLVED_AGREEMENT,False,3,,,,
ae0c7030deb1f01b9570,val,안경,T2 동의어,q_안경_05,콘택트렌즈,건강·의료 중 '안경'을 판매·제공하는 매장,0266bd67-c211-4ab4-bb83-af329b2ce979,공덕나인안경,안경콘택트렌즈,도화동상점가,자율상권구역,서울특별시,3.0,3.0,,,RESOLVED_AGREEMENT,False,3,,,,
202c3da4238dffd5a0e6,val,안경,T2 동의어,q_안경_05,콘택트렌즈,건강·의료 중 '안경'을 판매·제공하는 매장,ac12611f-6cbe-4525-aae9-47e5b5256e94,세기안경,안경 및 콘택트렌즈,숭례문수입상가,전통시장,서울특별시,3.0,3.0,,,RESOLVED_AGREEMENT,False,3,,,,
0d16558e3da19ca5e326,val,안경,T2 동의어,q_안경_05,콘택트렌즈,건강·의료 중 '안경'을 판매·제공하는 매장,019928e4-ddbb-47c4-951f-f3b31a893f1d,안경마을,안경 콘택트렌즈,구갈상점가,자율상권구역,경기도,3.0,3.0,,,RESOLVED_AGREEMENT,False,3,,,,
ad24168f25107bf2c832,val,안경,T2 동의어,q_안경_05,콘택트렌즈,건강·의료 중 '안경'을 판매·제공하는 매장,3bfe0b37-3bfd-4a8b-8c9e-4013b7ba97da,인덕원홍어,한식,인덕원 골목형상점가,골목형상점가,경기도,0.0,0.0,,,RESOLVED_AGREEMENT,False,0,,,,
f0f8a80ffdc2c74c65a5,val,안경,T2 동의어,q_안경_05,콘택트렌즈,건강·의료 중 '안경'을 판매·제공하는 매장,fd7676e3-cd8c-4853-b1e4-999eab96d088,오렌즈두정점,콘택트렌즈,두정동상점가,자율상권구역,충청남도,3.0,3.0,,,RESOLVED_AGREEMENT,False,3,,,,
7c267464b52e20eb701d,val,안경,T2 동의어,q_안경_05,콘택트렌즈,건강·의료 중 '안경'을 판매·제공하는 매장,a7c55e63-5202-4ffa-a7a8-f92551dd6a9f,오렌즈 세종도담점,콘택트렌즈,카림애비뉴애 골목형상점가,골목형상점가,세종특별자치시,3.0,3.0,,,RESOLVED_AGREEMENT,False,3,,,,
8d2ba75dfaf0d167efd8,val,안경,T2 동의어,q_안경_05,콘택트렌즈,건강·의료 중 '안경'을 판매·제공하는 매장,1eee5cd3-ff2b-460d-a7ba-8ae95c9d3c57,오렌즈 청주금천점,콘택트렌즈,쇠내울골목형상점가,골목형상점가,충청북도,3.0,3.0,,,RESOLVED_AGREEMENT,False,3,,,,
f6f85e420eac11bc05b4,val,안경,T2 동의어,q_안경_05,콘택트렌즈,건강·의료 중 '안경'을 판매·제공하는 매장,8a101750-aca9-4979-a1c0-7f5894df3236,윙크 진주점,콘택트렌즈,진주 로데오거리상점가,자율상권구역,경상남도,3.0,3.0,,,RESOLVED_AGREEMENT,False,3,,,,
e3a03c838c7ef13813de,val,안경,T2 동의어,q_안경_05,콘택트렌즈,건강·의료 중 '안경'을 판매·제공하는 매장,b8670cbd-bb94-4a3e-80e6-fc6cad6f0ab7,유성감자탕,한식,매포전통시장(매포재래시장),전통시장,충청북도,0.0,0.0,,,RESOLVED_AGREEMENT,False,0,,,,
fcbc2fb57cacef04c3c5,val,안경,T2 동의어,q_안경_05,콘택트렌즈,건강·의료 중 '안경'을 판매·제공하는 매장,ac1db1c1-2a2e-4303-a74b-464a83624322,렌즈모아,콘택트렌즈,평화로상가,자율상권구역,경상북도,3.0,3.0,,,RESOLVED_AGREEMENT,False,3,,,,
93ace2b0d3308fa2f610,val,안경,T2 동의어,q_안경_05,콘택트렌즈,건강·의료 중 '안경'을 판매·제공하는 매장,be400f72-fc1e-428d-aea8-ce3920eeee06,오렌즈서면지하2호점,콘택트렌즈,서면지하도상가 서면몰(대현프리몰),일반지하상점가,부산광역시,3.0,3.0,,,RESOLVED_AGREEMENT,False,3,,,,
3593a529308bbf57d6af,val,안경,T2 동의어,q_안경_05,콘택트렌즈,건강·의료 중 '안경'을 판매·제공하는 매장,fbd9e570-c34d-4e70-a4ce-91801839dd9a,근초네,한식,영덕시장,전통시장,경상북도,0.0,0.0,,,RESOLVED_AGREEMENT,False,0,,,,
db9fca4fade80731479f,val,안경,T2 동의어,q_안경_05,콘택트렌즈,건강·의료 중 '안경'을 판매·제공하는 매장,f9cb7223-ee9e-4ea7-84c2-ae7c50589560,기호,회,연남동골목형상점가,골목형상점가,서울특별시,0.0,0.0,,,RESOLVED_AGREEMENT,False,0,,,,
a30080843bba35fdfea6,val,안경,T2 동의어,q_안경_05,콘택트렌즈,건강·의료 중 '안경'을 판매·제공하는 매장,02822efb-f50a-45c4-8f4d-bfbba20a01e4,오렌즈충주점,"안경, 렌즈",성서중심시장(성서시장문화의거리 통합),전통시장,충청북도,3.0,3.0,,,RESOLVED_AGREEMENT,False,3,,,,
c93c359bf3c796062aba,val,안경,T2 동의어,q_안경_05,콘택트렌즈,건강·의료 중 '안경'을 판매·제공하는 매장,be199ff8-dcc9-4b62-be5d-e170f4eeeac1,금송안경콘택트,"안경, 렌즈, 콘택트렌즈",비카인드 자율상권구역,,경상북도,3.0,3.0,,,RESOLVED_AGREEMENT,False,3,,,,
9eabd9cfd63481fdf336,val,안경,T2 동의어,q_안경_05,콘택트렌즈,건강·의료 중 '안경'을 판매·제공하는 매장,baec2580-587f-45e8-8edb-7f3414c63c3f,대한민국정육점,육류,성서와룡시장,전통시장,대구광역시,0.0,0.0,,,RESOLVED_AGREEMENT,False,0,,,,
66567f2f392b717e7dde,val,안경,T2 동의어,q_안경_05,콘택트렌즈,건강·의료 중 '안경'을 판매·제공하는 매장,1965be11-0923-408a-83df-3a1a999e4ca6,천안서울안과 신불당점의원,안과,시청앞 골목형상점가,골목형상점가,충청남도,1.0,2.0,,,P1_BINARY_THRESHOLD,True,,,,,
de548947b9b5da6fa315,val,안경,T2 동의어,q_안경_05,콘택트렌즈,건강·의료 중 '안경'을 판매·제공하는 매장,5f5b4bfd-3dcb-4a7f-901a-cd2a5ed8c1a1,포나인안경원,안경 콘택트렌즈,오목교역8번출구골목형상점가,골목형상점가,서울특별시,3.0,3.0,,,RESOLVED_AGREEMENT,False,3,,,,
260f5e64051a01718503,val,안경,T2 동의어,q_안경_05,콘택트렌즈,건강·의료 중 '안경'을 판매·제공하는 매장,00112248-81bc-4fca-ac3c-f6d684bcf294,데일리뷰 안경원,,성성1번가 골목형상점가,골목형상점가,충청남도,3.0,3.0,,,RESOLVED_AGREEMENT,False,3,,,,
d1e37a79d0d3d32575bb,val,안경,T2 동의어,q_안경_05,콘택트렌즈,건강·의료 중 '안경'을 판매·제공하는 매장,07208f66-d682-4eeb-8358-b603764e70ab,오렌즈 수완점,안경 콘택트렌즈,희담길,골목형상점가,광주광역시,3.0,3.0,,,RESOLVED_AGREEMENT,False,3,,,,
5db0970048ff17849c49,val,안경,T2 동의어,q_안경_05,콘택트렌즈,건강·의료 중 '안경'을 판매·제공하는 매장,a259e691-82b2-4695-802d-a23a50b26f01,모모안경,"안경, 콘택트렌즈",새롬동 골목형상점가,골목형상점가,세종특별자치시,3.0,3.0,,,RESOLVED_AGREEMENT,False,3,,,,
97db879f3e9a05982890,val,안경,T2 동의어,q_안경_05,콘택트렌즈,건강·의료 중 '안경'을 판매·제공하는 매장,e5a192a2-17b4-4ec2-bd6b-97414e254386,이마트 봉선점 렌즈맨 안경 콘택트,안경 및 콘택트렌즈,용대로53번길 골목형상점가,골목형상점가,광주광역시,3.0,3.0,,,RESOLVED_AGREEMENT,False,3,,,,
39c2ef67719fe387dcac,val,안경,T2 동의어,q_안경_05,콘택트렌즈,건강·의료 중 '안경'을 판매·제공하는 매장,e8be73de-72ee-4d06-9bfe-5641c57d243d,상은안경,안경 콘택트렌즈,남대문시장,전통시장,서울특별시,3.0,3.0,,,RESOLVED_AGREEMENT,False,3,,,,
93d0685f554059e2d332,val,안경,T2 동의어,q_안경_05,콘택트렌즈,건강·의료 중 '안경'을 판매·제공하는 매장,f1842dc5-fbfa-40bd-8a81-2ff8841e434e,안경마을,"안경, 콘택트렌즈",연서별빛골목 골목형상점가,골목형상점가,서울특별시,3.0,3.0,,,RESOLVED_AGREEMENT,False,3,,,,
cfb2af81ef2665a4e581,val,안경,T2 동의어,q_안경_05,콘택트렌즈,건강·의료 중 '안경'을 판매·제공하는 매장,203e8a4d-da3e-4ce8-a0ad-17386061bc96,렌즈미 김량장점,콘택트렌즈,용인중앙시장,전통시장,경기도,3.0,3.0,,,RESOLVED_AGREEMENT,False,3,,,,
82ab013e760cb21ea76c,val,안경,T2 동의어,q_안경_05,콘택트렌즈,건강·의료 중 '안경'을 판매·제공하는 매장,9df39e6a-d74b-4021-8fd9-ae64dba24298,오렌즈,안경 및 콘택트렌즈,영등포로타리지하도상점가,일반지하상점가,서울특별시,3.0,3.0,,,RESOLVED_AGREEMENT,False,3,,,,
1fb5687fa16fedf34098,val,안경,T2 동의어,q_안경_05,콘택트렌즈,건강·의료 중 '안경'을 판매·제공하는 매장,261f34cb-6276-4f67-8091-5b3e2fe5f366,오렌즈 전북대점,콘택트렌즈,전북대대학로상점가,자율상권구역,전북특별자치도,3.0,3.0,,,RESOLVED_AGREEMENT,False,3,,,,
1b2b5a12ee1698038df3,val,안경,T2 동의어,q_안경_05,콘택트렌즈,건강·의료 중 '안경'을 판매·제공하는 매장,88e4e458-e464-4f99-b797-2e49682658f7,오렌즈반월당,콘택트렌즈,메트로센터(반월당지하쇼핑),일반지하상점가,대구광역시,3.0,3.0,,,RESOLVED_AGREEMENT,False,3,,,,
09986c69f512d27ac1dc,val,안경,T2 동의어,q_안경_05,콘택트렌즈,건강·의료 중 '안경'을 판매·제공하는 매장,0022ba93-553d-4d81-934b-054dfcb8309e,행복한안경,안경,태화시장,전통시장,울산광역시,3.0,3.0,,,RESOLVED_AGREEMENT,False,3,,,,
d3c2edcaf1c6204d23ab,val,안경,T2 동의어,q_안경_05,콘택트렌즈,건강·의료 중 '안경'을 판매·제공하는 매장,44433bc6-11ab-42c0-bc3a-9f5b6b6bf481,오렌즈홍성점,콘택트렌즈,홍성명동상가,자율상권구역,충청남도,3.0,3.0,,,RESOLVED_AGREEMENT,False,3,,,,
7c78b0cc750f6413bc7e,val,안경,T4 구어·문장,q_안경_06,눈 검사하고 안경 맞추기,건강·의료 중 '안경'을 판매·제공하는 매장,7e90589b-8c1f-4da8-a8b3-7404fa21f02c,한국안경,안경,(지정취소)다산마을상가거리골목형상점가,골목형상점가,서울특별시,3.0,3.0,,,RESOLVED_AGREEMENT,False,3,,,,
a3225642f7c9b5ee2cf5,val,안경,T4 구어·문장,q_안경_06,눈 검사하고 안경 맞추기,건강·의료 중 '안경'을 판매·제공하는 매장,35b1f58d-97af-4415-96d8-d259e59c1df0,안경이야기,안경,진해중앙시장,전통시장,경상남도,3.0,3.0,,,RESOLVED_AGREEMENT,False,3,,,,
f136f0c5bb2cd706f652,val,안경,T4 구어·문장,q_안경_06,눈 검사하고 안경 맞추기,건강·의료 중 '안경'을 판매·제공하는 매장,1871389d-e1e7-4d18-80da-2a78cdc0525a,고운빛안과,"안과, 건강기능식품",우산 동문로 골목형상점가,골목형상점가,광주광역시,1.0,2.0,,,P1_BINARY_THRESHOLD,True,,,,,
22046abf76003fc9985d,val,안경,T4 구어·문장,q_안경_06,눈 검사하고 안경 맞추기,건강·의료 중 '안경'을 판매·제공하는 매장,1965be11-0923-408a-83df-3a1a999e4ca6,천안서울안과 신불당점의원,안과,시청앞 골목형상점가,골목형상점가,충청남도,1.0,2.0,,,P1_BINARY_THRESHOLD,True,,,,,
5d9ff766090871792d21,val,안경,T4 구어·문장,q_안경_06,눈 검사하고 안경 맞추기,건강·의료 중 '안경'을 판매·제공하는 매장,28ecf106-dce6-444b-ba0b-6caeca7de236,안경이야기,안경,화개 상인회 골목형상점가,골목형상점가,광주광역시,3.0,3.0,,,RESOLVED_AGREEMENT,False,3,,,,
d58b1e6281005fca2250,val,안경,T4 구어·문장,q_안경_06,눈 검사하고 안경 맞추기,건강·의료 중 '안경'을 판매·제공하는 매장,94189e63-e824-4239-88f2-c2f587330ad0,안경천국,안경,송정동 상점가,자율상권구역,경기도,3.0,3.0,,,RESOLVED_AGREEMENT,False,3,,,,
4e82a315b1406f82b922,val,안경,T4 구어·문장,q_안경_06,눈 검사하고 안경 맞추기,건강·의료 중 '안경'을 판매·제공하는 매장,16a3e8d7-70cf-4d01-9b87-8b6c04e250a8,눈맞춤안경,안경 및 렌즈,신용동 골목형상점가,골목형상점가,광주광역시,3.0,3.0,,,RESOLVED_AGREEMENT,False,3,,,,
fd50a73d5ab584c25606,val,안경,T4 구어·문장,q_안경_06,눈 검사하고 안경 맞추기,건강·의료 중 '안경'을 판매·제공하는 매장,f2086bd9-791b-48b8-a840-1b5a64ce2ceb,눈사랑안경,안경 및 렌즈,삼정코아 골목형상점가,골목형상점가,부산광역시,3.0,3.0,,,RESOLVED_AGREEMENT,False,3,,,,
5ab577000a4532c27072,val,안경,T4 구어·문장,q_안경_06,눈 검사하고 안경 맞추기,건강·의료 중 '안경'을 판매·제공하는 매장,0d56e97a-6496-4a7b-a973-56ec9319e8ee,따듯점,,신정역 골목형상점가,골목형상점가,서울특별시,,0.0,Y,,P0_UNCERTAIN_OR_MISSING,True,,,,,
860eb3b5aa50052d1545,val,안경,T4 구어·문장,q_안경_06,눈 검사하고 안경 맞추기,건강·의료 중 '안경'을 판매·제공하는 매장,5d851b48-be5c-4a17-b420-ff18ea2615a5,알파안경,안경,조원시장,전통시장,경기도,3.0,3.0,,,RESOLVED_AGREEMENT,False,3,,,,
d324d3a56a5318a909ba,val,안경,T4 구어·문장,q_안경_06,눈 검사하고 안경 맞추기,건강·의료 중 '안경'을 판매·제공하는 매장,ab16742d-7f22-448f-9a75-6002bb94db48,나렌즈,안경,메트로센터(반월당지하쇼핑),일반지하상점가,대구광역시,3.0,3.0,,,RESOLVED_AGREEMENT,False,3,,,,
3ecdf095e755e4ebfe9c,val,안경,T4 구어·문장,q_안경_06,눈 검사하고 안경 맞추기,건강·의료 중 '안경'을 판매·제공하는 매장,0184ed05-765c-4947-bbf8-dff527177252,안경을 찾는 사람들,안경,발안만세시장(구 발안시장),전통시장,경기도,3.0,3.0,,,RESOLVED_AGREEMENT,False,3,,,,
2a0f70d5776760369323,val,안경,T4 구어·문장,q_안경_06,눈 검사하고 안경 맞추기,건강·의료 중 '안경'을 판매·제공하는 매장,d89c1629-b94f-42fe-98d4-c85012b24e39,눈보안경 첨단점,안경,첨단동행 골목형상점가,골목형상점가,광주광역시,3.0,3.0,,,RESOLVED_AGREEMENT,False,3,,,,
c0ee564e4a1031cd2e23,val,안경,T4 구어·문장,q_안경_06,눈 검사하고 안경 맞추기,건강·의료 중 '안경'을 판매·제공하는 매장,0022ba93-553d-4d81-934b-054dfcb8309e,행복한안경,안경,태화시장,전통시장,울산광역시,3.0,3.0,,,RESOLVED_AGREEMENT,False,3,,,,
1967008518263e24e394,val,안경,T4 구어·문장,q_안경_06,눈 검사하고 안경 맞추기,건강·의료 중 '안경'을 판매·제공하는 매장,ebec1066-75c0-481c-a409-02393ce47492,눈편한안경원,안경,이충 중심상가,골목형상점가,경기도,3.0,3.0,,,RESOLVED_AGREEMENT,False,3,,,,
7087cf9c9a5b2d16e7a5,val,안경,T4 구어·문장,q_안경_06,눈 검사하고 안경 맞추기,건강·의료 중 '안경'을 판매·제공하는 매장,94137d3b-0413-43fa-b207-1868cd74b4a8,망고랑,카페,북촌계동길골목형상점가,골목형상점가,서울특별시,0.0,0.0,,,RESOLVED_AGREEMENT,False,0,,,,
a3b9e936b10206a9d7f1,val,안경,T4 구어·문장,q_안경_06,눈 검사하고 안경 맞추기,건강·의료 중 '안경'을 판매·제공하는 매장,1749d275-3dc5-427a-b680-5c853a65b661,정상기안과의원,안과,신세계앞상인회 골목형상점가,골목형상점가,광주광역시,1.0,2.0,,,P1_BINARY_THRESHOLD,True,,,,,
e161d2126b943101c668,val,안경,T4 구어·문장,q_안경_06,눈 검사하고 안경 맞추기,건강·의료 중 '안경'을 판매·제공하는 매장,d309d034-1812-4e8d-8248-eddf35c195b9,모든안경,안경,화정꽃마을상인회 골목형상점가,골목형상점가,광주광역시,3.0,3.0,,,RESOLVED_AGREEMENT,False,3,,,,
d12046f5f6074ffb0b78,val,안경,T4 구어·문장,q_안경_06,눈 검사하고 안경 맞추기,건강·의료 중 '안경'을 판매·제공하는 매장,6bd6a6da-cce6-481a-8049-966b568c3741,안경빛나,안경,일번지프라자 골목형상점가,골목형상점가,경기도,3.0,3.0,,,RESOLVED_AGREEMENT,False,3,,,,
52d83cd217125041346f,val,안경,T4 구어·문장,q_안경_06,눈 검사하고 안경 맞추기,건강·의료 중 '안경'을 판매·제공하는 매장,29faa1d7-404f-4dad-b0ef-68f63fcbe76a,이삭안경,안경,창원 반송시장,전통시장,경상남도,3.0,3.0,,,RESOLVED_AGREEMENT,False,3,,,,
9f8534b827ff756c485c,val,안경,T4 구어·문장,q_안경_06,눈 검사하고 안경 맞추기,건강·의료 중 '안경'을 판매·제공하는 매장,4e76be92-56ff-45e7-bed3-b3844d758167,로덴안경,안경,김해 대우유토피아상가,골목형상점가,경상남도,3.0,3.0,,,RESOLVED_AGREEMENT,False,3,,,,
74df3b781cd3f88cb909,val,안경,T4 구어·문장,q_안경_06,눈 검사하고 안경 맞추기,건강·의료 중 '안경'을 판매·제공하는 매장,0e170be8-4e2c-4008-adbc-7539572b5fc6,성모안과의원,안과,선부광장로상점가,자율상권구역,경기도,1.0,2.0,,,P1_BINARY_THRESHOLD,True,,,,,
10826dd9b78e1257a1c3,val,안경,T4 구어·문장,q_안경_06,눈 검사하고 안경 맞추기,건강·의료 중 '안경'을 판매·제공하는 매장,51604749-8873-4a77-a4b2-3d89654bb1d2,눈사랑안경(경산점),안경,경산중앙로상점가,자율상권구역,경상북도,3.0,3.0,,,RESOLVED_AGREEMENT,False,3,,,,
6bb4822d031785fef1a8,val,안경,T4 구어·문장,q_안경_06,눈 검사하고 안경 맞추기,건강·의료 중 '안경'을 판매·제공하는 매장,c20ad57c-5d9e-4cd9-8dff-94be2ca1c274,아이탑안경,안경,매봉 골목형상점가,골목형상점가,광주광역시,3.0,3.0,,,RESOLVED_AGREEMENT,False,3,,,,
7f850e20573b92a4f5c1,val,안경,T4 구어·문장,q_안경_06,눈 검사하고 안경 맞추기,건강·의료 중 '안경'을 판매·제공하는 매장,8a7e4c58-2e87-4ff2-bd8e-f452de6a0476,일로아 안경,안경,남악사랑 골목형상점가,골목형상점가,전라남도,3.0,3.0,,,RESOLVED_AGREEMENT,False,3,,,,
b79772f04f7f09b2d857,val,안경,T4 구어·문장,q_안경_06,눈 검사하고 안경 맞추기,건강·의료 중 '안경'을 판매·제공하는 매장,75145b4e-9889-4b30-b9d1-28e4451d3ff7,동숭안경,안경,학운동 365 골목형상점가,골목형상점가,광주광역시,3.0,3.0,,,RESOLVED_AGREEMENT,False,3,,,,
79dfb5caf7653f2054cd,val,안경,T4 구어·문장,q_안경_06,눈 검사하고 안경 맞추기,건강·의료 중 '안경'을 판매·제공하는 매장,90799f0a-668c-4c2e-a7ce-7766755bd7ec,눈보안경,"안경, 콘택",삼각동 골목형상점가,골목형상점가,광주광역시,3.0,3.0,,,RESOLVED_AGREEMENT,False,3,,,,
12c53647fce3ab6a1aac,val,안경,T4 구어·문장,q_안경_06,눈 검사하고 안경 맞추기,건강·의료 중 '안경'을 판매·제공하는 매장,1d56f4a0-e43b-41a8-a0f8-39fa70226f53,다봄안과의원,안과,구성언남 골목형상점가,골목형상점가,경기도,1.0,2.0,,,P1_BINARY_THRESHOLD,True,,,,,
372bd5426bb59207df80,val,안경,T4 구어·문장,q_안경_06,눈 검사하고 안경 맞추기,건강·의료 중 '안경'을 판매·제공하는 매장,75bc618e-37aa-4e2e-a9e9-bb39a6127319,라움안경,안경,효행구봉담상점가,골목형상점가,경기도,3.0,3.0,,,RESOLVED_AGREEMENT,False,3,,,,
05afec6c0ee3e138d7d3,val,안경,T4 구어·문장,q_안경_06,눈 검사하고 안경 맞추기,건강·의료 중 '안경'을 판매·제공하는 매장,6d6abe87-c9e0-46c6-b044-8857b5e37492,E안경,안경,빛가람 하나로 골목형상점가,골목형상점가,전라남도,3.0,3.0,,,RESOLVED_AGREEMENT,False,3,,,,
1933e2c39d0ddae05296,val,안경,T4 구어·문장,q_안경_06,눈 검사하고 안경 맞추기,건강·의료 중 '안경'을 판매·제공하는 매장,019928e4-ddbb-47c4-951f-f3b31a893f1d,안경마을,안경 콘택트렌즈,구갈상점가,자율상권구역,경기도,3.0,3.0,,,RESOLVED_AGREEMENT,False,3,,,,
9b941817884cc4cd1aec,val,안경,T4 구어·문장,q_안경_06,눈 검사하고 안경 맞추기,건강·의료 중 '안경'을 판매·제공하는 매장,00c9a212-c673-4e9c-a890-7e39a3da51b6,파룩스안경원,안경,샘머리 골목형상점가,골목형상점가,대전광역시,3.0,3.0,,,RESOLVED_AGREEMENT,False,3,,,,
2196cda75e2bae133376,val,안경,T4 구어·문장,q_안경_06,눈 검사하고 안경 맞추기,건강·의료 중 '안경'을 판매·제공하는 매장,0028e2be-f83a-47fd-83a9-f76bfb8df49a,청당안경렌즈미청당점,,청당4번가 골목형상점가,골목형상점가,충청남도,3.0,3.0,,,RESOLVED_AGREEMENT,False,3,,,,
571c6fe69d5866979bd6,val,안경,T4 구어·문장,q_안경_06,눈 검사하고 안경 맞추기,건강·의료 중 '안경'을 판매·제공하는 매장,0ace73e8-bb57-47d5-9285-a928365cb279,킹콩안경,안경,이천중앙로상가,자율상권구역,경기도,3.0,3.0,,,RESOLVED_AGREEMENT,False,3,,,,
cb1e67f078b9fcf68324,val,안경,T4 구어·문장,q_안경_06,눈 검사하고 안경 맞추기,건강·의료 중 '안경'을 판매·제공하는 매장,dee1dddd-7c13-44d7-a2a5-3696029253c2,스튜디오엔,,학사골목 골목형상점가,골목형상점가,경상북도,0.0,0.0,,,RESOLVED_AGREEMENT,False,0,,,,
ec3d5f4d2d0ed7b82afa,val,안경,T4 구어·문장,q_안경_06,눈 검사하고 안경 맞추기,건강·의료 중 '안경'을 판매·제공하는 매장,c0802d45-bbbc-45bc-852e-8ff2de06e80d,중앙안경,안경,서귀포중심상가번영회,자율상권구역,제주특별자치도,3.0,3.0,,,RESOLVED_AGREEMENT,False,3,,,,
3716861ac070f09dee24,val,안경,T4 구어·문장,q_안경_06,눈 검사하고 안경 맞추기,건강·의료 중 '안경'을 판매·제공하는 매장,13fc7af8-fa39-4c53-a2dd-af24bfeb905b,아이링안경,안경,가재마을 골목형상점가,골목형상점가,세종특별자치시,3.0,3.0,,,RESOLVED_AGREEMENT,False,3,,,,
6f459dc783ef419ad371,val,안경,T4 구어·문장,q_안경_06,눈 검사하고 안경 맞추기,건강·의료 중 '안경'을 판매·제공하는 매장,4f20370b-8e98-422f-bf84-94b34ddc09b0,솔지네,수산물,사천 삼천포전통수산시장,전통시장,경상남도,0.0,0.0,,,RESOLVED_AGREEMENT,False,0,,,,
149a34772108695e648b,val,안경,T4 구어·문장,q_안경_06,눈 검사하고 안경 맞추기,건강·의료 중 '안경'을 판매·제공하는 매장,8e42c7f1-86b7-4617-9bd9-b82f43740f08,굿모닝 안경,안경,다사역 골목형상점가,골목형상점가,대구광역시,3.0,3.0,,,RESOLVED_AGREEMENT,False,3,,,,
7e95fd1850a88dc63be9,val,안경,T4 구어·문장,q_안경_06,눈 검사하고 안경 맞추기,건강·의료 중 '안경'을 판매·제공하는 매장,46fcd22f-b1d0-45d2-a6a3-fd99d7ff86a4,경희안경,안경,회기시장,전통시장,서울특별시,3.0,3.0,,,RESOLVED_AGREEMENT,False,3,,,,
8d3b398327fe18bf9c89,val,안경,T4 구어·문장,q_안경_06,눈 검사하고 안경 맞추기,건강·의료 중 '안경'을 판매·제공하는 매장,f2466ce6-f8e5-4241-ac26-6bb54cefe8c6,"안경, 오늘",안경,유천택지올림픽길골목형상점가,골목형상점가,강원특별자치도,3.0,3.0,,,RESOLVED_AGREEMENT,False,3,,,,
0dbd51fde43444bc5b84,val,안경,T4 구어·문장,q_안경_06,눈 검사하고 안경 맞추기,건강·의료 중 '안경'을 판매·제공하는 매장,4d9ba31b-407b-4a75-bc44-6898d5fd04e0,밝은 눈 안 경,안경 및 콘텍트렌즈,동백 이음길 골목형상점가,골목형상점가,경기도,3.0,3.0,,,RESOLVED_AGREEMENT,False,3,,,,
8875a3cf9eacf713a36f,val,안경,T4 구어·문장,q_안경_06,눈 검사하고 안경 맞추기,건강·의료 중 '안경'을 판매·제공하는 매장,a63d109c-f9cc-4a64-9a4f-3bf176c8f1c7,보람안경,안경,남대문시장,전통시장,서울특별시,3.0,3.0,,,RESOLVED_AGREEMENT,False,3,,,,
4ed87c07ddf66e0e6223,val,안경,T4 구어·문장,q_안경_06,눈 검사하고 안경 맞추기,건강·의료 중 '안경'을 판매·제공하는 매장,f5e0d3c3-efa0-472f-a04b-0f015728d54b,안경 세상,안경,장흥중앙로 골목형상점가,골목형상점가,전라남도,3.0,3.0,,,RESOLVED_AGREEMENT,False,3,,,,
cca23a88cf4b94e11963,val,안경,T4 구어·문장,q_안경_06,눈 검사하고 안경 맞추기,건강·의료 중 '안경'을 판매·제공하는 매장,375a2c65-f9d0-4a3b-a517-be37d79675d2,눈이랑 안경,안경 콘택즈,신월7동골목형상점가,골목형상점가,서울특별시,3.0,3.0,,,RESOLVED_AGREEMENT,False,3,,,,
abfcfc8a3b20ab8ca00e,val,안경,T4 구어·문장,q_안경_06,눈 검사하고 안경 맞추기,건강·의료 중 '안경'을 판매·제공하는 매장,cebbe889-f084-4023-bffc-b23a9ec17c84,안경사랑,안경,신도봉시장,전통시장,서울특별시,3.0,3.0,,,RESOLVED_AGREEMENT,False,3,,,,
f7f226b4a98cff51f944,val,안경,T4 구어·문장,q_안경_06,눈 검사하고 안경 맞추기,건강·의료 중 '안경'을 판매·제공하는 매장,a4f9bf25-27bb-4cbd-892d-139ca6fce778,안경맞추기 송정점,안경,광주송정역세권 상권활성화구역,상권활성화구역,광주광역시,3.0,3.0,,,RESOLVED_AGREEMENT,False,3,,,,
1d8e5f6fb3244187b848,val,안경,T4 구어·문장,q_안경_06,눈 검사하고 안경 맞추기,건강·의료 중 '안경'을 판매·제공하는 매장,85ce717a-629e-4299-87b0-bc4ba126c672,눈 옵티컬,"안경, 콘택트",익산 다e로움 상권활성화구역,상권활성화구역,전북특별자치도,3.0,3.0,,,RESOLVED_AGREEMENT,False,3,,,,
c63f281b477e0d30c402,val,안경,T4 구어·문장,q_안경_06,눈 검사하고 안경 맞추기,건강·의료 중 '안경'을 판매·제공하는 매장,52e867bd-a673-4f27-8878-6647d9448a52,빛담안경,안경,효행구봉담상점가,골목형상점가,경기도,3.0,3.0,,,RESOLVED_AGREEMENT,False,3,,,,
e5c7669685c85570a3f8,val,안경,T4 구어·문장,q_안경_06,눈 검사하고 안경 맞추기,건강·의료 중 '안경'을 판매·제공하는 매장,e03e8fb5-5183-4ca4-bbbd-2ee033ac4f65,수안경,안경,북평민속시장(북평민속5일장),전통시장,강원특별자치도,3.0,3.0,,,RESOLVED_AGREEMENT,False,3,,,,
d738c1c3fed8152d14e1,val,안경,T4 구어·문장,q_안경_06,눈 검사하고 안경 맞추기,건강·의료 중 '안경'을 판매·제공하는 매장,59d2f654-8838-4288-bb34-89bfd9ede628,준안경,안경,남대문시장,전통시장,서울특별시,3.0,3.0,,,RESOLVED_AGREEMENT,False,3,,,,
bc44efa338ac0c539536,val,안경,T4 구어·문장,q_안경_06,눈 검사하고 안경 맞추기,건강·의료 중 '안경'을 판매·제공하는 매장,d15e11fe-c36a-49ac-81f2-df4720971d94,참안경,안경,창원 가음정시장,전통시장,경상남도,3.0,3.0,,,RESOLVED_AGREEMENT,False,3,,,,
e176b87e66cbbd2d724c,val,안경,T4 구어·문장,q_안경_06,눈 검사하고 안경 맞추기,건강·의료 중 '안경'을 판매·제공하는 매장,0031a77b-4f01-4757-a2e9-7eb65ae09ab0,글라스위드렌즈안경 울산대점,,울산대바보사거리 골목형상점가,골목형상점가,울산광역시,3.0,3.0,,,RESOLVED_AGREEMENT,False,3,,,,
624477ab16c384a4e075,val,안경,T4 구어·문장,q_안경_06,눈 검사하고 안경 맞추기,건강·의료 중 '안경'을 판매·제공하는 매장,00112248-81bc-4fca-ac3c-f6d684bcf294,데일리뷰 안경원,,성성1번가 골목형상점가,골목형상점가,충청남도,3.0,3.0,,,RESOLVED_AGREEMENT,False,3,,,,
ce881f6d56a5d3d131eb,val,안경,T4 구어·문장,q_안경_06,눈 검사하고 안경 맞추기,건강·의료 중 '안경'을 판매·제공하는 매장,60de073d-4136-4956-b346-046fb99bdc2d,세종안경,안경,종촌동골목형상점가,골목형상점가,세종특별자치시,3.0,3.0,,,RESOLVED_AGREEMENT,False,3,,,,
4c4a2ffe15495a371f42,val,안경,T4 구어·문장,q_안경_06,눈 검사하고 안경 맞추기,건강·의료 중 '안경'을 판매·제공하는 매장,01bcb519-0fa6-438a-927f-cf3d578789e8,아이라이크안경by씨채널,안경,진천혁신골목형상점가,골목형상점가,충청북도,3.0,3.0,,,RESOLVED_AGREEMENT,False,3,,,,
39efe76e9ebac9819a90,val,안경,T4 구어·문장,q_안경_06,눈 검사하고 안경 맞추기,건강·의료 중 '안경'을 판매·제공하는 매장,e631c7fc-9962-4bc4-af1c-6aa64bd9cff8,안경家 (가),안경,뉴월드프라자골목형상점가,골목형상점가,경기도,3.0,3.0,,,RESOLVED_AGREEMENT,False,3,,,,
62b13abf29778ac9c98f,val,안경,T4 구어·문장,q_안경_06,눈 검사하고 안경 맞추기,건강·의료 중 '안경'을 판매·제공하는 매장,011e75cb-eb08-4161-9b41-65e8d204464c,이지안경,안경및콘택트렌즈,BOCA 보카상점가,골목형상점가,경기도,3.0,3.0,,,RESOLVED_AGREEMENT,False,3,,,,
6d9c1c35058ecf8d37d3,val,안경,T4 구어·문장,q_안경_06,눈 검사하고 안경 맞추기,건강·의료 중 '안경'을 판매·제공하는 매장,6e73c333-fed4-4e05-ab9c-eb013bb7ede0,링스 신천점,골프 의류 및 신발,신천 패션타운 골목형상점가,골목형상점가,경기도,0.0,0.0,,,RESOLVED_AGREEMENT,False,0,,,,
5a0664e906afb3c51027,val,안경,T4 구어·문장,q_안경_06,눈 검사하고 안경 맞추기,건강·의료 중 '안경'을 판매·제공하는 매장,a9970011-b519-495e-95d1-7183c5c675c6,눈안경콘택트,안경,봉리단길골목형상점가,골목형상점가,서울특별시,3.0,3.0,,,RESOLVED_AGREEMENT,False,3,,,,
759281b677be3c143d02,val,안경,T4 구어·문장,q_안경_06,눈 검사하고 안경 맞추기,건강·의료 중 '안경'을 판매·제공하는 매장,b05866ed-8c26-4391-a87f-927b30081972,지오뮤직아카데미학원,,낭주골 골목형상점가,골목형상점가,전북특별자치도,0.0,0.0,,,RESOLVED_AGREEMENT,False,0,,,,
ac4e097dd6f9096a2744,val,안경,T4 구어·문장,q_안경_06,눈 검사하고 안경 맞추기,건강·의료 중 '안경'을 판매·제공하는 매장,ab27f098-a2a2-4833-93d4-230e881a6d0c,"안경,여수",안경,여수진남상가,자율상권구역,전라남도,3.0,3.0,,,RESOLVED_AGREEMENT,False,3,,,,
96fc7667ff4bcce71153,val,안경,T4 구어·문장,q_안경_06,눈 검사하고 안경 맞추기,건강·의료 중 '안경'을 판매·제공하는 매장,8dd935d8-8133-4ce7-a87f-03ac2020c4a7,리갈안경,안경,명동 지하쇼핑센터,일반지하상점가,서울특별시,3.0,3.0,,,RESOLVED_AGREEMENT,False,3,,,,
63a2605c8dc6e9ca656c,val,안경,T4 구어·문장,q_안경_06,눈 검사하고 안경 맞추기,건강·의료 중 '안경'을 판매·제공하는 매장,838be54f-b775-4e16-a910-1e4ca4c26be0,토탈안경,안경,탄방동 골목형상점가,골목형상점가,대전광역시,3.0,3.0,,,RESOLVED_AGREEMENT,False,3,,,,
6f92f06bb6daf1724587,val,안경,T4 구어·문장,q_안경_06,눈 검사하고 안경 맞추기,건강·의료 중 '안경'을 판매·제공하는 매장,0dbe49ed-a23f-4de9-810d-53baee5322d4,눈안경원,안경,운남골목 골목형상점가,골목형상점가,광주광역시,3.0,3.0,,,RESOLVED_AGREEMENT,False,3,,,,
e92688f8fbdb6a7111cf,val,안경,T4 구어·문장,q_안경_06,눈 검사하고 안경 맞추기,건강·의료 중 '안경'을 판매·제공하는 매장,10c37937-c85c-4ddf-b630-18aecf5e1803,모든안경,안경,남대문시장,전통시장,서울특별시,3.0,3.0,,,RESOLVED_AGREEMENT,False,3,,,,
4a68b268d9e05dfac22e,val,안경,T4 구어·문장,q_안경_06,눈 검사하고 안경 맞추기,건강·의료 중 '안경'을 판매·제공하는 매장,729b9608-b2ea-48cb-8e38-acffad482a09,동양안경,안경,사강시장,전통시장,경기도,3.0,3.0,,,RESOLVED_AGREEMENT,False,3,,,,
3eb8b0eaea4b966a7956,val,안경,T4 구어·문장,q_안경_06,눈 검사하고 안경 맞추기,건강·의료 중 '안경'을 판매·제공하는 매장,0f0f7f91-5504-4d69-a3cc-dd8e3df100b2,제이 안경,안경,금암동 골목형상점가,골목형상점가,충청남도,3.0,3.0,,,RESOLVED_AGREEMENT,False,3,,,,
a6073874f71c5d025cd5,val,안경,T4 구어·문장,q_안경_06,눈 검사하고 안경 맞추기,건강·의료 중 '안경'을 판매·제공하는 매장,02822efb-f50a-45c4-8f4d-bfbba20a01e4,오렌즈충주점,"안경, 렌즈",성서중심시장(성서시장문화의거리 통합),전통시장,충청북도,3.0,3.0,,,RESOLVED_AGREEMENT,False,3,,,,
7098d3105ffcc0f402c2,val,안경,T4 구어·문장,q_안경_06,눈 검사하고 안경 맞추기,건강·의료 중 '안경'을 판매·제공하는 매장,ea8bcf85-1e35-47bb-bf4c-b057de1b8bbe,밝은 눈안경 송림점,안경,송림골 골목형상점가,골목형상점가,인천광역시,3.0,3.0,,,RESOLVED_AGREEMENT,False,3,,,,
816f94ffc883656dfd72,val,안경,T4 구어·문장,q_안경_06,눈 검사하고 안경 맞추기,건강·의료 중 '안경'을 판매·제공하는 매장,6dbe7b37-1874-4ed8-8a46-b480f5b94bd0,남시안경,안경,남대문로골목형상점가,골목형상점가,서울특별시,3.0,3.0,,,RESOLVED_AGREEMENT,False,3,,,,
0550be9b298aba313e85,val,안경,T4 구어·문장,q_안경_06,눈 검사하고 안경 맞추기,건강·의료 중 '안경'을 판매·제공하는 매장,25c1b56b-2585-47f8-b3c7-f4a2186c32ca,눈이넷안경,안경,원도심 상권활성화구역,상권활성화구역,대전광역시,3.0,3.0,,,RESOLVED_AGREEMENT,False,3,,,,
03ff31e35dbc73f85840,val,안경,T4 구어·문장,q_안경_06,눈 검사하고 안경 맞추기,건강·의료 중 '안경'을 판매·제공하는 매장,26375764-dfcc-41da-beae-247fdb10f3a3,소망안경,안경,남대문로 지하도상가,일반지하상점가,서울특별시,3.0,3.0,,,RESOLVED_AGREEMENT,False,3,,,,
54b00eca2bd79560c9c3,val,안경,T4 구어·문장,q_안경_06,눈 검사하고 안경 맞추기,건강·의료 중 '안경'을 판매·제공하는 매장,b2bafed9-9942-4a7f-8f66-11b039f89c9b,패션안경,안경,대가야 자율상권구역,,경상북도,3.0,3.0,,,RESOLVED_AGREEMENT,False,3,,,,
84454114adb5ab7bd7e5,val,안경,T4 구어·문장,q_안경_06,눈 검사하고 안경 맞추기,건강·의료 중 '안경'을 판매·제공하는 매장,eb1957f7-b6f5-4222-af0a-8e327ac16492,안경맘,안경,구매탄시장,전통시장,경기도,3.0,3.0,,,RESOLVED_AGREEMENT,False,3,,,,
4e9943f81747aa70c282,val,안경,T4 구어·문장,q_안경_06,눈 검사하고 안경 맞추기,건강·의료 중 '안경'을 판매·제공하는 매장,060313d2-6e9c-41c3-8e18-618796869fd2,삼호안경,안경,남대문시장,전통시장,서울특별시,3.0,3.0,,,RESOLVED_AGREEMENT,False,3,,,,
5cf648f479ab97fb0441,val,안경,T4 구어·문장,q_안경_06,눈 검사하고 안경 맞추기,건강·의료 중 '안경'을 판매·제공하는 매장,5bc718eb-884b-481b-a511-1ca7b581aaf8,맑은눈 안경 콘택트,안경,까치산시장,전통시장,서울특별시,3.0,3.0,,,RESOLVED_AGREEMENT,False,3,,,,
ac27c3c329bd396e9f00,val,안경,T4 구어·문장,q_안경_06,눈 검사하고 안경 맞추기,건강·의료 중 '안경'을 판매·제공하는 매장,849239f4-1bbd-46ce-8fd3-7adf17432cf6,안경뱅크,안경,두암타운 골목형상점가,골목형상점가,광주광역시,3.0,3.0,,,RESOLVED_AGREEMENT,False,3,,,,
5e96b13d08bef7ea38b3,val,안경,T4 구어·문장,q_안경_06,눈 검사하고 안경 맞추기,건강·의료 중 '안경'을 판매·제공하는 매장,3e7ab85c-ea7f-44ee-bee2-67947757b532,안경 정주다,안경,매탄중심상가 골목형상점가,골목형상점가,경기도,3.0,3.0,,,RESOLVED_AGREEMENT,False,3,,,,
61253eb37747dac5586d,val,안경,T4 구어·문장,q_안경_06,눈 검사하고 안경 맞추기,건강·의료 중 '안경'을 판매·제공하는 매장,ae0356b8-c8a5-466b-a982-a930e6c3dd55,눈을 맞추다 & 렌즈미,안경테 안경렌즈 콘택트렌즈,한들물빛도시 골목형 상점가,골목형상점가,충청남도,3.0,3.0,,,RESOLVED_AGREEMENT,False,3,,,,
1de568c05d90ba749a56,val,안경,T4 구어·문장,q_안경_06,눈 검사하고 안경 맞추기,건강·의료 중 '안경'을 판매·제공하는 매장,b9304514-fa60-4082-abc8-39edfbeaf3a2,눈보안경,안경,나주금빛상점가,자율상권구역,,3.0,3.0,,,RESOLVED_AGREEMENT,False,3,,,,
6469c1f9a0d5cb54c933,val,안경,T4 구어·문장,q_안경_06,눈 검사하고 안경 맞추기,건강·의료 중 '안경'을 판매·제공하는 매장,e827637b-4fcf-427b-b0ff-9d86e74b0559,로젠안경,안경,과천새서울프라자시장,전통시장,경기도,3.0,3.0,,,RESOLVED_AGREEMENT,False,3,,,,
5d6be8eb63256aa284ac,val,안경,T4 구어·문장,q_안경_06,눈 검사하고 안경 맞추기,건강·의료 중 '안경'을 판매·제공하는 매장,7a3eae31-f148-41b5-ab4a-7b0c3c544e03,눈에미소,안경,북부중앙 골목형상점가,골목형상점가,경기도,3.0,3.0,,,RESOLVED_AGREEMENT,False,3,,,,
e6780cba6352ed1396fa,val,안경,T4 구어·문장,q_안경_06,눈 검사하고 안경 맞추기,건강·의료 중 '안경'을 판매·제공하는 매장,3c46c4b4-da6c-4e70-80ab-15122c8a58e6,안경다움,안경,상암마을상인회 골목형상점가,골목형상점가,광주광역시,3.0,3.0,,,RESOLVED_AGREEMENT,False,3,,,,
2d19c447f130701f7e4f,val,안경,T4 구어·문장,q_안경_06,눈 검사하고 안경 맞추기,건강·의료 중 '안경'을 판매·제공하는 매장,55181b4a-4c98-421c-924c-f7e7cad075e3,안경이야기,안경,창원 대동그린코아상가,전통시장,경상남도,3.0,3.0,,,RESOLVED_AGREEMENT,False,3,,,,
e28cc99e455f3881bd18,val,안경,T4 구어·문장,q_안경_06,눈 검사하고 안경 맞추기,건강·의료 중 '안경'을 판매·제공하는 매장,e7ae0967-e4d4-4ed7-9b1f-0923e141ae55,안경파크,안경,주안역지하도상점가,일반지하상점가,인천광역시,3.0,3.0,,,RESOLVED_AGREEMENT,False,3,,,,
71464bafc8c8235eb949,val,안경,T4 구어·문장,q_안경_06,눈 검사하고 안경 맞추기,건강·의료 중 '안경'을 판매·제공하는 매장,9bbac3ab-6993-49b0-ae7a-a6ac5e8fd480,안경이야기,안경,북삼종합시장,기타,경상북도,3.0,3.0,,,RESOLVED_AGREEMENT,False,3,,,,
7f3c4b5109819257bae2,val,안경,T4 구어·문장,q_안경_06,눈 검사하고 안경 맞추기,건강·의료 중 '안경'을 판매·제공하는 매장,3a27a21e-fa74-4b8d-9256-e7a4c01eeaa7,까리한닭갈비,한식,나주 대호동 골목형상점가,골목형상점가,전라남도,0.0,0.0,,,RESOLVED_AGREEMENT,False,0,,,,
85bdfd4246c647052cd3,val,안경,T4 구어·문장,q_안경_06,눈 검사하고 안경 맞추기,건강·의료 중 '안경'을 판매·제공하는 매장,e7d27ba6-591e-44e3-a016-a03693aa5673,눈편한안경,소매(안경),남구로시장,전통시장,서울특별시,3.0,3.0,,,RESOLVED_AGREEMENT,False,3,,,,
a09e9dbc17c897d7b410,val,안경,T4 구어·문장,q_안경_06,눈 검사하고 안경 맞추기,건강·의료 중 '안경'을 판매·제공하는 매장,c17b9a52-3c4f-4bef-8187-a301675b55ab,안경사랑,안경,전주중앙상가시장,전통시장,전북특별자치도,3.0,3.0,,,RESOLVED_AGREEMENT,False,3,,,,
a2176245636988241ac2,val,안경,T4 구어·문장,q_안경_06,눈 검사하고 안경 맞추기,건강·의료 중 '안경'을 판매·제공하는 매장,436a7bdf-ebfe-4591-a0f9-3c86f9750202,아이스쿨안경,안경,방이시장,전통시장,서울특별시,3.0,3.0,,,RESOLVED_AGREEMENT,False,3,,,,
a1f80d84e37346bfe5a1,val,안경,T4 구어·문장,q_안경_06,눈 검사하고 안경 맞추기,건강·의료 중 '안경'을 판매·제공하는 매장,010604a1-9bcd-4057-8360-47c77d14504a,굿모닝안경.콘택트,안경,서재소상공인연합회,골목형상점가,대구광역시,3.0,3.0,,,RESOLVED_AGREEMENT,False,3,,,,
26e0616cd02a4065a57c,val,안경,T4 구어·문장,q_안경_06,눈 검사하고 안경 맞추기,건강·의료 중 '안경'을 판매·제공하는 매장,1f179de5-a781-4ab1-bb53-da91361efe1d,안경본데이,안경,신평골목시장,전통시장,부산광역시,3.0,3.0,,,RESOLVED_AGREEMENT,False,3,,,,
18499c3536e997be8df5,val,안경,T4 구어·문장,q_안경_06,눈 검사하고 안경 맞추기,건강·의료 중 '안경'을 판매·제공하는 매장,40b2fc46-2e18-4728-bd1a-d2acdb5e9183,라쌍떼안경,안경,직산읍삼은1번가골목형상점가,골목형상점가,충청남도,3.0,3.0,,,RESOLVED_AGREEMENT,False,3,,,,
b08ed405ca249413f62b,val,안경,T4 구어·문장,q_안경_06,눈 검사하고 안경 맞추기,건강·의료 중 '안경'을 판매·제공하는 매장,99fe73e9-e6ec-421b-bdc7-8b26ad7ab4f6,이삭안경,안경,창원 성원그랜드쇼핑상가,전통시장,경상남도,3.0,3.0,,,RESOLVED_AGREEMENT,False,3,,,,
ab3e64fbf3f925ec7974,val,안경,T4 구어·문장,q_안경_06,눈 검사하고 안경 맞추기,건강·의료 중 '안경'을 판매·제공하는 매장,00efb47a-2e95-43a9-af76-8d8cd91d8c94,지니스안경세종새롬110호점,안경테 및 안경렌즈,새롬동 골목형상점가,골목형상점가,세종특별자치시,3.0,3.0,,,RESOLVED_AGREEMENT,False,3,,,,
da9450511fdc38500edc,val,안경,T4 구어·문장,q_안경_06,눈 검사하고 안경 맞추기,건강·의료 중 '안경'을 판매·제공하는 매장,003ea83c-ef37-4c55-ae9b-a59c93d1201f,K비젼안경 효천점,안경 및 콘택트렌즈,효천로 골목형상점가,골목형상점가,광주광역시,3.0,3.0,,,RESOLVED_AGREEMENT,False,3,,,,
b14d8d558ba0efe7cf1a,val,안경,T4 구어·문장,q_안경_06,눈 검사하고 안경 맞추기,건강·의료 중 '안경'을 판매·제공하는 매장,28ca5f1d-ade9-41d8-8658-cda8d703cc50,파니스 안젤리쿠스,제과제빵,부평깡통시장(구 부산부평시장),전통시장,부산광역시,0.0,0.0,,,RESOLVED_AGREEMENT,False,0,,,,
a4662733a6bb8ceadee5,val,안경,T4 구어·문장,q_안경_06,눈 검사하고 안경 맞추기,건강·의료 중 '안경'을 판매·제공하는 매장,33fa5284-2f2f-41e3-8be5-2bc9b389d453,진양안경,안경,남대문시장,전통시장,서울특별시,3.0,3.0,,,RESOLVED_AGREEMENT,False,3,,,,
a327216965f7cfaeba00,val,안경,T4 구어·문장,q_안경_06,눈 검사하고 안경 맞추기,건강·의료 중 '안경'을 판매·제공하는 매장,19b5992a-dfb4-467f-9707-76b3b7213644,안경더하기,안경,당산로 골목형상점가,골목형상점가,전북특별자치도,3.0,3.0,,,RESOLVED_AGREEMENT,False,3,,,,
671fe197d60df0ab207c,val,안경,T4 구어·문장,q_안경_06,눈 검사하고 안경 맞추기,건강·의료 중 '안경'을 판매·제공하는 매장,da1ab000-5bdd-42d8-8b40-5918cd11b076,으뜸+안경,안경,순천연향패션상가,자율상권구역,전라남도,3.0,3.0,,,RESOLVED_AGREEMENT,False,3,,,,
c229db4b9b9651191957,val,안경,T4 구어·문장,q_안경_06,눈 검사하고 안경 맞추기,건강·의료 중 '안경'을 판매·제공하는 매장,bdb317ef-6cf9-49e9-8098-ead74a3c6ea6,원선생안경,안경,젊음의거리 상점가,자율상권구역,울산광역시,3.0,3.0,,,RESOLVED_AGREEMENT,False,3,,,,
76c7fd11843351e56c81,val,안경,T4 구어·문장,q_안경_06,눈 검사하고 안경 맞추기,건강·의료 중 '안경'을 판매·제공하는 매장,f4724ae2-6d8d-4a88-8289-b0f6811a61cf,눈애안경,안경,평화로상가,자율상권구역,경상북도,3.0,3.0,,,RESOLVED_AGREEMENT,False,3,,,,
9d417b8355695c03c8c8,val,안경,T4 구어·문장,q_안경_06,눈 검사하고 안경 맞추기,건강·의료 중 '안경'을 판매·제공하는 매장,c0d0d1da-b940-4da1-8b13-2798e066f63c,나무(안경),안경,부산진시장,전통시장,부산광역시,3.0,3.0,,,RESOLVED_AGREEMENT,False,3,,,,
b8b32a62d3749111c4b3,val,안경,T4 구어·문장,q_안경_06,눈 검사하고 안경 맞추기,건강·의료 중 '안경'을 판매·제공하는 매장,0266bd67-c211-4ab4-bb83-af329b2ce979,공덕나인안경,안경콘택트렌즈,도화동상점가,자율상권구역,서울특별시,3.0,3.0,,,RESOLVED_AGREEMENT,False,3,,,,
08d98734b2f017be97e2,val,안경,T4 구어·문장,q_안경_06,눈 검사하고 안경 맞추기,건강·의료 중 '안경'을 판매·제공하는 매장,2b47eb24-94a9-4fa9-8d91-e32948a64438,눈애안경,안경,광주송정역세권 상권활성화구역,상권활성화구역,,3.0,3.0,,,RESOLVED_AGREEMENT,False,3,,,,
fbf541c51cd3fd623c85,val,안경,T4 구어·문장,q_안경_06,눈 검사하고 안경 맞추기,건강·의료 중 '안경'을 판매·제공하는 매장,d6e82951-9610-44b3-a16b-bda93768c7b4,뉴욕안경,안경,강남역지하도상점가,일반지하상점가,서울특별시,3.0,3.0,,,RESOLVED_AGREEMENT,False,3,,,,
e8fde75be748b5e1917c,val,안경,T4 구어·문장,q_안경_06,눈 검사하고 안경 맞추기,건강·의료 중 '안경'을 판매·제공하는 매장,aacac575-3e2e-4fbf-9844-aa541c66b631,2.0 안경,안경,사당4골목형상점가,골목형상점가,서울특별시,3.0,3.0,,,RESOLVED_AGREEMENT,False,3,,,,
3a25444bbd42134b3e4e,val,안경,T4 구어·문장,q_안경_07,렌즈 사는 데,건강·의료 중 '안경'을 판매·제공하는 매장,04b5539c-60b0-4c86-b957-726ab85889a8,안경나무,안경 및 렌즈,무지개종합상가,자율상권구역,서울특별시,3.0,3.0,,,RESOLVED_AGREEMENT,False,3,,,,
a4642be909235216b5f2,val,안경,T4 구어·문장,q_안경_07,렌즈 사는 데,건강·의료 중 '안경'을 판매·제공하는 매장,3fc51420-c045-4cbe-9e76-89be72e99351,오렌즈 조선대점,렌즈,조대장미의거리 상점가,자율상권구역,광주광역시,3.0,3.0,,,RESOLVED_AGREEMENT,False,3,,,,
5441b2d1575665760b2f,val,안경,T4 구어·문장,q_안경_07,렌즈 사는 데,건강·의료 중 '안경'을 판매·제공하는 매장,003ea83c-ef37-4c55-ae9b-a59c93d1201f,K비젼안경 효천점,안경 및 콘택트렌즈,효천로 골목형상점가,골목형상점가,광주광역시,3.0,3.0,,,RESOLVED_AGREEMENT,False,3,,,,
a8306310824462263144,val,안경,T4 구어·문장,q_안경_07,렌즈 사는 데,건강·의료 중 '안경'을 판매·제공하는 매장,87473edc-7b38-43a4-8aab-5a6c693668c7,연세안경,안경 및 렌즈,남양주장현전통시장,전통시장,경기도,3.0,3.0,,,RESOLVED_AGREEMENT,False,3,,,,
a9c112878d2c2d52ee90,val,안경,T4 구어·문장,q_안경_07,렌즈 사는 데,건강·의료 중 '안경'을 판매·제공하는 매장,df0a14b4-ed69-434a-9714-666cd0b045ec,렌즈미,"안경, 콘택트렌즈",전남대후문골목형상점가,골목형상점가,광주광역시,3.0,3.0,,,RESOLVED_AGREEMENT,False,3,,,,
fc58557d08edd5bc90bc,val,안경,T4 구어·문장,q_안경_07,렌즈 사는 데,건강·의료 중 '안경'을 판매·제공하는 매장,0e170be8-4e2c-4008-adbc-7539572b5fc6,성모안과의원,안과,선부광장로상점가,자율상권구역,경기도,1.0,2.0,,,P1_BINARY_THRESHOLD,True,,,,,
211f210765c1ab368895,val,안경,T4 구어·문장,q_안경_07,렌즈 사는 데,건강·의료 중 '안경'을 판매·제공하는 매장,01bcb519-0fa6-438a-927f-cf3d578789e8,아이라이크안경by씨채널,안경,진천혁신골목형상점가,골목형상점가,충청북도,3.0,3.0,,,RESOLVED_AGREEMENT,False,3,,,,
8902c246ae2466e75979,val,안경,T4 구어·문장,q_안경_07,렌즈 사는 데,건강·의료 중 '안경'을 판매·제공하는 매장,4d1a589f-851f-4eca-80e2-d4ce036dd044,오렌즈천안청당점,렌즈,청당2번가 골목형상점가,골목형상점가,충청남도,3.0,3.0,,,RESOLVED_AGREEMENT,False,3,,,,
87b77f1a7fcf50f78314,val,안경,T4 구어·문장,q_안경_07,렌즈 사는 데,건강·의료 중 '안경'을 판매·제공하는 매장,d248b30f-9d76-4267-bf57-b204006642c4,낭만여장부,한식,쫑포상가 골목형상점가,골목형상점가,전라남도,0.0,0.0,,,RESOLVED_AGREEMENT,False,0,,,,
1dc4067e6bdd61c0a6fe,val,안경,T4 구어·문장,q_안경_07,렌즈 사는 데,건강·의료 중 '안경'을 판매·제공하는 매장,32a34358-ac1f-4072-82b8-397f8d8f53d3,La안경원,"안경, 렌즈",큰장네거리 골목형상점가,골목형상점가,대구광역시,3.0,3.0,,,RESOLVED_AGREEMENT,False,3,,,,
3f986106127e1b84cb3f,val,안경,T4 구어·문장,q_안경_07,렌즈 사는 데,건강·의료 중 '안경'을 판매·제공하는 매장,0a56e96f-0d99-455c-bcbf-f29c734ba733,오렌즈 대구점,콘택트 렌즈,동성로상점가,자율상권구역,대구광역시,3.0,3.0,,,RESOLVED_AGREEMENT,False,3,,,,
a648f908ae8309f46e4f,val,안경,T4 구어·문장,q_안경_07,렌즈 사는 데,건강·의료 중 '안경'을 판매·제공하는 매장,292af149-3dba-414b-841f-71e79246654b,오렌즈안경원,렌즈,서원동상점가,자율상권구역,서울특별시,3.0,3.0,,,RESOLVED_AGREEMENT,False,3,,,,
37b0c777c209790e09e9,val,안경,T4 구어·문장,q_안경_07,렌즈 사는 데,건강·의료 중 '안경'을 판매·제공하는 매장,0022ba93-553d-4d81-934b-054dfcb8309e,행복한안경,안경,태화시장,전통시장,울산광역시,3.0,3.0,,,RESOLVED_AGREEMENT,False,3,,,,
de061d08fadc6b9a5a8a,val,안경,T4 구어·문장,q_안경_07,렌즈 사는 데,건강·의료 중 '안경'을 판매·제공하는 매장,1d56f4a0-e43b-41a8-a0f8-39fa70226f53,다봄안과의원,안과,구성언남 골목형상점가,골목형상점가,경기도,1.0,2.0,,,P1_BINARY_THRESHOLD,True,,,,,
4c0b674621403fc55d08,val,안경,T4 구어·문장,q_안경_07,렌즈 사는 데,건강·의료 중 '안경'을 판매·제공하는 매장,e96d32a2-1af6-45f5-b3e3-ca519df27974,태양안경 콘택트 렌즈아이,안경 렌즈,광복로골목형상점가,골목형상점가,경기도,3.0,3.0,,,RESOLVED_AGREEMENT,False,3,,,,
f62256a405976ae713f6,val,안경,T4 구어·문장,q_안경_07,렌즈 사는 데,건강·의료 중 '안경'을 판매·제공하는 매장,892ef420-5cee-4399-b8e8-6dab2d4f7244,대도안경원,안경 렌즈,두암사거리 골목형상점가,골목형상점가,광주광역시,3.0,3.0,,,RESOLVED_AGREEMENT,False,3,,,,
342a600574132775b8a5,val,안경,T4 구어·문장,q_안경_07,렌즈 사는 데,건강·의료 중 '안경'을 판매·제공하는 매장,1871389d-e1e7-4d18-80da-2a78cdc0525a,고운빛안과,"안과, 건강기능식품",우산 동문로 골목형상점가,골목형상점가,광주광역시,1.0,2.0,,,P1_BINARY_THRESHOLD,True,,,,,
751495e5642b82f01ed7,val,안경,T4 구어·문장,q_안경_07,렌즈 사는 데,건강·의료 중 '안경'을 판매·제공하는 매장,27144b4c-7d6f-4896-852d-cd50f6292055,시선온안경,안경 및 렌즈,영등포역지하도상점가,일반지하상점가,서울특별시,3.0,3.0,,,RESOLVED_AGREEMENT,False,3,,,,
c7f6ca1dbe90e7024b54,val,안경,T4 구어·문장,q_안경_07,렌즈 사는 데,건강·의료 중 '안경'을 판매·제공하는 매장,852c8b79-b5bb-4f13-bf62-2569ba232090,윙크렌즈 대전은행점,렌즈,은행동상점가(구 으능정이상점가),자율상권구역,대전광역시,3.0,3.0,,,RESOLVED_AGREEMENT,False,3,,,,
912fb78ea741eb3b3fa1,val,안경,T4 구어·문장,q_안경_07,렌즈 사는 데,건강·의료 중 '안경'을 판매·제공하는 매장,a95c60e1-aaaa-40ea-9a13-c0d46d15faad,오렌즈,"렌즈, 안경",천안신부문화거리상점가,자율상권구역,충청남도,3.0,3.0,,,RESOLVED_AGREEMENT,False,3,,,,
1a27ec90b230aa061bb9,val,안경,T4 구어·문장,q_안경_07,렌즈 사는 데,건강·의료 중 '안경'을 판매·제공하는 매장,60811871-4b86-4cf3-88bb-21cb9addd38a,반석안경,안경 및 렌즈,남대문시장,전통시장,서울특별시,3.0,3.0,,,RESOLVED_AGREEMENT,False,3,,,,
8278275a6a40ae7199e2,val,안경,T4 구어·문장,q_안경_07,렌즈 사는 데,건강·의료 중 '안경'을 판매·제공하는 매장,0d890497-fda2-4eea-a637-2320671a326e,얀헤어 컬렉션,,신성동상가 골목형상점가,골목형상점가,대전광역시,0.0,0.0,,,RESOLVED_AGREEMENT,False,0,,,,
defabced5b3904ebffa7,val,안경,T4 구어·문장,q_안경_07,렌즈 사는 데,건강·의료 중 '안경'을 판매·제공하는 매장,00112248-81bc-4fca-ac3c-f6d684bcf294,데일리뷰 안경원,,성성1번가 골목형상점가,골목형상점가,충청남도,3.0,3.0,,,RESOLVED_AGREEMENT,False,3,,,,
7d7554c353566b3b4f7f,val,안경,T4 구어·문장,q_안경_07,렌즈 사는 데,건강·의료 중 '안경'을 판매·제공하는 매장,0028e2be-f83a-47fd-83a9-f76bfb8df49a,청당안경렌즈미청당점,,청당4번가 골목형상점가,골목형상점가,충청남도,3.0,3.0,,,RESOLVED_AGREEMENT,False,3,,,,
42a567fc9683b0e906a0,val,안경,T4 구어·문장,q_안경_07,렌즈 사는 데,건강·의료 중 '안경'을 판매·제공하는 매장,8cf07b7f-7f32-49f0-a386-9de842f87af3,렌즈온 홍제점,안경 및 렌즈,홍제골목형상점가,골목형상점가,서울특별시,3.0,3.0,,,RESOLVED_AGREEMENT,False,3,,,,
14fc24e72ea04b56954e,val,안경,T4 구어·문장,q_안경_07,렌즈 사는 데,건강·의료 중 '안경'을 판매·제공하는 매장,53228670-876c-47d9-a06e-9b857d9fdd3a,렌즈미 석계역점,렌즈,석계음식문화거리골목형상점가,골목형상점가,서울특별시,3.0,3.0,,,RESOLVED_AGREEMENT,False,3,,,,
b801c9c0b438231ddeba,val,안경,T4 구어·문장,q_안경_07,렌즈 사는 데,건강·의료 중 '안경'을 판매·제공하는 매장,0fc37fc9-7cd0-4141-bce1-37be042d7ca7,모쿠안경,안경 및 렌즈,뒷개로청춘골목상점가,골목형상점가,전라남도,3.0,3.0,,,RESOLVED_AGREEMENT,False,3,,,,
f1e341e15d32fb0a9a33,val,안경,T4 구어·문장,q_안경_07,렌즈 사는 데,건강·의료 중 '안경'을 판매·제공하는 매장,c14d367f-feff-44f6-8061-68268163617d,렌즈미,콘텍트렌즈,서원동상점가,자율상권구역,서울특별시,3.0,3.0,,,RESOLVED_AGREEMENT,False,3,,,,
8192db369a4348c5966d,val,안경,T4 구어·문장,q_안경_07,렌즈 사는 데,건강·의료 중 '안경'을 판매·제공하는 매장,16a3e8d7-70cf-4d01-9b87-8b6c04e250a8,눈맞춤안경,안경 및 렌즈,신용동 골목형상점가,골목형상점가,광주광역시,3.0,3.0,,,RESOLVED_AGREEMENT,False,3,,,,
0fc06aef54807c402d43,val,안경,T4 구어·문장,q_안경_07,렌즈 사는 데,건강·의료 중 '안경'을 판매·제공하는 매장,56e36c22-2571-4a16-ba22-8e4d3b574894,아이스토리,안경 및 렌즈,한마음,골목형상점가,광주광역시,3.0,3.0,,,RESOLVED_AGREEMENT,False,3,,,,
7b48eb3c138a260c9573,val,안경,T4 구어·문장,q_안경_07,렌즈 사는 데,건강·의료 중 '안경'을 판매·제공하는 매장,077d4f81-e5a8-4c8f-8936-3a8ec57ffb1e,샷타,일식,황남상가시장,전통시장,경상북도,0.0,0.0,,,RESOLVED_AGREEMENT,False,0,,,,
1c65d235190303aab275,val,안경,T4 구어·문장,q_안경_07,렌즈 사는 데,건강·의료 중 '안경'을 판매·제공하는 매장,5afb1872-4733-420f-b606-0340bec35a5d,렌즈미 안산선부점,안경 렌즈,선부광장로상점가,자율상권구역,경기도,3.0,3.0,,,RESOLVED_AGREEMENT,False,3,,,,
76493536cd205f0dc100,val,안경,T4 구어·문장,q_안경_07,렌즈 사는 데,건강·의료 중 '안경'을 판매·제공하는 매장,010604a1-9bcd-4057-8360-47c77d14504a,굿모닝안경.콘택트,안경,서재소상공인연합회,골목형상점가,대구광역시,3.0,3.0,,,RESOLVED_AGREEMENT,False,3,,,,
12e0801206154b6ab6ad,val,안경,T4 구어·문장,q_안경_07,렌즈 사는 데,건강·의료 중 '안경'을 판매·제공하는 매장,8725f516-2412-4dac-bcd2-16e4f618f5ba,안경더하기,안경테 렌즈 콘택트렌즈,남문로 어울림 골목 골목형상점가,골목형상점가,광주광역시,3.0,3.0,,,RESOLVED_AGREEMENT,False,3,,,,
528c80ee44db368ba13a,val,안경,T4 구어·문장,q_안경_07,렌즈 사는 데,건강·의료 중 '안경'을 판매·제공하는 매장,1965be11-0923-408a-83df-3a1a999e4ca6,천안서울안과 신불당점의원,안과,시청앞 골목형상점가,골목형상점가,충청남도,1.0,2.0,,,P1_BINARY_THRESHOLD,True,,,,,
ba3a0883097b2153436e,val,안경,T4 구어·문장,q_안경_07,렌즈 사는 데,건강·의료 중 '안경'을 판매·제공하는 매장,99b4c566-a24b-4a51-9d24-290641877ab5,오렌즈 노량진점,렌즈,노량진만나로골목형상점가,골목형상점가,서울특별시,3.0,3.0,,,RESOLVED_AGREEMENT,False,3,,,,
8a60f8aaff0f313fcb6d,val,안경,T4 구어·문장,q_안경_07,렌즈 사는 데,건강·의료 중 '안경'을 판매·제공하는 매장,e0525c7a-7eef-489e-a78a-48774c606008,렌즈미 숙대점,렌즈,순헌황귀비길 골목형상점가,골목형상점가,서울특별시,3.0,3.0,,,RESOLVED_AGREEMENT,False,3,,,,
8891c8761d22251692b5,val,안경,T4 구어·문장,q_안경_07,렌즈 사는 데,건강·의료 중 '안경'을 판매·제공하는 매장,42ac710d-407c-45af-b649-cab2013f7c2f,오케이으뜸안경 렌즈,"안경, 콘택트 렌즈",남대문시장,전통시장,서울특별시,3.0,3.0,,,RESOLVED_AGREEMENT,False,3,,,,
4c763f7cd900b7b7dfdb,val,안경,T4 구어·문장,q_안경_07,렌즈 사는 데,건강·의료 중 '안경'을 판매·제공하는 매장,1cc9bca7-6be8-4a67-906a-d7a00b23c7a0,알찬안경,안경 및 렌즈,다산지금상점가,골목형상점가,경기도,3.0,3.0,,,RESOLVED_AGREEMENT,False,3,,,,
d36dc1e7ce659f2fa7d6,val,안경,T4 구어·문장,q_안경_07,렌즈 사는 데,건강·의료 중 '안경'을 판매·제공하는 매장,4cb79272-c9dc-44d7-82c4-35cf6651c07d,렌즈미안경이야기,안경 및 렌즈,상계역전종합상가,자율상권구역,서울특별시,3.0,3.0,,,RESOLVED_AGREEMENT,False,3,,,,
ee89ac30eeff36b637cd,val,안경,T4 구어·문장,q_안경_07,렌즈 사는 데,건강·의료 중 '안경'을 판매·제공하는 매장,5f56355f-6910-4a8c-9f19-9ce134456afe,렌즈타운대전점,렌즈,중앙로 지하상가 상점가,일반지하상점가,대전광역시,3.0,3.0,,,RESOLVED_AGREEMENT,False,3,,,,
79341fd0de8ac196fcda,val,안경,T4 구어·문장,q_안경_07,렌즈 사는 데,건강·의료 중 '안경'을 판매·제공하는 매장,a7dba0aa-1591-4c93-b07c-05324356dbac,미래안경,안경 및 렌즈,더불어,골목형상점가,광주광역시,3.0,3.0,,,RESOLVED_AGREEMENT,False,3,,,,
ee797633429185922795,val,안경,T4 구어·문장,q_안경_07,렌즈 사는 데,건강·의료 중 '안경'을 판매·제공하는 매장,81e3f686-4ae4-4dd9-b186-babbab20a88e,호수한의원,한의원,빛가람 하나로 골목형상점가,골목형상점가,전라남도,0.0,0.0,,,RESOLVED_AGREEMENT,False,0,,,,
38cc782a29f451feadc1,val,안경,T4 구어·문장,q_안경_07,렌즈 사는 데,건강·의료 중 '안경'을 판매·제공하는 매장,12e2dab4-6ae9-470f-a5f3-9d63e995e94a,봄안경,안경 렌즈,구갈상점가,자율상권구역,경기도,3.0,3.0,,,RESOLVED_AGREEMENT,False,3,,,,
1cc2678ad23df538c9f8,val,안경,T4 구어·문장,q_안경_07,렌즈 사는 데,건강·의료 중 '안경'을 판매·제공하는 매장,76e6c0ff-802c-4c0d-b966-f968bcba2908,아이룸안경원,"안경, 렌즈",아름동상점가,자율상권구역,세종특별자치시,3.0,3.0,,,RESOLVED_AGREEMENT,False,3,,,,
2b60daa287990675829c,val,안경,T4 구어·문장,q_안경_07,렌즈 사는 데,건강·의료 중 '안경'을 판매·제공하는 매장,138c83ce-e576-43b5-aaee-8a04dc980d85,오렌즈 의정부민락점,렌즈,의정부로데오상점가,자율상권구역,경기도,3.0,3.0,,,RESOLVED_AGREEMENT,False,3,,,,
2640f4e204ca1f9f7dad,val,안경,T4 구어·문장,q_안경_07,렌즈 사는 데,건강·의료 중 '안경'을 판매·제공하는 매장,bdbd2ab9-131d-4813-8097-223063476874,양재안경,안경 및 렌즈,양재시장,전통시장,서울특별시,3.0,3.0,,,RESOLVED_AGREEMENT,False,3,,,,
076f183fe1a4bcdf3494,val,안경,T4 구어·문장,q_안경_07,렌즈 사는 데,건강·의료 중 '안경'을 판매·제공하는 매장,0031a77b-4f01-4757-a2e9-7eb65ae09ab0,글라스위드렌즈안경 울산대점,,울산대바보사거리 골목형상점가,골목형상점가,울산광역시,3.0,3.0,,,RESOLVED_AGREEMENT,False,3,,,,
8bcf8d6cbc696f1f7e05,val,안경,T4 구어·문장,q_안경_07,렌즈 사는 데,건강·의료 중 '안경'을 판매·제공하는 매장,19e4684b-ef85-4e88-8cab-0339b1a3397e,네일하랑께,네일,성덕중사거리,골목형상점가,광주광역시,0.0,0.0,,,RESOLVED_AGREEMENT,False,0,,,,
014023399c7bcc8a451e,val,안경,T4 구어·문장,q_안경_07,렌즈 사는 데,건강·의료 중 '안경'을 판매·제공하는 매장,a5582fc1-b36e-42a8-aed1-10fa73f69831,렌즈미주안점,콘택트렌즈,주안역지하도상점가,일반지하상점가,인천광역시,3.0,3.0,,,RESOLVED_AGREEMENT,False,3,,,,
4385d7689202c19e6b79,val,안경,T4 구어·문장,q_안경_07,렌즈 사는 데,건강·의료 중 '안경'을 판매·제공하는 매장,089c4abc-f845-42b3-8b28-6b1ec3446b9a,황제찹쌀꽈배기,꽈배기,풍암우미상인회 골목형상점가,골목형상점가,광주광역시,0.0,0.0,,,RESOLVED_AGREEMENT,False,0,,,,
9e2a0cf8d48d9172a004,val,안경,T4 구어·문장,q_안경_07,렌즈 사는 데,건강·의료 중 '안경'을 판매·제공하는 매장,0471350c-c444-4e1f-a437-77b0c6387314,오렌즈 건대점,렌즈,건대로데오거리골목형상점가,골목형상점가,서울특별시,3.0,3.0,,,RESOLVED_AGREEMENT,False,3,,,,
f34df11a93167e03545e,val,안경,T4 구어·문장,q_안경_07,렌즈 사는 데,건강·의료 중 '안경'을 판매·제공하는 매장,8250eb33-1668-4487-9d99-1bac4e7f832f,렌즈미경주점,렌즈,경주중심상가,전통시장,경상북도,3.0,3.0,,,RESOLVED_AGREEMENT,False,3,,,,
856a8e14456ca5bdb152,val,안경,T4 구어·문장,q_안경_07,렌즈 사는 데,건강·의료 중 '안경'을 판매·제공하는 매장,6f51bf28-d5aa-41a6-9296-a4b9baefa5aa,오아시스153 렌즈아이,안경 렌즈,봉일천전통시장,전통시장,경기도,3.0,3.0,,,RESOLVED_AGREEMENT,False,3,,,,
3b785f8e6483a678e568,val,안경,T4 구어·문장,q_안경_07,렌즈 사는 데,건강·의료 중 '안경'을 판매·제공하는 매장,b26eb6b9-5d04-49af-bea4-1e711f60b53f,연세안경,안경 및 렌즈,성남코코프라자시장,전통시장,경기도,3.0,3.0,,,RESOLVED_AGREEMENT,False,3,,,,
8c6ec4b9737600afe3c9,val,안경,T4 구어·문장,q_안경_07,렌즈 사는 데,건강·의료 중 '안경'을 판매·제공하는 매장,ae6092ab-1861-45f9-9d1b-a419320a2855,렌즈미 건대점,렌즈,건대로데오거리골목형상점가,골목형상점가,서울특별시,3.0,3.0,,,RESOLVED_AGREEMENT,False,3,,,,
01a3a888c969ec23d2c3,val,안경,T4 구어·문장,q_안경_07,렌즈 사는 데,건강·의료 중 '안경'을 판매·제공하는 매장,8a8528f5-af5c-4efc-a481-b84d124caf03,안경천국,안경 및 렌즈,구포역세권상점가,자율상권구역,부산광역시,3.0,3.0,,,RESOLVED_AGREEMENT,False,3,,,,
daadd4ccddef1767cc57,val,안경,T4 구어·문장,q_안경_07,렌즈 사는 데,건강·의료 중 '안경'을 판매·제공하는 매장,961a5af8-4415-4d21-a7f0-56024b829d67,킴스 안경,안경 및 렌즈,북동 골목형상점가,골목형상점가,광주광역시,3.0,3.0,,,RESOLVED_AGREEMENT,False,3,,,,
1638d53e652ca3eaefad,val,안경,T4 구어·문장,q_안경_07,렌즈 사는 데,건강·의료 중 '안경'을 판매·제공하는 매장,7c239e96-e9e8-43b3-b765-c7e5ac29a556,상무안경,안경 및 렌즈,치평동중흥상가상인회 골목형상점가,골목형상점가,광주광역시,3.0,3.0,,,RESOLVED_AGREEMENT,False,3,,,,
ea5959acaefd8f091852,val,안경,T4 구어·문장,q_안경_07,렌즈 사는 데,건강·의료 중 '안경'을 판매·제공하는 매장,3b20b0d9-3fb6-425a-8da5-9d3fd8b53631,아이렌즈,안경 및 렌즈,김제전통시장,전통시장,전북특별자치도,3.0,3.0,,,RESOLVED_AGREEMENT,False,3,,,,
24c7dc18ccea0c26c9aa,val,안경,T4 구어·문장,q_안경_07,렌즈 사는 데,건강·의료 중 '안경'을 판매·제공하는 매장,dc0aecc3-c099-4b00-9aea-dfa139e08731,호이테안경,안경 렌즈,양주가래비중앙로상점가,골목형상점가,경기도,3.0,3.0,,,RESOLVED_AGREEMENT,False,3,,,,
9e12c5cdf16462c7fc4c,val,안경,T4 구어·문장,q_안경_07,렌즈 사는 데,건강·의료 중 '안경'을 판매·제공하는 매장,1749d275-3dc5-427a-b680-5c853a65b661,정상기안과의원,안과,신세계앞상인회 골목형상점가,골목형상점가,광주광역시,1.0,2.0,,,P1_BINARY_THRESHOLD,True,,,,,
ae05c10b10366b128304,val,안경,T4 구어·문장,q_안경_07,렌즈 사는 데,건강·의료 중 '안경'을 판매·제공하는 매장,5e3235d3-1536-4ab1-947c-19b874ca7db7,렌즈미 상동점,렌즈,상동역 골목형상점가,골목형상점가,경기도,3.0,3.0,,,RESOLVED_AGREEMENT,False,3,,,,
3e099730f564ffc55617,val,안경,T4 구어·문장,q_안경_07,렌즈 사는 데,건강·의료 중 '안경'을 판매·제공하는 매장,3b75bb9d-5840-4896-97da-1e84b7cfe1b5,오렌즈 인하대점,렌즈,인하문화의거리 골목형상점가,골목형상점가,인천광역시,3.0,3.0,,,RESOLVED_AGREEMENT,False,3,,,,
1b81bbbf6c2375a9881a,val,안경,T4 구어·문장,q_안경_07,렌즈 사는 데,건강·의료 중 '안경'을 판매·제공하는 매장,3581316b-89a8-4d80-a4fd-80fcff4ed254,렌즈미 첨단점,렌즈,LC타워거리 골목형상점가,골목형상점가,광주광역시,3.0,3.0,,,RESOLVED_AGREEMENT,False,3,,,,
5b3f3f9562db65a3c36a,val,안경,T4 구어·문장,q_안경_07,렌즈 사는 데,건강·의료 중 '안경'을 판매·제공하는 매장,00efb47a-2e95-43a9-af76-8d8cd91d8c94,지니스안경세종새롬110호점,안경테 및 안경렌즈,새롬동 골목형상점가,골목형상점가,세종특별자치시,3.0,3.0,,,RESOLVED_AGREEMENT,False,3,,,,
ba6afde7ed8fd8bb307c,val,안경,T4 구어·문장,q_안경_07,렌즈 사는 데,건강·의료 중 '안경'을 판매·제공하는 매장,780465cb-fe30-4c80-a260-660331b14690,피카소안경원,렌즈,공주산성시장,전통시장,충청남도,3.0,3.0,,,RESOLVED_AGREEMENT,False,3,,,,
79814dfa55e73b7a5750,val,안경,T4 구어·문장,q_안경_07,렌즈 사는 데,건강·의료 중 '안경'을 판매·제공하는 매장,0184ed05-765c-4947-bbf8-dff527177252,안경을 찾는 사람들,안경,발안만세시장(구 발안시장),전통시장,경기도,3.0,3.0,,,RESOLVED_AGREEMENT,False,3,,,,
cafa98c734f00b33897a,val,안경,T4 구어·문장,q_안경_07,렌즈 사는 데,건강·의료 중 '안경'을 판매·제공하는 매장,019928e4-ddbb-47c4-951f-f3b31a893f1d,안경마을,안경 콘택트렌즈,구갈상점가,자율상권구역,경기도,3.0,3.0,,,RESOLVED_AGREEMENT,False,3,,,,
9928dd382a1a13032cc9,val,안경,T4 구어·문장,q_안경_07,렌즈 사는 데,건강·의료 중 '안경'을 판매·제공하는 매장,573d7872-e154-40cc-90f5-8cea86001616,렌즈미 범계,콘택트렌즈,평촌1번가 상점가,자율상권구역,경기도,3.0,3.0,,,RESOLVED_AGREEMENT,False,3,,,,
5cb9cee3d7a12dcf6273,val,안경,T4 구어·문장,q_안경_07,렌즈 사는 데,건강·의료 중 '안경'을 판매·제공하는 매장,02822efb-f50a-45c4-8f4d-bfbba20a01e4,오렌즈충주점,"안경, 렌즈",성서중심시장(성서시장문화의거리 통합),전통시장,충청북도,3.0,3.0,,,RESOLVED_AGREEMENT,False,3,,,,
0c671cfb90457a69e46e,val,안경,T4 구어·문장,q_안경_07,렌즈 사는 데,건강·의료 중 '안경'을 판매·제공하는 매장,435f7ee9-dd7d-44f7-a929-e60b8eb301c8,아이준안경원,안경 및 렌즈,서면지하도상가 부전몰,일반지하상점가,부산광역시,3.0,3.0,,,RESOLVED_AGREEMENT,False,3,,,,
186ce934818ebd5fa009,val,안경,T4 구어·문장,q_안경_07,렌즈 사는 데,건강·의료 중 '안경'을 판매·제공하는 매장,d9fcba77-7097-405c-be85-0bd598d85f5c,백운안경,안경 및 렌즈,백운광장 골목형상점가,골목형상점가,광주광역시,3.0,3.0,,,RESOLVED_AGREEMENT,False,3,,,,
5241b10541b0db1c68f1,val,안경,T4 구어·문장,q_안경_07,렌즈 사는 데,건강·의료 중 '안경'을 판매·제공하는 매장,d6558c59-1756-4a6b-9aeb-cd8a92f095fd,오렌즈제천점,렌즈,제천시 원도심 상권활성화구역,상권활성화구역,충청북도,3.0,3.0,,,RESOLVED_AGREEMENT,False,3,,,,
94445fa6b4ecf713f7fc,val,안경,T4 구어·문장,q_안경_07,렌즈 사는 데,건강·의료 중 '안경'을 판매·제공하는 매장,c3a2e429-e02d-4e81-85f5-40f88e4d47e9,애체안경,렌즈,의정부역지하상가,일반지하상점가,경기도,3.0,3.0,,,RESOLVED_AGREEMENT,False,3,,,,
29c89dba5a9decd86be6,val,안경,T4 구어·문장,q_안경_07,렌즈 사는 데,건강·의료 중 '안경'을 판매·제공하는 매장,6f464dc0-8e05-4805-8d72-fc6e52462d02,렌즈 미,콘택트렌즈,진주 로데오거리상점가,자율상권구역,경상남도,3.0,3.0,,,RESOLVED_AGREEMENT,False,3,,,,
d285d59dbaff793b3517,val,안경,T4 구어·문장,q_안경_07,렌즈 사는 데,건강·의료 중 '안경'을 판매·제공하는 매장,407b6f73-4b3f-4aa7-b022-3e831c9045f8,오늘안경,안경 및 렌즈,화정로상인회 골목형상점가,골목형상점가,광주광역시,3.0,3.0,,,RESOLVED_AGREEMENT,False,3,,,,
38bd78ce4afeeecac42a,val,안경,T4 구어·문장,q_안경_07,렌즈 사는 데,건강·의료 중 '안경'을 판매·제공하는 매장,0266bd67-c211-4ab4-bb83-af329b2ce979,공덕나인안경,안경콘택트렌즈,도화동상점가,자율상권구역,서울특별시,3.0,3.0,,,RESOLVED_AGREEMENT,False,3,,,,
5811ad642424f8ec4351,val,안경,T4 구어·문장,q_안경_07,렌즈 사는 데,건강·의료 중 '안경'을 판매·제공하는 매장,517c0e53-8f19-4c30-a741-576b80b6cfc9,수 옵티칼,"안경, 렌즈",평택국제중앙시장,전통시장,경기도,3.0,3.0,,,RESOLVED_AGREEMENT,False,3,,,,
f686b593bd59440471a7,val,안경,T4 구어·문장,q_안경_07,렌즈 사는 데,건강·의료 중 '안경'을 판매·제공하는 매장,ac1db1c1-2a2e-4303-a74b-464a83624322,렌즈모아,콘택트렌즈,평화로상가,자율상권구역,경상북도,3.0,3.0,,,RESOLVED_AGREEMENT,False,3,,,,
df9c418c9d545d9c76d4,val,안경,T4 구어·문장,q_안경_07,렌즈 사는 데,건강·의료 중 '안경'을 판매·제공하는 매장,04f19476-e44a-4945-b12f-11a8056325b4,렌즈미천안두정점,"안경, 렌즈",두정동상점가,자율상권구역,충청남도,3.0,3.0,,,RESOLVED_AGREEMENT,False,3,,,,
0ede73190a06a3de6e71,val,안경,T4 구어·문장,q_안경_07,렌즈 사는 데,건강·의료 중 '안경'을 판매·제공하는 매장,bac7a508-51e2-4042-8ea0-35e003f6d12d,안경박사,안경및 렌즈 콘택트렌즈,덕정해밀금강상점가,골목형상점가,경기도,3.0,3.0,,,RESOLVED_AGREEMENT,False,3,,,,
4087568df3dd78f50ca2,val,안경,T4 구어·문장,q_안경_07,렌즈 사는 데,건강·의료 중 '안경'을 판매·제공하는 매장,011e75cb-eb08-4161-9b41-65e8d204464c,이지안경,안경및콘택트렌즈,BOCA 보카상점가,골목형상점가,경기도,3.0,3.0,,,RESOLVED_AGREEMENT,False,3,,,,
b7f0eb728f1c232db8ba,val,안경,T4 구어·문장,q_안경_07,렌즈 사는 데,건강·의료 중 '안경'을 판매·제공하는 매장,119a794d-375c-4be8-adf1-52531b480b6c,렌즈미(송탄점),"렌즈, 안경",송탄관광특구 골목형상점가,골목형상점가,경기도,3.0,3.0,,,RESOLVED_AGREEMENT,False,3,,,,
40e61329bd3a0cb905ec,val,안경,T4 구어·문장,q_안경_07,렌즈 사는 데,건강·의료 중 '안경'을 판매·제공하는 매장,88c75a82-183b-4846-ad65-4da3e2391fe6,팔레트,악세사리,충장로123가 상점가,자율상권구역,광주광역시,0.0,0.0,,,RESOLVED_AGREEMENT,False,0,,,,
d6f410519d22f4055772,val,안경,T4 구어·문장,q_안경_07,렌즈 사는 데,건강·의료 중 '안경'을 판매·제공하는 매장,8f185998-e9bc-4d43-8293-f1cf5ab9bfa4,삼시세끼,반찬,서정리시장(서정시장),전통시장,경기도,0.0,0.0,,,RESOLVED_AGREEMENT,False,0,,,,
3c6620b678d171b982ba,val,안경,T4 구어·문장,q_안경_07,렌즈 사는 데,건강·의료 중 '안경'을 판매·제공하는 매장,00c9a212-c673-4e9c-a890-7e39a3da51b6,파룩스안경원,안경,샘머리 골목형상점가,골목형상점가,대전광역시,3.0,3.0,,,RESOLVED_AGREEMENT,False,3,,,,
61cece3af4d6bcaed220,val,안경,T4 구어·문장,q_안경_08,안경 맞추는 곳,건강·의료 중 '안경'을 판매·제공하는 매장,060313d2-6e9c-41c3-8e18-618796869fd2,삼호안경,안경,남대문시장,전통시장,서울특별시,3.0,3.0,,,RESOLVED_AGREEMENT,False,3,,,,
19e1d9cd63219f41f561,val,안경,T4 구어·문장,q_안경_08,안경 맞추는 곳,건강·의료 중 '안경'을 판매·제공하는 매장,8e42c7f1-86b7-4617-9bd9-b82f43740f08,굿모닝 안경,안경,다사역 골목형상점가,골목형상점가,대구광역시,3.0,3.0,,,RESOLVED_AGREEMENT,False,3,,,,
e43853802dc512756b56,val,안경,T4 구어·문장,q_안경_08,안경 맞추는 곳,건강·의료 중 '안경'을 판매·제공하는 매장,00efb47a-2e95-43a9-af76-8d8cd91d8c94,지니스안경세종새롬110호점,안경테 및 안경렌즈,새롬동 골목형상점가,골목형상점가,세종특별자치시,3.0,3.0,,,RESOLVED_AGREEMENT,False,3,,,,
2355938bb0860441d57b,val,안경,T4 구어·문장,q_안경_08,안경 맞추는 곳,건강·의료 중 '안경'을 판매·제공하는 매장,cebbe889-f084-4023-bffc-b23a9ec17c84,안경사랑,안경,신도봉시장,전통시장,서울특별시,3.0,3.0,,,RESOLVED_AGREEMENT,False,3,,,,
7f2ea9089664a19b68ff,val,안경,T4 구어·문장,q_안경_08,안경 맞추는 곳,건강·의료 중 '안경'을 판매·제공하는 매장,019928e4-ddbb-47c4-951f-f3b31a893f1d,안경마을,안경 콘택트렌즈,구갈상점가,자율상권구역,경기도,3.0,3.0,,,RESOLVED_AGREEMENT,False,3,,,,
a00f70814ee8b17111f8,val,안경,T4 구어·문장,q_안경_08,안경 맞추는 곳,건강·의료 중 '안경'을 판매·제공하는 매장,99fe73e9-e6ec-421b-bdc7-8b26ad7ab4f6,이삭안경,안경,창원 성원그랜드쇼핑상가,전통시장,경상남도,3.0,3.0,,,RESOLVED_AGREEMENT,False,3,,,,
d1f89b55dde330afb5a8,val,안경,T4 구어·문장,q_안경_08,안경 맞추는 곳,건강·의료 중 '안경'을 판매·제공하는 매장,33fa5284-2f2f-41e3-8be5-2bc9b389d453,진양안경,안경,남대문시장,전통시장,서울특별시,3.0,3.0,,,RESOLVED_AGREEMENT,False,3,,,,
7d4bc5bbd5f1663b3a7b,val,안경,T4 구어·문장,q_안경_08,안경 맞추는 곳,건강·의료 중 '안경'을 판매·제공하는 매장,c111ac9d-3f3a-405c-a8db-4d127ccda9e2,행복이 있는 곳,잡화,제주로얄쇼핑센터,자율상권구역,제주특별자치도,0.0,0.0,,,RESOLVED_AGREEMENT,False,0,,,,
568164e3d07202c7e3dd,val,안경,T4 구어·문장,q_안경_08,안경 맞추는 곳,건강·의료 중 '안경'을 판매·제공하는 매장,4ef74a48-8969-4b1c-80a7-816f6d527933,조대안경,안경,조대장미의거리 상점가,자율상권구역,광주광역시,3.0,3.0,,,RESOLVED_AGREEMENT,False,3,,,,
ff7e9e44769c5c8ca388,val,안경,T4 구어·문장,q_안경_08,안경 맞추는 곳,건강·의료 중 '안경'을 판매·제공하는 매장,d15e11fe-c36a-49ac-81f2-df4720971d94,참안경,안경,창원 가음정시장,전통시장,경상남도,3.0,3.0,,,RESOLVED_AGREEMENT,False,3,,,,
a1ab46dc4e1554696c03,val,안경,T4 구어·문장,q_안경_08,안경 맞추는 곳,건강·의료 중 '안경'을 판매·제공하는 매장,46fcd22f-b1d0-45d2-a6a3-fd99d7ff86a4,경희안경,안경,회기시장,전통시장,서울특별시,3.0,3.0,,,RESOLVED_AGREEMENT,False,3,,,,
503e3d3b13dc64497422,val,안경,T4 구어·문장,q_안경_08,안경 맞추는 곳,건강·의료 중 '안경'을 판매·제공하는 매장,c0d0d1da-b940-4da1-8b13-2798e066f63c,나무(안경),안경,부산진시장,전통시장,부산광역시,3.0,3.0,,,RESOLVED_AGREEMENT,False,3,,,,
fc79eeea7d421232d7b5,val,안경,T4 구어·문장,q_안경_08,안경 맞추는 곳,건강·의료 중 '안경'을 판매·제공하는 매장,e827637b-4fcf-427b-b0ff-9d86e74b0559,로젠안경,안경,과천새서울프라자시장,전통시장,경기도,3.0,3.0,,,RESOLVED_AGREEMENT,False,3,,,,
3cddfe886986a88d339c,val,안경,T4 구어·문장,q_안경_08,안경 맞추는 곳,건강·의료 중 '안경'을 판매·제공하는 매장,5d851b48-be5c-4a17-b420-ff18ea2615a5,알파안경,안경,조원시장,전통시장,경기도,3.0,3.0,,,RESOLVED_AGREEMENT,False,3,,,,
1e1d9e78e051bce43d33,val,안경,T4 구어·문장,q_안경_08,안경 맞추는 곳,건강·의료 중 '안경'을 판매·제공하는 매장,29faa1d7-404f-4dad-b0ef-68f63fcbe76a,이삭안경,안경,창원 반송시장,전통시장,경상남도,3.0,3.0,,,RESOLVED_AGREEMENT,False,3,,,,
02f71d7a83b33774fe21,val,안경,T4 구어·문장,q_안경_08,안경 맞추는 곳,건강·의료 중 '안경'을 판매·제공하는 매장,a24fc147-6576-4442-a2cd-15d4cf092972,남광주한의원,한의원,남문로 어울림 골목 골목형상점가,골목형상점가,광주광역시,0.0,0.0,,,RESOLVED_AGREEMENT,False,0,,,,
a566bfdfcd064d8cdaaa,val,안경,T4 구어·문장,q_안경_08,안경 맞추는 곳,건강·의료 중 '안경'을 판매·제공하는 매장,d6567c48-26cb-48a5-8708-64a245a1872d,고기사랑,돼지 소 닭,학운 골목형상점가,골목형상점가,광주광역시,0.0,0.0,,,RESOLVED_AGREEMENT,False,0,,,,
4a220e6d6050ed63ea8e,val,안경,T4 구어·문장,q_안경_08,안경 맞추는 곳,건강·의료 중 '안경'을 판매·제공하는 매장,76a3551b-dae4-4326-92cc-662015aedbfb,쉴 곳,한식,칠성로상점가,자율상권구역,제주특별자치도,0.0,0.0,,,RESOLVED_AGREEMENT,False,0,,,,
08ecab4665d326d893dd,val,안경,T4 구어·문장,q_안경_08,안경 맞추는 곳,건강·의료 중 '안경'을 판매·제공하는 매장,093ea5c0-1e17-4c19-9a37-9839c7c05ee2,스마일베이커리,꽈배기,느다리 골목형상점가,골목형상점가,대전광역시,0.0,0.0,,,RESOLVED_AGREEMENT,False,0,,,,
9ddce1f2f047d80e5beb,val,안경,T4 구어·문장,q_안경_08,안경 맞추는 곳,건강·의료 중 '안경'을 판매·제공하는 매장,1f179de5-a781-4ab1-bb53-da91361efe1d,안경본데이,안경,신평골목시장,전통시장,부산광역시,3.0,3.0,,,RESOLVED_AGREEMENT,False,3,,,,
59f6b00164eb0d9a86ef,val,안경,T4 구어·문장,q_안경_08,안경 맞추는 곳,건강·의료 중 '안경'을 판매·제공하는 매장,729b9608-b2ea-48cb-8e38-acffad482a09,동양안경,안경,사강시장,전통시장,경기도,3.0,3.0,,,RESOLVED_AGREEMENT,False,3,,,,
a5898c68542480b3e5ea,val,안경,T4 구어·문장,q_안경_08,안경 맞추는 곳,건강·의료 중 '안경'을 판매·제공하는 매장,59d2f654-8838-4288-bb34-89bfd9ede628,준안경,안경,남대문시장,전통시장,서울특별시,3.0,3.0,,,RESOLVED_AGREEMENT,False,3,,,,
7127ef1d828e45958c9b,val,안경,T4 구어·문장,q_안경_08,안경 맞추는 곳,건강·의료 중 '안경'을 판매·제공하는 매장,f4724ae2-6d8d-4a88-8289-b0f6811a61cf,눈애안경,안경,평화로상가,자율상권구역,경상북도,3.0,3.0,,,RESOLVED_AGREEMENT,False,3,,,,
0cd575224672afe6bd63,val,안경,T4 구어·문장,q_안경_08,안경 맞추는 곳,건강·의료 중 '안경'을 판매·제공하는 매장,0022ba93-553d-4d81-934b-054dfcb8309e,행복한안경,안경,태화시장,전통시장,울산광역시,3.0,3.0,,,RESOLVED_AGREEMENT,False,3,,,,
707af6551a9e8ef87c87,val,안경,T4 구어·문장,q_안경_08,안경 맞추는 곳,건강·의료 중 '안경'을 판매·제공하는 매장,10c37937-c85c-4ddf-b630-18aecf5e1803,모든안경,안경,남대문시장,전통시장,서울특별시,3.0,3.0,,,RESOLVED_AGREEMENT,False,3,,,,
92163f3877918e9a583e,val,안경,T4 구어·문장,q_안경_08,안경 맞추는 곳,건강·의료 중 '안경'을 판매·제공하는 매장,c17b9a52-3c4f-4bef-8187-a301675b55ab,안경사랑,안경,전주중앙상가시장,전통시장,전북특별자치도,3.0,3.0,,,RESOLVED_AGREEMENT,False,3,,,,
e81735ba9d814b31aff8,val,안경,T4 구어·문장,q_안경_08,안경 맞추는 곳,건강·의료 중 '안경'을 판매·제공하는 매장,0e170be8-4e2c-4008-adbc-7539572b5fc6,성모안과의원,안과,선부광장로상점가,자율상권구역,경기도,1.0,2.0,,,P1_BINARY_THRESHOLD,True,,,,,
f60566b38f22442872fb,val,안경,T4 구어·문장,q_안경_08,안경 맞추는 곳,건강·의료 중 '안경'을 판매·제공하는 매장,e631c7fc-9962-4bc4-af1c-6aa64bd9cff8,안경家 (가),안경,뉴월드프라자골목형상점가,골목형상점가,경기도,3.0,3.0,,,RESOLVED_AGREEMENT,False,3,,,,
55163bb18808f8738cbc,val,안경,T4 구어·문장,q_안경_08,안경 맞추는 곳,건강·의료 중 '안경'을 판매·제공하는 매장,d309d034-1812-4e8d-8248-eddf35c195b9,모든안경,안경,화정꽃마을상인회 골목형상점가,골목형상점가,광주광역시,3.0,3.0,,,RESOLVED_AGREEMENT,False,3,,,,
8672a117a827d9cc7794,val,안경,T4 구어·문장,q_안경_08,안경 맞추는 곳,건강·의료 중 '안경'을 판매·제공하는 매장,48cf36f1-d641-4db4-8659-9083441951f7,기쁨주는 안경원,안경,송탄시장(송북시장),전통시장,경기도,3.0,3.0,,,RESOLVED_AGREEMENT,False,3,,,,
24772ddd8026628094e8,val,안경,T4 구어·문장,q_안경_08,안경 맞추는 곳,건강·의료 중 '안경'을 판매·제공하는 매장,0184ed05-765c-4947-bbf8-dff527177252,안경을 찾는 사람들,안경,발안만세시장(구 발안시장),전통시장,경기도,3.0,3.0,,,RESOLVED_AGREEMENT,False,3,,,,
b15c822d9102b44dfd20,val,안경,T4 구어·문장,q_안경_08,안경 맞추는 곳,건강·의료 중 '안경'을 판매·제공하는 매장,02822efb-f50a-45c4-8f4d-bfbba20a01e4,오렌즈충주점,"안경, 렌즈",성서중심시장(성서시장문화의거리 통합),전통시장,충청북도,3.0,3.0,,,RESOLVED_AGREEMENT,False,3,,,,
0ee2f11fc6f3d9a344d5,val,안경,T4 구어·문장,q_안경_08,안경 맞추는 곳,건강·의료 중 '안경'을 판매·제공하는 매장,7cecf7e5-33d3-4574-a699-22117801fadb,본안경,안경,남구 용대로 골목형상점가,골목형상점가,광주광역시,3.0,3.0,,,RESOLVED_AGREEMENT,False,3,,,,
28e0c1011b57b813e3c9,val,안경,T4 구어·문장,q_안경_08,안경 맞추는 곳,건강·의료 중 '안경'을 판매·제공하는 매장,6d6abe87-c9e0-46c6-b044-8857b5e37492,E안경,안경,빛가람 하나로 골목형상점가,골목형상점가,전라남도,3.0,3.0,,,RESOLVED_AGREEMENT,False,3,,,,
e3c0837797f191397999,val,안경,T4 구어·문장,q_안경_08,안경 맞추는 곳,건강·의료 중 '안경'을 판매·제공하는 매장,436a7bdf-ebfe-4591-a0f9-3c86f9750202,아이스쿨안경,안경,방이시장,전통시장,서울특별시,3.0,3.0,,,RESOLVED_AGREEMENT,False,3,,,,
6f777ba63ad7bad05a05,val,안경,T4 구어·문장,q_안경_08,안경 맞추는 곳,건강·의료 중 '안경'을 판매·제공하는 매장,d6e82951-9610-44b3-a16b-bda93768c7b4,뉴욕안경,안경,강남역지하도상점가,일반지하상점가,서울특별시,3.0,3.0,,,RESOLVED_AGREEMENT,False,3,,,,
ad24d5417ad850bfbcd6,val,안경,T4 구어·문장,q_안경_08,안경 맞추는 곳,건강·의료 중 '안경'을 판매·제공하는 매장,94189e63-e824-4239-88f2-c2f587330ad0,안경천국,안경,송정동 상점가,자율상권구역,경기도,3.0,3.0,,,RESOLVED_AGREEMENT,False,3,,,,
bbeb875dbaa187f94a1e,val,안경,T4 구어·문장,q_안경_08,안경 맞추는 곳,건강·의료 중 '안경'을 판매·제공하는 매장,ccb032f5-c6e0-4c4a-8c8c-4df73fca757e,글라스온 안경,안경,첨단동행 골목형상점가,골목형상점가,광주광역시,3.0,3.0,,,RESOLVED_AGREEMENT,False,3,,,,
68c5d5a0897ce43d6048,val,안경,T4 구어·문장,q_안경_08,안경 맞추는 곳,건강·의료 중 '안경'을 판매·제공하는 매장,8dd935d8-8133-4ce7-a87f-03ac2020c4a7,리갈안경,안경,명동 지하쇼핑센터,일반지하상점가,서울특별시,3.0,3.0,,,RESOLVED_AGREEMENT,False,3,,,,
c89c9bd6813513e121cf,val,안경,T4 구어·문장,q_안경_08,안경 맞추는 곳,건강·의료 중 '안경'을 판매·제공하는 매장,22ecc35d-c99e-4b8e-a5d3-00e3f84f858d,로미(LOAMY),편의점,당감새시장,전통시장,부산광역시,0.0,0.0,,,RESOLVED_AGREEMENT,False,0,,,,
fefe07e9dd8faad65fc9,val,안경,T4 구어·문장,q_안경_08,안경 맞추는 곳,건강·의료 중 '안경'을 판매·제공하는 매장,e7ae0967-e4d4-4ed7-9b1f-0923e141ae55,안경파크,안경,주안역지하도상점가,일반지하상점가,인천광역시,3.0,3.0,,,RESOLVED_AGREEMENT,False,3,,,,
2569bde5f283d24c0e2f,val,안경,T4 구어·문장,q_안경_08,안경 맞추는 곳,건강·의료 중 '안경'을 판매·제공하는 매장,4e76be92-56ff-45e7-bed3-b3844d758167,로덴안경,안경,김해 대우유토피아상가,골목형상점가,경상남도,3.0,3.0,,,RESOLVED_AGREEMENT,False,3,,,,
6d709591592cb60aaf67,val,안경,T4 구어·문장,q_안경_08,안경 맞추는 곳,건강·의료 중 '안경'을 판매·제공하는 매장,3e99a494-3f4c-4bf7-9973-e7cbda1f0892,솔솔안경,안경,화정한울타리상인회 골목형상점가,골목형상점가,광주광역시,3.0,3.0,,,RESOLVED_AGREEMENT,False,3,,,,
8e06d2035ecde536c9e3,val,안경,T4 구어·문장,q_안경_08,안경 맞추는 곳,건강·의료 중 '안경'을 판매·제공하는 매장,01bcb519-0fa6-438a-927f-cf3d578789e8,아이라이크안경by씨채널,안경,진천혁신골목형상점가,골목형상점가,충청북도,3.0,3.0,,,RESOLVED_AGREEMENT,False,3,,,,
0c88ce949f645822e9c9,val,안경,T4 구어·문장,q_안경_08,안경 맞추는 곳,건강·의료 중 '안경'을 판매·제공하는 매장,ae0356b8-c8a5-466b-a982-a930e6c3dd55,눈을 맞추다 & 렌즈미,안경테 안경렌즈 콘택트렌즈,한들물빛도시 골목형 상점가,골목형상점가,충청남도,3.0,3.0,,,RESOLVED_AGREEMENT,False,3,,,,
cdfcefa9acbb731d6457,val,안경,T4 구어·문장,q_안경_08,안경 맞추는 곳,건강·의료 중 '안경'을 판매·제공하는 매장,036a59cf-089b-47f4-99ed-e2cca1eea312,서독안경,안경,남대문시장,전통시장,서울특별시,3.0,3.0,,,RESOLVED_AGREEMENT,False,3,,,,
5fde9a30bc71717c2821,val,안경,T4 구어·문장,q_안경_08,안경 맞추는 곳,건강·의료 중 '안경'을 판매·제공하는 매장,e4cedb71-8e07-42a4-a3cb-6402418d7774,인제민속떡집,떡,인제시장,전통시장,강원특별자치도,0.0,0.0,,,RESOLVED_AGREEMENT,False,0,,,,
0cb44d4190a68cd2cb8a,val,안경,T4 구어·문장,q_안경_08,안경 맞추는 곳,건강·의료 중 '안경'을 판매·제공하는 매장,00c9a212-c673-4e9c-a890-7e39a3da51b6,파룩스안경원,안경,샘머리 골목형상점가,골목형상점가,대전광역시,3.0,3.0,,,RESOLVED_AGREEMENT,False,3,,,,
269d482450d1ff85eea7,val,안경,T4 구어·문장,q_안경_08,안경 맞추는 곳,건강·의료 중 '안경'을 판매·제공하는 매장,b43b445d-a1f7-4019-991b-e20e37e04409,아이파크 안경,안경,수원아이파크시티8단지상가 골목형상점가,골목형상점가,경기도,3.0,3.0,,,RESOLVED_AGREEMENT,False,3,,,,
808d6dab53f7b317a5d4,val,안경,T4 구어·문장,q_안경_08,안경 맞추는 곳,건강·의료 중 '안경'을 판매·제공하는 매장,ab27f098-a2a2-4833-93d4-230e881a6d0c,"안경,여수",안경,여수진남상가,자율상권구역,전라남도,3.0,3.0,,,RESOLVED_AGREEMENT,False,3,,,,
787ddf4e403325705693,val,안경,T4 구어·문장,q_안경_08,안경 맞추는 곳,건강·의료 중 '안경'을 판매·제공하는 매장,2c87cc0d-5e6a-4f35-95f6-8985dbef5e03,코스메틱몰,"잡화, 화장품",당감새시장,전통시장,부산광역시,0.0,0.0,,,RESOLVED_AGREEMENT,False,0,,,,
16bcd5e617758fc2391c,val,안경,T4 구어·문장,q_안경_08,안경 맞추는 곳,건강·의료 중 '안경'을 판매·제공하는 매장,fe60f560-afe4-4dd1-8c3f-fe0cf029bbaf,안경집,안경,사리골상점가,자율상권구역,경기도,3.0,3.0,,,RESOLVED_AGREEMENT,False,3,,,,
0832eb028b16c3db7060,val,안경,T4 구어·문장,q_안경_08,안경 맞추는 곳,건강·의료 중 '안경'을 판매·제공하는 매장,bdb317ef-6cf9-49e9-8098-ead74a3c6ea6,원선생안경,안경,젊음의거리 상점가,자율상권구역,울산광역시,3.0,3.0,,,RESOLVED_AGREEMENT,False,3,,,,
6088c435106fa5868e8a,val,안경,T4 구어·문장,q_안경_08,안경 맞추는 곳,건강·의료 중 '안경'을 판매·제공하는 매장,c20ad57c-5d9e-4cd9-8dff-94be2ca1c274,아이탑안경,안경,매봉 골목형상점가,골목형상점가,광주광역시,3.0,3.0,,,RESOLVED_AGREEMENT,False,3,,,,
ac4b748bf1e2ab8d965b,val,안경,T4 구어·문장,q_안경_08,안경 맞추는 곳,건강·의료 중 '안경'을 판매·제공하는 매장,0f0f7f91-5504-4d69-a3cc-dd8e3df100b2,제이 안경,안경,금암동 골목형상점가,골목형상점가,충청남도,3.0,3.0,,,RESOLVED_AGREEMENT,False,3,,,,
d90e43f5ea849e9a3f3f,val,안경,T4 구어·문장,q_안경_08,안경 맞추는 곳,건강·의료 중 '안경'을 판매·제공하는 매장,1d56f4a0-e43b-41a8-a0f8-39fa70226f53,다봄안과의원,안과,구성언남 골목형상점가,골목형상점가,경기도,1.0,2.0,,,P1_BINARY_THRESHOLD,True,,,,,
32cbaa0b25d1169c542f,val,안경,T4 구어·문장,q_안경_08,안경 맞추는 곳,건강·의료 중 '안경'을 판매·제공하는 매장,52e867bd-a673-4f27-8878-6647d9448a52,빛담안경,안경,효행구봉담상점가,골목형상점가,경기도,3.0,3.0,,,RESOLVED_AGREEMENT,False,3,,,,
210c5c3893bf94d1a95c,val,안경,T4 구어·문장,q_안경_08,안경 맞추는 곳,건강·의료 중 '안경'을 판매·제공하는 매장,849239f4-1bbd-46ce-8fd3-7adf17432cf6,안경뱅크,안경,두암타운 골목형상점가,골목형상점가,광주광역시,3.0,3.0,,,RESOLVED_AGREEMENT,False,3,,,,
5c1d619e3dbfe997a7a1,val,안경,T4 구어·문장,q_안경_08,안경 맞추는 곳,건강·의료 중 '안경'을 판매·제공하는 매장,010604a1-9bcd-4057-8360-47c77d14504a,굿모닝안경.콘택트,안경,서재소상공인연합회,골목형상점가,대구광역시,3.0,3.0,,,RESOLVED_AGREEMENT,False,3,,,,
fb83adad403ebded9993,val,안경,T4 구어·문장,q_안경_08,안경 맞추는 곳,건강·의료 중 '안경'을 판매·제공하는 매장,192cd801-dacc-4251-8e50-ccfc6c1c9a9c,코코(현대)안경,안경,남대문시장,전통시장,서울특별시,3.0,3.0,,,RESOLVED_AGREEMENT,False,3,,,,
4758c0e474fa778ebf33,val,안경,T4 구어·문장,q_안경_08,안경 맞추는 곳,건강·의료 중 '안경'을 판매·제공하는 매장,b2bafed9-9942-4a7f-8f66-11b039f89c9b,패션안경,안경,대가야 자율상권구역,,경상북도,3.0,3.0,,,RESOLVED_AGREEMENT,False,3,,,,
81592c0b13074218704c,val,안경,T4 구어·문장,q_안경_08,안경 맞추는 곳,건강·의료 중 '안경'을 판매·제공하는 매장,75bc618e-37aa-4e2e-a9e9-bb39a6127319,라움안경,안경,효행구봉담상점가,골목형상점가,경기도,3.0,3.0,,,RESOLVED_AGREEMENT,False,3,,,,
765521fb95d817d16dab,val,안경,T4 구어·문장,q_안경_08,안경 맞추는 곳,건강·의료 중 '안경'을 판매·제공하는 매장,208dfab4-0f90-4915-af8e-da82785fb6bc,정안경,안경,송림골 골목형상점가,골목형상점가,인천광역시,3.0,3.0,,,RESOLVED_AGREEMENT,False,3,,,,
c3e5979ecdceea34dc83,val,안경,T4 구어·문장,q_안경_08,안경 맞추는 곳,건강·의료 중 '안경'을 판매·제공하는 매장,6bd6a6da-cce6-481a-8049-966b568c3741,안경빛나,안경,일번지프라자 골목형상점가,골목형상점가,경기도,3.0,3.0,,,RESOLVED_AGREEMENT,False,3,,,,
20afa922e0d2bdd8d42f,val,안경,T4 구어·문장,q_안경_08,안경 맞추는 곳,건강·의료 중 '안경'을 판매·제공하는 매장,569f87e6-2879-4736-9d08-9f38e145fcc4,송촌꼬마김밥,김밥,함평천지 골목형상점가,골목형상점가,전라남도,0.0,0.0,,,RESOLVED_AGREEMENT,False,0,,,,
0e1d872cb50c72fefc70,val,안경,T4 구어·문장,q_안경_08,안경 맞추는 곳,건강·의료 중 '안경'을 판매·제공하는 매장,838be54f-b775-4e16-a910-1e4ca4c26be0,토탈안경,안경,탄방동 골목형상점가,골목형상점가,대전광역시,3.0,3.0,,,RESOLVED_AGREEMENT,False,3,,,,
b0117ede3487508eae47,val,안경,T4 구어·문장,q_안경_08,안경 맞추는 곳,건강·의료 중 '안경'을 판매·제공하는 매장,60de073d-4136-4956-b346-046fb99bdc2d,세종안경,안경,종촌동골목형상점가,골목형상점가,세종특별자치시,3.0,3.0,,,RESOLVED_AGREEMENT,False,3,,,,
05ba9cf368f7b19ca72a,val,안경,T4 구어·문장,q_안경_08,안경 맞추는 곳,건강·의료 중 '안경'을 판매·제공하는 매장,0ace73e8-bb57-47d5-9285-a928365cb279,킹콩안경,안경,이천중앙로상가,자율상권구역,경기도,3.0,3.0,,,RESOLVED_AGREEMENT,False,3,,,,
2653cb181cbbfa9337a7,val,안경,T4 구어·문장,q_안경_08,안경 맞추는 곳,건강·의료 중 '안경'을 판매·제공하는 매장,13fc7af8-fa39-4c53-a2dd-af24bfeb905b,아이링안경,안경,가재마을 골목형상점가,골목형상점가,세종특별자치시,3.0,3.0,,,RESOLVED_AGREEMENT,False,3,,,,
3b5345a4756893e748d5,val,안경,T4 구어·문장,q_안경_08,안경 맞추는 곳,건강·의료 중 '안경'을 판매·제공하는 매장,0266bd67-c211-4ab4-bb83-af329b2ce979,공덕나인안경,안경콘택트렌즈,도화동상점가,자율상권구역,서울특별시,3.0,3.0,,,RESOLVED_AGREEMENT,False,3,,,,
901e3580dca99a6a96a9,val,안경,T4 구어·문장,q_안경_08,안경 맞추는 곳,건강·의료 중 '안경'을 판매·제공하는 매장,ab16742d-7f22-448f-9a75-6002bb94db48,나렌즈,안경,메트로센터(반월당지하쇼핑),일반지하상점가,대구광역시,3.0,3.0,,,RESOLVED_AGREEMENT,False,3,,,,
2c29e24070ffcb4ad0e9,val,안경,T4 구어·문장,q_안경_08,안경 맞추는 곳,건강·의료 중 '안경'을 판매·제공하는 매장,61879568-3432-49c1-9c81-1ec33b4ca4e8,신우떡집,떡,전주서곡 골목형상점가,골목형상점가,전북특별자치도,0.0,0.0,,,RESOLVED_AGREEMENT,False,0,,,,
b66c8119d39fbb626ba3,val,안경,T4 구어·문장,q_안경_08,안경 맞추는 곳,건강·의료 중 '안경'을 판매·제공하는 매장,0031a77b-4f01-4757-a2e9-7eb65ae09ab0,글라스위드렌즈안경 울산대점,,울산대바보사거리 골목형상점가,골목형상점가,울산광역시,3.0,3.0,,,RESOLVED_AGREEMENT,False,3,,,,
5a249ad16132520be960,val,안경,T4 구어·문장,q_안경_08,안경 맞추는 곳,건강·의료 중 '안경'을 판매·제공하는 매장,f2466ce6-f8e5-4241-ac26-6bb54cefe8c6,"안경, 오늘",안경,유천택지올림픽길골목형상점가,골목형상점가,강원특별자치도,3.0,3.0,,,RESOLVED_AGREEMENT,False,3,,,,
1083805eb3a22825a886,val,안경,T4 구어·문장,q_안경_08,안경 맞추는 곳,건강·의료 중 '안경'을 판매·제공하는 매장,eb1957f7-b6f5-4222-af0a-8e327ac16492,안경맘,안경,구매탄시장,전통시장,경기도,3.0,3.0,,,RESOLVED_AGREEMENT,False,3,,,,
63806e11e06f411ca02c,val,안경,T4 구어·문장,q_안경_08,안경 맞추는 곳,건강·의료 중 '안경'을 판매·제공하는 매장,10262624-5d0a-4091-8c44-f6c713d3c98c,아이디어 안경,안경,동천동먹자골목1번가상인회 골목형상점가,골목형상점가,광주광역시,3.0,3.0,,,RESOLVED_AGREEMENT,False,3,,,,
21357df681276b6708d5,val,안경,T4 구어·문장,q_안경_08,안경 맞추는 곳,건강·의료 중 '안경'을 판매·제공하는 매장,6dbe7b37-1874-4ed8-8a46-b480f5b94bd0,남시안경,안경,남대문로골목형상점가,골목형상점가,서울특별시,3.0,3.0,,,RESOLVED_AGREEMENT,False,3,,,,
2af900447cab30cb5ff8,val,안경,T4 구어·문장,q_안경_08,안경 맞추는 곳,건강·의료 중 '안경'을 판매·제공하는 매장,aacac575-3e2e-4fbf-9844-aa541c66b631,2.0 안경,안경,사당4골목형상점가,골목형상점가,서울특별시,3.0,3.0,,,RESOLVED_AGREEMENT,False,3,,,,
4e59c8f001500bc642c1,val,안경,T4 구어·문장,q_안경_08,안경 맞추는 곳,건강·의료 중 '안경'을 판매·제공하는 매장,2743811c-5e71-4d2b-aa75-1b0147d44f2d,사우 꽃이 피는 곳,꽃,김포 풍년마을 골목형상점가,골목형상점가,경기도,0.0,0.0,,,RESOLVED_AGREEMENT,False,0,,,,
70de837a9438d9bb6c9a,val,안경,T4 구어·문장,q_안경_08,안경 맞추는 곳,건강·의료 중 '안경'을 판매·제공하는 매장,586cb130-b586-4d53-959f-c2534361da51,에이에스 안경,안경,구매탄시장,전통시장,경기도,3.0,3.0,,,RESOLVED_AGREEMENT,False,3,,,,
929467201b8e7c4f9f9f,val,안경,T4 구어·문장,q_안경_08,안경 맞추는 곳,건강·의료 중 '안경'을 판매·제공하는 매장,1965be11-0923-408a-83df-3a1a999e4ca6,천안서울안과 신불당점의원,안과,시청앞 골목형상점가,골목형상점가,충청남도,1.0,2.0,,,P1_BINARY_THRESHOLD,True,,,,,
2de4a53e9df0de723225,val,안경,T4 구어·문장,q_안경_08,안경 맞추는 곳,건강·의료 중 '안경'을 판매·제공하는 매장,e03e8fb5-5183-4ca4-bbbd-2ee033ac4f65,수안경,안경,북평민속시장(북평민속5일장),전통시장,강원특별자치도,3.0,3.0,,,RESOLVED_AGREEMENT,False,3,,,,
2ef2cd9af0a2740c6125,val,안경,T4 구어·문장,q_안경_08,안경 맞추는 곳,건강·의료 중 '안경'을 판매·제공하는 매장,4805e403-d672-4fbb-a5cf-1d066818ee54,더클래스 안경,안경,중흥 골목형상점가,골목형상점가,부산광역시,3.0,3.0,,,RESOLVED_AGREEMENT,False,3,,,,
a0c27addf6f90dc95a43,val,안경,T4 구어·문장,q_안경_08,안경 맞추는 곳,건강·의료 중 '안경'을 판매·제공하는 매장,da1ab000-5bdd-42d8-8b40-5918cd11b076,으뜸+안경,안경,순천연향패션상가,자율상권구역,전라남도,3.0,3.0,,,RESOLVED_AGREEMENT,False,3,,,,
3fe980d09503f6080f01,val,안경,T4 구어·문장,q_안경_08,안경 맞추는 곳,건강·의료 중 '안경'을 판매·제공하는 매장,8a7e4c58-2e87-4ff2-bd8e-f452de6a0476,일로아 안경,안경,남악사랑 골목형상점가,골목형상점가,전라남도,3.0,3.0,,,RESOLVED_AGREEMENT,False,3,,,,
8e96a7107c21484c2316,val,안경,T4 구어·문장,q_안경_08,안경 맞추는 곳,건강·의료 중 '안경'을 판매·제공하는 매장,3c46c4b4-da6c-4e70-80ab-15122c8a58e6,안경다움,안경,상암마을상인회 골목형상점가,골목형상점가,광주광역시,3.0,3.0,,,RESOLVED_AGREEMENT,False,3,,,,
716cc6f8f21c4c511399,val,안경,T4 구어·문장,q_안경_08,안경 맞추는 곳,건강·의료 중 '안경'을 판매·제공하는 매장,75145b4e-9889-4b30-b9d1-28e4451d3ff7,동숭안경,안경,학운동 365 골목형상점가,골목형상점가,광주광역시,3.0,3.0,,,RESOLVED_AGREEMENT,False,3,,,,
3e1ff6ba277c3ce51f76,val,안경,T4 구어·문장,q_안경_08,안경 맞추는 곳,건강·의료 중 '안경'을 판매·제공하는 매장,26375764-dfcc-41da-beae-247fdb10f3a3,소망안경,안경,남대문로 지하도상가,일반지하상점가,서울특별시,3.0,3.0,,,RESOLVED_AGREEMENT,False,3,,,,
02b859cf7e5ba4543e66,val,안경,T4 구어·문장,q_안경_08,안경 맞추는 곳,건강·의료 중 '안경'을 판매·제공하는 매장,3e7ab85c-ea7f-44ee-bee2-67947757b532,안경 정주다,안경,매탄중심상가 골목형상점가,골목형상점가,경기도,3.0,3.0,,,RESOLVED_AGREEMENT,False,3,,,,
e077db1fe263389fd0e2,val,안경,T4 구어·문장,q_안경_08,안경 맞추는 곳,건강·의료 중 '안경'을 판매·제공하는 매장,011e75cb-eb08-4161-9b41-65e8d204464c,이지안경,안경및콘택트렌즈,BOCA 보카상점가,골목형상점가,경기도,3.0,3.0,,,RESOLVED_AGREEMENT,False,3,,,,
86ab28038f55ade5dba0,val,안경,T4 구어·문장,q_안경_08,안경 맞추는 곳,건강·의료 중 '안경'을 판매·제공하는 매장,6c7c780f-f95e-4f75-a58f-c94454ca1362,으뜸50 안경,안경,충장로123가 상점가,자율상권구역,광주광역시,3.0,3.0,,,RESOLVED_AGREEMENT,False,3,,,,
c1c3b58705ac70271d72,val,안경,T4 구어·문장,q_안경_08,안경 맞추는 곳,건강·의료 중 '안경'을 판매·제공하는 매장,a4f9bf25-27bb-4cbd-892d-139ca6fce778,안경맞추기 송정점,안경,광주송정역세권 상권활성화구역,상권활성화구역,광주광역시,3.0,3.0,,,RESOLVED_AGREEMENT,False,3,,,,
21b4f0749715a1be6fdc,val,안경,T4 구어·문장,q_안경_08,안경 맞추는 곳,건강·의료 중 '안경'을 판매·제공하는 매장,1749d275-3dc5-427a-b680-5c853a65b661,정상기안과의원,안과,신세계앞상인회 골목형상점가,골목형상점가,광주광역시,1.0,2.0,,,P1_BINARY_THRESHOLD,True,,,,,
7e9b91753872996212fc,val,안경,T4 구어·문장,q_안경_08,안경 맞추는 곳,건강·의료 중 '안경'을 판매·제공하는 매장,0028e2be-f83a-47fd-83a9-f76bfb8df49a,청당안경렌즈미청당점,,청당4번가 골목형상점가,골목형상점가,충청남도,3.0,3.0,,,RESOLVED_AGREEMENT,False,3,,,,
92e29b00c600fe498ecb,val,안경,T4 구어·문장,q_안경_08,안경 맞추는 곳,건강·의료 중 '안경'을 판매·제공하는 매장,c2928fd2-ba68-4781-89cd-bad1f2b88985,대동(샘)안경,안경,동해남부재래시장,전통시장,강원특별자치도,3.0,3.0,,,RESOLVED_AGREEMENT,False,3,,,,
9a21e9f37897eea0d1f1,val,안경,T4 구어·문장,q_안경_08,안경 맞추는 곳,건강·의료 중 '안경'을 판매·제공하는 매장,00112248-81bc-4fca-ac3c-f6d684bcf294,데일리뷰 안경원,,성성1번가 골목형상점가,골목형상점가,충청남도,3.0,3.0,,,RESOLVED_AGREEMENT,False,3,,,,
4fe430447878f47a1204,val,안경,T4 구어·문장,q_안경_08,안경 맞추는 곳,건강·의료 중 '안경'을 판매·제공하는 매장,7e90589b-8c1f-4da8-a8b3-7404fa21f02c,한국안경,안경,(지정취소)다산마을상가거리골목형상점가,골목형상점가,서울특별시,3.0,3.0,,,RESOLVED_AGREEMENT,False,3,,,,
f114fddc1ecbfa7489c6,val,안경,T4 구어·문장,q_안경_08,안경 맞추는 곳,건강·의료 중 '안경'을 판매·제공하는 매장,003ea83c-ef37-4c55-ae9b-a59c93d1201f,K비젼안경 효천점,안경 및 콘택트렌즈,효천로 골목형상점가,골목형상점가,광주광역시,3.0,3.0,,,RESOLVED_AGREEMENT,False,3,,,,
f95a2a72fe003ac8cbf8,val,안경,T4 구어·문장,q_안경_08,안경 맞추는 곳,건강·의료 중 '안경'을 판매·제공하는 매장,c0802d45-bbbc-45bc-852e-8ff2de06e80d,중앙안경,안경,서귀포중심상가번영회,자율상권구역,제주특별자치도,3.0,3.0,,,RESOLVED_AGREEMENT,False,3,,,,
be97ceb90d83f7ab1b29,val,안경,T4 구어·문장,q_안경_08,안경 맞추는 곳,건강·의료 중 '안경'을 판매·제공하는 매장,1871389d-e1e7-4d18-80da-2a78cdc0525a,고운빛안과,"안과, 건강기능식품",우산 동문로 골목형상점가,골목형상점가,광주광역시,1.0,2.0,,,P1_BINARY_THRESHOLD,True,,,,,
57324ffd8d7fac9949b6,val,안경,T4 구어·문장,q_안경_08,안경 맞추는 곳,건강·의료 중 '안경'을 판매·제공하는 매장,b689ceca-8cd4-4c86-a8c4-879bb343ab83,정안경,안경,운남7단지먹자거리 골목형상점가,골목형상점가,광주광역시,3.0,3.0,,,RESOLVED_AGREEMENT,False,3,,,,
95a69fe9ea899d8197b7,val,안경,T4 구어·문장,q_안경_08,안경 맞추는 곳,건강·의료 중 '안경'을 판매·제공하는 매장,40b2fc46-2e18-4728-bd1a-d2acdb5e9183,라쌍떼안경,안경,직산읍삼은1번가골목형상점가,골목형상점가,충청남도,3.0,3.0,,,RESOLVED_AGREEMENT,False,3,,,,
c712b6d4db34040ba7eb,val,안경,T4 구어·문장,q_안경_08,안경 맞추는 곳,건강·의료 중 '안경'을 판매·제공하는 매장,f5e0d3c3-efa0-472f-a04b-0f015728d54b,안경 세상,안경,장흥중앙로 골목형상점가,골목형상점가,전라남도,3.0,3.0,,,RESOLVED_AGREEMENT,False,3,,,,
29d10e8ff78d514ee9c0,val,안경,T4 구어·문장,q_안경_08,안경 맞추는 곳,건강·의료 중 '안경'을 판매·제공하는 매장,24456103-f6b8-46af-8655-82e61d7265d8,커피가 머무르는 곳,커피,반드레길골목형상점가,골목형상점가,서울특별시,0.0,0.0,,,RESOLVED_AGREEMENT,False,0,,,,
6c9b114ec3d6b47dea36,val,안경,T4 구어·문장,q_안경_08,안경 맞추는 곳,건강·의료 중 '안경'을 판매·제공하는 매장,a63d109c-f9cc-4a64-9a4f-3bf176c8f1c7,보람안경,안경,남대문시장,전통시장,서울특별시,3.0,3.0,,,RESOLVED_AGREEMENT,False,3,,,,
1c6d3bb7254d86bda577,val,안경,T4 구어·문장,q_안경_08,안경 맞추는 곳,건강·의료 중 '안경'을 판매·제공하는 매장,fac86511-64e9-44f2-aff5-e69069e20c94,안경명가,안경,영주문화시장,전통시장,경상북도,3.0,3.0,,,RESOLVED_AGREEMENT,False,3,,,,
a4901ed5f5b5108a4520,val,안경,T4 구어·문장,q_안경_09,안경점,건강·의료 중 '안경'을 판매·제공하는 매장,532b2a94-464e-4232-b2f6-020612f5e105,링스 문경점,,문경시 점촌원도심 상권활성화구역,상권활성화구역,경상북도,,0.0,Y,,P0_UNCERTAIN_OR_MISSING,True,,,,,
83160073fe6c98167f23,val,안경,T4 구어·문장,q_안경_09,안경점,건강·의료 중 '안경'을 판매·제공하는 매장,633be7f7-2a09-41c6-bfaa-88d5de69dbeb,안경박사,안경,더불어용두 골목형상점가,골목형상점가,광주광역시,3.0,3.0,,,RESOLVED_AGREEMENT,False,3,,,,
766afbd1a480e8f5fd60,val,안경,T4 구어·문장,q_안경_09,안경점,건강·의료 중 '안경'을 판매·제공하는 매장,9efe0ed4-05ae-4e01-b929-f7a7264dc509,한국안경백화점,안경점,작전시장,전통시장,인천광역시,3.0,3.0,,,RESOLVED_AGREEMENT,False,3,,,,
e2c156dcf252b2bffb97,val,안경,T4 구어·문장,q_안경_09,안경점,건강·의료 중 '안경'을 판매·제공하는 매장,c17b9a52-3c4f-4bef-8187-a301675b55ab,안경사랑,안경,전주중앙상가시장,전통시장,전북특별자치도,3.0,3.0,,,RESOLVED_AGREEMENT,False,3,,,,
336765c6488964085573,val,안경,T4 구어·문장,q_안경_09,안경점,건강·의료 중 '안경'을 판매·제공하는 매장,7ef5a7a8-b7e5-48a2-b948-721ad8df8b40,안경박사,안경점,서원동상점가,자율상권구역,서울특별시,3.0,3.0,,,RESOLVED_AGREEMENT,False,3,,,,
aec56eabb8a404fbe3fd,val,안경,T4 구어·문장,q_안경_09,안경점,건강·의료 중 '안경'을 판매·제공하는 매장,44e64d09-1d9a-48e8-95fb-40881ff5825b,더벤티 광주호남대점,"커피, 음료 등",선운별 골목형상점가,골목형상점가,광주광역시,0.0,0.0,,,RESOLVED_AGREEMENT,False,0,,,,
4ee53b055741159bb4cc,val,안경,T4 구어·문장,q_안경_09,안경점,건강·의료 중 '안경'을 판매·제공하는 매장,0031a77b-4f01-4757-a2e9-7eb65ae09ab0,글라스위드렌즈안경 울산대점,,울산대바보사거리 골목형상점가,골목형상점가,울산광역시,3.0,3.0,,,RESOLVED_AGREEMENT,False,3,,,,
0fd9915256825188c450,val,안경,T4 구어·문장,q_안경_09,안경점,건강·의료 중 '안경'을 판매·제공하는 매장,4f65a125-27a6-4c33-a1de-cd30a51b0dd3,안경기업 양주점,안경점,엄상마을상점가,골목형상점가,경기도,3.0,3.0,,,RESOLVED_AGREEMENT,False,3,,,,
fe5a7cfa6e611233f713,val,안경,T4 구어·문장,q_안경_09,안경점,건강·의료 중 '안경'을 판매·제공하는 매장,0028e2be-f83a-47fd-83a9-f76bfb8df49a,청당안경렌즈미청당점,,청당4번가 골목형상점가,골목형상점가,충청남도,3.0,3.0,,,RESOLVED_AGREEMENT,False,3,,,,
de909bf150511042a059,val,안경,T4 구어·문장,q_안경_09,안경점,건강·의료 중 '안경'을 판매·제공하는 매장,fe60f560-afe4-4dd1-8c3f-fe0cf029bbaf,안경집,안경,사리골상점가,자율상권구역,경기도,3.0,3.0,,,RESOLVED_AGREEMENT,False,3,,,,
8f76f3576ab59227f38e,val,안경,T4 구어·문장,q_안경_09,안경점,건강·의료 중 '안경'을 판매·제공하는 매장,849239f4-1bbd-46ce-8fd3-7adf17432cf6,안경뱅크,안경,두암타운 골목형상점가,골목형상점가,광주광역시,3.0,3.0,,,RESOLVED_AGREEMENT,False,3,,,,
11b5a2a4a6775a3e7ebf,val,안경,T4 구어·문장,q_안경_09,안경점,건강·의료 중 '안경'을 판매·제공하는 매장,6e03fa34-3d42-4c09-9644-080f012bc314,안경의집,안경,흑석시장골목형상점가,골목형상점가,서울특별시,3.0,3.0,,,RESOLVED_AGREEMENT,False,3,,,,
0a7b2aaa2c2e58e21e00,val,안경,T4 구어·문장,q_안경_09,안경점,건강·의료 중 '안경'을 판매·제공하는 매장,02822efb-f50a-45c4-8f4d-bfbba20a01e4,오렌즈충주점,"안경, 렌즈",성서중심시장(성서시장문화의거리 통합),전통시장,충청북도,3.0,3.0,,,RESOLVED_AGREEMENT,False,3,,,,
1066c3ded27a550939ef,val,안경,T4 구어·문장,q_안경_09,안경점,건강·의료 중 '안경'을 판매·제공하는 매장,d0e4b46c-8ffd-4fe8-862c-2a7dedb74827,안경도시,안경,중랑동부시장,전통시장,서울특별시,3.0,3.0,,,RESOLVED_AGREEMENT,False,3,,,,
b318ce645b8539e05464,val,안경,T4 구어·문장,q_안경_09,안경점,건강·의료 중 '안경'을 판매·제공하는 매장,c8c08ade-4b9a-4b8a-a652-20e5a380bc64,코스모안경점,안경,만물의거리시장,전통시장,부산광역시,3.0,3.0,,,RESOLVED_AGREEMENT,False,3,,,,
8c4ee8bbed2f8b3c629e,val,안경,T4 구어·문장,q_안경_09,안경점,건강·의료 중 '안경'을 판매·제공하는 매장,00c9a212-c673-4e9c-a890-7e39a3da51b6,파룩스안경원,안경,샘머리 골목형상점가,골목형상점가,대전광역시,3.0,3.0,,,RESOLVED_AGREEMENT,False,3,,,,
d31eac07b073b04817f5,val,안경,T4 구어·문장,q_안경_09,안경점,건강·의료 중 '안경'을 판매·제공하는 매장,010604a1-9bcd-4057-8360-47c77d14504a,굿모닝안경.콘택트,안경,서재소상공인연합회,골목형상점가,대구광역시,3.0,3.0,,,RESOLVED_AGREEMENT,False,3,,,,
55d359c904d604b69f36,val,안경,T4 구어·문장,q_안경_09,안경점,건강·의료 중 '안경'을 판매·제공하는 매장,8dbfc61b-29f2-431d-80e8-856c7ab9ea2b,동신구내안경점,안경,두암1동행정복지센터주변 골목형상점가,골목형상점가,광주광역시,3.0,3.0,,,RESOLVED_AGREEMENT,False,3,,,,
068c791f3478fa358d86,val,안경,T4 구어·문장,q_안경_09,안경점,건강·의료 중 '안경'을 판매·제공하는 매장,e4a58baa-c133-4274-993e-2a575d0d0bf2,한독안경,안경점,남대문시장,전통시장,서울특별시,3.0,3.0,,,RESOLVED_AGREEMENT,False,3,,,,
b16d936d36c3347090ae,val,안경,T4 구어·문장,q_안경_09,안경점,건강·의료 중 '안경'을 판매·제공하는 매장,0266bd67-c211-4ab4-bb83-af329b2ce979,공덕나인안경,안경콘택트렌즈,도화동상점가,자율상권구역,서울특별시,3.0,3.0,,,RESOLVED_AGREEMENT,False,3,,,,
862d52b92d422b2c965b,val,안경,T4 구어·문장,q_안경_09,안경점,건강·의료 중 '안경'을 판매·제공하는 매장,94189e63-e824-4239-88f2-c2f587330ad0,안경천국,안경,송정동 상점가,자율상권구역,경기도,3.0,3.0,,,RESOLVED_AGREEMENT,False,3,,,,
d71850ee98327f615198,val,안경,T4 구어·문장,q_안경_09,안경점,건강·의료 중 '안경'을 판매·제공하는 매장,99f53865-aaff-478f-9ba6-75799af1f826,본죽 문흥점,한식,문흥동 골목형상점가,골목형상점가,광주광역시,0.0,0.0,,,RESOLVED_AGREEMENT,False,0,,,,
3fc09e21421967f51205,val,안경,T4 구어·문장,q_안경_09,안경점,건강·의료 중 '안경'을 판매·제공하는 매장,0022ba93-553d-4d81-934b-054dfcb8309e,행복한안경,안경,태화시장,전통시장,울산광역시,3.0,3.0,,,RESOLVED_AGREEMENT,False,3,,,,
0a9e84f0706bda91d361,val,안경,T4 구어·문장,q_안경_09,안경점,건강·의료 중 '안경'을 판매·제공하는 매장,2f7eef32-f435-41ff-89e7-3a2aa3684ec9,안경나라,안경점,충주관아골상가,전통시장,충청북도,3.0,3.0,,,RESOLVED_AGREEMENT,False,3,,,,
3472e8f1aed719d32421,val,안경,T4 구어·문장,q_안경_09,안경점,건강·의료 중 '안경'을 판매·제공하는 매장,89fa5694-5398-4688-94ec-2491d0c90b0c,안경마을,안경,새마을시장,전통시장,서울특별시,3.0,3.0,,,RESOLVED_AGREEMENT,False,3,,,,
d08c56583db4db3a6e74,val,안경,T4 구어·문장,q_안경_09,안경점,건강·의료 중 '안경'을 판매·제공하는 매장,69663322-f83a-40a4-9e35-ca9e447d1d8e,일번가안경콘택트,안경점,남대문시장,전통시장,서울특별시,3.0,3.0,,,RESOLVED_AGREEMENT,False,3,,,,
de765b145f873e34d377,val,안경,T4 구어·문장,q_안경_09,안경점,건강·의료 중 '안경'을 판매·제공하는 매장,632edd95-2c77-487d-ba59-281ca4302119,안경마을,안경,중앙신시장,전통시장,경상북도,3.0,3.0,,,RESOLVED_AGREEMENT,False,3,,,,
f7729264a7997a9083cf,val,안경,T4 구어·문장,q_안경_09,안경점,건강·의료 중 '안경'을 판매·제공하는 매장,019928e4-ddbb-47c4-951f-f3b31a893f1d,안경마을,안경 콘택트렌즈,구갈상점가,자율상권구역,경기도,3.0,3.0,,,RESOLVED_AGREEMENT,False,3,,,,
63e1eb4799f3d89f8247,val,안경,T4 구어·문장,q_안경_09,안경점,건강·의료 중 '안경'을 판매·제공하는 매장,1f209633-8dbe-4dba-8226-5e24605242b0,안경갤러리,안경,한림대골목형상점가,골목형상점가,강원특별자치도,3.0,3.0,,,RESOLVED_AGREEMENT,False,3,,,,
5dd152a5652e5a6034ae,val,안경,T4 구어·문장,q_안경_09,안경점,건강·의료 중 '안경'을 판매·제공하는 매장,784c6db0-6014-47b8-8feb-f11856f4e95e,우리안경점,안경,동대신1동골목시장,전통시장,부산광역시,3.0,3.0,,,RESOLVED_AGREEMENT,False,3,,,,
64c18fbe3a8d247811a9,val,안경,T4 구어·문장,q_안경_09,안경점,건강·의료 중 '안경'을 판매·제공하는 매장,fecfebb6-2ebd-402a-bc13-2b2948a0d0fd,이태리안경점,안경,양주가래비중앙로상점가,골목형상점가,경기도,3.0,3.0,,,RESOLVED_AGREEMENT,False,3,,,,
ab741dc8af2674cd89f2,val,안경,T4 구어·문장,q_안경_09,안경점,건강·의료 중 '안경'을 판매·제공하는 매장,1f179de5-a781-4ab1-bb53-da91361efe1d,안경본데이,안경,신평골목시장,전통시장,부산광역시,3.0,3.0,,,RESOLVED_AGREEMENT,False,3,,,,
d2be00d58833838fe665,val,안경,T4 구어·문장,q_안경_09,안경점,건강·의료 중 '안경'을 판매·제공하는 매장,3c46c4b4-da6c-4e70-80ab-15122c8a58e6,안경다움,안경,상암마을상인회 골목형상점가,골목형상점가,광주광역시,3.0,3.0,,,RESOLVED_AGREEMENT,False,3,,,,
779ae125fc14a6496b95,val,안경,T4 구어·문장,q_안경_09,안경점,건강·의료 중 '안경'을 판매·제공하는 매장,00efb47a-2e95-43a9-af76-8d8cd91d8c94,지니스안경세종새롬110호점,안경테 및 안경렌즈,새롬동 골목형상점가,골목형상점가,세종특별자치시,3.0,3.0,,,RESOLVED_AGREEMENT,False,3,,,,
f7100cd69706b05eeeae,val,안경,T4 구어·문장,q_안경_09,안경점,건강·의료 중 '안경'을 판매·제공하는 매장,011e75cb-eb08-4161-9b41-65e8d204464c,이지안경,안경및콘택트렌즈,BOCA 보카상점가,골목형상점가,경기도,3.0,3.0,,,RESOLVED_AGREEMENT,False,3,,,,
d51f785373f91690224e,val,안경,T4 구어·문장,q_안경_09,안경점,건강·의료 중 '안경'을 판매·제공하는 매장,eb1957f7-b6f5-4222-af0a-8e327ac16492,안경맘,안경,구매탄시장,전통시장,경기도,3.0,3.0,,,RESOLVED_AGREEMENT,False,3,,,,
74d36cfd38ea15508e4c,val,안경,T4 구어·문장,q_안경_09,안경점,건강·의료 중 '안경'을 판매·제공하는 매장,b1c4bf9c-500e-40e6-8eca-cbed44faa858,아이존 안경원,안경점,삼각동 골목형상점가,골목형상점가,광주광역시,3.0,3.0,,,RESOLVED_AGREEMENT,False,3,,,,
123b9f4cb1fcc08005fb,val,안경,T4 구어·문장,q_안경_09,안경점,건강·의료 중 '안경'을 판매·제공하는 매장,27e4eeb7-6d1b-416c-9c31-67143512000e,세경점 CU,,송탄관광특구 골목형상점가,골목형상점가,경기도,,0.0,Y,,P0_UNCERTAIN_OR_MISSING,True,,,,,
b8090be9eb4b72bcb714,val,안경,T4 구어·문장,q_안경_09,안경점,건강·의료 중 '안경'을 판매·제공하는 매장,c035d7be-1245-4b65-aad2-3c7e14168718,안경맞춤,안경,사리골상점가,자율상권구역,경기도,3.0,3.0,,,RESOLVED_AGREEMENT,False,3,,,,
02ddc344116b2895b46c,val,안경,T4 구어·문장,q_안경_09,안경점,건강·의료 중 '안경'을 판매·제공하는 매장,15f8d5a9-e0be-4f97-9a10-805b08d7a3e8,신광당안경점,안경,신금정시장 골목형 상점가,골목형상점가,부산광역시,3.0,3.0,,,RESOLVED_AGREEMENT,False,3,,,,
19be8c98af857ab7d227,val,안경,T4 구어·문장,q_안경_09,안경점,건강·의료 중 '안경'을 판매·제공하는 매장,7902063b-e68b-420f-bd25-2f639f6af2c7,안경본가,안경점,여수진남상가,자율상권구역,전라남도,3.0,3.0,,,RESOLVED_AGREEMENT,False,3,,,,
c9688610fada64f82262,val,안경,T4 구어·문장,q_안경_09,안경점,건강·의료 중 '안경'을 판매·제공하는 매장,01bcb519-0fa6-438a-927f-cf3d578789e8,아이라이크안경by씨채널,안경,진천혁신골목형상점가,골목형상점가,충청북도,3.0,3.0,,,RESOLVED_AGREEMENT,False,3,,,,
edc0804e5b65bf04edcf,val,안경,T4 구어·문장,q_안경_09,안경점,건강·의료 중 '안경'을 판매·제공하는 매장,400c6b41-33b0-4863-be59-ba4629f81565,정명사,안경점,남광주시장,전통시장,광주광역시,3.0,3.0,,,RESOLVED_AGREEMENT,False,3,,,,
0e83a6645236d23aeb57,val,안경,T4 구어·문장,q_안경_09,안경점,건강·의료 중 '안경'을 판매·제공하는 매장,450983d8-f478-43bb-8b9d-626522d87470,안경나라,안경점,점촌역전상점가,자율상권구역,경상북도,3.0,3.0,,,RESOLVED_AGREEMENT,False,3,,,,
07fa0effa13a2201ec1c,val,안경,T4 구어·문장,q_안경_09,안경점,건강·의료 중 '안경'을 판매·제공하는 매장,fcff0bae-00d1-45db-a2f9-bc24304f2ace,스텔라떡볶이 서울송파석촌점,분식,석촌시장,전통시장,서울특별시,0.0,0.0,,,RESOLVED_AGREEMENT,False,0,,,,
effc1ca3917cdc67cb73,val,안경,T4 구어·문장,q_안경_09,안경점,건강·의료 중 '안경'을 판매·제공하는 매장,712d6dcb-74c6-423a-aa2b-26812c0bf338,씨유우정선경점,편의점,우정골목 골목형상점가,골목형상점가,울산광역시,0.0,0.0,,,RESOLVED_AGREEMENT,False,0,,,,
19051d7616ea0cd7d510,val,안경,T4 구어·문장,q_안경_09,안경점,건강·의료 중 '안경'을 판매·제공하는 매장,4c00ede7-1c1a-479e-9106-d0e95ed779c6,안경나라,안경,군산나운상가 골목형상점가,골목형상점가,전북특별자치도,3.0,3.0,,,RESOLVED_AGREEMENT,False,3,,,,
a51898e3ce3a75f2239c,val,안경,T4 구어·문장,q_안경_09,안경점,건강·의료 중 '안경'을 판매·제공하는 매장,091c2af7-4516-46c5-ab97-dec8949273ae,짱구네순대타운,한식,금남시장,전통시장,서울특별시,0.0,0.0,,,RESOLVED_AGREEMENT,False,0,,,,
c9a610e0c58a839fcbf6,val,안경,T4 구어·문장,q_안경_09,안경점,건강·의료 중 '안경'을 판매·제공하는 매장,73935548-e429-42db-b98b-1d0f98d4501c,명문약국,약국,양산상생하는하서로 골목형상점가,골목형상점가,광주광역시,0.0,0.0,,,RESOLVED_AGREEMENT,False,0,,,,
dc00148e0f8afb2be9fe,val,안경,T4 구어·문장,q_안경_09,안경점,건강·의료 중 '안경'을 판매·제공하는 매장,00112248-81bc-4fca-ac3c-f6d684bcf294,데일리뷰 안경원,,성성1번가 골목형상점가,골목형상점가,충청남도,3.0,3.0,,,RESOLVED_AGREEMENT,False,3,,,,
d272ff9f8cb7f1225645,val,안경,T4 구어·문장,q_안경_09,안경점,건강·의료 중 '안경'을 판매·제공하는 매장,28c07590-df6c-4650-b1cc-4228f3b8d349,이노티안경점 광주첨단신용점,,신용동 골목형상점가,골목형상점가,광주광역시,3.0,3.0,,,RESOLVED_AGREEMENT,False,3,,,,
1fe4c382e1d825030ab1,val,안경,T4 구어·문장,q_안경_09,안경점,건강·의료 중 '안경'을 판매·제공하는 매장,e631c7fc-9962-4bc4-af1c-6aa64bd9cff8,안경家 (가),안경,뉴월드프라자골목형상점가,골목형상점가,경기도,3.0,3.0,,,RESOLVED_AGREEMENT,False,3,,,,
333baa12dfc78ede3538,val,안경,T4 구어·문장,q_안경_09,안경점,건강·의료 중 '안경'을 판매·제공하는 매장,7aefe626-72ba-4db5-a7c1-652d1c91d286,안경나라,안경,우산 동문로 골목형상점가,골목형상점가,광주광역시,3.0,3.0,,,RESOLVED_AGREEMENT,False,3,,,,
52a6184a8a3b1205eaeb,val,안경,T4 구어·문장,q_안경_09,안경점,건강·의료 중 '안경'을 판매·제공하는 매장,4fe32fbd-9ed9-44de-86b6-5fdb45936ad0,안경세상,안경,평화로상가,자율상권구역,경상북도,3.0,3.0,,,RESOLVED_AGREEMENT,False,3,,,,
b139af28cb34bf4143a0,val,안경,T4 구어·문장,q_안경_09,안경점,건강·의료 중 '안경'을 판매·제공하는 매장,6bd6a6da-cce6-481a-8049-966b568c3741,안경빛나,안경,일번지프라자 골목형상점가,골목형상점가,경기도,3.0,3.0,,,RESOLVED_AGREEMENT,False,3,,,,
ed727594b0ab374e7f4d,val,안경,T4 구어·문장,q_안경_09,안경점,건강·의료 중 '안경'을 판매·제공하는 매장,7f99220d-7803-4508-8efb-3260a07ec8e0,안경을맞추다,,매천동골목형상점가,골목형상점가,대구광역시,3.0,3.0,,,RESOLVED_AGREEMENT,False,3,,,,
717223afa0f9fe52243f,val,안경,T4 구어·문장,q_안경_09,안경점,건강·의료 중 '안경'을 판매·제공하는 매장,defbe75f-71dc-4dea-acde-b2c1e5f59204,더매치스크린골프,소매업(골프용품),안산패션타운전통시장,전통시장,경기도,0.0,0.0,,,RESOLVED_AGREEMENT,False,0,,,,
b4ff0790cc9d47f40aaf,val,안경,T4 구어·문장,q_안경_09,안경점,건강·의료 중 '안경'을 판매·제공하는 매장,b8db8c8c-b47f-4d70-902a-a4b18d8dbb2e,아이-뷰 안경,안경점,464번길 골목형상점가,골목형상점가,부산광역시,3.0,3.0,,,RESOLVED_AGREEMENT,False,3,,,,
1dfe28f13e9600888ac5,val,안경,T4 구어·문장,q_안경_09,안경점,건강·의료 중 '안경'을 판매·제공하는 매장,e7ae0967-e4d4-4ed7-9b1f-0923e141ae55,안경파크,안경,주안역지하도상점가,일반지하상점가,인천광역시,3.0,3.0,,,RESOLVED_AGREEMENT,False,3,,,,
494c33c3bfca80e8881d,val,안경,T4 구어·문장,q_안경_09,안경점,건강·의료 중 '안경'을 판매·제공하는 매장,85e10724-e67f-4cde-9c42-6c213be7fe85,오렌즈 마산점,렌즈안경점,마산 (주)대현프리몰 지하도상점가,일반지하상점가,경상남도,3.0,3.0,,,RESOLVED_AGREEMENT,False,3,,,,
f379f4e1836465f582a2,val,안경,T4 구어·문장,q_안경_09,안경점,건강·의료 중 '안경'을 판매·제공하는 매장,d67b8cab-a92b-4df7-b47a-79ec641ba24e,태양당안경점,안경,남서상점가,자율상권구역,경상북도,3.0,3.0,,,RESOLVED_AGREEMENT,False,3,,,,
1a0351ad26c279c704e8,val,안경,T4 구어·문장,q_안경_09,안경점,건강·의료 중 '안경'을 판매·제공하는 매장,fac86511-64e9-44f2-aff5-e69069e20c94,안경명가,안경,영주문화시장,전통시장,경상북도,3.0,3.0,,,RESOLVED_AGREEMENT,False,3,,,,
33219c1df2af4eb07172,val,안경,T4 구어·문장,q_안경_09,안경점,건강·의료 중 '안경'을 판매·제공하는 매장,1749d275-3dc5-427a-b680-5c853a65b661,정상기안과의원,안과,신세계앞상인회 골목형상점가,골목형상점가,광주광역시,1.0,2.0,,,P1_BINARY_THRESHOLD,True,,,,,
5ec63ca2aec3ebb5903e,val,안경,T4 구어·문장,q_안경_09,안경점,건강·의료 중 '안경'을 판매·제공하는 매장,4bb121fc-94a9-451d-a540-5434cd150d5c,노블레스안경,안경점,평촌1번가 상점가,자율상권구역,경기도,3.0,3.0,,,RESOLVED_AGREEMENT,False,3,,,,
e1ce91327a865cdf662c,val,안경,T4 구어·문장,q_안경_09,안경점,건강·의료 중 '안경'을 판매·제공하는 매장,0184ed05-765c-4947-bbf8-dff527177252,안경을 찾는 사람들,안경,발안만세시장(구 발안시장),전통시장,경기도,3.0,3.0,,,RESOLVED_AGREEMENT,False,3,,,,
64344369d49ef5868aea,val,안경,T4 구어·문장,q_안경_09,안경점,건강·의료 중 '안경'을 판매·제공하는 매장,cebbe889-f084-4023-bffc-b23a9ec17c84,안경사랑,안경,신도봉시장,전통시장,서울특별시,3.0,3.0,,,RESOLVED_AGREEMENT,False,3,,,,
1f2eaf6afdfbf02dd50e,val,안경,T4 구어·문장,q_안경_09,안경점,건강·의료 중 '안경'을 판매·제공하는 매장,834fd35d-8318-4fc7-8d9f-5a245e32cda4,거송갈비찜연경점,,연경바경빌딩 골목형상점가,골목형상점가,대구광역시,0.0,0.0,,,RESOLVED_AGREEMENT,False,0,,,,
943d973f668d53aaba82,val,안경,T4 구어·문장,q_안경_09,안경점,건강·의료 중 '안경'을 판매·제공하는 매장,dca25a7f-0bae-4320-877a-e42a7277b7db,안경채널,안경,염주먹자골목A구역상인회 골목형상점가,골목형상점가,광주광역시,3.0,3.0,,,RESOLVED_AGREEMENT,False,3,,,,
6b420f8aed3b84474a87,val,안경,T4 구어·문장,q_안경_09,안경점,건강·의료 중 '안경'을 판매·제공하는 매장,0e170be8-4e2c-4008-adbc-7539572b5fc6,성모안과의원,안과,선부광장로상점가,자율상권구역,경기도,1.0,2.0,,,P1_BINARY_THRESHOLD,True,,,,,
3a2eb44844458eb91d1b,val,안경,T4 구어·문장,q_안경_09,안경점,건강·의료 중 '안경'을 판매·제공하는 매장,b082df6f-e899-400c-88f4-5d9c2b2c2848,크리스탈안경점,소매(안경),고투몰(강남터미널지하도상점가),일반지하상점가,서울특별시,3.0,3.0,,,RESOLVED_AGREEMENT,False,3,,,,
ee7c24ce0574c6fa9a06,val,안경,T4 구어·문장,q_안경_09,안경점,건강·의료 중 '안경'을 판매·제공하는 매장,003ea83c-ef37-4c55-ae9b-a59c93d1201f,K비젼안경 효천점,안경 및 콘택트렌즈,효천로 골목형상점가,골목형상점가,광주광역시,3.0,3.0,,,RESOLVED_AGREEMENT,False,3,,,,
0df1541e5f3ca457670f,val,안경,T4 구어·문장,q_안경_09,안경점,건강·의료 중 '안경'을 판매·제공하는 매장,c084d751-d7c2-4476-9772-fdd11bf7c932,옵티션찰리대현점(브릿지안경원),안경점,동대구신시장,전통시장,대구광역시,3.0,3.0,,,RESOLVED_AGREEMENT,False,3,,,,
53811718012939a45926,val,안경,T4 구어·문장,q_안경_09,안경점,건강·의료 중 '안경'을 판매·제공하는 매장,f16d8585-a220-4392-a0b3-d0d12e5f80e3,파파라기안경원,안경점,인공폭포상가,자율상권구역,강원특별자치도,3.0,3.0,,,RESOLVED_AGREEMENT,False,3,,,,
987670c75b67d3094942,val,안경,T4 구어·문장,q_안경_09,안경점,건강·의료 중 '안경'을 판매·제공하는 매장,a6b10211-04c3-4d93-ba79-0c17eae16477,진성식품,수산물,백년시장(구 강북종합전통시장),전통시장,서울특별시,0.0,0.0,,,RESOLVED_AGREEMENT,False,0,,,,
c1b0cce41fb184764992,val,안경,T4 구어·문장,q_안경_09,안경점,건강·의료 중 '안경'을 판매·제공하는 매장,b31c25ee-aa37-4519-a81e-7589d9bff0e5,이모네밥집,한식,연무 골목형상점가,골목형상점가,경기도,0.0,0.0,,,RESOLVED_AGREEMENT,False,0,,,,
ae1921bd39f34dbc079d,val,안경,T4 구어·문장,q_안경_09,안경점,건강·의료 중 '안경'을 판매·제공하는 매장,1d56f4a0-e43b-41a8-a0f8-39fa70226f53,다봄안과의원,안과,구성언남 골목형상점가,골목형상점가,경기도,1.0,2.0,,,P1_BINARY_THRESHOLD,True,,,,,
f64724c6ed75001658bd,val,안경,T4 구어·문장,q_안경_09,안경점,건강·의료 중 '안경'을 판매·제공하는 매장,1965be11-0923-408a-83df-3a1a999e4ca6,천안서울안과 신불당점의원,안과,시청앞 골목형상점가,골목형상점가,충청남도,1.0,2.0,,,P1_BINARY_THRESHOLD,True,,,,,
a6d094c1b75150e4b9d7,val,안경,T4 구어·문장,q_안경_09,안경점,건강·의료 중 '안경'을 판매·제공하는 매장,1871389d-e1e7-4d18-80da-2a78cdc0525a,고운빛안과,"안과, 건강기능식품",우산 동문로 골목형상점가,골목형상점가,광주광역시,1.0,2.0,,,P1_BINARY_THRESHOLD,True,,,,,
1f09e5c36830787d4ff1,val,안경,T6 기계변형,q_안경_10,안견,건강·의료 중 '안경'을 판매·제공하는 매장,24f189df-e831-4120-80e0-7ca2eb3c009b,루비나,의류,서귀포중심상가번영회,자율상권구역,제주특별자치도,0.0,0.0,,,RESOLVED_AGREEMENT,False,0,,,,
2d0490e94744fba23226,val,안경,T6 기계변형,q_안경_10,안견,건강·의료 중 '안경'을 판매·제공하는 매장,44a50269-98f5-46ed-a9bd-bc1198c5677e,풍기인견,침구,장안동맛의거리골목형상점가,골목형상점가,서울특별시,0.0,0.0,,,RESOLVED_AGREEMENT,False,0,,,,
2b344385a3c17665c7b0,val,안경,T6 기계변형,q_안경_10,안견,건강·의료 중 '안경'을 판매·제공하는 매장,ab1f2afc-5c5c-49c7-9b5b-6faa7047940e,다온풍기인견,풍기인견 및 남녀의류,정읍샘고을정다운상권,상권활성화구역,전북특별자치도,0.0,0.0,,,RESOLVED_AGREEMENT,False,0,,,,
a58bf6390b312b734ce3,val,안경,T6 기계변형,q_안경_10,안견,건강·의료 중 '안경'을 판매·제공하는 매장,b1fadb0b-1193-449e-83bf-89eef481b7ab,러블리펫,애견,백운 대성시장 골목형상점가,골목형상점가,광주광역시,0.0,0.0,,,RESOLVED_AGREEMENT,False,0,,,,
70964ac8b797c74d22d6,val,안경,T6 기계변형,q_안경_10,안견,건강·의료 중 '안경'을 판매·제공하는 매장,40e8cac8-7cd1-4fbf-bac9-7d55ab410acf,대진주단,인견,부산진시장,전통시장,부산광역시,0.0,0.0,,,RESOLVED_AGREEMENT,False,0,,,,
70a61e2d2e79f7c38d51,val,안경,T6 기계변형,q_안경_10,안견,건강·의료 중 '안경'을 판매·제공하는 매장,0e170be8-4e2c-4008-adbc-7539572b5fc6,성모안과의원,안과,선부광장로상점가,자율상권구역,경기도,1.0,2.0,,,P1_BINARY_THRESHOLD,True,,,,,
91a37cb2b495e178fc11,val,안경,T6 기계변형,q_안경_10,안견,건강·의료 중 '안경'을 판매·제공하는 매장,019928e4-ddbb-47c4-951f-f3b31a893f1d,안경마을,안경 콘택트렌즈,구갈상점가,자율상권구역,경기도,3.0,3.0,,,RESOLVED_AGREEMENT,False,3,,,,
f8fc0295655d74894175,val,안경,T6 기계변형,q_안경_10,안견,건강·의료 중 '안경'을 판매·제공하는 매장,d8aae91a-0f20-47cd-b78d-655e67b87ba8,보광상회,인견,부산진시장,전통시장,부산광역시,0.0,0.0,,,RESOLVED_AGREEMENT,False,0,,,,
a3fb069e0c40be4d2f9d,val,안경,T6 기계변형,q_안경_10,안견,건강·의료 중 '안경'을 판매·제공하는 매장,ca21b3f6-548c-4c82-be10-782927526c87,족발의발견,음식점,동작구 LINK 상권활성화구역,상권활성화구역,서울특별시,0.0,0.0,,,RESOLVED_AGREEMENT,False,0,,,,
e022641875b3a13645cd,val,안경,T6 기계변형,q_안경_10,안견,건강·의료 중 '안경'을 판매·제공하는 매장,51991672-3b96-494f-a9f5-90ad8c0553c9,독스맘,애견,참샘상인회 골목형상점가,골목형상점가,광주광역시,0.0,0.0,,,RESOLVED_AGREEMENT,False,0,,,,
75aedca4ab13117d345b,val,안경,T6 기계변형,q_안경_10,안견,건강·의료 중 '안경'을 판매·제공하는 매장,16c63e83-1140-403c-a732-8a01b6682013,부창상회,인견,부산진시장,전통시장,부산광역시,0.0,0.0,,,RESOLVED_AGREEMENT,False,0,,,,
07db9eacc1583c522331,val,안경,T6 기계변형,q_안경_10,안견,건강·의료 중 '안경'을 판매·제공하는 매장,1749d275-3dc5-427a-b680-5c853a65b661,정상기안과의원,안과,신세계앞상인회 골목형상점가,골목형상점가,광주광역시,1.0,2.0,,,P1_BINARY_THRESHOLD,True,,,,,
239b7ab2a5526dd7edcf,val,안경,T6 기계변형,q_안경_10,안견,건강·의료 중 '안경'을 판매·제공하는 매장,15001d05-55e4-4fbe-8920-c840c0b830be,천기유통,판촉물,창원코아상가,전통시장,경상남도,0.0,0.0,,,RESOLVED_AGREEMENT,False,0,,,,
d0767ece00eeed4d7a80,val,안경,T6 기계변형,q_안경_10,안견,건강·의료 중 '안경'을 판매·제공하는 매장,00efb47a-2e95-43a9-af76-8d8cd91d8c94,지니스안경세종새롬110호점,안경테 및 안경렌즈,새롬동 골목형상점가,골목형상점가,세종특별자치시,3.0,3.0,,,RESOLVED_AGREEMENT,False,3,,,,
d5006564ab25fd43a6cf,val,안경,T6 기계변형,q_안경_10,안견,건강·의료 중 '안경'을 판매·제공하는 매장,61a29000-594d-4402-a276-0598ff34cb4a,말랑독,애견 미용,금부로상인회 골목형상점가,골목형상점가,광주광역시,0.0,0.0,,,RESOLVED_AGREEMENT,False,0,,,,
b62ce08d8843671af0b6,val,안경,T6 기계변형,q_안경_10,안견,건강·의료 중 '안경'을 판매·제공하는 매장,5c0427bf-f6f8-4502-8d68-0674cdc8f372,민기수산,수산물,봉동생강골시장,전통시장,전북특별자치도,0.0,0.0,,,RESOLVED_AGREEMENT,False,0,,,,
c4df4d74f333964ed41a,val,안경,T6 기계변형,q_안경_10,안견,건강·의료 중 '안경'을 판매·제공하는 매장,0184ed05-765c-4947-bbf8-dff527177252,안경을 찾는 사람들,안경,발안만세시장(구 발안시장),전통시장,경기도,3.0,3.0,,,RESOLVED_AGREEMENT,False,3,,,,
cdf865231e44a15e51ee,val,안경,T6 기계변형,q_안경_10,안견,건강·의료 중 '안경'을 판매·제공하는 매장,003ea83c-ef37-4c55-ae9b-a59c93d1201f,K비젼안경 효천점,안경 및 콘택트렌즈,효천로 골목형상점가,골목형상점가,광주광역시,3.0,3.0,,,RESOLVED_AGREEMENT,False,3,,,,
824a4d1ace80f007539c,val,안경,T6 기계변형,q_안경_10,안견,건강·의료 중 '안경'을 판매·제공하는 매장,93f5f1ac-3856-4137-a5b1-d9bfc63ec262,목원,인견,부산진시장,전통시장,부산광역시,0.0,0.0,,,RESOLVED_AGREEMENT,False,0,,,,
270d33e80000ae113868,val,안경,T6 기계변형,q_안경_10,안견,건강·의료 중 '안경'을 판매·제공하는 매장,26d023e0-6144-4340-bc75-75617eb9f548,풍기인견,옷,원주자유시장,전통시장,강원특별자치도,0.0,0.0,,,RESOLVED_AGREEMENT,False,0,,,,
d1aab07c7d78cddee039,val,안경,T6 기계변형,q_안경_10,안견,건강·의료 중 '안경'을 판매·제공하는 매장,783d0367-830a-4b63-b92c-a3e7b983246f,안씌네,한식,용대로119번길 골목형상점가,골목형상점가,광주광역시,0.0,0.0,,,RESOLVED_AGREEMENT,False,0,,,,
ed8c530925dd569d2b27,val,안경,T6 기계변형,q_안경_10,안견,건강·의료 중 '안경'을 판매·제공하는 매장,06e7d33d-d913-43e8-89c2-140a38e8ebe0,반값애견,애견용품,답십리현대시장,전통시장,서울특별시,0.0,0.0,,,RESOLVED_AGREEMENT,False,0,,,,
b562cae4c5caad1b6a97,val,안경,T6 기계변형,q_안경_10,안견,건강·의료 중 '안경'을 판매·제공하는 매장,83f68bec-d544-4053-9199-02b29a909c7f,맵시,인견,영주소백쇼핑몰,전통시장,경상북도,0.0,0.0,,,RESOLVED_AGREEMENT,False,0,,,,
2f887568e5561594d32e,val,안경,T6 기계변형,q_안경_10,안견,건강·의료 중 '안경'을 판매·제공하는 매장,010604a1-9bcd-4057-8360-47c77d14504a,굿모닝안경.콘택트,안경,서재소상공인연합회,골목형상점가,대구광역시,3.0,3.0,,,RESOLVED_AGREEMENT,False,3,,,,
f8c788c243338039036d,val,안경,T6 기계변형,q_안경_10,안견,건강·의료 중 '안경'을 판매·제공하는 매장,011e75cb-eb08-4161-9b41-65e8d204464c,이지안경,안경및콘택트렌즈,BOCA 보카상점가,골목형상점가,경기도,3.0,3.0,,,RESOLVED_AGREEMENT,False,3,,,,
536a6d4b8e431efb6016,val,안경,T6 기계변형,q_안경_10,안견,건강·의료 중 '안경'을 판매·제공하는 매장,fe2e6c0a-0eaa-4200-8e3f-9fa7a236a9a8,피포스,의료보조기구,봉천제일종합시장,전통시장,서울특별시,1.0,0.0,,,P2_GRADED_ONLY,True,,,,,
966abad611930e9064a4,val,안경,T6 기계변형,q_안경_10,안견,건강·의료 중 '안경'을 판매·제공하는 매장,eb8a6534-9a43-4d44-b8c2-494af7988336,오소상회,인견,부산진시장,전통시장,부산광역시,0.0,0.0,,,RESOLVED_AGREEMENT,False,0,,,,
03a4f9f5c963692329ed,val,안경,T6 기계변형,q_안경_10,안견,건강·의료 중 '안경'을 판매·제공하는 매장,0028e2be-f83a-47fd-83a9-f76bfb8df49a,청당안경렌즈미청당점,,청당4번가 골목형상점가,골목형상점가,충청남도,3.0,3.0,,,RESOLVED_AGREEMENT,False,3,,,,
0c4a7e91d76eb8e641a5,val,안경,T6 기계변형,q_안경_10,안견,건강·의료 중 '안경'을 판매·제공하는 매장,05c33922-f6f8-4544-9017-8f9798f7986d,아이리스꽃플라워,생화,감전시장,전통시장,부산광역시,0.0,0.0,,,RESOLVED_AGREEMENT,False,0,,,,
fcfcd03cfe2678ebdb2e,val,안경,T6 기계변형,q_안경_10,안견,건강·의료 중 '안경'을 판매·제공하는 매장,d0b41543-d3a6-495d-891c-838d399614bd,대성주단,인견,부산진시장,전통시장,부산광역시,0.0,0.0,,,RESOLVED_AGREEMENT,False,0,,,,
821b389178182ee288eb,val,안경,T6 기계변형,q_안경_10,안견,건강·의료 중 '안경'을 판매·제공하는 매장,728066c6-ea0e-4d0d-b53c-7399f0c6d478,멍모닝,애견 미용,상공회의소누리상인회 골목형상점가,골목형상점가,광주광역시,0.0,0.0,,,RESOLVED_AGREEMENT,False,0,,,,
e8302d420eee95e23655,val,안경,T6 기계변형,q_안경_10,안견,건강·의료 중 '안경'을 판매·제공하는 매장,c64311e2-ca26-43bf-8485-c614d2345170,풍기인견,의류,주안시민지하도상점가,일반지하상점가,인천광역시,0.0,0.0,,,RESOLVED_AGREEMENT,False,0,,,,
446b2e46731340f3d477,val,안경,T6 기계변형,q_안경_10,안견,건강·의료 중 '안경'을 판매·제공하는 매장,8e6e6c26-9561-426c-b27e-fdbc3754c6ef,유구시생인견,인견제품,유구시장,전통시장,충청남도,0.0,0.0,,,RESOLVED_AGREEMENT,False,0,,,,
b279c652fc0cc12a3715,val,안경,T6 기계변형,q_안경_10,안견,건강·의료 중 '안경'을 판매·제공하는 매장,00c9a212-c673-4e9c-a890-7e39a3da51b6,파룩스안경원,안경,샘머리 골목형상점가,골목형상점가,대전광역시,3.0,3.0,,,RESOLVED_AGREEMENT,False,3,,,,
5a266606fbb9a73940f1,val,안경,T6 기계변형,q_안경_10,안견,건강·의료 중 '안경'을 판매·제공하는 매장,4f88008b-ea1d-436f-9209-b22c4048919a,설악애견,애견용품,설악눈메골시장,전통시장,경기도,0.0,0.0,,,RESOLVED_AGREEMENT,False,0,,,,
9d60ddf80fd10345e780,val,안경,T6 기계변형,q_안경_10,안견,건강·의료 중 '안경'을 판매·제공하는 매장,c6bdc406-cf2e-469a-8e21-04300d24a656,히어로즈,애견,518먹자골목상인회 골목형상점가,골목형상점가,광주광역시,0.0,0.0,,,RESOLVED_AGREEMENT,False,0,,,,
e08a44ea9d5f63ed6e26,val,안경,T6 기계변형,q_안경_10,안견,건강·의료 중 '안경'을 판매·제공하는 매장,618ef4a7-7a19-460b-9245-4b2fea5409d9,프렌즈도그,애견,운천호수공원상인회 골목형상점가,골목형상점가,광주광역시,2.0,3.0,,,P2_GRADED_ONLY,True,,,,,
65d068d9aa6030959af1,val,안경,T6 기계변형,q_안경_10,안견,건강·의료 중 '안경'을 판매·제공하는 매장,0266bd67-c211-4ab4-bb83-af329b2ce979,공덕나인안경,안경콘택트렌즈,도화동상점가,자율상권구역,서울특별시,3.0,3.0,,,RESOLVED_AGREEMENT,False,3,,,,
c73186d6414dd8056acb,val,안경,T6 기계변형,q_안경_10,안견,건강·의료 중 '안경'을 판매·제공하는 매장,02822efb-f50a-45c4-8f4d-bfbba20a01e4,오렌즈충주점,"안경, 렌즈",성서중심시장(성서시장문화의거리 통합),전통시장,충청북도,3.0,3.0,,,RESOLVED_AGREEMENT,False,3,,,,
b740686d43ad525bad0e,val,안경,T6 기계변형,q_안경_10,안견,건강·의료 중 '안경'을 판매·제공하는 매장,1490e09b-6f10-43ea-8f19-b6e4d5de1068,경신상회,인견,부산진시장,전통시장,부산광역시,0.0,0.0,,,RESOLVED_AGREEMENT,False,0,,,,
d5e16885a8bb3f8b1319,val,안경,T6 기계변형,q_안경_10,안견,건강·의료 중 '안경'을 판매·제공하는 매장,1871389d-e1e7-4d18-80da-2a78cdc0525a,고운빛안과,"안과, 건강기능식품",우산 동문로 골목형상점가,골목형상점가,광주광역시,1.0,2.0,,,P1_BINARY_THRESHOLD,True,,,,,
b9d88fa09a2ace0ebabd,val,안경,T6 기계변형,q_안경_10,안견,건강·의료 중 '안경'을 판매·제공하는 매장,3ab8f832-0a45-4a30-8255-180b08d694ed,손애견,,기장차성로,골목형상점가,부산광역시,0.0,0.0,,,RESOLVED_AGREEMENT,False,0,,,,
abacd3ec0c7102fc5262,val,안경,T6 기계변형,q_안경_10,안견,건강·의료 중 '안경'을 판매·제공하는 매장,803c34d8-5db5-47dd-a380-39a83fac6e02,으뜸50안경 등촌점,안견,목동깨비시장(구 목3동시장),전통시장,서울특별시,2.0,3.0,,,P2_GRADED_ONLY,True,,,,,
d0eccda476cb9f75f7ea,val,안경,T6 기계변형,q_안경_10,안견,건강·의료 중 '안경'을 판매·제공하는 매장,fa472239-432b-401a-b012-7f57a89dd122,광복상회,인견,부산진시장,전통시장,부산광역시,0.0,0.0,,,RESOLVED_AGREEMENT,False,0,,,,
b1a122385f916318bcb5,val,안경,T6 기계변형,q_안경_10,안견,건강·의료 중 '안경'을 판매·제공하는 매장,2a83d7ae-fd84-4d35-9f2b-d20ca94ff6c9,채혜령,애견 미용,매곡 큰길 골목형상점가,골목형상점가,광주광역시,0.0,0.0,,,RESOLVED_AGREEMENT,False,0,,,,
64ad89792ad06544c850,val,안경,T6 기계변형,q_안경_10,안견,건강·의료 중 '안경'을 판매·제공하는 매장,7f99220d-7803-4508-8efb-3260a07ec8e0,안경을맞추다,,매천동골목형상점가,골목형상점가,대구광역시,3.0,3.0,,,RESOLVED_AGREEMENT,False,3,,,,
c0383db005c495eeb638,val,안경,T6 기계변형,q_안경_10,안견,건강·의료 중 '안경'을 판매·제공하는 매장,c2729a19-919b-418e-833b-4b8f9f72e6f3,개구멍,애견,동쪽바다중앙시장(구 동해중앙시장),전통시장,강원특별자치도,0.0,0.0,,,RESOLVED_AGREEMENT,False,0,,,,
4f439464de79370fd624,val,안경,T6 기계변형,q_안경_10,안견,건강·의료 중 '안경'을 판매·제공하는 매장,6716e6d9-f227-4de2-86c0-09fc0ded521b,원금주단,인견,부산진시장,전통시장,부산광역시,0.0,0.0,,,RESOLVED_AGREEMENT,False,0,,,,
3b106966d2fd0b12d2d1,val,안경,T6 기계변형,q_안경_10,안견,건강·의료 중 '안경'을 판매·제공하는 매장,30c9e0f0-c020-4d69-a9d2-7e6602809519,신당애견프라자,애견,성서계대로데오거리 골목형상점가,골목형상점가,대구광역시,0.0,0.0,,,RESOLVED_AGREEMENT,False,0,,,,
08959d19865310d04755,val,안경,T6 기계변형,q_안경_10,안견,건강·의료 중 '안경'을 판매·제공하는 매장,83358573-9ed9-493c-9f58-ad401d69e09a,디퍼스 가구,"가구, 인테리어",운정가구단지 상점가,자율상권구역,경기도,0.0,0.0,,,RESOLVED_AGREEMENT,False,0,,,,
d7a6b25bcbd2bb26aa42,val,안경,T6 기계변형,q_안경_10,안견,건강·의료 중 '안경'을 판매·제공하는 매장,c27a0e44-ac87-4a2f-b1d2-b7cd46b343d8,홍승애풍기인견,의류,군산 원도심 골목형상점가,골목형상점가,전북특별자치도,0.0,0.0,,,RESOLVED_AGREEMENT,False,0,,,,
2358af6adecf11d3171c,val,안경,T6 기계변형,q_안경_10,안견,건강·의료 중 '안경'을 판매·제공하는 매장,f62f05f5-1cb0-4f39-b38e-caf51f750ccf,보카실크,인견,풍기토종인삼시장,전통시장,경상북도,0.0,0.0,,,RESOLVED_AGREEMENT,False,0,,,,
7bc7469a86e1ce89fce5,val,안경,T6 기계변형,q_안경_10,안견,건강·의료 중 '안경'을 판매·제공하는 매장,6f14dabf-242f-4c20-b037-2e53beee6827,풍기인견 안동점,의류,안동서부시장,전통시장,경상북도,0.0,0.0,,,RESOLVED_AGREEMENT,False,0,,,,
0c4f82d136e8dcc0e063,val,안경,T6 기계변형,q_안경_10,안견,건강·의료 중 '안경'을 판매·제공하는 매장,c5a8414e-a9c6-40c3-96a4-e9f7466ce395,룩옵티컬 신촌점,안경테안견렌즈선글라스콘택트렌즈외,신촌 상점가,자율상권구역,서울특별시,3.0,3.0,,,RESOLVED_AGREEMENT,False,3,,,,
7f0cec7040e328a1c226,val,안경,T6 기계변형,q_안경_10,안견,건강·의료 중 '안경'을 판매·제공하는 매장,53c5b25e-74ff-4cb5-8001-097158b68f81,그루밍 영,애견,나성BRT 골목형상점가,골목형상점가,세종특별자치시,0.0,0.0,,,RESOLVED_AGREEMENT,False,0,,,,
25d889565bac8ccbcaf3,val,안경,T6 기계변형,q_안경_10,안견,건강·의료 중 '안경'을 판매·제공하는 매장,c88406c0-b7a6-4bc2-9ea4-e60debab747c,풍기인견,의류,유성시장 골목형상점가,골목형상점가,대전광역시,0.0,0.0,,,RESOLVED_AGREEMENT,False,0,,,,
e8330a373703e95b17e6,val,안경,T6 기계변형,q_안경_10,안견,건강·의료 중 '안경'을 판매·제공하는 매장,a14d868b-ea2c-4274-a935-d9e600c57af2,인견,양장,㈜신정시장,전통시장,울산광역시,0.0,0.0,,,RESOLVED_AGREEMENT,False,0,,,,
5f9cb0a91e213ca1650a,val,안경,T6 기계변형,q_안경_10,안견,건강·의료 중 '안경'을 판매·제공하는 매장,00112248-81bc-4fca-ac3c-f6d684bcf294,데일리뷰 안경원,,성성1번가 골목형상점가,골목형상점가,충청남도,3.0,3.0,,,RESOLVED_AGREEMENT,False,3,,,,
3b2a2d7b1ac04d8cbbec,val,안경,T6 기계변형,q_안경_10,안견,건강·의료 중 '안경'을 판매·제공하는 매장,eb1957f7-b6f5-4222-af0a-8e327ac16492,안경맘,안경,구매탄시장,전통시장,경기도,3.0,3.0,,,RESOLVED_AGREEMENT,False,3,,,,
52ef47e6d91020f4b475,val,안경,T6 기계변형,q_안경_10,안견,건강·의료 중 '안경'을 판매·제공하는 매장,a5463785-46c9-4881-aeaa-8acfb15107c8,김해혜담한복,인견,부산진시장,전통시장,부산광역시,0.0,0.0,,,RESOLVED_AGREEMENT,False,0,,,,
cacef69941f885023bfd,val,안경,T6 기계변형,q_안경_10,안견,건강·의료 중 '안경'을 판매·제공하는 매장,7b5b3591-1fd1-470e-a8bd-5c6acbf5f51d,풍기인견,인견,문창시장,전통시장,대전광역시,0.0,0.0,,,RESOLVED_AGREEMENT,False,0,,,,
ddbe57a1eff65373333c,val,안경,T6 기계변형,q_안경_10,안견,건강·의료 중 '안경'을 판매·제공하는 매장,01bcb519-0fa6-438a-927f-cf3d578789e8,아이라이크안경by씨채널,안경,진천혁신골목형상점가,골목형상점가,충청북도,3.0,3.0,,,RESOLVED_AGREEMENT,False,3,,,,
d3846f193a633177c47a,val,안경,T6 기계변형,q_안경_10,안견,건강·의료 중 '안경'을 판매·제공하는 매장,e2154084-05d4-4fec-8163-f5502554a398,"풍기인견,인삼직매장",인견,용상공설시장,전통시장,경상북도,0.0,0.0,,,RESOLVED_AGREEMENT,False,0,,,,
da16a266b4dc8a95fcea,val,안경,T6 기계변형,q_안경_10,안견,건강·의료 중 '안경'을 판매·제공하는 매장,cdc55e02-6a31-419c-8d69-8f39f64639b1,풍기 참인견,여성의류,팔달신시장,전통시장,대구광역시,0.0,0.0,,,RESOLVED_AGREEMENT,False,0,,,,
744082771f9181693bb9,val,안경,T6 기계변형,q_안경_10,안견,건강·의료 중 '안경'을 판매·제공하는 매장,64f8fd8e-aea2-4b17-be10-d1a98cc47dd4,커피일가견,커피,아름동상점가,자율상권구역,세종특별자치시,0.0,0.0,,,RESOLVED_AGREEMENT,False,0,,,,
d799761c3ec73e5aeab2,val,안경,T6 기계변형,q_안경_10,안견,건강·의료 중 '안경'을 판매·제공하는 매장,7f49a224-87ec-4f54-a6bc-632bd1cc8868,베이비펫,애견,지중해마을 골목형상점가,골목형상점가,충청남도,0.0,0.0,,,RESOLVED_AGREEMENT,False,0,,,,
9e1e02d747402fd0f001,val,안경,T6 기계변형,q_안경_10,안견,건강·의료 중 '안경'을 판매·제공하는 매장,1cf43b8b-1abb-4858-ae34-c4e61246f828,풍기인견,인견,마산 창동통합상가,전통시장,경상남도,0.0,0.0,,,RESOLVED_AGREEMENT,False,0,,,,
f5582b5174a842addb31,val,안경,T6 기계변형,q_안경_10,안견,건강·의료 중 '안경'을 판매·제공하는 매장,d0fa4002-a537-4a8b-ae52-2735505a1d11,영진애견,"애견, 용품",동오마을골목형상점가,골목형상점가,경기도,0.0,0.0,,,RESOLVED_AGREEMENT,False,0,,,,
537f5764b86df23e31e4,val,안경,T6 기계변형,q_안경_10,안견,건강·의료 중 '안경'을 판매·제공하는 매장,0022ba93-553d-4d81-934b-054dfcb8309e,행복한안경,안경,태화시장,전통시장,울산광역시,3.0,3.0,,,RESOLVED_AGREEMENT,False,3,,,,
bec5dbcb5a2f9e1132ee,val,안경,T6 기계변형,q_안경_10,안견,건강·의료 중 '안경'을 판매·제공하는 매장,1965be11-0923-408a-83df-3a1a999e4ca6,천안서울안과 신불당점의원,안과,시청앞 골목형상점가,골목형상점가,충청남도,1.0,2.0,,,P1_BINARY_THRESHOLD,True,,,,,
840947c7ab07e1d1541e,val,안경,T6 기계변형,q_안경_10,안견,건강·의료 중 '안경'을 판매·제공하는 매장,38a6533c-869b-4fc7-857d-52d324898063,스타애견,열대어,스타프라자전통시장,전통시장,경기도,0.0,0.0,,,RESOLVED_AGREEMENT,False,0,,,,
67ac8656ee62aa483d93,val,안경,T6 기계변형,q_안경_10,안견,건강·의료 중 '안경'을 판매·제공하는 매장,cb9141d0-9162-4f8c-89b3-12490f7a3403,쁘띠멍,애견 미용,태봉마을 골목형상점가,골목형상점가,경기도,0.0,0.0,,,RESOLVED_AGREEMENT,False,0,,,,
609d49b336bb00c9b02a,val,안경,T6 기계변형,q_안경_10,안견,건강·의료 중 '안경'을 판매·제공하는 매장,c5fb53d7-3ac6-4da5-9b3f-c0a927a70288,풍기인견,의류,염주먹자골목A구역상인회 골목형상점가,골목형상점가,광주광역시,0.0,0.0,,,RESOLVED_AGREEMENT,False,0,,,,
84cfa2c9e1c9f8a8a4e1,val,안경,T6 기계변형,q_안경_10,안견,건강·의료 중 '안경'을 판매·제공하는 매장,89fa3ebc-3586-4387-a37e-378e4a0309d1,우석상회,인견,부산진시장,전통시장,부산광역시,0.0,0.0,,,RESOLVED_AGREEMENT,False,0,,,,
be4301ca64df0875df25,val,안경,T6 기계변형,q_안경_10,안견,건강·의료 중 '안경'을 판매·제공하는 매장,1d56f4a0-e43b-41a8-a0f8-39fa70226f53,다봄안과의원,안과,구성언남 골목형상점가,골목형상점가,경기도,1.0,2.0,,,P1_BINARY_THRESHOLD,True,,,,,
8b61a64ce7a2341497de,val,안경,T6 기계변형,q_안경_10,안견,건강·의료 중 '안경'을 판매·제공하는 매장,cf912cdd-3bde-41f2-829e-500065200204,진선미종합화장품,화장품,강진중앙로상가,자율상권구역,전라남도,0.0,0.0,,,RESOLVED_AGREEMENT,False,0,,,,
0f319eabb251ec391df1,val,안경,T6 기계변형,q_안경_10,안견,건강·의료 중 '안경'을 판매·제공하는 매장,1030a598-1a73-4151-b8ed-cd498e5d6ab6,세란소아청소년과의원,의료서비스,방이시장,전통시장,서울특별시,1.0,0.0,,,P2_GRADED_ONLY,True,,,,,
0aaf45f32e21a3246262,val,안경,T6 기계변형,q_안경_10,안견,건강·의료 중 '안경'을 판매·제공하는 매장,0031a77b-4f01-4757-a2e9-7eb65ae09ab0,글라스위드렌즈안경 울산대점,,울산대바보사거리 골목형상점가,골목형상점가,울산광역시,3.0,3.0,,,RESOLVED_AGREEMENT,False,3,,,,
36057839847ea3ff252b,val,안경,T6 기계변형,q_안경_10,안견,건강·의료 중 '안경'을 판매·제공하는 매장,0d863b56-4ff8-43ba-8eb0-aae684ad2698,풍기인견,인견,문창시장,전통시장,대전광역시,0.0,0.0,,,RESOLVED_AGREEMENT,False,0,,,,
11741cfcc93f13983283,val,안경,T6 기계변형,q_안경_10,안견,건강·의료 중 '안경'을 판매·제공하는 매장,f7aeac77-0b6d-4d10-b367-dab488bc9cbf,애견가족,애견,아시아음식문화거리 골목형상점가,골목형상점가,광주광역시,0.0,0.0,,,RESOLVED_AGREEMENT,False,0,,,,
1d1bd403794987c89662,val,안경,T6 기계변형,q_안경_10,안견,건강·의료 중 '안경'을 판매·제공하는 매장,12de754d-a791-4ad0-bb5f-1851033acfc9,조광상회,인견,부산진시장,전통시장,부산광역시,0.0,0.0,,,RESOLVED_AGREEMENT,False,0,,,,
5baf5d7c5828459a19f7,val,안경,T6 기계변형,q_안경_10,안견,건강·의료 중 '안경'을 판매·제공하는 매장,c53d027b-d80c-49d8-854c-6b461ebe4f92,남강주단,인견,부산진시장,전통시장,부산광역시,0.0,0.0,,,RESOLVED_AGREEMENT,False,0,,,,
2766fea8c1b0d0826e2a,val,안경,T6 기계변형,q_안경_10,안견,건강·의료 중 '안경'을 판매·제공하는 매장,ad0a4148-8762-460f-9c27-27e9b4d3523c,대흥상회,인견,부산진시장,전통시장,부산광역시,0.0,0.0,,,RESOLVED_AGREEMENT,False,0,,,,
0deeaf4b19aa3c58e9a3,val,안경,T6 기계변형,q_안경_10,안견,건강·의료 중 '안경'을 판매·제공하는 매장,893beb1c-f4ed-434e-84d1-ef96fc7e6f68,용포인견집,인견,상주중앙시장,전통시장,경상북도,0.0,0.0,,,RESOLVED_AGREEMENT,False,0,,,,
471ebc2de2dd8127bd68,val,안경,T6 기계변형,q_안경_11,안경추천,건강·의료 중 '안경'을 판매·제공하는 매장,0031a77b-4f01-4757-a2e9-7eb65ae09ab0,글라스위드렌즈안경 울산대점,,울산대바보사거리 골목형상점가,골목형상점가,울산광역시,3.0,3.0,,,RESOLVED_AGREEMENT,False,3,,,,
411c083c7400b6436886,val,안경,T6 기계변형,q_안경_11,안경추천,건강·의료 중 '안경'을 판매·제공하는 매장,eb9fb028-66fb-4068-8ff2-79d816f9d4d5,안경나라,안경,신장전통시장,전통시장,경기도,3.0,3.0,,,RESOLVED_AGREEMENT,False,3,,,,
6a5e7b8b9ac92b3a5c74,val,안경,T6 기계변형,q_안경_11,안경추천,건강·의료 중 '안경'을 판매·제공하는 매장,ea99b8d9-ec8a-432a-b7c2-f2d717a6e54a,범진사,도소매(의류),평화시장,전통시장,서울특별시,0.0,0.0,,,RESOLVED_AGREEMENT,False,0,,,,
84dc26652ad720e0a9fe,val,안경,T6 기계변형,q_안경_11,안경추천,건강·의료 중 '안경'을 판매·제공하는 매장,7d9e30fc-2177-4e6f-8c0b-c15acae423c2,안경마트,안경,광산 송2송2 골목형상점가,골목형상점가,광주광역시,3.0,3.0,,,RESOLVED_AGREEMENT,False,3,,,,
961c05ce70fc8870bace,val,안경,T6 기계변형,q_안경_11,안경추천,건강·의료 중 '안경'을 판매·제공하는 매장,02363fa4-f568-4afc-af12-734f9160d832,엄마반찬,반찬류,신울산종합시장,전통시장,울산광역시,0.0,0.0,,,RESOLVED_AGREEMENT,False,0,,,,
1a36a13e4dcde1fb081d,val,안경,T6 기계변형,q_안경_11,안경추천,건강·의료 중 '안경'을 판매·제공하는 매장,1f179de5-a781-4ab1-bb53-da91361efe1d,안경본데이,안경,신평골목시장,전통시장,부산광역시,3.0,3.0,,,RESOLVED_AGREEMENT,False,3,,,,
a5056549df1f88fc3551,val,안경,T6 기계변형,q_안경_11,안경추천,건강·의료 중 '안경'을 판매·제공하는 매장,0e170be8-4e2c-4008-adbc-7539572b5fc6,성모안과의원,안과,선부광장로상점가,자율상권구역,경기도,1.0,2.0,,,P1_BINARY_THRESHOLD,True,,,,,
05f54c9599526154f65d,val,안경,T6 기계변형,q_안경_11,안경추천,건강·의료 중 '안경'을 판매·제공하는 매장,00efb47a-2e95-43a9-af76-8d8cd91d8c94,지니스안경세종새롬110호점,안경테 및 안경렌즈,새롬동 골목형상점가,골목형상점가,세종특별자치시,3.0,3.0,,,RESOLVED_AGREEMENT,False,3,,,,
f927dcf01db5968c83ba,val,안경,T6 기계변형,q_안경_11,안경추천,건강·의료 중 '안경'을 판매·제공하는 매장,1965be11-0923-408a-83df-3a1a999e4ca6,천안서울안과 신불당점의원,안과,시청앞 골목형상점가,골목형상점가,충청남도,1.0,2.0,,,P1_BINARY_THRESHOLD,True,,,,,
88b495879ceb59174a87,val,안경,T6 기계변형,q_안경_11,안경추천,건강·의료 중 '안경'을 판매·제공하는 매장,34c008af-1b58-474e-b469-298f5a3a974d,안경마을,안경,신내구길 골목형상점가,골목형상점가,서울특별시,3.0,3.0,,,RESOLVED_AGREEMENT,False,3,,,,
0848a9e3af80c7907d2e,val,안경,T6 기계변형,q_안경_11,안경추천,건강·의료 중 '안경'을 판매·제공하는 매장,e631c7fc-9962-4bc4-af1c-6aa64bd9cff8,안경家 (가),안경,뉴월드프라자골목형상점가,골목형상점가,경기도,3.0,3.0,,,RESOLVED_AGREEMENT,False,3,,,,
2b2e77d3b7c7ec4b44f0,val,안경,T6 기계변형,q_안경_11,안경추천,건강·의료 중 '안경'을 판매·제공하는 매장,0028e2be-f83a-47fd-83a9-f76bfb8df49a,청당안경렌즈미청당점,,청당4번가 골목형상점가,골목형상점가,충청남도,3.0,3.0,,,RESOLVED_AGREEMENT,False,3,,,,
6d4102600416466552f6,val,안경,T6 기계변형,q_안경_11,안경추천,건강·의료 중 '안경'을 판매·제공하는 매장,95d7e101-14ff-4a43-9a80-a72f7df4e5bb,블루2767,음료,수완나들목 골목형상점가,골목형상점가,광주광역시,0.0,0.0,,,RESOLVED_AGREEMENT,False,0,,,,
8f3a23d6fcc2610f8ec5,val,안경,T6 기계변형,q_안경_11,안경추천,건강·의료 중 '안경'을 판매·제공하는 매장,5342303b-02a0-40ad-a1f8-17f4bcb5f915,안경박사,안경,산정상인회 골목형상점가,골목형상점가,광주광역시,3.0,3.0,,,RESOLVED_AGREEMENT,False,3,,,,
9d747e8e8b5e6a956339,val,안경,T6 기계변형,q_안경_11,안경추천,건강·의료 중 '안경'을 판매·제공하는 매장,ab27f098-a2a2-4833-93d4-230e881a6d0c,"안경,여수",안경,여수진남상가,자율상권구역,전라남도,3.0,3.0,,,RESOLVED_AGREEMENT,False,3,,,,
737a86bdd675e5762ccf,val,안경,T6 기계변형,q_안경_11,안경추천,건강·의료 중 '안경'을 판매·제공하는 매장,03bb6a62-be02-48f3-9132-9149e8a04549,안경을 부탁해,안경,금곡 골목형상점가,골목형상점가,경기도,3.0,3.0,,,RESOLVED_AGREEMENT,False,3,,,,
ad18018ffc023e9c0044,val,안경,T6 기계변형,q_안경_11,안경추천,건강·의료 중 '안경'을 판매·제공하는 매장,6e03fa34-3d42-4c09-9644-080f012bc314,안경의집,안경,흑석시장골목형상점가,골목형상점가,서울특별시,3.0,3.0,,,RESOLVED_AGREEMENT,False,3,,,,
61239dcfb55894391819,val,안경,T6 기계변형,q_안경_11,안경추천,건강·의료 중 '안경'을 판매·제공하는 매장,aa14d1ed-bb4e-48a1-8391-dafbfcae62a8,안경마을,안경,풍2동 골목형상점가,골목형상점가,경기도,3.0,3.0,,,RESOLVED_AGREEMENT,False,3,,,,
43130a7541e11abccccf,val,안경,T6 기계변형,q_안경_11,안경추천,건강·의료 중 '안경'을 판매·제공하는 매장,40c4515a-9600-4481-b56e-ca314cda9dc7,오일리,파스타 스테이크 리조또,송도 타임스페이스 골목형상점가,골목형상점가,인천광역시,0.0,0.0,,,RESOLVED_AGREEMENT,False,0,,,,
026988e650d36979b111,val,안경,T6 기계변형,q_안경_11,안경추천,건강·의료 중 '안경'을 판매·제공하는 매장,4fe32fbd-9ed9-44de-86b6-5fdb45936ad0,안경세상,안경,평화로상가,자율상권구역,경상북도,3.0,3.0,,,RESOLVED_AGREEMENT,False,3,,,,
9bc5fa91334d0d4377b4,val,안경,T6 기계변형,q_안경_11,안경추천,건강·의료 중 '안경'을 판매·제공하는 매장,58582571-87b6-46e2-8c39-5fd13d669370,안경마트,안경,과천제일쇼핑시장,전통시장,경기도,3.0,3.0,,,RESOLVED_AGREEMENT,False,3,,,,
e12ccae3d5c4a62f63ae,val,안경,T6 기계변형,q_안경_11,안경추천,건강·의료 중 '안경'을 판매·제공하는 매장,00c9a212-c673-4e9c-a890-7e39a3da51b6,파룩스안경원,안경,샘머리 골목형상점가,골목형상점가,대전광역시,3.0,3.0,,,RESOLVED_AGREEMENT,False,3,,,,
bcb3ff7b67856c4f2d20,val,안경,T6 기계변형,q_안경_11,안경추천,건강·의료 중 '안경'을 판매·제공하는 매장,889047f0-da1d-47eb-8c26-8b9e0459e81e,롯데리아 대전정림점,햄버거,정림동 골목형상점가,골목형상점가,대전광역시,0.0,0.0,,,RESOLVED_AGREEMENT,False,0,,,,
6fd7c0229e2366ebcc21,val,안경,T6 기계변형,q_안경_11,안경추천,건강·의료 중 '안경'을 판매·제공하는 매장,3e7ab85c-ea7f-44ee-bee2-67947757b532,안경 정주다,안경,매탄중심상가 골목형상점가,골목형상점가,경기도,3.0,3.0,,,RESOLVED_AGREEMENT,False,3,,,,
995194b3a3fdd123d81e,val,안경,T6 기계변형,q_안경_11,안경추천,건강·의료 중 '안경'을 판매·제공하는 매장,01bcb519-0fa6-438a-927f-cf3d578789e8,아이라이크안경by씨채널,안경,진천혁신골목형상점가,골목형상점가,충청북도,3.0,3.0,,,RESOLVED_AGREEMENT,False,3,,,,
9dde03284fd839aa277e,val,안경,T6 기계변형,q_안경_11,안경추천,건강·의료 중 '안경'을 판매·제공하는 매장,0f0f7f91-5504-4d69-a3cc-dd8e3df100b2,제이 안경,안경,금암동 골목형상점가,골목형상점가,충청남도,3.0,3.0,,,RESOLVED_AGREEMENT,False,3,,,,
2d14e175a3bf0e3db500,val,안경,T6 기계변형,q_안경_11,안경추천,건강·의료 중 '안경'을 판매·제공하는 매장,019928e4-ddbb-47c4-951f-f3b31a893f1d,안경마을,안경 콘택트렌즈,구갈상점가,자율상권구역,경기도,3.0,3.0,,,RESOLVED_AGREEMENT,False,3,,,,
fee382de65b0de65c227,val,안경,T6 기계변형,q_안경_11,안경추천,건강·의료 중 '안경'을 판매·제공하는 매장,59d2f654-8838-4288-bb34-89bfd9ede628,준안경,안경,남대문시장,전통시장,서울특별시,3.0,3.0,,,RESOLVED_AGREEMENT,False,3,,,,
d3da549ab4fa427fdb3d,val,안경,T6 기계변형,q_안경_11,안경추천,건강·의료 중 '안경'을 판매·제공하는 매장,0022ba93-553d-4d81-934b-054dfcb8309e,행복한안경,안경,태화시장,전통시장,울산광역시,3.0,3.0,,,RESOLVED_AGREEMENT,False,3,,,,
a74cd2d83e60f92a0e1e,val,안경,T6 기계변형,q_안경_11,안경추천,건강·의료 중 '안경'을 판매·제공하는 매장,00112248-81bc-4fca-ac3c-f6d684bcf294,데일리뷰 안경원,,성성1번가 골목형상점가,골목형상점가,충청남도,3.0,3.0,,,RESOLVED_AGREEMENT,False,3,,,,
3fb02b4b89b5cc2a07da,val,안경,T6 기계변형,q_안경_11,안경추천,건강·의료 중 '안경'을 판매·제공하는 매장,7fc0cef7-2fa8-4d55-a891-ab042b1beb5d,아이마트안경(과천),안경,과천중앙동상점가,자율상권구역,경기도,3.0,3.0,,,RESOLVED_AGREEMENT,False,3,,,,
50c0e790f5f7b7a0cd01,val,안경,T6 기계변형,q_안경_11,안경추천,건강·의료 중 '안경'을 판매·제공하는 매장,9541996e-6e2e-4028-84c7-0321d70c5129,안경나라,안경,중랑동부시장,전통시장,서울특별시,3.0,3.0,,,RESOLVED_AGREEMENT,False,3,,,,
3f2335e08307a3411782,val,안경,T6 기계변형,q_안경_11,안경추천,건강·의료 중 '안경'을 판매·제공하는 매장,af1b25ef-5d32-4a40-a3fd-57a94bbd0fe3,안경나라,안경,왕지상가,자율상권구역,전라남도,3.0,3.0,,,RESOLVED_AGREEMENT,False,3,,,,
814f7ddee65b833db129,val,안경,T6 기계변형,q_안경_11,안경추천,건강·의료 중 '안경'을 판매·제공하는 매장,d397c47b-0aa2-48a2-9775-44fa96e4677f,안경공방,안경,혁신도시5구역골목형상점가,골목형상점가,강원특별자치도,3.0,3.0,,,RESOLVED_AGREEMENT,False,3,,,,
903d18c2ae13d79b2f01,val,안경,T6 기계변형,q_안경_11,안경추천,건강·의료 중 '안경'을 판매·제공하는 매장,c035d7be-1245-4b65-aad2-3c7e14168718,안경맞춤,안경,사리골상점가,자율상권구역,경기도,3.0,3.0,,,RESOLVED_AGREEMENT,False,3,,,,
000fc2b37c9fb77b00af,val,안경,T6 기계변형,q_안경_11,안경추천,건강·의료 중 '안경'을 판매·제공하는 매장,7a2eecda-54f3-4b6d-863e-c255d7e82d32,안경산책,안경,비단길현대시장,전통시장,서울특별시,3.0,3.0,,,RESOLVED_AGREEMENT,False,3,,,,
9dca4a4f6fa40f8e033b,val,안경,T6 기계변형,q_안경_11,안경추천,건강·의료 중 '안경'을 판매·제공하는 매장,6e472c78-2464-42c0-acbf-bf639390ab71,안경세상,안경,둔포전통시장,전통시장,충청남도,3.0,3.0,,,RESOLVED_AGREEMENT,False,3,,,,
aaf334eec4d372cbb6ea,val,안경,T6 기계변형,q_안경_11,안경추천,건강·의료 중 '안경'을 판매·제공하는 매장,632edd95-2c77-487d-ba59-281ca4302119,안경마을,안경,중앙신시장,전통시장,경상북도,3.0,3.0,,,RESOLVED_AGREEMENT,False,3,,,,
36463912338dfa3a2423,val,안경,T6 기계변형,q_안경_11,안경추천,건강·의료 중 '안경'을 판매·제공하는 매장,003ea83c-ef37-4c55-ae9b-a59c93d1201f,K비젼안경 효천점,안경 및 콘택트렌즈,효천로 골목형상점가,골목형상점가,광주광역시,3.0,3.0,,,RESOLVED_AGREEMENT,False,3,,,,
efdca94f662413dac7de,val,안경,T6 기계변형,q_안경_11,안경추천,건강·의료 중 '안경'을 판매·제공하는 매장,123cfa54-721f-46a4-ab47-6ea0d27f057f,Gs25학동주공점,일상용품,학동증심사입구 골목형상점가,골목형상점가,광주광역시,0.0,0.0,,,RESOLVED_AGREEMENT,False,0,,,,
f99969dfa5b2d8e89dbc,val,안경,T6 기계변형,q_안경_11,안경추천,건강·의료 중 '안경'을 판매·제공하는 매장,c17b9a52-3c4f-4bef-8187-a301675b55ab,안경사랑,안경,전주중앙상가시장,전통시장,전북특별자치도,3.0,3.0,,,RESOLVED_AGREEMENT,False,3,,,,
179a648ca19f418c1b1c,val,안경,T6 기계변형,q_안경_11,안경추천,건강·의료 중 '안경'을 판매·제공하는 매장,4be8fac6-96d9-4c46-982c-720cf88be059,안경쓴떡집,떡,영동전통시장,전통시장,서울특별시,2.0,3.0,,,P2_GRADED_ONLY,True,,,,,
1582054d3158a9fd9131,val,안경,T6 기계변형,q_안경_11,안경추천,건강·의료 중 '안경'을 판매·제공하는 매장,7fe5dc7f-946d-409b-84d3-eee7d6ac8cf1,안경창고싸군,안경,시흥삼미시장,전통시장,경기도,3.0,3.0,,,RESOLVED_AGREEMENT,False,3,,,,
134ae516f4f79feef246,val,안경,T6 기계변형,q_안경_11,안경추천,건강·의료 중 '안경'을 판매·제공하는 매장,eb1957f7-b6f5-4222-af0a-8e327ac16492,안경맘,안경,구매탄시장,전통시장,경기도,3.0,3.0,,,RESOLVED_AGREEMENT,False,3,,,,
72ad30d86d73ebb06b73,val,안경,T6 기계변형,q_안경_11,안경추천,건강·의료 중 '안경'을 판매·제공하는 매장,633be7f7-2a09-41c6-bfaa-88d5de69dbeb,안경박사,안경,더불어용두 골목형상점가,골목형상점가,광주광역시,3.0,3.0,,,RESOLVED_AGREEMENT,False,3,,,,
a10c08a833d0d245d831,val,안경,T6 기계변형,q_안경_11,안경추천,건강·의료 중 '안경'을 판매·제공하는 매장,60de073d-4136-4956-b346-046fb99bdc2d,세종안경,안경,종촌동골목형상점가,골목형상점가,세종특별자치시,3.0,3.0,,,RESOLVED_AGREEMENT,False,3,,,,
4a05845b940b8d5e2a33,val,안경,T6 기계변형,q_안경_11,안경추천,건강·의료 중 '안경'을 판매·제공하는 매장,3c46c4b4-da6c-4e70-80ab-15122c8a58e6,안경다움,안경,상암마을상인회 골목형상점가,골목형상점가,광주광역시,3.0,3.0,,,RESOLVED_AGREEMENT,False,3,,,,
58fcf1f4c4d1a3df8cae,val,안경,T6 기계변형,q_안경_11,안경추천,건강·의료 중 '안경'을 판매·제공하는 매장,19b5992a-dfb4-467f-9707-76b3b7213644,안경더하기,안경,당산로 골목형상점가,골목형상점가,전북특별자치도,3.0,3.0,,,RESOLVED_AGREEMENT,False,3,,,,
8bcb89446212fcb502ae,val,안경,T6 기계변형,q_안경_11,안경추천,건강·의료 중 '안경'을 판매·제공하는 매장,e7ae0967-e4d4-4ed7-9b1f-0923e141ae55,안경파크,안경,주안역지하도상점가,일반지하상점가,인천광역시,3.0,3.0,,,RESOLVED_AGREEMENT,False,3,,,,
52601d9257e76bf15157,val,안경,T6 기계변형,q_안경_11,안경추천,건강·의료 중 '안경'을 판매·제공하는 매장,6da75014-3454-4b0b-963b-2c2559e8d24c,안경가게 봄,안경,노은역 골목형상점가,골목형상점가,대전광역시,3.0,3.0,,,RESOLVED_AGREEMENT,False,3,,,,
6e60ceffb6f4ec1d50a1,val,안경,T6 기계변형,q_안경_11,안경추천,건강·의료 중 '안경'을 판매·제공하는 매장,4e76be92-56ff-45e7-bed3-b3844d758167,로덴안경,안경,김해 대우유토피아상가,골목형상점가,경상남도,3.0,3.0,,,RESOLVED_AGREEMENT,False,3,,,,
8043d45c8869afe7aa0d,val,안경,T6 기계변형,q_안경_11,안경추천,건강·의료 중 '안경'을 판매·제공하는 매장,2350697f-b31c-4da1-ad12-54251bf0d177,안경프라자클럽,안경,진잠 골목형상점가,골목형상점가,대전광역시,3.0,3.0,,,RESOLVED_AGREEMENT,False,3,,,,
2963f4584cbbb9ef7936,val,안경,T6 기계변형,q_안경_11,안경추천,건강·의료 중 '안경'을 판매·제공하는 매장,89fa5694-5398-4688-94ec-2491d0c90b0c,안경마을,안경,새마을시장,전통시장,서울특별시,3.0,3.0,,,RESOLVED_AGREEMENT,False,3,,,,
e9b1a40dfb59538a88cf,val,안경,T6 기계변형,q_안경_11,안경추천,건강·의료 중 '안경'을 판매·제공하는 매장,b62df053-e652-4aa6-9c7e-2b6d5f176023,안경마을,안경,금왕중심골목형상점가,골목형상점가,충청북도,3.0,3.0,,,RESOLVED_AGREEMENT,False,3,,,,
b6462b1acd18eca1f875,val,안경,T6 기계변형,q_안경_11,안경추천,건강·의료 중 '안경'을 판매·제공하는 매장,e1df2478-f813-46a7-bf8f-cafda75ccf1a,안경투데이,안경,산본로데오거리(구 산본중심상가),자율상권구역,경기도,3.0,3.0,,,RESOLVED_AGREEMENT,False,3,,,,
bcdea6b81aa0c0932d7d,val,안경,T6 기계변형,q_안경_11,안경추천,건강·의료 중 '안경'을 판매·제공하는 매장,0266bd67-c211-4ab4-bb83-af329b2ce979,공덕나인안경,안경콘택트렌즈,도화동상점가,자율상권구역,서울특별시,3.0,3.0,,,RESOLVED_AGREEMENT,False,3,,,,
e03c13c68e214f892e54,val,안경,T6 기계변형,q_안경_11,안경추천,건강·의료 중 '안경'을 판매·제공하는 매장,fac86511-64e9-44f2-aff5-e69069e20c94,안경명가,안경,영주문화시장,전통시장,경상북도,3.0,3.0,,,RESOLVED_AGREEMENT,False,3,,,,
d0d5d53829e5e3f9aa33,val,안경,T6 기계변형,q_안경_11,안경추천,건강·의료 중 '안경'을 판매·제공하는 매장,cebbe889-f084-4023-bffc-b23a9ec17c84,안경사랑,안경,신도봉시장,전통시장,서울특별시,3.0,3.0,,,RESOLVED_AGREEMENT,False,3,,,,
fa7979c415318c3d2a4b,val,안경,T6 기계변형,q_안경_11,안경추천,건강·의료 중 '안경'을 판매·제공하는 매장,618bd7fc-fcdd-47bf-98b5-440ad59a9eb9,안경마을,안경,동백 이음길 골목형상점가,골목형상점가,경기도,3.0,3.0,,,RESOLVED_AGREEMENT,False,3,,,,
2cb90fcd281a64cc0ba9,val,안경,T6 기계변형,q_안경_11,안경추천,건강·의료 중 '안경'을 판매·제공하는 매장,c3b50b2d-5298-47e3-9572-77972bf992a0,안경몬스터,안경,부평역지하상가,일반지하상점가,인천광역시,3.0,3.0,,,RESOLVED_AGREEMENT,False,3,,,,
3be5c9d9c7ea07672d08,val,안경,T6 기계변형,q_안경_11,안경추천,건강·의료 중 '안경'을 판매·제공하는 매장,1d56f4a0-e43b-41a8-a0f8-39fa70226f53,다봄안과의원,안과,구성언남 골목형상점가,골목형상점가,경기도,1.0,2.0,,,P1_BINARY_THRESHOLD,True,,,,,
709cf311fe3526324838,val,안경,T6 기계변형,q_안경_11,안경추천,건강·의료 중 '안경'을 판매·제공하는 매장,94189e63-e824-4239-88f2-c2f587330ad0,안경천국,안경,송정동 상점가,자율상권구역,경기도,3.0,3.0,,,RESOLVED_AGREEMENT,False,3,,,,
4a902b52687466d8ed58,val,안경,T6 기계변형,q_안경_11,안경추천,건강·의료 중 '안경'을 판매·제공하는 매장,09c2e0d5-85f2-4eb8-b3bb-3920ce52ca62,안경OK콘택트,안경,서귀포중심상가번영회,자율상권구역,제주특별자치도,3.0,3.0,,,RESOLVED_AGREEMENT,False,3,,,,
ef7c501a64416966583b,val,안경,T6 기계변형,q_안경_11,안경추천,건강·의료 중 '안경'을 판매·제공하는 매장,c4523ebc-40d8-4e3f-979a-7b26fd5a74fa,중앙회 수산,,전곡로데오거리골목형상점가,골목형상점가,경기도,0.0,0.0,,,RESOLVED_AGREEMENT,False,0,,,,
a6a863eebe2a6f466913,val,안경,T6 기계변형,q_안경_11,안경추천,건강·의료 중 '안경'을 판매·제공하는 매장,29a31ae5-1e1d-4ddc-9dcf-184f84e5d9d7,안경플러스,안경,비아5일시장,전통시장,광주광역시,3.0,3.0,,,RESOLVED_AGREEMENT,False,3,,,,
19ca7d9938803a4487fa,val,안경,T6 기계변형,q_안경_11,안경추천,건강·의료 중 '안경'을 판매·제공하는 매장,d15e11fe-c36a-49ac-81f2-df4720971d94,참안경,안경,창원 가음정시장,전통시장,경상남도,3.0,3.0,,,RESOLVED_AGREEMENT,False,3,,,,
511aecac71f0c2d9fb71,val,안경,T6 기계변형,q_안경_11,안경추천,건강·의료 중 '안경'을 판매·제공하는 매장,c9c9c5ff-d121-4227-9056-e3171e36b188,안경나라,안경,당감새시장,전통시장,부산광역시,3.0,3.0,,,RESOLVED_AGREEMENT,False,3,,,,
da7399445338eb819bef,val,안경,T6 기계변형,q_안경_11,안경추천,건강·의료 중 '안경'을 판매·제공하는 매장,02822efb-f50a-45c4-8f4d-bfbba20a01e4,오렌즈충주점,"안경, 렌즈",성서중심시장(성서시장문화의거리 통합),전통시장,충청북도,3.0,3.0,,,RESOLVED_AGREEMENT,False,3,,,,
41b4f6c4f34a695ea04e,val,안경,T6 기계변형,q_안경_11,안경추천,건강·의료 중 '안경'을 판매·제공하는 매장,613a5afc-411d-4881-8785-2a10b348c903,안경박사,안경,수완은빛마을,골목형상점가,광주광역시,3.0,3.0,,,RESOLVED_AGREEMENT,False,3,,,,
02cf1103f23b8bf925e6,val,안경,T6 기계변형,q_안경_11,안경추천,건강·의료 중 '안경'을 판매·제공하는 매장,7aefe626-72ba-4db5-a7c1-652d1c91d286,안경나라,안경,우산 동문로 골목형상점가,골목형상점가,광주광역시,3.0,3.0,,,RESOLVED_AGREEMENT,False,3,,,,
188b3bd47b4860562196,val,안경,T6 기계변형,q_안경_11,안경추천,건강·의료 중 '안경'을 판매·제공하는 매장,1749d275-3dc5-427a-b680-5c853a65b661,정상기안과의원,안과,신세계앞상인회 골목형상점가,골목형상점가,광주광역시,1.0,2.0,,,P1_BINARY_THRESHOLD,True,,,,,
dbe1afff3715b467518e,val,안경,T6 기계변형,q_안경_11,안경추천,건강·의료 중 '안경'을 판매·제공하는 매장,0184ed05-765c-4947-bbf8-dff527177252,안경을 찾는 사람들,안경,발안만세시장(구 발안시장),전통시장,경기도,3.0,3.0,,,RESOLVED_AGREEMENT,False,3,,,,
87e4259ff3783278fbb1,val,안경,T6 기계변형,q_안경_11,안경추천,건강·의료 중 '안경'을 판매·제공하는 매장,70939f9f-d1f5-4255-a6aa-88dc80b594f5,안경세상,안경,BOCA 보카상점가,골목형상점가,경기도,3.0,3.0,,,RESOLVED_AGREEMENT,False,3,,,,
9d025bd7af4a81e52045,val,안경,T6 기계변형,q_안경_11,안경추천,건강·의료 중 '안경'을 판매·제공하는 매장,fe60f560-afe4-4dd1-8c3f-fe0cf029bbaf,안경집,안경,사리골상점가,자율상권구역,경기도,3.0,3.0,,,RESOLVED_AGREEMENT,False,3,,,,
dcc1db83a57944c31d80,val,안경,T6 기계변형,q_안경_11,안경추천,건강·의료 중 '안경'을 판매·제공하는 매장,011e75cb-eb08-4161-9b41-65e8d204464c,이지안경,안경및콘택트렌즈,BOCA 보카상점가,골목형상점가,경기도,3.0,3.0,,,RESOLVED_AGREEMENT,False,3,,,,
f10ed5a6ef309cc0667c,val,안경,T6 기계변형,q_안경_11,안경추천,건강·의료 중 '안경'을 판매·제공하는 매장,da11a1ac-1f61-4723-a253-c09d4b2440c5,안경세상,안경,개금골목시장,전통시장,부산광역시,3.0,3.0,,,RESOLVED_AGREEMENT,False,3,,,,
89b82b8924652b7f836d,val,안경,T6 기계변형,q_안경_11,안경추천,건강·의료 중 '안경'을 판매·제공하는 매장,0a91f182-0cc8-4966-9243-79abc02f69bf,안경창고싸군,안경,신월3동시장골목형상점가,골목형상점가,서울특별시,3.0,3.0,,,RESOLVED_AGREEMENT,False,3,,,,
e5234deed811a8266cad,val,안경,T6 기계변형,q_안경_11,안경추천,건강·의료 중 '안경'을 판매·제공하는 매장,dca25a7f-0bae-4320-877a-e42a7277b7db,안경채널,안경,염주먹자골목A구역상인회 골목형상점가,골목형상점가,광주광역시,3.0,3.0,,,RESOLVED_AGREEMENT,False,3,,,,
c3b40fd755ab337e5adf,val,안경,T6 기계변형,q_안경_11,안경추천,건강·의료 중 '안경'을 판매·제공하는 매장,2138b1d2-dab2-4a77-bc30-98b18af50394,안재희안경원,안경,정읍연지상점가,자율상권구역,전북특별자치도,3.0,3.0,,,RESOLVED_AGREEMENT,False,3,,,,
d442e127b60de9faadd8,val,안경,T6 기계변형,q_안경_11,안경추천,건강·의료 중 '안경'을 판매·제공하는 매장,eb39ecbb-a0a3-4f84-b04b-e01386c25795,안경마을,안경,동울산종합시장,전통시장,울산광역시,3.0,3.0,,,RESOLVED_AGREEMENT,False,3,,,,
02693869a072879064e6,val,안경,T6 기계변형,q_안경_11,안경추천,건강·의료 중 '안경'을 판매·제공하는 매장,dc5132c5-5072-43f6-b5cb-24316e9b0e2c,(주)맛있는바다여행수산,수산물,마산가고파수산시장,전통시장,경상남도,0.0,0.0,,,RESOLVED_AGREEMENT,False,0,,,,
0aa3b93f7fb1d9decab0,val,안경,T6 기계변형,q_안경_11,안경추천,건강·의료 중 '안경'을 판매·제공하는 매장,c0802d45-bbbc-45bc-852e-8ff2de06e80d,중앙안경,안경,서귀포중심상가번영회,자율상권구역,제주특별자치도,3.0,3.0,,,RESOLVED_AGREEMENT,False,3,,,,
67d66948efb1b6cd2f11,val,안경,T6 기계변형,q_안경_11,안경추천,건강·의료 중 '안경'을 판매·제공하는 매장,1f209633-8dbe-4dba-8226-5e24605242b0,안경갤러리,안경,한림대골목형상점가,골목형상점가,강원특별자치도,3.0,3.0,,,RESOLVED_AGREEMENT,False,3,,,,
9170b8e32c810a066c61,val,안경,T6 기계변형,q_안경_11,안경추천,건강·의료 중 '안경'을 판매·제공하는 매장,40b2fc46-2e18-4728-bd1a-d2acdb5e9183,라쌍떼안경,안경,직산읍삼은1번가골목형상점가,골목형상점가,충청남도,3.0,3.0,,,RESOLVED_AGREEMENT,False,3,,,,
7359d0c814c27d40fcde,val,안경,T6 기계변형,q_안경_11,안경추천,건강·의료 중 '안경'을 판매·제공하는 매장,b5c371a4-e27d-4c20-89d7-c547b659c8c4,안경마을,안경,학운 골목형상점가,골목형상점가,광주광역시,3.0,3.0,,,RESOLVED_AGREEMENT,False,3,,,,
7ab2b8fb64100c7cb731,val,안경,T6 기계변형,q_안경_11,안경추천,건강·의료 중 '안경'을 판매·제공하는 매장,6bd6a6da-cce6-481a-8049-966b568c3741,안경빛나,안경,일번지프라자 골목형상점가,골목형상점가,경기도,3.0,3.0,,,RESOLVED_AGREEMENT,False,3,,,,
300440140883fb20191d,val,안경,T6 기계변형,q_안경_11,안경추천,건강·의료 중 '안경'을 판매·제공하는 매장,1871389d-e1e7-4d18-80da-2a78cdc0525a,고운빛안과,"안과, 건강기능식품",우산 동문로 골목형상점가,골목형상점가,광주광역시,1.0,2.0,,,P1_BINARY_THRESHOLD,True,,,,,
fe6bcd22a4944b53cc9b,val,안경,T6 기계변형,q_안경_11,안경추천,건강·의료 중 '안경'을 판매·제공하는 매장,3c780ef7-9c38-45dd-bf7f-3bf6d98d5a3a,안경마을,안경,상주풍물시장,전통시장,경상북도,3.0,3.0,,,RESOLVED_AGREEMENT,False,3,,,,
0cb7b1fd5551533babc1,val,안경,T6 기계변형,q_안경_11,안경추천,건강·의료 중 '안경'을 판매·제공하는 매장,7f99220d-7803-4508-8efb-3260a07ec8e0,안경을맞추다,,매천동골목형상점가,골목형상점가,대구광역시,3.0,3.0,,,RESOLVED_AGREEMENT,False,3,,,,
ebf1f38204101d1503bb,val,안경,T6 기계변형,q_안경_11,안경추천,건강·의료 중 '안경'을 판매·제공하는 매장,d0e4b46c-8ffd-4fe8-862c-2a7dedb74827,안경도시,안경,중랑동부시장,전통시장,서울특별시,3.0,3.0,,,RESOLVED_AGREEMENT,False,3,,,,
3e4abdcb4e193506adb9,val,안경,T6 기계변형,q_안경_11,안경추천,건강·의료 중 '안경'을 판매·제공하는 매장,80c4738a-934b-4b41-9de9-a82a5967a614,천외천,한식,상봉먹자골목형상점가,골목형상점가,서울특별시,0.0,0.0,,,RESOLVED_AGREEMENT,False,0,,,,
c6cf07f3db0174fced07,val,안경,T6 기계변형,q_안경_11,안경추천,건강·의료 중 '안경'을 판매·제공하는 매장,574f4fef-2585-4f59-acbe-66f6545267e7,안경나라,안경,설악눈메골시장,전통시장,경기도,3.0,3.0,,,RESOLVED_AGREEMENT,False,3,,,,
58ac29f5ba567c8b4fab,val,안경,T6 기계변형,q_안경_11,안경추천,건강·의료 중 '안경'을 판매·제공하는 매장,75145b4e-9889-4b30-b9d1-28e4451d3ff7,동숭안경,안경,학운동 365 골목형상점가,골목형상점가,광주광역시,3.0,3.0,,,RESOLVED_AGREEMENT,False,3,,,,
0cabbb889f7e4564c787,val,안경,T6 기계변형,q_안경_11,안경추천,건강·의료 중 '안경'을 판매·제공하는 매장,243dda59-54ae-4af3-bd33-3131ca7f47be,안경공간,안경,충주관아골상가,전통시장,충청북도,3.0,3.0,,,RESOLVED_AGREEMENT,False,3,,,,
850087fa981409c8d9ee,val,안경,T6 기계변형,q_안경_11,안경추천,건강·의료 중 '안경'을 판매·제공하는 매장,849239f4-1bbd-46ce-8fd3-7adf17432cf6,안경뱅크,안경,두암타운 골목형상점가,골목형상점가,광주광역시,3.0,3.0,,,RESOLVED_AGREEMENT,False,3,,,,
ed08f3f09145fdac427d,val,안경,T6 기계변형,q_안경_11,안경추천,건강·의료 중 '안경'을 판매·제공하는 매장,010604a1-9bcd-4057-8360-47c77d14504a,굿모닝안경.콘택트,안경,서재소상공인연합회,골목형상점가,대구광역시,3.0,3.0,,,RESOLVED_AGREEMENT,False,3,,,,
2285e48b5c7688fa83e8,val,애견,T1 정확표기,q_애견_01,애견용품,생활서비스 중 '애견'을 판매·제공하는 매장,03f565ef-fdd8-45e5-9a28-6fb932eb52c3,사랑가득동물병원,반려동물 용품,운리공원상인회 골목형상점가,골목형상점가,광주광역시,3.0,3.0,,,RESOLVED_AGREEMENT,False,3,,,,
3e5d03e62255d1e1ff1a,val,애견,T1 정확표기,q_애견_01,애견용품,생활서비스 중 '애견'을 판매·제공하는 매장,25d64634-0075-4e7d-99d2-4ef6eaeb6a9e,패션독,애견용품,매봉 골목형상점가,골목형상점가,광주광역시,3.0,3.0,,,RESOLVED_AGREEMENT,False,3,,,,
11354d27780e5324b67c,val,애견,T1 정확표기,q_애견_01,애견용품,생활서비스 중 '애견'을 판매·제공하는 매장,09815d92-d0f0-4c87-b4fa-1194f86c53c0,유성프로스펙스,"스포츠의류, 용품",장대동패션상가 골목형상점가,골목형상점가,대전광역시,0.0,0.0,,,RESOLVED_AGREEMENT,False,0,,,,
c2eedad5557beef2cd0a,val,애견,T1 정확표기,q_애견_01,애견용품,생활서비스 중 '애견'을 판매·제공하는 매장,c29d8e63-9d37-44db-97cd-75a75e2fc627,애견용품,"애견용품, 간식",복대가경시장,전통시장,충청북도,3.0,3.0,,,RESOLVED_AGREEMENT,False,3,,,,
f698ec1a4770d529b524,val,애견,T1 정확표기,q_애견_01,애견용품,생활서비스 중 '애견'을 판매·제공하는 매장,b03b9d81-c7a1-44a3-8674-dc4b4ec38455,펫사랑,애견용품,주안시민지하도상점가,일반지하상점가,인천광역시,3.0,3.0,,,RESOLVED_AGREEMENT,False,3,,,,
6d70ba3c9f07d46f57c8,val,애견,T1 정확표기,q_애견_01,애견용품,생활서비스 중 '애견'을 판매·제공하는 매장,e28edd2e-c6ec-4e0b-a275-55e69889d7e7,메이해피,애견용품,상무운천역상인회 골목형상점가,골목형상점가,광주광역시,3.0,3.0,,,RESOLVED_AGREEMENT,False,3,,,,
6698cc7adf549ff2d7ac,val,애견,T1 정확표기,q_애견_01,애견용품,생활서비스 중 '애견'을 판매·제공하는 매장,41f8f349-4415-4d48-9525-b5a3008a50ef,구름이,애견용품,서영대 먹자 골목형상점가,골목형상점가,광주광역시,3.0,3.0,,,RESOLVED_AGREEMENT,False,3,,,,
88e1012cfec08ccda264,val,애견,T1 정확표기,q_애견_01,애견용품,생활서비스 중 '애견'을 판매·제공하는 매장,6b5f03d4-0895-4120-b377-c9d34d225326,보스펫,애견용품,인천중앙로지하상가,일반지하상점가,인천광역시,3.0,3.0,,,RESOLVED_AGREEMENT,False,3,,,,
47c3de0c8921d5254e4d,val,애견,T1 정확표기,q_애견_01,애견용품,생활서비스 중 '애견'을 판매·제공하는 매장,be533b6a-6e17-48d0-911e-ca2b61be6f55,지에스25창원창이대로점,편의점,창원 신대방 골목형상점가,골목형상점가,경상남도,0.0,0.0,,,RESOLVED_AGREEMENT,False,0,,,,
4bfea20784d7177d39a9,val,애견,T1 정확표기,q_애견_01,애견용품,생활서비스 중 '애견'을 판매·제공하는 매장,89bb4758-c1dc-436d-b8af-058f99d50d09,정남옥 순대국 전북대점,순대국밥,전북대대학로상점가,자율상권구역,전북특별자치도,0.0,0.0,,,RESOLVED_AGREEMENT,False,0,,,,
c133bbc07c9426545637,val,애견,T1 정확표기,q_애견_01,애견용품,생활서비스 중 '애견'을 판매·제공하는 매장,88a44201-bd0d-4b1b-8e70-49c2e1167c04,몽쥬르,애견용품,상무중앙공원상인회 골목형상점가,골목형상점가,광주광역시,3.0,3.0,,,RESOLVED_AGREEMENT,False,3,,,,
df5040de8363b32601ea,val,애견,T1 정확표기,q_애견_01,애견용품,생활서비스 중 '애견'을 판매·제공하는 매장,60e3962c-7ab9-4200-82f8-a182a4c3e160,뭉블리,애견용품 애견미용,팡팡 골목형상점가,골목형상점가,광주광역시,3.0,3.0,,,RESOLVED_AGREEMENT,False,3,,,,
7099d337b364c0685dcc,val,애견,T1 정확표기,q_애견_01,애견용품,생활서비스 중 '애견'을 판매·제공하는 매장,18330828-7918-41b8-b319-24401df1fedc,호수펫,애견용품,연제주공 골목형상점가,골목형상점가,광주광역시,3.0,3.0,,,RESOLVED_AGREEMENT,False,3,,,,
e009b19f8db4e5e35589,val,애견,T1 정확표기,q_애견_01,애견용품,생활서비스 중 '애견'을 판매·제공하는 매장,0d753046-7eb1-4915-9c50-1e735acf1c1d,버블퍼피,"애견간식, 용품",왕십리무학봉상점가,자율상권구역,서울특별시,3.0,3.0,,,RESOLVED_AGREEMENT,False,3,,,,
d5b1f3b32aff7b7bc501,val,애견,T1 정확표기,q_애견_01,애견용품,생활서비스 중 '애견'을 판매·제공하는 매장,6295ad60-e8d9-42bb-8641-01b62153b3b0,멍멍 애견용품,애견용품,신월7동골목형상점가,골목형상점가,서울특별시,3.0,3.0,,,RESOLVED_AGREEMENT,False,3,,,,
e7bd3d4fc2e08d4ce9f0,val,애견,T1 정확표기,q_애견_01,애견용품,생활서비스 중 '애견'을 판매·제공하는 매장,05e3a6a8-6d9d-469c-80fc-83b3238e6c7d,예쁘개,애완동물 목욕서비스 애견 미용서비스 애견미용실 애견용품소매,한민시장,전통시장,대전광역시,3.0,3.0,,,RESOLVED_AGREEMENT,False,3,,,,
7d76aff9e414466077f7,val,애견,T1 정확표기,q_애견_01,애견용품,생활서비스 중 '애견'을 판매·제공하는 매장,0804ffb6-eb62-426b-a68a-dd1e7f1decdc,DITTO(디토),귀금속소매,㈜르네시떼,전통시장,부산광역시,0.0,0.0,,,RESOLVED_AGREEMENT,False,0,,,,
2c9088c2e8cf6945bf6c,val,애견,T1 정확표기,q_애견_01,애견용품,생활서비스 중 '애견'을 판매·제공하는 매장,a47aacc9-48d2-4e93-aa37-cf3aa83120b4,캉캉몰,애견용품,성남중앙지하시장,일반지하상점가,경기도,3.0,3.0,,,RESOLVED_AGREEMENT,False,3,,,,
7f5b95bdde193dc3f79e,val,애견,T1 정확표기,q_애견_01,애견용품,생활서비스 중 '애견'을 판매·제공하는 매장,dd2532fa-a29d-42f0-b167-d7d31ea1755f,버터샵,애견용품,부평중앙 지하상가,일반지하상점가,인천광역시,3.0,3.0,,,RESOLVED_AGREEMENT,False,3,,,,
4737150a7431d8fba665,val,애견,T1 정확표기,q_애견_01,애견용품,생활서비스 중 '애견'을 판매·제공하는 매장,6eb99f4e-af65-44d9-89ac-058b5f3d10bc,라떼멍살롱,애견용품,그라운드고척골목형상점가,골목형상점가,서울특별시,3.0,3.0,,,RESOLVED_AGREEMENT,False,3,,,,
8183f4150d01eaf569c5,val,애견,T1 정확표기,q_애견_01,애견용품,생활서비스 중 '애견'을 판매·제공하는 매장,3490df67-a2b2-419f-9401-9dbee2899719,오독오독,애견용품,연신내골목형상점가,골목형상점가,서울특별시,3.0,3.0,,,RESOLVED_AGREEMENT,False,3,,,,
28feef23c1fb942a6249,val,애견,T1 정확표기,q_애견_01,애견용품,생활서비스 중 '애견'을 판매·제공하는 매장,963d1869-ccb5-4aa4-a714-7eb526856225,댕가댕가,애견용품,송도 아트포레 판매시설 골목형상점가,골목형상점가,인천광역시,3.0,3.0,,,RESOLVED_AGREEMENT,False,3,,,,
1f1ec6340ce165e5e65d,val,애견,T1 정확표기,q_애견_01,애견용품,생활서비스 중 '애견'을 판매·제공하는 매장,86648b50-9007-495a-8ad8-37766a94f12f,헬로독,애견용품,포항중앙상가,전통시장,경상북도,3.0,3.0,,,RESOLVED_AGREEMENT,False,3,,,,
864ffeffcbea6ca65eee,val,애견,T1 정확표기,q_애견_01,애견용품,생활서비스 중 '애견'을 판매·제공하는 매장,464ce8c4-38a3-46f4-8ebb-15011b3244c3,해피하개,애견용품,신부평지하상가,일반지하상점가,인천광역시,3.0,3.0,,,RESOLVED_AGREEMENT,False,3,,,,
cf5a89f3fcafb26b1775,val,애견,T1 정확표기,q_애견_01,애견용품,생활서비스 중 '애견'을 판매·제공하는 매장,b4f91512-088e-401c-a38c-04578c21baa4,슈올즈 남광주점,기능성신발,백운브릿지 골목형상점가,골목형상점가,광주광역시,0.0,0.0,,,RESOLVED_AGREEMENT,False,0,,,,
d7fe861d4e0a8236a13a,val,애견,T1 정확표기,q_애견_01,애견용품,생활서비스 중 '애견'을 판매·제공하는 매장,a215b58f-7e85-42db-90df-03ea241feac6,도꾸도꾸,애견용품,행복상점가,자율상권구역,경상북도,3.0,3.0,,,RESOLVED_AGREEMENT,False,3,,,,
fdf7f06030fec1e24752,val,애견,T1 정확표기,q_애견_01,애견용품,생활서비스 중 '애견'을 판매·제공하는 매장,5b4b59a7-3ed3-4f82-95f2-d902e67e8723,방울,애견용품,추억담은광주역뒷길 골목형상점가,골목형상점가,광주광역시,3.0,3.0,,,RESOLVED_AGREEMENT,False,3,,,,
a3c683142bcdfedbebea,val,애견,T1 정확표기,q_애견_01,애견용품,생활서비스 중 '애견'을 판매·제공하는 매장,4f88008b-ea1d-436f-9209-b22c4048919a,설악애견,애견용품,설악눈메골시장,전통시장,경기도,3.0,3.0,,,RESOLVED_AGREEMENT,False,3,,,,
413731fa12efd4623cb7,val,애견,T1 정확표기,q_애견_01,애견용품,생활서비스 중 '애견'을 판매·제공하는 매장,90434eca-8165-4e01-bf74-9f7e9ae01b94,댕댕#,애견용품,수완하나로 골목형상점가,골목형상점가,광주광역시,3.0,3.0,,,RESOLVED_AGREEMENT,False,3,,,,
8bfe81c9d19fce9105d6,val,애견,T1 정확표기,q_애견_01,애견용품,생활서비스 중 '애견'을 판매·제공하는 매장,d5e8fee8-2fc3-4246-a4e5-6a9cf7bcbfe9,무앙무앙,애견용품,이지더원 골목형 상점가,골목형상점가,충청남도,3.0,3.0,,,RESOLVED_AGREEMENT,False,3,,,,
c05c09ab388c07fcf30a,val,애견,T1 정확표기,q_애견_01,애견용품,생활서비스 중 '애견'을 판매·제공하는 매장,a7fd2952-d093-4b01-bd7a-b86d80616905,보노펫,애견용품,치평동아파트연합상인회 골목형상점가,골목형상점가,광주광역시,3.0,3.0,,,RESOLVED_AGREEMENT,False,3,,,,
b874fe29189f4f8e2065,val,애견,T1 정확표기,q_애견_01,애견용품,생활서비스 중 '애견'을 판매·제공하는 매장,5f8d3081-00ad-4272-ae25-0e18ca0fb2af,반짝일개,애견용품,"각화서희,더샵주변 골목형상점가",골목형상점가,광주광역시,3.0,3.0,,,RESOLVED_AGREEMENT,False,3,,,,
d8d8dc08f617892f7613,val,애견,T1 정확표기,q_애견_01,애견용품,생활서비스 중 '애견'을 판매·제공하는 매장,f7495926-6c30-42a5-8c10-0fa27d949166,몽데이,애견용품,불당2번가 골목형상점가,골목형상점가,충청남도,3.0,3.0,,,RESOLVED_AGREEMENT,False,3,,,,
06cd1a47ddd889882672,val,애견,T1 정확표기,q_애견_01,애견용품,생활서비스 중 '애견'을 판매·제공하는 매장,51c64e8f-768a-4da5-b5ac-66c717dcb336,바라요가,요가수업,월곡달빛오거리골목형상점가,골목형상점가,서울특별시,0.0,0.0,,,RESOLVED_AGREEMENT,False,0,,,,
406d3216a6fc59806662,val,애견,T1 정확표기,q_애견_01,애견용품,생활서비스 중 '애견'을 판매·제공하는 매장,5847a420-2c5f-4ac8-87ea-03ddf4abe9d7,멍순이,"애견용품, 애견미용",카림애비뉴애 골목형상점가,골목형상점가,세종특별자치시,3.0,3.0,,,RESOLVED_AGREEMENT,False,3,,,,
29496f54006a6cce0279,val,애견,T1 정확표기,q_애견_01,애견용품,생활서비스 중 '애견'을 판매·제공하는 매장,f19ffb19-6bc8-41e9-a584-52c47480a929,애견아롬샵,애견용품,인공폭포상가,자율상권구역,강원특별자치도,3.0,3.0,,,RESOLVED_AGREEMENT,False,3,,,,
ccf37ad562e5bc7831e5,val,애견,T1 정확표기,q_애견_01,애견용품,생활서비스 중 '애견'을 판매·제공하는 매장,91846e82-549b-47b6-abf6-c1ad276531c4,오멍가멍,애견용품,문화의거리 상점가,자율상권구역,울산광역시,3.0,3.0,,,RESOLVED_AGREEMENT,False,3,,,,
2c1e82c269d43c60900f,val,애견,T1 정확표기,q_애견_01,애견용품,생활서비스 중 '애견'을 판매·제공하는 매장,068d3f51-a4d4-4314-9882-6d61389ff931,wallu,애견용품,분당우성시장,전통시장,경기도,3.0,3.0,,,RESOLVED_AGREEMENT,False,3,,,,
c69fb83280968ba2399e,val,애견,T1 정확표기,q_애견_01,애견용품,생활서비스 중 '애견'을 판매·제공하는 매장,2b446d8d-bd1c-4563-97ff-4d170aa1cd1a,한국표준금거래소 동작점,귀금속,남성역먹거리골목형상점가,골목형상점가,서울특별시,0.0,0.0,,,RESOLVED_AGREEMENT,False,0,,,,
16580b7f9a696e9c2a88,val,애견,T1 정확표기,q_애견_01,애견용품,생활서비스 중 '애견'을 판매·제공하는 매장,750cd0e9-6062-49ef-9107-ac94bbf4ac32,로즈퍼피,애견용품,하당꽃길2가 골목형상점가,골목형상점가,전라남도,3.0,3.0,,,RESOLVED_AGREEMENT,False,3,,,,
d07d72a15cc159a34af3,val,애견,T1 정확표기,q_애견_01,애견용품,생활서비스 중 '애견'을 판매·제공하는 매장,da5d3783-d1b1-44a9-9658-ba74f37d719c,은빈유통,애견용품,서문시장건해산물상가,전통시장,대구광역시,3.0,3.0,,,RESOLVED_AGREEMENT,False,3,,,,
b4ac00d3d3c3c3b0efc8,val,애견,T1 정확표기,q_애견_01,애견용품,생활서비스 중 '애견'을 판매·제공하는 매장,cc4b5063-2169-4442-8b1f-9545f3d580fc,디펫,애견용품,경동시장,전통시장,서울특별시,3.0,3.0,,,RESOLVED_AGREEMENT,False,3,,,,
11160ef0896cbb0b8649,val,애견,T1 정확표기,q_애견_01,애견용품,생활서비스 중 '애견'을 판매·제공하는 매장,28c5aebe-a7ce-495c-838e-284996c0fd99,댕스땡스,애견용품,주안역지하도상점가,일반지하상점가,인천광역시,3.0,3.0,,,RESOLVED_AGREEMENT,False,3,,,,
a0299df244c7fc725ef9,val,애견,T1 정확표기,q_애견_01,애견용품,생활서비스 중 '애견'을 판매·제공하는 매장,e6708a3e-4430-4621-a10e-e83e59550b37,또오,애견용품,휴먼시아 3단지 골목형상점가,골목형상점가,울산광역시,3.0,3.0,,,RESOLVED_AGREEMENT,False,3,,,,
c9573ea6a61d57db510b,val,애견,T1 정확표기,q_애견_01,애견용품,생활서비스 중 '애견'을 판매·제공하는 매장,33dd3d20-103d-44a4-b008-9c361f1ff24e,버블멍,애견용품,인천모래내전통시장,전통시장,인천광역시,3.0,3.0,,,RESOLVED_AGREEMENT,False,3,,,,
61bbc4fdc08ee6d13a38,val,애견,T1 정확표기,q_애견_01,애견용품,생활서비스 중 '애견'을 판매·제공하는 매장,06e7d33d-d913-43e8-89c2-140a38e8ebe0,반값애견,애견용품,답십리현대시장,전통시장,서울특별시,3.0,3.0,,,RESOLVED_AGREEMENT,False,3,,,,
396892d0f6139c3eadfe,val,애견,T1 정확표기,q_애견_01,애견용품,생활서비스 중 '애견'을 판매·제공하는 매장,73befd6f-68d7-4a16-9339-28be66d94ffa,애견마당,애견용품,정서진중앙시장(구 서구중앙시장),전통시장,인천광역시,3.0,3.0,,,RESOLVED_AGREEMENT,False,3,,,,
f7479c95b169aefe6d0d,val,애견,T1 정확표기,q_애견_01,애견용품,생활서비스 중 '애견'을 판매·제공하는 매장,7828cd58-2243-4184-a4a1-d85381b38701,댕구름,애견용품,둔산3동상점가,자율상권구역,대전광역시,3.0,3.0,,,RESOLVED_AGREEMENT,False,3,,,,
bd931ed82bbc19bbd5de,val,애견,T1 정확표기,q_애견_01,애견용품,생활서비스 중 '애견'을 판매·제공하는 매장,83e99c72-fa80-4fce-8da2-77dda5ae7d21,펫스쿨,애견용품,수유시장,전통시장,서울특별시,3.0,3.0,,,RESOLVED_AGREEMENT,False,3,,,,
be178c41b043f38044a7,val,애견,T1 정확표기,q_애견_01,애견용품,생활서비스 중 '애견'을 판매·제공하는 매장,434b0a1d-1c90-42cf-929c-279d4aaa806d,로니펫,애견용품,해남읍 원도심 상권활성화구역,상권활성화구역,전라남도,3.0,3.0,,,RESOLVED_AGREEMENT,False,3,,,,
a50c0394bb1b4b67fb49,val,애견,T1 정확표기,q_애견_01,애견용품,생활서비스 중 '애견'을 판매·제공하는 매장,04003b1d-5ec1-4e69-a825-57c808dee19b,무드 그루밍(Mood Grooming,동물미용 애견용품,고성동벚꽃 골목형상점가,골목형상점가,대구광역시,3.0,3.0,,,RESOLVED_AGREEMENT,False,3,,,,
ccda6cd1bbb01830fef3,val,애견,T1 정확표기,q_애견_01,애견용품,생활서비스 중 '애견'을 판매·제공하는 매장,02d90458-53dd-488d-a915-1f95ee9dcaf1,새봄동물병원,동물,신효천 골목형상점가,골목형상점가,광주광역시,1.0,3.0,,,P1_BINARY_THRESHOLD,True,,,,,
e792a997882e5e16ecfd,val,애견,T1 정확표기,q_애견_01,애견용품,생활서비스 중 '애견'을 판매·제공하는 매장,04b11cda-02aa-4ce6-ad9c-c9cd8fde407f,까까뿌숑,애견미용 및 애견용품 판매,효안 골목형상점가,골목형상점가,광주광역시,3.0,3.0,,,RESOLVED_AGREEMENT,False,3,,,,
06824600329be3763831,val,애견,T1 정확표기,q_애견_01,애견용품,생활서비스 중 '애견'을 판매·제공하는 매장,d98560e5-2bfe-4c00-be3b-8874760d1c8d,숯불바베큐치킨마트(계룡점),치킨,엄사 골목형상점가,골목형상점가,충청남도,0.0,0.0,,,RESOLVED_AGREEMENT,False,0,,,,
678316ebbcfdf8d78f37,val,애견,T1 정확표기,q_애견_01,애견용품,생활서비스 중 '애견'을 판매·제공하는 매장,ea3ce0f3-7158-41ed-9287-464c589562be,도지펫,애견용품,프로방스 골목형상점가,골목형상점가,전라남도,3.0,3.0,,,RESOLVED_AGREEMENT,False,3,,,,
967ceeb58abe46647138,val,애견,T1 정확표기,q_애견_01,애견용품,생활서비스 중 '애견'을 판매·제공하는 매장,3ecb735e-fedf-4084-9d3d-dd27fbdb04d3,모멍트,애견용품,수완머그로 골목형상점가,골목형상점가,광주광역시,3.0,3.0,,,RESOLVED_AGREEMENT,False,3,,,,
648dc075ca7ff10ddf54,val,애견,T1 정확표기,q_애견_01,애견용품,생활서비스 중 '애견'을 판매·제공하는 매장,6feb1c49-c159-4bee-a053-7c85ab085221,애견나라,애견용품,금촌명동로시장,전통시장,경기도,3.0,3.0,,,RESOLVED_AGREEMENT,False,3,,,,
8772ec940ffaa0a5d477,val,애견,T1 정확표기,q_애견_01,애견용품,생활서비스 중 '애견'을 판매·제공하는 매장,46e97859-c56a-41ad-9662-8f3973d03ad3,해피,애견용품,부평역지하상가,일반지하상점가,인천광역시,3.0,3.0,,,RESOLVED_AGREEMENT,False,3,,,,
2244d59d3a4ec6bc499c,val,애견,T1 정확표기,q_애견_01,애견용품,생활서비스 중 '애견'을 판매·제공하는 매장,07d88e1b-b52f-442a-9efd-bf2964262b62,하이독스,애견용품,금호사랑 상인회 골목형상점가,골목형상점가,전라남도,3.0,3.0,,,RESOLVED_AGREEMENT,False,3,,,,
a1c9798f0d815f54c605,val,애견,T1 정확표기,q_애견_01,애견용품,생활서비스 중 '애견'을 판매·제공하는 매장,bfc37f27-0be9-4bb6-8079-e47f295dc400,개털도사,애견용품,금호아파트상인회 골목형상점가,골목형상점가,광주광역시,3.0,3.0,,,RESOLVED_AGREEMENT,False,3,,,,
f9fe47e0d3b793c430e5,val,애견,T1 정확표기,q_애견_01,애견용품,생활서비스 중 '애견'을 판매·제공하는 매장,fd277764-ec6e-4759-96b0-f90b834413e8,베이비멍 애견샵,애견용품,연제초 앞 골목형상점가,골목형상점가,광주광역시,3.0,3.0,,,RESOLVED_AGREEMENT,False,3,,,,
adc36f78b60f37108d46,val,애견,T1 정확표기,q_애견_01,애견용품,생활서비스 중 '애견'을 판매·제공하는 매장,88efa252-f134-40b8-8213-648a39871e1f,유주펫,애견용품,계림 재미로 골목형상점가,골목형상점가,광주광역시,3.0,3.0,,,RESOLVED_AGREEMENT,False,3,,,,
5a5b41bfc90a4c29ee33,val,애견,T1 정확표기,q_애견_01,애견용품,생활서비스 중 '애견'을 판매·제공하는 매장,5d6189e6-8444-456c-a07a-c6cb1399ef7f,리즈멍,애견용품,수완새별 골목형상점가,골목형상점가,광주광역시,3.0,3.0,,,RESOLVED_AGREEMENT,False,3,,,,
a47e9522cc2dc1bbde73,val,애견,T1 정확표기,q_애견_01,애견용품,생활서비스 중 '애견'을 판매·제공하는 매장,0039e450-aa72-40e4-8495-49c9b99b8216,더 키움동물병원,애견용품,신대지구상가,자율상권구역,전라남도,3.0,3.0,,,RESOLVED_AGREEMENT,False,3,,,,
f3271d04db1ecc7babc6,val,애견,T1 정확표기,q_애견_01,애견용품,생활서비스 중 '애견'을 판매·제공하는 매장,0a7de62f-b294-412c-b700-0642397eca30,다이나핏 김포장기점,"스포츠 의류, 용품",김포장기패션아울렛,골목형상점가,경기도,0.0,0.0,,,RESOLVED_AGREEMENT,False,0,,,,
69b84b7bdb93bd9e77f8,val,애견,T1 정확표기,q_애견_01,애견용품,생활서비스 중 '애견'을 판매·제공하는 매장,f0ba34da-257d-4c22-a34d-c444038694bd,황금애견샵,애견용품,포항중앙상가,전통시장,경상북도,3.0,3.0,,,RESOLVED_AGREEMENT,False,3,,,,
13672167e06f5e03a84b,val,애견,T1 정확표기,q_애견_01,애견용품,생활서비스 중 '애견'을 판매·제공하는 매장,a702512d-6100-43a7-a276-beedef318358,멍돌하우스,애견용품,문정동로데오상점가,자율상권구역,서울특별시,3.0,3.0,,,RESOLVED_AGREEMENT,False,3,,,,
82e52c60ea4240e14f84,val,애견,T1 정확표기,q_애견_01,애견용품,생활서비스 중 '애견'을 판매·제공하는 매장,8eee998a-61c5-48dd-ba11-3d6b73d62f18,장어나라,한식,녹두S밸리골목형상점가,골목형상점가,서울특별시,0.0,0.0,,,RESOLVED_AGREEMENT,False,0,,,,
90bfc7de7a41153a4e3d,val,애견,T2 동의어,q_애견_02,반려동물용품점,생활서비스 중 '애견'을 판매·제공하는 매장,31bcb0b9-25e1-4073-aa0d-dfeea634751a,펫114,반려동물용품,신 강남시장,전통시장,인천광역시,3.0,3.0,,,RESOLVED_AGREEMENT,False,3,,,,
864354e8f630ab4a369d,val,애견,T2 동의어,q_애견_02,반려동물용품점,생활서비스 중 '애견'을 판매·제공하는 매장,d8e6d9ee-c2ae-4044-8735-502ddb1e1ef7,오로라,수산물,소래포구전통어시장,전통시장,인천광역시,0.0,0.0,,,RESOLVED_AGREEMENT,False,0,,,,
1f48dcbe6504e26512af,val,애견,T2 동의어,q_애견_02,반려동물용품점,생활서비스 중 '애견'을 판매·제공하는 매장,f2ebcd91-aa1e-45d1-ae97-1d694efda10a,펫샵강아지와산책,반려동물용품,태화강국가정원먹거리단지,자율상권구역,울산광역시,3.0,3.0,,,RESOLVED_AGREEMENT,False,3,,,,
7bbd9c0e24085be05d60,val,애견,T2 동의어,q_애견_02,반려동물용품점,생활서비스 중 '애견'을 판매·제공하는 매장,b1aa2f60-a061-4cc6-a335-c75e755a0e1b,꼬순내반상회,반려동물위탁,남사한숲 골목형상점가,골목형상점가,경기도,3.0,3.0,,,RESOLVED_AGREEMENT,False,3,,,,
349a6e80bb0723bf17e0,val,애견,T2 동의어,q_애견_02,반려동물용품점,생활서비스 중 '애견'을 판매·제공하는 매장,51782c4e-4188-43d8-ab3d-edf0d96a7196,썬데이게코,파충류 반려동물용품 전자상거래 소매업,인터메디타워 골목형상점가,골목형상점가,울산광역시,3.0,3.0,,,RESOLVED_AGREEMENT,False,3,,,,
dff26255d0edac238785,val,애견,T2 동의어,q_애견_02,반려동물용품점,생활서비스 중 '애견'을 판매·제공하는 매장,c206e60f-de7f-44b5-a461-48d62431a500,멍냥의민족 순천조례점,반려동물용품,왕지상가,자율상권구역,전라남도,3.0,3.0,,,RESOLVED_AGREEMENT,False,3,,,,
0d1b09fe676c3ec24163,val,애견,T2 동의어,q_애견_02,반려동물용품점,생활서비스 중 '애견'을 판매·제공하는 매장,02d90458-53dd-488d-a915-1f95ee9dcaf1,새봄동물병원,동물,신효천 골목형상점가,골목형상점가,광주광역시,1.0,3.0,,,P1_BINARY_THRESHOLD,True,,,,,
9293700d10bad928c0c3,val,애견,T2 동의어,q_애견_02,반려동물용품점,생활서비스 중 '애견'을 판매·제공하는 매장,068d3f51-a4d4-4314-9882-6d61389ff931,wallu,애견용품,분당우성시장,전통시장,경기도,3.0,3.0,,,RESOLVED_AGREEMENT,False,3,,,,
74355e8c8d3b905ee714,val,애견,T2 동의어,q_애견_02,반려동물용품점,생활서비스 중 '애견'을 판매·제공하는 매장,56db8344-9ee8-4fa1-9a6c-34e6a167f743,멍타주,반려동물미용,염주상인회 골목형상점가,골목형상점가,광주광역시,3.0,3.0,,,RESOLVED_AGREEMENT,False,3,,,,
6445dfe742072926d99e,val,애견,T2 동의어,q_애견_02,반려동물용품점,생활서비스 중 '애견'을 판매·제공하는 매장,371225c1-263b-49c7-a5d7-40e2e2e89d60,용천통닭(각화점),한식 치킨,각화주공사거리 골목형상점가,골목형상점가,광주광역시,0.0,0.0,,,RESOLVED_AGREEMENT,False,0,,,,
ee790fd8dd98f7951b19,val,애견,T2 동의어,q_애견_02,반려동물용품점,생활서비스 중 '애견'을 판매·제공하는 매장,2faf71a7-3ca9-476c-8df2-10d01d1e9d19,엄마반찬,즉석식품,창원 성원그랜드쇼핑상가,전통시장,경상남도,0.0,0.0,,,RESOLVED_AGREEMENT,False,0,,,,
4834c2d1654c572b4536,val,애견,T2 동의어,q_애견_02,반려동물용품점,생활서비스 중 '애견'을 판매·제공하는 매장,0e25b409-580e-4762-858d-f877645348a2,아르멍,반려동물미용,갈매애비뉴 골목형상점가,골목형상점가,경기도,3.0,3.0,,,RESOLVED_AGREEMENT,False,3,,,,
ad426fde16f92b706afa,val,애견,T2 동의어,q_애견_02,반려동물용품점,생활서비스 중 '애견'을 판매·제공하는 매장,8c53c449-dc32-4cb0-8e49-1ff7a63a1d50,광주 24시 반려동물용품 위글리 펫 계림점,반려동물용품,계림그랜드센트럴 골목형상점가,골목형상점가,광주광역시,3.0,3.0,,,RESOLVED_AGREEMENT,False,3,,,,
9e4a099af467420bd050,val,애견,T2 동의어,q_애견_02,반려동물용품점,생활서비스 중 '애견'을 판매·제공하는 매장,0039e450-aa72-40e4-8495-49c9b99b8216,더 키움동물병원,애견용품,신대지구상가,자율상권구역,전라남도,3.0,3.0,,,RESOLVED_AGREEMENT,False,3,,,,
2f22e39cea6826759347,val,애견,T2 동의어,q_애견_02,반려동물용품점,생활서비스 중 '애견'을 판매·제공하는 매장,05e3a6a8-6d9d-469c-80fc-83b3238e6c7d,예쁘개,애완동물 목욕서비스 애견 미용서비스 애견미용실 애견용품소매,한민시장,전통시장,대전광역시,3.0,3.0,,,RESOLVED_AGREEMENT,False,3,,,,
29406ee969d200140c42,val,애견,T2 동의어,q_애견_02,반려동물용품점,생활서비스 중 '애견'을 판매·제공하는 매장,d0b6fa86-38e0-4be5-9af6-f92c755e6753,도그마캣다산점,반려동물용품,다산역 로데오 상점가,자율상권구역,경기도,3.0,3.0,,,RESOLVED_AGREEMENT,False,3,,,,
9037c54c599ce1376051,val,애견,T2 동의어,q_애견_02,반려동물용품점,생활서비스 중 '애견'을 판매·제공하는 매장,39a9260d-516a-40e1-acf7-d8223239db38,개발소,반려동물미용,월드상가골목형상점가,골목형상점가,인천광역시,3.0,3.0,,,RESOLVED_AGREEMENT,False,3,,,,
239cac5aa85d586c37b6,val,애견,T2 동의어,q_애견_02,반려동물용품점,생활서비스 중 '애견'을 판매·제공하는 매장,be111d7f-c6c5-4aec-8463-d49a176835ba,오브,의류,부평역지하상가,일반지하상점가,인천광역시,0.0,0.0,,,RESOLVED_AGREEMENT,False,0,,,,
50e9b44001d558823598,val,애견,T2 동의어,q_애견_02,반려동물용품점,생활서비스 중 '애견'을 판매·제공하는 매장,c7db4efe-a5b5-4476-8d4e-0648f3e60697,내새꾸멍냥이,"반려동물용품(애견, 애묘)",종암북바위길골목형상점가,골목형상점가,서울특별시,3.0,3.0,,,RESOLVED_AGREEMENT,False,3,,,,
3674d37d816aaba8cd05,val,애견,T2 동의어,q_애견_02,반려동물용품점,생활서비스 중 '애견'을 판매·제공하는 매장,11cd1c46-68d6-44f2-823a-c34949e9df6e,치유동물병원,반려동물 치료,장덕투게더 골목형상점가,골목형상점가,광주광역시,3.0,3.0,,,RESOLVED_AGREEMENT,False,3,,,,
1a4c480e4e2c5b3f7b2a,val,애견,T2 동의어,q_애견_02,반려동물용품점,생활서비스 중 '애견'을 판매·제공하는 매장,701c3e8f-7e1e-4e73-b952-7d7d8700e941,핑즈데이,반려동물용품,구미공단종합시장,전통시장,경상북도,3.0,3.0,,,RESOLVED_AGREEMENT,False,3,,,,
e040822375f14aef2a0a,val,애견,T2 동의어,q_애견_02,반려동물용품점,생활서비스 중 '애견'을 판매·제공하는 매장,c5cdba0b-cfeb-4ed2-ab1a-73d3c3b7774b,광주본동물병원,반려동물용품,서구청먹자골목상인회 골목형상점가,골목형상점가,광주광역시,3.0,3.0,,,RESOLVED_AGREEMENT,False,3,,,,
644f7cf2ccb68cf41674,val,애견,T2 동의어,q_애견_02,반려동물용품점,생활서비스 중 '애견'을 판매·제공하는 매장,8f600a7a-3e2b-4a0e-a887-50a787bf0a8d,멍냥히어로 상왕십리역 무인 애견용품,반려동물용품,왕십리무학봉상점가,자율상권구역,서울특별시,3.0,3.0,,,RESOLVED_AGREEMENT,False,3,,,,
8f7f25274a856097d94b,val,애견,T2 동의어,q_애견_02,반려동물용품점,생활서비스 중 '애견'을 판매·제공하는 매장,7f08c5d3-2c71-4c55-bf81-45ce11f9f144,멍스터,반려동물,봉선1로37번길 골목형상점가,골목형상점가,광주광역시,3.0,3.0,,,RESOLVED_AGREEMENT,False,3,,,,
1da4d4fd13b1ead5096a,val,애견,T2 동의어,q_애견_02,반려동물용품점,생활서비스 중 '애견'을 판매·제공하는 매장,3b77896f-b019-41e3-828b-3641a532f4ec,펫아미 용인점,반려동물,BOCA 보카상점가,골목형상점가,경기도,3.0,3.0,,,RESOLVED_AGREEMENT,False,3,,,,
28fac34196a439cb0b7b,val,애견,T2 동의어,q_애견_02,반려동물용품점,생활서비스 중 '애견'을 판매·제공하는 매장,e56c061d-aca3-468c-b9a0-26902e05398f,둥이네부티크,반려동물용품 외,창원 성원그랜드쇼핑상가,전통시장,경상남도,3.0,3.0,,,RESOLVED_AGREEMENT,False,3,,,,
51072fc335d4dd7c385b,val,애견,T2 동의어,q_애견_02,반려동물용품점,생활서비스 중 '애견'을 판매·제공하는 매장,caee3bfa-e534-422b-9b21-d02cc0d7ea1c,리본동물병원,반려동물 진료,화정한울타리상인회 골목형상점가,골목형상점가,광주광역시,3.0,3.0,,,RESOLVED_AGREEMENT,False,3,,,,
0daaef8783290ff0b79e,val,애견,T2 동의어,q_애견_02,반려동물용품점,생활서비스 중 '애견'을 판매·제공하는 매장,7a16584f-a327-409e-ab68-7c76e953cbb8,폴리파크 남광주점,반려동물용품,대남대로 골목형상점가,골목형상점가,광주광역시,3.0,3.0,,,RESOLVED_AGREEMENT,False,3,,,,
162d7d8d6964432de52e,val,애견,T2 동의어,q_애견_02,반려동물용품점,생활서비스 중 '애견'을 판매·제공하는 매장,f8e680fc-d437-45be-b43e-91d575d883e4,리치랜드,침구,창원 성원그랜드쇼핑상가,전통시장,경상남도,0.0,0.0,,,RESOLVED_AGREEMENT,False,0,,,,
6c826cb184dde21d24d4,val,애견,T2 동의어,q_애견_02,반려동물용품점,생활서비스 중 '애견'을 판매·제공하는 매장,542a8561-14fa-48ce-a2e4-d295085db265,국제반려동물교육문화원,애완동물용품,가평잣고을시장,전통시장,경기도,3.0,3.0,,,RESOLVED_AGREEMENT,False,3,,,,
bb53e676e35d74cd9995,val,애견,T2 동의어,q_애견_02,반려동물용품점,생활서비스 중 '애견'을 판매·제공하는 매장,16c8dbe4-6a57-411e-bc5e-b7da29e3facc,월드물류,야채,부평깡시장,전통시장,인천광역시,0.0,0.0,,,RESOLVED_AGREEMENT,False,0,,,,
6396448c1c9ff88ce355,val,애견,T2 동의어,q_애견_02,반려동물용품점,생활서비스 중 '애견'을 판매·제공하는 매장,04b11cda-02aa-4ce6-ad9c-c9cd8fde407f,까까뿌숑,애견미용 및 애견용품 판매,효안 골목형상점가,골목형상점가,광주광역시,3.0,3.0,,,RESOLVED_AGREEMENT,False,3,,,,
07b49532d1c808ca9417,val,애견,T2 동의어,q_애견_02,반려동물용품점,생활서비스 중 '애견'을 판매·제공하는 매장,df6238f4-d88c-411e-a8ab-b5b1bdb565bf,캣동산,반려동물위탁,운암 북문대로1 골목형상점가,골목형상점가,광주광역시,3.0,3.0,,,RESOLVED_AGREEMENT,False,3,,,,
2ac6cdf257435888d8ba,val,애견,T2 동의어,q_애견_02,반려동물용품점,생활서비스 중 '애견'을 판매·제공하는 매장,5a65a6e3-dfb0-46ad-ba77-80b079a01889,스파클 비,반려동물 미용업 및 소매업,전남대 상대 골목형상점가,골목형상점가,광주광역시,3.0,3.0,,,RESOLVED_AGREEMENT,False,3,,,,
2004a749a5ba75b5a775,val,애견,T2 동의어,q_애견_02,반려동물용품점,생활서비스 중 '애견'을 판매·제공하는 매장,55c98f74-83a2-4ba4-a591-585878262d7c,폴리파크칠곡점,반려동물 용품,태전패션거리 골목형상점가,골목형상점가,대구광역시,3.0,3.0,,,RESOLVED_AGREEMENT,False,3,,,,
01bc8c88d582cb8a085d,val,애견,T2 동의어,q_애견_02,반려동물용품점,생활서비스 중 '애견'을 판매·제공하는 매장,04003b1d-5ec1-4e69-a825-57c808dee19b,무드 그루밍(Mood Grooming,동물미용 애견용품,고성동벚꽃 골목형상점가,골목형상점가,대구광역시,3.0,3.0,,,RESOLVED_AGREEMENT,False,3,,,,
b85945e95aabd9dabc19,val,애견,T2 동의어,q_애견_02,반려동물용품점,생활서비스 중 '애견'을 판매·제공하는 매장,191c5379-0548-40a9-acc1-0863f90288aa,딜리얌,반려동물,상무오월로상인회 골목형상점가,골목형상점가,광주광역시,3.0,3.0,,,RESOLVED_AGREEMENT,False,3,,,,
c07f6d4e40c4a0ad29c0,val,애견,T2 동의어,q_애견_02,반려동물용품점,생활서비스 중 '애견'을 판매·제공하는 매장,a2de35ac-28d6-486e-8df5-398e6fadf65c,예쁘댕,반려동물미용,압촌동 골목형상점가,골목형상점가,광주광역시,3.0,3.0,,,RESOLVED_AGREEMENT,False,3,,,,
74927e3485f1078e964b,val,애견,T2 동의어,q_애견_02,반려동물용품점,생활서비스 중 '애견'을 판매·제공하는 매장,0eaecef3-d748-4ddb-9179-6df06f823b53,하나카 동물병원,"반려동물 진료, 반려동물 사료, 반려동물 영양제, 반려동물 간식",역삼동 골목형상점가,골목형상점가,서울특별시,3.0,3.0,,,RESOLVED_AGREEMENT,False,3,,,,
2b44fd579d8e23de7ae7,val,애견,T2 동의어,q_애견_02,반려동물용품점,생활서비스 중 '애견'을 판매·제공하는 매장,55fddebf-614b-468a-9aa6-6afd05a7deee,와우펫앤쥬 세종,반려동물 및 용품,나성동 소방청 골목형상점가,골목형상점가,세종특별자치시,3.0,3.0,,,RESOLVED_AGREEMENT,False,3,,,,
e7564c7b30a27ca4c191,val,애견,T2 동의어,q_애견_02,반려동물용품점,생활서비스 중 '애견'을 판매·제공하는 매장,7f23e9ed-3872-4787-a44e-3dca4f0bfc5c,에코시스템,"식품잡화, 조경자재, 담배, 반려동물용품 사료간식 전자상거래업","호성2길, 3길 골목형상점가",골목형상점가,전북특별자치도,3.0,3.0,,,RESOLVED_AGREEMENT,False,3,,,,
2c0f1a0b22ada97cebbf,val,애견,T2 동의어,q_애견_02,반려동물용품점,생활서비스 중 '애견'을 판매·제공하는 매장,970877c1-3712-44a5-9e00-b228fbad041d,아디랑,반려동물미용,"일곡동(제4지역:쌍용,호반,청솔2,호반일신,청솔1)",골목형상점가,광주광역시,3.0,3.0,,,RESOLVED_AGREEMENT,False,3,,,,
8789bdd4b9ba1b80df96,val,애견,T2 동의어,q_애견_02,반려동물용품점,생활서비스 중 '애견'을 판매·제공하는 매장,3473d0b5-40a0-46e2-a0ab-d4f69cc0a634,멍마루 애견샵,반려동물용품,전평제상인회 골목형상점가,골목형상점가,광주광역시,3.0,3.0,,,RESOLVED_AGREEMENT,False,3,,,,
eff9e593910cc25099a0,val,애견,T2 동의어,q_애견_02,반려동물용품점,생활서비스 중 '애견'을 판매·제공하는 매장,09815d92-d0f0-4c87-b4fa-1194f86c53c0,유성프로스펙스,"스포츠의류, 용품",장대동패션상가 골목형상점가,골목형상점가,대전광역시,0.0,0.0,,,RESOLVED_AGREEMENT,False,0,,,,
ab097c6f6b2782a86cc5,val,애견,T2 동의어,q_애견_02,반려동물용품점,생활서비스 중 '애견'을 판매·제공하는 매장,17079b43-1f7d-435a-88a1-a6041ade869a,투테일스,반려동물 용품,경동시장,전통시장,서울특별시,3.0,3.0,,,RESOLVED_AGREEMENT,False,3,,,,
86263807fbfc20df50c0,val,애견,T2 동의어,q_애견_02,반려동물용품점,생활서비스 중 '애견'을 판매·제공하는 매장,7ea4cbae-d862-4b68-b36c-cb554d615364,견상낙원,반려동물위탁,나주혁신도시 골목형상점가,골목형상점가,전라남도,3.0,3.0,,,RESOLVED_AGREEMENT,False,3,,,,
e81730411cac73593ed7,val,애견,T2 동의어,q_애견_02,반려동물용품점,생활서비스 중 '애견'을 판매·제공하는 매장,03f565ef-fdd8-45e5-9a28-6fb932eb52c3,사랑가득동물병원,반려동물 용품,운리공원상인회 골목형상점가,골목형상점가,광주광역시,3.0,3.0,,,RESOLVED_AGREEMENT,False,3,,,,
21acd1ea5bcfc9b789f4,val,애견,T2 동의어,q_애견_02,반려동물용품점,생활서비스 중 '애견'을 판매·제공하는 매장,a6f8da9b-d426-4f1e-92a2-492dedbf0f89,영커피 거제레이카운티점,,레이카운티 골목형상점가,골목형상점가,부산광역시,0.0,0.0,,,RESOLVED_AGREEMENT,False,0,,,,
d570c982523a6e9b1ebd,val,애견,T2 동의어,q_애견_02,반려동물용품점,생활서비스 중 '애견'을 판매·제공하는 매장,832273fe-7766-4b81-a306-8e81bc2a6818,꽃강아지,반려동물미용,도군머리 골목형상점가,골목형상점가,광주광역시,3.0,3.0,,,RESOLVED_AGREEMENT,False,3,,,,
02baf5d91945d7d66ff5,val,애견,T2 동의어,q_애견_02,반려동물용품점,생활서비스 중 '애견'을 판매·제공하는 매장,4c81863b-78af-451a-9cde-370380a13883,코코바리,반려동물용품 동물운송 동미용,미장사랑 골목형상점가,골목형상점가,전북특별자치도,3.0,3.0,,,RESOLVED_AGREEMENT,False,3,,,,
4414fc5feb465970f337,val,애견,T2 동의어,q_애견_02,반려동물용품점,생활서비스 중 '애견'을 판매·제공하는 매장,ebd27a6c-a103-4b59-b799-b569a4f359cc,스프링펫 이천점,반려동물용품,이천중앙로상가,자율상권구역,경기도,3.0,3.0,,,RESOLVED_AGREEMENT,False,3,,,,
d7c61726700b7898f0d4,val,애견,T2 동의어,q_애견_02,반려동물용품점,생활서비스 중 '애견'을 판매·제공하는 매장,a2330ef2-cdab-406f-9366-6cda67d487c0,댕 동 댕,반려동물 위탁,원신흥 골목형상점가,골목형상점가,대전광역시,3.0,3.0,,,RESOLVED_AGREEMENT,False,3,,,,
e399ea44dfa15ba08337,val,애견,T2 동의어,q_애견_02,반려동물용품점,생활서비스 중 '애견'을 판매·제공하는 매장,db56cc53-febe-4065-938d-12fb2fd11f77,위글리펫 용봉점,반려동물용품,용봉지구 골목형상점가,골목형상점가,광주광역시,3.0,3.0,,,RESOLVED_AGREEMENT,False,3,,,,
fb1782a041bf69c3ade1,val,애견,T2 동의어,q_애견_02,반려동물용품점,생활서비스 중 '애견'을 판매·제공하는 매장,5689d255-4d19-46dc-846b-f8ced4b95a28,모루뽀 B,반려동물 용품 소매업,덕이동패션1번지,전통시장,경기도,3.0,3.0,,,RESOLVED_AGREEMENT,False,3,,,,
8c8400890ee526adc522,val,애견,T2 동의어,q_애견_02,반려동물용품점,생활서비스 중 '애견'을 판매·제공하는 매장,33bd1031-fed9-44c5-a2ee-04c7cda49031,어쩌다구피,열대어물품ㆍ반려동물용품ㆍ꽃,신창동일번국도가구의거리 골목형상점가,골목형상점가,광주광역시,3.0,3.0,,,RESOLVED_AGREEMENT,False,3,,,,
98da3284a4db100cdee9,val,애견,T2 동의어,q_애견_02,반려동물용품점,생활서비스 중 '애견'을 판매·제공하는 매장,439757f5-2429-4894-a937-a668be0a2188,미스터 페이머스,반려동물용품,BOCA 보카상점가,골목형상점가,경기도,3.0,3.0,,,RESOLVED_AGREEMENT,False,3,,,,
4a924d472837b9585061,val,애견,T2 동의어,q_애견_02,반려동물용품점,생활서비스 중 '애견'을 판매·제공하는 매장,3cbdc908-d173-40f9-8e24-3f8dc08b846f,리스마,젤라또,구미 금리단길 골목형상점가,골목형상점가,경상북도,0.0,0.0,,,RESOLVED_AGREEMENT,False,0,,,,
6acab624f0fae405ca9f,val,애견,T2 동의어,q_애견_02,반려동물용품점,생활서비스 중 '애견'을 판매·제공하는 매장,8aef35ff-949d-46e5-b011-8c4d5356dbf7,폴리파크,반려동물 용품,동림2 골목형상점가,골목형상점가,광주광역시,3.0,3.0,,,RESOLVED_AGREEMENT,False,3,,,,
2c4940a4333b8f768248,val,애견,T2 동의어,q_애견_02,반려동물용품점,생활서비스 중 '애견'을 판매·제공하는 매장,0a7de62f-b294-412c-b700-0642397eca30,다이나핏 김포장기점,"스포츠 의류, 용품",김포장기패션아울렛,골목형상점가,경기도,0.0,0.0,,,RESOLVED_AGREEMENT,False,0,,,,
f0eda545c75a67f3d522,val,애견,T2 동의어,q_애견_02,반려동물용품점,생활서비스 중 '애견'을 판매·제공하는 매장,a605c000-b67c-47ce-bab8-4f0ee8cbdea2,주식회사 몬도미오,반려동물용품,백년소상공인,기타,대구광역시,3.0,3.0,,,RESOLVED_AGREEMENT,False,3,,,,
2b3947a73591b00d2832,val,애견,T2 동의어,q_애견_02,반려동물용품점,생활서비스 중 '애견'을 판매·제공하는 매장,b6b63d9c-1c34-4ace-975f-323ac87bce69,강아지그림,반려동물 미용,성복 온누리 골목형상점가,골목형상점가,경기도,3.0,3.0,,,RESOLVED_AGREEMENT,False,3,,,,
426f50f17e57f154083f,val,애견,T2 동의어,q_애견_02,반려동물용품점,생활서비스 중 '애견'을 판매·제공하는 매장,5a6e8efa-a815-4d39-b437-79a4dd241191,야옹아멍멍해봐 강아지고양이 삼각점,반려동물용품,삼각동 골목형상점가,골목형상점가,광주광역시,3.0,3.0,,,RESOLVED_AGREEMENT,False,3,,,,
67b2cb7a66ddbc3d1eb2,val,애견,T2 동의어,q_애견_02,반려동물용품점,생활서비스 중 '애견'을 판매·제공하는 매장,75090ba5-6568-47bd-bcf3-ef20dead9672,어썸독,반려동물용품,화정소담상인회 골목형상점가,골목형상점가,광주광역시,3.0,3.0,,,RESOLVED_AGREEMENT,False,3,,,,
72d80491a2f9b04b3732,val,애견,T2 동의어,q_애견_02,반려동물용품점,생활서비스 중 '애견'을 판매·제공하는 매장,0d753046-7eb1-4915-9c50-1e735acf1c1d,버블퍼피,"애견간식, 용품",왕십리무학봉상점가,자율상권구역,서울특별시,3.0,3.0,,,RESOLVED_AGREEMENT,False,3,,,,
a83049f4f63b1dcccd9e,val,애견,T4 구어·문장,q_애견_03,강아지 용품 살 데,생활서비스 중 '애견'을 판매·제공하는 매장,02d90458-53dd-488d-a915-1f95ee9dcaf1,새봄동물병원,동물,신효천 골목형상점가,골목형상점가,광주광역시,1.0,3.0,,,P1_BINARY_THRESHOLD,True,,,,,
7d3a6506941503efe2cd,val,애견,T4 구어·문장,q_애견_03,강아지 용품 살 데,생활서비스 중 '애견'을 판매·제공하는 매장,cd87c9ce-856b-4c29-b04c-042167af5ca0,도그버디명일,도소매(강아지용품),명일전통시장,전통시장,서울특별시,3.0,3.0,,,RESOLVED_AGREEMENT,False,3,,,,
fb8d0d57386debf831e5,val,애견,T4 구어·문장,q_애견_03,강아지 용품 살 데,생활서비스 중 '애견'을 판매·제공하는 매장,50a71da3-f429-422d-92f0-98f9119ef844,강아지랑나랑,애견미용,두암2동 도로변 골목형상점가,골목형상점가,광주광역시,3.0,3.0,,,RESOLVED_AGREEMENT,False,3,,,,
60844104908ed5f1632a,val,애견,T4 구어·문장,q_애견_03,강아지 용품 살 데,생활서비스 중 '애견'을 판매·제공하는 매장,9aa60b9e-e653-4233-b148-dbb7984d20af,벽지뜯는강아지,,금오골목형상점가,골목형상점가,경기도,3.0,3.0,,,RESOLVED_AGREEMENT,False,3,,,,
c7aa877de7b2f4218c55,val,애견,T4 구어·문장,q_애견_03,강아지 용품 살 데,생활서비스 중 '애견'을 판매·제공하는 매장,cc0b8dd8-1056-462a-9fa1-5f2a99a2835d,쏘이마망,강아지용품,주안역지하도상점가,일반지하상점가,인천광역시,3.0,3.0,,,RESOLVED_AGREEMENT,False,3,,,,
7a1ea1b1939d55b1ab13,val,애견,T4 구어·문장,q_애견_03,강아지 용품 살 데,생활서비스 중 '애견'을 판매·제공하는 매장,1e6bdc94-29cf-43ff-9dc6-52ccf1249757,맘스터치,분식,초지항아리 골목형상점가,골목형상점가,경기도,0.0,0.0,,,RESOLVED_AGREEMENT,False,0,,,,
df54904b7548634c28e0,val,애견,T4 구어·문장,q_애견_03,강아지 용품 살 데,생활서비스 중 '애견'을 판매·제공하는 매장,9b94c715-a1fb-4d81-98c5-e9190bd9db5b,해남동물나라,강아지 및 관련용품,중앙1로 천변교 골목형상점가,골목형상점가,전라남도,3.0,3.0,,,RESOLVED_AGREEMENT,False,3,,,,
2d8d6b724471f925d2df,val,애견,T4 구어·문장,q_애견_03,강아지 용품 살 데,생활서비스 중 '애견'을 판매·제공하는 매장,cab8102d-c850-4ee1-a41e-e1cc2f7d3139,개멋내기,강아지미용용품,화산로 골목형상점가,골목형상점가,광주광역시,3.0,3.0,,,RESOLVED_AGREEMENT,False,3,,,,
72001d200b44f455fb64,val,애견,T4 구어·문장,q_애견_03,강아지 용품 살 데,생활서비스 중 '애견'을 판매·제공하는 매장,9863e52e-46e7-47e5-94d0-b775243610cc,커플노래연습장,노래연습장,염주먹자골목A구역상인회 골목형상점가,골목형상점가,광주광역시,0.0,0.0,,,RESOLVED_AGREEMENT,False,0,,,,
b51e76be94e823c783b6,val,애견,T4 구어·문장,q_애견_03,강아지 용품 살 데,생활서비스 중 '애견'을 판매·제공하는 매장,4ef6237c-baa5-4e54-9f70-12c4c8ddcf14,멍냥이점빵,강아지용품,마산 북마산가구시장,전통시장,경상남도,3.0,3.0,,,RESOLVED_AGREEMENT,False,3,,,,
58a2b6228102c5576884,val,애견,T4 구어·문장,q_애견_03,강아지 용품 살 데,생활서비스 중 '애견'을 판매·제공하는 매장,55611a0b-c65c-45ad-972c-df95dc1ef7fa,옷입는강아지,강아지옷,서문시장2지구 종합상가,전통시장,대구광역시,3.0,3.0,,,RESOLVED_AGREEMENT,False,3,,,,
cc3784e1209c9c1a512b,val,애견,T4 구어·문장,q_애견_03,강아지 용품 살 데,생활서비스 중 '애견'을 판매·제공하는 매장,e817c9c0-1b7b-4e15-952c-b80edf287dc7,물만난 강아지,애견 미용,봉선1로 골목형상점가,골목형상점가,광주광역시,3.0,3.0,,,RESOLVED_AGREEMENT,False,3,,,,
c034bb4b1d628fec7f70,val,애견,T4 구어·문장,q_애견_03,강아지 용품 살 데,생활서비스 중 '애견'을 판매·제공하는 매장,473bc85c-5fd3-4ca5-8489-af6e9ce44169,꼬리치는강아지,애견용품,성대시장골목형상점가,골목형상점가,서울특별시,3.0,3.0,,,RESOLVED_AGREEMENT,False,3,,,,
01fe01c6a57f14e817bb,val,애견,T4 구어·문장,q_애견_03,강아지 용품 살 데,생활서비스 중 '애견'을 판매·제공하는 매장,09815d92-d0f0-4c87-b4fa-1194f86c53c0,유성프로스펙스,"스포츠의류, 용품",장대동패션상가 골목형상점가,골목형상점가,대전광역시,0.0,0.0,,,RESOLVED_AGREEMENT,False,0,,,,
7652415d7531b9f27523,val,애견,T4 구어·문장,q_애견_03,강아지 용품 살 데,생활서비스 중 '애견'을 판매·제공하는 매장,45833d3d-8e2f-4c70-939e-d0bd3a0fbd77,아토 강아지 미용실,애견용품.미용,다산지금상점가,골목형상점가,경기도,3.0,3.0,,,RESOLVED_AGREEMENT,False,3,,,,
bb090fa58b24901c0fda,val,애견,T4 구어·문장,q_애견_03,강아지 용품 살 데,생활서비스 중 '애견'을 판매·제공하는 매장,c62e607b-17ae-4c12-811f-8f7d018cf783,이마트24 광주산정점,,하남 골목형상점가,골목형상점가,,0.0,0.0,,,RESOLVED_AGREEMENT,False,0,,,,
130858ad2ab3447fe783,val,애견,T4 구어·문장,q_애견_03,강아지 용품 살 데,생활서비스 중 '애견'을 판매·제공하는 매장,b6b63d9c-1c34-4ace-975f-323ac87bce69,강아지그림,반려동물 미용,성복 온누리 골목형상점가,골목형상점가,경기도,3.0,3.0,,,RESOLVED_AGREEMENT,False,3,,,,
6d25e0b58cb8be887f01,val,애견,T4 구어·문장,q_애견_03,강아지 용품 살 데,생활서비스 중 '애견'을 판매·제공하는 매장,c0c9190f-f00a-46e9-842d-ab7f994c2c4b,토리토이,강아지 의류 용품,두류1번가,일반지하상점가,대구광역시,3.0,3.0,,,RESOLVED_AGREEMENT,False,3,,,,
0859eac32fbefe1d61fc,val,애견,T4 구어·문장,q_애견_03,강아지 용품 살 데,생활서비스 중 '애견'을 판매·제공하는 매장,7c449044-fa5e-49e7-991c-dfd1fb1c1b73,비오비애완용품아울렛,사료 강아지고양이 간식 강아지 옷 고양이모래,매곡 큰길 골목형상점가,골목형상점가,광주광역시,3.0,3.0,,,RESOLVED_AGREEMENT,False,3,,,,
4981251bca2e76b4f88b,val,애견,T4 구어·문장,q_애견_03,강아지 용품 살 데,생활서비스 중 '애견'을 판매·제공하는 매장,312c4739-a6ff-4d48-801c-abdc740ad035,김밥나라,한식,동천동 상인회 골목형상점가,골목형상점가,광주광역시,0.0,0.0,,,RESOLVED_AGREEMENT,False,0,,,,
f668c068202bbc1d2903,val,애견,T4 구어·문장,q_애견_03,강아지 용품 살 데,생활서비스 중 '애견'을 판매·제공하는 매장,d6556c9f-cf51-471d-846b-597beb6f12c6,강아지Song,애견용품,송정벚꽃골목형상점가,골목형상점가,서울특별시,3.0,3.0,,,RESOLVED_AGREEMENT,False,3,,,,
6d285517715f475fa70c,val,애견,T4 구어·문장,q_애견_03,강아지 용품 살 데,생활서비스 중 '애견'을 판매·제공하는 매장,44f0ae81-bd1f-489f-a26b-f17eae7ea79d,미용하는 강아지,,관저상가 골목형상점가,골목형상점가,대전광역시,3.0,3.0,,,RESOLVED_AGREEMENT,False,3,,,,
95f051c4bc373874648f,val,애견,T4 구어·문장,q_애견_03,강아지 용품 살 데,생활서비스 중 '애견'을 판매·제공하는 매장,04003b1d-5ec1-4e69-a825-57c808dee19b,무드 그루밍(Mood Grooming,동물미용 애견용품,고성동벚꽃 골목형상점가,골목형상점가,대구광역시,3.0,3.0,,,RESOLVED_AGREEMENT,False,3,,,,
37a78d32c363dc801fab,val,애견,T4 구어·문장,q_애견_03,강아지 용품 살 데,생활서비스 중 '애견'을 판매·제공하는 매장,d26cf4d2-e82c-48c4-96f3-af45508b83d1,예쁜 강아지,애견용품 등,홍도동 상점가,자율상권구역,대전광역시,3.0,3.0,,,RESOLVED_AGREEMENT,False,3,,,,
a3dd0964807952049f08,val,애견,T4 구어·문장,q_애견_03,강아지 용품 살 데,생활서비스 중 '애견'을 판매·제공하는 매장,05e3a6a8-6d9d-469c-80fc-83b3238e6c7d,예쁘개,애완동물 목욕서비스 애견 미용서비스 애견미용실 애견용품소매,한민시장,전통시장,대전광역시,3.0,3.0,,,RESOLVED_AGREEMENT,False,3,,,,
1a70c8fa442d20c698be,val,애견,T4 구어·문장,q_애견_03,강아지 용품 살 데,생활서비스 중 '애견'을 판매·제공하는 매장,519c54c6-e85b-452f-8082-f83350c9af3a,소문난강아지,애견 용품,금부로상인회 골목형상점가,골목형상점가,광주광역시,3.0,3.0,,,RESOLVED_AGREEMENT,False,3,,,,
beb9ead82f328a7b8cf1,val,애견,T4 구어·문장,q_애견_03,강아지 용품 살 데,생활서비스 중 '애견'을 판매·제공하는 매장,7a19b842-ac20-4c63-82ea-30c177f175db,수니네 강아지 미용실,"동물미용, 애견용품 판매",신창진흥 골목형상점가,골목형상점가,광주광역시,3.0,3.0,,,RESOLVED_AGREEMENT,False,3,,,,
f27fd9c65d6900f33c55,val,애견,T4 구어·문장,q_애견_03,강아지 용품 살 데,생활서비스 중 '애견'을 판매·제공하는 매장,0a7de62f-b294-412c-b700-0642397eca30,다이나핏 김포장기점,"스포츠 의류, 용품",김포장기패션아울렛,골목형상점가,경기도,0.0,0.0,,,RESOLVED_AGREEMENT,False,0,,,,
eb5d7bb08aea0405225f,val,애견,T4 구어·문장,q_애견_03,강아지 용품 살 데,생활서비스 중 '애견'을 판매·제공하는 매장,6f01fcd4-fcaf-4c97-a6b7-7565e13165ee,지원유통,채소,부산새벽시장,전통시장,부산광역시,0.0,0.0,,,RESOLVED_AGREEMENT,False,0,,,,
e6f53acf3ee53941e4ee,val,애견,T4 구어·문장,q_애견_03,강아지 용품 살 데,생활서비스 중 '애견'을 판매·제공하는 매장,0039e450-aa72-40e4-8495-49c9b99b8216,더 키움동물병원,애견용품,신대지구상가,자율상권구역,전라남도,3.0,3.0,,,RESOLVED_AGREEMENT,False,3,,,,
025919423bc3cbe10fcb,val,애견,T4 구어·문장,q_애견_03,강아지 용품 살 데,생활서비스 중 '애견'을 판매·제공하는 매장,0d753046-7eb1-4915-9c50-1e735acf1c1d,버블퍼피,"애견간식, 용품",왕십리무학봉상점가,자율상권구역,서울특별시,3.0,3.0,,,RESOLVED_AGREEMENT,False,3,,,,
b9922a36fdb021f5a31e,val,애견,T4 구어·문장,q_애견_03,강아지 용품 살 데,생활서비스 중 '애견'을 판매·제공하는 매장,2fbabe7b-3dc4-4d25-9666-cd9a0303364c,똥강아지,아동복,송촌동상점가,자율상권구역,대전광역시,2.0,3.0,,,P2_GRADED_ONLY,True,,,,,
a28c545d3596454231d7,val,애견,T4 구어·문장,q_애견_03,강아지 용품 살 데,생활서비스 중 '애견'을 판매·제공하는 매장,9c32e247-fbef-4d8d-8e77-c900511fd86a,목욕하는강아지,애견미용,오목내길골목형상점가,골목형상점가,서울특별시,3.0,3.0,,,RESOLVED_AGREEMENT,False,3,,,,
be8b525c651483590a7b,val,애견,T4 구어·문장,q_애견_03,강아지 용품 살 데,생활서비스 중 '애견'을 판매·제공하는 매장,b897dbee-9791-40fd-8580-da81e60265c0,봉산동강아지,애견미용,구즉 골목형상점가,골목형상점가,대전광역시,3.0,3.0,,,RESOLVED_AGREEMENT,False,3,,,,
95af84cbd102b5556c1e,val,애견,T4 구어·문장,q_애견_03,강아지 용품 살 데,생활서비스 중 '애견'을 판매·제공하는 매장,03f565ef-fdd8-45e5-9a28-6fb932eb52c3,사랑가득동물병원,반려동물 용품,운리공원상인회 골목형상점가,골목형상점가,광주광역시,3.0,3.0,,,RESOLVED_AGREEMENT,False,3,,,,
b238b0308fe666c8e5ac,val,애견,T4 구어·문장,q_애견_03,강아지 용품 살 데,생활서비스 중 '애견'을 판매·제공하는 매장,04b11cda-02aa-4ce6-ad9c-c9cd8fde407f,까까뿌숑,애견미용 및 애견용품 판매,효안 골목형상점가,골목형상점가,광주광역시,3.0,3.0,,,RESOLVED_AGREEMENT,False,3,,,,
eb96498901d0bf60c189,val,애견,T4 구어·문장,q_애견_03,강아지 용품 살 데,생활서비스 중 '애견'을 판매·제공하는 매장,32db2c11-8308-4102-8245-5d9078d1833a,신광사,가구,월드밸리,전통시장,부산광역시,0.0,0.0,,,RESOLVED_AGREEMENT,False,0,,,,
00ada3c08c908a1b06e9,val,애견,T4 구어·문장,q_애견_03,강아지 용품 살 데,생활서비스 중 '애견'을 판매·제공하는 매장,9755c7f4-ddfa-4873-8d1d-fc98bc2dc9ec,아이러브독 부천점,강아지분양 및 강아지용품,상동역 함께하길 골목형상점가,골목형상점가,경기도,3.0,3.0,,,RESOLVED_AGREEMENT,False,3,,,,
ef127a7fe2b81b76f00f,val,애견,T4 구어·문장,q_애견_03,강아지 용품 살 데,생활서비스 중 '애견'을 판매·제공하는 매장,5013294b-59ed-44d1-8a93-907ab974a8cd,"강아지, 반하다",애견미용,포항 대이상가 골목형상점가,골목형상점가,경상북도,3.0,3.0,,,RESOLVED_AGREEMENT,False,3,,,,
4d8dec4f723b8b3e6da6,val,애견,T4 구어·문장,q_애견_03,강아지 용품 살 데,생활서비스 중 '애견'을 판매·제공하는 매장,198afb1a-dfbb-4e2e-b096-e3d496ec610a,멍스랜드,강아지,사리골상점가,자율상권구역,경기도,3.0,3.0,,,RESOLVED_AGREEMENT,False,3,,,,
1f5f7115eca40ecf9b60,val,애견,T4 구어·문장,q_애견_03,강아지 용품 살 데,생활서비스 중 '애견'을 판매·제공하는 매장,ba3f8b9e-cfe0-4bf0-8b16-819283ecafba,행복한강아지,,목포원도심상점가,자율상권구역,,3.0,3.0,,,RESOLVED_AGREEMENT,False,3,,,,
54cee94d3c81da9f1ce3,val,애견,T4 구어·문장,q_애견_03,강아지 용품 살 데,생활서비스 중 '애견'을 판매·제공하는 매장,a9efb335-b930-4ef0-aa2b-0c284c861cbe,보딩펫츠,강아지간식,양림기독병원 골목형상점가,골목형상점가,광주광역시,3.0,3.0,,,RESOLVED_AGREEMENT,False,3,,,,
99ccdc2024ef9a09dbd4,val,애견,T4 구어·문장,q_애견_03,강아지 용품 살 데,생활서비스 중 '애견'을 판매·제공하는 매장,122f1233-07a8-41ca-86a5-db91c82d56c8,토마토,강아지옷,아리랑거리,전통시장,부산광역시,3.0,3.0,,,RESOLVED_AGREEMENT,False,3,,,,
1946002d3edee6f50031,val,애견,T4 구어·문장,q_애견_03,강아지 용품 살 데,생활서비스 중 '애견'을 판매·제공하는 매장,50383d96-1119-40f1-9657-4d19c48f32b3,개옹구미점,강아지사료간식용품,문화로 자율상권구역,,경상북도,3.0,3.0,,,RESOLVED_AGREEMENT,False,3,,,,
6c9295f46dd9a9822bd2,val,애견,T4 구어·문장,q_애견_03,강아지 용품 살 데,생활서비스 중 '애견'을 판매·제공하는 매장,16d4cd8a-e896-4c71-a052-5f285459c64d,똥강아지,아동복,창원 도계부부시장,전통시장,경상남도,2.0,3.0,,,P2_GRADED_ONLY,True,,,,,
3ab41e6e756465de4ebb,val,애견,T4 구어·문장,q_애견_03,강아지 용품 살 데,생활서비스 중 '애견'을 판매·제공하는 매장,8679c1ac-9379-45c1-ae6d-ba3f339aa988,컬리살롱,강아지미용,맛조이상인회 골목형상점가,골목형상점가,광주광역시,3.0,3.0,,,RESOLVED_AGREEMENT,False,3,,,,
c082ade58641d50af8f2,val,애견,T4 구어·문장,q_애견_03,강아지 용품 살 데,생활서비스 중 '애견'을 판매·제공하는 매장,6a2398a3-fca5-48ef-8641-e13e5bfae862,찰스샵,강아지 용품,옥련시장,전통시장,인천광역시,3.0,3.0,,,RESOLVED_AGREEMENT,False,3,,,,
1dffe0bfc295b328f059,val,애견,T4 구어·문장,q_애견_03,강아지 용품 살 데,생활서비스 중 '애견'을 판매·제공하는 매장,b69e0884-1a93-4839-9144-04e2bba3819d,광주강아지분양 블랑펫,강아지,아시아음식문화거리 골목형상점가,골목형상점가,광주광역시,3.0,3.0,,,RESOLVED_AGREEMENT,False,3,,,,
858c628db4bb89bc1a3c,val,애견,T4 구어·문장,q_애견_03,강아지 용품 살 데,생활서비스 중 '애견'을 판매·제공하는 매장,6012a6a1-b2af-4109-b541-29da58dd8205,코지포퍼피,강아지의류,온누리상인회 골목형상점가,골목형상점가,광주광역시,3.0,3.0,,,RESOLVED_AGREEMENT,False,3,,,,
db76af5bc3cac32a96bb,val,애견,T4 구어·문장,q_애견_03,강아지 용품 살 데,생활서비스 중 '애견'을 판매·제공하는 매장,e279252d-d119-4fe9-80dc-f71cb7009133,개 웃는날,강아지옷,진잠 골목형상점가,골목형상점가,대전광역시,3.0,3.0,,,RESOLVED_AGREEMENT,False,3,,,,
83e9ce4da183e2fbd67a,val,애견,T4 구어·문장,q_애견_03,강아지 용품 살 데,생활서비스 중 '애견'을 판매·제공하는 매장,a74e5341-fdbd-4192-aec5-fc324f327cc8,강아지 이발소,,내동서부 골목형상점가,골목형상점가,대전광역시,3.0,3.0,,,RESOLVED_AGREEMENT,False,3,,,,
5afc9e65ef741eb86dae,val,애견,T4 구어·문장,q_애견_03,강아지 용품 살 데,생활서비스 중 '애견'을 판매·제공하는 매장,f2f4c8ec-8936-4a19-b76c-d47a36e147e4,이정훈 강아지 다산점,동물판매업,다산역 로데오 상점가,자율상권구역,경기도,2.0,3.0,,,P2_GRADED_ONLY,True,,,,,
845ad253fe140dc80ee3,val,애견,T4 구어·문장,q_애견_03,강아지 용품 살 데,생활서비스 중 '애견'을 판매·제공하는 매장,47a4e595-b086-4689-8bfe-dcc7d2922e7f,강아지세상고양이세상,애견사료용품,빛가람 호수로 골목형상점가,골목형상점가,전라남도,3.0,3.0,,,RESOLVED_AGREEMENT,False,3,,,,
88d100b6d960e4b7dab1,val,애견,T4 구어·문장,q_애견_03,강아지 용품 살 데,생활서비스 중 '애견'을 판매·제공하는 매장,7f9f3393-177f-4f6f-9096-9e1344d828e3,그루밍아지,애견미용 용품,다산지금상점가,골목형상점가,경기도,3.0,3.0,,,RESOLVED_AGREEMENT,False,3,,,,
14ef6ac35cc8162c94e9,val,애견,T4 구어·문장,q_애견_03,강아지 용품 살 데,생활서비스 중 '애견'을 판매·제공하는 매장,832273fe-7766-4b81-a306-8e81bc2a6818,꽃강아지,반려동물미용,도군머리 골목형상점가,골목형상점가,광주광역시,3.0,3.0,,,RESOLVED_AGREEMENT,False,3,,,,
c778b065abcdd2e7db59,val,애견,T4 구어·문장,q_애견_03,강아지 용품 살 데,생활서비스 중 '애견'을 판매·제공하는 매장,9062a53d-ffe9-4ad3-b774-6bfd03dcb923,멍투게더 강아지유치원호텔 강남본점,강아지 유치원,역삼동 골목형상점가,골목형상점가,서울특별시,3.0,3.0,,,RESOLVED_AGREEMENT,False,3,,,,
88c49d4899c403b836a0,val,애견,T4 구어·문장,q_애견_03,강아지 용품 살 데,생활서비스 중 '애견'을 판매·제공하는 매장,1549988d-435e-42ad-9cdc-a797fb6a39e0,원종제일국밥,한식,원종고강제일시장(부천제일시장),전통시장,경기도,0.0,0.0,,,RESOLVED_AGREEMENT,False,0,,,,
6dd3134b21d42abb1e1e,val,애견,T4 구어·문장,q_애견_03,강아지 용품 살 데,생활서비스 중 '애견'을 판매·제공하는 매장,068d3f51-a4d4-4314-9882-6d61389ff931,wallu,애견용품,분당우성시장,전통시장,경기도,3.0,3.0,,,RESOLVED_AGREEMENT,False,3,,,,
a194a62ba1a0a97614e8,val,애견,T4 구어·문장,q_애견_03,강아지 용품 살 데,생활서비스 중 '애견'을 판매·제공하는 매장,bda36c6d-0b3a-4ec1-b72b-824ebfa9c255,멍뭉아놀자,강아지용품,진주 자유시장,전통시장,경상남도,3.0,3.0,,,RESOLVED_AGREEMENT,False,3,,,,
be9818f7bd3fdde75ea8,val,애견,T4 구어·문장,q_애견_03,강아지 용품 살 데,생활서비스 중 '애견'을 판매·제공하는 매장,a1f5134c-f97e-47ea-872f-cec897e5137b,대원유통,남녀 의류 악세서리지갑벨트,고척근린시장,전통시장,서울특별시,0.0,0.0,,,RESOLVED_AGREEMENT,False,0,,,,
745bdfab9a9073adf098,val,애견,T4 구어·문장,q_애견_03,강아지 용품 살 데,생활서비스 중 '애견'을 판매·제공하는 매장,4618398b-d6cc-4c1e-91b9-c53fc5d9c669,우리강아지,애견미용용품,문흥1동 골목형상점가,골목형상점가,광주광역시,3.0,3.0,,,RESOLVED_AGREEMENT,False,3,,,,
fb601ee4eb5588c30a43,val,애견,T4 구어·문장,q_애견_03,강아지 용품 살 데,생활서비스 중 '애견'을 판매·제공하는 매장,4f3389d4-a768-4650-968e-63505a32101d,핑독,강아지미용,화정한울타리상인회 골목형상점가,골목형상점가,광주광역시,3.0,3.0,,,RESOLVED_AGREEMENT,False,3,,,,
17e18eb314b13fb94fd8,val,애견,T4 구어·문장,q_애견_03,강아지 용품 살 데,생활서비스 중 '애견'을 판매·제공하는 매장,6b1fab7c-7db6-4029-99b2-3461c52183cd,강아지나라,,남북로 골목형상점가,골목형상점가,전북특별자치도,3.0,3.0,,,RESOLVED_AGREEMENT,False,3,,,,
d463498b3603a8a40b4e,val,애견,T4 구어·문장,q_애견_03,강아지 용품 살 데,생활서비스 중 '애견'을 판매·제공하는 매장,584a9efd-fb51-46de-ab01-26f6ee321941,감자국댕치원,강아지유치원,혁신도시5구역골목형상점가,골목형상점가,강원특별자치도,3.0,3.0,,,RESOLVED_AGREEMENT,False,3,,,,
fc06ec2886af2b8f4c6c,val,애견,T4 구어·문장,q_애견_04,반려동물 용품 파는 곳,생활서비스 중 '애견'을 판매·제공하는 매장,c5cdba0b-cfeb-4ed2-ab1a-73d3c3b7774b,광주본동물병원,반려동물용품,서구청먹자골목상인회 골목형상점가,골목형상점가,광주광역시,3.0,3.0,,,RESOLVED_AGREEMENT,False,3,,,,
30e8ede44fbc0509fa00,val,애견,T4 구어·문장,q_애견_04,반려동물 용품 파는 곳,생활서비스 중 '애견'을 판매·제공하는 매장,8c53c449-dc32-4cb0-8e49-1ff7a63a1d50,광주 24시 반려동물용품 위글리 펫 계림점,반려동물용품,계림그랜드센트럴 골목형상점가,골목형상점가,광주광역시,3.0,3.0,,,RESOLVED_AGREEMENT,False,3,,,,
50108b76516f6ea4e944,val,애견,T4 구어·문장,q_애견_04,반려동물 용품 파는 곳,생활서비스 중 '애견'을 판매·제공하는 매장,df6238f4-d88c-411e-a8ab-b5b1bdb565bf,캣동산,반려동물위탁,운암 북문대로1 골목형상점가,골목형상점가,광주광역시,3.0,3.0,,,RESOLVED_AGREEMENT,False,3,,,,
d1e65fbc8a9c1d499a7e,val,애견,T4 구어·문장,q_애견_04,반려동물 용품 파는 곳,생활서비스 중 '애견'을 판매·제공하는 매장,1eaf1972-888a-4805-8681-c5b3bb9a006c,견생냥품 24시 무인펫샵 양주 옥정점,반려동물 용품,대길프라자상점가,골목형상점가,경기도,3.0,3.0,,,RESOLVED_AGREEMENT,False,3,,,,
79438e91a6602d0e7409,val,애견,T4 구어·문장,q_애견_04,반려동물 용품 파는 곳,생활서비스 중 '애견'을 판매·제공하는 매장,02d90458-53dd-488d-a915-1f95ee9dcaf1,새봄동물병원,동물,신효천 골목형상점가,골목형상점가,광주광역시,1.0,3.0,,,P1_BINARY_THRESHOLD,True,,,,,
915b75e306f48db792bc,val,애견,T4 구어·문장,q_애견_04,반려동물 용품 파는 곳,생활서비스 중 '애견'을 판매·제공하는 매장,970877c1-3712-44a5-9e00-b228fbad041d,아디랑,반려동물미용,"일곡동(제4지역:쌍용,호반,청솔2,호반일신,청솔1)",골목형상점가,광주광역시,3.0,3.0,,,RESOLVED_AGREEMENT,False,3,,,,
0579e6d10ddaa63f2b69,val,애견,T4 구어·문장,q_애견_04,반려동물 용품 파는 곳,생활서비스 중 '애견'을 판매·제공하는 매장,05e3a6a8-6d9d-469c-80fc-83b3238e6c7d,예쁘개,애완동물 목욕서비스 애견 미용서비스 애견미용실 애견용품소매,한민시장,전통시장,대전광역시,3.0,3.0,,,RESOLVED_AGREEMENT,False,3,,,,
42965a0a0289144461ec,val,애견,T4 구어·문장,q_애견_04,반려동물 용품 파는 곳,생활서비스 중 '애견'을 판매·제공하는 매장,a2330ef2-cdab-406f-9366-6cda67d487c0,댕 동 댕,반려동물 위탁,원신흥 골목형상점가,골목형상점가,대전광역시,3.0,3.0,,,RESOLVED_AGREEMENT,False,3,,,,
d9ec6910a88bc94c165b,val,애견,T4 구어·문장,q_애견_04,반려동물 용품 파는 곳,생활서비스 중 '애견'을 판매·제공하는 매장,12ac4db5-9538-415e-86dd-c206cb4e2ac8,대운상회,채소,마산어시장,전통시장,경상남도,0.0,0.0,,,RESOLVED_AGREEMENT,False,0,,,,
58226972bf22e7d2c95b,val,애견,T4 구어·문장,q_애견_04,반려동물 용품 파는 곳,생활서비스 중 '애견'을 판매·제공하는 매장,73aebc36-9bcd-40b8-9dcb-80cdb651e6ab,펫장터25 남부시장점,반려동물 관련 사료 간식 용품,양산 남부시장,전통시장,경상남도,3.0,3.0,,,RESOLVED_AGREEMENT,False,3,,,,
02caf1f52c13c5a17007,val,애견,T4 구어·문장,q_애견_04,반려동물 용품 파는 곳,생활서비스 중 '애견'을 판매·제공하는 매장,55fddebf-614b-468a-9aa6-6afd05a7deee,와우펫앤쥬 세종,반려동물 및 용품,나성동 소방청 골목형상점가,골목형상점가,세종특별자치시,3.0,3.0,,,RESOLVED_AGREEMENT,False,3,,,,
ae9c977f609654501924,val,애견,T4 구어·문장,q_애견_04,반려동물 용품 파는 곳,생활서비스 중 '애견'을 판매·제공하는 매장,5689d255-4d19-46dc-846b-f8ced4b95a28,모루뽀 B,반려동물 용품 소매업,덕이동패션1번지,전통시장,경기도,3.0,3.0,,,RESOLVED_AGREEMENT,False,3,,,,
a01dc048cf02808c8f48,val,애견,T4 구어·문장,q_애견_04,반려동물 용품 파는 곳,생활서비스 중 '애견'을 판매·제공하는 매장,7f08c5d3-2c71-4c55-bf81-45ce11f9f144,멍스터,반려동물,봉선1로37번길 골목형상점가,골목형상점가,광주광역시,3.0,3.0,,,RESOLVED_AGREEMENT,False,3,,,,
86ba0dd1a1784c862523,val,애견,T4 구어·문장,q_애견_04,반려동물 용품 파는 곳,생활서비스 중 '애견'을 판매·제공하는 매장,75090ba5-6568-47bd-bcf3-ef20dead9672,어썸독,반려동물용품,화정소담상인회 골목형상점가,골목형상점가,광주광역시,3.0,3.0,,,RESOLVED_AGREEMENT,False,3,,,,
a9a2e93e1ef7f137b8cd,val,애견,T4 구어·문장,q_애견_04,반려동물 용품 파는 곳,생활서비스 중 '애견'을 판매·제공하는 매장,0a7de62f-b294-412c-b700-0642397eca30,다이나핏 김포장기점,"스포츠 의류, 용품",김포장기패션아울렛,골목형상점가,경기도,0.0,0.0,,,RESOLVED_AGREEMENT,False,0,,,,
59832ef1d09ea46976e6,val,애견,T4 구어·문장,q_애견_04,반려동물 용품 파는 곳,생활서비스 중 '애견'을 판매·제공하는 매장,5aa66e6e-d7fa-491b-873d-4c0af5ae5550,도그버디 금호,반려동물 사료 용품,금남시장,전통시장,서울특별시,3.0,3.0,,,RESOLVED_AGREEMENT,False,3,,,,
90e07b23c655259c4b00,val,애견,T4 구어·문장,q_애견_04,반려동물 용품 파는 곳,생활서비스 중 '애견'을 판매·제공하는 매장,50e98eb5-4fdc-4062-9862-2d4428ce10cd,동해생선,생선,팔달신시장,전통시장,대구광역시,0.0,0.0,,,RESOLVED_AGREEMENT,False,0,,,,
608b17ad8b16d8fb0b7d,val,애견,T4 구어·문장,q_애견_04,반려동물 용품 파는 곳,생활서비스 중 '애견'을 판매·제공하는 매장,8694b122-bfef-44f5-b4cc-1af7fcddcb82,벳케어 동물병원,"동물병원 진료, 반려동물 용품, 미용",가좌마을 골목형상점가,골목형상점가,경기도,3.0,3.0,,,RESOLVED_AGREEMENT,False,3,,,,
3654477138fb4a5f8492,val,애견,T4 구어·문장,q_애견_04,반려동물 용품 파는 곳,생활서비스 중 '애견'을 판매·제공하는 매장,f1137aa0-5f00-4a46-919c-75b69ed3729e,해뜰동물병원,반려동물 진료 및 사료판매,보정중심 골목형상점가,골목형상점가,경기도,3.0,3.0,,,RESOLVED_AGREEMENT,False,3,,,,
d852ce3e9dc2a867733f,val,애견,T4 구어·문장,q_애견_04,반려동물 용품 파는 곳,생활서비스 중 '애견'을 판매·제공하는 매장,af7a3be3-df88-4dc9-adaa-a1b4df3bf8b4,멍댕이 애견유치원,반려동물 간식 및 생활용품,학운 골목형상점가,골목형상점가,광주광역시,3.0,3.0,,,RESOLVED_AGREEMENT,False,3,,,,
2fb347100dee574d4005,val,애견,T4 구어·문장,q_애견_04,반려동물 용품 파는 곳,생활서비스 중 '애견'을 판매·제공하는 매장,f4fbb6e6-77cc-4e8e-bd91-5a045bce5030,단소,한정식,고서 골목형상점가,골목형상점가,전라남도,0.0,0.0,,,RESOLVED_AGREEMENT,False,0,,,,
8fd4ff604e113bb270c1,val,애견,T4 구어·문장,q_애견_04,반려동물 용품 파는 곳,생활서비스 중 '애견'을 판매·제공하는 매장,04b11cda-02aa-4ce6-ad9c-c9cd8fde407f,까까뿌숑,애견미용 및 애견용품 판매,효안 골목형상점가,골목형상점가,광주광역시,3.0,3.0,,,RESOLVED_AGREEMENT,False,3,,,,
015f5865333b3295cd8b,val,애견,T4 구어·문장,q_애견_04,반려동물 용품 파는 곳,생활서비스 중 '애견'을 판매·제공하는 매장,191c5379-0548-40a9-acc1-0863f90288aa,딜리얌,반려동물,상무오월로상인회 골목형상점가,골목형상점가,광주광역시,3.0,3.0,,,RESOLVED_AGREEMENT,False,3,,,,
8659f24857d6d1b6ac7e,val,애견,T4 구어·문장,q_애견_04,반려동물 용품 파는 곳,생활서비스 중 '애견'을 판매·제공하는 매장,cf4a16c8-d3bb-46ad-a088-c5f7776a47d3,. (유) 장성수산,수산물,가락몰골목형상점가,골목형상점가,서울특별시,0.0,0.0,,,RESOLVED_AGREEMENT,False,0,,,,
becbaa1f2454ce8c67a8,val,애견,T4 구어·문장,q_애견_04,반려동물 용품 파는 곳,생활서비스 중 '애견'을 판매·제공하는 매장,2b5f77c3-e6fb-4a79-a487-a2d973e04993,양지의류,의류,원미종합시장,전통시장,경기도,0.0,0.0,,,RESOLVED_AGREEMENT,False,0,,,,
bfb8f02bd6f1eae9e41e,val,애견,T4 구어·문장,q_애견_04,반려동물 용품 파는 곳,생활서비스 중 '애견'을 판매·제공하는 매장,439757f5-2429-4894-a937-a668be0a2188,미스터 페이머스,반려동물용품,BOCA 보카상점가,골목형상점가,경기도,3.0,3.0,,,RESOLVED_AGREEMENT,False,3,,,,
cd24679b9fadc1dd90c6,val,애견,T4 구어·문장,q_애견_04,반려동물 용품 파는 곳,생활서비스 중 '애견'을 판매·제공하는 매장,0e25b409-580e-4762-858d-f877645348a2,아르멍,반려동물미용,갈매애비뉴 골목형상점가,골목형상점가,경기도,3.0,3.0,,,RESOLVED_AGREEMENT,False,3,,,,
ffded0fd15c9711e823b,val,애견,T4 구어·문장,q_애견_04,반려동물 용품 파는 곳,생활서비스 중 '애견'을 판매·제공하는 매장,b1aa2f60-a061-4cc6-a335-c75e755a0e1b,꼬순내반상회,반려동물위탁,남사한숲 골목형상점가,골목형상점가,경기도,3.0,3.0,,,RESOLVED_AGREEMENT,False,3,,,,
75be10a38a2377b13210,val,애견,T4 구어·문장,q_애견_04,반려동물 용품 파는 곳,생활서비스 중 '애견'을 판매·제공하는 매장,55a536d3-ce98-4a22-9966-7a21b6e97dd5,놀고먹개,반려동물 수제간식 및 기성 제품,봉선1로 골목형상점가,골목형상점가,광주광역시,3.0,3.0,,,RESOLVED_AGREEMENT,False,3,,,,
cdd86c0be0e206dfb917,val,애견,T4 구어·문장,q_애견_04,반려동물 용품 파는 곳,생활서비스 중 '애견'을 판매·제공하는 매장,e56c061d-aca3-468c-b9a0-26902e05398f,둥이네부티크,반려동물용품 외,창원 성원그랜드쇼핑상가,전통시장,경상남도,3.0,3.0,,,RESOLVED_AGREEMENT,False,3,,,,
a18518df4ab429b57de9,val,애견,T4 구어·문장,q_애견_04,반려동물 용품 파는 곳,생활서비스 중 '애견'을 판매·제공하는 매장,3b77896f-b019-41e3-828b-3641a532f4ec,펫아미 용인점,반려동물,BOCA 보카상점가,골목형상점가,경기도,3.0,3.0,,,RESOLVED_AGREEMENT,False,3,,,,
3b5888f6485e770a0596,val,애견,T4 구어·문장,q_애견_04,반려동물 용품 파는 곳,생활서비스 중 '애견'을 판매·제공하는 매장,18d12001-6bd3-4f5b-bde1-ac5c5187baf4,세종아름동물병원,반려동물 진료,아름드리 골목형상점가,골목형상점가,세종특별자치시,3.0,3.0,,,RESOLVED_AGREEMENT,False,3,,,,
1d7977e1dabdbc0bdaf9,val,애견,T4 구어·문장,q_애견_04,반려동물 용품 파는 곳,생활서비스 중 '애견'을 판매·제공하는 매장,ec5618d5-2f01-49cb-b473-5a3c77901825,나온동물병원,반려동물 용품 의약품,보정중심 골목형상점가,골목형상점가,경기도,3.0,3.0,,,RESOLVED_AGREEMENT,False,3,,,,
e037747f470bb8b49b0d,val,애견,T4 구어·문장,q_애견_04,반려동물 용품 파는 곳,생활서비스 중 '애견'을 판매·제공하는 매장,03f565ef-fdd8-45e5-9a28-6fb932eb52c3,사랑가득동물병원,반려동물 용품,운리공원상인회 골목형상점가,골목형상점가,광주광역시,3.0,3.0,,,RESOLVED_AGREEMENT,False,3,,,,
10da462c9c3643abd98e,val,애견,T4 구어·문장,q_애견_04,반려동물 용품 파는 곳,생활서비스 중 '애견'을 판매·제공하는 매장,ece60837-a0b9-42d0-a60a-d18b5d45e9fd,솜댕,반려동물 수제간식 케이크,쌍촌골상인회 골목형상점가,골목형상점가,광주광역시,3.0,3.0,,,RESOLVED_AGREEMENT,False,3,,,,
5cfcb1f2b2ee7e355a3e,val,애견,T4 구어·문장,q_애견_04,반려동물 용품 파는 곳,생활서비스 중 '애견'을 판매·제공하는 매장,09815d92-d0f0-4c87-b4fa-1194f86c53c0,유성프로스펙스,"스포츠의류, 용품",장대동패션상가 골목형상점가,골목형상점가,대전광역시,0.0,0.0,,,RESOLVED_AGREEMENT,False,0,,,,
c50b293ac113ea5d9640,val,애견,T4 구어·문장,q_애견_04,반려동물 용품 파는 곳,생활서비스 중 '애견'을 판매·제공하는 매장,c024828d-c5b1-47e0-aa2e-961788eb7006,무지개간식,반려동물 수제간식,강릉서부시장,전통시장,강원특별자치도,3.0,3.0,,,RESOLVED_AGREEMENT,False,3,,,,
41f3cf774a9f53720893,val,애견,T4 구어·문장,q_애견_04,반려동물 용품 파는 곳,생활서비스 중 '애견'을 판매·제공하는 매장,31bcb0b9-25e1-4073-aa0d-dfeea634751a,펫114,반려동물용품,신 강남시장,전통시장,인천광역시,3.0,3.0,,,RESOLVED_AGREEMENT,False,3,,,,
576d0028e6117c8c8608,val,애견,T4 구어·문장,q_애견_04,반려동물 용품 파는 곳,생활서비스 중 '애견'을 판매·제공하는 매장,f4c4cb11-fb23-42b2-bcd8-af0e8841399b,펫온느(PET ONNE),반려동물 미용 및 용품 소매업,원신흥 골목형상점가,골목형상점가,대전광역시,3.0,3.0,,,RESOLVED_AGREEMENT,False,3,,,,
f518d1fa0bc570b5abd4,val,애견,T4 구어·문장,q_애견_04,반려동물 용품 파는 곳,생활서비스 중 '애견'을 판매·제공하는 매장,a2de35ac-28d6-486e-8df5-398e6fadf65c,예쁘댕,반려동물미용,압촌동 골목형상점가,골목형상점가,광주광역시,3.0,3.0,,,RESOLVED_AGREEMENT,False,3,,,,
17de4d752f69ca7ef3ba,val,애견,T4 구어·문장,q_애견_04,반려동물 용품 파는 곳,생활서비스 중 '애견'을 판매·제공하는 매장,689e2a1f-b57a-4e74-bc55-27782873a448,멍냥의민족 용인한숲시티점,애완동물 및 반려동물 용품,남사한숲 골목형상점가,골목형상점가,경기도,3.0,3.0,,,RESOLVED_AGREEMENT,False,3,,,,
1bcaf2337d44f58dd031,val,애견,T4 구어·문장,q_애견_04,반려동물 용품 파는 곳,생활서비스 중 '애견'을 판매·제공하는 매장,76a3551b-dae4-4326-92cc-662015aedbfb,쉴 곳,한식,칠성로상점가,자율상권구역,제주특별자치도,0.0,0.0,,,RESOLVED_AGREEMENT,False,0,,,,
d53b4d493feda68f1ddd,val,애견,T4 구어·문장,q_애견_04,반려동물 용품 파는 곳,생활서비스 중 '애견'을 판매·제공하는 매장,8aef35ff-949d-46e5-b011-8c4d5356dbf7,폴리파크,반려동물 용품,동림2 골목형상점가,골목형상점가,광주광역시,3.0,3.0,,,RESOLVED_AGREEMENT,False,3,,,,
0c456430f8fac3681ca2,val,애견,T4 구어·문장,q_애견_04,반려동물 용품 파는 곳,생활서비스 중 '애견'을 판매·제공하는 매장,5aee88fc-33f3-4425-809c-93ae4ac7f4f3,스코관리형독서실 블랙관,,귀인동먹거리촌 골목형상점가,골목형상점가,경기도,,0.0,Y,,P0_UNCERTAIN_OR_MISSING,True,,,,,
387adccd41836d575514,val,애견,T4 구어·문장,q_애견_04,반려동물 용품 파는 곳,생활서비스 중 '애견'을 판매·제공하는 매장,17079b43-1f7d-435a-88a1-a6041ade869a,투테일스,반려동물 용품,경동시장,전통시장,서울특별시,3.0,3.0,,,RESOLVED_AGREEMENT,False,3,,,,
19bb95483bf8082473a9,val,애견,T4 구어·문장,q_애견_04,반려동물 용품 파는 곳,생활서비스 중 '애견'을 판매·제공하는 매장,e5ca6cca-209e-4cba-9e6b-036dfe1ac097,조슈아,의류,신창상가,전통시장,부산광역시,0.0,0.0,,,RESOLVED_AGREEMENT,False,0,,,,
2d1710de12d7a5a6bfff,val,애견,T4 구어·문장,q_애견_04,반려동물 용품 파는 곳,생활서비스 중 '애견'을 판매·제공하는 매장,f1dd2836-c790-4ccd-b205-7f6094f01476,묘하다,반려동물 미용 및 위탁서비스,탕정역 지웰시티몰 3단지 골목형상점가,골목형상점가,충청남도,3.0,3.0,,,RESOLVED_AGREEMENT,False,3,,,,
f8e4f2ad49185aa10fb6,val,애견,T4 구어·문장,q_애견_04,반려동물 용품 파는 곳,생활서비스 중 '애견'을 판매·제공하는 매장,e6e32a6f-821f-42f3-bb3c-d456db01442d,다독 스쿨,반려동물 위탁 및 미용업,LC타워거리 골목형상점가,골목형상점가,광주광역시,3.0,3.0,,,RESOLVED_AGREEMENT,False,3,,,,
8a0f6eac0dc8f289f714,val,애견,T4 구어·문장,q_애견_04,반려동물 용품 파는 곳,생활서비스 중 '애견'을 판매·제공하는 매장,39a9260d-516a-40e1-acf7-d8223239db38,개발소,반려동물미용,월드상가골목형상점가,골목형상점가,인천광역시,3.0,3.0,,,RESOLVED_AGREEMENT,False,3,,,,
98c822d636a2712f7bf6,val,애견,T4 구어·문장,q_애견_04,반려동물 용품 파는 곳,생활서비스 중 '애견'을 판매·제공하는 매장,ebd27a6c-a103-4b59-b799-b569a4f359cc,스프링펫 이천점,반려동물용품,이천중앙로상가,자율상권구역,경기도,3.0,3.0,,,RESOLVED_AGREEMENT,False,3,,,,
2ba66b7facf959c1191b,val,애견,T4 구어·문장,q_애견_04,반려동물 용품 파는 곳,생활서비스 중 '애견'을 판매·제공하는 매장,0039e450-aa72-40e4-8495-49c9b99b8216,더 키움동물병원,애견용품,신대지구상가,자율상권구역,전라남도,3.0,3.0,,,RESOLVED_AGREEMENT,False,3,,,,
43c1f6e0c3022931d022,val,애견,T4 구어·문장,q_애견_04,반려동물 용품 파는 곳,생활서비스 중 '애견'을 판매·제공하는 매장,f2ebcd91-aa1e-45d1-ae97-1d694efda10a,펫샵강아지와산책,반려동물용품,태화강국가정원먹거리단지,자율상권구역,울산광역시,3.0,3.0,,,RESOLVED_AGREEMENT,False,3,,,,
9e04bebe9c70a97a4925,val,애견,T4 구어·문장,q_애견_04,반려동물 용품 파는 곳,생활서비스 중 '애견'을 판매·제공하는 매장,04003b1d-5ec1-4e69-a825-57c808dee19b,무드 그루밍(Mood Grooming,동물미용 애견용품,고성동벚꽃 골목형상점가,골목형상점가,대구광역시,3.0,3.0,,,RESOLVED_AGREEMENT,False,3,,,,
71b861601b1b76473de8,val,애견,T4 구어·문장,q_애견_04,반려동물 용품 파는 곳,생활서비스 중 '애견'을 판매·제공하는 매장,9195ec1b-2ad4-42d6-9c77-a928d177ecf5,파밀리에드마스코타 천안두정점,반려동물,두정로 두정상가길 골목형상점가,골목형상점가,충청남도,3.0,3.0,,,RESOLVED_AGREEMENT,False,3,,,,
1406bdf6f6f09e53da64,val,애견,T4 구어·문장,q_애견_04,반려동물 용품 파는 곳,생활서비스 중 '애견'을 판매·제공하는 매장,11cd1c46-68d6-44f2-823a-c34949e9df6e,치유동물병원,반려동물 치료,장덕투게더 골목형상점가,골목형상점가,광주광역시,3.0,3.0,,,RESOLVED_AGREEMENT,False,3,,,,
4ed2c8d3abac9c919146,val,애견,T4 구어·문장,q_애견_04,반려동물 용품 파는 곳,생활서비스 중 '애견'을 판매·제공하는 매장,cbbbbe61-a3d1-431d-a026-e725f4bb9dc7,일등과일,과일,용현시장,전통시장,인천광역시,0.0,0.0,,,RESOLVED_AGREEMENT,False,0,,,,
1e5b186376bb0a3bfd0a,val,애견,T4 구어·문장,q_애견_04,반려동물 용품 파는 곳,생활서비스 중 '애견'을 판매·제공하는 매장,b6b63d9c-1c34-4ace-975f-323ac87bce69,강아지그림,반려동물 미용,성복 온누리 골목형상점가,골목형상점가,경기도,3.0,3.0,,,RESOLVED_AGREEMENT,False,3,,,,
4625e69269cb807a1812,val,애견,T4 구어·문장,q_애견_04,반려동물 용품 파는 곳,생활서비스 중 '애견'을 판매·제공하는 매장,7ea4cbae-d862-4b68-b36c-cb554d615364,견상낙원,반려동물위탁,나주혁신도시 골목형상점가,골목형상점가,전라남도,3.0,3.0,,,RESOLVED_AGREEMENT,False,3,,,,
3b296cc79d60b9567811,val,애견,T4 구어·문장,q_애견_04,반려동물 용품 파는 곳,생활서비스 중 '애견'을 판매·제공하는 매장,701c3e8f-7e1e-4e73-b952-7d7d8700e941,핑즈데이,반려동물용품,구미공단종합시장,전통시장,경상북도,3.0,3.0,,,RESOLVED_AGREEMENT,False,3,,,,
c25ea83c5231be66bd5b,val,애견,T4 구어·문장,q_애견_04,반려동물 용품 파는 곳,생활서비스 중 '애견'을 판매·제공하는 매장,56db8344-9ee8-4fa1-9a6c-34e6a167f743,멍타주,반려동물미용,염주상인회 골목형상점가,골목형상점가,광주광역시,3.0,3.0,,,RESOLVED_AGREEMENT,False,3,,,,
1b09b5bb0b502877464d,val,애견,T4 구어·문장,q_애견_04,반려동물 용품 파는 곳,생활서비스 중 '애견'을 판매·제공하는 매장,5a65a6e3-dfb0-46ad-ba77-80b079a01889,스파클 비,반려동물 미용업 및 소매업,전남대 상대 골목형상점가,골목형상점가,광주광역시,3.0,3.0,,,RESOLVED_AGREEMENT,False,3,,,,
d1b7728264ddcf7fb5b0,val,애견,T4 구어·문장,q_애견_04,반려동물 용품 파는 곳,생활서비스 중 '애견'을 판매·제공하는 매장,068d3f51-a4d4-4314-9882-6d61389ff931,wallu,애견용품,분당우성시장,전통시장,경기도,3.0,3.0,,,RESOLVED_AGREEMENT,False,3,,,,
7f4ba95339ed4f30649f,val,애견,T4 구어·문장,q_애견_04,반려동물 용품 파는 곳,생활서비스 중 '애견'을 판매·제공하는 매장,caee3bfa-e534-422b-9b21-d02cc0d7ea1c,리본동물병원,반려동물 진료,화정한울타리상인회 골목형상점가,골목형상점가,광주광역시,3.0,3.0,,,RESOLVED_AGREEMENT,False,3,,,,
9c83b0a96ab779c773fa,val,애견,T4 구어·문장,q_애견_04,반려동물 용품 파는 곳,생활서비스 중 '애견'을 판매·제공하는 매장,3473d0b5-40a0-46e2-a0ab-d4f69cc0a634,멍마루 애견샵,반려동물용품,전평제상인회 골목형상점가,골목형상점가,광주광역시,3.0,3.0,,,RESOLVED_AGREEMENT,False,3,,,,
de9dbc530bdf5fcc5b43,val,애견,T4 구어·문장,q_애견_04,반려동물 용품 파는 곳,생활서비스 중 '애견'을 판매·제공하는 매장,0d753046-7eb1-4915-9c50-1e735acf1c1d,버블퍼피,"애견간식, 용품",왕십리무학봉상점가,자율상권구역,서울특별시,3.0,3.0,,,RESOLVED_AGREEMENT,False,3,,,,
7d60d27dd30cfa73c75e,val,애견,T4 구어·문장,q_애견_04,반려동물 용품 파는 곳,생활서비스 중 '애견'을 판매·제공하는 매장,d0b6fa86-38e0-4be5-9af6-f92c755e6753,도그마캣다산점,반려동물용품,다산역 로데오 상점가,자율상권구역,경기도,3.0,3.0,,,RESOLVED_AGREEMENT,False,3,,,,
0db70b70551d8afb5084,val,애견,T4 구어·문장,q_애견_04,반려동물 용품 파는 곳,생활서비스 중 '애견'을 판매·제공하는 매장,3a2bd96f-e997-45d5-b5d1-75ae0651ea5d,상무동물병원,반려동물 질환예방 검사 치료,상무중앙상인회 골목형상점가,골목형상점가,광주광역시,3.0,3.0,,,RESOLVED_AGREEMENT,False,3,,,,
6ca4067cbea237cc5080,val,애견,T4 구어·문장,q_애견_04,반려동물 용품 파는 곳,생활서비스 중 '애견'을 판매·제공하는 매장,db56cc53-febe-4065-938d-12fb2fd11f77,위글리펫 용봉점,반려동물용품,용봉지구 골목형상점가,골목형상점가,광주광역시,3.0,3.0,,,RESOLVED_AGREEMENT,False,3,,,,
3fb18444110f992fb126,val,애견,T4 구어·문장,q_애견_04,반려동물 용품 파는 곳,생활서비스 중 '애견'을 판매·제공하는 매장,0eaecef3-d748-4ddb-9179-6df06f823b53,하나카 동물병원,"반려동물 진료, 반려동물 사료, 반려동물 영양제, 반려동물 간식",역삼동 골목형상점가,골목형상점가,서울특별시,3.0,3.0,,,RESOLVED_AGREEMENT,False,3,,,,
3b260087fe148f7e2027,val,애견,T4 구어·문장,q_애견_04,반려동물 용품 파는 곳,생활서비스 중 '애견'을 판매·제공하는 매장,55c98f74-83a2-4ba4-a591-585878262d7c,폴리파크칠곡점,반려동물 용품,태전패션거리 골목형상점가,골목형상점가,대구광역시,3.0,3.0,,,RESOLVED_AGREEMENT,False,3,,,,
fb70d1c1416ccbb95cbe,val,야채,T4 구어·문장,q_야채_01,김장 재료 사는 곳,식료품 중 '야채'를 판매·제공하는 매장,d3c33cb5-f0a5-40ba-93d6-5e94ef9b9034,네일아이,뷰티재료,향촌 상가 골목형상점가,골목형상점가,대전광역시,0.0,0.0,,,RESOLVED_AGREEMENT,False,0,,,,
b8f5f675ae232d3414fa,val,야채,T4 구어·문장,q_야채_01,김장 재료 사는 곳,식료품 중 '야채'를 판매·제공하는 매장,01b4b567-78d4-4fa1-9bff-25fd01fb1a4c,소문난김치집,김치,중앙먹거리 상인회 골목형상점가,골목형상점가,전라남도,3.0,0.0,,,P1_BINARY_THRESHOLD,True,,,,,
b6c845b9b4f05e64d642,val,야채,T4 구어·문장,q_야채_01,김장 재료 사는 곳,식료품 중 '야채'를 판매·제공하는 매장,007fd232-3c16-44ff-be59-cf265f3775e9,동문상회,채소버섯,팔달신시장,전통시장,대구광역시,3.0,3.0,,,RESOLVED_AGREEMENT,False,3,,,,
db5a4a13ea8d0bc72cfc,val,야채,T4 구어·문장,q_야채_01,김장 재료 사는 곳,식료품 중 '야채'를 판매·제공하는 매장,008d1ed4-a5d7-492e-9959-f8307a68cc5f,샐러드 정원,"샐러드, 샌드위치",미성동도깨비시장,골목형상점가,서울특별시,1.0,0.0,,,P2_GRADED_ONLY,True,,,,,
851ac05e22717b88d4bb,val,야채,T4 구어·문장,q_야채_01,김장 재료 사는 곳,식료품 중 '야채'를 판매·제공하는 매장,0e23eefc-8b2f-449a-b023-eb695697627a,한독사,사진재료,을지로지하보도쇼핑센터,일반지하상점가,서울특별시,0.0,0.0,,,RESOLVED_AGREEMENT,False,0,,,,
527bf0bafe8d6d0b38ec,val,야채,T4 구어·문장,q_야채_01,김장 재료 사는 곳,식료품 중 '야채'를 판매·제공하는 매장,03a6e716-3825-40e3-ba06-e047ee5e5483,부일반찬,김치,초량전통시장,전통시장,부산광역시,3.0,1.0,,,P1_BINARY_THRESHOLD,True,,,,,
18b944d520c70fe3b9a7,val,야채,T4 구어·문장,q_야채_01,김장 재료 사는 곳,식료품 중 '야채'를 판매·제공하는 매장,00b6e321-5954-437c-b1d9-94fded29f67e,웰빙마트,식품,서남신시장,전통시장,대구광역시,1.0,1.0,,,RESOLVED_AGREEMENT,False,1,,,,
847e4dd25917522a3c46,val,야채,T4 구어·문장,q_야채_01,김장 재료 사는 곳,식료품 중 '야채'를 판매·제공하는 매장,dbf6aed1-878e-47e4-bb4e-227dae066aee,서문돈가스,커피재료,서문시장2지구 종합상가,전통시장,대구광역시,0.0,0.0,,,RESOLVED_AGREEMENT,False,0,,,,
4196564f981ea3738563,val,야채,T4 구어·문장,q_야채_01,김장 재료 사는 곳,식료품 중 '야채'를 판매·제공하는 매장,6aedac15-6b55-49cb-8f50-590f972e7a24,현대미용재료,이미용재료,북구빛나는 골목형상점가,골목형상점가,광주광역시,0.0,0.0,,,RESOLVED_AGREEMENT,False,0,,,,
e6a1606208b559d1d3b7,val,야채,T4 구어·문장,q_야채_01,김장 재료 사는 곳,식료품 중 '야채'를 판매·제공하는 매장,60f84ce7-bf2c-4d16-b937-3c87ed720e18,김언니,미용재료,창원 성원그랜드쇼핑상가,전통시장,경상남도,0.0,0.0,,,RESOLVED_AGREEMENT,False,0,,,,
9efea994bd13a17ac29e,val,야채,T4 구어·문장,q_야채_01,김장 재료 사는 곳,식료품 중 '야채'를 판매·제공하는 매장,21da806a-cb2a-4563-8f76-437bd0dea9b1,태양미용재료,미용재료,법원단지길골목형상점가,골목형상점가,서울특별시,0.0,0.0,,,RESOLVED_AGREEMENT,False,0,,,,
49056f98c36159bd737d,val,야채,T4 구어·문장,q_야채_01,김장 재료 사는 곳,식료품 중 '야채'를 판매·제공하는 매장,014072fb-b412-4fb3-a663-31dbf80e44a6,매일상회,"야채, 과일",고산미소시장(고산시장),전통시장,전북특별자치도,3.0,3.0,,,RESOLVED_AGREEMENT,False,3,,,,
06a1ad45b2d4a8a0195b,val,야채,T4 구어·문장,q_야채_01,김장 재료 사는 곳,식료품 중 '야채'를 판매·제공하는 매장,21baeb5f-1864-45c2-ba1d-1c19b18deae7,김장훈탁구클럽,탁구장,송죽솔대 골목형상점가,골목형상점가,경기도,0.0,3.0,,,P1_BINARY_THRESHOLD,True,,,,,
c150a4379d2c87ae939d,val,야채,T4 구어·문장,q_야채_01,김장 재료 사는 곳,식료품 중 '야채'를 판매·제공하는 매장,95f0514c-d29e-480f-8a9d-8147b90d7e1f,광주전기,전기자재 재료,양동산업용품시장,전통시장,광주광역시,0.0,0.0,,,RESOLVED_AGREEMENT,False,0,,,,
3852caf848bf86a2e557,val,야채,T4 구어·문장,q_야채_01,김장 재료 사는 곳,식료품 중 '야채'를 판매·제공하는 매장,c8a8b296-c5d1-4762-b3c8-e9dd4ce3a31c,조아 미용재료 할인매장,"화장품, 미용재료",도깨비시장,전통시장,전라남도,0.0,0.0,,,RESOLVED_AGREEMENT,False,0,,,,
08f2db93c59b201ae333,val,야채,T4 구어·문장,q_야채_01,김장 재료 사는 곳,식료품 중 '야채'를 판매·제공하는 매장,983df8f7-5865-4412-a631-d963bb6a0ba5,동하시계재료상,시계재료,골드테마거리,전통시장,부산광역시,0.0,0.0,,,RESOLVED_AGREEMENT,False,0,,,,
e970de1e19beb4f238af,val,야채,T4 구어·문장,q_야채_01,김장 재료 사는 곳,식료품 중 '야채'를 판매·제공하는 매장,9c4f4673-08f2-446f-b39c-dce129d71b95,태사랑,미용재료,수완이지더원 골목형상점가,골목형상점가,광주광역시,0.0,0.0,,,RESOLVED_AGREEMENT,False,0,,,,
423d031a5e59c52f11ee,val,야채,T4 구어·문장,q_야채_01,김장 재료 사는 곳,식료품 중 '야채'를 판매·제공하는 매장,e3db0a71-02ee-4f3f-93dd-8521833f68c0,제일전기,"전기재료, 전자재료",전자의거리 상점가,자율상권구역,광주광역시,0.0,0.0,,,RESOLVED_AGREEMENT,False,0,,,,
6aa258a376e559663aa1,val,야채,T4 구어·문장,q_야채_01,김장 재료 사는 곳,식료품 중 '야채'를 판매·제공하는 매장,842f6cf1-6411-4f4b-be23-746d79e31656,섬곳,한식,플레이사계 지오단길 골목형상점가,골목형상점가,제주특별자치도,0.0,0.0,,,RESOLVED_AGREEMENT,False,0,,,,
487e2e68dc7d10623cee,val,야채,T4 구어·문장,q_야채_01,김장 재료 사는 곳,식료품 중 '야채'를 판매·제공하는 매장,006601da-192a-4275-90bf-aa320c79ea9f,바이럽,샐러드,현풍백년도깨비시장,전통시장,대구광역시,1.0,0.0,,,P2_GRADED_ONLY,True,,,,,
9bd2ed3d2539dc184189,val,야채,T4 구어·문장,q_야채_01,김장 재료 사는 곳,식료품 중 '야채'를 판매·제공하는 매장,005313c8-dce8-49b6-9841-9143ebb1305a,동원떡집,,박달시장,전통시장,경기도,0.0,0.0,,,RESOLVED_AGREEMENT,False,0,,,,
4f1b538b7f37e3953b87,val,야채,T4 구어·문장,q_야채_01,김장 재료 사는 곳,식료품 중 '야채'를 판매·제공하는 매장,76a17754-7989-4dcd-9df3-7757948bb93a,크라운가발,"가발, 미용 재료",종로신백제 골목형상점가,골목형상점가,서울특별시,0.0,0.0,,,RESOLVED_AGREEMENT,False,0,,,,
e45f9908519c334d4c4a,val,야채,T4 구어·문장,q_야채_01,김장 재료 사는 곳,식료품 중 '야채'를 판매·제공하는 매장,016f8113-22a7-4ef1-a80f-0562dd2a06e9,동이식품,"식품, 농산물",중앙신시장,전통시장,경상북도,3.0,3.0,,,RESOLVED_AGREEMENT,False,3,,,,
50eaaa95e9bfcf4f959a,val,야채,T4 구어·문장,q_야채_01,김장 재료 사는 곳,식료품 중 '야채'를 판매·제공하는 매장,06261986-3eba-4244-b63f-397460d82f4a,이곳,미용,나주혁신도시 골목형상점가,골목형상점가,전라남도,0.0,0.0,,,RESOLVED_AGREEMENT,False,0,,,,
a7cb10beb238e415c492,val,야채,T4 구어·문장,q_야채_01,김장 재료 사는 곳,식료품 중 '야채'를 판매·제공하는 매장,008d4156-e489-4d1f-9205-b541972d35a8,과일왕,과일 잡화 야채 먹거리,연제동 골목형상점가,골목형상점가,광주광역시,3.0,3.0,,,RESOLVED_AGREEMENT,False,3,,,,
467b8f5d1b41b012802f,val,야채,T4 구어·문장,q_야채_01,김장 재료 사는 곳,식료품 중 '야채'를 판매·제공하는 매장,33deeb9a-462e-4a0d-89c8-e934b6ff868a,비즈마트,"비즈공예 재료, 잡화공예 재료, 잡화",부산진시장,전통시장,부산광역시,0.0,1.0,,,P2_GRADED_ONLY,True,,,,,
c390d250eb7250ab8e20,val,야채,T4 구어·문장,q_야채_01,김장 재료 사는 곳,식료품 중 '야채'를 판매·제공하는 매장,00344d24-5aaa-4dc7-ba51-3c041c147576,고향뜰영농조합법인,농산물,양산 북부시장,전통시장,경상남도,3.0,3.0,,,RESOLVED_AGREEMENT,False,3,,,,
759ed50656799cfd0d0f,val,야채,T4 구어·문장,q_야채_01,김장 재료 사는 곳,식료품 중 '야채'를 판매·제공하는 매장,076c2026-6346-41fb-86ac-9f56373e36e7,미용재료,미용재료,운수대통 골목형상점가,골목형상점가,광주광역시,0.0,0.0,,,RESOLVED_AGREEMENT,False,0,,,,
a01c9fd74bac8fed1842,val,야채,T4 구어·문장,q_야채_01,김장 재료 사는 곳,식료품 중 '야채'를 판매·제공하는 매장,3e00ff42-7bec-42ed-9400-a3eaf47f65a3,난타5000피자,피자,우산동빛고을 골목형상점가,골목형상점가,광주광역시,0.0,0.0,,,RESOLVED_AGREEMENT,False,0,,,,
ebc94d9f9834e887d94b,val,야채,T4 구어·문장,q_야채_01,김장 재료 사는 곳,식료품 중 '야채'를 판매·제공하는 매장,1cbd487f-376c-45ce-b8e5-5d1989880e90,친구미용재료,화장품미용재료,정훈한마음골목시장,골목형상점가,서울특별시,0.0,0.0,,,RESOLVED_AGREEMENT,False,0,,,,
4e8052703b5482204360,val,야채,T4 구어·문장,q_야채_01,김장 재료 사는 곳,식료품 중 '야채'를 판매·제공하는 매장,000a244a-1e28-40b7-8d55-d5b1055f12d2,진해상회,채소,마산어시장,전통시장,경상남도,3.0,3.0,,,RESOLVED_AGREEMENT,False,3,,,,
978aa786734362687be7,val,야채,T4 구어·문장,q_야채_01,김장 재료 사는 곳,식료품 중 '야채'를 판매·제공하는 매장,00045dfc-0681-4fb3-8265-33b3df14c289,한라농산,과일,황지시장상점가,자율상권구역,강원특별자치도,1.0,2.0,,,P1_BINARY_THRESHOLD,True,,,,,
17eddc6f139847e5eb4d,val,야채,T4 구어·문장,q_야채_01,김장 재료 사는 곳,식료품 중 '야채'를 판매·제공하는 매장,014b06bd-3fa3-4cde-b459-e62ca64c33aa,조은식품,채소,하양꿈바우시장,전통시장,경상북도,3.0,3.0,,,RESOLVED_AGREEMENT,False,3,,,,
cc5b2ba0f31ad658a148,val,야채,T4 구어·문장,q_야채_01,김장 재료 사는 곳,식료품 중 '야채'를 판매·제공하는 매장,6883de60-d84e-4586-821c-b4c086bc072f,온가족연합치과의원,치과의료,구미 골드타워 골목형상점가,골목형상점가,경상북도,0.0,0.0,,,RESOLVED_AGREEMENT,False,0,,,,
d363e333c05b19e7bb46,val,야채,T4 구어·문장,q_야채_01,김장 재료 사는 곳,식료품 중 '야채'를 판매·제공하는 매장,8c7f3851-c515-49dd-b634-6c56b5124fd9,미용재료 신화사,미용재료,늘해랑상인회 골목형상점가,골목형상점가,광주광역시,0.0,0.0,,,RESOLVED_AGREEMENT,False,0,,,,
f51fb9be82d6c1840828,val,야채,T4 구어·문장,q_야채_01,김장 재료 사는 곳,식료품 중 '야채'를 판매·제공하는 매장,15578c36-25cb-47c6-b623-02d015391845,서가네쌈밥,쌈밥,면곡시장 골목형상점가,골목형상점가,서울특별시,0.0,0.0,,,RESOLVED_AGREEMENT,False,0,,,,
a3d2df697bb7b4715135,val,야채,T4 구어·문장,q_야채_01,김장 재료 사는 곳,식료품 중 '야채'를 판매·제공하는 매장,b1bec4f4-c1f7-457d-92e3-641cd9293d0f,향수,화장품,주안시민지하도상점가,일반지하상점가,인천광역시,0.0,0.0,,,RESOLVED_AGREEMENT,False,0,,,,
8f57ff62a2c7906792ae,val,야채,T4 구어·문장,q_야채_01,김장 재료 사는 곳,식료품 중 '야채'를 판매·제공하는 매장,0bb60d5b-010b-4585-8554-3f1cfa178dad,재료식품,식품판매,제일시장,전통시장,인천광역시,1.0,0.0,,,P2_GRADED_ONLY,True,,,,,
787aca920b27bc01e204,val,야채,T4 구어·문장,q_야채_01,김장 재료 사는 곳,식료품 중 '야채'를 판매·제공하는 매장,0097b3e2-b5cf-4050-b719-c9d7738067c0,시흥상회,"소매(야채,과일)",광명전통시장,전통시장,경기도,3.0,3.0,,,RESOLVED_AGREEMENT,False,3,,,,
ee1e035ef2ea92fbb44a,val,야채,T4 구어·문장,q_야채_01,김장 재료 사는 곳,식료품 중 '야채'를 판매·제공하는 매장,651fdedf-3aee-45ec-960d-32905651fb97,동천희망소아과,소아과,동천동먹자골목1번가상인회 골목형상점가,골목형상점가,광주광역시,0.0,0.0,,,RESOLVED_AGREEMENT,False,0,,,,
055b48320ef0ebb505f5,val,야채,T4 구어·문장,q_야채_01,김장 재료 사는 곳,식료품 중 '야채'를 판매·제공하는 매장,0b5c17ef-296e-482e-972d-5193fb2c9c18,대보유통,호두과자 재료,칠성전자주방시장,전통시장,대구광역시,0.0,0.0,,,RESOLVED_AGREEMENT,False,0,,,,
44a40830dcd12cec816d,val,야채,T4 구어·문장,q_야채_01,김장 재료 사는 곳,식료품 중 '야채'를 판매·제공하는 매장,24456103-f6b8-46af-8655-82e61d7265d8,커피가 머무르는 곳,커피,반드레길골목형상점가,골목형상점가,서울특별시,0.0,3.0,,,P1_BINARY_THRESHOLD,True,,,,,
31f342c8983a3d59ac7f,val,야채,T4 구어·문장,q_야채_01,김장 재료 사는 곳,식료품 중 '야채'를 판매·제공하는 매장,0b973800-4c5a-41e7-b5ef-049f3471b323,김장날솥뚜껑삼겹살(수완점),삼겹살,수완머그로 골목형상점가,골목형상점가,광주광역시,0.0,3.0,,,P1_BINARY_THRESHOLD,True,,,,,
726d5a1dbf256cbcbd36,val,야채,T4 구어·문장,q_야채_01,김장 재료 사는 곳,식료품 중 '야채'를 판매·제공하는 매장,00c56499-bc90-4ed6-bb66-3802cc762889,의령상회,채소,부전상가시장,전통시장,부산광역시,3.0,3.0,,,RESOLVED_AGREEMENT,False,3,,,,
77cee761d5e1411b4e4b,val,야채,T4 구어·문장,q_야채_01,김장 재료 사는 곳,식료품 중 '야채'를 판매·제공하는 매장,00534c22-4465-442e-95db-66dd08f99320,삼원상회,채소,칠성시장,전통시장,대구광역시,3.0,3.0,,,RESOLVED_AGREEMENT,False,3,,,,
8943aab23dc2772f1ac1,val,야채,T4 구어·문장,q_야채_01,김장 재료 사는 곳,식료품 중 '야채'를 판매·제공하는 매장,ddebf52f-88f3-4b13-b93e-99b3f8ff70f6,주식회사 티우드,"다구, 티매트 및 문화공방 재료 원데이클래스 kit, 티, 티푸드",경동시장,전통시장,서울특별시,0.0,0.0,,,RESOLVED_AGREEMENT,False,0,,,,
ea90e22eca4f7354142b,val,야채,T4 구어·문장,q_야채_01,김장 재료 사는 곳,식료품 중 '야채'를 판매·제공하는 매장,09e5fb7c-d0cc-4720-92df-5a5cece636c7,샐러리아 잠실본점,샐러드,방이시장,전통시장,서울특별시,1.0,0.0,,,P2_GRADED_ONLY,True,,,,,
b5f6a3b771619db293a0,val,야채,T4 구어·문장,q_야채_01,김장 재료 사는 곳,식료품 중 '야채'를 판매·제공하는 매장,015915e3-2542-4245-b627-0c775b4c5501,한내떡집,,거제 고현시장,전통시장,경상남도,0.0,0.0,,,RESOLVED_AGREEMENT,False,0,,,,
3e11fdf65de1f4e20bab,val,야채,T4 구어·문장,q_야채_01,김장 재료 사는 곳,식료품 중 '야채'를 판매·제공하는 매장,76a3551b-dae4-4326-92cc-662015aedbfb,쉴 곳,한식,칠성로상점가,자율상권구역,제주특별자치도,0.0,0.0,,,RESOLVED_AGREEMENT,False,0,,,,
d2da60dd5a26c26d60ea,val,야채,T4 구어·문장,q_야채_01,김장 재료 사는 곳,식료품 중 '야채'를 판매·제공하는 매장,19c05c6f-7061-435d-a94b-02c3b6284f23,김장군바지락생칼국수,칼국수,선부광장로상점가,자율상권구역,경기도,0.0,3.0,,,P1_BINARY_THRESHOLD,True,,,,,
1eeccbfb8f8d747cac67,val,야채,T4 구어·문장,q_야채_01,김장 재료 사는 곳,식료품 중 '야채'를 판매·제공하는 매장,04c905ba-3172-4ea4-a6dd-4345d674dea0,덕순이네,제조업(떡집),장터길 골목형상점가,골목형상점가,경기도,0.0,0.0,,,RESOLVED_AGREEMENT,False,0,,,,
25f08ea49370a5a9218b,val,야채,T4 구어·문장,q_야채_01,김장 재료 사는 곳,식료품 중 '야채'를 판매·제공하는 매장,0622e5e4-d762-4378-aeb6-eb6148f9dec6,개도리김치,"김치, 채소, 건어물",나주목사고을시장,전통시장,,3.0,3.0,,,RESOLVED_AGREEMENT,False,3,,,,
f17227d17f26b2b7ceaa,val,야채,T4 구어·문장,q_야채_01,김장 재료 사는 곳,식료품 중 '야채'를 판매·제공하는 매장,62658ac0-cc6b-4547-98cd-539fe286ce39,차밍미용재료,미용재료,창원 지귀시장,전통시장,경상남도,0.0,0.0,,,RESOLVED_AGREEMENT,False,0,,,,
50f84a816fad0ca8d441,val,야채,T4 구어·문장,q_야채_01,김장 재료 사는 곳,식료품 중 '야채'를 판매·제공하는 매장,648c0cd6-bfde-455e-9b92-69511fe8faf2,김장날솥뚜껑삼겹살본점,고기주류,첨단시리단길,골목형상점가,광주광역시,0.0,3.0,,,P1_BINARY_THRESHOLD,True,,,,,
0ab0337243707ae633e3,val,야채,T4 구어·문장,q_야채_01,김장 재료 사는 곳,식료품 중 '야채'를 판매·제공하는 매장,9f1272b6-97c4-4d17-9025-b4e5e3ae5dcf,하나미용재료,미용재료,춘천지하상가,일반지하상점가,강원특별자치도,0.0,0.0,,,RESOLVED_AGREEMENT,False,0,,,,
acd098c635f31a791f06,val,야채,T4 구어·문장,q_야채_01,김장 재료 사는 곳,식료품 중 '야채'를 판매·제공하는 매장,0042e83d-930b-4d1d-a96f-f1a2691256cd,성화상회,과일,대구능금시장,전통시장,대구광역시,1.0,2.0,,,P1_BINARY_THRESHOLD,True,,,,,
255e8288b2da6c5a3f18,val,야채,T4 구어·문장,q_야채_01,김장 재료 사는 곳,식료품 중 '야채'를 판매·제공하는 매장,0045f871-6f40-4361-bcdd-2b94bf597287,무파장터,야채 청과물,신금정시장 골목형 상점가,골목형상점가,부산광역시,3.0,3.0,,,RESOLVED_AGREEMENT,False,3,,,,
e8b0f76c3badfecb4235,val,야채,T4 구어·문장,q_야채_01,김장 재료 사는 곳,식료품 중 '야채'를 판매·제공하는 매장,05530d0f-82ed-47a1-8015-32b6c30e3752,진수산삼다식품,"젓갈류, 김치, 수산물",동문재래시장,전통시장,제주특별자치도,3.0,0.0,,,P1_BINARY_THRESHOLD,True,,,,,
dbabc5e668e2ea7dc41f,val,야채,T4 구어·문장,q_야채_01,김장 재료 사는 곳,식료품 중 '야채'를 판매·제공하는 매장,009be3cd-7c52-41e4-91fc-c377ddfa78c0,언양시장야채,야채,언양알프스시장,전통시장,울산광역시,3.0,3.0,,,RESOLVED_AGREEMENT,False,3,,,,
0d63015619f6e2ff7749,val,야채,T4 구어·문장,q_야채_01,김장 재료 사는 곳,식료품 중 '야채'를 판매·제공하는 매장,cf40fc63-d820-47ef-bbe8-407d69fdb87c,옛날팥죽재료,식재료,송정5일시장,전통시장,광주광역시,0.0,0.0,,,RESOLVED_AGREEMENT,False,0,,,,
7015be78039dd331c79b,val,야채,T4 구어·문장,q_야채_01,김장 재료 사는 곳,식료품 중 '야채'를 판매·제공하는 매장,ed2d6c9f-62fa-468b-ae9c-200d5a3750c4,거상자원,재생용 재료,심곡복개천 상점가,자율상권구역,경기도,0.0,0.0,,,RESOLVED_AGREEMENT,False,0,,,,
a5e0b1347ad829e9a099,val,야채,T4 구어·문장,q_야채_01,김장 재료 사는 곳,식료품 중 '야채'를 판매·제공하는 매장,b3c87b9d-558e-4696-a4fb-91f70bcc5833,정호당필방,문방사우 한국화 및 불화 재료,제2경주중심상가시장(경주봉황중심상가시장),전통시장,경상북도,0.0,0.0,,,RESOLVED_AGREEMENT,False,0,,,,
1a02ed12d3c9864730b4,val,야채,T4 구어·문장,q_야채_01,김장 재료 사는 곳,식료품 중 '야채'를 판매·제공하는 매장,04d03ba4-c391-4055-b1aa-737a5bd89e16,에투알미용재료,,복수동 골목형상점가,골목형상점가,대전광역시,0.0,0.0,,,RESOLVED_AGREEMENT,False,0,,,,
21a58d0807314cbb53f8,val,야채,T4 구어·문장,q_야채_01,김장 재료 사는 곳,식료품 중 '야채'를 판매·제공하는 매장,00818eab-32ca-497e-ad5c-1c301a7ea4c9,13번상회,채소,마산 동마산시장,전통시장,경상남도,3.0,3.0,,,RESOLVED_AGREEMENT,False,3,,,,
3383846f559925064add,val,야채,T4 구어·문장,q_야채_01,김장 재료 사는 곳,식료품 중 '야채'를 판매·제공하는 매장,00468e6b-39c6-4ce1-a534-a6b1eecac01d,태양농산물,과일,정릉서경대길골목형상점가(정릉골),골목형상점가,서울특별시,2.0,3.0,,,P2_GRADED_ONLY,True,,,,,
daaf2705b387b2156387,val,야채,T4 구어·문장,q_야채_01,김장 재료 사는 곳,식료품 중 '야채'를 판매·제공하는 매장,000527f2-442a-4dd1-9bfc-8a8cd9fd5410,(유)뉴현대상회,농산물,가락몰골목형상점가,골목형상점가,서울특별시,3.0,3.0,,,RESOLVED_AGREEMENT,False,3,,,,
718ca7a172131b85b936,val,야채,T4 구어·문장,q_야채_01,김장 재료 사는 곳,식료품 중 '야채'를 판매·제공하는 매장,56db4778-14ee-4046-a171-821fc0e3f8ce,산수쌈밥,쌈밥,전남여고후문 골목형상점가,골목형상점가,광주광역시,0.0,0.0,,,RESOLVED_AGREEMENT,False,0,,,,
7a6f1f95cd80bb811701,val,야채,T4 구어·문장,q_야채_01,김장 재료 사는 곳,식료품 중 '야채'를 판매·제공하는 매장,ee31f512-0edb-4734-ba2d-3001e8a17eea,남광주 생활용품,"가전제품, 식품잡화",남광주시장,전통시장,광주광역시,1.0,0.0,,,P2_GRADED_ONLY,True,,,,,
8f50fc6383cc1195dbf3,val,야채,T4 구어·문장,q_야채_01,김장 재료 사는 곳,식료품 중 '야채'를 판매·제공하는 매장,e6413f90-c17f-4343-babf-434aaf1bf641,베이킹데이,제과제빵 재료,임동 골목형상점가,골목형상점가,광주광역시,0.0,0.0,,,RESOLVED_AGREEMENT,False,0,,,,
2d2351015c736a69438b,val,야채,T4 구어·문장,q_야채_01,김장 재료 사는 곳,식료품 중 '야채'를 판매·제공하는 매장,6c9b7dc3-efb7-4f6d-ac64-a44dd6f25d64,다온미용재료,미용재료,용봉우치로 골목형상점가,골목형상점가,광주광역시,0.0,0.0,,,RESOLVED_AGREEMENT,False,0,,,,
9b35f501c376cda986f7,val,야채,T4 구어·문장,q_야채_01,김장 재료 사는 곳,식료품 중 '야채'를 판매·제공하는 매장,0533a201-3b07-4029-8158-c4d2ad17c7bf,텃밭쌈밥,쌈밥,역전시장,전통시장,충청남도,0.0,0.0,,,RESOLVED_AGREEMENT,False,0,,,,
cd99846128b779928b56,val,야채,T4 구어·문장,q_야채_01,김장 재료 사는 곳,식료품 중 '야채'를 판매·제공하는 매장,7c0684cf-fdab-4542-8b11-b74aa866982e,아이리스캔들,디퓨저 향수 캔들 재료,방산종합시장,전통시장,서울특별시,0.0,0.0,,,RESOLVED_AGREEMENT,False,0,,,,
1f3dd0c31dc6a01d3d37,val,야채,T4 구어·문장,q_야채_01,김장 재료 사는 곳,식료품 중 '야채'를 판매·제공하는 매장,12bac5de-59a7-472a-946b-5e38694a5648,한옥촌,쌈밥,전농배봉산맛집거리골목형상점가,골목형상점가,서울특별시,0.0,0.0,,,RESOLVED_AGREEMENT,False,0,,,,
0515f3c8d18e2c212bc9,val,야채,T4 구어·문장,q_야채_01,김장 재료 사는 곳,식료품 중 '야채'를 판매·제공하는 매장,0d03120b-cf60-49f4-86c9-1821e5606c9d,꼼지락,"수공업, 재료판매",논산화지중앙시장,전통시장,충청남도,0.0,0.0,,,RESOLVED_AGREEMENT,False,0,,,,
197588a82d006464197d,val,야채,T4 구어·문장,q_야채_01,김장 재료 사는 곳,식료품 중 '야채'를 판매·제공하는 매장,00e92856-b294-4032-8540-d60e9817f2d8,럭키약국,"의약품, 건강기능식품, 식품",충무로골목형상점가,골목형상점가,서울특별시,1.0,0.0,,,P2_GRADED_ONLY,True,,,,,
1297e1025a8843e3e1ad,val,야채,T4 구어·문장,q_야채_01,김장 재료 사는 곳,식료품 중 '야채'를 판매·제공하는 매장,01f160fc-531c-4191-aa22-453462e0f38a,천년,김치,오정동상점가,자율상권구역,대전광역시,3.0,0.0,,,P1_BINARY_THRESHOLD,True,,,,,
fb5aad4734f1f9e1fca6,val,야채,T4 구어·문장,q_야채_01,김장 재료 사는 곳,식료품 중 '야채'를 판매·제공하는 매장,00891fcf-925f-4b76-bc26-179798787b48,정우상회,농산물,경동시장,전통시장,서울특별시,3.0,3.0,,,RESOLVED_AGREEMENT,False,3,,,,
78d6b69fa6ff24f4a87a,val,야채,T4 구어·문장,q_야채_01,김장 재료 사는 곳,식료품 중 '야채'를 판매·제공하는 매장,06f191fb-14b4-4d51-8efb-39d44343f1a7,유한회사 바르메이드,샐러드,상무시청상인회 골목형상점가,골목형상점가,광주광역시,1.0,0.0,,,P2_GRADED_ONLY,True,,,,,
cbf7b25df91c1d2778a9,val,야채,T4 구어·문장,q_야채_01,김장 재료 사는 곳,식료품 중 '야채'를 판매·제공하는 매장,008b2657-018e-4d46-b0b0-a173aee3f37a,대원상회,농산물,대구능금시장,전통시장,대구광역시,3.0,3.0,,,RESOLVED_AGREEMENT,False,3,,,,
3b0985a72a8fe3e5be86,val,야채,T4 구어·문장,q_야채_01,김장 재료 사는 곳,식료품 중 '야채'를 판매·제공하는 매장,001cb3d4-5441-4963-b517-d5b3904ee312,현창떡집,떡집,목포동부시장,전통시장,전라남도,0.0,0.0,,,RESOLVED_AGREEMENT,False,0,,,,
0c17f4ae936f7b188106,val,야채,T4 구어·문장,q_야채_01,김장 재료 사는 곳,식료품 중 '야채'를 판매·제공하는 매장,b6ad9dea-6e1b-4256-936f-3b80653338f2,국제미용재료,미용재료 화장품,진북동 골목형상점가,골목형상점가,전북특별자치도,0.0,0.0,,,RESOLVED_AGREEMENT,False,0,,,,
b5047c27a6319a448957,val,야채,T4 구어·문장,q_야채_01,김장 재료 사는 곳,식료품 중 '야채'를 판매·제공하는 매장,0b8ef6dc-2f6b-4707-bd73-529122d9c97a,하단떡집,떡집,하단오일상설시장,전통시장,부산광역시,0.0,0.0,,,RESOLVED_AGREEMENT,False,0,,,,
ddbcb0655a57d3bfa909,val,야채,T4 구어·문장,q_야채_01,김장 재료 사는 곳,식료품 중 '야채'를 판매·제공하는 매장,2743811c-5e71-4d2b-aa75-1b0147d44f2d,사우 꽃이 피는 곳,꽃,김포 풍년마을 골목형상점가,골목형상점가,경기도,0.0,0.0,,,RESOLVED_AGREEMENT,False,0,,,,
42f0bfdd3e208cbc61aa,val,야채,T4 구어·문장,q_야채_01,김장 재료 사는 곳,식료품 중 '야채'를 판매·제공하는 매장,d76fa82a-d760-45bc-a71c-795e31bbf314,사시사철,제철식재료,운천테라스길상인회 골목형상점가,골목형상점가,광주광역시,0.0,0.0,,,RESOLVED_AGREEMENT,False,0,,,,
6b23094353935629d2ce,val,야채,T4 구어·문장,q_야채_01,김장 재료 사는 곳,식료품 중 '야채'를 판매·제공하는 매장,be9f8c61-892c-48ed-a49d-b63bd032c025,소곳,의류,고투몰(강남터미널지하도상점가),일반지하상점가,서울특별시,0.0,0.0,,,RESOLVED_AGREEMENT,False,0,,,,
2bbcbabfe2948b9615e8,val,야채,T4 구어·문장,q_야채_01,김장 재료 사는 곳,식료품 중 '야채'를 판매·제공하는 매장,014fc673-2f3b-48cf-a134-d5aebb132435,동성상회,야채,동두천중앙시장,전통시장,경기도,3.0,3.0,,,RESOLVED_AGREEMENT,False,3,,,,
4d68f389ca35792d9d99,val,야채,T4 구어·문장,q_야채_01,김장 재료 사는 곳,식료품 중 '야채'를 판매·제공하는 매장,8d2e4a25-304c-4c06-b857-e1fe1a427a5a,애플트리 공방,"재료 판매(인형, 모자 등)",은구비서로사회적협동조합 골목형상점가,골목형상점가,대전광역시,0.0,0.0,,,RESOLVED_AGREEMENT,False,0,,,,
eb3f9c8e13d914dc1449,val,야채,T4 구어·문장,q_야채_01,김장 재료 사는 곳,식료품 중 '야채'를 판매·제공하는 매장,c111ac9d-3f3a-405c-a8db-4d127ccda9e2,행복이 있는 곳,잡화,제주로얄쇼핑센터,자율상권구역,제주특별자치도,0.0,0.0,,,RESOLVED_AGREEMENT,False,0,,,,
9d05414dcea25b691916,val,야채,T4 구어·문장,q_야채_01,김장 재료 사는 곳,식료품 중 '야채'를 판매·제공하는 매장,00b64830-f897-4643-a5fa-6d8950c2ef89,낭만상회,식품,문산자유시장,전통시장,경기도,1.0,0.0,,,P2_GRADED_ONLY,True,,,,,
da6fc28a37cc0fd85581,val,야채,T4 구어·문장,q_야채_01,김장 재료 사는 곳,식료품 중 '야채'를 판매·제공하는 매장,7105bee4-b87f-4472-87dc-cdd9e9f6913e,백일셀프오일뱅크,휘발유,쌍학로상인회 골목형상점가,골목형상점가,광주광역시,0.0,0.0,,,RESOLVED_AGREEMENT,False,0,,,,
6e457653823a6fc4e2b3,val,야채,T4 구어·문장,q_야채_01,김장 재료 사는 곳,식료품 중 '야채'를 판매·제공하는 매장,00333be0-b70d-4197-aa97-5a277d61e0da,㈜신진후르츠,과일,부전농수산물새벽시장,전통시장,부산광역시,1.0,2.0,,,P1_BINARY_THRESHOLD,True,,,,,
a1b0c7d9b48eebe40807,val,야채,T4 구어·문장,q_야채_01,김장 재료 사는 곳,식료품 중 '야채'를 판매·제공하는 매장,01e96e25-dcb5-4957-bc59-05c27b1dae7a,샐러드밀,샐러드,오룡행복 골목형상점가,골목형상점가,전라남도,1.0,0.0,,,P2_GRADED_ONLY,True,,,,,
45e745fe1c56a1321fa3,val,야채,T4 구어·문장,q_야채_01,김장 재료 사는 곳,식료품 중 '야채'를 판매·제공하는 매장,00f0eee4-789e-4a7b-afc5-f1e7fc279b83,전국상회,야채,청량리종합시장,전통시장,서울특별시,3.0,3.0,,,RESOLVED_AGREEMENT,False,3,,,,
9810865125c1534322d8,val,야채,T4 구어·문장,q_야채_01,김장 재료 사는 곳,식료품 중 '야채'를 판매·제공하는 매장,373afd3a-79d0-4e8f-b56a-ef98b8130dff,크래프트랩 크눔,수공예 제품 및 재료,해남매일시장,전통시장,전라남도,0.0,0.0,,,RESOLVED_AGREEMENT,False,0,,,,
6a257b62405a330a8516,val,야채,T4 구어·문장,q_야채_01,김장 재료 사는 곳,식료품 중 '야채'를 판매·제공하는 매장,a8d4fbe3-b0fe-403c-b360-80d38ccd3f86,유진미용재료,미용재료,상주왕산상점가,자율상권구역,경상북도,0.0,0.0,,,RESOLVED_AGREEMENT,False,0,,,,
587d62c3610c60174354,val,야채,T4 구어·문장,q_야채_01,김장 재료 사는 곳,식료품 중 '야채'를 판매·제공하는 매장,7efb3ccb-aa59-4b79-8f7e-d8ad6b0c5b61,누구나홀딱반한닭,치킨,자양번영로골목형상점가,골목형상점가,서울특별시,0.0,0.0,,,RESOLVED_AGREEMENT,False,0,,,,
6ed9b49d7c822b7648da,val,야채,T4 구어·문장,q_야채_01,김장 재료 사는 곳,식료품 중 '야채'를 판매·제공하는 매장,af841040-0055-4f95-bbe1-b98bb9cf9b59,밀곳,제과,부평깡통시장(구 부산부평시장),전통시장,부산광역시,0.0,0.0,,,RESOLVED_AGREEMENT,False,0,,,,
89e86f8db9036f986069,val,야채,T4 구어·문장,q_야채_01,김장 재료 사는 곳,식료품 중 '야채'를 판매·제공하는 매장,7a8e9fd3-d8e0-4c16-a04f-31b32d5b4cc9,미용재료,미용재료,성북천골목형상점가,골목형상점가,서울특별시,0.0,0.0,,,RESOLVED_AGREEMENT,False,0,,,,
0621738a266374e1dbb4,val,야채,T4 구어·문장,q_야채_01,김장 재료 사는 곳,식료품 중 '야채'를 판매·제공하는 매장,0ea17dbf-5a19-4500-8908-6cb43d06d379,형제상회,청과,영등포청과시장,자율상권구역,서울특별시,0.0,2.0,,,P1_BINARY_THRESHOLD,True,,,,,
5482e24b9010529cb77e,val,야채,T4 구어·문장,q_야채_01,김장 재료 사는 곳,식료품 중 '야채'를 판매·제공하는 매장,62215ae7-8251-4937-b19b-8ca2d359ddff,경성사진관,사진재료,보령한내시장,전통시장,충청남도,0.0,0.0,,,RESOLVED_AGREEMENT,False,0,,,,
a75f7b22a069bb61ef7b,val,야채,T4 구어·문장,q_야채_01,김장 재료 사는 곳,식료품 중 '야채'를 판매·제공하는 매장,00947369-dfd0-4074-b22e-c8b430a98a70,에스.에이.팜(S.A.farm),"표고버섯및농산물, 잡화, 통신판매",무주반딧불상권활성화구역,상권활성화구역,전북특별자치도,3.0,3.0,,,RESOLVED_AGREEMENT,False,3,,,,
c538486a5bbbfd7e36b1,val,야채,T4 구어·문장,q_야채_01,김장 재료 사는 곳,식료품 중 '야채'를 판매·제공하는 매장,009a3629-5dbc-47c2-adea-b1f9bc2c083a,동해농수산,야채,방학동도깨비시장,전통시장,서울특별시,3.0,3.0,,,RESOLVED_AGREEMENT,False,3,,,,
683a8cf388fb5e3d1913,val,야채,T4 구어·문장,q_야채_01,김장 재료 사는 곳,식료품 중 '야채'를 판매·제공하는 매장,73de0923-ae38-4a5d-80d6-abe6d7669be5,㈜고려용접재료,용접재료,공구의거리,자율상권구역,광주광역시,0.0,0.0,,,RESOLVED_AGREEMENT,False,0,,,,
e258cb50ef338ee06b1f,val,야채,T4 구어·문장,q_야채_01,김장 재료 사는 곳,식료품 중 '야채'를 판매·제공하는 매장,509e5de1-dc22-4891-b2fa-258ebb2b9750,영덕농수산,"안주, 제사류, 반찬재료, 김장재료, 된장, 고추장, 간장 등",언양알프스시장,전통시장,울산광역시,0.0,3.0,,,P1_BINARY_THRESHOLD,True,,,,,
9de3a6cd626cf9922da3,val,야채,T4 구어·문장,q_야채_01,김장 재료 사는 곳,식료품 중 '야채'를 판매·제공하는 매장,009f034c-8e3b-4a32-aab3-55ece8718004,장봐주는언니 임동점,농수축산물및 가공식품,제니스 골목형상점가,골목형상점가,광주광역시,1.0,0.0,,,P2_GRADED_ONLY,True,,,,,
52c5aed6ec6e1f35e7b3,val,야채,T4 구어·문장,q_야채_01,김장 재료 사는 곳,식료품 중 '야채'를 판매·제공하는 매장,d66d7024-4c53-40a9-a135-4f98f0b28674,샤인미용재료,미용재료,미소상인회 골목형상점가,골목형상점가,서울특별시,0.0,0.0,,,RESOLVED_AGREEMENT,False,0,,,,
def73946b00cfaddcabc,val,야채,T4 구어·문장,q_야채_01,김장 재료 사는 곳,식료품 중 '야채'를 판매·제공하는 매장,43c03e36-c146-4944-bcd4-879bc435fad2,도온쌈,쌈밥,남이동길골목형상점가,골목형상점가,서울특별시,0.0,0.0,,,RESOLVED_AGREEMENT,False,0,,,,
89244a3e4f0e7f9fb6a5,val,야채,T4 구어·문장,q_야채_01,김장 재료 사는 곳,식료품 중 '야채'를 판매·제공하는 매장,006204f3-b214-4611-a434-f896bf75e919,장터사랑,과일,농성세대공감상인회 골목형상점가,골목형상점가,광주광역시,1.0,2.0,,,P1_BINARY_THRESHOLD,True,,,,,
2eb79d0c7ee6b0fd7dab,val,야채,T4 구어·문장,q_야채_01,김장 재료 사는 곳,식료품 중 '야채'를 판매·제공하는 매장,ba35065a-d12d-4f4e-97fe-cbcdce433014,타마캔들,방향제 재료 및 공예관련 재료,방산종합시장,전통시장,서울특별시,0.0,0.0,,,RESOLVED_AGREEMENT,False,0,,,,
4807bcdc5d777dff3109,val,야채,T1 정확표기,q_야채_02,야채,식료품 중 '야채'를 판매·제공하는 매장,01b4b567-78d4-4fa1-9bff-25fd01fb1a4c,소문난김치집,김치,중앙먹거리 상인회 골목형상점가,골목형상점가,전라남도,1.0,0.0,,,P2_GRADED_ONLY,True,,,,,
4d8f47ff5d23b6d7316d,val,야채,T1 정확표기,q_야채_02,야채,식료품 중 '야채'를 판매·제공하는 매장,03a6e716-3825-40e3-ba06-e047ee5e5483,부일반찬,김치,초량전통시장,전통시장,부산광역시,1.0,1.0,,,RESOLVED_AGREEMENT,False,1,,,,
c30b2bb57728a7e6af23,val,야채,T1 정확표기,q_야채_02,야채,식료품 중 '야채'를 판매·제공하는 매장,68620e4a-20c8-4cb4-a5a8-661ad20e238f,땟깔,야채,괴정골목시장,전통시장,부산광역시,3.0,3.0,,,RESOLVED_AGREEMENT,False,3,,,,
8d80e147c22a88bbb33c,val,야채,T1 정확표기,q_야채_02,야채,식료품 중 '야채'를 판매·제공하는 매장,00344d24-5aaa-4dc7-ba51-3c041c147576,고향뜰영농조합법인,농산물,양산 북부시장,전통시장,경상남도,3.0,3.0,,,RESOLVED_AGREEMENT,False,3,,,,
67b556641796c6e41489,val,야채,T1 정확표기,q_야채_02,야채,식료품 중 '야채'를 판매·제공하는 매장,008d1ed4-a5d7-492e-9959-f8307a68cc5f,샐러드 정원,"샐러드, 샌드위치",미성동도깨비시장,골목형상점가,서울특별시,1.0,0.0,,,P2_GRADED_ONLY,True,,,,,
a2667f3f0029feb22e8d,val,야채,T1 정확표기,q_야채_02,야채,식료품 중 '야채'를 판매·제공하는 매장,000a244a-1e28-40b7-8d55-d5b1055f12d2,진해상회,채소,마산어시장,전통시장,경상남도,3.0,3.0,,,RESOLVED_AGREEMENT,False,3,,,,
5116e183d930d553329a,val,야채,T1 정확표기,q_야채_02,야채,식료품 중 '야채'를 판매·제공하는 매장,008b2657-018e-4d46-b0b0-a173aee3f37a,대원상회,농산물,대구능금시장,전통시장,대구광역시,3.0,3.0,,,RESOLVED_AGREEMENT,False,3,,,,
314ea94e0e97c47c0a4e,val,야채,T1 정확표기,q_야채_02,야채,식료품 중 '야채'를 판매·제공하는 매장,014072fb-b412-4fb3-a663-31dbf80e44a6,매일상회,"야채, 과일",고산미소시장(고산시장),전통시장,전북특별자치도,3.0,3.0,,,RESOLVED_AGREEMENT,False,3,,,,
8a985e607155e238a2ff,val,야채,T1 정확표기,q_야채_02,야채,식료품 중 '야채'를 판매·제공하는 매장,00891fcf-925f-4b76-bc26-179798787b48,정우상회,농산물,경동시장,전통시장,서울특별시,3.0,3.0,,,RESOLVED_AGREEMENT,False,3,,,,
1823ed5626fd8d7986e8,val,야채,T1 정확표기,q_야채_02,야채,식료품 중 '야채'를 판매·제공하는 매장,00f0eee4-789e-4a7b-afc5-f1e7fc279b83,전국상회,야채,청량리종합시장,전통시장,서울특별시,3.0,3.0,,,RESOLVED_AGREEMENT,False,3,,,,
ae27a7ba0f27d054e6af,val,야채,T1 정확표기,q_야채_02,야채,식료품 중 '야채'를 판매·제공하는 매장,c970433e-4a47-49ec-b256-f16a58877c1a,착한야채,야채,복대가경시장,전통시장,충청북도,3.0,3.0,,,RESOLVED_AGREEMENT,False,3,,,,
fc4267acbd930d53e752,val,야채,T1 정확표기,q_야채_02,야채,식료품 중 '야채'를 판매·제공하는 매장,009f034c-8e3b-4a32-aab3-55ece8718004,장봐주는언니 임동점,농수축산물및 가공식품,제니스 골목형상점가,골목형상점가,광주광역시,1.0,0.0,,,P2_GRADED_ONLY,True,,,,,
019951720af5d085bcad,val,야채,T1 정확표기,q_야채_02,야채,식료품 중 '야채'를 판매·제공하는 매장,00468e6b-39c6-4ce1-a534-a6b1eecac01d,태양농산물,과일,정릉서경대길골목형상점가(정릉골),골목형상점가,서울특별시,2.0,3.0,,,P2_GRADED_ONLY,True,,,,,
05bc55b261bd9f6ca9d5,val,야채,T1 정확표기,q_야채_02,야채,식료품 중 '야채'를 판매·제공하는 매장,7baa2c6f-9331-474f-9e59-06dab8d5cf8b,야채사랑,야채,양산 덕계종합상설시장,전통시장,경상남도,3.0,3.0,,,RESOLVED_AGREEMENT,False,3,,,,
19ca3782770dd80e233b,val,야채,T1 정확표기,q_야채_02,야채,식료품 중 '야채'를 판매·제공하는 매장,009be3cd-7c52-41e4-91fc-c377ddfa78c0,언양시장야채,야채,언양알프스시장,전통시장,울산광역시,3.0,3.0,,,RESOLVED_AGREEMENT,False,3,,,,
5b3737ad56fa37b1a2c8,val,야채,T1 정확표기,q_야채_02,야채,식료품 중 '야채'를 판매·제공하는 매장,b2a1c7bb-5eba-43a8-a574-bb6c0cab7fbf,임실야채,야채,임실시장,전통시장,전북특별자치도,3.0,3.0,,,RESOLVED_AGREEMENT,False,3,,,,
346e05ec8f367752c819,val,야채,T1 정확표기,q_야채_02,야채,식료품 중 '야채'를 판매·제공하는 매장,48db5bd7-0043-4781-9174-a29b826ac87e,통큰야채,야채,법동시장,전통시장,대전광역시,3.0,3.0,,,RESOLVED_AGREEMENT,False,3,,,,
330e0acd0a25bed6e777,val,야채,T1 정확표기,q_야채_02,야채,식료품 중 '야채'를 판매·제공하는 매장,b33fb268-ff1b-47e7-b88b-7677d73c0384,야채왕국,야채,중마시장,전통시장,전라남도,3.0,3.0,,,RESOLVED_AGREEMENT,False,3,,,,
ab3e158564ffeff81fa3,val,야채,T1 정확표기,q_야채_02,야채,식료품 중 '야채'를 판매·제공하는 매장,77199ec6-6205-4911-83a3-bad17d8b19fb,황금야채,야채,장림골목시장,전통시장,부산광역시,3.0,3.0,,,RESOLVED_AGREEMENT,False,3,,,,
3d3e8c1d678a3991dbdd,val,야채,T1 정확표기,q_야채_02,야채,식료품 중 '야채'를 판매·제공하는 매장,00b64830-f897-4643-a5fa-6d8950c2ef89,낭만상회,식품,문산자유시장,전통시장,경기도,1.0,0.0,,,P2_GRADED_ONLY,True,,,,,
b302fd87568f1ff38e41,val,야채,T1 정확표기,q_야채_02,야채,식료품 중 '야채'를 판매·제공하는 매장,00818eab-32ca-497e-ad5c-1c301a7ea4c9,13번상회,채소,마산 동마산시장,전통시장,경상남도,3.0,3.0,,,RESOLVED_AGREEMENT,False,3,,,,
8417369288884f4978b9,val,야채,T1 정확표기,q_야채_02,야채,식료품 중 '야채'를 판매·제공하는 매장,0d8ef83e-b4ad-49e5-8c89-5ab441c6fe4e,초록야채,야채,정서진중앙시장(구 서구중앙시장),전통시장,인천광역시,3.0,3.0,,,RESOLVED_AGREEMENT,False,3,,,,
4fd0b0dcd8433e700c19,val,야채,T1 정확표기,q_야채_02,야채,식료품 중 '야채'를 판매·제공하는 매장,38d33dd0-da61-4784-bac4-f0d8ecbe6d79,야채천국,야채,길동복조리시장,전통시장,서울특별시,3.0,3.0,,,RESOLVED_AGREEMENT,False,3,,,,
fbcaeb8adb3cd1897c0d,val,야채,T1 정확표기,q_야채_02,야채,식료품 중 '야채'를 판매·제공하는 매장,f855ad35-b364-494d-b7bd-814078bc6e47,컴포즈커피 안산선부광장점,카페,선부광장로상점가,자율상권구역,경기도,0.0,0.0,,,RESOLVED_AGREEMENT,False,0,,,,
82f9cabbd0e98924834a,val,야채,T1 정확표기,q_야채_02,야채,식료품 중 '야채'를 판매·제공하는 매장,05530d0f-82ed-47a1-8015-32b6c30e3752,진수산삼다식품,"젓갈류, 김치, 수산물",동문재래시장,전통시장,제주특별자치도,1.0,0.0,,,P2_GRADED_ONLY,True,,,,,
8d0117eaa7e7901c2728,val,야채,T1 정확표기,q_야채_02,야채,식료품 중 '야채'를 판매·제공하는 매장,18857814-ef6f-4e8c-87d3-13243c7b2b04,야채나라,야채,역곡남부시장,전통시장,경기도,3.0,3.0,,,RESOLVED_AGREEMENT,False,3,,,,
308590ce610158b3e39d,val,야채,T1 정확표기,q_야채_02,야채,식료품 중 '야채'를 판매·제공하는 매장,11fc575f-379a-4acb-b191-8fc2793543bd,영수야채,야채,남광주해뜨는시장,전통시장,광주광역시,3.0,3.0,,,RESOLVED_AGREEMENT,False,3,,,,
99d3fef3d615baf49b28,val,야채,T1 정확표기,q_야채_02,야채,식료품 중 '야채'를 판매·제공하는 매장,a22e3618-fa0d-4fe5-ba30-eddbc2082903,초록야채,야채,청주육거리종합시장,전통시장,충청북도,3.0,3.0,,,RESOLVED_AGREEMENT,False,3,,,,
a5ddaf3bf397c57c34a6,val,야채,T1 정확표기,q_야채_02,야채,식료품 중 '야채'를 판매·제공하는 매장,00045dfc-0681-4fb3-8265-33b3df14c289,한라농산,과일,황지시장상점가,자율상권구역,강원특별자치도,1.0,2.0,,,P1_BINARY_THRESHOLD,True,,,,,
765091a87546ca56c789,val,야채,T1 정확표기,q_야채_02,야채,식료품 중 '야채'를 판매·제공하는 매장,09e5fb7c-d0cc-4720-92df-5a5cece636c7,샐러리아 잠실본점,샐러드,방이시장,전통시장,서울특별시,1.0,0.0,,,P2_GRADED_ONLY,True,,,,,
fc75d16b82dcef09764c,val,야채,T1 정확표기,q_야채_02,야채,식료품 중 '야채'를 판매·제공하는 매장,2086c1af-0aa9-4802-81b2-31b72760aaf8,고속야채,야채,서정리시장(서정시장),전통시장,경기도,3.0,3.0,,,RESOLVED_AGREEMENT,False,3,,,,
10b930f35bdcf8c0aaff,val,야채,T1 정확표기,q_야채_02,야채,식료품 중 '야채'를 판매·제공하는 매장,48b57ee9-4554-458f-bd4c-57f572e9d549,노퉁궈,야채,첨단2동 골목형상점가,골목형상점가,광주광역시,3.0,3.0,,,RESOLVED_AGREEMENT,False,3,,,,
7bb3107044f19a7b7fd1,val,야채,T1 정확표기,q_야채_02,야채,식료품 중 '야채'를 판매·제공하는 매장,8dac30b5-783c-4f90-964b-b5384fe436df,용민이네 야채,야채,해남매일시장,전통시장,전라남도,3.0,3.0,,,RESOLVED_AGREEMENT,False,3,,,,
92f425f7a2a48f60161b,val,야채,T1 정확표기,q_야채_02,야채,식료품 중 '야채'를 판매·제공하는 매장,535046dd-83cc-41aa-bcb1-323dea2ae7c7,영림야채,야채,동문공설시장,전통시장,제주특별자치도,3.0,3.0,,,RESOLVED_AGREEMENT,False,3,,,,
76e0b58a003cde707038,val,야채,T1 정확표기,q_야채_02,야채,식료품 중 '야채'를 판매·제공하는 매장,363ad0aa-7584-4edd-b47d-cfed0d30ce5c,수야채,야채,가좌시장,전통시장,인천광역시,3.0,3.0,,,RESOLVED_AGREEMENT,False,3,,,,
35e21045a5f5bc9482ab,val,야채,T1 정확표기,q_야채_02,야채,식료품 중 '야채'를 판매·제공하는 매장,01e96e25-dcb5-4957-bc59-05c27b1dae7a,샐러드밀,샐러드,오룡행복 골목형상점가,골목형상점가,전라남도,1.0,0.0,,,P2_GRADED_ONLY,True,,,,,
5504a2f288ff727e89af,val,야채,T1 정확표기,q_야채_02,야채,식료품 중 '야채'를 판매·제공하는 매장,009a3629-5dbc-47c2-adea-b1f9bc2c083a,동해농수산,야채,방학동도깨비시장,전통시장,서울특별시,3.0,3.0,,,RESOLVED_AGREEMENT,False,3,,,,
c404e0ba42a3a0dfc446,val,야채,T1 정확표기,q_야채_02,야채,식료품 중 '야채'를 판매·제공하는 매장,9f85e318-f624-4193-acfd-410b0501d269,남해야채,야채,남천해변시장,전통시장,부산광역시,3.0,3.0,,,RESOLVED_AGREEMENT,False,3,,,,
ea48682a529c7dd58f84,val,야채,T1 정확표기,q_야채_02,야채,식료품 중 '야채'를 판매·제공하는 매장,008d4156-e489-4d1f-9205-b541972d35a8,과일왕,과일 잡화 야채 먹거리,연제동 골목형상점가,골목형상점가,광주광역시,3.0,3.0,,,RESOLVED_AGREEMENT,False,3,,,,
969e6947928cb891f69b,val,야채,T1 정확표기,q_야채_02,야채,식료품 중 '야채'를 판매·제공하는 매장,b5b4221d-cc4e-419d-8ff0-530ea0472346,서울약국,의약품,산본로데오거리(구 산본중심상가),자율상권구역,경기도,0.0,0.0,,,RESOLVED_AGREEMENT,False,0,,,,
0300a8c93cc9941e88ba,val,야채,T1 정확표기,q_야채_02,야채,식료품 중 '야채'를 판매·제공하는 매장,82bf2105-0a85-4fe7-8777-8f049077d57f,상우네 야채,야채,만수시장,전통시장,인천광역시,3.0,3.0,,,RESOLVED_AGREEMENT,False,3,,,,
01909b1ca0d912759da5,val,야채,T1 정확표기,q_야채_02,야채,식료품 중 '야채'를 판매·제공하는 매장,e9b9f2df-24b5-427a-84d9-17ff9257b376,거제야채,야채,마산어시장,전통시장,경상남도,3.0,3.0,,,RESOLVED_AGREEMENT,False,3,,,,
41589f110b4c43d1a1d4,val,야채,T1 정확표기,q_야채_02,야채,식료품 중 '야채'를 판매·제공하는 매장,0174d58f-3182-48ce-9bb7-0818d21a6763,야채,,만수시장,전통시장,인천광역시,3.0,3.0,,,RESOLVED_AGREEMENT,False,3,,,,
66a91672e6b8e155b434,val,야채,T1 정확표기,q_야채_02,야채,식료품 중 '야채'를 판매·제공하는 매장,ab8a0b10-dda2-460c-8e6e-66399cba599f,청하야채,야채,우산매일시장,전통시장,광주광역시,3.0,3.0,,,RESOLVED_AGREEMENT,False,3,,,,
3ff092ea9690b5a60e67,val,야채,T1 정확표기,q_야채_02,야채,식료품 중 '야채'를 판매·제공하는 매장,1ae14889-ea2b-48f0-b01e-31be5d42c2df,돈암야채,야채,돈암시장,전통시장,서울특별시,3.0,3.0,,,RESOLVED_AGREEMENT,False,3,,,,
85c9e2ec7229160c9c3c,val,야채,T1 정확표기,q_야채_02,야채,식료품 중 '야채'를 판매·제공하는 매장,d19b3de6-4ddc-444e-9f05-82025eb1d7d6,옥석야채,야채,만수시장,전통시장,인천광역시,3.0,3.0,,,RESOLVED_AGREEMENT,False,3,,,,
74f0ac562e9dc8f2ed22,val,야채,T1 정확표기,q_야채_02,야채,식료품 중 '야채'를 판매·제공하는 매장,006601da-192a-4275-90bf-aa320c79ea9f,바이럽,샐러드,현풍백년도깨비시장,전통시장,대구광역시,1.0,0.0,,,P2_GRADED_ONLY,True,,,,,
35a486a5e9944cd74f5f,val,야채,T1 정확표기,q_야채_02,야채,식료품 중 '야채'를 판매·제공하는 매장,fac7e372-1e18-4cd2-a0bf-a16b572f9d23,야채마트,야채,도래미시장,전통시장,강원특별자치도,3.0,3.0,,,RESOLVED_AGREEMENT,False,3,,,,
84a53bbb1bee15277eca,val,야채,T1 정확표기,q_야채_02,야채,식료품 중 '야채'를 판매·제공하는 매장,54a6fba6-87e9-4f1e-bb69-287da8b6b49f,짱야채,야채,반구시장,전통시장,울산광역시,3.0,3.0,,,RESOLVED_AGREEMENT,False,3,,,,
5e0c76bc539605b016e7,val,야채,T1 정확표기,q_야채_02,야채,식료품 중 '야채'를 판매·제공하는 매장,00e92856-b294-4032-8540-d60e9817f2d8,럭키약국,"의약품, 건강기능식품, 식품",충무로골목형상점가,골목형상점가,서울특별시,1.0,0.0,,,P2_GRADED_ONLY,True,,,,,
7c93b3e77c45bf47833d,val,야채,T1 정확표기,q_야채_02,야채,식료품 중 '야채'를 판매·제공하는 매장,a25b522a-58a4-41e3-96db-5666e39f4486,풍년야채,야채,수정로 상권활성화구역,상권활성화구역,경기도,3.0,3.0,,,RESOLVED_AGREEMENT,False,3,,,,
3b33ff92568a854efc34,val,야채,T1 정확표기,q_야채_02,야채,식료품 중 '야채'를 판매·제공하는 매장,be798674-992b-461a-997f-4b62483bc8bf,대박 야채 청과,야채,신월3동시장골목형상점가,골목형상점가,서울특별시,3.0,3.0,,,RESOLVED_AGREEMENT,False,3,,,,
ed1be07c93f16c8a22ba,val,야채,T1 정확표기,q_야채_02,야채,식료품 중 '야채'를 판매·제공하는 매장,1f085662-7395-42f1-a9ec-ce0e2755f9fb,제이에스리테일,의류,송천메가 골목형상점가,골목형상점가,전북특별자치도,0.0,0.0,,,RESOLVED_AGREEMENT,False,0,,,,
04bb08fd2fe61143dd7f,val,야채,T1 정확표기,q_야채_02,야채,식료품 중 '야채'를 판매·제공하는 매장,04c905ba-3172-4ea4-a6dd-4345d674dea0,덕순이네,제조업(떡집),장터길 골목형상점가,골목형상점가,경기도,0.0,0.0,,,RESOLVED_AGREEMENT,False,0,,,,
c8f8a5a972cca810fbbb,val,야채,T1 정확표기,q_야채_02,야채,식료품 중 '야채'를 판매·제공하는 매장,7fdbfbd2-930f-4329-a225-ca7b797e3274,야채,야채,원종고강제일시장(부천제일시장),전통시장,경기도,3.0,3.0,,,RESOLVED_AGREEMENT,False,3,,,,
043727289571c880fadd,val,야채,T1 정확표기,q_야채_02,야채,식료품 중 '야채'를 판매·제공하는 매장,da71e095-4c27-4c82-9476-07eba3fbd54c,야채사랑,야채,삼각동 골목형상점가,골목형상점가,광주광역시,3.0,3.0,,,RESOLVED_AGREEMENT,False,3,,,,
274128740b2bf3946f89,val,야채,T1 정확표기,q_야채_02,야채,식료품 중 '야채'를 판매·제공하는 매장,43c03e36-c146-4944-bcd4-879bc435fad2,도온쌈,쌈밥,남이동길골목형상점가,골목형상점가,서울특별시,0.0,0.0,,,RESOLVED_AGREEMENT,False,0,,,,
21a3988cfaea7660ac27,val,야채,T1 정확표기,q_야채_02,야채,식료품 중 '야채'를 판매·제공하는 매장,0042e83d-930b-4d1d-a96f-f1a2691256cd,성화상회,과일,대구능금시장,전통시장,대구광역시,1.0,2.0,,,P1_BINARY_THRESHOLD,True,,,,,
0de1cd1181ddcfcb7bd4,val,야채,T1 정확표기,q_야채_02,야채,식료품 중 '야채'를 판매·제공하는 매장,0b599ab0-d157-49cb-a199-b6d07e73c3c8,현대야채,야채,부평종합시장,전통시장,인천광역시,3.0,3.0,,,RESOLVED_AGREEMENT,False,3,,,,
917718b4571f7197c624,val,야채,T1 정확표기,q_야채_02,야채,식료품 중 '야채'를 판매·제공하는 매장,bf58d104-04ba-40fb-8b80-21bbaa414074,삼춘야채,야채,우림골목시장,전통시장,서울특별시,3.0,3.0,,,RESOLVED_AGREEMENT,False,3,,,,
c6a67e746806424fd343,val,야채,T1 정확표기,q_야채_02,야채,식료품 중 '야채'를 판매·제공하는 매장,bbe5cca7-e37a-44f6-a94a-94e0dd85243e,야채가게,야채,만수시장,전통시장,인천광역시,3.0,3.0,,,RESOLVED_AGREEMENT,False,3,,,,
f97bf6bace6277907aeb,val,야채,T1 정확표기,q_야채_02,야채,식료품 중 '야채'를 판매·제공하는 매장,1cc31f70-4db9-4cac-bde3-d77a405f7d88,현욱상회,야채,부산새벽시장,전통시장,부산광역시,3.0,3.0,,,RESOLVED_AGREEMENT,False,3,,,,
812bd6d5447796627eb9,val,야채,T1 정확표기,q_야채_02,야채,식료품 중 '야채'를 판매·제공하는 매장,d1dca39b-7e1a-4f6e-92c2-9837ccfe76be,야채사냥,야채,원종고강제일시장(부천제일시장),전통시장,경기도,3.0,3.0,,,RESOLVED_AGREEMENT,False,3,,,,
c271abfeb6c64baa49c6,val,야채,T1 정확표기,q_야채_02,야채,식료품 중 '야채'를 판매·제공하는 매장,cca58370-ec22-4be6-8ceb-a1c4d990af36,하늘 야채,야채,작전시장,전통시장,인천광역시,3.0,3.0,,,RESOLVED_AGREEMENT,False,3,,,,
85ffaae214f358da94a8,val,야채,T1 정확표기,q_야채_02,야채,식료품 중 '야채'를 판매·제공하는 매장,0b8ef6dc-2f6b-4707-bd73-529122d9c97a,하단떡집,떡집,하단오일상설시장,전통시장,부산광역시,0.0,0.0,,,RESOLVED_AGREEMENT,False,0,,,,
592549de7204c45e5b5d,val,야채,T1 정확표기,q_야채_02,야채,식료품 중 '야채'를 판매·제공하는 매장,5ab92d1a-7d3f-4d6a-a019-4f1a2ee7b1bd,믿음야채,야채,원미종합시장,전통시장,경기도,3.0,3.0,,,RESOLVED_AGREEMENT,False,3,,,,
768a054743554bf6d408,val,야채,T1 정확표기,q_야채_02,야채,식료품 중 '야채'를 판매·제공하는 매장,001cb3d4-5441-4963-b517-d5b3904ee312,현창떡집,떡집,목포동부시장,전통시장,전라남도,0.0,0.0,,,RESOLVED_AGREEMENT,False,0,,,,
458bef779e19e36f7c60,val,야채,T1 정확표기,q_야채_02,야채,식료품 중 '야채'를 판매·제공하는 매장,a2db608a-080c-4af6-b0ab-ac197595f3f8,보길야채,야채,방학동도깨비시장,전통시장,서울특별시,3.0,3.0,,,RESOLVED_AGREEMENT,False,3,,,,
6a7196caff7ab62cb028,val,야채,T1 정확표기,q_야채_02,야채,식료품 중 '야채'를 판매·제공하는 매장,016f8113-22a7-4ef1-a80f-0562dd2a06e9,동이식품,"식품, 농산물",중앙신시장,전통시장,경상북도,3.0,3.0,,,RESOLVED_AGREEMENT,False,3,,,,
857f003477793e7f9c9b,val,야채,T1 정확표기,q_야채_02,야채,식료품 중 '야채'를 판매·제공하는 매장,a1060dd9-cf09-4aab-b7c0-32da97cb9a52,종합야채,야채,대림골목시장,전통시장,서울특별시,3.0,3.0,,,RESOLVED_AGREEMENT,False,3,,,,
3ce78139a7583cd59480,val,야채,T1 정확표기,q_야채_02,야채,식료품 중 '야채'를 판매·제공하는 매장,007fd232-3c16-44ff-be59-cf265f3775e9,동문상회,채소버섯,팔달신시장,전통시장,대구광역시,3.0,3.0,,,RESOLVED_AGREEMENT,False,3,,,,
acfeb3136093bd82f45f,val,야채,T1 정확표기,q_야채_02,야채,식료품 중 '야채'를 판매·제공하는 매장,00c56499-bc90-4ed6-bb66-3802cc762889,의령상회,채소,부전상가시장,전통시장,부산광역시,3.0,3.0,,,RESOLVED_AGREEMENT,False,3,,,,
9f78c6f97757750fe49d,val,야채,T1 정확표기,q_야채_02,야채,식료품 중 '야채'를 판매·제공하는 매장,06f191fb-14b4-4d51-8efb-39d44343f1a7,유한회사 바르메이드,샐러드,상무시청상인회 골목형상점가,골목형상점가,광주광역시,1.0,0.0,,,P2_GRADED_ONLY,True,,,,,
2a21bdf34f5d49f90175,val,야채,T1 정확표기,q_야채_02,야채,식료품 중 '야채'를 판매·제공하는 매장,3a9a5b6c-7637-4271-90f5-993ce8312d59,알뜰야채,야채,창원 반송시장,전통시장,경상남도,3.0,3.0,,,RESOLVED_AGREEMENT,False,3,,,,
5589d5c0e96eed9aea83,val,야채,T1 정확표기,q_야채_02,야채,식료품 중 '야채'를 판매·제공하는 매장,163fad72-4b20-402c-beee-d6813b64210a,광현야채,야채,서동시장(창인시장),전통시장,전북특별자치도,3.0,3.0,,,RESOLVED_AGREEMENT,False,3,,,,
330c27f9fa3e6128bee1,val,야채,T1 정확표기,q_야채_02,야채,식료품 중 '야채'를 판매·제공하는 매장,63feeb2f-7422-46de-a1bb-05a8ebce3280,궁중야채,야채,복대가경시장,전통시장,충청북도,3.0,3.0,,,RESOLVED_AGREEMENT,False,3,,,,
4dc9072b7fd89fff2378,val,야채,T1 정확표기,q_야채_02,야채,식료품 중 '야채'를 판매·제공하는 매장,f644065f-95a2-49d4-a264-e674646d7a45,야채마을,야채,해남읍 원도심 상권활성화구역,상권활성화구역,전라남도,3.0,3.0,,,RESOLVED_AGREEMENT,False,3,,,,
1d9ca5689f4850f73c2c,val,야채,T1 정확표기,q_야채_02,야채,식료품 중 '야채'를 판매·제공하는 매장,cf5d0c45-d9f1-4aa2-80a7-7e2f603b9b62,산본 야채,야채,산본전통시장(구 군포산본시장),전통시장,경기도,3.0,3.0,,,RESOLVED_AGREEMENT,False,3,,,,
89f2ea5ac8da87035580,val,야채,T1 정확표기,q_야채_02,야채,식료품 중 '야채'를 판매·제공하는 매장,a9aa7a13-c281-4b12-b3e7-f70506128348,용인야채,야채,수원못골종합시장,전통시장,경기도,3.0,3.0,,,RESOLVED_AGREEMENT,False,3,,,,
89aa64c8398175b1f7ba,val,야채,T1 정확표기,q_야채_02,야채,식료품 중 '야채'를 판매·제공하는 매장,3beb2096-e566-4e23-b244-f386a548607c,리바트스타일샵,가구,의왕가구거리 골목형상점가,골목형상점가,경기도,0.0,0.0,,,RESOLVED_AGREEMENT,False,0,,,,
e2c65be5c1f498d69247,val,야채,T1 정확표기,q_야채_02,야채,식료품 중 '야채'를 판매·제공하는 매장,bfeb647e-774b-4a53-9723-624888bc684b,서해안회프라자(월드수산),수산물,목포활어회플라자 상인회 골목형상점가,골목형상점가,전라남도,0.0,0.0,,,RESOLVED_AGREEMENT,False,0,,,,
a3998b52725f1af90b52,val,야채,T1 정확표기,q_야채_02,야채,식료품 중 '야채'를 판매·제공하는 매장,bb95da55-092b-4528-b9df-ce1b8b548646,야채사랑,야채,춘천풍물시장,전통시장,강원특별자치도,3.0,3.0,,,RESOLVED_AGREEMENT,False,3,,,,
fcf224a8f6cbcd7e2af6,val,야채,T1 정확표기,q_야채_02,야채,식료품 중 '야채'를 판매·제공하는 매장,15578c36-25cb-47c6-b623-02d015391845,서가네쌈밥,쌈밥,면곡시장 골목형상점가,골목형상점가,서울특별시,0.0,0.0,,,RESOLVED_AGREEMENT,False,0,,,,
858d798286b811030e66,val,야채,T1 정확표기,q_야채_02,야채,식료품 중 '야채'를 판매·제공하는 매장,006204f3-b214-4611-a434-f896bf75e919,장터사랑,과일,농성세대공감상인회 골목형상점가,골목형상점가,광주광역시,1.0,2.0,,,P1_BINARY_THRESHOLD,True,,,,,
0556b81f068217cf3cb1,val,야채,T1 정확표기,q_야채_02,야채,식료품 중 '야채'를 판매·제공하는 매장,9c12f5cb-e9e7-4d84-b267-db9832ac2c3a,천냥야채,야채,문창시장,전통시장,대전광역시,3.0,3.0,,,RESOLVED_AGREEMENT,False,3,,,,
e5d7aa799a200ed5327c,val,야채,T1 정확표기,q_야채_02,야채,식료품 중 '야채'를 판매·제공하는 매장,000527f2-442a-4dd1-9bfc-8a8cd9fd5410,(유)뉴현대상회,농산물,가락몰골목형상점가,골목형상점가,서울특별시,3.0,3.0,,,RESOLVED_AGREEMENT,False,3,,,,
5396fac7eff2b18f68a2,val,야채,T1 정확표기,q_야채_02,야채,식료품 중 '야채'를 판매·제공하는 매장,030b5afd-b449-47b0-8439-ffab3c3ead5a,우리동네국민상회 대치점,과일 야채 식료품,은마종합상점가,자율상권구역,서울특별시,3.0,3.0,,,RESOLVED_AGREEMENT,False,3,,,,
f9bc6028543ce32bc327,val,야채,T1 정확표기,q_야채_02,야채,식료품 중 '야채'를 판매·제공하는 매장,f3539f44-25e6-4272-9151-40710d2a1e81,황가네 야채,야채,서부시장(서부재래시장),전통시장,충청남도,3.0,3.0,,,RESOLVED_AGREEMENT,False,3,,,,
bad14116a2753d349f6c,val,야채,T1 정확표기,q_야채_02,야채,식료품 중 '야채'를 판매·제공하는 매장,0c663c80-d36f-4cb9-b4f4-d2c149635f8d,야채마을,야채,망미중앙시장,전통시장,부산광역시,3.0,3.0,,,RESOLVED_AGREEMENT,False,3,,,,
77c948a28e01c7fdb812,val,야채,T1 정확표기,q_야채_02,야채,식료품 중 '야채'를 판매·제공하는 매장,c6fb138b-4b0a-4ca6-b7f1-5ddfd1906b2b,초록야채,야채,말바우우산 골목형상점가,골목형상점가,광주광역시,3.0,3.0,,,RESOLVED_AGREEMENT,False,3,,,,
e6482295f0adc3b04214,val,야채,T1 정확표기,q_야채_02,야채,식료품 중 '야채'를 판매·제공하는 매장,48e28a16-c067-4213-97d9-bca504d288ac,털보야채,야채,산본전통시장(구 군포산본시장),전통시장,경기도,3.0,3.0,,,RESOLVED_AGREEMENT,False,3,,,,
6e148617fde9ade40bb0,val,야채,T1 정확표기,q_야채_02,야채,식료품 중 '야채'를 판매·제공하는 매장,005313c8-dce8-49b6-9841-9143ebb1305a,동원떡집,,박달시장,전통시장,경기도,0.0,0.0,,,RESOLVED_AGREEMENT,False,0,,,,
96a4a76ddd6cb54117dd,val,야채,T1 정확표기,q_야채_02,야채,식료품 중 '야채'를 판매·제공하는 매장,2def569d-e026-4651-acb2-a05713e65e6e,알뜰장터,,구서오시게시장,전통시장,부산광역시,,0.0,Y,,P0_UNCERTAIN_OR_MISSING,True,,,,,
486d8fc3868c6a14a33d,val,야채,T1 정확표기,q_야채_02,야채,식료품 중 '야채'를 판매·제공하는 매장,00b6e321-5954-437c-b1d9-94fded29f67e,웰빙마트,식품,서남신시장,전통시장,대구광역시,1.0,1.0,,,RESOLVED_AGREEMENT,False,1,,,,
ce1c4b1083cd2b800b13,val,야채,T1 정확표기,q_야채_02,야채,식료품 중 '야채'를 판매·제공하는 매장,a317cb48-d55d-4ee0-af3e-ee11a70d345b,야채나라,야채,도마큰시장,전통시장,대전광역시,3.0,3.0,,,RESOLVED_AGREEMENT,False,3,,,,
d9430dd9c9aadc099f66,val,야채,T1 정확표기,q_야채_02,야채,식료품 중 '야채'를 판매·제공하는 매장,d92b7520-22e8-4f13-b2c6-1eb40f26a376,유섭야채,야채,광명전통시장,전통시장,경기도,3.0,3.0,,,RESOLVED_AGREEMENT,False,3,,,,
b8228461e33dc4ebe214,val,야채,T1 정확표기,q_야채_02,야채,식료품 중 '야채'를 판매·제공하는 매장,119443db-435e-4a55-871a-ad6adcb5d03c,현대야채,야채,비단길현대시장,전통시장,서울특별시,3.0,3.0,,,RESOLVED_AGREEMENT,False,3,,,,
71f2652f66f836a5fdb6,val,야채,T1 정확표기,q_야채_02,야채,식료품 중 '야채'를 판매·제공하는 매장,566dd58f-9081-4d60-b591-35b8d7a1384f,머슴상회,야채,천안중앙시장,전통시장,충청남도,3.0,3.0,,,RESOLVED_AGREEMENT,False,3,,,,
de0eb152d05a83a891a2,val,야채,T1 정확표기,q_야채_02,야채,식료품 중 '야채'를 판매·제공하는 매장,764189f1-6a9f-42f3-90b5-22cc56f83897,아란야채,야채,자마장시장골목형상점가,골목형상점가,서울특별시,3.0,3.0,,,RESOLVED_AGREEMENT,False,3,,,,
a07e2bafe4ca6eaeb877,val,야채,T1 정확표기,q_야채_02,야채,식료품 중 '야채'를 판매·제공하는 매장,fbcc3687-4672-4de3-ae9e-1a8c75592d8c,싱싱야채,야채,남부골목시장,전통시장,서울특별시,3.0,3.0,,,RESOLVED_AGREEMENT,False,3,,,,
a10249dcb9599f8990db,val,야채,T1 정확표기,q_야채_02,야채,식료품 중 '야채'를 판매·제공하는 매장,0097b3e2-b5cf-4050-b719-c9d7738067c0,시흥상회,"소매(야채,과일)",광명전통시장,전통시장,경기도,3.0,3.0,,,RESOLVED_AGREEMENT,False,3,,,,
e6363195a8874a7a99c3,val,야채,T1 정확표기,q_야채_02,야채,식료품 중 '야채'를 판매·제공하는 매장,1e3ab7f6-910c-43a9-9a9b-c519206e1ac1,야채나라,야채,충주자유시장,전통시장,충청북도,3.0,3.0,,,RESOLVED_AGREEMENT,False,3,,,,
5d8a7c813f1f32d9e248,val,야채,T1 정확표기,q_야채_02,야채,식료품 중 '야채'를 판매·제공하는 매장,99e2a586-cbea-41ae-a9bd-8dd16e0e6374,야채나라,야채,마천중앙시장,전통시장,서울특별시,3.0,3.0,,,RESOLVED_AGREEMENT,False,3,,,,
ea79355fddbe29b46437,val,야채,T1 정확표기,q_야채_02,야채,식료품 중 '야채'를 판매·제공하는 매장,4153b473-b7ad-4814-b6f0-07ab68bed172,대박야채,야채,광명새마을시장,전통시장,경기도,3.0,3.0,,,RESOLVED_AGREEMENT,False,3,,,,
79f6931f5b43e4a8228b,val,야채,T1 정확표기,q_야채_02,야채,식료품 중 '야채'를 판매·제공하는 매장,547be72a-2b08-4865-acc9-efec48cc1450,야채꾼,야채,신 강남시장,전통시장,인천광역시,3.0,3.0,,,RESOLVED_AGREEMENT,False,3,,,,
45df5c4278634841048f,val,야채,T1 정확표기,q_야채_02,야채,식료품 중 '야채'를 판매·제공하는 매장,f19fad50-cf70-4c77-9d0c-050e1962ac04,희망야채,야채,청주육거리종합시장,전통시장,충청북도,3.0,3.0,,,RESOLVED_AGREEMENT,False,3,,,,
81733f5d386f3dbe97ec,val,야채,T1 정확표기,q_야채_02,야채,식료품 중 '야채'를 판매·제공하는 매장,53f0c82f-2be0-4282-9a47-bd949a09dae3,야채마을,야채,경주성동공설시장,전통시장,경상북도,3.0,3.0,,,RESOLVED_AGREEMENT,False,3,,,,
02dd969d9334df68fea6,val,야채,T1 정확표기,q_야채_02,야채,식료품 중 '야채'를 판매·제공하는 매장,8bb83aa6-dcc0-47be-80b9-50c422cc1024,대귀상회,야채,군산신영시장,전통시장,전북특별자치도,3.0,3.0,,,RESOLVED_AGREEMENT,False,3,,,,
0512fcd9a53cd0552a8b,val,야채,T1 정확표기,q_야채_02,야채,식료품 중 '야채'를 판매·제공하는 매장,acaccd9c-161b-4569-91d9-e232de3947d5,똘맹상회,야채,연무안심시장,전통시장,충청남도,3.0,3.0,,,RESOLVED_AGREEMENT,False,3,,,,
8a0ab305395c7daeb0b8,val,야채,T1 정확표기,q_야채_02,야채,식료품 중 '야채'를 판매·제공하는 매장,015915e3-2542-4245-b627-0c775b4c5501,한내떡집,,거제 고현시장,전통시장,경상남도,0.0,0.0,,,RESOLVED_AGREEMENT,False,0,,,,
ec5469e194aede466c6d,val,야채,T1 정확표기,q_야채_02,야채,식료품 중 '야채'를 판매·제공하는 매장,65fce9a0-7e51-4c12-b7a2-f38a6359734a,금와농산,야채,마산어시장,전통시장,경상남도,3.0,3.0,,,RESOLVED_AGREEMENT,False,3,,,,
e63129838755092c39d0,val,야채,T1 정확표기,q_야채_02,야채,식료품 중 '야채'를 판매·제공하는 매장,8e80de93-306c-420f-9a8e-bc873e29a22f,장군야채,야채,서문공설시장,전통시장,제주특별자치도,3.0,3.0,,,RESOLVED_AGREEMENT,False,3,,,,
cd5c7e3a668a028a330b,val,야채,T1 정확표기,q_야채_02,야채,식료품 중 '야채'를 판매·제공하는 매장,c89872f7-7a0e-4e4b-905a-e116a10d65b9,골목야채,야채,광명새마을시장,전통시장,경기도,3.0,3.0,,,RESOLVED_AGREEMENT,False,3,,,,
0f0494710b62869685c6,val,야채,T1 정확표기,q_야채_02,야채,식료품 중 '야채'를 판매·제공하는 매장,56db4778-14ee-4046-a171-821fc0e3f8ce,산수쌈밥,쌈밥,전남여고후문 골목형상점가,골목형상점가,광주광역시,0.0,0.0,,,RESOLVED_AGREEMENT,False,0,,,,
4a0274b7bce272478309,val,야채,T1 정확표기,q_야채_02,야채,식료품 중 '야채'를 판매·제공하는 매장,014fc673-2f3b-48cf-a134-d5aebb132435,동성상회,야채,동두천중앙시장,전통시장,경기도,3.0,3.0,,,RESOLVED_AGREEMENT,False,3,,,,
55c6b03b6e6d139de341,val,야채,T1 정확표기,q_야채_02,야채,식료품 중 '야채'를 판매·제공하는 매장,cbde5229-a947-400e-8b14-8f986136869f,한국야채,야채,동문동 골목형상점가,골목형상점가,충청남도,3.0,3.0,,,RESOLVED_AGREEMENT,False,3,,,,
73d20d6bf4c40ac8e443,val,야채,T1 정확표기,q_야채_02,야채,식료품 중 '야채'를 판매·제공하는 매장,1485104c-8857-4c5a-96c2-41c5f3167ba1,사북야채,야채,정선사북시장,전통시장,강원특별자치도,3.0,3.0,,,RESOLVED_AGREEMENT,False,3,,,,
351620615718de2e3d95,val,야채,T1 정확표기,q_야채_02,야채,식료품 중 '야채'를 판매·제공하는 매장,41af77ff-ade5-45b5-85be-c3a0fa3007bf,위핏헬스&PT 수유역점,체력단련,수유역골목형상점가,골목형상점가,서울특별시,0.0,0.0,,,RESOLVED_AGREEMENT,False,0,,,,
beadfa4ca86027c61c9d,val,야채,T1 정확표기,q_야채_02,야채,식료품 중 '야채'를 판매·제공하는 매장,0533a201-3b07-4029-8158-c4d2ad17c7bf,텃밭쌈밥,쌈밥,역전시장,전통시장,충청남도,0.0,0.0,,,RESOLVED_AGREEMENT,False,0,,,,
a70e9c28bd2c91a3a7ac,val,야채,T1 정확표기,q_야채_02,야채,식료품 중 '야채'를 판매·제공하는 매장,00534c22-4465-442e-95db-66dd08f99320,삼원상회,채소,칠성시장,전통시장,대구광역시,3.0,3.0,,,RESOLVED_AGREEMENT,False,3,,,,
c3bbfd8cdb7a7a845705,val,야채,T1 정확표기,q_야채_02,야채,식료품 중 '야채'를 판매·제공하는 매장,014b06bd-3fa3-4cde-b459-e62ca64c33aa,조은식품,채소,하양꿈바우시장,전통시장,경상북도,3.0,3.0,,,RESOLVED_AGREEMENT,False,3,,,,
2fb565c3aeab44d5a1d1,val,야채,T1 정확표기,q_야채_02,야채,식료품 중 '야채'를 판매·제공하는 매장,12bac5de-59a7-472a-946b-5e38694a5648,한옥촌,쌈밥,전농배봉산맛집거리골목형상점가,골목형상점가,서울특별시,0.0,0.0,,,RESOLVED_AGREEMENT,False,0,,,,
eb2ecf142b9e8cdb46c9,val,야채,T1 정확표기,q_야채_02,야채,식료품 중 '야채'를 판매·제공하는 매장,8202a6d7-eb7a-4633-b623-3e880b45eb19,하루야채,야채,대곡시장,전통시장,대구광역시,3.0,3.0,,,RESOLVED_AGREEMENT,False,3,,,,
b89c370f411c1ce27fd0,val,야채,T1 정확표기,q_야채_02,야채,식료품 중 '야채'를 판매·제공하는 매장,92da0656-f166-4e15-870e-0d717d8f47f4,미래야채,야채,의정부청과야채시장,전통시장,경기도,3.0,3.0,,,RESOLVED_AGREEMENT,False,3,,,,
cff516d372d7ff439423,val,야채,T1 정확표기,q_야채_02,야채,식료품 중 '야채'를 판매·제공하는 매장,f8fad427-c4f7-45ca-aa49-dbebc20cd7dd,현대야채,야채,원종고강제일시장(부천제일시장),전통시장,경기도,3.0,3.0,,,RESOLVED_AGREEMENT,False,3,,,,
6bdcfbe169ea9c03ebde,val,야채,T1 정확표기,q_야채_02,야채,식료품 중 '야채'를 판매·제공하는 매장,0622e5e4-d762-4378-aeb6-eb6148f9dec6,개도리김치,"김치, 채소, 건어물",나주목사고을시장,전통시장,,3.0,3.0,,,RESOLVED_AGREEMENT,False,3,,,,
480cd8674abcee5a4762,val,야채,T1 정확표기,q_야채_02,야채,식료품 중 '야채'를 판매·제공하는 매장,01f160fc-531c-4191-aa22-453462e0f38a,천년,김치,오정동상점가,자율상권구역,대전광역시,1.0,0.0,,,P2_GRADED_ONLY,True,,,,,
24b3e26a945f8fd9d20f,val,야채,T1 정확표기,q_야채_02,야채,식료품 중 '야채'를 판매·제공하는 매장,0045f871-6f40-4361-bcdd-2b94bf597287,무파장터,야채 청과물,신금정시장 골목형 상점가,골목형상점가,부산광역시,3.0,3.0,,,RESOLVED_AGREEMENT,False,3,,,,
7049c402b8f36dbe419f,val,야채,T1 정확표기,q_야채_02,야채,식료품 중 '야채'를 판매·제공하는 매장,b2744507-c9a4-47d9-a876-b769daa6a807,대륙야채,야채,남천해변시장,전통시장,부산광역시,3.0,3.0,,,RESOLVED_AGREEMENT,False,3,,,,
a1d8df67cb5a74c68efb,val,야채,T1 정확표기,q_야채_02,야채,식료품 중 '야채'를 판매·제공하는 매장,00333be0-b70d-4197-aa97-5a277d61e0da,㈜신진후르츠,과일,부전농수산물새벽시장,전통시장,부산광역시,1.0,2.0,,,P1_BINARY_THRESHOLD,True,,,,,
91fa0ff2207a2e28dbc2,val,야채,T1 정확표기,q_야채_02,야채,식료품 중 '야채'를 판매·제공하는 매장,b15231c9-07aa-4d31-9c9e-611b56f7614b,대전야채,야채,신도꼼지락시장,전통시장,대전광역시,3.0,3.0,,,RESOLVED_AGREEMENT,False,3,,,,
d176c15db03ad35edc2c,val,야채,T1 정확표기,q_야채_02,야채,식료품 중 '야채'를 판매·제공하는 매장,12793542-a6b9-4d91-933c-013481c83e89,진덕야채,야채,안양남부시장,전통시장,경기도,3.0,3.0,,,RESOLVED_AGREEMENT,False,3,,,,
d7fc763edf2263237db4,val,야채,T1 정확표기,q_야채_02,야채,식료품 중 '야채'를 판매·제공하는 매장,ef49df52-15c6-43fd-9d5e-241ae6a6b0f3,행운야채,야채,아랫장장평로상점가,자율상권구역,전라남도,3.0,3.0,,,RESOLVED_AGREEMENT,False,3,,,,
470d02bf5a8d3850204c,val,야채,T1 정확표기,q_야채_02,야채,식료품 중 '야채'를 판매·제공하는 매장,00947369-dfd0-4074-b22e-c8b430a98a70,에스.에이.팜(S.A.farm),"표고버섯및농산물, 잡화, 통신판매",무주반딧불상권활성화구역,상권활성화구역,전북특별자치도,3.0,3.0,,,RESOLVED_AGREEMENT,False,3,,,,
de347e83be7d6c4249b4,val,야채,T1 정확표기,q_야채_02,야채,식료품 중 '야채'를 판매·제공하는 매장,4128e84a-7435-4568-91d4-e2c206c7f3d6,야채상회,야채,해남매일시장,전통시장,전라남도,3.0,3.0,,,RESOLVED_AGREEMENT,False,3,,,,
88dfdb21329f18e37c5d,val,야채,T1 정확표기,q_야채_02,야채,식료품 중 '야채'를 판매·제공하는 매장,10e4b9b6-662b-436c-b9b7-b82677f0ecd8,계룡야채,야채,부사시장,전통시장,대전광역시,3.0,3.0,,,RESOLVED_AGREEMENT,False,3,,,,
a22bd96f086a9772c38b,val,야채,T1 정확표기,q_야채_02,야채,식료품 중 '야채'를 판매·제공하는 매장,604f494a-b0d6-48de-8f15-e59ec673638a,금호야채,야채,금부로상인회 골목형상점가,골목형상점가,광주광역시,3.0,3.0,,,RESOLVED_AGREEMENT,False,3,,,,
e3a036d2d946b0876169,val,야채,T1 정확표기,q_야채_02,야채,식료품 중 '야채'를 판매·제공하는 매장,09f5bb3f-dfa0-4037-b9d8-8355f7a5e900,명숙야채,야채,만수시장,전통시장,인천광역시,3.0,3.0,,,RESOLVED_AGREEMENT,False,3,,,,
5127fd89d92fb5b5c341,val,야채,T1 정확표기,q_야채_02,야채,식료품 중 '야채'를 판매·제공하는 매장,3526b88c-624e-427b-9369-30ee70b121b8,에덴야채,야채,박달시장,전통시장,경기도,3.0,3.0,,,RESOLVED_AGREEMENT,False,3,,,,
da6e8c9a4e24fdbd1856,val,야채,T1 정확표기,q_야채_02,야채,식료품 중 '야채'를 판매·제공하는 매장,67023459-41ed-45c3-a5de-e5d4bb552c93,비슬상회,야채,대구청과시장,전통시장,대구광역시,3.0,3.0,,,RESOLVED_AGREEMENT,False,3,,,,
e4d74ce303af61bbf69a,val,야채,T1 정확표기,q_야채_02,야채,식료품 중 '야채'를 판매·제공하는 매장,f6f5e07e-5c4b-45c2-8c81-b29bc6f63aa8,야채나라,야채,김해 외동전통시장,전통시장,경상남도,3.0,3.0,,,RESOLVED_AGREEMENT,False,3,,,,
9b6ff141e8674b17f478,val,야채,T1 정확표기,q_야채_02,야채,식료품 중 '야채'를 판매·제공하는 매장,90eda389-44fa-4cc1-9155-a2d0713a828d,시장야채,야채,우림골목시장,전통시장,서울특별시,3.0,3.0,,,RESOLVED_AGREEMENT,False,3,,,,
68048a4f010f95ac6a89,val,야채,T2 동의어,q_야채_03,농산물,식료품 중 '야채'를 판매·제공하는 매장,006601da-192a-4275-90bf-aa320c79ea9f,바이럽,샐러드,현풍백년도깨비시장,전통시장,대구광역시,1.0,0.0,,,P2_GRADED_ONLY,True,,,,,
5c9e36ea39e8a3200665,val,야채,T2 동의어,q_야채_03,농산물,식료품 중 '야채'를 판매·제공하는 매장,094034a6-6e93-4a23-ab51-efbdb716e924,봉구농산물,농산물,정자시장,전통시장,경기도,3.0,3.0,,,RESOLVED_AGREEMENT,False,3,,,,
fdd09c22b3ac1061ed75,val,야채,T2 동의어,q_야채_03,농산물,식료품 중 '야채'를 판매·제공하는 매장,43c03e36-c146-4944-bcd4-879bc435fad2,도온쌈,쌈밥,남이동길골목형상점가,골목형상점가,서울특별시,0.0,0.0,,,RESOLVED_AGREEMENT,False,0,,,,
e567aed80fe5dcf47ff3,val,야채,T2 동의어,q_야채_03,농산물,식료품 중 '야채'를 판매·제공하는 매장,53420386-ae84-4e24-b7b3-4590952cba0d,성태농산,농산물,서부시장,전통시장,대구광역시,3.0,3.0,,,RESOLVED_AGREEMENT,False,3,,,,
8f43c1dddb8af382a593,val,야채,T2 동의어,q_야채_03,농산물,식료품 중 '야채'를 판매·제공하는 매장,014072fb-b412-4fb3-a663-31dbf80e44a6,매일상회,"야채, 과일",고산미소시장(고산시장),전통시장,전북특별자치도,3.0,3.0,,,RESOLVED_AGREEMENT,False,3,,,,
f10b6f7d5f0748e501ca,val,야채,T2 동의어,q_야채_03,농산물,식료품 중 '야채'를 판매·제공하는 매장,f0406e1f-36f1-4f7e-b4e2-8c4fe8a18e11,식후경,농산물,양평물맑은시장,전통시장,경기도,3.0,3.0,,,RESOLVED_AGREEMENT,False,3,,,,
d27713a205b621cd87cc,val,야채,T2 동의어,q_야채_03,농산물,식료품 중 '야채'를 판매·제공하는 매장,05530d0f-82ed-47a1-8015-32b6c30e3752,진수산삼다식품,"젓갈류, 김치, 수산물",동문재래시장,전통시장,제주특별자치도,1.0,0.0,,,P2_GRADED_ONLY,True,,,,,
9740195243dc8bb546bb,val,야채,T2 동의어,q_야채_03,농산물,식료품 중 '야채'를 판매·제공하는 매장,d287102e-fd7c-47b6-85ca-888432a33995,서울농산물,농산물,창원 봉곡시장,전통시장,경상남도,3.0,3.0,,,RESOLVED_AGREEMENT,False,3,,,,
8ca4100a533b9a8eb86f,val,야채,T2 동의어,q_야채_03,농산물,식료품 중 '야채'를 판매·제공하는 매장,4a620ed7-8030-458b-83db-dc91d8da3d8d,우리농산물,농산물,창원 봉곡시장,전통시장,경상남도,3.0,3.0,,,RESOLVED_AGREEMENT,False,3,,,,
46f3ddda28463ace3cc3,val,야채,T2 동의어,q_야채_03,농산물,식료품 중 '야채'를 판매·제공하는 매장,001cb3d4-5441-4963-b517-d5b3904ee312,현창떡집,떡집,목포동부시장,전통시장,전라남도,0.0,0.0,,,RESOLVED_AGREEMENT,False,0,,,,
2c671a43ac7c87cb33cb,val,야채,T2 동의어,q_야채_03,농산물,식료품 중 '야채'를 판매·제공하는 매장,b3549e96-fa77-43d3-98ab-641c629b817e,우리농산물,농산물,황지자유시장,전통시장,강원특별자치도,3.0,3.0,,,RESOLVED_AGREEMENT,False,3,,,,
a5beb45ee01dc56d1359,val,야채,T2 동의어,q_야채_03,농산물,식료품 중 '야채'를 판매·제공하는 매장,ac54ef7e-826b-4b57-99d8-1f47e48cef9a,우리농산물,농산물,사상시장,전통시장,부산광역시,3.0,3.0,,,RESOLVED_AGREEMENT,False,3,,,,
74166ae94faa0fd9c1ec,val,야채,T2 동의어,q_야채_03,농산물,식료품 중 '야채'를 판매·제공하는 매장,7da5ed22-70b5-46eb-a4b9-277c12a08213,농산물,농산물,화곡본동시장,전통시장,서울특별시,3.0,3.0,,,RESOLVED_AGREEMENT,False,3,,,,
46d3aab82409b550ad09,val,야채,T2 동의어,q_야채_03,농산물,식료품 중 '야채'를 판매·제공하는 매장,7d9fe93b-8a49-46f9-98d4-b50c1e3305d4,보떼제주중앙로,화장품,중앙로상점가,자율상권구역,제주특별자치도,0.0,0.0,,,RESOLVED_AGREEMENT,False,0,,,,
7e6c74148a224ba99cd9,val,야채,T2 동의어,q_야채_03,농산물,식료품 중 '야채'를 판매·제공하는 매장,7f0a14c5-a8b7-4933-b041-68a06cfd1aa0,고령농산물,농산물,서남신시장,전통시장,대구광역시,3.0,3.0,,,RESOLVED_AGREEMENT,False,3,,,,
5347ad3af43f69694b81,val,야채,T2 동의어,q_야채_03,농산물,식료품 중 '야채'를 판매·제공하는 매장,b495b507-16c2-4160-99aa-cf18edf9a77c,여희주,농산물,부산새벽시장,전통시장,부산광역시,3.0,3.0,,,RESOLVED_AGREEMENT,False,3,,,,
7813a87d91fa814ab199,val,야채,T2 동의어,q_야채_03,농산물,식료품 중 '야채'를 판매·제공하는 매장,00947369-dfd0-4074-b22e-c8b430a98a70,에스.에이.팜(S.A.farm),"표고버섯및농산물, 잡화, 통신판매",무주반딧불상권활성화구역,상권활성화구역,전북특별자치도,3.0,3.0,,,RESOLVED_AGREEMENT,False,3,,,,
a952e1f893920e6cd239,val,야채,T2 동의어,q_야채_03,농산물,식료품 중 '야채'를 판매·제공하는 매장,00045dfc-0681-4fb3-8265-33b3df14c289,한라농산,과일,황지시장상점가,자율상권구역,강원특별자치도,1.0,2.0,,,P1_BINARY_THRESHOLD,True,,,,,
4be195f4b1bf3c72006e,val,야채,T2 동의어,q_야채_03,농산물,식료품 중 '야채'를 판매·제공하는 매장,0097b3e2-b5cf-4050-b719-c9d7738067c0,시흥상회,"소매(야채,과일)",광명전통시장,전통시장,경기도,3.0,3.0,,,RESOLVED_AGREEMENT,False,3,,,,
1db7a478663de7945b28,val,야채,T2 동의어,q_야채_03,농산물,식료품 중 '야채'를 판매·제공하는 매장,ba528885-ac80-461b-8919-6b01277f4b51,채소밭,농산물,인헌시장,전통시장,서울특별시,3.0,3.0,,,RESOLVED_AGREEMENT,False,3,,,,
e90b323e3513a8e375ca,val,야채,T2 동의어,q_야채_03,농산물,식료품 중 '야채'를 판매·제공하는 매장,c5da322f-170e-49a7-93da-c540f99432a6,정님과일,농산물,중앙신시장,전통시장,경상북도,3.0,3.0,,,RESOLVED_AGREEMENT,False,3,,,,
098974860803c0bc9f5f,val,야채,T2 동의어,q_야채_03,농산물,식료품 중 '야채'를 판매·제공하는 매장,0042e83d-930b-4d1d-a96f-f1a2691256cd,성화상회,과일,대구능금시장,전통시장,대구광역시,1.0,2.0,,,P1_BINARY_THRESHOLD,True,,,,,
31a9efcecc5772e97390,val,야채,T2 동의어,q_야채_03,농산물,식료품 중 '야채'를 판매·제공하는 매장,acab1470-87df-42fb-bad5-6b7170c85760,큐사랑,화장품 잡화 염색약,동가재미 골목형상점가,골목형상점가,전북특별자치도,0.0,0.0,,,RESOLVED_AGREEMENT,False,0,,,,
2664e011e0ca98165882,val,야채,T2 동의어,q_야채_03,농산물,식료품 중 '야채'를 판매·제공하는 매장,1db17bc1-7bbb-4eaf-9f28-15007769c85a,일심농산물,농산물,대조시장,전통시장,서울특별시,3.0,3.0,,,RESOLVED_AGREEMENT,False,3,,,,
987ae2219bef5532df42,val,야채,T2 동의어,q_야채_03,농산물,식료품 중 '야채'를 판매·제공하는 매장,00f0eee4-789e-4a7b-afc5-f1e7fc279b83,전국상회,야채,청량리종합시장,전통시장,서울특별시,3.0,3.0,,,RESOLVED_AGREEMENT,False,3,,,,
b567e3ccc46fa565b8f9,val,야채,T2 동의어,q_야채_03,농산물,식료품 중 '야채'를 판매·제공하는 매장,46d31234-3000-4428-8a73-8cb01a3901bf,허당총각농산,농산물,화곡중앙시장,전통시장,서울특별시,3.0,3.0,,,RESOLVED_AGREEMENT,False,3,,,,
61be55f897fc74a736f2,val,야채,T2 동의어,q_야채_03,농산물,식료품 중 '야채'를 판매·제공하는 매장,df3ce846-4749-413d-87fc-46b272460604,호떡네,농산물,대림골목시장,전통시장,서울특별시,3.0,3.0,,,RESOLVED_AGREEMENT,False,3,,,,
b7c1665eff2c5b54c94f,val,야채,T2 동의어,q_야채_03,농산물,식료품 중 '야채'를 판매·제공하는 매장,00333be0-b70d-4197-aa97-5a277d61e0da,㈜신진후르츠,과일,부전농수산물새벽시장,전통시장,부산광역시,1.0,2.0,,,P1_BINARY_THRESHOLD,True,,,,,
790ceee02aee9152cc0e,val,야채,T2 동의어,q_야채_03,농산물,식료품 중 '야채'를 판매·제공하는 매장,bfdbcb2e-575b-413a-a40e-766cb8567177,에덴농산물,농산물,만수시장,전통시장,인천광역시,3.0,3.0,,,RESOLVED_AGREEMENT,False,3,,,,
5607bfa7b1cdfa8f9674,val,야채,T2 동의어,q_야채_03,농산물,식료품 중 '야채'를 판매·제공하는 매장,138420cb-508b-48e2-89b8-4f9ec1bb4d85,바베큐파티 구구구,오리 삼겹 닭다리바베큐,천안중앙시장,전통시장,충청남도,0.0,3.0,,,P1_BINARY_THRESHOLD,True,,,,,
f1581b73489e0af80f65,val,야채,T2 동의어,q_야채_03,농산물,식료품 중 '야채'를 판매·제공하는 매장,747fac2e-ce2a-4be4-bfc0-9157e856c85e,아껴농수산물,농산물,방이시장,전통시장,서울특별시,3.0,3.0,,,RESOLVED_AGREEMENT,False,3,,,,
4e17a953749f032effae,val,야채,T2 동의어,q_야채_03,농산물,식료품 중 '야채'를 판매·제공하는 매장,9df137d1-df5c-4f9a-87c6-18812f720645,농산물상회,농산물,중앙신시장,전통시장,경상북도,3.0,3.0,,,RESOLVED_AGREEMENT,False,3,,,,
94a850a44f4f77bfbb9c,val,야채,T2 동의어,q_야채_03,농산물,식료품 중 '야채'를 판매·제공하는 매장,43f4a52d-6989-44c6-9169-98bfefc8fbef,부자 농산물,농산물,시흥삼미시장,전통시장,경기도,3.0,3.0,,,RESOLVED_AGREEMENT,False,3,,,,
3674dae2ae0452881467,val,야채,T2 동의어,q_야채_03,농산물,식료품 중 '야채'를 판매·제공하는 매장,005313c8-dce8-49b6-9841-9143ebb1305a,동원떡집,,박달시장,전통시장,경기도,0.0,0.0,,,RESOLVED_AGREEMENT,False,0,,,,
d22b70211fd6aed49ae8,val,야채,T2 동의어,q_야채_03,농산물,식료품 중 '야채'를 판매·제공하는 매장,aa076172-05a5-4b8c-9a7c-a6b35c81c410,세만농수산물,농산물,(유)문경중앙시장,전통시장,경상북도,3.0,3.0,,,RESOLVED_AGREEMENT,False,3,,,,
bdfaa61fbd5091708b97,val,야채,T2 동의어,q_야채_03,농산물,식료품 중 '야채'를 판매·제공하는 매장,009be3cd-7c52-41e4-91fc-c377ddfa78c0,언양시장야채,야채,언양알프스시장,전통시장,울산광역시,3.0,3.0,,,RESOLVED_AGREEMENT,False,3,,,,
49b12c9e0cb75d54d2c8,val,야채,T2 동의어,q_야채_03,농산물,식료품 중 '야채'를 판매·제공하는 매장,00344d24-5aaa-4dc7-ba51-3c041c147576,고향뜰영농조합법인,농산물,양산 북부시장,전통시장,경상남도,3.0,3.0,,,RESOLVED_AGREEMENT,False,3,,,,
7b945d3fb7ce92003a41,val,야채,T2 동의어,q_야채_03,농산물,식료품 중 '야채'를 판매·제공하는 매장,0533a201-3b07-4029-8158-c4d2ad17c7bf,텃밭쌈밥,쌈밥,역전시장,전통시장,충청남도,0.0,0.0,,,RESOLVED_AGREEMENT,False,0,,,,
dc4e51c156fc53c1f2d4,val,야채,T2 동의어,q_야채_03,농산물,식료품 중 '야채'를 판매·제공하는 매장,787c74d2-75e3-4fbc-8186-158741b99092,훈이네 농산물,농산물,안양중앙인정시장,전통시장,경기도,3.0,3.0,,,RESOLVED_AGREEMENT,False,3,,,,
e67e93836e6134d0b0f2,val,야채,T2 동의어,q_야채_03,농산물,식료품 중 '야채'를 판매·제공하는 매장,dd43d03c-47d7-4d36-a3db-4bfde960ed54,농산물,농산물,송정5일시장,전통시장,광주광역시,3.0,3.0,,,RESOLVED_AGREEMENT,False,3,,,,
eb9091136d0f6a9cebc1,val,야채,T2 동의어,q_야채_03,농산물,식료품 중 '야채'를 판매·제공하는 매장,f6a854b9-102c-49df-9f72-c1de84f07f8b,썬유통,농산물,영일시장,전통시장,서울특별시,3.0,3.0,,,RESOLVED_AGREEMENT,False,3,,,,
faf65fff31dacc42868f,val,야채,T2 동의어,q_야채_03,농산물,식료품 중 '야채'를 판매·제공하는 매장,a42196c8-844a-4eef-b81e-fa1d9bd70647,하봉식품,농산물,가경터미널시장,전통시장,충청북도,3.0,3.0,,,RESOLVED_AGREEMENT,False,3,,,,
2737c77e6f4c3f0b8518,val,야채,T2 동의어,q_야채_03,농산물,식료품 중 '야채'를 판매·제공하는 매장,008b2657-018e-4d46-b0b0-a173aee3f37a,대원상회,농산물,대구능금시장,전통시장,대구광역시,3.0,3.0,,,RESOLVED_AGREEMENT,False,3,,,,
1461b94825be785d6d0b,val,야채,T2 동의어,q_야채_03,농산물,식료품 중 '야채'를 판매·제공하는 매장,09e5fb7c-d0cc-4720-92df-5a5cece636c7,샐러리아 잠실본점,샐러드,방이시장,전통시장,서울특별시,1.0,0.0,,,P2_GRADED_ONLY,True,,,,,
4a8ea9792155e7b6c376,val,야채,T2 동의어,q_야채_03,농산물,식료품 중 '야채'를 판매·제공하는 매장,6c750ada-8adc-4d69-a977-3718e005a58a,대득농원,농산물,북평민속시장(북평민속5일장),전통시장,강원특별자치도,3.0,3.0,,,RESOLVED_AGREEMENT,False,3,,,,
76b33a3dcd17f46f715b,val,야채,T2 동의어,q_야채_03,농산물,식료품 중 '야채'를 판매·제공하는 매장,497daf6b-e98d-4428-a083-264112232d59,영덕농산물,농산물,영덕시장,전통시장,경상북도,3.0,3.0,,,RESOLVED_AGREEMENT,False,3,,,,
b5f4d0e903e20723575a,val,야채,T2 동의어,q_야채_03,농산물,식료품 중 '야채'를 판매·제공하는 매장,0307a482-3b90-4a2e-926a-257117ab7ff6,성진농산물,농산물,영천시장,전통시장,서울특별시,3.0,3.0,,,RESOLVED_AGREEMENT,False,3,,,,
4b429dbc8c502ca21e0d,val,야채,T2 동의어,q_야채_03,농산물,식료품 중 '야채'를 판매·제공하는 매장,0045f871-6f40-4361-bcdd-2b94bf597287,무파장터,야채 청과물,신금정시장 골목형 상점가,골목형상점가,부산광역시,3.0,3.0,,,RESOLVED_AGREEMENT,False,3,,,,
451159828096ff522d92,val,야채,T2 동의어,q_야채_03,농산물,식료품 중 '야채'를 판매·제공하는 매장,009a3629-5dbc-47c2-adea-b1f9bc2c083a,동해농수산,야채,방학동도깨비시장,전통시장,서울특별시,3.0,3.0,,,RESOLVED_AGREEMENT,False,3,,,,
fa9b8fd96708c8c8c4e0,val,야채,T2 동의어,q_야채_03,농산물,식료품 중 '야채'를 판매·제공하는 매장,1ab26708-53cb-46c5-926e-5482d42595aa,은마농산물,농산물,김천황금시장,전통시장,경상북도,3.0,3.0,,,RESOLVED_AGREEMENT,False,3,,,,
ac5016e52ed42bedc147,val,야채,T2 동의어,q_야채_03,농산물,식료품 중 '야채'를 판매·제공하는 매장,9c824468-ed6e-41f9-8653-fbe9e5b0bd16,류군농산물,농산물,진주 청과시장,전통시장,경상남도,3.0,3.0,,,RESOLVED_AGREEMENT,False,3,,,,
283b87977890d9939c71,val,야채,T2 동의어,q_야채_03,농산물,식료품 중 '야채'를 판매·제공하는 매장,7466a46f-e7e0-4857-a976-595259d7e072,동원 라이프,생활용품,동원전통시장상점가,자율상권구역,서울특별시,0.0,0.0,,,RESOLVED_AGREEMENT,False,0,,,,
e868b983d5b53bf870b8,val,야채,T2 동의어,q_야채_03,농산물,식료품 중 '야채'를 판매·제공하는 매장,7208d357-ec9e-4a73-9393-5dfcd90dac44,보아스(농산물),농산물,오목교중앙시장,전통시장,서울특별시,3.0,3.0,,,RESOLVED_AGREEMENT,False,3,,,,
597142251ed758a25358,val,야채,T2 동의어,q_야채_03,농산물,식료품 중 '야채'를 판매·제공하는 매장,00891fcf-925f-4b76-bc26-179798787b48,정우상회,농산물,경동시장,전통시장,서울특별시,3.0,3.0,,,RESOLVED_AGREEMENT,False,3,,,,
2bddb90c9eb6e670a209,val,야채,T2 동의어,q_야채_03,농산물,식료품 중 '야채'를 판매·제공하는 매장,51cbad30-8455-42a0-a1de-e1e3519a9707,도두청과,농산물,제주시민속오일시장,전통시장,제주특별자치도,3.0,3.0,,,RESOLVED_AGREEMENT,False,3,,,,
e9f01ef13e5de29660b7,val,야채,T2 동의어,q_야채_03,농산물,식료품 중 '야채'를 판매·제공하는 매장,11aa89a5-0402-4288-96d4-5769acfa1fe8,영총상회,농산물,남광주해뜨는시장,전통시장,,3.0,3.0,,,RESOLVED_AGREEMENT,False,3,,,,
053cfdee2db0c16fec21,val,야채,T2 동의어,q_야채_03,농산물,식료품 중 '야채'를 판매·제공하는 매장,00534c22-4465-442e-95db-66dd08f99320,삼원상회,채소,칠성시장,전통시장,대구광역시,3.0,3.0,,,RESOLVED_AGREEMENT,False,3,,,,
fc1459ec0b8b5d69ab6a,val,야채,T2 동의어,q_야채_03,농산물,식료품 중 '야채'를 판매·제공하는 매장,b221da11-5085-4746-9bac-ed6230b77c18,의성 농산물,농산물,불로전통시장,전통시장,대구광역시,3.0,3.0,,,RESOLVED_AGREEMENT,False,3,,,,
df7eae44c548d8f4cb52,val,야채,T2 동의어,q_야채_03,농산물,식료품 중 '야채'를 판매·제공하는 매장,5196b50b-94b4-4761-8a91-82d3d49322df,용호농산물,농산물,청주육거리종합시장,전통시장,충청북도,3.0,3.0,,,RESOLVED_AGREEMENT,False,3,,,,
b749c73237de974e59be,val,야채,T2 동의어,q_야채_03,농산물,식료품 중 '야채'를 판매·제공하는 매장,21af70b0-6f9a-49a6-8c60-d75cce1425ae,청주농산물,농산물,청주육거리종합시장,전통시장,충청북도,3.0,3.0,,,RESOLVED_AGREEMENT,False,3,,,,
530e08ccb3bf5fc2c33f,val,야채,T2 동의어,q_야채_03,농산물,식료품 중 '야채'를 판매·제공하는 매장,9d1406fb-e030-441b-9e6b-f3ad9a209a3b,일육농산물,농산물,창원 봉곡시장,전통시장,경상남도,3.0,3.0,,,RESOLVED_AGREEMENT,False,3,,,,
4b57642ddf83c48a4c05,val,야채,T2 동의어,q_야채_03,농산물,식료품 중 '야채'를 판매·제공하는 매장,12bac5de-59a7-472a-946b-5e38694a5648,한옥촌,쌈밥,전농배봉산맛집거리골목형상점가,골목형상점가,서울특별시,0.0,0.0,,,RESOLVED_AGREEMENT,False,0,,,,
daacb7b6b6a9700400a1,val,야채,T2 동의어,q_야채_03,농산물,식료품 중 '야채'를 판매·제공하는 매장,038184a4-5a6c-4b87-bd06-b57b279f5b86,몬딱,농산물,서귀포매일올레시장,전통시장,제주특별자치도,3.0,3.0,,,RESOLVED_AGREEMENT,False,3,,,,
dce715f8e8f78f64bce6,val,야채,T2 동의어,q_야채_03,농산물,식료품 중 '야채'를 판매·제공하는 매장,99d3a619-e19b-4d94-9454-5418e0124bd0,단양농산물,농산물,단양구경시장(단양인정시장),전통시장,충청북도,3.0,3.0,,,RESOLVED_AGREEMENT,False,3,,,,
47c429af81e6af896452,val,야채,T2 동의어,q_야채_03,농산물,식료품 중 '야채'를 판매·제공하는 매장,00818eab-32ca-497e-ad5c-1c301a7ea4c9,13번상회,채소,마산 동마산시장,전통시장,경상남도,3.0,3.0,,,RESOLVED_AGREEMENT,False,3,,,,
dfcf782077c5bdff3495,val,야채,T2 동의어,q_야채_03,농산물,식료품 중 '야채'를 판매·제공하는 매장,014fc673-2f3b-48cf-a134-d5aebb132435,동성상회,야채,동두천중앙시장,전통시장,경기도,3.0,3.0,,,RESOLVED_AGREEMENT,False,3,,,,
afa17fe2751fb16bf01f,val,야채,T2 동의어,q_야채_03,농산물,식료품 중 '야채'를 판매·제공하는 매장,009f034c-8e3b-4a32-aab3-55ece8718004,장봐주는언니 임동점,농수축산물및 가공식품,제니스 골목형상점가,골목형상점가,광주광역시,1.0,0.0,,,P2_GRADED_ONLY,True,,,,,
e84333e3ee8e216fe58a,val,야채,T2 동의어,q_야채_03,농산물,식료품 중 '야채'를 판매·제공하는 매장,00b64830-f897-4643-a5fa-6d8950c2ef89,낭만상회,식품,문산자유시장,전통시장,경기도,1.0,0.0,,,P2_GRADED_ONLY,True,,,,,
eb66aaee29022160465f,val,야채,T2 동의어,q_야채_03,농산물,식료품 중 '야채'를 판매·제공하는 매장,b0143ed1-a8b5-41a7-9f98-0cd9a30ea072,대원농산물,농산물,간석자유시장,전통시장,인천광역시,3.0,3.0,,,RESOLVED_AGREEMENT,False,3,,,,
ed50f2ebf791d6253593,val,야채,T2 동의어,q_야채_03,농산물,식료품 중 '야채'를 판매·제공하는 매장,00468e6b-39c6-4ce1-a534-a6b1eecac01d,태양농산물,과일,정릉서경대길골목형상점가(정릉골),골목형상점가,서울특별시,2.0,3.0,,,P2_GRADED_ONLY,True,,,,,
2a2592d21784cbb45747,val,야채,T2 동의어,q_야채_03,농산물,식료품 중 '야채'를 판매·제공하는 매장,06f191fb-14b4-4d51-8efb-39d44343f1a7,유한회사 바르메이드,샐러드,상무시청상인회 골목형상점가,골목형상점가,광주광역시,1.0,0.0,,,P2_GRADED_ONLY,True,,,,,
60a4746338a3838d66ce,val,야채,T2 동의어,q_야채_03,농산물,식료품 중 '야채'를 판매·제공하는 매장,015915e3-2542-4245-b627-0c775b4c5501,한내떡집,,거제 고현시장,전통시장,경상남도,0.0,0.0,,,RESOLVED_AGREEMENT,False,0,,,,
fd33e079e885c6be12df,val,야채,T2 동의어,q_야채_03,농산물,식료품 중 '야채'를 판매·제공하는 매장,01e96e25-dcb5-4957-bc59-05c27b1dae7a,샐러드밀,샐러드,오룡행복 골목형상점가,골목형상점가,전라남도,1.0,0.0,,,P2_GRADED_ONLY,True,,,,,
7fc771ea436f2a6b7313,val,야채,T2 동의어,q_야채_03,농산물,식료품 중 '야채'를 판매·제공하는 매장,56db4778-14ee-4046-a171-821fc0e3f8ce,산수쌈밥,쌈밥,전남여고후문 골목형상점가,골목형상점가,광주광역시,0.0,0.0,,,RESOLVED_AGREEMENT,False,0,,,,
02771b1f652a0f5e81ec,val,야채,T2 동의어,q_야채_03,농산물,식료품 중 '야채'를 판매·제공하는 매장,00b6e321-5954-437c-b1d9-94fded29f67e,웰빙마트,식품,서남신시장,전통시장,대구광역시,1.0,1.0,,,RESOLVED_AGREEMENT,False,1,,,,
d4cb2931add6c0338439,val,야채,T2 동의어,q_야채_03,농산물,식료품 중 '야채'를 판매·제공하는 매장,01b4b567-78d4-4fa1-9bff-25fd01fb1a4c,소문난김치집,김치,중앙먹거리 상인회 골목형상점가,골목형상점가,전라남도,1.0,0.0,,,P2_GRADED_ONLY,True,,,,,
5b5cbb0b011d7ae3e106,val,야채,T2 동의어,q_야채_03,농산물,식료품 중 '야채'를 판매·제공하는 매장,7e21c031-d0a4-47fd-80fd-b3e74c48b32e,광명농산물,농산물,용산용문시장,전통시장,서울특별시,3.0,3.0,,,RESOLVED_AGREEMENT,False,3,,,,
1fe1917e4e02f02bec35,val,야채,T2 동의어,q_야채_03,농산물,식료품 중 '야채'를 판매·제공하는 매장,85bca4ae-fc63-46e0-8121-32431f141c34,강화농산물,농산물,강화풍물시장,전통시장,인천광역시,3.0,3.0,,,RESOLVED_AGREEMENT,False,3,,,,
deb2de61bee2bb29d3eb,val,야채,T2 동의어,q_야채_03,농산물,식료품 중 '야채'를 판매·제공하는 매장,65363b34-8d67-4686-ab8b-a68a54c160f4,어생청,농산물,화원시장,전통시장,대구광역시,3.0,3.0,,,RESOLVED_AGREEMENT,False,3,,,,
45bd731d27056ca58e34,val,야채,T2 동의어,q_야채_03,농산물,식료품 중 '야채'를 판매·제공하는 매장,10dcb9ff-2cd8-4eda-812d-644fdb1a381c,따올과,농산물,더불어용두 골목형상점가,골목형상점가,광주광역시,3.0,3.0,,,RESOLVED_AGREEMENT,False,3,,,,
b5bd047f2d63f370f81b,val,야채,T2 동의어,q_야채_03,농산물,식료품 중 '야채'를 판매·제공하는 매장,5505efc4-a8b0-470a-8dc3-5d635f5ae018,이레농산물,농산물,춘천번개시장,전통시장,강원특별자치도,3.0,3.0,,,RESOLVED_AGREEMENT,False,3,,,,
17a9be1c01515291505b,val,야채,T2 동의어,q_야채_03,농산물,식료품 중 '야채'를 판매·제공하는 매장,000527f2-442a-4dd1-9bfc-8a8cd9fd5410,(유)뉴현대상회,농산물,가락몰골목형상점가,골목형상점가,서울특별시,3.0,3.0,,,RESOLVED_AGREEMENT,False,3,,,,
e69705dcd30e4398bec4,val,야채,T2 동의어,q_야채_03,농산물,식료품 중 '야채'를 판매·제공하는 매장,611e2640-33f1-469d-8cc6-74c489f063d9,우리농산물,농산물,우리시장,자율상권구역,서울특별시,3.0,3.0,,,RESOLVED_AGREEMENT,False,3,,,,
9f26fcaeec700d399e4c,val,야채,T2 동의어,q_야채_03,농산물,식료품 중 '야채'를 판매·제공하는 매장,006204f3-b214-4611-a434-f896bf75e919,장터사랑,과일,농성세대공감상인회 골목형상점가,골목형상점가,광주광역시,1.0,2.0,,,P1_BINARY_THRESHOLD,True,,,,,
3c8bf7245119857fdea1,val,야채,T2 동의어,q_야채_03,농산물,식료품 중 '야채'를 판매·제공하는 매장,000a244a-1e28-40b7-8d55-d5b1055f12d2,진해상회,채소,마산어시장,전통시장,경상남도,3.0,3.0,,,RESOLVED_AGREEMENT,False,3,,,,
ab6f20fec323a3e4a865,val,야채,T2 동의어,q_야채_03,농산물,식료품 중 '야채'를 판매·제공하는 매장,f5ab7691-05b9-428c-ab2e-3aab69199f2d,서탄상회,농산물,송탄시장(송북시장),전통시장,경기도,3.0,3.0,,,RESOLVED_AGREEMENT,False,3,,,,
010073c5035448b975f2,val,야채,T2 동의어,q_야채_03,농산물,식료품 중 '야채'를 판매·제공하는 매장,758f5264-c8a9-435f-915d-612d7051e4de,훈철청과,농산물,서귀포향토오일시장,전통시장,제주특별자치도,3.0,3.0,,,RESOLVED_AGREEMENT,False,3,,,,
6e374b3b13c74cf7d4d7,val,야채,T2 동의어,q_야채_03,농산물,식료품 중 '야채'를 판매·제공하는 매장,0622e5e4-d762-4378-aeb6-eb6148f9dec6,개도리김치,"김치, 채소, 건어물",나주목사고을시장,전통시장,,3.0,3.0,,,RESOLVED_AGREEMENT,False,3,,,,
6b37dbd2c3e4184ef65e,val,야채,T2 동의어,q_야채_03,농산물,식료품 중 '야채'를 판매·제공하는 매장,45d62901-2b61-493a-b793-53e77a2bf233,광수만두,만두,금호상인회 골목형상점가,골목형상점가,광주광역시,0.0,0.0,,,RESOLVED_AGREEMENT,False,0,,,,
095f3ffa5f6a979fd106,val,야채,T2 동의어,q_야채_03,농산물,식료품 중 '야채'를 판매·제공하는 매장,b0f4f767-85f8-4835-ab03-0938fb339f2e,경워낭회,농산물,황지시장상점가,자율상권구역,강원특별자치도,3.0,3.0,,,RESOLVED_AGREEMENT,False,3,,,,
9c036aeb507f67de6cce,val,야채,T2 동의어,q_야채_03,농산물,식료품 중 '야채'를 판매·제공하는 매장,03a6e716-3825-40e3-ba06-e047ee5e5483,부일반찬,김치,초량전통시장,전통시장,부산광역시,1.0,1.0,,,RESOLVED_AGREEMENT,False,1,,,,
b399fc51132f6c254e3d,val,야채,T2 동의어,q_야채_03,농산물,식료품 중 '야채'를 판매·제공하는 매장,15578c36-25cb-47c6-b623-02d015391845,서가네쌈밥,쌈밥,면곡시장 골목형상점가,골목형상점가,서울특별시,0.0,0.0,,,RESOLVED_AGREEMENT,False,0,,,,
7b935358116303710407,val,야채,T2 동의어,q_야채_03,농산물,식료품 중 '야채'를 판매·제공하는 매장,f5133fff-9e6e-4ad7-b443-91082e174527,정준약초,농산물,제주시민속오일시장,전통시장,제주특별자치도,3.0,3.0,,,RESOLVED_AGREEMENT,False,3,,,,
bf8d1a52898712df3138,val,야채,T2 동의어,q_야채_03,농산물,식료품 중 '야채'를 판매·제공하는 매장,cf33d4a4-2e62-4a48-b399-9abab0d4c732,우리농산물,농산물,고덕골목형상점가,골목형상점가,서울특별시,3.0,3.0,,,RESOLVED_AGREEMENT,False,3,,,,
16aa00f85c8f7f79196d,val,야채,T2 동의어,q_야채_03,농산물,식료품 중 '야채'를 판매·제공하는 매장,007fd232-3c16-44ff-be59-cf265f3775e9,동문상회,채소버섯,팔달신시장,전통시장,대구광역시,3.0,3.0,,,RESOLVED_AGREEMENT,False,3,,,,
cf77062f8b6fed97db06,val,야채,T2 동의어,q_야채_03,농산물,식료품 중 '야채'를 판매·제공하는 매장,3d927899-6038-4a5b-b1b9-575496dab03d,흰돌상회,농산물,부전상가시장,전통시장,부산광역시,3.0,3.0,,,RESOLVED_AGREEMENT,False,3,,,,
ff13b642734eb5119592,val,야채,T2 동의어,q_야채_03,농산물,식료품 중 '야채'를 판매·제공하는 매장,8475b362-5086-4b1e-beb8-f23cb9669190,농산,농산물,안강공설시장,전통시장,경상북도,3.0,3.0,,,RESOLVED_AGREEMENT,False,3,,,,
6341ddbaadcce2165d54,val,야채,T2 동의어,q_야채_03,농산물,식료품 중 '야채'를 판매·제공하는 매장,75bba542-7767-4567-bfd3-b4e6de277604,하례농산,농산물,서귀포향토오일시장,전통시장,제주특별자치도,3.0,3.0,,,RESOLVED_AGREEMENT,False,3,,,,
89b982e937ecc7922b5f,val,야채,T2 동의어,q_야채_03,농산물,식료품 중 '야채'를 판매·제공하는 매장,008d4156-e489-4d1f-9205-b541972d35a8,과일왕,과일 잡화 야채 먹거리,연제동 골목형상점가,골목형상점가,광주광역시,3.0,3.0,,,RESOLVED_AGREEMENT,False,3,,,,
d93b30228bd5a83a3421,val,야채,T2 동의어,q_야채_03,농산물,식료품 중 '야채'를 판매·제공하는 매장,6f224767-c91c-4c3c-bded-50f005c5aba1,박갑철,농산물,칠성시장,전통시장,대구광역시,3.0,3.0,,,RESOLVED_AGREEMENT,False,3,,,,
a07d1b9eb7b75950efa9,val,야채,T2 동의어,q_야채_03,농산물,식료품 중 '야채'를 판매·제공하는 매장,2f69067a-7a10-4233-893d-2bdfb0b1ab45,우리농산물,농산물,혁신도시 대림동 골목형상점가,골목형상점가,대구광역시,3.0,3.0,,,RESOLVED_AGREEMENT,False,3,,,,
222380ff1538f4129490,val,야채,T2 동의어,q_야채_03,농산물,식료품 중 '야채'를 판매·제공하는 매장,016f8113-22a7-4ef1-a80f-0562dd2a06e9,동이식품,"식품, 농산물",중앙신시장,전통시장,경상북도,3.0,3.0,,,RESOLVED_AGREEMENT,False,3,,,,
ff8b75036d3443b8d671,val,야채,T2 동의어,q_야채_03,농산물,식료품 중 '야채'를 판매·제공하는 매장,fd2839e1-7b09-451d-909d-9ac56082dc71,차령농산,농산물,청주육거리종합시장,전통시장,충청북도,3.0,3.0,,,RESOLVED_AGREEMENT,False,3,,,,
13f4e6ffeca23e279b34,val,야채,T2 동의어,q_야채_03,농산물,식료품 중 '야채'를 판매·제공하는 매장,00c56499-bc90-4ed6-bb66-3802cc762889,의령상회,채소,부전상가시장,전통시장,부산광역시,3.0,3.0,,,RESOLVED_AGREEMENT,False,3,,,,
7f63c8e7476cbe1cdee7,val,야채,T2 동의어,q_야채_03,농산물,식료품 중 '야채'를 판매·제공하는 매장,0b8ef6dc-2f6b-4707-bd73-529122d9c97a,하단떡집,떡집,하단오일상설시장,전통시장,부산광역시,0.0,0.0,,,RESOLVED_AGREEMENT,False,0,,,,
7ae89333957cc1645439,val,야채,T2 동의어,q_야채_03,농산물,식료품 중 '야채'를 판매·제공하는 매장,9f3478f7-6995-4b88-85d4-983c46040f2a,대성유통,건어물,방신전통시장,전통시장,서울특별시,0.0,2.0,,,P1_BINARY_THRESHOLD,True,,,,,
3467a909fc9ec9b55f35,val,야채,T2 동의어,q_야채_03,농산물,식료품 중 '야채'를 판매·제공하는 매장,f51042de-dcca-4a2f-8452-4732dec835f6,스타농산물,농산물,관악중부시장골목형상점가,골목형상점가,서울특별시,3.0,3.0,,,RESOLVED_AGREEMENT,False,3,,,,
8d1078688a876c86388c,val,야채,T2 동의어,q_야채_03,농산물,식료품 중 '야채'를 판매·제공하는 매장,014b06bd-3fa3-4cde-b459-e62ca64c33aa,조은식품,채소,하양꿈바우시장,전통시장,경상북도,3.0,3.0,,,RESOLVED_AGREEMENT,False,3,,,,
f15ad749f8222b585999,val,야채,T2 동의어,q_야채_03,농산물,식료품 중 '야채'를 판매·제공하는 매장,f1980a14-2073-45a4-a391-c133cf9c2c98,큰유통,농산물,새마을시장,전통시장,서울특별시,3.0,3.0,,,RESOLVED_AGREEMENT,False,3,,,,
8916108ae7227bc27fe9,val,야채,T2 동의어,q_야채_03,농산물,식료품 중 '야채'를 판매·제공하는 매장,efb55ec0-ac79-41e6-9c36-c5c807dbb752,더진국 보정점,한식,누리 골목형상점가,골목형상점가,경기도,0.0,0.0,,,RESOLVED_AGREEMENT,False,0,,,,
c4b848e702cbc9db91ad,val,야채,T2 동의어,q_야채_03,농산물,식료품 중 '야채'를 판매·제공하는 매장,008d1ed4-a5d7-492e-9959-f8307a68cc5f,샐러드 정원,"샐러드, 샌드위치",미성동도깨비시장,골목형상점가,서울특별시,1.0,0.0,,,P2_GRADED_ONLY,True,,,,,
ac7f236ee2e6816e9c67,val,야채,T2 동의어,q_야채_03,농산물,식료품 중 '야채'를 판매·제공하는 매장,81b5378a-4508-4461-9d58-397787accff7,주헌물산,농산물,남문골목형상점가,골목형상점가,강원특별자치도,3.0,3.0,,,RESOLVED_AGREEMENT,False,3,,,,
5864eb06b4d9429b4c5e,val,야채,T2 동의어,q_야채_03,농산물,식료품 중 '야채'를 판매·제공하는 매장,00e92856-b294-4032-8540-d60e9817f2d8,럭키약국,"의약품, 건강기능식품, 식품",충무로골목형상점가,골목형상점가,서울특별시,1.0,0.0,,,P2_GRADED_ONLY,True,,,,,
829dc87e53a1446b6f54,val,야채,T2 동의어,q_야채_03,농산물,식료품 중 '야채'를 판매·제공하는 매장,2acebc6c-6274-4fdf-88aa-1d187bc8e77b,정헌상회,농산물,가락몰골목형상점가,골목형상점가,서울특별시,3.0,3.0,,,RESOLVED_AGREEMENT,False,3,,,,
f5b063e3f0ac2ceb0169,val,야채,T2 동의어,q_야채_03,농산물,식료품 중 '야채'를 판매·제공하는 매장,a04c8050-893b-498b-83db-49fe16177f77,한샘농산물,농산물,서현센트럴상점,골목형상점가,경기도,3.0,3.0,,,RESOLVED_AGREEMENT,False,3,,,,
7affdf45b6abf9f2a6e2,val,야채,T2 동의어,q_야채_03,농산물,식료품 중 '야채'를 판매·제공하는 매장,aba957b5-34cc-4232-8ceb-493c5a3f99ff,우리농산물,농산물,장안마실골목형상점가,골목형상점가,서울특별시,3.0,3.0,,,RESOLVED_AGREEMENT,False,3,,,,
231a759bc5ae9f5d54ff,val,야채,T2 동의어,q_야채_03,농산물,식료품 중 '야채'를 판매·제공하는 매장,986216b7-32bd-48c6-a752-926aef6a3cb2,승리 농산물,농산물,강화풍물시장,전통시장,인천광역시,3.0,3.0,,,RESOLVED_AGREEMENT,False,3,,,,
c3d29bf6f1f3167c2a2e,val,야채,T2 동의어,q_야채_03,농산물,식료품 중 '야채'를 판매·제공하는 매장,31fcc0ce-54c8-480a-a4b7-607597718a2d,농산물,과일,삼천동제일 골목형상점가,골목형상점가,전북특별자치도,2.0,3.0,,,P2_GRADED_ONLY,True,,,,,
e4f8b54793d9480b46e4,val,야채,T2 동의어,q_야채_03,농산물,식료품 중 '야채'를 판매·제공하는 매장,9e4281e3-0773-485e-8905-0bf4cbe58e41,사능유통,농산물,공릉동도깨비시장,전통시장,서울특별시,3.0,3.0,,,RESOLVED_AGREEMENT,False,3,,,,
3d5c239c8dd7135abe16,val,야채,T2 동의어,q_야채_03,농산물,식료품 중 '야채'를 판매·제공하는 매장,9f7c2610-deef-4558-8128-080c7e53fca7,우리농산물,농산물,아차산등산로골목형상점가,골목형상점가,서울특별시,3.0,3.0,,,RESOLVED_AGREEMENT,False,3,,,,
74ef5de4f35e20148bb0,val,야채,T2 동의어,q_야채_03,농산물,식료품 중 '야채'를 판매·제공하는 매장,87695168-02dd-49dd-af93-733c1c36149d,우리농산물,농산물,하동 화개장터,전통시장,경상남도,3.0,3.0,,,RESOLVED_AGREEMENT,False,3,,,,
87c0256577ecddd7ec38,val,야채,T2 동의어,q_야채_03,농산물,식료품 중 '야채'를 판매·제공하는 매장,01e1344e-fc61-4745-9a25-e3524df6fd59,우리농산물,농산물,용산용문시장,전통시장,서울특별시,3.0,3.0,,,RESOLVED_AGREEMENT,False,3,,,,
291980c46358b5abe8f2,val,야채,T2 동의어,q_야채_03,농산물,식료품 중 '야채'를 판매·제공하는 매장,24fc3b76-0c71-49b5-a6fb-449d736696cf,우리농산물,농산물,공릉동도깨비시장,전통시장,서울특별시,3.0,3.0,,,RESOLVED_AGREEMENT,False,3,,,,
ac672aa174c4c5b9dc8d,val,야채,T2 동의어,q_야채_03,농산물,식료품 중 '야채'를 판매·제공하는 매장,29395419-c296-4e86-91d9-ddb8ad6138a6,중앙슈퍼,슈퍼,청주중앙시장,전통시장,충청북도,0.0,1.0,,,P2_GRADED_ONLY,True,,,,,
d1e0d0507b74e1a25133,val,야채,T2 동의어,q_야채_03,농산물,식료품 중 '야채'를 판매·제공하는 매장,8008eb35-617a-4f33-95f6-2ef7cc9e37dc,우리농산물,농산물,덕정골목형상점가,골목형상점가,경기도,3.0,3.0,,,RESOLVED_AGREEMENT,False,3,,,,
b00a1347533fd80b5af1,val,야채,T2 동의어,q_야채_03,농산물,식료품 중 '야채'를 판매·제공하는 매장,04c905ba-3172-4ea4-a6dd-4345d674dea0,덕순이네,제조업(떡집),장터길 골목형상점가,골목형상점가,경기도,0.0,0.0,,,RESOLVED_AGREEMENT,False,0,,,,
dbd21d654893db781c60,val,야채,T2 동의어,q_야채_03,농산물,식료품 중 '야채'를 판매·제공하는 매장,01f160fc-531c-4191-aa22-453462e0f38a,천년,김치,오정동상점가,자율상권구역,대전광역시,1.0,0.0,,,P2_GRADED_ONLY,True,,,,,
98e058b3d5f0a756b08b,val,야채,T2 동의어,q_야채_03,농산물,식료품 중 '야채'를 판매·제공하는 매장,57e1b52b-f66f-42c8-b6aa-64a994665e42,하욱농원,농산물,영주골목시장,전통시장,경상북도,3.0,3.0,,,RESOLVED_AGREEMENT,False,3,,,,
68513431ba1f4caaddd0,val,야채,T2 동의어,q_야채_03,농산물,식료품 중 '야채'를 판매·제공하는 매장,c96d7b36-c30e-46ce-81b2-f67f6e79f1c4,가좌농산물,농산물,가좌시장,전통시장,인천광역시,3.0,3.0,,,RESOLVED_AGREEMENT,False,3,,,,
164332fbe60c243a62d7,val,야채,T2 동의어,q_야채_03,농산물,식료품 중 '야채'를 판매·제공하는 매장,c0dc2160-1557-4d3b-9c7b-d53777c1e4b5,삼춘농산물,농산물,둔촌역전통시장,전통시장,서울특별시,3.0,3.0,,,RESOLVED_AGREEMENT,False,3,,,,
f40c00b8bb656c760cae,val,야채,T2 동의어,q_야채_04,야채가게,식료품 중 '야채'를 판매·제공하는 매장,c15b7d24-b90f-4edb-a4d7-38d243dad39e,가게,담배,대명시장,전통시장,대구광역시,0.0,0.0,,,RESOLVED_AGREEMENT,False,0,,,,
f2e714af2d80b84360e5,val,야채,T2 동의어,q_야채_04,야채가게,식료품 중 '야채'를 판매·제공하는 매장,01f160fc-531c-4191-aa22-453462e0f38a,천년,김치,오정동상점가,자율상권구역,대전광역시,1.0,0.0,,,P2_GRADED_ONLY,True,,,,,
62274ed0b2a5a5a8085e,val,야채,T2 동의어,q_야채_04,야채가게,식료품 중 '야채'를 판매·제공하는 매장,3d24f1c5-bc98-4cee-84af-3e5aa0fd0a53,우리동네반찬가게,반찬가게,신금정시장 골목형 상점가,골목형상점가,부산광역시,0.0,1.0,,,P2_GRADED_ONLY,True,,,,,
b49dc0e70504fdc67aac,val,야채,T2 동의어,q_야채_04,야채가게,식료품 중 '야채'를 판매·제공하는 매장,5786346a-30e8-41fd-9cf0-c2769e0dfde9,늘싱싱야채가게,야채과일,신산격종합시장 골목형상점가,골목형상점가,대구광역시,3.0,3.0,,,RESOLVED_AGREEMENT,False,3,,,,
cdbb75dbc5b239421ac3,val,야채,T2 동의어,q_야채_04,야채가게,식료품 중 '야채'를 판매·제공하는 매장,b1eece7f-4a30-4985-8a59-f7b98885ac99,선이가게,수산물,고성시장,전통시장,경상남도,0.0,0.0,,,RESOLVED_AGREEMENT,False,0,,,,
2beeacf14e9e7b553b3d,val,야채,T2 동의어,q_야채_04,야채가게,식료품 중 '야채'를 판매·제공하는 매장,5c55b609-2e0f-4319-b960-25580e714d4c,차칸가게,과일,일산시장(구 일산전통시장),전통시장,경기도,1.0,2.0,,,P1_BINARY_THRESHOLD,True,,,,,
7a2410a9f3c03bf3f1ab,val,야채,T2 동의어,q_야채_04,야채가게,식료품 중 '야채'를 판매·제공하는 매장,aa05555d-38e3-46c9-add2-b6f68fcf2214,들령가게,농수산,서귀포매일올레시장,전통시장,제주특별자치도,0.0,0.0,,,RESOLVED_AGREEMENT,False,0,,,,
af3d26628d0b2553893e,val,야채,T2 동의어,q_야채_04,야채가게,식료품 중 '야채'를 판매·제공하는 매장,a6d0fd38-4bb2-4f68-9374-27e4568234ca,점순야채가게,야채,법동시장,전통시장,대전광역시,3.0,3.0,,,RESOLVED_AGREEMENT,False,3,,,,
bfe4993480e3aa0e1a9a,val,야채,T2 동의어,q_야채_04,야채가게,식료품 중 '야채'를 판매·제공하는 매장,03a6e716-3825-40e3-ba06-e047ee5e5483,부일반찬,김치,초량전통시장,전통시장,부산광역시,1.0,1.0,,,RESOLVED_AGREEMENT,False,1,,,,
3d7b5133bd6a7c709d66,val,야채,T2 동의어,q_야채_04,야채가게,식료품 중 '야채'를 판매·제공하는 매장,016f8113-22a7-4ef1-a80f-0562dd2a06e9,동이식품,"식품, 농산물",중앙신시장,전통시장,경상북도,3.0,3.0,,,RESOLVED_AGREEMENT,False,3,,,,
2e98c320b126a5d7586b,val,야채,T2 동의어,q_야채_04,야채가게,식료품 중 '야채'를 판매·제공하는 매장,69694d3f-8098-4f28-8289-26dced210556,삼부도매유통,,오정동상점가,자율상권구역,대전광역시,,0.0,Y,,P0_UNCERTAIN_OR_MISSING,True,,,,,
6a5f8eacd980244d6549,val,야채,T2 동의어,q_야채_04,야채가게,식료품 중 '야채'를 판매·제공하는 매장,43c03e36-c146-4944-bcd4-879bc435fad2,도온쌈,쌈밥,남이동길골목형상점가,골목형상점가,서울특별시,0.0,0.0,,,RESOLVED_AGREEMENT,False,0,,,,
dac32d9119f176ee650f,val,야채,T2 동의어,q_야채_04,야채가게,식료품 중 '야채'를 판매·제공하는 매장,ffa782dc-e0ff-4365-8fd0-3e3c6440106d,요앞떡가게,떡류,장승백이전통시장(구 만수창대시장),전통시장,인천광역시,0.0,0.0,,,RESOLVED_AGREEMENT,False,0,,,,
c4a527c09fd4b1b2a9e6,val,야채,T2 동의어,q_야채_04,야채가게,식료품 중 '야채'를 판매·제공하는 매장,4ed4c4e4-eba9-4f13-a775-40b1d4ecfb32,조은가게,야채,한민시장,전통시장,대전광역시,3.0,3.0,,,RESOLVED_AGREEMENT,False,3,,,,
ea7325215c46ae1edcbc,val,야채,T2 동의어,q_야채_04,야채가게,식료품 중 '야채'를 판매·제공하는 매장,00b6e321-5954-437c-b1d9-94fded29f67e,웰빙마트,식품,서남신시장,전통시장,대구광역시,1.0,1.0,,,RESOLVED_AGREEMENT,False,1,,,,
66c407c88da755356f35,val,야채,T2 동의어,q_야채_04,야채가게,식료품 중 '야채'를 판매·제공하는 매장,008d4156-e489-4d1f-9205-b541972d35a8,과일왕,과일 잡화 야채 먹거리,연제동 골목형상점가,골목형상점가,광주광역시,3.0,3.0,,,RESOLVED_AGREEMENT,False,3,,,,
e4fc3eb429ce506db39d,val,야채,T2 동의어,q_야채_04,야채가게,식료품 중 '야채'를 판매·제공하는 매장,014fc673-2f3b-48cf-a134-d5aebb132435,동성상회,야채,동두천중앙시장,전통시장,경기도,3.0,3.0,,,RESOLVED_AGREEMENT,False,3,,,,
b28baeadac1ca413b0f0,val,야채,T2 동의어,q_야채_04,야채가게,식료품 중 '야채'를 판매·제공하는 매장,2e21ac6d-b593-4453-8719-4a35a8a19cdc,신백제건강원,건강보조,공주산성시장,전통시장,충청남도,0.0,0.0,,,RESOLVED_AGREEMENT,False,0,,,,
fee49bdad164c352c23a,val,야채,T2 동의어,q_야채_04,야채가게,식료품 중 '야채'를 판매·제공하는 매장,06f191fb-14b4-4d51-8efb-39d44343f1a7,유한회사 바르메이드,샐러드,상무시청상인회 골목형상점가,골목형상점가,광주광역시,1.0,0.0,,,P2_GRADED_ONLY,True,,,,,
79fcc2d072f8ca96ad32,val,야채,T2 동의어,q_야채_04,야채가게,식료품 중 '야채'를 판매·제공하는 매장,3d4e91bd-cd52-411b-bd20-b834061c17b6,소답맛두부,두부,창원 소답시장,전통시장,경상남도,0.0,0.0,,,RESOLVED_AGREEMENT,False,0,,,,
6b9ed3de1499839e4c8a,val,야채,T2 동의어,q_야채_04,야채가게,식료품 중 '야채'를 판매·제공하는 매장,13a7a659-3ecc-4b36-8f9d-222bf3181958,365우리할인마트,식료품 및 잡화,으뜸 효동 골목형상점가,골목형상점가,광주광역시,0.0,2.0,,,P1_BINARY_THRESHOLD,True,,,,,
7bd2e148c3eb1ceb3296,val,야채,T2 동의어,q_야채_04,야채가게,식료품 중 '야채'를 판매·제공하는 매장,7f77cf9a-adae-446b-aa48-3e7e673be7ab,슬이네야채가게,야채류,장미제일시장,전통시장,서울특별시,3.0,3.0,,,RESOLVED_AGREEMENT,False,3,,,,
9ed41bfbb2d8271dbc8c,val,야채,T2 동의어,q_야채_04,야채가게,식료품 중 '야채'를 판매·제공하는 매장,00b64830-f897-4643-a5fa-6d8950c2ef89,낭만상회,식품,문산자유시장,전통시장,경기도,1.0,0.0,,,P2_GRADED_ONLY,True,,,,,
4b53dd449ae61fbfc550,val,야채,T2 동의어,q_야채_04,야채가게,식료품 중 '야채'를 판매·제공하는 매장,00333be0-b70d-4197-aa97-5a277d61e0da,㈜신진후르츠,과일,부전농수산물새벽시장,전통시장,부산광역시,1.0,2.0,,,P1_BINARY_THRESHOLD,True,,,,,
c077b0c5c26fa3d1cab1,val,야채,T2 동의어,q_야채_04,야채가게,식료품 중 '야채'를 판매·제공하는 매장,00818eab-32ca-497e-ad5c-1c301a7ea4c9,13번상회,채소,마산 동마산시장,전통시장,경상남도,3.0,3.0,,,RESOLVED_AGREEMENT,False,3,,,,
86610db8eb249f2dbf67,val,야채,T2 동의어,q_야채_04,야채가게,식료품 중 '야채'를 판매·제공하는 매장,0ea864eb-7aac-40cc-a5df-37d6470f9ec7,야채살롱,야채외,대연골목시장 골목형상점가,골목형상점가,부산광역시,3.0,3.0,,,RESOLVED_AGREEMENT,False,3,,,,
e49441c8f6f30fb9e4aa,val,야채,T2 동의어,q_야채_04,야채가게,식료품 중 '야채'를 판매·제공하는 매장,01e96e25-dcb5-4957-bc59-05c27b1dae7a,샐러드밀,샐러드,오룡행복 골목형상점가,골목형상점가,전라남도,1.0,0.0,,,P2_GRADED_ONLY,True,,,,,
004acfa358f634e0e73e,val,야채,T2 동의어,q_야채_04,야채가게,식료품 중 '야채'를 판매·제공하는 매장,00045dfc-0681-4fb3-8265-33b3df14c289,한라농산,과일,황지시장상점가,자율상권구역,강원특별자치도,1.0,2.0,,,P1_BINARY_THRESHOLD,True,,,,,
0a525f884f1ef3591799,val,야채,T2 동의어,q_야채_04,야채가게,식료품 중 '야채'를 판매·제공하는 매장,2de904fe-196e-422b-a729-3128d4d7c3e3,쭈꾸미세상,한식,회룡역골목형상점가,골목형상점가,경기도,0.0,0.0,,,RESOLVED_AGREEMENT,False,0,,,,
861aeac517284dfe33ad,val,야채,T2 동의어,q_야채_04,야채가게,식료품 중 '야채'를 판매·제공하는 매장,7c8050e5-ae3e-4e86-9a04-af76b4619b75,경미네 야채가게,야채,정선아리랑시장,전통시장,강원특별자치도,3.0,3.0,,,RESOLVED_AGREEMENT,False,3,,,,
e9f2da309bb8e407458f,val,야채,T2 동의어,q_야채_04,야채가게,식료품 중 '야채'를 판매·제공하는 매장,48392ea1-7da8-403e-9f25-4db58c367ef3,학동이네부식가게,야채과일식품,학운 골목형상점가,골목형상점가,광주광역시,3.0,3.0,,,RESOLVED_AGREEMENT,False,3,,,,
253af6337546d5258aa7,val,야채,T2 동의어,q_야채_04,야채가게,식료품 중 '야채'를 판매·제공하는 매장,0045f871-6f40-4361-bcdd-2b94bf597287,무파장터,야채 청과물,신금정시장 골목형 상점가,골목형상점가,부산광역시,3.0,3.0,,,RESOLVED_AGREEMENT,False,3,,,,
a7b71e66d13b1937afc8,val,야채,T2 동의어,q_야채_04,야채가게,식료품 중 '야채'를 판매·제공하는 매장,014072fb-b412-4fb3-a663-31dbf80e44a6,매일상회,"야채, 과일",고산미소시장(고산시장),전통시장,전북특별자치도,3.0,3.0,,,RESOLVED_AGREEMENT,False,3,,,,
818f5f82c582391d1619,val,야채,T2 동의어,q_야채_04,야채가게,식료품 중 '야채'를 판매·제공하는 매장,253e10cf-4a33-4db2-8e33-9f947afa0c56,속옷가게,의류,영동전통시장,전통시장,충청북도,0.0,0.0,,,RESOLVED_AGREEMENT,False,0,,,,
8e02cdee069d708df149,val,야채,T2 동의어,q_야채_04,야채가게,식료품 중 '야채'를 판매·제공하는 매장,bbe5cca7-e37a-44f6-a94a-94e0dd85243e,야채가게,야채,만수시장,전통시장,인천광역시,3.0,3.0,,,RESOLVED_AGREEMENT,False,3,,,,
444d0998f28f24dbc82b,val,야채,T2 동의어,q_야채_04,야채가게,식료품 중 '야채'를 판매·제공하는 매장,b0d12be1-8fe8-471e-8108-9c3850098564,꽃옷가게,,낭주골 골목형상점가,골목형상점가,전북특별자치도,0.0,0.0,,,RESOLVED_AGREEMENT,False,0,,,,
bacf41b6437320fa65ad,val,야채,T2 동의어,q_야채_04,야채가게,식료품 중 '야채'를 판매·제공하는 매장,6bcb6f87-0565-4425-9ca7-306adeede94f,도담옷가게,의류,카림애비뉴애 골목형상점가,골목형상점가,세종특별자치시,0.0,0.0,,,RESOLVED_AGREEMENT,False,0,,,,
9893cf6558e541a244c8,val,야채,T2 동의어,q_야채_04,야채가게,식료품 중 '야채'를 판매·제공하는 매장,60be11ff-3689-4b5e-9cc8-7bb7a1c73b21,아지야과일가게,"과일, 야채",삼성명가상가 골목형상점가,골목형상점가,대구광역시,3.0,3.0,,,RESOLVED_AGREEMENT,False,3,,,,
1405bea746224c85094c,val,야채,T2 동의어,q_야채_04,야채가게,식료품 중 '야채'를 판매·제공하는 매장,007fd232-3c16-44ff-be59-cf265f3775e9,동문상회,채소버섯,팔달신시장,전통시장,대구광역시,3.0,3.0,,,RESOLVED_AGREEMENT,False,3,,,,
aa2eb6b5db394f4b6152,val,야채,T2 동의어,q_야채_04,야채가게,식료품 중 '야채'를 판매·제공하는 매장,00c56499-bc90-4ed6-bb66-3802cc762889,의령상회,채소,부전상가시장,전통시장,부산광역시,3.0,3.0,,,RESOLVED_AGREEMENT,False,3,,,,
f9ef4dd5f3f1d06bbcb6,val,야채,T2 동의어,q_야채_04,야채가게,식료품 중 '야채'를 판매·제공하는 매장,2d9a91df-c256-4726-9e01-9e491c7b297a,블루,옷가게,전주중앙상가시장,전통시장,전북특별자치도,0.0,0.0,,,RESOLVED_AGREEMENT,False,0,,,,
23b114cc6c785e320048,val,야채,T2 동의어,q_야채_04,야채가게,식료품 중 '야채'를 판매·제공하는 매장,e56d30c2-20bf-4fe4-bb05-c893fb7bf5dc,한아름축산,식육,야탑 골목형상점가,골목형상점가,경기도,0.0,0.0,,,RESOLVED_AGREEMENT,False,0,,,,
988d9c0cf7ed0656f914,val,야채,T2 동의어,q_야채_04,야채가게,식료품 중 '야채'를 판매·제공하는 매장,38d33dd0-da61-4784-bac4-f0d8ecbe6d79,야채천국,야채,길동복조리시장,전통시장,서울특별시,3.0,3.0,,,RESOLVED_AGREEMENT,False,3,,,,
3c92502f5630b9ec631b,val,야채,T2 동의어,q_야채_04,야채가게,식료품 중 '야채'를 판매·제공하는 매장,bce0ff4d-8e8b-4a27-8693-fa2127904e47,치만이네 야채가게,농수산물,서남생활 골목형상점가,골목형상점가,대구광역시,2.0,3.0,,,P2_GRADED_ONLY,True,,,,,
0cbee44764aab360161e,val,야채,T2 동의어,q_야채_04,야채가게,식료품 중 '야채'를 판매·제공하는 매장,54da37ff-3af1-4033-9ab6-26d2d52c42dd,철이네야채가게,채소,동서시장,전통시장,대구광역시,3.0,3.0,,,RESOLVED_AGREEMENT,False,3,,,,
ab4c70ce08950f75b822,val,야채,T2 동의어,q_야채_04,야채가게,식료품 중 '야채'를 판매·제공하는 매장,0b8ef6dc-2f6b-4707-bd73-529122d9c97a,하단떡집,떡집,하단오일상설시장,전통시장,부산광역시,0.0,0.0,,,RESOLVED_AGREEMENT,False,0,,,,
1d64db58ad6e028c24eb,val,야채,T2 동의어,q_야채_04,야채가게,식료품 중 '야채'를 판매·제공하는 매장,f12eab0f-9520-4105-9084-8a7ca2e7816a,행복한가게,,상도도깨비골목형상점가,골목형상점가,서울특별시,,,Y,Y,P0_UNCERTAIN_OR_MISSING,True,,,,,
21cbb432445dd1735e75,val,야채,T2 동의어,q_야채_04,야채가게,식료품 중 '야채'를 판매·제공하는 매장,008b2657-018e-4d46-b0b0-a173aee3f37a,대원상회,농산물,대구능금시장,전통시장,대구광역시,3.0,3.0,,,RESOLVED_AGREEMENT,False,3,,,,
c9b2eebee8e0e42e9dfd,val,야채,T2 동의어,q_야채_04,야채가게,식료품 중 '야채'를 판매·제공하는 매장,5ba86170-2a4c-41be-a5d9-b118dd0e6b62,오빠가게,야채,남부종합시장,전통시장,인천광역시,3.0,3.0,,,RESOLVED_AGREEMENT,False,3,,,,
1fc1289908cf51beccf0,val,야채,T2 동의어,q_야채_04,야채가게,식료품 중 '야채'를 판매·제공하는 매장,909320cd-f6c5-48da-b2e1-7f24c5d634fd,임경숙의야채가게,야채,천안중앙시장,전통시장,충청남도,3.0,3.0,,,RESOLVED_AGREEMENT,False,3,,,,
d326c73a4efb304aecb3,val,야채,T2 동의어,q_야채_04,야채가게,식료품 중 '야채'를 판매·제공하는 매장,00891fcf-925f-4b76-bc26-179798787b48,정우상회,농산물,경동시장,전통시장,서울특별시,3.0,3.0,,,RESOLVED_AGREEMENT,False,3,,,,
b1009d7188732b567048,val,야채,T2 동의어,q_야채_04,야채가게,식료품 중 '야채'를 판매·제공하는 매장,7fdbfbd2-930f-4329-a225-ca7b797e3274,야채,야채,원종고강제일시장(부천제일시장),전통시장,경기도,3.0,3.0,,,RESOLVED_AGREEMENT,False,3,,,,
34c2e3143f52ba794bf7,val,야채,T2 동의어,q_야채_04,야채가게,식료품 중 '야채'를 판매·제공하는 매장,05530d0f-82ed-47a1-8015-32b6c30e3752,진수산삼다식품,"젓갈류, 김치, 수산물",동문재래시장,전통시장,제주특별자치도,1.0,0.0,,,P2_GRADED_ONLY,True,,,,,
d6a4835e802730c086a2,val,야채,T2 동의어,q_야채_04,야채가게,식료품 중 '야채'를 판매·제공하는 매장,0042e83d-930b-4d1d-a96f-f1a2691256cd,성화상회,과일,대구능금시장,전통시장,대구광역시,1.0,2.0,,,P1_BINARY_THRESHOLD,True,,,,,
d2dc2cd97c5321c6035e,val,야채,T2 동의어,q_야채_04,야채가게,식료품 중 '야채'를 판매·제공하는 매장,000a244a-1e28-40b7-8d55-d5b1055f12d2,진해상회,채소,마산어시장,전통시장,경상남도,3.0,3.0,,,RESOLVED_AGREEMENT,False,3,,,,
f7523064ff771635b57c,val,야채,T2 동의어,q_야채_04,야채가게,식료품 중 '야채'를 판매·제공하는 매장,01b4b567-78d4-4fa1-9bff-25fd01fb1a4c,소문난김치집,김치,중앙먹거리 상인회 골목형상점가,골목형상점가,전라남도,1.0,0.0,,,P2_GRADED_ONLY,True,,,,,
e3cf368154c727766986,val,야채,T2 동의어,q_야채_04,야채가게,식료품 중 '야채'를 판매·제공하는 매장,ab649915-7ba4-4fcc-9588-daf4702a4eba,김밥가게,김밥,혁신도시5구역골목형상점가,골목형상점가,강원특별자치도,0.0,0.0,,,RESOLVED_AGREEMENT,False,0,,,,
2a342fb5587cd0304db8,val,야채,T2 동의어,q_야채_04,야채가게,식료품 중 '야채'를 판매·제공하는 매장,c03221ec-685c-4424-9338-555aeef71fda,해숙이네야채가게,채소류,서천특화시장,전통시장,충청남도,3.0,3.0,,,RESOLVED_AGREEMENT,False,3,,,,
5eb90e7ea5ac92a5b6b4,val,야채,T2 동의어,q_야채_04,야채가게,식료품 중 '야채'를 판매·제공하는 매장,0f608550-91f7-4b11-a6f1-2a320696280f,싱싱야채가게,소매업(야채),의왕도깨비시장,전통시장,경기도,3.0,3.0,,,RESOLVED_AGREEMENT,False,3,,,,
d500471a97b6e840e1cb,val,야채,T2 동의어,q_야채_04,야채가게,식료품 중 '야채'를 판매·제공하는 매장,0174d58f-3182-48ce-9bb7-0818d21a6763,야채,,만수시장,전통시장,인천광역시,3.0,3.0,,,RESOLVED_AGREEMENT,False,3,,,,
4b96a92ba604b6801cec,val,야채,T2 동의어,q_야채_04,야채가게,식료품 중 '야채'를 판매·제공하는 매장,009f034c-8e3b-4a32-aab3-55ece8718004,장봐주는언니 임동점,농수축산물및 가공식품,제니스 골목형상점가,골목형상점가,광주광역시,1.0,0.0,,,P2_GRADED_ONLY,True,,,,,
f224df70a3093f270317,val,야채,T2 동의어,q_야채_04,야채가게,식료품 중 '야채'를 판매·제공하는 매장,b3f739b1-7c41-4540-8eb8-98ff2c24921f,자매야채가게,야채잡곡,가좌시장,전통시장,인천광역시,3.0,3.0,,,RESOLVED_AGREEMENT,False,3,,,,
326cc1127dcd150bf704,val,야채,T2 동의어,q_야채_04,야채가게,식료품 중 '야채'를 판매·제공하는 매장,00e92856-b294-4032-8540-d60e9817f2d8,럭키약국,"의약품, 건강기능식품, 식품",충무로골목형상점가,골목형상점가,서울특별시,1.0,0.0,,,P2_GRADED_ONLY,True,,,,,
1044d9eeaaf379a16ecf,val,야채,T2 동의어,q_야채_04,야채가게,식료품 중 '야채'를 판매·제공하는 매장,0533a201-3b07-4029-8158-c4d2ad17c7bf,텃밭쌈밥,쌈밥,역전시장,전통시장,충청남도,0.0,0.0,,,RESOLVED_AGREEMENT,False,0,,,,
6b85d29992b82e45ed52,val,야채,T2 동의어,q_야채_04,야채가게,식료품 중 '야채'를 판매·제공하는 매장,7b8995cf-37fc-4f4f-aff3-156ffe3441c7,마실가게,한식,자갈치해안시장,전통시장,부산광역시,0.0,0.0,,,RESOLVED_AGREEMENT,False,0,,,,
6ca527471323a2e41f07,val,야채,T2 동의어,q_야채_04,야채가게,식료품 중 '야채'를 판매·제공하는 매장,c50fb70f-de10-490a-b1b5-04eb3509718c,즐거운 야채가게,"청과, 야채, 수산",화개1로78번길상인회 골목형상점가,골목형상점가,광주광역시,3.0,3.0,,,RESOLVED_AGREEMENT,False,3,,,,
3c0a881f9ec67dcb443f,val,야채,T2 동의어,q_야채_04,야채가게,식료품 중 '야채'를 판매·제공하는 매장,09e5fb7c-d0cc-4720-92df-5a5cece636c7,샐러리아 잠실본점,샐러드,방이시장,전통시장,서울특별시,1.0,0.0,,,P2_GRADED_ONLY,True,,,,,
3cfff77b826d67432868,val,야채,T2 동의어,q_야채_04,야채가게,식료품 중 '야채'를 판매·제공하는 매장,015915e3-2542-4245-b627-0c775b4c5501,한내떡집,,거제 고현시장,전통시장,경상남도,0.0,0.0,,,RESOLVED_AGREEMENT,False,0,,,,
0b6a7bff3d871f6fbec0,val,야채,T2 동의어,q_야채_04,야채가게,식료품 중 '야채'를 판매·제공하는 매장,e61f2d1f-8027-499a-af62-2244a8ad5558,야채이야기,야채,서부시장상점가(서부시장 통합),전통시장,전북특별자치도,3.0,3.0,,,RESOLVED_AGREEMENT,False,3,,,,
0049ee04dec83cf700ec,val,야채,T2 동의어,q_야채_04,야채가게,식료품 중 '야채'를 판매·제공하는 매장,009be3cd-7c52-41e4-91fc-c377ddfa78c0,언양시장야채,야채,언양알프스시장,전통시장,울산광역시,3.0,3.0,,,RESOLVED_AGREEMENT,False,3,,,,
e6f3d5fb6fa0fad7d197,val,야채,T2 동의어,q_야채_04,야채가게,식료품 중 '야채'를 판매·제공하는 매장,9cd6e166-3c23-4f36-ad12-018a73bd02c3,은혜야채가게,농산물,상도전통시장,전통시장,서울특별시,3.0,3.0,,,RESOLVED_AGREEMENT,False,3,,,,
4295dc7f6aef536e3e23,val,야채,T2 동의어,q_야채_04,야채가게,식료품 중 '야채'를 판매·제공하는 매장,56db4778-14ee-4046-a171-821fc0e3f8ce,산수쌈밥,쌈밥,전남여고후문 골목형상점가,골목형상점가,광주광역시,0.0,0.0,,,RESOLVED_AGREEMENT,False,0,,,,
76d58e226368e727d340,val,야채,T2 동의어,q_야채_04,야채가게,식료품 중 '야채'를 판매·제공하는 매장,cacafa3e-a69d-42db-8acd-6713cea63db0,구멍가게,,망원시장,전통시장,서울특별시,,0.0,Y,,P0_UNCERTAIN_OR_MISSING,True,,,,,
af131f8ec960319c3afb,val,야채,T2 동의어,q_야채_04,야채가게,식료품 중 '야채'를 판매·제공하는 매장,aa7b0fbb-dd94-4e98-94c9-0e6855415d80,늘푸른야채가게,야채,길동복조리시장,전통시장,서울특별시,3.0,3.0,,,RESOLVED_AGREEMENT,False,3,,,,
b4ff2d611ddcb6b605ad,val,야채,T2 동의어,q_야채_04,야채가게,식료품 중 '야채'를 판매·제공하는 매장,879dba5b-f947-4eca-ac46-1a1747d70e05,늘푸른야채가게,야채,새마을시장,전통시장,서울특별시,3.0,3.0,,,RESOLVED_AGREEMENT,False,3,,,,
66739af3b4ce27a9eb2e,val,야채,T2 동의어,q_야채_04,야채가게,식료품 중 '야채'를 판매·제공하는 매장,fef94ae5-7152-40bc-b8ac-fdfafa365091,맛있는가게,,진주 자유시장,전통시장,경상남도,,0.0,Y,,P0_UNCERTAIN_OR_MISSING,True,,,,,
35595c4a4da4d039bb7d,val,야채,T2 동의어,q_야채_04,야채가게,식료품 중 '야채'를 판매·제공하는 매장,aec39919-32e4-4d46-b3f4-486ef28e79d1,나들가게,야채 고구마 감자 오이,월배시장,전통시장,대구광역시,3.0,3.0,,,RESOLVED_AGREEMENT,False,3,,,,
c14ecc935099b0494557,val,야채,T2 동의어,q_야채_04,야채가게,식료품 중 '야채'를 판매·제공하는 매장,00534c22-4465-442e-95db-66dd08f99320,삼원상회,채소,칠성시장,전통시장,대구광역시,3.0,3.0,,,RESOLVED_AGREEMENT,False,3,,,,
a77b1b8af8d39b2c3e2b,val,야채,T2 동의어,q_야채_04,야채가게,식료품 중 '야채'를 판매·제공하는 매장,547be72a-2b08-4865-acc9-efec48cc1450,야채꾼,야채,신 강남시장,전통시장,인천광역시,3.0,3.0,,,RESOLVED_AGREEMENT,False,3,,,,
337da8f1221f30c9b933,val,야채,T2 동의어,q_야채_04,야채가게,식료품 중 '야채'를 판매·제공하는 매장,15578c36-25cb-47c6-b623-02d015391845,서가네쌈밥,쌈밥,면곡시장 골목형상점가,골목형상점가,서울특별시,0.0,0.0,,,RESOLVED_AGREEMENT,False,0,,,,
bd772f00b076ac010037,val,야채,T2 동의어,q_야채_04,야채가게,식료품 중 '야채'를 판매·제공하는 매장,00947369-dfd0-4074-b22e-c8b430a98a70,에스.에이.팜(S.A.farm),"표고버섯및농산물, 잡화, 통신판매",무주반딧불상권활성화구역,상권활성화구역,전북특별자치도,3.0,3.0,,,RESOLVED_AGREEMENT,False,3,,,,
f7d22d9d895923fecc58,val,야채,T2 동의어,q_야채_04,야채가게,식료품 중 '야채'를 판매·제공하는 매장,200f925a-5372-40fc-bef6-7121cda3f85d,대박이네 야채가게.BK,도소매(야채),광명전통시장,전통시장,경기도,3.0,3.0,,,RESOLVED_AGREEMENT,False,3,,,,
152508fceb7b3539beb1,val,야채,T2 동의어,q_야채_04,야채가게,식료품 중 '야채'를 판매·제공하는 매장,ea29a72d-173b-4d12-9c05-2bc6ff099a0a,혜화동돈가스극장 전남도청점,,남악중앙 골목형상점가,골목형상점가,,0.0,0.0,,,RESOLVED_AGREEMENT,False,0,,,,
cc36052ca080acab415a,val,야채,T2 동의어,q_야채_04,야채가게,식료품 중 '야채'를 판매·제공하는 매장,9dbe0617-8eba-4b00-b2c1-63f46a410bcf,단비네야채,야채가게,아현시장,전통시장,서울특별시,3.0,3.0,,,RESOLVED_AGREEMENT,False,3,,,,
cb67dcb58940de3cc317,val,야채,T2 동의어,q_야채_04,야채가게,식료품 중 '야채'를 판매·제공하는 매장,325d5262-10f4-4d71-a760-9c3424e61119,늘푸른야채가게,과일 및 야채 도소매,반석동 골목형상점가,골목형상점가,대전광역시,3.0,3.0,,,RESOLVED_AGREEMENT,False,3,,,,
c8a57fe2c70b08c736cb,val,야채,T2 동의어,q_야채_04,야채가게,식료품 중 '야채'를 판매·제공하는 매장,0622e5e4-d762-4378-aeb6-eb6148f9dec6,개도리김치,"김치, 채소, 건어물",나주목사고을시장,전통시장,,3.0,3.0,,,RESOLVED_AGREEMENT,False,3,,,,
8a1d34bd0a0354dd5bc9,val,야채,T2 동의어,q_야채_04,야채가게,식료품 중 '야채'를 판매·제공하는 매장,001cb3d4-5441-4963-b517-d5b3904ee312,현창떡집,떡집,목포동부시장,전통시장,전라남도,0.0,0.0,,,RESOLVED_AGREEMENT,False,0,,,,
45085ede0c317f544365,val,야채,T2 동의어,q_야채_04,야채가게,식료품 중 '야채'를 판매·제공하는 매장,53776ad6-4a97-4445-b7f6-e236725c5048,대박옷가게,옷가게,안동광석거리 골목형상점가,골목형상점가,경상북도,0.0,0.0,,,RESOLVED_AGREEMENT,False,0,,,,
283bd6ba9e991033f764,val,야채,T2 동의어,q_야채_04,야채가게,식료품 중 '야채'를 판매·제공하는 매장,8d8f2f05-64fe-4f19-b85e-54281cdb3022,한우야채가게,"채소, 과일, 잡화",영천공설시장,전통시장,경상북도,3.0,3.0,,,RESOLVED_AGREEMENT,False,3,,,,
de5ad4ede3a2cc50a900,val,야채,T2 동의어,q_야채_04,야채가게,식료품 중 '야채'를 판매·제공하는 매장,008d1ed4-a5d7-492e-9959-f8307a68cc5f,샐러드 정원,"샐러드, 샌드위치",미성동도깨비시장,골목형상점가,서울특별시,1.0,0.0,,,P2_GRADED_ONLY,True,,,,,
1ab4088f0d419f6ffd54,val,야채,T2 동의어,q_야채_04,야채가게,식료품 중 '야채'를 판매·제공하는 매장,006601da-192a-4275-90bf-aa320c79ea9f,바이럽,샐러드,현풍백년도깨비시장,전통시장,대구광역시,1.0,0.0,,,P2_GRADED_ONLY,True,,,,,
75eb9fb4248465843f50,val,야채,T2 동의어,q_야채_04,야채가게,식료품 중 '야채'를 판매·제공하는 매장,00468e6b-39c6-4ce1-a534-a6b1eecac01d,태양농산물,과일,정릉서경대길골목형상점가(정릉골),골목형상점가,서울특별시,2.0,3.0,,,P2_GRADED_ONLY,True,,,,,
6c32ccd5580069a00856,val,야채,T2 동의어,q_야채_04,야채가게,식료품 중 '야채'를 판매·제공하는 매장,0097b3e2-b5cf-4050-b719-c9d7738067c0,시흥상회,"소매(야채,과일)",광명전통시장,전통시장,경기도,3.0,3.0,,,RESOLVED_AGREEMENT,False,3,,,,
bd4ea6eb32816f3b5a8c,val,야채,T2 동의어,q_야채_04,야채가게,식료품 중 '야채'를 판매·제공하는 매장,45629af1-7f77-40b6-baaf-c8f833278a94,야채가게,죽,계양산전통시장,전통시장,인천광역시,2.0,3.0,,,P2_GRADED_ONLY,True,,,,,
6ffac5d3244b2189889b,val,야채,T2 동의어,q_야채_04,야채가게,식료품 중 '야채'를 판매·제공하는 매장,009a3629-5dbc-47c2-adea-b1f9bc2c083a,동해농수산,야채,방학동도깨비시장,전통시장,서울특별시,3.0,3.0,,,RESOLVED_AGREEMENT,False,3,,,,
ed468e133612efed6592,val,야채,T2 동의어,q_야채_04,야채가게,식료품 중 '야채'를 판매·제공하는 매장,ea8d26c6-86c4-4683-a101-8e2e01f1af4c,옷가게,의류,상주왕산상점가,자율상권구역,경상북도,0.0,0.0,,,RESOLVED_AGREEMENT,False,0,,,,
3fe498a558a14285e180,val,야채,T2 동의어,q_야채_04,야채가게,식료품 중 '야채'를 판매·제공하는 매장,701cbaa7-0efb-45e9-9f5c-c71a24780195,옛날막창,막창,구리시 구도심 상권활성화구역,상권활성화구역,경기도,0.0,0.0,,,RESOLVED_AGREEMENT,False,0,,,,
5bc0b801aa409ec31ac2,val,야채,T2 동의어,q_야채_04,야채가게,식료품 중 '야채'를 판매·제공하는 매장,006204f3-b214-4611-a434-f896bf75e919,장터사랑,과일,농성세대공감상인회 골목형상점가,골목형상점가,광주광역시,1.0,2.0,,,P1_BINARY_THRESHOLD,True,,,,,
c816004e702cdcce4064,val,야채,T2 동의어,q_야채_04,야채가게,식료품 중 '야채'를 판매·제공하는 매장,04c905ba-3172-4ea4-a6dd-4345d674dea0,덕순이네,제조업(떡집),장터길 골목형상점가,골목형상점가,경기도,0.0,0.0,,,RESOLVED_AGREEMENT,False,0,,,,
fbfe91b8132d5cefc76f,val,야채,T2 동의어,q_야채_04,야채가게,식료품 중 '야채'를 판매·제공하는 매장,79044658-93d1-400c-ba8b-ea215d292eb2,대덕가게,"야채, 과일, 계란, 생선, 건어물",용호골목시장,전통시장,부산광역시,3.0,3.0,,,RESOLVED_AGREEMENT,False,3,,,,
efd0f9eeab901b3b15d8,val,야채,T2 동의어,q_야채_04,야채가게,식료품 중 '야채'를 판매·제공하는 매장,12bac5de-59a7-472a-946b-5e38694a5648,한옥촌,쌈밥,전농배봉산맛집거리골목형상점가,골목형상점가,서울특별시,0.0,0.0,,,RESOLVED_AGREEMENT,False,0,,,,
4593ac403fffec407440,val,야채,T2 동의어,q_야채_04,야채가게,식료품 중 '야채'를 판매·제공하는 매장,b33fb268-ff1b-47e7-b88b-7677d73c0384,야채왕국,야채,중마시장,전통시장,전라남도,3.0,3.0,,,RESOLVED_AGREEMENT,False,3,,,,
54e08e82f6fa74ae08a1,val,야채,T2 동의어,q_야채_04,야채가게,식료품 중 '야채'를 판매·제공하는 매장,00344d24-5aaa-4dc7-ba51-3c041c147576,고향뜰영농조합법인,농산물,양산 북부시장,전통시장,경상남도,3.0,3.0,,,RESOLVED_AGREEMENT,False,3,,,,
eccf300ffc10ff1d55ae,val,야채,T2 동의어,q_야채_04,야채가게,식료품 중 '야채'를 판매·제공하는 매장,bc7818ab-5c79-4488-92e7-5365da7c12c1,즐거운야채가게,채소,논산화지중앙시장,전통시장,충청남도,3.0,3.0,,,RESOLVED_AGREEMENT,False,3,,,,
ea59beb4cc72f86ea41e,val,야채,T2 동의어,q_야채_04,야채가게,식료품 중 '야채'를 판매·제공하는 매장,005313c8-dce8-49b6-9841-9143ebb1305a,동원떡집,,박달시장,전통시장,경기도,0.0,0.0,,,RESOLVED_AGREEMENT,False,0,,,,
8da9566e4bde188771d0,val,야채,T2 동의어,q_야채_04,야채가게,식료품 중 '야채'를 판매·제공하는 매장,00f0eee4-789e-4a7b-afc5-f1e7fc279b83,전국상회,야채,청량리종합시장,전통시장,서울특별시,3.0,3.0,,,RESOLVED_AGREEMENT,False,3,,,,
73c0ec73d290cf61eab2,val,야채,T2 동의어,q_야채_04,야채가게,식료품 중 '야채'를 판매·제공하는 매장,114102e4-7128-4d86-bafb-3a197fcbe666,야채맛집,,남성사계시장,전통시장,서울특별시,3.0,3.0,,,RESOLVED_AGREEMENT,False,3,,,,
48681acb6dcce4db59f7,val,야채,T2 동의어,q_야채_04,야채가게,식료품 중 '야채'를 판매·제공하는 매장,8cc37527-661e-45d1-a12c-62839828bd03,우리 모두의 반찬가게,반찬가게,다정한 골목형상점가,골목형상점가,세종특별자치시,0.0,1.0,,,P2_GRADED_ONLY,True,,,,,
2b8af3edbac9c0c3b76f,val,야채,T2 동의어,q_야채_04,야채가게,식료품 중 '야채'를 판매·제공하는 매장,000527f2-442a-4dd1-9bfc-8a8cd9fd5410,(유)뉴현대상회,농산물,가락몰골목형상점가,골목형상점가,서울특별시,3.0,3.0,,,RESOLVED_AGREEMENT,False,3,,,,
72cc518de5184489e273,val,야채,T2 동의어,q_야채_04,야채가게,식료품 중 '야채'를 판매·제공하는 매장,014b06bd-3fa3-4cde-b459-e62ca64c33aa,조은식품,채소,하양꿈바우시장,전통시장,경상북도,3.0,3.0,,,RESOLVED_AGREEMENT,False,3,,,,
4caa8ec179d449c87299,val,야채,T2 동의어,q_야채_04,야채가게,식료품 중 '야채'를 판매·제공하는 매장,eb2859eb-2ef0-4054-99c5-95a4eec3f9cd,수상한과일가게(관평동점),야채 과일,테크노밸리 골목형상점가,골목형상점가,대전광역시,3.0,3.0,,,RESOLVED_AGREEMENT,False,3,,,,
1aff8db8c4e652a7c428,val,야채,T2 동의어,q_야채_04,야채가게,식료품 중 '야채'를 판매·제공하는 매장,ba9b9a60-f8a9-4b90-9dff-c577b684ac8a,거리가게,,청주육거리종합시장,전통시장,충청북도,,0.0,Y,,P0_UNCERTAIN_OR_MISSING,True,,,,,
98e26d574713b16611d8,val,야채,T2 동의어,q_야채_05,채소,식료품 중 '야채'를 판매·제공하는 매장,f0eb8b35-0121-430d-8331-d318c13cc957,조은채소,채소,중리시장,전통시장,대전광역시,3.0,3.0,,,RESOLVED_AGREEMENT,False,3,,,,
0b1039bd64b6e9d07cd5,val,야채,T2 동의어,q_야채_05,채소,식료품 중 '야채'를 판매·제공하는 매장,d1ae37a7-f14f-4ee7-a867-00daf67c85b7,사석채소,채소,운수대통!생거진천전통시장,전통시장,충청북도,3.0,3.0,,,RESOLVED_AGREEMENT,False,3,,,,
560e650bc63c5bda0070,val,야채,T2 동의어,q_야채_05,채소,식료품 중 '야채'를 판매·제공하는 매장,e8bf57f6-58c8-47b7-a999-eaf9afaa792d,정가네채소,채소,월배신시장,전통시장,대구광역시,3.0,3.0,,,RESOLVED_AGREEMENT,False,3,,,,
5cb4461f1a226b698a47,val,야채,T2 동의어,q_야채_05,채소,식료품 중 '야채'를 판매·제공하는 매장,e48fffdc-2fbb-4ba3-81ad-3f22a12db17e,아시아채소,채소,비아5일시장,전통시장,광주광역시,3.0,3.0,,,RESOLVED_AGREEMENT,False,3,,,,
1d0b47b95be2575ebccd,val,야채,T2 동의어,q_야채_05,채소,식료품 중 '야채'를 판매·제공하는 매장,015915e3-2542-4245-b627-0c775b4c5501,한내떡집,,거제 고현시장,전통시장,경상남도,0.0,0.0,,,RESOLVED_AGREEMENT,False,0,,,,
d0baa5f2555f334e7382,val,야채,T2 동의어,q_야채_05,채소,식료품 중 '야채'를 판매·제공하는 매장,009be3cd-7c52-41e4-91fc-c377ddfa78c0,언양시장야채,야채,언양알프스시장,전통시장,울산광역시,3.0,3.0,,,RESOLVED_AGREEMENT,False,3,,,,
81e172b7ffe6c39e98a5,val,야채,T2 동의어,q_야채_05,채소,식료품 중 '야채'를 판매·제공하는 매장,edb50940-6320-4d5c-9e83-ceae4f1e967f,삼산나범노지채소,채소,해남매일시장,전통시장,전라남도,3.0,3.0,,,RESOLVED_AGREEMENT,False,3,,,,
9e763de8089f98311979,val,야채,T2 동의어,q_야채_05,채소,식료품 중 '야채'를 판매·제공하는 매장,01e96e25-dcb5-4957-bc59-05c27b1dae7a,샐러드밀,샐러드,오룡행복 골목형상점가,골목형상점가,전라남도,1.0,0.0,,,P2_GRADED_ONLY,True,,,,,
f0669dcb81a565ea6db0,val,야채,T2 동의어,q_야채_05,채소,식료품 중 '야채'를 판매·제공하는 매장,fc4ad331-9517-4c55-b6c3-98e65a9b36e8,신선채소,채소,김제중앙시장,전통시장,전북특별자치도,3.0,3.0,,,RESOLVED_AGREEMENT,False,3,,,,
7e618d36c23a91bb40ac,val,야채,T2 동의어,q_야채_05,채소,식료품 중 '야채'를 판매·제공하는 매장,dc36b3cd-55a1-4ef4-8b39-1207ee18740b,대저상회,채소,부전시장,전통시장,부산광역시,3.0,3.0,,,RESOLVED_AGREEMENT,False,3,,,,
5492fafd9e70a9551781,val,야채,T2 동의어,q_야채_05,채소,식료품 중 '야채'를 판매·제공하는 매장,dcd770eb-a73f-42e7-ab46-771f314bce93,창창야채,채소,평택통복시장,전통시장,경기도,3.0,3.0,,,RESOLVED_AGREEMENT,False,3,,,,
76c87034be9cce50cda5,val,야채,T2 동의어,q_야채_05,채소,식료품 중 '야채'를 판매·제공하는 매장,c7308781-a776-4b47-92b9-a966e5010d6c,달빛가원,,송월동 상가상인회 골목형상점가,골목형상점가,,,0.0,Y,,P0_UNCERTAIN_OR_MISSING,True,,,,,
f6dc630b21f090121039,val,야채,T2 동의어,q_야채_05,채소,식료품 중 '야채'를 판매·제공하는 매장,009f034c-8e3b-4a32-aab3-55ece8718004,장봐주는언니 임동점,농수축산물및 가공식품,제니스 골목형상점가,골목형상점가,광주광역시,1.0,0.0,,,P2_GRADED_ONLY,True,,,,,
40ce53f101be56e0bcf8,val,야채,T2 동의어,q_야채_05,채소,식료품 중 '야채'를 판매·제공하는 매장,00045dfc-0681-4fb3-8265-33b3df14c289,한라농산,과일,황지시장상점가,자율상권구역,강원특별자치도,1.0,2.0,,,P1_BINARY_THRESHOLD,True,,,,,
c3a3fdb4d05ba0e89448,val,야채,T2 동의어,q_야채_05,채소,식료품 중 '야채'를 판매·제공하는 매장,9fd9596c-8ce9-44f2-9918-a2f15fd4465c,순애 과일 채소,"과일, 채소",연동골목시장,자율상권구역,부산광역시,3.0,3.0,,,RESOLVED_AGREEMENT,False,3,,,,
7d533227507817c09a32,val,야채,T2 동의어,q_야채_05,채소,식료품 중 '야채'를 판매·제공하는 매장,cac8c80b-14e1-4f0e-b478-3337738723d2,점둘상회,채소,충무동 새벽시장,전통시장,부산광역시,3.0,3.0,,,RESOLVED_AGREEMENT,False,3,,,,
b7197f6983b1da5b1e81,val,야채,T2 동의어,q_야채_05,채소,식료품 중 '야채'를 판매·제공하는 매장,c883ef04-5b3c-4f62-b75f-b5cdbcf53fff,전국,채소,서산시장길 골목형상점가,골목형상점가,충청남도,3.0,3.0,,,RESOLVED_AGREEMENT,False,3,,,,
a9978203ad547f44c4b5,val,야채,T2 동의어,q_야채_05,채소,식료품 중 '야채'를 판매·제공하는 매장,77728fb7-88a3-4af7-b429-12276e358a94,고향야채,채소,중리시장,전통시장,대전광역시,3.0,3.0,,,RESOLVED_AGREEMENT,False,3,,,,
6f092700718bfdd61cd0,val,야채,T2 동의어,q_야채_05,채소,식료품 중 '야채'를 판매·제공하는 매장,55e6a7e5-8680-40a7-af51-829e5c68417d,삼성상회,수예,서문시장2지구 종합상가,전통시장,대구광역시,0.0,0.0,,,RESOLVED_AGREEMENT,False,0,,,,
d504ee120869e983070b,val,야채,T2 동의어,q_야채_05,채소,식료품 중 '야채'를 판매·제공하는 매장,00e92856-b294-4032-8540-d60e9817f2d8,럭키약국,"의약품, 건강기능식품, 식품",충무로골목형상점가,골목형상점가,서울특별시,1.0,0.0,,,P2_GRADED_ONLY,True,,,,,
24d6c93cd05b4ca46acf,val,야채,T2 동의어,q_야채_05,채소,식료품 중 '야채'를 판매·제공하는 매장,4ae109c5-4387-4a0e-b0b9-7f8ab830e3b2,우리채소,채소,논산화지중앙시장,전통시장,충청남도,3.0,3.0,,,RESOLVED_AGREEMENT,False,3,,,,
8d6f45d54b035e41f729,val,야채,T2 동의어,q_야채_05,채소,식료품 중 '야채'를 판매·제공하는 매장,005313c8-dce8-49b6-9841-9143ebb1305a,동원떡집,,박달시장,전통시장,경기도,0.0,0.0,,,RESOLVED_AGREEMENT,False,0,,,,
82ef3e4e5a345ec85457,val,야채,T2 동의어,q_야채_05,채소,식료품 중 '야채'를 판매·제공하는 매장,1700e86c-7b01-47e8-9e50-7cc1cf92940f,뿌리채소,채소,좌동재래시장,전통시장,부산광역시,3.0,3.0,,,RESOLVED_AGREEMENT,False,3,,,,
58da6771de7917981506,val,야채,T2 동의어,q_야채_05,채소,식료품 중 '야채'를 판매·제공하는 매장,0533a201-3b07-4029-8158-c4d2ad17c7bf,텃밭쌈밥,쌈밥,역전시장,전통시장,충청남도,0.0,0.0,,,RESOLVED_AGREEMENT,False,0,,,,
5fb7d6a36c076e2768e0,val,야채,T2 동의어,q_야채_05,채소,식료품 중 '야채'를 판매·제공하는 매장,55ed126e-2af6-4419-95c0-568464e6ae77,홍보석,귀금속,계양산전통시장,전통시장,인천광역시,0.0,0.0,,,RESOLVED_AGREEMENT,False,0,,,,
675840a7cfc6db75bc09,val,야채,T2 동의어,q_야채_05,채소,식료품 중 '야채'를 판매·제공하는 매장,98cebc98-8d67-4b55-bf6d-60919650d41a,정미채소,채소,정읍샘고을시장,전통시장,전북특별자치도,3.0,3.0,,,RESOLVED_AGREEMENT,False,3,,,,
8752daab1129dbf84002,val,야채,T2 동의어,q_야채_05,채소,식료품 중 '야채'를 판매·제공하는 매장,1d0d828a-3ee4-4945-b3ce-9a54efea4289,이푸른채소,채소,해평시장,전통시장,경상북도,3.0,3.0,,,RESOLVED_AGREEMENT,False,3,,,,
2c3c3686b8172513ac27,val,야채,T2 동의어,q_야채_05,채소,식료품 중 '야채'를 판매·제공하는 매장,b78dda6f-90f1-4cbe-8341-58fe3462ffb4,합천채소,채소,성서와룡시장,전통시장,대구광역시,3.0,3.0,,,RESOLVED_AGREEMENT,False,3,,,,
34a4e459e7ec10ea2838,val,야채,T2 동의어,q_야채_05,채소,식료품 중 '야채'를 판매·제공하는 매장,00b64830-f897-4643-a5fa-6d8950c2ef89,낭만상회,식품,문산자유시장,전통시장,경기도,1.0,0.0,,,P2_GRADED_ONLY,True,,,,,
41e357f2b04244f55f1a,val,야채,T2 동의어,q_야채_05,채소,식료품 중 '야채'를 판매·제공하는 매장,8ed01334-cf1c-43c1-b604-6a0181eb2eaa,한일채소,채소,김해 삼방전통시장,전통시장,경상남도,3.0,3.0,,,RESOLVED_AGREEMENT,False,3,,,,
fc9369674cb992d99be0,val,야채,T2 동의어,q_야채_05,채소,식료품 중 '야채'를 판매·제공하는 매장,a67ec970-f6ac-4314-832a-4ad66d5057d7,퇴촌,채소,청량리농수산물시장,전통시장,서울특별시,3.0,3.0,,,RESOLVED_AGREEMENT,False,3,,,,
1013443b74d09826e1b4,val,야채,T2 동의어,q_야채_05,채소,식료품 중 '야채'를 판매·제공하는 매장,cb85d4c6-1179-419e-833a-a803adff67ee,다름이네 채소,채소,우장산역 골목형상점가,골목형상점가,서울특별시,3.0,3.0,,,RESOLVED_AGREEMENT,False,3,,,,
7c85bd7f79d69003cc4a,val,야채,T2 동의어,q_야채_05,채소,식료품 중 '야채'를 판매·제공하는 매장,3a3a8560-e0a5-4185-a431-1d407a1cea25,목포짬뽕,음식,뒷개로청춘골목상점가,골목형상점가,전라남도,0.0,0.0,,,RESOLVED_AGREEMENT,False,0,,,,
85f6a74b4fd26c956372,val,야채,T2 동의어,q_야채_05,채소,식료품 중 '야채'를 판매·제공하는 매장,3ed38013-1009-4b72-ba3f-b10030148289,큰밭상회,채소,팔달신시장,전통시장,대구광역시,3.0,3.0,,,RESOLVED_AGREEMENT,False,3,,,,
c1ccf0cfc38091f38bf0,val,야채,T2 동의어,q_야채_05,채소,식료품 중 '야채'를 판매·제공하는 매장,00b6e321-5954-437c-b1d9-94fded29f67e,웰빙마트,식품,서남신시장,전통시장,대구광역시,1.0,1.0,,,RESOLVED_AGREEMENT,False,1,,,,
78140bf1f0146ab4a61b,val,야채,T2 동의어,q_야채_05,채소,식료품 중 '야채'를 판매·제공하는 매장,31515898-39ad-48c0-958a-50643dfe32ce,만물채소,채소,구서오시게시장,전통시장,부산광역시,3.0,3.0,,,RESOLVED_AGREEMENT,False,3,,,,
ea22a031b7fa537c1aec,val,야채,T2 동의어,q_야채_05,채소,식료품 중 '야채'를 판매·제공하는 매장,818419b2-9ff4-49f6-ae74-cfe3d1197d81,상남채소,채소,창원 상남시장,전통시장,경상남도,3.0,3.0,,,RESOLVED_AGREEMENT,False,3,,,,
b5d8505f88ab356eb28f,val,야채,T2 동의어,q_야채_05,채소,식료품 중 '야채'를 판매·제공하는 매장,29e43063-7953-4c44-91ca-a9a49e4d3010,대응상회,채소,중앙신시장,전통시장,경상북도,3.0,3.0,,,RESOLVED_AGREEMENT,False,3,,,,
5e044c2900f2f551e640,val,야채,T2 동의어,q_야채_05,채소,식료품 중 '야채'를 판매·제공하는 매장,016f8113-22a7-4ef1-a80f-0562dd2a06e9,동이식품,"식품, 농산물",중앙신시장,전통시장,경상북도,3.0,3.0,,,RESOLVED_AGREEMENT,False,3,,,,
06cc03c57705e66595ad,val,야채,T2 동의어,q_야채_05,채소,식료품 중 '야채'를 판매·제공하는 매장,cca5db4d-01e3-45f8-9ea3-5265917beec5,이리채소,채소,익산북부시장,전통시장,전북특별자치도,3.0,3.0,,,RESOLVED_AGREEMENT,False,3,,,,
bd20f9a8ce4d47fe2f15,val,야채,T2 동의어,q_야채_05,채소,식료품 중 '야채'를 판매·제공하는 매장,48af12ea-1a5d-4b75-9bac-badcb3296ca2,채소연구소2,채소,망미종합시장,전통시장,부산광역시,3.0,3.0,,,RESOLVED_AGREEMENT,False,3,,,,
2a250adb8cc6033b6947,val,야채,T2 동의어,q_야채_05,채소,식료품 중 '야채'를 판매·제공하는 매장,0097b3e2-b5cf-4050-b719-c9d7738067c0,시흥상회,"소매(야채,과일)",광명전통시장,전통시장,경기도,3.0,3.0,,,RESOLVED_AGREEMENT,False,3,,,,
38f8747c1b6cdb1b0407,val,야채,T2 동의어,q_야채_05,채소,식료품 중 '야채'를 판매·제공하는 매장,2cfe44c9-9d8a-4ecd-bbde-e6da2ad1fcc7,일꾼상회,채소,팔달신시장,전통시장,대구광역시,3.0,3.0,,,RESOLVED_AGREEMENT,False,3,,,,
5e61e7a0a770a6b2cf70,val,야채,T2 동의어,q_야채_05,채소,식료품 중 '야채'를 판매·제공하는 매장,5f35d1eb-8806-45cb-8310-e69661deebd8,남목채소,채소,남목전통시장,전통시장,울산광역시,3.0,3.0,,,RESOLVED_AGREEMENT,False,3,,,,
1accacb5c6d41ebab89a,val,야채,T2 동의어,q_야채_05,채소,식료품 중 '야채'를 판매·제공하는 매장,ba8da588-bc1b-4019-afeb-dce2a0347c19,채소나라,채소,정읍샘고을시장,전통시장,전북특별자치도,3.0,3.0,,,RESOLVED_AGREEMENT,False,3,,,,
a73da2e323da6587975a,val,야채,T2 동의어,q_야채_05,채소,식료품 중 '야채'를 판매·제공하는 매장,340131e4-e488-467c-93a1-c2c1a38c97fc,기철야채,채소,서정리시장(서정시장),전통시장,경기도,3.0,3.0,,,RESOLVED_AGREEMENT,False,3,,,,
5ad084e387508a022d8e,val,야채,T2 동의어,q_야채_05,채소,식료품 중 '야채'를 판매·제공하는 매장,00534c22-4465-442e-95db-66dd08f99320,삼원상회,채소,칠성시장,전통시장,대구광역시,3.0,3.0,,,RESOLVED_AGREEMENT,False,3,,,,
f512c16a9db266b791d4,val,야채,T2 동의어,q_야채_05,채소,식료품 중 '야채'를 판매·제공하는 매장,cf37e640-c099-4140-abd3-f07ab9878881,사계절채소,채소,영천공설시장,전통시장,경상북도,3.0,3.0,,,RESOLVED_AGREEMENT,False,3,,,,
f21a8d3ae488212cfe5b,val,야채,T2 동의어,q_야채_05,채소,식료품 중 '야채'를 판매·제공하는 매장,cf6c7a39-a366-488a-86a9-50052bb87e00,민호채소,채소,일산서문상점가,자율상권구역,경기도,3.0,3.0,,,RESOLVED_AGREEMENT,False,3,,,,
511e16e2533fe5ac3457,val,야채,T2 동의어,q_야채_05,채소,식료품 중 '야채'를 판매·제공하는 매장,6d1c0565-84e3-4504-969a-2e55246817f2,동건농산,채소,팔달신시장,전통시장,대구광역시,3.0,3.0,,,RESOLVED_AGREEMENT,False,3,,,,
c585465c9cc1a148a69a,val,야채,T2 동의어,q_야채_05,채소,식료품 중 '야채'를 판매·제공하는 매장,b4504ce7-bda5-4ee1-9b9e-fa8f54d33cd7,김야채,채소,야음상가시장,전통시장,울산광역시,3.0,3.0,,,RESOLVED_AGREEMENT,False,3,,,,
9c77a8c0aa1e32ab365a,val,야채,T2 동의어,q_야채_05,채소,식료품 중 '야채'를 판매·제공하는 매장,00c56499-bc90-4ed6-bb66-3802cc762889,의령상회,채소,부전상가시장,전통시장,부산광역시,3.0,3.0,,,RESOLVED_AGREEMENT,False,3,,,,
b5bcf4d89bcd3aa771ba,val,야채,T2 동의어,q_야채_05,채소,식료품 중 '야채'를 판매·제공하는 매장,e007b87d-1c63-4958-91e1-24d453f10328,아해뜰채소,채소,목포청호시장,전통시장,,3.0,3.0,,,RESOLVED_AGREEMENT,False,3,,,,
bba6f74f464c1a5a2849,val,야채,T2 동의어,q_야채_05,채소,식료품 중 '야채'를 판매·제공하는 매장,03a6e716-3825-40e3-ba06-e047ee5e5483,부일반찬,김치,초량전통시장,전통시장,부산광역시,1.0,1.0,,,RESOLVED_AGREEMENT,False,1,,,,
cadd7bbac1611d35169e,val,야채,T2 동의어,q_야채_05,채소,식료품 중 '야채'를 판매·제공하는 매장,a50d9588-45fd-4e3c-8f9c-22121b7280af,왜관채소,채소,지산목련시장(구 지산종합시장),전통시장,대구광역시,3.0,3.0,,,RESOLVED_AGREEMENT,False,3,,,,
6a318fa97e61b1cb4bb4,val,야채,T2 동의어,q_야채_05,채소,식료품 중 '야채'를 판매·제공하는 매장,007fd232-3c16-44ff-be59-cf265f3775e9,동문상회,채소버섯,팔달신시장,전통시장,대구광역시,3.0,3.0,,,RESOLVED_AGREEMENT,False,3,,,,
5248ae42dec9ca47aff2,val,야채,T2 동의어,q_야채_05,채소,식료품 중 '야채'를 판매·제공하는 매장,626b2844-909a-4790-a5c5-1fba13d5f009,싱싱한채소,채소,현풍백년도깨비시장,전통시장,대구광역시,3.0,3.0,,,RESOLVED_AGREEMENT,False,3,,,,
272e38f90d7be542246a,val,야채,T2 동의어,q_야채_05,채소,식료품 중 '야채'를 판매·제공하는 매장,006204f3-b214-4611-a434-f896bf75e919,장터사랑,과일,농성세대공감상인회 골목형상점가,골목형상점가,광주광역시,1.0,2.0,,,P1_BINARY_THRESHOLD,True,,,,,
4de6ace765ccd7f22b5c,val,야채,T2 동의어,q_야채_05,채소,식료품 중 '야채'를 판매·제공하는 매장,062cfe37-7035-452a-9412-bc2d4c3a58f2,두리네채소,채소,전주모래내시장,전통시장,전북특별자치도,3.0,3.0,,,RESOLVED_AGREEMENT,False,3,,,,
014867b8cee013cc189f,val,야채,T2 동의어,q_야채_05,채소,식료품 중 '야채'를 판매·제공하는 매장,83cd06b0-592a-4e4f-b484-e1f030c92cca,재필상회,채소,남천해변시장,전통시장,부산광역시,3.0,3.0,,,RESOLVED_AGREEMENT,False,3,,,,
87de025c30e6ebf59e3c,val,야채,T2 동의어,q_야채_05,채소,식료품 중 '야채'를 판매·제공하는 매장,12bac5de-59a7-472a-946b-5e38694a5648,한옥촌,쌈밥,전농배봉산맛집거리골목형상점가,골목형상점가,서울특별시,0.0,0.0,,,RESOLVED_AGREEMENT,False,0,,,,
76ec2be4d01b87a371ba,val,야채,T2 동의어,q_야채_05,채소,식료품 중 '야채'를 판매·제공하는 매장,a1283b81-ade9-47ab-8235-28bfa73cdec6,오씨채소,채소,남항시장,전통시장,부산광역시,3.0,3.0,,,RESOLVED_AGREEMENT,False,3,,,,
e277ef0391e52ecde5f0,val,야채,T2 동의어,q_야채_05,채소,식료품 중 '야채'를 판매·제공하는 매장,5bc3d4b3-d1b8-4f90-8afe-cfec5dc14045,만물채소,채소,연일골목시장상점가,자율상권구역,부산광역시,3.0,3.0,,,RESOLVED_AGREEMENT,False,3,,,,
2bf48733c28e5257fcc7,val,야채,T2 동의어,q_야채_05,채소,식료품 중 '야채'를 판매·제공하는 매장,0622e5e4-d762-4378-aeb6-eb6148f9dec6,개도리김치,"김치, 채소, 건어물",나주목사고을시장,전통시장,,3.0,3.0,,,RESOLVED_AGREEMENT,False,3,,,,
50daa168e17e760336f4,val,야채,T2 동의어,q_야채_05,채소,식료품 중 '야채'를 판매·제공하는 매장,000a244a-1e28-40b7-8d55-d5b1055f12d2,진해상회,채소,마산어시장,전통시장,경상남도,3.0,3.0,,,RESOLVED_AGREEMENT,False,3,,,,
dadcecd1038b3cc4c541,val,야채,T2 동의어,q_야채_05,채소,식료품 중 '야채'를 판매·제공하는 매장,006601da-192a-4275-90bf-aa320c79ea9f,바이럽,샐러드,현풍백년도깨비시장,전통시장,대구광역시,1.0,0.0,,,P2_GRADED_ONLY,True,,,,,
66338d71f976eea89917,val,야채,T2 동의어,q_야채_05,채소,식료품 중 '야채'를 판매·제공하는 매장,cb0c9232-ca19-47a1-bc4c-f0fc7c27e1fb,유림채소,채소,익산북부시장,전통시장,전북특별자치도,3.0,3.0,,,RESOLVED_AGREEMENT,False,3,,,,
292dfe3d0632764624ee,val,야채,T2 동의어,q_야채_05,채소,식료품 중 '야채'를 판매·제공하는 매장,01f160fc-531c-4191-aa22-453462e0f38a,천년,김치,오정동상점가,자율상권구역,대전광역시,1.0,0.0,,,P2_GRADED_ONLY,True,,,,,
3ef4d4d8e7dad127c2b9,val,야채,T2 동의어,q_야채_05,채소,식료품 중 '야채'를 판매·제공하는 매장,000527f2-442a-4dd1-9bfc-8a8cd9fd5410,(유)뉴현대상회,농산물,가락몰골목형상점가,골목형상점가,서울특별시,3.0,3.0,,,RESOLVED_AGREEMENT,False,3,,,,
fcd0fb9c5fd1d71a6b89,val,야채,T2 동의어,q_야채_05,채소,식료품 중 '야채'를 판매·제공하는 매장,888c448d-238d-4979-abc2-7e881ff6c69c,논공농산,채소,관문상가시장,전통시장,대구광역시,3.0,3.0,,,RESOLVED_AGREEMENT,False,3,,,,
62a90c52517ff5795307,val,야채,T2 동의어,q_야채_05,채소,식료품 중 '야채'를 판매·제공하는 매장,8c66ee33-f10b-458a-bf68-f345576fb68c,의성채소,채소,의성공설전통시장(의성읍정기시장),전통시장,경상북도,3.0,3.0,,,RESOLVED_AGREEMENT,False,3,,,,
71aeb5a29c78043000cf,val,야채,T2 동의어,q_야채_05,채소,식료품 중 '야채'를 판매·제공하는 매장,00947369-dfd0-4074-b22e-c8b430a98a70,에스.에이.팜(S.A.farm),"표고버섯및농산물, 잡화, 통신판매",무주반딧불상권활성화구역,상권활성화구역,전북특별자치도,3.0,3.0,,,RESOLVED_AGREEMENT,False,3,,,,
7a4c0d7d2487f873de7b,val,야채,T2 동의어,q_야채_05,채소,식료품 중 '야채'를 판매·제공하는 매장,8af5ba21-3e03-42c8-9fb8-36ebb0651c6b,산새상회,채소,통영중앙전통시장,전통시장,경상남도,3.0,3.0,,,RESOLVED_AGREEMENT,False,3,,,,
2f71dd844860da0ed241,val,야채,T2 동의어,q_야채_05,채소,식료품 중 '야채'를 판매·제공하는 매장,81d6bdd7-fc1c-44b7-be8a-d1d4334c7df3,테라필의원,피부비뇨기과,서문대로704번길 골목형상점가,골목형상점가,광주광역시,0.0,0.0,,,RESOLVED_AGREEMENT,False,0,,,,
561a029411ac51d07292,val,야채,T2 동의어,q_야채_05,채소,식료품 중 '야채'를 판매·제공하는 매장,06f191fb-14b4-4d51-8efb-39d44343f1a7,유한회사 바르메이드,샐러드,상무시청상인회 골목형상점가,골목형상점가,광주광역시,1.0,0.0,,,P2_GRADED_ONLY,True,,,,,
bd601fb40e082dbf33c8,val,야채,T2 동의어,q_야채_05,채소,식료품 중 '야채'를 판매·제공하는 매장,008b2657-018e-4d46-b0b0-a173aee3f37a,대원상회,농산물,대구능금시장,전통시장,대구광역시,3.0,3.0,,,RESOLVED_AGREEMENT,False,3,,,,
0baa42bb4e2deaec3604,val,야채,T2 동의어,q_야채_05,채소,식료품 중 '야채'를 판매·제공하는 매장,2b44256f-3424-4779-9893-9f11347b8449,지나인커피숍,"커피, 음료",전주우성타운 골목형상점가,골목형상점가,전북특별자치도,0.0,0.0,,,RESOLVED_AGREEMENT,False,0,,,,
880452f49ee4a6549b6a,val,야채,T2 동의어,q_야채_05,채소,식료품 중 '야채'를 판매·제공하는 매장,b1b1c759-5ecd-4c2a-a695-cc5800e6e584,여항식품,채소,마산어시장,전통시장,경상남도,3.0,3.0,,,RESOLVED_AGREEMENT,False,3,,,,
3cd8ffe178e1a0a9426b,val,야채,T2 동의어,q_야채_05,채소,식료품 중 '야채'를 판매·제공하는 매장,8238d5f7-3b4c-4896-a28d-047d2cfd6a1d,건어25번상회,"멸치, 쥐포",사천 삼천포중앙시장,전통시장,경상남도,0.0,0.0,,,RESOLVED_AGREEMENT,False,0,,,,
644c00ee43bb287a90ae,val,야채,T2 동의어,q_야채_05,채소,식료품 중 '야채'를 판매·제공하는 매장,00f0eee4-789e-4a7b-afc5-f1e7fc279b83,전국상회,야채,청량리종합시장,전통시장,서울특별시,3.0,3.0,,,RESOLVED_AGREEMENT,False,3,,,,
870f1f28d35a5490a933,val,야채,T2 동의어,q_야채_05,채소,식료품 중 '야채'를 판매·제공하는 매장,09e5fb7c-d0cc-4720-92df-5a5cece636c7,샐러리아 잠실본점,샐러드,방이시장,전통시장,서울특별시,1.0,0.0,,,P2_GRADED_ONLY,True,,,,,
bc783dadcd4b0c7fa00a,val,야채,T2 동의어,q_야채_05,채소,식료품 중 '야채'를 판매·제공하는 매장,009a3629-5dbc-47c2-adea-b1f9bc2c083a,동해농수산,야채,방학동도깨비시장,전통시장,서울특별시,3.0,3.0,,,RESOLVED_AGREEMENT,False,3,,,,
b2f5a7010d7f935a00e9,val,야채,T2 동의어,q_야채_05,채소,식료품 중 '야채'를 판매·제공하는 매장,770a816a-c7ef-48f0-8dbc-4050e2868bde,봉덕정약국,의약품,남봉덕 골목형상점가,골목형상점가,대구광역시,0.0,0.0,,,RESOLVED_AGREEMENT,False,0,,,,
1a1e67db66546c02f2c9,val,야채,T2 동의어,q_야채_05,채소,식료품 중 '야채'를 판매·제공하는 매장,00468e6b-39c6-4ce1-a534-a6b1eecac01d,태양농산물,과일,정릉서경대길골목형상점가(정릉골),골목형상점가,서울특별시,2.0,3.0,,,P2_GRADED_ONLY,True,,,,,
8aa6c97f2596b25807b2,val,야채,T2 동의어,q_야채_05,채소,식료품 중 '야채'를 판매·제공하는 매장,0042e83d-930b-4d1d-a96f-f1a2691256cd,성화상회,과일,대구능금시장,전통시장,대구광역시,1.0,2.0,,,P1_BINARY_THRESHOLD,True,,,,,
a58f30e02e608b905359,val,야채,T2 동의어,q_야채_05,채소,식료품 중 '야채'를 판매·제공하는 매장,014b06bd-3fa3-4cde-b459-e62ca64c33aa,조은식품,채소,하양꿈바우시장,전통시장,경상북도,3.0,3.0,,,RESOLVED_AGREEMENT,False,3,,,,
a2902743344160a22f19,val,야채,T2 동의어,q_야채_05,채소,식료품 중 '야채'를 판매·제공하는 매장,00333be0-b70d-4197-aa97-5a277d61e0da,㈜신진후르츠,과일,부전농수산물새벽시장,전통시장,부산광역시,1.0,2.0,,,P1_BINARY_THRESHOLD,True,,,,,
e4d4a7ac06a6fa33f190,val,야채,T2 동의어,q_야채_05,채소,식료품 중 '야채'를 판매·제공하는 매장,c5e297ee-9dde-43ca-8d25-53aed83d978a,공주채소,채소,세종전통시장,전통시장,세종특별자치시,3.0,3.0,,,RESOLVED_AGREEMENT,False,3,,,,
a11600bf68dc00638c7b,val,야채,T2 동의어,q_야채_05,채소,식료품 중 '야채'를 판매·제공하는 매장,00818eab-32ca-497e-ad5c-1c301a7ea4c9,13번상회,채소,마산 동마산시장,전통시장,경상남도,3.0,3.0,,,RESOLVED_AGREEMENT,False,3,,,,
1ab47fa72f56d4c4a2bb,val,야채,T2 동의어,q_야채_05,채소,식료품 중 '야채'를 판매·제공하는 매장,05530d0f-82ed-47a1-8015-32b6c30e3752,진수산삼다식품,"젓갈류, 김치, 수산물",동문재래시장,전통시장,제주특별자치도,1.0,0.0,,,P2_GRADED_ONLY,True,,,,,
82c6ddf31d57063ff398,val,야채,T2 동의어,q_야채_05,채소,식료품 중 '야채'를 판매·제공하는 매장,4051742c-2682-4127-9910-7c7df5577754,채소수산다있소,채소,수정전통시장,전통시장,부산광역시,3.0,3.0,,,RESOLVED_AGREEMENT,False,3,,,,
fe02f43ecf0f888b9c05,val,야채,T2 동의어,q_야채_05,채소,식료품 중 '야채'를 판매·제공하는 매장,014fc673-2f3b-48cf-a134-d5aebb132435,동성상회,야채,동두천중앙시장,전통시장,경기도,3.0,3.0,,,RESOLVED_AGREEMENT,False,3,,,,
86b5c3e36c05e7f25af7,val,야채,T2 동의어,q_야채_05,채소,식료품 중 '야채'를 판매·제공하는 매장,008d1ed4-a5d7-492e-9959-f8307a68cc5f,샐러드 정원,"샐러드, 샌드위치",미성동도깨비시장,골목형상점가,서울특별시,1.0,0.0,,,P2_GRADED_ONLY,True,,,,,
6536a84f74d99d488b41,val,야채,T2 동의어,q_야채_05,채소,식료품 중 '야채'를 판매·제공하는 매장,00891fcf-925f-4b76-bc26-179798787b48,정우상회,농산물,경동시장,전통시장,서울특별시,3.0,3.0,,,RESOLVED_AGREEMENT,False,3,,,,
db966a188d61006a19b8,val,야채,T2 동의어,q_야채_05,채소,식료품 중 '야채'를 판매·제공하는 매장,001cb3d4-5441-4963-b517-d5b3904ee312,현창떡집,떡집,목포동부시장,전통시장,전라남도,0.0,0.0,,,RESOLVED_AGREEMENT,False,0,,,,
1cdf644adf157b4b3831,val,야채,T2 동의어,q_야채_05,채소,식료품 중 '야채'를 판매·제공하는 매장,19f80ad5-7c10-4c16-bff4-8218962d912e,공주집,"채소.야채, 채소",대명여울빛거리시장,전통시장,서울특별시,3.0,3.0,,,RESOLVED_AGREEMENT,False,3,,,,
9b93d60bc3bcbaa34c9c,val,야채,T2 동의어,q_야채_05,채소,식료품 중 '야채'를 판매·제공하는 매장,0045f871-6f40-4361-bcdd-2b94bf597287,무파장터,야채 청과물,신금정시장 골목형 상점가,골목형상점가,부산광역시,3.0,3.0,,,RESOLVED_AGREEMENT,False,3,,,,
74218eb02eb085b642fc,val,야채,T2 동의어,q_야채_05,채소,식료품 중 '야채'를 판매·제공하는 매장,0b8ef6dc-2f6b-4707-bd73-529122d9c97a,하단떡집,떡집,하단오일상설시장,전통시장,부산광역시,0.0,0.0,,,RESOLVED_AGREEMENT,False,0,,,,
45dee435675217fde369,val,야채,T2 동의어,q_야채_05,채소,식료품 중 '야채'를 판매·제공하는 매장,bf528295-96f2-4795-909b-df66a23757c5,봉화채소,채소,서동전통골목시장,전통시장,부산광역시,3.0,3.0,,,RESOLVED_AGREEMENT,False,3,,,,
eb4a688e2d61b2695e6c,val,야채,T2 동의어,q_야채_05,채소,식료품 중 '야채'를 판매·제공하는 매장,15578c36-25cb-47c6-b623-02d015391845,서가네쌈밥,쌈밥,면곡시장 골목형상점가,골목형상점가,서울특별시,0.0,0.0,,,RESOLVED_AGREEMENT,False,0,,,,
49dc8944e590aafa9c35,val,야채,T2 동의어,q_야채_05,채소,식료품 중 '야채'를 판매·제공하는 매장,f8a10401-ff1a-40ee-9067-281a1d4518d8,달전채소,채소,장량성도시장,전통시장,경상북도,3.0,3.0,,,RESOLVED_AGREEMENT,False,3,,,,
14eb67d03f789941864f,val,야채,T2 동의어,q_야채_05,채소,식료품 중 '야채'를 판매·제공하는 매장,94638f05-9b77-4863-80e1-6277f5899822,중앙채소,채소,김제전통시장,전통시장,전북특별자치도,3.0,3.0,,,RESOLVED_AGREEMENT,False,3,,,,
a9ffaf75cf7a1c1d17e3,val,야채,T2 동의어,q_야채_05,채소,식료품 중 '야채'를 판매·제공하는 매장,53adebe3-6e2f-426a-b75b-a0eef4c32c11,석성상회,채소,안양남부시장,전통시장,경기도,3.0,3.0,,,RESOLVED_AGREEMENT,False,3,,,,
0f425c8c560e283431d0,val,야채,T2 동의어,q_야채_05,채소,식료품 중 '야채'를 판매·제공하는 매장,01b4b567-78d4-4fa1-9bff-25fd01fb1a4c,소문난김치집,김치,중앙먹거리 상인회 골목형상점가,골목형상점가,전라남도,1.0,0.0,,,P2_GRADED_ONLY,True,,,,,
99cfc9abb92eb45bfee9,val,야채,T2 동의어,q_야채_05,채소,식료품 중 '야채'를 판매·제공하는 매장,545c6f7a-bb0e-4ebe-a9e4-40fccb81edc6,중앙채소,채소,논공중앙시장,전통시장,대구광역시,3.0,3.0,,,RESOLVED_AGREEMENT,False,3,,,,
ef3ea91fba37012a3872,val,야채,T2 동의어,q_야채_05,채소,식료품 중 '야채'를 판매·제공하는 매장,04c905ba-3172-4ea4-a6dd-4345d674dea0,덕순이네,제조업(떡집),장터길 골목형상점가,골목형상점가,경기도,0.0,0.0,,,RESOLVED_AGREEMENT,False,0,,,,
79155be0263913e7b447,val,야채,T2 동의어,q_야채_05,채소,식료품 중 '야채'를 판매·제공하는 매장,56db4778-14ee-4046-a171-821fc0e3f8ce,산수쌈밥,쌈밥,전남여고후문 골목형상점가,골목형상점가,광주광역시,0.0,0.0,,,RESOLVED_AGREEMENT,False,0,,,,
758c8d44caf07bc2bce8,val,야채,T2 동의어,q_야채_05,채소,식료품 중 '야채'를 판매·제공하는 매장,aaf9d1eb-4cb7-4e16-88f5-d2b91bf480ae,관포선어,채소,거제 고현시장,전통시장,경상남도,3.0,3.0,,,RESOLVED_AGREEMENT,False,3,,,,
270084048939163a5a7f,val,야채,T2 동의어,q_야채_05,채소,식료품 중 '야채'를 판매·제공하는 매장,014072fb-b412-4fb3-a663-31dbf80e44a6,매일상회,"야채, 과일",고산미소시장(고산시장),전통시장,전북특별자치도,3.0,3.0,,,RESOLVED_AGREEMENT,False,3,,,,
ab81d2a15a2be44d5a52,val,야채,T2 동의어,q_야채_05,채소,식료품 중 '야채'를 판매·제공하는 매장,00344d24-5aaa-4dc7-ba51-3c041c147576,고향뜰영농조합법인,농산물,양산 북부시장,전통시장,경상남도,3.0,3.0,,,RESOLVED_AGREEMENT,False,3,,,,
8e732064073533058a79,val,야채,T2 동의어,q_야채_05,채소,식료품 중 '야채'를 판매·제공하는 매장,008d4156-e489-4d1f-9205-b541972d35a8,과일왕,과일 잡화 야채 먹거리,연제동 골목형상점가,골목형상점가,광주광역시,3.0,3.0,,,RESOLVED_AGREEMENT,False,3,,,,
ea20f6ea510dcfad30bd,val,야채,T2 동의어,q_야채_05,채소,식료품 중 '야채'를 판매·제공하는 매장,43c03e36-c146-4944-bcd4-879bc435fad2,도온쌈,쌈밥,남이동길골목형상점가,골목형상점가,서울특별시,0.0,0.0,,,RESOLVED_AGREEMENT,False,0,,,,
0e55c8c570600d5db9a4,val,야채,T2 동의어,q_야채_05,채소,식료품 중 '야채'를 판매·제공하는 매장,063d7960-6be9-4765-b6a3-ad8b0bbe656f,원이채소,채소,남항시장,전통시장,부산광역시,3.0,3.0,,,RESOLVED_AGREEMENT,False,3,,,,
2cbfc7ecef4400e353f6,val,야채,T2 동의어,q_야채_05,채소,식료품 중 '야채'를 판매·제공하는 매장,0a47fa4a-19fd-4c00-841d-e16bd6a3c84a,싱싱채소,채소,합천왕후시장,전통시장,경상남도,3.0,3.0,,,RESOLVED_AGREEMENT,False,3,,,,
0c5db45b17a5eba8ef83,val,야채,T2 동의어,q_야채_05,채소,식료품 중 '야채'를 판매·제공하는 매장,f17cb0af-297f-419e-86db-a1dca61eaab8,민혁채소,채소,나주목사고을시장,전통시장,전라남도,3.0,3.0,,,RESOLVED_AGREEMENT,False,3,,,,
0754c8052b584d6d2a01,val,야채,T2 동의어,q_야채_05,채소,식료품 중 '야채'를 판매·제공하는 매장,dc572f17-a00a-4655-80a9-3e446314964e,염주골채소,채소,염주먹자골목A구역상인회 골목형상점가,골목형상점가,광주광역시,3.0,3.0,,,RESOLVED_AGREEMENT,False,3,,,,
3533bdffe01299f5e5ab,val,야채,T2 동의어,q_야채_05,채소,식료품 중 '야채'를 판매·제공하는 매장,1ca7b792-9350-4c78-88ce-80d12cf01a50,푸른뫼,채소,춘천풍물시장,전통시장,강원특별자치도,3.0,3.0,,,RESOLVED_AGREEMENT,False,3,,,,
b83011b577a3fcce60da,val,야채,T2 동의어,q_야채_06,채소 파는 곳,식료품 중 '야채'를 판매·제공하는 매장,98cebc98-8d67-4b55-bf6d-60919650d41a,정미채소,채소,정읍샘고을시장,전통시장,전북특별자치도,3.0,3.0,,,RESOLVED_AGREEMENT,False,3,,,,
7c4ec07b0de66c2f2ca7,val,야채,T2 동의어,q_야채_06,채소 파는 곳,식료품 중 '야채'를 판매·제공하는 매장,03a6e716-3825-40e3-ba06-e047ee5e5483,부일반찬,김치,초량전통시장,전통시장,부산광역시,1.0,1.0,,,RESOLVED_AGREEMENT,False,1,,,,
3f220e252f0936b2bd2b,val,야채,T2 동의어,q_야채_06,채소 파는 곳,식료품 중 '야채'를 판매·제공하는 매장,76a3551b-dae4-4326-92cc-662015aedbfb,쉴 곳,한식,칠성로상점가,자율상권구역,제주특별자치도,0.0,0.0,,,RESOLVED_AGREEMENT,False,0,,,,
8c1fb713537481ad3af1,val,야채,T2 동의어,q_야채_06,채소 파는 곳,식료품 중 '야채'를 판매·제공하는 매장,a67ec970-f6ac-4314-832a-4ad66d5057d7,퇴촌,채소,청량리농수산물시장,전통시장,서울특별시,3.0,3.0,,,RESOLVED_AGREEMENT,False,3,,,,
f66535721e293ad7782b,val,야채,T2 동의어,q_야채_06,채소 파는 곳,식료품 중 '야채'를 판매·제공하는 매장,01e96e25-dcb5-4957-bc59-05c27b1dae7a,샐러드밀,샐러드,오룡행복 골목형상점가,골목형상점가,전라남도,1.0,0.0,,,P2_GRADED_ONLY,True,,,,,
05b946993de9fd2c8939,val,야채,T2 동의어,q_야채_06,채소 파는 곳,식료품 중 '야채'를 판매·제공하는 매장,3ed38013-1009-4b72-ba3f-b10030148289,큰밭상회,채소,팔달신시장,전통시장,대구광역시,3.0,3.0,,,RESOLVED_AGREEMENT,False,3,,,,
ea099f53e12e6d0f78c8,val,야채,T2 동의어,q_야채_06,채소 파는 곳,식료품 중 '야채'를 판매·제공하는 매장,dc572f17-a00a-4655-80a9-3e446314964e,염주골채소,채소,염주먹자골목A구역상인회 골목형상점가,골목형상점가,광주광역시,3.0,3.0,,,RESOLVED_AGREEMENT,False,3,,,,
41aab777f655d48f58ba,val,야채,T2 동의어,q_야채_06,채소 파는 곳,식료품 중 '야채'를 판매·제공하는 매장,0097b3e2-b5cf-4050-b719-c9d7738067c0,시흥상회,"소매(야채,과일)",광명전통시장,전통시장,경기도,3.0,3.0,,,RESOLVED_AGREEMENT,False,3,,,,
0502be7f3b059daaf3aa,val,야채,T2 동의어,q_야채_06,채소 파는 곳,식료품 중 '야채'를 판매·제공하는 매장,dcd770eb-a73f-42e7-ab46-771f314bce93,창창야채,채소,평택통복시장,전통시장,경기도,3.0,3.0,,,RESOLVED_AGREEMENT,False,3,,,,
0365d3bed66c2ad5c3c7,val,야채,T2 동의어,q_야채_06,채소 파는 곳,식료품 중 '야채'를 판매·제공하는 매장,cb0c9232-ca19-47a1-bc4c-f0fc7c27e1fb,유림채소,채소,익산북부시장,전통시장,전북특별자치도,3.0,3.0,,,RESOLVED_AGREEMENT,False,3,,,,
5fb9dbf6db86702db252,val,야채,T2 동의어,q_야채_06,채소 파는 곳,식료품 중 '야채'를 판매·제공하는 매장,00534c22-4465-442e-95db-66dd08f99320,삼원상회,채소,칠성시장,전통시장,대구광역시,3.0,3.0,,,RESOLVED_AGREEMENT,False,3,,,,
93d784ec3a910d0e9237,val,야채,T2 동의어,q_야채_06,채소 파는 곳,식료품 중 '야채'를 판매·제공하는 매장,00045dfc-0681-4fb3-8265-33b3df14c289,한라농산,과일,황지시장상점가,자율상권구역,강원특별자치도,1.0,2.0,,,P1_BINARY_THRESHOLD,True,,,,,
f19e8cef6d2f7a1486a3,val,야채,T2 동의어,q_야채_06,채소 파는 곳,식료품 중 '야채'를 판매·제공하는 매장,1700e86c-7b01-47e8-9e50-7cc1cf92940f,뿌리채소,채소,좌동재래시장,전통시장,부산광역시,3.0,3.0,,,RESOLVED_AGREEMENT,False,3,,,,
c5fff407bbc367b60162,val,야채,T2 동의어,q_야채_06,채소 파는 곳,식료품 중 '야채'를 판매·제공하는 매장,6d1c0565-84e3-4504-969a-2e55246817f2,동건농산,채소,팔달신시장,전통시장,대구광역시,3.0,3.0,,,RESOLVED_AGREEMENT,False,3,,,,
291b89ee345dc002447b,val,야채,T2 동의어,q_야채_06,채소 파는 곳,식료품 중 '야채'를 판매·제공하는 매장,00818eab-32ca-497e-ad5c-1c301a7ea4c9,13번상회,채소,마산 동마산시장,전통시장,경상남도,3.0,3.0,,,RESOLVED_AGREEMENT,False,3,,,,
9bf57a967690941f0c84,val,야채,T2 동의어,q_야채_06,채소 파는 곳,식료품 중 '야채'를 판매·제공하는 매장,888c448d-238d-4979-abc2-7e881ff6c69c,논공농산,채소,관문상가시장,전통시장,대구광역시,3.0,3.0,,,RESOLVED_AGREEMENT,False,3,,,,
dccd112fed4de594a007,val,야채,T2 동의어,q_야채_06,채소 파는 곳,식료품 중 '야채'를 판매·제공하는 매장,014072fb-b412-4fb3-a663-31dbf80e44a6,매일상회,"야채, 과일",고산미소시장(고산시장),전통시장,전북특별자치도,3.0,3.0,,,RESOLVED_AGREEMENT,False,3,,,,
81cd27cafafa100958fd,val,야채,T2 동의어,q_야채_06,채소 파는 곳,식료품 중 '야채'를 판매·제공하는 매장,8c66ee33-f10b-458a-bf68-f345576fb68c,의성채소,채소,의성공설전통시장(의성읍정기시장),전통시장,경상북도,3.0,3.0,,,RESOLVED_AGREEMENT,False,3,,,,
adb874367c12b88becdd,val,야채,T2 동의어,q_야채_06,채소 파는 곳,식료품 중 '야채'를 판매·제공하는 매장,43c03e36-c146-4944-bcd4-879bc435fad2,도온쌈,쌈밥,남이동길골목형상점가,골목형상점가,서울특별시,0.0,0.0,,,RESOLVED_AGREEMENT,False,0,,,,
e9f3f361ccee6f2994d3,val,야채,T2 동의어,q_야채_06,채소 파는 곳,식료품 중 '야채'를 판매·제공하는 매장,007fd232-3c16-44ff-be59-cf265f3775e9,동문상회,채소버섯,팔달신시장,전통시장,대구광역시,3.0,3.0,,,RESOLVED_AGREEMENT,False,3,,,,
2b612c21a7a1ed485a06,val,야채,T2 동의어,q_야채_06,채소 파는 곳,식료품 중 '야채'를 판매·제공하는 매장,0b8ef6dc-2f6b-4707-bd73-529122d9c97a,하단떡집,떡집,하단오일상설시장,전통시장,부산광역시,0.0,0.0,,,RESOLVED_AGREEMENT,False,0,,,,
8df06028f9d317e3f41b,val,야채,T2 동의어,q_야채_06,채소 파는 곳,식료품 중 '야채'를 판매·제공하는 매장,b13fe844-81b7-4a4a-912d-7aece396bbd9,굴다리먹촌,,부천자유시장,전통시장,경기도,,0.0,Y,,P0_UNCERTAIN_OR_MISSING,True,,,,,
c11fd8d87596b28dc242,val,야채,T2 동의어,q_야채_06,채소 파는 곳,식료품 중 '야채'를 판매·제공하는 매장,a50d9588-45fd-4e3c-8f9c-22121b7280af,왜관채소,채소,지산목련시장(구 지산종합시장),전통시장,대구광역시,3.0,3.0,,,RESOLVED_AGREEMENT,False,3,,,,
1f395d77e8a295836a65,val,야채,T2 동의어,q_야채_06,채소 파는 곳,식료품 중 '야채'를 판매·제공하는 매장,06f191fb-14b4-4d51-8efb-39d44343f1a7,유한회사 바르메이드,샐러드,상무시청상인회 골목형상점가,골목형상점가,광주광역시,1.0,0.0,,,P2_GRADED_ONLY,True,,,,,
aab28b282b109e8c86c4,val,야채,T2 동의어,q_야채_06,채소 파는 곳,식료품 중 '야채'를 판매·제공하는 매장,008d1ed4-a5d7-492e-9959-f8307a68cc5f,샐러드 정원,"샐러드, 샌드위치",미성동도깨비시장,골목형상점가,서울특별시,1.0,0.0,,,P2_GRADED_ONLY,True,,,,,
53bb83ab31aee913680d,val,야채,T2 동의어,q_야채_06,채소 파는 곳,식료품 중 '야채'를 판매·제공하는 매장,00891fcf-925f-4b76-bc26-179798787b48,정우상회,농산물,경동시장,전통시장,서울특별시,3.0,3.0,,,RESOLVED_AGREEMENT,False,3,,,,
ef31acdad1f437080fb2,val,야채,T2 동의어,q_야채_06,채소 파는 곳,식료품 중 '야채'를 판매·제공하는 매장,c5e297ee-9dde-43ca-8d25-53aed83d978a,공주채소,채소,세종전통시장,전통시장,세종특별자치시,3.0,3.0,,,RESOLVED_AGREEMENT,False,3,,,,
9f2affbd3335ef7bf23c,val,야채,T2 동의어,q_야채_06,채소 파는 곳,식료품 중 '야채'를 판매·제공하는 매장,24456103-f6b8-46af-8655-82e61d7265d8,커피가 머무르는 곳,커피,반드레길골목형상점가,골목형상점가,서울특별시,0.0,3.0,,,P1_BINARY_THRESHOLD,True,,,,,
ea4b2af7d2d0a45e7fd9,val,야채,T2 동의어,q_야채_06,채소 파는 곳,식료품 중 '야채'를 판매·제공하는 매장,cf6c7a39-a366-488a-86a9-50052bb87e00,민호채소,채소,일산서문상점가,자율상권구역,경기도,3.0,3.0,,,RESOLVED_AGREEMENT,False,3,,,,
4df409c03e8e03e05cf3,val,야채,T2 동의어,q_야채_06,채소 파는 곳,식료품 중 '야채'를 판매·제공하는 매장,acfe263b-69bf-4d27-9838-7309372eb617,옛날로타리갈비,돼지갈비 및 기타 육류,남천 상점가,자율상권구역,경기도,0.0,0.0,,,RESOLVED_AGREEMENT,False,0,,,,
a47355f7a9fc24ec8e03,val,야채,T2 동의어,q_야채_06,채소 파는 곳,식료품 중 '야채'를 판매·제공하는 매장,d1ae37a7-f14f-4ee7-a867-00daf67c85b7,사석채소,채소,운수대통!생거진천전통시장,전통시장,충청북도,3.0,3.0,,,RESOLVED_AGREEMENT,False,3,,,,
3e1838aecd1df5c26cf4,val,야채,T2 동의어,q_야채_06,채소 파는 곳,식료품 중 '야채'를 판매·제공하는 매장,b4504ce7-bda5-4ee1-9b9e-fa8f54d33cd7,김야채,채소,야음상가시장,전통시장,울산광역시,3.0,3.0,,,RESOLVED_AGREEMENT,False,3,,,,
dc7af79163564dcb01b0,val,야채,T2 동의어,q_야채_06,채소 파는 곳,식료품 중 '야채'를 판매·제공하는 매장,e007b87d-1c63-4958-91e1-24d453f10328,아해뜰채소,채소,목포청호시장,전통시장,,3.0,3.0,,,RESOLVED_AGREEMENT,False,3,,,,
c4347e508079bd15699c,val,야채,T2 동의어,q_야채_06,채소 파는 곳,식료품 중 '야채'를 판매·제공하는 매장,0a47fa4a-19fd-4c00-841d-e16bd6a3c84a,싱싱채소,채소,합천왕후시장,전통시장,경상남도,3.0,3.0,,,RESOLVED_AGREEMENT,False,3,,,,
f3cde44577662f899c50,val,야채,T2 동의어,q_야채_06,채소 파는 곳,식료품 중 '야채'를 판매·제공하는 매장,2d5516d3-13df-464c-ae98-407bbbceaf5f,시그니 헤어&네일,두발미용업,신가드림 골목형상점가,골목형상점가,광주광역시,0.0,0.0,,,RESOLVED_AGREEMENT,False,0,,,,
a6ab34628c1c71d7ce78,val,야채,T2 동의어,q_야채_06,채소 파는 곳,식료품 중 '야채'를 판매·제공하는 매장,009a3629-5dbc-47c2-adea-b1f9bc2c083a,동해농수산,야채,방학동도깨비시장,전통시장,서울특별시,3.0,3.0,,,RESOLVED_AGREEMENT,False,3,,,,
af6d8d2fd6f436bc218e,val,야채,T2 동의어,q_야채_06,채소 파는 곳,식료품 중 '야채'를 판매·제공하는 매장,c111ac9d-3f3a-405c-a8db-4d127ccda9e2,행복이 있는 곳,잡화,제주로얄쇼핑센터,자율상권구역,제주특별자치도,0.0,0.0,,,RESOLVED_AGREEMENT,False,0,,,,
ffba5d9b7fbead0d7276,val,야채,T2 동의어,q_야채_06,채소 파는 곳,식료품 중 '야채'를 판매·제공하는 매장,2cfe44c9-9d8a-4ecd-bbde-e6da2ad1fcc7,일꾼상회,채소,팔달신시장,전통시장,대구광역시,3.0,3.0,,,RESOLVED_AGREEMENT,False,3,,,,
59dbe5bdac164ceb90a6,val,야채,T2 동의어,q_야채_06,채소 파는 곳,식료품 중 '야채'를 판매·제공하는 매장,0533a201-3b07-4029-8158-c4d2ad17c7bf,텃밭쌈밥,쌈밥,역전시장,전통시장,충청남도,0.0,0.0,,,RESOLVED_AGREEMENT,False,0,,,,
1d82cfe8489bc3ddd203,val,야채,T2 동의어,q_야채_06,채소 파는 곳,식료품 중 '야채'를 판매·제공하는 매장,dc36b3cd-55a1-4ef4-8b39-1207ee18740b,대저상회,채소,부전시장,전통시장,부산광역시,3.0,3.0,,,RESOLVED_AGREEMENT,False,3,,,,
5d4991b48f73b133a2ae,val,야채,T2 동의어,q_야채_06,채소 파는 곳,식료품 중 '야채'를 판매·제공하는 매장,15578c36-25cb-47c6-b623-02d015391845,서가네쌈밥,쌈밥,면곡시장 골목형상점가,골목형상점가,서울특별시,0.0,0.0,,,RESOLVED_AGREEMENT,False,0,,,,
66541866189659cdf5c2,val,야채,T2 동의어,q_야채_06,채소 파는 곳,식료품 중 '야채'를 판매·제공하는 매장,e8bf57f6-58c8-47b7-a999-eaf9afaa792d,정가네채소,채소,월배신시장,전통시장,대구광역시,3.0,3.0,,,RESOLVED_AGREEMENT,False,3,,,,
791de9e34299a8787c48,val,야채,T2 동의어,q_야채_06,채소 파는 곳,식료품 중 '야채'를 판매·제공하는 매장,545c6f7a-bb0e-4ebe-a9e4-40fccb81edc6,중앙채소,채소,논공중앙시장,전통시장,대구광역시,3.0,3.0,,,RESOLVED_AGREEMENT,False,3,,,,
66a26eef5179a616b715,val,야채,T2 동의어,q_야채_06,채소 파는 곳,식료품 중 '야채'를 판매·제공하는 매장,b1b1c759-5ecd-4c2a-a695-cc5800e6e584,여항식품,채소,마산어시장,전통시장,경상남도,3.0,3.0,,,RESOLVED_AGREEMENT,False,3,,,,
807a228cc99bac88df16,val,야채,T2 동의어,q_야채_06,채소 파는 곳,식료품 중 '야채'를 판매·제공하는 매장,e48fffdc-2fbb-4ba3-81ad-3f22a12db17e,아시아채소,채소,비아5일시장,전통시장,광주광역시,3.0,3.0,,,RESOLVED_AGREEMENT,False,3,,,,
f2d74a7664c9350c3cbb,val,야채,T2 동의어,q_야채_06,채소 파는 곳,식료품 중 '야채'를 판매·제공하는 매장,016f8113-22a7-4ef1-a80f-0562dd2a06e9,동이식품,"식품, 농산물",중앙신시장,전통시장,경상북도,3.0,3.0,,,RESOLVED_AGREEMENT,False,3,,,,
5f7c0744fa2810ae6b28,val,야채,T2 동의어,q_야채_06,채소 파는 곳,식료품 중 '야채'를 판매·제공하는 매장,b78dda6f-90f1-4cbe-8341-58fe3462ffb4,합천채소,채소,성서와룡시장,전통시장,대구광역시,3.0,3.0,,,RESOLVED_AGREEMENT,False,3,,,,
93362ee39ddf8e9fb277,val,야채,T2 동의어,q_야채_06,채소 파는 곳,식료품 중 '야채'를 판매·제공하는 매장,005313c8-dce8-49b6-9841-9143ebb1305a,동원떡집,,박달시장,전통시장,경기도,0.0,0.0,,,RESOLVED_AGREEMENT,False,0,,,,
cc8acfb8e381860ffd50,val,야채,T2 동의어,q_야채_06,채소 파는 곳,식료품 중 '야채'를 판매·제공하는 매장,4f7091a3-f69d-4a0b-b405-8087ea69267c,사주타로,"내의, 의류, 사주타로",고투몰(강남터미널지하도상점가),일반지하상점가,서울특별시,0.0,0.0,,,RESOLVED_AGREEMENT,False,0,,,,
c10d025d0c49dc57fb5c,val,야채,T2 동의어,q_야채_06,채소 파는 곳,식료품 중 '야채'를 판매·제공하는 매장,008b2657-018e-4d46-b0b0-a173aee3f37a,대원상회,농산물,대구능금시장,전통시장,대구광역시,3.0,3.0,,,RESOLVED_AGREEMENT,False,3,,,,
565a34f54db86b05048c,val,야채,T2 동의어,q_야채_06,채소 파는 곳,식료품 중 '야채'를 판매·제공하는 매장,00333be0-b70d-4197-aa97-5a277d61e0da,㈜신진후르츠,과일,부전농수산물새벽시장,전통시장,부산광역시,1.0,2.0,,,P1_BINARY_THRESHOLD,True,,,,,
7a6730d7a65b653a85a2,val,야채,T2 동의어,q_야채_06,채소 파는 곳,식료품 중 '야채'를 판매·제공하는 매장,ba8da588-bc1b-4019-afeb-dce2a0347c19,채소나라,채소,정읍샘고을시장,전통시장,전북특별자치도,3.0,3.0,,,RESOLVED_AGREEMENT,False,3,,,,
f735556d1a1a2595df34,val,야채,T2 동의어,q_야채_06,채소 파는 곳,식료품 중 '야채'를 판매·제공하는 매장,009be3cd-7c52-41e4-91fc-c377ddfa78c0,언양시장야채,야채,언양알프스시장,전통시장,울산광역시,3.0,3.0,,,RESOLVED_AGREEMENT,False,3,,,,
1670b5691e1e9ca7f47e,val,야채,T2 동의어,q_야채_06,채소 파는 곳,식료품 중 '야채'를 판매·제공하는 매장,df559311-a396-4be9-af43-ddb45e13d5a9,대양수산,도소매(수산물),동원전통종합시장,전통시장,서울특별시,0.0,0.0,,,RESOLVED_AGREEMENT,False,0,,,,
39147ee66018b7d95500,val,야채,T2 동의어,q_야채_06,채소 파는 곳,식료품 중 '야채'를 판매·제공하는 매장,a1283b81-ade9-47ab-8235-28bfa73cdec6,오씨채소,채소,남항시장,전통시장,부산광역시,3.0,3.0,,,RESOLVED_AGREEMENT,False,3,,,,
6c7233aef7f924b45aac,val,야채,T2 동의어,q_야채_06,채소 파는 곳,식료품 중 '야채'를 판매·제공하는 매장,0622e5e4-d762-4378-aeb6-eb6148f9dec6,개도리김치,"김치, 채소, 건어물",나주목사고을시장,전통시장,,3.0,3.0,,,RESOLVED_AGREEMENT,False,3,,,,
df315ffaeb39bf4a4a79,val,야채,T2 동의어,q_야채_06,채소 파는 곳,식료품 중 '야채'를 판매·제공하는 매장,cca5db4d-01e3-45f8-9ea3-5265917beec5,이리채소,채소,익산북부시장,전통시장,전북특별자치도,3.0,3.0,,,RESOLVED_AGREEMENT,False,3,,,,
976494c7d6689e000ef0,val,야채,T2 동의어,q_야채_06,채소 파는 곳,식료품 중 '야채'를 판매·제공하는 매장,340131e4-e488-467c-93a1-c2c1a38c97fc,기철야채,채소,서정리시장(서정시장),전통시장,경기도,3.0,3.0,,,RESOLVED_AGREEMENT,False,3,,,,
c17bfee655c0dd77276c,val,야채,T2 동의어,q_야채_06,채소 파는 곳,식료품 중 '야채'를 판매·제공하는 매장,009f034c-8e3b-4a32-aab3-55ece8718004,장봐주는언니 임동점,농수축산물및 가공식품,제니스 골목형상점가,골목형상점가,광주광역시,1.0,0.0,,,P2_GRADED_ONLY,True,,,,,
f862556a73972789264f,val,야채,T2 동의어,q_야채_06,채소 파는 곳,식료품 중 '야채'를 판매·제공하는 매장,04c905ba-3172-4ea4-a6dd-4345d674dea0,덕순이네,제조업(떡집),장터길 골목형상점가,골목형상점가,경기도,0.0,0.0,,,RESOLVED_AGREEMENT,False,0,,,,
11a75a5c3dc16d0acb8d,val,야채,T2 동의어,q_야채_06,채소 파는 곳,식료품 중 '야채'를 판매·제공하는 매장,000527f2-442a-4dd1-9bfc-8a8cd9fd5410,(유)뉴현대상회,농산물,가락몰골목형상점가,골목형상점가,서울특별시,3.0,3.0,,,RESOLVED_AGREEMENT,False,3,,,,
51aa1a58f736284081b2,val,야채,T2 동의어,q_야채_06,채소 파는 곳,식료품 중 '야채'를 판매·제공하는 매장,818419b2-9ff4-49f6-ae74-cfe3d1197d81,상남채소,채소,창원 상남시장,전통시장,경상남도,3.0,3.0,,,RESOLVED_AGREEMENT,False,3,,,,
7c34c0ce0635670b7d4a,val,야채,T2 동의어,q_야채_06,채소 파는 곳,식료품 중 '야채'를 판매·제공하는 매장,29e43063-7953-4c44-91ca-a9a49e4d3010,대응상회,채소,중앙신시장,전통시장,경상북도,3.0,3.0,,,RESOLVED_AGREEMENT,False,3,,,,
6702cfd931011dc9f4cc,val,야채,T2 동의어,q_야채_06,채소 파는 곳,식료품 중 '야채'를 판매·제공하는 매장,cac8c80b-14e1-4f0e-b478-3337738723d2,점둘상회,채소,충무동 새벽시장,전통시장,부산광역시,3.0,3.0,,,RESOLVED_AGREEMENT,False,3,,,,
ebd520a0f15045214fd5,val,야채,T2 동의어,q_야채_06,채소 파는 곳,식료품 중 '야채'를 판매·제공하는 매장,00f0eee4-789e-4a7b-afc5-f1e7fc279b83,전국상회,야채,청량리종합시장,전통시장,서울특별시,3.0,3.0,,,RESOLVED_AGREEMENT,False,3,,,,
e1a2f97eddbc66bfdc0d,val,야채,T2 동의어,q_야채_06,채소 파는 곳,식료품 중 '야채'를 판매·제공하는 매장,f0eb8b35-0121-430d-8331-d318c13cc957,조은채소,채소,중리시장,전통시장,대전광역시,3.0,3.0,,,RESOLVED_AGREEMENT,False,3,,,,
f8b068ec8a463fb68833,val,야채,T2 동의어,q_야채_06,채소 파는 곳,식료품 중 '야채'를 판매·제공하는 매장,5f35d1eb-8806-45cb-8310-e69661deebd8,남목채소,채소,남목전통시장,전통시장,울산광역시,3.0,3.0,,,RESOLVED_AGREEMENT,False,3,,,,
cceaa5adcd97cb277dfb,val,야채,T2 동의어,q_야채_06,채소 파는 곳,식료품 중 '야채'를 판매·제공하는 매장,006204f3-b214-4611-a434-f896bf75e919,장터사랑,과일,농성세대공감상인회 골목형상점가,골목형상점가,광주광역시,1.0,2.0,,,P1_BINARY_THRESHOLD,True,,,,,
d8714eef455563b49d74,val,야채,T2 동의어,q_야채_06,채소 파는 곳,식료품 중 '야채'를 판매·제공하는 매장,f8a10401-ff1a-40ee-9067-281a1d4518d8,달전채소,채소,장량성도시장,전통시장,경상북도,3.0,3.0,,,RESOLVED_AGREEMENT,False,3,,,,
76bc0d54f42877331462,val,야채,T2 동의어,q_야채_06,채소 파는 곳,식료품 중 '야채'를 판매·제공하는 매장,01f160fc-531c-4191-aa22-453462e0f38a,천년,김치,오정동상점가,자율상권구역,대전광역시,1.0,0.0,,,P2_GRADED_ONLY,True,,,,,
48c8c97da443637bd3d4,val,야채,T2 동의어,q_야채_06,채소 파는 곳,식료품 중 '야채'를 판매·제공하는 매장,0042e83d-930b-4d1d-a96f-f1a2691256cd,성화상회,과일,대구능금시장,전통시장,대구광역시,1.0,2.0,,,P1_BINARY_THRESHOLD,True,,,,,
628027a4733d051d6adc,val,야채,T2 동의어,q_야채_06,채소 파는 곳,식료품 중 '야채'를 판매·제공하는 매장,05530d0f-82ed-47a1-8015-32b6c30e3752,진수산삼다식품,"젓갈류, 김치, 수산물",동문재래시장,전통시장,제주특별자치도,1.0,0.0,,,P2_GRADED_ONLY,True,,,,,
e143468bda25b606c25b,val,야채,T2 동의어,q_야채_06,채소 파는 곳,식료품 중 '야채'를 판매·제공하는 매장,94638f05-9b77-4863-80e1-6277f5899822,중앙채소,채소,김제전통시장,전통시장,전북특별자치도,3.0,3.0,,,RESOLVED_AGREEMENT,False,3,,,,
b2f84ad2fa6d3c328570,val,야채,T2 동의어,q_야채_06,채소 파는 곳,식료품 중 '야채'를 판매·제공하는 매장,0d92cbf1-e515-46bc-b362-e27164d9fbda,정화마차,백반,쫑포상가 골목형상점가,골목형상점가,전라남도,0.0,0.0,,,RESOLVED_AGREEMENT,False,0,,,,
4277584071422092064f,val,야채,T2 동의어,q_야채_06,채소 파는 곳,식료품 중 '야채'를 판매·제공하는 매장,000a244a-1e28-40b7-8d55-d5b1055f12d2,진해상회,채소,마산어시장,전통시장,경상남도,3.0,3.0,,,RESOLVED_AGREEMENT,False,3,,,,
7663c1db7428e498fdc3,val,야채,T2 동의어,q_야채_06,채소 파는 곳,식료품 중 '야채'를 판매·제공하는 매장,00e92856-b294-4032-8540-d60e9817f2d8,럭키약국,"의약품, 건강기능식품, 식품",충무로골목형상점가,골목형상점가,서울특별시,1.0,0.0,,,P2_GRADED_ONLY,True,,,,,
4ce55b37ce4a4e36855e,val,야채,T2 동의어,q_야채_06,채소 파는 곳,식료품 중 '야채'를 판매·제공하는 매장,1ca7b792-9350-4c78-88ce-80d12cf01a50,푸른뫼,채소,춘천풍물시장,전통시장,강원특별자치도,3.0,3.0,,,RESOLVED_AGREEMENT,False,3,,,,
e9df088174965b357ee5,val,야채,T2 동의어,q_야채_06,채소 파는 곳,식료품 중 '야채'를 판매·제공하는 매장,8ed01334-cf1c-43c1-b604-6a0181eb2eaa,한일채소,채소,김해 삼방전통시장,전통시장,경상남도,3.0,3.0,,,RESOLVED_AGREEMENT,False,3,,,,
bca930aaadef67b83d14,val,야채,T2 동의어,q_야채_06,채소 파는 곳,식료품 중 '야채'를 판매·제공하는 매장,09e5fb7c-d0cc-4720-92df-5a5cece636c7,샐러리아 잠실본점,샐러드,방이시장,전통시장,서울특별시,1.0,0.0,,,P2_GRADED_ONLY,True,,,,,
279bdf76ba19921e74da,val,야채,T2 동의어,q_야채_06,채소 파는 곳,식료품 중 '야채'를 판매·제공하는 매장,fc4ad331-9517-4c55-b6c3-98e65a9b36e8,신선채소,채소,김제중앙시장,전통시장,전북특별자치도,3.0,3.0,,,RESOLVED_AGREEMENT,False,3,,,,
4e7dd41f3409b2ad0573,val,야채,T2 동의어,q_야채_06,채소 파는 곳,식료품 중 '야채'를 판매·제공하는 매장,0045f871-6f40-4361-bcdd-2b94bf597287,무파장터,야채 청과물,신금정시장 골목형 상점가,골목형상점가,부산광역시,3.0,3.0,,,RESOLVED_AGREEMENT,False,3,,,,
e72bb4a34a9507418c74,val,야채,T2 동의어,q_야채_06,채소 파는 곳,식료품 중 '야채'를 판매·제공하는 매장,008d4156-e489-4d1f-9205-b541972d35a8,과일왕,과일 잡화 야채 먹거리,연제동 골목형상점가,골목형상점가,광주광역시,3.0,3.0,,,RESOLVED_AGREEMENT,False,3,,,,
3fa0faa51aecedc950ca,val,야채,T2 동의어,q_야채_06,채소 파는 곳,식료품 중 '야채'를 판매·제공하는 매장,00c56499-bc90-4ed6-bb66-3802cc762889,의령상회,채소,부전상가시장,전통시장,부산광역시,3.0,3.0,,,RESOLVED_AGREEMENT,False,3,,,,
713f402442701f2e37e3,val,야채,T2 동의어,q_야채_06,채소 파는 곳,식료품 중 '야채'를 판매·제공하는 매장,5bc3d4b3-d1b8-4f90-8afe-cfec5dc14045,만물채소,채소,연일골목시장상점가,자율상권구역,부산광역시,3.0,3.0,,,RESOLVED_AGREEMENT,False,3,,,,
632c4c695ececa91ef76,val,야채,T2 동의어,q_야채_06,채소 파는 곳,식료품 중 '야채'를 판매·제공하는 매장,83cd06b0-592a-4e4f-b484-e1f030c92cca,재필상회,채소,남천해변시장,전통시장,부산광역시,3.0,3.0,,,RESOLVED_AGREEMENT,False,3,,,,
e294f01b9d8cb921f381,val,야채,T2 동의어,q_야채_06,채소 파는 곳,식료품 중 '야채'를 판매·제공하는 매장,063d7960-6be9-4765-b6a3-ad8b0bbe656f,원이채소,채소,남항시장,전통시장,부산광역시,3.0,3.0,,,RESOLVED_AGREEMENT,False,3,,,,
02239cc9eef5315302b2,val,야채,T2 동의어,q_야채_06,채소 파는 곳,식료품 중 '야채'를 판매·제공하는 매장,12bac5de-59a7-472a-946b-5e38694a5648,한옥촌,쌈밥,전농배봉산맛집거리골목형상점가,골목형상점가,서울특별시,0.0,0.0,,,RESOLVED_AGREEMENT,False,0,,,,
799535307c2170a298a1,val,야채,T2 동의어,q_야채_06,채소 파는 곳,식료품 중 '야채'를 판매·제공하는 매장,a4fdcb4a-080f-4a38-955f-ede500ecfe9d,샤인,화분 외,양주가래비중앙로상점가,골목형상점가,경기도,0.0,0.0,,,RESOLVED_AGREEMENT,False,0,,,,
ad345839680efccc429b,val,야채,T2 동의어,q_야채_06,채소 파는 곳,식료품 중 '야채'를 판매·제공하는 매장,2743811c-5e71-4d2b-aa75-1b0147d44f2d,사우 꽃이 피는 곳,꽃,김포 풍년마을 골목형상점가,골목형상점가,경기도,0.0,0.0,,,RESOLVED_AGREEMENT,False,0,,,,
f6ee242d941a0f19da85,val,야채,T2 동의어,q_야채_06,채소 파는 곳,식료품 중 '야채'를 판매·제공하는 매장,006601da-192a-4275-90bf-aa320c79ea9f,바이럽,샐러드,현풍백년도깨비시장,전통시장,대구광역시,1.0,0.0,,,P2_GRADED_ONLY,True,,,,,
a92d49c7bbeb6ebff7c2,val,야채,T2 동의어,q_야채_06,채소 파는 곳,식료품 중 '야채'를 판매·제공하는 매장,83303200-5aa5-41e9-9272-4564b996b72c,선우식품,어묵,경주성동공설시장,전통시장,경상북도,1.0,0.0,,,P2_GRADED_ONLY,True,,,,,
12c39527ead19b46bf77,val,야채,T2 동의어,q_야채_06,채소 파는 곳,식료품 중 '야채'를 판매·제공하는 매장,bf528295-96f2-4795-909b-df66a23757c5,봉화채소,채소,서동전통골목시장,전통시장,부산광역시,3.0,3.0,,,RESOLVED_AGREEMENT,False,3,,,,
6b3c10ae4174e14ad2ab,val,야채,T2 동의어,q_야채_06,채소 파는 곳,식료품 중 '야채'를 판매·제공하는 매장,014b06bd-3fa3-4cde-b459-e62ca64c33aa,조은식품,채소,하양꿈바우시장,전통시장,경상북도,3.0,3.0,,,RESOLVED_AGREEMENT,False,3,,,,
a4738100d5ac58040f74,val,야채,T2 동의어,q_야채_06,채소 파는 곳,식료품 중 '야채'를 판매·제공하는 매장,00947369-dfd0-4074-b22e-c8b430a98a70,에스.에이.팜(S.A.farm),"표고버섯및농산물, 잡화, 통신판매",무주반딧불상권활성화구역,상권활성화구역,전북특별자치도,3.0,3.0,,,RESOLVED_AGREEMENT,False,3,,,,
e5a598ff3fd45cf660b6,val,야채,T2 동의어,q_야채_06,채소 파는 곳,식료품 중 '야채'를 판매·제공하는 매장,01b4b567-78d4-4fa1-9bff-25fd01fb1a4c,소문난김치집,김치,중앙먹거리 상인회 골목형상점가,골목형상점가,전라남도,1.0,0.0,,,P2_GRADED_ONLY,True,,,,,
33b73a8e3f735d286595,val,야채,T2 동의어,q_야채_06,채소 파는 곳,식료품 중 '야채'를 판매·제공하는 매장,f17cb0af-297f-419e-86db-a1dca61eaab8,민혁채소,채소,나주목사고을시장,전통시장,전라남도,3.0,3.0,,,RESOLVED_AGREEMENT,False,3,,,,
aa42c8a4c764643e68b5,val,야채,T2 동의어,q_야채_06,채소 파는 곳,식료품 중 '야채'를 판매·제공하는 매장,19f80ad5-7c10-4c16-bff4-8218962d912e,공주집,"채소.야채, 채소",대명여울빛거리시장,전통시장,서울특별시,3.0,3.0,,,RESOLVED_AGREEMENT,False,3,,,,
905bdcc1550c11621d76,val,야채,T2 동의어,q_야채_06,채소 파는 곳,식료품 중 '야채'를 판매·제공하는 매장,014fc673-2f3b-48cf-a134-d5aebb132435,동성상회,야채,동두천중앙시장,전통시장,경기도,3.0,3.0,,,RESOLVED_AGREEMENT,False,3,,,,
99f185293b55e8f4f7f8,val,야채,T2 동의어,q_야채_06,채소 파는 곳,식료품 중 '야채'를 판매·제공하는 매장,8af5ba21-3e03-42c8-9fb8-36ebb0651c6b,산새상회,채소,통영중앙전통시장,전통시장,경상남도,3.0,3.0,,,RESOLVED_AGREEMENT,False,3,,,,
f181c5aa8b46f521c9f5,val,야채,T2 동의어,q_야채_06,채소 파는 곳,식료품 중 '야채'를 판매·제공하는 매장,aaf9d1eb-4cb7-4e16-88f5-d2b91bf480ae,관포선어,채소,거제 고현시장,전통시장,경상남도,3.0,3.0,,,RESOLVED_AGREEMENT,False,3,,,,
d4f6ef57d82edb43f5cc,val,야채,T2 동의어,q_야채_06,채소 파는 곳,식료품 중 '야채'를 판매·제공하는 매장,062cfe37-7035-452a-9412-bc2d4c3a58f2,두리네채소,채소,전주모래내시장,전통시장,전북특별자치도,3.0,3.0,,,RESOLVED_AGREEMENT,False,3,,,,
1b613f62254bd7f22a26,val,야채,T2 동의어,q_야채_06,채소 파는 곳,식료품 중 '야채'를 판매·제공하는 매장,edb50940-6320-4d5c-9e83-ceae4f1e967f,삼산나범노지채소,채소,해남매일시장,전통시장,전라남도,3.0,3.0,,,RESOLVED_AGREEMENT,False,3,,,,
675f9a6c5ca201e06d30,val,야채,T2 동의어,q_야채_06,채소 파는 곳,식료품 중 '야채'를 판매·제공하는 매장,00468e6b-39c6-4ce1-a534-a6b1eecac01d,태양농산물,과일,정릉서경대길골목형상점가(정릉골),골목형상점가,서울특별시,2.0,3.0,,,P2_GRADED_ONLY,True,,,,,
9eff8ae6e48a25efffb2,val,야채,T2 동의어,q_야채_06,채소 파는 곳,식료품 중 '야채'를 판매·제공하는 매장,c161453d-f2c8-4b97-a2c3-a54e0cbdb7e8,생활용품 싸게 파는 집,잡화,안성중앙시장,전통시장,경기도,0.0,3.0,,,P1_BINARY_THRESHOLD,True,,,,,
1b64eb3369244ee86292,val,야채,T2 동의어,q_야채_06,채소 파는 곳,식료품 중 '야채'를 판매·제공하는 매장,cb85d4c6-1179-419e-833a-a803adff67ee,다름이네 채소,채소,우장산역 골목형상점가,골목형상점가,서울특별시,3.0,3.0,,,RESOLVED_AGREEMENT,False,3,,,,
ad6118d86af405b2a707,val,야채,T2 동의어,q_야채_06,채소 파는 곳,식료품 중 '야채'를 판매·제공하는 매장,00b64830-f897-4643-a5fa-6d8950c2ef89,낭만상회,식품,문산자유시장,전통시장,경기도,1.0,0.0,,,P2_GRADED_ONLY,True,,,,,
9a110c57c85983d68ba4,val,야채,T2 동의어,q_야채_06,채소 파는 곳,식료품 중 '야채'를 판매·제공하는 매장,56db4778-14ee-4046-a171-821fc0e3f8ce,산수쌈밥,쌈밥,전남여고후문 골목형상점가,골목형상점가,광주광역시,0.0,0.0,,,RESOLVED_AGREEMENT,False,0,,,,
655ff9af105d0a7cb975,val,야채,T2 동의어,q_야채_06,채소 파는 곳,식료품 중 '야채'를 판매·제공하는 매장,31515898-39ad-48c0-958a-50643dfe32ce,만물채소,채소,구서오시게시장,전통시장,부산광역시,3.0,3.0,,,RESOLVED_AGREEMENT,False,3,,,,
56a3c4937f878bc628f5,val,야채,T2 동의어,q_야채_06,채소 파는 곳,식료품 중 '야채'를 판매·제공하는 매장,77728fb7-88a3-4af7-b429-12276e358a94,고향야채,채소,중리시장,전통시장,대전광역시,3.0,3.0,,,RESOLVED_AGREEMENT,False,3,,,,
5c73d018af955100e27b,val,야채,T2 동의어,q_야채_06,채소 파는 곳,식료품 중 '야채'를 판매·제공하는 매장,cf37e640-c099-4140-abd3-f07ab9878881,사계절채소,채소,영천공설시장,전통시장,경상북도,3.0,3.0,,,RESOLVED_AGREEMENT,False,3,,,,
5a6c82e1b92033381a24,val,야채,T2 동의어,q_야채_06,채소 파는 곳,식료품 중 '야채'를 판매·제공하는 매장,001cb3d4-5441-4963-b517-d5b3904ee312,현창떡집,떡집,목포동부시장,전통시장,전라남도,0.0,0.0,,,RESOLVED_AGREEMENT,False,0,,,,
1eb52705b0c7fa361b9c,val,야채,T2 동의어,q_야채_06,채소 파는 곳,식료품 중 '야채'를 판매·제공하는 매장,00344d24-5aaa-4dc7-ba51-3c041c147576,고향뜰영농조합법인,농산물,양산 북부시장,전통시장,경상남도,3.0,3.0,,,RESOLVED_AGREEMENT,False,3,,,,
810c02c7cee775afdaf0,val,야채,T2 동의어,q_야채_06,채소 파는 곳,식료품 중 '야채'를 판매·제공하는 매장,015915e3-2542-4245-b627-0c775b4c5501,한내떡집,,거제 고현시장,전통시장,경상남도,0.0,0.0,,,RESOLVED_AGREEMENT,False,0,,,,
6b736c5b6f9e1288924a,val,야채,T2 동의어,q_야채_06,채소 파는 곳,식료품 중 '야채'를 판매·제공하는 매장,00b6e321-5954-437c-b1d9-94fded29f67e,웰빙마트,식품,서남신시장,전통시장,대구광역시,1.0,1.0,,,RESOLVED_AGREEMENT,False,1,,,,
010c5b028a979f92155b,val,야채,T2 동의어,q_야채_06,채소 파는 곳,식료품 중 '야채'를 판매·제공하는 매장,1d0d828a-3ee4-4945-b3ce-9a54efea4289,이푸른채소,채소,해평시장,전통시장,경상북도,3.0,3.0,,,RESOLVED_AGREEMENT,False,3,,,,
5b111aa15782103222cd,val,야채,T2 동의어,q_야채_06,채소 파는 곳,식료품 중 '야채'를 판매·제공하는 매장,4ae109c5-4387-4a0e-b0b9-7f8ab830e3b2,우리채소,채소,논산화지중앙시장,전통시장,충청남도,3.0,3.0,,,RESOLVED_AGREEMENT,False,3,,,,
dc0731434ff668c2a6c6,val,야채,T3 개념확장,q_야채_07,농수산물,식료품 중 '야채'를 판매·제공하는 매장,8f600a7a-3e2b-4a0e-a887-50a787bf0a8d,멍냥히어로 상왕십리역 무인 애견용품,반려동물용품,왕십리무학봉상점가,자율상권구역,서울특별시,0.0,3.0,,,P1_BINARY_THRESHOLD,True,,,,,
84498cfb85685827b1ab,val,야채,T3 개념확장,q_야채_07,농수산물,식료품 중 '야채'를 판매·제공하는 매장,dfa3bdb1-79d0-4302-82a5-fd04f6c6b45e,농수산도매상회,농수산물,창원 소계옛길시장,전통시장,경상남도,1.0,0.0,,,P2_GRADED_ONLY,True,,,,,
20505c34b2aab9790c58,val,야채,T3 개념확장,q_야채_07,농수산물,식료품 중 '야채'를 판매·제공하는 매장,56db4778-14ee-4046-a171-821fc0e3f8ce,산수쌈밥,쌈밥,전남여고후문 골목형상점가,골목형상점가,광주광역시,0.0,0.0,,,RESOLVED_AGREEMENT,False,0,,,,
d86a1c17fdc610a62225,val,야채,T3 개념확장,q_야채_07,농수산물,식료품 중 '야채'를 판매·제공하는 매장,0533a201-3b07-4029-8158-c4d2ad17c7bf,텃밭쌈밥,쌈밥,역전시장,전통시장,충청남도,0.0,0.0,,,RESOLVED_AGREEMENT,False,0,,,,
0fe032e33d1633ed6c63,val,야채,T3 개념확장,q_야채_07,농수산물,식료품 중 '야채'를 판매·제공하는 매장,0577e429-4eeb-490f-81ee-97e50e801d10,우리농수산물,농수산물,계양산전통시장,전통시장,인천광역시,1.0,0.0,,,P2_GRADED_ONLY,True,,,,,
fa4dd3d67d02c0e915ff,val,야채,T3 개념확장,q_야채_07,농수산물,식료품 중 '야채'를 판매·제공하는 매장,9f08ecaa-3d39-4660-9383-cc5d55ee7a9d,한성농수산,농수산물,신도꼼지락시장,전통시장,대전광역시,1.0,0.0,,,P2_GRADED_ONLY,True,,,,,
61f7184636255e6e3a89,val,야채,T3 개념확장,q_야채_07,농수산물,식료품 중 '야채'를 판매·제공하는 매장,015915e3-2542-4245-b627-0c775b4c5501,한내떡집,,거제 고현시장,전통시장,경상남도,0.0,0.0,,,RESOLVED_AGREEMENT,False,0,,,,
2bc07a8bdddf7b69fd9e,val,야채,T3 개념확장,q_야채_07,농수산물,식료품 중 '야채'를 판매·제공하는 매장,c514753e-b1fe-4dff-97d8-08d6c2b8812a,하나농수산,농수산물,동문재래시장,전통시장,제주특별자치도,1.0,0.0,,,P2_GRADED_ONLY,True,,,,,
7249ac98f96281a38fe5,val,야채,T3 개념확장,q_야채_07,농수산물,식료품 중 '야채'를 판매·제공하는 매장,009f034c-8e3b-4a32-aab3-55ece8718004,장봐주는언니 임동점,농수축산물및 가공식품,제니스 골목형상점가,골목형상점가,광주광역시,1.0,0.0,,,P2_GRADED_ONLY,True,,,,,
c7638ee5820b8d02ec71,val,야채,T3 개념확장,q_야채_07,농수산물,식료품 중 '야채'를 판매·제공하는 매장,15578c36-25cb-47c6-b623-02d015391845,서가네쌈밥,쌈밥,면곡시장 골목형상점가,골목형상점가,서울특별시,0.0,0.0,,,RESOLVED_AGREEMENT,False,0,,,,
f159a7c9fd357c626a53,val,야채,T3 개념확장,q_야채_07,농수산물,식료품 중 '야채'를 판매·제공하는 매장,00b6e321-5954-437c-b1d9-94fded29f67e,웰빙마트,식품,서남신시장,전통시장,대구광역시,1.0,1.0,,,RESOLVED_AGREEMENT,False,1,,,,
6bae990d5f63db8bdf43,val,야채,T3 개념확장,q_야채_07,농수산물,식료품 중 '야채'를 판매·제공하는 매장,8393f428-21f1-417d-876d-c6ed58326cb6,다연농수산,농수산물,목포동부시장,전통시장,전라남도,1.0,0.0,,,P2_GRADED_ONLY,True,,,,,
66a1671cbd5b5a61246d,val,야채,T3 개념확장,q_야채_07,농수산물,식료품 중 '야채'를 판매·제공하는 매장,016f8113-22a7-4ef1-a80f-0562dd2a06e9,동이식품,"식품, 농산물",중앙신시장,전통시장,경상북도,3.0,3.0,,,RESOLVED_AGREEMENT,False,3,,,,
2e8db4cfbcf7d915c665,val,야채,T3 개념확장,q_야채_07,농수산물,식료품 중 '야채'를 판매·제공하는 매장,0042e83d-930b-4d1d-a96f-f1a2691256cd,성화상회,과일,대구능금시장,전통시장,대구광역시,1.0,2.0,,,P1_BINARY_THRESHOLD,True,,,,,
6db8e3e9ed33c82a0cfa,val,야채,T3 개념확장,q_야채_07,농수산물,식료품 중 '야채'를 판매·제공하는 매장,7eb6bbaf-e4b1-4d24-a17d-6dea8eb255e3,제주농수산,농수산물,동문재래시장,전통시장,제주특별자치도,1.0,0.0,,,P2_GRADED_ONLY,True,,,,,
782c2163cb8badceef16,val,야채,T3 개념확장,q_야채_07,농수산물,식료품 중 '야채'를 판매·제공하는 매장,000a244a-1e28-40b7-8d55-d5b1055f12d2,진해상회,채소,마산어시장,전통시장,경상남도,3.0,3.0,,,RESOLVED_AGREEMENT,False,3,,,,
c1c5313cd73d706277df,val,야채,T3 개념확장,q_야채_07,농수산물,식료품 중 '야채'를 판매·제공하는 매장,8ad63608-5506-4d47-bf86-533a09a5c62e,에녹농수산물,소매(농수산물),동원전통종합시장,전통시장,서울특별시,1.0,0.0,,,P2_GRADED_ONLY,True,,,,,
e8efc6da437921bee914,val,야채,T3 개념확장,q_야채_07,농수산물,식료품 중 '야채'를 판매·제공하는 매장,ff84d567-15f6-46d0-99bb-17651219584b,해바라기농수산물,농수산물,부평깡시장,전통시장,인천광역시,1.0,0.0,,,P2_GRADED_ONLY,True,,,,,
3590d9574d110c1bc304,val,야채,T3 개념확장,q_야채_07,농수산물,식료품 중 '야채'를 판매·제공하는 매장,3421c013-c835-4349-827c-4746ba75520a,오즈헤어뷰띠끄,머리미용,한민시장,전통시장,대전광역시,0.0,0.0,,,RESOLVED_AGREEMENT,False,0,,,,
990e658b7e2379ce9109,val,야채,T3 개념확장,q_야채_07,농수산물,식료품 중 '야채'를 판매·제공하는 매장,8e7a957a-9687-4bcc-aa29-d7cfd46c8073,다올농수산,농수산물,제천중앙시장,전통시장,충청북도,1.0,0.0,,,P2_GRADED_ONLY,True,,,,,
685cf3cab4b6287f98c3,val,야채,T3 개념확장,q_야채_07,농수산물,식료품 중 '야채'를 판매·제공하는 매장,6a186b76-7529-453d-a3a0-dbeea3847251,진선농수산,농수산물,일우연동시장 골목형상점가,전통시장,제주특별자치도,1.0,0.0,,,P2_GRADED_ONLY,True,,,,,
e54071550b8a8bb9d270,val,야채,T3 개념확장,q_야채_07,농수산물,식료품 중 '야채'를 판매·제공하는 매장,0b8ef6dc-2f6b-4707-bd73-529122d9c97a,하단떡집,떡집,하단오일상설시장,전통시장,부산광역시,0.0,0.0,,,RESOLVED_AGREEMENT,False,0,,,,
e1cbf3612d1c1d16e8f6,val,야채,T3 개념확장,q_야채_07,농수산물,식료품 중 '야채'를 판매·제공하는 매장,300e8d21-a9a9-4950-aa90-457d9e637c70,혜숙야채,농수산물,평택통복시장,전통시장,경기도,2.0,3.0,,,P2_GRADED_ONLY,True,,,,,
c2204068a660ab8c060f,val,야채,T3 개념확장,q_야채_07,농수산물,식료품 중 '야채'를 판매·제공하는 매장,008d1ed4-a5d7-492e-9959-f8307a68cc5f,샐러드 정원,"샐러드, 샌드위치",미성동도깨비시장,골목형상점가,서울특별시,1.0,0.0,,,P2_GRADED_ONLY,True,,,,,
4f0193f5ff996d6b4910,val,야채,T3 개념확장,q_야채_07,농수산물,식료품 중 '야채'를 판매·제공하는 매장,43c03e36-c146-4944-bcd4-879bc435fad2,도온쌈,쌈밥,남이동길골목형상점가,골목형상점가,서울특별시,0.0,0.0,,,RESOLVED_AGREEMENT,False,0,,,,
329797a10f9a5272509b,val,야채,T3 개념확장,q_야채_07,농수산물,식료품 중 '야채'를 판매·제공하는 매장,35273c96-1b37-4555-a878-2c18fb0b79d7,에녹 농수산물,"농수산물, 야채",망원시장,전통시장,서울특별시,3.0,3.0,,,RESOLVED_AGREEMENT,False,3,,,,
615128c07f31ecb5b816,val,야채,T3 개념확장,q_야채_07,농수산물,식료품 중 '야채'를 판매·제공하는 매장,a249b3ab-31cf-4d46-b332-f4e3de2f9b21,복길생선,농수산물,장안마실골목형상점가,골목형상점가,서울특별시,1.0,0.0,,,P2_GRADED_ONLY,True,,,,,
6410228296a89d793fb7,val,야채,T3 개념확장,q_야채_07,농수산물,식료품 중 '야채'를 판매·제공하는 매장,007fd232-3c16-44ff-be59-cf265f3775e9,동문상회,채소버섯,팔달신시장,전통시장,대구광역시,3.0,3.0,,,RESOLVED_AGREEMENT,False,3,,,,
d6c389f1c1957288566f,val,야채,T3 개념확장,q_야채_07,농수산물,식료품 중 '야채'를 판매·제공하는 매장,f3b1888c-9fc1-4735-b89c-34e61e920c86,라윤이네 농수산물,농수산물,두암1동군왕로 골목형상점가,골목형상점가,광주광역시,1.0,0.0,,,P2_GRADED_ONLY,True,,,,,
74de4ff0e5bc5844573c,val,야채,T3 개념확장,q_야채_07,농수산물,식료품 중 '야채'를 판매·제공하는 매장,64ed4779-e403-43a7-9b75-e042979a31b1,대명 농수산물,농수산물,춘천동부시장,전통시장,강원특별자치도,1.0,0.0,,,P2_GRADED_ONLY,True,,,,,
cf0bd6fec8c9ddb494a5,val,야채,T3 개념확장,q_야채_07,농수산물,식료품 중 '야채'를 판매·제공하는 매장,00947369-dfd0-4074-b22e-c8b430a98a70,에스.에이.팜(S.A.farm),"표고버섯및농산물, 잡화, 통신판매",무주반딧불상권활성화구역,상권활성화구역,전북특별자치도,3.0,3.0,,,RESOLVED_AGREEMENT,False,3,,,,
b94685369a16b516fa2c,val,야채,T3 개념확장,q_야채_07,농수산물,식료품 중 '야채'를 판매·제공하는 매장,62d87e96-3248-4a99-a824-cbfd71abe600,탐라농수산,농수산물,동문재래시장,전통시장,제주특별자치도,1.0,0.0,,,P2_GRADED_ONLY,True,,,,,
5871e58a74b9c96c4a8d,val,야채,T3 개념확장,q_야채_07,농수산물,식료품 중 '야채'를 판매·제공하는 매장,00298213-17ea-453a-b6e6-375d9ef636b6,대양농수산,농수산물,부평깡시장,전통시장,인천광역시,1.0,0.0,,,P2_GRADED_ONLY,True,,,,,
a02edd1dc625fe36637e,val,야채,T3 개념확장,q_야채_07,농수산물,식료품 중 '야채'를 판매·제공하는 매장,3b19858c-c871-4c04-b18d-3d040e291c85,제일패션,의류,춘천중앙시장,전통시장,강원특별자치도,0.0,0.0,,,RESOLVED_AGREEMENT,False,0,,,,
d4577ec08600693663f0,val,야채,T3 개념확장,q_야채_07,농수산물,식료품 중 '야채'를 판매·제공하는 매장,b9079d13-e78b-4e7d-aafc-5b06d830d846,진성농수산,농수산물,동문재래시장,전통시장,제주특별자치도,1.0,0.0,,,P2_GRADED_ONLY,True,,,,,
bb37b4a5d1612b0956fe,val,야채,T3 개념확장,q_야채_07,농수산물,식료품 중 '야채'를 판매·제공하는 매장,c5b7d6e1-28e8-48b9-8b55-f1de21520964,세일농수산,농수산물,대연골목시장 골목형상점가,골목형상점가,부산광역시,1.0,0.0,,,P2_GRADED_ONLY,True,,,,,
1f1646c025bbef75606c,val,야채,T3 개념확장,q_야채_07,농수산물,식료품 중 '야채'를 판매·제공하는 매장,bc63d22f-c86a-4b6c-9b15-801b010b2305,신매농수산,농수산물,신매시장,전통시장,대구광역시,1.0,0.0,,,P2_GRADED_ONLY,True,,,,,
935f30b6941b60dff8e7,val,야채,T3 개념확장,q_야채_07,농수산물,식료품 중 '야채'를 판매·제공하는 매장,e7a4708b-6128-4fb4-a225-517287c22314,원길유통,농수산물,목포동부시장,전통시장,전라남도,1.0,0.0,,,P2_GRADED_ONLY,True,,,,,
d06555e528a65b4c3c23,val,야채,T3 개념확장,q_야채_07,농수산물,식료품 중 '야채'를 판매·제공하는 매장,e12c7f2a-544e-481e-8490-e67c2aceb91b,담양야채,농수산물,담양시장,전통시장,전라남도,2.0,3.0,,,P2_GRADED_ONLY,True,,,,,
667f5969e1d6aec36cd9,val,야채,T3 개념확장,q_야채_07,농수산물,식료품 중 '야채'를 판매·제공하는 매장,01b69752-06bd-48b1-b5de-9d080c2033c1,새농,농수산물,마포농수산물시장,전통시장,서울특별시,1.0,0.0,,,P2_GRADED_ONLY,True,,,,,
fe2ca6ebf9151b559212,val,야채,T3 개념확장,q_야채_07,농수산물,식료품 중 '야채'를 판매·제공하는 매장,06f191fb-14b4-4d51-8efb-39d44343f1a7,유한회사 바르메이드,샐러드,상무시청상인회 골목형상점가,골목형상점가,광주광역시,1.0,0.0,,,P2_GRADED_ONLY,True,,,,,
a7c665458a787c2a7708,val,야채,T3 개념확장,q_야채_07,농수산물,식료품 중 '야채'를 판매·제공하는 매장,0045f871-6f40-4361-bcdd-2b94bf597287,무파장터,야채 청과물,신금정시장 골목형 상점가,골목형상점가,부산광역시,3.0,3.0,,,RESOLVED_AGREEMENT,False,3,,,,
cad11a4a635551d4f9f6,val,야채,T3 개념확장,q_야채_07,농수산물,식료품 중 '야채'를 판매·제공하는 매장,881c1665-4af4-46b6-b21b-387c5c6b8363,미래무역,농수산물,영일시장,전통시장,서울특별시,1.0,3.0,,,P1_BINARY_THRESHOLD,True,,,,,
84193cfab5e67d8dfb37,val,야채,T3 개념확장,q_야채_07,농수산물,식료품 중 '야채'를 판매·제공하는 매장,70d1a839-665a-4236-8b8d-23329a08524f,대박 농수산물,도소매(농수산물),원종종합시장,전통시장,경기도,1.0,0.0,,,P2_GRADED_ONLY,True,,,,,
908139b0e142093d8ea7,val,야채,T3 개념확장,q_야채_07,농수산물,식료품 중 '야채'를 판매·제공하는 매장,b6522e4c-9810-4509-b479-4a0d089ca89a,지원농수산,농수산물,동문재래시장,전통시장,제주특별자치도,1.0,0.0,,,P2_GRADED_ONLY,True,,,,,
38f896798df60c317b93,val,야채,T3 개념확장,q_야채_07,농수산물,식료품 중 '야채'를 판매·제공하는 매장,01e96e25-dcb5-4957-bc59-05c27b1dae7a,샐러드밀,샐러드,오룡행복 골목형상점가,골목형상점가,전라남도,1.0,0.0,,,P2_GRADED_ONLY,True,,,,,
21bc54c20017bac61650,val,야채,T3 개념확장,q_야채_07,농수산물,식료품 중 '야채'를 판매·제공하는 매장,7a06d3f8-1467-4f86-b135-ce881e35d52f,은정농수산,농수산물,동문재래시장,전통시장,제주특별자치도,1.0,0.0,,,P2_GRADED_ONLY,True,,,,,
a84fdd0c72f83f7c1c21,val,야채,T3 개념확장,q_야채_07,농수산물,식료품 중 '야채'를 판매·제공하는 매장,01b4b567-78d4-4fa1-9bff-25fd01fb1a4c,소문난김치집,김치,중앙먹거리 상인회 골목형상점가,골목형상점가,전라남도,1.0,0.0,,,P2_GRADED_ONLY,True,,,,,
f1568af829f856a0d2e9,val,야채,T3 개념확장,q_야채_07,농수산물,식료품 중 '야채'를 판매·제공하는 매장,bc7702aa-0d98-4107-91c0-c6465682fe31,초록바다,농수산물,통영중앙전통시장,전통시장,경상남도,1.0,0.0,,,P2_GRADED_ONLY,True,,,,,
1a7a87c0279b37b39b62,val,야채,T3 개념확장,q_야채_07,농수산물,식료품 중 '야채'를 판매·제공하는 매장,6863876f-93b3-4e69-b984-350d14538227,영웅유통,농수산물,언양알프스시장,전통시장,울산광역시,1.0,0.0,,,P2_GRADED_ONLY,True,,,,,
946c9f7208143560e359,val,야채,T3 개념확장,q_야채_07,농수산물,식료품 중 '야채'를 판매·제공하는 매장,8316aade-1f22-4fbe-b5c2-03b0a4ea0bbb,국가대표 농수산,농수산물,서귀포매일올레시장,전통시장,제주특별자치도,1.0,0.0,,,P2_GRADED_ONLY,True,,,,,
b70fe9ab218e5e996384,val,야채,T3 개념확장,q_야채_07,농수산물,식료품 중 '야채'를 판매·제공하는 매장,07b3faae-27e7-4bd1-8b0b-3a0986cbe813,농성상회,농수산물,봉선시장,전통시장,광주광역시,1.0,0.0,,,P2_GRADED_ONLY,True,,,,,
2fefd948699734447477,val,야채,T3 개념확장,q_야채_07,농수산물,식료품 중 '야채'를 판매·제공하는 매장,bb0e892a-5245-4ede-aa01-a3d1daac4b5e,동문농수산물,농수산물,동문공설시장,전통시장,제주특별자치도,1.0,0.0,,,P2_GRADED_ONLY,True,,,,,
eb3157e759ad3fd89714,val,야채,T3 개념확장,q_야채_07,농수산물,식료품 중 '야채'를 판매·제공하는 매장,bf8d47f0-a750-4447-aef1-76bd03cd9b18,디즈니골프웨어,의류,익산매일시장,전통시장,전북특별자치도,0.0,0.0,,,RESOLVED_AGREEMENT,False,0,,,,
77f03ee965c17c53cb47,val,야채,T3 개념확장,q_야채_07,농수산물,식료품 중 '야채'를 판매·제공하는 매장,006204f3-b214-4611-a434-f896bf75e919,장터사랑,과일,농성세대공감상인회 골목형상점가,골목형상점가,광주광역시,1.0,2.0,,,P1_BINARY_THRESHOLD,True,,,,,
15c44812f752abc293bb,val,야채,T3 개념확장,q_야채_07,농수산물,식료품 중 '야채'를 판매·제공하는 매장,006601da-192a-4275-90bf-aa320c79ea9f,바이럽,샐러드,현풍백년도깨비시장,전통시장,대구광역시,1.0,0.0,,,P2_GRADED_ONLY,True,,,,,
d3f12a7d1ee08ede83c7,val,야채,T3 개념확장,q_야채_07,농수산물,식료품 중 '야채'를 판매·제공하는 매장,009be3cd-7c52-41e4-91fc-c377ddfa78c0,언양시장야채,야채,언양알프스시장,전통시장,울산광역시,3.0,3.0,,,RESOLVED_AGREEMENT,False,3,,,,
313e8abc7d1a36bb982c,val,야채,T3 개념확장,q_야채_07,농수산물,식료품 중 '야채'를 판매·제공하는 매장,9b069062-1804-470f-9165-6715906524ef,한일농수산,농수산물,동문재래시장,전통시장,제주특별자치도,1.0,0.0,,,P2_GRADED_ONLY,True,,,,,
bde87e6374cdc9902748,val,야채,T3 개념확장,q_야채_07,농수산물,식료품 중 '야채'를 판매·제공하는 매장,00f0eee4-789e-4a7b-afc5-f1e7fc279b83,전국상회,야채,청량리종합시장,전통시장,서울특별시,3.0,3.0,,,RESOLVED_AGREEMENT,False,3,,,,
b39e0e8e346b45a64b6b,val,야채,T3 개념확장,q_야채_07,농수산물,식료품 중 '야채'를 판매·제공하는 매장,00891fcf-925f-4b76-bc26-179798787b48,정우상회,농산물,경동시장,전통시장,서울특별시,3.0,3.0,,,RESOLVED_AGREEMENT,False,3,,,,
8c30fbd4ba339026a799,val,야채,T3 개념확장,q_야채_07,농수산물,식료품 중 '야채'를 판매·제공하는 매장,82649ead-b98d-4349-a620-0e814124caf7,삼척상회,농수산물,삼척중앙시장,전통시장,강원특별자치도,1.0,0.0,,,P2_GRADED_ONLY,True,,,,,
318c61ccf2d94fe4bf5e,val,야채,T3 개념확장,q_야채_07,농수산물,식료품 중 '야채'를 판매·제공하는 매장,0097b3e2-b5cf-4050-b719-c9d7738067c0,시흥상회,"소매(야채,과일)",광명전통시장,전통시장,경기도,3.0,3.0,,,RESOLVED_AGREEMENT,False,3,,,,
563776131b91756910cc,val,야채,T3 개념확장,q_야채_07,농수산물,식료품 중 '야채'를 판매·제공하는 매장,0a76a964-7fb5-4ea3-8968-c79fdb80523f,자연인,농수산물,안지랑곱창상가 골목형상점가,골목형상점가,대구광역시,1.0,0.0,,,P2_GRADED_ONLY,True,,,,,
9849979e782d3d633305,val,야채,T3 개념확장,q_야채_07,농수산물,식료품 중 '야채'를 판매·제공하는 매장,e490c1e7-d795-4e07-b7ce-153dd5824bf3,충남농수산,농수산물,서천특화시장,전통시장,충청남도,1.0,0.0,,,P2_GRADED_ONLY,True,,,,,
a65a62e4ab9f0e4cb013,val,야채,T3 개념확장,q_야채_07,농수산물,식료품 중 '야채'를 판매·제공하는 매장,09e5fb7c-d0cc-4720-92df-5a5cece636c7,샐러리아 잠실본점,샐러드,방이시장,전통시장,서울특별시,1.0,0.0,,,P2_GRADED_ONLY,True,,,,,
d3e406439f43823b456d,val,야채,T3 개념확장,q_야채_07,농수산물,식료품 중 '야채'를 판매·제공하는 매장,00e92856-b294-4032-8540-d60e9817f2d8,럭키약국,"의약품, 건강기능식품, 식품",충무로골목형상점가,골목형상점가,서울특별시,1.0,0.0,,,P2_GRADED_ONLY,True,,,,,
314c1a824d069887b6cc,val,야채,T3 개념확장,q_야채_07,농수산물,식료품 중 '야채'를 판매·제공하는 매장,f5a628ee-a84f-4407-96fa-bc47e1efba4d,드림팜,농수산물,영등포청과시장,자율상권구역,서울특별시,1.0,0.0,,,P2_GRADED_ONLY,True,,,,,
95884acbdccf647db2bf,val,야채,T3 개념확장,q_야채_07,농수산물,식료품 중 '야채'를 판매·제공하는 매장,ab0937fe-8490-43fb-985f-e2b40d8e8243,첨단사랑치과의원,치과의원,첨단이웃사랑 골목형상점가,골목형상점가,광주광역시,0.0,0.0,,,RESOLVED_AGREEMENT,False,0,,,,
aeed80bdee580571c515,val,야채,T3 개념확장,q_야채_07,농수산물,식료품 중 '야채'를 판매·제공하는 매장,7456994e-7eec-48fc-a9b8-c9d371ad3dae,엄다약초,농수산물,함평천지전통시장(함평5일시장),전통시장,전라남도,1.0,0.0,,,P2_GRADED_ONLY,True,,,,,
f63791725df5e430f750,val,야채,T3 개념확장,q_야채_07,농수산물,식료품 중 '야채'를 판매·제공하는 매장,005313c8-dce8-49b6-9841-9143ebb1305a,동원떡집,,박달시장,전통시장,경기도,0.0,0.0,,,RESOLVED_AGREEMENT,False,0,,,,
169acdd4a9c5c7ecf889,val,야채,T3 개념확장,q_야채_07,농수산물,식료품 중 '야채'를 판매·제공하는 매장,009a3629-5dbc-47c2-adea-b1f9bc2c083a,동해농수산,야채,방학동도깨비시장,전통시장,서울특별시,3.0,3.0,,,RESOLVED_AGREEMENT,False,3,,,,
a76848039ef5d9224c04,val,야채,T3 개념확장,q_야채_07,농수산물,식료품 중 '야채'를 판매·제공하는 매장,72074181-70ad-4a2b-94f8-e4d893e689a3,푸른농수산,농수산물,울진시장(울진바지게시장),전통시장,경상북도,1.0,0.0,,,P2_GRADED_ONLY,True,,,,,
6a0f8d3e9fb881fe961c,val,야채,T3 개념확장,q_야채_07,농수산물,식료품 중 '야채'를 판매·제공하는 매장,00333be0-b70d-4197-aa97-5a277d61e0da,㈜신진후르츠,과일,부전농수산물새벽시장,전통시장,부산광역시,1.0,2.0,,,P1_BINARY_THRESHOLD,True,,,,,
96c5bd61c570a691f20f,val,야채,T3 개념확장,q_야채_07,농수산물,식료품 중 '야채'를 판매·제공하는 매장,00818eab-32ca-497e-ad5c-1c301a7ea4c9,13번상회,채소,마산 동마산시장,전통시장,경상남도,3.0,3.0,,,RESOLVED_AGREEMENT,False,3,,,,
a9a0326ca108c88c9569,val,야채,T3 개념확장,q_야채_07,농수산물,식료품 중 '야채'를 판매·제공하는 매장,12bac5de-59a7-472a-946b-5e38694a5648,한옥촌,쌈밥,전농배봉산맛집거리골목형상점가,골목형상점가,서울특별시,0.0,0.0,,,RESOLVED_AGREEMENT,False,0,,,,
fceca92ef7b67f9db384,val,야채,T3 개념확장,q_야채_07,농수산물,식료품 중 '야채'를 판매·제공하는 매장,76fd275c-5759-424d-8f67-5e08280efc96,간큰남자,농수산물,동대구신시장,전통시장,대구광역시,1.0,0.0,,,P2_GRADED_ONLY,True,,,,,
60fc74ecc19e4f16a23e,val,야채,T3 개념확장,q_야채_07,농수산물,식료품 중 '야채'를 판매·제공하는 매장,04c905ba-3172-4ea4-a6dd-4345d674dea0,덕순이네,제조업(떡집),장터길 골목형상점가,골목형상점가,경기도,0.0,0.0,,,RESOLVED_AGREEMENT,False,0,,,,
82aaa841868d7d8c6a4b,val,야채,T3 개념확장,q_야채_07,농수산물,식료품 중 '야채'를 판매·제공하는 매장,7e5c7578-df12-4983-b197-8f2cd211325d,오곡,농수산물,녹색거리상점가,자율상권구역,경기도,1.0,0.0,,,P2_GRADED_ONLY,True,,,,,
8ab900a476b721200462,val,야채,T3 개념확장,q_야채_07,농수산물,식료품 중 '야채'를 판매·제공하는 매장,9bac1097-49a5-4587-97d7-697af86469b4,우리 농수산물,농수산물,상도전통시장,전통시장,서울특별시,1.0,0.0,,,P2_GRADED_ONLY,True,,,,,
9171e90cbfb2c90699ee,val,야채,T3 개념확장,q_야채_07,농수산물,식료품 중 '야채'를 판매·제공하는 매장,8c158031-dcac-448d-a4d5-fbc12ba32e5a,진부황태건어물,건어물,정선사북시장,전통시장,강원특별자치도,0.0,2.0,,,P1_BINARY_THRESHOLD,True,,,,,
6e3b61770078e7a4107b,val,야채,T3 개념확장,q_야채_07,농수산물,식료품 중 '야채'를 판매·제공하는 매장,001cb3d4-5441-4963-b517-d5b3904ee312,현창떡집,떡집,목포동부시장,전통시장,전라남도,0.0,0.0,,,RESOLVED_AGREEMENT,False,0,,,,
39964205c1def4dae1fb,val,야채,T3 개념확장,q_야채_07,농수산물,식료품 중 '야채'를 판매·제공하는 매장,00534c22-4465-442e-95db-66dd08f99320,삼원상회,채소,칠성시장,전통시장,대구광역시,3.0,3.0,,,RESOLVED_AGREEMENT,False,3,,,,
48e2e67e8555046adb93,val,야채,T3 개념확장,q_야채_07,농수산물,식료품 중 '야채'를 판매·제공하는 매장,0b327d6e-ecb2-468e-b714-e627068a36c2,현지네농수산물,농수산물,춘천동부시장,전통시장,강원특별자치도,1.0,0.0,,,P2_GRADED_ONLY,True,,,,,
45d1d2bc113e173decbe,val,야채,T3 개념확장,q_야채_07,농수산물,식료품 중 '야채'를 판매·제공하는 매장,f1e10c94-1564-406a-a86e-964586280e1e,둥글상회,농수산물,포항죽도시장,전통시장,경상북도,1.0,0.0,,,P2_GRADED_ONLY,True,,,,,
c696b8ec056067385c17,val,야채,T3 개념확장,q_야채_07,농수산물,식료품 중 '야채'를 판매·제공하는 매장,014fc673-2f3b-48cf-a134-d5aebb132435,동성상회,야채,동두천중앙시장,전통시장,경기도,3.0,3.0,,,RESOLVED_AGREEMENT,False,3,,,,
091c66339a167e4684a0,val,야채,T3 개념확장,q_야채_07,농수산물,식료품 중 '야채'를 판매·제공하는 매장,bf936a62-5cc6-4abc-a3ab-e469efbb6baa,자연촌푸드,농수산물,대전상가,전통시장,대전광역시,1.0,0.0,,,P2_GRADED_ONLY,True,,,,,
f06a66945c985eeda003,val,야채,T3 개념확장,q_야채_07,농수산물,식료품 중 '야채'를 판매·제공하는 매장,6d562fb4-e8b0-4cbc-992b-eccb3a179142,옹진상회,농수산물,광탄전통시장,전통시장,경기도,1.0,0.0,,,P2_GRADED_ONLY,True,,,,,
837b9593aafcf80d2441,val,야채,T3 개념확장,q_야채_07,농수산물,식료품 중 '야채'를 판매·제공하는 매장,e6a7ff7c-7c91-4152-85ee-230b9918de75,경안 농수산물,소매(농수산물),경안전통시장,전통시장,경기도,1.0,0.0,,,P2_GRADED_ONLY,True,,,,,
9ce1b50cb2a59c23f77d,val,야채,T3 개념확장,q_야채_07,농수산물,식료품 중 '야채'를 판매·제공하는 매장,05530d0f-82ed-47a1-8015-32b6c30e3752,진수산삼다식품,"젓갈류, 김치, 수산물",동문재래시장,전통시장,제주특별자치도,1.0,0.0,,,P2_GRADED_ONLY,True,,,,,
b2f48194866a3c1e7290,val,야채,T3 개념확장,q_야채_07,농수산물,식료품 중 '야채'를 판매·제공하는 매장,80774150-fd1d-46a1-b2d5-cc567b1a8ede,무라 농수산,농수산물,포항 해도새록새로 골목형상점가,골목형상점가,경상북도,1.0,3.0,,,P1_BINARY_THRESHOLD,True,,,,,
12a52916d60b2a08fb20,val,야채,T3 개념확장,q_야채_07,농수산물,식료품 중 '야채'를 판매·제공하는 매장,00344d24-5aaa-4dc7-ba51-3c041c147576,고향뜰영농조합법인,농산물,양산 북부시장,전통시장,경상남도,3.0,3.0,,,RESOLVED_AGREEMENT,False,3,,,,
4ffdbe4d4838888ee5df,val,야채,T3 개념확장,q_야채_07,농수산물,식료품 중 '야채'를 판매·제공하는 매장,014b06bd-3fa3-4cde-b459-e62ca64c33aa,조은식품,채소,하양꿈바우시장,전통시장,경상북도,3.0,3.0,,,RESOLVED_AGREEMENT,False,3,,,,
fa3604c2c81591bd726b,val,야채,T3 개념확장,q_야채_07,농수산물,식료품 중 '야채'를 판매·제공하는 매장,11b8eb31-bd0b-4cac-8353-c86b1785dc5b,일오삼 농수산,농수산물,모슬포 중앙시장,전통시장,제주특별자치도,1.0,0.0,,,P2_GRADED_ONLY,True,,,,,
ff14371b2156029677bb,val,야채,T3 개념확장,q_야채_07,농수산물,식료품 중 '야채'를 판매·제공하는 매장,00c56499-bc90-4ed6-bb66-3802cc762889,의령상회,채소,부전상가시장,전통시장,부산광역시,3.0,3.0,,,RESOLVED_AGREEMENT,False,3,,,,
0bbdec6a37d85761a80f,val,야채,T3 개념확장,q_야채_07,농수산물,식료품 중 '야채'를 판매·제공하는 매장,90150e10-e353-4314-8f33-912db44f4350,햇빛농수산물,농수산물,목포동부시장,전통시장,전라남도,1.0,0.0,,,P2_GRADED_ONLY,True,,,,,
5a11fc9e289c5cc3594e,val,야채,T3 개념확장,q_야채_07,농수산물,식료품 중 '야채'를 판매·제공하는 매장,8425ee19-54e5-4d3f-a654-d73ec227fec7,연지농수산,농수산물,동문수산시장,전통시장,제주특별자치도,1.0,0.0,,,P2_GRADED_ONLY,True,,,,,
f7a207690665f35c60f0,val,야채,T3 개념확장,q_야채_07,농수산물,식료품 중 '야채'를 판매·제공하는 매장,0622e5e4-d762-4378-aeb6-eb6148f9dec6,개도리김치,"김치, 채소, 건어물",나주목사고을시장,전통시장,,3.0,3.0,,,RESOLVED_AGREEMENT,False,3,,,,
7e212bb0af7e946b09ce,val,야채,T3 개념확장,q_야채_07,농수산물,식료품 중 '야채'를 판매·제공하는 매장,5fc59877-9c3a-420c-b55a-1405c5191eed,현농산물,농수산물,황지자유시장,전통시장,강원특별자치도,2.0,3.0,,,P2_GRADED_ONLY,True,,,,,
992d4deab65448c3b305,val,야채,T3 개념확장,q_야채_07,농수산물,식료품 중 '야채'를 판매·제공하는 매장,1daa6aa5-e8f1-4246-b729-b4cbf9dd01f6,농수산물,농산물,창신골목시장,자율상권구역,서울특별시,3.0,3.0,,,RESOLVED_AGREEMENT,False,3,,,,
e580370166b1b52ed881,val,야채,T3 개념확장,q_야채_07,농수산물,식료품 중 '야채'를 판매·제공하는 매장,000527f2-442a-4dd1-9bfc-8a8cd9fd5410,(유)뉴현대상회,농산물,가락몰골목형상점가,골목형상점가,서울특별시,3.0,3.0,,,RESOLVED_AGREEMENT,False,3,,,,
0ee52b79a8f9b8d85bde,val,야채,T3 개념확장,q_야채_07,농수산물,식료품 중 '야채'를 판매·제공하는 매장,01f160fc-531c-4191-aa22-453462e0f38a,천년,김치,오정동상점가,자율상권구역,대전광역시,1.0,0.0,,,P2_GRADED_ONLY,True,,,,,
b2ea7e92f1ac97010819,val,야채,T3 개념확장,q_야채_07,농수산물,식료품 중 '야채'를 판매·제공하는 매장,1a7078da-23a6-4333-9344-d6989c07f68f,한라농수산,농수산물,동문재래시장,전통시장,제주특별자치도,1.0,0.0,,,P2_GRADED_ONLY,True,,,,,
d820685bf3f5e1c07c38,val,야채,T3 개념확장,q_야채_07,농수산물,식료품 중 '야채'를 판매·제공하는 매장,014072fb-b412-4fb3-a663-31dbf80e44a6,매일상회,"야채, 과일",고산미소시장(고산시장),전통시장,전북특별자치도,3.0,3.0,,,RESOLVED_AGREEMENT,False,3,,,,
15ed0838c2da85a64b76,val,야채,T3 개념확장,q_야채_07,농수산물,식료품 중 '야채'를 판매·제공하는 매장,008b2657-018e-4d46-b0b0-a173aee3f37a,대원상회,농산물,대구능금시장,전통시장,대구광역시,3.0,3.0,,,RESOLVED_AGREEMENT,False,3,,,,
53b83d607308d98d8d5e,val,야채,T3 개념확장,q_야채_07,농수산물,식료품 중 '야채'를 판매·제공하는 매장,9c5603c4-516b-4cee-afec-48f57186634e,이월,농수산물,남부시장,전통시장,대구광역시,1.0,0.0,,,P2_GRADED_ONLY,True,,,,,
c47385fb2b71cb001531,val,야채,T3 개념확장,q_야채_07,농수산물,식료품 중 '야채'를 판매·제공하는 매장,84bf78c7-5ddc-49c3-8d94-657851e14591,푸라닭 가평현리점,치킨,조종시장,전통시장,경기도,0.0,0.0,,,RESOLVED_AGREEMENT,False,0,,,,
5e32ed2edaa9069a5127,val,야채,T3 개념확장,q_야채_07,농수산물,식료품 중 '야채'를 판매·제공하는 매장,b0d74b69-b88c-4d75-bd60-4b6ec9aae5a8,육일,농수산물,동문재래시장,전통시장,제주특별자치도,1.0,0.0,,,P2_GRADED_ONLY,True,,,,,
8d8d919226dc71d4eeee,val,야채,T3 개념확장,q_야채_07,농수산물,식료품 중 '야채'를 판매·제공하는 매장,de102b7f-14b7-41c1-9720-b7db87e0587b,농수산물 도소매 경전청과,농수산물,은행시장,전통시장,경기도,1.0,3.0,,,P1_BINARY_THRESHOLD,True,,,,,
2cc882bf011bbe553cd3,val,야채,T3 개념확장,q_야채_07,농수산물,식료품 중 '야채'를 판매·제공하는 매장,d9baa522-fa49-4db4-9356-b1d0a4b9261b,육림닭강정,닭강정,육림고개상점가,자율상권구역,강원특별자치도,0.0,0.0,,,RESOLVED_AGREEMENT,False,0,,,,
ac626a8db5c3bf151905,val,야채,T3 개념확장,q_야채_07,농수산물,식료품 중 '야채'를 판매·제공하는 매장,c9530be7-1e0a-4a50-9ff5-0bbf9bcf4b77,닭쌈족쌈,농수산물,가좌시장,전통시장,인천광역시,1.0,0.0,,,P2_GRADED_ONLY,True,,,,,
28a4735cac0b5c589114,val,야채,T3 개념확장,q_야채_07,농수산물,식료품 중 '야채'를 판매·제공하는 매장,00b64830-f897-4643-a5fa-6d8950c2ef89,낭만상회,식품,문산자유시장,전통시장,경기도,1.0,0.0,,,P2_GRADED_ONLY,True,,,,,
f956dc98f2cc7364a32e,val,야채,T3 개념확장,q_야채_07,농수산물,식료품 중 '야채'를 판매·제공하는 매장,8ccbc8fb-ca55-477b-be1a-afae79965837,도깨비농수산물,농수산물,관악신사시장,전통시장,서울특별시,1.0,0.0,,,P2_GRADED_ONLY,True,,,,,
afc1e1cac04689b4c25b,val,야채,T3 개념확장,q_야채_07,농수산물,식료품 중 '야채'를 판매·제공하는 매장,c5d1d905-0519-44b1-b349-8c86bfda1e54,여흥수산,농수산물,고흥전통시장,전통시장,전라남도,1.0,0.0,,,P2_GRADED_ONLY,True,,,,,
9931e6274db3c6f27dfa,val,야채,T3 개념확장,q_야채_07,농수산물,식료품 중 '야채'를 판매·제공하는 매장,7db5daed-fa7b-45f3-a872-f2b5cad8e5a5,봉황유통,농수산물,삼척중앙시장,전통시장,강원특별자치도,1.0,0.0,,,P2_GRADED_ONLY,True,,,,,
fc3e67a8f166906482c5,val,야채,T3 개념확장,q_야채_07,농수산물,식료품 중 '야채'를 판매·제공하는 매장,a813c9c4-06d0-496c-992e-fa13b0540253,나행상회,농수산물,강화중앙시장(A·B동),전통시장,인천광역시,1.0,0.0,,,P2_GRADED_ONLY,True,,,,,
aa9c1eec5277c071765f,val,야채,T3 개념확장,q_야채_07,농수산물,식료품 중 '야채'를 판매·제공하는 매장,008d4156-e489-4d1f-9205-b541972d35a8,과일왕,과일 잡화 야채 먹거리,연제동 골목형상점가,골목형상점가,광주광역시,3.0,3.0,,,RESOLVED_AGREEMENT,False,3,,,,
91d090495e355aff0cac,val,야채,T3 개념확장,q_야채_07,농수산물,식료품 중 '야채'를 판매·제공하는 매장,e01a8eee-7c6b-4778-9006-0b9a1eb12dd8,제주탐나봉,농수산물,동문재래시장,전통시장,제주특별자치도,1.0,0.0,,,P2_GRADED_ONLY,True,,,,,
78afb9dba513f4c86509,val,야채,T3 개념확장,q_야채_07,농수산물,식료품 중 '야채'를 판매·제공하는 매장,23d4b7b3-fa67-4538-819d-ab93f87f1454,오셀마켓,농수산물,호계종합시장,전통시장,경기도,1.0,0.0,,,P2_GRADED_ONLY,True,,,,,
80c10b80f08d01f17fe0,val,야채,T3 개념확장,q_야채_07,농수산물,식료품 중 '야채'를 판매·제공하는 매장,d2cb3f3b-314d-4b3a-95cb-b447fa75be83,새싹유통,농수산물,정릉시장,전통시장,서울특별시,1.0,0.0,,,P2_GRADED_ONLY,True,,,,,
29c7ab815c08cf826d88,val,야채,T3 개념확장,q_야채_07,농수산물,식료품 중 '야채'를 판매·제공하는 매장,55df9565-bac7-4931-883f-1acb638485d3,대진농수산물,농수산물,여수교동시장,전통시장,전라남도,1.0,0.0,,,P2_GRADED_ONLY,True,,,,,
d14844fdcd693187c069,val,야채,T3 개념확장,q_야채_07,농수산물,식료품 중 '야채'를 판매·제공하는 매장,fdad35be-fe92-4198-a592-11d85d8a6c2b,소학농산,농수산물,반딧불이연무시장,전통시장,경기도,1.0,0.0,,,P2_GRADED_ONLY,True,,,,,
bde5d449bcf03c8f890e,val,야채,T3 개념확장,q_야채_07,농수산물,식료품 중 '야채'를 판매·제공하는 매장,51117262-ddfa-4bac-87c0-27cc67d81038,곤양상회,농수산물,진주 청과시장,전통시장,경상남도,1.0,0.0,,,P2_GRADED_ONLY,True,,,,,
01488fb7189727eb769f,val,야채,T3 개념확장,q_야채_07,농수산물,식료품 중 '야채'를 판매·제공하는 매장,a218ce0a-396e-4b9a-a427-7871c682083a,주렁주렁,농수산물,대림골목시장,전통시장,서울특별시,1.0,0.0,,,P2_GRADED_ONLY,True,,,,,
768807c0677ba294f16c,val,야채,T3 개념확장,q_야채_07,농수산물,식료품 중 '야채'를 판매·제공하는 매장,03a6e716-3825-40e3-ba06-e047ee5e5483,부일반찬,김치,초량전통시장,전통시장,부산광역시,1.0,1.0,,,RESOLVED_AGREEMENT,False,1,,,,
e6ee5290524b74dbbfcd,val,야채,T3 개념확장,q_야채_07,농수산물,식료품 중 '야채'를 판매·제공하는 매장,dfb719ec-a2b9-4def-878f-ebc35c652ef4,정월농수산,농수산물,청주육거리종합시장,전통시장,충청북도,1.0,0.0,,,P2_GRADED_ONLY,True,,,,,
5e67846e79b074b8abe5,val,야채,T3 개념확장,q_야채_07,농수산물,식료품 중 '야채'를 판매·제공하는 매장,3dab3c96-7ccc-4dc4-a025-15ebb87cbe12,농수산물 유통,수산물 농산물,역전 뒷골목 상가번영회 골목형상점가,골목형상점가,전라남도,3.0,3.0,,,RESOLVED_AGREEMENT,False,3,,,,
f457ca0bd4d2312042d1,val,야채,T3 개념확장,q_야채_07,농수산물,식료품 중 '야채'를 판매·제공하는 매장,00045dfc-0681-4fb3-8265-33b3df14c289,한라농산,과일,황지시장상점가,자율상권구역,강원특별자치도,1.0,2.0,,,P1_BINARY_THRESHOLD,True,,,,,
79e3a6b25a6439987b4f,val,야채,T3 개념확장,q_야채_07,농수산물,식료품 중 '야채'를 판매·제공하는 매장,00468e6b-39c6-4ce1-a534-a6b1eecac01d,태양농산물,과일,정릉서경대길골목형상점가(정릉골),골목형상점가,서울특별시,2.0,3.0,,,P2_GRADED_ONLY,True,,,,,
60885574bd33785abf8d,val,야채,T3 개념확장,q_야채_07,농수산물,식료품 중 '야채'를 판매·제공하는 매장,02849a5e-46b6-4e1c-94dd-3f54d49b4820,산지농수산,농수산물,동문공설시장,전통시장,제주특별자치도,1.0,0.0,,,P2_GRADED_ONLY,True,,,,,
e227b7246f99beed015f,val,야채,T3 개념확장,q_야채_08,잡곡,식료품 중 '야채'를 판매·제공하는 매장,00468e6b-39c6-4ce1-a534-a6b1eecac01d,태양농산물,과일,정릉서경대길골목형상점가(정릉골),골목형상점가,서울특별시,2.0,3.0,,,P2_GRADED_ONLY,True,,,,,
626b23b083f4cbd3c146,val,야채,T3 개념확장,q_야채_08,잡곡,식료품 중 '야채'를 판매·제공하는 매장,00b64830-f897-4643-a5fa-6d8950c2ef89,낭만상회,식품,문산자유시장,전통시장,경기도,1.0,0.0,,,P2_GRADED_ONLY,True,,,,,
b3650d2c0fa0d688c4bc,val,야채,T3 개념확장,q_야채_08,잡곡,식료품 중 '야채'를 판매·제공하는 매장,0533a201-3b07-4029-8158-c4d2ad17c7bf,텃밭쌈밥,쌈밥,역전시장,전통시장,충청남도,0.0,0.0,,,RESOLVED_AGREEMENT,False,0,,,,
db25865b71424a621514,val,야채,T3 개념확장,q_야채_08,잡곡,식료품 중 '야채'를 판매·제공하는 매장,00045dfc-0681-4fb3-8265-33b3df14c289,한라농산,과일,황지시장상점가,자율상권구역,강원특별자치도,1.0,2.0,,,P1_BINARY_THRESHOLD,True,,,,,
aa2da522dc20a839b4e5,val,야채,T3 개념확장,q_야채_08,잡곡,식료품 중 '야채'를 판매·제공하는 매장,008d4156-e489-4d1f-9205-b541972d35a8,과일왕,과일 잡화 야채 먹거리,연제동 골목형상점가,골목형상점가,광주광역시,2.0,3.0,,,P2_GRADED_ONLY,True,,,,,
88129cf7800384a9fc00,val,야채,T3 개념확장,q_야채_08,잡곡,식료품 중 '야채'를 판매·제공하는 매장,000527f2-442a-4dd1-9bfc-8a8cd9fd5410,(유)뉴현대상회,농산물,가락몰골목형상점가,골목형상점가,서울특별시,2.0,3.0,,,P2_GRADED_ONLY,True,,,,,
9c04d72d25f5c8548012,val,야채,T3 개념확장,q_야채_08,잡곡,식료품 중 '야채'를 판매·제공하는 매장,009a3629-5dbc-47c2-adea-b1f9bc2c083a,동해농수산,야채,방학동도깨비시장,전통시장,서울특별시,2.0,3.0,,,P2_GRADED_ONLY,True,,,,,
421173136a57d4f169cd,val,야채,T3 개념확장,q_야채_08,잡곡,식료품 중 '야채'를 판매·제공하는 매장,41039ab1-1a5d-45f7-bcf1-f180d47acec0,차이나궁,중식,금구리 골목형상점가,골목형상점가,전북특별자치도,0.0,0.0,,,RESOLVED_AGREEMENT,False,0,,,,
df752865f4718818ca9b,val,야채,T3 개념확장,q_야채_08,잡곡,식료품 중 '야채'를 판매·제공하는 매장,00f0eee4-789e-4a7b-afc5-f1e7fc279b83,전국상회,야채,청량리종합시장,전통시장,서울특별시,2.0,3.0,,,P2_GRADED_ONLY,True,,,,,
b115625a9a1b71dedc7f,val,야채,T3 개념확장,q_야채_08,잡곡,식료품 중 '야채'를 판매·제공하는 매장,03a6e716-3825-40e3-ba06-e047ee5e5483,부일반찬,김치,초량전통시장,전통시장,부산광역시,1.0,1.0,,,RESOLVED_AGREEMENT,False,1,,,,
2d48c7643819dcc283c6,val,야채,T3 개념확장,q_야채_08,잡곡,식료품 중 '야채'를 판매·제공하는 매장,006204f3-b214-4611-a434-f896bf75e919,장터사랑,과일,농성세대공감상인회 골목형상점가,골목형상점가,광주광역시,1.0,2.0,,,P1_BINARY_THRESHOLD,True,,,,,
ba2874a420db292e3919,val,야채,T3 개념확장,q_야채_08,잡곡,식료품 중 '야채'를 판매·제공하는 매장,faf657f9-fb57-4cff-99e1-71f0d720e764,잡곡상회,"쌀, 잡곡",영동전통시장,전통시장,서울특별시,3.0,3.0,,,RESOLVED_AGREEMENT,False,3,,,,
e44501461c4f55e5c3d6,val,야채,T3 개념확장,q_야채_08,잡곡,식료품 중 '야채'를 판매·제공하는 매장,6edb52b4-9728-4719-9c4e-9beea3db75d5,낙원상회,잡곡 짤,송강전통시장,전통시장,대전광역시,3.0,0.0,,,P1_BINARY_THRESHOLD,True,,,,,
ee0e2178c3eabcdf0bbd,val,야채,T3 개념확장,q_야채_08,잡곡,식료품 중 '야채'를 판매·제공하는 매장,006601da-192a-4275-90bf-aa320c79ea9f,바이럽,샐러드,현풍백년도깨비시장,전통시장,대구광역시,1.0,0.0,,,P2_GRADED_ONLY,True,,,,,
8c833b4ca449fc388955,val,야채,T3 개념확장,q_야채_08,잡곡,식료품 중 '야채'를 판매·제공하는 매장,13214798-5739-45fa-a57a-8dea502fec1d,수연쌀상회,잡곡,경열로상인회 골목형상점가,골목형상점가,광주광역시,3.0,3.0,,,RESOLVED_AGREEMENT,False,3,,,,
9bfa8a57c98065cc36df,val,야채,T3 개념확장,q_야채_08,잡곡,식료품 중 '야채'를 판매·제공하는 매장,a0b61628-6276-4b59-bce5-c52c99e7e22f,북부쌀잡곡,"쌀, 잡곡",익산장(구 북부장),전통시장,전북특별자치도,3.0,3.0,,,RESOLVED_AGREEMENT,False,3,,,,
9459f38482d6ba515684,val,야채,T3 개념확장,q_야채_08,잡곡,식료품 중 '야채'를 판매·제공하는 매장,d767550c-4c52-4b02-a933-ea6bfddaf236,수선화,잡곡,박달시장,전통시장,경기도,3.0,0.0,,,P1_BINARY_THRESHOLD,True,,,,,
b59eec460c2a66512729,val,야채,T3 개념확장,q_야채_08,잡곡,식료품 중 '야채'를 판매·제공하는 매장,04c905ba-3172-4ea4-a6dd-4345d674dea0,덕순이네,제조업(떡집),장터길 골목형상점가,골목형상점가,경기도,0.0,0.0,,,RESOLVED_AGREEMENT,False,0,,,,
cb9264252f57d5d7c703,val,야채,T3 개념확장,q_야채_08,잡곡,식료품 중 '야채'를 판매·제공하는 매장,ee0e5608-5bc8-45d4-b5a8-73405f0e1ff6,잡곡미곡상회,잡곡,임실시장,전통시장,전북특별자치도,3.0,0.0,,,P1_BINARY_THRESHOLD,True,,,,,
b31aaae4d42d26dd67fb,val,야채,T3 개념확장,q_야채_08,잡곡,식료품 중 '야채'를 판매·제공하는 매장,014fc673-2f3b-48cf-a134-d5aebb132435,동성상회,야채,동두천중앙시장,전통시장,경기도,2.0,3.0,,,P2_GRADED_ONLY,True,,,,,
525a27ed34712c9f3aca,val,야채,T3 개념확장,q_야채_08,잡곡,식료품 중 '야채'를 판매·제공하는 매장,5d2f30fe-c3a2-4ddf-ae9b-7a17509c38f8,미래잡곡상회,잡곡,순창시장,전통시장,전북특별자치도,3.0,0.0,,,P1_BINARY_THRESHOLD,True,,,,,
682cfffb514e0d735aba,val,야채,T3 개념확장,q_야채_08,잡곡,식료품 중 '야채'를 판매·제공하는 매장,008d1ed4-a5d7-492e-9959-f8307a68cc5f,샐러드 정원,"샐러드, 샌드위치",미성동도깨비시장,골목형상점가,서울특별시,1.0,0.0,,,P2_GRADED_ONLY,True,,,,,
1542dc7d0734f6942c95,val,야채,T3 개념확장,q_야채_08,잡곡,식료품 중 '야채'를 판매·제공하는 매장,5b73761f-6f61-4fe8-a44b-efa694721bf8,옥이네,잡곡,조공시장,전통시장,경기도,3.0,0.0,,,P1_BINARY_THRESHOLD,True,,,,,
cea992893805c89b4e8a,val,야채,T3 개념확장,q_야채_08,잡곡,식료품 중 '야채'를 판매·제공하는 매장,743e0b59-458a-4fba-9465-72f6c0b2f032,성남식품,잡곡,신장전통시장,전통시장,경기도,3.0,0.0,,,P1_BINARY_THRESHOLD,True,,,,,
18962e1713f0823d2547,val,야채,T3 개념확장,q_야채_08,잡곡,식료품 중 '야채'를 판매·제공하는 매장,2478c9cc-39e1-4300-b9da-cfbde78cd498,순희네 잡곡,,성남중앙시장(중앙공설시장),전통시장,경기도,3.0,0.0,,,P1_BINARY_THRESHOLD,True,,,,,
c1e4f56ae7b19aa76a87,val,야채,T3 개념확장,q_야채_08,잡곡,식료품 중 '야채'를 판매·제공하는 매장,7f127865-79a0-4f56-838d-358d7c6beb04,알곡농산,잡곡,영선신시장,전통시장,대구광역시,3.0,0.0,,,P1_BINARY_THRESHOLD,True,,,,,
01ff7f0a83f616f87846,val,야채,T3 개념확장,q_야채_08,잡곡,식료품 중 '야채'를 판매·제공하는 매장,228f85fb-ecd1-4a63-9597-45a880896552,중앙잡곡,잡곡류,정서진중앙시장(구 서구중앙시장),전통시장,인천광역시,3.0,0.0,,,P1_BINARY_THRESHOLD,True,,,,,
223164ea3274c28717f2,val,야채,T3 개념확장,q_야채_08,잡곡,식료품 중 '야채'를 판매·제공하는 매장,43c03e36-c146-4944-bcd4-879bc435fad2,도온쌈,쌈밥,남이동길골목형상점가,골목형상점가,서울특별시,0.0,0.0,,,RESOLVED_AGREEMENT,False,0,,,,
dcf1f7eeffe35c2fba97,val,야채,T3 개념확장,q_야채_08,잡곡,식료품 중 '야채'를 판매·제공하는 매장,0512e89e-7ec0-46e8-9adc-a0aecf383153,숭뢰리상회,잡곡,강화풍물시장,전통시장,인천광역시,3.0,0.0,,,P1_BINARY_THRESHOLD,True,,,,,
42e0a6efc767728e04ea,val,야채,T3 개념확장,q_야채_08,잡곡,식료품 중 '야채'를 판매·제공하는 매장,15578c36-25cb-47c6-b623-02d015391845,서가네쌈밥,쌈밥,면곡시장 골목형상점가,골목형상점가,서울특별시,0.0,0.0,,,RESOLVED_AGREEMENT,False,0,,,,
fed593328a706c585919,val,야채,T3 개념확장,q_야채_08,잡곡,식료품 중 '야채'를 판매·제공하는 매장,991a75d0-a853-44e8-be10-bc1979c188fb,모래실농원,잡곡,가은아자개시장,전통시장,경상북도,3.0,0.0,,,P1_BINARY_THRESHOLD,True,,,,,
a128677209e1edab1484,val,야채,T3 개념확장,q_야채_08,잡곡,식료품 중 '야채'를 판매·제공하는 매장,00891fcf-925f-4b76-bc26-179798787b48,정우상회,농산물,경동시장,전통시장,서울특별시,2.0,3.0,,,P2_GRADED_ONLY,True,,,,,
60a156e486d8931dc769,val,야채,T3 개념확장,q_야채_08,잡곡,식료품 중 '야채'를 판매·제공하는 매장,90b08ad8-e6bc-4db3-b772-aa9fa81217a9,통일미곡,"쌀, 잡곡",강릉성남시장,전통시장,강원특별자치도,3.0,3.0,,,RESOLVED_AGREEMENT,False,3,,,,
74688f1477831980d84c,val,야채,T3 개념확장,q_야채_08,잡곡,식료품 중 '야채'를 판매·제공하는 매장,dfb5b879-9eee-40be-90ae-572eea01be53,풍국쌀,쌀 잡곡,신매시장,전통시장,대구광역시,3.0,3.0,,,RESOLVED_AGREEMENT,False,3,,,,
42da3c320bbbc4358672,val,야채,T3 개념확장,q_야채_08,잡곡,식료품 중 '야채'를 판매·제공하는 매장,12bac5de-59a7-472a-946b-5e38694a5648,한옥촌,쌈밥,전농배봉산맛집거리골목형상점가,골목형상점가,서울특별시,0.0,0.0,,,RESOLVED_AGREEMENT,False,0,,,,
ceb232e14c00b6e9e18c,val,야채,T3 개념확장,q_야채_08,잡곡,식료품 중 '야채'를 판매·제공하는 매장,88471494-da54-49ac-804f-a51209678de8,경북쌀상회,잡곡,정이있는 구포시장,전통시장,부산광역시,3.0,3.0,,,RESOLVED_AGREEMENT,False,3,,,,
b5b2d356200a1fe840d8,val,야채,T3 개념확장,q_야채_08,잡곡,식료품 중 '야채'를 판매·제공하는 매장,152c04c9-2b83-4731-8105-e7004f9b5025,시장양곡,잡곡,원미종합시장,전통시장,경기도,3.0,0.0,,,P1_BINARY_THRESHOLD,True,,,,,
801ffa083c953abf2b3b,val,야채,T3 개념확장,q_야채_08,잡곡,식료품 중 '야채'를 판매·제공하는 매장,c1a94485-dab4-467b-831f-bc1a4c5dbe8f,형보농산,잡곡,한라종합시장,전통시장,경상북도,3.0,0.0,,,P1_BINARY_THRESHOLD,True,,,,,
b6528b96590f1cedd619,val,야채,T3 개념확장,q_야채_08,잡곡,식료품 중 '야채'를 판매·제공하는 매장,37e2a712-fd12-4101-adcd-69e351e56351,목촌양곡,"쌀, 잡곡",구월도매전통시장,전통시장,인천광역시,3.0,3.0,,,RESOLVED_AGREEMENT,False,3,,,,
adb4ab5ebd54eabe46c9,val,야채,T3 개념확장,q_야채_08,잡곡,식료품 중 '야채'를 판매·제공하는 매장,f35548cc-ee1c-4d7f-a735-cccc40c334c8,충남상회,잡곡,원종종합시장,전통시장,경기도,3.0,0.0,,,P1_BINARY_THRESHOLD,True,,,,,
895f8cc72d17b96c4a66,val,야채,T3 개념확장,q_야채_08,잡곡,식료품 중 '야채'를 판매·제공하는 매장,05530d0f-82ed-47a1-8015-32b6c30e3752,진수산삼다식품,"젓갈류, 김치, 수산물",동문재래시장,전통시장,제주특별자치도,1.0,0.0,,,P2_GRADED_ONLY,True,,,,,
22934b92081fa049e5e5,val,야채,T3 개념확장,q_야채_08,잡곡,식료품 중 '야채'를 판매·제공하는 매장,77b74e30-169c-4399-8e57-a887ccabf4a3,믿음쌀상회,잡곡,서귀포향토오일시장,전통시장,제주특별자치도,3.0,3.0,,,RESOLVED_AGREEMENT,False,3,,,,
805898532d230b5591a7,val,야채,T3 개념확장,q_야채_08,잡곡,식료품 중 '야채'를 판매·제공하는 매장,2beebbe5-310e-4150-b0d4-40ecc4e59a3e,팔도잡곡,잡곡외,만수시장,전통시장,인천광역시,3.0,0.0,,,P1_BINARY_THRESHOLD,True,,,,,
05ff0ff08dd0ae62921c,val,야채,T3 개념확장,q_야채_08,잡곡,식료품 중 '야채'를 판매·제공하는 매장,06f191fb-14b4-4d51-8efb-39d44343f1a7,유한회사 바르메이드,샐러드,상무시청상인회 골목형상점가,골목형상점가,광주광역시,1.0,0.0,,,P2_GRADED_ONLY,True,,,,,
c7b023ff0c2685ecb90c,val,야채,T3 개념확장,q_야채_08,잡곡,식료품 중 '야채'를 판매·제공하는 매장,29ddfac6-72d6-4ecd-8e03-816af712859f,통영쌀잡곡,쌀.잡곡,괴정골목시장,전통시장,부산광역시,3.0,3.0,,,RESOLVED_AGREEMENT,False,3,,,,
96ab236538310ae12501,val,야채,T3 개념확장,q_야채_08,잡곡,식료품 중 '야채'를 판매·제공하는 매장,000a244a-1e28-40b7-8d55-d5b1055f12d2,진해상회,채소,마산어시장,전통시장,경상남도,2.0,3.0,,,P2_GRADED_ONLY,True,,,,,
be08d5c4b1b3c3198470,val,야채,T3 개념확장,q_야채_08,잡곡,식료품 중 '야채'를 판매·제공하는 매장,a5c9845f-f4de-47f5-a174-a4f4cd53d2a3,영농,잡곡,석바위시장,전통시장,인천광역시,3.0,0.0,,,P1_BINARY_THRESHOLD,True,,,,,
3e8f15c204fd01d34cb8,val,야채,T3 개념확장,q_야채_08,잡곡,식료품 중 '야채'를 판매·제공하는 매장,001cb3d4-5441-4963-b517-d5b3904ee312,현창떡집,떡집,목포동부시장,전통시장,전라남도,0.0,0.0,,,RESOLVED_AGREEMENT,False,0,,,,
8d2fa9961c4a1b5117c1,val,야채,T3 개념확장,q_야채_08,잡곡,식료품 중 '야채'를 판매·제공하는 매장,014b06bd-3fa3-4cde-b459-e62ca64c33aa,조은식품,채소,하양꿈바우시장,전통시장,경상북도,2.0,3.0,,,P2_GRADED_ONLY,True,,,,,
b635c9c6452d5fd34e1f,val,야채,T3 개념확장,q_야채_08,잡곡,식료품 중 '야채'를 판매·제공하는 매장,fe3850a2-9a47-4258-b9d6-30d0a361ada4,중부상회,잡곡,쌍용1번가 골목형상점가,골목형상점가,충청남도,3.0,0.0,,,P1_BINARY_THRESHOLD,True,,,,,
c01c986d8001ee15ac13,val,야채,T3 개념확장,q_야채_08,잡곡,식료품 중 '야채'를 판매·제공하는 매장,af000e3b-62b0-4583-a9d5-c908f3661fed,두메잡곡,잡곡,해운대시장,전통시장,부산광역시,3.0,0.0,,,P1_BINARY_THRESHOLD,True,,,,,
cf760e0baa1d7c5bdc78,val,야채,T3 개념확장,q_야채_08,잡곡,식료품 중 '야채'를 판매·제공하는 매장,d479eb04-9fed-40bf-b8a5-5b72de7a6cae,가야식당,한식,김천평화시장,전통시장,경상북도,0.0,0.0,,,RESOLVED_AGREEMENT,False,0,,,,
b75af1b86e2f2aeeb788,val,야채,T3 개념확장,q_야채_08,잡곡,식료품 중 '야채'를 판매·제공하는 매장,005313c8-dce8-49b6-9841-9143ebb1305a,동원떡집,,박달시장,전통시장,경기도,0.0,0.0,,,RESOLVED_AGREEMENT,False,0,,,,
3b994044845372897c51,val,야채,T3 개념확장,q_야채_08,잡곡,식료품 중 '야채'를 판매·제공하는 매장,0042e83d-930b-4d1d-a96f-f1a2691256cd,성화상회,과일,대구능금시장,전통시장,대구광역시,1.0,2.0,,,P1_BINARY_THRESHOLD,True,,,,,
b9a97c88223fd446a08a,val,야채,T3 개념확장,q_야채_08,잡곡,식료품 중 '야채'를 판매·제공하는 매장,4d4b02be-e79d-464e-abb0-3ae392935b43,미선수산,생선,소래포구전통어시장,전통시장,인천광역시,0.0,0.0,,,RESOLVED_AGREEMENT,False,0,,,,
fde179e8f6338e5daae9,val,야채,T3 개념확장,q_야채_08,잡곡,식료품 중 '야채'를 판매·제공하는 매장,486d53c7-6c1c-4c74-9c0b-1653ad109686,시장양곡,잡곡,의성공설전통시장(의성읍정기시장),전통시장,경상북도,3.0,0.0,,,P1_BINARY_THRESHOLD,True,,,,,
331045b83771ec3b16d2,val,야채,T3 개념확장,q_야채_08,잡곡,식료품 중 '야채'를 판매·제공하는 매장,cfb1ff51-9ba9-4a46-918f-88b0f40ac0f2,영농조합,잡곡,안양중앙시장,전통시장,경기도,3.0,0.0,,,P1_BINARY_THRESHOLD,True,,,,,
c37e51cc8e0b51f7b5d3,val,야채,T3 개념확장,q_야채_08,잡곡,식료품 중 '야채'를 판매·제공하는 매장,00818eab-32ca-497e-ad5c-1c301a7ea4c9,13번상회,채소,마산 동마산시장,전통시장,경상남도,2.0,3.0,,,P2_GRADED_ONLY,True,,,,,
bcce0e41560b84ef8269,val,야채,T3 개념확장,q_야채_08,잡곡,식료품 중 '야채'를 판매·제공하는 매장,00344d24-5aaa-4dc7-ba51-3c041c147576,고향뜰영농조합법인,농산물,양산 북부시장,전통시장,경상남도,2.0,3.0,,,P2_GRADED_ONLY,True,,,,,
000961133e02ac80158d,val,야채,T3 개념확장,q_야채_08,잡곡,식료품 중 '야채'를 판매·제공하는 매장,df37a908-b1f8-472d-a1a9-c584b8d69577,강복상회,잡곡,함양 지리산함양시장,전통시장,경상남도,3.0,0.0,,,P1_BINARY_THRESHOLD,True,,,,,
bec5c1905734080ff350,val,야채,T3 개념확장,q_야채_08,잡곡,식료품 중 '야채'를 판매·제공하는 매장,7517eaf3-1eb2-42d3-86e7-a22fc09521b8,가락유통,잡곡,마천중앙시장,전통시장,서울특별시,3.0,0.0,,,P1_BINARY_THRESHOLD,True,,,,,
6f01c2edea82729856ba,val,야채,T3 개념확장,q_야채_08,잡곡,식료품 중 '야채'를 판매·제공하는 매장,b519ee8e-f44a-417f-ab58-eecc053119fb,김해쌀상회,잡곡,반송큰시장,전통시장,부산광역시,3.0,3.0,,,RESOLVED_AGREEMENT,False,3,,,,
69d10eee2d1eb3995272,val,야채,T3 개념확장,q_야채_08,잡곡,식료품 중 '야채'를 판매·제공하는 매장,cb16a7b0-5258-4b71-9eb2-a9bce16c7416,황금잡곡,쌀 잡곡,부천상동시장,전통시장,경기도,3.0,3.0,,,RESOLVED_AGREEMENT,False,3,,,,
ee2088e8846e56da7c2d,val,야채,T3 개념확장,q_야채_08,잡곡,식료품 중 '야채'를 판매·제공하는 매장,d004de46-a4be-4ec0-8a78-0ea3f799d145,민농산,잡곡,논공중앙시장,전통시장,대구광역시,3.0,0.0,,,P1_BINARY_THRESHOLD,True,,,,,
ed4ae13ce87fb28dfded,val,야채,T3 개념확장,q_야채_08,잡곡,식료품 중 '야채'를 판매·제공하는 매장,54b8da66-ee23-4f70-ac3c-6a584c7223c9,옥류농산물류,잡곡,영해만세시장(구 영해시장),전통시장,경상북도,3.0,3.0,,,RESOLVED_AGREEMENT,False,3,,,,
4edf9702a7061b567a75,val,야채,T3 개념확장,q_야채_08,잡곡,식료품 중 '야채'를 판매·제공하는 매장,009be3cd-7c52-41e4-91fc-c377ddfa78c0,언양시장야채,야채,언양알프스시장,전통시장,울산광역시,2.0,3.0,,,P2_GRADED_ONLY,True,,,,,
b580c703e801e265a09c,val,야채,T3 개념확장,q_야채_08,잡곡,식료품 중 '야채'를 판매·제공하는 매장,78939865-fbad-410e-982b-b20e1b2acb23,대인쌀집,쌀 잡곡,대인시장,전통시장,광주광역시,3.0,3.0,,,RESOLVED_AGREEMENT,False,3,,,,
132e6c67e0608dd89d67,val,야채,T3 개념확장,q_야채_08,잡곡,식료품 중 '야채'를 판매·제공하는 매장,d3c9bc0a-8c39-43dd-ad52-c38638d62940,신방주잡곡,"쌀, 잡곡",서서울골목형상점가,골목형상점가,서울특별시,3.0,3.0,,,RESOLVED_AGREEMENT,False,3,,,,
8622a8fb1e33a748f9d0,val,야채,T3 개념확장,q_야채_08,잡곡,식료품 중 '야채'를 판매·제공하는 매장,01f160fc-531c-4191-aa22-453462e0f38a,천년,김치,오정동상점가,자율상권구역,대전광역시,1.0,0.0,,,P2_GRADED_ONLY,True,,,,,
a32cef93403d8d35847c,val,야채,T3 개념확장,q_야채_08,잡곡,식료품 중 '야채'를 판매·제공하는 매장,970afb51-8435-4a55-9e2b-0704d9896f56,오색잡곡,잡곡,오산오색시장(구 오산중앙시장),전통시장,경기도,3.0,0.0,,,P1_BINARY_THRESHOLD,True,,,,,
10409f53d9d0c1dc6df9,val,야채,T3 개념확장,q_야채_08,잡곡,식료품 중 '야채'를 판매·제공하는 매장,e9613d32-3808-4200-97f3-7d03035d28e8,은남상회,쌀 잡곡 과일,서남신시장,전통시장,대구광역시,3.0,3.0,,,RESOLVED_AGREEMENT,False,3,,,,
d16d0c77295c443be2d1,val,야채,T3 개념확장,q_야채_08,잡곡,식료품 중 '야채'를 판매·제공하는 매장,33e72e68-983f-49d9-8711-fc6ba556a754,정민쌀상회,잡곡,함양 지리산함양시장,전통시장,경상남도,3.0,3.0,,,RESOLVED_AGREEMENT,False,3,,,,
dc86c08b8596b88fecd0,val,야채,T3 개념확장,q_야채_08,잡곡,식료품 중 '야채'를 판매·제공하는 매장,9c6b11da-784d-4555-b578-33f6c430c3d1,민물센터,잡곡,충주무학시장,전통시장,충청북도,3.0,0.0,,,P1_BINARY_THRESHOLD,True,,,,,
9c431ee5f0550c0fdcfe,val,야채,T3 개념확장,q_야채_08,잡곡,식료품 중 '야채'를 판매·제공하는 매장,840b45a9-b1b5-4f2d-8e6d-13aa044e8591,대경,잡곡,번개시장,전통시장,대구광역시,3.0,0.0,,,P1_BINARY_THRESHOLD,True,,,,,
6ea8efa0612caee7ee3b,val,야채,T3 개념확장,q_야채_08,잡곡,식료품 중 '야채'를 판매·제공하는 매장,6d10c08e-4c90-4b31-82c2-3f452b526ae1,싸전,"쌀, 잡곡",오창전통시장,전통시장,충청북도,3.0,3.0,,,RESOLVED_AGREEMENT,False,3,,,,
fd2139f178ae1bd02ce5,val,야채,T3 개념확장,q_야채_08,잡곡,식료품 중 '야채'를 판매·제공하는 매장,3ab77d15-72aa-453c-89ea-6ab33d0020cb,은영이네잡곡,농산물(잡곡),능동로골목시장(자양한강전통시장),전통시장,서울특별시,3.0,3.0,,,RESOLVED_AGREEMENT,False,3,,,,
d4d5c4f98ffae4ed6eed,val,야채,T3 개념확장,q_야채_08,잡곡,식료품 중 '야채'를 판매·제공하는 매장,016f8113-22a7-4ef1-a80f-0562dd2a06e9,동이식품,"식품, 농산물",중앙신시장,전통시장,경상북도,2.0,3.0,,,P2_GRADED_ONLY,True,,,,,
bb72429880806d2ac506,val,야채,T3 개념확장,q_야채_08,잡곡,식료품 중 '야채'를 판매·제공하는 매장,242414ee-60f8-4c6f-bd00-1f87d38fd1a9,가정동샤브,,루원푸르지오 골목형상점가,골목형상점가,인천광역시,0.0,0.0,,,RESOLVED_AGREEMENT,False,0,,,,
1579c2a4b5205c444fca,val,야채,T3 개념확장,q_야채_08,잡곡,식료품 중 '야채'를 판매·제공하는 매장,00534c22-4465-442e-95db-66dd08f99320,삼원상회,채소,칠성시장,전통시장,대구광역시,2.0,3.0,,,P2_GRADED_ONLY,True,,,,,
a0c9d445b87b2096aee3,val,야채,T3 개념확장,q_야채_08,잡곡,식료품 중 '야채'를 판매·제공하는 매장,0b8ef6dc-2f6b-4707-bd73-529122d9c97a,하단떡집,떡집,하단오일상설시장,전통시장,부산광역시,0.0,0.0,,,RESOLVED_AGREEMENT,False,0,,,,
84e7515c0ba19cc1827b,val,야채,T3 개념확장,q_야채_08,잡곡,식료품 중 '야채'를 판매·제공하는 매장,68fff800-e0d6-43e1-bce1-a9831134c3a7,꼬꼬마,아동복,삼익패션타운,전통시장,서울특별시,0.0,0.0,,,RESOLVED_AGREEMENT,False,0,,,,
169520f2f44fe5e059b9,val,야채,T3 개념확장,q_야채_08,잡곡,식료품 중 '야채'를 판매·제공하는 매장,0622e5e4-d762-4378-aeb6-eb6148f9dec6,개도리김치,"김치, 채소, 건어물",나주목사고을시장,전통시장,,2.0,3.0,,,P2_GRADED_ONLY,True,,,,,
5c815d8e1ebc7bf52fdd,val,야채,T3 개념확장,q_야채_08,잡곡,식료품 중 '야채'를 판매·제공하는 매장,008b2657-018e-4d46-b0b0-a173aee3f37a,대원상회,농산물,대구능금시장,전통시장,대구광역시,2.0,3.0,,,P2_GRADED_ONLY,True,,,,,
bcdaef83d229a1f766b5,val,야채,T3 개념확장,q_야채_08,잡곡,식료품 중 '야채'를 판매·제공하는 매장,00e92856-b294-4032-8540-d60e9817f2d8,럭키약국,"의약품, 건강기능식품, 식품",충무로골목형상점가,골목형상점가,서울특별시,1.0,0.0,,,P2_GRADED_ONLY,True,,,,,
54ec9a61333ea88fa8af,val,야채,T3 개념확장,q_야채_08,잡곡,식료품 중 '야채'를 판매·제공하는 매장,01e96e25-dcb5-4957-bc59-05c27b1dae7a,샐러드밀,샐러드,오룡행복 골목형상점가,골목형상점가,전라남도,1.0,0.0,,,P2_GRADED_ONLY,True,,,,,
e1e9755a14ca4d1df7f3,val,야채,T3 개념확장,q_야채_08,잡곡,식료품 중 '야채'를 판매·제공하는 매장,015915e3-2542-4245-b627-0c775b4c5501,한내떡집,,거제 고현시장,전통시장,경상남도,0.0,0.0,,,RESOLVED_AGREEMENT,False,0,,,,
cec7652df221aea41090,val,야채,T3 개념확장,q_야채_08,잡곡,식료품 중 '야채'를 판매·제공하는 매장,f59145f0-d79e-4229-b1b9-a8e510f4c94b,민영상회,잡곡,진흥종합시장,전통시장,인천광역시,3.0,0.0,,,P1_BINARY_THRESHOLD,True,,,,,
9803d9a448991eedc5aa,val,야채,T3 개념확장,q_야채_08,잡곡,식료품 중 '야채'를 판매·제공하는 매장,32c1ce25-77a0-43ea-a6f3-e4f90a1f410a,강화미곡,잡곡,김포5일장,기타,경기도,3.0,0.0,,,P1_BINARY_THRESHOLD,True,,,,,
5d92eef4d8994bb058d6,val,야채,T3 개념확장,q_야채_08,잡곡,식료품 중 '야채'를 판매·제공하는 매장,009f034c-8e3b-4a32-aab3-55ece8718004,장봐주는언니 임동점,농수축산물및 가공식품,제니스 골목형상점가,골목형상점가,광주광역시,1.0,0.0,,,P2_GRADED_ONLY,True,,,,,
487fa265deb7197f356b,val,야채,T3 개념확장,q_야채_08,잡곡,식료품 중 '야채'를 판매·제공하는 매장,642ae9f8-15c1-490d-97b3-2e8f4c780240,경신쌀상회,잡곡,면목골목시장,전통시장,서울특별시,3.0,3.0,,,RESOLVED_AGREEMENT,False,3,,,,
1a72dd10c1c9c7ea6619,val,야채,T3 개념확장,q_야채_08,잡곡,식료품 중 '야채'를 판매·제공하는 매장,822282f6-0104-4979-9e7b-a2bb1b481b11,현대쌀상회,잡곡,남성사계시장,전통시장,서울특별시,3.0,3.0,,,RESOLVED_AGREEMENT,False,3,,,,
30ae9da6f8f16593a17c,val,야채,T3 개념확장,q_야채_08,잡곡,식료품 중 '야채'를 판매·제공하는 매장,c2e9a5e9-015f-4847-866d-7341b47eea33,곡식할매,잡곡,부전상가시장,전통시장,부산광역시,3.0,0.0,,,P1_BINARY_THRESHOLD,True,,,,,
bb80034a93460beb96f5,val,야채,T3 개념확장,q_야채_08,잡곡,식료품 중 '야채'를 판매·제공하는 매장,db547762-b865-417c-ac31-623bc60d7a35,문희잡곡,잡곡 양곡,방신전통시장,전통시장,서울특별시,3.0,0.0,,,P1_BINARY_THRESHOLD,True,,,,,
caf031134259e89633fa,val,야채,T3 개념확장,q_야채_08,잡곡,식료품 중 '야채'를 판매·제공하는 매장,aec13956-1a32-4672-8857-b2c486e4b5db,대호탕,,명장중앙 골목형상점가,골목형상점가,부산광역시,,0.0,Y,,P0_UNCERTAIN_OR_MISSING,True,,,,,
3edf84a792fd76210948,val,야채,T3 개념확장,q_야채_08,잡곡,식료품 중 '야채'를 판매·제공하는 매장,93fdde81-71e3-4356-b510-20eaa0d74123,홍콩반점0410(원주중앙점),중식,중앙로골목형상점가,골목형상점가,강원특별자치도,0.0,0.0,,,RESOLVED_AGREEMENT,False,0,,,,
683bcd60a0f038e42ad0,val,야채,T3 개념확장,q_야채_08,잡곡,식료품 중 '야채'를 판매·제공하는 매장,00947369-dfd0-4074-b22e-c8b430a98a70,에스.에이.팜(S.A.farm),"표고버섯및농산물, 잡화, 통신판매",무주반딧불상권활성화구역,상권활성화구역,전북특별자치도,2.0,3.0,,,P2_GRADED_ONLY,True,,,,,
2776d127afe2eb683684,val,야채,T3 개념확장,q_야채_08,잡곡,식료품 중 '야채'를 판매·제공하는 매장,cfd44b44-b7bf-4852-9808-2746a49f6688,인계잡곡,잡곡,수원못골종합시장,전통시장,경기도,3.0,0.0,,,P1_BINARY_THRESHOLD,True,,,,,
fba7147a61ddb2bb5fa6,val,야채,T3 개념확장,q_야채_08,잡곡,식료품 중 '야채'를 판매·제공하는 매장,79629d34-bb97-4392-aaa5-0afabf980fb1,잡곡천국,잡곡,자양15번가골목형상점가,골목형상점가,서울특별시,3.0,0.0,,,P1_BINARY_THRESHOLD,True,,,,,
f8ff7e5363c12c434a55,val,야채,T3 개념확장,q_야채_08,잡곡,식료품 중 '야채'를 판매·제공하는 매장,01b4b567-78d4-4fa1-9bff-25fd01fb1a4c,소문난김치집,김치,중앙먹거리 상인회 골목형상점가,골목형상점가,전라남도,1.0,0.0,,,P2_GRADED_ONLY,True,,,,,
83143b2c099f4f4cb72d,val,야채,T3 개념확장,q_야채_08,잡곡,식료품 중 '야채'를 판매·제공하는 매장,814f62b8-b01f-4956-a333-7fb5eea84cfb,클러스터 두심,잡곡,하양꿈바우시장,전통시장,경상북도,3.0,0.0,,,P1_BINARY_THRESHOLD,True,,,,,
ed9b4e435dd49069c580,val,야채,T3 개념확장,q_야채_08,잡곡,식료품 중 '야채'를 판매·제공하는 매장,00333be0-b70d-4197-aa97-5a277d61e0da,㈜신진후르츠,과일,부전농수산물새벽시장,전통시장,부산광역시,1.0,2.0,,,P1_BINARY_THRESHOLD,True,,,,,
4f1b50e7c4a25d0bf07a,val,야채,T3 개념확장,q_야채_08,잡곡,식료품 중 '야채'를 판매·제공하는 매장,0045f871-6f40-4361-bcdd-2b94bf597287,무파장터,야채 청과물,신금정시장 골목형 상점가,골목형상점가,부산광역시,2.0,3.0,,,P2_GRADED_ONLY,True,,,,,
ca701398f5fc6bd98ce1,val,야채,T3 개념확장,q_야채_08,잡곡,식료품 중 '야채'를 판매·제공하는 매장,0097b3e2-b5cf-4050-b719-c9d7738067c0,시흥상회,"소매(야채,과일)",광명전통시장,전통시장,경기도,2.0,3.0,,,P2_GRADED_ONLY,True,,,,,
3059112f08d236c9c4c5,val,야채,T3 개념확장,q_야채_08,잡곡,식료품 중 '야채'를 판매·제공하는 매장,56db4778-14ee-4046-a171-821fc0e3f8ce,산수쌈밥,쌈밥,전남여고후문 골목형상점가,골목형상점가,광주광역시,0.0,0.0,,,RESOLVED_AGREEMENT,False,0,,,,
987f788ee053ae8fb0b3,val,야채,T3 개념확장,q_야채_08,잡곡,식료품 중 '야채'를 판매·제공하는 매장,45fdb6e2-ecc8-493e-b851-80737ff3dd56,경남상회,잡곡,충무동 새벽시장,전통시장,부산광역시,3.0,0.0,,,P1_BINARY_THRESHOLD,True,,,,,
5b911467db3339ccc2de,val,야채,T3 개념확장,q_야채_08,잡곡,식료품 중 '야채'를 판매·제공하는 매장,007fd232-3c16-44ff-be59-cf265f3775e9,동문상회,채소버섯,팔달신시장,전통시장,대구광역시,2.0,3.0,,,P2_GRADED_ONLY,True,,,,,
5c47f15226036d593d48,val,야채,T3 개념확장,q_야채_08,잡곡,식료품 중 '야채'를 판매·제공하는 매장,f36da920-3d5a-4af4-b346-e537cec2b364,뚱이네잡곡,잡곡,방신전통시장,전통시장,서울특별시,3.0,0.0,,,P1_BINARY_THRESHOLD,True,,,,,
16be9e758a94532dc647,val,야채,T3 개념확장,q_야채_08,잡곡,식료품 중 '야채'를 판매·제공하는 매장,014072fb-b412-4fb3-a663-31dbf80e44a6,매일상회,"야채, 과일",고산미소시장(고산시장),전통시장,전북특별자치도,2.0,3.0,,,P2_GRADED_ONLY,True,,,,,
d3b1d257ed10e962d718,val,야채,T3 개념확장,q_야채_08,잡곡,식료품 중 '야채'를 판매·제공하는 매장,00b6e321-5954-437c-b1d9-94fded29f67e,웰빙마트,식품,서남신시장,전통시장,대구광역시,1.0,1.0,,,RESOLVED_AGREEMENT,False,1,,,,
84e18891c7ce104956b3,val,야채,T3 개념확장,q_야채_08,잡곡,식료품 중 '야채'를 판매·제공하는 매장,3ed88cb2-9dbb-41ba-8b2c-a31b4274a3c8,광덕푸드식당,,발안만세시장(구 발안시장),전통시장,경기도,,0.0,Y,,P0_UNCERTAIN_OR_MISSING,True,,,,,
65685fecb884b97e7bac,val,야채,T3 개념확장,q_야채_08,잡곡,식료품 중 '야채'를 판매·제공하는 매장,b52d8603-678e-4e3e-a0e8-5d6677a0c331,잡곡상회,잡곡,안강공설시장,전통시장,경상북도,3.0,0.0,,,P1_BINARY_THRESHOLD,True,,,,,
10a4b1585343c871c844,val,야채,T3 개념확장,q_야채_08,잡곡,식료품 중 '야채'를 판매·제공하는 매장,7d8763e8-aeb5-402e-bbb9-a6332d285608,동이잡곡,잡곡,옥천공설시장,전통시장,충청북도,3.0,0.0,,,P1_BINARY_THRESHOLD,True,,,,,
c322b2620f80f6e2377e,val,야채,T3 개념확장,q_야채_08,잡곡,식료품 중 '야채'를 판매·제공하는 매장,7abbce9e-2708-49dd-bd0d-0de0540f99eb,동양쌀상회,잡곡,진천중앙시장,전통시장,충청북도,3.0,3.0,,,RESOLVED_AGREEMENT,False,3,,,,
de117a4cad8721bcd75c,val,야채,T3 개념확장,q_야채_08,잡곡,식료품 중 '야채'를 판매·제공하는 매장,06bf3714-4d1a-4eac-a83f-938387b7a25a,새충무곡물,잡곡,영천공설시장,전통시장,경상북도,3.0,3.0,,,RESOLVED_AGREEMENT,False,3,,,,
a6ee89dfad16106ec981,val,야채,T3 개념확장,q_야채_08,잡곡,식료품 중 '야채'를 판매·제공하는 매장,0783b255-f75e-4674-abfa-2fc0842dc476,유성잡곡,도소매(잡곡),고척근린시장,전통시장,서울특별시,3.0,0.0,,,P1_BINARY_THRESHOLD,True,,,,,
a1278cdd8f2a839ccbf9,val,야채,T3 개념확장,q_야채_08,잡곡,식료품 중 '야채'를 판매·제공하는 매장,09e5fb7c-d0cc-4720-92df-5a5cece636c7,샐러리아 잠실본점,샐러드,방이시장,전통시장,서울특별시,1.0,0.0,,,P2_GRADED_ONLY,True,,,,,
23cb385a8709bd0e113b,val,야채,T3 개념확장,q_야채_08,잡곡,식료품 중 '야채'를 판매·제공하는 매장,57a1c327-c233-4d2f-9ac3-060ae21c1539,잡곡상회,잡곡,염매시장(의성중앙시장),전통시장,경상북도,3.0,0.0,,,P1_BINARY_THRESHOLD,True,,,,,
c490c3082db3066e8b5e,val,야채,T3 개념확장,q_야채_08,잡곡,식료품 중 '야채'를 판매·제공하는 매장,00c56499-bc90-4ed6-bb66-3802cc762889,의령상회,채소,부전상가시장,전통시장,부산광역시,2.0,3.0,,,P2_GRADED_ONLY,True,,,,,
6ddeca763577d16cc0b9,val,야채,T4 구어·문장,q_야채_09,야채 파는 곳,식료품 중 '야채'를 판매·제공하는 매장,82bf2105-0a85-4fe7-8777-8f049077d57f,상우네 야채,야채,만수시장,전통시장,인천광역시,3.0,3.0,,,RESOLVED_AGREEMENT,False,3,,,,
c8350eb583be57d896d4,val,야채,T4 구어·문장,q_야채_09,야채 파는 곳,식료품 중 '야채'를 판매·제공하는 매장,566dd58f-9081-4d60-b591-35b8d7a1384f,머슴상회,야채,천안중앙시장,전통시장,충청남도,3.0,3.0,,,RESOLVED_AGREEMENT,False,3,,,,
374c9311f3901f88baee,val,야채,T4 구어·문장,q_야채_09,야채 파는 곳,식료품 중 '야채'를 판매·제공하는 매장,014fc673-2f3b-48cf-a134-d5aebb132435,동성상회,야채,동두천중앙시장,전통시장,경기도,3.0,3.0,,,RESOLVED_AGREEMENT,False,3,,,,
be162e4b8d31dd0513d7,val,야채,T4 구어·문장,q_야채_09,야채 파는 곳,식료품 중 '야채'를 판매·제공하는 매장,d19b3de6-4ddc-444e-9f05-82025eb1d7d6,옥석야채,야채,만수시장,전통시장,인천광역시,3.0,3.0,,,RESOLVED_AGREEMENT,False,3,,,,
96fac29d6670c3ec4dbd,val,야채,T4 구어·문장,q_야채_09,야채 파는 곳,식료품 중 '야채'를 판매·제공하는 매장,7fdbfbd2-930f-4329-a225-ca7b797e3274,야채,야채,원종고강제일시장(부천제일시장),전통시장,경기도,3.0,3.0,,,RESOLVED_AGREEMENT,False,3,,,,
232dacf6fe7e36e4ce24,val,야채,T4 구어·문장,q_야채_09,야채 파는 곳,식료품 중 '야채'를 판매·제공하는 매장,a317cb48-d55d-4ee0-af3e-ee11a70d345b,야채나라,야채,도마큰시장,전통시장,대전광역시,3.0,3.0,,,RESOLVED_AGREEMENT,False,3,,,,
15f7cf9fd5588740f989,val,야채,T4 구어·문장,q_야채_09,야채 파는 곳,식료품 중 '야채'를 판매·제공하는 매장,9c12f5cb-e9e7-4d84-b267-db9832ac2c3a,천냥야채,야채,문창시장,전통시장,대전광역시,3.0,3.0,,,RESOLVED_AGREEMENT,False,3,,,,
cb7d68670166635300e6,val,야채,T4 구어·문장,q_야채_09,야채 파는 곳,식료품 중 '야채'를 판매·제공하는 매장,005313c8-dce8-49b6-9841-9143ebb1305a,동원떡집,,박달시장,전통시장,경기도,0.0,0.0,,,RESOLVED_AGREEMENT,False,0,,,,
b85af1eea7fa0f8a0984,val,야채,T4 구어·문장,q_야채_09,야채 파는 곳,식료품 중 '야채'를 판매·제공하는 매장,007fd232-3c16-44ff-be59-cf265f3775e9,동문상회,채소버섯,팔달신시장,전통시장,대구광역시,3.0,3.0,,,RESOLVED_AGREEMENT,False,3,,,,
fce21a5163429a4a8084,val,야채,T4 구어·문장,q_야채_09,야채 파는 곳,식료품 중 '야채'를 판매·제공하는 매장,764189f1-6a9f-42f3-90b5-22cc56f83897,아란야채,야채,자마장시장골목형상점가,골목형상점가,서울특별시,3.0,3.0,,,RESOLVED_AGREEMENT,False,3,,,,
31c1bf9b73adb17d8047,val,야채,T4 구어·문장,q_야채_09,야채 파는 곳,식료품 중 '야채'를 판매·제공하는 매장,009f034c-8e3b-4a32-aab3-55ece8718004,장봐주는언니 임동점,농수축산물및 가공식품,제니스 골목형상점가,골목형상점가,광주광역시,1.0,0.0,,,P2_GRADED_ONLY,True,,,,,
440690c13c78fedc8932,val,야채,T4 구어·문장,q_야채_09,야채 파는 곳,식료품 중 '야채'를 판매·제공하는 매장,b33fb268-ff1b-47e7-b88b-7677d73c0384,야채왕국,야채,중마시장,전통시장,전라남도,3.0,3.0,,,RESOLVED_AGREEMENT,False,3,,,,
c91ada8d40c46772d8c0,val,야채,T4 구어·문장,q_야채_09,야채 파는 곳,식료품 중 '야채'를 판매·제공하는 매장,77199ec6-6205-4911-83a3-bad17d8b19fb,황금야채,야채,장림골목시장,전통시장,부산광역시,3.0,3.0,,,RESOLVED_AGREEMENT,False,3,,,,
cad83bdfc5ce0cbbe304,val,야채,T4 구어·문장,q_야채_09,야채 파는 곳,식료품 중 '야채'를 판매·제공하는 매장,014b06bd-3fa3-4cde-b459-e62ca64c33aa,조은식품,채소,하양꿈바우시장,전통시장,경상북도,3.0,3.0,,,RESOLVED_AGREEMENT,False,3,,,,
0e7ad033a04b5155a86a,val,야채,T4 구어·문장,q_야채_09,야채 파는 곳,식료품 중 '야채'를 판매·제공하는 매장,00f0eee4-789e-4a7b-afc5-f1e7fc279b83,전국상회,야채,청량리종합시장,전통시장,서울특별시,3.0,3.0,,,RESOLVED_AGREEMENT,False,3,,,,
5a167a05b317e8fb9e21,val,야채,T4 구어·문장,q_야채_09,야채 파는 곳,식료품 중 '야채'를 판매·제공하는 매장,275cb25f-be8c-4deb-a4e7-5886f8b8e774,태권도효도관,태권도,수완중흥대방 골목형상점가,골목형상점가,광주광역시,0.0,0.0,,,RESOLVED_AGREEMENT,False,0,,,,
fbffeb804b909ccfaed6,val,야채,T4 구어·문장,q_야채_09,야채 파는 곳,식료품 중 '야채'를 판매·제공하는 매장,00b6e321-5954-437c-b1d9-94fded29f67e,웰빙마트,식품,서남신시장,전통시장,대구광역시,1.0,1.0,,,RESOLVED_AGREEMENT,False,1,,,,
2d7fc97e81999c1daf6c,val,야채,T4 구어·문장,q_야채_09,야채 파는 곳,식료품 중 '야채'를 판매·제공하는 매장,d1dca39b-7e1a-4f6e-92c2-9837ccfe76be,야채사냥,야채,원종고강제일시장(부천제일시장),전통시장,경기도,3.0,3.0,,,RESOLVED_AGREEMENT,False,3,,,,
dda323e66609893ea900,val,야채,T4 구어·문장,q_야채_09,야채 파는 곳,식료품 중 '야채'를 판매·제공하는 매장,535046dd-83cc-41aa-bcb1-323dea2ae7c7,영림야채,야채,동문공설시장,전통시장,제주특별자치도,3.0,3.0,,,RESOLVED_AGREEMENT,False,3,,,,
8c5137c3463c44ac1aaf,val,야채,T4 구어·문장,q_야채_09,야채 파는 곳,식료품 중 '야채'를 판매·제공하는 매장,8bb83aa6-dcc0-47be-80b9-50c422cc1024,대귀상회,야채,군산신영시장,전통시장,전북특별자치도,3.0,3.0,,,RESOLVED_AGREEMENT,False,3,,,,
72df38831b3572efe6da,val,야채,T4 구어·문장,q_야채_09,야채 파는 곳,식료품 중 '야채'를 판매·제공하는 매장,5eb01bb1-b190-493d-ac36-30e486161eb5,야채파는남자,야채,수유중앙골목시장골목형상점가,골목형상점가,서울특별시,3.0,3.0,,,RESOLVED_AGREEMENT,False,3,,,,
c54c2f70dfa7607d29b4,val,야채,T4 구어·문장,q_야채_09,야채 파는 곳,식료품 중 '야채'를 판매·제공하는 매장,00344d24-5aaa-4dc7-ba51-3c041c147576,고향뜰영농조합법인,농산물,양산 북부시장,전통시장,경상남도,3.0,3.0,,,RESOLVED_AGREEMENT,False,3,,,,
9b8111260b6831bb6c78,val,야채,T4 구어·문장,q_야채_09,야채 파는 곳,식료품 중 '야채'를 판매·제공하는 매장,f19fad50-cf70-4c77-9d0c-050e1962ac04,희망야채,야채,청주육거리종합시장,전통시장,충청북도,3.0,3.0,,,RESOLVED_AGREEMENT,False,3,,,,
e9f689754d295b3c0d1a,val,야채,T4 구어·문장,q_야채_09,야채 파는 곳,식료품 중 '야채'를 판매·제공하는 매장,00045dfc-0681-4fb3-8265-33b3df14c289,한라농산,과일,황지시장상점가,자율상권구역,강원특별자치도,1.0,2.0,,,P1_BINARY_THRESHOLD,True,,,,,
2b1a35a564d8a23ced70,val,야채,T4 구어·문장,q_야채_09,야채 파는 곳,식료품 중 '야채'를 판매·제공하는 매장,4153b473-b7ad-4814-b6f0-07ab68bed172,대박야채,야채,광명새마을시장,전통시장,경기도,3.0,3.0,,,RESOLVED_AGREEMENT,False,3,,,,
ffedaf2a2b83b4be28ac,val,야채,T4 구어·문장,q_야채_09,야채 파는 곳,식료품 중 '야채'를 판매·제공하는 매장,fac7e372-1e18-4cd2-a0bf-a16b572f9d23,야채마트,야채,도래미시장,전통시장,강원특별자치도,3.0,3.0,,,RESOLVED_AGREEMENT,False,3,,,,
67a4c925e8483ad99a7b,val,야채,T4 구어·문장,q_야채_09,야채 파는 곳,식료품 중 '야채'를 판매·제공하는 매장,03a6e716-3825-40e3-ba06-e047ee5e5483,부일반찬,김치,초량전통시장,전통시장,부산광역시,1.0,1.0,,,RESOLVED_AGREEMENT,False,1,,,,
97c93791e944b0b118b1,val,야채,T4 구어·문장,q_야채_09,야채 파는 곳,식료품 중 '야채'를 판매·제공하는 매장,008d4156-e489-4d1f-9205-b541972d35a8,과일왕,과일 잡화 야채 먹거리,연제동 골목형상점가,골목형상점가,광주광역시,3.0,3.0,,,RESOLVED_AGREEMENT,False,3,,,,
257015e5b4921d5c5fde,val,야채,T4 구어·문장,q_야채_09,야채 파는 곳,식료품 중 '야채'를 판매·제공하는 매장,00818eab-32ca-497e-ad5c-1c301a7ea4c9,13번상회,채소,마산 동마산시장,전통시장,경상남도,3.0,3.0,,,RESOLVED_AGREEMENT,False,3,,,,
901419a00be06ece7273,val,야채,T4 구어·문장,q_야채_09,야채 파는 곳,식료품 중 '야채'를 판매·제공하는 매장,626ca231-ce66-41b3-a1d9-6a2291a8794a,하나+둘 (뜨게방),뜨게방,두암초주변 골목형상점가,골목형상점가,광주광역시,0.0,0.0,,,RESOLVED_AGREEMENT,False,0,,,,
dee30c97f13917256980,val,야채,T4 구어·문장,q_야채_09,야채 파는 곳,식료품 중 '야채'를 판매·제공하는 매장,1ae14889-ea2b-48f0-b01e-31be5d42c2df,돈암야채,야채,돈암시장,전통시장,서울특별시,3.0,3.0,,,RESOLVED_AGREEMENT,False,3,,,,
9bcb0efbf2373ac1b57a,val,야채,T4 구어·문장,q_야채_09,야채 파는 곳,식료품 중 '야채'를 판매·제공하는 매장,a9aa7a13-c281-4b12-b3e7-f70506128348,용인야채,야채,수원못골종합시장,전통시장,경기도,3.0,3.0,,,RESOLVED_AGREEMENT,False,3,,,,
52cb0af7618a0b18a023,val,야채,T4 구어·문장,q_야채_09,야채 파는 곳,식료품 중 '야채'를 판매·제공하는 매장,05530d0f-82ed-47a1-8015-32b6c30e3752,진수산삼다식품,"젓갈류, 김치, 수산물",동문재래시장,전통시장,제주특별자치도,1.0,0.0,,,P2_GRADED_ONLY,True,,,,,
ef72a9d346cd14c96f43,val,야채,T4 구어·문장,q_야채_09,야채 파는 곳,식료품 중 '야채'를 판매·제공하는 매장,99e2a586-cbea-41ae-a9bd-8dd16e0e6374,야채나라,야채,마천중앙시장,전통시장,서울특별시,3.0,3.0,,,RESOLVED_AGREEMENT,False,3,,,,
d6db6c1a6ff0565764b9,val,야채,T4 구어·문장,q_야채_09,야채 파는 곳,식료품 중 '야채'를 판매·제공하는 매장,15578c36-25cb-47c6-b623-02d015391845,서가네쌈밥,쌈밥,면곡시장 골목형상점가,골목형상점가,서울특별시,0.0,0.0,,,RESOLVED_AGREEMENT,False,0,,,,
919767f45d64a4d0e5c6,val,야채,T4 구어·문장,q_야채_09,야채 파는 곳,식료품 중 '야채'를 판매·제공하는 매장,006601da-192a-4275-90bf-aa320c79ea9f,바이럽,샐러드,현풍백년도깨비시장,전통시장,대구광역시,1.0,0.0,,,P2_GRADED_ONLY,True,,,,,
958e04ad7ab82c1e5d99,val,야채,T4 구어·문장,q_야채_09,야채 파는 곳,식료품 중 '야채'를 판매·제공하는 매장,b15231c9-07aa-4d31-9c9e-611b56f7614b,대전야채,야채,신도꼼지락시장,전통시장,대전광역시,3.0,3.0,,,RESOLVED_AGREEMENT,False,3,,,,
0c0c5adb65a47acdde31,val,야채,T4 구어·문장,q_야채_09,야채 파는 곳,식료품 중 '야채'를 판매·제공하는 매장,0d8ef83e-b4ad-49e5-8c89-5ab441c6fe4e,초록야채,야채,정서진중앙시장(구 서구중앙시장),전통시장,인천광역시,3.0,3.0,,,RESOLVED_AGREEMENT,False,3,,,,
982208ae3e1d7bedb2b9,val,야채,T4 구어·문장,q_야채_09,야채 파는 곳,식료품 중 '야채'를 판매·제공하는 매장,12bac5de-59a7-472a-946b-5e38694a5648,한옥촌,쌈밥,전농배봉산맛집거리골목형상점가,골목형상점가,서울특별시,0.0,0.0,,,RESOLVED_AGREEMENT,False,0,,,,
f8018a18f8ba9d189413,val,야채,T4 구어·문장,q_야채_09,야채 파는 곳,식료품 중 '야채'를 판매·제공하는 매장,bbe5cca7-e37a-44f6-a94a-94e0dd85243e,야채가게,야채,만수시장,전통시장,인천광역시,3.0,3.0,,,RESOLVED_AGREEMENT,False,3,,,,
251bdd56ba9592207324,val,야채,T4 구어·문장,q_야채_09,야채 파는 곳,식료품 중 '야채'를 판매·제공하는 매장,24456103-f6b8-46af-8655-82e61d7265d8,커피가 머무르는 곳,커피,반드레길골목형상점가,골목형상점가,서울특별시,0.0,3.0,,,P1_BINARY_THRESHOLD,True,,,,,
7c60226f64f4a1e60004,val,야채,T4 구어·문장,q_야채_09,야채 파는 곳,식료품 중 '야채'를 판매·제공하는 매장,7baa2c6f-9331-474f-9e59-06dab8d5cf8b,야채사랑,야채,양산 덕계종합상설시장,전통시장,경상남도,3.0,3.0,,,RESOLVED_AGREEMENT,False,3,,,,
23d3af3ce39c01e46316,val,야채,T4 구어·문장,q_야채_09,야채 파는 곳,식료품 중 '야채'를 판매·제공하는 매장,d92b7520-22e8-4f13-b2c6-1eb40f26a376,유섭야채,야채,광명전통시장,전통시장,경기도,3.0,3.0,,,RESOLVED_AGREEMENT,False,3,,,,
555f5224f2e13eac2b90,val,야채,T4 구어·문장,q_야채_09,야채 파는 곳,식료품 중 '야채'를 판매·제공하는 매장,10e4b9b6-662b-436c-b9b7-b82677f0ecd8,계룡야채,야채,부사시장,전통시장,대전광역시,3.0,3.0,,,RESOLVED_AGREEMENT,False,3,,,,
c6e223947429864d711c,val,야채,T4 구어·문장,q_야채_09,야채 파는 곳,식료품 중 '야채'를 판매·제공하는 매장,3a9a5b6c-7637-4271-90f5-993ce8312d59,알뜰야채,야채,창원 반송시장,전통시장,경상남도,3.0,3.0,,,RESOLVED_AGREEMENT,False,3,,,,
ce3373fc9f4c3152c874,val,야채,T4 구어·문장,q_야채_09,야채 파는 곳,식료품 중 '야채'를 판매·제공하는 매장,68620e4a-20c8-4cb4-a5a8-661ad20e238f,땟깔,야채,괴정골목시장,전통시장,부산광역시,3.0,3.0,,,RESOLVED_AGREEMENT,False,3,,,,
07cc4428191138df65a7,val,야채,T4 구어·문장,q_야채_09,야채 파는 곳,식료품 중 '야채'를 판매·제공하는 매장,c161453d-f2c8-4b97-a2c3-a54e0cbdb7e8,생활용품 싸게 파는 집,잡화,안성중앙시장,전통시장,경기도,0.0,3.0,,,P1_BINARY_THRESHOLD,True,,,,,
968695f58d65de0ee98e,val,야채,T4 구어·문장,q_야채_09,야채 파는 곳,식료품 중 '야채'를 판매·제공하는 매장,0c663c80-d36f-4cb9-b4f4-d2c149635f8d,야채마을,야채,망미중앙시장,전통시장,부산광역시,3.0,3.0,,,RESOLVED_AGREEMENT,False,3,,,,
80a95a1ec9ba2289ab7b,val,야채,T4 구어·문장,q_야채_09,야채 파는 곳,식료품 중 '야채'를 판매·제공하는 매장,cbde5229-a947-400e-8b14-8f986136869f,한국야채,야채,동문동 골목형상점가,골목형상점가,충청남도,3.0,3.0,,,RESOLVED_AGREEMENT,False,3,,,,
5d121d66119c95a44f63,val,야채,T4 구어·문장,q_야채_09,야채 파는 곳,식료품 중 '야채'를 판매·제공하는 매장,06f191fb-14b4-4d51-8efb-39d44343f1a7,유한회사 바르메이드,샐러드,상무시청상인회 골목형상점가,골목형상점가,광주광역시,1.0,0.0,,,P2_GRADED_ONLY,True,,,,,
38802c7a5fe47c8bb7e0,val,야채,T4 구어·문장,q_야채_09,야채 파는 곳,식료품 중 '야채'를 판매·제공하는 매장,00e92856-b294-4032-8540-d60e9817f2d8,럭키약국,"의약품, 건강기능식품, 식품",충무로골목형상점가,골목형상점가,서울특별시,1.0,0.0,,,P2_GRADED_ONLY,True,,,,,
53804440fee644d39a1d,val,야채,T4 구어·문장,q_야채_09,야채 파는 곳,식료품 중 '야채'를 판매·제공하는 매장,f6f5e07e-5c4b-45c2-8c81-b29bc6f63aa8,야채나라,야채,김해 외동전통시장,전통시장,경상남도,3.0,3.0,,,RESOLVED_AGREEMENT,False,3,,,,
8125ccd681ff44bffcd9,val,야채,T4 구어·문장,q_야채_09,야채 파는 곳,식료품 중 '야채'를 판매·제공하는 매장,547be72a-2b08-4865-acc9-efec48cc1450,야채꾼,야채,신 강남시장,전통시장,인천광역시,3.0,3.0,,,RESOLVED_AGREEMENT,False,3,,,,
17bb953b57a544378ea5,val,야채,T4 구어·문장,q_야채_09,야채 파는 곳,식료품 중 '야채'를 판매·제공하는 매장,48db5bd7-0043-4781-9174-a29b826ac87e,통큰야채,야채,법동시장,전통시장,대전광역시,3.0,3.0,,,RESOLVED_AGREEMENT,False,3,,,,
689190ae1f73124dedb0,val,야채,T4 구어·문장,q_야채_09,야채 파는 곳,식료품 중 '야채'를 판매·제공하는 매장,08d72eb8-8ae8-4f6b-8a3a-e05538bddcaa,예담들깨삼계탕,삼계탕,삼송상점가,자율상권구역,경기도,0.0,0.0,,,RESOLVED_AGREEMENT,False,0,,,,
ada404a94ce28510966d,val,야채,T4 구어·문장,q_야채_09,야채 파는 곳,식료품 중 '야채'를 판매·제공하는 매장,008d1ed4-a5d7-492e-9959-f8307a68cc5f,샐러드 정원,"샐러드, 샌드위치",미성동도깨비시장,골목형상점가,서울특별시,1.0,0.0,,,P2_GRADED_ONLY,True,,,,,
4382aa5c5bce6a27d5a7,val,야채,T4 구어·문장,q_야채_09,야채 파는 곳,식료품 중 '야채'를 판매·제공하는 매장,18857814-ef6f-4e8c-87d3-13243c7b2b04,야채나라,야채,역곡남부시장,전통시장,경기도,3.0,3.0,,,RESOLVED_AGREEMENT,False,3,,,,
49acd6ab74e6f8b52c05,val,야채,T4 구어·문장,q_야채_09,야채 파는 곳,식료품 중 '야채'를 판매·제공하는 매장,0097b3e2-b5cf-4050-b719-c9d7738067c0,시흥상회,"소매(야채,과일)",광명전통시장,전통시장,경기도,3.0,3.0,,,RESOLVED_AGREEMENT,False,3,,,,
4fddf4a9f2080d53ebc3,val,야채,T4 구어·문장,q_야채_09,야채 파는 곳,식료품 중 '야채'를 판매·제공하는 매장,0045f871-6f40-4361-bcdd-2b94bf597287,무파장터,야채 청과물,신금정시장 골목형 상점가,골목형상점가,부산광역시,3.0,3.0,,,RESOLVED_AGREEMENT,False,3,,,,
76c2437aeaa301bae386,val,야채,T4 구어·문장,q_야채_09,야채 파는 곳,식료품 중 '야채'를 판매·제공하는 매장,01b4b567-78d4-4fa1-9bff-25fd01fb1a4c,소문난김치집,김치,중앙먹거리 상인회 골목형상점가,골목형상점가,전라남도,1.0,0.0,,,P2_GRADED_ONLY,True,,,,,
5574c20418cf4a3804a7,val,야채,T4 구어·문장,q_야채_09,야채 파는 곳,식료품 중 '야채'를 판매·제공하는 매장,5ab92d1a-7d3f-4d6a-a019-4f1a2ee7b1bd,믿음야채,야채,원미종합시장,전통시장,경기도,3.0,3.0,,,RESOLVED_AGREEMENT,False,3,,,,
379906531ab70d82ab36,val,야채,T4 구어·문장,q_야채_09,야채 파는 곳,식료품 중 '야채'를 판매·제공하는 매장,8dac30b5-783c-4f90-964b-b5384fe436df,용민이네 야채,야채,해남매일시장,전통시장,전라남도,3.0,3.0,,,RESOLVED_AGREEMENT,False,3,,,,
9858276f6d186ea42605,val,야채,T4 구어·문장,q_야채_09,야채 파는 곳,식료품 중 '야채'를 판매·제공하는 매장,001cb3d4-5441-4963-b517-d5b3904ee312,현창떡집,떡집,목포동부시장,전통시장,전라남도,0.0,0.0,,,RESOLVED_AGREEMENT,False,0,,,,
5e2c7e43b8f44c793883,val,야채,T4 구어·문장,q_야채_09,야채 파는 곳,식료품 중 '야채'를 판매·제공하는 매장,7e4f631a-1eb4-4a1d-aeef-cefecc53a3ea,원당야채,야채,원당시장(구 원당전통시장),전통시장,경기도,3.0,3.0,,,RESOLVED_AGREEMENT,False,3,,,,
b3a267858ea9b72365f3,val,야채,T4 구어·문장,q_야채_09,야채 파는 곳,식료품 중 '야채'를 판매·제공하는 매장,54a6fba6-87e9-4f1e-bb69-287da8b6b49f,짱야채,야채,반구시장,전통시장,울산광역시,3.0,3.0,,,RESOLVED_AGREEMENT,False,3,,,,
8f7b4f770585e51db917,val,야채,T4 구어·문장,q_야채_09,야채 파는 곳,식료품 중 '야채'를 판매·제공하는 매장,015915e3-2542-4245-b627-0c775b4c5501,한내떡집,,거제 고현시장,전통시장,경상남도,0.0,0.0,,,RESOLVED_AGREEMENT,False,0,,,,
b094976d2bca30f01479,val,야채,T4 구어·문장,q_야채_09,야채 파는 곳,식료품 중 '야채'를 판매·제공하는 매장,12793542-a6b9-4d91-933c-013481c83e89,진덕야채,야채,안양남부시장,전통시장,경기도,3.0,3.0,,,RESOLVED_AGREEMENT,False,3,,,,
3c177e6b446e536eb45f,val,야채,T4 구어·문장,q_야채_09,야채 파는 곳,식료품 중 '야채'를 판매·제공하는 매장,163fad72-4b20-402c-beee-d6813b64210a,광현야채,야채,서동시장(창인시장),전통시장,전북특별자치도,3.0,3.0,,,RESOLVED_AGREEMENT,False,3,,,,
01b441966d5c49137ce2,val,야채,T4 구어·문장,q_야채_09,야채 파는 곳,식료품 중 '야채'를 판매·제공하는 매장,be798674-992b-461a-997f-4b62483bc8bf,대박 야채 청과,야채,신월3동시장골목형상점가,골목형상점가,서울특별시,3.0,3.0,,,RESOLVED_AGREEMENT,False,3,,,,
9b1ec971a0b97ec7bb81,val,야채,T4 구어·문장,q_야채_09,야채 파는 곳,식료품 중 '야채'를 판매·제공하는 매장,008b2657-018e-4d46-b0b0-a173aee3f37a,대원상회,농산물,대구능금시장,전통시장,대구광역시,3.0,3.0,,,RESOLVED_AGREEMENT,False,3,,,,
70e34a6fa1dd391db7bc,val,야채,T4 구어·문장,q_야채_09,야채 파는 곳,식료품 중 '야채'를 판매·제공하는 매장,00891fcf-925f-4b76-bc26-179798787b48,정우상회,농산물,경동시장,전통시장,서울특별시,3.0,3.0,,,RESOLVED_AGREEMENT,False,3,,,,
74121597e0cb87374ce4,val,야채,T4 구어·문장,q_야채_09,야채 파는 곳,식료품 중 '야채'를 판매·제공하는 매장,00947369-dfd0-4074-b22e-c8b430a98a70,에스.에이.팜(S.A.farm),"표고버섯및농산물, 잡화, 통신판매",무주반딧불상권활성화구역,상권활성화구역,전북특별자치도,3.0,3.0,,,RESOLVED_AGREEMENT,False,3,,,,
cf66f62513798c9e2722,val,야채,T4 구어·문장,q_야채_09,야채 파는 곳,식료품 중 '야채'를 판매·제공하는 매장,67023459-41ed-45c3-a5de-e5d4bb552c93,비슬상회,야채,대구청과시장,전통시장,대구광역시,3.0,3.0,,,RESOLVED_AGREEMENT,False,3,,,,
9a1df483c80f98709477,val,야채,T4 구어·문장,q_야채_09,야채 파는 곳,식료품 중 '야채'를 판매·제공하는 매장,a1060dd9-cf09-4aab-b7c0-32da97cb9a52,종합야채,야채,대림골목시장,전통시장,서울특별시,3.0,3.0,,,RESOLVED_AGREEMENT,False,3,,,,
684651c09c4a8f80ee54,val,야채,T4 구어·문장,q_야채_09,야채 파는 곳,식료품 중 '야채'를 판매·제공하는 매장,5eb3ceda-9ee6-4c44-86b3-856872319d33,야채과일싸게파는집,야채,풍납시장,전통시장,서울특별시,3.0,3.0,,,RESOLVED_AGREEMENT,False,3,,,,
e92f85be2b428bf78400,val,야채,T4 구어·문장,q_야채_09,야채 파는 곳,식료품 중 '야채'를 판매·제공하는 매장,3526b88c-624e-427b-9369-30ee70b121b8,에덴야채,야채,박달시장,전통시장,경기도,3.0,3.0,,,RESOLVED_AGREEMENT,False,3,,,,
2a9977f3ac14c9153375,val,야채,T4 구어·문장,q_야채_09,야채 파는 곳,식료품 중 '야채'를 판매·제공하는 매장,9ed54468-393c-4a3a-ba6d-fb0d7b2c4504,첼로,신발,개금골목시장,전통시장,부산광역시,0.0,0.0,,,RESOLVED_AGREEMENT,False,0,,,,
7004bfd29522c44d3a0c,val,야채,T4 구어·문장,q_야채_09,야채 파는 곳,식료품 중 '야채'를 판매·제공하는 매장,a25b522a-58a4-41e3-96db-5666e39f4486,풍년야채,야채,수정로 상권활성화구역,상권활성화구역,경기도,3.0,3.0,,,RESOLVED_AGREEMENT,False,3,,,,
639903d84ec4aefe6f14,val,야채,T4 구어·문장,q_야채_09,야채 파는 곳,식료품 중 '야채'를 판매·제공하는 매장,00b64830-f897-4643-a5fa-6d8950c2ef89,낭만상회,식품,문산자유시장,전통시장,경기도,1.0,0.0,,,P2_GRADED_ONLY,True,,,,,
35499c108196eadec55a,val,야채,T4 구어·문장,q_야채_09,야채 파는 곳,식료품 중 '야채'를 판매·제공하는 매장,00c56499-bc90-4ed6-bb66-3802cc762889,의령상회,채소,부전상가시장,전통시장,부산광역시,3.0,3.0,,,RESOLVED_AGREEMENT,False,3,,,,
9cb6759f3d271a0fe4c7,val,야채,T4 구어·문장,q_야채_09,야채 파는 곳,식료품 중 '야채'를 판매·제공하는 매장,f644065f-95a2-49d4-a264-e674646d7a45,야채마을,야채,해남읍 원도심 상권활성화구역,상권활성화구역,전라남도,3.0,3.0,,,RESOLVED_AGREEMENT,False,3,,,,
a9ed551446b9bb2381e0,val,야채,T4 구어·문장,q_야채_09,야채 파는 곳,식료품 중 '야채'를 판매·제공하는 매장,009be3cd-7c52-41e4-91fc-c377ddfa78c0,언양시장야채,야채,언양알프스시장,전통시장,울산광역시,3.0,3.0,,,RESOLVED_AGREEMENT,False,3,,,,
35da38987a1607665eec,val,야채,T4 구어·문장,q_야채_09,야채 파는 곳,식료품 중 '야채'를 판매·제공하는 매장,00534c22-4465-442e-95db-66dd08f99320,삼원상회,채소,칠성시장,전통시장,대구광역시,3.0,3.0,,,RESOLVED_AGREEMENT,False,3,,,,
70dbf2339f563b1e814a,val,야채,T4 구어·문장,q_야채_09,야채 파는 곳,식료품 중 '야채'를 판매·제공하는 매장,0174d58f-3182-48ce-9bb7-0818d21a6763,야채,,만수시장,전통시장,인천광역시,3.0,3.0,,,RESOLVED_AGREEMENT,False,3,,,,
6b8e60962a2c24397ea9,val,야채,T4 구어·문장,q_야채_09,야채 파는 곳,식료품 중 '야채'를 판매·제공하는 매장,1e3ab7f6-910c-43a9-9a9b-c519206e1ac1,야채나라,야채,충주자유시장,전통시장,충청북도,3.0,3.0,,,RESOLVED_AGREEMENT,False,3,,,,
85dd97616c39ffd4bb18,val,야채,T4 구어·문장,q_야채_09,야채 파는 곳,식료품 중 '야채'를 판매·제공하는 매장,c89872f7-7a0e-4e4b-905a-e116a10d65b9,골목야채,야채,광명새마을시장,전통시장,경기도,3.0,3.0,,,RESOLVED_AGREEMENT,False,3,,,,
7ca0970889096bb7ddf5,val,야채,T4 구어·문장,q_야채_09,야채 파는 곳,식료품 중 '야채'를 판매·제공하는 매장,4128e84a-7435-4568-91d4-e2c206c7f3d6,야채상회,야채,해남매일시장,전통시장,전라남도,3.0,3.0,,,RESOLVED_AGREEMENT,False,3,,,,
1a81d55c72a3e288be04,val,야채,T4 구어·문장,q_야채_09,야채 파는 곳,식료품 중 '야채'를 판매·제공하는 매장,8e80de93-306c-420f-9a8e-bc873e29a22f,장군야채,야채,서문공설시장,전통시장,제주특별자치도,3.0,3.0,,,RESOLVED_AGREEMENT,False,3,,,,
8b1e2b3a54c85d5bdbf7,val,야채,T4 구어·문장,q_야채_09,야채 파는 곳,식료품 중 '야채'를 판매·제공하는 매장,09e5fb7c-d0cc-4720-92df-5a5cece636c7,샐러리아 잠실본점,샐러드,방이시장,전통시장,서울특별시,1.0,0.0,,,P2_GRADED_ONLY,True,,,,,
4fe6b2f407a09edbe975,val,야채,T4 구어·문장,q_야채_09,야채 파는 곳,식료품 중 '야채'를 판매·제공하는 매장,cca58370-ec22-4be6-8ceb-a1c4d990af36,하늘 야채,야채,작전시장,전통시장,인천광역시,3.0,3.0,,,RESOLVED_AGREEMENT,False,3,,,,
2aae1b1ee84ddeb0c057,val,야채,T4 구어·문장,q_야채_09,야채 파는 곳,식료품 중 '야채'를 판매·제공하는 매장,0042e83d-930b-4d1d-a96f-f1a2691256cd,성화상회,과일,대구능금시장,전통시장,대구광역시,1.0,2.0,,,P1_BINARY_THRESHOLD,True,,,,,
562364b6695234157fc2,val,야채,T4 구어·문장,q_야채_09,야채 파는 곳,식료품 중 '야채'를 판매·제공하는 매장,2086c1af-0aa9-4802-81b2-31b72760aaf8,고속야채,야채,서정리시장(서정시장),전통시장,경기도,3.0,3.0,,,RESOLVED_AGREEMENT,False,3,,,,
9bd3406312a499ae11a4,val,야채,T4 구어·문장,q_야채_09,야채 파는 곳,식료품 중 '야채'를 판매·제공하는 매장,53f0c82f-2be0-4282-9a47-bd949a09dae3,야채마을,야채,경주성동공설시장,전통시장,경상북도,3.0,3.0,,,RESOLVED_AGREEMENT,False,3,,,,
20a2637a6d1bfa6ea510,val,야채,T4 구어·문장,q_야채_09,야채 파는 곳,식료품 중 '야채'를 판매·제공하는 매장,0b8ef6dc-2f6b-4707-bd73-529122d9c97a,하단떡집,떡집,하단오일상설시장,전통시장,부산광역시,0.0,0.0,,,RESOLVED_AGREEMENT,False,0,,,,
d53efaf87b985e4f69eb,val,야채,T4 구어·문장,q_야채_09,야채 파는 곳,식료품 중 '야채'를 판매·제공하는 매장,65fce9a0-7e51-4c12-b7a2-f38a6359734a,금와농산,야채,마산어시장,전통시장,경상남도,3.0,3.0,,,RESOLVED_AGREEMENT,False,3,,,,
feaa119ac022acaf5d73,val,야채,T4 구어·문장,q_야채_09,야채 파는 곳,식료품 중 '야채'를 판매·제공하는 매장,c6fb138b-4b0a-4ca6-b7f1-5ddfd1906b2b,초록야채,야채,말바우우산 골목형상점가,골목형상점가,광주광역시,3.0,3.0,,,RESOLVED_AGREEMENT,False,3,,,,
d5d290959b41af612e7a,val,야채,T4 구어·문장,q_야채_09,야채 파는 곳,식료품 중 '야채'를 판매·제공하는 매장,000a244a-1e28-40b7-8d55-d5b1055f12d2,진해상회,채소,마산어시장,전통시장,경상남도,3.0,3.0,,,RESOLVED_AGREEMENT,False,3,,,,
5cbaca5fc65eec9aec6d,val,야채,T4 구어·문장,q_야채_09,야채 파는 곳,식료품 중 '야채'를 판매·제공하는 매장,bb95da55-092b-4528-b9df-ce1b8b548646,야채사랑,야채,춘천풍물시장,전통시장,강원특별자치도,3.0,3.0,,,RESOLVED_AGREEMENT,False,3,,,,
4a93425003c787178bca,val,야채,T4 구어·문장,q_야채_09,야채 파는 곳,식료품 중 '야채'를 판매·제공하는 매장,0533a201-3b07-4029-8158-c4d2ad17c7bf,텃밭쌈밥,쌈밥,역전시장,전통시장,충청남도,0.0,0.0,,,RESOLVED_AGREEMENT,False,0,,,,
c4a462957bc87784c483,val,야채,T4 구어·문장,q_야채_09,야채 파는 곳,식료품 중 '야채'를 판매·제공하는 매장,014072fb-b412-4fb3-a663-31dbf80e44a6,매일상회,"야채, 과일",고산미소시장(고산시장),전통시장,전북특별자치도,3.0,3.0,,,RESOLVED_AGREEMENT,False,3,,,,
c462b887c4ea1d7669c6,val,야채,T4 구어·문장,q_야채_09,야채 파는 곳,식료품 중 '야채'를 판매·제공하는 매장,1cc31f70-4db9-4cac-bde3-d77a405f7d88,현욱상회,야채,부산새벽시장,전통시장,부산광역시,3.0,3.0,,,RESOLVED_AGREEMENT,False,3,,,,
6ccfde9f80f152596b49,val,야채,T4 구어·문장,q_야채_09,야채 파는 곳,식료품 중 '야채'를 판매·제공하는 매장,63feeb2f-7422-46de-a1bb-05a8ebce3280,궁중야채,야채,복대가경시장,전통시장,충청북도,3.0,3.0,,,RESOLVED_AGREEMENT,False,3,,,,
f372441cd18880f2e03a,val,야채,T4 구어·문장,q_야채_09,야채 파는 곳,식료품 중 '야채'를 판매·제공하는 매장,56db4778-14ee-4046-a171-821fc0e3f8ce,산수쌈밥,쌈밥,전남여고후문 골목형상점가,골목형상점가,광주광역시,0.0,0.0,,,RESOLVED_AGREEMENT,False,0,,,,
5db6e18deaa9389ac6e4,val,야채,T4 구어·문장,q_야채_09,야채 파는 곳,식료품 중 '야채'를 판매·제공하는 매장,cf5d0c45-d9f1-4aa2-80a7-7e2f603b9b62,산본 야채,야채,산본전통시장(구 군포산본시장),전통시장,경기도,3.0,3.0,,,RESOLVED_AGREEMENT,False,3,,,,
d46c5247f973ad6ecfc9,val,야채,T4 구어·문장,q_야채_09,야채 파는 곳,식료품 중 '야채'를 판매·제공하는 매장,01e96e25-dcb5-4957-bc59-05c27b1dae7a,샐러드밀,샐러드,오룡행복 골목형상점가,골목형상점가,전라남도,1.0,0.0,,,P2_GRADED_ONLY,True,,,,,
e1589442ab47906f204f,val,야채,T4 구어·문장,q_야채_09,야채 파는 곳,식료품 중 '야채'를 판매·제공하는 매장,b2a1c7bb-5eba-43a8-a574-bb6c0cab7fbf,임실야채,야채,임실시장,전통시장,전북특별자치도,3.0,3.0,,,RESOLVED_AGREEMENT,False,3,,,,
49dc64cfeadbb1a6c9e6,val,야채,T4 구어·문장,q_야채_09,야채 파는 곳,식료품 중 '야채'를 판매·제공하는 매장,acaccd9c-161b-4569-91d9-e232de3947d5,똘맹상회,야채,연무안심시장,전통시장,충청남도,3.0,3.0,,,RESOLVED_AGREEMENT,False,3,,,,
2bf0c6a4a18722470e14,val,야채,T4 구어·문장,q_야채_09,야채 파는 곳,식료품 중 '야채'를 판매·제공하는 매장,a2db608a-080c-4af6-b0ab-ac197595f3f8,보길야채,야채,방학동도깨비시장,전통시장,서울특별시,3.0,3.0,,,RESOLVED_AGREEMENT,False,3,,,,
7e7f73762894797fa47a,val,야채,T4 구어·문장,q_야채_09,야채 파는 곳,식료품 중 '야채'를 판매·제공하는 매장,76a3551b-dae4-4326-92cc-662015aedbfb,쉴 곳,한식,칠성로상점가,자율상권구역,제주특별자치도,0.0,0.0,,,RESOLVED_AGREEMENT,False,0,,,,
13fcd7cc371de7fa6f76,val,야채,T4 구어·문장,q_야채_09,야채 파는 곳,식료품 중 '야채'를 판매·제공하는 매장,000527f2-442a-4dd1-9bfc-8a8cd9fd5410,(유)뉴현대상회,농산물,가락몰골목형상점가,골목형상점가,서울특별시,3.0,3.0,,,RESOLVED_AGREEMENT,False,3,,,,
40a4e564d555ac508ae0,val,야채,T4 구어·문장,q_야채_09,야채 파는 곳,식료품 중 '야채'를 판매·제공하는 매장,00333be0-b70d-4197-aa97-5a277d61e0da,㈜신진후르츠,과일,부전농수산물새벽시장,전통시장,부산광역시,1.0,2.0,,,P1_BINARY_THRESHOLD,True,,,,,
d231f5b60d549ef2bdb2,val,야채,T4 구어·문장,q_야채_09,야채 파는 곳,식료품 중 '야채'를 판매·제공하는 매장,da71e095-4c27-4c82-9476-07eba3fbd54c,야채사랑,야채,삼각동 골목형상점가,골목형상점가,광주광역시,3.0,3.0,,,RESOLVED_AGREEMENT,False,3,,,,
63fa491a5078ae51c84a,val,야채,T4 구어·문장,q_야채_09,야채 파는 곳,식료품 중 '야채'를 판매·제공하는 매장,0622e5e4-d762-4378-aeb6-eb6148f9dec6,개도리김치,"김치, 채소, 건어물",나주목사고을시장,전통시장,,3.0,3.0,,,RESOLVED_AGREEMENT,False,3,,,,
d851e87f1896e52a422d,val,야채,T4 구어·문장,q_야채_09,야채 파는 곳,식료품 중 '야채'를 판매·제공하는 매장,4fbe6d32-fbc8-475b-b893-f2d07676c2d2,매일야채,야채,삼례시장,전통시장,전북특별자치도,3.0,3.0,,,RESOLVED_AGREEMENT,False,3,,,,
97fbbf753fd04903b1d4,val,야채,T4 구어·문장,q_야채_09,야채 파는 곳,식료품 중 '야채'를 판매·제공하는 매장,04c905ba-3172-4ea4-a6dd-4345d674dea0,덕순이네,제조업(떡집),장터길 골목형상점가,골목형상점가,경기도,0.0,0.0,,,RESOLVED_AGREEMENT,False,0,,,,
35c00f621bd9affd12b9,val,야채,T4 구어·문장,q_야채_09,야채 파는 곳,식료품 중 '야채'를 판매·제공하는 매장,2743811c-5e71-4d2b-aa75-1b0147d44f2d,사우 꽃이 피는 곳,꽃,김포 풍년마을 골목형상점가,골목형상점가,경기도,0.0,0.0,,,RESOLVED_AGREEMENT,False,0,,,,
1baed6b70424604a7558,val,야채,T4 구어·문장,q_야채_09,야채 파는 곳,식료품 중 '야채'를 판매·제공하는 매장,a22e3618-fa0d-4fe5-ba30-eddbc2082903,초록야채,야채,청주육거리종합시장,전통시장,충청북도,3.0,3.0,,,RESOLVED_AGREEMENT,False,3,,,,
b0599ba6422d00f69ac9,val,야채,T4 구어·문장,q_야채_09,야채 파는 곳,식료품 중 '야채'를 판매·제공하는 매장,009a3629-5dbc-47c2-adea-b1f9bc2c083a,동해농수산,야채,방학동도깨비시장,전통시장,서울특별시,3.0,3.0,,,RESOLVED_AGREEMENT,False,3,,,,
9edc122c80534eedebb5,val,야채,T4 구어·문장,q_야채_09,야채 파는 곳,식료품 중 '야채'를 판매·제공하는 매장,6702c44f-743f-4a82-a486-762c643027a2,야채파는 총각,농산물,구리전통시장,전통시장,경기도,3.0,3.0,,,RESOLVED_AGREEMENT,False,3,,,,
84d340a9c3a123f3de42,val,야채,T4 구어·문장,q_야채_09,야채 파는 곳,식료품 중 '야채'를 판매·제공하는 매장,43c03e36-c146-4944-bcd4-879bc435fad2,도온쌈,쌈밥,남이동길골목형상점가,골목형상점가,서울특별시,0.0,0.0,,,RESOLVED_AGREEMENT,False,0,,,,
cd974dc32297ccdd1df5,val,야채,T4 구어·문장,q_야채_09,야채 파는 곳,식료품 중 '야채'를 판매·제공하는 매장,f3539f44-25e6-4272-9151-40710d2a1e81,황가네 야채,야채,서부시장(서부재래시장),전통시장,충청남도,3.0,3.0,,,RESOLVED_AGREEMENT,False,3,,,,
9c912bf9cc77751075e0,val,야채,T4 구어·문장,q_야채_09,야채 파는 곳,식료품 중 '야채'를 판매·제공하는 매장,22a6644e-8fca-47a3-a0c8-ad1d9d02945e,바다수산,수산물,목포종합수산시장,전통시장,전라남도,0.0,0.0,,,RESOLVED_AGREEMENT,False,0,,,,
5d6a232a58cd19e45ce5,val,야채,T4 구어·문장,q_야채_09,야채 파는 곳,식료품 중 '야채'를 판매·제공하는 매장,9f85e318-f624-4193-acfd-410b0501d269,남해야채,야채,남천해변시장,전통시장,부산광역시,3.0,3.0,,,RESOLVED_AGREEMENT,False,3,,,,
dbaab23f01ffd29f38d7,val,야채,T4 구어·문장,q_야채_09,야채 파는 곳,식료품 중 '야채'를 판매·제공하는 매장,09f5bb3f-dfa0-4037-b9d8-8355f7a5e900,명숙야채,야채,만수시장,전통시장,인천광역시,3.0,3.0,,,RESOLVED_AGREEMENT,False,3,,,,
9e07091cd0bb23d38396,val,야채,T4 구어·문장,q_야채_09,야채 파는 곳,식료품 중 '야채'를 판매·제공하는 매장,b2744507-c9a4-47d9-a876-b769daa6a807,대륙야채,야채,남천해변시장,전통시장,부산광역시,3.0,3.0,,,RESOLVED_AGREEMENT,False,3,,,,
9084b034bd93ea07e944,val,야채,T4 구어·문장,q_야채_09,야채 파는 곳,식료품 중 '야채'를 판매·제공하는 매장,48b57ee9-4554-458f-bd4c-57f572e9d549,노퉁궈,야채,첨단2동 골목형상점가,골목형상점가,광주광역시,3.0,3.0,,,RESOLVED_AGREEMENT,False,3,,,,
e6e3be03c9dac2187e96,val,야채,T4 구어·문장,q_야채_09,야채 파는 곳,식료품 중 '야채'를 판매·제공하는 매장,00468e6b-39c6-4ce1-a534-a6b1eecac01d,태양농산물,과일,정릉서경대길골목형상점가(정릉골),골목형상점가,서울특별시,2.0,3.0,,,P2_GRADED_ONLY,True,,,,,
85dcfab0f971fb66841e,val,야채,T4 구어·문장,q_야채_09,야채 파는 곳,식료품 중 '야채'를 판매·제공하는 매장,006204f3-b214-4611-a434-f896bf75e919,장터사랑,과일,농성세대공감상인회 골목형상점가,골목형상점가,광주광역시,1.0,2.0,,,P1_BINARY_THRESHOLD,True,,,,,
29488362f680cccc2b6a,val,야채,T4 구어·문장,q_야채_09,야채 파는 곳,식료품 중 '야채'를 판매·제공하는 매장,71597a32-a3cc-4c9b-86e4-dcc3b07aea6f,한겨레약국,의약품 건강기능식품 의약외품 의료기기,운암북문대로 골목형상점가,골목형상점가,광주광역시,1.0,0.0,,,P2_GRADED_ONLY,True,,,,,
a92b803aa9734796973c,val,야채,T4 구어·문장,q_야채_09,야채 파는 곳,식료품 중 '야채'를 판매·제공하는 매장,38d33dd0-da61-4784-bac4-f0d8ecbe6d79,야채천국,야채,길동복조리시장,전통시장,서울특별시,3.0,3.0,,,RESOLVED_AGREEMENT,False,3,,,,
d08144ed6e1c1370a533,val,야채,T4 구어·문장,q_야채_09,야채 파는 곳,식료품 중 '야채'를 판매·제공하는 매장,016f8113-22a7-4ef1-a80f-0562dd2a06e9,동이식품,"식품, 농산물",중앙신시장,전통시장,경상북도,3.0,3.0,,,RESOLVED_AGREEMENT,False,3,,,,
5a3c74de012c354b5251,val,야채,T4 구어·문장,q_야채_09,야채 파는 곳,식료품 중 '야채'를 판매·제공하는 매장,363ad0aa-7584-4edd-b47d-cfed0d30ce5c,수야채,야채,가좌시장,전통시장,인천광역시,3.0,3.0,,,RESOLVED_AGREEMENT,False,3,,,,
c0a519ccc7a5b7816135,val,야채,T4 구어·문장,q_야채_09,야채 파는 곳,식료품 중 '야채'를 판매·제공하는 매장,be4c0bac-f951-49fa-8542-33d90e41eb53,후포시장수산,수산물,울진후포시장,전통시장,경상북도,0.0,0.0,,,RESOLVED_AGREEMENT,False,0,,,,
dc91a881a2aec3fca7e6,val,야채,T4 구어·문장,q_야채_09,야채 파는 곳,식료품 중 '야채'를 판매·제공하는 매장,fe52fb03-047f-436d-acea-dc4aabb5a7ee,알짜배기농수산,농산물,서귀포매일올레시장,전통시장,제주특별자치도,3.0,3.0,,,RESOLVED_AGREEMENT,False,3,,,,
58ced3d2e82eba59d9d2,val,야채,T4 구어·문장,q_야채_09,야채 파는 곳,식료품 중 '야채'를 판매·제공하는 매장,01f160fc-531c-4191-aa22-453462e0f38a,천년,김치,오정동상점가,자율상권구역,대전광역시,1.0,0.0,,,P2_GRADED_ONLY,True,,,,,
255548ba47f7a58510b3,val,야채,T4 구어·문장,q_야채_09,야채 파는 곳,식료품 중 '야채'를 판매·제공하는 매장,c111ac9d-3f3a-405c-a8db-4d127ccda9e2,행복이 있는 곳,잡화,제주로얄쇼핑센터,자율상권구역,제주특별자치도,0.0,0.0,,,RESOLVED_AGREEMENT,False,0,,,,
e493176c9bee63968b88,val,야채,T4 구어·문장,q_야채_10,채소 사는 데,식료품 중 '야채'를 판매·제공하는 매장,98cebc98-8d67-4b55-bf6d-60919650d41a,정미채소,채소,정읍샘고을시장,전통시장,전북특별자치도,3.0,3.0,,,RESOLVED_AGREEMENT,False,3,,,,
8ea5a81dd4a3fffe7a67,val,야채,T4 구어·문장,q_야채_10,채소 사는 데,식료품 중 '야채'를 판매·제공하는 매장,00e92856-b294-4032-8540-d60e9817f2d8,럭키약국,"의약품, 건강기능식품, 식품",충무로골목형상점가,골목형상점가,서울특별시,1.0,0.0,,,P2_GRADED_ONLY,True,,,,,
42138e49743def81faaa,val,야채,T4 구어·문장,q_야채_10,채소 사는 데,식료품 중 '야채'를 판매·제공하는 매장,00333be0-b70d-4197-aa97-5a277d61e0da,㈜신진후르츠,과일,부전농수산물새벽시장,전통시장,부산광역시,1.0,2.0,,,P1_BINARY_THRESHOLD,True,,,,,
c777f9fb0b1deca666c7,val,야채,T4 구어·문장,q_야채_10,채소 사는 데,식료품 중 '야채'를 판매·제공하는 매장,01f160fc-531c-4191-aa22-453462e0f38a,천년,김치,오정동상점가,자율상권구역,대전광역시,1.0,0.0,,,P2_GRADED_ONLY,True,,,,,
87b5c24bd6208fc93123,val,야채,T4 구어·문장,q_야채_10,채소 사는 데,식료품 중 '야채'를 판매·제공하는 매장,ffb719ec-fc80-4057-be58-9b942abc4e2e,금산수삼센타75호,수삼,금산수삼센터,전통시장,충청남도,0.0,0.0,,,RESOLVED_AGREEMENT,False,0,,,,
24e9971128661a8ac8c2,val,야채,T4 구어·문장,q_야채_10,채소 사는 데,식료품 중 '야채'를 판매·제공하는 매장,00468e6b-39c6-4ce1-a534-a6b1eecac01d,태양농산물,과일,정릉서경대길골목형상점가(정릉골),골목형상점가,서울특별시,2.0,3.0,,,P2_GRADED_ONLY,True,,,,,
c66418b61787b268d972,val,야채,T4 구어·문장,q_야채_10,채소 사는 데,식료품 중 '야채'를 판매·제공하는 매장,8c66ee33-f10b-458a-bf68-f345576fb68c,의성채소,채소,의성공설전통시장(의성읍정기시장),전통시장,경상북도,3.0,3.0,,,RESOLVED_AGREEMENT,False,3,,,,
e5612e9043d0ac2d4ecc,val,야채,T4 구어·문장,q_야채_10,채소 사는 데,식료품 중 '야채'를 판매·제공하는 매장,edb50940-6320-4d5c-9e83-ceae4f1e967f,삼산나범노지채소,채소,해남매일시장,전통시장,전라남도,3.0,3.0,,,RESOLVED_AGREEMENT,False,3,,,,
96fcaec50298661ae253,val,야채,T4 구어·문장,q_야채_10,채소 사는 데,식료품 중 '야채'를 판매·제공하는 매장,aaf9d1eb-4cb7-4e16-88f5-d2b91bf480ae,관포선어,채소,거제 고현시장,전통시장,경상남도,3.0,3.0,,,RESOLVED_AGREEMENT,False,3,,,,
6e272fedd4a2273dcc39,val,야채,T4 구어·문장,q_야채_10,채소 사는 데,식료품 중 '야채'를 판매·제공하는 매장,5bc3d4b3-d1b8-4f90-8afe-cfec5dc14045,만물채소,채소,연일골목시장상점가,자율상권구역,부산광역시,3.0,3.0,,,RESOLVED_AGREEMENT,False,3,,,,
95f6b41a3236abce18a2,val,야채,T4 구어·문장,q_야채_10,채소 사는 데,식료품 중 '야채'를 판매·제공하는 매장,818419b2-9ff4-49f6-ae74-cfe3d1197d81,상남채소,채소,창원 상남시장,전통시장,경상남도,3.0,3.0,,,RESOLVED_AGREEMENT,False,3,,,,
fa1be113eeb1b93f176a,val,야채,T4 구어·문장,q_야채_10,채소 사는 데,식료품 중 '야채'를 판매·제공하는 매장,f222dbb3-49aa-4dec-b823-b1b1f3e54d75,알뜰상회,건어물,금남시장,전통시장,서울특별시,0.0,2.0,,,P1_BINARY_THRESHOLD,True,,,,,
84a95e41cab7d7472a1f,val,야채,T4 구어·문장,q_야채_10,채소 사는 데,식료품 중 '야채'를 판매·제공하는 매장,014b06bd-3fa3-4cde-b459-e62ca64c33aa,조은식품,채소,하양꿈바우시장,전통시장,경상북도,3.0,3.0,,,RESOLVED_AGREEMENT,False,3,,,,
4225223facbd53d09e7f,val,야채,T4 구어·문장,q_야채_10,채소 사는 데,식료품 중 '야채'를 판매·제공하는 매장,77728fb7-88a3-4af7-b429-12276e358a94,고향야채,채소,중리시장,전통시장,대전광역시,3.0,3.0,,,RESOLVED_AGREEMENT,False,3,,,,
1fefe92055aba72e5e0c,val,야채,T4 구어·문장,q_야채_10,채소 사는 데,식료품 중 '야채'를 판매·제공하는 매장,29e43063-7953-4c44-91ca-a9a49e4d3010,대응상회,채소,중앙신시장,전통시장,경상북도,3.0,3.0,,,RESOLVED_AGREEMENT,False,3,,,,
e67aa8c4302b813ec47f,val,야채,T4 구어·문장,q_야채_10,채소 사는 데,식료품 중 '야채'를 판매·제공하는 매장,1700e86c-7b01-47e8-9e50-7cc1cf92940f,뿌리채소,채소,좌동재래시장,전통시장,부산광역시,3.0,3.0,,,RESOLVED_AGREEMENT,False,3,,,,
57616c27132e85a381f8,val,야채,T4 구어·문장,q_야채_10,채소 사는 데,식료품 중 '야채'를 판매·제공하는 매장,00534c22-4465-442e-95db-66dd08f99320,삼원상회,채소,칠성시장,전통시장,대구광역시,3.0,3.0,,,RESOLVED_AGREEMENT,False,3,,,,
3613cf65af4e977c9962,val,야채,T4 구어·문장,q_야채_10,채소 사는 데,식료품 중 '야채'를 판매·제공하는 매장,fc4ad331-9517-4c55-b6c3-98e65a9b36e8,신선채소,채소,김제중앙시장,전통시장,전북특별자치도,3.0,3.0,,,RESOLVED_AGREEMENT,False,3,,,,
455f9ee0c9b90f16a4d9,val,야채,T4 구어·문장,q_야채_10,채소 사는 데,식료품 중 '야채'를 판매·제공하는 매장,0622e5e4-d762-4378-aeb6-eb6148f9dec6,개도리김치,"김치, 채소, 건어물",나주목사고을시장,전통시장,,3.0,3.0,,,RESOLVED_AGREEMENT,False,3,,,,
94337abe086ede9b0b10,val,야채,T4 구어·문장,q_야채_10,채소 사는 데,식료품 중 '야채'를 판매·제공하는 매장,a67ec970-f6ac-4314-832a-4ad66d5057d7,퇴촌,채소,청량리농수산물시장,전통시장,서울특별시,3.0,3.0,,,RESOLVED_AGREEMENT,False,3,,,,
4f173f8741fe71fab775,val,야채,T4 구어·문장,q_야채_10,채소 사는 데,식료품 중 '야채'를 판매·제공하는 매장,b78dda6f-90f1-4cbe-8341-58fe3462ffb4,합천채소,채소,성서와룡시장,전통시장,대구광역시,3.0,3.0,,,RESOLVED_AGREEMENT,False,3,,,,
65e118774ac41ea29fc9,val,야채,T4 구어·문장,q_야채_10,채소 사는 데,식료품 중 '야채'를 판매·제공하는 매장,3ed38013-1009-4b72-ba3f-b10030148289,큰밭상회,채소,팔달신시장,전통시장,대구광역시,3.0,3.0,,,RESOLVED_AGREEMENT,False,3,,,,
4df5c4bc11c58c8f9b49,val,야채,T4 구어·문장,q_야채_10,채소 사는 데,식료품 중 '야채'를 판매·제공하는 매장,063d7960-6be9-4765-b6a3-ad8b0bbe656f,원이채소,채소,남항시장,전통시장,부산광역시,3.0,3.0,,,RESOLVED_AGREEMENT,False,3,,,,
af82ae0976514f2eccdb,val,야채,T4 구어·문장,q_야채_10,채소 사는 데,식료품 중 '야채'를 판매·제공하는 매장,06f191fb-14b4-4d51-8efb-39d44343f1a7,유한회사 바르메이드,샐러드,상무시청상인회 골목형상점가,골목형상점가,광주광역시,1.0,0.0,,,P2_GRADED_ONLY,True,,,,,
fc50850cfb09929822bf,val,야채,T4 구어·문장,q_야채_10,채소 사는 데,식료품 중 '야채'를 판매·제공하는 매장,0042e83d-930b-4d1d-a96f-f1a2691256cd,성화상회,과일,대구능금시장,전통시장,대구광역시,1.0,2.0,,,P1_BINARY_THRESHOLD,True,,,,,
110a1ea76598a6764481,val,야채,T4 구어·문장,q_야채_10,채소 사는 데,식료품 중 '야채'를 판매·제공하는 매장,83cd06b0-592a-4e4f-b484-e1f030c92cca,재필상회,채소,남천해변시장,전통시장,부산광역시,3.0,3.0,,,RESOLVED_AGREEMENT,False,3,,,,
ac311c52779e548d6588,val,야채,T4 구어·문장,q_야채_10,채소 사는 데,식료품 중 '야채'를 판매·제공하는 매장,2cfe44c9-9d8a-4ecd-bbde-e6da2ad1fcc7,일꾼상회,채소,팔달신시장,전통시장,대구광역시,3.0,3.0,,,RESOLVED_AGREEMENT,False,3,,,,
b7795d0d748fec087106,val,야채,T4 구어·문장,q_야채_10,채소 사는 데,식료품 중 '야채'를 판매·제공하는 매장,05530d0f-82ed-47a1-8015-32b6c30e3752,진수산삼다식품,"젓갈류, 김치, 수산물",동문재래시장,전통시장,제주특별자치도,1.0,0.0,,,P2_GRADED_ONLY,True,,,,,
0068e63f86590019d91b,val,야채,T4 구어·문장,q_야채_10,채소 사는 데,식료품 중 '야채'를 판매·제공하는 매장,cf6c7a39-a366-488a-86a9-50052bb87e00,민호채소,채소,일산서문상점가,자율상권구역,경기도,3.0,3.0,,,RESOLVED_AGREEMENT,False,3,,,,
5421ba1bf85905c630a7,val,야채,T4 구어·문장,q_야채_10,채소 사는 데,식료품 중 '야채'를 판매·제공하는 매장,008d1ed4-a5d7-492e-9959-f8307a68cc5f,샐러드 정원,"샐러드, 샌드위치",미성동도깨비시장,골목형상점가,서울특별시,1.0,0.0,,,P2_GRADED_ONLY,True,,,,,
b2ccd9261e10c6696027,val,야채,T4 구어·문장,q_야채_10,채소 사는 데,식료품 중 '야채'를 판매·제공하는 매장,0097b3e2-b5cf-4050-b719-c9d7738067c0,시흥상회,"소매(야채,과일)",광명전통시장,전통시장,경기도,3.0,3.0,,,RESOLVED_AGREEMENT,False,3,,,,
a896c00d80016e6fb4c5,val,야채,T4 구어·문장,q_야채_10,채소 사는 데,식료품 중 '야채'를 판매·제공하는 매장,006204f3-b214-4611-a434-f896bf75e919,장터사랑,과일,농성세대공감상인회 골목형상점가,골목형상점가,광주광역시,1.0,2.0,,,P1_BINARY_THRESHOLD,True,,,,,
50ca9a09a1a1f1b85bd2,val,야채,T4 구어·문장,q_야채_10,채소 사는 데,식료품 중 '야채'를 판매·제공하는 매장,dc572f17-a00a-4655-80a9-3e446314964e,염주골채소,채소,염주먹자골목A구역상인회 골목형상점가,골목형상점가,광주광역시,3.0,3.0,,,RESOLVED_AGREEMENT,False,3,,,,
a4bdf1df1761dcbe2ec2,val,야채,T4 구어·문장,q_야채_10,채소 사는 데,식료품 중 '야채'를 판매·제공하는 매장,01e96e25-dcb5-4957-bc59-05c27b1dae7a,샐러드밀,샐러드,오룡행복 골목형상점가,골목형상점가,전라남도,1.0,0.0,,,P2_GRADED_ONLY,True,,,,,
1508ebc276dc24ba757f,val,야채,T4 구어·문장,q_야채_10,채소 사는 데,식료품 중 '야채'를 판매·제공하는 매장,cfc7c59c-632d-4a52-9b7d-d9ce8e221744,반찬드림,한식반찬,고창전통시장,전통시장,전북특별자치도,0.0,1.0,,,P2_GRADED_ONLY,True,,,,,
775ef83d58acb7639392,val,야채,T4 구어·문장,q_야채_10,채소 사는 데,식료품 중 '야채'를 판매·제공하는 매장,8ed01334-cf1c-43c1-b604-6a0181eb2eaa,한일채소,채소,김해 삼방전통시장,전통시장,경상남도,3.0,3.0,,,RESOLVED_AGREEMENT,False,3,,,,
647a415a7563e5d57ba1,val,야채,T4 구어·문장,q_야채_10,채소 사는 데,식료품 중 '야채'를 판매·제공하는 매장,340131e4-e488-467c-93a1-c2c1a38c97fc,기철야채,채소,서정리시장(서정시장),전통시장,경기도,3.0,3.0,,,RESOLVED_AGREEMENT,False,3,,,,
a1da6c4822bfca2601c5,val,야채,T4 구어·문장,q_야채_10,채소 사는 데,식료품 중 '야채'를 판매·제공하는 매장,2e0ee82e-49e9-4f29-84a0-8822bc63781f,후니metal,공예품,빛고을공예창작촌 골목형상점가,골목형상점가,광주광역시,0.0,0.0,,,RESOLVED_AGREEMENT,False,0,,,,
fd3043d0c7c1df3c1ecd,val,야채,T4 구어·문장,q_야채_10,채소 사는 데,식료품 중 '야채'를 판매·제공하는 매장,888c448d-238d-4979-abc2-7e881ff6c69c,논공농산,채소,관문상가시장,전통시장,대구광역시,3.0,3.0,,,RESOLVED_AGREEMENT,False,3,,,,
5781b319a70f6b58d613,val,야채,T4 구어·문장,q_야채_10,채소 사는 데,식료품 중 '야채'를 판매·제공하는 매장,e0560cb9-a35a-4aab-8ed1-58cc62aff5b8,아픈사과전주아이폰수리점,통신기기수리,전주원도심 골목형상점가,골목형상점가,전북특별자치도,0.0,0.0,,,RESOLVED_AGREEMENT,False,0,,,,
bbff83df1664c2e0002d,val,야채,T4 구어·문장,q_야채_10,채소 사는 데,식료품 중 '야채'를 판매·제공하는 매장,f0eb8b35-0121-430d-8331-d318c13cc957,조은채소,채소,중리시장,전통시장,대전광역시,3.0,3.0,,,RESOLVED_AGREEMENT,False,3,,,,
918bf1e668e8ed5ffcbc,val,야채,T4 구어·문장,q_야채_10,채소 사는 데,식료품 중 '야채'를 판매·제공하는 매장,000a244a-1e28-40b7-8d55-d5b1055f12d2,진해상회,채소,마산어시장,전통시장,경상남도,3.0,3.0,,,RESOLVED_AGREEMENT,False,3,,,,
aa30496bc44c26b0082b,val,야채,T4 구어·문장,q_야채_10,채소 사는 데,식료품 중 '야채'를 판매·제공하는 매장,cac8c80b-14e1-4f0e-b478-3337738723d2,점둘상회,채소,충무동 새벽시장,전통시장,부산광역시,3.0,3.0,,,RESOLVED_AGREEMENT,False,3,,,,
3e2c20d528611f91fc5d,val,야채,T4 구어·문장,q_야채_10,채소 사는 데,식료품 중 '야채'를 판매·제공하는 매장,19f80ad5-7c10-4c16-bff4-8218962d912e,공주집,"채소.야채, 채소",대명여울빛거리시장,전통시장,서울특별시,3.0,3.0,,,RESOLVED_AGREEMENT,False,3,,,,
cb9b05186f6ddecafe56,val,야채,T4 구어·문장,q_야채_10,채소 사는 데,식료품 중 '야채'를 판매·제공하는 매장,4ae109c5-4387-4a0e-b0b9-7f8ab830e3b2,우리채소,채소,논산화지중앙시장,전통시장,충청남도,3.0,3.0,,,RESOLVED_AGREEMENT,False,3,,,,
fbe1aeee0bc339517908,val,야채,T4 구어·문장,q_야채_10,채소 사는 데,식료품 중 '야채'를 판매·제공하는 매장,a1283b81-ade9-47ab-8235-28bfa73cdec6,오씨채소,채소,남항시장,전통시장,부산광역시,3.0,3.0,,,RESOLVED_AGREEMENT,False,3,,,,
35693f4dd492ca99ca85,val,야채,T4 구어·문장,q_야채_10,채소 사는 데,식료품 중 '야채'를 판매·제공하는 매장,0533a201-3b07-4029-8158-c4d2ad17c7bf,텃밭쌈밥,쌈밥,역전시장,전통시장,충청남도,0.0,0.0,,,RESOLVED_AGREEMENT,False,0,,,,
04b7d5c4074d5b11350c,val,야채,T4 구어·문장,q_야채_10,채소 사는 데,식료품 중 '야채'를 판매·제공하는 매장,f17cb0af-297f-419e-86db-a1dca61eaab8,민혁채소,채소,나주목사고을시장,전통시장,전라남도,3.0,3.0,,,RESOLVED_AGREEMENT,False,3,,,,
0fea6a495fe5282dcd97,val,야채,T4 구어·문장,q_야채_10,채소 사는 데,식료품 중 '야채'를 판매·제공하는 매장,00c56499-bc90-4ed6-bb66-3802cc762889,의령상회,채소,부전상가시장,전통시장,부산광역시,3.0,3.0,,,RESOLVED_AGREEMENT,False,3,,,,
228feb5c8d14581f250b,val,야채,T4 구어·문장,q_야채_10,채소 사는 데,식료품 중 '야채'를 판매·제공하는 매장,00947369-dfd0-4074-b22e-c8b430a98a70,에스.에이.팜(S.A.farm),"표고버섯및농산물, 잡화, 통신판매",무주반딧불상권활성화구역,상권활성화구역,전북특별자치도,3.0,3.0,,,RESOLVED_AGREEMENT,False,3,,,,
10b8bea65d235c427b0a,val,야채,T4 구어·문장,q_야채_10,채소 사는 데,식료품 중 '야채'를 판매·제공하는 매장,e48fffdc-2fbb-4ba3-81ad-3f22a12db17e,아시아채소,채소,비아5일시장,전통시장,광주광역시,3.0,3.0,,,RESOLVED_AGREEMENT,False,3,,,,
1d6d914c165ea9f6b4d0,val,야채,T4 구어·문장,q_야채_10,채소 사는 데,식료품 중 '야채'를 판매·제공하는 매장,9fd9596c-8ce9-44f2-9918-a2f15fd4465c,순애 과일 채소,"과일, 채소",연동골목시장,자율상권구역,부산광역시,3.0,3.0,,,RESOLVED_AGREEMENT,False,3,,,,
31a6021f29f1bc22faa2,val,야채,T4 구어·문장,q_야채_10,채소 사는 데,식료품 중 '야채'를 판매·제공하는 매장,c883ef04-5b3c-4f62-b75f-b5cdbcf53fff,전국,채소,서산시장길 골목형상점가,골목형상점가,충청남도,3.0,3.0,,,RESOLVED_AGREEMENT,False,3,,,,
d5c9598346bf1ceef2f0,val,야채,T4 구어·문장,q_야채_10,채소 사는 데,식료품 중 '야채'를 판매·제공하는 매장,cb85d4c6-1179-419e-833a-a803adff67ee,다름이네 채소,채소,우장산역 골목형상점가,골목형상점가,서울특별시,3.0,3.0,,,RESOLVED_AGREEMENT,False,3,,,,
dc0ced75fb22df9a3fd0,val,야채,T4 구어·문장,q_야채_10,채소 사는 데,식료품 중 '야채'를 판매·제공하는 매장,d1ae37a7-f14f-4ee7-a867-00daf67c85b7,사석채소,채소,운수대통!생거진천전통시장,전통시장,충청북도,3.0,3.0,,,RESOLVED_AGREEMENT,False,3,,,,
9f7b3040adc781c0ff4b,val,야채,T4 구어·문장,q_야채_10,채소 사는 데,식료품 중 '야채'를 판매·제공하는 매장,a50d9588-45fd-4e3c-8f9c-22121b7280af,왜관채소,채소,지산목련시장(구 지산종합시장),전통시장,대구광역시,3.0,3.0,,,RESOLVED_AGREEMENT,False,3,,,,
fc363815b3b757a3088c,val,야채,T4 구어·문장,q_야채_10,채소 사는 데,식료품 중 '야채'를 판매·제공하는 매장,1d0d828a-3ee4-4945-b3ce-9a54efea4289,이푸른채소,채소,해평시장,전통시장,경상북도,3.0,3.0,,,RESOLVED_AGREEMENT,False,3,,,,
78e3f304aac5d4ec61e5,val,야채,T4 구어·문장,q_야채_10,채소 사는 데,식료품 중 '야채'를 판매·제공하는 매장,009be3cd-7c52-41e4-91fc-c377ddfa78c0,언양시장야채,야채,언양알프스시장,전통시장,울산광역시,3.0,3.0,,,RESOLVED_AGREEMENT,False,3,,,,
1bf93088df3d4e848e85,val,야채,T4 구어·문장,q_야채_10,채소 사는 데,식료품 중 '야채'를 판매·제공하는 매장,b1b1c759-5ecd-4c2a-a695-cc5800e6e584,여항식품,채소,마산어시장,전통시장,경상남도,3.0,3.0,,,RESOLVED_AGREEMENT,False,3,,,,
5153cf13192e90266e85,val,야채,T4 구어·문장,q_야채_10,채소 사는 데,식료품 중 '야채'를 판매·제공하는 매장,c27d4ca2-19a2-4fca-bbf5-24cf0e86e526,사포상회,채소,부산새벽시장,전통시장,부산광역시,3.0,3.0,,,RESOLVED_AGREEMENT,False,3,,,,
8e26fe5ca5f2c933a93a,val,야채,T4 구어·문장,q_야채_10,채소 사는 데,식료품 중 '야채'를 판매·제공하는 매장,8c414365-ef1d-4680-b6cd-de6d4856ce04,용우동,프랜차이즈,무주반딧불상권활성화구역,상권활성화구역,전북특별자치도,0.0,0.0,,,RESOLVED_AGREEMENT,False,0,,,,
e9fc4e2e6e5e2a1e90d6,val,야채,T4 구어·문장,q_야채_10,채소 사는 데,식료품 중 '야채'를 판매·제공하는 매장,43c03e36-c146-4944-bcd4-879bc435fad2,도온쌈,쌈밥,남이동길골목형상점가,골목형상점가,서울특별시,0.0,0.0,,,RESOLVED_AGREEMENT,False,0,,,,
a8a4135676e0fa718242,val,야채,T4 구어·문장,q_야채_10,채소 사는 데,식료품 중 '야채'를 판매·제공하는 매장,009a3629-5dbc-47c2-adea-b1f9bc2c083a,동해농수산,야채,방학동도깨비시장,전통시장,서울특별시,3.0,3.0,,,RESOLVED_AGREEMENT,False,3,,,,
f0c7a8b1298dd4c919eb,val,야채,T4 구어·문장,q_야채_10,채소 사는 데,식료품 중 '야채'를 판매·제공하는 매장,626b2844-909a-4790-a5c5-1fba13d5f009,싱싱한채소,채소,현풍백년도깨비시장,전통시장,대구광역시,3.0,3.0,,,RESOLVED_AGREEMENT,False,3,,,,
e4b973ef4f5a793651e5,val,야채,T4 구어·문장,q_야채_10,채소 사는 데,식료품 중 '야채'를 판매·제공하는 매장,dcd770eb-a73f-42e7-ab46-771f314bce93,창창야채,채소,평택통복시장,전통시장,경기도,3.0,3.0,,,RESOLVED_AGREEMENT,False,3,,,,
50f76838f4b484af915a,val,야채,T4 구어·문장,q_야채_10,채소 사는 데,식료품 중 '야채'를 판매·제공하는 매장,94638f05-9b77-4863-80e1-6277f5899822,중앙채소,채소,김제전통시장,전통시장,전북특별자치도,3.0,3.0,,,RESOLVED_AGREEMENT,False,3,,,,
18541f41d7b9ffb33971,val,야채,T4 구어·문장,q_야채_10,채소 사는 데,식료품 중 '야채'를 판매·제공하는 매장,008d4156-e489-4d1f-9205-b541972d35a8,과일왕,과일 잡화 야채 먹거리,연제동 골목형상점가,골목형상점가,광주광역시,3.0,3.0,,,RESOLVED_AGREEMENT,False,3,,,,
3bfccad51d8b83d514f5,val,야채,T4 구어·문장,q_야채_10,채소 사는 데,식료품 중 '야채'를 판매·제공하는 매장,0b8ef6dc-2f6b-4707-bd73-529122d9c97a,하단떡집,떡집,하단오일상설시장,전통시장,부산광역시,0.0,0.0,,,RESOLVED_AGREEMENT,False,0,,,,
42fe903a8a6a3524ccd3,val,야채,T4 구어·문장,q_야채_10,채소 사는 데,식료품 중 '야채'를 판매·제공하는 매장,1ca7b792-9350-4c78-88ce-80d12cf01a50,푸른뫼,채소,춘천풍물시장,전통시장,강원특별자치도,3.0,3.0,,,RESOLVED_AGREEMENT,False,3,,,,
bc87a3e3404d01a08515,val,야채,T4 구어·문장,q_야채_10,채소 사는 데,식료품 중 '야채'를 판매·제공하는 매장,cf37e640-c099-4140-abd3-f07ab9878881,사계절채소,채소,영천공설시장,전통시장,경상북도,3.0,3.0,,,RESOLVED_AGREEMENT,False,3,,,,
3783cd32ae69d763cc48,val,야채,T4 구어·문장,q_야채_10,채소 사는 데,식료품 중 '야채'를 판매·제공하는 매장,008b2657-018e-4d46-b0b0-a173aee3f37a,대원상회,농산물,대구능금시장,전통시장,대구광역시,3.0,3.0,,,RESOLVED_AGREEMENT,False,3,,,,
9ff55cc5768417137797,val,야채,T4 구어·문장,q_야채_10,채소 사는 데,식료품 중 '야채'를 판매·제공하는 매장,014fc673-2f3b-48cf-a134-d5aebb132435,동성상회,야채,동두천중앙시장,전통시장,경기도,3.0,3.0,,,RESOLVED_AGREEMENT,False,3,,,,
e6e3b71803e5fa295544,val,야채,T4 구어·문장,q_야채_10,채소 사는 데,식료품 중 '야채'를 판매·제공하는 매장,8157ab6c-d7a6-4465-9137-3650d0077d17,진양2호,생선,소래포구전통어시장,전통시장,인천광역시,0.0,0.0,,,RESOLVED_AGREEMENT,False,0,,,,
41bc3fd52121f226fd5b,val,야채,T4 구어·문장,q_야채_10,채소 사는 데,식료품 중 '야채'를 판매·제공하는 매장,00b6e321-5954-437c-b1d9-94fded29f67e,웰빙마트,식품,서남신시장,전통시장,대구광역시,1.0,1.0,,,RESOLVED_AGREEMENT,False,1,,,,
f230897d99b95a04e68d,val,야채,T4 구어·문장,q_야채_10,채소 사는 데,식료품 중 '야채'를 판매·제공하는 매장,01b4b567-78d4-4fa1-9bff-25fd01fb1a4c,소문난김치집,김치,중앙먹거리 상인회 골목형상점가,골목형상점가,전라남도,1.0,0.0,,,P2_GRADED_ONLY,True,,,,,
f7b21c65d7042c1f4a7e,val,야채,T4 구어·문장,q_야채_10,채소 사는 데,식료품 중 '야채'를 판매·제공하는 매장,00818eab-32ca-497e-ad5c-1c301a7ea4c9,13번상회,채소,마산 동마산시장,전통시장,경상남도,3.0,3.0,,,RESOLVED_AGREEMENT,False,3,,,,
1d11652f5f5e9177e37c,val,야채,T4 구어·문장,q_야채_10,채소 사는 데,식료품 중 '야채'를 판매·제공하는 매장,007fd232-3c16-44ff-be59-cf265f3775e9,동문상회,채소버섯,팔달신시장,전통시장,대구광역시,3.0,3.0,,,RESOLVED_AGREEMENT,False,3,,,,
9f2e5ae5507f1f71baa0,val,야채,T4 구어·문장,q_야채_10,채소 사는 데,식료품 중 '야채'를 판매·제공하는 매장,014072fb-b412-4fb3-a663-31dbf80e44a6,매일상회,"야채, 과일",고산미소시장(고산시장),전통시장,전북특별자치도,3.0,3.0,,,RESOLVED_AGREEMENT,False,3,,,,
afd17845e5726dc3d593,val,야채,T4 구어·문장,q_야채_10,채소 사는 데,식료품 중 '야채'를 판매·제공하는 매장,e8bf57f6-58c8-47b7-a999-eaf9afaa792d,정가네채소,채소,월배신시장,전통시장,대구광역시,3.0,3.0,,,RESOLVED_AGREEMENT,False,3,,,,
00f20e34aca4b3905df6,val,야채,T4 구어·문장,q_야채_10,채소 사는 데,식료품 중 '야채'를 판매·제공하는 매장,4051742c-2682-4127-9910-7c7df5577754,채소수산다있소,채소,수정전통시장,전통시장,부산광역시,3.0,3.0,,,RESOLVED_AGREEMENT,False,3,,,,
19814a1cab9fc336dc27,val,야채,T4 구어·문장,q_야채_10,채소 사는 데,식료품 중 '야채'를 판매·제공하는 매장,009f034c-8e3b-4a32-aab3-55ece8718004,장봐주는언니 임동점,농수축산물및 가공식품,제니스 골목형상점가,골목형상점가,광주광역시,1.0,0.0,,,P2_GRADED_ONLY,True,,,,,
aae22b5bc914bd2a2f9c,val,야채,T4 구어·문장,q_야채_10,채소 사는 데,식료품 중 '야채'를 판매·제공하는 매장,31515898-39ad-48c0-958a-50643dfe32ce,만물채소,채소,구서오시게시장,전통시장,부산광역시,3.0,3.0,,,RESOLVED_AGREEMENT,False,3,,,,
c03a709ad9cc3c3c7c72,val,야채,T4 구어·문장,q_야채_10,채소 사는 데,식료품 중 '야채'를 판매·제공하는 매장,00344d24-5aaa-4dc7-ba51-3c041c147576,고향뜰영농조합법인,농산물,양산 북부시장,전통시장,경상남도,3.0,3.0,,,RESOLVED_AGREEMENT,False,3,,,,
7fab8c82e018e63df31e,val,야채,T4 구어·문장,q_야채_10,채소 사는 데,식료품 중 '야채'를 판매·제공하는 매장,001cb3d4-5441-4963-b517-d5b3904ee312,현창떡집,떡집,목포동부시장,전통시장,전라남도,0.0,0.0,,,RESOLVED_AGREEMENT,False,0,,,,
babfc153163bccd8c38c,val,야채,T4 구어·문장,q_야채_10,채소 사는 데,식료품 중 '야채'를 판매·제공하는 매장,00b64830-f897-4643-a5fa-6d8950c2ef89,낭만상회,식품,문산자유시장,전통시장,경기도,1.0,0.0,,,P2_GRADED_ONLY,True,,,,,
ecf2c42f35ee57b92bc7,val,야채,T4 구어·문장,q_야채_10,채소 사는 데,식료품 중 '야채'를 판매·제공하는 매장,00891fcf-925f-4b76-bc26-179798787b48,정우상회,농산물,경동시장,전통시장,서울특별시,3.0,3.0,,,RESOLVED_AGREEMENT,False,3,,,,
fbfee699874550b76f1d,val,야채,T4 구어·문장,q_야채_10,채소 사는 데,식료품 중 '야채'를 판매·제공하는 매장,0045f871-6f40-4361-bcdd-2b94bf597287,무파장터,야채 청과물,신금정시장 골목형 상점가,골목형상점가,부산광역시,3.0,3.0,,,RESOLVED_AGREEMENT,False,3,,,,
78674cee955f6d52d646,val,야채,T4 구어·문장,q_야채_10,채소 사는 데,식료품 중 '야채'를 판매·제공하는 매장,8c1b26c5-2e9a-4232-8df9-aa0799d26db3,노베르디인하,미용업,인하문화의거리 골목형상점가,골목형상점가,인천광역시,0.0,0.0,,,RESOLVED_AGREEMENT,False,0,,,,
4190ed9a3d179d1f085d,val,야채,T4 구어·문장,q_야채_10,채소 사는 데,식료품 중 '야채'를 판매·제공하는 매장,f8a10401-ff1a-40ee-9067-281a1d4518d8,달전채소,채소,장량성도시장,전통시장,경상북도,3.0,3.0,,,RESOLVED_AGREEMENT,False,3,,,,
ce5b999fafcb5d3dfd74,val,야채,T4 구어·문장,q_야채_10,채소 사는 데,식료품 중 '야채'를 판매·제공하는 매장,015915e3-2542-4245-b627-0c775b4c5501,한내떡집,,거제 고현시장,전통시장,경상남도,0.0,0.0,,,RESOLVED_AGREEMENT,False,0,,,,
ab4156a54c52f30d433c,val,야채,T4 구어·문장,q_야채_10,채소 사는 데,식료품 중 '야채'를 판매·제공하는 매장,016f8113-22a7-4ef1-a80f-0562dd2a06e9,동이식품,"식품, 농산물",중앙신시장,전통시장,경상북도,3.0,3.0,,,RESOLVED_AGREEMENT,False,3,,,,
7fbf539344b777dc9ff0,val,야채,T4 구어·문장,q_야채_10,채소 사는 데,식료품 중 '야채'를 판매·제공하는 매장,0a47fa4a-19fd-4c00-841d-e16bd6a3c84a,싱싱채소,채소,합천왕후시장,전통시장,경상남도,3.0,3.0,,,RESOLVED_AGREEMENT,False,3,,,,
9989c3ac9087e6b531fe,val,야채,T4 구어·문장,q_야채_10,채소 사는 데,식료품 중 '야채'를 판매·제공하는 매장,53adebe3-6e2f-426a-b75b-a0eef4c32c11,석성상회,채소,안양남부시장,전통시장,경기도,3.0,3.0,,,RESOLVED_AGREEMENT,False,3,,,,
cfd20ba634a95855459f,val,야채,T4 구어·문장,q_야채_10,채소 사는 데,식료품 중 '야채'를 판매·제공하는 매장,c5e297ee-9dde-43ca-8d25-53aed83d978a,공주채소,채소,세종전통시장,전통시장,세종특별자치시,3.0,3.0,,,RESOLVED_AGREEMENT,False,3,,,,
e2d72bf2ae8f616ea402,val,야채,T4 구어·문장,q_야채_10,채소 사는 데,식료품 중 '야채'를 판매·제공하는 매장,062cfe37-7035-452a-9412-bc2d4c3a58f2,두리네채소,채소,전주모래내시장,전통시장,전북특별자치도,3.0,3.0,,,RESOLVED_AGREEMENT,False,3,,,,
c290f841c6330f8c2f4e,val,야채,T4 구어·문장,q_야채_10,채소 사는 데,식료품 중 '야채'를 판매·제공하는 매장,cca5db4d-01e3-45f8-9ea3-5265917beec5,이리채소,채소,익산북부시장,전통시장,전북특별자치도,3.0,3.0,,,RESOLVED_AGREEMENT,False,3,,,,
e66ab39e5c61ff414a52,val,야채,T4 구어·문장,q_야채_10,채소 사는 데,식료품 중 '야채'를 판매·제공하는 매장,545c6f7a-bb0e-4ebe-a9e4-40fccb81edc6,중앙채소,채소,논공중앙시장,전통시장,대구광역시,3.0,3.0,,,RESOLVED_AGREEMENT,False,3,,,,
8c623de5ad2a6f9271c6,val,야채,T4 구어·문장,q_야채_10,채소 사는 데,식료품 중 '야채'를 판매·제공하는 매장,000527f2-442a-4dd1-9bfc-8a8cd9fd5410,(유)뉴현대상회,농산물,가락몰골목형상점가,골목형상점가,서울특별시,3.0,3.0,,,RESOLVED_AGREEMENT,False,3,,,,
0c0df4b84b6ae3bfb7b5,val,야채,T4 구어·문장,q_야채_10,채소 사는 데,식료품 중 '야채'를 판매·제공하는 매장,56db4778-14ee-4046-a171-821fc0e3f8ce,산수쌈밥,쌈밥,전남여고후문 골목형상점가,골목형상점가,광주광역시,0.0,0.0,,,RESOLVED_AGREEMENT,False,0,,,,
7d8c2ef5c66c098636c8,val,야채,T4 구어·문장,q_야채_10,채소 사는 데,식료품 중 '야채'를 판매·제공하는 매장,15578c36-25cb-47c6-b623-02d015391845,서가네쌈밥,쌈밥,면곡시장 골목형상점가,골목형상점가,서울특별시,0.0,0.0,,,RESOLVED_AGREEMENT,False,0,,,,
056f008172738971f2ab,val,야채,T4 구어·문장,q_야채_10,채소 사는 데,식료품 중 '야채'를 판매·제공하는 매장,ba8da588-bc1b-4019-afeb-dce2a0347c19,채소나라,채소,정읍샘고을시장,전통시장,전북특별자치도,3.0,3.0,,,RESOLVED_AGREEMENT,False,3,,,,
895ba680cb54770a9af1,val,야채,T4 구어·문장,q_야채_10,채소 사는 데,식료품 중 '야채'를 판매·제공하는 매장,cb0c9232-ca19-47a1-bc4c-f0fc7c27e1fb,유림채소,채소,익산북부시장,전통시장,전북특별자치도,3.0,3.0,,,RESOLVED_AGREEMENT,False,3,,,,
7d6d48ad7404268d9746,val,야채,T4 구어·문장,q_야채_10,채소 사는 데,식료품 중 '야채'를 판매·제공하는 매장,6d1c0565-84e3-4504-969a-2e55246817f2,동건농산,채소,팔달신시장,전통시장,대구광역시,3.0,3.0,,,RESOLVED_AGREEMENT,False,3,,,,
f229838cc8007467558e,val,야채,T4 구어·문장,q_야채_10,채소 사는 데,식료품 중 '야채'를 판매·제공하는 매장,09e5fb7c-d0cc-4720-92df-5a5cece636c7,샐러리아 잠실본점,샐러드,방이시장,전통시장,서울특별시,1.0,0.0,,,P2_GRADED_ONLY,True,,,,,
705fe6c51dae4de9d481,val,야채,T4 구어·문장,q_야채_10,채소 사는 데,식료품 중 '야채'를 판매·제공하는 매장,005313c8-dce8-49b6-9841-9143ebb1305a,동원떡집,,박달시장,전통시장,경기도,0.0,0.0,,,RESOLVED_AGREEMENT,False,0,,,,
d1265bbccd1e6a78dfed,val,야채,T4 구어·문장,q_야채_10,채소 사는 데,식료품 중 '야채'를 판매·제공하는 매장,e007b87d-1c63-4958-91e1-24d453f10328,아해뜰채소,채소,목포청호시장,전통시장,,3.0,3.0,,,RESOLVED_AGREEMENT,False,3,,,,
296341797d147790ff72,val,야채,T4 구어·문장,q_야채_10,채소 사는 데,식료품 중 '야채'를 판매·제공하는 매장,04c905ba-3172-4ea4-a6dd-4345d674dea0,덕순이네,제조업(떡집),장터길 골목형상점가,골목형상점가,경기도,0.0,0.0,,,RESOLVED_AGREEMENT,False,0,,,,
f160b4f07bcf28fa0a42,val,야채,T4 구어·문장,q_야채_10,채소 사는 데,식료품 중 '야채'를 판매·제공하는 매장,006601da-192a-4275-90bf-aa320c79ea9f,바이럽,샐러드,현풍백년도깨비시장,전통시장,대구광역시,1.0,0.0,,,P2_GRADED_ONLY,True,,,,,
6cd202701d9d681e57bb,val,야채,T4 구어·문장,q_야채_10,채소 사는 데,식료품 중 '야채'를 판매·제공하는 매장,bf528295-96f2-4795-909b-df66a23757c5,봉화채소,채소,서동전통골목시장,전통시장,부산광역시,3.0,3.0,,,RESOLVED_AGREEMENT,False,3,,,,
1ace88ab02d2d2add504,val,야채,T4 구어·문장,q_야채_10,채소 사는 데,식료품 중 '야채'를 판매·제공하는 매장,b4504ce7-bda5-4ee1-9b9e-fa8f54d33cd7,김야채,채소,야음상가시장,전통시장,울산광역시,3.0,3.0,,,RESOLVED_AGREEMENT,False,3,,,,
dfd1861375c41cb8d785,val,야채,T4 구어·문장,q_야채_10,채소 사는 데,식료품 중 '야채'를 판매·제공하는 매장,5f35d1eb-8806-45cb-8310-e69661deebd8,남목채소,채소,남목전통시장,전통시장,울산광역시,3.0,3.0,,,RESOLVED_AGREEMENT,False,3,,,,
3e1ab6eb7a575504d850,val,야채,T4 구어·문장,q_야채_10,채소 사는 데,식료품 중 '야채'를 판매·제공하는 매장,00045dfc-0681-4fb3-8265-33b3df14c289,한라농산,과일,황지시장상점가,자율상권구역,강원특별자치도,1.0,2.0,,,P1_BINARY_THRESHOLD,True,,,,,
4454037299cb03b0e3d0,val,야채,T4 구어·문장,q_야채_10,채소 사는 데,식료품 중 '야채'를 판매·제공하는 매장,00f0eee4-789e-4a7b-afc5-f1e7fc279b83,전국상회,야채,청량리종합시장,전통시장,서울특별시,3.0,3.0,,,RESOLVED_AGREEMENT,False,3,,,,
a09e500fadcd7b213cd4,val,야채,T4 구어·문장,q_야채_10,채소 사는 데,식료품 중 '야채'를 판매·제공하는 매장,12bac5de-59a7-472a-946b-5e38694a5648,한옥촌,쌈밥,전농배봉산맛집거리골목형상점가,골목형상점가,서울특별시,0.0,0.0,,,RESOLVED_AGREEMENT,False,0,,,,
3767a704317080e70c39,val,야채,T4 구어·문장,q_야채_10,채소 사는 데,식료품 중 '야채'를 판매·제공하는 매장,8af5ba21-3e03-42c8-9fb8-36ebb0651c6b,산새상회,채소,통영중앙전통시장,전통시장,경상남도,3.0,3.0,,,RESOLVED_AGREEMENT,False,3,,,,
ed70820d2cb3466c85e8,val,야채,T4 구어·문장,q_야채_10,채소 사는 데,식료품 중 '야채'를 판매·제공하는 매장,dc36b3cd-55a1-4ef4-8b39-1207ee18740b,대저상회,채소,부전시장,전통시장,부산광역시,3.0,3.0,,,RESOLVED_AGREEMENT,False,3,,,,
fe64a7d551c32e4d1341,val,야채,T4 구어·문장,q_야채_10,채소 사는 데,식료품 중 '야채'를 판매·제공하는 매장,03a6e716-3825-40e3-ba06-e047ee5e5483,부일반찬,김치,초량전통시장,전통시장,부산광역시,1.0,1.0,,,RESOLVED_AGREEMENT,False,1,,,,
69bb66270d754d733f0e,val,야채,T6 기계변형,q_야채_11,야채추천,식료품 중 '야채'를 판매·제공하는 매장,005313c8-dce8-49b6-9841-9143ebb1305a,동원떡집,,박달시장,전통시장,경기도,0.0,0.0,,,RESOLVED_AGREEMENT,False,0,,,,
30a1475a46debfe35e45,val,야채,T6 기계변형,q_야채_11,야채추천,식료품 중 '야채'를 판매·제공하는 매장,fac7e372-1e18-4cd2-a0bf-a16b572f9d23,야채마트,야채,도래미시장,전통시장,강원특별자치도,3.0,3.0,,,RESOLVED_AGREEMENT,False,3,,,,
e240bbccf2e21bcbb80b,val,야채,T6 기계변형,q_야채_11,야채추천,식료품 중 '야채'를 판매·제공하는 매장,cbde5229-a947-400e-8b14-8f986136869f,한국야채,야채,동문동 골목형상점가,골목형상점가,충청남도,3.0,3.0,,,RESOLVED_AGREEMENT,False,3,,,,
defa689b68fb1e87623c,val,야채,T6 기계변형,q_야채_11,야채추천,식료품 중 '야채'를 판매·제공하는 매장,67023459-41ed-45c3-a5de-e5d4bb552c93,비슬상회,야채,대구청과시장,전통시장,대구광역시,3.0,3.0,,,RESOLVED_AGREEMENT,False,3,,,,
9505219a2878691ede23,val,야채,T6 기계변형,q_야채_11,야채추천,식료품 중 '야채'를 판매·제공하는 매장,c89872f7-7a0e-4e4b-905a-e116a10d65b9,골목야채,야채,광명새마을시장,전통시장,경기도,3.0,3.0,,,RESOLVED_AGREEMENT,False,3,,,,
fa1f827ae66f49fc8495,val,야채,T6 기계변형,q_야채_11,야채추천,식료품 중 '야채'를 판매·제공하는 매장,01e96e25-dcb5-4957-bc59-05c27b1dae7a,샐러드밀,샐러드,오룡행복 골목형상점가,골목형상점가,전라남도,1.0,0.0,,,P2_GRADED_ONLY,True,,,,,
90b46f25522802210bb1,val,야채,T6 기계변형,q_야채_11,야채추천,식료품 중 '야채'를 판매·제공하는 매장,009a3629-5dbc-47c2-adea-b1f9bc2c083a,동해농수산,야채,방학동도깨비시장,전통시장,서울특별시,3.0,3.0,,,RESOLVED_AGREEMENT,False,3,,,,
20d74fb9bf4d279198eb,val,야채,T6 기계변형,q_야채_11,야채추천,식료품 중 '야채'를 판매·제공하는 매장,0622e5e4-d762-4378-aeb6-eb6148f9dec6,개도리김치,"김치, 채소, 건어물",나주목사고을시장,전통시장,,3.0,3.0,,,RESOLVED_AGREEMENT,False,3,,,,
065971abfbdec25f908c,val,야채,T6 기계변형,q_야채_11,야채추천,식료품 중 '야채'를 판매·제공하는 매장,00891fcf-925f-4b76-bc26-179798787b48,정우상회,농산물,경동시장,전통시장,서울특별시,3.0,3.0,,,RESOLVED_AGREEMENT,False,3,,,,
23662c6f807ca33e3cbb,val,야채,T6 기계변형,q_야채_11,야채추천,식료품 중 '야채'를 판매·제공하는 매장,00b64830-f897-4643-a5fa-6d8950c2ef89,낭만상회,식품,문산자유시장,전통시장,경기도,1.0,0.0,,,P2_GRADED_ONLY,True,,,,,
a41a824e7d458412b369,val,야채,T6 기계변형,q_야채_11,야채추천,식료품 중 '야채'를 판매·제공하는 매장,acaccd9c-161b-4569-91d9-e232de3947d5,똘맹상회,야채,연무안심시장,전통시장,충청남도,3.0,3.0,,,RESOLVED_AGREEMENT,False,3,,,,
313a1511c0c3ce794c52,val,야채,T6 기계변형,q_야채_11,야채추천,식료품 중 '야채'를 판매·제공하는 매장,cca58370-ec22-4be6-8ceb-a1c4d990af36,하늘 야채,야채,작전시장,전통시장,인천광역시,3.0,3.0,,,RESOLVED_AGREEMENT,False,3,,,,
cc489f02269d54e85042,val,야채,T6 기계변형,q_야채_11,야채추천,식료품 중 '야채'를 판매·제공하는 매장,68620e4a-20c8-4cb4-a5a8-661ad20e238f,땟깔,야채,괴정골목시장,전통시장,부산광역시,3.0,3.0,,,RESOLVED_AGREEMENT,False,3,,,,
9b793d7ca01fff059e4c,val,야채,T6 기계변형,q_야채_11,야채추천,식료품 중 '야채'를 판매·제공하는 매장,53f0c82f-2be0-4282-9a47-bd949a09dae3,야채마을,야채,경주성동공설시장,전통시장,경상북도,3.0,3.0,,,RESOLVED_AGREEMENT,False,3,,,,
c86a153fccc0e9f0f5d3,val,야채,T6 기계변형,q_야채_11,야채추천,식료품 중 '야채'를 판매·제공하는 매장,b15231c9-07aa-4d31-9c9e-611b56f7614b,대전야채,야채,신도꼼지락시장,전통시장,대전광역시,3.0,3.0,,,RESOLVED_AGREEMENT,False,3,,,,
1abf2fd7e56ea78ad87d,val,야채,T6 기계변형,q_야채_11,야채추천,식료품 중 '야채'를 판매·제공하는 매장,09e5fb7c-d0cc-4720-92df-5a5cece636c7,샐러리아 잠실본점,샐러드,방이시장,전통시장,서울특별시,1.0,0.0,,,P2_GRADED_ONLY,True,,,,,
26513cd798728683fd53,val,야채,T6 기계변형,q_야채_11,야채추천,식료품 중 '야채'를 판매·제공하는 매장,5afd4580-feac-4ab2-993a-56dc081a7740,야채백화점,야채,성서와룡시장,전통시장,대구광역시,3.0,3.0,,,RESOLVED_AGREEMENT,False,3,,,,
d99d0cde0d5d55b7f62c,val,야채,T6 기계변형,q_야채_11,야채추천,식료품 중 '야채'를 판매·제공하는 매장,a25b522a-58a4-41e3-96db-5666e39f4486,풍년야채,야채,수정로 상권활성화구역,상권활성화구역,경기도,3.0,3.0,,,RESOLVED_AGREEMENT,False,3,,,,
d83afa58a3fd86edd030,val,야채,T6 기계변형,q_야채_11,야채추천,식료품 중 '야채'를 판매·제공하는 매장,006204f3-b214-4611-a434-f896bf75e919,장터사랑,과일,농성세대공감상인회 골목형상점가,골목형상점가,광주광역시,1.0,2.0,,,P1_BINARY_THRESHOLD,True,,,,,
b65c2c624786f9be265d,val,야채,T6 기계변형,q_야채_11,야채추천,식료품 중 '야채'를 판매·제공하는 매장,56db4778-14ee-4046-a171-821fc0e3f8ce,산수쌈밥,쌈밥,전남여고후문 골목형상점가,골목형상점가,광주광역시,0.0,0.0,,,RESOLVED_AGREEMENT,False,0,,,,
e1c522c3f5fbb12ca151,val,야채,T6 기계변형,q_야채_11,야채추천,식료품 중 '야채'를 판매·제공하는 매장,00f0eee4-789e-4a7b-afc5-f1e7fc279b83,전국상회,야채,청량리종합시장,전통시장,서울특별시,3.0,3.0,,,RESOLVED_AGREEMENT,False,3,,,,
6dc0442d6bfe06d6c505,val,야채,T6 기계변형,q_야채_11,야채추천,식료품 중 '야채'를 판매·제공하는 매장,8c3f5ce5-bbfe-49ab-a128-134f896628c9,월림상회,건고추,광천문화시장,전통시장,충청남도,0.0,3.0,,,P1_BINARY_THRESHOLD,True,,,,,
c279eb2e8a2eddd0a435,val,야채,T6 기계변형,q_야채_11,야채추천,식료품 중 '야채'를 판매·제공하는 매장,016f8113-22a7-4ef1-a80f-0562dd2a06e9,동이식품,"식품, 농산물",중앙신시장,전통시장,경상북도,3.0,3.0,,,RESOLVED_AGREEMENT,False,3,,,,
75c5d70221bd1dce450d,val,야채,T6 기계변형,q_야채_11,야채추천,식료품 중 '야채'를 판매·제공하는 매장,2a8e2caa-122c-4c98-9d6d-08377ea79fd8,야채의신,"야채, 과일",중동사랑시장,전통시장,경기도,3.0,3.0,,,RESOLVED_AGREEMENT,False,3,,,,
2000a4c40f113d52e1d7,val,야채,T6 기계변형,q_야채_11,야채추천,식료품 중 '야채'를 판매·제공하는 매장,5eb01bb1-b190-493d-ac36-30e486161eb5,야채파는남자,야채,수유중앙골목시장골목형상점가,골목형상점가,서울특별시,3.0,3.0,,,RESOLVED_AGREEMENT,False,3,,,,
13e9112e830c52ec3428,val,야채,T6 기계변형,q_야채_11,야채추천,식료품 중 '야채'를 판매·제공하는 매장,006601da-192a-4275-90bf-aa320c79ea9f,바이럽,샐러드,현풍백년도깨비시장,전통시장,대구광역시,1.0,0.0,,,P2_GRADED_ONLY,True,,,,,
55c9e6b0b0b4e8457a54,val,야채,T6 기계변형,q_야채_11,야채추천,식료품 중 '야채'를 판매·제공하는 매장,0ea864eb-7aac-40cc-a5df-37d6470f9ec7,야채살롱,야채외,대연골목시장 골목형상점가,골목형상점가,부산광역시,3.0,3.0,,,RESOLVED_AGREEMENT,False,3,,,,
e69ea183c7fda33a7d21,val,야채,T6 기계변형,q_야채_11,야채추천,식료품 중 '야채'를 판매·제공하는 매장,007fd232-3c16-44ff-be59-cf265f3775e9,동문상회,채소버섯,팔달신시장,전통시장,대구광역시,3.0,3.0,,,RESOLVED_AGREEMENT,False,3,,,,
7e65003fea4fe59b38e8,val,야채,T6 기계변형,q_야채_11,야채추천,식료품 중 '야채'를 판매·제공하는 매장,114102e4-7128-4d86-bafb-3a197fcbe666,야채맛집,,남성사계시장,전통시장,서울특별시,3.0,3.0,,,RESOLVED_AGREEMENT,False,3,,,,
936e1a8b36d64f503150,val,야채,T6 기계변형,q_야채_11,야채추천,식료품 중 '야채'를 판매·제공하는 매장,54a6fba6-87e9-4f1e-bb69-287da8b6b49f,짱야채,야채,반구시장,전통시장,울산광역시,3.0,3.0,,,RESOLVED_AGREEMENT,False,3,,,,
ee3f63ccf39d31c5fa6c,val,야채,T6 기계변형,q_야채_11,야채추천,식료품 중 '야채'를 판매·제공하는 매장,00947369-dfd0-4074-b22e-c8b430a98a70,에스.에이.팜(S.A.farm),"표고버섯및농산물, 잡화, 통신판매",무주반딧불상권활성화구역,상권활성화구역,전북특별자치도,3.0,3.0,,,RESOLVED_AGREEMENT,False,3,,,,
c0eabe55ee87f3b6db21,val,야채,T6 기계변형,q_야채_11,야채추천,식료품 중 '야채'를 판매·제공하는 매장,566dd58f-9081-4d60-b591-35b8d7a1384f,머슴상회,야채,천안중앙시장,전통시장,충청남도,3.0,3.0,,,RESOLVED_AGREEMENT,False,3,,,,
a6e75bc1c7522cee75d6,val,야채,T6 기계변형,q_야채_11,야채추천,식료품 중 '야채'를 판매·제공하는 매장,0045f871-6f40-4361-bcdd-2b94bf597287,무파장터,야채 청과물,신금정시장 골목형 상점가,골목형상점가,부산광역시,3.0,3.0,,,RESOLVED_AGREEMENT,False,3,,,,
12cb59e0f84d89ae9366,val,야채,T6 기계변형,q_야채_11,야채추천,식료품 중 '야채'를 판매·제공하는 매장,d19b3de6-4ddc-444e-9f05-82025eb1d7d6,옥석야채,야채,만수시장,전통시장,인천광역시,3.0,3.0,,,RESOLVED_AGREEMENT,False,3,,,,
7b5b5e9d3bc0ba8bf744,val,야채,T6 기계변형,q_야채_11,야채추천,식료품 중 '야채'를 판매·제공하는 매장,0c663c80-d36f-4cb9-b4f4-d2c149635f8d,야채마을,야채,망미중앙시장,전통시장,부산광역시,3.0,3.0,,,RESOLVED_AGREEMENT,False,3,,,,
7bb7171f11f7a7feb561,val,야채,T6 기계변형,q_야채_11,야채추천,식료품 중 '야채'를 판매·제공하는 매장,00468e6b-39c6-4ce1-a534-a6b1eecac01d,태양농산물,과일,정릉서경대길골목형상점가(정릉골),골목형상점가,서울특별시,2.0,3.0,,,P2_GRADED_ONLY,True,,,,,
e83f8c8f4a016de8fb6d,val,야채,T6 기계변형,q_야채_11,야채추천,식료품 중 '야채'를 판매·제공하는 매장,18857814-ef6f-4e8c-87d3-13243c7b2b04,야채나라,야채,역곡남부시장,전통시장,경기도,3.0,3.0,,,RESOLVED_AGREEMENT,False,3,,,,
9adb464b3742a9a237d2,val,야채,T6 기계변형,q_야채_11,야채추천,식료품 중 '야채'를 판매·제공하는 매장,04c905ba-3172-4ea4-a6dd-4345d674dea0,덕순이네,제조업(떡집),장터길 골목형상점가,골목형상점가,경기도,0.0,0.0,,,RESOLVED_AGREEMENT,False,0,,,,
d2615b8e0e67b211bebc,val,야채,T6 기계변형,q_야채_11,야채추천,식료품 중 '야채'를 판매·제공하는 매장,a2db608a-080c-4af6-b0ab-ac197595f3f8,보길야채,야채,방학동도깨비시장,전통시장,서울특별시,3.0,3.0,,,RESOLVED_AGREEMENT,False,3,,,,
11aff409a53f8ee76899,val,야채,T6 기계변형,q_야채_11,야채추천,식료품 중 '야채'를 판매·제공하는 매장,be798674-992b-461a-997f-4b62483bc8bf,대박 야채 청과,야채,신월3동시장골목형상점가,골목형상점가,서울특별시,3.0,3.0,,,RESOLVED_AGREEMENT,False,3,,,,
f1282799fff2eb57ef7e,val,야채,T6 기계변형,q_야채_11,야채추천,식료품 중 '야채'를 판매·제공하는 매장,f65f027a-d2a9-4924-b34f-4c49d297e423,야채시대,야채 과일,범천중앙시장,전통시장,부산광역시,3.0,3.0,,,RESOLVED_AGREEMENT,False,3,,,,
dbe8c1a929f917035276,val,야채,T6 기계변형,q_야채_11,야채추천,식료품 중 '야채'를 판매·제공하는 매장,1e3ab7f6-910c-43a9-9a9b-c519206e1ac1,야채나라,야채,충주자유시장,전통시장,충청북도,3.0,3.0,,,RESOLVED_AGREEMENT,False,3,,,,
e1b1acc79c038cf501f1,val,야채,T6 기계변형,q_야채_11,야채추천,식료품 중 '야채'를 판매·제공하는 매장,00c56499-bc90-4ed6-bb66-3802cc762889,의령상회,채소,부전상가시장,전통시장,부산광역시,3.0,3.0,,,RESOLVED_AGREEMENT,False,3,,,,
cbb752d9f77d05cb476a,val,야채,T6 기계변형,q_야채_11,야채추천,식료품 중 '야채'를 판매·제공하는 매장,00534c22-4465-442e-95db-66dd08f99320,삼원상회,채소,칠성시장,전통시장,대구광역시,3.0,3.0,,,RESOLVED_AGREEMENT,False,3,,,,
75417a9984ef97f0ab31,val,야채,T6 기계변형,q_야채_11,야채추천,식료품 중 '야채'를 판매·제공하는 매장,09f5bb3f-dfa0-4037-b9d8-8355f7a5e900,명숙야채,야채,만수시장,전통시장,인천광역시,3.0,3.0,,,RESOLVED_AGREEMENT,False,3,,,,
57677c97340a6c0e9f31,val,야채,T6 기계변형,q_야채_11,야채추천,식료품 중 '야채'를 판매·제공하는 매장,01b4b567-78d4-4fa1-9bff-25fd01fb1a4c,소문난김치집,김치,중앙먹거리 상인회 골목형상점가,골목형상점가,전라남도,1.0,0.0,,,P2_GRADED_ONLY,True,,,,,
9381eb196f4165ad1c58,val,야채,T6 기계변형,q_야채_11,야채추천,식료품 중 '야채'를 판매·제공하는 매장,5c24aa00-1964-4edf-92a6-c2a9fc17d630,담양밤부리,커피,죽녹원 북문 골목형상점가,골목형상점가,전라남도,0.0,0.0,,,RESOLVED_AGREEMENT,False,0,,,,
845ebdeb73bc82247732,val,야채,T6 기계변형,q_야채_11,야채추천,식료품 중 '야채'를 판매·제공하는 매장,00333be0-b70d-4197-aa97-5a277d61e0da,㈜신진후르츠,과일,부전농수산물새벽시장,전통시장,부산광역시,1.0,2.0,,,P1_BINARY_THRESHOLD,True,,,,,
e682ae12e2cb1a41d373,val,야채,T6 기계변형,q_야채_11,야채추천,식료품 중 '야채'를 판매·제공하는 매장,d92b7520-22e8-4f13-b2c6-1eb40f26a376,유섭야채,야채,광명전통시장,전통시장,경기도,3.0,3.0,,,RESOLVED_AGREEMENT,False,3,,,,
8268c38cf7ddbab54747,val,야채,T6 기계변형,q_야채_11,야채추천,식료품 중 '야채'를 판매·제공하는 매장,163fad72-4b20-402c-beee-d6813b64210a,광현야채,야채,서동시장(창인시장),전통시장,전북특별자치도,3.0,3.0,,,RESOLVED_AGREEMENT,False,3,,,,
1ad884b19541b286080d,val,야채,T6 기계변형,q_야채_11,야채추천,식료품 중 '야채'를 판매·제공하는 매장,009be3cd-7c52-41e4-91fc-c377ddfa78c0,언양시장야채,야채,언양알프스시장,전통시장,울산광역시,3.0,3.0,,,RESOLVED_AGREEMENT,False,3,,,,
04c1454f00c9f22cf099,val,야채,T6 기계변형,q_야채_11,야채추천,식료품 중 '야채'를 판매·제공하는 매장,e61f2d1f-8027-499a-af62-2244a8ad5558,야채이야기,야채,서부시장상점가(서부시장 통합),전통시장,전북특별자치도,3.0,3.0,,,RESOLVED_AGREEMENT,False,3,,,,
41bec5a5fa638f09d63f,val,야채,T6 기계변형,q_야채_11,야채추천,식료품 중 '야채'를 판매·제공하는 매장,38d33dd0-da61-4784-bac4-f0d8ecbe6d79,야채천국,야채,길동복조리시장,전통시장,서울특별시,3.0,3.0,,,RESOLVED_AGREEMENT,False,3,,,,
d747585505b6f0c532df,val,야채,T6 기계변형,q_야채_11,야채추천,식료품 중 '야채'를 판매·제공하는 매장,01f160fc-531c-4191-aa22-453462e0f38a,천년,김치,오정동상점가,자율상권구역,대전광역시,1.0,0.0,,,P2_GRADED_ONLY,True,,,,,
3c1f1b4cbe050d00ce65,val,야채,T6 기계변형,q_야채_11,야채추천,식료품 중 '야채'를 판매·제공하는 매장,1cc31f70-4db9-4cac-bde3-d77a405f7d88,현욱상회,야채,부산새벽시장,전통시장,부산광역시,3.0,3.0,,,RESOLVED_AGREEMENT,False,3,,,,
6ef06a3f38875f44f081,val,야채,T6 기계변형,q_야채_11,야채추천,식료품 중 '야채'를 판매·제공하는 매장,c53bab1d-3440-495a-9de7-c05e93db2c52,야채1번지,야채,청량리종합시장,전통시장,서울특별시,3.0,3.0,,,RESOLVED_AGREEMENT,False,3,,,,
5917aecf924ce602aee6,val,야채,T6 기계변형,q_야채_11,야채추천,식료품 중 '야채'를 판매·제공하는 매장,f6f5e07e-5c4b-45c2-8c81-b29bc6f63aa8,야채나라,야채,김해 외동전통시장,전통시장,경상남도,3.0,3.0,,,RESOLVED_AGREEMENT,False,3,,,,
944ca08fd22c94d1f9de,val,야채,T6 기계변형,q_야채_11,야채추천,식료품 중 '야채'를 판매·제공하는 매장,3526b88c-624e-427b-9369-30ee70b121b8,에덴야채,야채,박달시장,전통시장,경기도,3.0,3.0,,,RESOLVED_AGREEMENT,False,3,,,,
c222fc1bd22654859f81,val,야채,T6 기계변형,q_야채_11,야채추천,식료품 중 '야채'를 판매·제공하는 매장,0533a201-3b07-4029-8158-c4d2ad17c7bf,텃밭쌈밥,쌈밥,역전시장,전통시장,충청남도,0.0,0.0,,,RESOLVED_AGREEMENT,False,0,,,,
a5eaa32d7445eec427c0,val,야채,T6 기계변형,q_야채_11,야채추천,식료품 중 '야채'를 판매·제공하는 매장,0174d58f-3182-48ce-9bb7-0818d21a6763,야채,,만수시장,전통시장,인천광역시,3.0,3.0,,,RESOLVED_AGREEMENT,False,3,,,,
be4c7e04fac5bbccea10,val,야채,T6 기계변형,q_야채_11,야채추천,식료품 중 '야채'를 판매·제공하는 매장,bd486a51-4e84-4d19-993e-ceb7ba806f7e,아위유aweeyou,미용,한들물빛도시 골목형 상점가,골목형상점가,충청남도,0.0,0.0,,,RESOLVED_AGREEMENT,False,0,,,,
aca78cf20b580756e2bf,val,야채,T6 기계변형,q_야채_11,야채추천,식료품 중 '야채'를 판매·제공하는 매장,008b2657-018e-4d46-b0b0-a173aee3f37a,대원상회,농산물,대구능금시장,전통시장,대구광역시,3.0,3.0,,,RESOLVED_AGREEMENT,False,3,,,,
3f5e80fec903b69961ea,val,야채,T6 기계변형,q_야채_11,야채추천,식료품 중 '야채'를 판매·제공하는 매장,b2951683-13eb-4e63-b7e5-717bea272613,오빠네 야채청과,야채,안양중앙인정시장,전통시장,경기도,3.0,3.0,,,RESOLVED_AGREEMENT,False,3,,,,
2ef1263e78c4c8cdbaa0,val,야채,T6 기계변형,q_야채_11,야채추천,식료품 중 '야채'를 판매·제공하는 매장,0042e83d-930b-4d1d-a96f-f1a2691256cd,성화상회,과일,대구능금시장,전통시장,대구광역시,1.0,2.0,,,P1_BINARY_THRESHOLD,True,,,,,
9322d30dfc73239cbef7,val,야채,T6 기계변형,q_야채_11,야채추천,식료품 중 '야채'를 판매·제공하는 매장,8a384788-7b9e-4256-afc2-f7ce3205d07d,마임유성원내지사,화장품,진잠 골목형상점가,골목형상점가,대전광역시,0.0,0.0,,,RESOLVED_AGREEMENT,False,0,,,,
bd55c68026f295786aad,val,야채,T6 기계변형,q_야채_11,야채추천,식료품 중 '야채'를 판매·제공하는 매장,285f1216-bc4a-4b2b-890c-bcf896fe976b,논산순대족발,분식,논산화지중앙시장,전통시장,충청남도,0.0,0.0,,,RESOLVED_AGREEMENT,False,0,,,,
61a3f10fb65981780587,val,야채,T6 기계변형,q_야채_11,야채추천,식료품 중 '야채'를 판매·제공하는 매장,1de48f76-08cf-411c-a499-091c119abd84,레인보우 음악줄넘기,줄넘기,탄방동7번길 상인회,골목형상점가,대전광역시,0.0,0.0,,,RESOLVED_AGREEMENT,False,0,,,,
d40ef2e77057bea1822c,val,야채,T6 기계변형,q_야채_11,야채추천,식료품 중 '야채'를 판매·제공하는 매장,3277fa59-cf66-4067-84d4-e72a1671f357,담담,한식,제천중앙시장,전통시장,충청북도,0.0,0.0,,,RESOLVED_AGREEMENT,False,0,,,,
cc2b4434fa77a3da5a52,val,야채,T6 기계변형,q_야채_11,야채추천,식료품 중 '야채'를 판매·제공하는 매장,009f034c-8e3b-4a32-aab3-55ece8718004,장봐주는언니 임동점,농수축산물및 가공식품,제니스 골목형상점가,골목형상점가,광주광역시,1.0,0.0,,,P2_GRADED_ONLY,True,,,,,
bca073d56801d3e79b3b,val,야채,T6 기계변형,q_야채_11,야채추천,식료품 중 '야채'를 판매·제공하는 매장,99e2a586-cbea-41ae-a9bd-8dd16e0e6374,야채나라,야채,마천중앙시장,전통시장,서울특별시,3.0,3.0,,,RESOLVED_AGREEMENT,False,3,,,,
ed3b4f27bb75ef8c02dc,val,야채,T6 기계변형,q_야채_11,야채추천,식료품 중 '야채'를 판매·제공하는 매장,65fce9a0-7e51-4c12-b7a2-f38a6359734a,금와농산,야채,마산어시장,전통시장,경상남도,3.0,3.0,,,RESOLVED_AGREEMENT,False,3,,,,
eb3616c67cc673a32cc8,val,야채,T6 기계변형,q_야채_11,야채추천,식료품 중 '야채'를 판매·제공하는 매장,0b8ef6dc-2f6b-4707-bd73-529122d9c97a,하단떡집,떡집,하단오일상설시장,전통시장,부산광역시,0.0,0.0,,,RESOLVED_AGREEMENT,False,0,,,,
3786e4f8a0f52e6e21cd,val,야채,T6 기계변형,q_야채_11,야채추천,식료품 중 '야채'를 판매·제공하는 매장,05530d0f-82ed-47a1-8015-32b6c30e3752,진수산삼다식품,"젓갈류, 김치, 수산물",동문재래시장,전통시장,제주특별자치도,1.0,0.0,,,P2_GRADED_ONLY,True,,,,,
932a373f0ef3265f5700,val,야채,T6 기계변형,q_야채_11,야채추천,식료품 중 '야채'를 판매·제공하는 매장,a9aa7a13-c281-4b12-b3e7-f70506128348,용인야채,야채,수원못골종합시장,전통시장,경기도,3.0,3.0,,,RESOLVED_AGREEMENT,False,3,,,,
8aa7bc45bb75a9e10f31,val,야채,T6 기계변형,q_야채_11,야채추천,식료품 중 '야채'를 판매·제공하는 매장,43c03e36-c146-4944-bcd4-879bc435fad2,도온쌈,쌈밥,남이동길골목형상점가,골목형상점가,서울특별시,0.0,0.0,,,RESOLVED_AGREEMENT,False,0,,,,
eede6ddbdde795684708,val,야채,T6 기계변형,q_야채_11,야채추천,식료품 중 '야채'를 판매·제공하는 매장,001cb3d4-5441-4963-b517-d5b3904ee312,현창떡집,떡집,목포동부시장,전통시장,전라남도,0.0,0.0,,,RESOLVED_AGREEMENT,False,0,,,,
0aac0ab34e68a54e3333,val,야채,T6 기계변형,q_야채_11,야채추천,식료품 중 '야채'를 판매·제공하는 매장,7fdbfbd2-930f-4329-a225-ca7b797e3274,야채,야채,원종고강제일시장(부천제일시장),전통시장,경기도,3.0,3.0,,,RESOLVED_AGREEMENT,False,3,,,,
78869b2714894ca3f90a,val,야채,T6 기계변형,q_야채_11,야채추천,식료품 중 '야채'를 판매·제공하는 매장,014b06bd-3fa3-4cde-b459-e62ca64c33aa,조은식품,채소,하양꿈바우시장,전통시장,경상북도,3.0,3.0,,,RESOLVED_AGREEMENT,False,3,,,,
975ac8ec238dffec117e,val,야채,T6 기계변형,q_야채_11,야채추천,식료품 중 '야채'를 판매·제공하는 매장,12bac5de-59a7-472a-946b-5e38694a5648,한옥촌,쌈밥,전농배봉산맛집거리골목형상점가,골목형상점가,서울특별시,0.0,0.0,,,RESOLVED_AGREEMENT,False,0,,,,
7eab286e0723a09cf367,val,야채,T6 기계변형,q_야채_11,야채추천,식료품 중 '야채'를 판매·제공하는 매장,03a6e716-3825-40e3-ba06-e047ee5e5483,부일반찬,김치,초량전통시장,전통시장,부산광역시,1.0,1.0,,,RESOLVED_AGREEMENT,False,1,,,,
5481d58ba98eed55fb77,val,야채,T6 기계변형,q_야채_11,야채추천,식료품 중 '야채'를 판매·제공하는 매장,d1dca39b-7e1a-4f6e-92c2-9837ccfe76be,야채사냥,야채,원종고강제일시장(부천제일시장),전통시장,경기도,3.0,3.0,,,RESOLVED_AGREEMENT,False,3,,,,
0b610780794fa2f83f05,val,야채,T6 기계변형,q_야채_11,야채추천,식료품 중 '야채'를 판매·제공하는 매장,00e92856-b294-4032-8540-d60e9817f2d8,럭키약국,"의약품, 건강기능식품, 식품",충무로골목형상점가,골목형상점가,서울특별시,1.0,0.0,,,P2_GRADED_ONLY,True,,,,,
85f619b8f72511d07eb3,val,야채,T6 기계변형,q_야채_11,야채추천,식료품 중 '야채'를 판매·제공하는 매장,15578c36-25cb-47c6-b623-02d015391845,서가네쌈밥,쌈밥,면곡시장 골목형상점가,골목형상점가,서울특별시,0.0,0.0,,,RESOLVED_AGREEMENT,False,0,,,,
7dce2bf4dd6795990716,val,야채,T6 기계변형,q_야채_11,야채추천,식료품 중 '야채'를 판매·제공하는 매장,bb95da55-092b-4528-b9df-ce1b8b548646,야채사랑,야채,춘천풍물시장,전통시장,강원특별자치도,3.0,3.0,,,RESOLVED_AGREEMENT,False,3,,,,
ecb1b6cde9d9826c56da,val,야채,T6 기계변형,q_야채_11,야채추천,식료품 중 '야채'를 판매·제공하는 매장,008d1ed4-a5d7-492e-9959-f8307a68cc5f,샐러드 정원,"샐러드, 샌드위치",미성동도깨비시장,골목형상점가,서울특별시,1.0,0.0,,,P2_GRADED_ONLY,True,,,,,
9901807623451bf7908a,val,야채,T6 기계변형,q_야채_11,야채추천,식료품 중 '야채'를 판매·제공하는 매장,f3539f44-25e6-4272-9151-40710d2a1e81,황가네 야채,야채,서부시장(서부재래시장),전통시장,충청남도,3.0,3.0,,,RESOLVED_AGREEMENT,False,3,,,,
a0ad09ade90c7e9ecc63,val,야채,T6 기계변형,q_야채_11,야채추천,식료품 중 '야채'를 판매·제공하는 매장,c42c2541-7d45-4419-a8f8-7ca604002908,야채의품격,야채,여수교동시장,전통시장,전라남도,3.0,3.0,,,RESOLVED_AGREEMENT,False,3,,,,
50242c13082f5cc08b2c,val,야채,T6 기계변형,q_야채_11,야채추천,식료품 중 '야채'를 판매·제공하는 매장,a1060dd9-cf09-4aab-b7c0-32da97cb9a52,종합야채,야채,대림골목시장,전통시장,서울특별시,3.0,3.0,,,RESOLVED_AGREEMENT,False,3,,,,
4230990f9632f1e2f317,val,야채,T6 기계변형,q_야채_11,야채추천,식료품 중 '야채'를 판매·제공하는 매장,008d4156-e489-4d1f-9205-b541972d35a8,과일왕,과일 잡화 야채 먹거리,연제동 골목형상점가,골목형상점가,광주광역시,3.0,3.0,,,RESOLVED_AGREEMENT,False,3,,,,
1d39fa2f0bc0dc2da794,val,야채,T6 기계변형,q_야채_11,야채추천,식료품 중 '야채'를 판매·제공하는 매장,10e4b9b6-662b-436c-b9b7-b82677f0ecd8,계룡야채,야채,부사시장,전통시장,대전광역시,3.0,3.0,,,RESOLVED_AGREEMENT,False,3,,,,
a6c082faf9f102a2b648,val,야채,T6 기계변형,q_야채_11,야채추천,식료품 중 '야채'를 판매·제공하는 매장,cf5d0c45-d9f1-4aa2-80a7-7e2f603b9b62,산본 야채,야채,산본전통시장(구 군포산본시장),전통시장,경기도,3.0,3.0,,,RESOLVED_AGREEMENT,False,3,,,,
246504eb311dcbc1d748,val,야채,T6 기계변형,q_야채_11,야채추천,식료품 중 '야채'를 판매·제공하는 매장,4128e84a-7435-4568-91d4-e2c206c7f3d6,야채상회,야채,해남매일시장,전통시장,전라남도,3.0,3.0,,,RESOLVED_AGREEMENT,False,3,,,,
524ffb84c1dc980c7968,val,야채,T6 기계변형,q_야채_11,야채추천,식료품 중 '야채'를 판매·제공하는 매장,f644065f-95a2-49d4-a264-e674646d7a45,야채마을,야채,해남읍 원도심 상권활성화구역,상권활성화구역,전라남도,3.0,3.0,,,RESOLVED_AGREEMENT,False,3,,,,
8967bdbf31e9bd475798,val,야채,T6 기계변형,q_야채_11,야채추천,식료품 중 '야채'를 판매·제공하는 매장,00344d24-5aaa-4dc7-ba51-3c041c147576,고향뜰영농조합법인,농산물,양산 북부시장,전통시장,경상남도,3.0,3.0,,,RESOLVED_AGREEMENT,False,3,,,,
9ccfa804b1108545ac9c,val,야채,T6 기계변형,q_야채_11,야채추천,식료품 중 '야채'를 판매·제공하는 매장,014fc673-2f3b-48cf-a134-d5aebb132435,동성상회,야채,동두천중앙시장,전통시장,경기도,3.0,3.0,,,RESOLVED_AGREEMENT,False,3,,,,
e3388c7782e1dd17d0c9,val,야채,T6 기계변형,q_야채_11,야채추천,식료품 중 '야채'를 판매·제공하는 매장,57990935-d344-4100-98eb-75a2fceab259,신가내 야채청과,야채,오류버들시장골목형상점가,골목형상점가,서울특별시,3.0,3.0,,,RESOLVED_AGREEMENT,False,3,,,,
2274a9c470982e19dcf4,val,야채,T6 기계변형,q_야채_11,야채추천,식료품 중 '야채'를 판매·제공하는 매장,a317cb48-d55d-4ee0-af3e-ee11a70d345b,야채나라,야채,도마큰시장,전통시장,대전광역시,3.0,3.0,,,RESOLVED_AGREEMENT,False,3,,,,
b0613fedc81ee44b4472,val,야채,T6 기계변형,q_야채_11,야채추천,식료품 중 '야채'를 판매·제공하는 매장,000527f2-442a-4dd1-9bfc-8a8cd9fd5410,(유)뉴현대상회,농산물,가락몰골목형상점가,골목형상점가,서울특별시,3.0,3.0,,,RESOLVED_AGREEMENT,False,3,,,,
e2555bdbbcfc0ce7e9c1,val,야채,T6 기계변형,q_야채_11,야채추천,식료품 중 '야채'를 판매·제공하는 매장,7c8050e5-ae3e-4e86-9a04-af76b4619b75,경미네 야채가게,야채,정선아리랑시장,전통시장,강원특별자치도,3.0,3.0,,,RESOLVED_AGREEMENT,False,3,,,,
9aa396957a9cac51daf5,val,야채,T6 기계변형,q_야채_11,야채추천,식료품 중 '야채'를 판매·제공하는 매장,45f03a22-b75f-4d8c-bb16-9911ecafdb2f,야채총판매점,야채,관고전통시장,전통시장,경기도,3.0,3.0,,,RESOLVED_AGREEMENT,False,3,,,,
01a45475f4cb22433a0c,val,야채,T6 기계변형,q_야채_11,야채추천,식료품 중 '야채'를 판매·제공하는 매장,00b6e321-5954-437c-b1d9-94fded29f67e,웰빙마트,식품,서남신시장,전통시장,대구광역시,1.0,1.0,,,RESOLVED_AGREEMENT,False,1,,,,
b68028c33a9aa712c607,val,야채,T6 기계변형,q_야채_11,야채추천,식료품 중 '야채'를 판매·제공하는 매장,000a244a-1e28-40b7-8d55-d5b1055f12d2,진해상회,채소,마산어시장,전통시장,경상남도,3.0,3.0,,,RESOLVED_AGREEMENT,False,3,,,,
180ecc547f1808b50214,val,야채,T6 기계변형,q_야채_11,야채추천,식료품 중 '야채'를 판매·제공하는 매장,015915e3-2542-4245-b627-0c775b4c5501,한내떡집,,거제 고현시장,전통시장,경상남도,0.0,0.0,,,RESOLVED_AGREEMENT,False,0,,,,
bb2c6c9cc74e00cf4c39,val,야채,T6 기계변형,q_야채_11,야채추천,식료품 중 '야채'를 판매·제공하는 매장,547be72a-2b08-4865-acc9-efec48cc1450,야채꾼,야채,신 강남시장,전통시장,인천광역시,3.0,3.0,,,RESOLVED_AGREEMENT,False,3,,,,
66e46aaf3f0ad563c27d,val,야채,T6 기계변형,q_야채_11,야채추천,식료품 중 '야채'를 판매·제공하는 매장,06f191fb-14b4-4d51-8efb-39d44343f1a7,유한회사 바르메이드,샐러드,상무시청상인회 골목형상점가,골목형상점가,광주광역시,1.0,0.0,,,P2_GRADED_ONLY,True,,,,,
192d279ac126713f32ae,val,야채,T6 기계변형,q_야채_11,야채추천,식료품 중 '야채'를 판매·제공하는 매장,4153b473-b7ad-4814-b6f0-07ab68bed172,대박야채,야채,광명새마을시장,전통시장,경기도,3.0,3.0,,,RESOLVED_AGREEMENT,False,3,,,,
0e524cbcb7394a1cc629,val,야채,T6 기계변형,q_야채_11,야채추천,식료품 중 '야채'를 판매·제공하는 매장,da71e095-4c27-4c82-9476-07eba3fbd54c,야채사랑,야채,삼각동 골목형상점가,골목형상점가,광주광역시,3.0,3.0,,,RESOLVED_AGREEMENT,False,3,,,,
16e5997015d19b7c9a68,val,야채,T6 기계변형,q_야채_11,야채추천,식료품 중 '야채'를 판매·제공하는 매장,014072fb-b412-4fb3-a663-31dbf80e44a6,매일상회,"야채, 과일",고산미소시장(고산시장),전통시장,전북특별자치도,3.0,3.0,,,RESOLVED_AGREEMENT,False,3,,,,
36b87dbb1f111fa3fd77,val,야채,T6 기계변형,q_야채_11,야채추천,식료품 중 '야채'를 판매·제공하는 매장,f70e99c0-8846-4fd3-be75-48ea6f15c737,촌놈떡갈비,음식점,남성사계시장,전통시장,서울특별시,0.0,0.0,,,RESOLVED_AGREEMENT,False,0,,,,
6027ff8e14f7ba2afd00,val,야채,T6 기계변형,q_야채_11,야채추천,식료품 중 '야채'를 판매·제공하는 매장,77199ec6-6205-4911-83a3-bad17d8b19fb,황금야채,야채,장림골목시장,전통시장,부산광역시,3.0,3.0,,,RESOLVED_AGREEMENT,False,3,,,,
3beca08a4893163ffc49,val,야채,T6 기계변형,q_야채_11,야채추천,식료품 중 '야채'를 판매·제공하는 매장,bbe5cca7-e37a-44f6-a94a-94e0dd85243e,야채가게,야채,만수시장,전통시장,인천광역시,3.0,3.0,,,RESOLVED_AGREEMENT,False,3,,,,
c17c3348f4ae5030d75d,val,야채,T6 기계변형,q_야채_11,야채추천,식료품 중 '야채'를 판매·제공하는 매장,00045dfc-0681-4fb3-8265-33b3df14c289,한라농산,과일,황지시장상점가,자율상권구역,강원특별자치도,1.0,2.0,,,P1_BINARY_THRESHOLD,True,,,,,
aeed6969f155f10dc822,val,야채,T6 기계변형,q_야채_11,야채추천,식료품 중 '야채'를 판매·제공하는 매장,80c4738a-934b-4b41-9de9-a82a5967a614,천외천,한식,상봉먹자골목형상점가,골목형상점가,서울특별시,0.0,0.0,,,RESOLVED_AGREEMENT,False,0,,,,
5eb896dea5096a33dc28,val,야채,T6 기계변형,q_야채_11,야채추천,식료품 중 '야채'를 판매·제공하는 매장,00818eab-32ca-497e-ad5c-1c301a7ea4c9,13번상회,채소,마산 동마산시장,전통시장,경상남도,3.0,3.0,,,RESOLVED_AGREEMENT,False,3,,,,
904c827a899cc03990a6,val,야채,T6 기계변형,q_야채_11,야채추천,식료품 중 '야채'를 판매·제공하는 매장,8bb83aa6-dcc0-47be-80b9-50c422cc1024,대귀상회,야채,군산신영시장,전통시장,전북특별자치도,3.0,3.0,,,RESOLVED_AGREEMENT,False,3,,,,
45b2e0472fff6c86049a,val,야채,T6 기계변형,q_야채_11,야채추천,식료품 중 '야채'를 판매·제공하는 매장,48b57ee9-4554-458f-bd4c-57f572e9d549,노퉁궈,야채,첨단2동 골목형상점가,골목형상점가,광주광역시,3.0,3.0,,,RESOLVED_AGREEMENT,False,3,,,,
bcb6b343c6a19a4118e0,val,야채,T6 기계변형,q_야채_11,야채추천,식료품 중 '야채'를 판매·제공하는 매장,b33fb268-ff1b-47e7-b88b-7677d73c0384,야채왕국,야채,중마시장,전통시장,전라남도,3.0,3.0,,,RESOLVED_AGREEMENT,False,3,,,,
605edab96314c3f94b73,val,야채,T6 기계변형,q_야채_11,야채추천,식료품 중 '야채'를 판매·제공하는 매장,82bf2105-0a85-4fe7-8777-8f049077d57f,상우네 야채,야채,만수시장,전통시장,인천광역시,3.0,3.0,,,RESOLVED_AGREEMENT,False,3,,,,
0109dbc749ed1e2572e7,val,야채,T6 기계변형,q_야채_11,야채추천,식료품 중 '야채'를 판매·제공하는 매장,8dac30b5-783c-4f90-964b-b5384fe436df,용민이네 야채,야채,해남매일시장,전통시장,전라남도,3.0,3.0,,,RESOLVED_AGREEMENT,False,3,,,,
e2985db8cdae7a748f44,val,야채,T6 기계변형,q_야채_11,야채추천,식료품 중 '야채'를 판매·제공하는 매장,7baa2c6f-9331-474f-9e59-06dab8d5cf8b,야채사랑,야채,양산 덕계종합상설시장,전통시장,경상남도,3.0,3.0,,,RESOLVED_AGREEMENT,False,3,,,,
ace8fd9090e80e8f5188,val,야채,T6 기계변형,q_야채_11,야채추천,식료품 중 '야채'를 판매·제공하는 매장,e0cab3b9-dcf9-4c01-b7ae-893aadd1bbd2,야채백화점,야채,부천자유시장,전통시장,경기도,3.0,3.0,,,RESOLVED_AGREEMENT,False,3,,,,
14cd10179aad1be8800e,val,야채,T6 기계변형,q_야채_11,야채추천,식료품 중 '야채'를 판매·제공하는 매장,3ea867b2-1ae7-4a41-8b71-ab56b542ff83,야채과일,"과일, 야채",반송큰시장,전통시장,부산광역시,3.0,3.0,,,RESOLVED_AGREEMENT,False,3,,,,
92390ff13f6afbb8b6b0,val,야채,T6 기계변형,q_야채_11,야채추천,식료품 중 '야채'를 판매·제공하는 매장,0097b3e2-b5cf-4050-b719-c9d7738067c0,시흥상회,"소매(야채,과일)",광명전통시장,전통시장,경기도,3.0,3.0,,,RESOLVED_AGREEMENT,False,3,,,,
77a445602caa70ec1f06,val,야채,T6 기계변형,q_야채_12,야태,식료품 중 '야채'를 판매·제공하는 매장,2c7ca811-7e4d-4764-a098-9e0ec4db36f6,토메이스시,스시,동명동 카페거리 골목형상점가,골목형상점가,광주광역시,0.0,0.0,,,RESOLVED_AGREEMENT,False,0,,,,
a2b53f479494c3cc0cc5,val,야채,T6 기계변형,q_야채_12,야태,식료품 중 '야채'를 판매·제공하는 매장,9c7d372b-82c4-4541-b0c8-66aa078c1ccb,포레스트오늘숲 도룡점,쌀국수,도룡상인회 골목형상점가,골목형상점가,대전광역시,0.0,2.0,,,P1_BINARY_THRESHOLD,True,,,,,
41f07f88dbb10b0caa26,val,야채,T6 기계변형,q_야채_12,야태,식료품 중 '야채'를 판매·제공하는 매장,04c905ba-3172-4ea4-a6dd-4345d674dea0,덕순이네,제조업(떡집),장터길 골목형상점가,골목형상점가,경기도,0.0,0.0,,,RESOLVED_AGREEMENT,False,0,,,,
7828ec8c0923eabf5d07,val,야채,T6 기계변형,q_야채_12,야태,식료품 중 '야채'를 판매·제공하는 매장,bd0f83ca-6393-4d22-b82e-a429d934d9cf,패류20호,동태,인천종합어시장,전통시장,인천광역시,0.0,0.0,,,RESOLVED_AGREEMENT,False,0,,,,
0bdd50f329d133553c48,val,야채,T6 기계변형,q_야채_12,야태,식료품 중 '야채'를 판매·제공하는 매장,015915e3-2542-4245-b627-0c775b4c5501,한내떡집,,거제 고현시장,전통시장,경상남도,0.0,0.0,,,RESOLVED_AGREEMENT,False,0,,,,
26b8c7a078fab9fc6625,val,야채,T6 기계변형,q_야채_12,야태,식료품 중 '야채'를 판매·제공하는 매장,c80006b4-9f81-4255-b403-908722851189,양은이네,삼겹 동태,샤로수길골목형상점가,골목형상점가,서울특별시,0.0,0.0,,,RESOLVED_AGREEMENT,False,0,,,,
a20936364d4679bde912,val,야채,T6 기계변형,q_야채_12,야태,식료품 중 '야채'를 판매·제공하는 매장,00468e6b-39c6-4ce1-a534-a6b1eecac01d,태양농산물,과일,정릉서경대길골목형상점가(정릉골),골목형상점가,서울특별시,2.0,3.0,,,P2_GRADED_ONLY,True,,,,,
e4776c2deff71265c4da,val,야채,T6 기계변형,q_야채_12,야태,식료품 중 '야채'를 판매·제공하는 매장,00891fcf-925f-4b76-bc26-179798787b48,정우상회,농산물,경동시장,전통시장,서울특별시,3.0,3.0,,,RESOLVED_AGREEMENT,False,3,,,,
a25e9ab140f54ef15a06,val,야채,T6 기계변형,q_야채_12,야태,식료품 중 '야채'를 판매·제공하는 매장,00818eab-32ca-497e-ad5c-1c301a7ea4c9,13번상회,채소,마산 동마산시장,전통시장,경상남도,3.0,3.0,,,RESOLVED_AGREEMENT,False,3,,,,
ea7dd4abff1907d6f176,val,야채,T6 기계변형,q_야채_12,야태,식료품 중 '야채'를 판매·제공하는 매장,283d4f28-0890-4292-962f-39e44b57bf82,착한건어물,황태,부평깡시장,전통시장,인천광역시,0.0,2.0,,,P1_BINARY_THRESHOLD,True,,,,,
6d76461bebc8a2cfdfb1,val,야채,T6 기계변형,q_야채_12,야태,식료품 중 '야채'를 판매·제공하는 매장,d99b1119-0383-4927-80b6-e9c74faf2c7e,생태전문생태야생태,한식,계수마을상인회 골목형상점가,골목형상점가,광주광역시,0.0,0.0,,,RESOLVED_AGREEMENT,False,0,,,,
f02af35bc62d4cec6236,val,야채,T6 기계변형,q_야채_12,야태,식료품 중 '야채'를 판매·제공하는 매장,00b64830-f897-4643-a5fa-6d8950c2ef89,낭만상회,식품,문산자유시장,전통시장,경기도,1.0,0.0,,,P2_GRADED_ONLY,True,,,,,
998a8ce6b5363439d88e,val,야채,T6 기계변형,q_야채_12,야태,식료품 중 '야채'를 판매·제공하는 매장,000a244a-1e28-40b7-8d55-d5b1055f12d2,진해상회,채소,마산어시장,전통시장,경상남도,3.0,3.0,,,RESOLVED_AGREEMENT,False,3,,,,
a74a08a3f4ed70be1c7b,val,야채,T6 기계변형,q_야채_12,야태,식료품 중 '야채'를 판매·제공하는 매장,01b4b567-78d4-4fa1-9bff-25fd01fb1a4c,소문난김치집,김치,중앙먹거리 상인회 골목형상점가,골목형상점가,전라남도,1.0,0.0,,,P2_GRADED_ONLY,True,,,,,
050e8b060a32fc127ca7,val,야채,T6 기계변형,q_야채_12,야태,식료품 중 '야채'를 판매·제공하는 매장,82c0919c-3428-4a51-821a-69c7071321f4,대왕동태,동태탕,송죽만석 골목형상점가,골목형상점가,경기도,0.0,0.0,,,RESOLVED_AGREEMENT,False,0,,,,
17df459afca45165d5d1,val,야채,T6 기계변형,q_야채_12,야태,식료품 중 '야채'를 판매·제공하는 매장,03a6e716-3825-40e3-ba06-e047ee5e5483,부일반찬,김치,초량전통시장,전통시장,부산광역시,1.0,1.0,,,RESOLVED_AGREEMENT,False,1,,,,
8f19d45dafe754fbef4a,val,야채,T6 기계변형,q_야채_12,야태,식료품 중 '야채'를 판매·제공하는 매장,9383367e-3bc6-4792-b073-e94061b8fe98,제일황태,건어물,청주육거리종합시장,전통시장,충청북도,0.0,2.0,,,P1_BINARY_THRESHOLD,True,,,,,
7d698479065686786424,val,야채,T6 기계변형,q_야채_12,야태,식료품 중 '야채'를 판매·제공하는 매장,56db4778-14ee-4046-a171-821fc0e3f8ce,산수쌈밥,쌈밥,전남여고후문 골목형상점가,골목형상점가,광주광역시,0.0,0.0,,,RESOLVED_AGREEMENT,False,0,,,,
4f206099a7d308ba9a46,val,야채,T6 기계변형,q_야채_12,야태,식료품 중 '야채'를 판매·제공하는 매장,006204f3-b214-4611-a434-f896bf75e919,장터사랑,과일,농성세대공감상인회 골목형상점가,골목형상점가,광주광역시,1.0,2.0,,,P1_BINARY_THRESHOLD,True,,,,,
c870687c9d238597603f,val,야채,T6 기계변형,q_야채_12,야태,식료품 중 '야채'를 판매·제공하는 매장,d49e114a-6b56-4039-9ab0-e6edaf3a950c,짝태&노가리,건어물,인덕원 골목형상점가,골목형상점가,경기도,0.0,2.0,,,P1_BINARY_THRESHOLD,True,,,,,
29dd87cdf995dcb2d7a9,val,야채,T6 기계변형,q_야채_12,야태,식료품 중 '야채'를 판매·제공하는 매장,e101af9e-6919-4169-9bd0-61c460dd98a2,우정명태,한식,군산동백로 나운상가 골목형상점가,골목형상점가,전북특별자치도,0.0,0.0,,,RESOLVED_AGREEMENT,False,0,,,,
9cf27942d2b0855ca2f6,val,야채,T6 기계변형,q_야채_12,야태,식료품 중 '야채'를 판매·제공하는 매장,016f8113-22a7-4ef1-a80f-0562dd2a06e9,동이식품,"식품, 농산물",중앙신시장,전통시장,경상북도,3.0,3.0,,,RESOLVED_AGREEMENT,False,3,,,,
bf389024e3d024662ebf,val,야채,T6 기계변형,q_야채_12,야태,식료품 중 '야채'를 판매·제공하는 매장,01f160fc-531c-4191-aa22-453462e0f38a,천년,김치,오정동상점가,자율상권구역,대전광역시,1.0,0.0,,,P2_GRADED_ONLY,True,,,,,
aa4a12e75cf4af97d54b,val,야채,T6 기계변형,q_야채_12,야태,식료품 중 '야채'를 판매·제공하는 매장,009a3629-5dbc-47c2-adea-b1f9bc2c083a,동해농수산,야채,방학동도깨비시장,전통시장,서울특별시,3.0,3.0,,,RESOLVED_AGREEMENT,False,3,,,,
6e56e5a273d8bd4f5d98,val,야채,T6 기계변형,q_야채_12,야태,식료품 중 '야채'를 판매·제공하는 매장,001cb3d4-5441-4963-b517-d5b3904ee312,현창떡집,떡집,목포동부시장,전통시장,전라남도,0.0,0.0,,,RESOLVED_AGREEMENT,False,0,,,,
7e2581508ce81f8b5464,val,야채,T6 기계변형,q_야채_12,야태,식료품 중 '야채'를 판매·제공하는 매장,008d4156-e489-4d1f-9205-b541972d35a8,과일왕,과일 잡화 야채 먹거리,연제동 골목형상점가,골목형상점가,광주광역시,3.0,3.0,,,RESOLVED_AGREEMENT,False,3,,,,
f284d0a1ad406f1c109b,val,야채,T6 기계변형,q_야채_12,야태,식료품 중 '야채'를 판매·제공하는 매장,c11d554d-2cb3-48c0-8a7c-e982e1116006,야저,한식,풍납시장,전통시장,서울특별시,0.0,0.0,,,RESOLVED_AGREEMENT,False,0,,,,
9a4024dedf4ec5483c38,val,야채,T6 기계변형,q_야채_12,야태,식료품 중 '야채'를 판매·제공하는 매장,14e5687f-f84f-45b4-bd24-62da3eed4dda,요리천재의 콩팥동태,한식,장터길 골목형상점가,골목형상점가,경기도,0.0,0.0,,,RESOLVED_AGREEMENT,False,0,,,,
4e70409285fb505416bc,val,야채,T6 기계변형,q_야채_12,야태,식료품 중 '야채'를 판매·제공하는 매장,07a1fcea-6d63-42e3-87c7-61de15dc8e86,짝태&노가리,한식,떠오르길 골목형상점가,골목형상점가,경기도,0.0,0.0,,,RESOLVED_AGREEMENT,False,0,,,,
06a1ebd5c20d66203979,val,야채,T6 기계변형,q_야채_12,야태,식료품 중 '야채'를 판매·제공하는 매장,0ea864eb-7aac-40cc-a5df-37d6470f9ec7,야채살롱,야채외,대연골목시장 골목형상점가,골목형상점가,부산광역시,3.0,3.0,,,RESOLVED_AGREEMENT,False,3,,,,
0d51afe8319370a43377,val,야채,T6 기계변형,q_야채_12,야태,식료품 중 '야채'를 판매·제공하는 매장,c51bafd3-2590-4776-9050-55095c025608,먹태오빠짝태,음식,선운 골목형상점가,골목형상점가,광주광역시,0.0,0.0,,,RESOLVED_AGREEMENT,False,0,,,,
540c573d21c8ff7d8a9d,val,야채,T6 기계변형,q_야채_12,야태,식료품 중 '야채'를 판매·제공하는 매장,00045dfc-0681-4fb3-8265-33b3df14c289,한라농산,과일,황지시장상점가,자율상권구역,강원특별자치도,1.0,2.0,,,P1_BINARY_THRESHOLD,True,,,,,
92127571f60a3caa71de,val,야채,T6 기계변형,q_야채_12,야태,식료품 중 '야채'를 판매·제공하는 매장,00333be0-b70d-4197-aa97-5a277d61e0da,㈜신진후르츠,과일,부전농수산물새벽시장,전통시장,부산광역시,1.0,2.0,,,P1_BINARY_THRESHOLD,True,,,,,
442000405345c7727656,val,야채,T6 기계변형,q_야채_12,야태,식료품 중 '야채'를 판매·제공하는 매장,239ac6a8-7330-4f79-a2f3-f8e4b1b9526a,짝태&노가리,일반음식,장안문거북시장,전통시장,경기도,0.0,0.0,,,RESOLVED_AGREEMENT,False,0,,,,
3caaf028b6afc6bdacae,val,야채,T6 기계변형,q_야채_12,야태,식료품 중 '야채'를 판매·제공하는 매장,43c03e36-c146-4944-bcd4-879bc435fad2,도온쌈,쌈밥,남이동길골목형상점가,골목형상점가,서울특별시,0.0,0.0,,,RESOLVED_AGREEMENT,False,0,,,,
dc62bf95c9f556b36ec8,val,야채,T6 기계변형,q_야채_12,야태,식료품 중 '야채'를 판매·제공하는 매장,586a9700-ffe0-4f66-a8b2-56084d0ad0bc,야작,한식,전남대 상대 골목형상점가,골목형상점가,광주광역시,0.0,0.0,,,RESOLVED_AGREEMENT,False,0,,,,
300b217ebdf98911e7d9,val,야채,T6 기계변형,q_야채_12,야태,식료품 중 '야채'를 판매·제공하는 매장,64337542-338e-47a2-8211-53063d648e10,해담 석바위직영점,,석바위시장,전통시장,인천광역시,,0.0,Y,,P0_UNCERTAIN_OR_MISSING,True,,,,,
c6ce6e227a3b8d97ddf2,val,야채,T6 기계변형,q_야채_12,야태,식료품 중 '야채'를 판매·제공하는 매장,d54a7ea8-a678-4f89-991f-9f903e73922a,소무난동태,한식,직산읍삼은1번가골목형상점가,골목형상점가,충청남도,0.0,3.0,,,P1_BINARY_THRESHOLD,True,,,,,
aaeca82c9b4aefb87167,val,야채,T6 기계변형,q_야채_12,야태,식료품 중 '야채'를 판매·제공하는 매장,547be72a-2b08-4865-acc9-efec48cc1450,야채꾼,야채,신 강남시장,전통시장,인천광역시,3.0,3.0,,,RESOLVED_AGREEMENT,False,3,,,,
8a399075f42e6444724a,val,야채,T6 기계변형,q_야채_12,야태,식료품 중 '야채'를 판매·제공하는 매장,00344d24-5aaa-4dc7-ba51-3c041c147576,고향뜰영농조합법인,농산물,양산 북부시장,전통시장,경상남도,3.0,3.0,,,RESOLVED_AGREEMENT,False,3,,,,
e584c164d9d2e5306ca7,val,야채,T6 기계변형,q_야채_12,야태,식료품 중 '야채'를 판매·제공하는 매장,90d09498-817e-4f3f-9f00-00b02f603081,태 백,한식,상무연하상인회 골목형상점가,골목형상점가,광주광역시,0.0,0.0,,,RESOLVED_AGREEMENT,False,0,,,,
26a40362c3ac5cea5a49,val,야채,T6 기계변형,q_야채_12,야태,식료품 중 '야채'를 판매·제공하는 매장,51762ca5-a5fa-4770-88ca-e71b9807e648,보태 봉명점,미용업,유성도안 골목형상점가,골목형상점가,대전광역시,0.0,0.0,,,RESOLVED_AGREEMENT,False,0,,,,
eb4cf6716ecb505621d2,val,야채,T6 기계변형,q_야채_12,야태,식료품 중 '야채'를 판매·제공하는 매장,4b7cc3ef-8037-4cbe-91da-d054d5857ada,원호네,동태,의정부제일시장,전통시장,경기도,0.0,0.0,,,RESOLVED_AGREEMENT,False,0,,,,
26eb643378586fb1c941,val,야채,T6 기계변형,q_야채_12,야태,식료품 중 '야채'를 판매·제공하는 매장,008b2657-018e-4d46-b0b0-a173aee3f37a,대원상회,농산물,대구능금시장,전통시장,대구광역시,3.0,3.0,,,RESOLVED_AGREEMENT,False,3,,,,
33cf515889edb367c703,val,야채,T6 기계변형,q_야채_12,야태,식료품 중 '야채'를 판매·제공하는 매장,0b8ef6dc-2f6b-4707-bd73-529122d9c97a,하단떡집,떡집,하단오일상설시장,전통시장,부산광역시,0.0,0.0,,,RESOLVED_AGREEMENT,False,0,,,,
af195e785c52d7b71049,val,야채,T6 기계변형,q_야채_12,야태,식료품 중 '야채'를 판매·제공하는 매장,a5c5c73d-cfa7-4a63-8ecf-cf06de7e5107,숯불바베큐짝태,바베큐,연신내골목형상점가,골목형상점가,서울특별시,0.0,0.0,,,RESOLVED_AGREEMENT,False,0,,,,
dc46944f37fed2aa4f1d,val,야채,T6 기계변형,q_야채_12,야태,식료품 중 '야채'를 판매·제공하는 매장,bd2da1c0-5a45-4b13-9500-7c8a47e3b60a,오늘먹태,,상현 마실로 골목형상점가,골목형상점가,경기도,,0.0,Y,,P0_UNCERTAIN_OR_MISSING,True,,,,,
223a4e6d810909813e77,val,야채,T6 기계변형,q_야채_12,야태,식료품 중 '야채'를 판매·제공하는 매장,8b4a52e2-288f-4989-94d8-30e213872380,코엔먹태짝태,한식,용인중앙시장,전통시장,경기도,0.0,0.0,,,RESOLVED_AGREEMENT,False,0,,,,
115964ef0e4d78e8b598,val,야채,T6 기계변형,q_야채_12,야태,식료품 중 '야채'를 판매·제공하는 매장,007fd232-3c16-44ff-be59-cf265f3775e9,동문상회,채소버섯,팔달신시장,전통시장,대구광역시,3.0,3.0,,,RESOLVED_AGREEMENT,False,3,,,,
eea31b1e0071cf535f4f,val,야채,T6 기계변형,q_야채_12,야태,식료품 중 '야채'를 판매·제공하는 매장,12bac5de-59a7-472a-946b-5e38694a5648,한옥촌,쌈밥,전농배봉산맛집거리골목형상점가,골목형상점가,서울특별시,0.0,0.0,,,RESOLVED_AGREEMENT,False,0,,,,
cf0011a78eb2a867ab97,val,야채,T6 기계변형,q_야채_12,야태,식료품 중 '야채'를 판매·제공하는 매장,0042e83d-930b-4d1d-a96f-f1a2691256cd,성화상회,과일,대구능금시장,전통시장,대구광역시,1.0,2.0,,,P1_BINARY_THRESHOLD,True,,,,,
61d4c35d01dc29c4076d,val,야채,T6 기계변형,q_야채_12,야태,식료품 중 '야채'를 판매·제공하는 매장,872191d3-a10f-45fe-8a5e-b205aeb9402d,고운길약국,의약 의료용품,고운마음 골목형상점가,골목형상점가,세종특별자치시,0.0,0.0,,,RESOLVED_AGREEMENT,False,0,,,,
3ac50541845cad0ae1b2,val,야채,T6 기계변형,q_야채_12,야태,식료품 중 '야채'를 판매·제공하는 매장,00b6e321-5954-437c-b1d9-94fded29f67e,웰빙마트,식품,서남신시장,전통시장,대구광역시,1.0,1.0,,,RESOLVED_AGREEMENT,False,1,,,,
e2b5ccf3487f4f8453e2,val,야채,T6 기계변형,q_야채_12,야태,식료품 중 '야채'를 판매·제공하는 매장,439667d7-d991-4064-8afd-c20dad9749b0,유미용실,미용실,봉화상설시장,전통시장,경상북도,0.0,0.0,,,RESOLVED_AGREEMENT,False,0,,,,
0201bd7a407a8e39948f,val,야채,T6 기계변형,q_야채_12,야태,식료품 중 '야채'를 판매·제공하는 매장,ccce2727-bd37-407f-8f60-1c5f93eaaf4f,법무법인 해태,변호사업,법원 앞 사과마을 골목형상점가,골목형상점가,광주광역시,0.0,3.0,,,P1_BINARY_THRESHOLD,True,,,,,
799b2e4ba3738467a8db,val,야채,T6 기계변형,q_야채_12,야태,식료품 중 '야채'를 판매·제공하는 매장,09e5fb7c-d0cc-4720-92df-5a5cece636c7,샐러리아 잠실본점,샐러드,방이시장,전통시장,서울특별시,1.0,0.0,,,P2_GRADED_ONLY,True,,,,,
cc5b0dda789cc528d995,val,야채,T6 기계변형,q_야채_12,야태,식료품 중 '야채'를 판매·제공하는 매장,00e92856-b294-4032-8540-d60e9817f2d8,럭키약국,"의약품, 건강기능식품, 식품",충무로골목형상점가,골목형상점가,서울특별시,1.0,0.0,,,P2_GRADED_ONLY,True,,,,,
89e2dc2b1671df29494e,val,야채,T6 기계변형,q_야채_12,야태,식료품 중 '야채'를 판매·제공하는 매장,a1b7c2d7-57a3-4eb6-a9c5-1af3e3293a95,생태한마리,생태,신가드림 골목형상점가,골목형상점가,광주광역시,0.0,0.0,,,RESOLVED_AGREEMENT,False,0,,,,
23f3679fa116001091e5,val,야채,T6 기계변형,q_야채_12,야태,식료품 중 '야채'를 판매·제공하는 매장,00f0eee4-789e-4a7b-afc5-f1e7fc279b83,전국상회,야채,청량리종합시장,전통시장,서울특별시,3.0,3.0,,,RESOLVED_AGREEMENT,False,3,,,,
128e732ae08594fe47ca,val,야채,T6 기계변형,q_야채_12,야태,식료품 중 '야채'를 판매·제공하는 매장,c12a5b52-d223-45c4-a055-e3ea587c4d4f,이 태 리 가구,가구 및 소품,문창동 보물찾(Chat)길 골목형상점가,골목형상점가,대전광역시,0.0,0.0,,,RESOLVED_AGREEMENT,False,0,,,,
53f8bb48d46871204e0e,val,야채,T6 기계변형,q_야채_12,야태,식료품 중 '야채'를 판매·제공하는 매장,779998ec-2426-4c82-b76b-b484c636ee24,탄생,가죽 및 가죽제품,중앙로 지하상가 상점가,일반지하상점가,대전광역시,0.0,0.0,,,RESOLVED_AGREEMENT,False,0,,,,
a50eb81b68c249b84c99,val,야채,T6 기계변형,q_야채_12,야태,식료품 중 '야채'를 판매·제공하는 매장,3ab84e66-6f02-4210-ba90-7c029126a74c,생선명가 거북명태,명태 오징어 갑오징어,송촌동상점가,자율상권구역,대전광역시,0.0,0.0,,,RESOLVED_AGREEMENT,False,0,,,,
03317d8a0538309b49a1,val,야채,T6 기계변형,q_야채_12,야태,식료품 중 '야채'를 판매·제공하는 매장,636f0140-fd9e-4d44-a781-f3e96d171181,유광상회,건명태,번개시장,전통시장,대구광역시,0.0,0.0,,,RESOLVED_AGREEMENT,False,0,,,,
e76fe41f2e1201d19cd1,val,야채,T6 기계변형,q_야채_12,야태,식료품 중 '야채'를 판매·제공하는 매장,005313c8-dce8-49b6-9841-9143ebb1305a,동원떡집,,박달시장,전통시장,경기도,0.0,0.0,,,RESOLVED_AGREEMENT,False,0,,,,
6079ce769bae4bf1586c,val,야채,T6 기계변형,q_야채_12,야태,식료품 중 '야채'를 판매·제공하는 매장,f23c079a-3aa7-4404-93f0-1709893db7e1,생태명가,생태 동태,청사 골목형상점가,골목형상점가,대전광역시,0.0,0.0,,,RESOLVED_AGREEMENT,False,0,,,,
c404a9ac273acc07b4cb,val,야채,T6 기계변형,q_야채_12,야태,식료품 중 '야채'를 판매·제공하는 매장,f5824a68-13a8-43f7-ad03-5754cdbba527,대명가,아론사태,금암동 골목형상점가,골목형상점가,충청남도,0.0,0.0,,,RESOLVED_AGREEMENT,False,0,,,,
620eec53e7a0de8692d2,val,야채,T6 기계변형,q_야채_12,야태,식료품 중 '야채'를 판매·제공하는 매장,7fdbfbd2-930f-4329-a225-ca7b797e3274,야채,야채,원종고강제일시장(부천제일시장),전통시장,경기도,3.0,3.0,,,RESOLVED_AGREEMENT,False,3,,,,
9e6e6ca058ccb35b574b,val,야채,T6 기계변형,q_야채_12,야태,식료품 중 '야채'를 판매·제공하는 매장,1ec25b34-a74c-4a63-ab37-1e247deb82e7,문길수동태탕.찜,동태,당진시신도심상점가,자율상권구역,충청남도,0.0,0.0,,,RESOLVED_AGREEMENT,False,0,,,,
338c184d330fc79544cc,val,야채,T6 기계변형,q_야채_12,야태,식료품 중 '야채'를 판매·제공하는 매장,0097b3e2-b5cf-4050-b719-c9d7738067c0,시흥상회,"소매(야채,과일)",광명전통시장,전통시장,경기도,3.0,3.0,,,RESOLVED_AGREEMENT,False,3,,,,
af01b4978b91457a302a,val,야채,T6 기계변형,q_야채_12,야태,식료품 중 '야채'를 판매·제공하는 매장,1ddf4a58-3942-43f5-8b76-a1837f3edccb,황태랑버섯,황태,포항 대이상가 골목형상점가,골목형상점가,경상북도,2.0,3.0,,,P2_GRADED_ONLY,True,,,,,
e7ad2ad59df18e7c89c4,val,야채,T6 기계변형,q_야채_12,야태,식료품 중 '야채'를 판매·제공하는 매장,55b49d96-2321-4aed-9c1f-751448a7164b,뉴해태,음식,운암시장 주변 골목형상점가,골목형상점가,광주광역시,0.0,0.0,,,RESOLVED_AGREEMENT,False,0,,,,
03c3370a8b318d6583f0,val,야채,T6 기계변형,q_야채_12,야태,식료품 중 '야채'를 판매·제공하는 매장,05530d0f-82ed-47a1-8015-32b6c30e3752,진수산삼다식품,"젓갈류, 김치, 수산물",동문재래시장,전통시장,제주특별자치도,1.0,0.0,,,P2_GRADED_ONLY,True,,,,,
61140514122593b76003,val,야채,T6 기계변형,q_야채_12,야태,식료품 중 '야채'를 판매·제공하는 매장,cf251d52-ad37-4be8-adfa-16231851ea3f,쌍굴로모여든명태,한식,오치 쌍굴 골목형상점가,골목형상점가,광주광역시,0.0,0.0,,,RESOLVED_AGREEMENT,False,0,,,,
7fb6e9a0f5d08568b85a,val,야채,T6 기계변형,q_야채_12,야태,식료품 중 '야채'를 판매·제공하는 매장,d29967a5-37f8-41ca-8a54-97f481cfe18c,용대리황태,한식,매곡 골목형상점가,골목형상점가,대구광역시,0.0,0.0,,,RESOLVED_AGREEMENT,False,0,,,,
9b61b8d944b297951e49,val,야채,T6 기계변형,q_야채_12,야태,식료품 중 '야채'를 판매·제공하는 매장,a662fedc-a4f0-492f-bbab-be3a48e666ca,먹태집,먹태,안녕마을골목형상점가,골목형상점가,대전광역시,0.0,0.0,,,RESOLVED_AGREEMENT,False,0,,,,
77da3c50b5fb37eaeff1,val,야채,T6 기계변형,q_야채_12,야태,식료품 중 '야채'를 판매·제공하는 매장,a3f01ac9-9667-47b7-9865-a93fddfcd64e,이가명태,명태조림,포항 대이상가 골목형상점가,골목형상점가,경상북도,0.0,0.0,,,RESOLVED_AGREEMENT,False,0,,,,
be14bc0af869d62a6289,val,야채,T6 기계변형,q_야채_12,야태,식료품 중 '야채'를 판매·제공하는 매장,0174d58f-3182-48ce-9bb7-0818d21a6763,야채,,만수시장,전통시장,인천광역시,3.0,3.0,,,RESOLVED_AGREEMENT,False,3,,,,
f53ba66a17f24af1da93,val,야채,T6 기계변형,q_야채_12,야태,식료품 중 '야채'를 판매·제공하는 매장,0533a201-3b07-4029-8158-c4d2ad17c7bf,텃밭쌈밥,쌈밥,역전시장,전통시장,충청남도,0.0,0.0,,,RESOLVED_AGREEMENT,False,0,,,,
4a882efd66bd2d4364a0,val,야채,T6 기계변형,q_야채_12,야태,식료품 중 '야채'를 판매·제공하는 매장,000527f2-442a-4dd1-9bfc-8a8cd9fd5410,(유)뉴현대상회,농산물,가락몰골목형상점가,골목형상점가,서울특별시,3.0,3.0,,,RESOLVED_AGREEMENT,False,3,,,,
9615b98795e5612c93e6,val,야채,T6 기계변형,q_야채_12,야태,식료품 중 '야채'를 판매·제공하는 매장,38d33dd0-da61-4784-bac4-f0d8ecbe6d79,야채천국,야채,길동복조리시장,전통시장,서울특별시,3.0,3.0,,,RESOLVED_AGREEMENT,False,3,,,,
e5a40a33a42461eb8894,val,야채,T6 기계변형,q_야채_12,야태,식료품 중 '야채'를 판매·제공하는 매장,b6e188a7-48f4-407e-936d-3e066bff6c81,강민철왕먹태 일산신원점,황태,권율 골목형상점가,골목형상점가,경기도,0.0,0.0,,,RESOLVED_AGREEMENT,False,0,,,,
5830b5e84ad2bb942f8d,val,야채,T6 기계변형,q_야채_12,야태,식료품 중 '야채'를 판매·제공하는 매장,014072fb-b412-4fb3-a663-31dbf80e44a6,매일상회,"야채, 과일",고산미소시장(고산시장),전통시장,전북특별자치도,3.0,3.0,,,RESOLVED_AGREEMENT,False,3,,,,
9023c8ee560aaf83138b,val,야채,T6 기계변형,q_야채_12,야태,식료품 중 '야채'를 판매·제공하는 매장,009f034c-8e3b-4a32-aab3-55ece8718004,장봐주는언니 임동점,농수축산물및 가공식품,제니스 골목형상점가,골목형상점가,광주광역시,1.0,0.0,,,P2_GRADED_ONLY,True,,,,,
4fc62e538945c1acb2ce,val,야채,T6 기계변형,q_야채_12,야태,식료품 중 '야채'를 판매·제공하는 매장,00c56499-bc90-4ed6-bb66-3802cc762889,의령상회,채소,부전상가시장,전통시장,부산광역시,3.0,3.0,,,RESOLVED_AGREEMENT,False,3,,,,
9cc37160d255b280e602,val,야채,T6 기계변형,q_야채_12,야태,식료품 중 '야채'를 판매·제공하는 매장,c79147b2-aa11-4e73-92f0-50072a9668b9,봉천명태,한식,봉리단길골목형상점가,골목형상점가,서울특별시,0.0,0.0,,,RESOLVED_AGREEMENT,False,0,,,,
e5ca6da5ddab19a69f02,val,야채,T6 기계변형,q_야채_12,야태,식료품 중 '야채'를 판매·제공하는 매장,81902690-60f2-47f7-a6d6-12fb700b3387,태 양,기름 곡류,대인시장,전통시장,,0.0,0.0,,,RESOLVED_AGREEMENT,False,0,,,,
fda610fcf4302cd5aa6f,val,야채,T6 기계변형,q_야채_12,야태,식료품 중 '야채'를 판매·제공하는 매장,7dd128e0-4843-46b6-8813-3aff6f813088,조이통신 장흥점,핸드폰,장흥중앙로 골목형상점가,골목형상점가,전라남도,0.0,0.0,,,RESOLVED_AGREEMENT,False,0,,,,
12a5141aca249ccf64d2,val,야채,T6 기계변형,q_야채_12,야태,식료품 중 '야채'를 판매·제공하는 매장,4e22535c-535c-4ffe-adcb-498cb435b729,풍암생태야생태,한식,풍암새누리상인회 골목형상점가,골목형상점가,광주광역시,0.0,0.0,,,RESOLVED_AGREEMENT,False,0,,,,
a6c1d1f5d6a39b661c8f,val,야채,T6 기계변형,q_야채_12,야태,식료품 중 '야채'를 판매·제공하는 매장,54a325f6-66f5-42ed-b765-668e980674af,야후통신,,삼호동상가 골목형상점가,골목형상점가,울산광역시,,0.0,Y,,P0_UNCERTAIN_OR_MISSING,True,,,,,
9db4af811758fa74d117,val,야채,T6 기계변형,q_야채_12,야태,식료품 중 '야채'를 판매·제공하는 매장,01e96e25-dcb5-4957-bc59-05c27b1dae7a,샐러드밀,샐러드,오룡행복 골목형상점가,골목형상점가,전라남도,1.0,0.0,,,P2_GRADED_ONLY,True,,,,,
f4a8ff310eadb48a32b2,val,야채,T6 기계변형,q_야채_12,야태,식료품 중 '야채'를 판매·제공하는 매장,491616ee-2002-474f-b16d-6dca15d13a63,한국특산물,감태 등,태안동부시장(구 태안특산물전통시장),전통시장,충청남도,0.0,0.0,,,RESOLVED_AGREEMENT,False,0,,,,
9b272586c55300db32b2,val,야채,T6 기계변형,q_야채_12,야태,식료품 중 '야채'를 판매·제공하는 매장,009be3cd-7c52-41e4-91fc-c377ddfa78c0,언양시장야채,야채,언양알프스시장,전통시장,울산광역시,3.0,3.0,,,RESOLVED_AGREEMENT,False,3,,,,
08423fc4e3334ecd0349,val,야채,T6 기계변형,q_야채_12,야태,식료품 중 '야채'를 판매·제공하는 매장,06f191fb-14b4-4d51-8efb-39d44343f1a7,유한회사 바르메이드,샐러드,상무시청상인회 골목형상점가,골목형상점가,광주광역시,1.0,0.0,,,P2_GRADED_ONLY,True,,,,,
49717602c9908880703f,val,야채,T6 기계변형,q_야채_12,야태,식료품 중 '야채'를 판매·제공하는 매장,6030f05b-4742-4cc6-ac0d-1f0a2a143dd9,기능명품,세태,운암대자골 골목형상점가,골목형상점가,광주광역시,0.0,0.0,,,RESOLVED_AGREEMENT,False,0,,,,
b31593ae06653e1a13a3,val,야채,T6 기계변형,q_야채_12,야태,식료품 중 '야채'를 판매·제공하는 매장,0045f871-6f40-4361-bcdd-2b94bf597287,무파장터,야채 청과물,신금정시장 골목형 상점가,골목형상점가,부산광역시,3.0,3.0,,,RESOLVED_AGREEMENT,False,3,,,,
8190a800ba8ad1e3dfea,val,야채,T6 기계변형,q_야채_12,야태,식료품 중 '야채'를 판매·제공하는 매장,8dd0e3f3-5776-478f-873c-12b565700034,한혜정참맛동태,"명태, 한식",공주산성 활성화구역,전통시장,충청남도,0.0,0.0,,,RESOLVED_AGREEMENT,False,0,,,,
ac8841bd9446da7770c3,val,야채,T6 기계변형,q_야채_12,야태,식료품 중 '야채'를 판매·제공하는 매장,008d1ed4-a5d7-492e-9959-f8307a68cc5f,샐러드 정원,"샐러드, 샌드위치",미성동도깨비시장,골목형상점가,서울특별시,1.0,0.0,,,P2_GRADED_ONLY,True,,,,,
c2d04a378a59415d3e47,val,야채,T6 기계변형,q_야채_12,야태,식료품 중 '야채'를 판매·제공하는 매장,014b06bd-3fa3-4cde-b459-e62ca64c33aa,조은식품,채소,하양꿈바우시장,전통시장,경상북도,3.0,3.0,,,RESOLVED_AGREEMENT,False,3,,,,
e361ea4a90149eeb47eb,val,야채,T6 기계변형,q_야채_12,야태,식료품 중 '야채'를 판매·제공하는 매장,00947369-dfd0-4074-b22e-c8b430a98a70,에스.에이.팜(S.A.farm),"표고버섯및농산물, 잡화, 통신판매",무주반딧불상권활성화구역,상권활성화구역,전북특별자치도,3.0,3.0,,,RESOLVED_AGREEMENT,False,3,,,,
d65c032d83ca3d007f4c,val,야채,T6 기계변형,q_야채_12,야태,식료품 중 '야채'를 판매·제공하는 매장,006601da-192a-4275-90bf-aa320c79ea9f,바이럽,샐러드,현풍백년도깨비시장,전통시장,대구광역시,1.0,0.0,,,P2_GRADED_ONLY,True,,,,,
7a0d20fb9ebd38015810,val,야채,T6 기계변형,q_야채_12,야태,식료품 중 '야채'를 판매·제공하는 매장,00534c22-4465-442e-95db-66dd08f99320,삼원상회,채소,칠성시장,전통시장,대구광역시,3.0,3.0,,,RESOLVED_AGREEMENT,False,3,,,,
62eebe4e9b6af41d416a,val,야채,T6 기계변형,q_야채_12,야태,식료품 중 '야채'를 판매·제공하는 매장,9b59835d-fd38-4b96-bb55-3f1b6089f691,리본태,리본,부산진시장,전통시장,부산광역시,0.0,0.0,,,RESOLVED_AGREEMENT,False,0,,,,
b25f0ee00fc2036ae34c,val,야채,T6 기계변형,q_야채_12,야태,식료품 중 '야채'를 판매·제공하는 매장,2091d875-ec3e-46c8-850f-4bc4fb0cb0e8,맥주점방,먹태,소담마실길 골목형상점가,골목형상점가,세종특별자치시,0.0,0.0,,,RESOLVED_AGREEMENT,False,0,,,,
e3e4b27e946f6aafcb0a,val,야채,T6 기계변형,q_야채_12,야태,식료품 중 '야채'를 판매·제공하는 매장,0622e5e4-d762-4378-aeb6-eb6148f9dec6,개도리김치,"김치, 채소, 건어물",나주목사고을시장,전통시장,,3.0,3.0,,,RESOLVED_AGREEMENT,False,3,,,,
2039daf818f37462692f,val,야채,T6 기계변형,q_야채_12,야태,식료품 중 '야채'를 판매·제공하는 매장,9edaa1a7-5195-434b-a07c-d58509f88ea4,훈이네반찬,반찬,중곡제일골목시장(중곡제일전통시장),전통시장,서울특별시,0.0,1.0,,,P2_GRADED_ONLY,True,,,,,
0a725e3e80049f339747,val,야채,T6 기계변형,q_야채_12,야태,식료품 중 '야채'를 판매·제공하는 매장,014fc673-2f3b-48cf-a134-d5aebb132435,동성상회,야채,동두천중앙시장,전통시장,경기도,3.0,3.0,,,RESOLVED_AGREEMENT,False,3,,,,
2ddc0156db70cd112d5c,val,야채,T6 기계변형,q_야채_12,야태,식료품 중 '야채'를 판매·제공하는 매장,15578c36-25cb-47c6-b623-02d015391845,서가네쌈밥,쌈밥,면곡시장 골목형상점가,골목형상점가,서울특별시,0.0,0.0,,,RESOLVED_AGREEMENT,False,0,,,,
a0d93aa1eede67e0edb3,val,야채,T6 기계변형,q_야채_12,야태,식료품 중 '야채'를 판매·제공하는 매장,16bf70bb-de58-4fd6-849d-55247bdb4f3b,명성건어물,"명태, 밤",말바우시장,전통시장,광주광역시,0.0,2.0,,,P1_BINARY_THRESHOLD,True,,,,,
e021699a45f8de7be03c,val,운동,T1 정확표기,q_운동_01,운동,문화·여가 중 '운동'을 판매·제공하는 매장,01a5e178-ba34-4e15-ac4d-07a398900593,가자점핑다이어트클럽,"점핑, 요가",문흥2동 골목형상점가,골목형상점가,광주광역시,3.0,3.0,,,RESOLVED_AGREEMENT,False,3,,,,
cf26ca46cced54c85e39,val,운동,T1 정확표기,q_운동_01,운동,문화·여가 중 '운동'을 판매·제공하는 매장,0041f699-c619-48b9-b3a9-814af9905c66,GB트레이닝센터,운동,일곡동(제5지역:제1근린공원 건너편),골목형상점가,광주광역시,3.0,3.0,,,RESOLVED_AGREEMENT,False,3,,,,
74e20ab9459a4271a4af,val,운동,T1 정확표기,q_운동_01,운동,문화·여가 중 '운동'을 판매·제공하는 매장,ba53aad3-51c8-4a85-8b5f-53b0994e0201,푸라닭 부산국제신도시점,치킨 전문점,명지국제 골목형상점가,골목형상점가,부산광역시,0.0,0.0,,,RESOLVED_AGREEMENT,False,0,,,,
c71560f57ac9bc6b7cc6,val,운동,T1 정확표기,q_운동_01,운동,문화·여가 중 '운동'을 판매·제공하는 매장,e7950498-f062-4897-b078-cc5085964fef,러프바레,바레 운동,반곡동행복 골목형상점가,골목형상점가,세종특별자치시,3.0,3.0,,,RESOLVED_AGREEMENT,False,3,,,,
49073eb3bec404318368,val,운동,T1 정확표기,q_운동_01,운동,문화·여가 중 '운동'을 판매·제공하는 매장,84a53631-234a-4dd4-8fe4-03dac1f13ca7,지투운동재활센터,운동,금당산길상인회 골목형상점가,골목형상점가,광주광역시,3.0,3.0,,,RESOLVED_AGREEMENT,False,3,,,,
09dddf23e4ac9daf8f03,val,운동,T1 정확표기,q_운동_01,운동,문화·여가 중 '운동'을 판매·제공하는 매장,19f1b8be-585f-4389-99ba-c0733b45043e,55식당,,관평동 골목형상점가,골목형상점가,대전광역시,,0.0,Y,,P0_UNCERTAIN_OR_MISSING,True,,,,,
b8fc779c0e4850909fb3,val,운동,T1 정확표기,q_운동_01,운동,문화·여가 중 '운동'을 판매·제공하는 매장,91f4137c-b572-41de-8e8b-16beb7db3832,하나당구클럽,운동,휴먼시아 3단지 골목형상점가,골목형상점가,울산광역시,3.0,3.0,,,RESOLVED_AGREEMENT,False,3,,,,
a7ca85a2e021c486c2bf,val,운동,T1 정확표기,q_운동_01,운동,문화·여가 중 '운동'을 판매·제공하는 매장,07466d2d-51a2-4c17-8dcf-1af1bfb6f868,금강랜드로바 원주점,운동화가죽신발등산용품,원주중앙로문화의거리,자율상권구역,강원특별자치도,3.0,3.0,,,RESOLVED_AGREEMENT,False,3,,,,
ed5d7f2f76d763d21acf,val,운동,T1 정확표기,q_운동_01,운동,문화·여가 중 '운동'을 판매·제공하는 매장,e20d3a17-04e8-433a-bd00-128fead1ab96,우수한 운동 습관 PT,,열매 골목형상점가,골목형상점가,대전광역시,3.0,3.0,,,RESOLVED_AGREEMENT,False,3,,,,
b04efe85caa1d5c868ae,val,운동,T1 정확표기,q_운동_01,운동,문화·여가 중 '운동'을 판매·제공하는 매장,2cb321d2-24e7-41f7-8e2f-7643eb70ce42,파워존 대전,운동,궁동 골목형상점가,골목형상점가,대전광역시,3.0,3.0,,,RESOLVED_AGREEMENT,False,3,,,,
dc52e2321e4420a17e70,val,운동,T1 정확표기,q_운동_01,운동,문화·여가 중 '운동'을 판매·제공하는 매장,00172c94-61f0-4197-afeb-d7e8187c79b5,옷이예쁘다,의류,메트로센터(반월당지하쇼핑),일반지하상점가,대구광역시,1.0,1.0,,,RESOLVED_AGREEMENT,False,1,,,,
a3232e3b915bef78a17d,val,운동,T1 정확표기,q_운동_01,운동,문화·여가 중 '운동'을 판매·제공하는 매장,07d89ce7-de40-4795-a10b-414cc1e269ef,매곡 천부경 명상센터,"명상수련, 요가",매곡동 골목형상점가,골목형상점가,광주광역시,3.0,3.0,,,RESOLVED_AGREEMENT,False,3,,,,
d6a807d08afc904393a6,val,운동,T1 정확표기,q_운동_01,운동,문화·여가 중 '운동'을 판매·제공하는 매장,2dd20657-fa4b-4e0b-955c-5ca2a2703697,브로스체육관,운동,대남대로181번길 골목형상점가,골목형상점가,광주광역시,3.0,3.0,,,RESOLVED_AGREEMENT,False,3,,,,
ece5d370c34065097b22,val,운동,T1 정확표기,q_운동_01,운동,문화·여가 중 '운동'을 판매·제공하는 매장,df2c9837-be1a-48ac-b9fe-8bcf4e995d40,"요가,하다",운동,신가동 골목형상점가,골목형상점가,광주광역시,3.0,3.0,,,RESOLVED_AGREEMENT,False,3,,,,
b43129e920603f2e8ce1,val,운동,T1 정확표기,q_운동_01,운동,문화·여가 중 '운동'을 판매·제공하는 매장,695a4781-bea7-4967-aa60-9508c1d6f994,강호체육관,운동,운암 서영 골목형상점가,골목형상점가,광주광역시,3.0,3.0,,,RESOLVED_AGREEMENT,False,3,,,,
f6b401319f877d5aebaf,val,운동,T1 정확표기,q_운동_01,운동,문화·여가 중 '운동'을 판매·제공하는 매장,ac6cd3f3-972f-4b2d-9186-c55e4f213297,더블유핏,운동,동천동먹자골목1번가상인회 골목형상점가,골목형상점가,광주광역시,3.0,3.0,,,RESOLVED_AGREEMENT,False,3,,,,
dff0b24539f808ad4cc1,val,운동,T1 정확표기,q_운동_01,운동,문화·여가 중 '운동'을 판매·제공하는 매장,1244627c-27ee-4876-85ca-7650d8241ef1,하늬바람태권도장,운동,스타타워1 골목형상점가,골목형상점가,인천광역시,3.0,3.0,,,RESOLVED_AGREEMENT,False,3,,,,
666151d8c6d993633b57,val,운동,T1 정확표기,q_운동_01,운동,문화·여가 중 '운동'을 판매·제공하는 매장,baa1eccb-911c-477b-b55a-c03c59a2a94c,퍼스트네팔레스토랑,음식,단국대 앞 골목형상점가,골목형상점가,경기도,0.0,0.0,,,RESOLVED_AGREEMENT,False,0,,,,
4510c9e1190266a10406,val,운동,T1 정확표기,q_운동_01,운동,문화·여가 중 '운동'을 판매·제공하는 매장,8fbde7fb-0783-447a-86bc-cc7317c3b055,호우양꼬치,양고기,신중동시계탑별빛거리 골목형상점가,골목형상점가,경기도,0.0,0.0,,,RESOLVED_AGREEMENT,False,0,,,,
bc5daa9ed1761f278bcb,val,운동,T1 정확표기,q_운동_01,운동,문화·여가 중 '운동'을 판매·제공하는 매장,fc1ea76c-953a-4fa5-9872-abde76787f57,필라테스아미,운동 서비스,누리 골목형상점가,골목형상점가,경기도,3.0,3.0,,,RESOLVED_AGREEMENT,False,3,,,,
59285de4c61e5d8484f2,val,운동,T1 정확표기,q_운동_01,운동,문화·여가 중 '운동'을 판매·제공하는 매장,408b864c-09d7-43db-917c-32078ba2fb3f,오성체육관,운동,용산교 골목형상점가,골목형상점가,광주광역시,3.0,3.0,,,RESOLVED_AGREEMENT,False,3,,,,
7815e420914da548b60f,val,운동,T1 정확표기,q_운동_01,운동,문화·여가 중 '운동'을 판매·제공하는 매장,de054395-19bb-41b6-bb68-71a3af0f243f,장모족발,족발,개항희망문화상권 상권활성화구역,상권활성화구역,인천광역시,0.0,0.0,,,RESOLVED_AGREEMENT,False,0,,,,
1153c71ef5d35c006383,val,운동,T1 정확표기,q_운동_01,운동,문화·여가 중 '운동'을 판매·제공하는 매장,06f75bcb-8c04-46f9-9315-b56a3f1d7a63,스윙&플라멩고,운동복,대현프리몰 대구점,일반지하상점가,대구광역시,3.0,3.0,,,RESOLVED_AGREEMENT,False,3,,,,
8f6439c8c48004e18391,val,운동,T1 정확표기,q_운동_01,운동,문화·여가 중 '운동'을 판매·제공하는 매장,ea7f6728-6fb8-43a7-9ec3-b4105f9f9235,이루다태권도,운동,용산지구 골목형상점가,골목형상점가,광주광역시,3.0,3.0,,,RESOLVED_AGREEMENT,False,3,,,,
c0e8b5a9c4eaf81c8d6e,val,운동,T1 정확표기,q_운동_01,운동,문화·여가 중 '운동'을 판매·제공하는 매장,0066174b-64aa-428a-b8d6-f9bae4107429,크로스핏 엘리트짐,기능성운동,노은역 골목형상점가,골목형상점가,대전광역시,3.0,3.0,,,RESOLVED_AGREEMENT,False,3,,,,
e85e91be42fb0d4d6515,val,운동,T1 정확표기,q_운동_01,운동,문화·여가 중 '운동'을 판매·제공하는 매장,abe34899-dbe6-4db2-8ece-c9082a9d8dae,데이지 운동센터,운동 서비스,운수대통 골목형상점가,골목형상점가,광주광역시,3.0,3.0,,,RESOLVED_AGREEMENT,False,3,,,,
2fcb13b5198f8a65027e,val,운동,T1 정확표기,q_운동_01,운동,문화·여가 중 '운동'을 판매·제공하는 매장,b764fea2-6d47-4814-a61f-2450c6e7e032,위플복싱짐,운동,신탄진시장,전통시장,대전광역시,3.0,3.0,,,RESOLVED_AGREEMENT,False,3,,,,
53e4a314ee04ae9518b4,val,운동,T1 정확표기,q_운동_01,운동,문화·여가 중 '운동'을 판매·제공하는 매장,5480f36d-a071-4e58-aaf5-51b435466f49,드미필라테스,운동,의왕가구거리 골목형상점가,골목형상점가,경기도,3.0,3.0,,,RESOLVED_AGREEMENT,False,3,,,,
41b1eeeb38e1cb8cc695,val,운동,T1 정확표기,q_운동_01,운동,문화·여가 중 '운동'을 판매·제공하는 매장,033d99e2-0579-45d7-9d48-d999b90dd98a,M필라테스&요가,"필라테스, 요가",조종시장,전통시장,경기도,3.0,3.0,,,RESOLVED_AGREEMENT,False,3,,,,
1f28b16aa8f46dee044a,val,운동,T1 정확표기,q_운동_01,운동,문화·여가 중 '운동'을 판매·제공하는 매장,003adf4b-eb63-4fd3-92d3-e139c6f1c22d,새롬필라테스,필라테스,새롬동 골목형상점가,골목형상점가,세종특별자치시,3.0,3.0,,,RESOLVED_AGREEMENT,False,3,,,,
4ccea0daaf9a132f07ed,val,운동,T1 정확표기,q_운동_01,운동,문화·여가 중 '운동'을 판매·제공하는 매장,00158f51-4d3a-4ac0-9e38-b37552f5e097,지지배,의류,나주금빛상점가,자율상권구역,전라남도,1.0,1.0,,,RESOLVED_AGREEMENT,False,1,,,,
c9ea0d7dcb22e9cb3c7a,val,운동,T1 정확표기,q_운동_01,운동,문화·여가 중 '운동'을 판매·제공하는 매장,08de408a-f260-4467-b375-768cbd50e14d,본소마메드짐 재활운동&PT,운동,용강동상점가,자율상권구역,서울특별시,3.0,3.0,,,RESOLVED_AGREEMENT,False,3,,,,
ee27e8e3b152221f058c,val,운동,T1 정확표기,q_운동_01,운동,문화·여가 중 '운동'을 판매·제공하는 매장,fa51deb5-18e3-446d-8e09-f6290378fe47,마이필라테스,운동,양산길 골목형상점가,골목형상점가,광주광역시,3.0,3.0,,,RESOLVED_AGREEMENT,False,3,,,,
6c951b0bb1532cad8377,val,운동,T1 정확표기,q_운동_01,운동,문화·여가 중 '운동'을 판매·제공하는 매장,c79625e5-af18-4100-93eb-dab95a49b521,난다점핑클럽,운동,금화로상인회 골목형상점가,골목형상점가,광주광역시,3.0,3.0,,,RESOLVED_AGREEMENT,False,3,,,,
e38b7fd372c0ca25fdc1,val,운동,T1 정확표기,q_운동_01,운동,문화·여가 중 '운동'을 판매·제공하는 매장,710fe33c-c2dd-4c82-bbcc-13b5ba28ce40,콤마필라테스,운동 서비스,원,골목형상점가,광주광역시,3.0,3.0,,,RESOLVED_AGREEMENT,False,3,,,,
9caa89f56e54058e5d47,val,운동,T1 정확표기,q_운동_01,운동,문화·여가 중 '운동'을 판매·제공하는 매장,00a3eb8f-b86a-4b8c-933c-ffaee551fdba,신시아 필라테스,필라테스 센터,겸재한신길 골목형상점가,골목형상점가,서울특별시,3.0,3.0,,,RESOLVED_AGREEMENT,False,3,,,,
f32dfe3173dc1ed32809,val,운동,T1 정확표기,q_운동_01,운동,문화·여가 중 '운동'을 판매·제공하는 매장,19812e12-af69-4af0-9d57-459751f2b29a,당찬해동검도,운동,어은누리 골목형상점가,골목형상점가,대전광역시,3.0,3.0,,,RESOLVED_AGREEMENT,False,3,,,,
cbcefce1d44807f4f3f6,val,운동,T1 정확표기,q_운동_01,운동,문화·여가 중 '운동'을 판매·제공하는 매장,d7dbae22-5d61-4ab7-81ca-b39b9d163604,잔 필라테스,운동,쌍리단길상점가,자율상권구역,서울특별시,3.0,3.0,,,RESOLVED_AGREEMENT,False,3,,,,
0edd58fc93d3a811ce52,val,운동,T1 정확표기,q_운동_01,운동,문화·여가 중 '운동'을 판매·제공하는 매장,09815d92-d0f0-4c87-b4fa-1194f86c53c0,유성프로스펙스,"스포츠의류, 용품",장대동패션상가 골목형상점가,골목형상점가,대전광역시,3.0,1.0,,,P1_BINARY_THRESHOLD,True,,,,,
4e5fcd7e564c0cf9e366,val,운동,T1 정확표기,q_운동_01,운동,문화·여가 중 '운동'을 판매·제공하는 매장,61a90062-be05-4c34-b3b7-c227b4587843,고유스튜디오,운동,빛가람 호수로 골목형상점가,골목형상점가,전라남도,3.0,3.0,,,RESOLVED_AGREEMENT,False,3,,,,
1fe62de69d4d3bbd9874,val,운동,T1 정확표기,q_운동_01,운동,문화·여가 중 '운동'을 판매·제공하는 매장,0214eb76-f204-4d4f-9645-f0444d2c5f33,베이글짐,헬스장,도담동 골목형상점가,골목형상점가,세종특별자치시,3.0,3.0,,,RESOLVED_AGREEMENT,False,3,,,,
20a15b7c34e10a54e3f5,val,운동,T1 정확표기,q_운동_01,운동,문화·여가 중 '운동'을 판매·제공하는 매장,008fbd3f-35b4-431f-8ba5-fc8bcfe4bf83,제이에스피트니스,헬스,동림1 골목형상점가,골목형상점가,광주광역시,3.0,3.0,,,RESOLVED_AGREEMENT,False,3,,,,
8240495cf6176ebbdb62,val,운동,T1 정확표기,q_운동_01,운동,문화·여가 중 '운동'을 판매·제공하는 매장,c8425b70-29b0-434e-b6f5-2213019547df,아란체육관,운동,본촌진아 골목형상점가,골목형상점가,광주광역시,3.0,3.0,,,RESOLVED_AGREEMENT,False,3,,,,
aa98482284ca7f852c9c,val,운동,T1 정확표기,q_운동_01,운동,문화·여가 중 '운동'을 판매·제공하는 매장,06a9d0d7-98d4-46de-ba60-78844e443b35,올나잇 피트니스 주식회사,피트니스,부평테마의거리 골목형 상점가,골목형상점가,인천광역시,3.0,3.0,,,RESOLVED_AGREEMENT,False,3,,,,
a079a3286b29e1a1c90d,val,운동,T1 정확표기,q_운동_01,운동,문화·여가 중 '운동'을 판매·제공하는 매장,ba68f7ac-5171-4f12-b8bb-a1d64150be18,점핑하이,운동,전남대후문골목형상점가,골목형상점가,광주광역시,3.0,3.0,,,RESOLVED_AGREEMENT,False,3,,,,
d3e851bcd7cda1bae06d,val,운동,T1 정확표기,q_운동_01,운동,문화·여가 중 '운동'을 판매·제공하는 매장,00a27d0e-2216-4ff5-94fe-7acd76db3da3,짐자반 헬스 PT 하남시청역점,"헬스장 회원권, 개인레슨",덕풍전통시장,전통시장,경기도,3.0,3.0,,,RESOLVED_AGREEMENT,False,3,,,,
9496266ef6a02f37563d,val,운동,T1 정확표기,q_운동_01,운동,문화·여가 중 '운동'을 판매·제공하는 매장,48ec2024-ee31-4ae0-bb8f-2126c5bfaa61,하다피트니스,피트니스,과천새서울프라자시장,전통시장,경기도,3.0,3.0,,,RESOLVED_AGREEMENT,False,3,,,,
1b660a100a99839cd655,val,운동,T1 정확표기,q_운동_01,운동,문화·여가 중 '운동'을 판매·제공하는 매장,000a92b3-0b5e-429e-af00-f86e3570e24b,클로버,의류,관문상가시장,전통시장,대구광역시,1.0,1.0,,,RESOLVED_AGREEMENT,False,1,,,,
5a8bd668cee0773a8cac,val,운동,T1 정확표기,q_운동_01,운동,문화·여가 중 '운동'을 판매·제공하는 매장,205b1612-7add-48d6-8940-5bf237b502bb,더함 운동센터,재활운동,효자동4동 후곡길 골목형상점가,골목형상점가,전북특별자치도,3.0,3.0,,,RESOLVED_AGREEMENT,False,3,,,,
9198ea6886c5674fc037,val,운동,T1 정확표기,q_운동_01,운동,문화·여가 중 '운동'을 판매·제공하는 매장,b0f831be-8ec7-4169-85c5-0ad6c28f11a5,뉴욕필라테스,운동,월산4동 골목형상점가,골목형상점가,광주광역시,3.0,3.0,,,RESOLVED_AGREEMENT,False,3,,,,
8e95fedc563c86ae9521,val,운동,T1 정확표기,q_운동_01,운동,문화·여가 중 '운동'을 판매·제공하는 매장,79218c00-3770-4de0-9e58-07ef2d8cd38e,준초이짐 봉선점,운동,봉선2중앙로 골목형상점가,골목형상점가,광주광역시,3.0,3.0,,,RESOLVED_AGREEMENT,False,3,,,,
07f1d8c2dd535d50a64f,val,운동,T1 정확표기,q_운동_01,운동,문화·여가 중 '운동'을 판매·제공하는 매장,fd60de7e-7487-4fff-a95f-5c1a0a4c4933,필라테스워밍,운동,으뜸 효동 골목형상점가,골목형상점가,광주광역시,3.0,3.0,,,RESOLVED_AGREEMENT,False,3,,,,
a5b88d05844752172d80,val,운동,T1 정확표기,q_운동_01,운동,문화·여가 중 '운동'을 판매·제공하는 매장,00124602-ef4e-472c-91ee-de53b28d7530,화이트,의류,울산번개시장,전통시장,울산광역시,1.0,1.0,,,RESOLVED_AGREEMENT,False,1,,,,
344adf6b4e849e56bfe2,val,운동,T1 정확표기,q_운동_01,운동,문화·여가 중 '운동'을 판매·제공하는 매장,5149b3c5-9cc8-45d2-95ba-c9afcd71e1d1,올바른핏,운동,더센트럴 골목형상점가,골목형상점가,세종특별자치시,3.0,3.0,,,RESOLVED_AGREEMENT,False,3,,,,
10d0e56f546f2f412334,val,운동,T1 정확표기,q_운동_01,운동,문화·여가 중 '운동'을 판매·제공하는 매장,4f693572-3afb-4e9c-8998-e6a7b2d089a7,에이제이근력재활운동 산본점,운동,산본로데오거리(구 산본중심상가),자율상권구역,경기도,3.0,3.0,,,RESOLVED_AGREEMENT,False,3,,,,
e9bfaaa90df06ffb8ef5,val,운동,T1 정확표기,q_운동_01,운동,문화·여가 중 '운동'을 판매·제공하는 매장,9e88916f-972b-437b-a355-4e3c236357a1,굿핏,운동 건강기능식품,지족반석 골목형상점가,골목형상점가,대전광역시,3.0,3.0,,,RESOLVED_AGREEMENT,False,3,,,,
2aa3a7a15b0810390141,val,운동,T1 정확표기,q_운동_01,운동,문화·여가 중 '운동'을 판매·제공하는 매장,623d8cf6-bcff-4ca2-b685-ed80fe528f1a,리영의원,피부과,건대로데오거리골목형상점가,골목형상점가,서울특별시,0.0,0.0,,,RESOLVED_AGREEMENT,False,0,,,,
f90b55e9f9ba617787c2,val,운동,T1 정확표기,q_운동_01,운동,문화·여가 중 '운동'을 판매·제공하는 매장,0080a859-c5d8-4b43-b14c-d5eb844118a0,헬스맨헬스걸,헬스장,비래동골목형상점가,골목형상점가,대전광역시,3.0,3.0,,,RESOLVED_AGREEMENT,False,3,,,,
f98bc7c85b9ed01e6cff,val,운동,T1 정확표기,q_운동_01,운동,문화·여가 중 '운동'을 판매·제공하는 매장,d0618406-e4d3-4ad7-8b48-42dd46fa6184,오스타짐,운동,능동상가,자율상권구역,경기도,3.0,3.0,,,RESOLVED_AGREEMENT,False,3,,,,
24e4338a7b2c76cd8b6e,val,운동,T1 정확표기,q_운동_01,운동,문화·여가 중 '운동'을 판매·제공하는 매장,040428ab-1a04-452f-8b35-c7c3c993cad8,누아요가,요가,현대센트럴스퀘어,골목형상점가,경기도,3.0,3.0,,,RESOLVED_AGREEMENT,False,3,,,,
8523703e9a6adadd5320,val,운동,T1 정확표기,q_운동_01,운동,문화·여가 중 '운동'을 판매·제공하는 매장,edc9b085-2bbe-44a6-b495-03fd87f34879,스마일필라테스,운동,효천로 골목형상점가,골목형상점가,광주광역시,3.0,3.0,,,RESOLVED_AGREEMENT,False,3,,,,
fc425212a922dc5f9101,val,운동,T1 정확표기,q_운동_01,운동,문화·여가 중 '운동'을 판매·제공하는 매장,ae655ff8-f771-45ca-8480-7da82a1622af,플로우요가&발레핏,운동,봉선로2 골목형상점가,골목형상점가,광주광역시,3.0,3.0,,,RESOLVED_AGREEMENT,False,3,,,,
d0b34b8d60427585aec3,val,운동,T1 정확표기,q_운동_01,운동,문화·여가 중 '운동'을 판매·제공하는 매장,36f4d9e2-889a-4168-b518-51e2ddf773df,킴스휘트니스클리닉,피트니스,아름동상점가,자율상권구역,세종특별자치시,3.0,3.0,,,RESOLVED_AGREEMENT,False,3,,,,
747f3a3dd1f30a42fc82,val,운동,T1 정확표기,q_운동_01,운동,문화·여가 중 '운동'을 판매·제공하는 매장,21bfd845-8c16-4b67-809f-81a3833826c0,케이폴앤댄스,피트니스,남양역골로상점가,골목형상점가,경기도,3.0,3.0,,,RESOLVED_AGREEMENT,False,3,,,,
16fd681b39f395ad8a69,val,운동,T1 정확표기,q_운동_01,운동,문화·여가 중 '운동'을 판매·제공하는 매장,ef3fc919-c67d-42a9-a46f-df0d9bb1a620,남부태권도,운동,난곡골목형상점가,골목형상점가,서울특별시,3.0,3.0,,,RESOLVED_AGREEMENT,False,3,,,,
3d2db554c82b4209d891,val,운동,T1 정확표기,q_운동_01,운동,문화·여가 중 '운동'을 판매·제공하는 매장,35f62c74-3304-4a6c-a21f-28b253239019,하이무브 피트니스,피트니스 센터,산본로데오거리(구 산본중심상가),자율상권구역,경기도,3.0,3.0,,,RESOLVED_AGREEMENT,False,3,,,,
ef484bb3613520d39bcf,val,운동,T1 정확표기,q_운동_01,운동,문화·여가 중 '운동'을 판매·제공하는 매장,feafbcac-e783-4b2a-9984-0d3a18882374,러브이브(충북혁신도시점),침구류 커튼,맹동혁신골목형상점가,골목형상점가,충청북도,0.0,0.0,,,RESOLVED_AGREEMENT,False,0,,,,
a6c3fd0e85080c5042d4,val,운동,T1 정확표기,q_운동_01,운동,문화·여가 중 '운동'을 판매·제공하는 매장,61c7fdca-9bc4-4888-91f1-df10c7a1f14b,바이에스필라테스,운동,어은누리 골목형상점가,골목형상점가,대전광역시,3.0,3.0,,,RESOLVED_AGREEMENT,False,3,,,,
2637082ea6eb35a58003,val,운동,T1 정확표기,q_운동_01,운동,문화·여가 중 '운동'을 판매·제공하는 매장,00f8d2a4-8e38-485b-a09e-280a1aa0c326,라인엑스피티스튜디오,"헬스, PT",수지성복플러스 골목형상점가,골목형상점가,경기도,3.0,3.0,,,RESOLVED_AGREEMENT,False,3,,,,
5ee03d194db651dafafc,val,운동,T1 정확표기,q_운동_01,운동,문화·여가 중 '운동'을 판매·제공하는 매장,0151b1ea-e648-438b-83b0-efcf6f387e9b,크로스핏 터,운동 서비스,열매 골목형상점가,골목형상점가,대전광역시,3.0,3.0,,,RESOLVED_AGREEMENT,False,3,,,,
f316c0090b4a254c1d2a,val,운동,T1 정확표기,q_운동_01,운동,문화·여가 중 '운동'을 판매·제공하는 매장,9519e92f-34ab-4677-b991-dc26c849d67d,나우 필라테스,운동,병점중심상가,자율상권구역,경기도,3.0,3.0,,,RESOLVED_AGREEMENT,False,3,,,,
9040af9923294c3cd203,val,운동,T1 정확표기,q_운동_01,운동,문화·여가 중 '운동'을 판매·제공하는 매장,a49b2212-4418-45f7-9d0b-a0dfb325dd60,폴링인점핑,운동,노량진만나로골목형상점가,골목형상점가,서울특별시,3.0,3.0,,,RESOLVED_AGREEMENT,False,3,,,,
770c17c1875f79a3bf71,val,운동,T1 정확표기,q_운동_01,운동,문화·여가 중 '운동'을 판매·제공하는 매장,30d893c7-1110-4850-bec8-b09ad8dba62c,학무검도관,운동,루원음식문화거리,골목형상점가,인천광역시,3.0,3.0,,,RESOLVED_AGREEMENT,False,3,,,,
e1353f8c7626bb733f90,val,운동,T1 정확표기,q_운동_01,운동,문화·여가 중 '운동'을 판매·제공하는 매장,df42118f-a213-40f6-9fac-6176d810ec74,케이디피트니스,운동,첨단이웃사랑 골목형상점가,골목형상점가,광주광역시,3.0,3.0,,,RESOLVED_AGREEMENT,False,3,,,,
25eb33e54e0049445c02,val,운동,T1 정확표기,q_운동_01,운동,문화·여가 중 '운동'을 판매·제공하는 매장,6cf83595-97f8-416f-af1e-6c8131d8db01,버너스,운동,신봉하나로 골목형상점가,골목형상점가,경기도,3.0,3.0,,,RESOLVED_AGREEMENT,False,3,,,,
b2fe98330de0a2ee9fa0,val,운동,T1 정확표기,q_운동_01,운동,문화·여가 중 '운동'을 판매·제공하는 매장,181f4d67-d55c-4017-8580-39ebfa3cdfa4,장수옛날손국수,국수,역곡남부시장,전통시장,경기도,0.0,0.0,,,RESOLVED_AGREEMENT,False,0,,,,
4e33152111acf438e087,val,운동,T1 정확표기,q_운동_01,운동,문화·여가 중 '운동'을 판매·제공하는 매장,48c541cc-9af3-45a8-ac99-91bf37c1de37,나무휘트니스,운동,양산길 골목형상점가,골목형상점가,광주광역시,3.0,3.0,,,RESOLVED_AGREEMENT,False,3,,,,
a750484c5b95c0acbff6,val,운동,T1 정확표기,q_운동_01,운동,문화·여가 중 '운동'을 판매·제공하는 매장,7ecce756-7ad7-40ae-9b5d-ad415b468806,피닉스짐 운암관,운동 서비스,운암동 현대아파트 골목형상점가,골목형상점가,광주광역시,3.0,3.0,,,RESOLVED_AGREEMENT,False,3,,,,
fe39f73f150890b77442,val,운동,T1 정확표기,q_운동_01,운동,문화·여가 중 '운동'을 판매·제공하는 매장,d1dac4af-600f-4172-adbe-10f3e38d60ec,나아짐,운동 소도구,허드슨1041 골목형상점가,골목형상점가,광주광역시,3.0,3.0,,,RESOLVED_AGREEMENT,False,3,,,,
de56231c8aa7469beffa,val,운동,T1 정확표기,q_운동_01,운동,문화·여가 중 '운동'을 판매·제공하는 매장,17b33cea-f2a9-40b8-b31e-38c307a054ef,위글 필라테스,운동,야탑 골목형상점가,골목형상점가,경기도,3.0,3.0,,,RESOLVED_AGREEMENT,False,3,,,,
796ef6b984c382dfabb4,val,운동,T1 정확표기,q_운동_01,운동,문화·여가 중 '운동'을 판매·제공하는 매장,08bf522e-2d12-4ba2-95aa-344e372f90d7,수지패션,운동용품,원조낙지골목상점가,자율상권구역,전라남도,3.0,3.0,,,RESOLVED_AGREEMENT,False,3,,,,
649ed34caccfddbea081,val,운동,T1 정확표기,q_운동_01,운동,문화·여가 중 '운동'을 판매·제공하는 매장,84fd1a71-a539-4d50-aa08-a420005c509d,리음 필라테스,운동,행복로골목형상점가,골목형상점가,경기도,3.0,3.0,,,RESOLVED_AGREEMENT,False,3,,,,
9296d9914d878999e3e8,val,운동,T1 정확표기,q_운동_01,운동,문화·여가 중 '운동'을 판매·제공하는 매장,28a66bf2-5b05-4c54-bd55-cc1004530355,김정희필라테스,운동,장자호수공원 골목형상점가,골목형상점가,경기도,3.0,3.0,,,RESOLVED_AGREEMENT,False,3,,,,
59d55d5fffc2421be35c,val,운동,T1 정확표기,q_운동_01,운동,문화·여가 중 '운동'을 판매·제공하는 매장,0a7de62f-b294-412c-b700-0642397eca30,다이나핏 김포장기점,"스포츠 의류, 용품",김포장기패션아울렛,골목형상점가,경기도,3.0,1.0,,,P1_BINARY_THRESHOLD,True,,,,,
5d0e01e81f9e84fa4126,val,운동,T1 정확표기,q_운동_01,운동,문화·여가 중 '운동'을 판매·제공하는 매장,c20f55ea-9b40-4e1a-884c-ac102a0379d3,필라테스랩 파스트,운동,과천새서울프라자시장,전통시장,경기도,3.0,3.0,,,RESOLVED_AGREEMENT,False,3,,,,
dcad1a346b23d8e64b5f,val,운동,T1 정확표기,q_운동_01,운동,문화·여가 중 '운동'을 판매·제공하는 매장,00c4a045-8aa5-4995-8313-806b7fcab6ff,남스짐천왕점 헬스PT,,천왕마을 골목형상점가,골목형상점가,서울특별시,3.0,3.0,,,RESOLVED_AGREEMENT,False,3,,,,
701be00449cb1547dc95,val,운동,T1 정확표기,q_운동_01,운동,문화·여가 중 '운동'을 판매·제공하는 매장,cfc05de2-f51d-4294-a550-94e81d0a0529,제주사랑운동센터메디짐,운동,노형1 골목형상점가,골목형상점가,제주특별자치도,3.0,3.0,,,RESOLVED_AGREEMENT,False,3,,,,
e51bd9d74ef6e0576bcd,val,운동,T1 정확표기,q_운동_01,운동,문화·여가 중 '운동'을 판매·제공하는 매장,018b2dd0-5613-482c-b714-e30dcfa584fd,씨엘 필라테스 안산고잔점,필라테스,도리섬상점가,자율상권구역,경기도,3.0,3.0,,,RESOLVED_AGREEMENT,False,3,,,,
1e0f39414dd5853a4e5e,val,운동,T1 정확표기,q_운동_01,운동,문화·여가 중 '운동'을 판매·제공하는 매장,020180c1-e676-4f99-84db-9b56504222f2,아름드리 필라테스&PT,필라테스요가바레필라테스,아름드리 골목형상점가,골목형상점가,세종특별자치시,3.0,3.0,,,RESOLVED_AGREEMENT,False,3,,,,
85ed2708da09811a389e,val,운동,T1 정확표기,q_운동_01,운동,문화·여가 중 '운동'을 판매·제공하는 매장,00054f1d-4cae-4345-9975-1423bc49e4dc,착한아이들,의류,중앙전통시장,전통시장,울산광역시,1.0,1.0,,,RESOLVED_AGREEMENT,False,1,,,,
25f7d2361129bdda98c2,val,운동,T1 정확표기,q_운동_01,운동,문화·여가 중 '운동'을 판매·제공하는 매장,b0b99c18-3df8-45b4-afb1-a1661ab04f86,위빙복싱클럽,운동 교육,정릉서경대길골목형상점가(정릉골),골목형상점가,서울특별시,3.0,3.0,,,RESOLVED_AGREEMENT,False,3,,,,
bf0868d89bcf0ddde8c7,val,운동,T1 정확표기,q_운동_01,운동,문화·여가 중 '운동'을 판매·제공하는 매장,8b9acda1-11e6-4b59-9e69-6ddd265414f7,리니아필라테스,운동,어썸시티,골목형상점가,광주광역시,3.0,3.0,,,RESOLVED_AGREEMENT,False,3,,,,
df1d0bff1b04c561a3b7,val,운동,T1 정확표기,q_운동_01,운동,문화·여가 중 '운동'을 판매·제공하는 매장,f0de6273-4750-40a2-8185-5365be2c2250,모어요가,운동,금호1동상가번영회 골목형상점가,골목형상점가,광주광역시,3.0,3.0,,,RESOLVED_AGREEMENT,False,3,,,,
d2e02499a11621eff9ef,val,운동,T1 정확표기,q_운동_02,헬스장,문화·여가 중 '운동'을 판매·제공하는 매장,0066174b-64aa-428a-b8d6-f9bae4107429,크로스핏 엘리트짐,기능성운동,노은역 골목형상점가,골목형상점가,대전광역시,2.0,3.0,,,P2_GRADED_ONLY,True,,,,,
298e2a1e3d49f045aae9,val,운동,T1 정확표기,q_운동_02,헬스장,문화·여가 중 '운동'을 판매·제공하는 매장,b0fa6140-a098-4d5c-bb00-a6e18dcc8081,설핏,헬스장,조원복길골목형상점가,골목형상점가,서울특별시,3.0,3.0,,,RESOLVED_AGREEMENT,False,3,,,,
1d1272918ecf04634b12,val,운동,T1 정확표기,q_운동_02,헬스장,문화·여가 중 '운동'을 판매·제공하는 매장,e6598e81-3b47-4549-ae8b-cc72760c1af4,NC짐,헬스장,효천2지구 골목형상점가,골목형상점가,광주광역시,3.0,3.0,,,RESOLVED_AGREEMENT,False,3,,,,
cad7d53a09e1a9fd413b,val,운동,T1 정확표기,q_운동_02,헬스장,문화·여가 중 '운동'을 판매·제공하는 매장,6d73f137-53fe-45f9-8ddd-eb1d99f6a3f1,현스짐,헬스장,매봉 골목형상점가,골목형상점가,광주광역시,3.0,3.0,,,RESOLVED_AGREEMENT,False,3,,,,
c1600a726775e1ee133f,val,운동,T1 정확표기,q_운동_02,헬스장,문화·여가 중 '운동'을 판매·제공하는 매장,00158f51-4d3a-4ac0-9e38-b37552f5e097,지지배,의류,나주금빛상점가,자율상권구역,전라남도,1.0,1.0,,,RESOLVED_AGREEMENT,False,1,,,,
d7a24e0289b7e54813c7,val,운동,T1 정확표기,q_운동_02,헬스장,문화·여가 중 '운동'을 판매·제공하는 매장,074ab624-d672-4af0-aefa-1e755549e6df,헬스클럽굿라이프,헬스장,엄사 골목형상점가,골목형상점가,충청남도,3.0,3.0,,,RESOLVED_AGREEMENT,False,3,,,,
60f4eee852c5143609f0,val,운동,T1 정확표기,q_운동_02,헬스장,문화·여가 중 '운동'을 판매·제공하는 매장,003adf4b-eb63-4fd3-92d3-e139c6f1c22d,새롬필라테스,필라테스,새롬동 골목형상점가,골목형상점가,세종특별자치시,2.0,3.0,,,P2_GRADED_ONLY,True,,,,,
785d31d546757ba5eee1,val,운동,T1 정확표기,q_운동_02,헬스장,문화·여가 중 '운동'을 판매·제공하는 매장,08bf522e-2d12-4ba2-95aa-344e372f90d7,수지패션,운동용품,원조낙지골목상점가,자율상권구역,전라남도,2.0,3.0,,,P2_GRADED_ONLY,True,,,,,
e3e8f1ab9a85c46471b1,val,운동,T1 정확표기,q_운동_02,헬스장,문화·여가 중 '운동'을 판매·제공하는 매장,0214eb76-f204-4d4f-9645-f0444d2c5f33,베이글짐,헬스장,도담동 골목형상점가,골목형상점가,세종특별자치시,3.0,3.0,,,RESOLVED_AGREEMENT,False,3,,,,
161f716029daf4e96e70,val,운동,T1 정확표기,q_운동_02,헬스장,문화·여가 중 '운동'을 판매·제공하는 매장,d472d3a3-37fc-45ec-96bf-2749138b839c,킹콩피트니스,헬스장,동울산종합시장,전통시장,울산광역시,3.0,3.0,,,RESOLVED_AGREEMENT,False,3,,,,
042faf1fd602e74a71e3,val,운동,T1 정확표기,q_운동_02,헬스장,문화·여가 중 '운동'을 판매·제공하는 매장,0a7de62f-b294-412c-b700-0642397eca30,다이나핏 김포장기점,"스포츠 의류, 용품",김포장기패션아울렛,골목형상점가,경기도,2.0,1.0,,,P1_BINARY_THRESHOLD,True,,,,,
6a1fab2d12b8f6bc993a,val,운동,T1 정확표기,q_운동_02,헬스장,문화·여가 중 '운동'을 판매·제공하는 매장,64c6105b-6bda-4f90-b68a-155ddf4a4bbd,쓰리짐,헬스장,뚝섬역상점가(서울숲상원길상점가),자율상권구역,서울특별시,3.0,3.0,,,RESOLVED_AGREEMENT,False,3,,,,
5b8091c6ba4f39e25c99,val,운동,T1 정확표기,q_운동_02,헬스장,문화·여가 중 '운동'을 판매·제공하는 매장,00124602-ef4e-472c-91ee-de53b28d7530,화이트,의류,울산번개시장,전통시장,울산광역시,1.0,1.0,,,RESOLVED_AGREEMENT,False,1,,,,
88e5063dd7319924e332,val,운동,T1 정확표기,q_운동_02,헬스장,문화·여가 중 '운동'을 판매·제공하는 매장,0151b1ea-e648-438b-83b0-efcf6f387e9b,크로스핏 터,운동 서비스,열매 골목형상점가,골목형상점가,대전광역시,2.0,3.0,,,P2_GRADED_ONLY,True,,,,,
2ce3af86bebbfe7eb08f,val,운동,T1 정확표기,q_운동_02,헬스장,문화·여가 중 '운동'을 판매·제공하는 매장,d8d3e589-7375-4ba4-b191-5ffb4e6d789b,더핏짐PT,헬스장,대곡시장,전통시장,대구광역시,3.0,3.0,,,RESOLVED_AGREEMENT,False,3,,,,
93299b8baebfc468d4df,val,운동,T1 정확표기,q_운동_02,헬스장,문화·여가 중 '운동'을 판매·제공하는 매장,9d38f131-513b-4458-b89b-714200232bc2,형진식당,한식점업,태백시장,전통시장,대구광역시,0.0,0.0,,,RESOLVED_AGREEMENT,False,0,,,,
00257e6ecf5867f1cd42,val,운동,T1 정확표기,q_운동_02,헬스장,문화·여가 중 '운동'을 판매·제공하는 매장,5287d2f8-f8ba-4ef2-bf01-b7b40dc7079b,바운스짐,헬스장,신효천 골목형상점가,골목형상점가,광주광역시,3.0,3.0,,,RESOLVED_AGREEMENT,False,3,,,,
bdd94d2c40fa7ad3f7bb,val,운동,T1 정확표기,q_운동_02,헬스장,문화·여가 중 '운동'을 판매·제공하는 매장,00a27d0e-2216-4ff5-94fe-7acd76db3da3,짐자반 헬스 PT 하남시청역점,"헬스장 회원권, 개인레슨",덕풍전통시장,전통시장,경기도,3.0,3.0,,,RESOLVED_AGREEMENT,False,3,,,,
1e7108decb1c35b32380,val,운동,T1 정확표기,q_운동_02,헬스장,문화·여가 중 '운동'을 판매·제공하는 매장,0041f699-c619-48b9-b3a9-814af9905c66,GB트레이닝센터,운동,일곡동(제5지역:제1근린공원 건너편),골목형상점가,광주광역시,2.0,3.0,,,P2_GRADED_ONLY,True,,,,,
eeacd9392ae3318fbc5a,val,운동,T1 정확표기,q_운동_02,헬스장,문화·여가 중 '운동'을 판매·제공하는 매장,52000187-df11-4f6d-8a55-8cd7a874c918,명성기름,가공식품,속초중앙전통시장,전통시장,강원특별자치도,0.0,0.0,,,RESOLVED_AGREEMENT,False,0,,,,
9934cca94a11026a2e88,val,운동,T1 정확표기,q_운동_02,헬스장,문화·여가 중 '운동'을 판매·제공하는 매장,51bf2f66-f5e9-47d3-9578-3ebf8ecabb5f,투투GYM,헬스장,화산로31번길 골목형상점가,골목형상점가,광주광역시,3.0,3.0,,,RESOLVED_AGREEMENT,False,3,,,,
5c9a6b604d0bfbfcfc83,val,운동,T1 정확표기,q_운동_02,헬스장,문화·여가 중 '운동'을 판매·제공하는 매장,25b493da-208f-47d2-a648-0b1eae68ddbb,(주)장돌헬스,헬스장,대연219 골목형상점가,골목형상점가,부산광역시,3.0,3.0,,,RESOLVED_AGREEMENT,False,3,,,,
b1be30cf699787a9f2e6,val,운동,T1 정확표기,q_운동_02,헬스장,문화·여가 중 '운동'을 판매·제공하는 매장,02afd03f-1610-49f8-8e3d-e8dc8df6c0bc,노벨짐후평점,헬스장,인공폭포상가,자율상권구역,강원특별자치도,3.0,3.0,,,RESOLVED_AGREEMENT,False,3,,,,
a64eba80c93cb20de5a3,val,운동,T1 정확표기,q_운동_02,헬스장,문화·여가 중 '운동'을 판매·제공하는 매장,a151d33f-690f-43ab-b351-64fc0d0823db,스타짐,헬스장,화곡중앙시장,전통시장,서울특별시,3.0,3.0,,,RESOLVED_AGREEMENT,False,3,,,,
0cfcfb291b884bc0fd62,val,운동,T1 정확표기,q_운동_02,헬스장,문화·여가 중 '운동'을 판매·제공하는 매장,618b390a-a23d-4890-b8d0-e78904870874,이레패션,의류,경주중앙시장,전통시장,경상북도,1.0,1.0,,,RESOLVED_AGREEMENT,False,1,,,,
392d5a066acb349720de,val,운동,T1 정확표기,q_운동_02,헬스장,문화·여가 중 '운동'을 판매·제공하는 매장,07466d2d-51a2-4c17-8dcf-1af1bfb6f868,금강랜드로바 원주점,운동화가죽신발등산용품,원주중앙로문화의거리,자율상권구역,강원특별자치도,2.0,3.0,,,P2_GRADED_ONLY,True,,,,,
a3d47320f4beacf0a0f9,val,운동,T1 정확표기,q_운동_02,헬스장,문화·여가 중 '운동'을 판매·제공하는 매장,8cac8c43-49c7-4d91-b51f-f9a730630a46,함마짐,헬스장,두정동상점가,자율상권구역,충청남도,3.0,3.0,,,RESOLVED_AGREEMENT,False,3,,,,
d50d7db6f0bee7a25826,val,운동,T1 정확표기,q_운동_02,헬스장,문화·여가 중 '운동'을 판매·제공하는 매장,648a8214-76ae-4610-bab5-b1b595ada1ef,트리플 짐,헬스장,두마면 대실골목형상점가,골목형상점가,충청남도,3.0,3.0,,,RESOLVED_AGREEMENT,False,3,,,,
b4690f0039554f77e846,val,운동,T1 정확표기,q_운동_02,헬스장,문화·여가 중 '운동'을 판매·제공하는 매장,9ebd7ffe-692e-451d-8e11-f588fe436083,탑휘트니스,헬스장,상암마을상인회 골목형상점가,골목형상점가,광주광역시,3.0,3.0,,,RESOLVED_AGREEMENT,False,3,,,,
d0f37076d74c896a7e32,val,운동,T1 정확표기,q_운동_02,헬스장,문화·여가 중 '운동'을 판매·제공하는 매장,36f4d9e2-889a-4168-b518-51e2ddf773df,킴스휘트니스클리닉,피트니스,아름동상점가,자율상권구역,세종특별자치시,3.0,3.0,,,RESOLVED_AGREEMENT,False,3,,,,
588cac4f06a91f739955,val,운동,T1 정확표기,q_운동_02,헬스장,문화·여가 중 '운동'을 판매·제공하는 매장,28e7d699-65b0-457b-a4ec-5bb0c9a7eecb,피지컬짐,헬스장,혁신도시5구역골목형상점가,골목형상점가,강원특별자치도,3.0,3.0,,,RESOLVED_AGREEMENT,False,3,,,,
2083a6c8271f3bf26968,val,운동,T1 정확표기,q_운동_02,헬스장,문화·여가 중 '운동'을 판매·제공하는 매장,35f62c74-3304-4a6c-a21f-28b253239019,하이무브 피트니스,피트니스 센터,산본로데오거리(구 산본중심상가),자율상권구역,경기도,3.0,3.0,,,RESOLVED_AGREEMENT,False,3,,,,
c5af22f44ed9e7ea3630,val,운동,T1 정확표기,q_운동_02,헬스장,문화·여가 중 '운동'을 판매·제공하는 매장,eb59f390-37b0-4bfc-9917-aa2a909ba775,비비드짐,헬스장,호매실역중심상가 골목형상점가,골목형상점가,경기도,3.0,3.0,,,RESOLVED_AGREEMENT,False,3,,,,
2c50cc994ec35013b473,val,운동,T1 정확표기,q_운동_02,헬스장,문화·여가 중 '운동'을 판매·제공하는 매장,5b15e88f-ac9f-4206-a411-263a2543f5db,베가짐,헬스장,전주중산공원 골목형상점가,골목형상점가,전북특별자치도,3.0,3.0,,,RESOLVED_AGREEMENT,False,3,,,,
ddfbd6054d8b4a5a4a07,val,운동,T1 정확표기,q_운동_02,헬스장,문화·여가 중 '운동'을 판매·제공하는 매장,93705db9-8401-4488-a4d7-1e98f0ef0b57,망태짐,헬스장,안산패션타운전통시장,전통시장,경기도,3.0,3.0,,,RESOLVED_AGREEMENT,False,3,,,,
b1b617f63226927f752a,val,운동,T1 정확표기,q_운동_02,헬스장,문화·여가 중 '운동'을 판매·제공하는 매장,03c2ebde-8fba-4952-abd9-b9f2a567c819,짐스퀘어,헬스장,신창동일번국도가구의거리 골목형상점가,골목형상점가,광주광역시,3.0,3.0,,,RESOLVED_AGREEMENT,False,3,,,,
d20fdc8237869a70de1e,val,운동,T1 정확표기,q_운동_02,헬스장,문화·여가 중 '운동'을 판매·제공하는 매장,07d89ce7-de40-4795-a10b-414cc1e269ef,매곡 천부경 명상센터,"명상수련, 요가",매곡동 골목형상점가,골목형상점가,광주광역시,2.0,3.0,,,P2_GRADED_ONLY,True,,,,,
41fb5fb2d9ebd443efa5,val,운동,T1 정확표기,q_운동_02,헬스장,문화·여가 중 '운동'을 판매·제공하는 매장,06f75bcb-8c04-46f9-9315-b56a3f1d7a63,스윙&플라멩고,운동복,대현프리몰 대구점,일반지하상점가,대구광역시,2.0,3.0,,,P2_GRADED_ONLY,True,,,,,
a0d3e9fcd8915134baae,val,운동,T1 정확표기,q_운동_02,헬스장,문화·여가 중 '운동'을 판매·제공하는 매장,040428ab-1a04-452f-8b35-c7c3c993cad8,누아요가,요가,현대센트럴스퀘어,골목형상점가,경기도,2.0,3.0,,,P2_GRADED_ONLY,True,,,,,
b446dfe42fd2dd9a68ef,val,운동,T1 정확표기,q_운동_02,헬스장,문화·여가 중 '운동'을 판매·제공하는 매장,af0be4e3-7515-4b1d-b830-d7d9a8213af3,정왕헬스,헬스장,정왕시장,전통시장,경기도,3.0,3.0,,,RESOLVED_AGREEMENT,False,3,,,,
2542a7487f9bb5b85da9,val,운동,T1 정확표기,q_운동_02,헬스장,문화·여가 중 '운동'을 판매·제공하는 매장,5363b9b0-bdef-4975-9fcf-06d122655da9,영스짐,헬스장,소사벌 골목형상점가,골목형상점가,경기도,3.0,3.0,,,RESOLVED_AGREEMENT,False,3,,,,
4cad08a936cfc1c450ee,val,운동,T1 정확표기,q_운동_02,헬스장,문화·여가 중 '운동'을 판매·제공하는 매장,93dec04d-6fdb-4162-9e82-0d5763caafc4,베네핏,헬스장,용해동 포미타운 골목형상점가,골목형상점가,전라남도,3.0,3.0,,,RESOLVED_AGREEMENT,False,3,,,,
ca0f0dc4f4e21f997845,val,운동,T1 정확표기,q_운동_02,헬스장,문화·여가 중 '운동'을 판매·제공하는 매장,b85ad62f-dabc-40c2-a50f-971fbc65525f,킹스짐,헬스장,상무중앙로46구역상인회 골목형상점가,골목형상점가,광주광역시,3.0,3.0,,,RESOLVED_AGREEMENT,False,3,,,,
d5a1e7d5d5830eedfade,val,운동,T1 정확표기,q_운동_02,헬스장,문화·여가 중 '운동'을 판매·제공하는 매장,7c56683c-0cd0-45ce-8f74-0dbdc5b3003f,글램핏,헬스장,효천로 골목형상점가,골목형상점가,광주광역시,3.0,3.0,,,RESOLVED_AGREEMENT,False,3,,,,
f940cb259d0d620e26a5,val,운동,T1 정확표기,q_운동_02,헬스장,문화·여가 중 '운동'을 판매·제공하는 매장,008fbd3f-35b4-431f-8ba5-fc8bcfe4bf83,제이에스피트니스,헬스,동림1 골목형상점가,골목형상점가,광주광역시,3.0,3.0,,,RESOLVED_AGREEMENT,False,3,,,,
81df5ea2942d3192661b,val,운동,T1 정확표기,q_운동_02,헬스장,문화·여가 중 '운동'을 판매·제공하는 매장,21bfd845-8c16-4b67-809f-81a3833826c0,케이폴앤댄스,피트니스,남양역골로상점가,골목형상점가,경기도,3.0,3.0,,,RESOLVED_AGREEMENT,False,3,,,,
62303bd595dde0294580,val,운동,T1 정확표기,q_운동_02,헬스장,문화·여가 중 '운동'을 판매·제공하는 매장,0d022b68-2b56-4c6d-83e4-75bbb0250b7c,마베스포,헬스장,효천2지구 골목형상점가,골목형상점가,광주광역시,3.0,3.0,,,RESOLVED_AGREEMENT,False,3,,,,
1372f064c80cb0d61d46,val,운동,T1 정확표기,q_운동_02,헬스장,문화·여가 중 '운동'을 판매·제공하는 매장,cf124091-833c-4e80-b342-a6c29fe44082,바디앤짐,헬스장,성대전통시장,전통시장,서울특별시,3.0,3.0,,,RESOLVED_AGREEMENT,False,3,,,,
1ea9e48002e62d5d9698,val,운동,T1 정확표기,q_운동_02,헬스장,문화·여가 중 '운동'을 판매·제공하는 매장,57645c5a-23b7-4d44-8f29-86f9ba797c98,마이그짐,헬스장,둔전골목형상점가,골목형상점가,경기도,3.0,3.0,,,RESOLVED_AGREEMENT,False,3,,,,
db2b4006b6d17defa66a,val,운동,T1 정확표기,q_운동_02,헬스장,문화·여가 중 '운동'을 판매·제공하는 매장,8abc8c69-f4e1-407c-8966-a06bb0cfcf36,머슬메모리,헬스장,반드레길골목형상점가,골목형상점가,서울특별시,3.0,3.0,,,RESOLVED_AGREEMENT,False,3,,,,
9f4f524454ddacf00f3b,val,운동,T1 정확표기,q_운동_02,헬스장,문화·여가 중 '운동'을 판매·제공하는 매장,95247b15-da36-4850-8a04-a195a3d9b73c,디데이핏,헬스장,운수대통 골목형상점가,골목형상점가,광주광역시,3.0,3.0,,,RESOLVED_AGREEMENT,False,3,,,,
66256355abd86945fea9,val,운동,T1 정확표기,q_운동_02,헬스장,문화·여가 중 '운동'을 판매·제공하는 매장,00054f1d-4cae-4345-9975-1423bc49e4dc,착한아이들,의류,중앙전통시장,전통시장,울산광역시,1.0,1.0,,,RESOLVED_AGREEMENT,False,1,,,,
940e05a5d7700bfa70f5,val,운동,T1 정확표기,q_운동_02,헬스장,문화·여가 중 '운동'을 판매·제공하는 매장,09815d92-d0f0-4c87-b4fa-1194f86c53c0,유성프로스펙스,"스포츠의류, 용품",장대동패션상가 골목형상점가,골목형상점가,대전광역시,2.0,1.0,,,P1_BINARY_THRESHOLD,True,,,,,
cbd349354ebf21b5f011,val,운동,T1 정확표기,q_운동_02,헬스장,문화·여가 중 '운동'을 판매·제공하는 매장,2809c6da-d632-4997-a7ac-e413db039e23,이게짐,헬스장,반곡동 골목형상점가,골목형상점가,세종특별자치시,3.0,3.0,,,RESOLVED_AGREEMENT,False,3,,,,
26bf0f13cbb17778d76f,val,운동,T1 정확표기,q_운동_02,헬스장,문화·여가 중 '운동'을 판매·제공하는 매장,c69a4ab0-bd25-4463-a3b9-131f29d94287,헬스스타짐 구서점,헬스장,구서오시게시장,전통시장,부산광역시,3.0,3.0,,,RESOLVED_AGREEMENT,False,3,,,,
8b9aab6b9055b32a7f28,val,운동,T1 정확표기,q_운동_02,헬스장,문화·여가 중 '운동'을 판매·제공하는 매장,48ec2024-ee31-4ae0-bb8f-2126c5bfaa61,하다피트니스,피트니스,과천새서울프라자시장,전통시장,경기도,3.0,3.0,,,RESOLVED_AGREEMENT,False,3,,,,
d4731fdaa5d49af6f7f7,val,운동,T1 정확표기,q_운동_02,헬스장,문화·여가 중 '운동'을 판매·제공하는 매장,a1570a46-6991-4ffd-9812-bcbac43742da,어뉴피트니스,헬스장,효행구봉담상점가,골목형상점가,경기도,3.0,3.0,,,RESOLVED_AGREEMENT,False,3,,,,
a1c4f89cd75ab08e1914,val,운동,T1 정확표기,q_운동_02,헬스장,문화·여가 중 '운동'을 판매·제공하는 매장,01a5e178-ba34-4e15-ac4d-07a398900593,가자점핑다이어트클럽,"점핑, 요가",문흥2동 골목형상점가,골목형상점가,광주광역시,2.0,3.0,,,P2_GRADED_ONLY,True,,,,,
1699df2151f8469ce080,val,운동,T1 정확표기,q_운동_02,헬스장,문화·여가 중 '운동'을 판매·제공하는 매장,033d99e2-0579-45d7-9d48-d999b90dd98a,M필라테스&요가,"필라테스, 요가",조종시장,전통시장,경기도,2.0,3.0,,,P2_GRADED_ONLY,True,,,,,
455bf973b63846c9342c,val,운동,T1 정확표기,q_운동_02,헬스장,문화·여가 중 '운동'을 판매·제공하는 매장,018b2dd0-5613-482c-b714-e30dcfa584fd,씨엘 필라테스 안산고잔점,필라테스,도리섬상점가,자율상권구역,경기도,2.0,3.0,,,P2_GRADED_ONLY,True,,,,,
59d76f341f25144b87d8,val,운동,T1 정확표기,q_운동_02,헬스장,문화·여가 중 '운동'을 판매·제공하는 매장,34da46aa-90ff-4f7a-9534-98fef9476914,시원상회,채소,서면종합시장,전통시장,부산광역시,0.0,0.0,,,RESOLVED_AGREEMENT,False,0,,,,
3ca703ef378c1db914c5,val,운동,T1 정확표기,q_운동_02,헬스장,문화·여가 중 '운동'을 판매·제공하는 매장,06a9d0d7-98d4-46de-ba60-78844e443b35,올나잇 피트니스 주식회사,피트니스,부평테마의거리 골목형 상점가,골목형상점가,인천광역시,3.0,3.0,,,RESOLVED_AGREEMENT,False,3,,,,
08ec198aaee0960928c2,val,운동,T1 정확표기,q_운동_02,헬스장,문화·여가 중 '운동'을 판매·제공하는 매장,00c4a045-8aa5-4995-8313-806b7fcab6ff,남스짐천왕점 헬스PT,,천왕마을 골목형상점가,골목형상점가,서울특별시,3.0,3.0,,,RESOLVED_AGREEMENT,False,3,,,,
28b10fe00b4fe1b7d37c,val,운동,T1 정확표기,q_운동_02,헬스장,문화·여가 중 '운동'을 판매·제공하는 매장,172961ca-0c85-4246-a5bc-a63d7cadc829,브릭스짐,헬스장,나주혁신도시 골목형상점가,골목형상점가,전라남도,3.0,3.0,,,RESOLVED_AGREEMENT,False,3,,,,
f4037bbad6ca6b2126fd,val,운동,T1 정확표기,q_운동_02,헬스장,문화·여가 중 '운동'을 판매·제공하는 매장,ab046750-9e02-4b1b-be26-0d45aecd174f,빔스짐,헬스장,구영로 골목형상점가,골목형상점가,울산광역시,3.0,3.0,,,RESOLVED_AGREEMENT,False,3,,,,
339de631e7e5805f10fa,val,운동,T1 정확표기,q_운동_02,헬스장,문화·여가 중 '운동'을 판매·제공하는 매장,0080a859-c5d8-4b43-b14c-d5eb844118a0,헬스맨헬스걸,헬스장,비래동골목형상점가,골목형상점가,대전광역시,3.0,3.0,,,RESOLVED_AGREEMENT,False,3,,,,
cba6a8bac937cd764b55,val,운동,T1 정확표기,q_운동_02,헬스장,문화·여가 중 '운동'을 판매·제공하는 매장,9dac3be2-407e-4e63-9798-3ef1c972d0e0,더문짐,헬스장,문정동로데오상점가,자율상권구역,서울특별시,3.0,3.0,,,RESOLVED_AGREEMENT,False,3,,,,
22c848388e4f9811eb52,val,운동,T1 정확표기,q_운동_02,헬스장,문화·여가 중 '운동'을 판매·제공하는 매장,00f8d2a4-8e38-485b-a09e-280a1aa0c326,라인엑스피티스튜디오,"헬스, PT",수지성복플러스 골목형상점가,골목형상점가,경기도,3.0,3.0,,,RESOLVED_AGREEMENT,False,3,,,,
161dd81853617a36c434,val,운동,T1 정확표기,q_운동_02,헬스장,문화·여가 중 '운동'을 판매·제공하는 매장,08de408a-f260-4467-b375-768cbd50e14d,본소마메드짐 재활운동&PT,운동,용강동상점가,자율상권구역,서울특별시,2.0,3.0,,,P2_GRADED_ONLY,True,,,,,
80f27cb4ced9866a9c5b,val,운동,T1 정확표기,q_운동_02,헬스장,문화·여가 중 '운동'을 판매·제공하는 매장,2f27606a-3445-43db-bb94-bffc58d4c939,더프로짐,헬스장,둔산2동 골목형상점가,골목형상점가,대전광역시,3.0,3.0,,,RESOLVED_AGREEMENT,False,3,,,,
0d101d9d90d0cfb9cd70,val,운동,T1 정확표기,q_운동_02,헬스장,문화·여가 중 '운동'을 판매·제공하는 매장,98ba58a4-61a5-4768-a36e-e1cbd2f82d45,랙피트니스,헬스장,진해 군항상권활성화구역,상권활성화구역,경상남도,3.0,3.0,,,RESOLVED_AGREEMENT,False,3,,,,
efc4c5e6f58affbabe9f,val,운동,T1 정확표기,q_운동_02,헬스장,문화·여가 중 '운동'을 판매·제공하는 매장,ce900d2d-3d70-4a0c-90a1-f0a40d9e83b2,바다이야기,기타,동래시장,전통시장,부산광역시,0.0,0.0,,,RESOLVED_AGREEMENT,False,0,,,,
d3a003530dcb85e6967a,val,운동,T1 정확표기,q_운동_02,헬스장,문화·여가 중 '운동'을 판매·제공하는 매장,1dc43323-929a-467b-9b64-38f473b589a7,핑크나라,잡화,성대건물시장,전통시장,서울특별시,0.0,0.0,,,RESOLVED_AGREEMENT,False,0,,,,
dc0c8985761385fa4933,val,운동,T1 정확표기,q_운동_02,헬스장,문화·여가 중 '운동'을 판매·제공하는 매장,1b4dce18-d5c1-4c8c-b9d2-fca5df0d9bbc,만들짐,헬스장,예술광장로상점가,자율상권구역,경기도,3.0,3.0,,,RESOLVED_AGREEMENT,False,3,,,,
88e2ccf2f99f3d2b2ebd,val,운동,T1 정확표기,q_운동_02,헬스장,문화·여가 중 '운동'을 판매·제공하는 매장,000a92b3-0b5e-429e-af00-f86e3570e24b,클로버,의류,관문상가시장,전통시장,대구광역시,1.0,1.0,,,RESOLVED_AGREEMENT,False,1,,,,
8091fb0645c367265d37,val,운동,T1 정확표기,q_운동_02,헬스장,문화·여가 중 '운동'을 판매·제공하는 매장,901450a0-4210-4d21-a0fa-a156f4b5fa07,청솔로9 동대구역점,커피,동터 골목형상점가,골목형상점가,대구광역시,0.0,0.0,,,RESOLVED_AGREEMENT,False,0,,,,
bea4f657abd4baef67cb,val,운동,T1 정확표기,q_운동_02,헬스장,문화·여가 중 '운동'을 판매·제공하는 매장,ed2510fd-25e6-4664-9693-c4387003c8f4,재일짐,헬스장,구성언남 골목형상점가,골목형상점가,경기도,3.0,3.0,,,RESOLVED_AGREEMENT,False,3,,,,
3dc62797b21ae2b80084,val,운동,T1 정확표기,q_운동_02,헬스장,문화·여가 중 '운동'을 판매·제공하는 매장,020180c1-e676-4f99-84db-9b56504222f2,아름드리 필라테스&PT,필라테스요가바레필라테스,아름드리 골목형상점가,골목형상점가,세종특별자치시,2.0,3.0,,,P2_GRADED_ONLY,True,,,,,
50b5d110a7c1a4f8ea7d,val,운동,T1 정확표기,q_운동_02,헬스장,문화·여가 중 '운동'을 판매·제공하는 매장,00172c94-61f0-4197-afeb-d7e8187c79b5,옷이예쁘다,의류,메트로센터(반월당지하쇼핑),일반지하상점가,대구광역시,1.0,1.0,,,RESOLVED_AGREEMENT,False,1,,,,
2b7950d7c58a9e6bff66,val,운동,T1 정확표기,q_운동_02,헬스장,문화·여가 중 '운동'을 판매·제공하는 매장,7a304117-b41c-4dba-b89b-2c92e30494b5,준초이짐,헬스장,병무청인근 골목형상점가,골목형상점가,광주광역시,3.0,3.0,,,RESOLVED_AGREEMENT,False,3,,,,
573567fe712404966a7a,val,운동,T1 정확표기,q_운동_02,헬스장,문화·여가 중 '운동'을 판매·제공하는 매장,5d7dece5-be21-47ac-8e32-fed08fb43770,디데이짐,헬스장,산본사거리 골목형상점가,골목형상점가,경기도,3.0,3.0,,,RESOLVED_AGREEMENT,False,3,,,,
4d1b4a8d36e5fcf60b05,val,운동,T1 정확표기,q_운동_02,헬스장,문화·여가 중 '운동'을 판매·제공하는 매장,5de85a90-09e9-48cb-a893-e5f822667d43,숄더짐,헬스장,사리골상점가,자율상권구역,경기도,3.0,3.0,,,RESOLVED_AGREEMENT,False,3,,,,
256964d58885eaae4f97,val,운동,T1 정확표기,q_운동_02,헬스장,문화·여가 중 '운동'을 판매·제공하는 매장,00a3eb8f-b86a-4b8c-933c-ffaee551fdba,신시아 필라테스,필라테스 센터,겸재한신길 골목형상점가,골목형상점가,서울특별시,2.0,3.0,,,P2_GRADED_ONLY,True,,,,,
7c6aedd7bfed96673250,val,운동,T1 정확표기,q_운동_02,헬스장,문화·여가 중 '운동'을 판매·제공하는 매장,3903268b-2b79-414c-b9be-afbef764d3dc,동양자동차용품,"블랙박스, 썬팅",상무중앙공원상인회 골목형상점가,골목형상점가,광주광역시,0.0,0.0,,,RESOLVED_AGREEMENT,False,0,,,,
af27ccd1e8a6a532140a,val,운동,T1 정확표기,q_운동_02,헬스장,문화·여가 중 '운동'을 판매·제공하는 매장,377a1822-9e1b-4458-a1aa-11a43e3e035a,핏앤핏PT,헬스장,소담마실길 골목형상점가,골목형상점가,세종특별자치시,3.0,3.0,,,RESOLVED_AGREEMENT,False,3,,,,
7a7c437a34307b3a31f7,val,운동,T2 동의어,q_운동_03,요가,문화·여가 중 '운동'을 판매·제공하는 매장,5fc6e13c-18ee-4ed5-9a22-69a43d414766,카미요가,요가,광교상현역 온누리 골목형상점가,골목형상점가,경기도,3.0,3.0,,,RESOLVED_AGREEMENT,False,3,,,,
34f56cbe9287a94a40df,val,운동,T2 동의어,q_운동_03,요가,문화·여가 중 '운동'을 판매·제공하는 매장,6dbf7a40-9fa5-4da8-b4b3-2c237e73fb6d,만다린요가랩,요가,빛가람 상리단길 골목형상점가,골목형상점가,전라남도,3.0,3.0,,,RESOLVED_AGREEMENT,False,3,,,,
765aac7e5a4c1bb3ed4a,val,운동,T2 동의어,q_운동_03,요가,문화·여가 중 '운동'을 판매·제공하는 매장,62246bce-5e8e-42ff-b069-1a3ec58367fd,크라운핏,,군산대 대학로 골목형상점가,골목형상점가,전북특별자치도,,0.0,Y,,P0_UNCERTAIN_OR_MISSING,True,,,,,
f1f75c66608114535660,val,운동,T2 동의어,q_운동_03,요가,문화·여가 중 '운동'을 판매·제공하는 매장,1fc93a71-776b-4b87-b94d-18528f2e13fd,보너스요가,요가,산본로데오거리(구 산본중심상가),자율상권구역,경기도,3.0,3.0,,,RESOLVED_AGREEMENT,False,3,,,,
5b6c6bb9dd6daed2e956,val,운동,T2 동의어,q_운동_03,요가,문화·여가 중 '운동'을 판매·제공하는 매장,10a553aa-5d04-4175-a28d-715478b82090,요가피안,요가,상암동상점가,자율상권구역,서울특별시,3.0,3.0,,,RESOLVED_AGREEMENT,False,3,,,,
6273603d0aeb8f257b47,val,운동,T2 동의어,q_운동_03,요가,문화·여가 중 '운동'을 판매·제공하는 매장,dc4623db-5120-404c-a915-dff7fc643780,아이비요가,요가,(예천)새움로 골목형상점가,골목형상점가,경상북도,3.0,3.0,,,RESOLVED_AGREEMENT,False,3,,,,
4927292c5e1ed14ff263,val,운동,T2 동의어,q_운동_03,요가,문화·여가 중 '운동'을 판매·제공하는 매장,0e515135-ded1-47b3-a823-55812b070480,나나요가,요가,계림2동발전 골목형상점가,골목형상점가,광주광역시,3.0,3.0,,,RESOLVED_AGREEMENT,False,3,,,,
0b18f5aef29119d4fcb6,val,운동,T2 동의어,q_운동_03,요가,문화·여가 중 '운동'을 판매·제공하는 매장,7f68564f-031f-4fed-817b-993c4c4359e2,나다요가,요가,연제주공 골목형상점가,골목형상점가,광주광역시,3.0,3.0,,,RESOLVED_AGREEMENT,False,3,,,,
7d0364e28c9ee5597904,val,운동,T2 동의어,q_운동_03,요가,문화·여가 중 '운동'을 판매·제공하는 매장,51ac3c27-decc-432a-bcad-e56f5f47096d,플레이트랩&요가,요가,나성BRT 골목형상점가,골목형상점가,세종특별자치시,3.0,3.0,,,RESOLVED_AGREEMENT,False,3,,,,
4af52b557717c480417b,val,운동,T2 동의어,q_운동_03,요가,문화·여가 중 '운동'을 판매·제공하는 매장,07466d2d-51a2-4c17-8dcf-1af1bfb6f868,금강랜드로바 원주점,운동화가죽신발등산용품,원주중앙로문화의거리,자율상권구역,강원특별자치도,2.0,3.0,,,P2_GRADED_ONLY,True,,,,,
a97eb43bf957249a08f2,val,운동,T2 동의어,q_운동_03,요가,문화·여가 중 '운동'을 판매·제공하는 매장,010b7a6c-330f-4102-b3bd-670c2a603b65,강원청과,,올레별빛거리 상점가,골목형상점가,제주특별자치도,0.0,0.0,,,RESOLVED_AGREEMENT,False,0,,,,
9a4a37278e41d0aa3aab,val,운동,T2 동의어,q_운동_03,요가,문화·여가 중 '운동'을 판매·제공하는 매장,00124602-ef4e-472c-91ee-de53b28d7530,화이트,의류,울산번개시장,전통시장,울산광역시,1.0,1.0,,,RESOLVED_AGREEMENT,False,1,,,,
47666c9463e77d0953b6,val,운동,T2 동의어,q_운동_03,요가,문화·여가 중 '운동'을 판매·제공하는 매장,3df5cfe7-17e5-4b1e-b13b-c9ba41a1dc57,메디요가,요가,순천원도심상점가,자율상권구역,전라남도,3.0,3.0,,,RESOLVED_AGREEMENT,False,3,,,,
973d466cb4c50d720394,val,운동,T2 동의어,q_운동_03,요가,문화·여가 중 '운동'을 판매·제공하는 매장,c8661923-f10c-43af-ab2d-dcfa26286982,딥티르 요가,요가,더테라스골목형상점가,골목형상점가,인천광역시,3.0,3.0,,,RESOLVED_AGREEMENT,False,3,,,,
31ae1c6b3629f2fd4591,val,운동,T2 동의어,q_운동_03,요가,문화·여가 중 '운동'을 판매·제공하는 매장,9eeafc81-4dde-4577-8288-aeb35a1118da,요가로 풀다,요가,지족반석 골목형상점가,골목형상점가,대전광역시,3.0,3.0,,,RESOLVED_AGREEMENT,False,3,,,,
499b9f6e1f3f596864a6,val,운동,T2 동의어,q_운동_03,요가,문화·여가 중 '운동'을 판매·제공하는 매장,00c4a045-8aa5-4995-8313-806b7fcab6ff,남스짐천왕점 헬스PT,,천왕마을 골목형상점가,골목형상점가,서울특별시,2.0,3.0,,,P2_GRADED_ONLY,True,,,,,
0ec7f040c69499ded468,val,운동,T2 동의어,q_운동_03,요가,문화·여가 중 '운동'을 판매·제공하는 매장,348adf5d-6e30-4f81-b312-c7ec5bc8f337,이지요가,요가,동백중심상가 골목형상점가,골목형상점가,경기도,3.0,3.0,,,RESOLVED_AGREEMENT,False,3,,,,
63339d7f83352930e39b,val,운동,T2 동의어,q_운동_03,요가,문화·여가 중 '운동'을 판매·제공하는 매장,811f580c-ad74-4a55-89cf-18ac26075ff5,문정요가,요가,산본로데오거리(구 산본중심상가),자율상권구역,경기도,3.0,3.0,,,RESOLVED_AGREEMENT,False,3,,,,
b15b61cd6087b2ee3f00,val,운동,T2 동의어,q_운동_03,요가,문화·여가 중 '운동'을 판매·제공하는 매장,901ba2df-6fcc-4e17-84e9-cb5afd501947,소움요가,요가,봉선로2 골목형상점가,골목형상점가,광주광역시,3.0,3.0,,,RESOLVED_AGREEMENT,False,3,,,,
ecd6d53f6f22b486695e,val,운동,T2 동의어,q_운동_03,요가,문화·여가 중 '운동'을 판매·제공하는 매장,008fbd3f-35b4-431f-8ba5-fc8bcfe4bf83,제이에스피트니스,헬스,동림1 골목형상점가,골목형상점가,광주광역시,2.0,3.0,,,P2_GRADED_ONLY,True,,,,,
4ad7054ce97b086955b7,val,운동,T2 동의어,q_운동_03,요가,문화·여가 중 '운동'을 판매·제공하는 매장,12acf949-53a9-4369-aa58-be4c409d25f1,연주요가,요가,남현동예술인마을골목형상점가,골목형상점가,서울특별시,3.0,3.0,,,RESOLVED_AGREEMENT,False,3,,,,
aa5f9a7daf339b9a2b3c,val,운동,T2 동의어,q_운동_03,요가,문화·여가 중 '운동'을 판매·제공하는 매장,61e281f2-8917-45c1-83c0-c004fb15d07a,유유히요가,요가,구성언남 골목형상점가,골목형상점가,경기도,3.0,3.0,,,RESOLVED_AGREEMENT,False,3,,,,
e41898f43ffc7a6b75ed,val,운동,T2 동의어,q_운동_03,요가,문화·여가 중 '운동'을 판매·제공하는 매장,08de408a-f260-4467-b375-768cbd50e14d,본소마메드짐 재활운동&PT,운동,용강동상점가,자율상권구역,서울특별시,2.0,3.0,,,P2_GRADED_ONLY,True,,,,,
09b9dfe71d2ae648d437,val,운동,T2 동의어,q_운동_03,요가,문화·여가 중 '운동'을 판매·제공하는 매장,00054f1d-4cae-4345-9975-1423bc49e4dc,착한아이들,의류,중앙전통시장,전통시장,울산광역시,1.0,1.0,,,RESOLVED_AGREEMENT,False,1,,,,
5c3913cf53d7c37e1a8d,val,운동,T2 동의어,q_운동_03,요가,문화·여가 중 '운동'을 판매·제공하는 매장,baa5c595-f0ac-4813-9f38-da424638a3da,요가타임,요가,둔산3동상점가,자율상권구역,대전광역시,3.0,3.0,,,RESOLVED_AGREEMENT,False,3,,,,
ea1b7dd601f5f695cf9a,val,운동,T2 동의어,q_운동_03,요가,문화·여가 중 '운동'을 판매·제공하는 매장,033d99e2-0579-45d7-9d48-d999b90dd98a,M필라테스&요가,"필라테스, 요가",조종시장,전통시장,경기도,3.0,3.0,,,RESOLVED_AGREEMENT,False,3,,,,
f6a957fbf181515365cb,val,운동,T2 동의어,q_운동_03,요가,문화·여가 중 '운동'을 판매·제공하는 매장,0a7de62f-b294-412c-b700-0642397eca30,다이나핏 김포장기점,"스포츠 의류, 용품",김포장기패션아울렛,골목형상점가,경기도,2.0,1.0,,,P1_BINARY_THRESHOLD,True,,,,,
3162b965234d257fa3c7,val,운동,T2 동의어,q_운동_03,요가,문화·여가 중 '운동'을 판매·제공하는 매장,01a5e178-ba34-4e15-ac4d-07a398900593,가자점핑다이어트클럽,"점핑, 요가",문흥2동 골목형상점가,골목형상점가,광주광역시,3.0,3.0,,,RESOLVED_AGREEMENT,False,3,,,,
8e580277f261cf67523f,val,운동,T2 동의어,q_운동_03,요가,문화·여가 중 '운동'을 판매·제공하는 매장,34ecc016-a973-4bc0-bfac-686ce54b2a13,빛요가,요가,쌍학로상인회 골목형상점가,골목형상점가,광주광역시,3.0,3.0,,,RESOLVED_AGREEMENT,False,3,,,,
434b86d95d409374686a,val,운동,T2 동의어,q_운동_03,요가,문화·여가 중 '운동'을 판매·제공하는 매장,36f4d9e2-889a-4168-b518-51e2ddf773df,킴스휘트니스클리닉,피트니스,아름동상점가,자율상권구역,세종특별자치시,2.0,3.0,,,P2_GRADED_ONLY,True,,,,,
794a78f4ad13efaca187,val,운동,T2 동의어,q_운동_03,요가,문화·여가 중 '운동'을 판매·제공하는 매장,afd27381-e18e-4b87-b2da-61ffc5992153,인샬라 요가,,정부청사 골목형상점가,골목형상점가,,3.0,3.0,,,RESOLVED_AGREEMENT,False,3,,,,
85de5b8051bce733fa3b,val,운동,T2 동의어,q_운동_03,요가,문화·여가 중 '운동'을 판매·제공하는 매장,4b0da49a-7e00-4e80-8b52-7fc340b6a202,아카샤요가,요가,"빛가람 스타타워, 메가티움1차, 메가티움2차 골목형상점가",골목형상점가,전라남도,3.0,3.0,,,RESOLVED_AGREEMENT,False,3,,,,
a587c13293fab1c57287,val,운동,T2 동의어,q_운동_03,요가,문화·여가 중 '운동'을 판매·제공하는 매장,ccaaa993-a233-4b44-80e2-8a914fee68a0,요가다움,요가,과천중앙동상점가,자율상권구역,경기도,3.0,3.0,,,RESOLVED_AGREEMENT,False,3,,,,
7ee8cd61c10c18aa3979,val,운동,T2 동의어,q_운동_03,요가,문화·여가 중 '운동'을 판매·제공하는 매장,df015364-597c-44c7-8021-b5b992e7cc69,요가그린움,요가,용두마을길 골목형상점가,골목형상점가,광주광역시,3.0,3.0,,,RESOLVED_AGREEMENT,False,3,,,,
c5482c93c2e731a83edc,val,운동,T2 동의어,q_운동_03,요가,문화·여가 중 '운동'을 판매·제공하는 매장,9b7ccf71-39c8-4797-b60e-779f391a8c8c,퍼스트안경,,검단신도시 아라 맛집 골목형상점가,골목형상점가,인천광역시,0.0,0.0,,,RESOLVED_AGREEMENT,False,0,,,,
2573f72350b45f3d6f1d,val,운동,T2 동의어,q_운동_03,요가,문화·여가 중 '운동'을 판매·제공하는 매장,3744861c-be9b-431c-bf86-cef8c3918276,아타요가,요가,월곡대반 골목형상점가,골목형상점가,광주광역시,3.0,3.0,,,RESOLVED_AGREEMENT,False,3,,,,
f37df7b96bfb88362b65,val,운동,T2 동의어,q_운동_03,요가,문화·여가 중 '운동'을 판매·제공하는 매장,88301634-9847-4bea-b5ab-beb766e40ddf,복샘요가,요가,신수동토정로 골목형상점가,골목형상점가,서울특별시,3.0,3.0,,,RESOLVED_AGREEMENT,False,3,,,,
a4bda4fab2b6b3089275,val,운동,T2 동의어,q_운동_03,요가,문화·여가 중 '운동'을 판매·제공하는 매장,00f8d2a4-8e38-485b-a09e-280a1aa0c326,라인엑스피티스튜디오,"헬스, PT",수지성복플러스 골목형상점가,골목형상점가,경기도,2.0,3.0,,,P2_GRADED_ONLY,True,,,,,
7b908789111bd2bbab36,val,운동,T2 동의어,q_운동_03,요가,문화·여가 중 '운동'을 판매·제공하는 매장,09815d92-d0f0-4c87-b4fa-1194f86c53c0,유성프로스펙스,"스포츠의류, 용품",장대동패션상가 골목형상점가,골목형상점가,대전광역시,2.0,1.0,,,P1_BINARY_THRESHOLD,True,,,,,
acf54173dd8fcf82d5f7,val,운동,T2 동의어,q_운동_03,요가,문화·여가 중 '운동'을 판매·제공하는 매장,e755235f-e724-4d45-9246-a4fe400970df,사직골,한식,사직길 골목형상점가,골목형상점가,광주광역시,0.0,0.0,,,RESOLVED_AGREEMENT,False,0,,,,
11ad71a5460a3747682b,val,운동,T2 동의어,q_운동_03,요가,문화·여가 중 '운동'을 판매·제공하는 매장,50b3d49a-5e59-44a9-8217-29abd4c45f12,다원요가,요가,신창중 골목형상점가,골목형상점가,광주광역시,3.0,3.0,,,RESOLVED_AGREEMENT,False,3,,,,
5c72748ee05357b139fe,val,운동,T2 동의어,q_운동_03,요가,문화·여가 중 '운동'을 판매·제공하는 매장,a09f63ad-34af-4133-a9cc-de87704572b6,수빈요가,요가,치동천 수변상가,자율상권구역,경기도,3.0,3.0,,,RESOLVED_AGREEMENT,False,3,,,,
2f8ff5bafed0c7bbaad0,val,운동,T2 동의어,q_운동_03,요가,문화·여가 중 '운동'을 판매·제공하는 매장,0151b1ea-e648-438b-83b0-efcf6f387e9b,크로스핏 터,운동 서비스,열매 골목형상점가,골목형상점가,대전광역시,2.0,3.0,,,P2_GRADED_ONLY,True,,,,,
6804fdeb7262f8b94964,val,운동,T2 동의어,q_운동_03,요가,문화·여가 중 '운동'을 판매·제공하는 매장,d4dcc15e-e354-4894-93ee-5351373028d4,S요가,요가,주월1동회재로 골목형상점가,골목형상점가,광주광역시,3.0,3.0,,,RESOLVED_AGREEMENT,False,3,,,,
4a1fadf84c7433a3bc75,val,운동,T2 동의어,q_운동_03,요가,문화·여가 중 '운동'을 판매·제공하는 매장,040428ab-1a04-452f-8b35-c7c3c993cad8,누아요가,요가,현대센트럴스퀘어,골목형상점가,경기도,3.0,3.0,,,RESOLVED_AGREEMENT,False,3,,,,
abda6269ec7c24679ca1,val,운동,T2 동의어,q_운동_03,요가,문화·여가 중 '운동'을 판매·제공하는 매장,020180c1-e676-4f99-84db-9b56504222f2,아름드리 필라테스&PT,필라테스요가바레필라테스,아름드리 골목형상점가,골목형상점가,세종특별자치시,3.0,3.0,,,RESOLVED_AGREEMENT,False,3,,,,
f9f7ed1addd50a70e405,val,운동,T2 동의어,q_운동_03,요가,문화·여가 중 '운동'을 판매·제공하는 매장,223c49e0-c098-4d8e-9812-b9adf1691b9f,"온, 요가",요가,중흥청춘로 골목형상점가,골목형상점가,광주광역시,3.0,3.0,,,RESOLVED_AGREEMENT,False,3,,,,
9565993bff5af50e2bd7,val,운동,T2 동의어,q_운동_03,요가,문화·여가 중 '운동'을 판매·제공하는 매장,e667db9d-443c-4413-afac-452968d148cb,명성(明成)한우,"도소매(축산물,식육)",관악신사시장,전통시장,서울특별시,0.0,0.0,,,RESOLVED_AGREEMENT,False,0,,,,
3d1f67494cfa8fb807e7,val,운동,T2 동의어,q_운동_03,요가,문화·여가 중 '운동'을 판매·제공하는 매장,07d89ce7-de40-4795-a10b-414cc1e269ef,매곡 천부경 명상센터,"명상수련, 요가",매곡동 골목형상점가,골목형상점가,광주광역시,3.0,3.0,,,RESOLVED_AGREEMENT,False,3,,,,
865ff46309166c028f39,val,운동,T2 동의어,q_운동_03,요가,문화·여가 중 '운동'을 판매·제공하는 매장,6685e9df-5946-4503-a49e-a4fad130548b,요가얌,요가,범한프라자시장,전통시장,경기도,3.0,3.0,,,RESOLVED_AGREEMENT,False,3,,,,
7d241d1be7d9f2e484e7,val,운동,T2 동의어,q_운동_03,요가,문화·여가 중 '운동'을 판매·제공하는 매장,d8e6dde7-1dd3-43a1-97c2-e517cf7bf5f1,신라직화구이치킨,치킨,군산주공시장,전통시장,전북특별자치도,0.0,0.0,,,RESOLVED_AGREEMENT,False,0,,,,
dd52b38d9bd4c843597f,val,운동,T2 동의어,q_운동_03,요가,문화·여가 중 '운동'을 판매·제공하는 매장,8ffde489-32bc-4dab-a429-577056e1422b,서당골요가,요가,사직동 서동로 골목형상점가,골목형상점가,광주광역시,3.0,3.0,,,RESOLVED_AGREEMENT,False,3,,,,
a559fda9d5c3e34fd4f5,val,운동,T2 동의어,q_운동_03,요가,문화·여가 중 '운동'을 판매·제공하는 매장,f555f0c2-497a-4b53-bc45-52e897fd2170,가람요가,요가,상무중앙상인회 골목형상점가,골목형상점가,광주광역시,3.0,3.0,,,RESOLVED_AGREEMENT,False,3,,,,
38d0e9f3b4b7e5626739,val,운동,T2 동의어,q_운동_03,요가,문화·여가 중 '운동'을 판매·제공하는 매장,2710c11c-07ab-4757-b0dc-9ff2358492cf,부일냉동,전자제품,부전농수산물새벽시장,전통시장,부산광역시,0.0,0.0,,,RESOLVED_AGREEMENT,False,0,,,,
f51e20128f08877fe7be,val,운동,T2 동의어,q_운동_03,요가,문화·여가 중 '운동'을 판매·제공하는 매장,78b80f13-7e01-4577-b7ee-63b1a71cb821,민트요가,요가,항동 골목형상점가,골목형상점가,서울특별시,3.0,3.0,,,RESOLVED_AGREEMENT,False,3,,,,
a94becf7e21aba43b386,val,운동,T2 동의어,q_운동_03,요가,문화·여가 중 '운동'을 판매·제공하는 매장,789456f6-eb26-477c-94ff-5873c71376b0,리반요가,요가,산본로데오거리(구 산본중심상가),자율상권구역,경기도,3.0,3.0,,,RESOLVED_AGREEMENT,False,3,,,,
a670fdc0cdafde20aafd,val,운동,T2 동의어,q_운동_03,요가,문화·여가 중 '운동'을 판매·제공하는 매장,f62ab24c-44ac-432c-a925-61e06ae6c670,오앤요가,요가,평촌1번가 상점가,자율상권구역,경기도,3.0,3.0,,,RESOLVED_AGREEMENT,False,3,,,,
9c1376c076be0edf8f85,val,운동,T2 동의어,q_운동_03,요가,문화·여가 중 '운동'을 판매·제공하는 매장,003adf4b-eb63-4fd3-92d3-e139c6f1c22d,새롬필라테스,필라테스,새롬동 골목형상점가,골목형상점가,세종특별자치시,2.0,3.0,,,P2_GRADED_ONLY,True,,,,,
a4638cfc3ab7aafe111f,val,운동,T2 동의어,q_운동_03,요가,문화·여가 중 '운동'을 판매·제공하는 매장,7928621c-2b07-461f-8e82-e9acaf69a532,설화요가,요가,소사벌 골목형상점가,골목형상점가,경기도,3.0,3.0,,,RESOLVED_AGREEMENT,False,3,,,,
7f4ec946f063b6d15b23,val,운동,T2 동의어,q_운동_03,요가,문화·여가 중 '운동'을 판매·제공하는 매장,0066174b-64aa-428a-b8d6-f9bae4107429,크로스핏 엘리트짐,기능성운동,노은역 골목형상점가,골목형상점가,대전광역시,2.0,3.0,,,P2_GRADED_ONLY,True,,,,,
261000b15501ba0dc4c6,val,운동,T2 동의어,q_운동_03,요가,문화·여가 중 '운동'을 판매·제공하는 매장,d5a4ca57-5efd-4897-9081-80017cc5c2ce,계절요가,요가,동명동 카페거리 골목형상점가,골목형상점가,광주광역시,3.0,3.0,,,RESOLVED_AGREEMENT,False,3,,,,
eee1f5d0d3a0a7ce4d0a,val,운동,T2 동의어,q_운동_03,요가,문화·여가 중 '운동'을 판매·제공하는 매장,d7881f73-2b07-4259-b84c-fd73a1acf89a,목공방 뚜띨로,목공예품,예스파크 상점가,자율상권구역,경기도,0.0,0.0,,,RESOLVED_AGREEMENT,False,0,,,,
c14b52867ee8eafe51d9,val,운동,T2 동의어,q_운동_03,요가,문화·여가 중 '운동'을 판매·제공하는 매장,5930827c-1da0-4a84-bc05-ac9688d7a7c4,서서히요가,요가,양원숲길 골목형상점가,골목형상점가,서울특별시,3.0,3.0,,,RESOLVED_AGREEMENT,False,3,,,,
34c3f9d5ad358feb07d4,val,운동,T2 동의어,q_운동_03,요가,문화·여가 중 '운동'을 판매·제공하는 매장,bc2216a4-d5de-4acf-8d7f-4d99a98c5f0e,비채요가,요가,용봉우치로 골목형상점가,골목형상점가,광주광역시,3.0,3.0,,,RESOLVED_AGREEMENT,False,3,,,,
536ea6ebdb220cb4b93b,val,운동,T2 동의어,q_운동_03,요가,문화·여가 중 '운동'을 판매·제공하는 매장,00158f51-4d3a-4ac0-9e38-b37552f5e097,지지배,의류,나주금빛상점가,자율상권구역,전라남도,1.0,1.0,,,RESOLVED_AGREEMENT,False,1,,,,
4df45fa6554ec2c66964,val,운동,T2 동의어,q_운동_03,요가,문화·여가 중 '운동'을 판매·제공하는 매장,ead90263-195b-427e-bf2e-845aa021ec24,한울요가,요가,공주산성 활성화구역,전통시장,충청남도,3.0,3.0,,,RESOLVED_AGREEMENT,False,3,,,,
7c2933ace02a656fa116,val,운동,T2 동의어,q_운동_03,요가,문화·여가 중 '운동'을 판매·제공하는 매장,00172c94-61f0-4197-afeb-d7e8187c79b5,옷이예쁘다,의류,메트로센터(반월당지하쇼핑),일반지하상점가,대구광역시,1.0,1.0,,,RESOLVED_AGREEMENT,False,1,,,,
ed2992915f99e79b7b20,val,운동,T2 동의어,q_운동_03,요가,문화·여가 중 '운동'을 판매·제공하는 매장,34a41c8e-d1a4-4c27-9097-f8c4c3def9b2,서미교폴아트&요가,요가,명덕마을 골목형상점가,골목형상점가,울산광역시,3.0,3.0,,,RESOLVED_AGREEMENT,False,3,,,,
1ba0b36703eb32450255,val,운동,T2 동의어,q_운동_03,요가,문화·여가 중 '운동'을 판매·제공하는 매장,0080a859-c5d8-4b43-b14c-d5eb844118a0,헬스맨헬스걸,헬스장,비래동골목형상점가,골목형상점가,대전광역시,2.0,3.0,,,P2_GRADED_ONLY,True,,,,,
409a861237e089e93049,val,운동,T2 동의어,q_운동_03,요가,문화·여가 중 '운동'을 판매·제공하는 매장,37eea327-86d5-4256-b050-9ef8805b43b0,요가숨,요가,엄사 골목형상점가,골목형상점가,충청남도,3.0,3.0,,,RESOLVED_AGREEMENT,False,3,,,,
b4d8064ef3d550b46093,val,운동,T2 동의어,q_운동_03,요가,문화·여가 중 '운동'을 판매·제공하는 매장,faec4fdc-04f5-4326-8269-cc111cf1ff19,슈람요가,요가,화삼골상인회 골목형상점가,골목형상점가,광주광역시,3.0,3.0,,,RESOLVED_AGREEMENT,False,3,,,,
9c8264b868363e937c60,val,운동,T2 동의어,q_운동_03,요가,문화·여가 중 '운동'을 판매·제공하는 매장,000a92b3-0b5e-429e-af00-f86e3570e24b,클로버,의류,관문상가시장,전통시장,대구광역시,1.0,1.0,,,RESOLVED_AGREEMENT,False,1,,,,
3951ea266e2ac7091166,val,운동,T2 동의어,q_운동_03,요가,문화·여가 중 '운동'을 판매·제공하는 매장,35f62c74-3304-4a6c-a21f-28b253239019,하이무브 피트니스,피트니스 센터,산본로데오거리(구 산본중심상가),자율상권구역,경기도,2.0,3.0,,,P2_GRADED_ONLY,True,,,,,
54dd6644c5e392bcee5a,val,운동,T2 동의어,q_운동_03,요가,문화·여가 중 '운동'을 판매·제공하는 매장,018b2dd0-5613-482c-b714-e30dcfa584fd,씨엘 필라테스 안산고잔점,필라테스,도리섬상점가,자율상권구역,경기도,2.0,3.0,,,P2_GRADED_ONLY,True,,,,,
84752357b96cf1dcf334,val,운동,T2 동의어,q_운동_03,요가,문화·여가 중 '운동'을 판매·제공하는 매장,90ae744a-8e85-4e8f-b0d6-41389668c570,소담요가,요가,어울림양산로 골목형상점가,골목형상점가,광주광역시,3.0,3.0,,,RESOLVED_AGREEMENT,False,3,,,,
306d40ac34df03aff281,val,운동,T2 동의어,q_운동_03,요가,문화·여가 중 '운동'을 판매·제공하는 매장,06a9d0d7-98d4-46de-ba60-78844e443b35,올나잇 피트니스 주식회사,피트니스,부평테마의거리 골목형 상점가,골목형상점가,인천광역시,2.0,3.0,,,P2_GRADED_ONLY,True,,,,,
95fa8b925eabadcdc6d3,val,운동,T2 동의어,q_운동_03,요가,문화·여가 중 '운동'을 판매·제공하는 매장,3eda68cd-5dda-4606-b877-f58fa587c240,"요가,해",요가,장대동패션상가 골목형상점가,골목형상점가,대전광역시,3.0,3.0,,,RESOLVED_AGREEMENT,False,3,,,,
ce156301001a727f03ec,val,운동,T2 동의어,q_운동_03,요가,문화·여가 중 '운동'을 판매·제공하는 매장,20ced1b5-83bb-4ed4-a3a7-310675792f1d,은요가,요가,염주상인회 골목형상점가,골목형상점가,광주광역시,3.0,3.0,,,RESOLVED_AGREEMENT,False,3,,,,
45da88ee0f3d431734aa,val,운동,T2 동의어,q_운동_03,요가,문화·여가 중 '운동'을 판매·제공하는 매장,21bfd845-8c16-4b67-809f-81a3833826c0,케이폴앤댄스,피트니스,남양역골로상점가,골목형상점가,경기도,2.0,3.0,,,P2_GRADED_ONLY,True,,,,,
b219c69bcc1527ab6701,val,운동,T2 동의어,q_운동_03,요가,문화·여가 중 '운동'을 판매·제공하는 매장,08bf522e-2d12-4ba2-95aa-344e372f90d7,수지패션,운동용품,원조낙지골목상점가,자율상권구역,전라남도,2.0,3.0,,,P2_GRADED_ONLY,True,,,,,
db5643d5acb09ed17531,val,운동,T2 동의어,q_운동_03,요가,문화·여가 중 '운동'을 판매·제공하는 매장,48ec2024-ee31-4ae0-bb8f-2126c5bfaa61,하다피트니스,피트니스,과천새서울프라자시장,전통시장,경기도,2.0,3.0,,,P2_GRADED_ONLY,True,,,,,
b61e91378ee4e61399c2,val,운동,T2 동의어,q_운동_03,요가,문화·여가 중 '운동'을 판매·제공하는 매장,00a3eb8f-b86a-4b8c-933c-ffaee551fdba,신시아 필라테스,필라테스 센터,겸재한신길 골목형상점가,골목형상점가,서울특별시,2.0,3.0,,,P2_GRADED_ONLY,True,,,,,
0c1d86a3a2b3ae35a3d4,val,운동,T2 동의어,q_운동_03,요가,문화·여가 중 '운동'을 판매·제공하는 매장,13b49723-0f56-47a8-9977-0b8375415785,디어요가,요가,하남대로,골목형상점가,광주광역시,3.0,3.0,,,RESOLVED_AGREEMENT,False,3,,,,
8d7f6ff6e2a26dc7b0fa,val,운동,T2 동의어,q_운동_03,요가,문화·여가 중 '운동'을 판매·제공하는 매장,0041f699-c619-48b9-b3a9-814af9905c66,GB트레이닝센터,운동,일곡동(제5지역:제1근린공원 건너편),골목형상점가,광주광역시,2.0,3.0,,,P2_GRADED_ONLY,True,,,,,
1d46dfe44ccf39a3de51,val,운동,T2 동의어,q_운동_03,요가,문화·여가 중 '운동'을 판매·제공하는 매장,00a27d0e-2216-4ff5-94fe-7acd76db3da3,짐자반 헬스 PT 하남시청역점,"헬스장 회원권, 개인레슨",덕풍전통시장,전통시장,경기도,2.0,3.0,,,P2_GRADED_ONLY,True,,,,,
a1aa567eb291dc03416a,val,운동,T2 동의어,q_운동_03,요가,문화·여가 중 '운동'을 판매·제공하는 매장,3b1b198c-615c-4624-82f9-797db48803a5,요가온,요가,혁신도시5구역골목형상점가,골목형상점가,강원특별자치도,3.0,3.0,,,RESOLVED_AGREEMENT,False,3,,,,
425f6f0316eb06b5b497,val,운동,T2 동의어,q_운동_03,요가,문화·여가 중 '운동'을 판매·제공하는 매장,9f507269-718e-4242-b275-6ca2fc6c6e35,요가흐름,요가,과천슈르탑 골목형상점가,골목형상점가,경기도,3.0,3.0,,,RESOLVED_AGREEMENT,False,3,,,,
7b49abbfaa371db33d49,val,운동,T2 동의어,q_운동_03,요가,문화·여가 중 '운동'을 판매·제공하는 매장,0214eb76-f204-4d4f-9645-f0444d2c5f33,베이글짐,헬스장,도담동 골목형상점가,골목형상점가,세종특별자치시,2.0,3.0,,,P2_GRADED_ONLY,True,,,,,
a1f7ff31e94a495035cb,val,운동,T2 동의어,q_운동_03,요가,문화·여가 중 '운동'을 판매·제공하는 매장,06f75bcb-8c04-46f9-9315-b56a3f1d7a63,스윙&플라멩고,운동복,대현프리몰 대구점,일반지하상점가,대구광역시,2.0,3.0,,,P2_GRADED_ONLY,True,,,,,
d3eece182cf393f2e75f,val,운동,T2 동의어,q_운동_03,요가,문화·여가 중 '운동'을 판매·제공하는 매장,32d400c9-bc3f-4d9e-8148-87bf61240065,한빛요가,요가,치평동중흥상가상인회 골목형상점가,골목형상점가,광주광역시,3.0,3.0,,,RESOLVED_AGREEMENT,False,3,,,,
524064dbdd9bc5713961,val,운동,T2 동의어,q_운동_04,운동용품점,문화·여가 중 '운동'을 판매·제공하는 매장,d00936ca-a02c-434b-a9f8-9c3f6f52d08c,가조운동구점,운동용품점,거창 가조상점가거리,골목형상점가,경상남도,3.0,3.0,,,RESOLVED_AGREEMENT,False,3,,,,
bcc44d8154ed87548d26,val,운동,T2 동의어,q_운동_04,운동용품점,문화·여가 중 '운동'을 판매·제공하는 매장,e3dc5845-44c3-4396-98e8-01164cf2aa70,제이에스스포츠,운동용품 시설사용중개,전주중산공원 골목형상점가,골목형상점가,전북특별자치도,3.0,3.0,,,RESOLVED_AGREEMENT,False,3,,,,
f099dd1cae17a2fb8563,val,운동,T2 동의어,q_운동_04,운동용품점,문화·여가 중 '운동'을 판매·제공하는 매장,9d49b0d0-ba57-4db8-a480-644e2ae0ec84,하마스포츠,운동용품,구미 금리단길 골목형상점가,골목형상점가,경상북도,3.0,3.0,,,RESOLVED_AGREEMENT,False,3,,,,
3f10512c403945b423ad,val,운동,T2 동의어,q_운동_04,운동용품점,문화·여가 중 '운동'을 판매·제공하는 매장,48ec2024-ee31-4ae0-bb8f-2126c5bfaa61,하다피트니스,피트니스,과천새서울프라자시장,전통시장,경기도,2.0,3.0,,,P2_GRADED_ONLY,True,,,,,
78570081d93fef7e8717,val,운동,T2 동의어,q_운동_04,운동용품점,문화·여가 중 '운동'을 판매·제공하는 매장,35f62c74-3304-4a6c-a21f-28b253239019,하이무브 피트니스,피트니스 센터,산본로데오거리(구 산본중심상가),자율상권구역,경기도,2.0,3.0,,,P2_GRADED_ONLY,True,,,,,
0b776119f441f04fc7eb,val,운동,T2 동의어,q_운동_04,운동용품점,문화·여가 중 '운동'을 판매·제공하는 매장,745151de-fbf7-40bb-8172-4e8bc00534ee,여성크로커다일,의류 운동용품,서부시장상점가(서부시장 통합),전통시장,전북특별자치도,3.0,3.0,,,RESOLVED_AGREEMENT,False,3,,,,
9556650257a9edd747d9,val,운동,T2 동의어,q_운동_04,운동용품점,문화·여가 중 '운동'을 판매·제공하는 매장,084ab288-28e4-497b-b66a-337970bf37b5,마뗑킴하고하우스제주점,의류 잡화 운동용품,제주시 원도심 상권활성화,,제주특별자치도,3.0,3.0,,,RESOLVED_AGREEMENT,False,3,,,,
2b10436595aa6863d7c6,val,운동,T2 동의어,q_운동_04,운동용품점,문화·여가 중 '운동'을 판매·제공하는 매장,0066174b-64aa-428a-b8d6-f9bae4107429,크로스핏 엘리트짐,기능성운동,노은역 골목형상점가,골목형상점가,대전광역시,2.0,3.0,,,P2_GRADED_ONLY,True,,,,,
2d8f87cf154c7da3a608,val,운동,T2 동의어,q_운동_04,운동용품점,문화·여가 중 '운동'을 판매·제공하는 매장,000a92b3-0b5e-429e-af00-f86e3570e24b,클로버,의류,관문상가시장,전통시장,대구광역시,1.0,1.0,,,RESOLVED_AGREEMENT,False,1,,,,
652749b551c6ab2be490,val,운동,T2 동의어,q_운동_04,운동용품점,문화·여가 중 '운동'을 판매·제공하는 매장,8afdfe70-7df4-4162-91a6-c4f60d9813f5,아델요가 스튜디오,운동용품,평촌1번가 상점가,자율상권구역,경기도,3.0,3.0,,,RESOLVED_AGREEMENT,False,3,,,,
c3b2756e6958b2cbef6e,val,운동,T2 동의어,q_운동_04,운동용품점,문화·여가 중 '운동'을 판매·제공하는 매장,36f4d9e2-889a-4168-b518-51e2ddf773df,킴스휘트니스클리닉,피트니스,아름동상점가,자율상권구역,세종특별자치시,2.0,3.0,,,P2_GRADED_ONLY,True,,,,,
68c6140d77d7a67bdc5c,val,운동,T2 동의어,q_운동_04,운동용품점,문화·여가 중 '운동'을 판매·제공하는 매장,b8f05f51-5b6b-4843-bec8-8b9618ceca56,푸마나주점,"운동용품, 스포츠레저용품",나주금빛상점가,자율상권구역,전라남도,3.0,3.0,,,RESOLVED_AGREEMENT,False,3,,,,
b0caa2c2e1a3e1933588,val,운동,T2 동의어,q_운동_04,운동용품점,문화·여가 중 '운동'을 판매·제공하는 매장,00a3eb8f-b86a-4b8c-933c-ffaee551fdba,신시아 필라테스,필라테스 센터,겸재한신길 골목형상점가,골목형상점가,서울특별시,2.0,3.0,,,P2_GRADED_ONLY,True,,,,,
9af35363f31d9cdc284c,val,운동,T2 동의어,q_운동_04,운동용품점,문화·여가 중 '운동'을 판매·제공하는 매장,88199952-a5b0-4912-ad4e-682299f416bd,안단테실용음악학원,악기연주,광복마을5길 골목형상점가,골목형상점가,광주광역시,0.0,0.0,,,RESOLVED_AGREEMENT,False,0,,,,
c3dfebeb800d4eb43df8,val,운동,T2 동의어,q_운동_04,운동용품점,문화·여가 중 '운동'을 판매·제공하는 매장,ae43861e-a71e-4db8-af42-f0561e690be6,윔블던테니스샵,운동용품,현대 골목형상점가,골목형상점가,전라남도,3.0,3.0,,,RESOLVED_AGREEMENT,False,3,,,,
2c43c1b69e0ca808bb4e,val,운동,T2 동의어,q_운동_04,운동용품점,문화·여가 중 '운동'을 판매·제공하는 매장,e150c89c-8d87-47d9-a462-2fdcf7ad0b7a,봉스포츠,운동용품,둔산3동상점가,자율상권구역,대전광역시,3.0,3.0,,,RESOLVED_AGREEMENT,False,3,,,,
48461e7058890d19a575,val,운동,T2 동의어,q_운동_04,운동용품점,문화·여가 중 '운동'을 판매·제공하는 매장,0080a859-c5d8-4b43-b14c-d5eb844118a0,헬스맨헬스걸,헬스장,비래동골목형상점가,골목형상점가,대전광역시,2.0,3.0,,,P2_GRADED_ONLY,True,,,,,
5a62258242b0b7f35834,val,운동,T2 동의어,q_운동_04,운동용품점,문화·여가 중 '운동'을 판매·제공하는 매장,54ec1ef3-2e36-4764-84e5-6f64c4e63410,유니콘체육사,운동용품,개포동 구마을 골목형상점가,골목형상점가,서울특별시,3.0,3.0,,,RESOLVED_AGREEMENT,False,3,,,,
9575031eec50d2642647,val,운동,T2 동의어,q_운동_04,운동용품점,문화·여가 중 '운동'을 판매·제공하는 매장,d4b6588b-690e-4f53-a259-7f9efd5e9154,뉴발란스 용봉점,운동용품,패션의거리,자율상권구역,광주광역시,3.0,3.0,,,RESOLVED_AGREEMENT,False,3,,,,
8a039d5d8013188df9f8,val,운동,T2 동의어,q_운동_04,운동용품점,문화·여가 중 '운동'을 판매·제공하는 매장,73d87830-66ff-4a90-a73d-64f8ccb4bc8f,청송건강원,,삼호동상가 골목형상점가,골목형상점가,울산광역시,0.0,0.0,,,RESOLVED_AGREEMENT,False,0,,,,
e90a63e46443d454ab5e,val,운동,T2 동의어,q_운동_04,운동용품점,문화·여가 중 '운동'을 판매·제공하는 매장,033d99e2-0579-45d7-9d48-d999b90dd98a,M필라테스&요가,"필라테스, 요가",조종시장,전통시장,경기도,2.0,3.0,,,P2_GRADED_ONLY,True,,,,,
5608ee29338ba6524abb,val,운동,T2 동의어,q_운동_04,운동용품점,문화·여가 중 '운동'을 판매·제공하는 매장,9dbfa292-9ffb-4fd5-b7c7-b1cad151dbf4,도담에듀,운동용품,공주산성 활성화구역,전통시장,충청남도,3.0,3.0,,,RESOLVED_AGREEMENT,False,3,,,,
95488b449ad11f5ee4a5,val,운동,T2 동의어,q_운동_04,운동용품점,문화·여가 중 '운동'을 판매·제공하는 매장,018b2dd0-5613-482c-b714-e30dcfa584fd,씨엘 필라테스 안산고잔점,필라테스,도리섬상점가,자율상권구역,경기도,2.0,3.0,,,P2_GRADED_ONLY,True,,,,,
8131e8dd841cf58a5eef,val,운동,T2 동의어,q_운동_04,운동용품점,문화·여가 중 '운동'을 판매·제공하는 매장,e1e78495-0252-4295-8c85-b84f8d11b452,엑시옴광주공식대리점,운동용품,용봉신안다리 골목형상점가,골목형상점가,광주광역시,3.0,3.0,,,RESOLVED_AGREEMENT,False,3,,,,
a128840f1620cd56f5b0,val,운동,T2 동의어,q_운동_04,운동용품점,문화·여가 중 '운동'을 판매·제공하는 매장,1e7ac8dd-db79-43bf-9d65-ec10f5cba996,S마켓원주,"등산장비, 운동용품",원주중앙로문화의거리,자율상권구역,강원특별자치도,3.0,3.0,,,RESOLVED_AGREEMENT,False,3,,,,
ed3a821cb9d56c49baa0,val,운동,T2 동의어,q_운동_04,운동용품점,문화·여가 중 '운동'을 판매·제공하는 매장,443e2490-bb5d-4d28-aab2-7e0bebf4b7d7,케이베스트스포츠,운동용품,포르모큐브 골목형상점가,골목형상점가,전라남도,3.0,3.0,,,RESOLVED_AGREEMENT,False,3,,,,
73189fbc38362e1b3b51,val,운동,T2 동의어,q_운동_04,운동용품점,문화·여가 중 '운동'을 판매·제공하는 매장,0151b1ea-e648-438b-83b0-efcf6f387e9b,크로스핏 터,운동 서비스,열매 골목형상점가,골목형상점가,대전광역시,2.0,3.0,,,P2_GRADED_ONLY,True,,,,,
86c962d90492c7c7f3c2,val,운동,T2 동의어,q_운동_04,운동용품점,문화·여가 중 '운동'을 판매·제공하는 매장,09815d92-d0f0-4c87-b4fa-1194f86c53c0,유성프로스펙스,"스포츠의류, 용품",장대동패션상가 골목형상점가,골목형상점가,대전광역시,2.0,1.0,,,P1_BINARY_THRESHOLD,True,,,,,
b774f247a5fe180c39cf,val,운동,T2 동의어,q_운동_04,운동용품점,문화·여가 중 '운동'을 판매·제공하는 매장,9174b88f-20ae-4123-8011-9892937d31cd,조일슈즈,신발 운동용품,전주원도심 골목형상점가,골목형상점가,전북특별자치도,3.0,3.0,,,RESOLVED_AGREEMENT,False,3,,,,
1d7aa969e02ee820e202,val,운동,T2 동의어,q_운동_04,운동용품점,문화·여가 중 '운동'을 판매·제공하는 매장,0214eb76-f204-4d4f-9645-f0444d2c5f33,베이글짐,헬스장,도담동 골목형상점가,골목형상점가,세종특별자치시,2.0,3.0,,,P2_GRADED_ONLY,True,,,,,
759ffe94de8883d4e104,val,운동,T2 동의어,q_운동_04,운동용품점,문화·여가 중 '운동'을 판매·제공하는 매장,08bf522e-2d12-4ba2-95aa-344e372f90d7,수지패션,운동용품,원조낙지골목상점가,자율상권구역,전라남도,3.0,3.0,,,RESOLVED_AGREEMENT,False,3,,,,
e47fe025977c2dea6f66,val,운동,T2 동의어,q_운동_04,운동용품점,문화·여가 중 '운동'을 판매·제공하는 매장,6a63cbd1-ff69-48f6-98ba-d3efe6714e8d,양지스포츠,의류 운동용품,을지로지하보도쇼핑센터,일반지하상점가,서울특별시,3.0,3.0,,,RESOLVED_AGREEMENT,False,3,,,,
d2a9f4f9ce6fcc606266,val,운동,T2 동의어,q_운동_04,운동용품점,문화·여가 중 '운동'을 판매·제공하는 매장,00f8d2a4-8e38-485b-a09e-280a1aa0c326,라인엑스피티스튜디오,"헬스, PT",수지성복플러스 골목형상점가,골목형상점가,경기도,2.0,3.0,,,P2_GRADED_ONLY,True,,,,,
ea02356d05f2a8f69a1e,val,운동,T2 동의어,q_운동_04,운동용품점,문화·여가 중 '운동'을 판매·제공하는 매장,08de408a-f260-4467-b375-768cbd50e14d,본소마메드짐 재활운동&PT,운동,용강동상점가,자율상권구역,서울특별시,2.0,3.0,,,P2_GRADED_ONLY,True,,,,,
9486c7b041e4ecd34be0,val,운동,T2 동의어,q_운동_04,운동용품점,문화·여가 중 '운동'을 판매·제공하는 매장,020180c1-e676-4f99-84db-9b56504222f2,아름드리 필라테스&PT,필라테스요가바레필라테스,아름드리 골목형상점가,골목형상점가,세종특별자치시,2.0,3.0,,,P2_GRADED_ONLY,True,,,,,
d9f21b192e9fcf81c5f9,val,운동,T2 동의어,q_운동_04,운동용품점,문화·여가 중 '운동'을 판매·제공하는 매장,98bdd35b-d6bb-4873-956f-fe718089a4d1,우승사,운동용품,팔달문시장,기타,경기도,3.0,3.0,,,RESOLVED_AGREEMENT,False,3,,,,
ecddd4cb8f61e64c931b,val,운동,T2 동의어,q_운동_04,운동용품점,문화·여가 중 '운동'을 판매·제공하는 매장,01a5e178-ba34-4e15-ac4d-07a398900593,가자점핑다이어트클럽,"점핑, 요가",문흥2동 골목형상점가,골목형상점가,광주광역시,2.0,3.0,,,P2_GRADED_ONLY,True,,,,,
b36891a9cc0afeaab8ef,val,운동,T2 동의어,q_운동_04,운동용품점,문화·여가 중 '운동'을 판매·제공하는 매장,00054f1d-4cae-4345-9975-1423bc49e4dc,착한아이들,의류,중앙전통시장,전통시장,울산광역시,1.0,1.0,,,RESOLVED_AGREEMENT,False,1,,,,
112112e497e82135ee73,val,운동,T2 동의어,q_운동_04,운동용품점,문화·여가 중 '운동'을 판매·제공하는 매장,00158f51-4d3a-4ac0-9e38-b37552f5e097,지지배,의류,나주금빛상점가,자율상권구역,전라남도,1.0,1.0,,,RESOLVED_AGREEMENT,False,1,,,,
44f14bef83bc257c0db1,val,운동,T2 동의어,q_운동_04,운동용품점,문화·여가 중 '운동'을 판매·제공하는 매장,b27ad5a2-9e3b-432b-8994-ef771182d0fc,광주파크골프스쿨,운동용품,앰코로 골목형상점가,골목형상점가,광주광역시,3.0,3.0,,,RESOLVED_AGREEMENT,False,3,,,,
0f6f21a39f0ced4dc194,val,운동,T2 동의어,q_운동_04,운동용품점,문화·여가 중 '운동'을 판매·제공하는 매장,07466d2d-51a2-4c17-8dcf-1af1bfb6f868,금강랜드로바 원주점,운동화가죽신발등산용품,원주중앙로문화의거리,자율상권구역,강원특별자치도,2.0,3.0,,,P2_GRADED_ONLY,True,,,,,
ed189879d52d077e5e8b,val,운동,T2 동의어,q_운동_04,운동용품점,문화·여가 중 '운동'을 판매·제공하는 매장,281d1c1a-b7b2-4d55-9e3d-2e63cfba6430,스타일래쉬,속눈썹연장,산본로데오거리(구 산본중심상가),자율상권구역,경기도,0.0,0.0,,,RESOLVED_AGREEMENT,False,0,,,,
ef01e34280f2760cbb2d,val,운동,T2 동의어,q_운동_04,운동용품점,문화·여가 중 '운동'을 판매·제공하는 매장,d566abd0-ce29-4298-83fa-4476c436f4f7,중앙레포츠,운동용품,고성동벚꽃 골목형상점가,골목형상점가,대구광역시,3.0,3.0,,,RESOLVED_AGREEMENT,False,3,,,,
f65cbd37062d1342410f,val,운동,T2 동의어,q_운동_04,운동용품점,문화·여가 중 '운동'을 판매·제공하는 매장,608ea235-9563-4fda-b86d-3171143cefab,중앙체육사,운동용품,여수진남상가,자율상권구역,전라남도,3.0,3.0,,,RESOLVED_AGREEMENT,False,3,,,,
f4a6a94d2f668f11e663,val,운동,T2 동의어,q_운동_04,운동용품점,문화·여가 중 '운동'을 판매·제공하는 매장,73a311d6-86eb-49f0-a547-b7b70f49fe29,커버낫제주점,"의류, 잡화, 운동용품",칠성로상점가,자율상권구역,제주특별자치도,3.0,3.0,,,RESOLVED_AGREEMENT,False,3,,,,
f7b3c501d6bb49e091ae,val,운동,T2 동의어,q_운동_04,운동용품점,문화·여가 중 '운동'을 판매·제공하는 매장,0a7de62f-b294-412c-b700-0642397eca30,다이나핏 김포장기점,"스포츠 의류, 용품",김포장기패션아울렛,골목형상점가,경기도,2.0,1.0,,,P1_BINARY_THRESHOLD,True,,,,,
cbd94bb303692aace7f4,val,운동,T2 동의어,q_운동_04,운동용품점,문화·여가 중 '운동'을 판매·제공하는 매장,040428ab-1a04-452f-8b35-c7c3c993cad8,누아요가,요가,현대센트럴스퀘어,골목형상점가,경기도,2.0,3.0,,,P2_GRADED_ONLY,True,,,,,
ec02bd96c848793864ce,val,운동,T2 동의어,q_운동_04,운동용품점,문화·여가 중 '운동'을 판매·제공하는 매장,ee51a221-8c00-416a-ae13-0cf9dcde9a13,생활용품점,잡화,면목시장(남성카멜리아),전통시장,서울특별시,0.0,0.0,,,RESOLVED_AGREEMENT,False,0,,,,
f050f2c579bd27936b5e,val,운동,T2 동의어,q_운동_04,운동용품점,문화·여가 중 '운동'을 판매·제공하는 매장,00172c94-61f0-4197-afeb-d7e8187c79b5,옷이예쁘다,의류,메트로센터(반월당지하쇼핑),일반지하상점가,대구광역시,1.0,1.0,,,RESOLVED_AGREEMENT,False,1,,,,
4d4a19a70b0b6693d6d0,val,운동,T2 동의어,q_운동_04,운동용품점,문화·여가 중 '운동'을 판매·제공하는 매장,008fbd3f-35b4-431f-8ba5-fc8bcfe4bf83,제이에스피트니스,헬스,동림1 골목형상점가,골목형상점가,광주광역시,2.0,3.0,,,P2_GRADED_ONLY,True,,,,,
cc30811c55b52230d415,val,운동,T2 동의어,q_운동_04,운동용품점,문화·여가 중 '운동'을 판매·제공하는 매장,1b4c8cb9-bcdb-45cb-ba0d-a415501b61ff,케이제이㈜,운동용품등,성안길상점가,자율상권구역,충청북도,3.0,3.0,,,RESOLVED_AGREEMENT,False,3,,,,
a3e58d0d309f2686a994,val,운동,T2 동의어,q_운동_04,운동용품점,문화·여가 중 '운동'을 판매·제공하는 매장,06a9d0d7-98d4-46de-ba60-78844e443b35,올나잇 피트니스 주식회사,피트니스,부평테마의거리 골목형 상점가,골목형상점가,인천광역시,2.0,3.0,,,P2_GRADED_ONLY,True,,,,,
433db9bdf6934065adf5,val,운동,T2 동의어,q_운동_04,운동용품점,문화·여가 중 '운동'을 판매·제공하는 매장,f31ce122-8982-4a85-ac48-d0e9717b97e4,금화상사,원단 체육복 운동용품,전주풍남문상점가,자율상권구역,전북특별자치도,3.0,3.0,,,RESOLVED_AGREEMENT,False,3,,,,
1c00a8046f0f6ae149c7,val,운동,T2 동의어,q_운동_04,운동용품점,문화·여가 중 '운동'을 판매·제공하는 매장,779536dd-e3ad-4f54-8666-113c2665fe26,삼영사,운동용품,하양꿈바우시장,전통시장,경상북도,3.0,3.0,,,RESOLVED_AGREEMENT,False,3,,,,
cc7fa2ac33b0aa077b0a,val,운동,T2 동의어,q_운동_04,운동용품점,문화·여가 중 '운동'을 판매·제공하는 매장,7ebfc01d-2c3c-4d63-b017-d01721fb4af7,가넷 필라테스,운동용품,금산프라자 골목형상점가,골목형상점가,경기도,3.0,3.0,,,RESOLVED_AGREEMENT,False,3,,,,
162907479b38ff680ac0,val,운동,T2 동의어,q_운동_04,운동용품점,문화·여가 중 '운동'을 판매·제공하는 매장,00c4a045-8aa5-4995-8313-806b7fcab6ff,남스짐천왕점 헬스PT,,천왕마을 골목형상점가,골목형상점가,서울특별시,2.0,3.0,,,P2_GRADED_ONLY,True,,,,,
5c233bff8782b65caeca,val,운동,T2 동의어,q_운동_04,운동용품점,문화·여가 중 '운동'을 판매·제공하는 매장,7a6e35db-4293-47bd-a381-1914b5d8e552,"삼일체육사, 비트로농성점",운동용품,서구청먹자골목상인회 골목형상점가,골목형상점가,광주광역시,3.0,3.0,,,RESOLVED_AGREEMENT,False,3,,,,
cd7f3c0505c080a46914,val,운동,T2 동의어,q_운동_04,운동용품점,문화·여가 중 '운동'을 판매·제공하는 매장,a147473e-8a96-4f24-8220-1895eb6e6b77,무학 참숯 소갈비살,한식,두산동밤마실거리 골목형상점가,골목형상점가,대구광역시,0.0,0.0,,,RESOLVED_AGREEMENT,False,0,,,,
7aa6ef94e6c7edb8dedb,val,운동,T2 동의어,q_운동_04,운동용품점,문화·여가 중 '운동'을 판매·제공하는 매장,1f27c5f0-6c30-40aa-9345-2476a5d31298,약초흑염소,흑염소,신효천 골목형상점가,골목형상점가,광주광역시,0.0,0.0,,,RESOLVED_AGREEMENT,False,0,,,,
96a9f42630246d2c6fd4,val,운동,T2 동의어,q_운동_04,운동용품점,문화·여가 중 '운동'을 판매·제공하는 매장,96d7e4fd-3193-47db-8c4d-8b82934020d0,전주요넥스,운동용품,숲정이 골목형상점가,골목형상점가,전북특별자치도,3.0,3.0,,,RESOLVED_AGREEMENT,False,3,,,,
1250fb7bc50a087ef6af,val,운동,T2 동의어,q_운동_04,운동용품점,문화·여가 중 '운동'을 판매·제공하는 매장,003adf4b-eb63-4fd3-92d3-e139c6f1c22d,새롬필라테스,필라테스,새롬동 골목형상점가,골목형상점가,세종특별자치시,2.0,3.0,,,P2_GRADED_ONLY,True,,,,,
7e028b6e5fd6e40a20ee,val,운동,T2 동의어,q_운동_04,운동용품점,문화·여가 중 '운동'을 판매·제공하는 매장,98688b8a-da04-4e54-8417-b52f69dae124,마무트 안산점,운동용품,안산패션타운전통시장,전통시장,경기도,3.0,3.0,,,RESOLVED_AGREEMENT,False,3,,,,
89d89283c0685e05c015,val,운동,T2 동의어,q_운동_04,운동용품점,문화·여가 중 '운동'을 판매·제공하는 매장,dca63815-e451-4c31-b363-a1603189d1ea,삼일체육사,운동용품,강진중앙로상가,자율상권구역,전라남도,3.0,3.0,,,RESOLVED_AGREEMENT,False,3,,,,
9bdaadcab685fca0b7d2,val,운동,T2 동의어,q_운동_04,운동용품점,문화·여가 중 '운동'을 판매·제공하는 매장,12bc211d-f83f-4441-b474-c14bf5a6e1ac,원스트링,운동용품,우산중흥에쓰클래스 골목형상점가,골목형상점가,광주광역시,3.0,3.0,,,RESOLVED_AGREEMENT,False,3,,,,
26101944dab3bb2a8930,val,운동,T2 동의어,q_운동_04,운동용품점,문화·여가 중 '운동'을 판매·제공하는 매장,21bfd845-8c16-4b67-809f-81a3833826c0,케이폴앤댄스,피트니스,남양역골로상점가,골목형상점가,경기도,2.0,3.0,,,P2_GRADED_ONLY,True,,,,,
b1f277b935777f89f32b,val,운동,T2 동의어,q_운동_04,운동용품점,문화·여가 중 '운동'을 판매·제공하는 매장,949e8a3e-6c55-4672-a04d-603ae10e8b76,태후사랑 원내점,헤어,진잠 골목형상점가,골목형상점가,대전광역시,0.0,0.0,,,RESOLVED_AGREEMENT,False,0,,,,
610955af8f5f8b50d046,val,운동,T2 동의어,q_운동_04,운동용품점,문화·여가 중 '운동'을 판매·제공하는 매장,00a27d0e-2216-4ff5-94fe-7acd76db3da3,짐자반 헬스 PT 하남시청역점,"헬스장 회원권, 개인레슨",덕풍전통시장,전통시장,경기도,2.0,3.0,,,P2_GRADED_ONLY,True,,,,,
35ff3af7b45380e26ba7,val,운동,T2 동의어,q_운동_04,운동용품점,문화·여가 중 '운동'을 판매·제공하는 매장,0ceaf276-fe31-4cdc-a6fd-a64d15055b65,톨비스트 제주점,"의류, 운동용품",칠성로상점가,자율상권구역,제주특별자치도,3.0,3.0,,,RESOLVED_AGREEMENT,False,3,,,,
1d20223a96478e4e614c,val,운동,T2 동의어,q_운동_04,운동용품점,문화·여가 중 '운동'을 판매·제공하는 매장,7177d875-0d4a-4712-8797-ce717241dc79,광주하나스포츠,운동용품,임동 골목형상점가,골목형상점가,광주광역시,3.0,3.0,,,RESOLVED_AGREEMENT,False,3,,,,
ee1161e8e15329e8f9a0,val,운동,T2 동의어,q_운동_04,운동용품점,문화·여가 중 '운동'을 판매·제공하는 매장,87d174db-7c3c-4e65-b60b-cfceb071afe0,공작폐백용품점,건어물,천안중앙시장,전통시장,충청남도,0.0,0.0,,,RESOLVED_AGREEMENT,False,0,,,,
ec52fff32c9c6570f594,val,운동,T2 동의어,q_운동_04,운동용품점,문화·여가 중 '운동'을 판매·제공하는 매장,07d89ce7-de40-4795-a10b-414cc1e269ef,매곡 천부경 명상센터,"명상수련, 요가",매곡동 골목형상점가,골목형상점가,광주광역시,2.0,3.0,,,P2_GRADED_ONLY,True,,,,,
a7267db4723697398566,val,운동,T2 동의어,q_운동_04,운동용품점,문화·여가 중 '운동'을 판매·제공하는 매장,b97df34a-7d8d-4975-ac93-ae10bb731ca5,휠라스포츠,운동용품,고성동벚꽃 골목형상점가,골목형상점가,대구광역시,3.0,3.0,,,RESOLVED_AGREEMENT,False,3,,,,
80e8203b32060bf80921,val,운동,T2 동의어,q_운동_04,운동용품점,문화·여가 중 '운동'을 판매·제공하는 매장,06f75bcb-8c04-46f9-9315-b56a3f1d7a63,스윙&플라멩고,운동복,대현프리몰 대구점,일반지하상점가,대구광역시,2.0,3.0,,,P2_GRADED_ONLY,True,,,,,
aa64bd9b169e0354fc3a,val,운동,T2 동의어,q_운동_04,운동용품점,문화·여가 중 '운동'을 판매·제공하는 매장,fce9fa7d-24ff-4087-8eb4-460e7940a83c,서울체육사,운동용품,진도 남문로 상권활성화구역,상권활성화구역,전라남도,3.0,3.0,,,RESOLVED_AGREEMENT,False,3,,,,
5ade4215afd3914f20b2,val,운동,T2 동의어,q_운동_04,운동용품점,문화·여가 중 '운동'을 판매·제공하는 매장,5d9bcfe8-1e87-4ad3-9cfe-23c331aa24d9,더존필라테스,필라테스 운동용품,중동사랑시장,전통시장,경기도,3.0,3.0,,,RESOLVED_AGREEMENT,False,3,,,,
b03128c81a8fc8fe5866,val,운동,T2 동의어,q_운동_04,운동용품점,문화·여가 중 '운동'을 판매·제공하는 매장,2a8a0023-c894-4803-a17e-5122cec96204,호남스포츠,운동용품및등산용품 헬스기구 의류 신발,전주원도심 골목형상점가,골목형상점가,전북특별자치도,3.0,3.0,,,RESOLVED_AGREEMENT,False,3,,,,
d0036141795651342b59,val,운동,T2 동의어,q_운동_04,운동용품점,문화·여가 중 '운동'을 판매·제공하는 매장,0041f699-c619-48b9-b3a9-814af9905c66,GB트레이닝센터,운동,일곡동(제5지역:제1근린공원 건너편),골목형상점가,광주광역시,2.0,3.0,,,P2_GRADED_ONLY,True,,,,,
a27c2609aaca2717955d,val,운동,T2 동의어,q_운동_04,운동용품점,문화·여가 중 '운동'을 판매·제공하는 매장,cb22fdf2-8a20-480a-855b-bef845e2e02a,대한체육사,운동용품 등,중앙로2 골목형상점가,골목형상점가,충청남도,3.0,3.0,,,RESOLVED_AGREEMENT,False,3,,,,
1cc1e5fea4ee60dcff15,val,운동,T2 동의어,q_운동_04,운동용품점,문화·여가 중 '운동'을 판매·제공하는 매장,3fd59191-7012-4b2f-b619-82d4648e6465,금광보석당,귀금속,용인중앙시장,전통시장,경기도,0.0,0.0,,,RESOLVED_AGREEMENT,False,0,,,,
71676ed847c20ac6d8ae,val,운동,T2 동의어,q_운동_04,운동용품점,문화·여가 중 '운동'을 판매·제공하는 매장,00124602-ef4e-472c-91ee-de53b28d7530,화이트,의류,울산번개시장,전통시장,울산광역시,1.0,1.0,,,RESOLVED_AGREEMENT,False,1,,,,
817f6e865bd452d770f6,val,운동,T2 동의어,q_운동_04,운동용품점,문화·여가 중 '운동'을 판매·제공하는 매장,65d174ae-3e9c-411f-b637-6fb2a49172a7,현정수산,어패류,서천특화시장,전통시장,충청남도,0.0,0.0,,,RESOLVED_AGREEMENT,False,0,,,,
ab1ee31a30b8224bf8f6,val,운동,T2 동의어,q_운동_04,운동용품점,문화·여가 중 '운동'을 판매·제공하는 매장,8c523c87-eec0-4ba1-91c0-c88473488ab4,르까프사당,운동용품,동작구 LINK 상권활성화구역,상권활성화구역,서울특별시,3.0,3.0,,,RESOLVED_AGREEMENT,False,3,,,,
71b6138ed1afc169acc3,val,운동,T2 동의어,q_운동_04,운동용품점,문화·여가 중 '운동'을 판매·제공하는 매장,6dc95ff3-198b-405b-88b2-3ac707f72f41,장안스포츠,운동용품,공주산성 활성화구역,상권활성화구역,충청남도,3.0,3.0,,,RESOLVED_AGREEMENT,False,3,,,,
b16196666eafac29d619,val,운동,T2 동의어,q_운동_04,운동용품점,문화·여가 중 '운동'을 판매·제공하는 매장,a5bffe95-5e3d-4517-b383-e2e82ad3274e,마실파크골프노원점,운동용품,상계중앙시장,전통시장,서울특별시,3.0,3.0,,,RESOLVED_AGREEMENT,False,3,,,,
abf94016d37fb3c098e8,val,운동,T2 동의어,q_운동_04,운동용품점,문화·여가 중 '운동'을 판매·제공하는 매장,d4741c71-607c-4548-b229-eed54df8f900,어울림,"운동용품, 중고의류",창동역 상점가,자율상권구역,서울특별시,3.0,3.0,,,RESOLVED_AGREEMENT,False,3,,,,
05a8e1c773377946e67d,val,운동,T2 동의어,q_운동_05,피트니스센터,문화·여가 중 '운동'을 판매·제공하는 매장,f1d7a9b4-e15b-49c5-ab11-ca40f1618fe7,990짐(구구공짐),피트니스 서비스,권율 골목형상점가,골목형상점가,경기도,3.0,3.0,,,RESOLVED_AGREEMENT,False,3,,,,
3f3e3ced2c6e96068101,val,운동,T2 동의어,q_운동_05,피트니스센터,문화·여가 중 '운동'을 판매·제공하는 매장,028f1d43-9600-4fe8-980a-36d710dd03fb,아도프로헤어,미용실운영,이충 중심상가,골목형상점가,경기도,0.0,0.0,,,RESOLVED_AGREEMENT,False,0,,,,
51218933281b7c9d3788,val,운동,T2 동의어,q_운동_05,피트니스센터,문화·여가 중 '운동'을 판매·제공하는 매장,ba5e4309-8bb2-4953-af75-20844fe84f40,피트니스메카,헬스,봉선로2 골목형상점가,골목형상점가,광주광역시,3.0,3.0,,,RESOLVED_AGREEMENT,False,3,,,,
e96330949ec2f264658f,val,운동,T2 동의어,q_운동_05,피트니스센터,문화·여가 중 '운동'을 판매·제공하는 매장,ff30492b-148a-4999-b790-f3fc1228051f,MAXFIT,피트니스,희담길,골목형상점가,광주광역시,3.0,3.0,,,RESOLVED_AGREEMENT,False,3,,,,
2d74c83f5c661a3f63d2,val,운동,T2 동의어,q_운동_05,피트니스센터,문화·여가 중 '운동'을 판매·제공하는 매장,86f50a37-6a87-43ab-af77-5d2e551b9f8b,ABC 피트니스,헬스,나릿재마크원 골목형상점가,골목형상점가,세종특별자치시,3.0,3.0,,,RESOLVED_AGREEMENT,False,3,,,,
3109df961b2ecd591123,val,운동,T2 동의어,q_운동_05,피트니스센터,문화·여가 중 '운동'을 판매·제공하는 매장,fd62c1dc-f97f-4e68-9eab-d924628476e6,지에스25(GS25) 뉴둔산타운점,편의점,둔산2동 골목형상점가,골목형상점가,대전광역시,0.0,0.0,,,RESOLVED_AGREEMENT,False,0,,,,
b98d97f8ffb7815ced6f,val,운동,T2 동의어,q_운동_05,피트니스센터,문화·여가 중 '운동'을 판매·제공하는 매장,1a1c207b-825c-4b54-b28d-43a4e651b83e,레이디핏 여성전용 피트니스,헬스 피트니스 퍼블릭 회원권,행복로골목형상점가,골목형상점가,경기도,3.0,3.0,,,RESOLVED_AGREEMENT,False,3,,,,
ff82c2b0d5f3f8730dcb,val,운동,T2 동의어,q_운동_05,피트니스센터,문화·여가 중 '운동'을 판매·제공하는 매장,c259edd4-7a9b-4d3f-8c13-8538f5d2cdb8,몸이좋아짐,피트니스센터,신창 골목형상점가,골목형상점가,광주광역시,3.0,3.0,,,RESOLVED_AGREEMENT,False,3,,,,
525aeb151dfa972a4941,val,운동,T2 동의어,q_운동_05,피트니스센터,문화·여가 중 '운동'을 판매·제공하는 매장,b80ef161-dc26-4821-9801-a8a20c0423b8,피트니스055 명서점,헬스,창원 명곡종합상가,전통시장,경상남도,3.0,3.0,,,RESOLVED_AGREEMENT,False,3,,,,
8ec92e916bb834958a57,val,운동,T2 동의어,q_운동_05,피트니스센터,문화·여가 중 '운동'을 판매·제공하는 매장,cef2bb2a-029e-43db-bbcc-8c5d444a6faa,피트니스99,,거제 장평종합시장,전통시장,경상남도,3.0,3.0,,,RESOLVED_AGREEMENT,False,3,,,,
37d1934f13faeb769898,val,운동,T2 동의어,q_운동_05,피트니스센터,문화·여가 중 '운동'을 판매·제공하는 매장,44e4423c-c92f-4e0e-9a0a-875be49644f1,수야수산,수산물,명지시장,전통시장,부산광역시,0.0,0.0,,,RESOLVED_AGREEMENT,False,0,,,,
2e4b0fc606512ce9d206,val,운동,T2 동의어,q_운동_05,피트니스센터,문화·여가 중 '운동'을 판매·제공하는 매장,09815d92-d0f0-4c87-b4fa-1194f86c53c0,유성프로스펙스,"스포츠의류, 용품",장대동패션상가 골목형상점가,골목형상점가,대전광역시,3.0,1.0,,,P1_BINARY_THRESHOLD,True,,,,,
67afa8ea40e355aaa63e,val,운동,T2 동의어,q_운동_05,피트니스센터,문화·여가 중 '운동'을 판매·제공하는 매장,a3fe715b-d889-44ec-8fa9-8b7d88dbb82c,디엔디 피트니스,헬스장이용권,풍암중앙상인회 골목형상점가,골목형상점가,광주광역시,3.0,3.0,,,RESOLVED_AGREEMENT,False,3,,,,
cdbda759ba21b3336881,val,운동,T2 동의어,q_운동_05,피트니스센터,문화·여가 중 '운동'을 판매·제공하는 매장,93339c53-97b2-460d-ac5f-d7569362cd34,비버리힐스폴로클럽,스포츠용품 및 의류,상무로자율상권,상권활성화구역,광주광역시,3.0,3.0,,,RESOLVED_AGREEMENT,False,3,,,,
0e5562282c6d528c1c2b,val,운동,T2 동의어,q_운동_05,피트니스센터,문화·여가 중 '운동'을 판매·제공하는 매장,00054f1d-4cae-4345-9975-1423bc49e4dc,착한아이들,의류,중앙전통시장,전통시장,울산광역시,1.0,1.0,,,RESOLVED_AGREEMENT,False,1,,,,
4c61f1d518db32b6d072,val,운동,T2 동의어,q_운동_05,피트니스센터,문화·여가 중 '운동'을 판매·제공하는 매장,00c4a045-8aa5-4995-8313-806b7fcab6ff,남스짐천왕점 헬스PT,,천왕마을 골목형상점가,골목형상점가,서울특별시,3.0,3.0,,,RESOLVED_AGREEMENT,False,3,,,,
b098d629d55967dad144,val,운동,T2 동의어,q_운동_05,피트니스센터,문화·여가 중 '운동'을 판매·제공하는 매장,5bcf8ba5-504a-482a-b5b2-9b32fc390db3,더핏 피트니스,헬스,노대물빛근린공원 골목형상점가,골목형상점가,광주광역시,3.0,3.0,,,RESOLVED_AGREEMENT,False,3,,,,
e495752485f12928c9c7,val,운동,T2 동의어,q_운동_05,피트니스센터,문화·여가 중 '운동'을 판매·제공하는 매장,c0aa12ed-c2e5-4471-9949-2529e5d45d89,피트니스레드문,헬스 피티 필라테스,산본로데오거리(구 산본중심상가),자율상권구역,경기도,3.0,3.0,,,RESOLVED_AGREEMENT,False,3,,,,
cb04f1e04c5acd0e9b25,val,운동,T2 동의어,q_운동_05,피트니스센터,문화·여가 중 '운동'을 판매·제공하는 매장,3daaac75-edbc-412c-9f79-9122c1ff9eff,피트니스온,헬스회원권,용강동상점가,자율상권구역,서울특별시,3.0,3.0,,,RESOLVED_AGREEMENT,False,3,,,,
e534c78ec86041bb72a7,val,운동,T2 동의어,q_운동_05,피트니스센터,문화·여가 중 '운동'을 판매·제공하는 매장,fa172711-c358-4eff-b06f-13bd59fcd52e,기린 피트니스,,울산대바보사거리 골목형상점가,골목형상점가,울산광역시,3.0,3.0,,,RESOLVED_AGREEMENT,False,3,,,,
d3deac59b7b70cb20d6e,val,운동,T2 동의어,q_운동_05,피트니스센터,문화·여가 중 '운동'을 판매·제공하는 매장,00a27d0e-2216-4ff5-94fe-7acd76db3da3,짐자반 헬스 PT 하남시청역점,"헬스장 회원권, 개인레슨",덕풍전통시장,전통시장,경기도,3.0,3.0,,,RESOLVED_AGREEMENT,False,3,,,,
83620b436902a3933bab,val,운동,T2 동의어,q_운동_05,피트니스센터,문화·여가 중 '운동'을 판매·제공하는 매장,00124602-ef4e-472c-91ee-de53b28d7530,화이트,의류,울산번개시장,전통시장,울산광역시,1.0,1.0,,,RESOLVED_AGREEMENT,False,1,,,,
fd0f470d073c0c37baf4,val,운동,T2 동의어,q_운동_05,피트니스센터,문화·여가 중 '운동'을 판매·제공하는 매장,06a9d0d7-98d4-46de-ba60-78844e443b35,올나잇 피트니스 주식회사,피트니스,부평테마의거리 골목형 상점가,골목형상점가,인천광역시,3.0,3.0,,,RESOLVED_AGREEMENT,False,3,,,,
c1fbf6930fff3381ce7a,val,운동,T2 동의어,q_운동_05,피트니스센터,문화·여가 중 '운동'을 판매·제공하는 매장,008fbd3f-35b4-431f-8ba5-fc8bcfe4bf83,제이에스피트니스,헬스,동림1 골목형상점가,골목형상점가,광주광역시,3.0,3.0,,,RESOLVED_AGREEMENT,False,3,,,,
a74370f9cfed8d601cc4,val,운동,T2 동의어,q_운동_05,피트니스센터,문화·여가 중 '운동'을 판매·제공하는 매장,94f7033d-6e06-4a35-b741-935db46cc48d,힘피트니스,헬스,시티프라자골목형상점가,골목형상점가,전라남도,3.0,3.0,,,RESOLVED_AGREEMENT,False,3,,,,
c0ccdec42ea6a4b12310,val,운동,T2 동의어,q_운동_05,피트니스센터,문화·여가 중 '운동'을 판매·제공하는 매장,21bfd845-8c16-4b67-809f-81a3833826c0,케이폴앤댄스,피트니스,남양역골로상점가,골목형상점가,경기도,3.0,3.0,,,RESOLVED_AGREEMENT,False,3,,,,
96b253f6e61a1386a3e4,val,운동,T2 동의어,q_운동_05,피트니스센터,문화·여가 중 '운동'을 판매·제공하는 매장,9b7ff15b-e59c-422d-b8bb-19ecdc8aa531,제이지스포츠재활운동센터,피트니스,못골골목시장,전통시장,부산광역시,3.0,3.0,,,RESOLVED_AGREEMENT,False,3,,,,
5aa93b4ef25b746c0e04,val,운동,T2 동의어,q_운동_05,피트니스센터,문화·여가 중 '운동'을 판매·제공하는 매장,d4a2156d-fdab-43c2-b320-c9a23587e697,점핑머신 울산점,피트니스,동울산만세대 골목형상점가,골목형상점가,울산광역시,3.0,3.0,,,RESOLVED_AGREEMENT,False,3,,,,
dea10399f637f65a6d73,val,운동,T2 동의어,q_운동_05,피트니스센터,문화·여가 중 '운동'을 판매·제공하는 매장,020180c1-e676-4f99-84db-9b56504222f2,아름드리 필라테스&PT,필라테스요가바레필라테스,아름드리 골목형상점가,골목형상점가,세종특별자치시,3.0,3.0,,,RESOLVED_AGREEMENT,False,3,,,,
acbcf2746fd7116b7a40,val,운동,T2 동의어,q_운동_05,피트니스센터,문화·여가 중 '운동'을 판매·제공하는 매장,36f4d9e2-889a-4168-b518-51e2ddf773df,킴스휘트니스클리닉,피트니스,아름동상점가,자율상권구역,세종특별자치시,3.0,3.0,,,RESOLVED_AGREEMENT,False,3,,,,
50f0e0818a1671581fc5,val,운동,T2 동의어,q_운동_05,피트니스센터,문화·여가 중 '운동'을 판매·제공하는 매장,0214eb76-f204-4d4f-9645-f0444d2c5f33,베이글짐,헬스장,도담동 골목형상점가,골목형상점가,세종특별자치시,3.0,3.0,,,RESOLVED_AGREEMENT,False,3,,,,
60a3a8cb97ebfcd51be1,val,운동,T2 동의어,q_운동_05,피트니스센터,문화·여가 중 '운동'을 판매·제공하는 매장,0041f699-c619-48b9-b3a9-814af9905c66,GB트레이닝센터,운동,일곡동(제5지역:제1근린공원 건너편),골목형상점가,광주광역시,3.0,3.0,,,RESOLVED_AGREEMENT,False,3,,,,
44d484e85925ee65a20a,val,운동,T2 동의어,q_운동_05,피트니스센터,문화·여가 중 '운동'을 판매·제공하는 매장,06f75bcb-8c04-46f9-9315-b56a3f1d7a63,스윙&플라멩고,운동복,대현프리몰 대구점,일반지하상점가,대구광역시,3.0,3.0,,,RESOLVED_AGREEMENT,False,3,,,,
324b435fe3613c15fb1e,val,운동,T2 동의어,q_운동_05,피트니스센터,문화·여가 중 '운동'을 판매·제공하는 매장,00f8d2a4-8e38-485b-a09e-280a1aa0c326,라인엑스피티스튜디오,"헬스, PT",수지성복플러스 골목형상점가,골목형상점가,경기도,3.0,3.0,,,RESOLVED_AGREEMENT,False,3,,,,
a843f6b633c83885f7e1,val,운동,T2 동의어,q_운동_05,피트니스센터,문화·여가 중 '운동'을 판매·제공하는 매장,f20ee14b-00fe-42cc-9a55-44db8b799d54,피트니스055 경남대점,헬스상품,마산 월영대시장,전통시장,경상남도,3.0,3.0,,,RESOLVED_AGREEMENT,False,3,,,,
366bce8604b84bf421c3,val,운동,T2 동의어,q_운동_05,피트니스센터,문화·여가 중 '운동'을 판매·제공하는 매장,e40de4d2-0f17-4bad-a973-db0dab2ba6c5,피트니스메카[풍암점],헬스장,풍암동부상인회 골목형상점가,골목형상점가,광주광역시,3.0,3.0,,,RESOLVED_AGREEMENT,False,3,,,,
2c2bee30efbb89f0d1aa,val,운동,T2 동의어,q_운동_05,피트니스센터,문화·여가 중 '운동'을 판매·제공하는 매장,d17602f3-dacb-4ce0-97e4-a553b74367e3,MAXFIT,피트니스,희담길,골목형상점가,광주광역시,3.0,3.0,,,RESOLVED_AGREEMENT,False,3,,,,
2f88ccecf551059c052f,val,운동,T2 동의어,q_운동_05,피트니스센터,문화·여가 중 '운동'을 판매·제공하는 매장,01571113-8cf3-4ae8-878f-4e5daa1820fe,피트니스(V),에어로빅,나주 대호동 골목형상점가,골목형상점가,전라남도,2.0,3.0,,,P2_GRADED_ONLY,True,,,,,
ed5cfc759d5c96ee819d,val,운동,T2 동의어,q_운동_05,피트니스센터,문화·여가 중 '운동'을 판매·제공하는 매장,d7987e23-b7e8-4ced-a117-28546ccf0f67,피트니스N 2호점,체력단력장업,법원 앞 사과마을 골목형상점가,골목형상점가,광주광역시,2.0,3.0,,,P2_GRADED_ONLY,True,,,,,
13426c7c632b401d8c7a,val,운동,T2 동의어,q_운동_05,피트니스센터,문화·여가 중 '운동'을 판매·제공하는 매장,19cbf6ac-0da1-47dd-9000-8c83b9768dfa,디올핏 피트니스,필라테스,우산상인회 골목형상점가,골목형상점가,광주광역시,3.0,3.0,,,RESOLVED_AGREEMENT,False,3,,,,
f1c3f9437cd500e0f16f,val,운동,T2 동의어,q_운동_05,피트니스센터,문화·여가 중 '운동'을 판매·제공하는 매장,35f62c74-3304-4a6c-a21f-28b253239019,하이무브 피트니스,피트니스 센터,산본로데오거리(구 산본중심상가),자율상권구역,경기도,3.0,3.0,,,RESOLVED_AGREEMENT,False,3,,,,
e333c88983f01d99c680,val,운동,T2 동의어,q_운동_05,피트니스센터,문화·여가 중 '운동'을 판매·제공하는 매장,f5e649ab-03de-4bfb-a5aa-a7b470454ab9,피트니스 스타,헬스클럽,화정한울타리상인회 골목형상점가,골목형상점가,광주광역시,3.0,3.0,,,RESOLVED_AGREEMENT,False,3,,,,
54b8d68f22b7ed84f0f2,val,운동,T2 동의어,q_운동_05,피트니스센터,문화·여가 중 '운동'을 판매·제공하는 매장,07d89ce7-de40-4795-a10b-414cc1e269ef,매곡 천부경 명상센터,"명상수련, 요가",매곡동 골목형상점가,골목형상점가,광주광역시,3.0,3.0,,,RESOLVED_AGREEMENT,False,3,,,,
8899187670ef35398010,val,운동,T2 동의어,q_운동_05,피트니스센터,문화·여가 중 '운동'을 판매·제공하는 매장,1bfd7833-8c3f-460f-8c00-32dc24a11853,제로백 피트니스,기타소매업,상무역4번출구상인회 골목형상점가,골목형상점가,광주광역시,2.0,3.0,,,P2_GRADED_ONLY,True,,,,,
1f5dc15d13be5538c845,val,운동,T2 동의어,q_운동_05,피트니스센터,문화·여가 중 '운동'을 판매·제공하는 매장,5f69bfb2-e7cf-4b04-b8b1-227cbcd2adad,장윤주 복싱 피트니스,복싱도장,안양아크로상가골목형상점가,골목형상점가,경기도,2.0,3.0,,,P2_GRADED_ONLY,True,,,,,
019891edaeb70138d25a,val,운동,T2 동의어,q_운동_05,피트니스센터,문화·여가 중 '운동'을 판매·제공하는 매장,08bf522e-2d12-4ba2-95aa-344e372f90d7,수지패션,운동용품,원조낙지골목상점가,자율상권구역,전라남도,3.0,3.0,,,RESOLVED_AGREEMENT,False,3,,,,
4aeddc82b300a1073a8a,val,운동,T2 동의어,q_운동_05,피트니스센터,문화·여가 중 '운동'을 판매·제공하는 매장,00158f51-4d3a-4ac0-9e38-b37552f5e097,지지배,의류,나주금빛상점가,자율상권구역,전라남도,1.0,1.0,,,RESOLVED_AGREEMENT,False,1,,,,
0ce078368e0bebf54374,val,운동,T2 동의어,q_운동_05,피트니스센터,문화·여가 중 '운동'을 판매·제공하는 매장,54994c5b-8f1c-4a54-a4b7-dd3bc930a7d5,엠티오 피트니스 청당점,,청당4번가 골목형상점가,골목형상점가,충청남도,3.0,3.0,,,RESOLVED_AGREEMENT,False,3,,,,
44eae648956eabcd0b01,val,운동,T2 동의어,q_운동_05,피트니스센터,문화·여가 중 '운동'을 판매·제공하는 매장,7915bda5-bd67-474c-a69f-e0a1701429e4,커브스동백클럽,피트니스,동백 이음길 골목형상점가,골목형상점가,경기도,3.0,3.0,,,RESOLVED_AGREEMENT,False,3,,,,
0dbc6f23629072eef207,val,운동,T2 동의어,q_운동_05,피트니스센터,문화·여가 중 '운동'을 판매·제공하는 매장,14ce00a0-8171-41bb-b6c0-9f8671f7d213,피트니스 아레나,,운암북문대로 골목형상점가,골목형상점가,,3.0,3.0,,,RESOLVED_AGREEMENT,False,3,,,,
9e889e1c40a84a7d4141,val,운동,T2 동의어,q_운동_05,피트니스센터,문화·여가 중 '운동'을 판매·제공하는 매장,edcd962b-8c0c-4fcc-8aa5-65d00a4502ef,바디붐,피트니스센터,의정부시 구도심 상권활성화구역,상권활성화구역,경기도,3.0,3.0,,,RESOLVED_AGREEMENT,False,3,,,,
de68feb0d377a946b9ba,val,운동,T2 동의어,q_운동_05,피트니스센터,문화·여가 중 '운동'을 판매·제공하는 매장,8bc68fde-b402-4da5-b81e-f06376b10e87,패션나라,의류 및 신발,복이있는덕포시장,전통시장,부산광역시,1.0,1.0,,,RESOLVED_AGREEMENT,False,1,,,,
f0deb902a1e6e6f105dd,val,운동,T2 동의어,q_운동_05,피트니스센터,문화·여가 중 '운동'을 판매·제공하는 매장,07466d2d-51a2-4c17-8dcf-1af1bfb6f868,금강랜드로바 원주점,운동화가죽신발등산용품,원주중앙로문화의거리,자율상권구역,강원특별자치도,3.0,3.0,,,RESOLVED_AGREEMENT,False,3,,,,
5600e46d5096ebb3a93e,val,운동,T2 동의어,q_운동_05,피트니스센터,문화·여가 중 '운동'을 판매·제공하는 매장,6d7e6d5c-5684-4d8d-b251-f68a8ed49015,팰리스 피트니스,피트니스,궁전 골목형상점가,골목형상점가,부산광역시,3.0,3.0,,,RESOLVED_AGREEMENT,False,3,,,,
8d55161c4fc42b1ffce1,val,운동,T2 동의어,q_운동_05,피트니스센터,문화·여가 중 '운동'을 판매·제공하는 매장,30380264-31ad-4863-ad1b-e8459f78f274,포레스힐 피트니스,체력단련,운암동 행복한 길 골목형상점가,골목형상점가,광주광역시,2.0,3.0,,,P2_GRADED_ONLY,True,,,,,
6154852ce3001a14971b,val,운동,T2 동의어,q_운동_05,피트니스센터,문화·여가 중 '운동'을 판매·제공하는 매장,358d1ee1-8cf9-44f0-b9c3-cdb0123fcd42,축복당,"귀금속, 시계",진주 새서부시장,전통시장,경상남도,0.0,0.0,,,RESOLVED_AGREEMENT,False,0,,,,
a5fd803da8b83f040d9b,val,운동,T2 동의어,q_운동_05,피트니스센터,문화·여가 중 '운동'을 판매·제공하는 매장,2565c1a2-bef2-4867-8f04-20053b2b57e5,하나비즈니스센터,"회의실, 사무실등 기타",나성동 골목형상점가,골목형상점가,세종특별자치시,0.0,0.0,,,RESOLVED_AGREEMENT,False,0,,,,
ffc440e2b21bf5b43d44,val,운동,T2 동의어,q_운동_05,피트니스센터,문화·여가 중 '운동'을 판매·제공하는 매장,d7ecb526-ed4e-454b-93b1-3232b17c8698,피트니스스타 동광주점,헬스,초록쉼터길 골목형상점가,골목형상점가,광주광역시,3.0,3.0,,,RESOLVED_AGREEMENT,False,3,,,,
c2987a13d6775b665994,val,운동,T2 동의어,q_운동_05,피트니스센터,문화·여가 중 '운동'을 판매·제공하는 매장,033d99e2-0579-45d7-9d48-d999b90dd98a,M필라테스&요가,"필라테스, 요가",조종시장,전통시장,경기도,3.0,3.0,,,RESOLVED_AGREEMENT,False,3,,,,
643698e8a19f2cbad13f,val,운동,T2 동의어,q_운동_05,피트니스센터,문화·여가 중 '운동'을 판매·제공하는 매장,48ec2024-ee31-4ae0-bb8f-2126c5bfaa61,하다피트니스,피트니스,과천새서울프라자시장,전통시장,경기도,3.0,3.0,,,RESOLVED_AGREEMENT,False,3,,,,
dbd8756c5dab867bcbd0,val,운동,T2 동의어,q_운동_05,피트니스센터,문화·여가 중 '운동'을 판매·제공하는 매장,2ab950bb-d70f-4617-a1a2-df5a0c791689,애플 피트니스 헬스&PT,헬스,평창동 골목형상점가,골목형상점가,서울특별시,3.0,3.0,,,RESOLVED_AGREEMENT,False,3,,,,
a4797ece338ae27fd430,val,운동,T2 동의어,q_운동_05,피트니스센터,문화·여가 중 '운동'을 판매·제공하는 매장,fc1dd3a1-d485-41c0-b22f-42fdfd8fb4e6,피트니스H갈매점,,갈매애비뉴 골목형상점가,골목형상점가,경기도,3.0,3.0,,,RESOLVED_AGREEMENT,False,3,,,,
a76a9a556a65f83b2c94,val,운동,T2 동의어,q_운동_05,피트니스센터,문화·여가 중 '운동'을 판매·제공하는 매장,0d69cf45-2dfe-4bd8-9c4f-019104616db5,올타임피트니스,,조대장미의거리 상점가,자율상권구역,,3.0,3.0,,,RESOLVED_AGREEMENT,False,3,,,,
dd3922182801e66325e6,val,운동,T2 동의어,q_운동_05,피트니스센터,문화·여가 중 '운동'을 판매·제공하는 매장,0a7de62f-b294-412c-b700-0642397eca30,다이나핏 김포장기점,"스포츠 의류, 용품",김포장기패션아울렛,골목형상점가,경기도,3.0,1.0,,,P1_BINARY_THRESHOLD,True,,,,,
1e3eee539b283a00e7a6,val,운동,T2 동의어,q_운동_05,피트니스센터,문화·여가 중 '운동'을 판매·제공하는 매장,018b2dd0-5613-482c-b714-e30dcfa584fd,씨엘 필라테스 안산고잔점,필라테스,도리섬상점가,자율상권구역,경기도,3.0,3.0,,,RESOLVED_AGREEMENT,False,3,,,,
fef244a1c6168531e2d2,val,운동,T2 동의어,q_운동_05,피트니스센터,문화·여가 중 '운동'을 판매·제공하는 매장,0151b1ea-e648-438b-83b0-efcf6f387e9b,크로스핏 터,운동 서비스,열매 골목형상점가,골목형상점가,대전광역시,3.0,3.0,,,RESOLVED_AGREEMENT,False,3,,,,
4dce855f8b3969c9a0f6,val,운동,T2 동의어,q_운동_05,피트니스센터,문화·여가 중 '운동'을 판매·제공하는 매장,ef5b0db5-1e81-4e22-aa70-c17241892888,멋짐 피트니스,피트니스,유촌동상인회 골목형상점가,골목형상점가,광주광역시,3.0,3.0,,,RESOLVED_AGREEMENT,False,3,,,,
06602349180eaa099695,val,운동,T2 동의어,q_운동_05,피트니스센터,문화·여가 중 '운동'을 판매·제공하는 매장,4c0cadbe-0fe6-4f77-9bd6-36dc170a865e,피트니느새봄,헬스,희담길,골목형상점가,광주광역시,3.0,3.0,,,RESOLVED_AGREEMENT,False,3,,,,
ca3afb8aecee72103667,val,운동,T2 동의어,q_운동_05,피트니스센터,문화·여가 중 '운동'을 판매·제공하는 매장,000a92b3-0b5e-429e-af00-f86e3570e24b,클로버,의류,관문상가시장,전통시장,대구광역시,1.0,1.0,,,RESOLVED_AGREEMENT,False,1,,,,
623a9d522dabd45a5b87,val,운동,T2 동의어,q_운동_05,피트니스센터,문화·여가 중 '운동'을 판매·제공하는 매장,3e005de2-e09b-4a1c-b6df-7d3f0777e94b,히든피트니스,헬스장피트니스,태릉골목형상점가,골목형상점가,서울특별시,3.0,3.0,,,RESOLVED_AGREEMENT,False,3,,,,
7c33fcbfbf9a88305295,val,운동,T2 동의어,q_운동_05,피트니스센터,문화·여가 중 '운동'을 판매·제공하는 매장,08de408a-f260-4467-b375-768cbd50e14d,본소마메드짐 재활운동&PT,운동,용강동상점가,자율상권구역,서울특별시,3.0,3.0,,,RESOLVED_AGREEMENT,False,3,,,,
63087842e18e96cee93d,val,운동,T2 동의어,q_운동_05,피트니스센터,문화·여가 중 '운동'을 판매·제공하는 매장,00172c94-61f0-4197-afeb-d7e8187c79b5,옷이예쁘다,의류,메트로센터(반월당지하쇼핑),일반지하상점가,대구광역시,1.0,1.0,,,RESOLVED_AGREEMENT,False,1,,,,
a19192cef8d0cf3d75e1,val,운동,T2 동의어,q_운동_05,피트니스센터,문화·여가 중 '운동'을 판매·제공하는 매장,0080a859-c5d8-4b43-b14c-d5eb844118a0,헬스맨헬스걸,헬스장,비래동골목형상점가,골목형상점가,대전광역시,3.0,3.0,,,RESOLVED_AGREEMENT,False,3,,,,
d1e1681919e3bfdf33f7,val,운동,T2 동의어,q_운동_05,피트니스센터,문화·여가 중 '운동'을 판매·제공하는 매장,0066174b-64aa-428a-b8d6-f9bae4107429,크로스핏 엘리트짐,기능성운동,노은역 골목형상점가,골목형상점가,대전광역시,3.0,3.0,,,RESOLVED_AGREEMENT,False,3,,,,
3c3ab11f772bc8298178,val,운동,T2 동의어,q_운동_05,피트니스센터,문화·여가 중 '운동'을 판매·제공하는 매장,003adf4b-eb63-4fd3-92d3-e139c6f1c22d,새롬필라테스,필라테스,새롬동 골목형상점가,골목형상점가,세종특별자치시,3.0,3.0,,,RESOLVED_AGREEMENT,False,3,,,,
46913a1011b2787ae5ec,val,운동,T2 동의어,q_운동_05,피트니스센터,문화·여가 중 '운동'을 판매·제공하는 매장,e14f6a96-404f-4f76-8c21-a6df33300a46,고구려 짬뽕 10101,중식,대명여울빛거리시장,전통시장,서울특별시,0.0,0.0,,,RESOLVED_AGREEMENT,False,0,,,,
bc676125ae057a7a754b,val,운동,T2 동의어,q_운동_05,피트니스센터,문화·여가 중 '운동'을 판매·제공하는 매장,00a3eb8f-b86a-4b8c-933c-ffaee551fdba,신시아 필라테스,필라테스 센터,겸재한신길 골목형상점가,골목형상점가,서울특별시,3.0,3.0,,,RESOLVED_AGREEMENT,False,3,,,,
baa8eb370e55f18dd5fd,val,운동,T2 동의어,q_운동_05,피트니스센터,문화·여가 중 '운동'을 판매·제공하는 매장,6f280537-5e98-449b-a74f-b942d1876591,광산통닭,치킨,임방울거리1구역 골목형상점가,골목형상점가,광주광역시,0.0,0.0,,,RESOLVED_AGREEMENT,False,0,,,,
df3fcd89e2b7b6f9eff3,val,운동,T2 동의어,q_운동_05,피트니스센터,문화·여가 중 '운동'을 판매·제공하는 매장,b4f979c5-4f1e-4697-8977-6238d65f450a,비타민휘트니스센터,헬스장,선부광장로상점가,자율상권구역,경기도,3.0,3.0,,,RESOLVED_AGREEMENT,False,3,,,,
3ebc6302e8dc1bab42b9,val,운동,T2 동의어,q_운동_05,피트니스센터,문화·여가 중 '운동'을 판매·제공하는 매장,2c6b8862-fb1e-43ce-8382-0e22d8f4b142,디올핏 피트니스,체육시설업,동천동먹자골목1번가상인회 골목형상점가,골목형상점가,광주광역시,2.0,3.0,,,P2_GRADED_ONLY,True,,,,,
e4f5b004f336f9226d9d,val,운동,T2 동의어,q_운동_05,피트니스센터,문화·여가 중 '운동'을 판매·제공하는 매장,01a5e178-ba34-4e15-ac4d-07a398900593,가자점핑다이어트클럽,"점핑, 요가",문흥2동 골목형상점가,골목형상점가,광주광역시,3.0,3.0,,,RESOLVED_AGREEMENT,False,3,,,,
62c7a1646aba720b82cd,val,운동,T2 동의어,q_운동_05,피트니스센터,문화·여가 중 '운동'을 판매·제공하는 매장,c5083e5b-5aab-4c0f-a1de-2c0e0223257a,코어핏 피트니스,체력단련,운암 다정 골목형상점가,골목형상점가,광주광역시,2.0,3.0,,,P2_GRADED_ONLY,True,,,,,
1e9f2e532b606e3c5793,val,운동,T2 동의어,q_운동_05,피트니스센터,문화·여가 중 '운동'을 판매·제공하는 매장,107200da-93f6-4d87-8a8c-f8f6048c4c23,점핑 런,점핑 피트니스,동천동먹자골목1번가상인회 골목형상점가,골목형상점가,광주광역시,3.0,3.0,,,RESOLVED_AGREEMENT,False,3,,,,
8b952a70cf386bbdb5ab,val,운동,T2 동의어,q_운동_05,피트니스센터,문화·여가 중 '운동'을 판매·제공하는 매장,040428ab-1a04-452f-8b35-c7c3c993cad8,누아요가,요가,현대센트럴스퀘어,골목형상점가,경기도,3.0,3.0,,,RESOLVED_AGREEMENT,False,3,,,,
eb09b6bb55f4e973ed97,val,운동,T2 동의어,q_운동_06,필라테스,문화·여가 중 '운동'을 판매·제공하는 매장,1afb9a5c-cc89-4f28-8585-acffbb627cc2,필라테스 로직,필라테스,운정역 중심상가 골목형상점가,골목형상점가,경기도,3.0,3.0,,,RESOLVED_AGREEMENT,False,3,,,,
b432b20623a93485178c,val,운동,T2 동의어,q_운동_06,필라테스,문화·여가 중 '운동'을 판매·제공하는 매장,9e08ef05-23a9-4c14-9f2f-6429cf7ed9f8,숨필라테스,필라테스,신대3길 상생 골목형상점가,골목형상점가,전라남도,3.0,3.0,,,RESOLVED_AGREEMENT,False,3,,,,
002281096c86924a9277,val,운동,T2 동의어,q_운동_06,필라테스,문화·여가 중 '운동'을 판매·제공하는 매장,c785efe0-192d-4bd6-a727-24a6d5249bab,셀필라테스,필라테스,본촌 사랑마을 골목형상점가,골목형상점가,광주광역시,3.0,3.0,,,RESOLVED_AGREEMENT,False,3,,,,
2597f659372bfd58bd14,val,운동,T2 동의어,q_운동_06,필라테스,문화·여가 중 '운동'을 판매·제공하는 매장,00158f51-4d3a-4ac0-9e38-b37552f5e097,지지배,의류,나주금빛상점가,자율상권구역,전라남도,1.0,1.0,,,RESOLVED_AGREEMENT,False,1,,,,
e8d62a99e9cf031277a0,val,운동,T2 동의어,q_운동_06,필라테스,문화·여가 중 '운동'을 판매·제공하는 매장,d91e4061-342e-4765-97fa-c806dfa5c5b4,필라테스쌍떼,필라테스,한빛3·6·7단지 골목형상점가,골목형상점가,경기도,3.0,3.0,,,RESOLVED_AGREEMENT,False,3,,,,
848633fb9083399c1a54,val,운동,T2 동의어,q_운동_06,필라테스,문화·여가 중 '운동'을 판매·제공하는 매장,c90ecde4-27d0-48d7-b47a-5ff90e9a56ad,에틱 필라테스,필라테스,포레나 골목형상점가,골목형상점가,전북특별자치도,3.0,3.0,,,RESOLVED_AGREEMENT,False,3,,,,
7c65667a221f25ece2ca,val,운동,T2 동의어,q_운동_06,필라테스,문화·여가 중 '운동'을 판매·제공하는 매장,b7a0e5f3-1625-49d0-82c5-11aa7d920b00,테슬라 필라테스,필라테스,소사벌 에듀타운 상인회 골목형상점가,골목형상점가,경기도,3.0,3.0,,,RESOLVED_AGREEMENT,False,3,,,,
c29b3b74c51c99a7eb2b,val,운동,T2 동의어,q_운동_06,필라테스,문화·여가 중 '운동'을 판매·제공하는 매장,a45a7b07-fd46-4f05-93d6-48c76c06daea,필라테스 심안,필라테스,464번길 골목형상점가,골목형상점가,부산광역시,3.0,3.0,,,RESOLVED_AGREEMENT,False,3,,,,
012940c69907a901cbbf,val,운동,T2 동의어,q_운동_06,필라테스,문화·여가 중 '운동'을 판매·제공하는 매장,5bce30a8-8c10-4d6b-8749-90ea09f4d244,필라테스 영,필라테스,성복 온누리 골목형상점가,골목형상점가,경기도,3.0,3.0,,,RESOLVED_AGREEMENT,False,3,,,,
4ba92927f9d1b8540814,val,운동,T2 동의어,q_운동_06,필라테스,문화·여가 중 '운동'을 판매·제공하는 매장,b283d941-dac1-420d-b935-5d0c12d5ec3f,라온 필라테스,필라테스,어울림양산로 골목형상점가,골목형상점가,광주광역시,3.0,3.0,,,RESOLVED_AGREEMENT,False,3,,,,
c40ce834daf28f55e93d,val,운동,T2 동의어,q_운동_06,필라테스,문화·여가 중 '운동'을 판매·제공하는 매장,97ed3b62-6399-4643-97b6-bc5167f286fc,계절 필라테스,필라테스,운림중인근 골목형상점가,골목형상점가,광주광역시,3.0,3.0,,,RESOLVED_AGREEMENT,False,3,,,,
9840d425795df0fab9f3,val,운동,T2 동의어,q_운동_06,필라테스,문화·여가 중 '운동'을 판매·제공하는 매장,00e34fb5-e7d3-43aa-b574-400ee31abae5,은혜만두,만두,북동 골목형상점가,골목형상점가,광주광역시,0.0,0.0,,,RESOLVED_AGREEMENT,False,0,,,,
21bd1897612efa98f74e,val,운동,T2 동의어,q_운동_06,필라테스,문화·여가 중 '운동'을 판매·제공하는 매장,8d83d49a-2d75-41ee-88e7-3615e81cab1c,계절 필라테스,필라테스,조대 정문 골목형상점가,골목형상점가,광주광역시,3.0,3.0,,,RESOLVED_AGREEMENT,False,3,,,,
3026cec4f101d074e8e2,val,운동,T2 동의어,q_운동_06,필라테스,문화·여가 중 '운동'을 판매·제공하는 매장,0066174b-64aa-428a-b8d6-f9bae4107429,크로스핏 엘리트짐,기능성운동,노은역 골목형상점가,골목형상점가,대전광역시,2.0,3.0,,,P2_GRADED_ONLY,True,,,,,
a78f718c5a1963045d45,val,운동,T2 동의어,q_운동_06,필라테스,문화·여가 중 '운동'을 판매·제공하는 매장,e01f9805-0ff8-4f75-abe1-d113c9267ef6,아인 필라테스,필라테스,흥덕 다채움 골목형 상점가,골목형상점가,경기도,3.0,3.0,,,RESOLVED_AGREEMENT,False,3,,,,
b2872377cdfdbee9b97f,val,운동,T2 동의어,q_운동_06,필라테스,문화·여가 중 '운동'을 판매·제공하는 매장,e9c12de1-29ac-4cdc-9904-887f87ee9abd,디어 필라테스,필라테스,송정역카페거리골목형상점가,골목형상점가,서울특별시,3.0,3.0,,,RESOLVED_AGREEMENT,False,3,,,,
c697cc5dd932ca100e28,val,운동,T2 동의어,q_운동_06,필라테스,문화·여가 중 '운동'을 판매·제공하는 매장,040428ab-1a04-452f-8b35-c7c3c993cad8,누아요가,요가,현대센트럴스퀘어,골목형상점가,경기도,2.0,3.0,,,P2_GRADED_ONLY,True,,,,,
17ed215d617618ae7f15,val,운동,T2 동의어,q_운동_06,필라테스,문화·여가 중 '운동'을 판매·제공하는 매장,528eb569-e8c5-4b86-993d-26f245d685da,행운꽃농원,꽃,운암제일 골목형상점가,골목형상점가,광주광역시,0.0,0.0,,,RESOLVED_AGREEMENT,False,0,,,,
00abb16da67123e10679,val,운동,T2 동의어,q_운동_06,필라테스,문화·여가 중 '운동'을 판매·제공하는 매장,06a9d0d7-98d4-46de-ba60-78844e443b35,올나잇 피트니스 주식회사,피트니스,부평테마의거리 골목형 상점가,골목형상점가,인천광역시,2.0,3.0,,,P2_GRADED_ONLY,True,,,,,
9f2e04e6feafb38fd101,val,운동,T2 동의어,q_운동_06,필라테스,문화·여가 중 '운동'을 판매·제공하는 매장,d85984ed-2906-4ac1-805d-408b91486327,몸ㅁㅗㅁ필라테스,필라테스,용봉지구 골목형상점가,골목형상점가,광주광역시,3.0,3.0,,,RESOLVED_AGREEMENT,False,3,,,,
4afab78a98224abf9a3d,val,운동,T2 동의어,q_운동_06,필라테스,문화·여가 중 '운동'을 판매·제공하는 매장,6b10664f-cdc9-43d8-9eb1-5319a9d3dbcc,진 필라테스,필라테스,직산읍삼은1번가골목형상점가,골목형상점가,충청남도,3.0,3.0,,,RESOLVED_AGREEMENT,False,3,,,,
c8b874ed25a74af22a36,val,운동,T2 동의어,q_운동_06,필라테스,문화·여가 중 '운동'을 판매·제공하는 매장,287e7290-6513-4593-9250-6d37bc0dd973,라움 필라테스,필라테스,맹동혁신골목형상점가,골목형상점가,충청북도,3.0,3.0,,,RESOLVED_AGREEMENT,False,3,,,,
50814bc5225ce220acd5,val,운동,T2 동의어,q_운동_06,필라테스,문화·여가 중 '운동'을 판매·제공하는 매장,efb93aa9-b036-4783-892d-ae82b3e78340,유고우 필라테스,필라테스,동편마을중심상가 골목형상점가,골목형상점가,경기도,3.0,3.0,,,RESOLVED_AGREEMENT,False,3,,,,
c93fb49a64d78eaa1893,val,운동,T2 동의어,q_운동_06,필라테스,문화·여가 중 '운동'을 판매·제공하는 매장,c15d3666-dbb3-4488-88b3-d9d6f9170b9c,수지 필라테스,필라테스,이수미로골목형상점가,골목형상점가,서울특별시,3.0,3.0,,,RESOLVED_AGREEMENT,False,3,,,,
d4a5eff3eb28c5a3136d,val,운동,T2 동의어,q_운동_06,필라테스,문화·여가 중 '운동'을 판매·제공하는 매장,be89fed7-f820-43ce-84c2-83c5255e394e,필라테스결,필라테스,첨단시리단길,골목형상점가,광주광역시,3.0,3.0,,,RESOLVED_AGREEMENT,False,3,,,,
78c92048413eabe04d39,val,운동,T2 동의어,q_운동_06,필라테스,문화·여가 중 '운동'을 판매·제공하는 매장,b069d11e-adb4-4909-b4a6-29cb57641678,mv필라테스,필라테스,구갈상점가,자율상권구역,경기도,3.0,3.0,,,RESOLVED_AGREEMENT,False,3,,,,
8b985a73ab1dc2068416,val,운동,T2 동의어,q_운동_06,필라테스,문화·여가 중 '운동'을 판매·제공하는 매장,00172c94-61f0-4197-afeb-d7e8187c79b5,옷이예쁘다,의류,메트로센터(반월당지하쇼핑),일반지하상점가,대구광역시,1.0,1.0,,,RESOLVED_AGREEMENT,False,1,,,,
c0d1980668c5ff858b69,val,운동,T2 동의어,q_운동_06,필라테스,문화·여가 중 '운동'을 판매·제공하는 매장,97fe2147-bab6-4aeb-a94b-ad711316993f,필라테스 오브,필라테스,산본로데오거리(구 산본중심상가),자율상권구역,경기도,3.0,3.0,,,RESOLVED_AGREEMENT,False,3,,,,
fd7515b858d56f45a06a,val,운동,T2 동의어,q_운동_06,필라테스,문화·여가 중 '운동'을 판매·제공하는 매장,8bbd70f3-af94-41b7-8ac2-2bf028f996ef,주웰필라테스,필라테스,나성중앙 골목형상점가,골목형상점가,세종특별자치시,3.0,3.0,,,RESOLVED_AGREEMENT,False,3,,,,
f8d8d0d81ec9ed6a38dc,val,운동,T2 동의어,q_운동_06,필라테스,문화·여가 중 '운동'을 판매·제공하는 매장,73dc808d-ba56-429c-9506-37eff719b8f2,랑필라테스,필라테스,고덕골목형상점가,골목형상점가,서울특별시,3.0,3.0,,,RESOLVED_AGREEMENT,False,3,,,,
a00e5171165cd79aa02b,val,운동,T2 동의어,q_운동_06,필라테스,문화·여가 중 '운동'을 판매·제공하는 매장,1207c96b-ab65-4544-9f21-ea314d05430e,오윅필라테스,필라테스,갑천호수 골목형상점가,골목형상점가,대전광역시,3.0,3.0,,,RESOLVED_AGREEMENT,False,3,,,,
2ce6609a176d9cc7a022,val,운동,T2 동의어,q_운동_06,필라테스,문화·여가 중 '운동'을 판매·제공하는 매장,10b22d4f-9f8b-48b8-a193-982c617ccf23,하온 필라테스,필라테스,연제초 앞 골목형상점가,골목형상점가,광주광역시,3.0,3.0,,,RESOLVED_AGREEMENT,False,3,,,,
4863d20438680c654676,val,운동,T2 동의어,q_운동_06,필라테스,문화·여가 중 '운동'을 판매·제공하는 매장,198139f6-021e-4f81-882c-fc5c62cfd96b,선필라테스,필라테스,오치 설죽로 골목형상점가,골목형상점가,광주광역시,3.0,3.0,,,RESOLVED_AGREEMENT,False,3,,,,
143b11371eb30c6b86cb,val,운동,T2 동의어,q_운동_06,필라테스,문화·여가 중 '운동'을 판매·제공하는 매장,a0bf3adc-ab6f-4b6b-80a7-d6ecb90c520e,필라테스 해라,필라테스,BOCA 보카상점가,골목형상점가,경기도,3.0,3.0,,,RESOLVED_AGREEMENT,False,3,,,,
a9eae3b9625c5fd6dcf1,val,운동,T2 동의어,q_운동_06,필라테스,문화·여가 중 '운동'을 판매·제공하는 매장,08ace626-6bee-4ee7-8a76-e6634893eb2a,한울 필라테스,필라테스,항동 골목형상점가,골목형상점가,서울특별시,3.0,3.0,,,RESOLVED_AGREEMENT,False,3,,,,
ac6709c7f1759a173fcb,val,운동,T2 동의어,q_운동_06,필라테스,문화·여가 중 '운동'을 판매·제공하는 매장,21bfd845-8c16-4b67-809f-81a3833826c0,케이폴앤댄스,피트니스,남양역골로상점가,골목형상점가,경기도,2.0,3.0,,,P2_GRADED_ONLY,True,,,,,
9911a195ae890f1efd16,val,운동,T2 동의어,q_운동_06,필라테스,문화·여가 중 '운동'을 판매·제공하는 매장,0efd6a56-7f48-43c6-a58f-52dc78131edd,라라 필라테스,필라테스,신봉동 온누리 골목형상점가,골목형상점가,경기도,3.0,3.0,,,RESOLVED_AGREEMENT,False,3,,,,
a88f502d90f700e4c07c,val,운동,T2 동의어,q_운동_06,필라테스,문화·여가 중 '운동'을 판매·제공하는 매장,0214eb76-f204-4d4f-9645-f0444d2c5f33,베이글짐,헬스장,도담동 골목형상점가,골목형상점가,세종특별자치시,2.0,3.0,,,P2_GRADED_ONLY,True,,,,,
0e6d5080676cb1da84d8,val,운동,T2 동의어,q_운동_06,필라테스,문화·여가 중 '운동'을 판매·제공하는 매장,2c601513-b62f-4f0d-87b5-81eb89f2dc40,필라테스 쌍떼,필라테스,가람삼융타워 골목형상점가,골목형상점가,경기도,3.0,3.0,,,RESOLVED_AGREEMENT,False,3,,,,
f224f7e0d1a6ed25cb08,val,운동,T2 동의어,q_운동_06,필라테스,문화·여가 중 '운동'을 판매·제공하는 매장,cd64cee8-2800-4ea5-b9fb-a915db7f40d4,필라테스 연,필라테스,주월1동서문대로 골목형상점가,골목형상점가,광주광역시,3.0,3.0,,,RESOLVED_AGREEMENT,False,3,,,,
79fc18581b36d8058f76,val,운동,T2 동의어,q_운동_06,필라테스,문화·여가 중 '운동'을 판매·제공하는 매장,06f75bcb-8c04-46f9-9315-b56a3f1d7a63,스윙&플라멩고,운동복,대현프리몰 대구점,일반지하상점가,대구광역시,2.0,3.0,,,P2_GRADED_ONLY,True,,,,,
7620c66066103bb2ef39,val,운동,T2 동의어,q_운동_06,필라테스,문화·여가 중 '운동'을 판매·제공하는 매장,cb1da744-3630-4521-a66a-859edb9799b9,필라테스 베르,필라테스,첨단청사초롱길 골목형상점가,골목형상점가,광주광역시,3.0,3.0,,,RESOLVED_AGREEMENT,False,3,,,,
df84281727f21aa5a95b,val,운동,T2 동의어,q_운동_06,필라테스,문화·여가 중 '운동'을 판매·제공하는 매장,b313baa7-ad14-4636-a7d5-6c879b9cbcd4,릴스 필라테스,필라테스,첨단지구 골목형상점가,골목형상점가,광주광역시,3.0,3.0,,,RESOLVED_AGREEMENT,False,3,,,,
17e8f6e771193c86c406,val,운동,T2 동의어,q_운동_06,필라테스,문화·여가 중 '운동'을 판매·제공하는 매장,a6febb3d-669d-4089-862b-31e796a71d42,바디윤 필라테스,필라테스,해오름 골목형상점가,골목형상점가,경기도,3.0,3.0,,,RESOLVED_AGREEMENT,False,3,,,,
4385b79d467558f0f9d2,val,운동,T2 동의어,q_운동_06,필라테스,문화·여가 중 '운동'을 판매·제공하는 매장,07466d2d-51a2-4c17-8dcf-1af1bfb6f868,금강랜드로바 원주점,운동화가죽신발등산용품,원주중앙로문화의거리,자율상권구역,강원특별자치도,2.0,3.0,,,P2_GRADED_ONLY,True,,,,,
25243d5c6965760ff2e7,val,운동,T2 동의어,q_운동_06,필라테스,문화·여가 중 '운동'을 판매·제공하는 매장,faac575e-da66-4f55-85cb-0da4c8dd6f53,"안녕,필라테스",필라테스,동신종합시장,전통시장,경기도,3.0,3.0,,,RESOLVED_AGREEMENT,False,3,,,,
6100b99af5ad1a8b82e4,val,운동,T2 동의어,q_운동_06,필라테스,문화·여가 중 '운동'을 판매·제공하는 매장,003adf4b-eb63-4fd3-92d3-e139c6f1c22d,새롬필라테스,필라테스,새롬동 골목형상점가,골목형상점가,세종특별자치시,3.0,3.0,,,RESOLVED_AGREEMENT,False,3,,,,
fd55750cc7c3ca41951e,val,운동,T2 동의어,q_운동_06,필라테스,문화·여가 중 '운동'을 판매·제공하는 매장,915c62c6-afe5-4439-b43f-cf2fd67060fb,선필라테스,필라테스,학운동 365 골목형상점가,골목형상점가,광주광역시,3.0,3.0,,,RESOLVED_AGREEMENT,False,3,,,,
cf9f5369e5c68a934787,val,운동,T2 동의어,q_운동_06,필라테스,문화·여가 중 '운동'을 판매·제공하는 매장,00124602-ef4e-472c-91ee-de53b28d7530,화이트,의류,울산번개시장,전통시장,울산광역시,1.0,1.0,,,RESOLVED_AGREEMENT,False,1,,,,
6720b5c4b38364a74e6e,val,운동,T2 동의어,q_운동_06,필라테스,문화·여가 중 '운동'을 판매·제공하는 매장,f047a022-1d3e-485b-814f-eecb9c2dc1e3,필라테슈,필라테스,혁신도시2구역골목형상점가,골목형상점가,강원특별자치도,3.0,3.0,,,RESOLVED_AGREEMENT,False,3,,,,
bfdc95d5d04ef806c779,val,운동,T2 동의어,q_운동_06,필라테스,문화·여가 중 '운동'을 판매·제공하는 매장,07d89ce7-de40-4795-a10b-414cc1e269ef,매곡 천부경 명상센터,"명상수련, 요가",매곡동 골목형상점가,골목형상점가,광주광역시,2.0,3.0,,,P2_GRADED_ONLY,True,,,,,
e458ec06050c61283498,val,운동,T2 동의어,q_운동_06,필라테스,문화·여가 중 '운동'을 판매·제공하는 매장,29d6e114-4cc1-45a7-93be-76f6f8752253,"쏘,필라테스",필라테스,안말초로 골목형상점가,골목형상점가,경기도,3.0,3.0,,,RESOLVED_AGREEMENT,False,3,,,,
e5b91490188afb448412,val,운동,T2 동의어,q_운동_06,필라테스,문화·여가 중 '운동'을 판매·제공하는 매장,8c18c40a-2afb-4a84-a2f3-8be6ac4402a2,끌릿필라테스,필라테스,익산그린상점가,자율상권구역,전북특별자치도,3.0,3.0,,,RESOLVED_AGREEMENT,False,3,,,,
dab7327c229ee6c2b266,val,운동,T2 동의어,q_운동_06,필라테스,문화·여가 중 '운동'을 판매·제공하는 매장,3660e21b-4618-4b91-b01a-ac07f6fe60f0,솜필라테스,필라테스,앞산비스타동원상가 골목형상점가,골목형상점가,대구광역시,3.0,3.0,,,RESOLVED_AGREEMENT,False,3,,,,
26755ec9a965179943b2,val,운동,T2 동의어,q_운동_06,필라테스,문화·여가 중 '운동'을 판매·제공하는 매장,d196b5fd-0bdf-42eb-92e8-d8278d89e2e1,필라테스 포유,필라테스,능동상가,자율상권구역,경기도,3.0,3.0,,,RESOLVED_AGREEMENT,False,3,,,,
cf806db34fc61d6c723a,val,운동,T2 동의어,q_운동_06,필라테스,문화·여가 중 '운동'을 판매·제공하는 매장,43fa8600-d1d8-44a8-9412-554f5f044fd6,포츠필라테스,필라테스,효자휴먼시아 골목형상점가,골목형상점가,전북특별자치도,3.0,3.0,,,RESOLVED_AGREEMENT,False,3,,,,
d04a5c77c8a2e5d9fcef,val,운동,T2 동의어,q_운동_06,필라테스,문화·여가 중 '운동'을 판매·제공하는 매장,008fbd3f-35b4-431f-8ba5-fc8bcfe4bf83,제이에스피트니스,헬스,동림1 골목형상점가,골목형상점가,광주광역시,2.0,3.0,,,P2_GRADED_ONLY,True,,,,,
c62902d9d70798d97091,val,운동,T2 동의어,q_운동_06,필라테스,문화·여가 중 '운동'을 판매·제공하는 매장,0d8def43-cd8d-45ec-8c23-0760c9c6d2c6,디：캔필라테스,필라테스,울산 스퀘어 골목형상점가,골목형상점가,울산광역시,3.0,3.0,,,RESOLVED_AGREEMENT,False,3,,,,
a25af3e5a170deb86870,val,운동,T2 동의어,q_운동_06,필라테스,문화·여가 중 '운동'을 판매·제공하는 매장,d1601996-8656-4fca-893d-cf834c0cd839,필라테스 란,필라테스,과천스마트케이 골목형상점가,골목형상점가,경기도,3.0,3.0,,,RESOLVED_AGREEMENT,False,3,,,,
c29336c46e4c62e4b01a,val,운동,T2 동의어,q_운동_06,필라테스,문화·여가 중 '운동'을 판매·제공하는 매장,698882b5-999b-44e7-909f-ff22b5a39026,필라테스 위주,필라테스,신창진흥 골목형상점가,골목형상점가,광주광역시,3.0,3.0,,,RESOLVED_AGREEMENT,False,3,,,,
e31a8f5bbd8101713b9c,val,운동,T2 동의어,q_운동_06,필라테스,문화·여가 중 '운동'을 판매·제공하는 매장,bfe9e3f3-3aaf-48e2-aca0-eac6fb2887c7,옌필라테스,필라테스,용강동상점가,자율상권구역,서울특별시,3.0,3.0,,,RESOLVED_AGREEMENT,False,3,,,,
4edf1c14d42b1d1484b7,val,운동,T2 동의어,q_운동_06,필라테스,문화·여가 중 '운동'을 판매·제공하는 매장,0080a859-c5d8-4b43-b14c-d5eb844118a0,헬스맨헬스걸,헬스장,비래동골목형상점가,골목형상점가,대전광역시,2.0,3.0,,,P2_GRADED_ONLY,True,,,,,
0c40347c76ac39414404,val,운동,T2 동의어,q_운동_06,필라테스,문화·여가 중 '운동'을 판매·제공하는 매장,09815d92-d0f0-4c87-b4fa-1194f86c53c0,유성프로스펙스,"스포츠의류, 용품",장대동패션상가 골목형상점가,골목형상점가,대전광역시,2.0,1.0,,,P1_BINARY_THRESHOLD,True,,,,,
ea9ea1e3d3fc2ac46242,val,운동,T2 동의어,q_운동_06,필라테스,문화·여가 중 '운동'을 판매·제공하는 매장,893e3572-b2a4-4da3-b8ea-b7cb8ad00e66,픽시 필라테스,필라테스,상봉먹자골목형상점가,골목형상점가,서울특별시,3.0,3.0,,,RESOLVED_AGREEMENT,False,3,,,,
66d318ce41658f2484f5,val,운동,T2 동의어,q_운동_06,필라테스,문화·여가 중 '운동'을 판매·제공하는 매장,bf0803e1-2c07-46b6-abf1-6fdc93c3b3ec,솜필라테스,필라테스,연희로 골목형상점가,골목형상점가,인천광역시,3.0,3.0,,,RESOLVED_AGREEMENT,False,3,,,,
344ce3f481638dc1a276,val,운동,T2 동의어,q_운동_06,필라테스,문화·여가 중 '운동'을 판매·제공하는 매장,b288717f-c592-42ba-ae7a-f763412a6fcc,청담동마녀김밥 봉선점,깅밥,봉선2중앙로 골목형상점가,골목형상점가,광주광역시,0.0,0.0,,,RESOLVED_AGREEMENT,False,0,,,,
7e2b2a95f0c3bf179a5f,val,운동,T2 동의어,q_운동_06,필라테스,문화·여가 중 '운동'을 판매·제공하는 매장,00054f1d-4cae-4345-9975-1423bc49e4dc,착한아이들,의류,중앙전통시장,전통시장,울산광역시,1.0,1.0,,,RESOLVED_AGREEMENT,False,1,,,,
c5913d218ec65a70848d,val,운동,T2 동의어,q_운동_06,필라테스,문화·여가 중 '운동'을 판매·제공하는 매장,00f8d2a4-8e38-485b-a09e-280a1aa0c326,라인엑스피티스튜디오,"헬스, PT",수지성복플러스 골목형상점가,골목형상점가,경기도,2.0,3.0,,,P2_GRADED_ONLY,True,,,,,
41ea44a28bdb5a9966c0,val,운동,T2 동의어,q_운동_06,필라테스,문화·여가 중 '운동'을 판매·제공하는 매장,08de408a-f260-4467-b375-768cbd50e14d,본소마메드짐 재활운동&PT,운동,용강동상점가,자율상권구역,서울특별시,2.0,3.0,,,P2_GRADED_ONLY,True,,,,,
24d01d96ea5037fcabc9,val,운동,T2 동의어,q_운동_06,필라테스,문화·여가 중 '운동'을 판매·제공하는 매장,0151b1ea-e648-438b-83b0-efcf6f387e9b,크로스핏 터,운동 서비스,열매 골목형상점가,골목형상점가,대전광역시,2.0,3.0,,,P2_GRADED_ONLY,True,,,,,
a6367ccbc6dfe8fa381c,val,운동,T2 동의어,q_운동_06,필라테스,문화·여가 중 '운동'을 판매·제공하는 매장,58fef9ac-5a2f-4f89-8a46-be60d1f0138a,수필라테스,필라테스,평촌1번가 상점가,자율상권구역,경기도,3.0,3.0,,,RESOLVED_AGREEMENT,False,3,,,,
4cb2bae16e1c808f4ce9,val,운동,T2 동의어,q_운동_06,필라테스,문화·여가 중 '운동'을 판매·제공하는 매장,92fb14a3-2637-413c-aa38-dfe8e669ef66,필라테스 지센,필라테스,범어식주가무명인골목 골목형상점가,골목형상점가,대구광역시,3.0,3.0,,,RESOLVED_AGREEMENT,False,3,,,,
9fa9a4a230431acdc6d9,val,운동,T2 동의어,q_운동_06,필라테스,문화·여가 중 '운동'을 판매·제공하는 매장,ff4649fc-4cb8-45d7-8781-7e48417d7a71,영신상회,포목,부산진시장,전통시장,부산광역시,0.0,0.0,,,RESOLVED_AGREEMENT,False,0,,,,
d5d86f9deeb2d45cfbf0,val,운동,T2 동의어,q_운동_06,필라테스,문화·여가 중 '운동'을 판매·제공하는 매장,2a66259d-97b3-4551-b068-d1b97aa9419e,와 필라테스,필라테스,동천동먹자골목2번가상인회 골목형상점가,골목형상점가,광주광역시,3.0,3.0,,,RESOLVED_AGREEMENT,False,3,,,,
26f796ddfd06b2d5481f,val,운동,T2 동의어,q_운동_06,필라테스,문화·여가 중 '운동'을 판매·제공하는 매장,b76e7f96-98be-4597-b8d4-25caf09792d3,필라테스 정,필라테스,금호상인회 골목형상점가,골목형상점가,광주광역시,3.0,3.0,,,RESOLVED_AGREEMENT,False,3,,,,
8269421f5f859ac57533,val,운동,T2 동의어,q_운동_06,필라테스,문화·여가 중 '운동'을 판매·제공하는 매장,f5ad35a7-2f2d-4f88-a701-853364b23f97,맥필라테스,필라테스,강남개포시장(구 개포2동중심상점가),자율상권구역,서울특별시,3.0,3.0,,,RESOLVED_AGREEMENT,False,3,,,,
82748ce4974aa580c4dc,val,운동,T2 동의어,q_운동_06,필라테스,문화·여가 중 '운동'을 판매·제공하는 매장,7c6d9244-9493-495a-9cc5-fe86ad5ad5f2,J필라테스,필라테스,수지성복플러스 골목형상점가,골목형상점가,경기도,3.0,3.0,,,RESOLVED_AGREEMENT,False,3,,,,
6735a747040bfbbb7294,val,운동,T2 동의어,q_운동_06,필라테스,문화·여가 중 '운동'을 판매·제공하는 매장,48ec2024-ee31-4ae0-bb8f-2126c5bfaa61,하다피트니스,피트니스,과천새서울프라자시장,전통시장,경기도,2.0,3.0,,,P2_GRADED_ONLY,True,,,,,
bf9aed1be917afc66117,val,운동,T2 동의어,q_운동_06,필라테스,문화·여가 중 '운동'을 판매·제공하는 매장,bbef3c59-0486-4408-9e3c-c784f59233ea,필라테스 이음,필라테스,도담동 골목형상점가,골목형상점가,세종특별자치시,3.0,3.0,,,RESOLVED_AGREEMENT,False,3,,,,
a324c4819f883cb73311,val,운동,T2 동의어,q_운동_06,필라테스,문화·여가 중 '운동'을 판매·제공하는 매장,018b2dd0-5613-482c-b714-e30dcfa584fd,씨엘 필라테스 안산고잔점,필라테스,도리섬상점가,자율상권구역,경기도,3.0,3.0,,,RESOLVED_AGREEMENT,False,3,,,,
593fd5379253113684f2,val,운동,T2 동의어,q_운동_06,필라테스,문화·여가 중 '운동'을 판매·제공하는 매장,db3b24b6-0401-4240-b71e-bae9c3401c00,소휘 필라테스,필라테스,더센트럴 골목형상점가,골목형상점가,세종특별자치시,3.0,3.0,,,RESOLVED_AGREEMENT,False,3,,,,
cec6feeabf7293226c85,val,운동,T2 동의어,q_운동_06,필라테스,문화·여가 중 '운동'을 판매·제공하는 매장,0bffc5e3-f6ea-44a4-8f66-d7701f7d2c76,르뮤필라테스,필라테스,상인화성파크 골목형상점가,골목형상점가,대구광역시,3.0,3.0,,,RESOLVED_AGREEMENT,False,3,,,,
29aab33383a7bd0e8499,val,운동,T2 동의어,q_운동_06,필라테스,문화·여가 중 '운동'을 판매·제공하는 매장,0041f699-c619-48b9-b3a9-814af9905c66,GB트레이닝센터,운동,일곡동(제5지역:제1근린공원 건너편),골목형상점가,광주광역시,2.0,3.0,,,P2_GRADED_ONLY,True,,,,,
3b49f764520507a74c9c,val,운동,T2 동의어,q_운동_06,필라테스,문화·여가 중 '운동'을 판매·제공하는 매장,00c4a045-8aa5-4995-8313-806b7fcab6ff,남스짐천왕점 헬스PT,,천왕마을 골목형상점가,골목형상점가,서울특별시,2.0,3.0,,,P2_GRADED_ONLY,True,,,,,
f6903f10cf0403a7d271,val,운동,T2 동의어,q_운동_06,필라테스,문화·여가 중 '운동'을 판매·제공하는 매장,08bf522e-2d12-4ba2-95aa-344e372f90d7,수지패션,운동용품,원조낙지골목상점가,자율상권구역,전라남도,2.0,3.0,,,P2_GRADED_ONLY,True,,,,,
ce03c02df18bb1dd0dc0,val,운동,T2 동의어,q_운동_06,필라테스,문화·여가 중 '운동'을 판매·제공하는 매장,418dc089-c55b-4898-ab3f-832620e70114,진향건강원,과일주스,옥과설산골목형상점가,골목형상점가,전라남도,0.0,0.0,,,RESOLVED_AGREEMENT,False,0,,,,
28ee2824fb15ba727f83,val,운동,T2 동의어,q_운동_06,필라테스,문화·여가 중 '운동'을 판매·제공하는 매장,4e0165fd-a4a1-450e-9ed5-6c6b5dc67752,봄필라테스,필라테스,금화상인회 골목형상점가,골목형상점가,광주광역시,3.0,3.0,,,RESOLVED_AGREEMENT,False,3,,,,
e7f874bf518d604a9498,val,운동,T2 동의어,q_운동_06,필라테스,문화·여가 중 '운동'을 판매·제공하는 매장,df4e45b4-dd81-44a7-a20c-6ba77a808b17,"나의, 필라테스",필라테스,수완이지더원 골목형상점가,골목형상점가,광주광역시,3.0,3.0,,,RESOLVED_AGREEMENT,False,3,,,,
e05357c9bca368aa4f52,val,운동,T2 동의어,q_운동_06,필라테스,문화·여가 중 '운동'을 판매·제공하는 매장,000a92b3-0b5e-429e-af00-f86e3570e24b,클로버,의류,관문상가시장,전통시장,대구광역시,1.0,1.0,,,RESOLVED_AGREEMENT,False,1,,,,
31bc8f0e255ad57c2726,val,운동,T2 동의어,q_운동_06,필라테스,문화·여가 중 '운동'을 판매·제공하는 매장,36f4d9e2-889a-4168-b518-51e2ddf773df,킴스휘트니스클리닉,피트니스,아름동상점가,자율상권구역,세종특별자치시,2.0,3.0,,,P2_GRADED_ONLY,True,,,,,
af104d521302abf96374,val,운동,T2 동의어,q_운동_06,필라테스,문화·여가 중 '운동'을 판매·제공하는 매장,b8f08b0f-140e-41dc-a19f-a8f786dc9c4a,힘 필라테스,필라테스,시티프라자골목형상점가,골목형상점가,전라남도,3.0,3.0,,,RESOLVED_AGREEMENT,False,3,,,,
80edf81dd75bf2a4feb1,val,운동,T2 동의어,q_운동_06,필라테스,문화·여가 중 '운동'을 판매·제공하는 매장,b4537d93-75d8-4741-a281-6706777350de,한송희 필라테스,필라테스,혁신도시5구역골목형상점가,골목형상점가,강원특별자치도,3.0,3.0,,,RESOLVED_AGREEMENT,False,3,,,,
bfede27e5ddfbe403add,val,운동,T2 동의어,q_운동_06,필라테스,문화·여가 중 '운동'을 판매·제공하는 매장,01a5e178-ba34-4e15-ac4d-07a398900593,가자점핑다이어트클럽,"점핑, 요가",문흥2동 골목형상점가,골목형상점가,광주광역시,2.0,3.0,,,P2_GRADED_ONLY,True,,,,,
60ed904316489bb6ec04,val,운동,T2 동의어,q_운동_06,필라테스,문화·여가 중 '운동'을 판매·제공하는 매장,3cf203b4-8616-4157-a2f4-7322f2680653,이젠 필라테스,필라테스,산본로데오거리(구 산본중심상가),자율상권구역,경기도,3.0,3.0,,,RESOLVED_AGREEMENT,False,3,,,,
8d3b054daee759045144,val,운동,T2 동의어,q_운동_06,필라테스,문화·여가 중 '운동'을 판매·제공하는 매장,013a1fc8-5932-489b-b40a-f3b654407057,전라도밥상,한식,용인중앙시장,전통시장,경기도,0.0,0.0,,,RESOLVED_AGREEMENT,False,0,,,,
25f2386e9c42d33eab68,val,운동,T2 동의어,q_운동_06,필라테스,문화·여가 중 '운동'을 판매·제공하는 매장,00a27d0e-2216-4ff5-94fe-7acd76db3da3,짐자반 헬스 PT 하남시청역점,"헬스장 회원권, 개인레슨",덕풍전통시장,전통시장,경기도,2.0,3.0,,,P2_GRADED_ONLY,True,,,,,
4e2bc6855dff83031b13,val,운동,T2 동의어,q_운동_06,필라테스,문화·여가 중 '운동'을 판매·제공하는 매장,3332b1b2-ebf0-4ba6-80de-edeae54a3dfe,코코옷장,의류,전주중앙상가시장,전통시장,전북특별자치도,1.0,1.0,,,RESOLVED_AGREEMENT,False,1,,,,
4b9e2636b024881c11a6,val,운동,T2 동의어,q_운동_06,필라테스,문화·여가 중 '운동'을 판매·제공하는 매장,00a3eb8f-b86a-4b8c-933c-ffaee551fdba,신시아 필라테스,필라테스 센터,겸재한신길 골목형상점가,골목형상점가,서울특별시,3.0,3.0,,,RESOLVED_AGREEMENT,False,3,,,,
742ee6510d0208f05cf6,val,운동,T2 동의어,q_운동_06,필라테스,문화·여가 중 '운동'을 판매·제공하는 매장,033d99e2-0579-45d7-9d48-d999b90dd98a,M필라테스&요가,"필라테스, 요가",조종시장,전통시장,경기도,3.0,3.0,,,RESOLVED_AGREEMENT,False,3,,,,
54f18fbb75507bbdc10e,val,운동,T2 동의어,q_운동_06,필라테스,문화·여가 중 '운동'을 판매·제공하는 매장,2d668dc5-1066-4b7c-9d2f-f78d3bb8e33f,리샵 필라테스,필라테스,응암공원 골목형상점가,골목형상점가,광주광역시,3.0,3.0,,,RESOLVED_AGREEMENT,False,3,,,,
f16f413b0e0d573d7543,val,운동,T2 동의어,q_운동_06,필라테스,문화·여가 중 '운동'을 판매·제공하는 매장,36d669c2-c12b-4c9e-8e7e-d27f26091bae,라힐필라테스,필라테스,주월1동회재로 골목형상점가,골목형상점가,광주광역시,3.0,3.0,,,RESOLVED_AGREEMENT,False,3,,,,
2d2a865f9f9a3f760567,val,운동,T2 동의어,q_운동_06,필라테스,문화·여가 중 '운동'을 판매·제공하는 매장,23761214-a749-44cc-9192-6d67fc88c5b1,삼원농수산물,쌀,학마을골목형상점가,골목형상점가,서울특별시,0.0,0.0,,,RESOLVED_AGREEMENT,False,0,,,,
7deb3ab5f96185fbcccd,val,운동,T2 동의어,q_운동_06,필라테스,문화·여가 중 '운동'을 판매·제공하는 매장,d1730543-6578-43c9-a0d0-86563792972c,필라테스쏠,필라테스,의왕예술의거리골목형상점가,골목형상점가,경기도,3.0,3.0,,,RESOLVED_AGREEMENT,False,3,,,,
c2549c67788a8c7e1b2f,val,운동,T2 동의어,q_운동_06,필라테스,문화·여가 중 '운동'을 판매·제공하는 매장,020180c1-e676-4f99-84db-9b56504222f2,아름드리 필라테스&PT,필라테스요가바레필라테스,아름드리 골목형상점가,골목형상점가,세종특별자치시,3.0,3.0,,,RESOLVED_AGREEMENT,False,3,,,,
80cfd5372448b837b753,val,운동,T2 동의어,q_운동_06,필라테스,문화·여가 중 '운동'을 판매·제공하는 매장,b39c9bd6-1d12-4c46-873c-2a75e6c31c99,"필라테스, 하나",필라테스,화산로 골목형상점가,골목형상점가,광주광역시,3.0,3.0,,,RESOLVED_AGREEMENT,False,3,,,,
a8413a527de6663b32f3,val,운동,T2 동의어,q_운동_06,필라테스,문화·여가 중 '운동'을 판매·제공하는 매장,0a7de62f-b294-412c-b700-0642397eca30,다이나핏 김포장기점,"스포츠 의류, 용품",김포장기패션아울렛,골목형상점가,경기도,2.0,1.0,,,P1_BINARY_THRESHOLD,True,,,,,
cb9527aec097c9fb7a66,val,운동,T2 동의어,q_운동_06,필라테스,문화·여가 중 '운동'을 판매·제공하는 매장,35f62c74-3304-4a6c-a21f-28b253239019,하이무브 피트니스,피트니스 센터,산본로데오거리(구 산본중심상가),자율상권구역,경기도,2.0,3.0,,,P2_GRADED_ONLY,True,,,,,
8a2f9e62094f983665c7,val,운동,T2 동의어,q_운동_07,헬스,문화·여가 중 '운동'을 판매·제공하는 매장,e5aad1f5-77c4-4157-a191-76e66a7e172c,광주상회 만석군,"견과류, 건어물",부전농수산물새벽시장,전통시장,부산광역시,0.0,0.0,,,RESOLVED_AGREEMENT,False,0,,,,
a9d0b940bde107beaa93,val,운동,T2 동의어,q_운동_07,헬스,문화·여가 중 '운동'을 판매·제공하는 매장,36f4d9e2-889a-4168-b518-51e2ddf773df,킴스휘트니스클리닉,피트니스,아름동상점가,자율상권구역,세종특별자치시,3.0,3.0,,,RESOLVED_AGREEMENT,False,3,,,,
46bf0f8dab5b87fc2ce4,val,운동,T2 동의어,q_운동_07,헬스,문화·여가 중 '운동'을 판매·제공하는 매장,45606c04-6f03-4f97-9b74-d28e060f8cb9,위드유,헬스,두정로 두정상가길 골목형상점가,골목형상점가,충청남도,3.0,3.0,,,RESOLVED_AGREEMENT,False,3,,,,
7ecfa19422577aca163c,val,운동,T2 동의어,q_운동_07,헬스,문화·여가 중 '운동'을 판매·제공하는 매장,0080a859-c5d8-4b43-b14c-d5eb844118a0,헬스맨헬스걸,헬스장,비래동골목형상점가,골목형상점가,대전광역시,3.0,3.0,,,RESOLVED_AGREEMENT,False,3,,,,
80550dbd2aa096a98723,val,운동,T2 동의어,q_운동_07,헬스,문화·여가 중 '운동'을 판매·제공하는 매장,fa90ddeb-1cbf-4cda-9bf9-dd25e77d005b,더조짐,헬스,송촌시장,전통시장,대전광역시,3.0,3.0,,,RESOLVED_AGREEMENT,False,3,,,,
48d0a84f1c6a5cd570bc,val,운동,T2 동의어,q_운동_07,헬스,문화·여가 중 '운동'을 판매·제공하는 매장,a2e55564-9bcc-4de8-8cf7-66087364d054,드롭바이,헬스,소담마실길 골목형상점가,골목형상점가,세종특별자치시,3.0,3.0,,,RESOLVED_AGREEMENT,False,3,,,,
55f7b066144074233b4f,val,운동,T2 동의어,q_운동_07,헬스,문화·여가 중 '운동'을 판매·제공하는 매장,1300d2a7-caf0-456f-99ce-2dfb57a6e007,핫플짐,헬스,노은역 골목형상점가,골목형상점가,대전광역시,3.0,3.0,,,RESOLVED_AGREEMENT,False,3,,,,
353926230d6613de7390,val,운동,T2 동의어,q_운동_07,헬스,문화·여가 중 '운동'을 판매·제공하는 매장,80989184-1d44-4f8e-81f2-c801f7ac111e,바디웍,헬스,다산지금상점가,골목형상점가,경기도,3.0,3.0,,,RESOLVED_AGREEMENT,False,3,,,,
931dd29911a2c4c86ed3,val,운동,T2 동의어,q_운동_07,헬스,문화·여가 중 '운동'을 판매·제공하는 매장,4b661255-0472-44a8-9add-bd0bc47cced4,짐212,헬스,엄사 골목형상점가,골목형상점가,충청남도,3.0,3.0,,,RESOLVED_AGREEMENT,False,3,,,,
4375af55697b00e6f82c,val,운동,T2 동의어,q_운동_07,헬스,문화·여가 중 '운동'을 판매·제공하는 매장,24827ea2-3830-4648-b850-54cc09559161,벌커스짐,헬스,반월신영통상가,자율상권구역,경기도,3.0,3.0,,,RESOLVED_AGREEMENT,False,3,,,,
6c19d7900bd93de04e39,val,운동,T2 동의어,q_운동_07,헬스,문화·여가 중 '운동'을 판매·제공하는 매장,0151b1ea-e648-438b-83b0-efcf6f387e9b,크로스핏 터,운동 서비스,열매 골목형상점가,골목형상점가,대전광역시,2.0,3.0,,,P2_GRADED_ONLY,True,,,,,
cc6191ce5afdc44f6440,val,운동,T2 동의어,q_운동_07,헬스,문화·여가 중 '운동'을 판매·제공하는 매장,7fbb06f8-99f3-47c5-b43c-bdd672ea31b5,스타헬스,헬스,"운남4,5단지 골목형상점가",골목형상점가,광주광역시,3.0,3.0,,,RESOLVED_AGREEMENT,False,3,,,,
99391de1f3eeb306f6dc,val,운동,T2 동의어,q_운동_07,헬스,문화·여가 중 '운동'을 판매·제공하는 매장,cbf62dd7-bc04-4735-be8e-6b763da4b8e2,썸머핏,헬스,유촌동상인회 골목형상점가,골목형상점가,광주광역시,3.0,3.0,,,RESOLVED_AGREEMENT,False,3,,,,
16f11a7ef63f415f5ce8,val,운동,T2 동의어,q_운동_07,헬스,문화·여가 중 '운동'을 판매·제공하는 매장,7fd32e1c-20ae-4f69-846c-e93d635e7a8a,"또, 옴",헬스,일곡동(제10지역:자연마을 전용주택단지) 골목형상점가,골목형상점가,광주광역시,3.0,3.0,,,RESOLVED_AGREEMENT,False,3,,,,
8dee1f36d163826fa9d0,val,운동,T2 동의어,q_운동_07,헬스,문화·여가 중 '운동'을 판매·제공하는 매장,018b2dd0-5613-482c-b714-e30dcfa584fd,씨엘 필라테스 안산고잔점,필라테스,도리섬상점가,자율상권구역,경기도,2.0,3.0,,,P2_GRADED_ONLY,True,,,,,
b86fb2e2d92c0c7fba2b,val,운동,T2 동의어,q_운동_07,헬스,문화·여가 중 '운동'을 판매·제공하는 매장,25d00068-c3e9-4e8d-be42-8afd170d7a6d,투빅짐,헬스,커낼워크상점가,골목형상점가,인천광역시,3.0,3.0,,,RESOLVED_AGREEMENT,False,3,,,,
7ae1a070efebfe4daa1e,val,운동,T2 동의어,q_운동_07,헬스,문화·여가 중 '운동'을 판매·제공하는 매장,cd0f481d-9369-4b02-8a9a-6cf66b07b9a7,원알엠,헬스,금암동 골목형상점가,골목형상점가,충청남도,3.0,3.0,,,RESOLVED_AGREEMENT,False,3,,,,
bc25f954deb03feadd8f,val,운동,T2 동의어,q_운동_07,헬스,문화·여가 중 '운동'을 판매·제공하는 매장,06a9d0d7-98d4-46de-ba60-78844e443b35,올나잇 피트니스 주식회사,피트니스,부평테마의거리 골목형 상점가,골목형상점가,인천광역시,3.0,3.0,,,RESOLVED_AGREEMENT,False,3,,,,
b6a9108503e6eed627c5,val,운동,T2 동의어,q_운동_07,헬스,문화·여가 중 '운동'을 판매·제공하는 매장,fcaaffb2-32bb-4e9e-84a5-faf51d51e8e0,만호헬스,헬스,죽산시장,전통시장,경기도,3.0,3.0,,,RESOLVED_AGREEMENT,False,3,,,,
5e8e874b3c16f7bd9d2d,val,운동,T2 동의어,q_운동_07,헬스,문화·여가 중 '운동'을 판매·제공하는 매장,c5dd664b-3ba0-4c8e-8c68-6f0dee53eb46,티엠짐,헬스,진천혁신골목형상점가,골목형상점가,충청북도,3.0,3.0,,,RESOLVED_AGREEMENT,False,3,,,,
87738cc60fb8cebea25c,val,운동,T2 동의어,q_운동_07,헬스,문화·여가 중 '운동'을 판매·제공하는 매장,75ee92b4-02d8-405a-a8e5-7b29959c8056,착한통닭,치킨,의왕도깨비시장,전통시장,경기도,0.0,0.0,,,RESOLVED_AGREEMENT,False,0,,,,
c428974dc32373b98b26,val,운동,T2 동의어,q_운동_07,헬스,문화·여가 중 '운동'을 판매·제공하는 매장,0a7de62f-b294-412c-b700-0642397eca30,다이나핏 김포장기점,"스포츠 의류, 용품",김포장기패션아울렛,골목형상점가,경기도,2.0,1.0,,,P1_BINARY_THRESHOLD,True,,,,,
7b4a5a773bca3a56869c,val,운동,T2 동의어,q_운동_07,헬스,문화·여가 중 '운동'을 판매·제공하는 매장,82ef23fe-994b-40c6-a018-27562ad2238b,순수헬스,헬스,금호운천로상인회 골목형상점가,골목형상점가,광주광역시,3.0,3.0,,,RESOLVED_AGREEMENT,False,3,,,,
9505cc0e8f3f64d01ca3,val,운동,T2 동의어,q_운동_07,헬스,문화·여가 중 '운동'을 판매·제공하는 매장,033d99e2-0579-45d7-9d48-d999b90dd98a,M필라테스&요가,"필라테스, 요가",조종시장,전통시장,경기도,2.0,3.0,,,P2_GRADED_ONLY,True,,,,,
0786eb0ffbca3eb33132,val,운동,T2 동의어,q_운동_07,헬스,문화·여가 중 '운동'을 판매·제공하는 매장,00a3eb8f-b86a-4b8c-933c-ffaee551fdba,신시아 필라테스,필라테스 센터,겸재한신길 골목형상점가,골목형상점가,서울특별시,2.0,3.0,,,P2_GRADED_ONLY,True,,,,,
e009eecf46e5cef67e4a,val,운동,T2 동의어,q_운동_07,헬스,문화·여가 중 '운동'을 판매·제공하는 매장,008fbd3f-35b4-431f-8ba5-fc8bcfe4bf83,제이에스피트니스,헬스,동림1 골목형상점가,골목형상점가,광주광역시,3.0,3.0,,,RESOLVED_AGREEMENT,False,3,,,,
484638ac33a7558f2516,val,운동,T2 동의어,q_운동_07,헬스,문화·여가 중 '운동'을 판매·제공하는 매장,260638da-7a2b-40de-a30b-986292de3212,오늘헬스,헬스,금호상인회 골목형상점가,골목형상점가,광주광역시,3.0,3.0,,,RESOLVED_AGREEMENT,False,3,,,,
defb0c0b06c5bf68d4d2,val,운동,T2 동의어,q_운동_07,헬스,문화·여가 중 '운동'을 판매·제공하는 매장,24701bd4-f2c1-47e7-a4a5-fb43528e9153,핏해짐,헬스,평촌1번가 상점가,자율상권구역,경기도,3.0,3.0,,,RESOLVED_AGREEMENT,False,3,,,,
b0fd74d78de874faa5df,val,운동,T2 동의어,q_운동_07,헬스,문화·여가 중 '운동'을 판매·제공하는 매장,737843ba-b682-46bd-98fb-faddc92e6e04,더인핏 PT&헬스,헬스,고려쇼핑센터,전통시장,부산광역시,3.0,3.0,,,RESOLVED_AGREEMENT,False,3,,,,
a7ecf0993027d29f6771,val,운동,T2 동의어,q_운동_07,헬스,문화·여가 중 '운동'을 판매·제공하는 매장,6245bf61-ba8b-4b60-91d9-610ca5c6e864,화정헬스,헬스,화정로상가상인회 골목형상점가,골목형상점가,광주광역시,3.0,3.0,,,RESOLVED_AGREEMENT,False,3,,,,
a89da386c741daefe7ea,val,운동,T2 동의어,q_운동_07,헬스,문화·여가 중 '운동'을 판매·제공하는 매장,b2506e39-9441-4364-a5d4-82b916bf5c8d,클럽훈짐 헬스 PT,헬스,월드상가골목형상점가,골목형상점가,인천광역시,3.0,3.0,,,RESOLVED_AGREEMENT,False,3,,,,
c49bd50539077b37d7cb,val,운동,T2 동의어,q_운동_07,헬스,문화·여가 중 '운동'을 판매·제공하는 매장,00a27d0e-2216-4ff5-94fe-7acd76db3da3,짐자반 헬스 PT 하남시청역점,"헬스장 회원권, 개인레슨",덕풍전통시장,전통시장,경기도,3.0,3.0,,,RESOLVED_AGREEMENT,False,3,,,,
f56055cda6c5bb30ef11,val,운동,T2 동의어,q_운동_07,헬스,문화·여가 중 '운동'을 판매·제공하는 매장,f4c2d17d-f51b-4c8f-a963-37de315abac7,더벨류짐,헬스,연남동골목형상점가,골목형상점가,서울특별시,3.0,3.0,,,RESOLVED_AGREEMENT,False,3,,,,
093376dc9705e646ef36,val,운동,T2 동의어,q_운동_07,헬스,문화·여가 중 '운동'을 판매·제공하는 매장,000a92b3-0b5e-429e-af00-f86e3570e24b,클로버,의류,관문상가시장,전통시장,대구광역시,1.0,1.0,,,RESOLVED_AGREEMENT,False,1,,,,
54847dc6d7a7d8bcad0c,val,운동,T2 동의어,q_운동_07,헬스,문화·여가 중 '운동'을 판매·제공하는 매장,167afa6b-ba96-4720-a6a6-ae1a8dad4813,조거앤스웨트,헬스,혁신도시5구역골목형상점가,골목형상점가,강원특별자치도,3.0,3.0,,,RESOLVED_AGREEMENT,False,3,,,,
ead79d4370426a562ba9,val,운동,T2 동의어,q_운동_07,헬스,문화·여가 중 '운동'을 판매·제공하는 매장,4ede8051-a7ab-490f-a8b6-c09487f297fb,브베이,의류,고투몰(강남터미널지하도상점가),일반지하상점가,서울특별시,1.0,1.0,,,RESOLVED_AGREEMENT,False,1,,,,
d8f0ac6078bb7e526df1,val,운동,T2 동의어,q_운동_07,헬스,문화·여가 중 '운동'을 판매·제공하는 매장,660aa01a-be1f-4ec8-8c34-03df1279b105,남쪽휘트니스,헬스,주월장산 골목형상점가,골목형상점가,광주광역시,3.0,3.0,,,RESOLVED_AGREEMENT,False,3,,,,
ede7a2859b1887bbec74,val,운동,T2 동의어,q_운동_07,헬스,문화·여가 중 '운동'을 판매·제공하는 매장,2f7484dc-68da-481a-b7bf-fd027e058cf6,헬스킹 PT 헬스,헬스시설,매탄중심상가 골목형상점가,골목형상점가,경기도,3.0,3.0,,,RESOLVED_AGREEMENT,False,3,,,,
c44aa663e5450f394a4f,val,운동,T2 동의어,q_운동_07,헬스,문화·여가 중 '운동'을 판매·제공하는 매장,3b91fb89-d8c8-4514-be5d-6ee71c48bb85,프롬짐,헬스,주월1동봉선로 골목형상점가,골목형상점가,광주광역시,3.0,3.0,,,RESOLVED_AGREEMENT,False,3,,,,
fff49344311a7d845ec3,val,운동,T2 동의어,q_운동_07,헬스,문화·여가 중 '운동'을 판매·제공하는 매장,07d89ce7-de40-4795-a10b-414cc1e269ef,매곡 천부경 명상센터,"명상수련, 요가",매곡동 골목형상점가,골목형상점가,광주광역시,2.0,3.0,,,P2_GRADED_ONLY,True,,,,,
29f371f702cbcbec7ae6,val,운동,T2 동의어,q_운동_07,헬스,문화·여가 중 '운동'을 판매·제공하는 매장,00124602-ef4e-472c-91ee-de53b28d7530,화이트,의류,울산번개시장,전통시장,울산광역시,1.0,1.0,,,RESOLVED_AGREEMENT,False,1,,,,
ddcc9e300c90cc2cd450,val,운동,T2 동의어,q_운동_07,헬스,문화·여가 중 '운동'을 판매·제공하는 매장,328a1610-4d4f-4102-a5d8-6711b4741ecc,핏게이,헬스,신가동 골목형상점가,골목형상점가,광주광역시,3.0,3.0,,,RESOLVED_AGREEMENT,False,3,,,,
4fc870f329cf8abe8eea,val,운동,T2 동의어,q_운동_07,헬스,문화·여가 중 '운동'을 판매·제공하는 매장,16487cb2-f608-4373-948a-cfdc355d5dfd,카이로 헬스교실,헬스,선유로운골목형상점가,골목형상점가,서울특별시,3.0,3.0,,,RESOLVED_AGREEMENT,False,3,,,,
6b6ee7fa4d5d59d076ed,val,운동,T2 동의어,q_운동_07,헬스,문화·여가 중 '운동'을 판매·제공하는 매장,00158f51-4d3a-4ac0-9e38-b37552f5e097,지지배,의류,나주금빛상점가,자율상권구역,전라남도,1.0,1.0,,,RESOLVED_AGREEMENT,False,1,,,,
0771fe787611e52acf59,val,운동,T2 동의어,q_운동_07,헬스,문화·여가 중 '운동'을 판매·제공하는 매장,59f2746c-31a2-4dc2-8ae8-71f8f0f4f57f,빵빵해짐,헬스,이튼타워리버3차골목형상점가,골목형상점가,서울특별시,3.0,3.0,,,RESOLVED_AGREEMENT,False,3,,,,
514ecd3712185f54d849,val,운동,T2 동의어,q_운동_07,헬스,문화·여가 중 '운동'을 판매·제공하는 매장,06de0404-2630-4900-b09c-405825ed5212,평생헬스,헬스,화순중앙로골목형상점가,골목형상점가,전라남도,3.0,3.0,,,RESOLVED_AGREEMENT,False,3,,,,
0c3f6925b5fdf9185b43,val,운동,T2 동의어,q_운동_07,헬스,문화·여가 중 '운동'을 판매·제공하는 매장,003adf4b-eb63-4fd3-92d3-e139c6f1c22d,새롬필라테스,필라테스,새롬동 골목형상점가,골목형상점가,세종특별자치시,2.0,3.0,,,P2_GRADED_ONLY,True,,,,,
d2fdd4e8c1771b01db42,val,운동,T2 동의어,q_운동_07,헬스,문화·여가 중 '운동'을 판매·제공하는 매장,439c73ac-5c35-40aa-ac90-ece71c1f144a,다짐,헬스,아름드리 골목형상점가,골목형상점가,세종특별자치시,3.0,3.0,,,RESOLVED_AGREEMENT,False,3,,,,
90b4021f09082c0048f2,val,운동,T2 동의어,q_운동_07,헬스,문화·여가 중 '운동'을 판매·제공하는 매장,0041f699-c619-48b9-b3a9-814af9905c66,GB트레이닝센터,운동,일곡동(제5지역:제1근린공원 건너편),골목형상점가,광주광역시,2.0,3.0,,,P2_GRADED_ONLY,True,,,,,
1b45c53973ed8b184947,val,운동,T2 동의어,q_운동_07,헬스,문화·여가 중 '운동'을 판매·제공하는 매장,b74064aa-3a00-496f-9115-98a70be076ac,정자활어직판장A14호,활어도소매,정자활어직매장상점가,자율상권구역,울산광역시,0.0,0.0,,,RESOLVED_AGREEMENT,False,0,,,,
1c6903c14077fc93e755,val,운동,T2 동의어,q_운동_07,헬스,문화·여가 중 '운동'을 판매·제공하는 매장,48ec2024-ee31-4ae0-bb8f-2126c5bfaa61,하다피트니스,피트니스,과천새서울프라자시장,전통시장,경기도,3.0,3.0,,,RESOLVED_AGREEMENT,False,3,,,,
9cfc9c8ba3415475062e,val,운동,T2 동의어,q_운동_07,헬스,문화·여가 중 '운동'을 판매·제공하는 매장,09815d92-d0f0-4c87-b4fa-1194f86c53c0,유성프로스펙스,"스포츠의류, 용품",장대동패션상가 골목형상점가,골목형상점가,대전광역시,2.0,1.0,,,P1_BINARY_THRESHOLD,True,,,,,
13b7e33f65d9246d6df6,val,운동,T2 동의어,q_운동_07,헬스,문화·여가 중 '운동'을 판매·제공하는 매장,00c4a045-8aa5-4995-8313-806b7fcab6ff,남스짐천왕점 헬스PT,,천왕마을 골목형상점가,골목형상점가,서울특별시,3.0,3.0,,,RESOLVED_AGREEMENT,False,3,,,,
974df06c98fd0a94f232,val,운동,T2 동의어,q_운동_07,헬스,문화·여가 중 '운동'을 판매·제공하는 매장,18583b1a-4612-4620-86f8-2e42374260b0,텐진야끼니꾸 나주혁신점,음식물,나주혁신도시 골목형상점가,골목형상점가,전라남도,0.0,0.0,,,RESOLVED_AGREEMENT,False,0,,,,
8886b8ccb65ea37daaab,val,운동,T2 동의어,q_운동_07,헬스,문화·여가 중 '운동'을 판매·제공하는 매장,c160e5df-1a76-413b-9d4c-9261796f347c,그릿PT,헬스,구일로 골목형상점가,골목형상점가,서울특별시,3.0,3.0,,,RESOLVED_AGREEMENT,False,3,,,,
35f5416fb4b440ea5dc4,val,운동,T2 동의어,q_운동_07,헬스,문화·여가 중 '운동'을 판매·제공하는 매장,41f362f9-a7e4-4811-b790-961feb5d4250,YB휘트니스,헬스,쌍촌로상인회 골목형상점가,골목형상점가,광주광역시,3.0,3.0,,,RESOLVED_AGREEMENT,False,3,,,,
b037b62d49e3f0d17afc,val,운동,T2 동의어,q_운동_07,헬스,문화·여가 중 '운동'을 판매·제공하는 매장,00172c94-61f0-4197-afeb-d7e8187c79b5,옷이예쁘다,의류,메트로센터(반월당지하쇼핑),일반지하상점가,대구광역시,1.0,1.0,,,RESOLVED_AGREEMENT,False,1,,,,
101588a70f7572a811dd,val,운동,T2 동의어,q_운동_07,헬스,문화·여가 중 '운동'을 판매·제공하는 매장,ee94c325-c2ad-4dc1-ab31-c0a63bdfde66,조짐 헬스 PT,헬스,용산지구 골목형상점가,골목형상점가,광주광역시,3.0,3.0,,,RESOLVED_AGREEMENT,False,3,,,,
c132fae43e6843fb3e1a,val,운동,T2 동의어,q_운동_07,헬스,문화·여가 중 '운동'을 판매·제공하는 매장,f25181de-4757-4b1d-8aba-acb7f3d507a0,wavegym 헬스&PT,헬스,송촌동상점가,자율상권구역,대전광역시,3.0,3.0,,,RESOLVED_AGREEMENT,False,3,,,,
005830e7e658e85a5881,val,운동,T2 동의어,q_운동_07,헬스,문화·여가 중 '운동'을 판매·제공하는 매장,06f75bcb-8c04-46f9-9315-b56a3f1d7a63,스윙&플라멩고,운동복,대현프리몰 대구점,일반지하상점가,대구광역시,2.0,3.0,,,P2_GRADED_ONLY,True,,,,,
69482b148e98426a0559,val,운동,T2 동의어,q_운동_07,헬스,문화·여가 중 '운동'을 판매·제공하는 매장,14ffe4b2-bd20-4f16-b1dc-dd39c7d48648,바디플러스 헬스,헬스,진잠 골목형상점가,골목형상점가,대전광역시,3.0,3.0,,,RESOLVED_AGREEMENT,False,3,,,,
659bcff4e61e03d6cb9e,val,운동,T2 동의어,q_운동_07,헬스,문화·여가 중 '운동'을 판매·제공하는 매장,e96d211e-024b-4ae1-b65b-7f1228d8eb46,테크노헬스,헬스,대추골골목형상점가,골목형상점가,서울특별시,3.0,3.0,,,RESOLVED_AGREEMENT,False,3,,,,
ce84f6e1ce37656892cc,val,운동,T2 동의어,q_운동_07,헬스,문화·여가 중 '운동'을 판매·제공하는 매장,6be70817-c428-429d-a45b-8f916252ff6d,뉴던휘트니스,헬스,신용동 골목형상점가,골목형상점가,광주광역시,3.0,3.0,,,RESOLVED_AGREEMENT,False,3,,,,
36410d973e3f611c126b,val,운동,T2 동의어,q_운동_07,헬스,문화·여가 중 '운동'을 판매·제공하는 매장,bc522304-684b-4362-ab04-08be5b99adb6,미앤강,헬스,오월첫동네 골목형상점가,골목형상점가,광주광역시,3.0,3.0,,,RESOLVED_AGREEMENT,False,3,,,,
1c63ebc23351bf281e2c,val,운동,T2 동의어,q_운동_07,헬스,문화·여가 중 '운동'을 판매·제공하는 매장,dbdbb7e1-cdff-42fe-bd89-af4d8c22be0b,문재엄 헬스,헬스,어은누리 골목형상점가,골목형상점가,대전광역시,3.0,3.0,,,RESOLVED_AGREEMENT,False,3,,,,
4cb0cc785c65b7231e4b,val,운동,T2 동의어,q_운동_07,헬스,문화·여가 중 '운동'을 판매·제공하는 매장,f2f4ad43-92e5-43ee-83f3-184db9825843,리턴투핏,헬스,성덕중사거리,골목형상점가,광주광역시,3.0,3.0,,,RESOLVED_AGREEMENT,False,3,,,,
e6a9f92f90329594ff50,val,운동,T2 동의어,q_운동_07,헬스,문화·여가 중 '운동'을 판매·제공하는 매장,8b575c45-3054-4978-96a5-06428f1ba1a9,베델짐,헬스,한솔센터 골목형상점가,골목형상점가,세종특별자치시,3.0,3.0,,,RESOLVED_AGREEMENT,False,3,,,,
68f0fb12002cc8d711ed,val,운동,T2 동의어,q_운동_07,헬스,문화·여가 중 '운동'을 판매·제공하는 매장,d74c83e3-5da2-4b1b-8707-21e8bcfd0dce,최육관,헬스,첨단강변로 골목형상점가,골목형상점가,광주광역시,3.0,3.0,,,RESOLVED_AGREEMENT,False,3,,,,
9afadc0dc1ccac782a6e,val,운동,T2 동의어,q_운동_07,헬스,문화·여가 중 '운동'을 판매·제공하는 매장,ccb94eae-2e5a-4dc6-8831-926edacab9ca,패러다임짐,헬스,서재소상공인연합회,골목형상점가,대구광역시,3.0,3.0,,,RESOLVED_AGREEMENT,False,3,,,,
f619e530fd8d4beff327,val,운동,T2 동의어,q_운동_07,헬스,문화·여가 중 '운동'을 판매·제공하는 매장,00054f1d-4cae-4345-9975-1423bc49e4dc,착한아이들,의류,중앙전통시장,전통시장,울산광역시,1.0,1.0,,,RESOLVED_AGREEMENT,False,1,,,,
7335fd67cc34c2291103,val,운동,T2 동의어,q_운동_07,헬스,문화·여가 중 '운동'을 판매·제공하는 매장,2ab950bb-d70f-4617-a1a2-df5a0c791689,애플 피트니스 헬스&PT,헬스,평창동 골목형상점가,골목형상점가,서울특별시,3.0,3.0,,,RESOLVED_AGREEMENT,False,3,,,,
9fd2ebbe0507a02d665a,val,운동,T2 동의어,q_운동_07,헬스,문화·여가 중 '운동'을 판매·제공하는 매장,0214eb76-f204-4d4f-9645-f0444d2c5f33,베이글짐,헬스장,도담동 골목형상점가,골목형상점가,세종특별자치시,3.0,3.0,,,RESOLVED_AGREEMENT,False,3,,,,
bb6952ae60600bc723f7,val,운동,T2 동의어,q_운동_07,헬스,문화·여가 중 '운동'을 판매·제공하는 매장,35f62c74-3304-4a6c-a21f-28b253239019,하이무브 피트니스,피트니스 센터,산본로데오거리(구 산본중심상가),자율상권구역,경기도,3.0,3.0,,,RESOLVED_AGREEMENT,False,3,,,,
ad957fa6800928f3085b,val,운동,T2 동의어,q_운동_07,헬스,문화·여가 중 '운동'을 판매·제공하는 매장,020180c1-e676-4f99-84db-9b56504222f2,아름드리 필라테스&PT,필라테스요가바레필라테스,아름드리 골목형상점가,골목형상점가,세종특별자치시,2.0,3.0,,,P2_GRADED_ONLY,True,,,,,
f7460cf76b75dc7f4dc3,val,운동,T2 동의어,q_운동_07,헬스,문화·여가 중 '운동'을 판매·제공하는 매장,d59280ec-2f49-432e-8093-c84fb3bbda4a,진스토리,청바지,중앙로 동문 상점가 골목형상점가,골목형상점가,경상북도,0.0,0.0,,,RESOLVED_AGREEMENT,False,0,,,,
58dd84b647c4ef354a4f,val,운동,T2 동의어,q_운동_07,헬스,문화·여가 중 '운동'을 판매·제공하는 매장,5a793e75-a08d-44e9-ba4a-47b0208c748b,파프리카짐,헬스,목양마을 골목형상점가,골목형상점가,대전광역시,3.0,3.0,,,RESOLVED_AGREEMENT,False,3,,,,
94d13dbc39e7c9715e3e,val,운동,T2 동의어,q_운동_07,헬스,문화·여가 중 '운동'을 판매·제공하는 매장,08bf522e-2d12-4ba2-95aa-344e372f90d7,수지패션,운동용품,원조낙지골목상점가,자율상권구역,전라남도,2.0,3.0,,,P2_GRADED_ONLY,True,,,,,
92ca4ab79cd519a0d87f,val,운동,T2 동의어,q_운동_07,헬스,문화·여가 중 '운동'을 판매·제공하는 매장,af0be4e3-7515-4b1d-b830-d7d9a8213af3,정왕헬스,헬스장,정왕시장,전통시장,경기도,3.0,3.0,,,RESOLVED_AGREEMENT,False,3,,,,
32e92830641178bbd91b,val,운동,T2 동의어,q_운동_07,헬스,문화·여가 중 '운동'을 판매·제공하는 매장,a5647bf7-e937-49e2-99ce-026cee3ca1ed,15짐,헬스,연신내골목형상점가,골목형상점가,서울특별시,3.0,3.0,,,RESOLVED_AGREEMENT,False,3,,,,
1f3c627b94220d458fa9,val,운동,T2 동의어,q_운동_07,헬스,문화·여가 중 '운동'을 판매·제공하는 매장,00f8d2a4-8e38-485b-a09e-280a1aa0c326,라인엑스피티스튜디오,"헬스, PT",수지성복플러스 골목형상점가,골목형상점가,경기도,3.0,3.0,,,RESOLVED_AGREEMENT,False,3,,,,
ef770cecc9cd96bfef7a,val,운동,T2 동의어,q_운동_07,헬스,문화·여가 중 '운동'을 판매·제공하는 매장,a706ca3c-4041-4651-8009-65bc120c4283,팀엑스짐,헬스,내곡동골목형상점가,골목형상점가,강원특별자치도,3.0,3.0,,,RESOLVED_AGREEMENT,False,3,,,,
76ba4b93d64a4b1493c6,val,운동,T2 동의어,q_운동_07,헬스,문화·여가 중 '운동'을 판매·제공하는 매장,040428ab-1a04-452f-8b35-c7c3c993cad8,누아요가,요가,현대센트럴스퀘어,골목형상점가,경기도,2.0,3.0,,,P2_GRADED_ONLY,True,,,,,
48bd847ba498c7a97f84,val,운동,T2 동의어,q_운동_07,헬스,문화·여가 중 '운동'을 판매·제공하는 매장,21bfd845-8c16-4b67-809f-81a3833826c0,케이폴앤댄스,피트니스,남양역골로상점가,골목형상점가,경기도,3.0,3.0,,,RESOLVED_AGREEMENT,False,3,,,,
22d0b948a0e2b45b0e42,val,운동,T2 동의어,q_운동_07,헬스,문화·여가 중 '운동'을 판매·제공하는 매장,0066174b-64aa-428a-b8d6-f9bae4107429,크로스핏 엘리트짐,기능성운동,노은역 골목형상점가,골목형상점가,대전광역시,2.0,3.0,,,P2_GRADED_ONLY,True,,,,,
47674819cbce9ef92be8,val,운동,T2 동의어,q_운동_07,헬스,문화·여가 중 '운동'을 판매·제공하는 매장,52bf8fa1-b035-4175-a853-e487655ff9c8,세진헬스,헬스,지범골목먹거리타운 골목형상점가,골목형상점가,대구광역시,3.0,3.0,,,RESOLVED_AGREEMENT,False,3,,,,
86d7ca7ca7c138b3450b,val,운동,T2 동의어,q_운동_07,헬스,문화·여가 중 '운동'을 판매·제공하는 매장,07466d2d-51a2-4c17-8dcf-1af1bfb6f868,금강랜드로바 원주점,운동화가죽신발등산용품,원주중앙로문화의거리,자율상권구역,강원특별자치도,2.0,3.0,,,P2_GRADED_ONLY,True,,,,,
8cfaf15f10c7da4b9e6f,val,운동,T2 동의어,q_운동_07,헬스,문화·여가 중 '운동'을 판매·제공하는 매장,92d501dc-1bb1-44ef-92dd-74f769b8e769,밥엔김치,반찬,동천동먹자골목2번가상인회 골목형상점가,골목형상점가,광주광역시,0.0,0.0,,,RESOLVED_AGREEMENT,False,0,,,,
aa6970fb419c52919594,val,운동,T2 동의어,q_운동_07,헬스,문화·여가 중 '운동'을 판매·제공하는 매장,01a5e178-ba34-4e15-ac4d-07a398900593,가자점핑다이어트클럽,"점핑, 요가",문흥2동 골목형상점가,골목형상점가,광주광역시,2.0,3.0,,,P2_GRADED_ONLY,True,,,,,
ca68aa45fa9bec4a76b5,val,운동,T2 동의어,q_운동_07,헬스,문화·여가 중 '운동'을 판매·제공하는 매장,9e998694-e7a4-43c3-baef-9279d201f328,열정헬스,헬스,신용동 대성빌딩 골목형상점가,골목형상점가,광주광역시,3.0,3.0,,,RESOLVED_AGREEMENT,False,3,,,,
93fa95a99168201e967b,val,운동,T2 동의어,q_운동_07,헬스,문화·여가 중 '운동'을 판매·제공하는 매장,d9a483b3-ba11-41af-8485-3cf9f17c5770,다짐,헬스,수완나들목 골목형상점가,골목형상점가,광주광역시,3.0,3.0,,,RESOLVED_AGREEMENT,False,3,,,,
f2505793a33cdf9379f2,val,운동,T2 동의어,q_운동_07,헬스,문화·여가 중 '운동'을 판매·제공하는 매장,4fb963a2-ec5c-4e0d-a011-0dbc40952e5c,루포짐,헬스,운남골목 골목형상점가,골목형상점가,광주광역시,3.0,3.0,,,RESOLVED_AGREEMENT,False,3,,,,
6b673576eb4816ab628f,val,운동,T2 동의어,q_운동_07,헬스,문화·여가 중 '운동'을 판매·제공하는 매장,91f09dfa-d5e3-41da-aa6f-7c563b3488cb,서원유통,슈퍼,사상시장,전통시장,부산광역시,0.0,0.0,,,RESOLVED_AGREEMENT,False,0,,,,
eeb55d6108a0dcd87ebd,val,운동,T2 동의어,q_운동_07,헬스,문화·여가 중 '운동'을 판매·제공하는 매장,b3d9e3f9-924e-40d5-afc1-355224046aa4,바디펙토리,헬스,지족동 골목형상점가,골목형상점가,대전광역시,3.0,3.0,,,RESOLVED_AGREEMENT,False,3,,,,
fefc35fe33749f26ba24,val,운동,T2 동의어,q_운동_07,헬스,문화·여가 중 '운동'을 판매·제공하는 매장,5e99ffe9-d666-4eb4-a37b-69f0f9389ba8,짐버튼,헬스,빛가람 하나로 골목형상점가,골목형상점가,전라남도,3.0,3.0,,,RESOLVED_AGREEMENT,False,3,,,,
7df4ede0ecc8973571f4,val,운동,T2 동의어,q_운동_07,헬스,문화·여가 중 '운동'을 판매·제공하는 매장,08de408a-f260-4467-b375-768cbd50e14d,본소마메드짐 재활운동&PT,운동,용강동상점가,자율상권구역,서울특별시,2.0,3.0,,,P2_GRADED_ONLY,True,,,,,
b41a4e459523b3e660ec,val,운동,T2 동의어,q_운동_07,헬스,문화·여가 중 '운동'을 판매·제공하는 매장,f2f063ae-7072-4cb5-9b2b-3bf2574518ed,고운짐,헬스,"가락마을 1,2단지 골목형상점가(가락마을 1,2단지 상인회)",골목형상점가,세종특별자치시,3.0,3.0,,,RESOLVED_AGREEMENT,False,3,,,,
26a95b50037ae061caf4,val,운동,T3 개념확장,q_운동_08,스포츠용품,문화·여가 중 '운동'을 판매·제공하는 매장,008fbd3f-35b4-431f-8ba5-fc8bcfe4bf83,제이에스피트니스,헬스,동림1 골목형상점가,골목형상점가,광주광역시,2.0,3.0,,,P2_GRADED_ONLY,True,,,,,
8b94bbd637b2f8f5add3,val,운동,T3 개념확장,q_운동_08,스포츠용품,문화·여가 중 '운동'을 판매·제공하는 매장,01a5e178-ba34-4e15-ac4d-07a398900593,가자점핑다이어트클럽,"점핑, 요가",문흥2동 골목형상점가,골목형상점가,광주광역시,2.0,3.0,,,P2_GRADED_ONLY,True,,,,,
7d7a5fb44a6d5fa35e56,val,운동,T3 개념확장,q_운동_08,스포츠용품,문화·여가 중 '운동'을 판매·제공하는 매장,0214eb76-f204-4d4f-9645-f0444d2c5f33,베이글짐,헬스장,도담동 골목형상점가,골목형상점가,세종특별자치시,2.0,3.0,,,P2_GRADED_ONLY,True,,,,,
6b610798f1066683436a,val,운동,T3 개념확장,q_운동_08,스포츠용품,문화·여가 중 '운동'을 판매·제공하는 매장,08de408a-f260-4467-b375-768cbd50e14d,본소마메드짐 재활운동&PT,운동,용강동상점가,자율상권구역,서울특별시,2.0,3.0,,,P2_GRADED_ONLY,True,,,,,
efab79b2cdddbb3504fb,val,운동,T3 개념확장,q_운동_08,스포츠용품,문화·여가 중 '운동'을 판매·제공하는 매장,96f7dd76-3128-4d53-a233-217807d180a3,스매싱 스포츠,스포츠용품,부여도심 상권활성화구역,상권활성화구역,충청남도,3.0,3.0,,,RESOLVED_AGREEMENT,False,3,,,,
50be7598f555ed1de555,val,운동,T3 개념확장,q_운동_08,스포츠용품,문화·여가 중 '운동'을 판매·제공하는 매장,f90b7469-7130-48e7-8e8d-3f5ac8e48f9d,위니스포츠,스포츠용품,미사강변 골목형상점가,골목형상점가,경기도,3.0,3.0,,,RESOLVED_AGREEMENT,False,3,,,,
d53f6505458172237ab9,val,운동,T3 개념확장,q_운동_08,스포츠용품,문화·여가 중 '운동'을 판매·제공하는 매장,e20cf199-3fbf-43b9-aa40-e944977e7d8a,고촌스포츠,스포츠용품,고촌 먹거리타운 골목형상점가,골목형상점가,경기도,3.0,3.0,,,RESOLVED_AGREEMENT,False,3,,,,
e43400699f87e97ca070,val,운동,T3 개념확장,q_운동_08,스포츠용품,문화·여가 중 '운동'을 판매·제공하는 매장,e902254d-254a-4c7d-86c6-1c6be9aafeb9,슈마커,스포츠용품,안성명동거리 골목형상점가,골목형상점가,경기도,3.0,3.0,,,RESOLVED_AGREEMENT,False,3,,,,
8cc1488254f9ee229a01,val,운동,T3 개념확장,q_운동_08,스포츠용품,문화·여가 중 '운동'을 판매·제공하는 매장,07d89ce7-de40-4795-a10b-414cc1e269ef,매곡 천부경 명상센터,"명상수련, 요가",매곡동 골목형상점가,골목형상점가,광주광역시,2.0,3.0,,,P2_GRADED_ONLY,True,,,,,
80df7541f7a53f05aa72,val,운동,T3 개념확장,q_운동_08,스포츠용품,문화·여가 중 '운동'을 판매·제공하는 매장,003adf4b-eb63-4fd3-92d3-e139c6f1c22d,새롬필라테스,필라테스,새롬동 골목형상점가,골목형상점가,세종특별자치시,2.0,3.0,,,P2_GRADED_ONLY,True,,,,,
7f2b5d2ec43f5f00bab6,val,운동,T3 개념확장,q_운동_08,스포츠용품,문화·여가 중 '운동'을 판매·제공하는 매장,1bc3ebfc-85c0-47f1-b916-5127f98e217d,다림,스포츠용품,중앙전통시장,전통시장,울산광역시,3.0,3.0,,,RESOLVED_AGREEMENT,False,3,,,,
06d1351218a93fd04535,val,운동,T3 개념확장,q_운동_08,스포츠용품,문화·여가 중 '운동'을 판매·제공하는 매장,020180c1-e676-4f99-84db-9b56504222f2,아름드리 필라테스&PT,필라테스요가바레필라테스,아름드리 골목형상점가,골목형상점가,세종특별자치시,2.0,3.0,,,P2_GRADED_ONLY,True,,,,,
a59698685823c7b9b8b3,val,운동,T3 개념확장,q_운동_08,스포츠용품,문화·여가 중 '운동'을 판매·제공하는 매장,0080a859-c5d8-4b43-b14c-d5eb844118a0,헬스맨헬스걸,헬스장,비래동골목형상점가,골목형상점가,대전광역시,2.0,3.0,,,P2_GRADED_ONLY,True,,,,,
0726f1de0aa41383f01b,val,운동,T3 개념확장,q_운동_08,스포츠용품,문화·여가 중 '운동'을 판매·제공하는 매장,b16f9a66-8c3b-404c-8b32-cfab7f6cca01,싸커코리아,스포츠용품,덕이동메인타운상점가(구 덕이동로데오메인타운),자율상권구역,경기도,3.0,3.0,,,RESOLVED_AGREEMENT,False,3,,,,
24d33fe7371a4f3e7c7b,val,운동,T3 개념확장,q_운동_08,스포츠용품,문화·여가 중 '운동'을 판매·제공하는 매장,6e813aa9-6108-4dc3-b209-f5d62b5852a3,나라유통(스포츠),스포츠용품,문흥2동 골목형상점가,골목형상점가,광주광역시,3.0,3.0,,,RESOLVED_AGREEMENT,False,3,,,,
c843c54911145edb458e,val,운동,T3 개념확장,q_운동_08,스포츠용품,문화·여가 중 '운동'을 판매·제공하는 매장,fc420048-16a3-4583-ba34-9c5538d8fe2c,뉴월드스포츠,스포츠용품,창원코아상가,전통시장,경상남도,3.0,3.0,,,RESOLVED_AGREEMENT,False,3,,,,
28c87cc5e6b245a3e811,val,운동,T3 개념확장,q_운동_08,스포츠용품,문화·여가 중 '운동'을 판매·제공하는 매장,0fa3bcf9-c596-4454-9c45-9e43cd94d222,팬텀영주점,스포츠용품,영주문화시장,전통시장,경상북도,3.0,3.0,,,RESOLVED_AGREEMENT,False,3,,,,
ad84abebd7124a5a3b1e,val,운동,T3 개념확장,q_운동_08,스포츠용품,문화·여가 중 '운동'을 판매·제공하는 매장,07466d2d-51a2-4c17-8dcf-1af1bfb6f868,금강랜드로바 원주점,운동화가죽신발등산용품,원주중앙로문화의거리,자율상권구역,강원특별자치도,2.0,3.0,,,P2_GRADED_ONLY,True,,,,,
91787ea922cb74f97c13,val,운동,T3 개념확장,q_운동_08,스포츠용품,문화·여가 중 '운동'을 판매·제공하는 매장,dd95e827-6e7b-4f86-bc75-4af7749489c9,비스트로피자동서변점,피자,서변중앙시장,전통시장,대구광역시,0.0,0.0,,,RESOLVED_AGREEMENT,False,0,,,,
b1cd2d2a2e628124ab0d,val,운동,T3 개념확장,q_운동_08,스포츠용품,문화·여가 중 '운동'을 판매·제공하는 매장,ee527ace-5745-493a-8d84-40cec5316cd6,서진스포츠,스포츠용품,원주중앙로문화의거리,자율상권구역,강원특별자치도,3.0,3.0,,,RESOLVED_AGREEMENT,False,3,,,,
28c1207abca2b37af7ab,val,운동,T3 개념확장,q_운동_08,스포츠용품,문화·여가 중 '운동'을 판매·제공하는 매장,36f4d9e2-889a-4168-b518-51e2ddf773df,킴스휘트니스클리닉,피트니스,아름동상점가,자율상권구역,세종특별자치시,2.0,3.0,,,P2_GRADED_ONLY,True,,,,,
b4f725cbbfd303c8e457,val,운동,T3 개념확장,q_운동_08,스포츠용품,문화·여가 중 '운동'을 판매·제공하는 매장,08bf522e-2d12-4ba2-95aa-344e372f90d7,수지패션,운동용품,원조낙지골목상점가,자율상권구역,전라남도,3.0,3.0,,,RESOLVED_AGREEMENT,False,3,,,,
e247674dce80ca5086d0,val,운동,T3 개념확장,q_운동_08,스포츠용품,문화·여가 중 '운동'을 판매·제공하는 매장,7f136bc9-740f-4b52-9e09-cd1e98cf1291,수스포츠송파,스포츠용품,문정동로데오상점가,자율상권구역,서울특별시,3.0,3.0,,,RESOLVED_AGREEMENT,False,3,,,,
f963c4c2e713eac31206,val,운동,T3 개념확장,q_운동_08,스포츠용품,문화·여가 중 '운동'을 판매·제공하는 매장,3fea74bd-96bb-4392-801d-4f3e6681d41e,보드랍개,동물미용,인터메디타워 골목형상점가,골목형상점가,울산광역시,0.0,0.0,,,RESOLVED_AGREEMENT,False,0,,,,
9a8e5ab411e45840e7cb,val,운동,T3 개념확장,q_운동_08,스포츠용품,문화·여가 중 '운동'을 판매·제공하는 매장,00f8d2a4-8e38-485b-a09e-280a1aa0c326,라인엑스피티스튜디오,"헬스, PT",수지성복플러스 골목형상점가,골목형상점가,경기도,2.0,3.0,,,P2_GRADED_ONLY,True,,,,,
28e30e7bee878d7624e3,val,운동,T3 개념확장,q_운동_08,스포츠용품,문화·여가 중 '운동'을 판매·제공하는 매장,3806f008-aacc-43f1-9e05-92f4afe780d7,스포츠공간,스포츠용품 및 의류,화산로 골목형상점가,골목형상점가,광주광역시,3.0,3.0,,,RESOLVED_AGREEMENT,False,3,,,,
4860daa9900d8d2ba6c2,val,운동,T3 개념확장,q_운동_08,스포츠용품,문화·여가 중 '운동'을 판매·제공하는 매장,b8016b2e-05ab-40a7-8714-cc4ee6fe1e79,월드스포츠,스포츠용품,미사강변 골목형상점가,골목형상점가,경기도,3.0,3.0,,,RESOLVED_AGREEMENT,False,3,,,,
57dd03c54d4fe4ffc404,val,운동,T3 개념확장,q_운동_08,스포츠용품,문화·여가 중 '운동'을 판매·제공하는 매장,2678f2a2-fea0-484e-acff-26ad487b702f,이새,스포츠용품,서귀포중심상가번영회,자율상권구역,제주특별자치도,3.0,3.0,,,RESOLVED_AGREEMENT,False,3,,,,
dc05af7a65184ee7f750,val,운동,T3 개념확장,q_운동_08,스포츠용품,문화·여가 중 '운동'을 판매·제공하는 매장,9f96d5f5-02f7-48cf-972d-78202b8d8174,아랑스포츠,스포츠용품,양주옥정호수공원상점가,골목형상점가,경기도,3.0,3.0,,,RESOLVED_AGREEMENT,False,3,,,,
68e778553eadd4307b9e,val,운동,T3 개념확장,q_운동_08,스포츠용품,문화·여가 중 '운동'을 판매·제공하는 매장,00172c94-61f0-4197-afeb-d7e8187c79b5,옷이예쁘다,의류,메트로센터(반월당지하쇼핑),일반지하상점가,대구광역시,1.0,1.0,,,RESOLVED_AGREEMENT,False,1,,,,
37e1c2b991d4c04e6cb8,val,운동,T3 개념확장,q_운동_08,스포츠용품,문화·여가 중 '운동'을 판매·제공하는 매장,ba77eb76-3884-4157-b72e-eb92638fa53a,케이스포츠,스포츠용품,첨단리채 골목형상점가,골목형상점가,광주광역시,3.0,3.0,,,RESOLVED_AGREEMENT,False,3,,,,
fed284a43dd2fd8d574d,val,운동,T3 개념확장,q_운동_08,스포츠용품,문화·여가 중 '운동'을 판매·제공하는 매장,2ab7e9c2-690c-4778-a26c-b83c2a60a802,봄내스포츠,스포츠용품,문정동로데오상점가,자율상권구역,서울특별시,3.0,3.0,,,RESOLVED_AGREEMENT,False,3,,,,
1fdaa680640fd114e7fa,val,운동,T3 개념확장,q_운동_08,스포츠용품,문화·여가 중 '운동'을 판매·제공하는 매장,d0ee6d97-ccd6-49d4-8614-7fc97e2e1297,대왕통닭 선운점,치킨 기타안주류,선운 골목형상점가,골목형상점가,광주광역시,0.0,0.0,,,RESOLVED_AGREEMENT,False,0,,,,
40dcccab164daa451b21,val,운동,T3 개념확장,q_운동_08,스포츠용품,문화·여가 중 '운동'을 판매·제공하는 매장,b625c697-3a14-46cd-be21-353aac6d78d8,에스헤어,미용실,동화동골목형상가,골목형상점가,서울특별시,0.0,0.0,,,RESOLVED_AGREEMENT,False,0,,,,
3416280d0091b6896443,val,운동,T3 개념확장,q_운동_08,스포츠용품,문화·여가 중 '운동'을 판매·제공하는 매장,227ed8dd-cbae-4fc4-8693-c68b0f762c12,㈜두리콜렉션,스포츠용품,문정동로데오상점가,자율상권구역,서울특별시,3.0,3.0,,,RESOLVED_AGREEMENT,False,3,,,,
9b1127723800e0fea827,val,운동,T3 개념확장,q_운동_08,스포츠용품,문화·여가 중 '운동'을 판매·제공하는 매장,2e29b8f7-12d9-4caa-8692-db3344c8eb66,MLB,스포츠용품,칠성로상점가,자율상권구역,제주특별자치도,3.0,3.0,,,RESOLVED_AGREEMENT,False,3,,,,
6e7775a596e4d5f1e384,val,운동,T3 개념확장,q_운동_08,스포츠용품,문화·여가 중 '운동'을 판매·제공하는 매장,09815d92-d0f0-4c87-b4fa-1194f86c53c0,유성프로스펙스,"스포츠의류, 용품",장대동패션상가 골목형상점가,골목형상점가,대전광역시,2.0,1.0,,,P1_BINARY_THRESHOLD,True,,,,,
4a6e040851fb8262b25b,val,운동,T3 개념확장,q_운동_08,스포츠용품,문화·여가 중 '운동'을 판매·제공하는 매장,0066174b-64aa-428a-b8d6-f9bae4107429,크로스핏 엘리트짐,기능성운동,노은역 골목형상점가,골목형상점가,대전광역시,2.0,3.0,,,P2_GRADED_ONLY,True,,,,,
b11b23ec1f84e30459ed,val,운동,T3 개념확장,q_운동_08,스포츠용품,문화·여가 중 '운동'을 판매·제공하는 매장,b8f74021-1044-4f0d-9242-98c4c0027572,영주스포츠,"스포츠용품, 스포츠",영주문화시장,전통시장,경상북도,3.0,3.0,,,RESOLVED_AGREEMENT,False,3,,,,
83eb044fcb3f6670ccd8,val,운동,T3 개념확장,q_운동_08,스포츠용품,문화·여가 중 '운동'을 판매·제공하는 매장,06a9d0d7-98d4-46de-ba60-78844e443b35,올나잇 피트니스 주식회사,피트니스,부평테마의거리 골목형 상점가,골목형상점가,인천광역시,2.0,3.0,,,P2_GRADED_ONLY,True,,,,,
f098a06e1bc278b23414,val,운동,T3 개념확장,q_운동_08,스포츠용품,문화·여가 중 '운동'을 판매·제공하는 매장,256b8a02-b632-4670-83e2-dc6ba87f77e7,미센스,스포츠용품,영주문화시장,전통시장,경상북도,3.0,3.0,,,RESOLVED_AGREEMENT,False,3,,,,
636197e1ba563f8f06a1,val,운동,T3 개념확장,q_운동_08,스포츠용품,문화·여가 중 '운동'을 판매·제공하는 매장,00a27d0e-2216-4ff5-94fe-7acd76db3da3,짐자반 헬스 PT 하남시청역점,"헬스장 회원권, 개인레슨",덕풍전통시장,전통시장,경기도,2.0,3.0,,,P2_GRADED_ONLY,True,,,,,
4591eafaf95e919793c9,val,운동,T3 개념확장,q_운동_08,스포츠용품,문화·여가 중 '운동'을 판매·제공하는 매장,018b2dd0-5613-482c-b714-e30dcfa584fd,씨엘 필라테스 안산고잔점,필라테스,도리섬상점가,자율상권구역,경기도,2.0,3.0,,,P2_GRADED_ONLY,True,,,,,
9a13309729d55817527f,val,운동,T3 개념확장,q_운동_08,스포츠용품,문화·여가 중 '운동'을 판매·제공하는 매장,1700431e-bf21-4088-bbbf-9342cbc870a6,주식회사 스포허브,스포츠용품,평택국제중앙시장,전통시장,경기도,3.0,3.0,,,RESOLVED_AGREEMENT,False,3,,,,
dd72fa050f907cc352bf,val,운동,T3 개념확장,q_운동_08,스포츠용품,문화·여가 중 '운동'을 판매·제공하는 매장,6d388a66-b0fd-41ee-ac0c-38c6e60a7105,영무sp,스포츠용품,백운브릿지 골목형상점가,골목형상점가,광주광역시,3.0,3.0,,,RESOLVED_AGREEMENT,False,3,,,,
8ff7afbb4f255c614e57,val,운동,T3 개념확장,q_운동_08,스포츠용품,문화·여가 중 '운동'을 판매·제공하는 매장,0041f699-c619-48b9-b3a9-814af9905c66,GB트레이닝센터,운동,일곡동(제5지역:제1근린공원 건너편),골목형상점가,광주광역시,2.0,3.0,,,P2_GRADED_ONLY,True,,,,,
0b87d344b7d35b794226,val,운동,T3 개념확장,q_운동_08,스포츠용품,문화·여가 중 '운동'을 판매·제공하는 매장,d30e5f92-beff-43f7-a38b-b6527c35252e,스포닥,스포츠용품,태평동 골목형상점가,골목형상점가,대전광역시,3.0,3.0,,,RESOLVED_AGREEMENT,False,3,,,,
948718e4c413741349d0,val,운동,T3 개념확장,q_운동_08,스포츠용품,문화·여가 중 '운동'을 판매·제공하는 매장,26b3149a-6366-4ba0-908c-76966e255e89,대광스포츠,스포츠용품,고성동벚꽃 골목형상점가,골목형상점가,대구광역시,3.0,3.0,,,RESOLVED_AGREEMENT,False,3,,,,
e0b80c484994bd425bff,val,운동,T3 개념확장,q_운동_08,스포츠용품,문화·여가 중 '운동'을 판매·제공하는 매장,00054f1d-4cae-4345-9975-1423bc49e4dc,착한아이들,의류,중앙전통시장,전통시장,울산광역시,1.0,1.0,,,RESOLVED_AGREEMENT,False,1,,,,
976508fecc37b6919b09,val,운동,T3 개념확장,q_운동_08,스포츠용품,문화·여가 중 '운동'을 판매·제공하는 매장,35f62c74-3304-4a6c-a21f-28b253239019,하이무브 피트니스,피트니스 센터,산본로데오거리(구 산본중심상가),자율상권구역,경기도,2.0,3.0,,,P2_GRADED_ONLY,True,,,,,
08f5d600d5b1446ed1f0,val,운동,T3 개념확장,q_운동_08,스포츠용품,문화·여가 중 '운동'을 판매·제공하는 매장,00124602-ef4e-472c-91ee-de53b28d7530,화이트,의류,울산번개시장,전통시장,울산광역시,1.0,1.0,,,RESOLVED_AGREEMENT,False,1,,,,
386d9a029cb89d80b469,val,운동,T3 개념확장,q_운동_08,스포츠용품,문화·여가 중 '운동'을 판매·제공하는 매장,a162908d-8fb3-481d-b15d-c694d513a064,리젤,"의류, 스포츠용품",원주미로예술중앙시장(원주중앙시장),전통시장,강원특별자치도,3.0,3.0,,,RESOLVED_AGREEMENT,False,3,,,,
318c3c3984a064b759e5,val,운동,T3 개념확장,q_운동_08,스포츠용품,문화·여가 중 '운동'을 판매·제공하는 매장,80c980bc-f307-437b-be01-f07dcc9a6dd4,올리비아로렌 전곡점,의류,전곡중앙상가 골목형상점가,골목형상점가,경기도,1.0,1.0,,,RESOLVED_AGREEMENT,False,1,,,,
f1e6f94391660196110f,val,운동,T3 개념확장,q_운동_08,스포츠용품,문화·여가 중 '운동'을 판매·제공하는 매장,261f2662-39aa-4a07-a70a-98bcec75c475,루키즘,스포츠용품,해남읍 원도심 상권활성화구역,상권활성화구역,전라남도,3.0,3.0,,,RESOLVED_AGREEMENT,False,3,,,,
d456130b25d19a56ff17,val,운동,T3 개념확장,q_운동_08,스포츠용품,문화·여가 중 '운동'을 판매·제공하는 매장,0a7de62f-b294-412c-b700-0642397eca30,다이나핏 김포장기점,"스포츠 의류, 용품",김포장기패션아울렛,골목형상점가,경기도,2.0,1.0,,,P1_BINARY_THRESHOLD,True,,,,,
ed54d37a32cd4ec1d7cd,val,운동,T3 개념확장,q_운동_08,스포츠용품,문화·여가 중 '운동'을 판매·제공하는 매장,209b4c6e-624a-4634-bd76-3568ee5ed6d4,버들PK스포츠,스포츠용품,산정상인회 골목형상점가,골목형상점가,광주광역시,3.0,3.0,,,RESOLVED_AGREEMENT,False,3,,,,
01df4135e97c2f94c3a7,val,운동,T3 개념확장,q_운동_08,스포츠용품,문화·여가 중 '운동'을 판매·제공하는 매장,10d57e21-79d2-4841-a6db-13c1c6341fa9,한빛스포츠,스포츠용품,한빛프라자 골목형상점가,골목형상점가,대전광역시,3.0,3.0,,,RESOLVED_AGREEMENT,False,3,,,,
10c80495233368d30339,val,운동,T3 개념확장,q_운동_08,스포츠용품,문화·여가 중 '운동'을 판매·제공하는 매장,00c4a045-8aa5-4995-8313-806b7fcab6ff,남스짐천왕점 헬스PT,,천왕마을 골목형상점가,골목형상점가,서울특별시,2.0,3.0,,,P2_GRADED_ONLY,True,,,,,
168ce5bb5306836faac9,val,운동,T3 개념확장,q_운동_08,스포츠용품,문화·여가 중 '운동'을 판매·제공하는 매장,000a92b3-0b5e-429e-af00-f86e3570e24b,클로버,의류,관문상가시장,전통시장,대구광역시,1.0,1.0,,,RESOLVED_AGREEMENT,False,1,,,,
ef4840a29435401c84c7,val,운동,T3 개념확장,q_운동_08,스포츠용품,문화·여가 중 '운동'을 판매·제공하는 매장,bfc26a00-ab47-41aa-acb1-9796b557d4d6,성화스포츠,스포츠용품,수성시장,전통시장,대구광역시,3.0,3.0,,,RESOLVED_AGREEMENT,False,3,,,,
fc0f8128303d8e82d0c4,val,운동,T3 개념확장,q_운동_08,스포츠용품,문화·여가 중 '운동'을 판매·제공하는 매장,a73e7286-2ab2-4e4b-8805-471698860e3f,박쌤스포츠,스포츠용품,부티크타운 골목형 상점가,골목형상점가,충청남도,3.0,3.0,,,RESOLVED_AGREEMENT,False,3,,,,
ca0ad39dcc7a2bd23850,val,운동,T3 개념확장,q_운동_08,스포츠용품,문화·여가 중 '운동'을 판매·제공하는 매장,e04fde99-18ba-451c-bb8f-60183afddb1c,인제스포츠,스포츠용품,인제시장,전통시장,강원특별자치도,3.0,3.0,,,RESOLVED_AGREEMENT,False,3,,,,
2fc57d6429aa6f2b2278,val,운동,T3 개념확장,q_운동_08,스포츠용품,문화·여가 중 '운동'을 판매·제공하는 매장,21bfd845-8c16-4b67-809f-81a3833826c0,케이폴앤댄스,피트니스,남양역골로상점가,골목형상점가,경기도,2.0,3.0,,,P2_GRADED_ONLY,True,,,,,
2c4c158ca07b30c7a20b,val,운동,T3 개념확장,q_운동_08,스포츠용품,문화·여가 중 '운동'을 판매·제공하는 매장,48ec2024-ee31-4ae0-bb8f-2126c5bfaa61,하다피트니스,피트니스,과천새서울프라자시장,전통시장,경기도,2.0,3.0,,,P2_GRADED_ONLY,True,,,,,
808ed8ed7e768eccccef,val,운동,T3 개념확장,q_운동_08,스포츠용품,문화·여가 중 '운동'을 판매·제공하는 매장,0e073a8e-5dad-4346-90d3-021013897a54,E.스포츠마트,스포츠용품,계림중앙필문로 골목형상점가,골목형상점가,광주광역시,3.0,3.0,,,RESOLVED_AGREEMENT,False,3,,,,
d826a0bb89760e283ae2,val,운동,T3 개념확장,q_운동_08,스포츠용품,문화·여가 중 '운동'을 판매·제공하는 매장,3b4fff70-66cd-44ef-b362-b85e22abd7ee,GS25화정광덕점,식품 공산품,화삼골상인회 골목형상점가,골목형상점가,광주광역시,0.0,0.0,,,RESOLVED_AGREEMENT,False,0,,,,
234564f6d81dcb9a22ba,val,운동,T3 개념확장,q_운동_08,스포츠용품,문화·여가 중 '운동'을 판매·제공하는 매장,f6ebf1bf-8242-4b79-a212-1ad8ee850f94,빅 스 포츠,스포츠용품,중앙1로 천변교 골목형상점가,골목형상점가,전라남도,3.0,3.0,,,RESOLVED_AGREEMENT,False,3,,,,
622c800504b5942368aa,val,운동,T3 개념확장,q_운동_08,스포츠용품,문화·여가 중 '운동'을 판매·제공하는 매장,16a3c42a-6692-4da4-b55c-1e0b01507d1d,국영스포츠,스포츠용품,문우초 골목형상점가,골목형상점가,광주광역시,3.0,3.0,,,RESOLVED_AGREEMENT,False,3,,,,
7a82aac49dd8eadacff7,val,운동,T3 개념확장,q_운동_08,스포츠용품,문화·여가 중 '운동'을 판매·제공하는 매장,033d99e2-0579-45d7-9d48-d999b90dd98a,M필라테스&요가,"필라테스, 요가",조종시장,전통시장,경기도,2.0,3.0,,,P2_GRADED_ONLY,True,,,,,
4a537994a32b3130bea4,val,운동,T3 개념확장,q_운동_08,스포츠용품,문화·여가 중 '운동'을 판매·제공하는 매장,72e8f102-47d3-4de8-9a41-d7878f4b0345,진심스포츠,스포츠용품,수완하나로 골목형상점가,골목형상점가,광주광역시,3.0,3.0,,,RESOLVED_AGREEMENT,False,3,,,,
3dfc6cd81edd1beb3c13,val,운동,T3 개념확장,q_운동_08,스포츠용품,문화·여가 중 '운동'을 판매·제공하는 매장,f34d0f53-15fe-4f05-a621-282eb25512a4,행복스포츠,스포츠용품,금암동 골목형상점가,골목형상점가,충청남도,3.0,3.0,,,RESOLVED_AGREEMENT,False,3,,,,
88e8ac7846a8fb7d45fc,val,운동,T3 개념확장,q_운동_08,스포츠용품,문화·여가 중 '운동'을 판매·제공하는 매장,9a7d2df6-565d-4c3c-8069-3f5307e79b2e,핸드워크,스포츠용품,전남대후문골목형상점가,골목형상점가,광주광역시,3.0,3.0,,,RESOLVED_AGREEMENT,False,3,,,,
e62cfb63c7281da4304b,val,운동,T3 개념확장,q_운동_08,스포츠용품,문화·여가 중 '운동'을 판매·제공하는 매장,b7757e31-801b-45b6-b26c-59cd212cd6d8,성진스포츠,스포츠용품,진주 중앙시장,전통시장,경상남도,3.0,3.0,,,RESOLVED_AGREEMENT,False,3,,,,
e613453d88fd5a2fc415,val,운동,T3 개념확장,q_운동_08,스포츠용품,문화·여가 중 '운동'을 판매·제공하는 매장,6a13f31b-8790-4150-ad53-dac4302021d8,조캠프,스포츠용품,문정동로데오상점가,자율상권구역,서울특별시,3.0,3.0,,,RESOLVED_AGREEMENT,False,3,,,,
77da55b7b5b5c1b7312e,val,운동,T3 개념확장,q_운동_08,스포츠용품,문화·여가 중 '운동'을 판매·제공하는 매장,00158f51-4d3a-4ac0-9e38-b37552f5e097,지지배,의류,나주금빛상점가,자율상권구역,전라남도,1.0,1.0,,,RESOLVED_AGREEMENT,False,1,,,,
d271f7eb721576117cae,val,운동,T3 개념확장,q_운동_08,스포츠용품,문화·여가 중 '운동'을 판매·제공하는 매장,040428ab-1a04-452f-8b35-c7c3c993cad8,누아요가,요가,현대센트럴스퀘어,골목형상점가,경기도,2.0,3.0,,,P2_GRADED_ONLY,True,,,,,
f429e761b9fd0eeedff4,val,운동,T3 개념확장,q_운동_08,스포츠용품,문화·여가 중 '운동'을 판매·제공하는 매장,06f75bcb-8c04-46f9-9315-b56a3f1d7a63,스윙&플라멩고,운동복,대현프리몰 대구점,일반지하상점가,대구광역시,2.0,3.0,,,P2_GRADED_ONLY,True,,,,,
9108d7e3aabbbf45ae7d,val,운동,T3 개념확장,q_운동_08,스포츠용품,문화·여가 중 '운동'을 판매·제공하는 매장,bfa079c8-2a3b-4361-ae44-5f37e7036af5,㈜스포츠미디어,스포츠용품,포항중앙상가,전통시장,경상북도,3.0,3.0,,,RESOLVED_AGREEMENT,False,3,,,,
f473953dcc8c6cb0a4f0,val,운동,T3 개념확장,q_운동_08,스포츠용품,문화·여가 중 '운동'을 판매·제공하는 매장,a2c59254-cb95-4b4f-870a-abf4ae06da41,수스,스포츠용품 및 의류,서귀포중심상가번영회,자율상권구역,제주특별자치도,3.0,3.0,,,RESOLVED_AGREEMENT,False,3,,,,
69c080a886b353a157f3,val,운동,T3 개념확장,q_운동_08,스포츠용품,문화·여가 중 '운동'을 판매·제공하는 매장,0fc31936-3ec5-4ee2-ab22-866e2b4db334,바비권헤어,일반미용,노은역 골목형상점가,골목형상점가,대전광역시,0.0,0.0,,,RESOLVED_AGREEMENT,False,0,,,,
fb1326692cd8b90f8cc1,val,운동,T3 개념확장,q_운동_08,스포츠용품,문화·여가 중 '운동'을 판매·제공하는 매장,b7be3959-3499-412b-acf6-76e3470e5b96,숲속나무,의류 스포츠용품,원주자유시장,전통시장,강원특별자치도,3.0,3.0,,,RESOLVED_AGREEMENT,False,3,,,,
23cb34c89a10afe81d05,val,운동,T3 개념확장,q_운동_08,스포츠용품,문화·여가 중 '운동'을 판매·제공하는 매장,1f249f1f-3d3a-40c1-a457-ceaad8dd7ebf,미래스포츠,스포츠용품,마재상인회 골목형상점가,골목형상점가,광주광역시,3.0,3.0,,,RESOLVED_AGREEMENT,False,3,,,,
bed54640548e1087b669,val,운동,T3 개념확장,q_운동_08,스포츠용품,문화·여가 중 '운동'을 판매·제공하는 매장,64254836-01f7-4c65-a872-580b350ee3d4,톰보이,외의 스포츠용품,전주원도심 골목형상점가,골목형상점가,전북특별자치도,3.0,3.0,,,RESOLVED_AGREEMENT,False,3,,,,
392c061e3c201190ab93,val,운동,T3 개념확장,q_운동_08,스포츠용품,문화·여가 중 '운동'을 판매·제공하는 매장,32b8c87e-f0b1-4f2c-bb9e-706de9acf524,민턴점빵,스포츠용품,첨단이웃사랑 골목형상점가,골목형상점가,광주광역시,3.0,3.0,,,RESOLVED_AGREEMENT,False,3,,,,
27a4c30ff398288a7504,val,운동,T3 개념확장,q_운동_08,스포츠용품,문화·여가 중 '운동'을 판매·제공하는 매장,0151b1ea-e648-438b-83b0-efcf6f387e9b,크로스핏 터,운동 서비스,열매 골목형상점가,골목형상점가,대전광역시,2.0,3.0,,,P2_GRADED_ONLY,True,,,,,
b82a691c03fafb032a72,val,운동,T3 개념확장,q_운동_08,스포츠용품,문화·여가 중 '운동'을 판매·제공하는 매장,4225d011-941c-40f6-a84f-dddcb91e5802,마코스포츠,스포츠용품,영주문화시장,전통시장,경상북도,3.0,3.0,,,RESOLVED_AGREEMENT,False,3,,,,
501866a62e2d8f15d948,val,운동,T3 개념확장,q_운동_08,스포츠용품,문화·여가 중 '운동'을 판매·제공하는 매장,a05a1bf0-e94d-4e35-845c-d3b98cd0761c,YG스포츠,스포츠용품,한글거리 상점가상인회,자율상권구역,세종특별자치시,3.0,3.0,,,RESOLVED_AGREEMENT,False,3,,,,
15b3206421523fe67e89,val,운동,T3 개념확장,q_운동_08,스포츠용품,문화·여가 중 '운동'을 판매·제공하는 매장,8f9ecddc-4802-4ebd-b932-497ab4fbbdaf,와일로,스포츠용품,여수진남상가,자율상권구역,전라남도,3.0,3.0,,,RESOLVED_AGREEMENT,False,3,,,,
9cd19872f4cc044413be,val,운동,T3 개념확장,q_운동_08,스포츠용품,문화·여가 중 '운동'을 판매·제공하는 매장,9758246b-5652-40fd-be9b-44949f59fdba,디즈니,스포츠용품,서면지하도상가 부전몰,일반지하상점가,부산광역시,3.0,3.0,,,RESOLVED_AGREEMENT,False,3,,,,
3051672c5ec11583a27c,val,운동,T3 개념확장,q_운동_08,스포츠용품,문화·여가 중 '운동'을 판매·제공하는 매장,77f50ed1-52bd-496c-8291-0026f5a2899e,행복스포츠,스포츠용품,나성동 골목형상점가,골목형상점가,세종특별자치시,3.0,3.0,,,RESOLVED_AGREEMENT,False,3,,,,
4bc8c03954b96b7f8265,val,운동,T3 개념확장,q_운동_08,스포츠용품,문화·여가 중 '운동'을 판매·제공하는 매장,00a3eb8f-b86a-4b8c-933c-ffaee551fdba,신시아 필라테스,필라테스 센터,겸재한신길 골목형상점가,골목형상점가,서울특별시,2.0,3.0,,,P2_GRADED_ONLY,True,,,,,
9617e3ef90b90732eeed,val,운동,T3 개념확장,q_운동_08,스포츠용품,문화·여가 중 '운동'을 판매·제공하는 매장,e49c7777-163d-4a91-a454-f7c521856fcf,우리스포츠,스포츠용품,첨단리채 골목형상점가,골목형상점가,광주광역시,3.0,3.0,,,RESOLVED_AGREEMENT,False,3,,,,
26f0e7f4d03f9ecb1a55,val,운동,T3 개념확장,q_운동_08,스포츠용품,문화·여가 중 '운동'을 판매·제공하는 매장,be5b00c0-4fd2-45be-8330-ad3d11e65c25,㈜스포츠컬쳐미디어,스포츠용품,포항중앙상가,전통시장,경상북도,3.0,3.0,,,RESOLVED_AGREEMENT,False,3,,,,
8b6cbea4efa996d91ac4,val,운동,T3 개념확장,q_운동_08,스포츠용품,문화·여가 중 '운동'을 판매·제공하는 매장,41469a27-7ea4-4358-9841-7eb3b52c4ba3,대구상회,참기름,수정전통시장,전통시장,부산광역시,0.0,0.0,,,RESOLVED_AGREEMENT,False,0,,,,
f6f1391a851b9699f0d4,val,운동,T3 개념확장,q_운동_08,스포츠용품,문화·여가 중 '운동'을 판매·제공하는 매장,628ebd6b-a10d-4409-ae30-48f7c8378e62,선경스포츠,스포츠용품,양산 덕계종합상설시장,전통시장,경상남도,3.0,3.0,,,RESOLVED_AGREEMENT,False,3,,,,
9cdc0b1383fe84b9ab8d,val,운동,T4 구어·문장,q_운동_09,운동용품 살 데,문화·여가 중 '운동'을 판매·제공하는 매장,00a27d0e-2216-4ff5-94fe-7acd76db3da3,짐자반 헬스 PT 하남시청역점,"헬스장 회원권, 개인레슨",덕풍전통시장,전통시장,경기도,2.0,3.0,,,P2_GRADED_ONLY,True,,,,,
ac0d85109e9e04090e10,val,운동,T4 구어·문장,q_운동_09,운동용품 살 데,문화·여가 중 '운동'을 판매·제공하는 매장,8afdfe70-7df4-4162-91a6-c4f60d9813f5,아델요가 스튜디오,운동용품,평촌1번가 상점가,자율상권구역,경기도,3.0,3.0,,,RESOLVED_AGREEMENT,False,3,,,,
ca70b2579182dfad32c6,val,운동,T4 구어·문장,q_운동_09,운동용품 살 데,문화·여가 중 '운동'을 판매·제공하는 매장,084ab288-28e4-497b-b66a-337970bf37b5,마뗑킴하고하우스제주점,의류 잡화 운동용품,제주시 원도심 상권활성화,,제주특별자치도,3.0,3.0,,,RESOLVED_AGREEMENT,False,3,,,,
a912d29489f4658c8325,val,운동,T4 구어·문장,q_운동_09,운동용품 살 데,문화·여가 중 '운동'을 판매·제공하는 매장,745151de-fbf7-40bb-8172-4e8bc00534ee,여성크로커다일,의류 운동용품,서부시장상점가(서부시장 통합),전통시장,전북특별자치도,3.0,3.0,,,RESOLVED_AGREEMENT,False,3,,,,
842d5ed1d8b574cc24fd,val,운동,T4 구어·문장,q_운동_09,운동용품 살 데,문화·여가 중 '운동'을 판매·제공하는 매장,841f1407-7f1e-488e-9a43-ecf4cf0b0992,은석치과,치과의원,대남마주길 골목형상점가,골목형상점가,광주광역시,0.0,0.0,,,RESOLVED_AGREEMENT,False,0,,,,
5a2637ec1a9e301b0dcf,val,운동,T4 구어·문장,q_운동_09,운동용품 살 데,문화·여가 중 '운동'을 판매·제공하는 매장,0066174b-64aa-428a-b8d6-f9bae4107429,크로스핏 엘리트짐,기능성운동,노은역 골목형상점가,골목형상점가,대전광역시,2.0,3.0,,,P2_GRADED_ONLY,True,,,,,
9d2e22b1bd413ccbc6a5,val,운동,T4 구어·문장,q_운동_09,운동용품 살 데,문화·여가 중 '운동'을 판매·제공하는 매장,020180c1-e676-4f99-84db-9b56504222f2,아름드리 필라테스&PT,필라테스요가바레필라테스,아름드리 골목형상점가,골목형상점가,세종특별자치시,2.0,3.0,,,P2_GRADED_ONLY,True,,,,,
33500da7552eefe9c321,val,운동,T4 구어·문장,q_운동_09,운동용품 살 데,문화·여가 중 '운동'을 판매·제공하는 매장,040428ab-1a04-452f-8b35-c7c3c993cad8,누아요가,요가,현대센트럴스퀘어,골목형상점가,경기도,2.0,3.0,,,P2_GRADED_ONLY,True,,,,,
166a7f90e56cdaeccb92,val,운동,T4 구어·문장,q_운동_09,운동용품 살 데,문화·여가 중 '운동'을 판매·제공하는 매장,5511b0ed-55b9-4e8f-9df8-4898979e9fe0,청년피자,피자,사직시장,전통시장,부산광역시,0.0,0.0,,,RESOLVED_AGREEMENT,False,0,,,,
0302a9f07301f70c40fc,val,운동,T4 구어·문장,q_운동_09,운동용품 살 데,문화·여가 중 '운동'을 판매·제공하는 매장,5d9bcfe8-1e87-4ad3-9cfe-23c331aa24d9,더존필라테스,필라테스 운동용품,중동사랑시장,전통시장,경기도,3.0,3.0,,,RESOLVED_AGREEMENT,False,3,,,,
b3e3b7aec8beb56da40d,val,운동,T4 구어·문장,q_운동_09,운동용품 살 데,문화·여가 중 '운동'을 판매·제공하는 매장,00f8d2a4-8e38-485b-a09e-280a1aa0c326,라인엑스피티스튜디오,"헬스, PT",수지성복플러스 골목형상점가,골목형상점가,경기도,2.0,3.0,,,P2_GRADED_ONLY,True,,,,,
2a48433a4309af6bb0a8,val,운동,T4 구어·문장,q_운동_09,운동용품 살 데,문화·여가 중 '운동'을 판매·제공하는 매장,1e7ac8dd-db79-43bf-9d65-ec10f5cba996,S마켓원주,"등산장비, 운동용품",원주중앙로문화의거리,자율상권구역,강원특별자치도,3.0,3.0,,,RESOLVED_AGREEMENT,False,3,,,,
216d61bf8a46218c1877,val,운동,T4 구어·문장,q_운동_09,운동용품 살 데,문화·여가 중 '운동'을 판매·제공하는 매장,7a6e35db-4293-47bd-a381-1914b5d8e552,"삼일체육사, 비트로농성점",운동용품,서구청먹자골목상인회 골목형상점가,골목형상점가,광주광역시,3.0,3.0,,,RESOLVED_AGREEMENT,False,3,,,,
d55cc83de3c0526d5a18,val,운동,T4 구어·문장,q_운동_09,운동용품 살 데,문화·여가 중 '운동'을 판매·제공하는 매장,08bf522e-2d12-4ba2-95aa-344e372f90d7,수지패션,운동용품,원조낙지골목상점가,자율상권구역,전라남도,3.0,3.0,,,RESOLVED_AGREEMENT,False,3,,,,
a0b90b57c78e52d7f8b1,val,운동,T4 구어·문장,q_운동_09,운동용품 살 데,문화·여가 중 '운동'을 판매·제공하는 매장,000a92b3-0b5e-429e-af00-f86e3570e24b,클로버,의류,관문상가시장,전통시장,대구광역시,1.0,1.0,,,RESOLVED_AGREEMENT,False,1,,,,
be0b232bf2bb3386750c,val,운동,T4 구어·문장,q_운동_09,운동용품 살 데,문화·여가 중 '운동'을 판매·제공하는 매장,d566abd0-ce29-4298-83fa-4476c436f4f7,중앙레포츠,운동용품,고성동벚꽃 골목형상점가,골목형상점가,대구광역시,3.0,3.0,,,RESOLVED_AGREEMENT,False,3,,,,
eac09ed7a98db5c0c7ec,val,운동,T4 구어·문장,q_운동_09,운동용품 살 데,문화·여가 중 '운동'을 판매·제공하는 매장,09815d92-d0f0-4c87-b4fa-1194f86c53c0,유성프로스펙스,"스포츠의류, 용품",장대동패션상가 골목형상점가,골목형상점가,대전광역시,2.0,1.0,,,P1_BINARY_THRESHOLD,True,,,,,
ca6abb1855c89cec38c9,val,운동,T4 구어·문장,q_운동_09,운동용품 살 데,문화·여가 중 '운동'을 판매·제공하는 매장,35f62c74-3304-4a6c-a21f-28b253239019,하이무브 피트니스,피트니스 센터,산본로데오거리(구 산본중심상가),자율상권구역,경기도,2.0,3.0,,,P2_GRADED_ONLY,True,,,,,
763284e031bc00275dfb,val,운동,T4 구어·문장,q_운동_09,운동용품 살 데,문화·여가 중 '운동'을 판매·제공하는 매장,07d89ce7-de40-4795-a10b-414cc1e269ef,매곡 천부경 명상센터,"명상수련, 요가",매곡동 골목형상점가,골목형상점가,광주광역시,2.0,3.0,,,P2_GRADED_ONLY,True,,,,,
50706f1af25540e1ac41,val,운동,T4 구어·문장,q_운동_09,운동용품 살 데,문화·여가 중 '운동'을 판매·제공하는 매장,0041f699-c619-48b9-b3a9-814af9905c66,GB트레이닝센터,운동,일곡동(제5지역:제1근린공원 건너편),골목형상점가,광주광역시,2.0,3.0,,,P2_GRADED_ONLY,True,,,,,
3785e1b6d0ddfc392831,val,운동,T4 구어·문장,q_운동_09,운동용품 살 데,문화·여가 중 '운동'을 판매·제공하는 매장,e3dc5845-44c3-4396-98e8-01164cf2aa70,제이에스스포츠,운동용품 시설사용중개,전주중산공원 골목형상점가,골목형상점가,전북특별자치도,3.0,3.0,,,RESOLVED_AGREEMENT,False,3,,,,
7fe7592caf22cf1584dd,val,운동,T4 구어·문장,q_운동_09,운동용품 살 데,문화·여가 중 '운동'을 판매·제공하는 매장,0151b1ea-e648-438b-83b0-efcf6f387e9b,크로스핏 터,운동 서비스,열매 골목형상점가,골목형상점가,대전광역시,2.0,3.0,,,P2_GRADED_ONLY,True,,,,,
38174f04cdb7c1614cf3,val,운동,T4 구어·문장,q_운동_09,운동용품 살 데,문화·여가 중 '운동'을 판매·제공하는 매장,96d7e4fd-3193-47db-8c4d-8b82934020d0,전주요넥스,운동용품,숲정이 골목형상점가,골목형상점가,전북특별자치도,3.0,3.0,,,RESOLVED_AGREEMENT,False,3,,,,
e36784fb0c4b94596ea4,val,운동,T4 구어·문장,q_운동_09,운동용품 살 데,문화·여가 중 '운동'을 판매·제공하는 매장,08de408a-f260-4467-b375-768cbd50e14d,본소마메드짐 재활운동&PT,운동,용강동상점가,자율상권구역,서울특별시,2.0,3.0,,,P2_GRADED_ONLY,True,,,,,
a008e8ebf7a217e50558,val,운동,T4 구어·문장,q_운동_09,운동용품 살 데,문화·여가 중 '운동'을 판매·제공하는 매장,d00936ca-a02c-434b-a9f8-9c3f6f52d08c,가조운동구점,운동용품점,거창 가조상점가거리,골목형상점가,경상남도,3.0,3.0,,,RESOLVED_AGREEMENT,False,3,,,,
5c331b588c17eb706745,val,운동,T4 구어·문장,q_운동_09,운동용품 살 데,문화·여가 중 '운동'을 판매·제공하는 매장,1b4c8cb9-bcdb-45cb-ba0d-a415501b61ff,케이제이㈜,운동용품등,성안길상점가,자율상권구역,충청북도,3.0,3.0,,,RESOLVED_AGREEMENT,False,3,,,,
9a82ce3c439ecb6bf0b6,val,운동,T4 구어·문장,q_운동_09,운동용품 살 데,문화·여가 중 '운동'을 판매·제공하는 매장,0080a859-c5d8-4b43-b14c-d5eb844118a0,헬스맨헬스걸,헬스장,비래동골목형상점가,골목형상점가,대전광역시,2.0,3.0,,,P2_GRADED_ONLY,True,,,,,
7e198483bcdaba517f76,val,운동,T4 구어·문장,q_운동_09,운동용품 살 데,문화·여가 중 '운동'을 판매·제공하는 매장,915d9e53-c3a5-4747-af96-9e6889235229,공무원젓갈,젓갈 식품,곰소 골목형상점가,골목형상점가,전북특별자치도,0.0,0.0,,,RESOLVED_AGREEMENT,False,0,,,,
3e5fab14aa2a495f42bc,val,운동,T4 구어·문장,q_운동_09,운동용품 살 데,문화·여가 중 '운동'을 판매·제공하는 매장,00124602-ef4e-472c-91ee-de53b28d7530,화이트,의류,울산번개시장,전통시장,울산광역시,1.0,1.0,,,RESOLVED_AGREEMENT,False,1,,,,
33c114264e73d9c15efe,val,운동,T4 구어·문장,q_운동_09,운동용품 살 데,문화·여가 중 '운동'을 판매·제공하는 매장,fce9fa7d-24ff-4087-8eb4-460e7940a83c,서울체육사,운동용품,진도 남문로 상권활성화구역,상권활성화구역,전라남도,3.0,3.0,,,RESOLVED_AGREEMENT,False,3,,,,
1e09bde30f8a76280a43,val,운동,T4 구어·문장,q_운동_09,운동용품 살 데,문화·여가 중 '운동'을 판매·제공하는 매장,00c4a045-8aa5-4995-8313-806b7fcab6ff,남스짐천왕점 헬스PT,,천왕마을 골목형상점가,골목형상점가,서울특별시,2.0,3.0,,,P2_GRADED_ONLY,True,,,,,
83429cd0389c447347b1,val,운동,T4 구어·문장,q_운동_09,운동용품 살 데,문화·여가 중 '운동'을 판매·제공하는 매장,00172c94-61f0-4197-afeb-d7e8187c79b5,옷이예쁘다,의류,메트로센터(반월당지하쇼핑),일반지하상점가,대구광역시,1.0,1.0,,,RESOLVED_AGREEMENT,False,1,,,,
cd59fe005f8c1aef2065,val,운동,T4 구어·문장,q_운동_09,운동용품 살 데,문화·여가 중 '운동'을 판매·제공하는 매장,9d49b0d0-ba57-4db8-a480-644e2ae0ec84,하마스포츠,운동용품,구미 금리단길 골목형상점가,골목형상점가,경상북도,3.0,3.0,,,RESOLVED_AGREEMENT,False,3,,,,
c07ec75e186aed46f657,val,운동,T4 구어·문장,q_운동_09,운동용품 살 데,문화·여가 중 '운동'을 판매·제공하는 매장,55b42546-2e0c-470d-868a-aedbc74b0806,웨스트우드무주점,"등반장비, 운동용품",무주반딧불상권활성화구역,상권활성화구역,전북특별자치도,3.0,3.0,,,RESOLVED_AGREEMENT,False,3,,,,
60751a502056b3454bab,val,운동,T4 구어·문장,q_운동_09,운동용품 살 데,문화·여가 중 '운동'을 판매·제공하는 매장,06a9d0d7-98d4-46de-ba60-78844e443b35,올나잇 피트니스 주식회사,피트니스,부평테마의거리 골목형 상점가,골목형상점가,인천광역시,2.0,3.0,,,P2_GRADED_ONLY,True,,,,,
d29273f6912bc1d61aac,val,운동,T4 구어·문장,q_운동_09,운동용품 살 데,문화·여가 중 '운동'을 판매·제공하는 매장,443e2490-bb5d-4d28-aab2-7e0bebf4b7d7,케이베스트스포츠,운동용품,포르모큐브 골목형상점가,골목형상점가,전라남도,3.0,3.0,,,RESOLVED_AGREEMENT,False,3,,,,
c421fab8ede70f9d4d39,val,운동,T4 구어·문장,q_운동_09,운동용품 살 데,문화·여가 중 '운동'을 판매·제공하는 매장,7177d875-0d4a-4712-8797-ce717241dc79,광주하나스포츠,운동용품,임동 골목형상점가,골목형상점가,광주광역시,3.0,3.0,,,RESOLVED_AGREEMENT,False,3,,,,
e67bacdf29fea2374b84,val,운동,T4 구어·문장,q_운동_09,운동용품 살 데,문화·여가 중 '운동'을 판매·제공하는 매장,98688b8a-da04-4e54-8417-b52f69dae124,마무트 안산점,운동용품,안산패션타운전통시장,전통시장,경기도,3.0,3.0,,,RESOLVED_AGREEMENT,False,3,,,,
027e3029158f85d27209,val,운동,T4 구어·문장,q_운동_09,운동용품 살 데,문화·여가 중 '운동'을 판매·제공하는 매장,ae43861e-a71e-4db8-af42-f0561e690be6,윔블던테니스샵,운동용품,현대 골목형상점가,골목형상점가,전라남도,3.0,3.0,,,RESOLVED_AGREEMENT,False,3,,,,
8b1b8451fb7b80afd399,val,운동,T4 구어·문장,q_운동_09,운동용품 살 데,문화·여가 중 '운동'을 판매·제공하는 매장,d4b6588b-690e-4f53-a259-7f9efd5e9154,뉴발란스 용봉점,운동용품,패션의거리,자율상권구역,광주광역시,3.0,3.0,,,RESOLVED_AGREEMENT,False,3,,,,
1b91d7e4f4fb1cd2ca7e,val,운동,T4 구어·문장,q_운동_09,운동용품 살 데,문화·여가 중 '운동'을 판매·제공하는 매장,73a311d6-86eb-49f0-a547-b7b70f49fe29,커버낫제주점,"의류, 잡화, 운동용품",칠성로상점가,자율상권구역,제주특별자치도,3.0,3.0,,,RESOLVED_AGREEMENT,False,3,,,,
3741418f07a8e6fd0912,val,운동,T4 구어·문장,q_운동_09,운동용품 살 데,문화·여가 중 '운동'을 판매·제공하는 매장,6a63cbd1-ff69-48f6-98ba-d3efe6714e8d,양지스포츠,의류 운동용품,을지로지하보도쇼핑센터,일반지하상점가,서울특별시,3.0,3.0,,,RESOLVED_AGREEMENT,False,3,,,,
dfc053994683186a1a61,val,운동,T4 구어·문장,q_운동_09,운동용품 살 데,문화·여가 중 '운동'을 판매·제공하는 매장,033d99e2-0579-45d7-9d48-d999b90dd98a,M필라테스&요가,"필라테스, 요가",조종시장,전통시장,경기도,2.0,3.0,,,P2_GRADED_ONLY,True,,,,,
d71ff0a0952ada85147f,val,운동,T4 구어·문장,q_운동_09,운동용품 살 데,문화·여가 중 '운동'을 판매·제공하는 매장,0a7de62f-b294-412c-b700-0642397eca30,다이나핏 김포장기점,"스포츠 의류, 용품",김포장기패션아울렛,골목형상점가,경기도,2.0,1.0,,,P1_BINARY_THRESHOLD,True,,,,,
b2aba74057aa66969be9,val,운동,T4 구어·문장,q_운동_09,운동용품 살 데,문화·여가 중 '운동'을 판매·제공하는 매장,dca63815-e451-4c31-b363-a1603189d1ea,삼일체육사,운동용품,강진중앙로상가,자율상권구역,전라남도,3.0,3.0,,,RESOLVED_AGREEMENT,False,3,,,,
43f69cdbcdec02bf5894,val,운동,T4 구어·문장,q_운동_09,운동용품 살 데,문화·여가 중 '운동'을 판매·제공하는 매장,06f75bcb-8c04-46f9-9315-b56a3f1d7a63,스윙&플라멩고,운동복,대현프리몰 대구점,일반지하상점가,대구광역시,2.0,3.0,,,P2_GRADED_ONLY,True,,,,,
be043c7f2b76daea8d0b,val,운동,T4 구어·문장,q_운동_09,운동용품 살 데,문화·여가 중 '운동'을 판매·제공하는 매장,98bdd35b-d6bb-4873-956f-fe718089a4d1,우승사,운동용품,팔달문시장,기타,경기도,3.0,3.0,,,RESOLVED_AGREEMENT,False,3,,,,
11c7c76a3a59538735ca,val,운동,T4 구어·문장,q_운동_09,운동용품 살 데,문화·여가 중 '운동'을 판매·제공하는 매장,e150c89c-8d87-47d9-a462-2fdcf7ad0b7a,봉스포츠,운동용품,둔산3동상점가,자율상권구역,대전광역시,3.0,3.0,,,RESOLVED_AGREEMENT,False,3,,,,
4c162729b7d7219cc369,val,운동,T4 구어·문장,q_운동_09,운동용품 살 데,문화·여가 중 '운동'을 판매·제공하는 매장,8e557fde-7ccb-4bcc-925a-5741eca63447,스윗스윔(SweetSwim),운동용품,공항동먹자골목골목형상점가,골목형상점가,서울특별시,3.0,3.0,,,RESOLVED_AGREEMENT,False,3,,,,
7ac69e953727d277cc14,val,운동,T4 구어·문장,q_운동_09,운동용품 살 데,문화·여가 중 '운동'을 판매·제공하는 매장,00a3eb8f-b86a-4b8c-933c-ffaee551fdba,신시아 필라테스,필라테스 센터,겸재한신길 골목형상점가,골목형상점가,서울특별시,2.0,3.0,,,P2_GRADED_ONLY,True,,,,,
1a1fae14ea46d43fd6b5,val,운동,T4 구어·문장,q_운동_09,운동용품 살 데,문화·여가 중 '운동'을 판매·제공하는 매장,b27ad5a2-9e3b-432b-8994-ef771182d0fc,광주파크골프스쿨,운동용품,앰코로 골목형상점가,골목형상점가,광주광역시,3.0,3.0,,,RESOLVED_AGREEMENT,False,3,,,,
1b90fd125298185bb822,val,운동,T4 구어·문장,q_운동_09,운동용품 살 데,문화·여가 중 '운동'을 판매·제공하는 매장,e1e78495-0252-4295-8c85-b84f8d11b452,엑시옴광주공식대리점,운동용품,용봉신안다리 골목형상점가,골목형상점가,광주광역시,3.0,3.0,,,RESOLVED_AGREEMENT,False,3,,,,
dd09039279091d9a3662,val,운동,T4 구어·문장,q_운동_09,운동용품 살 데,문화·여가 중 '운동'을 판매·제공하는 매장,f31ce122-8982-4a85-ac48-d0e9717b97e4,금화상사,원단 체육복 운동용품,전주풍남문상점가,자율상권구역,전북특별자치도,3.0,3.0,,,RESOLVED_AGREEMENT,False,3,,,,
d2f248e66eb676a89cc8,val,운동,T4 구어·문장,q_운동_09,운동용품 살 데,문화·여가 중 '운동'을 판매·제공하는 매장,9dbfa292-9ffb-4fd5-b7c7-b1cad151dbf4,도담에듀,운동용품,공주산성 활성화구역,전통시장,충청남도,3.0,3.0,,,RESOLVED_AGREEMENT,False,3,,,,
88623ac8007a7dac217d,val,운동,T4 구어·문장,q_운동_09,운동용품 살 데,문화·여가 중 '운동'을 판매·제공하는 매장,0ceaf276-fe31-4cdc-a6fd-a64d15055b65,톨비스트 제주점,"의류, 운동용품",칠성로상점가,자율상권구역,제주특별자치도,3.0,3.0,,,RESOLVED_AGREEMENT,False,3,,,,
7956c7391d1050ee24df,val,운동,T4 구어·문장,q_운동_09,운동용품 살 데,문화·여가 중 '운동'을 판매·제공하는 매장,003adf4b-eb63-4fd3-92d3-e139c6f1c22d,새롬필라테스,필라테스,새롬동 골목형상점가,골목형상점가,세종특별자치시,2.0,3.0,,,P2_GRADED_ONLY,True,,,,,
c23abdd8405d7c029041,val,운동,T4 구어·문장,q_운동_09,운동용품 살 데,문화·여가 중 '운동'을 판매·제공하는 매장,b7a1ce2b-8b93-41e9-ad93-699ccbb156d2,볼카노스포츠,"도매(의류,운동용품)",신평화패션타운,전통시장,서울특별시,3.0,3.0,,,RESOLVED_AGREEMENT,False,3,,,,
33e134164849d124b01d,val,운동,T4 구어·문장,q_운동_09,운동용품 살 데,문화·여가 중 '운동'을 판매·제공하는 매장,fc611252-e034-4429-b8c1-1a6e7b16dadb,동아상사,가방,양동시장,전통시장,광주광역시,0.0,0.0,,,RESOLVED_AGREEMENT,False,0,,,,
175a672afd56b6b26103,val,운동,T4 구어·문장,q_운동_09,운동용품 살 데,문화·여가 중 '운동'을 판매·제공하는 매장,fc8dea0e-e5c3-4180-84f9-89205788b2bb,용경농산,,대구능금시장,전통시장,대구광역시,,0.0,Y,,P0_UNCERTAIN_OR_MISSING,True,,,,,
9170aa397d44b6c92da6,val,운동,T4 구어·문장,q_운동_09,운동용품 살 데,문화·여가 중 '운동'을 판매·제공하는 매장,8c523c87-eec0-4ba1-91c0-c88473488ab4,르까프사당,운동용품,동작구 LINK 상권활성화구역,상권활성화구역,서울특별시,3.0,3.0,,,RESOLVED_AGREEMENT,False,3,,,,
f092dff588da3ed29748,val,운동,T4 구어·문장,q_운동_09,운동용품 살 데,문화·여가 중 '운동'을 판매·제공하는 매장,7ebfc01d-2c3c-4d63-b017-d01721fb4af7,가넷 필라테스,운동용품,금산프라자 골목형상점가,골목형상점가,경기도,3.0,3.0,,,RESOLVED_AGREEMENT,False,3,,,,
2be2c1de676691149c4c,val,운동,T4 구어·문장,q_운동_09,운동용품 살 데,문화·여가 중 '운동'을 판매·제공하는 매장,e2bf547e-8b6b-4043-aa3c-3ec73f3a8de8,제일건재지업사,철물건재소매,거창 가조상점가거리,골목형상점가,경상남도,0.0,0.0,,,RESOLVED_AGREEMENT,False,0,,,,
ba4bbe52323eba0711ab,val,운동,T4 구어·문장,q_운동_09,운동용품 살 데,문화·여가 중 '운동'을 판매·제공하는 매장,d3d9458e-85f5-433f-a76a-43016e73ff11,다향만당,,보성녹차 골목형상점가,골목형상점가,,,0.0,Y,,P0_UNCERTAIN_OR_MISSING,True,,,,,
c1188c7e1179f262ad7e,val,운동,T4 구어·문장,q_운동_09,운동용품 살 데,문화·여가 중 '운동'을 판매·제공하는 매장,9174b88f-20ae-4123-8011-9892937d31cd,조일슈즈,신발 운동용품,전주원도심 골목형상점가,골목형상점가,전북특별자치도,3.0,3.0,,,RESOLVED_AGREEMENT,False,3,,,,
333434f1b68de558ca7b,val,운동,T4 구어·문장,q_운동_09,운동용품 살 데,문화·여가 중 '운동'을 판매·제공하는 매장,12bc211d-f83f-4441-b474-c14bf5a6e1ac,원스트링,운동용품,우산중흥에쓰클래스 골목형상점가,골목형상점가,광주광역시,3.0,3.0,,,RESOLVED_AGREEMENT,False,3,,,,
015caa82a8a2da769eb8,val,운동,T4 구어·문장,q_운동_09,운동용품 살 데,문화·여가 중 '운동'을 판매·제공하는 매장,36f4d9e2-889a-4168-b518-51e2ddf773df,킴스휘트니스클리닉,피트니스,아름동상점가,자율상권구역,세종특별자치시,2.0,3.0,,,P2_GRADED_ONLY,True,,,,,
4a7fcdcd34b73b5a0bd3,val,운동,T4 구어·문장,q_운동_09,운동용품 살 데,문화·여가 중 '운동'을 판매·제공하는 매장,54ec1ef3-2e36-4764-84e5-6f64c4e63410,유니콘체육사,운동용품,개포동 구마을 골목형상점가,골목형상점가,서울특별시,3.0,3.0,,,RESOLVED_AGREEMENT,False,3,,,,
542eee31116c36157db1,val,운동,T4 구어·문장,q_운동_09,운동용품 살 데,문화·여가 중 '운동'을 판매·제공하는 매장,608ea235-9563-4fda-b86d-3171143cefab,중앙체육사,운동용품,여수진남상가,자율상권구역,전라남도,3.0,3.0,,,RESOLVED_AGREEMENT,False,3,,,,
3293d23121de30c8375f,val,운동,T4 구어·문장,q_운동_09,운동용품 살 데,문화·여가 중 '운동'을 판매·제공하는 매장,00054f1d-4cae-4345-9975-1423bc49e4dc,착한아이들,의류,중앙전통시장,전통시장,울산광역시,1.0,1.0,,,RESOLVED_AGREEMENT,False,1,,,,
21778c1424350a31558f,val,운동,T4 구어·문장,q_운동_09,운동용품 살 데,문화·여가 중 '운동'을 판매·제공하는 매장,6dc95ff3-198b-405b-88b2-3ac707f72f41,장안스포츠,운동용품,공주산성 활성화구역,상권활성화구역,충청남도,3.0,3.0,,,RESOLVED_AGREEMENT,False,3,,,,
9dc2df3dc80e2fac124f,val,운동,T4 구어·문장,q_운동_09,운동용품 살 데,문화·여가 중 '운동'을 판매·제공하는 매장,b97df34a-7d8d-4975-ac93-ae10bb731ca5,휠라스포츠,운동용품,고성동벚꽃 골목형상점가,골목형상점가,대구광역시,3.0,3.0,,,RESOLVED_AGREEMENT,False,3,,,,
4550f898d5a2dc52313b,val,운동,T4 구어·문장,q_운동_09,운동용품 살 데,문화·여가 중 '운동'을 판매·제공하는 매장,008fbd3f-35b4-431f-8ba5-fc8bcfe4bf83,제이에스피트니스,헬스,동림1 골목형상점가,골목형상점가,광주광역시,2.0,3.0,,,P2_GRADED_ONLY,True,,,,,
713b7a026aa5f5cd2c0d,val,운동,T4 구어·문장,q_운동_09,운동용품 살 데,문화·여가 중 '운동'을 판매·제공하는 매장,779536dd-e3ad-4f54-8666-113c2665fe26,삼영사,운동용품,하양꿈바우시장,전통시장,경상북도,3.0,3.0,,,RESOLVED_AGREEMENT,False,3,,,,
72e3fa23d145c95b53c7,val,운동,T4 구어·문장,q_운동_09,운동용품 살 데,문화·여가 중 '운동'을 판매·제공하는 매장,cb22fdf2-8a20-480a-855b-bef845e2e02a,대한체육사,운동용품 등,중앙로2 골목형상점가,골목형상점가,충청남도,3.0,3.0,,,RESOLVED_AGREEMENT,False,3,,,,
3270d117d7100d615b4a,val,운동,T4 구어·문장,q_운동_09,운동용품 살 데,문화·여가 중 '운동'을 판매·제공하는 매장,07466d2d-51a2-4c17-8dcf-1af1bfb6f868,금강랜드로바 원주점,운동화가죽신발등산용품,원주중앙로문화의거리,자율상권구역,강원특별자치도,2.0,3.0,,,P2_GRADED_ONLY,True,,,,,
92c84ba2644a4450ed42,val,운동,T4 구어·문장,q_운동_09,운동용품 살 데,문화·여가 중 '운동'을 판매·제공하는 매장,0214eb76-f204-4d4f-9645-f0444d2c5f33,베이글짐,헬스장,도담동 골목형상점가,골목형상점가,세종특별자치시,2.0,3.0,,,P2_GRADED_ONLY,True,,,,,
799764c03c6b77d8e062,val,운동,T4 구어·문장,q_운동_09,운동용품 살 데,문화·여가 중 '운동'을 판매·제공하는 매장,21bfd845-8c16-4b67-809f-81a3833826c0,케이폴앤댄스,피트니스,남양역골로상점가,골목형상점가,경기도,2.0,3.0,,,P2_GRADED_ONLY,True,,,,,
dd8aa5a1ae873f068c60,val,운동,T4 구어·문장,q_운동_09,운동용품 살 데,문화·여가 중 '운동'을 판매·제공하는 매장,018b2dd0-5613-482c-b714-e30dcfa584fd,씨엘 필라테스 안산고잔점,필라테스,도리섬상점가,자율상권구역,경기도,2.0,3.0,,,P2_GRADED_ONLY,True,,,,,
f731d9524e17b895a336,val,운동,T4 구어·문장,q_운동_09,운동용품 살 데,문화·여가 중 '운동'을 판매·제공하는 매장,b8f05f51-5b6b-4843-bec8-8b9618ceca56,푸마나주점,"운동용품, 스포츠레저용품",나주금빛상점가,자율상권구역,전라남도,3.0,3.0,,,RESOLVED_AGREEMENT,False,3,,,,
9d2ee56fe52e87999219,val,운동,T4 구어·문장,q_운동_09,운동용품 살 데,문화·여가 중 '운동'을 판매·제공하는 매장,d4741c71-607c-4548-b229-eed54df8f900,어울림,"운동용품, 중고의류",창동역 상점가,자율상권구역,서울특별시,3.0,3.0,,,RESOLVED_AGREEMENT,False,3,,,,
20ef164ac862d5839b12,val,운동,T4 구어·문장,q_운동_09,운동용품 살 데,문화·여가 중 '운동'을 판매·제공하는 매장,a5bffe95-5e3d-4517-b383-e2e82ad3274e,마실파크골프노원점,운동용품,상계중앙시장,전통시장,서울특별시,3.0,3.0,,,RESOLVED_AGREEMENT,False,3,,,,
b6c94a7423347dec8ff9,val,운동,T4 구어·문장,q_운동_09,운동용품 살 데,문화·여가 중 '운동'을 판매·제공하는 매장,48ec2024-ee31-4ae0-bb8f-2126c5bfaa61,하다피트니스,피트니스,과천새서울프라자시장,전통시장,경기도,2.0,3.0,,,P2_GRADED_ONLY,True,,,,,
ec5a47faf21dcbb7eebf,val,운동,T4 구어·문장,q_운동_09,운동용품 살 데,문화·여가 중 '운동'을 판매·제공하는 매장,8c469422-d8a5-498a-a4db-e9abf9478220,365휘트니스 헬스&PT,운동용품,마산 대동씨코아상가시장,전통시장,경상남도,3.0,3.0,,,RESOLVED_AGREEMENT,False,3,,,,
f15f76392bd77e534cb4,val,운동,T4 구어·문장,q_운동_09,운동용품 살 데,문화·여가 중 '운동'을 판매·제공하는 매장,00158f51-4d3a-4ac0-9e38-b37552f5e097,지지배,의류,나주금빛상점가,자율상권구역,전라남도,1.0,1.0,,,RESOLVED_AGREEMENT,False,1,,,,
48c90846b1b4c172af6d,val,운동,T4 구어·문장,q_운동_09,운동용품 살 데,문화·여가 중 '운동'을 판매·제공하는 매장,01a5e178-ba34-4e15-ac4d-07a398900593,가자점핑다이어트클럽,"점핑, 요가",문흥2동 골목형상점가,골목형상점가,광주광역시,2.0,3.0,,,P2_GRADED_ONLY,True,,,,,
a40948df2503151484f8,val,운동,T4 구어·문장,q_운동_09,운동용품 살 데,문화·여가 중 '운동'을 판매·제공하는 매장,527a2033-34c5-4fca-9b39-b0e4acbbd446,아이자란다 심리발달센터,,한들물빛도시 골목형 상점가,골목형상점가,충청남도,,0.0,Y,,P0_UNCERTAIN_OR_MISSING,True,,,,,
b39dbd0bf66be82390f4,val,운동,T4 구어·문장,q_운동_10,운동용품 파는 곳,문화·여가 중 '운동'을 판매·제공하는 매장,018b2dd0-5613-482c-b714-e30dcfa584fd,씨엘 필라테스 안산고잔점,필라테스,도리섬상점가,자율상권구역,경기도,2.0,3.0,,,P2_GRADED_ONLY,True,,,,,
72f7628800e3f95842bc,val,운동,T4 구어·문장,q_운동_10,운동용품 파는 곳,문화·여가 중 '운동'을 판매·제공하는 매장,9174b88f-20ae-4123-8011-9892937d31cd,조일슈즈,신발 운동용품,전주원도심 골목형상점가,골목형상점가,전북특별자치도,3.0,3.0,,,RESOLVED_AGREEMENT,False,3,,,,
52a4f56b552176365c62,val,운동,T4 구어·문장,q_운동_10,운동용품 파는 곳,문화·여가 중 '운동'을 판매·제공하는 매장,0151b1ea-e648-438b-83b0-efcf6f387e9b,크로스핏 터,운동 서비스,열매 골목형상점가,골목형상점가,대전광역시,2.0,3.0,,,P2_GRADED_ONLY,True,,,,,
03aa4a1557be2a7dcc1b,val,운동,T4 구어·문장,q_운동_10,운동용품 파는 곳,문화·여가 중 '운동'을 판매·제공하는 매장,48ec2024-ee31-4ae0-bb8f-2126c5bfaa61,하다피트니스,피트니스,과천새서울프라자시장,전통시장,경기도,2.0,3.0,,,P2_GRADED_ONLY,True,,,,,
b48d9886db4fceec709c,val,운동,T4 구어·문장,q_운동_10,운동용품 파는 곳,문화·여가 중 '운동'을 판매·제공하는 매장,0a7de62f-b294-412c-b700-0642397eca30,다이나핏 김포장기점,"스포츠 의류, 용품",김포장기패션아울렛,골목형상점가,경기도,2.0,1.0,,,P1_BINARY_THRESHOLD,True,,,,,
3d4a56b25938f1ab5ebb,val,운동,T4 구어·문장,q_운동_10,운동용품 파는 곳,문화·여가 중 '운동'을 판매·제공하는 매장,c161453d-f2c8-4b97-a2c3-a54e0cbdb7e8,생활용품 싸게 파는 집,잡화,안성중앙시장,전통시장,경기도,0.0,0.0,,,RESOLVED_AGREEMENT,False,0,,,,
014f05efa89cb0196e5a,val,운동,T4 구어·문장,q_운동_10,운동용품 파는 곳,문화·여가 중 '운동'을 판매·제공하는 매장,497792ee-7458-419e-b5a4-8a16eae6857a,플레이코디,"내의류, 속옷",관고전통시장,전통시장,경기도,1.0,1.0,,,RESOLVED_AGREEMENT,False,1,,,,
ae635b058e66c95d669b,val,운동,T4 구어·문장,q_운동_10,운동용품 파는 곳,문화·여가 중 '운동'을 판매·제공하는 매장,07466d2d-51a2-4c17-8dcf-1af1bfb6f868,금강랜드로바 원주점,운동화가죽신발등산용품,원주중앙로문화의거리,자율상권구역,강원특별자치도,2.0,3.0,,,P2_GRADED_ONLY,True,,,,,
7cf3ae8e09c0d74d90e5,val,운동,T4 구어·문장,q_운동_10,운동용품 파는 곳,문화·여가 중 '운동'을 판매·제공하는 매장,12bc211d-f83f-4441-b474-c14bf5a6e1ac,원스트링,운동용품,우산중흥에쓰클래스 골목형상점가,골목형상점가,광주광역시,3.0,3.0,,,RESOLVED_AGREEMENT,False,3,,,,
81d2c1ebb1fb30fdf61e,val,운동,T4 구어·문장,q_운동_10,운동용품 파는 곳,문화·여가 중 '운동'을 판매·제공하는 매장,00054f1d-4cae-4345-9975-1423bc49e4dc,착한아이들,의류,중앙전통시장,전통시장,울산광역시,1.0,1.0,,,RESOLVED_AGREEMENT,False,1,,,,
9efabc894f047168d4b8,val,운동,T4 구어·문장,q_운동_10,운동용품 파는 곳,문화·여가 중 '운동'을 판매·제공하는 매장,8afdfe70-7df4-4162-91a6-c4f60d9813f5,아델요가 스튜디오,운동용품,평촌1번가 상점가,자율상권구역,경기도,3.0,3.0,,,RESOLVED_AGREEMENT,False,3,,,,
799ffabdf4a234cbc956,val,운동,T4 구어·문장,q_운동_10,운동용품 파는 곳,문화·여가 중 '운동'을 판매·제공하는 매장,b8f05f51-5b6b-4843-bec8-8b9618ceca56,푸마나주점,"운동용품, 스포츠레저용품",나주금빛상점가,자율상권구역,전라남도,3.0,3.0,,,RESOLVED_AGREEMENT,False,3,,,,
58228a89022312b64523,val,운동,T4 구어·문장,q_운동_10,운동용품 파는 곳,문화·여가 중 '운동'을 판매·제공하는 매장,dca63815-e451-4c31-b363-a1603189d1ea,삼일체육사,운동용품,강진중앙로상가,자율상권구역,전라남도,3.0,3.0,,,RESOLVED_AGREEMENT,False,3,,,,
a864aaac026cfd5ac6c1,val,운동,T4 구어·문장,q_운동_10,운동용품 파는 곳,문화·여가 중 '운동'을 판매·제공하는 매장,003adf4b-eb63-4fd3-92d3-e139c6f1c22d,새롬필라테스,필라테스,새롬동 골목형상점가,골목형상점가,세종특별자치시,2.0,3.0,,,P2_GRADED_ONLY,True,,,,,
da71dd6279b784460acd,val,운동,T4 구어·문장,q_운동_10,운동용품 파는 곳,문화·여가 중 '운동'을 판매·제공하는 매장,00124602-ef4e-472c-91ee-de53b28d7530,화이트,의류,울산번개시장,전통시장,울산광역시,1.0,1.0,,,RESOLVED_AGREEMENT,False,1,,,,
87682c81b627c090cbcd,val,운동,T4 구어·문장,q_운동_10,운동용품 파는 곳,문화·여가 중 '운동'을 판매·제공하는 매장,020180c1-e676-4f99-84db-9b56504222f2,아름드리 필라테스&PT,필라테스요가바레필라테스,아름드리 골목형상점가,골목형상점가,세종특별자치시,2.0,3.0,,,P2_GRADED_ONLY,True,,,,,
c78ac28693d217766a45,val,운동,T4 구어·문장,q_운동_10,운동용품 파는 곳,문화·여가 중 '운동'을 판매·제공하는 매장,00158f51-4d3a-4ac0-9e38-b37552f5e097,지지배,의류,나주금빛상점가,자율상권구역,전라남도,1.0,1.0,,,RESOLVED_AGREEMENT,False,1,,,,
1f907c2cff5836de085d,val,운동,T4 구어·문장,q_운동_10,운동용품 파는 곳,문화·여가 중 '운동'을 판매·제공하는 매장,08de408a-f260-4467-b375-768cbd50e14d,본소마메드짐 재활운동&PT,운동,용강동상점가,자율상권구역,서울특별시,2.0,3.0,,,P2_GRADED_ONLY,True,,,,,
b63c0c0868a9c0fbedc6,val,운동,T4 구어·문장,q_운동_10,운동용품 파는 곳,문화·여가 중 '운동'을 판매·제공하는 매장,1b4c8cb9-bcdb-45cb-ba0d-a415501b61ff,케이제이㈜,운동용품등,성안길상점가,자율상권구역,충청북도,3.0,3.0,,,RESOLVED_AGREEMENT,False,3,,,,
6eb06b9925fe76fcadc9,val,운동,T4 구어·문장,q_운동_10,운동용품 파는 곳,문화·여가 중 '운동'을 판매·제공하는 매장,b97df34a-7d8d-4975-ac93-ae10bb731ca5,휠라스포츠,운동용품,고성동벚꽃 골목형상점가,골목형상점가,대구광역시,3.0,3.0,,,RESOLVED_AGREEMENT,False,3,,,,
9bae51e33c7e458f823d,val,운동,T4 구어·문장,q_운동_10,운동용품 파는 곳,문화·여가 중 '운동'을 판매·제공하는 매장,98688b8a-da04-4e54-8417-b52f69dae124,마무트 안산점,운동용품,안산패션타운전통시장,전통시장,경기도,3.0,3.0,,,RESOLVED_AGREEMENT,False,3,,,,
86a82171c1549e0e3d7e,val,운동,T4 구어·문장,q_운동_10,운동용품 파는 곳,문화·여가 중 '운동'을 판매·제공하는 매장,96d7e4fd-3193-47db-8c4d-8b82934020d0,전주요넥스,운동용품,숲정이 골목형상점가,골목형상점가,전북특별자치도,3.0,3.0,,,RESOLVED_AGREEMENT,False,3,,,,
4f98920c40ca2f958474,val,운동,T4 구어·문장,q_운동_10,운동용품 파는 곳,문화·여가 중 '운동'을 판매·제공하는 매장,07d89ce7-de40-4795-a10b-414cc1e269ef,매곡 천부경 명상센터,"명상수련, 요가",매곡동 골목형상점가,골목형상점가,광주광역시,2.0,3.0,,,P2_GRADED_ONLY,True,,,,,
61a8b5c4e9bc633afdd3,val,운동,T4 구어·문장,q_운동_10,운동용품 파는 곳,문화·여가 중 '운동'을 판매·제공하는 매장,73a311d6-86eb-49f0-a547-b7b70f49fe29,커버낫제주점,"의류, 잡화, 운동용품",칠성로상점가,자율상권구역,제주특별자치도,3.0,3.0,,,RESOLVED_AGREEMENT,False,3,,,,
1df3e78a3cc79a7d7356,val,운동,T4 구어·문장,q_운동_10,운동용품 파는 곳,문화·여가 중 '운동'을 판매·제공하는 매장,e150c89c-8d87-47d9-a462-2fdcf7ad0b7a,봉스포츠,운동용품,둔산3동상점가,자율상권구역,대전광역시,3.0,3.0,,,RESOLVED_AGREEMENT,False,3,,,,
9ed160e87d3986f72b9a,val,운동,T4 구어·문장,q_운동_10,운동용품 파는 곳,문화·여가 중 '운동'을 판매·제공하는 매장,443e2490-bb5d-4d28-aab2-7e0bebf4b7d7,케이베스트스포츠,운동용품,포르모큐브 골목형상점가,골목형상점가,전라남도,3.0,3.0,,,RESOLVED_AGREEMENT,False,3,,,,
707a25c48f352a2762e2,val,운동,T4 구어·문장,q_운동_10,운동용품 파는 곳,문화·여가 중 '운동'을 판매·제공하는 매장,9d49b0d0-ba57-4db8-a480-644e2ae0ec84,하마스포츠,운동용품,구미 금리단길 골목형상점가,골목형상점가,경상북도,3.0,3.0,,,RESOLVED_AGREEMENT,False,3,,,,
96a543c361f31aa09ccd,val,운동,T4 구어·문장,q_운동_10,운동용품 파는 곳,문화·여가 중 '운동'을 판매·제공하는 매장,8c523c87-eec0-4ba1-91c0-c88473488ab4,르까프사당,운동용품,동작구 LINK 상권활성화구역,상권활성화구역,서울특별시,3.0,3.0,,,RESOLVED_AGREEMENT,False,3,,,,
9b58b4ef7fb7fa39707c,val,운동,T4 구어·문장,q_운동_10,운동용품 파는 곳,문화·여가 중 '운동'을 판매·제공하는 매장,00a27d0e-2216-4ff5-94fe-7acd76db3da3,짐자반 헬스 PT 하남시청역점,"헬스장 회원권, 개인레슨",덕풍전통시장,전통시장,경기도,2.0,3.0,,,P2_GRADED_ONLY,True,,,,,
6a66c7285632e2081e0f,val,운동,T4 구어·문장,q_운동_10,운동용품 파는 곳,문화·여가 중 '운동'을 판매·제공하는 매장,0ceaf276-fe31-4cdc-a6fd-a64d15055b65,톨비스트 제주점,"의류, 운동용품",칠성로상점가,자율상권구역,제주특별자치도,3.0,3.0,,,RESOLVED_AGREEMENT,False,3,,,,
066ab4810c6d3f68293d,val,운동,T4 구어·문장,q_운동_10,운동용품 파는 곳,문화·여가 중 '운동'을 판매·제공하는 매장,1e7ac8dd-db79-43bf-9d65-ec10f5cba996,S마켓원주,"등산장비, 운동용품",원주중앙로문화의거리,자율상권구역,강원특별자치도,3.0,3.0,,,RESOLVED_AGREEMENT,False,3,,,,
604d564937fb13468f08,val,운동,T4 구어·문장,q_운동_10,운동용품 파는 곳,문화·여가 중 '운동'을 판매·제공하는 매장,01a5e178-ba34-4e15-ac4d-07a398900593,가자점핑다이어트클럽,"점핑, 요가",문흥2동 골목형상점가,골목형상점가,광주광역시,2.0,3.0,,,P2_GRADED_ONLY,True,,,,,
73b7a0d61c52e6f04ce8,val,운동,T4 구어·문장,q_운동_10,운동용품 파는 곳,문화·여가 중 '운동'을 판매·제공하는 매장,0066174b-64aa-428a-b8d6-f9bae4107429,크로스핏 엘리트짐,기능성운동,노은역 골목형상점가,골목형상점가,대전광역시,2.0,3.0,,,P2_GRADED_ONLY,True,,,,,
445af5282a11daad8624,val,운동,T4 구어·문장,q_운동_10,운동용품 파는 곳,문화·여가 중 '운동'을 판매·제공하는 매장,008fbd3f-35b4-431f-8ba5-fc8bcfe4bf83,제이에스피트니스,헬스,동림1 골목형상점가,골목형상점가,광주광역시,2.0,3.0,,,P2_GRADED_ONLY,True,,,,,
8dd04474a77ebf215ce5,val,운동,T4 구어·문장,q_운동_10,운동용품 파는 곳,문화·여가 중 '운동'을 판매·제공하는 매장,cb22fdf2-8a20-480a-855b-bef845e2e02a,대한체육사,운동용품 등,중앙로2 골목형상점가,골목형상점가,충청남도,3.0,3.0,,,RESOLVED_AGREEMENT,False,3,,,,
03e2aca8cf7eb781b03d,val,운동,T4 구어·문장,q_운동_10,운동용품 파는 곳,문화·여가 중 '운동'을 판매·제공하는 매장,00a3eb8f-b86a-4b8c-933c-ffaee551fdba,신시아 필라테스,필라테스 센터,겸재한신길 골목형상점가,골목형상점가,서울특별시,2.0,3.0,,,P2_GRADED_ONLY,True,,,,,
67ebe12e10e358d69e85,val,운동,T4 구어·문장,q_운동_10,운동용품 파는 곳,문화·여가 중 '운동'을 판매·제공하는 매장,000a92b3-0b5e-429e-af00-f86e3570e24b,클로버,의류,관문상가시장,전통시장,대구광역시,1.0,1.0,,,RESOLVED_AGREEMENT,False,1,,,,
606b7ce06f12570ea1e9,val,운동,T4 구어·문장,q_운동_10,운동용품 파는 곳,문화·여가 중 '운동'을 판매·제공하는 매장,d566abd0-ce29-4298-83fa-4476c436f4f7,중앙레포츠,운동용품,고성동벚꽃 골목형상점가,골목형상점가,대구광역시,3.0,3.0,,,RESOLVED_AGREEMENT,False,3,,,,
d95c5c14a4cfea661760,val,운동,T4 구어·문장,q_운동_10,운동용품 파는 곳,문화·여가 중 '운동'을 판매·제공하는 매장,779536dd-e3ad-4f54-8666-113c2665fe26,삼영사,운동용품,하양꿈바우시장,전통시장,경상북도,3.0,3.0,,,RESOLVED_AGREEMENT,False,3,,,,
7c5be442155a53986086,val,운동,T4 구어·문장,q_운동_10,운동용품 파는 곳,문화·여가 중 '운동'을 판매·제공하는 매장,06f75bcb-8c04-46f9-9315-b56a3f1d7a63,스윙&플라멩고,운동복,대현프리몰 대구점,일반지하상점가,대구광역시,2.0,3.0,,,P2_GRADED_ONLY,True,,,,,
a5c15173ac6158ee7280,val,운동,T4 구어·문장,q_운동_10,운동용품 파는 곳,문화·여가 중 '운동'을 판매·제공하는 매장,040428ab-1a04-452f-8b35-c7c3c993cad8,누아요가,요가,현대센트럴스퀘어,골목형상점가,경기도,2.0,3.0,,,P2_GRADED_ONLY,True,,,,,
6a635e2678d4124a93b0,val,운동,T4 구어·문장,q_운동_10,운동용품 파는 곳,문화·여가 중 '운동'을 판매·제공하는 매장,d4b6588b-690e-4f53-a259-7f9efd5e9154,뉴발란스 용봉점,운동용품,패션의거리,자율상권구역,광주광역시,3.0,3.0,,,RESOLVED_AGREEMENT,False,3,,,,
a68ff5ef30a2a7d6277e,val,운동,T4 구어·문장,q_운동_10,운동용품 파는 곳,문화·여가 중 '운동'을 판매·제공하는 매장,7a6e35db-4293-47bd-a381-1914b5d8e552,"삼일체육사, 비트로농성점",운동용품,서구청먹자골목상인회 골목형상점가,골목형상점가,광주광역시,3.0,3.0,,,RESOLVED_AGREEMENT,False,3,,,,
245a6267dda8894daeb5,val,운동,T4 구어·문장,q_운동_10,운동용품 파는 곳,문화·여가 중 '운동'을 판매·제공하는 매장,00172c94-61f0-4197-afeb-d7e8187c79b5,옷이예쁘다,의류,메트로센터(반월당지하쇼핑),일반지하상점가,대구광역시,1.0,1.0,,,RESOLVED_AGREEMENT,False,1,,,,
077b2f2f2b11632c523e,val,운동,T4 구어·문장,q_운동_10,운동용품 파는 곳,문화·여가 중 '운동'을 판매·제공하는 매장,b27ad5a2-9e3b-432b-8994-ef771182d0fc,광주파크골프스쿨,운동용품,앰코로 골목형상점가,골목형상점가,광주광역시,3.0,3.0,,,RESOLVED_AGREEMENT,False,3,,,,
1dd1de47202d8244a801,val,운동,T4 구어·문장,q_운동_10,운동용품 파는 곳,문화·여가 중 '운동'을 판매·제공하는 매장,0080a859-c5d8-4b43-b14c-d5eb844118a0,헬스맨헬스걸,헬스장,비래동골목형상점가,골목형상점가,대전광역시,2.0,3.0,,,P2_GRADED_ONLY,True,,,,,
de220576da026321c678,val,운동,T4 구어·문장,q_운동_10,운동용품 파는 곳,문화·여가 중 '운동'을 판매·제공하는 매장,5d9bcfe8-1e87-4ad3-9cfe-23c331aa24d9,더존필라테스,필라테스 운동용품,중동사랑시장,전통시장,경기도,3.0,3.0,,,RESOLVED_AGREEMENT,False,3,,,,
cbfaacb6fcb8c8902e9f,val,운동,T4 구어·문장,q_운동_10,운동용품 파는 곳,문화·여가 중 '운동'을 판매·제공하는 매장,36f4d9e2-889a-4168-b518-51e2ddf773df,킴스휘트니스클리닉,피트니스,아름동상점가,자율상권구역,세종특별자치시,2.0,3.0,,,P2_GRADED_ONLY,True,,,,,
e023f5ece66f7d237c03,val,운동,T4 구어·문장,q_운동_10,운동용품 파는 곳,문화·여가 중 '운동'을 판매·제공하는 매장,917b16a5-cb0d-4d68-a7cb-aefccf1b3f99,크라운호프 하남2지구점,탕튀김,하남 골목형상점가,골목형상점가,광주광역시,0.0,0.0,,,RESOLVED_AGREEMENT,False,0,,,,
af4a45c06019db5d2385,val,운동,T4 구어·문장,q_운동_10,운동용품 파는 곳,문화·여가 중 '운동'을 판매·제공하는 매장,08bf522e-2d12-4ba2-95aa-344e372f90d7,수지패션,운동용품,원조낙지골목상점가,자율상권구역,전라남도,3.0,3.0,,,RESOLVED_AGREEMENT,False,3,,,,
5252e6bc7b436213fd3b,val,운동,T4 구어·문장,q_운동_10,운동용품 파는 곳,문화·여가 중 '운동'을 판매·제공하는 매장,76a3551b-dae4-4326-92cc-662015aedbfb,쉴 곳,한식,칠성로상점가,자율상권구역,제주특별자치도,0.0,0.0,,,RESOLVED_AGREEMENT,False,0,,,,
94deb88fceb07ba8147d,val,운동,T4 구어·문장,q_운동_10,운동용품 파는 곳,문화·여가 중 '운동'을 판매·제공하는 매장,d924db6c-ee2f-4841-89bb-5d617286c3b6,혜진종묘,씨앗,경주중앙시장,전통시장,경상북도,0.0,0.0,,,RESOLVED_AGREEMENT,False,0,,,,
795c6881eba5000ccaed,val,운동,T4 구어·문장,q_운동_10,운동용품 파는 곳,문화·여가 중 '운동'을 판매·제공하는 매장,98bdd35b-d6bb-4873-956f-fe718089a4d1,우승사,운동용품,팔달문시장,기타,경기도,3.0,3.0,,,RESOLVED_AGREEMENT,False,3,,,,
07a894b50a74c16751e6,val,운동,T4 구어·문장,q_운동_10,운동용품 파는 곳,문화·여가 중 '운동'을 판매·제공하는 매장,7177d875-0d4a-4712-8797-ce717241dc79,광주하나스포츠,운동용품,임동 골목형상점가,골목형상점가,광주광역시,3.0,3.0,,,RESOLVED_AGREEMENT,False,3,,,,
4d83131ffc7206f4dbb2,val,운동,T4 구어·문장,q_운동_10,운동용품 파는 곳,문화·여가 중 '운동'을 판매·제공하는 매장,21bfd845-8c16-4b67-809f-81a3833826c0,케이폴앤댄스,피트니스,남양역골로상점가,골목형상점가,경기도,2.0,3.0,,,P2_GRADED_ONLY,True,,,,,
d360415e03a9db7ee550,val,운동,T4 구어·문장,q_운동_10,운동용품 파는 곳,문화·여가 중 '운동'을 판매·제공하는 매장,e3dc5845-44c3-4396-98e8-01164cf2aa70,제이에스스포츠,운동용품 시설사용중개,전주중산공원 골목형상점가,골목형상점가,전북특별자치도,3.0,3.0,,,RESOLVED_AGREEMENT,False,3,,,,
52c7d1d734455abc4ba4,val,운동,T4 구어·문장,q_운동_10,운동용품 파는 곳,문화·여가 중 '운동'을 판매·제공하는 매장,472a2953-6574-49b0-85af-7b96a87169d5,돈까스삼촌의 치킨마켓,"돈까스, 치킨",송현시장,전통시장,인천광역시,0.0,0.0,,,RESOLVED_AGREEMENT,False,0,,,,
a2df199d0c5c8f833177,val,운동,T4 구어·문장,q_운동_10,운동용품 파는 곳,문화·여가 중 '운동'을 판매·제공하는 매장,0214eb76-f204-4d4f-9645-f0444d2c5f33,베이글짐,헬스장,도담동 골목형상점가,골목형상점가,세종특별자치시,2.0,3.0,,,P2_GRADED_ONLY,True,,,,,
bb1d4f7ba3f9d9e277db,val,운동,T4 구어·문장,q_운동_10,운동용품 파는 곳,문화·여가 중 '운동'을 판매·제공하는 매장,6a63cbd1-ff69-48f6-98ba-d3efe6714e8d,양지스포츠,의류 운동용품,을지로지하보도쇼핑센터,일반지하상점가,서울특별시,3.0,3.0,,,RESOLVED_AGREEMENT,False,3,,,,
92f6e2a169d7ca4c3ba3,val,운동,T4 구어·문장,q_운동_10,운동용품 파는 곳,문화·여가 중 '운동'을 판매·제공하는 매장,e1e78495-0252-4295-8c85-b84f8d11b452,엑시옴광주공식대리점,운동용품,용봉신안다리 골목형상점가,골목형상점가,광주광역시,3.0,3.0,,,RESOLVED_AGREEMENT,False,3,,,,
04bda5cef324c81693ef,val,운동,T4 구어·문장,q_운동_10,운동용품 파는 곳,문화·여가 중 '운동'을 판매·제공하는 매장,ae43861e-a71e-4db8-af42-f0561e690be6,윔블던테니스샵,운동용품,현대 골목형상점가,골목형상점가,전라남도,3.0,3.0,,,RESOLVED_AGREEMENT,False,3,,,,
2b074a4429eb6a60bb42,val,운동,T4 구어·문장,q_운동_10,운동용품 파는 곳,문화·여가 중 '운동'을 판매·제공하는 매장,60cf39d4-a434-4c69-8c80-7f2240048a34,(주)유진씨푸드,수산물,마포농수산물시장,전통시장,서울특별시,0.0,0.0,,,RESOLVED_AGREEMENT,False,0,,,,
7771e3e1a60823c025ed,val,운동,T4 구어·문장,q_운동_10,운동용품 파는 곳,문화·여가 중 '운동'을 판매·제공하는 매장,05f60b42-e906-42a3-9fd3-89c78ec719df,금정악세사리,화장품 잡화,신금정시장 골목형 상점가,골목형상점가,부산광역시,0.0,0.0,,,RESOLVED_AGREEMENT,False,0,,,,
06ac494b5b9994643591,val,운동,T4 구어·문장,q_운동_10,운동용품 파는 곳,문화·여가 중 '운동'을 판매·제공하는 매장,00f8d2a4-8e38-485b-a09e-280a1aa0c326,라인엑스피티스튜디오,"헬스, PT",수지성복플러스 골목형상점가,골목형상점가,경기도,2.0,3.0,,,P2_GRADED_ONLY,True,,,,,
89ae5e4beb570da03b68,val,운동,T4 구어·문장,q_운동_10,운동용품 파는 곳,문화·여가 중 '운동'을 판매·제공하는 매장,0041f699-c619-48b9-b3a9-814af9905c66,GB트레이닝센터,운동,일곡동(제5지역:제1근린공원 건너편),골목형상점가,광주광역시,2.0,3.0,,,P2_GRADED_ONLY,True,,,,,
d39a8f89022987485071,val,운동,T4 구어·문장,q_운동_10,운동용품 파는 곳,문화·여가 중 '운동'을 판매·제공하는 매장,d00936ca-a02c-434b-a9f8-9c3f6f52d08c,가조운동구점,운동용품점,거창 가조상점가거리,골목형상점가,경상남도,3.0,3.0,,,RESOLVED_AGREEMENT,False,3,,,,
20b3e71e3b57664c7cab,val,운동,T4 구어·문장,q_운동_10,운동용품 파는 곳,문화·여가 중 '운동'을 판매·제공하는 매장,35f62c74-3304-4a6c-a21f-28b253239019,하이무브 피트니스,피트니스 센터,산본로데오거리(구 산본중심상가),자율상권구역,경기도,2.0,3.0,,,P2_GRADED_ONLY,True,,,,,
e36444e78dfbb109402f,val,운동,T4 구어·문장,q_운동_10,운동용품 파는 곳,문화·여가 중 '운동'을 판매·제공하는 매장,608ea235-9563-4fda-b86d-3171143cefab,중앙체육사,운동용품,여수진남상가,자율상권구역,전라남도,3.0,3.0,,,RESOLVED_AGREEMENT,False,3,,,,
5bd0729eaa2ad65d520c,val,운동,T4 구어·문장,q_운동_10,운동용품 파는 곳,문화·여가 중 '운동'을 판매·제공하는 매장,3e50185f-7fa3-4859-8463-d39ab5ab4346,㈜민강축산유통,도소매(식육및부산물),마장축산물시장,전통시장,서울특별시,0.0,0.0,,,RESOLVED_AGREEMENT,False,0,,,,
6d7cae4a526c73287147,val,운동,T4 구어·문장,q_운동_10,운동용품 파는 곳,문화·여가 중 '운동'을 판매·제공하는 매장,084ab288-28e4-497b-b66a-337970bf37b5,마뗑킴하고하우스제주점,의류 잡화 운동용품,제주시 원도심 상권활성화,,제주특별자치도,3.0,3.0,,,RESOLVED_AGREEMENT,False,3,,,,
b054d7ff7a5ff0f92e85,val,운동,T4 구어·문장,q_운동_10,운동용품 파는 곳,문화·여가 중 '운동'을 판매·제공하는 매장,fce9fa7d-24ff-4087-8eb4-460e7940a83c,서울체육사,운동용품,진도 남문로 상권활성화구역,상권활성화구역,전라남도,3.0,3.0,,,RESOLVED_AGREEMENT,False,3,,,,
23123fac2481ff0f3791,val,운동,T4 구어·문장,q_운동_10,운동용품 파는 곳,문화·여가 중 '운동'을 판매·제공하는 매장,7ebfc01d-2c3c-4d63-b017-d01721fb4af7,가넷 필라테스,운동용품,금산프라자 골목형상점가,골목형상점가,경기도,3.0,3.0,,,RESOLVED_AGREEMENT,False,3,,,,
5a562a19e7d1506d7f0d,val,운동,T4 구어·문장,q_운동_10,운동용품 파는 곳,문화·여가 중 '운동'을 판매·제공하는 매장,09815d92-d0f0-4c87-b4fa-1194f86c53c0,유성프로스펙스,"스포츠의류, 용품",장대동패션상가 골목형상점가,골목형상점가,대전광역시,2.0,1.0,,,P1_BINARY_THRESHOLD,True,,,,,
0841cb7016cdbfb630ef,val,운동,T4 구어·문장,q_운동_10,운동용품 파는 곳,문화·여가 중 '운동'을 판매·제공하는 매장,cc87b703-9bd7-40a8-919b-b82b04ac6e09,하종남카클리닉,카센타타이어부품,중흥햇빛촌 골목형상점가,골목형상점가,광주광역시,0.0,0.0,,,RESOLVED_AGREEMENT,False,0,,,,
8006209211765604acc7,val,운동,T4 구어·문장,q_운동_10,운동용품 파는 곳,문화·여가 중 '운동'을 판매·제공하는 매장,55b42546-2e0c-470d-868a-aedbc74b0806,웨스트우드무주점,"등반장비, 운동용품",무주반딧불상권활성화구역,상권활성화구역,전북특별자치도,3.0,3.0,,,RESOLVED_AGREEMENT,False,3,,,,
8cfedb3cbeb83329e62b,val,운동,T4 구어·문장,q_운동_10,운동용품 파는 곳,문화·여가 중 '운동'을 판매·제공하는 매장,f31ce122-8982-4a85-ac48-d0e9717b97e4,금화상사,원단 체육복 운동용품,전주풍남문상점가,자율상권구역,전북특별자치도,3.0,3.0,,,RESOLVED_AGREEMENT,False,3,,,,
099539f8fd09032b207f,val,운동,T4 구어·문장,q_운동_10,운동용품 파는 곳,문화·여가 중 '운동'을 판매·제공하는 매장,6dc95ff3-198b-405b-88b2-3ac707f72f41,장안스포츠,운동용품,공주산성 활성화구역,상권활성화구역,충청남도,3.0,3.0,,,RESOLVED_AGREEMENT,False,3,,,,
45133f6e4798e5fc7410,val,운동,T4 구어·문장,q_운동_10,운동용품 파는 곳,문화·여가 중 '운동'을 판매·제공하는 매장,54ec1ef3-2e36-4764-84e5-6f64c4e63410,유니콘체육사,운동용품,개포동 구마을 골목형상점가,골목형상점가,서울특별시,3.0,3.0,,,RESOLVED_AGREEMENT,False,3,,,,
bd919a2c92c1e3c5f327,val,운동,T4 구어·문장,q_운동_10,운동용품 파는 곳,문화·여가 중 '운동'을 판매·제공하는 매장,a5bffe95-5e3d-4517-b383-e2e82ad3274e,마실파크골프노원점,운동용품,상계중앙시장,전통시장,서울특별시,3.0,3.0,,,RESOLVED_AGREEMENT,False,3,,,,
71466b29d023b0041393,val,운동,T4 구어·문장,q_운동_10,운동용품 파는 곳,문화·여가 중 '운동'을 판매·제공하는 매장,9dbfa292-9ffb-4fd5-b7c7-b1cad151dbf4,도담에듀,운동용품,공주산성 활성화구역,전통시장,충청남도,3.0,3.0,,,RESOLVED_AGREEMENT,False,3,,,,
abb213c0a76ee84bd91a,val,운동,T4 구어·문장,q_운동_10,운동용품 파는 곳,문화·여가 중 '운동'을 판매·제공하는 매장,06a9d0d7-98d4-46de-ba60-78844e443b35,올나잇 피트니스 주식회사,피트니스,부평테마의거리 골목형 상점가,골목형상점가,인천광역시,2.0,3.0,,,P2_GRADED_ONLY,True,,,,,
c81b83a66e61e67b6efe,val,운동,T4 구어·문장,q_운동_10,운동용품 파는 곳,문화·여가 중 '운동'을 판매·제공하는 매장,745151de-fbf7-40bb-8172-4e8bc00534ee,여성크로커다일,의류 운동용품,서부시장상점가(서부시장 통합),전통시장,전북특별자치도,3.0,3.0,,,RESOLVED_AGREEMENT,False,3,,,,
4267219c68231574ce43,val,운동,T4 구어·문장,q_운동_10,운동용품 파는 곳,문화·여가 중 '운동'을 판매·제공하는 매장,033d99e2-0579-45d7-9d48-d999b90dd98a,M필라테스&요가,"필라테스, 요가",조종시장,전통시장,경기도,2.0,3.0,,,P2_GRADED_ONLY,True,,,,,
621776ce0f9463f1f98d,val,운동,T4 구어·문장,q_운동_10,운동용품 파는 곳,문화·여가 중 '운동'을 판매·제공하는 매장,00c4a045-8aa5-4995-8313-806b7fcab6ff,남스짐천왕점 헬스PT,,천왕마을 골목형상점가,골목형상점가,서울특별시,2.0,3.0,,,P2_GRADED_ONLY,True,,,,,
879e3e2bbb66ba013fac,val,운동,T4 구어·문장,q_운동_10,운동용품 파는 곳,문화·여가 중 '운동'을 판매·제공하는 매장,d4741c71-607c-4548-b229-eed54df8f900,어울림,"운동용품, 중고의류",창동역 상점가,자율상권구역,서울특별시,3.0,3.0,,,RESOLVED_AGREEMENT,False,3,,,,
fa8898fd24b586b0f021,val,운동,T4 구어·문장,q_운동_11,웨이트 운동하는 곳,문화·여가 중 '운동'을 판매·제공하는 매장,13a15c0b-7143-4162-b2f1-7ae9f203b5d7,네일하는 소리,네일,오구구오골목형상점가,골목형상점가,경기도,0.0,0.0,,,RESOLVED_AGREEMENT,False,0,,,,
c3a4b0356efd7c328008,val,운동,T4 구어·문장,q_운동_11,웨이트 운동하는 곳,문화·여가 중 '운동'을 판매·제공하는 매장,c5076905-b019-42b6-92b1-bdc250981921,운동하기 좋은날,체력단련 서비스,배방월천 골목형상점가,골목형상점가,충청남도,2.0,3.0,,,P2_GRADED_ONLY,True,,,,,
8fe1248398f9439fa62b,val,운동,T4 구어·문장,q_운동_11,웨이트 운동하는 곳,문화·여가 중 '운동'을 판매·제공하는 매장,349e8e97-6fc2-4621-80ca-cbc4b94d3cbb,웨이루쿼쿠이홍대점,잡화,홍대소상공인 상점가,자율상권구역,서울특별시,0.0,0.0,,,RESOLVED_AGREEMENT,False,0,,,,
2ad6dc52fb2cbb66fe83,val,운동,T4 구어·문장,q_운동_11,웨이트 운동하는 곳,문화·여가 중 '운동'을 판매·제공하는 매장,040428ab-1a04-452f-8b35-c7c3c993cad8,누아요가,요가,현대센트럴스퀘어,골목형상점가,경기도,3.0,3.0,,,RESOLVED_AGREEMENT,False,3,,,,
03a17bee117730528efa,val,운동,T4 구어·문장,q_운동_11,웨이트 운동하는 곳,문화·여가 중 '운동'을 판매·제공하는 매장,abe34899-dbe6-4db2-8ece-c9082a9d8dae,데이지 운동센터,운동 서비스,운수대통 골목형상점가,골목형상점가,광주광역시,3.0,3.0,,,RESOLVED_AGREEMENT,False,3,,,,
82398b04ad27328f93a9,val,운동,T4 구어·문장,q_운동_11,웨이트 운동하는 곳,문화·여가 중 '운동'을 판매·제공하는 매장,01a5e178-ba34-4e15-ac4d-07a398900593,가자점핑다이어트클럽,"점핑, 요가",문흥2동 골목형상점가,골목형상점가,광주광역시,3.0,3.0,,,RESOLVED_AGREEMENT,False,3,,,,
f1bbc4aa14d234e053a0,val,운동,T4 구어·문장,q_운동_11,웨이트 운동하는 곳,문화·여가 중 '운동'을 판매·제공하는 매장,24456103-f6b8-46af-8655-82e61d7265d8,커피가 머무르는 곳,커피,반드레길골목형상점가,골목형상점가,서울특별시,0.0,0.0,,,RESOLVED_AGREEMENT,False,0,,,,
955fd7289119a6b7551d,val,운동,T4 구어·문장,q_운동_11,웨이트 운동하는 곳,문화·여가 중 '운동'을 판매·제공하는 매장,f5315563-b55b-46e3-aab3-845ee2223ff1,운동화손세탁,운동화세탁,상대원1동 해피마을 골목형상점가,골목형상점가,경기도,3.0,3.0,,,RESOLVED_AGREEMENT,False,3,,,,
7354e4a04b1a8be85259,val,운동,T4 구어·문장,q_운동_11,웨이트 운동하는 곳,문화·여가 중 '운동'을 판매·제공하는 매장,020180c1-e676-4f99-84db-9b56504222f2,아름드리 필라테스&PT,필라테스요가바레필라테스,아름드리 골목형상점가,골목형상점가,세종특별자치시,3.0,3.0,,,RESOLVED_AGREEMENT,False,3,,,,
18d3904c3ed8344c851a,val,운동,T4 구어·문장,q_운동_11,웨이트 운동하는 곳,문화·여가 중 '운동'을 판매·제공하는 매장,0066174b-64aa-428a-b8d6-f9bae4107429,크로스핏 엘리트짐,기능성운동,노은역 골목형상점가,골목형상점가,대전광역시,3.0,3.0,,,RESOLVED_AGREEMENT,False,3,,,,
3fb63f2c4539a05ed794,val,운동,T4 구어·문장,q_운동_11,웨이트 운동하는 곳,문화·여가 중 '운동'을 판매·제공하는 매장,06f75bcb-8c04-46f9-9315-b56a3f1d7a63,스윙&플라멩고,운동복,대현프리몰 대구점,일반지하상점가,대구광역시,3.0,3.0,,,RESOLVED_AGREEMENT,False,3,,,,
faa873cfe720ad4db028,val,운동,T4 구어·문장,q_운동_11,웨이트 운동하는 곳,문화·여가 중 '운동'을 판매·제공하는 매장,154a1f80-f7e4-4efe-9213-a311e2b2308c,웨이브맨즈샵,이용,솔올중앞골목형상점가,골목형상점가,강원특별자치도,0.0,0.0,,,RESOLVED_AGREEMENT,False,0,,,,
7c4a763a0b4ba75630bf,val,운동,T4 구어·문장,q_운동_11,웨이트 운동하는 곳,문화·여가 중 '운동'을 판매·제공하는 매장,86d33132-ef3f-49c3-a57e-344c3b22efcb,웨이브헤어,미용,창원 성원그랜드쇼핑상가,전통시장,경상남도,0.0,0.0,,,RESOLVED_AGREEMENT,False,0,,,,
421a8663f234769abe41,val,운동,T4 구어·문장,q_운동_11,웨이트 운동하는 곳,문화·여가 중 '운동'을 판매·제공하는 매장,bfa30d0f-05a8-4939-b01b-1ee120837936,운동화목욕한날,운동화세탁,용운시장,전통시장,대전광역시,3.0,3.0,,,RESOLVED_AGREEMENT,False,3,,,,
ee1dc253982abbe3081f,val,운동,T4 구어·문장,q_운동_11,웨이트 운동하는 곳,문화·여가 중 '운동'을 판매·제공하는 매장,ce17ef2e-cfd9-4300-ac87-e660ac32d9b2,화이트,의류,정읍중앙로상점가,자율상권구역,전북특별자치도,1.0,1.0,,,RESOLVED_AGREEMENT,False,1,,,,
d623ef0c393e65f1f5f7,val,운동,T4 구어·문장,q_운동_11,웨이트 운동하는 곳,문화·여가 중 '운동'을 판매·제공하는 매장,3ecfae61-cfbc-4676-9a70-2f8daafd0654,역전꽈배기 부천점,분식,원종고강제일시장(부천제일시장),전통시장,경기도,0.0,0.0,,,RESOLVED_AGREEMENT,False,0,,,,
9388e183648dac515a4d,val,운동,T4 구어·문장,q_운동_11,웨이트 운동하는 곳,문화·여가 중 '운동'을 판매·제공하는 매장,bffab68c-d149-467a-82d6-a62ae3db58ad,더화이트,의류,행복상점가,자율상권구역,경상북도,1.0,1.0,,,RESOLVED_AGREEMENT,False,1,,,,
a621cd53222989d68c8f,val,운동,T4 구어·문장,q_운동_11,웨이트 운동하는 곳,문화·여가 중 '운동'을 판매·제공하는 매장,be9f8c61-892c-48ed-a49d-b63bd032c025,소곳,의류,고투몰(강남터미널지하도상점가),일반지하상점가,서울특별시,1.0,1.0,,,RESOLVED_AGREEMENT,False,1,,,,
b44e1d4c18da726269b6,val,운동,T4 구어·문장,q_운동_11,웨이트 운동하는 곳,문화·여가 중 '운동'을 판매·제공하는 매장,00158f51-4d3a-4ac0-9e38-b37552f5e097,지지배,의류,나주금빛상점가,자율상권구역,전라남도,1.0,1.0,,,RESOLVED_AGREEMENT,False,1,,,,
53badd44ed9f590c0cad,val,운동,T4 구어·문장,q_운동_11,웨이트 운동하는 곳,문화·여가 중 '운동'을 판매·제공하는 매장,00124602-ef4e-472c-91ee-de53b28d7530,화이트,의류,울산번개시장,전통시장,울산광역시,1.0,1.0,,,RESOLVED_AGREEMENT,False,1,,,,
98d3002248b67edaf260,val,운동,T4 구어·문장,q_운동_11,웨이트 운동하는 곳,문화·여가 중 '운동'을 판매·제공하는 매장,d8e6fbac-fedf-421d-900e-a560e5d14d30,스폿라이트,,동성로상점가,자율상권구역,대구광역시,,0.0,Y,,P0_UNCERTAIN_OR_MISSING,True,,,,,
3b0d8b60d4d628bdaaae,val,운동,T4 구어·문장,q_운동_11,웨이트 운동하는 곳,문화·여가 중 '운동'을 판매·제공하는 매장,81b4b249-d75e-4751-80dc-6d385f11424a,웨이비네일,네일,백운브릿지 골목형상점가,골목형상점가,광주광역시,0.0,0.0,,,RESOLVED_AGREEMENT,False,0,,,,
f18b0701ffd10909c425,val,운동,T4 구어·문장,q_운동_11,웨이트 운동하는 곳,문화·여가 중 '운동'을 판매·제공하는 매장,00172c94-61f0-4197-afeb-d7e8187c79b5,옷이예쁘다,의류,메트로센터(반월당지하쇼핑),일반지하상점가,대구광역시,1.0,1.0,,,RESOLVED_AGREEMENT,False,1,,,,
b19dd1d193a7f84cc97b,val,운동,T4 구어·문장,q_운동_11,웨이트 운동하는 곳,문화·여가 중 '운동'을 판매·제공하는 매장,033d99e2-0579-45d7-9d48-d999b90dd98a,M필라테스&요가,"필라테스, 요가",조종시장,전통시장,경기도,3.0,3.0,,,RESOLVED_AGREEMENT,False,3,,,,
f9886f0cd9b8a83dea80,val,운동,T4 구어·문장,q_운동_11,웨이트 운동하는 곳,문화·여가 중 '운동'을 판매·제공하는 매장,174022be-849b-457e-a8b2-63a7e3485909,스폿라이트,사진,엄사 골목형상점가,골목형상점가,충청남도,0.0,0.0,,,RESOLVED_AGREEMENT,False,0,,,,
a847b87080ab485570e3,val,운동,T4 구어·문장,q_운동_11,웨이트 운동하는 곳,문화·여가 중 '운동'을 판매·제공하는 매장,e0f4bfeb-424a-4ac4-9134-8c443fd053c8,화이트,,엑스포코아 골목형상점가,골목형상점가,대전광역시,,0.0,Y,,P0_UNCERTAIN_OR_MISSING,True,,,,,
26774211ed5de27da414,val,운동,T4 구어·문장,q_운동_11,웨이트 운동하는 곳,문화·여가 중 '운동'을 판매·제공하는 매장,07d89ce7-de40-4795-a10b-414cc1e269ef,매곡 천부경 명상센터,"명상수련, 요가",매곡동 골목형상점가,골목형상점가,광주광역시,3.0,3.0,,,RESOLVED_AGREEMENT,False,3,,,,
4f592d54010283519a8c,val,운동,T4 구어·문장,q_운동_11,웨이트 운동하는 곳,문화·여가 중 '운동'을 판매·제공하는 매장,9fc35c6f-2f9a-4b20-abeb-000ab840d793,웨이비헤어,미용실,전남대후문골목형상점가,골목형상점가,광주광역시,0.0,0.0,,,RESOLVED_AGREEMENT,False,0,,,,
141b864defe88dd354f9,val,운동,T4 구어·문장,q_운동_11,웨이트 운동하는 곳,문화·여가 중 '운동'을 판매·제공하는 매장,a49b2212-4418-45f7-9d0b-a0dfb325dd60,폴링인점핑,운동,노량진만나로골목형상점가,골목형상점가,서울특별시,3.0,3.0,,,RESOLVED_AGREEMENT,False,3,,,,
5e645bd4aba4ce05cf99,val,운동,T4 구어·문장,q_운동_11,웨이트 운동하는 곳,문화·여가 중 '운동'을 판매·제공하는 매장,87dcea56-a04c-43c2-9a78-3ecb4b09ebd0,머리하는 풍경,두발,화정금화로상인회 골목형상점가,골목형상점가,광주광역시,0.0,0.0,,,RESOLVED_AGREEMENT,False,0,,,,
61c81988df9e3cb7e02b,val,운동,T4 구어·문장,q_운동_11,웨이트 운동하는 곳,문화·여가 중 '운동'을 판매·제공하는 매장,842f6cf1-6411-4f4b-be23-746d79e31656,섬곳,한식,플레이사계 지오단길 골목형상점가,골목형상점가,제주특별자치도,0.0,0.0,,,RESOLVED_AGREEMENT,False,0,,,,
997daf407912aaf72202,val,운동,T4 구어·문장,q_운동_11,웨이트 운동하는 곳,문화·여가 중 '운동'을 판매·제공하는 매장,36f4d9e2-889a-4168-b518-51e2ddf773df,킴스휘트니스클리닉,피트니스,아름동상점가,자율상권구역,세종특별자치시,3.0,3.0,,,RESOLVED_AGREEMENT,False,3,,,,
30a45f29097691ee64fb,val,운동,T4 구어·문장,q_운동_11,웨이트 운동하는 곳,문화·여가 중 '운동'을 판매·제공하는 매장,000a92b3-0b5e-429e-af00-f86e3570e24b,클로버,의류,관문상가시장,전통시장,대구광역시,1.0,1.0,,,RESOLVED_AGREEMENT,False,1,,,,
957b9ba7e06c7ded03c1,val,운동,T4 구어·문장,q_운동_11,웨이트 운동하는 곳,문화·여가 중 '운동'을 판매·제공하는 매장,09815d92-d0f0-4c87-b4fa-1194f86c53c0,유성프로스펙스,"스포츠의류, 용품",장대동패션상가 골목형상점가,골목형상점가,대전광역시,3.0,1.0,,,P1_BINARY_THRESHOLD,True,,,,,
b8f7193293bd72b165fd,val,운동,T4 구어·문장,q_운동_11,웨이트 운동하는 곳,문화·여가 중 '운동'을 판매·제공하는 매장,9c036967-8637-45f9-8074-c9534fa3260b,웨이비헤어,서비스업,충장로45가 상점가,자율상권구역,광주광역시,0.0,0.0,,,RESOLVED_AGREEMENT,False,0,,,,
9f6d8f56052e3f97805e,val,운동,T4 구어·문장,q_운동_11,웨이트 운동하는 곳,문화·여가 중 '운동'을 판매·제공하는 매장,0a7de62f-b294-412c-b700-0642397eca30,다이나핏 김포장기점,"스포츠 의류, 용품",김포장기패션아울렛,골목형상점가,경기도,3.0,1.0,,,P1_BINARY_THRESHOLD,True,,,,,
6f4d1a7f4e921b43f659,val,운동,T4 구어·문장,q_운동_11,웨이트 운동하는 곳,문화·여가 중 '운동'을 판매·제공하는 매장,d8d78a6f-ba86-4032-9d06-8f6dbd3a3dda,미술하는 아이들,공방,조종시장,전통시장,경기도,0.0,0.0,,,RESOLVED_AGREEMENT,False,0,,,,
b290dc5ac83e737403bd,val,운동,T4 구어·문장,q_운동_11,웨이트 운동하는 곳,문화·여가 중 '운동'을 판매·제공하는 매장,00a27d0e-2216-4ff5-94fe-7acd76db3da3,짐자반 헬스 PT 하남시청역점,"헬스장 회원권, 개인레슨",덕풍전통시장,전통시장,경기도,3.0,3.0,,,RESOLVED_AGREEMENT,False,3,,,,
a93c76676be4c50cf276,val,운동,T4 구어·문장,q_운동_11,웨이트 운동하는 곳,문화·여가 중 '운동'을 판매·제공하는 매장,76a3551b-dae4-4326-92cc-662015aedbfb,쉴 곳,한식,칠성로상점가,자율상권구역,제주특별자치도,0.0,0.0,,,RESOLVED_AGREEMENT,False,0,,,,
bb799df19c09f8abed12,val,운동,T4 구어·문장,q_운동_11,웨이트 운동하는 곳,문화·여가 중 '운동'을 판매·제공하는 매장,018b2dd0-5613-482c-b714-e30dcfa584fd,씨엘 필라테스 안산고잔점,필라테스,도리섬상점가,자율상권구역,경기도,3.0,3.0,,,RESOLVED_AGREEMENT,False,3,,,,
5170c2103c2df3aab1d6,val,운동,T4 구어·문장,q_운동_11,웨이트 운동하는 곳,문화·여가 중 '운동'을 판매·제공하는 매장,44f0ae81-bd1f-489f-a26b-f17eae7ea79d,미용하는 강아지,,관저상가 골목형상점가,골목형상점가,대전광역시,0.0,0.0,,,RESOLVED_AGREEMENT,False,0,,,,
27e86b76e9cbbae2c84f,val,운동,T4 구어·문장,q_운동_11,웨이트 운동하는 곳,문화·여가 중 '운동'을 판매·제공하는 매장,07869d7b-4842-4e08-bfee-9f3c6a6330ff,화이트,,안양일번가 지하쇼핑몰,일반지하상점가,경기도,,0.0,Y,,P0_UNCERTAIN_OR_MISSING,True,,,,,
4b07b0d3b8f6d4a05c72,val,운동,T4 구어·문장,q_운동_11,웨이트 운동하는 곳,문화·여가 중 '운동'을 판매·제공하는 매장,89942b67-9644-483c-b271-d9c5fd43a422,웨이비,뷰티,상무원마륵상인회 골목형상점가,골목형상점가,광주광역시,0.0,0.0,,,RESOLVED_AGREEMENT,False,0,,,,
797bc2b930b0a35903ba,val,운동,T4 구어·문장,q_운동_11,웨이트 운동하는 곳,문화·여가 중 '운동'을 판매·제공하는 매장,03a9a083-e087-4541-9cdb-5af229cc78e0,웨이메이커 연기뮤지컬학원,교육,나성중앙 골목형상점가,골목형상점가,세종특별자치시,0.0,0.0,,,RESOLVED_AGREEMENT,False,0,,,,
be9ea412c4d7bc6f51fb,val,운동,T4 구어·문장,q_운동_11,웨이트 운동하는 곳,문화·여가 중 '운동'을 판매·제공하는 매장,b4f7ac86-fbbc-4134-af33-190e1b7fbe7c,힐스테이트,의류 운동화,힐스상인회 골목형상점가,골목형상점가,광주광역시,3.0,3.0,,,RESOLVED_AGREEMENT,False,3,,,,
871776255b3e0f0a068f,val,운동,T4 구어·문장,q_운동_11,웨이트 운동하는 곳,문화·여가 중 '운동'을 판매·제공하는 매장,deda607e-ada6-478d-bfa2-9785814b87bd,웨이브(WAVE),카페,목포원도심상점가,자율상권구역,전라남도,0.0,0.0,,,RESOLVED_AGREEMENT,False,0,,,,
be6db5b254616dfefa35,val,운동,T4 구어·문장,q_운동_11,웨이트 운동하는 곳,문화·여가 중 '운동'을 판매·제공하는 매장,38d70303-f616-4b1b-aefc-c4c924e5dfe1,머리하는 날,헤어컷,본촌마을길 골목형상점가,골목형상점가,광주광역시,0.0,0.0,,,RESOLVED_AGREEMENT,False,0,,,,
957e28ecfac759b6b9cf,val,운동,T4 구어·문장,q_운동_11,웨이트 운동하는 곳,문화·여가 중 '운동'을 판매·제공하는 매장,2743811c-5e71-4d2b-aa75-1b0147d44f2d,사우 꽃이 피는 곳,꽃,김포 풍년마을 골목형상점가,골목형상점가,경기도,0.0,0.0,,,RESOLVED_AGREEMENT,False,0,,,,
a9d9b14e02c35fab78ef,val,운동,T4 구어·문장,q_운동_11,웨이트 운동하는 곳,문화·여가 중 '운동'을 판매·제공하는 매장,ed73e61f-d4aa-4b8e-9e23-d2274a66eee5,머리하는 날,미용,송도용보 골목형상점가,골목형상점가,광주광역시,0.0,0.0,,,RESOLVED_AGREEMENT,False,0,,,,
800d3083c72c16e37965,val,운동,T4 구어·문장,q_운동_11,웨이트 운동하는 곳,문화·여가 중 '운동'을 판매·제공하는 매장,636a902d-0fd9-4293-ad2d-d40640741dde,웨이주짓수,,연신내골목형상점가,골목형상점가,서울특별시,,0.0,Y,,P0_UNCERTAIN_OR_MISSING,True,,,,,
c707d98f35825987403b,val,운동,T4 구어·문장,q_운동_11,웨이트 운동하는 곳,문화·여가 중 '운동'을 판매·제공하는 매장,eb2a5d46-a6b8-43ef-82b4-8963fa78c9ae,속초상회,생선,포항죽도시장,전통시장,경상북도,0.0,0.0,,,RESOLVED_AGREEMENT,False,0,,,,
04e6ec3f0c275336aebf,val,운동,T4 구어·문장,q_운동_11,웨이트 운동하는 곳,문화·여가 중 '운동'을 판매·제공하는 매장,35f62c74-3304-4a6c-a21f-28b253239019,하이무브 피트니스,피트니스 센터,산본로데오거리(구 산본중심상가),자율상권구역,경기도,3.0,3.0,,,RESOLVED_AGREEMENT,False,3,,,,
cb92971eabc8979b5583,val,운동,T4 구어·문장,q_운동_11,웨이트 운동하는 곳,문화·여가 중 '운동'을 판매·제공하는 매장,526d5226-5a90-4377-8ee7-cf95821bdcde,라탄하는 시간,공예품,담양중앙 골목형상점가,골목형상점가,전라남도,0.0,0.0,,,RESOLVED_AGREEMENT,False,0,,,,
cc85945268c549e5f3dd,val,운동,T4 구어·문장,q_운동_11,웨이트 운동하는 곳,문화·여가 중 '운동'을 판매·제공하는 매장,4421be0e-c382-4645-8649-931f5f32c103,카페게이트 운양역점,,골든타임 골목형상점가,골목형상점가,경기도,0.0,0.0,,,RESOLVED_AGREEMENT,False,0,,,,
45366c5bf10bf3bf9361,val,운동,T4 구어·문장,q_운동_11,웨이트 운동하는 곳,문화·여가 중 '운동'을 판매·제공하는 매장,6cf83595-97f8-416f-af1e-6c8131d8db01,버너스,운동,신봉하나로 골목형상점가,골목형상점가,경기도,3.0,3.0,,,RESOLVED_AGREEMENT,False,3,,,,
298b686b330050875fb6,val,운동,T4 구어·문장,q_운동_11,웨이트 운동하는 곳,문화·여가 중 '운동'을 판매·제공하는 매장,23d829b0-b996-49f6-b4e5-74cdeadfcd9f,웨이프(WAYP),카페,영등포구청역 3번출구 골목형상점가,골목형상점가,서울특별시,0.0,0.0,,,RESOLVED_AGREEMENT,False,0,,,,
51ad2586ce34349eca67,val,운동,T4 구어·문장,q_운동_11,웨이트 운동하는 곳,문화·여가 중 '운동'을 판매·제공하는 매장,08de408a-f260-4467-b375-768cbd50e14d,본소마메드짐 재활운동&PT,운동,용강동상점가,자율상권구역,서울특별시,3.0,3.0,,,RESOLVED_AGREEMENT,False,3,,,,
514c6779a30c53141cd5,val,운동,T4 구어·문장,q_운동_11,웨이트 운동하는 곳,문화·여가 중 '운동'을 판매·제공하는 매장,246c859f-de6a-46c6-8ba7-dd9a2d5a34c7,운동화 2500,운동화,봉선1로37번길 골목형상점가,골목형상점가,광주광역시,3.0,3.0,,,RESOLVED_AGREEMENT,False,3,,,,
405d1c0184a145ee5df6,val,운동,T4 구어·문장,q_운동_11,웨이트 운동하는 곳,문화·여가 중 '운동'을 판매·제공하는 매장,c0470f4d-a2ee-48fc-b464-e0f75f0a6232,현,회 퇴김 탕 구이 술,첨단청사초롱길 골목형상점가,골목형상점가,광주광역시,0.0,0.0,,,RESOLVED_AGREEMENT,False,0,,,,
25defcd47b8aef415e79,val,운동,T4 구어·문장,q_운동_11,웨이트 운동하는 곳,문화·여가 중 '운동'을 판매·제공하는 매장,2dfa0ff9-fc8a-4430-8011-64e04ef1abda,세무사양정임 김명선사무소,세무서비스,시청역상가번영회 골목형상점가,골목형상점가,광주광역시,0.0,0.0,,,RESOLVED_AGREEMENT,False,0,,,,
ca8d3d7866ac0aa6ba7a,val,운동,T4 구어·문장,q_운동_11,웨이트 운동하는 곳,문화·여가 중 '운동'을 판매·제공하는 매장,008fbd3f-35b4-431f-8ba5-fc8bcfe4bf83,제이에스피트니스,헬스,동림1 골목형상점가,골목형상점가,광주광역시,3.0,3.0,,,RESOLVED_AGREEMENT,False,3,,,,
2481166ee0c1fbacf47c,val,운동,T4 구어·문장,q_운동_11,웨이트 운동하는 곳,문화·여가 중 '운동'을 판매·제공하는 매장,21bfd845-8c16-4b67-809f-81a3833826c0,케이폴앤댄스,피트니스,남양역골로상점가,골목형상점가,경기도,3.0,3.0,,,RESOLVED_AGREEMENT,False,3,,,,
748b53a5c5a3158b43fc,val,운동,T4 구어·문장,q_운동_11,웨이트 운동하는 곳,문화·여가 중 '운동'을 판매·제공하는 매장,38a2d21d-5e3b-4e3b-b8e2-a0e960eb412a,웨이브미용실,미용,용정 골목형상점가,골목형상점가,대전광역시,0.0,0.0,,,RESOLVED_AGREEMENT,False,0,,,,
6d3b5cf9bce8d522dcb3,val,운동,T4 구어·문장,q_운동_11,웨이트 운동하는 곳,문화·여가 중 '운동'을 판매·제공하는 매장,00c4a045-8aa5-4995-8313-806b7fcab6ff,남스짐천왕점 헬스PT,,천왕마을 골목형상점가,골목형상점가,서울특별시,3.0,3.0,,,RESOLVED_AGREEMENT,False,3,,,,
d7182e3e70ffef140937,val,운동,T4 구어·문장,q_운동_11,웨이트 운동하는 곳,문화·여가 중 '운동'을 판매·제공하는 매장,0c653404-a68d-40b7-9ec9-471294950fad,운동하는날,피티,낙낙별길골목형상점가,골목형상점가,서울특별시,2.0,3.0,,,P2_GRADED_ONLY,True,,,,,
d72356f3f919448cba33,val,운동,T4 구어·문장,q_운동_11,웨이트 운동하는 곳,문화·여가 중 '운동'을 판매·제공하는 매장,00f8d2a4-8e38-485b-a09e-280a1aa0c326,라인엑스피티스튜디오,"헬스, PT",수지성복플러스 골목형상점가,골목형상점가,경기도,3.0,3.0,,,RESOLVED_AGREEMENT,False,3,,,,
5284525af11804a27f0d,val,운동,T4 구어·문장,q_운동_11,웨이트 운동하는 곳,문화·여가 중 '운동'을 판매·제공하는 매장,0080a859-c5d8-4b43-b14c-d5eb844118a0,헬스맨헬스걸,헬스장,비래동골목형상점가,골목형상점가,대전광역시,3.0,3.0,,,RESOLVED_AGREEMENT,False,3,,,,
81ca63ee667c6600ed98,val,운동,T4 구어·문장,q_운동_11,웨이트 운동하는 곳,문화·여가 중 '운동'을 판매·제공하는 매장,003adf4b-eb63-4fd3-92d3-e139c6f1c22d,새롬필라테스,필라테스,새롬동 골목형상점가,골목형상점가,세종특별자치시,3.0,3.0,,,RESOLVED_AGREEMENT,False,3,,,,
44a86aa64fde6b2d4f36,val,운동,T4 구어·문장,q_운동_11,웨이트 운동하는 곳,문화·여가 중 '운동'을 판매·제공하는 매장,d4bc1bc0-a4e5-4bfe-a03c-604321bf9c67,케이트,의류,㈜르네시떼,전통시장,부산광역시,1.0,1.0,,,RESOLVED_AGREEMENT,False,1,,,,
dce36bdabc1ff8f6cf30,val,운동,T4 구어·문장,q_운동_11,웨이트 운동하는 곳,문화·여가 중 '운동'을 판매·제공하는 매장,3dafc751-3be5-482a-b99b-370d5bd28d3d,영케이트,잡화,익산중앙시장,전통시장,전북특별자치도,0.0,0.0,,,RESOLVED_AGREEMENT,False,0,,,,
59cab3fdf2bf96ac8bf9,val,운동,T4 구어·문장,q_운동_11,웨이트 운동하는 곳,문화·여가 중 '운동'을 판매·제공하는 매장,c111ac9d-3f3a-405c-a8db-4d127ccda9e2,행복이 있는 곳,잡화,제주로얄쇼핑센터,자율상권구역,제주특별자치도,0.0,0.0,,,RESOLVED_AGREEMENT,False,0,,,,
288c2768d635f1278ebc,val,운동,T4 구어·문장,q_운동_11,웨이트 운동하는 곳,문화·여가 중 '운동'을 판매·제공하는 매장,dd8fbe19-2667-4b7a-9964-37056b5ddb09,메가엠지씨커피 목포대점,커피,청계면 목대후문 골목형상점가,골목형상점가,전라남도,0.0,0.0,,,RESOLVED_AGREEMENT,False,0,,,,
978c6736ef8d20620b08,val,운동,T4 구어·문장,q_운동_11,웨이트 운동하는 곳,문화·여가 중 '운동'을 판매·제공하는 매장,08bf522e-2d12-4ba2-95aa-344e372f90d7,수지패션,운동용품,원조낙지골목상점가,자율상권구역,전라남도,3.0,3.0,,,RESOLVED_AGREEMENT,False,3,,,,
8c5240a05f3805f0550e,val,운동,T4 구어·문장,q_운동_11,웨이트 운동하는 곳,문화·여가 중 '운동'을 판매·제공하는 매장,ce6e1965-4248-4d0f-88d8-f2ac38caa9c1,베이커리숨,제과제빵,학운 골목형상점가,골목형상점가,광주광역시,0.0,0.0,,,RESOLVED_AGREEMENT,False,0,,,,
79012382b823e003595f,val,운동,T4 구어·문장,q_운동_11,웨이트 운동하는 곳,문화·여가 중 '운동'을 판매·제공하는 매장,48ec2024-ee31-4ae0-bb8f-2126c5bfaa61,하다피트니스,피트니스,과천새서울프라자시장,전통시장,경기도,3.0,3.0,,,RESOLVED_AGREEMENT,False,3,,,,
f1431dad2c0401533b72,val,운동,T4 구어·문장,q_운동_11,웨이트 운동하는 곳,문화·여가 중 '운동'을 판매·제공하는 매장,03ccb4c2-62ef-44c1-8a3e-0822ee1f1d4a,화이트,,파워존 골목형상점가,골목형상점가,대전광역시,,0.0,Y,,P0_UNCERTAIN_OR_MISSING,True,,,,,
614f942fda0fa4380373,val,운동,T4 구어·문장,q_운동_11,웨이트 운동하는 곳,문화·여가 중 '운동'을 판매·제공하는 매장,0041f699-c619-48b9-b3a9-814af9905c66,GB트레이닝센터,운동,일곡동(제5지역:제1근린공원 건너편),골목형상점가,광주광역시,3.0,3.0,,,RESOLVED_AGREEMENT,False,3,,,,
dd3c0f9b15fafde7c0d5,val,운동,T4 구어·문장,q_운동_11,웨이트 운동하는 곳,문화·여가 중 '운동'을 판매·제공하는 매장,07466d2d-51a2-4c17-8dcf-1af1bfb6f868,금강랜드로바 원주점,운동화가죽신발등산용품,원주중앙로문화의거리,자율상권구역,강원특별자치도,3.0,3.0,,,RESOLVED_AGREEMENT,False,3,,,,
3edd81fb523df85e855f,val,운동,T4 구어·문장,q_운동_11,웨이트 운동하는 곳,문화·여가 중 '운동'을 판매·제공하는 매장,c9fcb61f-406f-433e-a898-972203c5bade,내가좋아하는,공예품,진주 중앙지하도상가,일반지하상점가,경상남도,0.0,0.0,,,RESOLVED_AGREEMENT,False,0,,,,
9560a334e8883219d906,val,운동,T4 구어·문장,q_운동_11,웨이트 운동하는 곳,문화·여가 중 '운동'을 판매·제공하는 매장,06a9d0d7-98d4-46de-ba60-78844e443b35,올나잇 피트니스 주식회사,피트니스,부평테마의거리 골목형 상점가,골목형상점가,인천광역시,3.0,3.0,,,RESOLVED_AGREEMENT,False,3,,,,
22c1a075c48da23d3da5,val,운동,T4 구어·문장,q_운동_11,웨이트 운동하는 곳,문화·여가 중 '운동'을 판매·제공하는 매장,6b74a996-79c8-48fa-aed5-3719e3e54d96,운동화2500,운동화 세탁,양산동 골목형상점가,골목형상점가,광주광역시,3.0,3.0,,,RESOLVED_AGREEMENT,False,3,,,,
6ae63520feb4dcb196ad,val,운동,T4 구어·문장,q_운동_11,웨이트 운동하는 곳,문화·여가 중 '운동'을 판매·제공하는 매장,00d5e821-820b-4f99-be01-4999464195f4,웨이즈커피,,청주대중앙로골목형상점가,골목형상점가,충청북도,0.0,0.0,,,RESOLVED_AGREEMENT,False,0,,,,
c64be8624e2980532888,val,운동,T4 구어·문장,q_운동_11,웨이트 운동하는 곳,문화·여가 중 '운동'을 판매·제공하는 매장,00a3eb8f-b86a-4b8c-933c-ffaee551fdba,신시아 필라테스,필라테스 센터,겸재한신길 골목형상점가,골목형상점가,서울특별시,3.0,3.0,,,RESOLVED_AGREEMENT,False,3,,,,
f97068a3223dcb11417d,val,운동,T4 구어·문장,q_운동_11,웨이트 운동하는 곳,문화·여가 중 '운동'을 판매·제공하는 매장,59be5267-6d48-4676-8afd-05c97cb766e2,금터민물매운탕,한식점업,반딧불이연무시장,전통시장,경기도,0.0,0.0,,,RESOLVED_AGREEMENT,False,0,,,,
8acf6aa07272a7f18a93,val,운동,T4 구어·문장,q_운동_11,웨이트 운동하는 곳,문화·여가 중 '운동'을 판매·제공하는 매장,00054f1d-4cae-4345-9975-1423bc49e4dc,착한아이들,의류,중앙전통시장,전통시장,울산광역시,1.0,1.0,,,RESOLVED_AGREEMENT,False,1,,,,
d462043310f9c022cadf,val,운동,T4 구어·문장,q_운동_11,웨이트 운동하는 곳,문화·여가 중 '운동'을 판매·제공하는 매장,132ddf2e-31d4-47f6-8a95-90b60160d21d,예닭,닭발 닭날개,송촌동상점가,자율상권구역,대전광역시,0.0,0.0,,,RESOLVED_AGREEMENT,False,0,,,,
a9fb705b891be2baa15f,val,운동,T4 구어·문장,q_운동_11,웨이트 운동하는 곳,문화·여가 중 '운동'을 판매·제공하는 매장,0214eb76-f204-4d4f-9645-f0444d2c5f33,베이글짐,헬스장,도담동 골목형상점가,골목형상점가,세종특별자치시,3.0,3.0,,,RESOLVED_AGREEMENT,False,3,,,,
417c06c3a0c6fea41614,val,운동,T4 구어·문장,q_운동_11,웨이트 운동하는 곳,문화·여가 중 '운동'을 판매·제공하는 매장,81daa6e5-04d4-46ec-9a09-2461470e9ea7,요가하는 나무,요가원,까치산시장,전통시장,서울특별시,3.0,3.0,,,RESOLVED_AGREEMENT,False,3,,,,
2f67d1b313198c14732f,val,운동,T4 구어·문장,q_운동_11,웨이트 운동하는 곳,문화·여가 중 '운동'을 판매·제공하는 매장,9834588e-7f5d-4762-b7cd-cf6235e64c72,웨이팅,의류,서문시장2지구 종합상가,전통시장,대구광역시,1.0,1.0,,,RESOLVED_AGREEMENT,False,1,,,,
9b3ce316ab939050c9af,val,운동,T4 구어·문장,q_운동_11,웨이트 운동하는 곳,문화·여가 중 '운동'을 판매·제공하는 매장,1c48ef6c-d475-4858-8aab-0ee9b8033fdb,면도하는 총각,,순천원도심상점가,자율상권구역,,,0.0,Y,,P0_UNCERTAIN_OR_MISSING,True,,,,,
b9bc02667c955824a476,val,운동,T4 구어·문장,q_운동_11,웨이트 운동하는 곳,문화·여가 중 '운동'을 판매·제공하는 매장,0151b1ea-e648-438b-83b0-efcf6f387e9b,크로스핏 터,운동 서비스,열매 골목형상점가,골목형상점가,대전광역시,3.0,3.0,,,RESOLVED_AGREEMENT,False,3,,,,
765ad29d20f7f4b1cfa3,val,운동,T4 구어·문장,q_운동_11,웨이트 운동하는 곳,문화·여가 중 '운동'을 판매·제공하는 매장,06261986-3eba-4244-b63f-397460d82f4a,이곳,미용,나주혁신도시 골목형상점가,골목형상점가,전라남도,0.0,0.0,,,RESOLVED_AGREEMENT,False,0,,,,
030f0a702926b32bd5db,val,운동,T4 구어·문장,q_운동_11,웨이트 운동하는 곳,문화·여가 중 '운동'을 판매·제공하는 매장,ecaa389d-be82-4903-a754-35399b13ea9b,운동다짐,운동강습,주월장산 골목형상점가,골목형상점가,광주광역시,3.0,3.0,,,RESOLVED_AGREEMENT,False,3,,,,
17cf4f0fe3705a99de4e,val,운동,T4 구어·문장,q_운동_11,웨이트 운동하는 곳,문화·여가 중 '운동'을 판매·제공하는 매장,eaa1e932-f25d-4a04-b242-ed193f3ed997,화이트,의류,남항시장,전통시장,부산광역시,1.0,1.0,,,RESOLVED_AGREEMENT,False,1,,,,
5745b6c3ea2a5ca6d326,val,운동,T4 구어·문장,q_운동_12,헬스할 데,문화·여가 중 '운동'을 판매·제공하는 매장,167afa6b-ba96-4720-a6a6-ae1a8dad4813,조거앤스웨트,헬스,혁신도시5구역골목형상점가,골목형상점가,강원특별자치도,3.0,3.0,,,RESOLVED_AGREEMENT,False,3,,,,
f949c442b53780790f14,val,운동,T4 구어·문장,q_운동_12,헬스할 데,문화·여가 중 '운동'을 판매·제공하는 매장,00172c94-61f0-4197-afeb-d7e8187c79b5,옷이예쁘다,의류,메트로센터(반월당지하쇼핑),일반지하상점가,대구광역시,1.0,1.0,,,RESOLVED_AGREEMENT,False,1,,,,
2e3b4e51682c23cd77ea,val,운동,T4 구어·문장,q_운동_12,헬스할 데,문화·여가 중 '운동'을 판매·제공하는 매장,00f8d2a4-8e38-485b-a09e-280a1aa0c326,라인엑스피티스튜디오,"헬스, PT",수지성복플러스 골목형상점가,골목형상점가,경기도,3.0,3.0,,,RESOLVED_AGREEMENT,False,3,,,,
b48205926b61b4bda6d8,val,운동,T4 구어·문장,q_운동_12,헬스할 데,문화·여가 중 '운동'을 판매·제공하는 매장,2a3bd187-aead-425a-85dd-772507c2650c,액티브짐 수완점 헬스PT,헬스,수완은빛마을,골목형상점가,광주광역시,3.0,3.0,,,RESOLVED_AGREEMENT,False,3,,,,
a8999906df6f3ce5c25e,val,운동,T4 구어·문장,q_운동_12,헬스할 데,문화·여가 중 '운동'을 판매·제공하는 매장,07d89ce7-de40-4795-a10b-414cc1e269ef,매곡 천부경 명상센터,"명상수련, 요가",매곡동 골목형상점가,골목형상점가,광주광역시,2.0,3.0,,,P2_GRADED_ONLY,True,,,,,
b01ccfb34ef383f27d36,val,운동,T4 구어·문장,q_운동_12,헬스할 데,문화·여가 중 '운동'을 판매·제공하는 매장,d9a483b3-ba11-41af-8485-3cf9f17c5770,다짐,헬스,수완나들목 골목형상점가,골목형상점가,광주광역시,3.0,3.0,,,RESOLVED_AGREEMENT,False,3,,,,
2509bdbf628aee25e8b5,val,운동,T4 구어·문장,q_운동_12,헬스할 데,문화·여가 중 '운동'을 판매·제공하는 매장,074ab624-d672-4af0-aefa-1e755549e6df,헬스클럽굿라이프,헬스장,엄사 골목형상점가,골목형상점가,충청남도,3.0,3.0,,,RESOLVED_AGREEMENT,False,3,,,,
453d270412076ad0da05,val,운동,T4 구어·문장,q_운동_12,헬스할 데,문화·여가 중 '운동'을 판매·제공하는 매장,c5dd664b-3ba0-4c8e-8c68-6f0dee53eb46,티엠짐,헬스,진천혁신골목형상점가,골목형상점가,충청북도,3.0,3.0,,,RESOLVED_AGREEMENT,False,3,,,,
12ebd068fbc3fd319c30,val,운동,T4 구어·문장,q_운동_12,헬스할 데,문화·여가 중 '운동'을 판매·제공하는 매장,01a5e178-ba34-4e15-ac4d-07a398900593,가자점핑다이어트클럽,"점핑, 요가",문흥2동 골목형상점가,골목형상점가,광주광역시,2.0,3.0,,,P2_GRADED_ONLY,True,,,,,
28858b7952d8fd42fc55,val,운동,T4 구어·문장,q_운동_12,헬스할 데,문화·여가 중 '운동'을 판매·제공하는 매장,000a92b3-0b5e-429e-af00-f86e3570e24b,클로버,의류,관문상가시장,전통시장,대구광역시,1.0,1.0,,,RESOLVED_AGREEMENT,False,1,,,,
fd6cd2871006071d6b45,val,운동,T4 구어·문장,q_운동_12,헬스할 데,문화·여가 중 '운동'을 판매·제공하는 매장,08bf522e-2d12-4ba2-95aa-344e372f90d7,수지패션,운동용품,원조낙지골목상점가,자율상권구역,전라남도,2.0,3.0,,,P2_GRADED_ONLY,True,,,,,
cee77c734eafb3beea7c,val,운동,T4 구어·문장,q_운동_12,헬스할 데,문화·여가 중 '운동'을 판매·제공하는 매장,6fb2e979-5f60-463d-8e58-474698c5b309,으뜸50안경 용인 죽전 점,안경 및 렌즈,죽전동 상생 골목형상점가,골목형상점가,경기도,0.0,0.0,,,RESOLVED_AGREEMENT,False,0,,,,
d7b3e6542f26578c2141,val,운동,T4 구어·문장,q_운동_12,헬스할 데,문화·여가 중 '운동'을 판매·제공하는 매장,be18581f-3461-48ec-b166-bd6ed3247ead,인서울핏 헬스PT,헬스&PT,경리단길 골목형상점가,골목형상점가,서울특별시,3.0,3.0,,,RESOLVED_AGREEMENT,False,3,,,,
f4045703fc4f06eda942,val,운동,T4 구어·문장,q_운동_12,헬스할 데,문화·여가 중 '운동'을 판매·제공하는 매장,0041f699-c619-48b9-b3a9-814af9905c66,GB트레이닝센터,운동,일곡동(제5지역:제1근린공원 건너편),골목형상점가,광주광역시,2.0,3.0,,,P2_GRADED_ONLY,True,,,,,
48b97a78a62382ccf1c5,val,운동,T4 구어·문장,q_운동_12,헬스할 데,문화·여가 중 '운동'을 판매·제공하는 매장,e96d211e-024b-4ae1-b65b-7f1228d8eb46,테크노헬스,헬스,대추골골목형상점가,골목형상점가,서울특별시,3.0,3.0,,,RESOLVED_AGREEMENT,False,3,,,,
24ffec81064b18bdda40,val,운동,T4 구어·문장,q_운동_12,헬스할 데,문화·여가 중 '운동'을 판매·제공하는 매장,8cac8c43-49c7-4d91-b51f-f9a730630a46,함마짐,헬스장,두정동상점가,자율상권구역,충청남도,3.0,3.0,,,RESOLVED_AGREEMENT,False,3,,,,
76403de9332fc9586b66,val,운동,T4 구어·문장,q_운동_12,헬스할 데,문화·여가 중 '운동'을 판매·제공하는 매장,06a9d0d7-98d4-46de-ba60-78844e443b35,올나잇 피트니스 주식회사,피트니스,부평테마의거리 골목형 상점가,골목형상점가,인천광역시,3.0,3.0,,,RESOLVED_AGREEMENT,False,3,,,,
3dab72213289ad301876,val,운동,T4 구어·문장,q_운동_12,헬스할 데,문화·여가 중 '운동'을 판매·제공하는 매장,7fbb06f8-99f3-47c5-b43c-bdd672ea31b5,스타헬스,헬스,"운남4,5단지 골목형상점가",골목형상점가,광주광역시,3.0,3.0,,,RESOLVED_AGREEMENT,False,3,,,,
58cb8f8af3670a025830,val,운동,T4 구어·문장,q_운동_12,헬스할 데,문화·여가 중 '운동'을 판매·제공하는 매장,328a1610-4d4f-4102-a5d8-6711b4741ecc,핏게이,헬스,신가동 골목형상점가,골목형상점가,광주광역시,3.0,3.0,,,RESOLVED_AGREEMENT,False,3,,,,
9107b7a3bcb50d1613f3,val,운동,T4 구어·문장,q_운동_12,헬스할 데,문화·여가 중 '운동'을 판매·제공하는 매장,f2f4ad43-92e5-43ee-83f3-184db9825843,리턴투핏,헬스,성덕중사거리,골목형상점가,광주광역시,3.0,3.0,,,RESOLVED_AGREEMENT,False,3,,,,
f9cbb8d27dda0a7bf5d9,val,운동,T4 구어·문장,q_운동_12,헬스할 데,문화·여가 중 '운동'을 판매·제공하는 매장,58ec2264-9bac-4b5a-8b1c-cfe3047d1624,헬스월드,헬스클럽,오치서산초 골목형상점가,골목형상점가,광주광역시,3.0,3.0,,,RESOLVED_AGREEMENT,False,3,,,,
3dcf01ab38bf828517d8,val,운동,T4 구어·문장,q_운동_12,헬스할 데,문화·여가 중 '운동'을 판매·제공하는 매장,b3d9e3f9-924e-40d5-afc1-355224046aa4,바디펙토리,헬스,지족동 골목형상점가,골목형상점가,대전광역시,3.0,3.0,,,RESOLVED_AGREEMENT,False,3,,,,
70e4d6f3a0820b5f08a1,val,운동,T4 구어·문장,q_운동_12,헬스할 데,문화·여가 중 '운동'을 판매·제공하는 매장,0214eb76-f204-4d4f-9645-f0444d2c5f33,베이글짐,헬스장,도담동 골목형상점가,골목형상점가,세종특별자치시,3.0,3.0,,,RESOLVED_AGREEMENT,False,3,,,,
50d53489b937c7f551b1,val,운동,T4 구어·문장,q_운동_12,헬스할 데,문화·여가 중 '운동'을 판매·제공하는 매장,dbdbb7e1-cdff-42fe-bd89-af4d8c22be0b,문재엄 헬스,헬스,어은누리 골목형상점가,골목형상점가,대전광역시,3.0,3.0,,,RESOLVED_AGREEMENT,False,3,,,,
6b3357e82ca3a85f6d76,val,운동,T4 구어·문장,q_운동_12,헬스할 데,문화·여가 중 '운동'을 판매·제공하는 매장,06f75bcb-8c04-46f9-9315-b56a3f1d7a63,스윙&플라멩고,운동복,대현프리몰 대구점,일반지하상점가,대구광역시,2.0,3.0,,,P2_GRADED_ONLY,True,,,,,
949165a6ec61561cd035,val,운동,T4 구어·문장,q_운동_12,헬스할 데,문화·여가 중 '운동'을 판매·제공하는 매장,14ffe4b2-bd20-4f16-b1dc-dd39c7d48648,바디플러스 헬스,헬스,진잠 골목형상점가,골목형상점가,대전광역시,3.0,3.0,,,RESOLVED_AGREEMENT,False,3,,,,
12aaf745c84dc96bcd4f,val,운동,T4 구어·문장,q_운동_12,헬스할 데,문화·여가 중 '운동'을 판매·제공하는 매장,09815d92-d0f0-4c87-b4fa-1194f86c53c0,유성프로스펙스,"스포츠의류, 용품",장대동패션상가 골목형상점가,골목형상점가,대전광역시,2.0,1.0,,,P1_BINARY_THRESHOLD,True,,,,,
706f16d8cc984913aff8,val,운동,T4 구어·문장,q_운동_12,헬스할 데,문화·여가 중 '운동'을 판매·제공하는 매장,00c4a045-8aa5-4995-8313-806b7fcab6ff,남스짐천왕점 헬스PT,,천왕마을 골목형상점가,골목형상점가,서울특별시,3.0,3.0,,,RESOLVED_AGREEMENT,False,3,,,,
2d3af2bf1b87e50f2c29,val,운동,T4 구어·문장,q_운동_12,헬스할 데,문화·여가 중 '운동'을 판매·제공하는 매장,0bb05f5f-0af9-4a9e-9d39-468084a918bb,다연주단,한복 천연염색,부산진시장,전통시장,부산광역시,0.0,0.0,,,RESOLVED_AGREEMENT,False,0,,,,
b15cc038477557b20b3c,val,운동,T4 구어·문장,q_운동_12,헬스할 데,문화·여가 중 '운동'을 판매·제공하는 매장,8735712b-267c-48c4-b708-c15b0ee68933,헬스방,헬스 식품소분 판매업,효덕마을 골목형상점가,골목형상점가,광주광역시,3.0,3.0,,,RESOLVED_AGREEMENT,False,3,,,,
a0b2ce5a83929ebdd733,val,운동,T4 구어·문장,q_운동_12,헬스할 데,문화·여가 중 '운동'을 판매·제공하는 매장,8b575c45-3054-4978-96a5-06428f1ba1a9,베델짐,헬스,한솔센터 골목형상점가,골목형상점가,세종특별자치시,3.0,3.0,,,RESOLVED_AGREEMENT,False,3,,,,
4b3dc1b34d6ba0e92704,val,운동,T4 구어·문장,q_운동_12,헬스할 데,문화·여가 중 '운동'을 판매·제공하는 매장,737843ba-b682-46bd-98fb-faddc92e6e04,더인핏 PT&헬스,헬스,고려쇼핑센터,전통시장,부산광역시,3.0,3.0,,,RESOLVED_AGREEMENT,False,3,,,,
f66a98157beec294b671,val,운동,T4 구어·문장,q_운동_12,헬스할 데,문화·여가 중 '운동'을 판매·제공하는 매장,0080a859-c5d8-4b43-b14c-d5eb844118a0,헬스맨헬스걸,헬스장,비래동골목형상점가,골목형상점가,대전광역시,3.0,3.0,,,RESOLVED_AGREEMENT,False,3,,,,
7b0cdc1ca3c41f8a40ca,val,운동,T4 구어·문장,q_운동_12,헬스할 데,문화·여가 중 '운동'을 판매·제공하는 매장,260638da-7a2b-40de-a30b-986292de3212,오늘헬스,헬스,금호상인회 골목형상점가,골목형상점가,광주광역시,3.0,3.0,,,RESOLVED_AGREEMENT,False,3,,,,
75590f48df42226da858,val,운동,T4 구어·문장,q_운동_12,헬스할 데,문화·여가 중 '운동'을 판매·제공하는 매장,b2506e39-9441-4364-a5d4-82b916bf5c8d,클럽훈짐 헬스 PT,헬스,월드상가골목형상점가,골목형상점가,인천광역시,3.0,3.0,,,RESOLVED_AGREEMENT,False,3,,,,
d466bcaa1f5695b79b44,val,운동,T4 구어·문장,q_운동_12,헬스할 데,문화·여가 중 '운동'을 판매·제공하는 매장,6245bf61-ba8b-4b60-91d9-610ca5c6e864,화정헬스,헬스,화정로상가상인회 골목형상점가,골목형상점가,광주광역시,3.0,3.0,,,RESOLVED_AGREEMENT,False,3,,,,
fb204440fbf1b3dac48c,val,운동,T4 구어·문장,q_운동_12,헬스할 데,문화·여가 중 '운동'을 판매·제공하는 매장,b0fa6140-a098-4d5c-bb00-a6e18dcc8081,설핏,헬스장,조원복길골목형상점가,골목형상점가,서울특별시,3.0,3.0,,,RESOLVED_AGREEMENT,False,3,,,,
786b211f100322b3be05,val,운동,T4 구어·문장,q_운동_12,헬스할 데,문화·여가 중 '운동'을 판매·제공하는 매장,16487cb2-f608-4373-948a-cfdc355d5dfd,카이로 헬스교실,헬스,선유로운골목형상점가,골목형상점가,서울특별시,3.0,3.0,,,RESOLVED_AGREEMENT,False,3,,,,
d9de519b21876e51cf51,val,운동,T4 구어·문장,q_운동_12,헬스할 데,문화·여가 중 '운동'을 판매·제공하는 매장,3db099fb-46e2-4bb4-9eb1-e2a78ded4639,토원공방,도자기,예스파크 상점가,자율상권구역,경기도,0.0,0.0,,,RESOLVED_AGREEMENT,False,0,,,,
f108b92e34d26d2126dd,val,운동,T4 구어·문장,q_운동_12,헬스할 데,문화·여가 중 '운동'을 판매·제공하는 매장,52bf8fa1-b035-4175-a853-e487655ff9c8,세진헬스,헬스,지범골목먹거리타운 골목형상점가,골목형상점가,대구광역시,3.0,3.0,,,RESOLVED_AGREEMENT,False,3,,,,
5b042bf570e6c5bbc3e8,val,운동,T4 구어·문장,q_운동_12,헬스할 데,문화·여가 중 '운동'을 판매·제공하는 매장,82ef23fe-994b-40c6-a018-27562ad2238b,순수헬스,헬스,금호운천로상인회 골목형상점가,골목형상점가,광주광역시,3.0,3.0,,,RESOLVED_AGREEMENT,False,3,,,,
a32d1957b070a52d654d,val,운동,T4 구어·문장,q_운동_12,헬스할 데,문화·여가 중 '운동'을 판매·제공하는 매장,08de408a-f260-4467-b375-768cbd50e14d,본소마메드짐 재활운동&PT,운동,용강동상점가,자율상권구역,서울특별시,2.0,3.0,,,P2_GRADED_ONLY,True,,,,,
1758c5f15ca26f7f98dc,val,운동,T4 구어·문장,q_운동_12,헬스할 데,문화·여가 중 '운동'을 판매·제공하는 매장,c69a4ab0-bd25-4463-a3b9-131f29d94287,헬스스타짐 구서점,헬스장,구서오시게시장,전통시장,부산광역시,3.0,3.0,,,RESOLVED_AGREEMENT,False,3,,,,
ab64b5b1536ca48ce9af,val,운동,T4 구어·문장,q_운동_12,헬스할 데,문화·여가 중 '운동'을 판매·제공하는 매장,00054f1d-4cae-4345-9975-1423bc49e4dc,착한아이들,의류,중앙전통시장,전통시장,울산광역시,1.0,1.0,,,RESOLVED_AGREEMENT,False,1,,,,
340a3ff7c65da4145d1b,val,운동,T4 구어·문장,q_운동_12,헬스할 데,문화·여가 중 '운동'을 판매·제공하는 매장,35f62c74-3304-4a6c-a21f-28b253239019,하이무브 피트니스,피트니스 센터,산본로데오거리(구 산본중심상가),자율상권구역,경기도,3.0,3.0,,,RESOLVED_AGREEMENT,False,3,,,,
26570c24fc1c47b0998a,val,운동,T4 구어·문장,q_운동_12,헬스할 데,문화·여가 중 '운동'을 판매·제공하는 매장,a5647bf7-e937-49e2-99ce-026cee3ca1ed,15짐,헬스,연신내골목형상점가,골목형상점가,서울특별시,3.0,3.0,,,RESOLVED_AGREEMENT,False,3,,,,
b2ba9ba75a8caa285844,val,운동,T4 구어·문장,q_운동_12,헬스할 데,문화·여가 중 '운동'을 판매·제공하는 매장,f25181de-4757-4b1d-8aba-acb7f3d507a0,wavegym 헬스&PT,헬스,송촌동상점가,자율상권구역,대전광역시,3.0,3.0,,,RESOLVED_AGREEMENT,False,3,,,,
2e79b2d760a9f02d4c54,val,운동,T4 구어·문장,q_운동_12,헬스할 데,문화·여가 중 '운동'을 판매·제공하는 매장,f4c2d17d-f51b-4c8f-a963-37de315abac7,더벨류짐,헬스,연남동골목형상점가,골목형상점가,서울특별시,3.0,3.0,,,RESOLVED_AGREEMENT,False,3,,,,
e8432c27f7add4f184df,val,운동,T4 구어·문장,q_운동_12,헬스할 데,문화·여가 중 '운동'을 판매·제공하는 매장,59f2746c-31a2-4dc2-8ae8-71f8f0f4f57f,빵빵해짐,헬스,이튼타워리버3차골목형상점가,골목형상점가,서울특별시,3.0,3.0,,,RESOLVED_AGREEMENT,False,3,,,,
576d6b801110cad83df3,val,운동,T4 구어·문장,q_운동_12,헬스할 데,문화·여가 중 '운동'을 판매·제공하는 매장,1300d2a7-caf0-456f-99ce-2dfb57a6e007,핫플짐,헬스,노은역 골목형상점가,골목형상점가,대전광역시,3.0,3.0,,,RESOLVED_AGREEMENT,False,3,,,,
84d5cb58abd6ce4e8a39,val,운동,T4 구어·문장,q_운동_12,헬스할 데,문화·여가 중 '운동'을 판매·제공하는 매장,00a3eb8f-b86a-4b8c-933c-ffaee551fdba,신시아 필라테스,필라테스 센터,겸재한신길 골목형상점가,골목형상점가,서울특별시,2.0,3.0,,,P2_GRADED_ONLY,True,,,,,
458d43d48e9086627381,val,운동,T4 구어·문장,q_운동_12,헬스할 데,문화·여가 중 '운동'을 판매·제공하는 매장,25d00068-c3e9-4e8d-be42-8afd170d7a6d,투빅짐,헬스,커낼워크상점가,골목형상점가,인천광역시,3.0,3.0,,,RESOLVED_AGREEMENT,False,3,,,,
9869036d0beb84d3c698,val,운동,T4 구어·문장,q_운동_12,헬스할 데,문화·여가 중 '운동'을 판매·제공하는 매장,003adf4b-eb63-4fd3-92d3-e139c6f1c22d,새롬필라테스,필라테스,새롬동 골목형상점가,골목형상점가,세종특별자치시,2.0,3.0,,,P2_GRADED_ONLY,True,,,,,
a673297c70233cb49db1,val,운동,T4 구어·문장,q_운동_12,헬스할 데,문화·여가 중 '운동'을 판매·제공하는 매장,f2f063ae-7072-4cb5-9b2b-3bf2574518ed,고운짐,헬스,"가락마을 1,2단지 골목형상점가(가락마을 1,2단지 상인회)",골목형상점가,세종특별자치시,3.0,3.0,,,RESOLVED_AGREEMENT,False,3,,,,
e0f3865f1b9adb53d436,val,운동,T4 구어·문장,q_운동_12,헬스할 데,문화·여가 중 '운동'을 판매·제공하는 매장,06de0404-2630-4900-b09c-405825ed5212,평생헬스,헬스,화순중앙로골목형상점가,골목형상점가,전라남도,3.0,3.0,,,RESOLVED_AGREEMENT,False,3,,,,
e0e72392f9cbe5c754d1,val,운동,T4 구어·문장,q_운동_12,헬스할 데,문화·여가 중 '운동'을 판매·제공하는 매장,00124602-ef4e-472c-91ee-de53b28d7530,화이트,의류,울산번개시장,전통시장,울산광역시,1.0,1.0,,,RESOLVED_AGREEMENT,False,1,,,,
da449d2c9fddcbf62487,val,운동,T4 구어·문장,q_운동_12,헬스할 데,문화·여가 중 '운동'을 판매·제공하는 매장,0066174b-64aa-428a-b8d6-f9bae4107429,크로스핏 엘리트짐,기능성운동,노은역 골목형상점가,골목형상점가,대전광역시,2.0,3.0,,,P2_GRADED_ONLY,True,,,,,
f7ad59d1e60f5be3c464,val,운동,T4 구어·문장,q_운동_12,헬스할 데,문화·여가 중 '운동'을 판매·제공하는 매장,bc522304-684b-4362-ab04-08be5b99adb6,미앤강,헬스,오월첫동네 골목형상점가,골목형상점가,광주광역시,3.0,3.0,,,RESOLVED_AGREEMENT,False,3,,,,
408a08ecd236a789a5db,val,운동,T4 구어·문장,q_운동_12,헬스할 데,문화·여가 중 '운동'을 판매·제공하는 매장,00a27d0e-2216-4ff5-94fe-7acd76db3da3,짐자반 헬스 PT 하남시청역점,"헬스장 회원권, 개인레슨",덕풍전통시장,전통시장,경기도,3.0,3.0,,,RESOLVED_AGREEMENT,False,3,,,,
46bef67910e16991d43e,val,운동,T4 구어·문장,q_운동_12,헬스할 데,문화·여가 중 '운동'을 판매·제공하는 매장,d68b086c-70b8-4b8e-83ec-d36446c4d972,헬스와보충제,헬스용품,부평역지하상가,일반지하상점가,인천광역시,3.0,3.0,,,RESOLVED_AGREEMENT,False,3,,,,
150935c05c30d7b52c60,val,운동,T4 구어·문장,q_운동_12,헬스할 데,문화·여가 중 '운동'을 판매·제공하는 매장,4fb963a2-ec5c-4e0d-a011-0dbc40952e5c,루포짐,헬스,운남골목 골목형상점가,골목형상점가,광주광역시,3.0,3.0,,,RESOLVED_AGREEMENT,False,3,,,,
dd12e0e711f6611e9f57,val,운동,T4 구어·문장,q_운동_12,헬스할 데,문화·여가 중 '운동'을 판매·제공하는 매장,2ab950bb-d70f-4617-a1a2-df5a0c791689,애플 피트니스 헬스&PT,헬스,평창동 골목형상점가,골목형상점가,서울특별시,3.0,3.0,,,RESOLVED_AGREEMENT,False,3,,,,
69fab50dace3faafb6d8,val,운동,T4 구어·문장,q_운동_12,헬스할 데,문화·여가 중 '운동'을 판매·제공하는 매장,2f7484dc-68da-481a-b7bf-fd027e058cf6,헬스킹 PT 헬스,헬스시설,매탄중심상가 골목형상점가,골목형상점가,경기도,3.0,3.0,,,RESOLVED_AGREEMENT,False,3,,,,
cac7c6ed277537d92698,val,운동,T4 구어·문장,q_운동_12,헬스할 데,문화·여가 중 '운동'을 판매·제공하는 매장,9e998694-e7a4-43c3-baef-9279d201f328,열정헬스,헬스,신용동 대성빌딩 골목형상점가,골목형상점가,광주광역시,3.0,3.0,,,RESOLVED_AGREEMENT,False,3,,,,
accf3745085c17a5fcf9,val,운동,T4 구어·문장,q_운동_12,헬스할 데,문화·여가 중 '운동'을 판매·제공하는 매장,80989184-1d44-4f8e-81f2-c801f7ac111e,바디웍,헬스,다산지금상점가,골목형상점가,경기도,3.0,3.0,,,RESOLVED_AGREEMENT,False,3,,,,
4a48c8fb4e282ca72a7f,val,운동,T4 구어·문장,q_운동_12,헬스할 데,문화·여가 중 '운동'을 판매·제공하는 매장,040428ab-1a04-452f-8b35-c7c3c993cad8,누아요가,요가,현대센트럴스퀘어,골목형상점가,경기도,2.0,3.0,,,P2_GRADED_ONLY,True,,,,,
59c7f24864ff3031b1ec,val,운동,T4 구어·문장,q_운동_12,헬스할 데,문화·여가 중 '운동'을 판매·제공하는 매장,282b0e8b-051c-49f9-a707-b982df803589,까라벨라 데 오르,스파게티,동명동 카페거리 골목형상점가,골목형상점가,광주광역시,0.0,0.0,,,RESOLVED_AGREEMENT,False,0,,,,
ba57c833441603f8aa1b,val,운동,T4 구어·문장,q_운동_12,헬스할 데,문화·여가 중 '운동'을 판매·제공하는 매장,5e99ffe9-d666-4eb4-a37b-69f0f9389ba8,짐버튼,헬스,빛가람 하나로 골목형상점가,골목형상점가,전라남도,3.0,3.0,,,RESOLVED_AGREEMENT,False,3,,,,
1c6a42243fc6a5a24ae3,val,운동,T4 구어·문장,q_운동_12,헬스할 데,문화·여가 중 '운동'을 판매·제공하는 매장,020180c1-e676-4f99-84db-9b56504222f2,아름드리 필라테스&PT,필라테스요가바레필라테스,아름드리 골목형상점가,골목형상점가,세종특별자치시,2.0,3.0,,,P2_GRADED_ONLY,True,,,,,
034cca10b32154363f5c,val,운동,T4 구어·문장,q_운동_12,헬스할 데,문화·여가 중 '운동'을 판매·제공하는 매장,21bfd845-8c16-4b67-809f-81a3833826c0,케이폴앤댄스,피트니스,남양역골로상점가,골목형상점가,경기도,3.0,3.0,,,RESOLVED_AGREEMENT,False,3,,,,
2921634155c5322cac82,val,운동,T4 구어·문장,q_운동_12,헬스할 데,문화·여가 중 '운동'을 판매·제공하는 매장,439c73ac-5c35-40aa-ac90-ece71c1f144a,다짐,헬스,아름드리 골목형상점가,골목형상점가,세종특별자치시,3.0,3.0,,,RESOLVED_AGREEMENT,False,3,,,,
b87bb3facec726d16b3f,val,운동,T4 구어·문장,q_운동_12,헬스할 데,문화·여가 중 '운동'을 판매·제공하는 매장,ccb94eae-2e5a-4dc6-8831-926edacab9ca,패러다임짐,헬스,서재소상공인연합회,골목형상점가,대구광역시,3.0,3.0,,,RESOLVED_AGREEMENT,False,3,,,,
115b7aa6fc5fa91c337b,val,운동,T4 구어·문장,q_운동_12,헬스할 데,문화·여가 중 '운동'을 판매·제공하는 매장,fcaaffb2-32bb-4e9e-84a5-faf51d51e8e0,만호헬스,헬스,죽산시장,전통시장,경기도,3.0,3.0,,,RESOLVED_AGREEMENT,False,3,,,,
bdf22fc5966f40f2c127,val,운동,T4 구어·문장,q_운동_12,헬스할 데,문화·여가 중 '운동'을 판매·제공하는 매장,00158f51-4d3a-4ac0-9e38-b37552f5e097,지지배,의류,나주금빛상점가,자율상권구역,전라남도,1.0,1.0,,,RESOLVED_AGREEMENT,False,1,,,,
dac314abeda8db4cb702,val,운동,T4 구어·문장,q_운동_12,헬스할 데,문화·여가 중 '운동'을 판매·제공하는 매장,5a793e75-a08d-44e9-ba4a-47b0208c748b,파프리카짐,헬스,목양마을 골목형상점가,골목형상점가,대전광역시,3.0,3.0,,,RESOLVED_AGREEMENT,False,3,,,,
77bd8e973489790f437f,val,운동,T4 구어·문장,q_운동_12,헬스할 데,문화·여가 중 '운동'을 판매·제공하는 매장,84f17836-c202-4e79-94df-137b82325b5b,시장농산,한약재,의령전통시장,전통시장,경상남도,0.0,0.0,,,RESOLVED_AGREEMENT,False,0,,,,
e25429da6aecf6d3b343,val,운동,T4 구어·문장,q_운동_12,헬스할 데,문화·여가 중 '운동'을 판매·제공하는 매장,94d618e0-2284-4bca-8891-0db59a6d5dfe,전주식당,한식,강북북부골목시장 골목형상점가,골목형상점가,서울특별시,0.0,0.0,,,RESOLVED_AGREEMENT,False,0,,,,
c551f0988206ef82fa09,val,운동,T4 구어·문장,q_운동_12,헬스할 데,문화·여가 중 '운동'을 판매·제공하는 매장,36d46de0-3e5a-41e5-8f99-199e04c31a36,헬스대학 전남대점 헬스PT,,오월첫동네 골목형상점가,골목형상점가,,3.0,3.0,,,RESOLVED_AGREEMENT,False,3,,,,
a14de11d27c58769f304,val,운동,T4 구어·문장,q_운동_12,헬스할 데,문화·여가 중 '운동'을 판매·제공하는 매장,36f4d9e2-889a-4168-b518-51e2ddf773df,킴스휘트니스클리닉,피트니스,아름동상점가,자율상권구역,세종특별자치시,3.0,3.0,,,RESOLVED_AGREEMENT,False,3,,,,
b9a2a1db774ee8cbf14f,val,운동,T4 구어·문장,q_운동_12,헬스할 데,문화·여가 중 '운동'을 판매·제공하는 매장,018b2dd0-5613-482c-b714-e30dcfa584fd,씨엘 필라테스 안산고잔점,필라테스,도리섬상점가,자율상권구역,경기도,2.0,3.0,,,P2_GRADED_ONLY,True,,,,,
8a2cf795592055d44944,val,운동,T4 구어·문장,q_운동_12,헬스할 데,문화·여가 중 '운동'을 판매·제공하는 매장,abbdb97e-f126-42e3-ab69-94f5dc3f8045,왕렬이네횟집,수산물,소래포구전통어시장,전통시장,인천광역시,0.0,0.0,,,RESOLVED_AGREEMENT,False,0,,,,
ae01e83a93e845ec58f1,val,운동,T4 구어·문장,q_운동_12,헬스할 데,문화·여가 중 '운동'을 판매·제공하는 매장,cd0f481d-9369-4b02-8a9a-6cf66b07b9a7,원알엠,헬스,금암동 골목형상점가,골목형상점가,충청남도,3.0,3.0,,,RESOLVED_AGREEMENT,False,3,,,,
b2596fde90c6f7fbebc6,val,운동,T4 구어·문장,q_운동_12,헬스할 데,문화·여가 중 '운동'을 판매·제공하는 매장,f14df4d3-9858-4a8b-8597-20fd477d8e32,갤러리 데 루치아,가구,용인어정가구단지상점가,자율상권구역,경기도,0.0,0.0,,,RESOLVED_AGREEMENT,False,0,,,,
969cbd303ccfc9445e33,val,운동,T4 구어·문장,q_운동_12,헬스할 데,문화·여가 중 '운동'을 판매·제공하는 매장,48ec2024-ee31-4ae0-bb8f-2126c5bfaa61,하다피트니스,피트니스,과천새서울프라자시장,전통시장,경기도,3.0,3.0,,,RESOLVED_AGREEMENT,False,3,,,,
33ba7980ac2626943dad,val,운동,T4 구어·문장,q_운동_12,헬스할 데,문화·여가 중 '운동'을 판매·제공하는 매장,9fefa435-af1b-44f0-aba4-33964b16a97f,앰비션짐,헬스권 권,남사한숲 골목형상점가,골목형상점가,경기도,3.0,3.0,,,RESOLVED_AGREEMENT,False,3,,,,
9145631a7e3b8600ec2b,val,운동,T4 구어·문장,q_운동_12,헬스할 데,문화·여가 중 '운동'을 판매·제공하는 매장,af0be4e3-7515-4b1d-b830-d7d9a8213af3,정왕헬스,헬스장,정왕시장,전통시장,경기도,3.0,3.0,,,RESOLVED_AGREEMENT,False,3,,,,
84ef820b9a23f715ff65,val,운동,T4 구어·문장,q_운동_12,헬스할 데,문화·여가 중 '운동'을 판매·제공하는 매장,cbfbd0cc-c062-4d60-9f23-80844beb3270,헬스트론,,온누리상인회 골목형상점가,골목형상점가,광주광역시,3.0,3.0,,,RESOLVED_AGREEMENT,False,3,,,,
ff378ddb02517df57b14,val,운동,T4 구어·문장,q_운동_12,헬스할 데,문화·여가 중 '운동'을 판매·제공하는 매장,7fd32e1c-20ae-4f69-846c-e93d635e7a8a,"또, 옴",헬스,일곡동(제10지역:자연마을 전용주택단지) 골목형상점가,골목형상점가,광주광역시,3.0,3.0,,,RESOLVED_AGREEMENT,False,3,,,,
6a965c8a4fa51283f54e,val,운동,T4 구어·문장,q_운동_12,헬스할 데,문화·여가 중 '운동'을 판매·제공하는 매장,aba76fc2-984e-4030-ba01-e2e7d78264c7,데 아로즈 대전둔산본점,,갈리단길 골목형상점가,골목형상점가,대전광역시,,0.0,Y,,P0_UNCERTAIN_OR_MISSING,True,,,,,
488a1aaa516ff74e160a,val,운동,T4 구어·문장,q_운동_12,헬스할 데,문화·여가 중 '운동'을 판매·제공하는 매장,07466d2d-51a2-4c17-8dcf-1af1bfb6f868,금강랜드로바 원주점,운동화가죽신발등산용품,원주중앙로문화의거리,자율상권구역,강원특별자치도,2.0,3.0,,,P2_GRADED_ONLY,True,,,,,
9c155bc3ca6e64759b7e,val,운동,T4 구어·문장,q_운동_12,헬스할 데,문화·여가 중 '운동'을 판매·제공하는 매장,ee94c325-c2ad-4dc1-ab31-c0a63bdfde66,조짐 헬스 PT,헬스,용산지구 골목형상점가,골목형상점가,광주광역시,3.0,3.0,,,RESOLVED_AGREEMENT,False,3,,,,
e60f6c8eaffc6988a06f,val,운동,T4 구어·문장,q_운동_12,헬스할 데,문화·여가 중 '운동'을 판매·제공하는 매장,0a7de62f-b294-412c-b700-0642397eca30,다이나핏 김포장기점,"스포츠 의류, 용품",김포장기패션아울렛,골목형상점가,경기도,2.0,1.0,,,P1_BINARY_THRESHOLD,True,,,,,
8f600c88e1f3c3cc83c8,val,운동,T4 구어·문장,q_운동_12,헬스할 데,문화·여가 중 '운동'을 판매·제공하는 매장,3e0da107-93a2-4202-b68b-5443a89728e7,라라랜드,의류,하남 골목형상점가,골목형상점가,광주광역시,1.0,1.0,,,RESOLVED_AGREEMENT,False,1,,,,
81afa70627e7814a8029,val,운동,T4 구어·문장,q_운동_12,헬스할 데,문화·여가 중 '운동'을 판매·제공하는 매장,9b371a8e-3b8f-4936-9c6d-0906e7531015,커슬짐 헬스PT 봉덕점,헬스장,봉덕맛길 골목형상점가,골목형상점가,대구광역시,3.0,3.0,,,RESOLVED_AGREEMENT,False,3,,,,
a42ac276d37e9c637f1e,val,운동,T4 구어·문장,q_운동_12,헬스할 데,문화·여가 중 '운동'을 판매·제공하는 매장,008fbd3f-35b4-431f-8ba5-fc8bcfe4bf83,제이에스피트니스,헬스,동림1 골목형상점가,골목형상점가,광주광역시,3.0,3.0,,,RESOLVED_AGREEMENT,False,3,,,,
c8419bf8bed59c3c352c,val,운동,T4 구어·문장,q_운동_12,헬스할 데,문화·여가 중 '운동'을 판매·제공하는 매장,d74c83e3-5da2-4b1b-8707-21e8bcfd0dce,최육관,헬스,첨단강변로 골목형상점가,골목형상점가,광주광역시,3.0,3.0,,,RESOLVED_AGREEMENT,False,3,,,,
1335f50df2568a3550f7,val,운동,T4 구어·문장,q_운동_12,헬스할 데,문화·여가 중 '운동'을 판매·제공하는 매장,033d99e2-0579-45d7-9d48-d999b90dd98a,M필라테스&요가,"필라테스, 요가",조종시장,전통시장,경기도,2.0,3.0,,,P2_GRADED_ONLY,True,,,,,
62847d9afb34067947b8,val,운동,T4 구어·문장,q_운동_12,헬스할 데,문화·여가 중 '운동'을 판매·제공하는 매장,37f4da31-01d0-4a5e-beb6-00bbe79abc0d,히데,의류,춘천지하상가,일반지하상점가,강원특별자치도,1.0,1.0,,,RESOLVED_AGREEMENT,False,1,,,,
2b71c43f575dfb251af8,val,운동,T4 구어·문장,q_운동_12,헬스할 데,문화·여가 중 '운동'을 판매·제공하는 매장,3b91fb89-d8c8-4514-be5d-6ee71c48bb85,프롬짐,헬스,주월1동봉선로 골목형상점가,골목형상점가,광주광역시,3.0,3.0,,,RESOLVED_AGREEMENT,False,3,,,,
f819fe304412534c09cc,val,운동,T4 구어·문장,q_운동_12,헬스할 데,문화·여가 중 '운동'을 판매·제공하는 매장,0151b1ea-e648-438b-83b0-efcf6f387e9b,크로스핏 터,운동 서비스,열매 골목형상점가,골목형상점가,대전광역시,2.0,3.0,,,P2_GRADED_ONLY,True,,,,,
b7b74e1ca66bf3e70f88,val,운동,T4 구어·문장,q_운동_12,헬스할 데,문화·여가 중 '운동'을 판매·제공하는 매장,24701bd4-f2c1-47e7-a4a5-fb43528e9153,핏해짐,헬스,평촌1번가 상점가,자율상권구역,경기도,3.0,3.0,,,RESOLVED_AGREEMENT,False,3,,,,
1136ae60a97f00490b9d,val,운동,T4 구어·문장,q_운동_12,헬스할 데,문화·여가 중 '운동'을 판매·제공하는 매장,aaa18301-043f-4fc7-a5e2-63b556b77e01,참치가 온다 신림본점,참치,신림별빛거리골목형상점가,골목형상점가,서울특별시,0.0,0.0,,,RESOLVED_AGREEMENT,False,0,,,,
825a49aa6fbd05afa9f5,val,운동,T6 기계변형,q_운동_13,운돈,문화·여가 중 '운동'을 판매·제공하는 매장,224e5059-942b-4b44-85cd-490a686544cc,돈,고기,용봉지구 골목형상점가,골목형상점가,광주광역시,0.0,0.0,,,RESOLVED_AGREEMENT,False,0,,,,
3ddce5f05103d24a9962,val,운동,T6 기계변형,q_운동_13,운돈,문화·여가 중 '운동'을 판매·제공하는 매장,39bb1980-bf04-421b-a37f-5fb0a76638d5,뚝시돈,한식,뚝도시장,전통시장,서울특별시,0.0,0.0,,,RESOLVED_AGREEMENT,False,0,,,,
3175658c38c2268b39fb,val,운동,T6 기계변형,q_운동_13,운돈,문화·여가 중 '운동'을 판매·제공하는 매장,8b2482c5-ce6b-4d6e-b399-0116f6e25241,복뿔돈,고기,신용동 육교 앞 골목형상점가,골목형상점가,광주광역시,0.0,0.0,,,RESOLVED_AGREEMENT,False,0,,,,
cdb54b8cb966dcb445a2,val,운동,T6 기계변형,q_운동_13,운돈,문화·여가 중 '운동'을 판매·제공하는 매장,9bf1f5de-b24f-4ca2-8462-ea0edde731be,돈돈,한식,신가아름마을,골목형상점가,광주광역시,0.0,0.0,,,RESOLVED_AGREEMENT,False,0,,,,
547538976ccd6c86a9f6,val,운동,T6 기계변형,q_운동_13,운돈,문화·여가 중 '운동'을 판매·제공하는 매장,ee85e90a-a5de-4c47-b9c5-b7c93e0eb5f1,금호돈,한식,금화로상인회 골목형상점가,골목형상점가,광주광역시,0.0,0.0,,,RESOLVED_AGREEMENT,False,0,,,,
56ba6299b9a9caa8fd61,val,운동,T6 기계변형,q_운동_13,운돈,문화·여가 중 '운동'을 판매·제공하는 매장,01744986-2725-4152-871d-b5f88bc7ed2d,도매식육,식육,사천 삼천포중앙시장,전통시장,경상남도,0.0,0.0,,,RESOLVED_AGREEMENT,False,0,,,,
5c0e142dc693236fb1d3,val,운동,T6 기계변형,q_운동_13,운돈,문화·여가 중 '운동'을 판매·제공하는 매장,a9e9e40f-65cf-4e1d-bbff-c3b2ee8ffff9,죽돈,한식,반드레길골목형상점가,골목형상점가,서울특별시,0.0,0.0,,,RESOLVED_AGREEMENT,False,0,,,,
21d6c29cee6e9afc9e51,val,운동,T6 기계변형,q_운동_13,운돈,문화·여가 중 '운동'을 판매·제공하는 매장,db00d19c-ae11-4e4b-a655-f9005741e6a1,깡깡돈,음식,응암골골목형상점가,골목형상점가,서울특별시,0.0,0.0,,,RESOLVED_AGREEMENT,False,0,,,,
81165f679a3db8ca9cae,val,운동,T6 기계변형,q_운동_13,운돈,문화·여가 중 '운동'을 판매·제공하는 매장,06a9d0d7-98d4-46de-ba60-78844e443b35,올나잇 피트니스 주식회사,피트니스,부평테마의거리 골목형 상점가,골목형상점가,인천광역시,3.0,3.0,,,RESOLVED_AGREEMENT,False,3,,,,
7a50281a4f73e564b568,val,운동,T6 기계변형,q_운동_13,운돈,문화·여가 중 '운동'을 판매·제공하는 매장,81b86215-8078-4a41-b091-50ac697d4682,명돈,,라베니체 골목형상점가,골목형상점가,경기도,,0.0,Y,,P0_UNCERTAIN_OR_MISSING,True,,,,,
2f057b3d2b75a1170039,val,운동,T6 기계변형,q_운동_13,운돈,문화·여가 중 '운동'을 판매·제공하는 매장,0080a859-c5d8-4b43-b14c-d5eb844118a0,헬스맨헬스걸,헬스장,비래동골목형상점가,골목형상점가,대전광역시,3.0,3.0,,,RESOLVED_AGREEMENT,False,3,,,,
83bcb10914fba100c1af,val,운동,T6 기계변형,q_운동_13,운돈,문화·여가 중 '운동'을 판매·제공하는 매장,b7b97b1e-1cfd-4ad7-801c-3a9197466546,수문돈,,수문통 골목형상점가,골목형상점가,인천광역시,,0.0,Y,,P0_UNCERTAIN_OR_MISSING,True,,,,,
49d972adb781ddf98d48,val,운동,T6 기계변형,q_운동_13,운돈,문화·여가 중 '운동'을 판매·제공하는 매장,63e13c89-f901-4776-aea7-72b5bdd89fc1,남성방오돈,한돈 탕수육 한돈 돈까스 우동,남성역 골목시장,전통시장,서울특별시,0.0,0.0,,,RESOLVED_AGREEMENT,False,0,,,,
963fbd41f546a4964ff7,val,운동,T6 기계변형,q_운동_13,운돈,문화·여가 중 '운동'을 판매·제공하는 매장,fd9e7445-99da-412b-83aa-975b14cf82ba,제황돈,,봉리단길 맛거리,골목형상점가,대구광역시,,0.0,Y,,P0_UNCERTAIN_OR_MISSING,True,,,,,
3e6c21a18c39fe2d663b,val,운동,T6 기계변형,q_운동_13,운돈,문화·여가 중 '운동'을 판매·제공하는 매장,70fb9688-80ad-4884-ac37-20e318ab9e2d,웰돈,고기,귀인동먹거리촌 골목형상점가,골목형상점가,경기도,0.0,0.0,,,RESOLVED_AGREEMENT,False,0,,,,
24d6100762c4a98a803e,val,운동,T6 기계변형,q_운동_13,운돈,문화·여가 중 '운동'을 판매·제공하는 매장,00f8d2a4-8e38-485b-a09e-280a1aa0c326,라인엑스피티스튜디오,"헬스, PT",수지성복플러스 골목형상점가,골목형상점가,경기도,3.0,3.0,,,RESOLVED_AGREEMENT,False,3,,,,
d70dc5838bc43ac83255,val,운동,T6 기계변형,q_운동_13,운돈,문화·여가 중 '운동'을 판매·제공하는 매장,1d8dc790-27e8-46c3-90f3-2935e96581e6,가마돈,한식,효자동4동 후곡길 골목형상점가,골목형상점가,전북특별자치도,0.0,0.0,,,RESOLVED_AGREEMENT,False,0,,,,
7a46f97944ca62f794b9,val,운동,T6 기계변형,q_운동_13,운돈,문화·여가 중 '운동'을 판매·제공하는 매장,bbb8095e-bb08-4a6b-a65f-2450cf3e034c,밀양상회,젖갈,기장시장,전통시장,부산광역시,0.0,0.0,,,RESOLVED_AGREEMENT,False,0,,,,
1472db13f6b8ec825c7e,val,운동,T6 기계변형,q_운동_13,운돈,문화·여가 중 '운동'을 판매·제공하는 매장,043352b6-8b22-4c64-bd25-04efaeab0251,오구돈,,현대시장,전통시장,대구광역시,,0.0,Y,,P0_UNCERTAIN_OR_MISSING,True,,,,,
401e7c8f946f7467cf76,val,운동,T6 기계변형,q_운동_13,운돈,문화·여가 중 '운동'을 판매·제공하는 매장,c5d0e7be-2ce5-4d76-bbd4-43db4fac9262,운탄,,집현동 골목형상점가,골목형상점가,세종특별자치시,,0.0,Y,,P0_UNCERTAIN_OR_MISSING,True,,,,,
7a2bf0411a2c5ca5c885,val,운동,T6 기계변형,q_운동_13,운돈,문화·여가 중 '운동'을 판매·제공하는 매장,85703a84-bf39-444d-a57a-7c522ccaf112,황재돈,한식,외도4 골목형상점가,골목형상점가,제주특별자치도,0.0,0.0,,,RESOLVED_AGREEMENT,False,0,,,,
e172d3cc55b2a5c3f077,val,운동,T6 기계변형,q_운동_13,운돈,문화·여가 중 '운동'을 판매·제공하는 매장,07466d2d-51a2-4c17-8dcf-1af1bfb6f868,금강랜드로바 원주점,운동화가죽신발등산용품,원주중앙로문화의거리,자율상권구역,강원특별자치도,3.0,3.0,,,RESOLVED_AGREEMENT,False,3,,,,
881c080c3886ab435555,val,운동,T6 기계변형,q_운동_13,운돈,문화·여가 중 '운동'을 판매·제공하는 매장,01a5e178-ba34-4e15-ac4d-07a398900593,가자점핑다이어트클럽,"점핑, 요가",문흥2동 골목형상점가,골목형상점가,광주광역시,3.0,3.0,,,RESOLVED_AGREEMENT,False,3,,,,
dd3fa9e0b03fc029f922,val,운동,T6 기계변형,q_운동_13,운돈,문화·여가 중 '운동'을 판매·제공하는 매장,7cdf5b78-a125-44cc-b70d-b296e45702d0,불구이돈,,석교동 돌다리이음 골목형상점가,골목형상점가,대전광역시,,0.0,Y,,P0_UNCERTAIN_OR_MISSING,True,,,,,
4b15778739c6807b5643,val,운동,T6 기계변형,q_운동_13,운돈,문화·여가 중 '운동'을 판매·제공하는 매장,495f7f24-c8de-478e-be0f-5cd18393812d,뼈누리감자탕매곡점,,매곡신천 골목형상점가,골목형상점가,울산광역시,0.0,0.0,,,RESOLVED_AGREEMENT,False,0,,,,
5aa62d9917334c1965b8,val,운동,T6 기계변형,q_운동_13,운돈,문화·여가 중 '운동'을 판매·제공하는 매장,06f75bcb-8c04-46f9-9315-b56a3f1d7a63,스윙&플라멩고,운동복,대현프리몰 대구점,일반지하상점가,대구광역시,3.0,3.0,,,RESOLVED_AGREEMENT,False,3,,,,
8664725e2e8801a9f3d2,val,운동,T6 기계변형,q_운동_13,운돈,문화·여가 중 '운동'을 판매·제공하는 매장,64df8284-2b46-4dab-b676-550d9faffee5,석돈,한식,두산동밤마실거리 골목형상점가,골목형상점가,대구광역시,0.0,0.0,,,RESOLVED_AGREEMENT,False,0,,,,
16da1be29d602e5d6a2d,val,운동,T6 기계변형,q_운동_13,운돈,문화·여가 중 '운동'을 판매·제공하는 매장,b66fef9d-0850-458a-b1fb-67f89885bf11,꽃돈,한식,수완나들목 골목형상점가,골목형상점가,광주광역시,0.0,0.0,,,RESOLVED_AGREEMENT,False,0,,,,
73fe302297de76d2929a,val,운동,T6 기계변형,q_운동_13,운돈,문화·여가 중 '운동'을 판매·제공하는 매장,ad730401-5716-45df-aa41-b49e31cca075,운암돈 동탄역점,한식,동탄역골목형상점가,골목형상점가,경기도,0.0,0.0,,,RESOLVED_AGREEMENT,False,0,,,,
fc1b00961aebff5555ca,val,운동,T6 기계변형,q_운동_13,운돈,문화·여가 중 '운동'을 판매·제공하는 매장,418d49c5-a0e9-42ed-835b-050154151913,소판돈,,해오름 골목형상점가,골목형상점가,경기도,,0.0,Y,,P0_UNCERTAIN_OR_MISSING,True,,,,,
ca42743bfec413ef4e7a,val,운동,T6 기계변형,q_운동_13,운돈,문화·여가 중 '운동'을 판매·제공하는 매장,00172c94-61f0-4197-afeb-d7e8187c79b5,옷이예쁘다,의류,메트로센터(반월당지하쇼핑),일반지하상점가,대구광역시,1.0,1.0,,,RESOLVED_AGREEMENT,False,1,,,,
973ef2b719f425c6d9a1,val,운동,T6 기계변형,q_운동_13,운돈,문화·여가 중 '운동'을 판매·제공하는 매장,f02deca0-52fc-43fe-b899-97bc1470ca41,와돈,한식,행운담길골목형상점가,골목형상점가,서울특별시,0.0,0.0,,,RESOLVED_AGREEMENT,False,0,,,,
e98e83b33cd43a5fff77,val,운동,T6 기계변형,q_운동_13,운돈,문화·여가 중 '운동'을 판매·제공하는 매장,0041f699-c619-48b9-b3a9-814af9905c66,GB트레이닝센터,운동,일곡동(제5지역:제1근린공원 건너편),골목형상점가,광주광역시,3.0,3.0,,,RESOLVED_AGREEMENT,False,3,,,,
bdd59a293e1c9d10c3a7,val,운동,T6 기계변형,q_운동_13,운돈,문화·여가 중 '운동'을 판매·제공하는 매장,b91a0802-fe1a-48f5-9620-d0fb9cac42b7,아빠돈,,회기랑길골목형상점가,골목형상점가,서울특별시,,0.0,Y,,P0_UNCERTAIN_OR_MISSING,True,,,,,
a45a4fcd947c58f7e7ab,val,운동,T6 기계변형,q_운동_13,운돈,문화·여가 중 '운동'을 판매·제공하는 매장,3862937b-b0d3-48a2-a32a-947772fcea3e,브라운돈까스,돈까스,소담마실길 골목형상점가,골목형상점가,세종특별자치시,0.0,0.0,,,RESOLVED_AGREEMENT,False,0,,,,
4b26cf57b1eaf3f8d788,val,운동,T6 기계변형,q_운동_13,운돈,문화·여가 중 '운동'을 판매·제공하는 매장,4ab1c5c9-7a94-4df0-ae5e-3e10d76ea155,우장돈,,운정역 중심상가 골목형상점가,골목형상점가,경기도,,0.0,Y,,P0_UNCERTAIN_OR_MISSING,True,,,,,
3c565eb8ccc3d126d224,val,운동,T6 기계변형,q_운동_13,운돈,문화·여가 중 '운동'을 판매·제공하는 매장,36f4d9e2-889a-4168-b518-51e2ddf773df,킴스휘트니스클리닉,피트니스,아름동상점가,자율상권구역,세종특별자치시,3.0,3.0,,,RESOLVED_AGREEMENT,False,3,,,,
e9961a540be2d82234ec,val,운동,T6 기계변형,q_운동_13,운돈,문화·여가 중 '운동'을 판매·제공하는 매장,768a61a4-2945-4d7b-bb4a-965e3be38539,우돈,한식,강동산하 골목형상점가,골목형상점가,울산광역시,0.0,0.0,,,RESOLVED_AGREEMENT,False,0,,,,
909c47225f7ce889d860,val,운동,T6 기계변형,q_운동_13,운돈,문화·여가 중 '운동'을 판매·제공하는 매장,0a7de62f-b294-412c-b700-0642397eca30,다이나핏 김포장기점,"스포츠 의류, 용품",김포장기패션아울렛,골목형상점가,경기도,3.0,1.0,,,P1_BINARY_THRESHOLD,True,,,,,
75eb0e9ef2dfc24837de,val,운동,T6 기계변형,q_운동_13,운돈,문화·여가 중 '운동'을 판매·제공하는 매장,00c4a045-8aa5-4995-8313-806b7fcab6ff,남스짐천왕점 헬스PT,,천왕마을 골목형상점가,골목형상점가,서울특별시,3.0,3.0,,,RESOLVED_AGREEMENT,False,3,,,,
f6c621bfc0d2cd8011e9,val,운동,T6 기계변형,q_운동_13,운돈,문화·여가 중 '운동'을 판매·제공하는 매장,0066174b-64aa-428a-b8d6-f9bae4107429,크로스핏 엘리트짐,기능성운동,노은역 골목형상점가,골목형상점가,대전광역시,3.0,3.0,,,RESOLVED_AGREEMENT,False,3,,,,
0a2dac143390536234a5,val,운동,T6 기계변형,q_운동_13,운돈,문화·여가 중 '운동'을 판매·제공하는 매장,6fe35e72-807a-4d46-9160-8ba53ffc048b,연탄돈,,신중동문화거리상점가,자율상권구역,경기도,,0.0,Y,,P0_UNCERTAIN_OR_MISSING,True,,,,,
91dd843b30ebcdd8e07f,val,운동,T6 기계변형,q_운동_13,운돈,문화·여가 중 '운동'을 판매·제공하는 매장,0151b1ea-e648-438b-83b0-efcf6f387e9b,크로스핏 터,운동 서비스,열매 골목형상점가,골목형상점가,대전광역시,3.0,3.0,,,RESOLVED_AGREEMENT,False,3,,,,
73e2c0a8ee1d1243f2e3,val,운동,T6 기계변형,q_운동_13,운돈,문화·여가 중 '운동'을 판매·제공하는 매장,dbb9ae28-e617-4304-ac26-63b2acb0860e,금빛한돈,,산성로 상권활성화구역,상권활성화구역,경기도,,0.0,Y,,P0_UNCERTAIN_OR_MISSING,True,,,,,
4b0cb9eab9ec6ce5bcce,val,운동,T6 기계변형,q_운동_13,운돈,문화·여가 중 '운동'을 판매·제공하는 매장,9fa38e3e-2d73-4e6f-88c3-8ce061208fff,뒷돈,한식,구즉 골목형상점가,골목형상점가,대전광역시,0.0,0.0,,,RESOLVED_AGREEMENT,False,0,,,,
0628b88d35b1d30e6161,val,운동,T6 기계변형,q_운동_13,운돈,문화·여가 중 '운동'을 판매·제공하는 매장,451b80c7-a9d5-4d14-97a0-b006e586c91b,늘돈,,송월동 택지 골목형상점가,골목형상점가,,,0.0,Y,,P0_UNCERTAIN_OR_MISSING,True,,,,,
fd4b5c46a6871755b912,val,운동,T6 기계변형,q_운동_13,운돈,문화·여가 중 '운동'을 판매·제공하는 매장,003adf4b-eb63-4fd3-92d3-e139c6f1c22d,새롬필라테스,필라테스,새롬동 골목형상점가,골목형상점가,세종특별자치시,3.0,3.0,,,RESOLVED_AGREEMENT,False,3,,,,
2b9cf584f9413ca8847a,val,운동,T6 기계변형,q_운동_13,운돈,문화·여가 중 '운동'을 판매·제공하는 매장,e7ef0364-0e07-4209-82e3-564d055ab774,옥이돈,,부산자갈밭시장,전통시장,부산광역시,,0.0,Y,,P0_UNCERTAIN_OR_MISSING,True,,,,,
c106f499068284cc2eba,val,운동,T6 기계변형,q_운동_13,운돈,문화·여가 중 '운동'을 판매·제공하는 매장,a495864f-ac05-4104-aac5-a683c397afc0,브라운돈까스 세곡점,돈까스,세곡동 은곡마을 골목형상점가,골목형상점가,서울특별시,0.0,0.0,,,RESOLVED_AGREEMENT,False,0,,,,
883c284c726404688ca1,val,운동,T6 기계변형,q_운동_13,운돈,문화·여가 중 '운동'을 판매·제공하는 매장,35f62c74-3304-4a6c-a21f-28b253239019,하이무브 피트니스,피트니스 센터,산본로데오거리(구 산본중심상가),자율상권구역,경기도,3.0,3.0,,,RESOLVED_AGREEMENT,False,3,,,,
e8b993ac8f164787b698,val,운동,T6 기계변형,q_운동_13,운돈,문화·여가 중 '운동'을 판매·제공하는 매장,35eb747e-4655-4d57-9057-bf92a002b86b,희돈,한식,말바우지키미 골목형상점가,골목형상점가,광주광역시,0.0,0.0,,,RESOLVED_AGREEMENT,False,0,,,,
471c74dd6566a5686d27,val,운동,T6 기계변형,q_운동_13,운돈,문화·여가 중 '운동'을 판매·제공하는 매장,29804eb8-9e28-40f7-8e5d-e0a1f7c64860,신용정육점,식육,고산구시장 상점가,자율상권구역,전북특별자치도,0.0,0.0,,,RESOLVED_AGREEMENT,False,0,,,,
eecfe670afd4c1e9510d,val,운동,T6 기계변형,q_운동_13,운돈,문화·여가 중 '운동'을 판매·제공하는 매장,6fa7d8b7-b250-4e92-8554-a8b8cf09bb5a,모리수선,,금호상인회 골목형상점가,골목형상점가,광주광역시,0.0,0.0,,,RESOLVED_AGREEMENT,False,0,,,,
ebeb83e6dfc909977094,val,운동,T6 기계변형,q_운동_13,운돈,문화·여가 중 '운동'을 판매·제공하는 매장,83562567-9117-42fe-a5c0-7dc93346abe9,참돈,한식,전남대후문골목형상점가,골목형상점가,광주광역시,0.0,0.0,,,RESOLVED_AGREEMENT,False,0,,,,
23db0a665dbc05f53803,val,운동,T6 기계변형,q_운동_13,운돈,문화·여가 중 '운동'을 판매·제공하는 매장,b3651c96-3146-4a16-88ca-5c95eb26f325,돈n돈,한식,두산동밤마실거리 골목형상점가,골목형상점가,대구광역시,0.0,0.0,,,RESOLVED_AGREEMENT,False,0,,,,
64472f006ae9e6f54115,val,운동,T6 기계변형,q_운동_13,운돈,문화·여가 중 '운동'을 판매·제공하는 매장,d3aec7a1-3530-4f5b-b878-d2229af6457e,일품돈,한식,사당1동 먹자골목 상점가,자율상권구역,서울특별시,0.0,0.0,,,RESOLVED_AGREEMENT,False,0,,,,
5b615489b771be5f89a6,val,운동,T6 기계변형,q_운동_13,운돈,문화·여가 중 '운동'을 판매·제공하는 매장,e92f16ca-1cc0-4907-87c3-12f669d817a4,뭉클돈,,첨단지구 골목형상점가,골목형상점가,,,0.0,Y,,P0_UNCERTAIN_OR_MISSING,True,,,,,
083730367b7365086b24,val,운동,T6 기계변형,q_운동_13,운돈,문화·여가 중 '운동'을 판매·제공하는 매장,b2352501-7e2f-4fbf-b614-2c612337337b,짬순네,야채,공릉동도깨비시장,전통시장,서울특별시,0.0,0.0,,,RESOLVED_AGREEMENT,False,0,,,,
ab3db19c24cde50d01db,val,운동,T6 기계변형,q_운동_13,운돈,문화·여가 중 '운동'을 판매·제공하는 매장,15f3e293-80dc-48a5-b6dc-f0bc63d1678d,꾸석지진짜한돈,한돈,빛가람 로데오 골목형상점가,골목형상점가,전라남도,0.0,0.0,,,RESOLVED_AGREEMENT,False,0,,,,
6edc22d90f7a16382c3d,val,운동,T6 기계변형,q_운동_13,운돈,문화·여가 중 '운동'을 판매·제공하는 매장,00a3eb8f-b86a-4b8c-933c-ffaee551fdba,신시아 필라테스,필라테스 센터,겸재한신길 골목형상점가,골목형상점가,서울특별시,3.0,3.0,,,RESOLVED_AGREEMENT,False,3,,,,
e5e0846cca0cbf550b0e,val,운동,T6 기계변형,q_운동_13,운돈,문화·여가 중 '운동'을 판매·제공하는 매장,00158f51-4d3a-4ac0-9e38-b37552f5e097,지지배,의류,나주금빛상점가,자율상권구역,전라남도,1.0,1.0,,,RESOLVED_AGREEMENT,False,1,,,,
0aef2e7d76eb73395af6,val,운동,T6 기계변형,q_운동_13,운돈,문화·여가 중 '운동'을 판매·제공하는 매장,48ec2024-ee31-4ae0-bb8f-2126c5bfaa61,하다피트니스,피트니스,과천새서울프라자시장,전통시장,경기도,3.0,3.0,,,RESOLVED_AGREEMENT,False,3,,,,
dd9b717c62b618d83c47,val,운동,T6 기계변형,q_운동_13,운돈,문화·여가 중 '운동'을 판매·제공하는 매장,020180c1-e676-4f99-84db-9b56504222f2,아름드리 필라테스&PT,필라테스요가바레필라테스,아름드리 골목형상점가,골목형상점가,세종특별자치시,3.0,3.0,,,RESOLVED_AGREEMENT,False,3,,,,
92be3c28cd125220f6c7,val,운동,T6 기계변형,q_운동_13,운돈,문화·여가 중 '운동'을 판매·제공하는 매장,018b2dd0-5613-482c-b714-e30dcfa584fd,씨엘 필라테스 안산고잔점,필라테스,도리섬상점가,자율상권구역,경기도,3.0,3.0,,,RESOLVED_AGREEMENT,False,3,,,,
0760b55a0861fa7dec55,val,운동,T6 기계변형,q_운동_13,운돈,문화·여가 중 '운동'을 판매·제공하는 매장,0214eb76-f204-4d4f-9645-f0444d2c5f33,베이글짐,헬스장,도담동 골목형상점가,골목형상점가,세종특별자치시,3.0,3.0,,,RESOLVED_AGREEMENT,False,3,,,,
b660948a31b89e886ff8,val,운동,T6 기계변형,q_운동_13,운돈,문화·여가 중 '운동'을 판매·제공하는 매장,272d884f-d267-483f-aced-e0be2c8329c4,칼돈,,발섬 골목형상점가,골목형상점가,,,0.0,Y,,P0_UNCERTAIN_OR_MISSING,True,,,,,
a7ec3f27870674569441,val,운동,T6 기계변형,q_운동_13,운돈,문화·여가 중 '운동'을 판매·제공하는 매장,520aadba-9a97-498f-9ab9-2c507f176c5a,해돈,한식,단양팔경 골목형상점가,골목형상점가,충청북도,0.0,0.0,,,RESOLVED_AGREEMENT,False,0,,,,
b680caed4a86bb248863,val,운동,T6 기계변형,q_운동_13,운돈,문화·여가 중 '운동'을 판매·제공하는 매장,87b80160-9ae3-4873-a7e6-741cc3ff468f,맛돈,,풍암호수앞상인회 골목형상점가,골목형상점가,,,0.0,Y,,P0_UNCERTAIN_OR_MISSING,True,,,,,
5b82c9d89d58be1a9680,val,운동,T6 기계변형,q_운동_13,운돈,문화·여가 중 '운동'을 판매·제공하는 매장,ff49a016-1748-4c1e-a003-0f2d9e2fa423,파돈,한식,덕풍전통시장,전통시장,경기도,0.0,0.0,,,RESOLVED_AGREEMENT,False,0,,,,
ae7953bbee0c4f1f96a1,val,운동,T6 기계변형,q_운동_13,운돈,문화·여가 중 '운동'을 판매·제공하는 매장,7341f9fb-bb31-4677-b92a-6cb259d42750,윤돈,일식,뚝섬역상점가(서울숲상원길상점가),자율상권구역,서울특별시,0.0,0.0,,,RESOLVED_AGREEMENT,False,0,,,,
c7f6760e4ad943153f87,val,운동,T6 기계변형,q_운동_13,운돈,문화·여가 중 '운동'을 판매·제공하는 매장,68ae9999-dc42-469f-b7fd-f9e23eafd3f2,숯돈,한식,양산동 골목형상점가,골목형상점가,광주광역시,0.0,0.0,,,RESOLVED_AGREEMENT,False,0,,,,
6016f4ba24225c114e58,val,운동,T6 기계변형,q_운동_13,운돈,문화·여가 중 '운동'을 판매·제공하는 매장,e3a690d3-744b-4d58-aa98-8eb0bbaaccc2,동홍돈,한식,동홍8번가 골목형상점가,골목형상점가,제주특별자치도,0.0,0.0,,,RESOLVED_AGREEMENT,False,0,,,,
cdd95c4bbec0cf6479f1,val,운동,T6 기계변형,q_운동_13,운돈,문화·여가 중 '운동'을 판매·제공하는 매장,ad8f1142-fabb-47d0-bc28-c3085b90677e,불구이돈,,낭월 빛담길 골목형상점가,골목형상점가,대전광역시,,0.0,Y,,P0_UNCERTAIN_OR_MISSING,True,,,,,
f404270d11ad343a3fec,val,운동,T6 기계변형,q_운동_13,운돈,문화·여가 중 '운동'을 판매·제공하는 매장,08b1f940-607a-421e-ab5f-c27d5e9a75a5,투다리직산점,일반음식점,직산읍삼은1번가골목형상점가,골목형상점가,충청남도,0.0,0.0,,,RESOLVED_AGREEMENT,False,0,,,,
d3523a0f85ac4b79f554,val,운동,T6 기계변형,q_운동_13,운돈,문화·여가 중 '운동'을 판매·제공하는 매장,07d89ce7-de40-4795-a10b-414cc1e269ef,매곡 천부경 명상센터,"명상수련, 요가",매곡동 골목형상점가,골목형상점가,광주광역시,3.0,3.0,,,RESOLVED_AGREEMENT,False,3,,,,
76767c63ec46c483a3e5,val,운동,T6 기계변형,q_운동_13,운돈,문화·여가 중 '운동'을 판매·제공하는 매장,bb59be78-09a9-4c26-b8b7-e68d8d6a41e5,이담돈,,봉리단길 맛거리,골목형상점가,대구광역시,,0.0,Y,,P0_UNCERTAIN_OR_MISSING,True,,,,,
b7fb1ce86e2dfc851ea3,val,운동,T6 기계변형,q_운동_13,운돈,문화·여가 중 '운동'을 판매·제공하는 매장,09815d92-d0f0-4c87-b4fa-1194f86c53c0,유성프로스펙스,"스포츠의류, 용품",장대동패션상가 골목형상점가,골목형상점가,대전광역시,3.0,1.0,,,P1_BINARY_THRESHOLD,True,,,,,
c6ef448789a5a961fee6,val,운동,T6 기계변형,q_운동_13,운돈,문화·여가 중 '운동'을 판매·제공하는 매장,008fbd3f-35b4-431f-8ba5-fc8bcfe4bf83,제이에스피트니스,헬스,동림1 골목형상점가,골목형상점가,광주광역시,3.0,3.0,,,RESOLVED_AGREEMENT,False,3,,,,
8c9240c39d64247f703a,val,운동,T6 기계변형,q_운동_13,운돈,문화·여가 중 '운동'을 판매·제공하는 매장,e06d6eba-0fad-41c7-8a03-25285bdf9131,족돈,음식점,방학동도깨비시장,전통시장,서울특별시,0.0,0.0,,,RESOLVED_AGREEMENT,False,0,,,,
4d344045d6704c90ba81,val,운동,T6 기계변형,q_운동_13,운돈,문화·여가 중 '운동'을 판매·제공하는 매장,be86c313-a130-4505-ad26-345c01591f4c,남천돈,한식,남천바다내음 골목형상점가,골목형상점가,부산광역시,0.0,0.0,,,RESOLVED_AGREEMENT,False,0,,,,
a91b0b292f69bba5fc5f,val,운동,T6 기계변형,q_운동_13,운돈,문화·여가 중 '운동'을 판매·제공하는 매장,00a27d0e-2216-4ff5-94fe-7acd76db3da3,짐자반 헬스 PT 하남시청역점,"헬스장 회원권, 개인레슨",덕풍전통시장,전통시장,경기도,3.0,3.0,,,RESOLVED_AGREEMENT,False,3,,,,
feb2ae875b8a55edac2a,val,운동,T6 기계변형,q_운동_13,운돈,문화·여가 중 '운동'을 판매·제공하는 매장,b2359bfb-a889-44c7-9817-c9ed75494eb8,세자책돈,한식,마산 오동동상인연합상가,자율상권구역,경상남도,0.0,0.0,,,RESOLVED_AGREEMENT,False,0,,,,
85708ae52c48a8bd7b24,val,운동,T6 기계변형,q_운동_13,운돈,문화·여가 중 '운동'을 판매·제공하는 매장,000a92b3-0b5e-429e-af00-f86e3570e24b,클로버,의류,관문상가시장,전통시장,대구광역시,1.0,1.0,,,RESOLVED_AGREEMENT,False,1,,,,
16fc79aeabada8426f91,val,운동,T6 기계변형,q_운동_13,운돈,문화·여가 중 '운동'을 판매·제공하는 매장,61d664f7-b1a0-4d83-a296-1d22202f0509,돈,한식,오류골먹자골목 골목형상점가,골목형상점가,서울특별시,0.0,0.0,,,RESOLVED_AGREEMENT,False,0,,,,
92cc2d77f45ef0d63173,val,운동,T6 기계변형,q_운동_13,운돈,문화·여가 중 '운동'을 판매·제공하는 매장,00054f1d-4cae-4345-9975-1423bc49e4dc,착한아이들,의류,중앙전통시장,전통시장,울산광역시,1.0,1.0,,,RESOLVED_AGREEMENT,False,1,,,,
62897db0bc72640d9d39,val,운동,T6 기계변형,q_운동_13,운돈,문화·여가 중 '운동'을 판매·제공하는 매장,00124602-ef4e-472c-91ee-de53b28d7530,화이트,의류,울산번개시장,전통시장,울산광역시,1.0,1.0,,,RESOLVED_AGREEMENT,False,1,,,,
3976f775e2e9c81ae4ee,val,운동,T6 기계변형,q_운동_13,운돈,문화·여가 중 '운동'을 판매·제공하는 매장,56669276-7bbc-47fd-b9fc-e0b21a5701c9,뀨돈,,구례5일시장,전통시장,,,0.0,Y,,P0_UNCERTAIN_OR_MISSING,True,,,,,
289dc2105d183392ab19,val,운동,T6 기계변형,q_운동_13,운돈,문화·여가 중 '운동'을 판매·제공하는 매장,040428ab-1a04-452f-8b35-c7c3c993cad8,누아요가,요가,현대센트럴스퀘어,골목형상점가,경기도,3.0,3.0,,,RESOLVED_AGREEMENT,False,3,,,,
62a91e6870def76b3aca,val,운동,T6 기계변형,q_운동_13,운돈,문화·여가 중 '운동'을 판매·제공하는 매장,f8ba2743-7060-4edb-b1d8-5c01dcaecd58,미돈,고기,예석 골목형상점가,골목형상점가,충청남도,0.0,0.0,,,RESOLVED_AGREEMENT,False,0,,,,
1e213bd91009aed1136c,val,운동,T6 기계변형,q_운동_13,운돈,문화·여가 중 '운동'을 판매·제공하는 매장,44129999-455a-4d27-94f8-43c5c2b6f329,메가엠지씨커피 장안점,커피,장안동맛의거리골목형상점가,골목형상점가,서울특별시,0.0,0.0,,,RESOLVED_AGREEMENT,False,0,,,,
3d6496d02d20bf150d47,val,운동,T6 기계변형,q_운동_13,운돈,문화·여가 중 '운동'을 판매·제공하는 매장,cb07e3cc-2060-4eb4-9536-8384a1fbcb5b,브라운돈가스(반포점),한식,반드레길골목형상점가,골목형상점가,서울특별시,0.0,0.0,,,RESOLVED_AGREEMENT,False,0,,,,
2315c9f5ad946a848cff,val,운동,T6 기계변형,q_운동_13,운돈,문화·여가 중 '운동'을 판매·제공하는 매장,08de408a-f260-4467-b375-768cbd50e14d,본소마메드짐 재활운동&PT,운동,용강동상점가,자율상권구역,서울특별시,3.0,3.0,,,RESOLVED_AGREEMENT,False,3,,,,
59939757d1a40ac7dcdb,val,운동,T6 기계변형,q_운동_13,운돈,문화·여가 중 '운동'을 판매·제공하는 매장,8d433e2d-b9b3-4d99-9c16-6378a331d4a7,점봉돈,한식,점봉동상점가,자율상권구역,경기도,0.0,0.0,,,RESOLVED_AGREEMENT,False,0,,,,
83e8b2393e830e2ef749,val,운동,T6 기계변형,q_운동_13,운돈,문화·여가 중 '운동'을 판매·제공하는 매장,2fc6e982-375a-45f4-ac3d-0ad6078fafa1,찐돈,한식,민락2지구골목형상점가,골목형상점가,경기도,0.0,0.0,,,RESOLVED_AGREEMENT,False,0,,,,
fc2a99208da411c995c2,val,운동,T6 기계변형,q_운동_13,운돈,문화·여가 중 '운동'을 판매·제공하는 매장,21bfd845-8c16-4b67-809f-81a3833826c0,케이폴앤댄스,피트니스,남양역골로상점가,골목형상점가,경기도,3.0,3.0,,,RESOLVED_AGREEMENT,False,3,,,,
1f25b2dedd21d190f30a,val,운동,T6 기계변형,q_운동_13,운돈,문화·여가 중 '운동'을 판매·제공하는 매장,08bf522e-2d12-4ba2-95aa-344e372f90d7,수지패션,운동용품,원조낙지골목상점가,자율상권구역,전라남도,3.0,3.0,,,RESOLVED_AGREEMENT,False,3,,,,
b6aa27ed3a4afa2de8a8,val,운동,T6 기계변형,q_운동_13,운돈,문화·여가 중 '운동'을 판매·제공하는 매장,92aab854-9e8e-43b8-b92c-e10ccc24ab15,면돈,한식,진해중앙시장,전통시장,경상남도,0.0,0.0,,,RESOLVED_AGREEMENT,False,0,,,,
279ab6c1d3f8a40432a6,val,운동,T6 기계변형,q_운동_13,운돈,문화·여가 중 '운동'을 판매·제공하는 매장,033d99e2-0579-45d7-9d48-d999b90dd98a,M필라테스&요가,"필라테스, 요가",조종시장,전통시장,경기도,3.0,3.0,,,RESOLVED_AGREEMENT,False,3,,,,
49070e36054b2625d326,val,운동,T6 기계변형,q_운동_14,운동추천,문화·여가 중 '운동'을 판매·제공하는 매장,84fd1a71-a539-4d50-aa08-a420005c509d,리음 필라테스,운동,행복로골목형상점가,골목형상점가,경기도,3.0,3.0,,,RESOLVED_AGREEMENT,False,3,,,,
221747042685ee96a317,val,운동,T6 기계변형,q_운동_14,운동추천,문화·여가 중 '운동'을 판매·제공하는 매장,17b33cea-f2a9-40b8-b31e-38c307a054ef,위글 필라테스,운동,야탑 골목형상점가,골목형상점가,경기도,3.0,3.0,,,RESOLVED_AGREEMENT,False,3,,,,
3ed0b945271f332c3859,val,운동,T6 기계변형,q_운동_14,운동추천,문화·여가 중 '운동'을 판매·제공하는 매장,d00936ca-a02c-434b-a9f8-9c3f6f52d08c,가조운동구점,운동용품점,거창 가조상점가거리,골목형상점가,경상남도,3.0,3.0,,,RESOLVED_AGREEMENT,False,3,,,,
1bdda86e84b4d3dc4850,val,운동,T6 기계변형,q_운동_14,운동추천,문화·여가 중 '운동'을 판매·제공하는 매장,06a9d0d7-98d4-46de-ba60-78844e443b35,올나잇 피트니스 주식회사,피트니스,부평테마의거리 골목형 상점가,골목형상점가,인천광역시,3.0,3.0,,,RESOLVED_AGREEMENT,False,3,,,,
94f31d09db6dc9fc1b70,val,운동,T6 기계변형,q_운동_14,운동추천,문화·여가 중 '운동'을 판매·제공하는 매장,408b864c-09d7-43db-917c-32078ba2fb3f,오성체육관,운동,용산교 골목형상점가,골목형상점가,광주광역시,3.0,3.0,,,RESOLVED_AGREEMENT,False,3,,,,
5ece4b1bfd5476a4ff3e,val,운동,T6 기계변형,q_운동_14,운동추천,문화·여가 중 '운동'을 판매·제공하는 매장,00f8d2a4-8e38-485b-a09e-280a1aa0c326,라인엑스피티스튜디오,"헬스, PT",수지성복플러스 골목형상점가,골목형상점가,경기도,3.0,3.0,,,RESOLVED_AGREEMENT,False,3,,,,
f155f8c264f000ee510f,val,운동,T6 기계변형,q_운동_14,운동추천,문화·여가 중 '운동'을 판매·제공하는 매장,00172c94-61f0-4197-afeb-d7e8187c79b5,옷이예쁘다,의류,메트로센터(반월당지하쇼핑),일반지하상점가,대구광역시,1.0,1.0,,,RESOLVED_AGREEMENT,False,1,,,,
9ae1f8a3bef3f3eb4580,val,운동,T6 기계변형,q_운동_14,운동추천,문화·여가 중 '운동'을 판매·제공하는 매장,b74258f9-11a1-4e0a-ac7f-994d15eea852,제우스당구장,당구장,가양역사거리골목형상점가,골목형상점가,서울특별시,0.0,3.0,,,P1_BINARY_THRESHOLD,True,,,,,
9acc62608700a3020678,val,운동,T6 기계변형,q_운동_14,운동추천,문화·여가 중 '운동'을 판매·제공하는 매장,35f62c74-3304-4a6c-a21f-28b253239019,하이무브 피트니스,피트니스 센터,산본로데오거리(구 산본중심상가),자율상권구역,경기도,3.0,3.0,,,RESOLVED_AGREEMENT,False,3,,,,
d84ad2536a27ed538e41,val,운동,T6 기계변형,q_운동_14,운동추천,문화·여가 중 '운동'을 판매·제공하는 매장,7ad6a030-9a35-408e-8aef-a8e77ad08ea7,운동화 그라제 세탁,운동화 세탁,신가동 골목형상점가,골목형상점가,광주광역시,3.0,3.0,,,RESOLVED_AGREEMENT,False,3,,,,
c9db9fd33e709be11c06,val,운동,T6 기계변형,q_운동_14,운동추천,문화·여가 중 '운동'을 판매·제공하는 매장,06f75bcb-8c04-46f9-9315-b56a3f1d7a63,스윙&플라멩고,운동복,대현프리몰 대구점,일반지하상점가,대구광역시,3.0,3.0,,,RESOLVED_AGREEMENT,False,3,,,,
8e07ea9755b920d4422f,val,운동,T6 기계변형,q_운동_14,운동추천,문화·여가 중 '운동'을 판매·제공하는 매장,cb027b1a-a99d-4cc5-ac9c-b73929a08cb1,YK운동센터,운동재활,상무민주로상인회 골목형상점가,골목형상점가,광주광역시,3.0,3.0,,,RESOLVED_AGREEMENT,False,3,,,,
f713af7c43fa86cf2d7b,val,운동,T6 기계변형,q_운동_14,운동추천,문화·여가 중 '운동'을 판매·제공하는 매장,6cf83595-97f8-416f-af1e-6c8131d8db01,버너스,운동,신봉하나로 골목형상점가,골목형상점가,경기도,3.0,3.0,,,RESOLVED_AGREEMENT,False,3,,,,
b192bca52883788467c2,val,운동,T6 기계변형,q_운동_14,운동추천,문화·여가 중 '운동'을 판매·제공하는 매장,b764fea2-6d47-4814-a61f-2450c6e7e032,위플복싱짐,운동,신탄진시장,전통시장,대전광역시,3.0,3.0,,,RESOLVED_AGREEMENT,False,3,,,,
3ea208bc6218227ad702,val,운동,T6 기계변형,q_운동_14,운동추천,문화·여가 중 '운동'을 판매·제공하는 매장,f66eaea4-9d7e-465e-96e3-c433eb7422eb,㈜용궁냉동,수산가공,팔달신시장,전통시장,대구광역시,0.0,0.0,,,RESOLVED_AGREEMENT,False,0,,,,
ad8b75389f8a0c545822,val,운동,T6 기계변형,q_운동_14,운동추천,문화·여가 중 '운동'을 판매·제공하는 매장,f0de6273-4750-40a2-8185-5365be2c2250,모어요가,운동,금호1동상가번영회 골목형상점가,골목형상점가,광주광역시,3.0,3.0,,,RESOLVED_AGREEMENT,False,3,,,,
02a0e786af5feb64e322,val,운동,T6 기계변형,q_운동_14,운동추천,문화·여가 중 '운동'을 판매·제공하는 매장,020180c1-e676-4f99-84db-9b56504222f2,아름드리 필라테스&PT,필라테스요가바레필라테스,아름드리 골목형상점가,골목형상점가,세종특별자치시,3.0,3.0,,,RESOLVED_AGREEMENT,False,3,,,,
217e4633c5de4566a0d4,val,운동,T6 기계변형,q_운동_14,운동추천,문화·여가 중 '운동'을 판매·제공하는 매장,0066174b-64aa-428a-b8d6-f9bae4107429,크로스핏 엘리트짐,기능성운동,노은역 골목형상점가,골목형상점가,대전광역시,3.0,3.0,,,RESOLVED_AGREEMENT,False,3,,,,
5a9a23125b443d7bae7c,val,운동,T6 기계변형,q_운동_14,운동추천,문화·여가 중 '운동'을 판매·제공하는 매장,ef3fc919-c67d-42a9-a46f-df0d9bb1a620,남부태권도,운동,난곡골목형상점가,골목형상점가,서울특별시,3.0,3.0,,,RESOLVED_AGREEMENT,False,3,,,,
60ec15afaf58b6353c64,val,운동,T6 기계변형,q_운동_14,운동추천,문화·여가 중 '운동'을 판매·제공하는 매장,72973b66-f8bb-463d-98df-907807881d20,운동화빨래방,,옥계 600,골목형상점가,경상북도,3.0,3.0,,,RESOLVED_AGREEMENT,False,3,,,,
56833884fdc894f64d19,val,운동,T6 기계변형,q_운동_14,운동추천,문화·여가 중 '운동'을 판매·제공하는 매장,0a7de62f-b294-412c-b700-0642397eca30,다이나핏 김포장기점,"스포츠 의류, 용품",김포장기패션아울렛,골목형상점가,경기도,3.0,1.0,,,P1_BINARY_THRESHOLD,True,,,,,
d61d5c017ba5ff7ba848,val,운동,T6 기계변형,q_운동_14,운동추천,문화·여가 중 '운동'을 판매·제공하는 매장,edc9b085-2bbe-44a6-b495-03fd87f34879,스마일필라테스,운동,효천로 골목형상점가,골목형상점가,광주광역시,3.0,3.0,,,RESOLVED_AGREEMENT,False,3,,,,
082b35896972e9f369e3,val,운동,T6 기계변형,q_운동_14,운동추천,문화·여가 중 '운동'을 판매·제공하는 매장,e0f3e5e9-7234-4441-adc2-4cb7c25158cf,나을,운동서비스,성덕중사거리,골목형상점가,광주광역시,3.0,3.0,,,RESOLVED_AGREEMENT,False,3,,,,
8b952ea9d59bad6cf6a4,val,운동,T6 기계변형,q_운동_14,운동추천,문화·여가 중 '운동'을 판매·제공하는 매장,0080a859-c5d8-4b43-b14c-d5eb844118a0,헬스맨헬스걸,헬스장,비래동골목형상점가,골목형상점가,대전광역시,3.0,3.0,,,RESOLVED_AGREEMENT,False,3,,,,
ebe838d053b9cc76224f,val,운동,T6 기계변형,q_운동_14,운동추천,문화·여가 중 '운동'을 판매·제공하는 매장,00124602-ef4e-472c-91ee-de53b28d7530,화이트,의류,울산번개시장,전통시장,울산광역시,1.0,1.0,,,RESOLVED_AGREEMENT,False,1,,,,
e7913579eb63e665ddb1,val,운동,T6 기계변형,q_운동_14,운동추천,문화·여가 중 '운동'을 판매·제공하는 매장,dbc51991-7d10-434a-80ab-1a3ffc3e2b8d,무브3o1,운동수업,옥정한길프라자상점가,골목형상점가,경기도,3.0,3.0,,,RESOLVED_AGREEMENT,False,3,,,,
c60f5338b0db37a43742,val,운동,T6 기계변형,q_운동_14,운동추천,문화·여가 중 '운동'을 판매·제공하는 매장,040428ab-1a04-452f-8b35-c7c3c993cad8,누아요가,요가,현대센트럴스퀘어,골목형상점가,경기도,3.0,3.0,,,RESOLVED_AGREEMENT,False,3,,,,
1541f448c3b32f965bb4,val,운동,T6 기계변형,q_운동_14,운동추천,문화·여가 중 '운동'을 판매·제공하는 매장,df2c9837-be1a-48ac-b9fe-8bcf4e995d40,"요가,하다",운동,신가동 골목형상점가,골목형상점가,광주광역시,3.0,3.0,,,RESOLVED_AGREEMENT,False,3,,,,
0227b9a94b5645ce48c5,val,운동,T6 기계변형,q_운동_14,운동추천,문화·여가 중 '운동'을 판매·제공하는 매장,08bf522e-2d12-4ba2-95aa-344e372f90d7,수지패션,운동용품,원조낙지골목상점가,자율상권구역,전라남도,3.0,3.0,,,RESOLVED_AGREEMENT,False,3,,,,
a0187036b825ea343c69,val,운동,T6 기계변형,q_운동_14,운동추천,문화·여가 중 '운동'을 판매·제공하는 매장,28a66bf2-5b05-4c54-bd55-cc1004530355,김정희필라테스,운동,장자호수공원 골목형상점가,골목형상점가,경기도,3.0,3.0,,,RESOLVED_AGREEMENT,False,3,,,,
cf0c0e3ef75856af23b8,val,운동,T6 기계변형,q_운동_14,운동추천,문화·여가 중 '운동'을 판매·제공하는 매장,5149b3c5-9cc8-45d2-95ba-c9afcd71e1d1,올바른핏,운동,더센트럴 골목형상점가,골목형상점가,세종특별자치시,3.0,3.0,,,RESOLVED_AGREEMENT,False,3,,,,
a592d3a855ddfdaedf27,val,운동,T6 기계변형,q_운동_14,운동추천,문화·여가 중 '운동'을 판매·제공하는 매장,ba122c07-ba20-46eb-b7e5-c77027052c82,말집,생선,익산북부시장,전통시장,전북특별자치도,0.0,0.0,,,RESOLVED_AGREEMENT,False,0,,,,
27e723b56edd6a711853,val,운동,T6 기계변형,q_운동_14,운동추천,문화·여가 중 '운동'을 판매·제공하는 매장,8dc961c0-d399-48e6-9f8e-19333da20b1e,미강,운동기구,대구종합유통단지전자관사업협동조합,전통시장,대구광역시,3.0,3.0,,,RESOLVED_AGREEMENT,False,3,,,,
3c27af9e9f2469b48bbe,val,운동,T6 기계변형,q_운동_14,운동추천,문화·여가 중 '운동'을 판매·제공하는 매장,008fbd3f-35b4-431f-8ba5-fc8bcfe4bf83,제이에스피트니스,헬스,동림1 골목형상점가,골목형상점가,광주광역시,3.0,3.0,,,RESOLVED_AGREEMENT,False,3,,,,
d077042230966efaa412,val,운동,T6 기계변형,q_운동_14,운동추천,문화·여가 중 '운동'을 판매·제공하는 매장,ea7f6728-6fb8-43a7-9ec3-b4105f9f9235,이루다태권도,운동,용산지구 골목형상점가,골목형상점가,광주광역시,3.0,3.0,,,RESOLVED_AGREEMENT,False,3,,,,
c92289f59c740e6e809f,val,운동,T6 기계변형,q_운동_14,운동추천,문화·여가 중 '운동'을 판매·제공하는 매장,84a53631-234a-4dd4-8fe4-03dac1f13ca7,지투운동재활센터,운동,금당산길상인회 골목형상점가,골목형상점가,광주광역시,3.0,3.0,,,RESOLVED_AGREEMENT,False,3,,,,
9e2735682cb47a165690,val,운동,T6 기계변형,q_운동_14,운동추천,문화·여가 중 '운동'을 판매·제공하는 매장,000a92b3-0b5e-429e-af00-f86e3570e24b,클로버,의류,관문상가시장,전통시장,대구광역시,1.0,1.0,,,RESOLVED_AGREEMENT,False,1,,,,
7ec9b8f4182428a7a07e,val,운동,T6 기계변형,q_운동_14,운동추천,문화·여가 중 '운동'을 판매·제공하는 매장,20ad0a8a-5d7e-4b54-a5bb-3fe237b71b95,우신사,운동복,신안동서암대로 골목형상점가,골목형상점가,광주광역시,3.0,3.0,,,RESOLVED_AGREEMENT,False,3,,,,
d20e21bd7ef92216e0b7,val,운동,T6 기계변형,q_운동_14,운동추천,문화·여가 중 '운동'을 판매·제공하는 매장,6b74a996-79c8-48fa-aed5-3719e3e54d96,운동화2500,운동화 세탁,양산동 골목형상점가,골목형상점가,광주광역시,3.0,3.0,,,RESOLVED_AGREEMENT,False,3,,,,
f9c93125ed0c2a9ee038,val,운동,T6 기계변형,q_운동_14,운동추천,문화·여가 중 '운동'을 판매·제공하는 매장,385fa53f-32c7-4dc4-8d6f-9c696331e0c4,뉴온리짐,운동가입,태능엔터피아,전통시장,서울특별시,3.0,3.0,,,RESOLVED_AGREEMENT,False,3,,,,
c7eea2cfe89918e68333,val,운동,T6 기계변형,q_운동_14,운동추천,문화·여가 중 '운동'을 판매·제공하는 매장,bfa30d0f-05a8-4939-b01b-1ee120837936,운동화목욕한날,운동화세탁,용운시장,전통시장,대전광역시,3.0,3.0,,,RESOLVED_AGREEMENT,False,3,,,,
99c3f056b283b59bfd66,val,운동,T6 기계변형,q_운동_14,운동추천,문화·여가 중 '운동'을 판매·제공하는 매장,d0618406-e4d3-4ad7-8b48-42dd46fa6184,오스타짐,운동,능동상가,자율상권구역,경기도,3.0,3.0,,,RESOLVED_AGREEMENT,False,3,,,,
593246dfa5ceaa5fa03e,val,운동,T6 기계변형,q_운동_14,운동추천,문화·여가 중 '운동'을 판매·제공하는 매장,ba68f7ac-5171-4f12-b8bb-a1d64150be18,점핑하이,운동,전남대후문골목형상점가,골목형상점가,광주광역시,3.0,3.0,,,RESOLVED_AGREEMENT,False,3,,,,
56853d3f6c50cc2cf889,val,운동,T6 기계변형,q_운동_14,운동추천,문화·여가 중 '운동'을 판매·제공하는 매장,996cde8f-8c52-44fe-a286-ef32a9f58e23,운동화 이불 빨래방,"운동화, 이불빨래",비아로 골목형상점가,골목형상점가,광주광역시,3.0,3.0,,,RESOLVED_AGREEMENT,False,3,,,,
054ac3d1c18296de4a77,val,운동,T6 기계변형,q_운동_14,운동추천,문화·여가 중 '운동'을 판매·제공하는 매장,fd60de7e-7487-4fff-a95f-5c1a0a4c4933,필라테스워밍,운동,으뜸 효동 골목형상점가,골목형상점가,광주광역시,3.0,3.0,,,RESOLVED_AGREEMENT,False,3,,,,
a4962526e11d904b6ae1,val,운동,T6 기계변형,q_운동_14,운동추천,문화·여가 중 '운동'을 판매·제공하는 매장,8c8a95d2-0bb5-437e-8aac-f2361635c054,BLC 밸러스 운동센터,운동지도,신가동 골목형상점가,골목형상점가,광주광역시,3.0,3.0,,,RESOLVED_AGREEMENT,False,3,,,,
cb403f72cf013aebfaa5,val,운동,T6 기계변형,q_운동_14,운동추천,문화·여가 중 '운동'을 판매·제공하는 매장,018b2dd0-5613-482c-b714-e30dcfa584fd,씨엘 필라테스 안산고잔점,필라테스,도리섬상점가,자율상권구역,경기도,3.0,3.0,,,RESOLVED_AGREEMENT,False,3,,,,
a5345bb4cdf28dc9182b,val,운동,T6 기계변형,q_운동_14,운동추천,문화·여가 중 '운동'을 판매·제공하는 매장,36f4d9e2-889a-4168-b518-51e2ddf773df,킴스휘트니스클리닉,피트니스,아름동상점가,자율상권구역,세종특별자치시,3.0,3.0,,,RESOLVED_AGREEMENT,False,3,,,,
d89e77bbf039f9092691,val,운동,T6 기계변형,q_운동_14,운동추천,문화·여가 중 '운동'을 판매·제공하는 매장,b6b338ce-2a96-44d5-8f1d-a07ffd0b6f03,리햅운동치료연구소,운동상담지도및연구,별양동상점가,자율상권구역,경기도,3.0,3.0,,,RESOLVED_AGREEMENT,False,3,,,,
132a808966e649743ec2,val,운동,T6 기계변형,q_운동_14,운동추천,문화·여가 중 '운동'을 판매·제공하는 매장,9b5de248-45fc-430c-b2d5-8ed01d6ddaef,해맑은 운동화월곡점,운동화 가방 세척,정다운 골목형상점가,골목형상점가,광주광역시,3.0,3.0,,,RESOLVED_AGREEMENT,False,3,,,,
a6022f47395eea9bdfd1,val,운동,T6 기계변형,q_운동_14,운동추천,문화·여가 중 '운동'을 판매·제공하는 매장,0214eb76-f204-4d4f-9645-f0444d2c5f33,베이글짐,헬스장,도담동 골목형상점가,골목형상점가,세종특별자치시,3.0,3.0,,,RESOLVED_AGREEMENT,False,3,,,,
fc47c8bf99210d70b5ff,val,운동,T6 기계변형,q_운동_14,운동추천,문화·여가 중 '운동'을 판매·제공하는 매장,30d893c7-1110-4850-bec8-b09ad8dba62c,학무검도관,운동,루원음식문화거리,골목형상점가,인천광역시,3.0,3.0,,,RESOLVED_AGREEMENT,False,3,,,,
897ea69b4e44abbc8c48,val,운동,T6 기계변형,q_운동_14,운동추천,문화·여가 중 '운동'을 판매·제공하는 매장,48ec2024-ee31-4ae0-bb8f-2126c5bfaa61,하다피트니스,피트니스,과천새서울프라자시장,전통시장,경기도,3.0,3.0,,,RESOLVED_AGREEMENT,False,3,,,,
a801eda04d78d2cb4b83,val,운동,T6 기계변형,q_운동_14,운동추천,문화·여가 중 '운동'을 판매·제공하는 매장,961acb4c-97d0-4882-911f-2582b5126f5d,운동화빠는날,세탁,조암시장,전통시장,경기도,2.0,3.0,,,P2_GRADED_ONLY,True,,,,,
1b132f2b561528e827af,val,운동,T6 기계변형,q_운동_14,운동추천,문화·여가 중 '운동'을 판매·제공하는 매장,48c541cc-9af3-45a8-ac99-91bf37c1de37,나무휘트니스,운동,양산길 골목형상점가,골목형상점가,광주광역시,3.0,3.0,,,RESOLVED_AGREEMENT,False,3,,,,
c5ec4124d22e647755d3,val,운동,T6 기계변형,q_운동_14,운동추천,문화·여가 중 '운동'을 판매·제공하는 매장,ecaa389d-be82-4903-a754-35399b13ea9b,운동다짐,운동강습,주월장산 골목형상점가,골목형상점가,광주광역시,3.0,3.0,,,RESOLVED_AGREEMENT,False,3,,,,
a5607157db3f2eb6e3a5,val,운동,T6 기계변형,q_운동_14,운동추천,문화·여가 중 '운동'을 판매·제공하는 매장,ac6cd3f3-972f-4b2d-9186-c55e4f213297,더블유핏,운동,동천동먹자골목1번가상인회 골목형상점가,골목형상점가,광주광역시,3.0,3.0,,,RESOLVED_AGREEMENT,False,3,,,,
ca1b04b8f828a29365c6,val,운동,T6 기계변형,q_운동_14,운동추천,문화·여가 중 '운동'을 판매·제공하는 매장,92193db2-be2b-4571-ad9b-514cfd0d64f4,육회랑 통골뱅이,한식,BOCA 보카상점가,골목형상점가,경기도,0.0,0.0,,,RESOLVED_AGREEMENT,False,0,,,,
2458051dfbf51c77be2b,val,운동,T6 기계변형,q_운동_14,운동추천,문화·여가 중 '운동'을 판매·제공하는 매장,00054f1d-4cae-4345-9975-1423bc49e4dc,착한아이들,의류,중앙전통시장,전통시장,울산광역시,1.0,1.0,,,RESOLVED_AGREEMENT,False,1,,,,
072e77919a3c7311a63e,val,운동,T6 기계변형,q_운동_14,운동추천,문화·여가 중 '운동'을 판매·제공하는 매장,e20d3a17-04e8-433a-bd00-128fead1ab96,우수한 운동 습관 PT,,열매 골목형상점가,골목형상점가,대전광역시,3.0,3.0,,,RESOLVED_AGREEMENT,False,3,,,,
d52ec66b32a90f5c1172,val,운동,T6 기계변형,q_운동_14,운동추천,문화·여가 중 '운동'을 판매·제공하는 매장,f5315563-b55b-46e3-aab3-845ee2223ff1,운동화손세탁,운동화세탁,상대원1동 해피마을 골목형상점가,골목형상점가,경기도,3.0,3.0,,,RESOLVED_AGREEMENT,False,3,,,,
225d04ac54bffcf9a38b,val,운동,T6 기계변형,q_운동_14,운동추천,문화·여가 중 '운동'을 판매·제공하는 매장,00158f51-4d3a-4ac0-9e38-b37552f5e097,지지배,의류,나주금빛상점가,자율상권구역,전라남도,1.0,1.0,,,RESOLVED_AGREEMENT,False,1,,,,
40614ee76d79f4dfd021,val,운동,T6 기계변형,q_운동_14,운동추천,문화·여가 중 '운동'을 판매·제공하는 매장,cfc05de2-f51d-4294-a550-94e81d0a0529,제주사랑운동센터메디짐,운동,노형1 골목형상점가,골목형상점가,제주특별자치도,3.0,3.0,,,RESOLVED_AGREEMENT,False,3,,,,
166d575213a450d03f3c,val,운동,T6 기계변형,q_운동_14,운동추천,문화·여가 중 '운동'을 판매·제공하는 매장,abe34899-dbe6-4db2-8ece-c9082a9d8dae,데이지 운동센터,운동 서비스,운수대통 골목형상점가,골목형상점가,광주광역시,3.0,3.0,,,RESOLVED_AGREEMENT,False,3,,,,
2c3a14bdff9cb3271989,val,운동,T6 기계변형,q_운동_14,운동추천,문화·여가 중 '운동'을 판매·제공하는 매장,7bbc793e-157b-4a7e-ad28-d01292db6d37,리플랜 운동센터,,새천년 골목형상점가,골목형상점가,경기도,3.0,3.0,,,RESOLVED_AGREEMENT,False,3,,,,
f6cf4b041b105f893d41,val,운동,T6 기계변형,q_운동_14,운동추천,문화·여가 중 '운동'을 판매·제공하는 매장,98bdd35b-d6bb-4873-956f-fe718089a4d1,우승사,운동용품,팔달문시장,기타,경기도,3.0,3.0,,,RESOLVED_AGREEMENT,False,3,,,,
f36c97a0f00c35d1a623,val,운동,T6 기계변형,q_운동_14,운동추천,문화·여가 중 '운동'을 판매·제공하는 매장,bed93294-daab-4758-8022-a4a4b57a41ed,커먼프라자,의류,황지자유시장,전통시장,강원특별자치도,1.0,1.0,,,RESOLVED_AGREEMENT,False,1,,,,
f5680288d4bfdec3bcc6,val,운동,T6 기계변형,q_운동_14,운동추천,문화·여가 중 '운동'을 판매·제공하는 매장,09815d92-d0f0-4c87-b4fa-1194f86c53c0,유성프로스펙스,"스포츠의류, 용품",장대동패션상가 골목형상점가,골목형상점가,대전광역시,3.0,1.0,,,P1_BINARY_THRESHOLD,True,,,,,
28fbb31288e3bd95fab5,val,운동,T6 기계변형,q_운동_14,운동추천,문화·여가 중 '운동'을 판매·제공하는 매장,21bfd845-8c16-4b67-809f-81a3833826c0,케이폴앤댄스,피트니스,남양역골로상점가,골목형상점가,경기도,3.0,3.0,,,RESOLVED_AGREEMENT,False,3,,,,
7e2c79551fbd107ceab6,val,운동,T6 기계변형,q_운동_14,운동추천,문화·여가 중 '운동'을 판매·제공하는 매장,00c4a045-8aa5-4995-8313-806b7fcab6ff,남스짐천왕점 헬스PT,,천왕마을 골목형상점가,골목형상점가,서울특별시,3.0,3.0,,,RESOLVED_AGREEMENT,False,3,,,,
ed718f1336ad6e265621,val,운동,T6 기계변형,q_운동_14,운동추천,문화·여가 중 '운동'을 판매·제공하는 매장,0151b1ea-e648-438b-83b0-efcf6f387e9b,크로스핏 터,운동 서비스,열매 골목형상점가,골목형상점가,대전광역시,3.0,3.0,,,RESOLVED_AGREEMENT,False,3,,,,
ccc27a66cfa6fe67aeb5,val,운동,T6 기계변형,q_운동_14,운동추천,문화·여가 중 '운동'을 판매·제공하는 매장,5224cb69-85d5-4eaf-95c2-1aef303f50fd,액시스재활운동센터,운동처방 운동재활,효자촌 골목형상점가,골목형상점가,경기도,3.0,3.0,,,RESOLVED_AGREEMENT,False,3,,,,
d21790a339355550c04a,val,운동,T6 기계변형,q_운동_14,운동추천,문화·여가 중 '운동'을 판매·제공하는 매장,779536dd-e3ad-4f54-8666-113c2665fe26,삼영사,운동용품,하양꿈바우시장,전통시장,경상북도,3.0,3.0,,,RESOLVED_AGREEMENT,False,3,,,,
3b524770a1949cff283f,val,운동,T6 기계변형,q_운동_14,운동추천,문화·여가 중 '운동'을 판매·제공하는 매장,033d99e2-0579-45d7-9d48-d999b90dd98a,M필라테스&요가,"필라테스, 요가",조종시장,전통시장,경기도,3.0,3.0,,,RESOLVED_AGREEMENT,False,3,,,,
3fe318feba375c62561e,val,운동,T6 기계변형,q_운동_14,운동추천,문화·여가 중 '운동'을 판매·제공하는 매장,00a27d0e-2216-4ff5-94fe-7acd76db3da3,짐자반 헬스 PT 하남시청역점,"헬스장 회원권, 개인레슨",덕풍전통시장,전통시장,경기도,3.0,3.0,,,RESOLVED_AGREEMENT,False,3,,,,
39fd644fde6d3c6456e4,val,운동,T6 기계변형,q_운동_14,운동추천,문화·여가 중 '운동'을 판매·제공하는 매장,61a90062-be05-4c34-b3b7-c227b4587843,고유스튜디오,운동,빛가람 호수로 골목형상점가,골목형상점가,전라남도,3.0,3.0,,,RESOLVED_AGREEMENT,False,3,,,,
2de43be42386406815d7,val,운동,T6 기계변형,q_운동_14,운동추천,문화·여가 중 '운동'을 판매·제공하는 매장,5a8d50a6-99b8-4472-b9e9-608a7ab53b0a,서울신발,운동화,구미새마을중앙시장,전통시장,경상북도,3.0,3.0,,,RESOLVED_AGREEMENT,False,3,,,,
fa105a87defb0f91f866,val,운동,T6 기계변형,q_운동_14,운동추천,문화·여가 중 '운동'을 판매·제공하는 매장,b983ad44-8c19-4555-88dc-18c5f9a4214e,카츠미치,일식,광안리SUP샤카,골목형상점가,부산광역시,0.0,0.0,,,RESOLVED_AGREEMENT,False,0,,,,
6638287383d5f9da1398,val,운동,T6 기계변형,q_운동_14,운동추천,문화·여가 중 '운동'을 판매·제공하는 매장,695a4781-bea7-4967-aa60-9508c1d6f994,강호체육관,운동,운암 서영 골목형상점가,골목형상점가,광주광역시,3.0,3.0,,,RESOLVED_AGREEMENT,False,3,,,,
fae2ad21c3289f21f279,val,운동,T6 기계변형,q_운동_14,운동추천,문화·여가 중 '운동'을 판매·제공하는 매장,3ad2f8aa-dc26-4de7-aaa3-b213662c4b1a,다락,운동시설,아름다운별장거리골목형상점가,골목형상점가,서울특별시,3.0,3.0,,,RESOLVED_AGREEMENT,False,3,,,,
49b373e872492df2d6a6,val,운동,T6 기계변형,q_운동_14,운동추천,문화·여가 중 '운동'을 판매·제공하는 매장,1c0c09fd-a574-4c81-b906-f74240ae2b1c,영짐,운동서비스,신용동 골목형상점가,골목형상점가,광주광역시,3.0,3.0,,,RESOLVED_AGREEMENT,False,3,,,,
c637b141eca4041bb315,val,운동,T6 기계변형,q_운동_14,운동추천,문화·여가 중 '운동'을 판매·제공하는 매장,07d89ce7-de40-4795-a10b-414cc1e269ef,매곡 천부경 명상센터,"명상수련, 요가",매곡동 골목형상점가,골목형상점가,광주광역시,3.0,3.0,,,RESOLVED_AGREEMENT,False,3,,,,
e346dcc28ecc61d15e0f,val,운동,T6 기계변형,q_운동_14,운동추천,문화·여가 중 '운동'을 판매·제공하는 매장,a4aabfdc-e2ce-4128-af01-463e45e3184e,백일운동센터,운동센터,도룡상인회 골목형상점가,골목형상점가,대전광역시,3.0,3.0,,,RESOLVED_AGREEMENT,False,3,,,,
7ac5b37790de046e5873,val,운동,T6 기계변형,q_운동_14,운동추천,문화·여가 중 '운동'을 판매·제공하는 매장,003adf4b-eb63-4fd3-92d3-e139c6f1c22d,새롬필라테스,필라테스,새롬동 골목형상점가,골목형상점가,세종특별자치시,3.0,3.0,,,RESOLVED_AGREEMENT,False,3,,,,
1824b50408881d9a2db2,val,운동,T6 기계변형,q_운동_14,운동추천,문화·여가 중 '운동'을 판매·제공하는 매장,c8425b70-29b0-434e-b6f5-2213019547df,아란체육관,운동,본촌진아 골목형상점가,골목형상점가,광주광역시,3.0,3.0,,,RESOLVED_AGREEMENT,False,3,,,,
0a4c2b810d4308426ccf,val,운동,T6 기계변형,q_운동_14,운동추천,문화·여가 중 '운동'을 판매·제공하는 매장,80c4738a-934b-4b41-9de9-a82a5967a614,천외천,한식,상봉먹자골목형상점가,골목형상점가,서울특별시,0.0,0.0,,,RESOLVED_AGREEMENT,False,0,,,,
b00ac0b64baf18252c13,val,운동,T6 기계변형,q_운동_14,운동추천,문화·여가 중 '운동'을 판매·제공하는 매장,01a5e178-ba34-4e15-ac4d-07a398900593,가자점핑다이어트클럽,"점핑, 요가",문흥2동 골목형상점가,골목형상점가,광주광역시,3.0,3.0,,,RESOLVED_AGREEMENT,False,3,,,,
c06cb8a7549ec5b3299d,val,운동,T6 기계변형,q_운동_14,운동추천,문화·여가 중 '운동'을 판매·제공하는 매장,2a29d540-c328-4064-aa5a-78ae733f39a7,주식회사 서연,육류,이천중앙로상가,자율상권구역,경기도,0.0,0.0,,,RESOLVED_AGREEMENT,False,0,,,,
82159c959527a9897783,val,운동,T6 기계변형,q_운동_14,운동추천,문화·여가 중 '운동'을 판매·제공하는 매장,0041f699-c619-48b9-b3a9-814af9905c66,GB트레이닝센터,운동,일곡동(제5지역:제1근린공원 건너편),골목형상점가,광주광역시,3.0,3.0,,,RESOLVED_AGREEMENT,False,3,,,,
68a453abee246b9f5e0c,val,운동,T6 기계변형,q_운동_14,운동추천,문화·여가 중 '운동'을 판매·제공하는 매장,f7949c70-471d-4db1-9a77-daf1f101f2fd,닥터슈즈 운동화빨래방,운동화세탁,첨단중앙로 골목형상점가,골목형상점가,광주광역시,3.0,3.0,,,RESOLVED_AGREEMENT,False,3,,,,
ead411e2bf14c6d00899,val,운동,T6 기계변형,q_운동_14,운동추천,문화·여가 중 '운동'을 판매·제공하는 매장,bd924176-579d-4afc-868a-3da60224b8fe,홀리스틱바디워크,운동레슨,약수시장골목형상점가,골목형상점가,서울특별시,3.0,3.0,,,RESOLVED_AGREEMENT,False,3,,,,
2343eb058927b5106346,val,운동,T6 기계변형,q_운동_14,운동추천,문화·여가 중 '운동'을 판매·제공하는 매장,2cb321d2-24e7-41f7-8e2f-7643eb70ce42,파워존 대전,운동,궁동 골목형상점가,골목형상점가,대전광역시,3.0,3.0,,,RESOLVED_AGREEMENT,False,3,,,,
dbfc4af6b185cfa9ab34,val,운동,T6 기계변형,q_운동_14,운동추천,문화·여가 중 '운동'을 판매·제공하는 매장,d7dbae22-5d61-4ab7-81ca-b39b9d163604,잔 필라테스,운동,쌍리단길상점가,자율상권구역,서울특별시,3.0,3.0,,,RESOLVED_AGREEMENT,False,3,,,,
d049fe363302f15876b1,val,운동,T6 기계변형,q_운동_14,운동추천,문화·여가 중 '운동'을 판매·제공하는 매장,246c859f-de6a-46c6-8ba7-dd9a2d5a34c7,운동화 2500,운동화,봉선1로37번길 골목형상점가,골목형상점가,광주광역시,3.0,3.0,,,RESOLVED_AGREEMENT,False,3,,,,
e20350e604db592c7731,val,운동,T6 기계변형,q_운동_14,운동추천,문화·여가 중 '운동'을 판매·제공하는 매장,07466d2d-51a2-4c17-8dcf-1af1bfb6f868,금강랜드로바 원주점,운동화가죽신발등산용품,원주중앙로문화의거리,자율상권구역,강원특별자치도,3.0,3.0,,,RESOLVED_AGREEMENT,False,3,,,,
b98b6a6bc6f63edb6402,val,운동,T6 기계변형,q_운동_14,운동추천,문화·여가 중 '운동'을 판매·제공하는 매장,a49b2212-4418-45f7-9d0b-a0dfb325dd60,폴링인점핑,운동,노량진만나로골목형상점가,골목형상점가,서울특별시,3.0,3.0,,,RESOLVED_AGREEMENT,False,3,,,,
d201e6dff12a6d56883f,val,운동,T6 기계변형,q_운동_14,운동추천,문화·여가 중 '운동'을 판매·제공하는 매장,96d7e4fd-3193-47db-8c4d-8b82934020d0,전주요넥스,운동용품,숲정이 골목형상점가,골목형상점가,전북특별자치도,3.0,3.0,,,RESOLVED_AGREEMENT,False,3,,,,
96ae89a316d073719600,val,운동,T6 기계변형,q_운동_14,운동추천,문화·여가 중 '운동'을 판매·제공하는 매장,b0f831be-8ec7-4169-85c5-0ad6c28f11a5,뉴욕필라테스,운동,월산4동 골목형상점가,골목형상점가,광주광역시,3.0,3.0,,,RESOLVED_AGREEMENT,False,3,,,,
5a0187630ee027130223,val,운동,T6 기계변형,q_운동_14,운동추천,문화·여가 중 '운동'을 판매·제공하는 매장,762f74d8-bd8c-46be-8318-b098709c494d,피지오무브 재활&운동센터,운동지도,수완나들목 골목형상점가,골목형상점가,광주광역시,3.0,3.0,,,RESOLVED_AGREEMENT,False,3,,,,
40c450daa1ae775d4e39,val,운동,T6 기계변형,q_운동_14,운동추천,문화·여가 중 '운동'을 판매·제공하는 매장,c85f9507-e70e-4526-9bd6-53f657c6e98c,에스타크,의류,과천새서울프라자시장,전통시장,경기도,1.0,1.0,,,RESOLVED_AGREEMENT,False,1,,,,
3dd1063549e5585f3210,val,운동,T6 기계변형,q_운동_14,운동추천,문화·여가 중 '운동'을 판매·제공하는 매장,5f412983-9139-4acd-8060-4d1cfd41fac1,운동화손세탁이불,세탁,둔전골목형상점가,골목형상점가,경기도,2.0,3.0,,,P2_GRADED_ONLY,True,,,,,
fa8f05c9e1b1208675ad,val,운동,T6 기계변형,q_운동_14,운동추천,문화·여가 중 '운동'을 판매·제공하는 매장,00a3eb8f-b86a-4b8c-933c-ffaee551fdba,신시아 필라테스,필라테스 센터,겸재한신길 골목형상점가,골목형상점가,서울특별시,3.0,3.0,,,RESOLVED_AGREEMENT,False,3,,,,
c1580f72a79ee1aba60b,val,운동,T6 기계변형,q_운동_14,운동추천,문화·여가 중 '운동'을 판매·제공하는 매장,08de408a-f260-4467-b375-768cbd50e14d,본소마메드짐 재활운동&PT,운동,용강동상점가,자율상권구역,서울특별시,3.0,3.0,,,RESOLVED_AGREEMENT,False,3,,,,
f5aba35e00612878b7ec,val,원단,T1 정확표기,q_원단_01,원단,패션·잡화 중 '원단'을 판매·제공하는 매장,3ee47a98-9085-4511-8fd2-f54873a08cd6,수복직물,원단,부산진시장,전통시장,부산광역시,3.0,3.0,,,RESOLVED_AGREEMENT,False,3,,,,
eb4e48dc85d8e1e9d663,val,원단,T1 정확표기,q_원단_01,원단,패션·잡화 중 '원단'을 판매·제공하는 매장,1f1d2597-84ee-412e-96a3-244e28eed088,대경직물,원단,광장시장,전통시장,서울특별시,3.0,3.0,,,RESOLVED_AGREEMENT,False,3,,,,
da7b0d22c0b4308aa147,val,원단,T1 정확표기,q_원단_01,원단,패션·잡화 중 '원단'을 판매·제공하는 매장,92a64eb6-ff63-4cc4-a129-6ff06a094dca,경남,원단,부산진시장,전통시장,부산광역시,3.0,3.0,,,RESOLVED_AGREEMENT,False,3,,,,
6b3958d2c301bfd30032,val,원단,T1 정확표기,q_원단_01,원단,패션·잡화 중 '원단'을 판매·제공하는 매장,28aab6db-a567-47d5-8f3d-6c2e6c035340,리나,원단,양동복개상가,전통시장,광주광역시,3.0,3.0,,,RESOLVED_AGREEMENT,False,3,,,,
2703839f085a3d79711d,val,원단,T1 정확표기,q_원단_01,원단,패션·잡화 중 '원단'을 판매·제공하는 매장,c06e4194-a73f-459c-a8fc-0619bdecd097,김씨천,원단,서문시장2지구 종합상가,전통시장,대구광역시,3.0,3.0,,,RESOLVED_AGREEMENT,False,3,,,,
be8aae8d1c80d4d070c2,val,원단,T1 정확표기,q_원단_01,원단,패션·잡화 중 '원단'을 판매·제공하는 매장,34d42f74-2dcc-4c17-82e2-15686cf098c6,정다운찬반,반찬,효자천변1길 골목형상점가,골목형상점가,전북특별자치도,0.0,0.0,,,RESOLVED_AGREEMENT,False,0,,,,
484756d407599a414aa3,val,원단,T1 정확표기,q_원단_01,원단,패션·잡화 중 '원단'을 판매·제공하는 매장,b5370439-cd17-4b34-b191-84f0d669108f,봉창이해물칼국수,분식,진안시장(진안고원시장),전통시장,전북특별자치도,0.0,0.0,,,RESOLVED_AGREEMENT,False,0,,,,
39c9ca4e9fe50e51e61f,val,원단,T1 정확표기,q_원단_01,원단,패션·잡화 중 '원단'을 판매·제공하는 매장,018300e6-a57d-446f-8108-43a2bb89eeeb,수복섬유,원단,서문시장2지구 종합상가,전통시장,대구광역시,3.0,3.0,,,RESOLVED_AGREEMENT,False,3,,,,
a4311853b39d09275867,val,원단,T1 정확표기,q_원단_01,원단,패션·잡화 중 '원단'을 판매·제공하는 매장,03963ba8-48e3-4adb-8d97-9fb2b874b0df,신빔,도소매(화섬직물),광장시장,전통시장,서울특별시,3.0,3.0,,,RESOLVED_AGREEMENT,False,3,,,,
42a91617721e78d166b3,val,원단,T1 정확표기,q_원단_01,원단,패션·잡화 중 '원단'을 판매·제공하는 매장,01b9277e-13ac-40fe-992d-ec5c1eb69be0,오션직물,원단,종로신진시장,전통시장,서울특별시,3.0,3.0,,,RESOLVED_AGREEMENT,False,3,,,,
a27fbedcc456b81cf04f,val,원단,T1 정확표기,q_원단_01,원단,패션·잡화 중 '원단'을 판매·제공하는 매장,6b52bc55-c0ea-475b-b0c7-550177ae8b8d,동래상회(동래침구),침구,부산남문시장,전통시장,부산광역시,1.0,1.0,,,RESOLVED_AGREEMENT,False,1,,,,
3b982fbd324b1c4e64e5,val,원단,T1 정확표기,q_원단_01,원단,패션·잡화 중 '원단'을 판매·제공하는 매장,061414ea-9ec5-47e1-a943-e73f827799fb,현대수예사,옷감직물,중앙신시장,전통시장,경상북도,3.0,3.0,,,RESOLVED_AGREEMENT,False,3,,,,
1e68156500a2b28781c0,val,원단,T1 정확표기,q_원단_01,원단,패션·잡화 중 '원단'을 판매·제공하는 매장,572e4e1a-cf5e-4635-a407-6a455cb380c0,한일주단,원단,진주 중앙시장,전통시장,경상남도,3.0,3.0,,,RESOLVED_AGREEMENT,False,3,,,,
83d45e1f045b6cffc337,val,원단,T1 정확표기,q_원단_01,원단,패션·잡화 중 '원단'을 판매·제공하는 매장,b0e7ba7b-2a95-452f-a745-af4ab9c9e298,더함,원단,서문시장2지구 종합상가,전통시장,대구광역시,3.0,3.0,,,RESOLVED_AGREEMENT,False,3,,,,
0b19c47f11ee1026569d,val,원단,T1 정확표기,q_원단_01,원단,패션·잡화 중 '원단'을 판매·제공하는 매장,87b7fabc-5519-4000-bc7a-cba4a407099a,명신,원단,부산남문시장,전통시장,부산광역시,3.0,3.0,,,RESOLVED_AGREEMENT,False,3,,,,
2f780b7b97e3b48404d5,val,원단,T1 정확표기,q_원단_01,원단,패션·잡화 중 '원단'을 판매·제공하는 매장,c3fbaab4-ddec-4a2f-9259-e1dcea7480ca,정직물,원단,동대문종합시장,전통시장,서울특별시,3.0,3.0,,,RESOLVED_AGREEMENT,False,3,,,,
461620b024db5e6c3447,val,원단,T1 정확표기,q_원단_01,원단,패션·잡화 중 '원단'을 판매·제공하는 매장,51068173-2835-48a7-97d2-a4246cb5f177,동아직물,원단,대전중앙활성화구역,상권활성화구역,대전광역시,3.0,3.0,,,RESOLVED_AGREEMENT,False,3,,,,
f83ca3fb5db68fe9a5a5,val,원단,T1 정확표기,q_원단_01,원단,패션·잡화 중 '원단'을 판매·제공하는 매장,ed1d8e56-1395-45e3-9ffe-490a85dca1fa,금호원단,원단,양동복개상가,전통시장,,3.0,3.0,,,RESOLVED_AGREEMENT,False,3,,,,
f1193ee117e6f4218b98,val,원단,T1 정확표기,q_원단_01,원단,패션·잡화 중 '원단'을 판매·제공하는 매장,d92b4fc7-a86a-4beb-8415-72f8bbf4173a,옥포고운원단,원단,거제 옥포국제시장,전통시장,경상남도,3.0,3.0,,,RESOLVED_AGREEMENT,False,3,,,,
b86320d4ace9f5451a37,val,원단,T1 정확표기,q_원단_01,원단,패션·잡화 중 '원단'을 판매·제공하는 매장,1f69faee-ab0e-4f33-9c0a-028fe79def63,원단방,원단,삼척중앙시장,전통시장,강원특별자치도,3.0,3.0,,,RESOLVED_AGREEMENT,False,3,,,,
a99c5ca74c7bba97e4f9,val,원단,T1 정확표기,q_원단_01,원단,패션·잡화 중 '원단'을 판매·제공하는 매장,9d39af76-ad88-4ca1-ba21-f436898c0002,우주,원단,서문시장2지구 종합상가,전통시장,대구광역시,3.0,3.0,,,RESOLVED_AGREEMENT,False,3,,,,
3d17d8dcfc153e3aefed,val,원단,T1 정확표기,q_원단_01,원단,패션·잡화 중 '원단'을 판매·제공하는 매장,4c179e81-7768-48d1-8341-eca97a23345c,대로짜치,원단,중앙종합시장,전통시장,대전광역시,3.0,3.0,,,RESOLVED_AGREEMENT,False,3,,,,
ffe8b292312708d6f08b,val,원단,T1 정확표기,q_원단_01,원단,패션·잡화 중 '원단'을 판매·제공하는 매장,8bc26c77-978b-4889-9d80-a7211d1af412,코렌,원단,동대문종합시장,전통시장,서울특별시,3.0,3.0,,,RESOLVED_AGREEMENT,False,3,,,,
2b8511e9cbe2341711be,val,원단,T1 정확표기,q_원단_01,원단,패션·잡화 중 '원단'을 판매·제공하는 매장,00158f51-4d3a-4ac0-9e38-b37552f5e097,지지배,의류,나주금빛상점가,자율상권구역,전라남도,1.0,1.0,,,RESOLVED_AGREEMENT,False,1,,,,
04e868a5cd4d24e3d54c,val,원단,T1 정확표기,q_원단_01,원단,패션·잡화 중 '원단'을 판매·제공하는 매장,06e83923-0afa-41f6-b1bd-48286e9206d6,호걸텍스,원단,서문시장2지구 종합상가,전통시장,대구광역시,3.0,3.0,,,RESOLVED_AGREEMENT,False,3,,,,
d33860a32d6527d7bc68,val,원단,T1 정확표기,q_원단_01,원단,패션·잡화 중 '원단'을 판매·제공하는 매장,c18b8b91-d36d-4792-855f-30edfff08465,삼성섬유,원단,서문시장2지구 종합상가,전통시장,대구광역시,3.0,3.0,,,RESOLVED_AGREEMENT,False,3,,,,
7b3e854f94019680a215,val,원단,T1 정확표기,q_원단_01,원단,패션·잡화 중 '원단'을 판매·제공하는 매장,2077ff1c-222f-443c-a687-d0f88f48b43d,구리주단,원단,광장시장,전통시장,서울특별시,3.0,3.0,,,RESOLVED_AGREEMENT,False,3,,,,
1bd8f574087799a3182b,val,원단,T1 정확표기,q_원단_01,원단,패션·잡화 중 '원단'을 판매·제공하는 매장,9b3e3bd5-1fc0-4046-ba75-1f4f81611f2d,라라,원단,부산진시장,전통시장,부산광역시,3.0,3.0,,,RESOLVED_AGREEMENT,False,3,,,,
a0552e445faae1d399d7,val,원단,T1 정확표기,q_원단_01,원단,패션·잡화 중 '원단'을 판매·제공하는 매장,95bbe71c-5865-4ac0-a26d-1e53a9668180,한일김밥죽림점,한식,통영 죽림상점가,자율상권구역,경상남도,0.0,0.0,,,RESOLVED_AGREEMENT,False,0,,,,
447c56ff34a0aae54a0f,val,원단,T1 정확표기,q_원단_01,원단,패션·잡화 중 '원단'을 판매·제공하는 매장,00164d94-68f6-45aa-ab32-77c84e80b9eb,B동 3214 동연직물,원단,동대문종합시장,전통시장,서울특별시,3.0,3.0,,,RESOLVED_AGREEMENT,False,3,,,,
b4a9c3bda875d09e4502,val,원단,T1 정확표기,q_원단_01,원단,패션·잡화 중 '원단'을 판매·제공하는 매장,96a4491e-629e-471d-848a-48249513c043,대흥직물,원단,서문시장 제1지구1층(직물시장),전통시장,대구광역시,3.0,3.0,,,RESOLVED_AGREEMENT,False,3,,,,
87f5153854ba22732b23,val,원단,T1 정확표기,q_원단_01,원단,패션·잡화 중 '원단'을 판매·제공하는 매장,9042d981-00cb-4460-b8dd-2431b4684395,하라,원단,서문시장2지구 종합상가,전통시장,대구광역시,3.0,3.0,,,RESOLVED_AGREEMENT,False,3,,,,
352217fd3a30102955e8,val,원단,T1 정확표기,q_원단_01,원단,패션·잡화 중 '원단'을 판매·제공하는 매장,00124602-ef4e-472c-91ee-de53b28d7530,화이트,의류,울산번개시장,전통시장,울산광역시,1.0,1.0,,,RESOLVED_AGREEMENT,False,1,,,,
9a8bcd44fc451ada6e76,val,원단,T1 정확표기,q_원단_01,원단,패션·잡화 중 '원단'을 판매·제공하는 매장,005a8567-ac99-4067-a754-596a2050cd4a,동남커텐,"커텐류, 원단",중앙도매시장,전통시장,대전광역시,3.0,3.0,,,RESOLVED_AGREEMENT,False,3,,,,
3d2cd5cb790a9f33531a,val,원단,T1 정확표기,q_원단_01,원단,패션·잡화 중 '원단'을 판매·제공하는 매장,0078978d-a0a7-4859-8505-986ab0cfdbf8,연지곤지주단,섬유및직물,㈜여수중앙시장,전통시장,전라남도,3.0,3.0,,,RESOLVED_AGREEMENT,False,3,,,,
3f47089f47470ccef396,val,원단,T1 정확표기,q_원단_01,원단,패션·잡화 중 '원단'을 판매·제공하는 매장,96882cd3-f88d-4367-bce5-f9b7742d9938,해광,원단,부산진시장,전통시장,부산광역시,3.0,3.0,,,RESOLVED_AGREEMENT,False,3,,,,
399ed04acd7278a8e240,val,원단,T1 정확표기,q_원단_01,원단,패션·잡화 중 '원단'을 판매·제공하는 매장,10d9ab51-68f1-499f-9d05-7b4161f99850,선명사,원단,부산진시장,전통시장,부산광역시,3.0,3.0,,,RESOLVED_AGREEMENT,False,3,,,,
9628edd82c3f6b6293b0,val,원단,T1 정확표기,q_원단_01,원단,패션·잡화 중 '원단'을 판매·제공하는 매장,cf0cc286-0446-4caa-8d74-ddfb379ffc5a,베틀스,원단,서문시장2지구 종합상가,전통시장,대구광역시,3.0,3.0,,,RESOLVED_AGREEMENT,False,3,,,,
bd079c33ad57ad198ab4,val,원단,T1 정확표기,q_원단_01,원단,패션·잡화 중 '원단'을 판매·제공하는 매장,225ad663-291c-42c1-b839-141f2d25d72c,부경,원단,부산진시장,전통시장,부산광역시,3.0,3.0,,,RESOLVED_AGREEMENT,False,3,,,,
cf123d4eb0596e560300,val,원단,T1 정확표기,q_원단_01,원단,패션·잡화 중 '원단'을 판매·제공하는 매장,00172c94-61f0-4197-afeb-d7e8187c79b5,옷이예쁘다,의류,메트로센터(반월당지하쇼핑),일반지하상점가,대구광역시,1.0,1.0,,,RESOLVED_AGREEMENT,False,1,,,,
97bde1c1bbeae04bbf79,val,원단,T1 정확표기,q_원단_01,원단,패션·잡화 중 '원단'을 판매·제공하는 매장,9755e25e-acab-4bca-80ee-ad34d9d22106,원창상회,원단,서문시장 제1지구2층(포목시장),전통시장,대구광역시,3.0,3.0,,,RESOLVED_AGREEMENT,False,3,,,,
e6052c033569a3b92f17,val,원단,T1 정확표기,q_원단_01,원단,패션·잡화 중 '원단'을 판매·제공하는 매장,00054f1d-4cae-4345-9975-1423bc49e4dc,착한아이들,의류,중앙전통시장,전통시장,울산광역시,1.0,1.0,,,RESOLVED_AGREEMENT,False,1,,,,
5f1876f6c7844d8512bd,val,원단,T1 정확표기,q_원단_01,원단,패션·잡화 중 '원단'을 판매·제공하는 매장,c90bd80e-0f33-4c9e-a862-ba96d91c9c75,루디아원단,원단,서문시장2지구 종합상가,전통시장,대구광역시,3.0,3.0,,,RESOLVED_AGREEMENT,False,3,,,,
500a4462d86cdbc7ca43,val,원단,T1 정확표기,q_원단_01,원단,패션·잡화 중 '원단'을 판매·제공하는 매장,4f959827-0a0c-4f09-8035-8f481225a980,화신,원단,부산진시장,전통시장,부산광역시,3.0,3.0,,,RESOLVED_AGREEMENT,False,3,,,,
f213bf926c3fd620176c,val,원단,T1 정확표기,q_원단_01,원단,패션·잡화 중 '원단'을 판매·제공하는 매장,068b6320-6452-4ccb-a691-1dc30dc9ecc1,서울직물,원단,중촌동 맞춤거리 상점가,자율상권구역,대전광역시,3.0,3.0,,,RESOLVED_AGREEMENT,False,3,,,,
d5f140898f56e1a1218d,val,원단,T1 정확표기,q_원단_01,원단,패션·잡화 중 '원단'을 판매·제공하는 매장,4f813637-e62c-46b1-8bbb-c4be7816c1a4,한빛장식,원단,부산진시장,전통시장,부산광역시,3.0,3.0,,,RESOLVED_AGREEMENT,False,3,,,,
529bbe74d7f085ad0635,val,원단,T1 정확표기,q_원단_01,원단,패션·잡화 중 '원단'을 판매·제공하는 매장,12425d6f-94c2-4dfa-a9fc-0e84ffa51773,삼성택스,원단,서문시장2지구 종합상가,전통시장,대구광역시,3.0,3.0,,,RESOLVED_AGREEMENT,False,3,,,,
da8d9b274c73d0394c90,val,원단,T1 정확표기,q_원단_01,원단,패션·잡화 중 '원단'을 판매·제공하는 매장,005caa40-5ecf-48cc-8c50-6b4f07d4cd43,우일상회,직물,신중앙시장,전통시장,대전광역시,3.0,3.0,,,RESOLVED_AGREEMENT,False,3,,,,
1d90ad03740bef48bac6,val,원단,T1 정확표기,q_원단_01,원단,패션·잡화 중 '원단'을 판매·제공하는 매장,4705570b-7848-44e7-98ff-2ff02f0aa207,동신,원단,부산남문시장,전통시장,부산광역시,3.0,3.0,,,RESOLVED_AGREEMENT,False,3,,,,
5210ce928147f040b311,val,원단,T1 정확표기,q_원단_01,원단,패션·잡화 중 '원단'을 판매·제공하는 매장,f5982714-37a5-466a-b479-de7536113f5b,천구경,원단,서문시장2지구 종합상가,전통시장,대구광역시,3.0,3.0,,,RESOLVED_AGREEMENT,False,3,,,,
abc2d7d1dda458c1731d,val,원단,T1 정확표기,q_원단_01,원단,패션·잡화 중 '원단'을 판매·제공하는 매장,c381fbb5-83ab-4ad1-854d-6b696a4781f0,세계직물,원단,동대문종합시장,전통시장,서울특별시,3.0,3.0,,,RESOLVED_AGREEMENT,False,3,,,,
1932495914b41bfc5723,val,원단,T1 정확표기,q_원단_01,원단,패션·잡화 중 '원단'을 판매·제공하는 매장,de78ed5d-bc02-4593-a49a-b33f97a2b755,원단스토리,원단,안양중앙인정시장,전통시장,경기도,3.0,3.0,,,RESOLVED_AGREEMENT,False,3,,,,
578ff28141eb437258ff,val,원단,T1 정확표기,q_원단_01,원단,패션·잡화 중 '원단'을 판매·제공하는 매장,b549f9d6-d031-4479-ae7d-e4499b2f5932,본텍스,원단,동대문종합시장,전통시장,서울특별시,3.0,3.0,,,RESOLVED_AGREEMENT,False,3,,,,
759ed231f8f9bc6fba95,val,원단,T1 정확표기,q_원단_01,원단,패션·잡화 중 '원단'을 판매·제공하는 매장,ef7f9770-f899-4fa1-b527-51ee13eadd03,더실크,원단,서문시장 제1지구1층(직물시장),전통시장,대구광역시,3.0,3.0,,,RESOLVED_AGREEMENT,False,3,,,,
bea15fa2cbaf32771345,val,원단,T1 정확표기,q_원단_01,원단,패션·잡화 중 '원단'을 판매·제공하는 매장,88211c70-f07a-43ef-9bf8-ae43b9fe3d24,패션부러나,의류,장안문거북시장,전통시장,경기도,1.0,1.0,,,RESOLVED_AGREEMENT,False,1,,,,
8be97e63a5665c12e023,val,원단,T1 정확표기,q_원단_01,원단,패션·잡화 중 '원단'을 판매·제공하는 매장,ab4b4c54-4a1f-4c3f-8457-c916249717cd,명중원단,원단,중앙도매시장,전통시장,대전광역시,3.0,3.0,,,RESOLVED_AGREEMENT,False,3,,,,
219c58625d63ded6f036,val,원단,T1 정확표기,q_원단_01,원단,패션·잡화 중 '원단'을 판매·제공하는 매장,ea369a64-ad4e-4b09-aadd-dae60ca21212,정원,원단,동대문종합시장,전통시장,서울특별시,3.0,3.0,,,RESOLVED_AGREEMENT,False,3,,,,
560c970a78eede318fdd,val,원단,T1 정확표기,q_원단_01,원단,패션·잡화 중 '원단'을 판매·제공하는 매장,5d1f027a-2d56-43ac-9849-0bcc74430a9e,신명,원단,동대문종합시장,전통시장,서울특별시,3.0,3.0,,,RESOLVED_AGREEMENT,False,3,,,,
73ff7d8ec2d8de01d6e2,val,원단,T1 정확표기,q_원단_01,원단,패션·잡화 중 '원단'을 판매·제공하는 매장,45502121-b1bc-49a5-a4a9-3feb06116308,유한회사 영린식품,청과,가락몰골목형상점가,골목형상점가,서울특별시,0.0,0.0,,,RESOLVED_AGREEMENT,False,0,,,,
ad7b03737b50369d5824,val,원단,T1 정확표기,q_원단_01,원단,패션·잡화 중 '원단'을 판매·제공하는 매장,8dec0a2b-ff01-4d0c-a376-aad219abbc8f,시온직물,원단,동대문종합시장,전통시장,서울특별시,3.0,3.0,,,RESOLVED_AGREEMENT,False,3,,,,
4679d2fc1ae9d978d0eb,val,원단,T1 정확표기,q_원단_01,원단,패션·잡화 중 '원단'을 판매·제공하는 매장,8bd2263d-ac13-4fea-b402-e70a03c8fd76,진원단,소매(원단),여수서시장주변시장,전통시장,전라남도,3.0,3.0,,,RESOLVED_AGREEMENT,False,3,,,,
4a719e300ffc4fb640ad,val,원단,T1 정확표기,q_원단_01,원단,패션·잡화 중 '원단'을 판매·제공하는 매장,005f6593-4efc-412f-a8c3-ba0d222e9239,대동상사,면직물,광장시장,전통시장,서울특별시,3.0,3.0,,,RESOLVED_AGREEMENT,False,3,,,,
449623c5e940439389d2,val,원단,T1 정확표기,q_원단_01,원단,패션·잡화 중 '원단'을 판매·제공하는 매장,bd9f2d76-9a4b-4022-ae87-d2ea2d6480d8,예림,원단,광장시장,전통시장,서울특별시,3.0,3.0,,,RESOLVED_AGREEMENT,False,3,,,,
2fb455202578c3ed07ef,val,원단,T1 정확표기,q_원단_01,원단,패션·잡화 중 '원단'을 판매·제공하는 매장,33646d67-4cca-43ae-84ad-041f58353a98,보원,원단,부산진시장,전통시장,부산광역시,3.0,3.0,,,RESOLVED_AGREEMENT,False,3,,,,
dab2b0c150f40d3054aa,val,원단,T1 정확표기,q_원단_01,원단,패션·잡화 중 '원단'을 판매·제공하는 매장,791f06e2-fed4-4f81-9294-2651f0e853cf,우리,원단,동대문종합시장,전통시장,서울특별시,3.0,3.0,,,RESOLVED_AGREEMENT,False,3,,,,
c9a7f877fe9b6dd72550,val,원단,T1 정확표기,q_원단_01,원단,패션·잡화 중 '원단'을 판매·제공하는 매장,64c501d5-2ee4-43d5-a792-7b7bc9ab7a15,양호주단,원단,대전정원시장,전통시장,대전광역시,3.0,3.0,,,RESOLVED_AGREEMENT,False,3,,,,
861adfa067655206c6e1,val,원단,T1 정확표기,q_원단_01,원단,패션·잡화 중 '원단'을 판매·제공하는 매장,02800f15-d433-4e6a-8485-5204a316dfcf,서울원단,원단,서문시장2지구 종합상가,전통시장,대구광역시,3.0,3.0,,,RESOLVED_AGREEMENT,False,3,,,,
a84f708dc2a71581feeb,val,원단,T1 정확표기,q_원단_01,원단,패션·잡화 중 '원단'을 판매·제공하는 매장,8fa9b7a7-1035-418a-87d5-4fd0e68d7569,성진레스,원단,동대문종합시장,전통시장,서울특별시,3.0,3.0,,,RESOLVED_AGREEMENT,False,3,,,,
f4014498de19785933ef,val,원단,T1 정확표기,q_원단_01,원단,패션·잡화 중 '원단'을 판매·제공하는 매장,24929d3c-f71f-40ed-852b-14a46ef14a31,대령상사,원단,동대문종합시장,전통시장,서울특별시,3.0,3.0,,,RESOLVED_AGREEMENT,False,3,,,,
df8f3b4577a34d5246c3,val,원단,T1 정확표기,q_원단_01,원단,패션·잡화 중 '원단'을 판매·제공하는 매장,cca226db-f612-4e7e-bacf-998a985cf24f,원단싸,원단,서문시장2지구 종합상가,전통시장,대구광역시,3.0,3.0,,,RESOLVED_AGREEMENT,False,3,,,,
562c028f3b1fdf64be0d,val,원단,T1 정확표기,q_원단_01,원단,패션·잡화 중 '원단'을 판매·제공하는 매장,34e52766-9f71-46b8-bc26-54d8fc0b4e3f,통일,원단,서문시장 제1지구1층(직물시장),전통시장,대구광역시,3.0,3.0,,,RESOLVED_AGREEMENT,False,3,,,,
be7527a3622b1b477d84,val,원단,T1 정확표기,q_원단_01,원단,패션·잡화 중 '원단'을 판매·제공하는 매장,763c1bfd-c797-4da5-aa69-e44030016999,세연,원단,동대문종합시장,전통시장,서울특별시,3.0,3.0,,,RESOLVED_AGREEMENT,False,3,,,,
9ce2614b830ccc25f4d5,val,원단,T1 정확표기,q_원단_01,원단,패션·잡화 중 '원단'을 판매·제공하는 매장,bf4c969f-34d1-4622-a054-51e70ab542a5,서정원단,소매(원단),여수서시장주변시장,전통시장,전라남도,3.0,3.0,,,RESOLVED_AGREEMENT,False,3,,,,
e336e164217b10837009,val,원단,T1 정확표기,q_원단_01,원단,패션·잡화 중 '원단'을 판매·제공하는 매장,27b1b057-1a7a-4eb8-9fe5-119e520d8636,동천네,원단,서문시장2지구 종합상가,전통시장,대구광역시,3.0,3.0,,,RESOLVED_AGREEMENT,False,3,,,,
9e27a24d2d1a095313cd,val,원단,T1 정확표기,q_원단_01,원단,패션·잡화 중 '원단'을 판매·제공하는 매장,fbdecde4-2ffb-4635-b7c3-4cd4812bbfbb,만아상회,원단,부산진시장,전통시장,부산광역시,3.0,3.0,,,RESOLVED_AGREEMENT,False,3,,,,
52f84db5e823a341db07,val,원단,T1 정확표기,q_원단_01,원단,패션·잡화 중 '원단'을 판매·제공하는 매장,9e77d588-c2a6-477e-b9c5-c07a4e4f8168,진안농산물,농산물,김천황금시장,전통시장,경상북도,0.0,0.0,,,RESOLVED_AGREEMENT,False,0,,,,
4bed8eb0cd1a535d55ea,val,원단,T1 정확표기,q_원단_01,원단,패션·잡화 중 '원단'을 판매·제공하는 매장,8aeb82f6-7145-4f66-beb1-7a3ee5a9c8b2,세종견직,원단,서문시장 제1지구1층(직물시장),전통시장,대구광역시,3.0,3.0,,,RESOLVED_AGREEMENT,False,3,,,,
6b3afeb5583cff6a261c,val,원단,T1 정확표기,q_원단_01,원단,패션·잡화 중 '원단'을 판매·제공하는 매장,000a92b3-0b5e-429e-af00-f86e3570e24b,클로버,의류,관문상가시장,전통시장,대구광역시,1.0,1.0,,,RESOLVED_AGREEMENT,False,1,,,,
5b4bab64fe4d64befffe,val,원단,T1 정확표기,q_원단_01,원단,패션·잡화 중 '원단'을 판매·제공하는 매장,92a31210-d978-4fad-8609-62a3e14069f1,일광사,원단,원주미로예술중앙시장(원주중앙시장),전통시장,강원특별자치도,3.0,3.0,,,RESOLVED_AGREEMENT,False,3,,,,
4cb9172237ed7f50d285,val,원단,T1 정확표기,q_원단_01,원단,패션·잡화 중 '원단'을 판매·제공하는 매장,be3413db-1db1-4781-8025-866ecc52bb3d,뿌리앤치과의원,치과,송림골 골목형상점가,골목형상점가,인천광역시,0.0,0.0,,,RESOLVED_AGREEMENT,False,0,,,,
781f37291ce9883aa24f,val,원단,T1 정확표기,q_원단_01,원단,패션·잡화 중 '원단'을 판매·제공하는 매장,7195165f-8f9e-465e-8204-92178efd1f54,아이러브원단,원단,서문시장2지구 종합상가,전통시장,대구광역시,3.0,3.0,,,RESOLVED_AGREEMENT,False,3,,,,
d67f54604720b3ff7de0,val,원단,T1 정확표기,q_원단_01,원단,패션·잡화 중 '원단'을 판매·제공하는 매장,4d1a3ca0-9ba0-418e-8e9b-67658ecafa3a,인천원단,원단,중앙시장,전통시장,인천광역시,3.0,3.0,,,RESOLVED_AGREEMENT,False,3,,,,
fe2824f48bb9146382b8,val,원단,T1 정확표기,q_원단_01,원단,패션·잡화 중 '원단'을 판매·제공하는 매장,c3fe3ca1-b976-42d6-80c1-67d245b1a1ee,진텍스,원단,부산진시장,전통시장,부산광역시,3.0,3.0,,,RESOLVED_AGREEMENT,False,3,,,,
b4a14478b49fea59756c,val,원단,T1 정확표기,q_원단_01,원단,패션·잡화 중 '원단'을 판매·제공하는 매장,5dad5f60-fc61-4a36-9014-103d9a0c1b94,원텍스,원단,부산진시장,전통시장,부산광역시,3.0,3.0,,,RESOLVED_AGREEMENT,False,3,,,,
721431d1e51bc4c78bc3,val,원단,T1 정확표기,q_원단_01,원단,패션·잡화 중 '원단'을 판매·제공하는 매장,ba24ee53-3e43-4579-a22a-59444363dfbb,한결직물,원단,광장시장,전통시장,서울특별시,3.0,3.0,,,RESOLVED_AGREEMENT,False,3,,,,
8b7631246103b01a3364,val,원단,T1 정확표기,q_원단_01,원단,패션·잡화 중 '원단'을 판매·제공하는 매장,ec7e2edc-729f-4d05-8893-4f328f2581e0,헬로천,원단,서문시장2지구 종합상가,전통시장,대구광역시,3.0,3.0,,,RESOLVED_AGREEMENT,False,3,,,,
b30abb481e91e83cc136,val,원단,T2 동의어,q_원단_02,직물,패션·잡화 중 '원단'을 판매·제공하는 매장,90308fb8-e188-440a-b8a4-793297305533,광명사,직물,광장시장,전통시장,서울특별시,3.0,3.0,,,RESOLVED_AGREEMENT,False,3,,,,
fb4cec4b1b9bd1585640,val,원단,T2 동의어,q_원단_02,직물,패션·잡화 중 '원단'을 판매·제공하는 매장,514ad69c-326e-48dd-9781-5fe940917532,삼성직물,직물,부산진시장,전통시장,부산광역시,3.0,3.0,,,RESOLVED_AGREEMENT,False,3,,,,
6730fe0e524d3a4d7498,val,원단,T2 동의어,q_원단_02,직물,패션·잡화 중 '원단'을 판매·제공하는 매장,c6762fbc-1bb3-4698-b38f-f18536eccd14,선경(제일)직물,직물,평택통복시장,전통시장,경기도,3.0,3.0,,,RESOLVED_AGREEMENT,False,3,,,,
c0debbac2f36dddc8aa6,val,원단,T2 동의어,q_원단_02,직물,패션·잡화 중 '원단'을 판매·제공하는 매장,b9680a2e-5cf2-4af6-a8a1-8a0f326a0811,삼호직물,직물류,서문시장2지구 종합상가,전통시장,대구광역시,3.0,3.0,,,RESOLVED_AGREEMENT,False,3,,,,
d11377631e581d100b43,val,원단,T2 동의어,q_원단_02,직물,패션·잡화 중 '원단'을 판매·제공하는 매장,92652ea5-cbfb-4348-a7e8-865c14808f49,서문직물,직물,서문시장2지구 종합상가,전통시장,대구광역시,3.0,3.0,,,RESOLVED_AGREEMENT,False,3,,,,
bd1a7ffb88edaaef4a1f,val,원단,T2 동의어,q_원단_02,직물,패션·잡화 중 '원단'을 판매·제공하는 매장,03963ba8-48e3-4adb-8d97-9fb2b874b0df,신빔,도소매(화섬직물),광장시장,전통시장,서울특별시,3.0,3.0,,,RESOLVED_AGREEMENT,False,3,,,,
ac93b017c306f768ac29,val,원단,T2 동의어,q_원단_02,직물,패션·잡화 중 '원단'을 판매·제공하는 매장,534ce3f3-1ca3-4d45-8141-05c71e9f6ab0,여주상회,직물,대림시장,전통시장,서울특별시,3.0,3.0,,,RESOLVED_AGREEMENT,False,3,,,,
34816092abad1f8057fa,val,원단,T2 동의어,q_원단_02,직물,패션·잡화 중 '원단'을 판매·제공하는 매장,6dd89bdd-5e18-4b66-9363-80005937417b,나주홍어,반찬,의정부시장,전통시장,경기도,0.0,0.0,,,RESOLVED_AGREEMENT,False,0,,,,
0b445e9f724e83c01ff6,val,원단,T2 동의어,q_원단_02,직물,패션·잡화 중 '원단'을 판매·제공하는 매장,01b9277e-13ac-40fe-992d-ec5c1eb69be0,오션직물,원단,종로신진시장,전통시장,서울특별시,3.0,3.0,,,RESOLVED_AGREEMENT,False,3,,,,
0ad5ba4b649891b30c6c,val,원단,T2 동의어,q_원단_02,직물,패션·잡화 중 '원단'을 판매·제공하는 매장,4c07f209-f5be-4a50-9279-408a220aa0cc,이천상회,직물,광장전통시장,자율상권구역,서울특별시,3.0,3.0,,,RESOLVED_AGREEMENT,False,3,,,,
1484b2917f42e1bde945,val,원단,T2 동의어,q_원단_02,직물,패션·잡화 중 '원단'을 판매·제공하는 매장,7e23f5d5-3a3d-4483-b818-6b47116f3fa2,대경지물,직물,덕풍전통시장,전통시장,경기도,3.0,3.0,,,RESOLVED_AGREEMENT,False,3,,,,
6dcfd106ba47a124a2be,val,원단,T2 동의어,q_원단_02,직물,패션·잡화 중 '원단'을 판매·제공하는 매장,6fe683f2-8a13-4a6d-aed7-6fb20ddd6981,조흥상사,직물,서문시장2지구 종합상가,전통시장,대구광역시,3.0,3.0,,,RESOLVED_AGREEMENT,False,3,,,,
ccd36df69cab0381fab5,val,원단,T2 동의어,q_원단_02,직물,패션·잡화 중 '원단'을 판매·제공하는 매장,3dbfdf2e-fcdc-4fb5-943d-ee6102b805e1,창신직물,직물,서문시장2지구 종합상가,전통시장,대구광역시,3.0,3.0,,,RESOLVED_AGREEMENT,False,3,,,,
f1af428a769a51871d36,val,원단,T2 동의어,q_원단_02,직물,패션·잡화 중 '원단'을 판매·제공하는 매장,8e618dc9-e868-4db9-af59-a4edfbc2804e,동방사,직물,부산진시장,전통시장,부산광역시,3.0,3.0,,,RESOLVED_AGREEMENT,False,3,,,,
1de72d556e377eb663e1,val,원단,T2 동의어,q_원단_02,직물,패션·잡화 중 '원단'을 판매·제공하는 매장,5890d62f-ff9e-4710-a154-e1a900a62f8c,경주직물,직물,부산진시장,전통시장,부산광역시,3.0,3.0,,,RESOLVED_AGREEMENT,False,3,,,,
1691ed9653713127676e,val,원단,T2 동의어,q_원단_02,직물,패션·잡화 중 '원단'을 판매·제공하는 매장,35d56122-1be2-4146-80eb-04c5affcb1e4,대광상회,직물,서문시장2지구 종합상가,전통시장,대구광역시,3.0,3.0,,,RESOLVED_AGREEMENT,False,3,,,,
0c31573fdf8cff985c4a,val,원단,T2 동의어,q_원단_02,직물,패션·잡화 중 '원단'을 판매·제공하는 매장,00158f51-4d3a-4ac0-9e38-b37552f5e097,지지배,의류,나주금빛상점가,자율상권구역,전라남도,1.0,1.0,,,RESOLVED_AGREEMENT,False,1,,,,
b470d59dcee1659fe0a2,val,원단,T2 동의어,q_원단_02,직물,패션·잡화 중 '원단'을 판매·제공하는 매장,6d1357fd-664f-4543-ae24-e501ca268b50,칠성직물,"직물, 원단",서문시장2지구 종합상가,전통시장,대구광역시,3.0,3.0,,,RESOLVED_AGREEMENT,False,3,,,,
112b56a17dde3eb69427,val,원단,T2 동의어,q_원단_02,직물,패션·잡화 중 '원단'을 판매·제공하는 매장,0862a071-4b56-4fbf-a8b0-cfea3adf6549,아띠,직물,서문시장2지구 종합상가,전통시장,대구광역시,3.0,3.0,,,RESOLVED_AGREEMENT,False,3,,,,
804665e6019988d409b0,val,원단,T2 동의어,q_원단_02,직물,패션·잡화 중 '원단'을 판매·제공하는 매장,0bd000d1-0aaa-48be-ad3f-530419838b0c,진주상회,직물,부산진시장,전통시장,부산광역시,3.0,3.0,,,RESOLVED_AGREEMENT,False,3,,,,
87648008d72889e57c83,val,원단,T2 동의어,q_원단_02,직물,패션·잡화 중 '원단'을 판매·제공하는 매장,72288265-a29e-4ea5-ae8e-f7c57d836163,동우상사,직물,부산진시장,전통시장,부산광역시,3.0,3.0,,,RESOLVED_AGREEMENT,False,3,,,,
851af7d6ae7789719ce4,val,원단,T2 동의어,q_원단_02,직물,패션·잡화 중 '원단'을 판매·제공하는 매장,fb2dc1a0-6103-4c87-b2e0-23b63a024620,국일직물,직물,부산진시장,전통시장,부산광역시,3.0,3.0,,,RESOLVED_AGREEMENT,False,3,,,,
641742b7f7121b8268b6,val,원단,T2 동의어,q_원단_02,직물,패션·잡화 중 '원단'을 판매·제공하는 매장,6dffe9a6-8d4c-4859-b39b-b3fa9e04db6f,영진사,직물,신중앙시장,전통시장,대전광역시,3.0,3.0,,,RESOLVED_AGREEMENT,False,3,,,,
87c437130716e6241416,val,원단,T2 동의어,q_원단_02,직물,패션·잡화 중 '원단'을 판매·제공하는 매장,0078978d-a0a7-4859-8505-986ab0cfdbf8,연지곤지주단,섬유및직물,㈜여수중앙시장,전통시장,전라남도,3.0,3.0,,,RESOLVED_AGREEMENT,False,3,,,,
f421688ed2251bf67662,val,원단,T2 동의어,q_원단_02,직물,패션·잡화 중 '원단'을 판매·제공하는 매장,5e3bbf34-7069-432c-88d3-5d68c2c67ad9,모아안감,직물,충장로45가 상점가,자율상권구역,광주광역시,3.0,3.0,,,RESOLVED_AGREEMENT,False,3,,,,
c22e958127a60a66fb44,val,원단,T2 동의어,q_원단_02,직물,패션·잡화 중 '원단'을 판매·제공하는 매장,f60c7b37-7b5f-42a1-a411-05af153fd998,윤성상회,직물,서문시장2지구 종합상가,전통시장,대구광역시,3.0,3.0,,,RESOLVED_AGREEMENT,False,3,,,,
66c1b3be16becd4be31b,val,원단,T2 동의어,q_원단_02,직물,패션·잡화 중 '원단'을 판매·제공하는 매장,80dd7de9-0afb-40e6-bdd5-71ce5c22e648,색동상회,직물,서문시장 제1지구1층(직물시장),전통시장,대구광역시,3.0,3.0,,,RESOLVED_AGREEMENT,False,3,,,,
f89091fc69ba3bded18a,val,원단,T2 동의어,q_원단_02,직물,패션·잡화 중 '원단'을 판매·제공하는 매장,637503e2-1e53-4d33-8ccf-7ebb7ce8fb2e,삼환직물,"화섬지, 직물",서문시장2지구 종합상가,전통시장,대구광역시,3.0,3.0,,,RESOLVED_AGREEMENT,False,3,,,,
e540fcf583f73f5f6a1d,val,원단,T2 동의어,q_원단_02,직물,패션·잡화 중 '원단'을 판매·제공하는 매장,4c2d4aa8-08e2-4a89-a639-0f6c69552d3c,세광옥텍스,직물,서문시장2지구 종합상가,전통시장,대구광역시,3.0,3.0,,,RESOLVED_AGREEMENT,False,3,,,,
24aa497b922e965acbf6,val,원단,T2 동의어,q_원단_02,직물,패션·잡화 중 '원단'을 판매·제공하는 매장,28565349-00d2-407c-8f93-db89fcd0135e,예지상사,직물,광장시장,전통시장,서울특별시,3.0,3.0,,,RESOLVED_AGREEMENT,False,3,,,,
d1c9efe36f70d8d4bd33,val,원단,T2 동의어,q_원단_02,직물,패션·잡화 중 '원단'을 판매·제공하는 매장,00124602-ef4e-472c-91ee-de53b28d7530,화이트,의류,울산번개시장,전통시장,울산광역시,1.0,1.0,,,RESOLVED_AGREEMENT,False,1,,,,
b144a612586a6503a8f3,val,원단,T2 동의어,q_원단_02,직물,패션·잡화 중 '원단'을 판매·제공하는 매장,a62bf61d-4a58-48ac-8048-192d87c82dea,민영상사,직물,서문시장 제1지구1층(직물시장),전통시장,대구광역시,3.0,3.0,,,RESOLVED_AGREEMENT,False,3,,,,
725e32e43c8430224eb9,val,원단,T2 동의어,q_원단_02,직물,패션·잡화 중 '원단'을 판매·제공하는 매장,e10fac9c-9730-4c43-9d3e-13806bc618e7,고령,직물,부산진시장,전통시장,부산광역시,3.0,3.0,,,RESOLVED_AGREEMENT,False,3,,,,
04e73df040f9a975ca25,val,원단,T2 동의어,q_원단_02,직물,패션·잡화 중 '원단'을 판매·제공하는 매장,3dd1413b-2f2b-4e9f-8e10-71e41a34557d,성동라사,직물,부산진시장,전통시장,부산광역시,3.0,3.0,,,RESOLVED_AGREEMENT,False,3,,,,
6181a064ba5c2d6f1ba3,val,원단,T2 동의어,q_원단_02,직물,패션·잡화 중 '원단'을 판매·제공하는 매장,7d39cc0b-37b8-4b47-9d0e-872e5afa3be1,다온,직물,서문시장 제1지구1층(직물시장),전통시장,대구광역시,3.0,3.0,,,RESOLVED_AGREEMENT,False,3,,,,
dda19d04a2ffe22b0571,val,원단,T2 동의어,q_원단_02,직물,패션·잡화 중 '원단'을 판매·제공하는 매장,34229a44-aa8a-4844-b791-6b610f3a25d7,양재원직물,직물,충장로45가 상점가,자율상권구역,광주광역시,3.0,3.0,,,RESOLVED_AGREEMENT,False,3,,,,
2fb82835af1b554382b2,val,원단,T2 동의어,q_원단_02,직물,패션·잡화 중 '원단'을 판매·제공하는 매장,fe7704e4-85d2-410a-8598-3e2d3ab991c5,진명사,보석,산본로데오거리(구 산본중심상가),자율상권구역,경기도,0.0,0.0,,,RESOLVED_AGREEMENT,False,0,,,,
245a33a293fcc0171802,val,원단,T2 동의어,q_원단_02,직물,패션·잡화 중 '원단'을 판매·제공하는 매장,00054f1d-4cae-4345-9975-1423bc49e4dc,착한아이들,의류,중앙전통시장,전통시장,울산광역시,1.0,1.0,,,RESOLVED_AGREEMENT,False,1,,,,
a4d8ed269bf88465dc36,val,원단,T2 동의어,q_원단_02,직물,패션·잡화 중 '원단'을 판매·제공하는 매장,b16a074b-1f54-4cc3-b9d1-e0a6f6ab6348,정원누비,직물,중앙시장,전통시장,인천광역시,3.0,3.0,,,RESOLVED_AGREEMENT,False,3,,,,
e5dcca8ba9123f22e6ab,val,원단,T2 동의어,q_원단_02,직물,패션·잡화 중 '원단'을 판매·제공하는 매장,7ce0754e-4923-46d8-af33-c395c3f8f20c,제일직물,직물,중앙로상점가,자율상권구역,제주특별자치도,3.0,3.0,,,RESOLVED_AGREEMENT,False,3,,,,
5a73488596167b8e8e20,val,원단,T2 동의어,q_원단_02,직물,패션·잡화 중 '원단'을 판매·제공하는 매장,005a8567-ac99-4067-a754-596a2050cd4a,동남커텐,"커텐류, 원단",중앙도매시장,전통시장,대전광역시,3.0,3.0,,,RESOLVED_AGREEMENT,False,3,,,,
1ef6862538d90a2c8097,val,원단,T2 동의어,q_원단_02,직물,패션·잡화 중 '원단'을 판매·제공하는 매장,e0e6aede-50cf-4fd2-8eb9-be218b66d743,호수상회,직물,서문시장2지구 종합상가,전통시장,대구광역시,3.0,3.0,,,RESOLVED_AGREEMENT,False,3,,,,
a3b7b5b3677da387a3d1,val,원단,T2 동의어,q_원단_02,직물,패션·잡화 중 '원단'을 판매·제공하는 매장,061414ea-9ec5-47e1-a943-e73f827799fb,현대수예사,옷감직물,중앙신시장,전통시장,경상북도,3.0,3.0,,,RESOLVED_AGREEMENT,False,3,,,,
47217e71c7d9dbce6ad2,val,원단,T2 동의어,q_원단_02,직물,패션·잡화 중 '원단'을 판매·제공하는 매장,e70cae92-1038-404b-896e-ce2d323e75f3,경화상회,직물,영주골목시장,전통시장,경상북도,3.0,3.0,,,RESOLVED_AGREEMENT,False,3,,,,
7613ae6f2fe825de76fa,val,원단,T2 동의어,q_원단_02,직물,패션·잡화 중 '원단'을 판매·제공하는 매장,8daef01e-c6ea-418f-a342-adc4a796c66a,한강원단,직물,천안중앙시장,전통시장,충청남도,3.0,3.0,,,RESOLVED_AGREEMENT,False,3,,,,
1e1b4059a1372c4f08ab,val,원단,T2 동의어,q_원단_02,직물,패션·잡화 중 '원단'을 판매·제공하는 매장,5aade9a2-4d29-4f31-b9de-eef8b8eb7e8a,최원조이비인후과의원,이비인후과 의원,구즉 골목형상점가,골목형상점가,대전광역시,0.0,0.0,,,RESOLVED_AGREEMENT,False,0,,,,
d951979f23299fd6fb05,val,원단,T2 동의어,q_원단_02,직물,패션·잡화 중 '원단'을 판매·제공하는 매장,849904b4-4f55-4df3-8b36-37a32e5200e3,강창주단,직물,서문시장 제1지구1층(직물시장),전통시장,대구광역시,3.0,3.0,,,RESOLVED_AGREEMENT,False,3,,,,
ed534c065acbe309affd,val,원단,T2 동의어,q_원단_02,직물,패션·잡화 중 '원단'을 판매·제공하는 매장,eb3022a8-bb21-4c7f-9fba-75cd199be47b,부국상회,직물,부산진시장,전통시장,부산광역시,3.0,3.0,,,RESOLVED_AGREEMENT,False,3,,,,
6641809120a200d146e0,val,원단,T2 동의어,q_원단_02,직물,패션·잡화 중 '원단'을 판매·제공하는 매장,005caa40-5ecf-48cc-8c50-6b4f07d4cd43,우일상회,직물,신중앙시장,전통시장,대전광역시,3.0,3.0,,,RESOLVED_AGREEMENT,False,3,,,,
4ebb17067e9ddfe4b4e7,val,원단,T2 동의어,q_원단_02,직물,패션·잡화 중 '원단'을 판매·제공하는 매장,4c50500b-e98c-45d9-a291-03fbf3e77c3b,푸드마켓 (화정점),슈퍼마켓,짚봉산상인회 골목형상점가,골목형상점가,광주광역시,0.0,0.0,,,RESOLVED_AGREEMENT,False,0,,,,
e59e872ebd5deaedee37,val,원단,T2 동의어,q_원단_02,직물,패션·잡화 중 '원단'을 판매·제공하는 매장,000a92b3-0b5e-429e-af00-f86e3570e24b,클로버,의류,관문상가시장,전통시장,대구광역시,1.0,1.0,,,RESOLVED_AGREEMENT,False,1,,,,
2c5017bc99ee98d93ab0,val,원단,T2 동의어,q_원단_02,직물,패션·잡화 중 '원단'을 판매·제공하는 매장,ec23ee7a-8126-405f-8c4d-8e1191cb128a,동민사,직물,서문시장2지구 종합상가,전통시장,대구광역시,3.0,3.0,,,RESOLVED_AGREEMENT,False,3,,,,
e3b1a7ab307e5d9a789a,val,원단,T2 동의어,q_원단_02,직물,패션·잡화 중 '원단'을 판매·제공하는 매장,00164d94-68f6-45aa-ab32-77c84e80b9eb,B동 3214 동연직물,원단,동대문종합시장,전통시장,서울특별시,3.0,3.0,,,RESOLVED_AGREEMENT,False,3,,,,
f6933a43ff2ef5e6d932,val,원단,T2 동의어,q_원단_02,직물,패션·잡화 중 '원단'을 판매·제공하는 매장,11ace2ef-5917-4097-b309-a526e78d5df1,마장동김씨 분당야탑점,한식,야탑 골목형상점가,골목형상점가,경기도,0.0,0.0,,,RESOLVED_AGREEMENT,False,0,,,,
18c37042abe58b3e2cdd,val,원단,T2 동의어,q_원단_02,직물,패션·잡화 중 '원단'을 판매·제공하는 매장,38f16e66-cf12-43b7-a2f3-eb7d3c39e78b,서울주단,직물,천안중앙시장,전통시장,충청남도,3.0,3.0,,,RESOLVED_AGREEMENT,False,3,,,,
17cbe6f17bf40e8ee20c,val,원단,T2 동의어,q_원단_02,직물,패션·잡화 중 '원단'을 판매·제공하는 매장,33dc40dc-4ebd-42ed-b70d-9bab6aca34fd,명랑부대찌개 권선점,한식,수원아이파크시티8단지상가 골목형상점가,골목형상점가,경기도,0.0,0.0,,,RESOLVED_AGREEMENT,False,0,,,,
009e0b32a7ef0979ddb3,val,원단,T2 동의어,q_원단_02,직물,패션·잡화 중 '원단'을 판매·제공하는 매장,e7f423fc-74a0-4997-9a89-195532f01adf,이화레스,직물,서문시장2지구 종합상가,전통시장,대구광역시,3.0,3.0,,,RESOLVED_AGREEMENT,False,3,,,,
e50b2a3fc387b4089b4f,val,원단,T2 동의어,q_원단_02,직물,패션·잡화 중 '원단'을 판매·제공하는 매장,7859e503-6fa0-48c5-bd94-77ea77450dae,돈주네쌀,잡곡.쌀,부천한신시장,전통시장,경기도,0.0,0.0,,,RESOLVED_AGREEMENT,False,0,,,,
6068861a314d72556d62,val,원단,T2 동의어,q_원단_02,직물,패션·잡화 중 '원단'을 판매·제공하는 매장,cdad2e9a-c5c9-439d-bcf0-ccefa59e4a5c,안일상회,직물,서문시장2지구 종합상가,전통시장,대구광역시,3.0,3.0,,,RESOLVED_AGREEMENT,False,3,,,,
d28d44c188029c5b50ff,val,원단,T2 동의어,q_원단_02,직물,패션·잡화 중 '원단'을 판매·제공하는 매장,8f5ffa7a-232b-4db7-bad6-1ba3233d8ff8,아란사,직물,서문시장2지구 종합상가,전통시장,대구광역시,3.0,3.0,,,RESOLVED_AGREEMENT,False,3,,,,
10055a41ccb17b357b00,val,원단,T2 동의어,q_원단_02,직물,패션·잡화 중 '원단'을 판매·제공하는 매장,018300e6-a57d-446f-8108-43a2bb89eeeb,수복섬유,원단,서문시장2지구 종합상가,전통시장,대구광역시,3.0,3.0,,,RESOLVED_AGREEMENT,False,3,,,,
fb11690d721611bcbc4b,val,원단,T2 동의어,q_원단_02,직물,패션·잡화 중 '원단'을 판매·제공하는 매장,00172c94-61f0-4197-afeb-d7e8187c79b5,옷이예쁘다,의류,메트로센터(반월당지하쇼핑),일반지하상점가,대구광역시,1.0,1.0,,,RESOLVED_AGREEMENT,False,1,,,,
630aed616debd2dae314,val,원단,T2 동의어,q_원단_02,직물,패션·잡화 중 '원단'을 판매·제공하는 매장,74a27516-b6f7-451b-9d68-8bea7de8a8d7,동방상사,직물,광장전통시장,자율상권구역,서울특별시,3.0,3.0,,,RESOLVED_AGREEMENT,False,3,,,,
fd7a8af7697bccabacdd,val,원단,T2 동의어,q_원단_02,직물,패션·잡화 중 '원단'을 판매·제공하는 매장,80f7f0fc-af1e-452a-a6cd-a2b4e54071b7,보경상회,직물,부산진시장,전통시장,부산광역시,3.0,3.0,,,RESOLVED_AGREEMENT,False,3,,,,
42041ced88665d157552,val,원단,T2 동의어,q_원단_02,직물,패션·잡화 중 '원단'을 판매·제공하는 매장,005f6593-4efc-412f-a8c3-ba0d222e9239,대동상사,면직물,광장시장,전통시장,서울특별시,3.0,3.0,,,RESOLVED_AGREEMENT,False,3,,,,
c300c8b9558f48b29303,val,원단,T2 동의어,q_원단_02,직물,패션·잡화 중 '원단'을 판매·제공하는 매장,b61c882f-1b91-48e1-8878-e5084b83f0ca,대광사,직물,동산상가,전통시장,대구광역시,3.0,3.0,,,RESOLVED_AGREEMENT,False,3,,,,
0f26e94ac233064710ad,val,원단,T2 동의어,q_원단_02,직물,패션·잡화 중 '원단'을 판매·제공하는 매장,fd810e42-a309-44fb-8dcb-fc133fe656c0,동영섬유,직물,서문시장2지구 종합상가,전통시장,대구광역시,3.0,3.0,,,RESOLVED_AGREEMENT,False,3,,,,
fca974aae0f485c93ab7,val,원단,T2 동의어,q_원단_02,직물,패션·잡화 중 '원단'을 판매·제공하는 매장,76fb1ce5-7f31-4204-9284-e5629680cae5,프리덤샵,"생활용품, 잡화",서문시장활성화구역,상권활성화구역,대구광역시,0.0,0.0,,,RESOLVED_AGREEMENT,False,0,,,,
0110b4deebc8e7611d7d,val,원단,T2 동의어,q_원단_02,직물,패션·잡화 중 '원단'을 판매·제공하는 매장,02800f15-d433-4e6a-8485-5204a316dfcf,서울원단,원단,서문시장2지구 종합상가,전통시장,대구광역시,3.0,3.0,,,RESOLVED_AGREEMENT,False,3,,,,
5757652a69036f1dd2d1,val,원단,T3 개념확장,q_원단_03,주단,패션·잡화 중 '원단'을 판매·제공하는 매장,eb7b819f-29b2-46ff-a2a1-714c98883221,동아리,음식,염주골상인회 골목형상점가,골목형상점가,광주광역시,0.0,0.0,,,RESOLVED_AGREEMENT,False,0,,,,
bd23ad20169e77f9bdc1,val,원단,T3 개념확장,q_원단_03,주단,패션·잡화 중 '원단'을 판매·제공하는 매장,426e1a1c-1785-4a60-9870-5b1b0ce0c882,코멜리,여성의류,부평역지하상가,일반지하상점가,인천광역시,1.0,1.0,,,RESOLVED_AGREEMENT,False,1,,,,
d7da9e668a971e774719,val,원단,T3 개념확장,q_원단_03,주단,패션·잡화 중 '원단'을 판매·제공하는 매장,9cf2c7de-fe54-4d2c-ba64-c30f6720b719,오색비단,주단,큰장로네거리 골목형상점가,골목형상점가,대구광역시,3.0,0.0,,,P1_BINARY_THRESHOLD,True,,,,,
08d17385da4b24f0ce3d,val,원단,T3 개념확장,q_원단_03,주단,패션·잡화 중 '원단'을 판매·제공하는 매장,826c6dff-d083-4138-96a5-9a551806bacb,현대주단,주단 포목,양동시장,전통시장,광주광역시,3.0,0.0,,,P1_BINARY_THRESHOLD,True,,,,,
44ecd276febd8f0de3d5,val,원단,T3 개념확장,q_원단_03,주단,패션·잡화 중 '원단'을 판매·제공하는 매장,00158f51-4d3a-4ac0-9e38-b37552f5e097,지지배,의류,나주금빛상점가,자율상권구역,전라남도,1.0,1.0,,,RESOLVED_AGREEMENT,False,1,,,,
1378d70d419df9aa1495,val,원단,T3 개념확장,q_원단_03,주단,패션·잡화 중 '원단'을 판매·제공하는 매장,a48d46fb-864e-44d8-8510-0972ef002545,유림구단,주단,포항죽도시장,전통시장,경상북도,3.0,0.0,,,P1_BINARY_THRESHOLD,True,,,,,
6650f31068c80ba45d88,val,원단,T3 개념확장,q_원단_03,주단,패션·잡화 중 '원단'을 판매·제공하는 매장,f2c9dd6f-5819-4981-b0ee-9e37793a4c59,복지주단,"주단, 한복",마산 창동통합상가,전통시장,경상남도,3.0,3.0,,,RESOLVED_AGREEMENT,False,3,,,,
db1924cf2a79b89dcf80,val,원단,T3 개념확장,q_원단_03,주단,패션·잡화 중 '원단'을 판매·제공하는 매장,ce7b279c-d03b-40d0-83dc-c1b31d9593e8,영주주단,주단,부산진시장,전통시장,부산광역시,3.0,0.0,,,P1_BINARY_THRESHOLD,True,,,,,
8403898ff4d377841ab2,val,원단,T3 개념확장,q_원단_03,주단,패션·잡화 중 '원단'을 판매·제공하는 매장,739b3792-c252-42f2-958e-2925dc58ae2f,혼수방,주단,서문시장 제1지구1층(직물시장),전통시장,대구광역시,3.0,0.0,,,P1_BINARY_THRESHOLD,True,,,,,
49735e3e647f46c163c1,val,원단,T3 개념확장,q_원단_03,주단,패션·잡화 중 '원단'을 판매·제공하는 매장,4321fe77-52ec-4db7-acff-afb6c8aa5a80,란의상실,주단,중앙종합시장,전통시장,대전광역시,3.0,3.0,,,RESOLVED_AGREEMENT,False,3,,,,
0d25d634f43f741c73c5,val,원단,T3 개념확장,q_원단_03,주단,패션·잡화 중 '원단'을 판매·제공하는 매장,6c86dc72-5a6e-4692-8aa4-488695ff8a26,부귀주단,주단,중앙종합시장,전통시장,대전광역시,3.0,0.0,,,P1_BINARY_THRESHOLD,True,,,,,
ee9efd644dd4800cc85a,val,원단,T3 개념확장,q_원단_03,주단,패션·잡화 중 '원단'을 판매·제공하는 매장,6908a380-a3bb-4a83-be33-9478c4a548df,충북주단,주단,부산진시장,전통시장,부산광역시,3.0,0.0,,,P1_BINARY_THRESHOLD,True,,,,,
e567da1afad3fdf604a1,val,원단,T3 개념확장,q_원단_03,주단,패션·잡화 중 '원단'을 판매·제공하는 매장,0078978d-a0a7-4859-8505-986ab0cfdbf8,연지곤지주단,섬유및직물,㈜여수중앙시장,전통시장,전라남도,3.0,3.0,,,RESOLVED_AGREEMENT,False,3,,,,
03565602b68dfba8645f,val,원단,T3 개념확장,q_원단_03,주단,패션·잡화 중 '원단'을 판매·제공하는 매장,e0ba6554-a3c6-4b35-9ada-d3e537bef227,연흥주단,주단,충주자유시장,전통시장,충청북도,3.0,0.0,,,P1_BINARY_THRESHOLD,True,,,,,
3d845706f1f4ff96b662,val,원단,T3 개념확장,q_원단_03,주단,패션·잡화 중 '원단'을 판매·제공하는 매장,ea604b7b-a1c0-48ee-9887-4f33a3dd3d4c,은지주단,주단,대신지하상가,일반지하상점가,대구광역시,3.0,0.0,,,P1_BINARY_THRESHOLD,True,,,,,
6312938f608b91ccc923,val,원단,T3 개념확장,q_원단_03,주단,패션·잡화 중 '원단'을 판매·제공하는 매장,22e16d5e-7167-47e0-8331-28ded4d1cdcd,대억주단,주단,서문시장 제1지구1층(직물시장),전통시장,대구광역시,3.0,0.0,,,P1_BINARY_THRESHOLD,True,,,,,
7e2e24a09624f5f92829,val,원단,T3 개념확장,q_원단_03,주단,패션·잡화 중 '원단'을 판매·제공하는 매장,4df46ab4-3747-4330-bdce-f30afb1c6b00,행복주단,한복 주단,중앙종합시장,전통시장,대전광역시,3.0,3.0,,,RESOLVED_AGREEMENT,False,3,,,,
1a028c8c76491fbe11de,val,원단,T3 개념확장,q_원단_03,주단,패션·잡화 중 '원단'을 판매·제공하는 매장,84f9b9a1-0022-4126-99dd-d0becd492016,고운실크,주단,진주 중앙시장,전통시장,경상남도,3.0,3.0,,,RESOLVED_AGREEMENT,False,3,,,,
e93fe67fab30ac06bd93,val,원단,T3 개념확장,q_원단_03,주단,패션·잡화 중 '원단'을 판매·제공하는 매장,34e130d9-44e9-471b-b53a-bb3aff103295,경도주단,주단,부산진시장,전통시장,부산광역시,3.0,0.0,,,P1_BINARY_THRESHOLD,True,,,,,
d0a5a2844b2d2b618b49,val,원단,T3 개념확장,q_원단_03,주단,패션·잡화 중 '원단'을 판매·제공하는 매장,061414ea-9ec5-47e1-a943-e73f827799fb,현대수예사,옷감직물,중앙신시장,전통시장,경상북도,3.0,3.0,,,RESOLVED_AGREEMENT,False,3,,,,
95b6faefb553751720c5,val,원단,T3 개념확장,q_원단_03,주단,패션·잡화 중 '원단'을 판매·제공하는 매장,26098613-e6f3-4567-b2e0-fc56c23e9d52,금하주단,주단,경주중앙시장,전통시장,경상북도,3.0,0.0,,,P1_BINARY_THRESHOLD,True,,,,,
346f439e85cae8cd81c4,val,원단,T3 개념확장,q_원단_03,주단,패션·잡화 중 '원단'을 판매·제공하는 매장,00054f1d-4cae-4345-9975-1423bc49e4dc,착한아이들,의류,중앙전통시장,전통시장,울산광역시,1.0,1.0,,,RESOLVED_AGREEMENT,False,1,,,,
31df37fc927c9efa970c,val,원단,T3 개념확장,q_원단_03,주단,패션·잡화 중 '원단'을 판매·제공하는 매장,005caa40-5ecf-48cc-8c50-6b4f07d4cd43,우일상회,직물,신중앙시장,전통시장,대전광역시,3.0,3.0,,,RESOLVED_AGREEMENT,False,3,,,,
28e475d560054590ed47,val,원단,T3 개념확장,q_원단_03,주단,패션·잡화 중 '원단'을 판매·제공하는 매장,00164d94-68f6-45aa-ab32-77c84e80b9eb,B동 3214 동연직물,원단,동대문종합시장,전통시장,서울특별시,3.0,3.0,,,RESOLVED_AGREEMENT,False,3,,,,
609a8f09fd6e34df9d25,val,원단,T3 개념확장,q_원단_03,주단,패션·잡화 중 '원단'을 판매·제공하는 매장,76f386b3-1ec6-42f6-98c1-65d09506402f,원앙주단,주단,밀양 아리랑시장,전통시장,경상남도,3.0,0.0,,,P1_BINARY_THRESHOLD,True,,,,,
06d048908aab89179f23,val,원단,T3 개념확장,q_원단_03,주단,패션·잡화 중 '원단'을 판매·제공하는 매장,00124602-ef4e-472c-91ee-de53b28d7530,화이트,의류,울산번개시장,전통시장,울산광역시,1.0,1.0,,,RESOLVED_AGREEMENT,False,1,,,,
40c1e1761d537500bc0a,val,원단,T3 개념확장,q_원단_03,주단,패션·잡화 중 '원단'을 판매·제공하는 매장,4d12cb05-d3a0-4d1d-9b6b-d3868105bcf4,돈이 상회,야채,남성사계시장,전통시장,서울특별시,0.0,0.0,,,RESOLVED_AGREEMENT,False,0,,,,
592fa4aed9166d44b7ae,val,원단,T3 개념확장,q_원단_03,주단,패션·잡화 중 '원단'을 판매·제공하는 매장,b2b30c14-9867-4a14-ba4f-974e65c03f45,유광주단,주단,충주자유시장,전통시장,충청북도,3.0,0.0,,,P1_BINARY_THRESHOLD,True,,,,,
b34d2c5b67b1404ab880,val,원단,T3 개념확장,q_원단_03,주단,패션·잡화 중 '원단'을 판매·제공하는 매장,5981f91e-2ec1-4b38-9e94-1292285c0ab5,진성주단,주단,용상공설시장,전통시장,경상북도,3.0,0.0,,,P1_BINARY_THRESHOLD,True,,,,,
785218699c2309f8e333,val,원단,T3 개념확장,q_원단_03,주단,패션·잡화 중 '원단'을 판매·제공하는 매장,74697a47-dc1c-440e-94c0-f3b8e85c8a4d,신팔봉침구,주단,서산동부전통시장,전통시장,충청남도,3.0,3.0,,,RESOLVED_AGREEMENT,False,3,,,,
2b53d2c2dfff2a04144e,val,원단,T3 개념확장,q_원단_03,주단,패션·잡화 중 '원단'을 판매·제공하는 매장,00172c94-61f0-4197-afeb-d7e8187c79b5,옷이예쁘다,의류,메트로센터(반월당지하쇼핑),일반지하상점가,대구광역시,1.0,1.0,,,RESOLVED_AGREEMENT,False,1,,,,
bcce225041e67f0e70eb,val,원단,T3 개념확장,q_원단_03,주단,패션·잡화 중 '원단'을 판매·제공하는 매장,eb13de49-8f69-45a4-bf8a-6af7c75f4f17,철새주단,,충주자유시장,전통시장,충청북도,3.0,0.0,,,P1_BINARY_THRESHOLD,True,,,,,
513bcbdf05e6257a2c96,val,원단,T3 개념확장,q_원단_03,주단,패션·잡화 중 '원단'을 판매·제공하는 매장,090009b2-f2f9-4e5e-8953-ebc5d5406991,동양주단,주단,성남프라자,전통시장,울산광역시,3.0,0.0,,,P1_BINARY_THRESHOLD,True,,,,,
b6dd1934f2cee6405979,val,원단,T3 개념확장,q_원단_03,주단,패션·잡화 중 '원단'을 판매·제공하는 매장,eddb755d-bb29-408b-ab0d-6a6b460dafcf,호남주단,주단,남원공설시장,전통시장,전북특별자치도,3.0,0.0,,,P1_BINARY_THRESHOLD,True,,,,,
dfc6b86d17088ad70bb9,val,원단,T3 개념확장,q_원단_03,주단,패션·잡화 중 '원단'을 판매·제공하는 매장,005a8567-ac99-4067-a754-596a2050cd4a,동남커텐,"커텐류, 원단",중앙도매시장,전통시장,대전광역시,3.0,3.0,,,RESOLVED_AGREEMENT,False,3,,,,
fe4be399c3b60bbfa0f3,val,원단,T3 개념확장,q_원단_03,주단,패션·잡화 중 '원단'을 판매·제공하는 매장,34ead464-f349-40e4-a5e0-3fca328dfd6c,의상주단,소매(주단),수원영동시장,전통시장,경기도,3.0,0.0,,,P1_BINARY_THRESHOLD,True,,,,,
e820bfd7f08d01e68c13,val,원단,T3 개념확장,q_원단_03,주단,패션·잡화 중 '원단'을 판매·제공하는 매장,3208ec68-20d0-44ee-85ea-5e1f80bd0076,엘리야주단,"이불, 주단",전주풍남문상점가,자율상권구역,전북특별자치도,3.0,0.0,,,P1_BINARY_THRESHOLD,True,,,,,
13943f14db1e34daa695,val,원단,T3 개념확장,q_원단_03,주단,패션·잡화 중 '원단'을 판매·제공하는 매장,02d353c7-bd6c-4669-a0de-958e6769df6f,정한복,주단,울산시장,전통시장,울산광역시,3.0,3.0,,,RESOLVED_AGREEMENT,False,3,,,,
426e1273972244810384,val,원단,T3 개념확장,q_원단_03,주단,패션·잡화 중 '원단'을 판매·제공하는 매장,c0591314-c5a5-44fc-8ce7-61b817a653ce,꽃담,꽃,새샘하루 골목형상점가,골목형상점가,세종특별자치시,0.0,0.0,,,RESOLVED_AGREEMENT,False,0,,,,
a6f18abcf2d0f27094af,val,원단,T3 개념확장,q_원단_03,주단,패션·잡화 중 '원단'을 판매·제공하는 매장,f55341a7-563c-476a-9c8b-7552bdedb905,평강주단,주단,전주풍남문상점가,자율상권구역,전북특별자치도,3.0,0.0,,,P1_BINARY_THRESHOLD,True,,,,,
3cf17cf1a7fbb9730162,val,원단,T3 개념확장,q_원단_03,주단,패션·잡화 중 '원단'을 판매·제공하는 매장,018300e6-a57d-446f-8108-43a2bb89eeeb,수복섬유,원단,서문시장2지구 종합상가,전통시장,대구광역시,3.0,3.0,,,RESOLVED_AGREEMENT,False,3,,,,
c57d4e32c03ecaf6dd69,val,원단,T3 개념확장,q_원단_03,주단,패션·잡화 중 '원단'을 판매·제공하는 매장,d2f0224c-b48c-4bf2-b84a-ac12355f2ca5,씨유농성sk뷰,음식판매,광주캠코앞상인회 골목형상점가,골목형상점가,광주광역시,0.0,0.0,,,RESOLVED_AGREEMENT,False,0,,,,
28f9bbfefb030253329b,val,원단,T3 개념확장,q_원단_03,주단,패션·잡화 중 '원단'을 판매·제공하는 매장,d81a7cab-d8c2-4e94-a917-e0aefb67bd19,에덴주단,"포목, 주단",영신상가,전통시장,서울특별시,3.0,0.0,,,P1_BINARY_THRESHOLD,True,,,,,
0d5ff7640733a7db46ae,val,원단,T3 개념확장,q_원단_03,주단,패션·잡화 중 '원단'을 판매·제공하는 매장,d3152927-c9a9-45d2-b5e3-53b0c1376e22,신우상회,주단,서문시장 제1지구1층(직물시장),전통시장,대구광역시,3.0,0.0,,,P1_BINARY_THRESHOLD,True,,,,,
6db4d3c3765126bcbc3b,val,원단,T3 개념확장,q_원단_03,주단,패션·잡화 중 '원단'을 판매·제공하는 매장,120850d9-af95-440c-a200-0bba19125037,한일주단,"침구, 주단",영주소백쇼핑몰,전통시장,경상북도,3.0,3.0,,,RESOLVED_AGREEMENT,False,3,,,,
6d6616ec709be7299351,val,원단,T3 개념확장,q_원단_03,주단,패션·잡화 중 '원단'을 판매·제공하는 매장,000a92b3-0b5e-429e-af00-f86e3570e24b,클로버,의류,관문상가시장,전통시장,대구광역시,1.0,1.0,,,RESOLVED_AGREEMENT,False,1,,,,
4d5eaebbcb10b271c128,val,원단,T3 개념확장,q_원단_03,주단,패션·잡화 중 '원단'을 판매·제공하는 매장,05d98fb9-39ff-4e4b-b3ce-4a477dcde744,신화주단,주단,충주자유시장,전통시장,충청북도,3.0,0.0,,,P1_BINARY_THRESHOLD,True,,,,,
138c6bbad1879e1f192a,val,원단,T3 개념확장,q_원단_03,주단,패션·잡화 중 '원단'을 판매·제공하는 매장,6512228b-a184-4236-a40b-e8f83ab773ba,쪽빛나라,주단,부산진시장,전통시장,부산광역시,3.0,0.0,,,P1_BINARY_THRESHOLD,True,,,,,
82d6d36a6120926e270c,val,원단,T3 개념확장,q_원단_03,주단,패션·잡화 중 '원단'을 판매·제공하는 매장,09ddfa9b-5368-4d5c-b6ca-a15ac6d2e546,중앙상회,주단,서산동부전통시장,전통시장,충청남도,3.0,0.0,,,P1_BINARY_THRESHOLD,True,,,,,
d6593574c64df9bdb348,val,원단,T3 개념확장,q_원단_03,주단,패션·잡화 중 '원단'을 판매·제공하는 매장,13af2622-cb74-460a-9831-f987a1e06468,덕화주단,주단,영주소백쇼핑몰,전통시장,경상북도,3.0,0.0,,,P1_BINARY_THRESHOLD,True,,,,,
aadd2dc229eb93052e50,val,원단,T3 개념확장,q_원단_03,주단,패션·잡화 중 '원단'을 판매·제공하는 매장,29f1d99c-bbd3-4385-8446-d7e3572f2be0,신애자한복,주단,백년소상공인,기타,전북특별자치도,3.0,3.0,,,RESOLVED_AGREEMENT,False,3,,,,
bd1badb5d14adf2644cb,val,원단,T3 개념확장,q_원단_03,주단,패션·잡화 중 '원단'을 판매·제공하는 매장,8a3e7520-2c58-4841-ac41-1f94c8e75921,회신상회,주단,남원공설시장,전통시장,전북특별자치도,3.0,0.0,,,P1_BINARY_THRESHOLD,True,,,,,
338aa6c5f6105b877c83,val,원단,T3 개념확장,q_원단_03,주단,패션·잡화 중 '원단'을 판매·제공하는 매장,03963ba8-48e3-4adb-8d97-9fb2b874b0df,신빔,도소매(화섬직물),광장시장,전통시장,서울특별시,3.0,3.0,,,RESOLVED_AGREEMENT,False,3,,,,
88935667f3b02e0ff5c9,val,원단,T3 개념확장,q_원단_03,주단,패션·잡화 중 '원단'을 판매·제공하는 매장,1e0af0fd-daff-4ebc-afae-b65a63df10fa,영화주단,주단,제천중앙시장,전통시장,충청북도,3.0,0.0,,,P1_BINARY_THRESHOLD,True,,,,,
4a4a61158d47430cfe85,val,원단,T3 개념확장,q_원단_03,주단,패션·잡화 중 '원단'을 판매·제공하는 매장,ef7ff593-ad67-4fe3-8f61-ee92786f6ca6,상미주단,"포목, 주단",군산공설시장,전통시장,전북특별자치도,3.0,0.0,,,P1_BINARY_THRESHOLD,True,,,,,
a38e3617c70a78bc9fe4,val,원단,T3 개념확장,q_원단_03,주단,패션·잡화 중 '원단'을 판매·제공하는 매장,138fd822-6ccd-40e9-a1b7-a662b468c44b,미성주단,주단,성남프라자,전통시장,울산광역시,3.0,0.0,,,P1_BINARY_THRESHOLD,True,,,,,
49b718d8904484ac3902,val,원단,T3 개념확장,q_원단_03,주단,패션·잡화 중 '원단'을 판매·제공하는 매장,005f6593-4efc-412f-a8c3-ba0d222e9239,대동상사,면직물,광장시장,전통시장,서울특별시,3.0,3.0,,,RESOLVED_AGREEMENT,False,3,,,,
4a35ed51620e2c08aced,val,원단,T3 개념확장,q_원단_03,주단,패션·잡화 중 '원단'을 판매·제공하는 매장,2972924e-3634-43bd-8bf5-77ac5ff330b7,송호주단,주단,중앙종합시장,전통시장,대전광역시,3.0,0.0,,,P1_BINARY_THRESHOLD,True,,,,,
68b754b052ad86aea8e2,val,원단,T3 개념확장,q_원단_03,주단,패션·잡화 중 '원단'을 판매·제공하는 매장,ee71d411-4226-460b-b0c9-257dd2a1e000,곰솔,주단,진주 중앙시장,전통시장,경상남도,3.0,0.0,,,P1_BINARY_THRESHOLD,True,,,,,
6ae56079c9c6091ffec8,val,원단,T3 개념확장,q_원단_03,주단,패션·잡화 중 '원단'을 판매·제공하는 매장,d39dbe16-c87d-44fc-9c64-9a83e7a9e8ff,수수꽃다리,주단,부산진시장,전통시장,부산광역시,3.0,0.0,,,P1_BINARY_THRESHOLD,True,,,,,
170210be17ca59394f7c,val,원단,T3 개념확장,q_원단_03,주단,패션·잡화 중 '원단'을 판매·제공하는 매장,03f5434e-e1c2-4cfa-a827-8104706267b9,고전주단,주단,대신지하상가,일반지하상점가,대구광역시,3.0,0.0,,,P1_BINARY_THRESHOLD,True,,,,,
d5e7394679c3db741803,val,원단,T3 개념확장,q_원단_03,주단,패션·잡화 중 '원단'을 판매·제공하는 매장,25726126-1c1b-4da7-bc7c-0982e98597d7,대명주단,주단,광장시장,전통시장,서울특별시,3.0,0.0,,,P1_BINARY_THRESHOLD,True,,,,,
8e736212aeba551a4530,val,원단,T3 개념확장,q_원단_03,주단,패션·잡화 중 '원단'을 판매·제공하는 매장,02800f15-d433-4e6a-8485-5204a316dfcf,서울원단,원단,서문시장2지구 종합상가,전통시장,대구광역시,3.0,3.0,,,RESOLVED_AGREEMENT,False,3,,,,
cd7db95bd536aa87e391,val,원단,T3 개념확장,q_원단_03,주단,패션·잡화 중 '원단'을 판매·제공하는 매장,a3cc15a6-eef0-4fea-99bd-ec65e1b85f51,선경주단,주단,포항죽도시장,전통시장,경상북도,3.0,0.0,,,P1_BINARY_THRESHOLD,True,,,,,
7c5abef8789827762c7a,val,원단,T3 개념확장,q_원단_03,주단,패션·잡화 중 '원단'을 판매·제공하는 매장,dbd6dfab-8f2d-44ec-b415-dc26f60b7deb,(주)조에트레이딩,"의류, 잡화",부평중앙 지하상가,일반지하상점가,인천광역시,1.0,1.0,,,RESOLVED_AGREEMENT,False,1,,,,
42f2d38337b3483d4c9d,val,원단,T3 개념확장,q_원단_03,주단,패션·잡화 중 '원단'을 판매·제공하는 매장,d988550a-c3bd-41f1-9ccd-5248e0223668,원산주단,주단,광장시장,전통시장,서울특별시,3.0,0.0,,,P1_BINARY_THRESHOLD,True,,,,,
eb987cfcf7e5134610db,val,원단,T3 개념확장,q_원단_03,주단,패션·잡화 중 '원단'을 판매·제공하는 매장,968ee272-a5b0-4451-ae1d-da0f851b2e13,유신주단,포목(주단),서문시장 제1지구1층(직물시장),전통시장,대구광역시,3.0,0.0,,,P1_BINARY_THRESHOLD,True,,,,,
9f0e7de6275fc1ee8e59,val,원단,T3 개념확장,q_원단_03,주단,패션·잡화 중 '원단'을 판매·제공하는 매장,e8f87e98-d46d-468c-a428-637ef1d3e2a2,광일상회,외의,대전도매시장,전통시장,대전광역시,0.0,0.0,,,RESOLVED_AGREEMENT,False,0,,,,
a3b3b426e82f5583e40e,val,원단,T3 개념확장,q_원단_03,주단,패션·잡화 중 '원단'을 판매·제공하는 매장,70c36743-22f3-4bbc-a5fc-6415fc2f6804,아리랑주단,주단,평택통복시장,전통시장,경기도,3.0,0.0,,,P1_BINARY_THRESHOLD,True,,,,,
a8630c3b153c908a768e,val,원단,T3 개념확장,q_원단_03,주단,패션·잡화 중 '원단'을 판매·제공하는 매장,5338415f-1dda-455f-99d4-b5e8f10f3637,덕수주단,주단,진주 중앙시장,전통시장,경상남도,3.0,0.0,,,P1_BINARY_THRESHOLD,True,,,,,
8bf51839c2ea23c512ec,val,원단,T3 개념확장,q_원단_03,주단,패션·잡화 중 '원단'을 판매·제공하는 매장,8054a489-f1bd-4e86-ae40-b39b6f6bac99,두리,악세사리,제일평화시장,전통시장,서울특별시,0.0,0.0,,,RESOLVED_AGREEMENT,False,0,,,,
ec49fade384a23c29b9d,val,원단,T3 개념확장,q_원단_03,주단,패션·잡화 중 '원단'을 판매·제공하는 매장,7a04c69f-ecbc-4dc7-b117-f76acb8ec7e4,혜림주단,주단,부산남문시장,전통시장,부산광역시,3.0,0.0,,,P1_BINARY_THRESHOLD,True,,,,,
ef96b2f7d0a4dc921ed7,val,원단,T3 개념확장,q_원단_03,주단,패션·잡화 중 '원단'을 판매·제공하는 매장,01b9277e-13ac-40fe-992d-ec5c1eb69be0,오션직물,원단,종로신진시장,전통시장,서울특별시,3.0,3.0,,,RESOLVED_AGREEMENT,False,3,,,,
6d79fa7133296c468625,val,원단,T6 기계변형,q_원단_04,원단추천,패션·잡화 중 '원단'을 판매·제공하는 매장,b0e7ba7b-2a95-452f-a745-af4ab9c9e298,더함,원단,서문시장2지구 종합상가,전통시장,대구광역시,3.0,3.0,,,RESOLVED_AGREEMENT,False,3,,,,
86ac31a636c4488310cc,val,원단,T6 기계변형,q_원단_04,원단추천,패션·잡화 중 '원단'을 판매·제공하는 매장,21155c11-15f6-4123-8173-5a18d9f72e52,목사고을튀김,분식,나주목사고을시장,전통시장,,0.0,0.0,,,RESOLVED_AGREEMENT,False,0,,,,
f6770acfae4fa0b7587a,val,원단,T6 기계변형,q_원단_04,원단추천,패션·잡화 중 '원단'을 판매·제공하는 매장,01b9277e-13ac-40fe-992d-ec5c1eb69be0,오션직물,원단,종로신진시장,전통시장,서울특별시,3.0,3.0,,,RESOLVED_AGREEMENT,False,3,,,,
17b304fc9c592f4bbaba,val,원단,T6 기계변형,q_원단_04,원단추천,패션·잡화 중 '원단'을 판매·제공하는 매장,9042d981-00cb-4460-b8dd-2431b4684395,하라,원단,서문시장2지구 종합상가,전통시장,대구광역시,3.0,3.0,,,RESOLVED_AGREEMENT,False,3,,,,
97b8a3c1d10c22b997a6,val,원단,T6 기계변형,q_원단_04,원단추천,패션·잡화 중 '원단'을 판매·제공하는 매장,5d1f027a-2d56-43ac-9849-0bcc74430a9e,신명,원단,동대문종합시장,전통시장,서울특별시,3.0,3.0,,,RESOLVED_AGREEMENT,False,3,,,,
f5300f147b119af74ebd,val,원단,T6 기계변형,q_원단_04,원단추천,패션·잡화 중 '원단'을 판매·제공하는 매장,c381fbb5-83ab-4ad1-854d-6b696a4781f0,세계직물,원단,동대문종합시장,전통시장,서울특별시,3.0,3.0,,,RESOLVED_AGREEMENT,False,3,,,,
951b6bcf0519c4660628,val,원단,T6 기계변형,q_원단_04,원단추천,패션·잡화 중 '원단'을 판매·제공하는 매장,4ff087b9-989f-4db4-b8cb-e9c7597ba8be,토마토,원단,서문시장2지구 종합상가,전통시장,대구광역시,3.0,3.0,,,RESOLVED_AGREEMENT,False,3,,,,
72780d50cce06db9e74d,val,원단,T6 기계변형,q_원단_04,원단추천,패션·잡화 중 '원단'을 판매·제공하는 매장,ab410d3b-6576-4c0f-8eba-d6dfd03ec6dc,중앙상사,원단부속단추,의정부제일시장,전통시장,경기도,3.0,3.0,,,RESOLVED_AGREEMENT,False,3,,,,
d26aa296842d56998d85,val,원단,T6 기계변형,q_원단_04,원단추천,패션·잡화 중 '원단'을 판매·제공하는 매장,f74eb53b-cc7d-47a7-8ddd-afcb60adb4a0,까누,까눌레(디저트) & 커피,쌍리단길상점가,자율상권구역,서울특별시,0.0,0.0,,,RESOLVED_AGREEMENT,False,0,,,,
d60af2638c476c1b91bc,val,원단,T6 기계변형,q_원단_04,원단추천,패션·잡화 중 '원단'을 판매·제공하는 매장,34e52766-9f71-46b8-bc26-54d8fc0b4e3f,통일,원단,서문시장 제1지구1층(직물시장),전통시장,대구광역시,3.0,3.0,,,RESOLVED_AGREEMENT,False,3,,,,
fdca75d542aaf91cf865,val,원단,T6 기계변형,q_원단_04,원단추천,패션·잡화 중 '원단'을 판매·제공하는 매장,4c179e81-7768-48d1-8341-eca97a23345c,대로짜치,원단,중앙종합시장,전통시장,대전광역시,3.0,3.0,,,RESOLVED_AGREEMENT,False,3,,,,
708c41f495d6ff98fa9d,val,원단,T6 기계변형,q_원단_04,원단추천,패션·잡화 중 '원단'을 판매·제공하는 매장,24929d3c-f71f-40ed-852b-14a46ef14a31,대령상사,원단,동대문종합시장,전통시장,서울특별시,3.0,3.0,,,RESOLVED_AGREEMENT,False,3,,,,
c35692d9c9fcfb102376,val,원단,T6 기계변형,q_원단_04,원단추천,패션·잡화 중 '원단'을 판매·제공하는 매장,4d1a3ca0-9ba0-418e-8e9b-67658ecafa3a,인천원단,원단,중앙시장,전통시장,인천광역시,3.0,3.0,,,RESOLVED_AGREEMENT,False,3,,,,
a830979a8edd2fb625c8,val,원단,T6 기계변형,q_원단_04,원단추천,패션·잡화 중 '원단'을 판매·제공하는 매장,2bcbb221-059d-48c6-86e6-f7093e14fbd6,신포우리만두 남원금동점,,남원시 원도심 상권활성화 구역,상권활성화구역,전북특별자치도,0.0,,,Y,P0_UNCERTAIN_OR_MISSING,True,,,,,
03747c93af7044590859,val,원단,T6 기계변형,q_원단_04,원단추천,패션·잡화 중 '원단'을 판매·제공하는 매장,c3fe3ca1-b976-42d6-80c1-67d245b1a1ee,진텍스,원단,부산진시장,전통시장,부산광역시,3.0,3.0,,,RESOLVED_AGREEMENT,False,3,,,,
322abdd8daee70a30976,val,원단,T6 기계변형,q_원단_04,원단추천,패션·잡화 중 '원단'을 판매·제공하는 매장,8fa9b7a7-1035-418a-87d5-4fd0e68d7569,성진레스,원단,동대문종합시장,전통시장,서울특별시,3.0,3.0,,,RESOLVED_AGREEMENT,False,3,,,,
f8e6557abf03053c9243,val,원단,T6 기계변형,q_원단_04,원단추천,패션·잡화 중 '원단'을 판매·제공하는 매장,4f813637-e62c-46b1-8bbb-c4be7816c1a4,한빛장식,원단,부산진시장,전통시장,부산광역시,3.0,3.0,,,RESOLVED_AGREEMENT,False,3,,,,
736cc120f118f8286cb8,val,원단,T6 기계변형,q_원단_04,원단추천,패션·잡화 중 '원단'을 판매·제공하는 매장,225ad663-291c-42c1-b839-141f2d25d72c,부경,원단,부산진시장,전통시장,부산광역시,3.0,3.0,,,RESOLVED_AGREEMENT,False,3,,,,
fc0425cca9b9321dac12,val,원단,T6 기계변형,q_원단_04,원단추천,패션·잡화 중 '원단'을 판매·제공하는 매장,068b6320-6452-4ccb-a691-1dc30dc9ecc1,서울직물,원단,중촌동 맞춤거리 상점가,자율상권구역,대전광역시,3.0,3.0,,,RESOLVED_AGREEMENT,False,3,,,,
f32824a1513598e99b02,val,원단,T6 기계변형,q_원단_04,원단추천,패션·잡화 중 '원단'을 판매·제공하는 매장,c90bd80e-0f33-4c9e-a862-ba96d91c9c75,루디아원단,원단,서문시장2지구 종합상가,전통시장,대구광역시,3.0,3.0,,,RESOLVED_AGREEMENT,False,3,,,,
3462a463aa92469c32da,val,원단,T6 기계변형,q_원단_04,원단추천,패션·잡화 중 '원단'을 판매·제공하는 매장,d614d9e5-541b-4695-8916-806a3b7ea095,퍼주는 총각네 고깃간,한우한돈수입육,화개1로78번길상인회 골목형상점가,골목형상점가,광주광역시,0.0,0.0,,,RESOLVED_AGREEMENT,False,0,,,,
f8d02ad38cdcf509413d,val,원단,T6 기계변형,q_원단_04,원단추천,패션·잡화 중 '원단'을 판매·제공하는 매장,96a4491e-629e-471d-848a-48249513c043,대흥직물,원단,서문시장 제1지구1층(직물시장),전통시장,대구광역시,3.0,3.0,,,RESOLVED_AGREEMENT,False,3,,,,
8e76be42133d9147c5b8,val,원단,T6 기계변형,q_원단_04,원단추천,패션·잡화 중 '원단'을 판매·제공하는 매장,27b1b057-1a7a-4eb8-9fe5-119e520d8636,동천네,원단,서문시장2지구 종합상가,전통시장,대구광역시,3.0,3.0,,,RESOLVED_AGREEMENT,False,3,,,,
cc2942a8f1352a2cd767,val,원단,T6 기계변형,q_원단_04,원단추천,패션·잡화 중 '원단'을 판매·제공하는 매장,ed1d8e56-1395-45e3-9ffe-490a85dca1fa,금호원단,원단,양동복개상가,전통시장,,3.0,3.0,,,RESOLVED_AGREEMENT,False,3,,,,
aff53dc1fbcf2e5447e0,val,원단,T6 기계변형,q_원단_04,원단추천,패션·잡화 중 '원단'을 판매·제공하는 매장,1f1d2597-84ee-412e-96a3-244e28eed088,대경직물,원단,광장시장,전통시장,서울특별시,3.0,3.0,,,RESOLVED_AGREEMENT,False,3,,,,
9a4886cf41597e3ef8d0,val,원단,T6 기계변형,q_원단_04,원단추천,패션·잡화 중 '원단'을 판매·제공하는 매장,92a64eb6-ff63-4cc4-a129-6ff06a094dca,경남,원단,부산진시장,전통시장,부산광역시,3.0,3.0,,,RESOLVED_AGREEMENT,False,3,,,,
4a8a5646b344ecc66eb6,val,원단,T6 기계변형,q_원단_04,원단추천,패션·잡화 중 '원단'을 판매·제공하는 매장,12425d6f-94c2-4dfa-a9fc-0e84ffa51773,삼성택스,원단,서문시장2지구 종합상가,전통시장,대구광역시,3.0,3.0,,,RESOLVED_AGREEMENT,False,3,,,,
392c8f3099d4209252de,val,원단,T6 기계변형,q_원단_04,원단추천,패션·잡화 중 '원단'을 판매·제공하는 매장,cf0cc286-0446-4caa-8d74-ddfb379ffc5a,베틀스,원단,서문시장2지구 종합상가,전통시장,대구광역시,3.0,3.0,,,RESOLVED_AGREEMENT,False,3,,,,
f9369650384a4f3edb33,val,원단,T6 기계변형,q_원단_04,원단추천,패션·잡화 중 '원단'을 판매·제공하는 매장,00124602-ef4e-472c-91ee-de53b28d7530,화이트,의류,울산번개시장,전통시장,울산광역시,1.0,1.0,,,RESOLVED_AGREEMENT,False,1,,,,
95144b4be456da567289,val,원단,T6 기계변형,q_원단_04,원단추천,패션·잡화 중 '원단'을 판매·제공하는 매장,28aab6db-a567-47d5-8f3d-6c2e6c035340,리나,원단,양동복개상가,전통시장,광주광역시,3.0,3.0,,,RESOLVED_AGREEMENT,False,3,,,,
29c837b0bda790f879f6,val,원단,T6 기계변형,q_원단_04,원단추천,패션·잡화 중 '원단'을 판매·제공하는 매장,96882cd3-f88d-4367-bce5-f9b7742d9938,해광,원단,부산진시장,전통시장,부산광역시,3.0,3.0,,,RESOLVED_AGREEMENT,False,3,,,,
3cead974f62dd4dbbd05,val,원단,T6 기계변형,q_원단_04,원단추천,패션·잡화 중 '원단'을 판매·제공하는 매장,8bc26c77-978b-4889-9d80-a7211d1af412,코렌,원단,동대문종합시장,전통시장,서울특별시,3.0,3.0,,,RESOLVED_AGREEMENT,False,3,,,,
4720b9f083e82525a197,val,원단,T6 기계변형,q_원단_04,원단추천,패션·잡화 중 '원단'을 판매·제공하는 매장,f5982714-37a5-466a-b479-de7536113f5b,천구경,원단,서문시장2지구 종합상가,전통시장,대구광역시,3.0,3.0,,,RESOLVED_AGREEMENT,False,3,,,,
834ffc256c3f1190b240,val,원단,T6 기계변형,q_원단_04,원단추천,패션·잡화 중 '원단'을 판매·제공하는 매장,ba24ee53-3e43-4579-a22a-59444363dfbb,한결직물,원단,광장시장,전통시장,서울특별시,3.0,3.0,,,RESOLVED_AGREEMENT,False,3,,,,
7b7edc5031f796ce879e,val,원단,T6 기계변형,q_원단_04,원단추천,패션·잡화 중 '원단'을 판매·제공하는 매장,9755e25e-acab-4bca-80ee-ad34d9d22106,원창상회,원단,서문시장 제1지구2층(포목시장),전통시장,대구광역시,3.0,3.0,,,RESOLVED_AGREEMENT,False,3,,,,
17ed750818b964cad915,val,원단,T6 기계변형,q_원단_04,원단추천,패션·잡화 중 '원단'을 판매·제공하는 매장,ef7f9770-f899-4fa1-b527-51ee13eadd03,더실크,원단,서문시장 제1지구1층(직물시장),전통시장,대구광역시,3.0,3.0,,,RESOLVED_AGREEMENT,False,3,,,,
b82565d9ba58dd3034a1,val,원단,T6 기계변형,q_원단_04,원단추천,패션·잡화 중 '원단'을 판매·제공하는 매장,a077727b-6ca3-4790-ae51-f686501227a1,신성사,원단,서문시장2지구 종합상가,전통시장,대구광역시,3.0,3.0,,,RESOLVED_AGREEMENT,False,3,,,,
a9449d0ebe3b9d163431,val,원단,T6 기계변형,q_원단_04,원단추천,패션·잡화 중 '원단'을 판매·제공하는 매장,7c045887-2cee-4123-86c2-14cc96d35dda,앤틱로즈,"원단, 원단제품",서문시장2지구 종합상가,전통시장,대구광역시,3.0,3.0,,,RESOLVED_AGREEMENT,False,3,,,,
b93bba2bb89139d0761f,val,원단,T6 기계변형,q_원단_04,원단추천,패션·잡화 중 '원단'을 판매·제공하는 매장,005caa40-5ecf-48cc-8c50-6b4f07d4cd43,우일상회,직물,신중앙시장,전통시장,대전광역시,3.0,3.0,,,RESOLVED_AGREEMENT,False,3,,,,
96c807e8de8102c98b2c,val,원단,T6 기계변형,q_원단_04,원단추천,패션·잡화 중 '원단'을 판매·제공하는 매장,763c1bfd-c797-4da5-aa69-e44030016999,세연,원단,동대문종합시장,전통시장,서울특별시,3.0,3.0,,,RESOLVED_AGREEMENT,False,3,,,,
5407ce4fba29f6bfe02c,val,원단,T6 기계변형,q_원단_04,원단추천,패션·잡화 중 '원단'을 판매·제공하는 매장,791f06e2-fed4-4f81-9294-2651f0e853cf,우리,원단,동대문종합시장,전통시장,서울특별시,3.0,3.0,,,RESOLVED_AGREEMENT,False,3,,,,
cc68eb78270c1045a091,val,원단,T6 기계변형,q_원단_04,원단추천,패션·잡화 중 '원단'을 판매·제공하는 매장,3ee47a98-9085-4511-8fd2-f54873a08cd6,수복직물,원단,부산진시장,전통시장,부산광역시,3.0,3.0,,,RESOLVED_AGREEMENT,False,3,,,,
ae2a1b00c3cebf937aa8,val,원단,T6 기계변형,q_원단_04,원단추천,패션·잡화 중 '원단'을 판매·제공하는 매장,061414ea-9ec5-47e1-a943-e73f827799fb,현대수예사,옷감직물,중앙신시장,전통시장,경상북도,3.0,3.0,,,RESOLVED_AGREEMENT,False,3,,,,
62205f514f8fe110e01f,val,원단,T6 기계변형,q_원단_04,원단추천,패션·잡화 중 '원단'을 판매·제공하는 매장,02800f15-d433-4e6a-8485-5204a316dfcf,서울원단,원단,서문시장2지구 종합상가,전통시장,대구광역시,3.0,3.0,,,RESOLVED_AGREEMENT,False,3,,,,
beb0b6c9f73421653272,val,원단,T6 기계변형,q_원단_04,원단추천,패션·잡화 중 '원단'을 판매·제공하는 매장,8dec0a2b-ff01-4d0c-a376-aad219abbc8f,시온직물,원단,동대문종합시장,전통시장,서울특별시,3.0,3.0,,,RESOLVED_AGREEMENT,False,3,,,,
9cf7cb202504cdb3cb77,val,원단,T6 기계변형,q_원단_04,원단추천,패션·잡화 중 '원단'을 판매·제공하는 매장,bd9f2d76-9a4b-4022-ae87-d2ea2d6480d8,예림,원단,광장시장,전통시장,서울특별시,3.0,3.0,,,RESOLVED_AGREEMENT,False,3,,,,
e4f6086fa64d979730fb,val,원단,T6 기계변형,q_원단_04,원단추천,패션·잡화 중 '원단'을 판매·제공하는 매장,03963ba8-48e3-4adb-8d97-9fb2b874b0df,신빔,도소매(화섬직물),광장시장,전통시장,서울특별시,3.0,3.0,,,RESOLVED_AGREEMENT,False,3,,,,
dd5cb9ec2c4d9dec6cfa,val,원단,T6 기계변형,q_원단_04,원단추천,패션·잡화 중 '원단'을 판매·제공하는 매장,1f69faee-ab0e-4f33-9c0a-028fe79def63,원단방,원단,삼척중앙시장,전통시장,강원특별자치도,3.0,3.0,,,RESOLVED_AGREEMENT,False,3,,,,
7f4bffa813f6aebf4f3f,val,원단,T6 기계변형,q_원단_04,원단추천,패션·잡화 중 '원단'을 판매·제공하는 매장,c3fbaab4-ddec-4a2f-9259-e1dcea7480ca,정직물,원단,동대문종합시장,전통시장,서울특별시,3.0,3.0,,,RESOLVED_AGREEMENT,False,3,,,,
45044fbbf0cf4571c433,val,원단,T6 기계변형,q_원단_04,원단추천,패션·잡화 중 '원단'을 판매·제공하는 매장,eb8daeb3-54dc-4d5d-8b97-e47e7490616e,다윤하우스,"천, 원단",중앙전통시장,전통시장,울산광역시,3.0,3.0,,,RESOLVED_AGREEMENT,False,3,,,,
1336816ec2ef07b585a2,val,원단,T6 기계변형,q_원단_04,원단추천,패션·잡화 중 '원단'을 판매·제공하는 매장,000a92b3-0b5e-429e-af00-f86e3570e24b,클로버,의류,관문상가시장,전통시장,대구광역시,1.0,1.0,,,RESOLVED_AGREEMENT,False,1,,,,
3894bd8ca607682b3e03,val,원단,T6 기계변형,q_원단_04,원단추천,패션·잡화 중 '원단'을 판매·제공하는 매장,cca226db-f612-4e7e-bacf-998a985cf24f,원단싸,원단,서문시장2지구 종합상가,전통시장,대구광역시,3.0,3.0,,,RESOLVED_AGREEMENT,False,3,,,,
7a7b9fe8e6f5be0085cb,val,원단,T6 기계변형,q_원단_04,원단추천,패션·잡화 중 '원단'을 판매·제공하는 매장,00164d94-68f6-45aa-ab32-77c84e80b9eb,B동 3214 동연직물,원단,동대문종합시장,전통시장,서울특별시,3.0,3.0,,,RESOLVED_AGREEMENT,False,3,,,,
35ca419ccb26e1ab9458,val,원단,T6 기계변형,q_원단_04,원단추천,패션·잡화 중 '원단'을 판매·제공하는 매장,005f6593-4efc-412f-a8c3-ba0d222e9239,대동상사,면직물,광장시장,전통시장,서울특별시,3.0,3.0,,,RESOLVED_AGREEMENT,False,3,,,,
d2617690beb2dfdeedf3,val,원단,T6 기계변형,q_원단_04,원단추천,패션·잡화 중 '원단'을 판매·제공하는 매장,00054f1d-4cae-4345-9975-1423bc49e4dc,착한아이들,의류,중앙전통시장,전통시장,울산광역시,1.0,1.0,,,RESOLVED_AGREEMENT,False,1,,,,
3a7f07f66cca183e7115,val,원단,T6 기계변형,q_원단_04,원단추천,패션·잡화 중 '원단'을 판매·제공하는 매장,4f959827-0a0c-4f09-8035-8f481225a980,화신,원단,부산진시장,전통시장,부산광역시,3.0,3.0,,,RESOLVED_AGREEMENT,False,3,,,,
ab5369e76f048c328aeb,val,원단,T6 기계변형,q_원단_04,원단추천,패션·잡화 중 '원단'을 판매·제공하는 매장,018300e6-a57d-446f-8108-43a2bb89eeeb,수복섬유,원단,서문시장2지구 종합상가,전통시장,대구광역시,3.0,3.0,,,RESOLVED_AGREEMENT,False,3,,,,
9d28e2732df127698428,val,원단,T6 기계변형,q_원단_04,원단추천,패션·잡화 중 '원단'을 판매·제공하는 매장,08c62c0d-f2bd-42aa-8e48-b1080c93ba62,날개천,원단도소매,서문시장2지구 종합상가,전통시장,대구광역시,3.0,3.0,,,RESOLVED_AGREEMENT,False,3,,,,
c2e28448509ae2e16353,val,원단,T6 기계변형,q_원단_04,원단추천,패션·잡화 중 '원단'을 판매·제공하는 매장,b549f9d6-d031-4479-ae7d-e4499b2f5932,본텍스,원단,동대문종합시장,전통시장,서울특별시,3.0,3.0,,,RESOLVED_AGREEMENT,False,3,,,,
e38ff82e41128f77b430,val,원단,T6 기계변형,q_원단_04,원단추천,패션·잡화 중 '원단'을 판매·제공하는 매장,06e83923-0afa-41f6-b1bd-48286e9206d6,호걸텍스,원단,서문시장2지구 종합상가,전통시장,대구광역시,3.0,3.0,,,RESOLVED_AGREEMENT,False,3,,,,
5fbb81390b36b95d80ae,val,원단,T6 기계변형,q_원단_04,원단추천,패션·잡화 중 '원단'을 판매·제공하는 매장,005a8567-ac99-4067-a754-596a2050cd4a,동남커텐,"커텐류, 원단",중앙도매시장,전통시장,대전광역시,3.0,3.0,,,RESOLVED_AGREEMENT,False,3,,,,
15ca34fb4a6959ed5791,val,원단,T6 기계변형,q_원단_04,원단추천,패션·잡화 중 '원단'을 판매·제공하는 매장,33646d67-4cca-43ae-84ad-041f58353a98,보원,원단,부산진시장,전통시장,부산광역시,3.0,3.0,,,RESOLVED_AGREEMENT,False,3,,,,
90b61b5aeae44600f638,val,원단,T6 기계변형,q_원단_04,원단추천,패션·잡화 중 '원단'을 판매·제공하는 매장,9d39af76-ad88-4ca1-ba21-f436898c0002,우주,원단,서문시장2지구 종합상가,전통시장,대구광역시,3.0,3.0,,,RESOLVED_AGREEMENT,False,3,,,,
ad1717a9fca8750294e2,val,원단,T6 기계변형,q_원단_04,원단추천,패션·잡화 중 '원단'을 판매·제공하는 매장,6001fec0-2abd-4b62-ba49-2f9fdfed77b6,머리나라,미용,창원 성원그랜드쇼핑상가,전통시장,경상남도,0.0,0.0,,,RESOLVED_AGREEMENT,False,0,,,,
18baf8c8dc9c4c168a36,val,원단,T6 기계변형,q_원단_04,원단추천,패션·잡화 중 '원단'을 판매·제공하는 매장,8998d62f-8875-47c9-80f5-c4637b190754,바이천,원단,서문시장2지구 종합상가,전통시장,대구광역시,3.0,3.0,,,RESOLVED_AGREEMENT,False,3,,,,
8cf63338c5f37fc5622b,val,원단,T6 기계변형,q_원단_04,원단추천,패션·잡화 중 '원단'을 판매·제공하는 매장,cf3aa81e-a097-4eb9-ba2e-7463e5827a1a,창조사,원단,서문시장2지구 종합상가,전통시장,대구광역시,3.0,3.0,,,RESOLVED_AGREEMENT,False,3,,,,
cdc7b872024b0880a556,val,원단,T6 기계변형,q_원단_04,원단추천,패션·잡화 중 '원단'을 판매·제공하는 매장,8aeb82f6-7145-4f66-beb1-7a3ee5a9c8b2,세종견직,원단,서문시장 제1지구1층(직물시장),전통시장,대구광역시,3.0,3.0,,,RESOLVED_AGREEMENT,False,3,,,,
ad69536fab284130fbea,val,원단,T6 기계변형,q_원단_04,원단추천,패션·잡화 중 '원단'을 판매·제공하는 매장,c18b8b91-d36d-4792-855f-30edfff08465,삼성섬유,원단,서문시장2지구 종합상가,전통시장,대구광역시,3.0,3.0,,,RESOLVED_AGREEMENT,False,3,,,,
8dd6e884ef256b32c40b,val,원단,T6 기계변형,q_원단_04,원단추천,패션·잡화 중 '원단'을 판매·제공하는 매장,0078978d-a0a7-4859-8505-986ab0cfdbf8,연지곤지주단,섬유및직물,㈜여수중앙시장,전통시장,전라남도,3.0,3.0,,,RESOLVED_AGREEMENT,False,3,,,,
3d0a9341c289e5bfb113,val,원단,T6 기계변형,q_원단_04,원단추천,패션·잡화 중 '원단'을 판매·제공하는 매장,8bd2263d-ac13-4fea-b402-e70a03c8fd76,진원단,소매(원단),여수서시장주변시장,전통시장,전라남도,3.0,3.0,,,RESOLVED_AGREEMENT,False,3,,,,
c986306d97ca417b39b6,val,원단,T6 기계변형,q_원단_04,원단추천,패션·잡화 중 '원단'을 판매·제공하는 매장,00158f51-4d3a-4ac0-9e38-b37552f5e097,지지배,의류,나주금빛상점가,자율상권구역,전라남도,1.0,1.0,,,RESOLVED_AGREEMENT,False,1,,,,
81c419f67a2e4b14b7f5,val,원단,T6 기계변형,q_원단_04,원단추천,패션·잡화 중 '원단'을 판매·제공하는 매장,ab4b4c54-4a1f-4c3f-8457-c916249717cd,명중원단,원단,중앙도매시장,전통시장,대전광역시,3.0,3.0,,,RESOLVED_AGREEMENT,False,3,,,,
b38b2a6f86a1cd1204d8,val,원단,T6 기계변형,q_원단_04,원단추천,패션·잡화 중 '원단'을 판매·제공하는 매장,c06e4194-a73f-459c-a8fc-0619bdecd097,김씨천,원단,서문시장2지구 종합상가,전통시장,대구광역시,3.0,3.0,,,RESOLVED_AGREEMENT,False,3,,,,
a87f35633cf7cc17c3f4,val,원단,T6 기계변형,q_원단_04,원단추천,패션·잡화 중 '원단'을 판매·제공하는 매장,00172c94-61f0-4197-afeb-d7e8187c79b5,옷이예쁘다,의류,메트로센터(반월당지하쇼핑),일반지하상점가,대구광역시,1.0,1.0,,,RESOLVED_AGREEMENT,False,1,,,,
d099f774a6cdb4a8161a,val,원단,T6 기계변형,q_원단_04,원단추천,패션·잡화 중 '원단'을 판매·제공하는 매장,47aa4359-cceb-4872-a92c-582f2ff1d6fe,머슬케어필라테스 성남교육센터,필라테스 강습,모란시장 쉼터길 골목형상점가,골목형상점가,경기도,0.0,0.0,,,RESOLVED_AGREEMENT,False,0,,,,
95d8316fc146138454aa,val,원단,T6 기계변형,q_원단_04,원단추천,패션·잡화 중 '원단'을 판매·제공하는 매장,011240d3-6f87-4eda-be27-0680024a6af7,경북청과,과일,부산새벽시장,전통시장,부산광역시,0.0,0.0,,,RESOLVED_AGREEMENT,False,0,,,,
18cd8ea4cf907321acbc,val,원단,T6 기계변형,q_원단_04,원단추천,패션·잡화 중 '원단'을 판매·제공하는 매장,ec7e2edc-729f-4d05-8893-4f328f2581e0,헬로천,원단,서문시장2지구 종합상가,전통시장,대구광역시,3.0,3.0,,,RESOLVED_AGREEMENT,False,3,,,,
c662bc7b7fac61cc2ec4,val,원단,T6 기계변형,q_원단_04,원단추천,패션·잡화 중 '원단'을 판매·제공하는 매장,de78ed5d-bc02-4593-a49a-b33f97a2b755,원단스토리,원단,안양중앙인정시장,전통시장,경기도,3.0,3.0,,,RESOLVED_AGREEMENT,False,3,,,,
668b1091fa49988d52dd,val,원단,T6 기계변형,q_원단_04,원단추천,패션·잡화 중 '원단'을 판매·제공하는 매장,9b3e3bd5-1fc0-4046-ba75-1f4f81611f2d,라라,원단,부산진시장,전통시장,부산광역시,3.0,3.0,,,RESOLVED_AGREEMENT,False,3,,,,
f0949f8cc4697aefc4b7,val,원단,T6 기계변형,q_원단_04,원단추천,패션·잡화 중 '원단'을 판매·제공하는 매장,a53d62bc-e2fb-486e-83e8-e6e6f1dd1ed2,네일도리,네일서비스,우산동 골목형상점가,골목형상점가,광주광역시,0.0,0.0,,,RESOLVED_AGREEMENT,False,0,,,,
d15a791c1251074b605b,val,원단,T6 기계변형,q_원단_04,원단추천,패션·잡화 중 '원단'을 판매·제공하는 매장,4705570b-7848-44e7-98ff-2ff02f0aa207,동신,원단,부산남문시장,전통시장,부산광역시,3.0,3.0,,,RESOLVED_AGREEMENT,False,3,,,,
9c983363e0b1d3de2485,val,원단,T6 기계변형,q_원단_04,원단추천,패션·잡화 중 '원단'을 판매·제공하는 매장,fbdecde4-2ffb-4635-b7c3-4cd4812bbfbb,만아상회,원단,부산진시장,전통시장,부산광역시,3.0,3.0,,,RESOLVED_AGREEMENT,False,3,,,,
b4ceb35b0f399027127a,val,원단,T6 기계변형,q_원단_04,원단추천,패션·잡화 중 '원단'을 판매·제공하는 매장,5dad5f60-fc61-4a36-9014-103d9a0c1b94,원텍스,원단,부산진시장,전통시장,부산광역시,3.0,3.0,,,RESOLVED_AGREEMENT,False,3,,,,
313134dda6266f01d7b5,val,원단,T6 기계변형,q_원단_04,원단추천,패션·잡화 중 '원단'을 판매·제공하는 매장,51068173-2835-48a7-97d2-a4246cb5f177,동아직물,원단,대전중앙활성화구역,상권활성화구역,대전광역시,3.0,3.0,,,RESOLVED_AGREEMENT,False,3,,,,
00ac8b9f13267e2b95d5,val,원단,T6 기계변형,q_원단_04,원단추천,패션·잡화 중 '원단'을 판매·제공하는 매장,ea369a64-ad4e-4b09-aadd-dae60ca21212,정원,원단,동대문종합시장,전통시장,서울특별시,3.0,3.0,,,RESOLVED_AGREEMENT,False,3,,,,
caea0f36e65502dd13aa,val,원단,T6 기계변형,q_원단_04,원단추천,패션·잡화 중 '원단'을 판매·제공하는 매장,87b7fabc-5519-4000-bc7a-cba4a407099a,명신,원단,부산남문시장,전통시장,부산광역시,3.0,3.0,,,RESOLVED_AGREEMENT,False,3,,,,
3d6b60cc8e797dddff12,val,원단,T6 기계변형,q_원단_05,원담,패션·잡화 중 '원단'을 판매·제공하는 매장,bca0f2c8-9618-4e1a-8802-00e389729d3a,신당고담,,서울중앙시장,전통시장,서울특별시,,0.0,Y,,P0_UNCERTAIN_OR_MISSING,True,,,,,
b804a1dc29447d24492a,val,원단,T6 기계변형,q_원단_05,원담,패션·잡화 중 '원단'을 판매·제공하는 매장,5dad5f60-fc61-4a36-9014-103d9a0c1b94,원텍스,원단,부산진시장,전통시장,부산광역시,3.0,3.0,,,RESOLVED_AGREEMENT,False,3,,,,
2b149ab9647b398eaaec,val,원단,T6 기계변형,q_원단_05,원담,패션·잡화 중 '원단'을 판매·제공하는 매장,00158f51-4d3a-4ac0-9e38-b37552f5e097,지지배,의류,나주금빛상점가,자율상권구역,전라남도,1.0,1.0,,,RESOLVED_AGREEMENT,False,1,,,,
ec3dcb080d1930a5f7ef,val,원단,T6 기계변형,q_원단_05,원담,패션·잡화 중 '원단'을 판매·제공하는 매장,6c86acbb-69ab-410e-b9fb-de7b65326fe0,더담,한식,왕지상가,자율상권구역,전라남도,0.0,0.0,,,RESOLVED_AGREEMENT,False,0,,,,
745a8834cfcd53cdf812,val,원단,T6 기계변형,q_원단_05,원담,패션·잡화 중 '원단'을 판매·제공하는 매장,9cc6158b-8909-41be-9c34-2ef1e1146a55,초담,한식,마산어시장,전통시장,경상남도,0.0,0.0,,,RESOLVED_AGREEMENT,False,0,,,,
575f029e854031ba23fa,val,원단,T6 기계변형,q_원단_05,원담,패션·잡화 중 '원단'을 판매·제공하는 매장,005caa40-5ecf-48cc-8c50-6b4f07d4cd43,우일상회,직물,신중앙시장,전통시장,대전광역시,3.0,3.0,,,RESOLVED_AGREEMENT,False,3,,,,
8a6470547272d758fc86,val,원단,T6 기계변형,q_원단_05,원담,패션·잡화 중 '원단'을 판매·제공하는 매장,06e79600-4ee0-4fc6-8970-e0e25c51fef8,원써드,의류,거제 고현자율상권,,경상남도,1.0,1.0,,,RESOLVED_AGREEMENT,False,1,,,,
782a17d520b757cc09da,val,원단,T6 기계변형,q_원단_05,원담,패션·잡화 중 '원단'을 판매·제공하는 매장,062ca749-1194-42fe-89f4-140abba9659a,새벽담,떡,부안마실 상권활성화구역,상권활성화구역,전북특별자치도,0.0,0.0,,,RESOLVED_AGREEMENT,False,0,,,,
448724740d82759c2b00,val,원단,T6 기계변형,q_원단_05,원담,패션·잡화 중 '원단'을 판매·제공하는 매장,ae8516f4-1530-4b27-a4d2-cb33db80e501,따담,커피 과일,전남여고후문 골목형상점가,골목형상점가,광주광역시,0.0,0.0,,,RESOLVED_AGREEMENT,False,0,,,,
46eeaf4f6845f9483db5,val,원단,T6 기계변형,q_원단_05,원담,패션·잡화 중 '원단'을 판매·제공하는 매장,132207b5-59c5-4c6f-a223-cb8293f8a3d2,원촌,한식,증평군 중앙로 골목형상점가,골목형상점가,충청북도,0.0,0.0,,,RESOLVED_AGREEMENT,False,0,,,,
95af1f416de8de237fbd,val,원단,T6 기계변형,q_원단_05,원담,패션·잡화 중 '원단'을 판매·제공하는 매장,06a91f75-0506-4248-a466-da89afeb62f2,호가담,,한마음,골목형상점가,,,0.0,Y,,P0_UNCERTAIN_OR_MISSING,True,,,,,
624fa674a2977a9bd909,val,원단,T6 기계변형,q_원단_05,원담,패션·잡화 중 '원단'을 판매·제공하는 매장,3220cabb-f004-424b-aa9a-a1078e4cd46e,종합가구에덴방,가구,목포청호시장,전통시장,,0.0,0.0,,,RESOLVED_AGREEMENT,False,0,,,,
2a5a53aa4ca042b6b697,val,원단,T6 기계변형,q_원단_05,원담,패션·잡화 중 '원단'을 판매·제공하는 매장,1b6f7eb8-6763-4dd6-9f36-a0477a50e100,미필담,한식,합정하늘길골목형상점가,골목형상점가,서울특별시,0.0,0.0,,,RESOLVED_AGREEMENT,False,0,,,,
1532ae5a397b68dc41a1,val,원단,T6 기계변형,q_원단_05,원담,패션·잡화 중 '원단'을 판매·제공하는 매장,3d486b00-13f5-443a-a919-af1470d27b50,별담,,비단길현대시장,전통시장,서울특별시,,0.0,Y,,P0_UNCERTAIN_OR_MISSING,True,,,,,
c492e83b0635447baba5,val,원단,T6 기계변형,q_원단_05,원담,패션·잡화 중 '원단'을 판매·제공하는 매장,16c13086-fb56-4022-94a8-cc6873119791,한수담,,장안마실골목형상점가,골목형상점가,서울특별시,,0.0,Y,,P0_UNCERTAIN_OR_MISSING,True,,,,,
bf76d383a03649a47524,val,원단,T6 기계변형,q_원단_05,원담,패션·잡화 중 '원단'을 판매·제공하는 매장,00164d94-68f6-45aa-ab32-77c84e80b9eb,B동 3214 동연직물,원단,동대문종합시장,전통시장,서울특별시,3.0,3.0,,,RESOLVED_AGREEMENT,False,3,,,,
53039f39382f5b3f785d,val,원단,T6 기계변형,q_원단_05,원담,패션·잡화 중 '원단'을 판매·제공하는 매장,2689d364-922d-4648-9109-18a90d7ab22f,꽃담,,가재마을 골목형상점가,골목형상점가,세종특별자치시,0.0,0.0,,,RESOLVED_AGREEMENT,False,0,,,,
20d582c7420c6a0298fc,val,원단,T6 기계변형,q_원단_05,원담,패션·잡화 중 '원단'을 판매·제공하는 매장,9bda6df6-7d2f-4637-b8d0-b853d30f2569,목담,한식,목2동시장,전통시장,서울특별시,0.0,0.0,,,RESOLVED_AGREEMENT,False,0,,,,
eb3ffa54ede54bce5b9d,val,원단,T6 기계변형,q_원단_05,원담,패션·잡화 중 '원단'을 판매·제공하는 매장,adb6f1e0-5c39-4627-85d4-72fe3cfa32e5,주식회사 스터닝컴퍼니,피트니스교육 및 훈련서비스,범어식주가무명인골목 골목형상점가,골목형상점가,대구광역시,0.0,0.0,,,RESOLVED_AGREEMENT,False,0,,,,
814c37aaee154f24a9e5,val,원단,T6 기계변형,q_원단_05,원담,패션·잡화 중 '원단'을 판매·제공하는 매장,20cdeeb9-f1bd-4048-a1d6-1f9387374f81,온담,,삼익사거리 골목형상점가,골목형상점가,,,0.0,Y,,P0_UNCERTAIN_OR_MISSING,True,,,,,
7f230fc82c016ad792c5,val,원단,T6 기계변형,q_원단_05,원담,패션·잡화 중 '원단'을 판매·제공하는 매장,36aa6be6-d9f0-4dcf-84db-b05b9c300348,족마담,,오룡번영 골목형상점가,골목형상점가,,,0.0,Y,,P0_UNCERTAIN_OR_MISSING,True,,,,,
ba74939fca01430d58d2,val,원단,T6 기계변형,q_원단_05,원담,패션·잡화 중 '원단'을 판매·제공하는 매장,398b8e34-93bc-4bad-a088-6ceffa18aee8,윤&담,카페,거창 가조상점가거리,골목형상점가,경상남도,0.0,0.0,,,RESOLVED_AGREEMENT,False,0,,,,
038b70bb1ad90e391160,val,원단,T6 기계변형,q_원단_05,원담,패션·잡화 중 '원단'을 판매·제공하는 매장,772103a2-b1e0-4f14-a4e1-a16213e33c36,원희,의류,㈜르네시떼,전통시장,부산광역시,1.0,1.0,,,RESOLVED_AGREEMENT,False,1,,,,
be82f5ee7923e0c91685,val,원단,T6 기계변형,q_원단_05,원담,패션·잡화 중 '원단'을 판매·제공하는 매장,c71f1ac8-5e57-4939-b4a8-947149abc613,정담,,예스파크 상점가,자율상권구역,경기도,,0.0,Y,,P0_UNCERTAIN_OR_MISSING,True,,,,,
4d11ddb2853ccfd4b088,val,원단,T6 기계변형,q_원단_05,원담,패션·잡화 중 '원단'을 판매·제공하는 매장,02800f15-d433-4e6a-8485-5204a316dfcf,서울원단,원단,서문시장2지구 종합상가,전통시장,대구광역시,3.0,3.0,,,RESOLVED_AGREEMENT,False,3,,,,
4e04eedb4170118ab15c,val,원단,T6 기계변형,q_원단_05,원담,패션·잡화 중 '원단'을 판매·제공하는 매장,c584acfe-4cc1-4529-81c5-f98df4312970,도담도담,,고촌수자인 골목형상점가,골목형상점가,경기도,,0.0,Y,,P0_UNCERTAIN_OR_MISSING,True,,,,,
2d989ea9f3acbd6b5058,val,원단,T6 기계변형,q_원단_05,원담,패션·잡화 중 '원단'을 판매·제공하는 매장,dcbca762-4cb6-43fa-8813-01599b823d3c,원담,한식,송산동 골목상점가,골목형상점가,제주특별자치도,0.0,0.0,,,RESOLVED_AGREEMENT,False,0,,,,
28192bd0074a06e6befb,val,원단,T6 기계변형,q_원단_05,원담,패션·잡화 중 '원단'을 판매·제공하는 매장,0807b161-8294-405e-811b-2586f6df3891,눈미담,,세은 골목형상점가,골목형상점가,,,0.0,Y,,P0_UNCERTAIN_OR_MISSING,True,,,,,
764f8ed2009eb9e52c05,val,원단,T6 기계변형,q_원단_05,원담,패션·잡화 중 '원단'을 판매·제공하는 매장,b90aaeef-ee10-41a3-8d73-bca5f890417f,이지화이트브레드,,새롬동 골목형상점가,골목형상점가,세종특별자치시,,0.0,Y,,P0_UNCERTAIN_OR_MISSING,True,,,,,
af491bab61bbbefa3dcb,val,원단,T6 기계변형,q_원단_05,원담,패션·잡화 중 '원단'을 판매·제공하는 매장,061414ea-9ec5-47e1-a943-e73f827799fb,현대수예사,옷감직물,중앙신시장,전통시장,경상북도,3.0,3.0,,,RESOLVED_AGREEMENT,False,3,,,,
aa2171ed72d328080f16,val,원단,T6 기계변형,q_원단_05,원담,패션·잡화 중 '원단'을 판매·제공하는 매장,03963ba8-48e3-4adb-8d97-9fb2b874b0df,신빔,도소매(화섬직물),광장시장,전통시장,서울특별시,3.0,3.0,,,RESOLVED_AGREEMENT,False,3,,,,
e97b936000fb75059960,val,원단,T6 기계변형,q_원단_05,원담,패션·잡화 중 '원단'을 판매·제공하는 매장,00172c94-61f0-4197-afeb-d7e8187c79b5,옷이예쁘다,의류,메트로센터(반월당지하쇼핑),일반지하상점가,대구광역시,1.0,1.0,,,RESOLVED_AGREEMENT,False,1,,,,
42c2e2c4611591e44c05,val,원단,T6 기계변형,q_원단_05,원담,패션·잡화 중 '원단'을 판매·제공하는 매장,ffdcffae-35b5-4c1c-bc61-e7f5b8711560,바담,한식,씨푸드타운 일반상가상인회 골목형상점가,골목형상점가,전라남도,0.0,0.0,,,RESOLVED_AGREEMENT,False,0,,,,
3ddbbf3a84feb66542dd,val,원단,T6 기계변형,q_원단_05,원담,패션·잡화 중 '원단'을 판매·제공하는 매장,6dce4b90-a439-461b-b6ab-765f554f04c7,아진심리상담,심리상담,홀릭스,골목형상점가,광주광역시,0.0,0.0,,,RESOLVED_AGREEMENT,False,0,,,,
21c26427325ebded4a1d,val,원단,T6 기계변형,q_원단_05,원담,패션·잡화 중 '원단'을 판매·제공하는 매장,2d2bbc8a-129e-4265-9036-381fec0157df,카페리담,,신창그린나래 골목형상점가,골목형상점가,,0.0,0.0,,,RESOLVED_AGREEMENT,False,0,,,,
b41d3a9ab1eb1fd8e7fd,val,원단,T6 기계변형,q_원단_05,원담,패션·잡화 중 '원단'을 판매·제공하는 매장,df7573d1-bb05-4244-a438-76d9a56221f4,늘빚담,,내포 홍학로 근린상점가 골목형상점가,골목형상점가,충청남도,,0.0,Y,,P0_UNCERTAIN_OR_MISSING,True,,,,,
9e40e482e06a4b06c549,val,원단,T6 기계변형,q_원단_05,원담,패션·잡화 중 '원단'을 판매·제공하는 매장,c2cd01ac-a350-4a72-a616-017730d8dc59,소담,떡,능동상가,자율상권구역,경기도,0.0,0.0,,,RESOLVED_AGREEMENT,False,0,,,,
efd468fd907ffc514abf,val,원단,T6 기계변형,q_원단_05,원담,패션·잡화 중 '원단'을 판매·제공하는 매장,cdee8a12-de36-4510-89f9-27fa0bec8e43,명가소담,,승달 골목형상점가,골목형상점가,,,0.0,Y,,P0_UNCERTAIN_OR_MISSING,True,,,,,
7587a980c80fd799a66c,val,원단,T6 기계변형,q_원단_05,원담,패션·잡화 중 '원단'을 판매·제공하는 매장,81ce9891-577e-426d-955a-888b32c12cd2,연한담,한식,제기동 고대앞마을 골목형상점가,골목형상점가,서울특별시,0.0,0.0,,,RESOLVED_AGREEMENT,False,0,,,,
3f9b4b4fde0cf20547e8,val,원단,T6 기계변형,q_원단_05,원담,패션·잡화 중 '원단'을 판매·제공하는 매장,4356eb87-d9c0-4f31-b12c-12a1feaac797,선행담,음료,신창진흥 골목형상점가,골목형상점가,광주광역시,0.0,0.0,,,RESOLVED_AGREEMENT,False,0,,,,
a5fe33be9cf10e69ce23,val,원단,T6 기계변형,q_원단_05,원담,패션·잡화 중 '원단'을 판매·제공하는 매장,fbdfd1c7-2320-4a15-adac-73378561f43a,참맛미담,,용봉전대상대 골목형상점가,골목형상점가,,,0.0,Y,,P0_UNCERTAIN_OR_MISSING,True,,,,,
dd771f80e0a8e2fad1c9,val,원단,T6 기계변형,q_원단_05,원담,패션·잡화 중 '원단'을 판매·제공하는 매장,8e807cef-787e-444d-809f-93bead219baa,직담,반찬,남성역 골목시장,전통시장,서울특별시,0.0,0.0,,,RESOLVED_AGREEMENT,False,0,,,,
3a84d84486955524389d,val,원단,T6 기계변형,q_원단_05,원담,패션·잡화 중 '원단'을 판매·제공하는 매장,000a92b3-0b5e-429e-af00-f86e3570e24b,클로버,의류,관문상가시장,전통시장,대구광역시,1.0,1.0,,,RESOLVED_AGREEMENT,False,1,,,,
bb37668fd4c4a3b8b1a3,val,원단,T6 기계변형,q_원단_05,원담,패션·잡화 중 '원단'을 판매·제공하는 매장,7c297d3d-e25f-4610-b337-edd87fb0b852,원향,,남원시 원도심 상권활성화 구역,상권활성화구역,전북특별자치도,,0.0,Y,,P0_UNCERTAIN_OR_MISSING,True,,,,,
ca95afec562b64cc48bb,val,원단,T6 기계변형,q_원단_05,원담,패션·잡화 중 '원단'을 판매·제공하는 매장,26137ad4-b134-4bbd-8b92-5a5a60dd8ce3,담,,화성향남2지구상점가,자율상권구역,경기도,,0.0,Y,,P0_UNCERTAIN_OR_MISSING,True,,,,,
652a534b6114d9569177,val,원단,T6 기계변형,q_원단_05,원담,패션·잡화 중 '원단'을 판매·제공하는 매장,cca226db-f612-4e7e-bacf-998a985cf24f,원단싸,원단,서문시장2지구 종합상가,전통시장,대구광역시,3.0,3.0,,,RESOLVED_AGREEMENT,False,3,,,,
68136c322d397c10bb1e,val,원단,T6 기계변형,q_원단_05,원담,패션·잡화 중 '원단'을 판매·제공하는 매장,dcdec009-0d5f-459b-b750-bbee5a87b226,원나,의류,목포신중앙시장,전통시장,전라남도,1.0,1.0,,,RESOLVED_AGREEMENT,False,1,,,,
58bd864ac0ab7c22bdff,val,원단,T6 기계변형,q_원단_05,원담,패션·잡화 중 '원단'을 판매·제공하는 매장,00054f1d-4cae-4345-9975-1423bc49e4dc,착한아이들,의류,중앙전통시장,전통시장,울산광역시,1.0,1.0,,,RESOLVED_AGREEMENT,False,1,,,,
8e087517ec9528d26db6,val,원단,T6 기계변형,q_원단_05,원담,패션·잡화 중 '원단'을 판매·제공하는 매장,f4e593ae-949f-4e7b-9669-0b05906d31f3,불빛담,,교동연합,골목형상점가,대구광역시,,0.0,Y,,P0_UNCERTAIN_OR_MISSING,True,,,,,
c5507e2df463434e987b,val,원단,T6 기계변형,q_원단_05,원담,패션·잡화 중 '원단'을 판매·제공하는 매장,8ff7e3e8-3f34-47d2-856a-a19f44632eb3,정마담,,구미 진평음식문화특화거리 골목형상점가,골목형상점가,경상북도,,0.0,Y,,P0_UNCERTAIN_OR_MISSING,True,,,,,
7626cdfca23f433d390a,val,원단,T6 기계변형,q_원단_05,원담,패션·잡화 중 '원단'을 판매·제공하는 매장,634fe058-a5c9-43fe-823c-244db07c615b,행복담,한식,예술의거리 골목형상점가,골목형상점가,광주광역시,0.0,0.0,,,RESOLVED_AGREEMENT,False,0,,,,
1d22e990a1fe5b89371f,val,원단,T6 기계변형,q_원단_05,원담,패션·잡화 중 '원단'을 판매·제공하는 매장,521e48dd-735f-4982-9379-e1cc0ace50ee,원준식당,한식,장위전통시장,전통시장,서울특별시,0.0,0.0,,,RESOLVED_AGREEMENT,False,0,,,,
6c9217adaaddce6584fa,val,원단,T6 기계변형,q_원단_05,원담,패션·잡화 중 '원단'을 판매·제공하는 매장,1afe047e-d7fe-4cb2-8f0c-6b7347981850,온담,,남평 강변도시 골목형상점가,골목형상점가,전라남도,,0.0,Y,,P0_UNCERTAIN_OR_MISSING,True,,,,,
4810825399596198fdea,val,원단,T6 기계변형,q_원단_05,원담,패션·잡화 중 '원단'을 판매·제공하는 매장,39f9b597-8200-4df5-adc4-42638fb5d704,휴담.결,,매탄골목상인회 골목형상점가,골목형상점가,경기도,,0.0,Y,,P0_UNCERTAIN_OR_MISSING,True,,,,,
89fa384c32a27281b389,val,원단,T6 기계변형,q_원단_05,원담,패션·잡화 중 '원단'을 판매·제공하는 매장,88637459-a80c-42f0-9877-3e2232daeb5f,월담,식육,비아중앙로 골목형상점가,골목형상점가,,0.0,0.0,,,RESOLVED_AGREEMENT,False,0,,,,
9d2eaa6f35e8a49f34d6,val,원단,T6 기계변형,q_원단_05,원담,패션·잡화 중 '원단'을 판매·제공하는 매장,7e508551-aba7-46aa-8ca2-4e71fd0f47e7,소담,,미락단지 골목형상점가,골목형상점가,,,0.0,Y,,P0_UNCERTAIN_OR_MISSING,True,,,,,
27babedf2225fb92bbc3,val,원단,T6 기계변형,q_원단_05,원담,패션·잡화 중 '원단'을 판매·제공하는 매장,d5aa40a7-417f-4381-a8c7-2d3d101d845b,미담,,송정청춘 골목형상점가,골목형상점가,울산광역시,,0.0,Y,,P0_UNCERTAIN_OR_MISSING,True,,,,,
f45a8c6979b6f61425b4,val,원단,T6 기계변형,q_원단_05,원담,패션·잡화 중 '원단'을 판매·제공하는 매장,e674027e-d0e5-41ae-b245-e1cd7444bcaa,율담,,삼사 골목형상점가,골목형상점가,전북특별자치도,,0.0,Y,,P0_UNCERTAIN_OR_MISSING,True,,,,,
ee805ef2b18b5dbdcf69,val,원단,T6 기계변형,q_원단_05,원담,패션·잡화 중 '원단'을 판매·제공하는 매장,35c86f36-b0de-4b85-bc91-764adb657c6c,파티오커피,커피,월산상가 골목형 상점가,골목형상점가,충청남도,0.0,0.0,,,RESOLVED_AGREEMENT,False,0,,,,
806bc47879ed10ef12d3,val,원단,T6 기계변형,q_원단_05,원담,패션·잡화 중 '원단'을 판매·제공하는 매장,c14fdd75-469a-45d1-ab30-4133f1d1f23d,덮담,한식,나릿재 골목형상점가,골목형상점가,세종특별자치시,0.0,0.0,,,RESOLVED_AGREEMENT,False,0,,,,
cae0cc83c669bf5d080b,val,원단,T6 기계변형,q_원단_05,원담,패션·잡화 중 '원단'을 판매·제공하는 매장,0078978d-a0a7-4859-8505-986ab0cfdbf8,연지곤지주단,섬유및직물,㈜여수중앙시장,전통시장,전라남도,3.0,3.0,,,RESOLVED_AGREEMENT,False,3,,,,
fb4ef3a8f50fdc4b8392,val,원단,T6 기계변형,q_원단_05,원담,패션·잡화 중 '원단'을 판매·제공하는 매장,801c200b-44e0-4a8b-ab26-fb2a76991cec,어화담,,효안 골목형상점가,골목형상점가,광주광역시,,0.0,Y,,P0_UNCERTAIN_OR_MISSING,True,,,,,
10cad8e355e763403c85,val,원단,T6 기계변형,q_원단_05,원담,패션·잡화 중 '원단'을 판매·제공하는 매장,005a8567-ac99-4067-a754-596a2050cd4a,동남커텐,"커텐류, 원단",중앙도매시장,전통시장,대전광역시,3.0,3.0,,,RESOLVED_AGREEMENT,False,3,,,,
01d5d00c840d8111a055,val,원단,T6 기계변형,q_원단_05,원담,패션·잡화 중 '원단'을 판매·제공하는 매장,457f5643-f9ef-4fc2-b2ae-15559568681d,원당연세아동발달센터,장애아동상담,원당 중앙로 골목형상점가,골목형상점가,인천광역시,0.0,0.0,,,RESOLVED_AGREEMENT,False,0,,,,
497fdbd5afaecca6b5e7,val,원단,T6 기계변형,q_원단_05,원담,패션·잡화 중 '원단'을 판매·제공하는 매장,09890d00-24d0-41e5-9f3d-a3be0b9d11c5,홍담,한식,횡성전통시장,전통시장,강원특별자치도,0.0,0.0,,,RESOLVED_AGREEMENT,False,0,,,,
3067d6fca147d3e71567,val,원단,T6 기계변형,q_원단_05,원담,패션·잡화 중 '원단'을 판매·제공하는 매장,1f69faee-ab0e-4f33-9c0a-028fe79def63,원단방,원단,삼척중앙시장,전통시장,강원특별자치도,3.0,3.0,,,RESOLVED_AGREEMENT,False,3,,,,
9a856264f505f00317c5,val,원단,T6 기계변형,q_원단_05,원담,패션·잡화 중 '원단'을 판매·제공하는 매장,01b9277e-13ac-40fe-992d-ec5c1eb69be0,오션직물,원단,종로신진시장,전통시장,서울특별시,3.0,3.0,,,RESOLVED_AGREEMENT,False,3,,,,
f0f5e1861fd3fbdc4031,val,원단,T6 기계변형,q_원단_05,원담,패션·잡화 중 '원단'을 판매·제공하는 매장,005f6593-4efc-412f-a8c3-ba0d222e9239,대동상사,면직물,광장시장,전통시장,서울특별시,3.0,3.0,,,RESOLVED_AGREEMENT,False,3,,,,
9501611ee375238aab2d,val,원단,T6 기계변형,q_원단_05,원담,패션·잡화 중 '원단'을 판매·제공하는 매장,018300e6-a57d-446f-8108-43a2bb89eeeb,수복섬유,원단,서문시장2지구 종합상가,전통시장,대구광역시,3.0,3.0,,,RESOLVED_AGREEMENT,False,3,,,,
e495992a5fd7b6f9a587,val,원단,T6 기계변형,q_원단_05,원담,패션·잡화 중 '원단'을 판매·제공하는 매장,fb090d12-0117-43f7-a08a-695362d782d1,유담,,행리단길 골목형상점가,골목형상점가,경기도,,0.0,Y,,P0_UNCERTAIN_OR_MISSING,True,,,,,
432207913a5b86f9180d,val,원단,T6 기계변형,q_원단_05,원담,패션·잡화 중 '원단'을 판매·제공하는 매장,6a2866df-c332-4de0-9ebe-0f2caf2c95d9,닭담,닭발,후평일단지시장,전통시장,강원특별자치도,0.0,0.0,,,RESOLVED_AGREEMENT,False,0,,,,
eb8acd90ce296b06d01f,val,원단,T6 기계변형,q_원단_05,원담,패션·잡화 중 '원단'을 판매·제공하는 매장,e2928b97-168c-4bcd-925c-deeb35510489,사랑:담,과일,지족북로 골목형상점가,골목형상점가,대전광역시,0.0,0.0,,,RESOLVED_AGREEMENT,False,0,,,,
3d25db47a2a685055f2f,val,원단,T6 기계변형,q_원단_05,원담,패션·잡화 중 '원단'을 판매·제공하는 매장,c0591314-c5a5-44fc-8ce7-61b817a653ce,꽃담,꽃,새샘하루 골목형상점가,골목형상점가,세종특별자치시,0.0,0.0,,,RESOLVED_AGREEMENT,False,0,,,,
c7b8b9013ea4d90a6a79,val,원단,T6 기계변형,q_원단_05,원담,패션·잡화 중 '원단'을 판매·제공하는 매장,657d97c4-408a-4329-93da-9a9e44b2bb34,비아마늘야채상회,"마늘, 야채",비아5일시장,전통시장,광주광역시,0.0,0.0,,,RESOLVED_AGREEMENT,False,0,,,,
008137b340aba21d25ad,val,원단,T6 기계변형,q_원단_05,원담,패션·잡화 중 '원단'을 판매·제공하는 매장,28f4eae6-4a54-4a28-9852-d02395276d8a,러브담,,안양1번가 상점가,자율상권구역,경기도,,0.0,Y,,P0_UNCERTAIN_OR_MISSING,True,,,,,
1e2f3241c5837a55b3c7,val,원단,T6 기계변형,q_원단_05,원담,패션·잡화 중 '원단'을 판매·제공하는 매장,b8a1aad0-4138-4ace-a33b-35854b10aa39,비알디백록담,,포항 해도새록새로 골목형상점가,골목형상점가,경상북도,,0.0,Y,,P0_UNCERTAIN_OR_MISSING,True,,,,,
138c3a95606da0cc88fb,val,원단,T6 기계변형,q_원단_05,원담,패션·잡화 중 '원단'을 판매·제공하는 매장,3277fa59-cf66-4067-84d4-e72a1671f357,담담,한식,제천중앙시장,전통시장,충청북도,0.0,0.0,,,RESOLVED_AGREEMENT,False,0,,,,
18253a00f0719982eb5d,val,원단,T6 기계변형,q_원단_05,원담,패션·잡화 중 '원단'을 판매·제공하는 매장,9600c56e-5822-4cc3-b702-d40df9b7537b,현담,,기지제 골목형상점가,골목형상점가,전북특별자치도,,0.0,Y,,P0_UNCERTAIN_OR_MISSING,True,,,,,
7b2e3ca8c7dc0c23e448,val,원단,T6 기계변형,q_원단_05,원담,패션·잡화 중 '원단'을 판매·제공하는 매장,4308df22-bdb2-463a-85f2-5e82f9459a68,오닉스 디자인,"안경테, 부속품",운암시장,전통시장,광주광역시,0.0,0.0,,,RESOLVED_AGREEMENT,False,0,,,,
615e37cd2b2a11a59f6d,val,원단,T6 기계변형,q_원단_05,원담,패션·잡화 중 '원단'을 판매·제공하는 매장,72cbab87-ae0c-4d8b-8d5c-e2c084c3ebe6,육서담,육류,샤로수길골목형상점가,골목형상점가,서울특별시,0.0,0.0,,,RESOLVED_AGREEMENT,False,0,,,,
46f7007955fe687ce40f,val,원단,T6 기계변형,q_원단_05,원담,패션·잡화 중 '원단'을 판매·제공하는 매장,817e0dc0-d9e3-41af-8204-303372cdaadc,완도바담,,새천년 골목형상점가,골목형상점가,경기도,,0.0,Y,,P0_UNCERTAIN_OR_MISSING,True,,,,,
2f6681b39286702f6351,val,원단,T6 기계변형,q_원단_05,원담,패션·잡화 중 '원단'을 판매·제공하는 매장,2b919013-8779-4946-b734-666ba7daded6,원/픽,의류,안양일번가 지하쇼핑몰,일반지하상점가,경기도,1.0,1.0,,,RESOLVED_AGREEMENT,False,1,,,,
cdee08ef21393c18f1b4,val,원단,T6 기계변형,q_원단_05,원담,패션·잡화 중 '원단'을 판매·제공하는 매장,e3bdb053-e3a4-4657-90b0-74cbee6e0b30,지정환임실치즈피자,피자,인공폭포상가,자율상권구역,강원특별자치도,0.0,3.0,,,P1_BINARY_THRESHOLD,True,,,,,
908c558249fd1ba016fd,val,원단,T6 기계변형,q_원단_05,원담,패션·잡화 중 '원단'을 판매·제공하는 매장,b34c246a-397c-4a65-a796-41bf65f35f8a,헤담,미용실,카림애비뉴애 골목형상점가,골목형상점가,세종특별자치시,0.0,3.0,,,P1_BINARY_THRESHOLD,True,,,,,
a8de32443e7147ebe08b,val,원단,T6 기계변형,q_원단_05,원담,패션·잡화 중 '원단'을 판매·제공하는 매장,f09bc17e-b481-4dc0-addb-5f37c0d4f20d,스펀지,신발,주안역지하도상점가,일반지하상점가,인천광역시,0.0,0.0,,,RESOLVED_AGREEMENT,False,0,,,,
408b42df3d81090990d5,val,원단,T6 기계변형,q_원단_05,원담,패션·잡화 중 '원단'을 판매·제공하는 매장,314f7bf2-cc6a-46d6-b258-f624eab9cc86,소담,떡,장미달빛거리골목형상점가,골목형상점가,서울특별시,0.0,0.0,,,RESOLVED_AGREEMENT,False,0,,,,
0366f3e6340e8109cd47,val,원단,T6 기계변형,q_원단_05,원담,패션·잡화 중 '원단'을 판매·제공하는 매장,683cb650-2452-48ba-a177-c1d25cd00ac3,잎담,음료,다산역 로데오 상점가,자율상권구역,경기도,0.0,0.0,,,RESOLVED_AGREEMENT,False,0,,,,
9c09c4be99b45a412c20,val,원단,T6 기계변형,q_원단_05,원담,패션·잡화 중 '원단'을 판매·제공하는 매장,b21daefe-3a25-468f-8975-ce72230d7df6,도담,떡,"일곡동(제4지역:쌍용,호반,청솔2,호반일신,청솔1)",골목형상점가,광주광역시,0.0,0.0,,,RESOLVED_AGREEMENT,False,0,,,,
4327d649c5200734732a,val,원단,T6 기계변형,q_원단_05,원담,패션·잡화 중 '원단'을 판매·제공하는 매장,b502e5b1-2b56-48e5-a6c2-5c8dfb03fb26,쉐르담,,황지자유시장,전통시장,강원특별자치도,,0.0,Y,,P0_UNCERTAIN_OR_MISSING,True,,,,,
d357475760485ba82bee,val,원단,T6 기계변형,q_원단_05,원담,패션·잡화 중 '원단'을 판매·제공하는 매장,acb06f51-6690-4d93-8a59-cf30da3286ad,예지담,,충경로 골목형상점가,골목형상점가,전북특별자치도,,0.0,Y,,P0_UNCERTAIN_OR_MISSING,True,,,,,
f36bef1bae3999e79228,val,원단,T6 기계변형,q_원단_05,원담,패션·잡화 중 '원단'을 판매·제공하는 매장,00124602-ef4e-472c-91ee-de53b28d7530,화이트,의류,울산번개시장,전통시장,울산광역시,1.0,1.0,,,RESOLVED_AGREEMENT,False,1,,,,
ac1d5c8b63f691557738,val,원단,T6 기계변형,q_원단_05,원담,패션·잡화 중 '원단'을 판매·제공하는 매장,d262210e-10f2-4355-9872-2ef00c3bd027,돌담,한식,빛가람 로데오 골목형상점가,골목형상점가,전라남도,0.0,0.0,,,RESOLVED_AGREEMENT,False,0,,,,
5626021266886416d33c,val,원단,T6 기계변형,q_원단_05,원담,패션·잡화 중 '원단'을 판매·제공하는 매장,db403616-8312-47a7-84f4-8eef1e9d9ea2,향담,,원신흥 골목형상점가,골목형상점가,대전광역시,,0.0,Y,,P0_UNCERTAIN_OR_MISSING,True,,,,,
802a7274742dab283d7e,val,자동차,T1 정확표기,q_자동차_01,자동차,생활서비스 중 '자동차'를 판매·제공하는 매장,7446df10-8eda-4a0e-a6ec-c5bbd7240a3f,중앙청과,청과,보령한내시장,전통시장,충청남도,0.0,0.0,,,RESOLVED_AGREEMENT,False,0,,,,
306e7defab114342e93e,val,자동차,T1 정확표기,q_자동차_01,자동차,생활서비스 중 '자동차'를 판매·제공하는 매장,b9556617-1447-46be-9236-c666cdcf6926,승기카센터,자동차,오치 쌍굴 골목형상점가,골목형상점가,광주광역시,3.0,3.0,,,RESOLVED_AGREEMENT,False,3,,,,
c9a447a6c63c790db325,val,자동차,T1 정확표기,q_자동차_01,자동차,생활서비스 중 '자동차'를 판매·제공하는 매장,26056ef5-9fa7-4053-88e9-bc8efe5639c0,고서카센터,자동차 수리,고서 골목형상점가,골목형상점가,전라남도,3.0,3.0,,,RESOLVED_AGREEMENT,False,3,,,,
b70dec1bd484026f610e,val,자동차,T1 정확표기,q_자동차_01,자동차,생활서비스 중 '자동차'를 판매·제공하는 매장,8433716f-ca06-4f8d-8980-4609a36f309b,미래카센타,자동차 정비,오케이 양산동 골목형상점가,골목형상점가,광주광역시,3.0,3.0,,,RESOLVED_AGREEMENT,False,3,,,,
a6e18ae4310726b597ca,val,자동차,T1 정확표기,q_자동차_01,자동차,생활서비스 중 '자동차'를 판매·제공하는 매장,052df515-4724-4c04-a825-6448d0af9bf4,미래주유소,유류 자동차 관련 물품 세차,봉주 골목형상점가,골목형상점가,광주광역시,3.0,3.0,,,RESOLVED_AGREEMENT,False,3,,,,
ceae2d8456b34a26c72f,val,자동차,T1 정확표기,q_자동차_01,자동차,생활서비스 중 '자동차'를 판매·제공하는 매장,1ac2376d-6574-447d-9059-33f12e1bb964,123상회,자동차,산업용재관,전통시장,대구광역시,3.0,3.0,,,RESOLVED_AGREEMENT,False,3,,,,
2570a5aec2b8bbc910c8,val,자동차,T1 정확표기,q_자동차_01,자동차,생활서비스 중 '자동차'를 판매·제공하는 매장,2f6a80c1-d0c6-408d-9107-f9ad1996023b,라인카서비스,자동차 수리,남구 용대로 골목형상점가,골목형상점가,광주광역시,3.0,3.0,,,RESOLVED_AGREEMENT,False,3,,,,
daa46d620c467a09c435,val,자동차,T1 정확표기,q_자동차_01,자동차,생활서비스 중 '자동차'를 판매·제공하는 매장,7e5de563-2275-4d83-bdd6-056a5d45d82e,카차카,자동차 정비,박물관거리 골목형상점가,골목형상점가,전라남도,3.0,3.0,,,RESOLVED_AGREEMENT,False,3,,,,
3057ef579e296e14ba00,val,자동차,T1 정확표기,q_자동차_01,자동차,생활서비스 중 '자동차'를 판매·제공하는 매장,b7b90ef9-80b0-4636-bef2-2632a10779d1,청정카센타,자동차,임방울거리2구역 골목형상점가,골목형상점가,광주광역시,3.0,3.0,,,RESOLVED_AGREEMENT,False,3,,,,
341cfdb0e2473128005e,val,자동차,T1 정확표기,q_자동차_01,자동차,생활서비스 중 '자동차'를 판매·제공하는 매장,60daa990-7e60-41ae-9772-154ac522346c,우빈모터스,자동차 정비,도군머리 골목형상점가,골목형상점가,광주광역시,3.0,3.0,,,RESOLVED_AGREEMENT,False,3,,,,
65a03c9efffb49caa2ba,val,자동차,T1 정확표기,q_자동차_01,자동차,생활서비스 중 '자동차'를 판매·제공하는 매장,862d5105-d76c-42f8-bf24-4bedd6bad67f,아우토랩,자동차 정비,연제동 골목형상점가,골목형상점가,광주광역시,3.0,3.0,,,RESOLVED_AGREEMENT,False,3,,,,
35e43cb2c0536c34e6dd,val,자동차,T1 정확표기,q_자동차_01,자동차,생활서비스 중 '자동차'를 판매·제공하는 매장,31cb042b-4ec7-40c8-ac36-d619f48e97ee,일동자동차정비,자동차 용품,일곡동(제10지역:자연마을 전용주택단지) 골목형상점가,골목형상점가,광주광역시,3.0,3.0,,,RESOLVED_AGREEMENT,False,3,,,,
089e1509b2912e3935d5,val,자동차,T1 정확표기,q_자동차_01,자동차,생활서비스 중 '자동차'를 판매·제공하는 매장,04ddb261-818a-481f-b130-0f5401a7aaf8,주식회사 타이어메카 화정점,자동차 타이어 및 튜브,화정역상인회 골목형상점가,골목형상점가,광주광역시,3.0,3.0,,,RESOLVED_AGREEMENT,False,3,,,,
9349a63863fa8acea491,val,자동차,T1 정확표기,q_자동차_01,자동차,생활서비스 중 '자동차'를 판매·제공하는 매장,221dcd52-a3be-4992-b2b7-238ab28c1825,송정점현대자동차,자동차정비,송정 다누리 골목형상점가,골목형상점가,광주광역시,3.0,3.0,,,RESOLVED_AGREEMENT,False,3,,,,
c18018d6df64361a966f,val,자동차,T1 정확표기,q_자동차_01,자동차,생활서비스 중 '자동차'를 판매·제공하는 매장,93a4fc18-390b-4632-99a8-b5a7f643bb90,샵엘이디,자동차 부품,용봉우치로 골목형상점가,골목형상점가,광주광역시,3.0,3.0,,,RESOLVED_AGREEMENT,False,3,,,,
054028430b20d564498c,val,자동차,T1 정확표기,q_자동차_01,자동차,생활서비스 중 '자동차'를 판매·제공하는 매장,f26bce31-563b-457b-acdb-31d50c135bd0,현대자동차 일곡점,자동차 수리,일곡동(제5지역:제1근린공원 건너편),골목형상점가,광주광역시,3.0,3.0,,,RESOLVED_AGREEMENT,False,3,,,,
e20d34791ba5f57cb76a,val,자동차,T1 정확표기,q_자동차_01,자동차,생활서비스 중 '자동차'를 판매·제공하는 매장,5d441198-675f-41c4-a3b9-f81c98418430,성신자동차공업사,자동차 정비,공항동먹자골목골목형상점가,골목형상점가,서울특별시,3.0,3.0,,,RESOLVED_AGREEMENT,False,3,,,,
8c6dda671574e7231324,val,자동차,T1 정확표기,q_자동차_01,자동차,생활서비스 중 '자동차'를 판매·제공하는 매장,e22510f3-8a1a-4606-9d4f-295e627d7ef0,까치 자동차,,백운브릿지 골목형상점가,골목형상점가,광주광역시,3.0,3.0,,,RESOLVED_AGREEMENT,False,3,,,,
4b67c44219d74fe56555,val,자동차,T1 정확표기,q_자동차_01,자동차,생활서비스 중 '자동차'를 판매·제공하는 매장,85de1aa7-fdd2-4e61-831b-8e45fa195e42,W모터스,자동차 정비,초록거리 골목형상점가,골목형상점가,경기도,3.0,3.0,,,RESOLVED_AGREEMENT,False,3,,,,
1eb5d574573afbdfe027,val,자동차,T1 정확표기,q_자동차_01,자동차,생활서비스 중 '자동차'를 판매·제공하는 매장,55c3dff7-0a23-41f5-9397-6f899a590f3d,블루아네일,서비스,탄방새마을 골목형상점가,골목형상점가,대전광역시,0.0,0.0,,,RESOLVED_AGREEMENT,False,0,,,,
e0653970723cec1c31f9,val,자동차,T1 정확표기,q_자동차_01,자동차,생활서비스 중 '자동차'를 판매·제공하는 매장,88af9926-5dc9-44bd-9094-dddbb2ab6376,나래오토카,자동차 수리,첨단이웃사랑 골목형상점가,골목형상점가,광주광역시,3.0,3.0,,,RESOLVED_AGREEMENT,False,3,,,,
4f4ff524cf95617d5307,val,자동차,T1 정확표기,q_자동차_01,자동차,생활서비스 중 '자동차'를 판매·제공하는 매장,014c1872-bd85-4ebb-8eb6-aca626ce5a1e,빵빵썬팅,자동차썬팅,소촌금봉 골목형상점가,골목형상점가,광주광역시,3.0,3.0,,,RESOLVED_AGREEMENT,False,3,,,,
a81e16d79a713f6764fb,val,자동차,T1 정확표기,q_자동차_01,자동차,생활서비스 중 '자동차'를 판매·제공하는 매장,c1374867-8759-4f70-b975-3d56b1d35baf,산수점현대자동차,자동차정비,두암지구입구 골목형상점가,골목형상점가,광주광역시,3.0,3.0,,,RESOLVED_AGREEMENT,False,3,,,,
7552dabeb992e994ddcd,val,자동차,T1 정확표기,q_자동차_01,자동차,생활서비스 중 '자동차'를 판매·제공하는 매장,d6ed7cad-bb1d-4b8b-abb6-e6393836a622,자동차밧데리할인매장,자동차 용품 자동차밧데리,자동차의거리,자율상권구역,광주광역시,3.0,3.0,,,RESOLVED_AGREEMENT,False,3,,,,
d3bc1a9b90a2bf95ddf2,val,자동차,T1 정확표기,q_자동차_01,자동차,생활서비스 중 '자동차'를 판매·제공하는 매장,6c24ef5a-e368-4094-9474-7d927961854f,동부축산물도매센타,정육,안중시장,전통시장,경기도,0.0,0.0,,,RESOLVED_AGREEMENT,False,0,,,,
c96cf3aade2288a083a0,val,자동차,T1 정확표기,q_자동차_01,자동차,생활서비스 중 '자동차'를 판매·제공하는 매장,0405bac2-8f07-4ea9-a931-e8f992375b61,에스에스개러지,세차,선운별 골목형상점가,골목형상점가,광주광역시,3.0,3.0,,,RESOLVED_AGREEMENT,False,3,,,,
dc60292325c08af2ad36,val,자동차,T1 정확표기,q_자동차_01,자동차,생활서비스 중 '자동차'를 판매·제공하는 매장,aaa08e28-782d-4325-b216-44a9a4237c77,현대CT카센타,자동차 정비,우림맛솜씨길골목형상점가,골목형상점가,서울특별시,3.0,3.0,,,RESOLVED_AGREEMENT,False,3,,,,
cce4305943474dbf1e9e,val,자동차,T1 정확표기,q_자동차_01,자동차,생활서비스 중 '자동차'를 판매·제공하는 매장,095c9a1b-1b70-4118-9c00-33dcfa435964,카랑카랑,자동차 용품,서광주세무서앞상인회 골목형상점가,골목형상점가,광주광역시,3.0,3.0,,,RESOLVED_AGREEMENT,False,3,,,,
fca3fe773803e82e0426,val,자동차,T1 정확표기,q_자동차_01,자동차,생활서비스 중 '자동차'를 판매·제공하는 매장,09d7ede7-cc32-4f4d-8ccd-523c76541676,고잔자동차정비,"서비스도소매(자동차정비,자동차타이어)",도리섬상점가,자율상권구역,경기도,3.0,3.0,,,RESOLVED_AGREEMENT,False,3,,,,
3e146229c76d4366ead2,val,자동차,T1 정확표기,q_자동차_01,자동차,생활서비스 중 '자동차'를 판매·제공하는 매장,8d9546e0-5da4-456d-8c1a-e3eb4779dec7,미래자동차공업사,자동차,유촌마을상인회 골목형상점가,골목형상점가,광주광역시,3.0,3.0,,,RESOLVED_AGREEMENT,False,3,,,,
119f5ac2f34c3df8174a,val,자동차,T1 정확표기,q_자동차_01,자동차,생활서비스 중 '자동차'를 판매·제공하는 매장,e8b6946c-1b97-44b1-b1dc-8214e5faa3c7,신현대자동차공업사,자동차,일곡동(제11지역:용전동) 골목형상점가,골목형상점가,광주광역시,3.0,3.0,,,RESOLVED_AGREEMENT,False,3,,,,
fef73e764f54657589ba,val,자동차,T1 정확표기,q_자동차_01,자동차,생활서비스 중 '자동차'를 판매·제공하는 매장,0c84c7a9-5923-4d43-916e-0a37b655748f,전자카클리닉,자동차,신가드림 골목형상점가,골목형상점가,광주광역시,3.0,3.0,,,RESOLVED_AGREEMENT,False,3,,,,
73cf87586337b3f2c3d8,val,자동차,T1 정확표기,q_자동차_01,자동차,생활서비스 중 '자동차'를 판매·제공하는 매장,03e53a2d-e76b-4a17-8a69-03a865ad073e,양산카서비스,타이어소매,양산호수공원 골목형상점가,골목형상점가,광주광역시,3.0,3.0,,,RESOLVED_AGREEMENT,False,3,,,,
6ac66750529e73e28c3c,val,자동차,T1 정확표기,q_자동차_01,자동차,생활서비스 중 '자동차'를 판매·제공하는 매장,4fabc60a-008f-4dbe-8d25-d8a84f866893,서광자동차유리,제조업 자동차,백운브릿지 골목형상점가,골목형상점가,광주광역시,3.0,3.0,,,RESOLVED_AGREEMENT,False,3,,,,
45d12c1989dc5f8ccd2b,val,자동차,T1 정확표기,q_자동차_01,자동차,생활서비스 중 '자동차'를 판매·제공하는 매장,b3d1f5c5-bbb0-467e-af47-a8dc016b12f1,지노카정비,타이어 자동차 용품 자동차 정비,공구의거리,자율상권구역,광주광역시,3.0,3.0,,,RESOLVED_AGREEMENT,False,3,,,,
248ff0eec3e1f2750c41,val,자동차,T1 정확표기,q_자동차_01,자동차,생활서비스 중 '자동차'를 판매·제공하는 매장,bdcf3d97-547f-4947-8916-9360f1e7413e,푸른 자동차공업 사,자동차 정비,운암 금호 골목형상점가,골목형상점가,광주광역시,3.0,3.0,,,RESOLVED_AGREEMENT,False,3,,,,
9fb6db3112159af0477e,val,자동차,T1 정확표기,q_자동차_01,자동차,생활서비스 중 '자동차'를 판매·제공하는 매장,0106f4d5-7dea-41f3-a7f4-dc5d1e5dc184,대한카클리닉,자동차용품,포항 해도새록새로 골목형상점가,골목형상점가,경상북도,3.0,3.0,,,RESOLVED_AGREEMENT,False,3,,,,
80e8bd16cc13271c0d31,val,자동차,T1 정확표기,q_자동차_01,자동차,생활서비스 중 '자동차'를 판매·제공하는 매장,5e9a4249-52a8-4a35-9492-4e3747f252f2,금정카클리닉,자동차,신창동일번국도가구의거리 골목형상점가,골목형상점가,광주광역시,3.0,3.0,,,RESOLVED_AGREEMENT,False,3,,,,
2a1fcb323dc3b6fa0592,val,자동차,T1 정확표기,q_자동차_01,자동차,생활서비스 중 '자동차'를 판매·제공하는 매장,1c0d37b7-3820-4bda-b7f1-5eefe7d263fa,구구상회,내의,부산자유시장,전통시장,부산광역시,0.0,0.0,,,RESOLVED_AGREEMENT,False,0,,,,
1637f3ab0ff56a6b4a98,val,자동차,T1 정확표기,q_자동차_01,자동차,생활서비스 중 '자동차'를 판매·제공하는 매장,d917a57f-24d3-476b-87fe-0d4bc9f1e513,화이트모터스,자동차 수리 자동차 부품,장천동상가,자율상권구역,전라남도,3.0,3.0,,,RESOLVED_AGREEMENT,False,3,,,,
af5ad2126e7f0b61eece,val,자동차,T1 정확표기,q_자동차_01,자동차,생활서비스 중 '자동차'를 판매·제공하는 매장,b504b54c-57e5-43b7-b14a-8ce77f16960a,매월네비샵,자동차 용품,전평제상인회 골목형상점가,골목형상점가,광주광역시,3.0,3.0,,,RESOLVED_AGREEMENT,False,3,,,,
9cf8485b9b86eddf9cf5,val,자동차,T1 정확표기,q_자동차_01,자동차,생활서비스 중 '자동차'를 판매·제공하는 매장,ee22aaf4-b274-4d24-9b29-1f3bd8b1a8c1,버들자동차서비스,자동차 수리,유촌마을상인회 골목형상점가,골목형상점가,광주광역시,3.0,3.0,,,RESOLVED_AGREEMENT,False,3,,,,
73cc518659194e1637e3,val,자동차,T1 정확표기,q_자동차_01,자동차,생활서비스 중 '자동차'를 판매·제공하는 매장,c2ab3976-888d-43e4-b976-9f87130beeaa,펀픽,자동차 튜닝,초록거리 골목형상점가,골목형상점가,경기도,3.0,3.0,,,RESOLVED_AGREEMENT,False,3,,,,
bbd73b53d2d4e2bd291d,val,자동차,T1 정확표기,q_자동차_01,자동차,생활서비스 중 '자동차'를 판매·제공하는 매장,349c6b33-15f0-471e-986e-5eeebea9df3d,중앙카서비스,자동차 수리업 자동차 관련용품 판매,화정꽃마을상인회 골목형상점가,골목형상점가,광주광역시,3.0,3.0,,,RESOLVED_AGREEMENT,False,3,,,,
a6936ae7873fb267b9b3,val,자동차,T1 정확표기,q_자동차_01,자동차,생활서비스 중 '자동차'를 판매·제공하는 매장,f03686d8-7273-4819-b817-db82df3f4e70,카스톰,자동차 용품,건국다복 골목형상점가,골목형상점가,광주광역시,3.0,3.0,,,RESOLVED_AGREEMENT,False,3,,,,
295c547a9538e0e3381f,val,자동차,T1 정확표기,q_자동차_01,자동차,생활서비스 중 '자동차'를 판매·제공하는 매장,e491d2e9-d244-461a-b8c8-9c623ba2e8a1,카스테이,자동차 썬팅 전자기기 등 자동차 용품,신가동 골목형상점가,골목형상점가,광주광역시,3.0,3.0,,,RESOLVED_AGREEMENT,False,3,,,,
3959a5b0ef3e13717daa,val,자동차,T1 정확표기,q_자동차_01,자동차,생활서비스 중 '자동차'를 판매·제공하는 매장,e0a1aed3-b3c3-48e8-955b-45b5a34f24fb,보경모터스,자동차 부품,남산동자동차골목상점가,자율상권구역,대구광역시,3.0,3.0,,,RESOLVED_AGREEMENT,False,3,,,,
ec9ddc9636affeb56ba2,val,자동차,T1 정확표기,q_자동차_01,자동차,생활서비스 중 '자동차'를 판매·제공하는 매장,dc13ee07-97da-4ff6-a54d-da31c447c5b8,자동차종합병원,자동차 수리업,풍암신암상인회 골목형상점가,골목형상점가,광주광역시,3.0,3.0,,,RESOLVED_AGREEMENT,False,3,,,,
c0687ac0d3cd3f6b12d3,val,자동차,T1 정확표기,q_자동차_01,자동차,생활서비스 중 '자동차'를 판매·제공하는 매장,03661ed3-6d9c-45da-af0e-801f3a602206,최신카클리닉광택,광택내부세차,북구빛나는 골목형상점가,골목형상점가,광주광역시,3.0,3.0,,,RESOLVED_AGREEMENT,False,3,,,,
34d7b05db11812d274bf,val,자동차,T1 정확표기,q_자동차_01,자동차,생활서비스 중 '자동차'를 판매·제공하는 매장,372aec15-a588-4672-8a72-8f522d8f5612,국제물산,수산,청량리수산시장,전통시장,서울특별시,0.0,0.0,,,RESOLVED_AGREEMENT,False,0,,,,
9251d93c312532dbf2ff,val,자동차,T1 정확표기,q_자동차_01,자동차,생활서비스 중 '자동차'를 판매·제공하는 매장,82350d87-0558-454e-ac2b-ab0f95ed5c6b,일등자동차공업사,자동차 수리,중흥중가로 골목형상점가,골목형상점가,광주광역시,3.0,3.0,,,RESOLVED_AGREEMENT,False,3,,,,
7d2108fcd9af603ae66c,val,자동차,T1 정확표기,q_자동차_01,자동차,생활서비스 중 '자동차'를 판매·제공하는 매장,07799824-52aa-47ff-a0da-898f8edeaca8,상무카 세차장,세차,치평동1002상인회 골목형상점가,골목형상점가,광주광역시,3.0,3.0,,,RESOLVED_AGREEMENT,False,3,,,,
944e843654fd1142bc90,val,자동차,T1 정확표기,q_자동차_01,자동차,생활서비스 중 '자동차'를 판매·제공하는 매장,07631f84-e4b7-45f6-a4af-d96af7d9a2bc,맥카세차용품 24시본점,세차용품,창원 가음시장대상가,전통시장,경상남도,3.0,3.0,,,RESOLVED_AGREEMENT,False,3,,,,
db5f3ec139905213c494,val,자동차,T1 정확표기,q_자동차_01,자동차,생활서비스 중 '자동차'를 판매·제공하는 매장,020368e8-f148-41e5-a918-1657220b912e,MS골드모터스,자동차정비,금메달 양산택지로 골목형상점가,골목형상점가,광주광역시,3.0,3.0,,,RESOLVED_AGREEMENT,False,3,,,,
17b6ed78983d2e858faa,val,자동차,T1 정확표기,q_자동차_01,자동차,생활서비스 중 '자동차'를 판매·제공하는 매장,08c877fc-e9d6-4f54-bd21-5efa86703ad2,남경자동차공업사,자동차,상무중앙공원상인회 골목형상점가,골목형상점가,광주광역시,3.0,3.0,,,RESOLVED_AGREEMENT,False,3,,,,
907699b198c18d60cd54,val,자동차,T1 정확표기,q_자동차_01,자동차,생활서비스 중 '자동차'를 판매·제공하는 매장,803c05a3-aa08-43da-a196-404873fe888c,금강자동차공업사,자동차 정비,봉주 골목형상점가,골목형상점가,광주광역시,3.0,3.0,,,RESOLVED_AGREEMENT,False,3,,,,
6eda68d8039feee215d8,val,자동차,T1 정확표기,q_자동차_01,자동차,생활서비스 중 '자동차'를 판매·제공하는 매장,f95211a7-6690-4406-b1d3-bfd976880b6e,상아모터스,자동차 정비,동림1 골목형상점가,골목형상점가,광주광역시,3.0,3.0,,,RESOLVED_AGREEMENT,False,3,,,,
1b09a07052f471f03843,val,자동차,T1 정확표기,q_자동차_01,자동차,생활서비스 중 '자동차'를 판매·제공하는 매장,f5d32f19-b9be-4085-be29-2ff5e7619e76,우석카프라자,자동차,남산동자동차골목상점가,자율상권구역,대구광역시,3.0,3.0,,,RESOLVED_AGREEMENT,False,3,,,,
c82cafe7385342305cff,val,자동차,T1 정확표기,q_자동차_01,자동차,생활서비스 중 '자동차'를 판매·제공하는 매장,c0a91981-b4cc-450b-a08c-d4c7f59cb546,만도자동차,자동차수리,시청음식문화의거리 골목형상점가,골목형상점가,광주광역시,3.0,3.0,,,RESOLVED_AGREEMENT,False,3,,,,
851ad5580bcae7b63dcf,val,자동차,T1 정확표기,q_자동차_01,자동차,생활서비스 중 '자동차'를 판매·제공하는 매장,c5ef19f8-d0e0-4031-b447-af1c9726787d,이정카센타,자동차 정비,두암2동 도로변 골목형상점가,골목형상점가,광주광역시,3.0,3.0,,,RESOLVED_AGREEMENT,False,3,,,,
5a7219d9fe7571e3c625,val,자동차,T1 정확표기,q_자동차_01,자동차,생활서비스 중 '자동차'를 판매·제공하는 매장,c5389380-8588-4167-8bd4-fad21b993ae0,선명자동차 공업사,자동차정비,"각화서희,더샵주변 골목형상점가",골목형상점가,광주광역시,3.0,3.0,,,RESOLVED_AGREEMENT,False,3,,,,
78c3fe75b59c8d9f7ba6,val,자동차,T1 정확표기,q_자동차_01,자동차,생활서비스 중 '자동차'를 판매·제공하는 매장,57695409-ecae-448a-aa32-11a640156ca8,금천자동차,,금천면 골목형상점가,골목형상점가,,3.0,3.0,,,RESOLVED_AGREEMENT,False,3,,,,
f1730895b10adb9f26e6,val,자동차,T1 정확표기,q_자동차_01,자동차,생활서비스 중 '자동차'를 판매·제공하는 매장,ef6b6f31-a6e9-4e82-95d6-a3a204abcce7,홍성카서비스,자동차 세차,월산먹자골목 골목형상점가,골목형상점가,광주광역시,3.0,3.0,,,RESOLVED_AGREEMENT,False,3,,,,
a21438994721ed1e835c,val,자동차,T1 정확표기,q_자동차_01,자동차,생활서비스 중 '자동차'를 판매·제공하는 매장,aa2acb20-af1c-4a95-a340-40082cc056ed,빨간자동차,자동차블랙박스,금당산길상인회 골목형상점가,골목형상점가,광주광역시,3.0,3.0,,,RESOLVED_AGREEMENT,False,3,,,,
49ca2f054d45171ac22e,val,자동차,T1 정확표기,q_자동차_01,자동차,생활서비스 중 '자동차'를 판매·제공하는 매장,b7265998-cb3f-4434-bfe0-625d7f5d670d,이륙자동차공업사,자동차 수리,매곡 사랑길 골목형상점가,골목형상점가,광주광역시,3.0,3.0,,,RESOLVED_AGREEMENT,False,3,,,,
a6cc183361bc6826e4e5,val,자동차,T1 정확표기,q_자동차_01,자동차,생활서비스 중 '자동차'를 판매·제공하는 매장,c8dce167-b6ad-474b-b339-1f1516ad98c7,용봉점 현대자동차,자동차 수리,패션의거리,자율상권구역,광주광역시,3.0,3.0,,,RESOLVED_AGREEMENT,False,3,,,,
22b0fdff1bd993ebb121,val,자동차,T1 정확표기,q_자동차_01,자동차,생활서비스 중 '자동차'를 판매·제공하는 매장,007fca6d-f508-4b12-a082-dd7537eedc47,대민카공업사,정비,사강시장,전통시장,경기도,3.0,3.0,,,RESOLVED_AGREEMENT,False,3,,,,
debf5deac056ac998b02,val,자동차,T1 정확표기,q_자동차_01,자동차,생활서비스 중 '자동차'를 판매·제공하는 매장,2088f318-97b4-40df-b992-221e4a9c0364,SB모터스,자동차,두암2동면앙로 골목형상점가,골목형상점가,광주광역시,3.0,3.0,,,RESOLVED_AGREEMENT,False,3,,,,
6b074e06fac5e427f718,val,자동차,T1 정확표기,q_자동차_01,자동차,생활서비스 중 '자동차'를 판매·제공하는 매장,234eef55-c96b-4a05-97ba-c66b491f7d81,에스지모터스,자동차,본촌지야 골목형상점가,골목형상점가,광주광역시,3.0,3.0,,,RESOLVED_AGREEMENT,False,3,,,,
90bb34889d7b9db7e941,val,자동차,T1 정확표기,q_자동차_01,자동차,생활서비스 중 '자동차'를 판매·제공하는 매장,c5e49c97-88c2-4743-8355-419911b6e288,오토마스타,자동차 정비,동오마을골목형상점가,골목형상점가,경기도,3.0,3.0,,,RESOLVED_AGREEMENT,False,3,,,,
ffad2d0fdb76541203de,val,자동차,T1 정확표기,q_자동차_01,자동차,생활서비스 중 '자동차'를 판매·제공하는 매장,9aa6f1a1-61dd-431b-9fdf-f1fbff21780e,차사랑카센터,자동차,금암동 골목형상점가,골목형상점가,충청남도,3.0,3.0,,,RESOLVED_AGREEMENT,False,3,,,,
be860e60576f7a73db22,val,자동차,T1 정확표기,q_자동차_01,자동차,생활서비스 중 '자동차'를 판매·제공하는 매장,5e2bdd59-4b75-4bc8-bef2-e759666035ab,미스터박오토랩,자동차 수리,금호푸른상인회 골목형상점가,골목형상점가,광주광역시,3.0,3.0,,,RESOLVED_AGREEMENT,False,3,,,,
178853d0d1825b97e306,val,자동차,T1 정확표기,q_자동차_01,자동차,생활서비스 중 '자동차'를 판매·제공하는 매장,2183dbad-0f08-4ca9-9c6c-7ade452d72b8,대운모터스,자동차 정비,하남 골목형상점가,골목형상점가,광주광역시,3.0,3.0,,,RESOLVED_AGREEMENT,False,3,,,,
31f11fe20f9d1d6d3dd0,val,자동차,T1 정확표기,q_자동차_01,자동차,생활서비스 중 '자동차'를 판매·제공하는 매장,806b36ac-3dfb-4507-8695-5746f9560db6,카트자동차용품,자동차 부품,충무자동차거리 상점가,자율상권구역,대전광역시,3.0,3.0,,,RESOLVED_AGREEMENT,False,3,,,,
48a23cbdda57c22fe598,val,자동차,T1 정확표기,q_자동차_01,자동차,생활서비스 중 '자동차'를 판매·제공하는 매장,00408c66-8a7e-4f20-896f-490885b394c8,애니카랜드 양산점,자동차 정비,금메달 양산택지로 골목형상점가,골목형상점가,광주광역시,3.0,3.0,,,RESOLVED_AGREEMENT,False,3,,,,
3268d3e0e36c5f7380cd,val,자동차,T1 정확표기,q_자동차_01,자동차,생활서비스 중 '자동차'를 판매·제공하는 매장,021b75ff-e0ed-4fd4-b5e3-f41910253dd8,틴팅크루,자동차선팅,염주골상인회 골목형상점가,골목형상점가,광주광역시,3.0,3.0,,,RESOLVED_AGREEMENT,False,3,,,,
695da4f277d2368a67bc,val,자동차,T1 정확표기,q_자동차_01,자동차,생활서비스 중 '자동차'를 판매·제공하는 매장,036ce424-36f8-4ff7-8bf5-28922acb83c9,우성카프라자,경정비,고성동벚꽃 골목형상점가,골목형상점가,대구광역시,3.0,3.0,,,RESOLVED_AGREEMENT,False,3,,,,
1ba1f18dc51d841daaf9,val,자동차,T1 정확표기,q_자동차_01,자동차,생활서비스 중 '자동차'를 판매·제공하는 매장,0364862c-7f49-4568-ae2c-a574255a8396,달구지모터스,자동차전문정비,광주역 복개로 골목형상점가,골목형상점가,광주광역시,3.0,3.0,,,RESOLVED_AGREEMENT,False,3,,,,
25268d355e7aeb47f414,val,자동차,T1 정확표기,q_자동차_01,자동차,생활서비스 중 '자동차'를 판매·제공하는 매장,0065917f-8506-4309-a8dd-bd4415481501,타이어 할인점 가좌점,타이어,남이동길골목형상점가,골목형상점가,서울특별시,3.0,3.0,,,RESOLVED_AGREEMENT,False,3,,,,
1f0ace7547ed20209ffd,val,자동차,T1 정확표기,q_자동차_01,자동차,생활서비스 중 '자동차'를 판매·제공하는 매장,54d49a49-cfc7-4514-aa89-d7baad9fc3f6,남양자동차공업사,자동차 수리,삼각동 골목형상점가,골목형상점가,광주광역시,3.0,3.0,,,RESOLVED_AGREEMENT,False,3,,,,
3ddf12e623808709c4a2,val,자동차,T1 정확표기,q_자동차_01,자동차,생활서비스 중 '자동차'를 판매·제공하는 매장,7ce358a2-bea7-4af3-af49-393e1b6b084e,상어청바지,의류,춘천지하상가,일반지하상점가,강원특별자치도,0.0,0.0,,,RESOLVED_AGREEMENT,False,0,,,,
a865ea1de0e21744e581,val,자동차,T1 정확표기,q_자동차_01,자동차,생활서비스 중 '자동차'를 판매·제공하는 매장,cb9da9ca-a7f0-4de5-8022-49aefc37261b,노량진상회,농산물,상도도깨비골목형상점가,골목형상점가,서울특별시,0.0,0.0,,,RESOLVED_AGREEMENT,False,0,,,,
152ae49ec631a3f5d5c2,val,자동차,T1 정확표기,q_자동차_01,자동차,생활서비스 중 '자동차'를 판매·제공하는 매장,83cb9d42-95a4-469f-a970-73cc522fff47,성복자동차공업사,자동차 정비,성복 온누리 골목형상점가,골목형상점가,경기도,3.0,3.0,,,RESOLVED_AGREEMENT,False,3,,,,
3a4f27a3f88c9c7db5f4,val,자동차,T1 정확표기,q_자동차_01,자동차,생활서비스 중 '자동차'를 판매·제공하는 매장,a46567f5-be54-49e3-a087-08d46af162d2,대창카센타,자동차 정 비,송하동 골목형상점가,골목형상점가,광주광역시,3.0,3.0,,,RESOLVED_AGREEMENT,False,3,,,,
6424cdbbdaaae3ebf947,val,자동차,T1 정확표기,q_자동차_01,자동차,생활서비스 중 '자동차'를 판매·제공하는 매장,d45efd1c-28de-4e2e-8b1d-a485ead2275d,오토카센타,자동차 수리,연제주공 골목형상점가,골목형상점가,광주광역시,3.0,3.0,,,RESOLVED_AGREEMENT,False,3,,,,
65f3966d935843c1d4ad,val,자동차,T1 정확표기,q_자동차_01,자동차,생활서비스 중 '자동차'를 판매·제공하는 매장,0c9f6f01-99ed-429d-9f5f-2435a675b9f9,(주)타이어박스,타이어,산수오거리 골목형상점가,골목형상점가,광주광역시,3.0,3.0,,,RESOLVED_AGREEMENT,False,3,,,,
8a77e7fc881d4b4ff7d1,val,자동차,T1 정확표기,q_자동차_01,자동차,생활서비스 중 '자동차'를 판매·제공하는 매장,1eb171d8-e1fd-43ec-b709-4339381cdc5d,호남카센타,자동차 수리,소촌중앙 골목형상점가,골목형상점가,광주광역시,3.0,3.0,,,RESOLVED_AGREEMENT,False,3,,,,
f9148716f4366321b5f7,val,자동차,T1 정확표기,q_자동차_01,자동차,생활서비스 중 '자동차'를 판매·제공하는 매장,d87a3cf9-c865-47b5-a39b-98b3c6b44c02,레브온(REVON),여성의류,서면지하도상가 서면몰(대현프리몰),일반지하상점가,부산광역시,0.0,0.0,,,RESOLVED_AGREEMENT,False,0,,,,
4820f52adf5a97695eff,val,자동차,T2 동의어,q_자동차_02,세차,생활서비스 중 '자동차'를 판매·제공하는 매장,e4cd6491-1f82-4fae-a451-9d80525f624f,미스터 세차,세차,화운로상인회 골목형상점가,골목형상점가,광주광역시,3.0,3.0,,,RESOLVED_AGREEMENT,False,3,,,,
3e9efe878b60dde60146,val,자동차,T2 동의어,q_자동차_02,세차,생활서비스 중 '자동차'를 판매·제공하는 매장,8520cf96-74d5-449a-a957-f83f457b41b5,하남손세차광택샵,세차,하남3지구 골목형상점가,골목형상점가,광주광역시,3.0,3.0,,,RESOLVED_AGREEMENT,False,3,,,,
f0d5af6ecafaae45e1b5,val,자동차,T2 동의어,q_자동차_02,세차,생활서비스 중 '자동차'를 판매·제공하는 매장,a77d5afd-0fcd-4a58-b82d-e6718d116ac3,몽이네쉼터 &무인카페,,삼각초 골목형상점가,골목형상점가,,0.0,0.0,,,RESOLVED_AGREEMENT,False,0,,,,
83452de563e0a4b2521e,val,자동차,T2 동의어,q_자동차_02,세차,생활서비스 중 '자동차'를 판매·제공하는 매장,63cd6e12-5fbe-4971-939a-db148c0cb694,워시브라더,세차,금메달 양산택지로 골목형상점가,골목형상점가,광주광역시,3.0,3.0,,,RESOLVED_AGREEMENT,False,3,,,,
5ac7abd4e57c70fdb7ea,val,자동차,T2 동의어,q_자동차_02,세차,생활서비스 중 '자동차'를 판매·제공하는 매장,ee2763f1-9092-4303-8498-e3d4ef43d4a1,천하세차장,세차,문화1동 골목형상점가,골목형상점가,대전광역시,3.0,3.0,,,RESOLVED_AGREEMENT,False,3,,,,
5eda78756f8fa93c7e7b,val,자동차,T2 동의어,q_자동차_02,세차,생활서비스 중 '자동차'를 판매·제공하는 매장,28e669cf-b213-4c5b-892b-9ab04c42f110,제이스팀,세차,금암동 골목형상점가,골목형상점가,충청남도,3.0,3.0,,,RESOLVED_AGREEMENT,False,3,,,,
5738c5064e7b90e91e1a,val,자동차,T2 동의어,q_자동차_02,세차,생활서비스 중 '자동차'를 판매·제공하는 매장,c2283666-1f9d-4ec5-9de7-30d1c30055bf,부부세차장,세차,두암시장주변 골목형상점가,골목형상점가,광주광역시,3.0,3.0,,,RESOLVED_AGREEMENT,False,3,,,,
8274c2554776630573cb,val,자동차,T2 동의어,q_자동차_02,세차,생활서비스 중 '자동차'를 판매·제공하는 매장,0f11ef86-f439-4b0c-b036-9cd9dacf5464,아틀리에,세차,양산제로 골목형상점가,골목형상점가,광주광역시,3.0,3.0,,,RESOLVED_AGREEMENT,False,3,,,,
dd5f7c8271eabdc4df8d,val,자동차,T2 동의어,q_자동차_02,세차,생활서비스 중 '자동차'를 판매·제공하는 매장,1ea4db33-0709-482c-b097-c2c6c4dadd0d,SAMHO,세차,삼호읍 중앙 골목형상점가,골목형상점가,전라남도,3.0,3.0,,,RESOLVED_AGREEMENT,False,3,,,,
7f388cc1c6f12ad3a6d4,val,자동차,T2 동의어,q_자동차_02,세차,생활서비스 중 '자동차'를 판매·제공하는 매장,0106f4d5-7dea-41f3-a7f4-dc5d1e5dc184,대한카클리닉,자동차용품,포항 해도새록새로 골목형상점가,골목형상점가,경상북도,2.0,3.0,,,P2_GRADED_ONLY,True,,,,,
0945ed9451dbd17ac7d0,val,자동차,T2 동의어,q_자동차_02,세차,생활서비스 중 '자동차'를 판매·제공하는 매장,7a4ffad5-8881-4281-9a3c-b89bba62161b,세차 김선생,스팀세차,새호반 골목형상점가,골목형상점가,세종특별자치시,3.0,3.0,,,RESOLVED_AGREEMENT,False,3,,,,
ad1e3196a6815c1463e9,val,자동차,T2 동의어,q_자동차_02,세차,생활서비스 중 '자동차'를 판매·제공하는 매장,35e597fb-62ae-4528-ac75-c9d662d848bc,비앤지,세차,금호아파트상인회 골목형상점가,골목형상점가,광주광역시,3.0,3.0,,,RESOLVED_AGREEMENT,False,3,,,,
1e1da0415cd1d7816346,val,자동차,T2 동의어,q_자동차_02,세차,생활서비스 중 '자동차'를 판매·제공하는 매장,8df75286-2502-4224-8a55-47d89b982c79,유한회사 영평상회,채소,가락몰골목형상점가,골목형상점가,서울특별시,0.0,0.0,,,RESOLVED_AGREEMENT,False,0,,,,
835af34a65d70050c30d,val,자동차,T2 동의어,q_자동차_02,세차,생활서비스 중 '자동차'를 판매·제공하는 매장,e166d8fe-b3df-4a62-b68e-a054ec000491,세차마을,스팀세차,희담길,골목형상점가,광주광역시,3.0,3.0,,,RESOLVED_AGREEMENT,False,3,,,,
96b276cec24382a8cb16,val,자동차,T2 동의어,q_자동차_02,세차,생활서비스 중 '자동차'를 판매·제공하는 매장,f61f3336-31a8-41a0-b976-324ec62a5e52,OK세차장,세차,수문통 골목형상점가,골목형상점가,인천광역시,3.0,3.0,,,RESOLVED_AGREEMENT,False,3,,,,
66ed0d89a974dd00b0a5,val,자동차,T2 동의어,q_자동차_02,세차,생활서비스 중 '자동차'를 판매·제공하는 매장,0405bac2-8f07-4ea9-a931-e8f992375b61,에스에스개러지,세차,선운별 골목형상점가,골목형상점가,광주광역시,3.0,3.0,,,RESOLVED_AGREEMENT,False,3,,,,
27964cb6dbe358483829,val,자동차,T2 동의어,q_자동차_02,세차,생활서비스 중 '자동차'를 판매·제공하는 매장,0c23c6fb-48b3-4193-8db7-c27b4454e63b,짠호프,음식,새시장 골목형상점가,골목형상점가,대전광역시,0.0,0.0,,,RESOLVED_AGREEMENT,False,0,,,,
d7e1d9b011da5e127294,val,자동차,T2 동의어,q_자동차_02,세차,생활서비스 중 '자동차'를 판매·제공하는 매장,07799824-52aa-47ff-a0da-898f8edeaca8,상무카 세차장,세차,치평동1002상인회 골목형상점가,골목형상점가,광주광역시,3.0,3.0,,,RESOLVED_AGREEMENT,False,3,,,,
a1df622510e8e2044a4c,val,자동차,T2 동의어,q_자동차_02,세차,생활서비스 중 '자동차'를 판매·제공하는 매장,71265d57-64bd-4f82-a4e9-0c3badc9f6a0,금강세차장,세차,두암2동광신맨션주변 골목형상점가,골목형상점가,광주광역시,3.0,3.0,,,RESOLVED_AGREEMENT,False,3,,,,
665c642e763a060714f3,val,자동차,T2 동의어,q_자동차_02,세차,생활서비스 중 '자동차'를 판매·제공하는 매장,04ddb261-818a-481f-b130-0f5401a7aaf8,주식회사 타이어메카 화정점,자동차 타이어 및 튜브,화정역상인회 골목형상점가,골목형상점가,광주광역시,2.0,3.0,,,P2_GRADED_ONLY,True,,,,,
928edcc44a582d144daa,val,자동차,T2 동의어,q_자동차_02,세차,생활서비스 중 '자동차'를 판매·제공하는 매장,95708f3d-0383-4811-b577-1d2a00ba01a0,맘아이천연카케어,세차,풍암금당상인회 골목형상점가,골목형상점가,광주광역시,3.0,3.0,,,RESOLVED_AGREEMENT,False,3,,,,
1dd5ac1f39c8b9d7dd5b,val,자동차,T2 동의어,q_자동차_02,세차,생활서비스 중 '자동차'를 판매·제공하는 매장,007fca6d-f508-4b12-a082-dd7537eedc47,대민카공업사,정비,사강시장,전통시장,경기도,2.0,3.0,,,P2_GRADED_ONLY,True,,,,,
879973d3b7f5d3367baf,val,자동차,T2 동의어,q_자동차_02,세차,생활서비스 중 '자동차'를 판매·제공하는 매장,4d903816-ccca-4b48-a042-0abb89365c37,용쓰카워시,세차,수완머그로 골목형상점가,골목형상점가,광주광역시,3.0,3.0,,,RESOLVED_AGREEMENT,False,3,,,,
add4aa4478fcfe1aca11,val,자동차,T2 동의어,q_자동차_02,세차,생활서비스 중 '자동차'를 판매·제공하는 매장,020368e8-f148-41e5-a918-1657220b912e,MS골드모터스,자동차정비,금메달 양산택지로 골목형상점가,골목형상점가,광주광역시,2.0,3.0,,,P2_GRADED_ONLY,True,,,,,
63d657952caae52f5d6f,val,자동차,T2 동의어,q_자동차_02,세차,생활서비스 중 '자동차'를 판매·제공하는 매장,505e6b48-e863-4115-9a96-050a82c8b8bc,김실짱 게러지,세차,유촌마을상인회 골목형상점가,골목형상점가,광주광역시,3.0,3.0,,,RESOLVED_AGREEMENT,False,3,,,,
0658148de2d255493506,val,자동차,T2 동의어,q_자동차_02,세차,생활서비스 중 '자동차'를 판매·제공하는 매장,fa160054-1989-4162-bab3-279d72107312,빅토리셀프손세차,세차,고도리 장터거리 상점가,골목형상점가,전라남도,3.0,3.0,,,RESOLVED_AGREEMENT,False,3,,,,
56c51e4b45876b680e45,val,자동차,T2 동의어,q_자동차_02,세차,생활서비스 중 '자동차'를 판매·제공하는 매장,4600fb42-509d-4ce5-bf70-5e0b7ffd55d0,세차벅스디테일링,세차 광택,효덕마을 골목형상점가,골목형상점가,광주광역시,3.0,3.0,,,RESOLVED_AGREEMENT,False,3,,,,
01b30ce6b734a693f75f,val,자동차,T2 동의어,q_자동차_02,세차,생활서비스 중 '자동차'를 판매·제공하는 매장,4bcd982e-ae27-4e9a-a615-1271abd0b205,다원세차장,세차,삼각지맛길 골목형상점가,골목형상점가,대구광역시,3.0,3.0,,,RESOLVED_AGREEMENT,False,3,,,,
350d050abd29b13fafbf,val,자동차,T2 동의어,q_자동차_02,세차,생활서비스 중 '자동차'를 판매·제공하는 매장,07631f84-e4b7-45f6-a4af-d96af7d9a2bc,맥카세차용품 24시본점,세차용품,창원 가음시장대상가,전통시장,경상남도,3.0,3.0,,,RESOLVED_AGREEMENT,False,3,,,,
f0e1ce2b8ed0279d7cd6,val,자동차,T2 동의어,q_자동차_02,세차,생활서비스 중 '자동차'를 판매·제공하는 매장,014c1872-bd85-4ebb-8eb6-aca626ce5a1e,빵빵썬팅,자동차썬팅,소촌금봉 골목형상점가,골목형상점가,광주광역시,2.0,3.0,,,P2_GRADED_ONLY,True,,,,,
651c7822aacaf732af4e,val,자동차,T2 동의어,q_자동차_02,세차,생활서비스 중 '자동차'를 판매·제공하는 매장,c7be1d80-fbcb-4ba1-93fe-6f85974e6313,해양카서비스,세차,마산어시장,전통시장,경상남도,3.0,3.0,,,RESOLVED_AGREEMENT,False,3,,,,
aed551111154518d8c67,val,자동차,T2 동의어,q_자동차_02,세차,생활서비스 중 '자동차'를 판매·제공하는 매장,052df515-4724-4c04-a825-6448d0af9bf4,미래주유소,유류 자동차 관련 물품 세차,봉주 골목형상점가,골목형상점가,광주광역시,3.0,3.0,,,RESOLVED_AGREEMENT,False,3,,,,
7daed5e92689504644ed,val,자동차,T2 동의어,q_자동차_02,세차,생활서비스 중 '자동차'를 판매·제공하는 매장,dee568bf-b574-4fd5-9f22-f8970c10cfe1,현대인삼건강원,소매업(인삼제품),금촌전통시장,전통시장,경기도,0.0,0.0,,,RESOLVED_AGREEMENT,False,0,,,,
670e029d82639db71cfe,val,자동차,T2 동의어,q_자동차_02,세차,생활서비스 중 '자동차'를 판매·제공하는 매장,ff8c14d4-4f16-42a9-a668-72ce1a35d638,아쿠아노E4IL가,세차,하남파출소,골목형상점가,광주광역시,3.0,3.0,,,RESOLVED_AGREEMENT,False,3,,,,
7e5b11b0b0ed52536489,val,자동차,T2 동의어,q_자동차_02,세차,생활서비스 중 '자동차'를 판매·제공하는 매장,5edc1fa6-0918-45bf-821b-5390a085237e,주식회사 광무개발,세차,하남3지구 골목형상점가,골목형상점가,광주광역시,3.0,3.0,,,RESOLVED_AGREEMENT,False,3,,,,
2ccb596a94276b6dc120,val,자동차,T2 동의어,q_자동차_02,세차,생활서비스 중 '자동차'를 판매·제공하는 매장,6c186601-b639-4033-8bcc-1daf23f79df8,초롱세차장,세차,북동 골목형상점가,골목형상점가,광주광역시,3.0,3.0,,,RESOLVED_AGREEMENT,False,3,,,,
ae20d8b6f0f9526e9189,val,자동차,T2 동의어,q_자동차_02,세차,생활서비스 중 '자동차'를 판매·제공하는 매장,8fce10dc-1f39-4859-8037-7562e42f4102,리턴라운지,세차,매곡에뜰 골목형상점가,골목형상점가,울산광역시,3.0,3.0,,,RESOLVED_AGREEMENT,False,3,,,,
e57dcf99f2a10f5bff9c,val,자동차,T2 동의어,q_자동차_02,세차,생활서비스 중 '자동차'를 판매·제공하는 매장,e7c7a80d-b582-4dbd-9e13-84f72007edd1,힐링세차장,세차,봉천달빛길골목형상점가,골목형상점가,서울특별시,3.0,3.0,,,RESOLVED_AGREEMENT,False,3,,,,
8eb14f17130b6d04ce99,val,자동차,T2 동의어,q_자동차_02,세차,생활서비스 중 '자동차'를 판매·제공하는 매장,9c0925f6-6a22-4a93-942b-536aee5b5cc4,앤더슨영어전문학원,영어학원,일곡동 골목형상점가,골목형상점가,광주광역시,0.0,0.0,,,RESOLVED_AGREEMENT,False,0,,,,
e44f83d830c0cdb03366,val,자동차,T2 동의어,q_자동차_02,세차,생활서비스 중 '자동차'를 판매·제공하는 매장,09d7ede7-cc32-4f4d-8ccd-523c76541676,고잔자동차정비,"서비스도소매(자동차정비,자동차타이어)",도리섬상점가,자율상권구역,경기도,2.0,3.0,,,P2_GRADED_ONLY,True,,,,,
53dd545458202be724c2,val,자동차,T2 동의어,q_자동차_02,세차,생활서비스 중 '자동차'를 판매·제공하는 매장,65a1fc7e-ef45-4f9a-bc70-124dc56d276a,하남카세차장,세차,신안동용봉초건너편 골목형상점가,골목형상점가,광주광역시,3.0,3.0,,,RESOLVED_AGREEMENT,False,3,,,,
536eed91844d0cffb584,val,자동차,T2 동의어,q_자동차_02,세차,생활서비스 중 '자동차'를 판매·제공하는 매장,0364862c-7f49-4568-ae2c-a574255a8396,달구지모터스,자동차전문정비,광주역 복개로 골목형상점가,골목형상점가,광주광역시,2.0,3.0,,,P2_GRADED_ONLY,True,,,,,
15df29e7ac946591279b,val,자동차,T2 동의어,q_자동차_02,세차,생활서비스 중 '자동차'를 판매·제공하는 매장,9b5992ca-f4e3-49f7-8e0e-32194d9509f6,국제세차장,세차,임방울거리3구역 골목형상점가,골목형상점가,광주광역시,3.0,3.0,,,RESOLVED_AGREEMENT,False,3,,,,
4e04842c6853bfd03e9c,val,자동차,T2 동의어,q_자동차_02,세차,생활서비스 중 '자동차'를 판매·제공하는 매장,0f12fce1-d345-48e4-99b5-5aa1c231660e,무등세차장,세차,남문로 어울림 골목 골목형상점가,골목형상점가,광주광역시,3.0,3.0,,,RESOLVED_AGREEMENT,False,3,,,,
0a487b39cf5fc94cf7f1,val,자동차,T2 동의어,q_자동차_02,세차,생활서비스 중 '자동차'를 판매·제공하는 매장,aafb7666-f605-4730-a47b-a871c8648781,친구세차장,세차,풍암SK.광명상가상인회 골목형상점가,골목형상점가,광주광역시,3.0,3.0,,,RESOLVED_AGREEMENT,False,3,,,,
ef62d11f05f2110354ab,val,자동차,T2 동의어,q_자동차_02,세차,생활서비스 중 '자동차'를 판매·제공하는 매장,11bfd16f-6357-4c74-b008-9800e6d0e33f,오복원조칼국수,칼국수,청주서문시장,전통시장,충청북도,0.0,0.0,,,RESOLVED_AGREEMENT,False,0,,,,
b70d43d263c62073bee9,val,자동차,T2 동의어,q_자동차_02,세차,생활서비스 중 '자동차'를 판매·제공하는 매장,221fcf30-e97f-4997-9db1-c8277af690ba,OK카케어,세차,두암지구입구 골목형상점가,골목형상점가,광주광역시,3.0,3.0,,,RESOLVED_AGREEMENT,False,3,,,,
c56f4d63d61743414bd0,val,자동차,T2 동의어,q_자동차_02,세차,생활서비스 중 '자동차'를 판매·제공하는 매장,8f824619-a870-4c38-a62f-026afc9e9bb2,옥천카세차장,세차,옥천영춘 골목형상점가,골목형상점가,전라남도,3.0,3.0,,,RESOLVED_AGREEMENT,False,3,,,,
136729936ff89ddd9061,val,자동차,T2 동의어,q_자동차_02,세차,생활서비스 중 '자동차'를 판매·제공하는 매장,036ce424-36f8-4ff7-8bf5-28922acb83c9,우성카프라자,경정비,고성동벚꽃 골목형상점가,골목형상점가,대구광역시,2.0,3.0,,,P2_GRADED_ONLY,True,,,,,
6a1dccb579999917fa25,val,자동차,T2 동의어,q_자동차_02,세차,생활서비스 중 '자동차'를 판매·제공하는 매장,021b75ff-e0ed-4fd4-b5e3-f41910253dd8,틴팅크루,자동차선팅,염주골상인회 골목형상점가,골목형상점가,광주광역시,2.0,3.0,,,P2_GRADED_ONLY,True,,,,,
d0256516457c24c98cd7,val,자동차,T2 동의어,q_자동차_02,세차,생활서비스 중 '자동차'를 판매·제공하는 매장,2daf961c-f9c3-4bde-8f19-2de5cf782ed6,거북산세차장,세차,각화금호A 주변 골목형상점가,골목형상점가,광주광역시,3.0,3.0,,,RESOLVED_AGREEMENT,False,3,,,,
c0271266b02ba5d3e817,val,자동차,T2 동의어,q_자동차_02,세차,생활서비스 중 '자동차'를 판매·제공하는 매장,03e53a2d-e76b-4a17-8a69-03a865ad073e,양산카서비스,타이어소매,양산호수공원 골목형상점가,골목형상점가,광주광역시,2.0,3.0,,,P2_GRADED_ONLY,True,,,,,
2552c781f32774b1e796,val,자동차,T2 동의어,q_자동차_02,세차,생활서비스 중 '자동차'를 판매·제공하는 매장,e890ff39-f74e-4c92-8071-12ef51a6d0c2,학동카케어,세차,학동증심사입구 골목형상점가,골목형상점가,광주광역시,3.0,3.0,,,RESOLVED_AGREEMENT,False,3,,,,
94b2d807abfac4ef8c8f,val,자동차,T2 동의어,q_자동차_02,세차,생활서비스 중 '자동차'를 판매·제공하는 매장,e2cb25af-f3b0-4cb9-a192-2f6c77ce238f,스시하나시,초밥,율곡동메타스퀘어 골목형상점가,골목형상점가,경상북도,0.0,0.0,,,RESOLVED_AGREEMENT,False,0,,,,
0e4df8ae1002a4834386,val,자동차,T2 동의어,q_자동차_02,세차,생활서비스 중 '자동차'를 판매·제공하는 매장,10ce646a-d612-4adc-97fb-908d07b77a6b,이정카세차장,세차,두암2동 도로변 골목형상점가,골목형상점가,광주광역시,3.0,3.0,,,RESOLVED_AGREEMENT,False,3,,,,
75b3b2665935b1a79ee5,val,자동차,T2 동의어,q_자동차_02,세차,생활서비스 중 '자동차'를 판매·제공하는 매장,f7c002d4-96ee-44f8-a8d6-da29a1618c9a,콩콩카워시,세차,하남진곡 골목형상점가,골목형상점가,광주광역시,3.0,3.0,,,RESOLVED_AGREEMENT,False,3,,,,
e403d6c9ea6d803affb9,val,자동차,T2 동의어,q_자동차_02,세차,생활서비스 중 '자동차'를 판매·제공하는 매장,03661ed3-6d9c-45da-af0e-801f3a602206,최신카클리닉광택,광택내부세차,북구빛나는 골목형상점가,골목형상점가,광주광역시,3.0,3.0,,,RESOLVED_AGREEMENT,False,3,,,,
28ae2209eb25805a7c06,val,자동차,T2 동의어,q_자동차_02,세차,생활서비스 중 '자동차'를 판매·제공하는 매장,ccf2dfae-5e16-42f3-bd37-95822f0e7630,신동아세차장,세차,법원 앞 사과마을 골목형상점가,골목형상점가,광주광역시,3.0,3.0,,,RESOLVED_AGREEMENT,False,3,,,,
f805a8737b8b80452b59,val,자동차,T2 동의어,q_자동차_02,세차,생활서비스 중 '자동차'를 판매·제공하는 매장,69923a0f-bafb-4a67-86ae-012a7dcc6109,동아세차장,세차,백운브릿지 골목형상점가,골목형상점가,광주광역시,3.0,3.0,,,RESOLVED_AGREEMENT,False,3,,,,
912f7bc53ae6c15ee309,val,자동차,T2 동의어,q_자동차_02,세차,생활서비스 중 '자동차'를 판매·제공하는 매장,a6eccd3e-ef53-4c9b-bc38-b893423213f2,태형정보,통신기기,비아로 골목형상점가,골목형상점가,광주광역시,0.0,0.0,,,RESOLVED_AGREEMENT,False,0,,,,
ce452e7027a6a061d9a2,val,자동차,T2 동의어,q_자동차_02,세차,생활서비스 중 '자동차'를 판매·제공하는 매장,97ec16dd-8163-43b5-bffc-39e730fa10e2,세차공간,세차,빛가람 상리단길 골목형상점가,골목형상점가,전라남도,3.0,3.0,,,RESOLVED_AGREEMENT,False,3,,,,
ea6f215c77cf63cf4cef,val,자동차,T2 동의어,q_자동차_02,세차,생활서비스 중 '자동차'를 판매·제공하는 매장,141c7b2c-5311-4eea-9338-acd66d49a393,2일카세장,세차,동진맨션 골목형상점가,골목형상점가,광주광역시,3.0,3.0,,,RESOLVED_AGREEMENT,False,3,,,,
5767357a44012de9a8d5,val,자동차,T2 동의어,q_자동차_02,세차,생활서비스 중 '자동차'를 판매·제공하는 매장,776b79fe-26d5-4436-bac6-f24e036c064a,강남세차장,세차,농성동벚꽃상인회 골목형상점가,골목형상점가,광주광역시,3.0,3.0,,,RESOLVED_AGREEMENT,False,3,,,,
89eabdc8bbb242d44c60,val,자동차,T2 동의어,q_자동차_02,세차,생활서비스 중 '자동차'를 판매·제공하는 매장,0c9f6f01-99ed-429d-9f5f-2435a675b9f9,(주)타이어박스,타이어,산수오거리 골목형상점가,골목형상점가,광주광역시,2.0,3.0,,,P2_GRADED_ONLY,True,,,,,
99581bf095d69c8640b1,val,자동차,T2 동의어,q_자동차_02,세차,생활서비스 중 '자동차'를 판매·제공하는 매장,0065917f-8506-4309-a8dd-bd4415481501,타이어 할인점 가좌점,타이어,남이동길골목형상점가,골목형상점가,서울특별시,2.0,3.0,,,P2_GRADED_ONLY,True,,,,,
36a04f130fb9855bb336,val,자동차,T2 동의어,q_자동차_02,세차,생활서비스 중 '자동차'를 판매·제공하는 매장,7920a366-0dff-4523-a879-4f1d75b665aa,3S스팀세차,세차,세종 반딧불 골목형상점가,골목형상점가,세종특별자치시,3.0,3.0,,,RESOLVED_AGREEMENT,False,3,,,,
48d0f9222fed110112cc,val,자동차,T2 동의어,q_자동차_02,세차,생활서비스 중 '자동차'를 판매·제공하는 매장,00408c66-8a7e-4f20-896f-490885b394c8,애니카랜드 양산점,자동차 정비,금메달 양산택지로 골목형상점가,골목형상점가,광주광역시,2.0,3.0,,,P2_GRADED_ONLY,True,,,,,
b9e21af8ff93b9a03753,val,자동차,T2 동의어,q_자동차_02,세차,생활서비스 중 '자동차'를 판매·제공하는 매장,0f81f0d0-9102-47e7-afdd-2110bb658089,프로 손 세차,세차,강진 서성도담길,골목형상점가,전라남도,3.0,3.0,,,RESOLVED_AGREEMENT,False,3,,,,
a5c27a458373420ddfbb,val,자동차,T2 동의어,q_자동차_02,세차,생활서비스 중 '자동차'를 판매·제공하는 매장,253c04a3-c966-4dce-ad78-65ce193db14e,비아트리스,세차,한듬레포츠,골목형상점가,광주광역시,3.0,3.0,,,RESOLVED_AGREEMENT,False,3,,,,
5c32f4df1b82470ce586,val,자동차,T2 동의어,q_자동차_02,세차,생활서비스 중 '자동차'를 판매·제공하는 매장,32e5437b-df15-46ba-b238-d3484817fc6d,새차처럼,세차,빛가람 상리단길 골목형상점가,골목형상점가,전라남도,3.0,3.0,,,RESOLVED_AGREEMENT,False,3,,,,
b7299d2d322c0095a5ce,val,자동차,T2 동의어,q_자동차_02,세차,생활서비스 중 '자동차'를 판매·제공하는 매장,3f44a5d3-762e-48e8-89ce-b246f9c4c324,동림운암손세차장,세차,동림4단지 골목형상점가,골목형상점가,광주광역시,3.0,3.0,,,RESOLVED_AGREEMENT,False,3,,,,
99470f2f7420a3c11259,val,자동차,T2 동의어,q_자동차_02,세차,생활서비스 중 '자동차'를 판매·제공하는 매장,73b0fce7-558c-45dd-bba9-3f0da617dbb3,미정손세차장,세차,군분로꽁양상인회 골목형상점가,골목형상점가,광주광역시,3.0,3.0,,,RESOLVED_AGREEMENT,False,3,,,,
38c49d538fc77bde6804,val,자동차,T2 동의어,q_자동차_02,세차,생활서비스 중 '자동차'를 판매·제공하는 매장,4dfc7127-3e30-4932-a73a-6e8db3633604,튜EFLEX,세차,왕버들 골목형상점가,골목형상점가,광주광역시,3.0,3.0,,,RESOLVED_AGREEMENT,False,3,,,,
0613504d233c73b35941,val,자동차,T2 동의어,q_자동차_02,세차,생활서비스 중 '자동차'를 판매·제공하는 매장,23e28490-8433-4421-8c4a-0f960c3ed50e,리베로 세차장,"세차, 광택",보정중심 골목형상점가,골목형상점가,경기도,3.0,3.0,,,RESOLVED_AGREEMENT,False,3,,,,
9484f05e30e72b2e233e,val,자동차,T2 동의어,q_자동차_03,정비,생활서비스 중 '자동차'를 판매·제공하는 매장,c67b8e51-c6de-4c01-928f-cac914ea8edc,현대카센타,자동차 정비,송정역카페거리골목형상점가,골목형상점가,서울특별시,3.0,3.0,,,RESOLVED_AGREEMENT,False,3,,,,
9e76e3998df65e36f34e,val,자동차,T2 동의어,q_자동차_03,정비,생활서비스 중 '자동차'를 판매·제공하는 매장,eb585db8-5e2e-4c6f-af9c-c4af666cee8d,정비나라,자동차정비,황동길 골목형상점가,골목형상점가,전라남도,3.0,3.0,,,RESOLVED_AGREEMENT,False,3,,,,
07c29f5efe7a5ca2918c,val,자동차,T2 동의어,q_자동차_03,정비,생활서비스 중 '자동차'를 판매·제공하는 매장,7e5de563-2275-4d83-bdd6-056a5d45d82e,카차카,자동차 정비,박물관거리 골목형상점가,골목형상점가,전라남도,3.0,3.0,,,RESOLVED_AGREEMENT,False,3,,,,
77b2f3e0437502f08dae,val,자동차,T2 동의어,q_자동차_03,정비,생활서비스 중 '자동차'를 판매·제공하는 매장,239c4e12-560b-4788-b827-ea717b9787a5,정진카종합정비,정비,동천동벚꽃길상인회 골목형상점가,골목형상점가,광주광역시,3.0,3.0,,,RESOLVED_AGREEMENT,False,3,,,,
c7a8aefe16bc18a07df2,val,자동차,T2 동의어,q_자동차_03,정비,생활서비스 중 '자동차'를 판매·제공하는 매장,3059ca0d-69d3-4b03-b038-5d1c9bb9b134,(주)우리공업사,자동차 정비,백년소상공인,,전라남도,3.0,3.0,,,RESOLVED_AGREEMENT,False,3,,,,
af3f8106ec4fe5924467,val,자동차,T2 동의어,q_자동차_03,정비,생활서비스 중 '자동차'를 판매·제공하는 매장,eaf62962-522a-42bc-9deb-93741f4f8f3d,부성카센타,자동차 정비,문흥금호아파트 골목형상점가,골목형상점가,광주광역시,3.0,3.0,,,RESOLVED_AGREEMENT,False,3,,,,
24a717dac109a3919812,val,자동차,T2 동의어,q_자동차_03,정비,생활서비스 중 '자동차'를 판매·제공하는 매장,04ddb261-818a-481f-b130-0f5401a7aaf8,주식회사 타이어메카 화정점,자동차 타이어 및 튜브,화정역상인회 골목형상점가,골목형상점가,광주광역시,2.0,3.0,,,P2_GRADED_ONLY,True,,,,,
774f570f3e9f019d8efc,val,자동차,T2 동의어,q_자동차_03,정비,생활서비스 중 '자동차'를 판매·제공하는 매장,07799824-52aa-47ff-a0da-898f8edeaca8,상무카 세차장,세차,치평동1002상인회 골목형상점가,골목형상점가,광주광역시,2.0,3.0,,,P2_GRADED_ONLY,True,,,,,
fc31772847b6e7a7d7ae,val,자동차,T2 동의어,q_자동차_03,정비,생활서비스 중 '자동차'를 판매·제공하는 매장,f95211a7-6690-4406-b1d3-bfd976880b6e,상아모터스,자동차 정비,동림1 골목형상점가,골목형상점가,광주광역시,3.0,3.0,,,RESOLVED_AGREEMENT,False,3,,,,
c17d69b0c87059fa3897,val,자동차,T2 동의어,q_자동차_03,정비,생활서비스 중 '자동차'를 판매·제공하는 매장,c95a0282-84aa-4efc-aec5-3a78ba149088,드리븐 오토모티브,자동차 정비,용봉IC 골목형상점가,골목형상점가,광주광역시,3.0,3.0,,,RESOLVED_AGREEMENT,False,3,,,,
10a377c6365f190c8b46,val,자동차,T2 동의어,q_자동차_03,정비,생활서비스 중 '자동차'를 판매·제공하는 매장,e88a78a5-d45c-4814-8447-6a71f036951b,베스트약국,약품,둔촌스포츠거리 골목형상점가,골목형상점가,서울특별시,0.0,0.0,,,RESOLVED_AGREEMENT,False,0,,,,
6be05a20c590ced788db,val,자동차,T2 동의어,q_자동차_03,정비,생활서비스 중 '자동차'를 판매·제공하는 매장,c9634bb0-5827-4d7f-884d-e9b218a8da4d,H모터스 본점,자동차 정비,유촌마을상인회 골목형상점가,골목형상점가,광주광역시,3.0,3.0,,,RESOLVED_AGREEMENT,False,3,,,,
6f4a4695bacbb7f08762,val,자동차,T2 동의어,q_자동차_03,정비,생활서비스 중 '자동차'를 판매·제공하는 매장,553ff00b-c11d-4543-8d26-57ddbb7bbae9,블루핸즈월산남부점,정비,무진중오거리 골목형상점가,골목형상점가,광주광역시,3.0,3.0,,,RESOLVED_AGREEMENT,False,3,,,,
4672aaef901e210dc272,val,자동차,T2 동의어,q_자동차_03,정비,생활서비스 중 '자동차'를 판매·제공하는 매장,2183dbad-0f08-4ca9-9c6c-7ade452d72b8,대운모터스,자동차 정비,하남 골목형상점가,골목형상점가,광주광역시,3.0,3.0,,,RESOLVED_AGREEMENT,False,3,,,,
1a530723669a92f433d9,val,자동차,T2 동의어,q_자동차_03,정비,생활서비스 중 '자동차'를 판매·제공하는 매장,9c5b21ef-455b-4c9f-a104-e5c26847240c,새천년카클리닉,자동차 정비,백년소상공인,기타,대전광역시,3.0,3.0,,,RESOLVED_AGREEMENT,False,3,,,,
9a1a16fc6dcfe3e61da6,val,자동차,T2 동의어,q_자동차_03,정비,생활서비스 중 '자동차'를 판매·제공하는 매장,402a217a-287e-4075-b00f-d28302483e3e,코리아카센타,자동차 정비,임방울거리3구역 골목형상점가,골목형상점가,광주광역시,3.0,3.0,,,RESOLVED_AGREEMENT,False,3,,,,
5ea00f9fa2d36c4c3d38,val,자동차,T2 동의어,q_자동차_03,정비,생활서비스 중 '자동차'를 판매·제공하는 매장,57b8f061-1dd7-495a-b810-f28df500518e,시장카쎈타,정비,충주농산물종합시장(구 중앙청과시장),전통시장,충청북도,3.0,3.0,,,RESOLVED_AGREEMENT,False,3,,,,
0c97c7c5329880e16d61,val,자동차,T2 동의어,q_자동차_03,정비,생활서비스 중 '자동차'를 판매·제공하는 매장,0d502839-dc63-4f51-99a2-d0497f0e3b28,오일카서비스,정비,각화2지구 골목형상점가,골목형상점가,광주광역시,3.0,3.0,,,RESOLVED_AGREEMENT,False,3,,,,
7daa04bbae18fb75fb93,val,자동차,T2 동의어,q_자동차_03,정비,생활서비스 중 '자동차'를 판매·제공하는 매장,3cc0bbeb-7a04-4619-bf62-b8e69a76a1c1,현대카서비스,정비,운천상무시장 골목형상점가,골목형상점가,광주광역시,3.0,3.0,,,RESOLVED_AGREEMENT,False,3,,,,
84cfb2af584ddf41aa45,val,자동차,T2 동의어,q_자동차_03,정비,생활서비스 중 '자동차'를 판매·제공하는 매장,803c05a3-aa08-43da-a196-404873fe888c,금강자동차공업사,자동차 정비,봉주 골목형상점가,골목형상점가,광주광역시,3.0,3.0,,,RESOLVED_AGREEMENT,False,3,,,,
4a1f096f1307c569d4e2,val,자동차,T2 동의어,q_자동차_03,정비,생활서비스 중 '자동차'를 판매·제공하는 매장,953d0e18-5fb6-4211-80f8-77cd5a67ca22,공항자동차공업사,정비,상무누리로상인회 골목형상점가,골목형상점가,광주광역시,3.0,3.0,,,RESOLVED_AGREEMENT,False,3,,,,
38bf26e594ee0ad6bfed,val,자동차,T2 동의어,q_자동차_03,정비,생활서비스 중 '자동차'를 판매·제공하는 매장,64e07dad-5ed0-4028-8413-4070b576ad67,세일카센타,자동차 부분 정비,마륵동상인회 골목형상점가,골목형상점가,광주광역시,3.0,3.0,,,RESOLVED_AGREEMENT,False,3,,,,
d056ae67e948b88fee46,val,자동차,T2 동의어,q_자동차_03,정비,생활서비스 중 '자동차'를 판매·제공하는 매장,60daa990-7e60-41ae-9772-154ac522346c,우빈모터스,자동차 정비,도군머리 골목형상점가,골목형상점가,광주광역시,3.0,3.0,,,RESOLVED_AGREEMENT,False,3,,,,
ba0c03ba58e38dfb1a9c,val,자동차,T2 동의어,q_자동차_03,정비,생활서비스 중 '자동차'를 판매·제공하는 매장,052df515-4724-4c04-a825-6448d0af9bf4,미래주유소,유류 자동차 관련 물품 세차,봉주 골목형상점가,골목형상점가,광주광역시,2.0,3.0,,,P2_GRADED_ONLY,True,,,,,
fa31ee360d6ad4c9bdff,val,자동차,T2 동의어,q_자동차_03,정비,생활서비스 중 '자동차'를 판매·제공하는 매장,68b06b81-0e3f-4da4-9d98-e34bb2c51ca4,화정카 마스타,자동차 정비,상공회의소누리상인회 골목형상점가,골목형상점가,광주광역시,3.0,3.0,,,RESOLVED_AGREEMENT,False,3,,,,
3c841cb17a92b21214d4,val,자동차,T2 동의어,q_자동차_03,정비,생활서비스 중 '자동차'를 판매·제공하는 매장,8d2ffb14-b858-498d-846d-4ef317df31ea,리앤필미용실,미용,조암시장,전통시장,경기도,0.0,0.0,,,RESOLVED_AGREEMENT,False,0,,,,
c158a30a59c20ef0781d,val,자동차,T2 동의어,q_자동차_03,정비,생활서비스 중 '자동차'를 판매·제공하는 매장,0364862c-7f49-4568-ae2c-a574255a8396,달구지모터스,자동차전문정비,광주역 복개로 골목형상점가,골목형상점가,광주광역시,3.0,3.0,,,RESOLVED_AGREEMENT,False,3,,,,
d1e6132f5f5ae844b82b,val,자동차,T2 동의어,q_자동차_03,정비,생활서비스 중 '자동차'를 판매·제공하는 매장,0c9f6f01-99ed-429d-9f5f-2435a675b9f9,(주)타이어박스,타이어,산수오거리 골목형상점가,골목형상점가,광주광역시,2.0,3.0,,,P2_GRADED_ONLY,True,,,,,
3f3c5f14dddca23a154a,val,자동차,T2 동의어,q_자동차_03,정비,생활서비스 중 '자동차'를 판매·제공하는 매장,3608f8a5-a23e-4e3d-be6c-144ea6187e61,진미식품,반찬가게,포항죽도시장,전통시장,경상북도,0.0,0.0,,,RESOLVED_AGREEMENT,False,0,,,,
a6794e843efc880620a6,val,자동차,T2 동의어,q_자동차_03,정비,생활서비스 중 '자동차'를 판매·제공하는 매장,07631f84-e4b7-45f6-a4af-d96af7d9a2bc,맥카세차용품 24시본점,세차용품,창원 가음시장대상가,전통시장,경상남도,2.0,3.0,,,P2_GRADED_ONLY,True,,,,,
8002d8d7c876f261a161,val,자동차,T2 동의어,q_자동차_03,정비,생활서비스 중 '자동차'를 판매·제공하는 매장,09d7ede7-cc32-4f4d-8ccd-523c76541676,고잔자동차정비,"서비스도소매(자동차정비,자동차타이어)",도리섬상점가,자율상권구역,경기도,3.0,3.0,,,RESOLVED_AGREEMENT,False,3,,,,
6ecc3eaa3fc13cbb104d,val,자동차,T2 동의어,q_자동차_03,정비,생활서비스 중 '자동차'를 판매·제공하는 매장,ba71d9de-4c54-4f7b-bb27-024920c25841,대가,한식,청주서문시장,전통시장,충청북도,0.0,0.0,,,RESOLVED_AGREEMENT,False,0,,,,
70a520f4f0389830f8bd,val,자동차,T2 동의어,q_자동차_03,정비,생활서비스 중 '자동차'를 판매·제공하는 매장,912d3299-1222-4d89-a75b-f71b7de05ec3,사당면옥,한식,남성사계시장,전통시장,서울특별시,0.0,0.0,,,RESOLVED_AGREEMENT,False,0,,,,
add3b7386598e3dbe986,val,자동차,T2 동의어,q_자동차_03,정비,생활서비스 중 '자동차'를 판매·제공하는 매장,4d25e85f-e95b-45a6-9fa6-a47742892463,카포스으뜸카센타,정비,신안동용봉초 골목형상점가,골목형상점가,광주광역시,3.0,3.0,,,RESOLVED_AGREEMENT,False,3,,,,
5f774922e1f309af291d,val,자동차,T2 동의어,q_자동차_03,정비,생활서비스 중 '자동차'를 판매·제공하는 매장,d2db722e-9e69-4207-8ce0-3bcb8b6958a9,치평현대모터스,자동차 정비,상무평화상인회 골목형상점가,골목형상점가,광주광역시,3.0,3.0,,,RESOLVED_AGREEMENT,False,3,,,,
2de3751689b012965e7b,val,자동차,T2 동의어,q_자동차_03,정비,생활서비스 중 '자동차'를 판매·제공하는 매장,036ce424-36f8-4ff7-8bf5-28922acb83c9,우성카프라자,경정비,고성동벚꽃 골목형상점가,골목형상점가,대구광역시,3.0,3.0,,,RESOLVED_AGREEMENT,False,3,,,,
b37f77f3379dc5f430af,val,자동차,T2 동의어,q_자동차_03,정비,생활서비스 중 '자동차'를 판매·제공하는 매장,021b75ff-e0ed-4fd4-b5e3-f41910253dd8,틴팅크루,자동차선팅,염주골상인회 골목형상점가,골목형상점가,광주광역시,2.0,3.0,,,P2_GRADED_ONLY,True,,,,,
9cb5a2214f807c94cd1f,val,자동차,T2 동의어,q_자동차_03,정비,생활서비스 중 '자동차'를 판매·제공하는 매장,00408c66-8a7e-4f20-896f-490885b394c8,애니카랜드 양산점,자동차 정비,금메달 양산택지로 골목형상점가,골목형상점가,광주광역시,3.0,3.0,,,RESOLVED_AGREEMENT,False,3,,,,
428443b5d1060635c282,val,자동차,T2 동의어,q_자동차_03,정비,생활서비스 중 '자동차'를 판매·제공하는 매장,65e897e9-03bd-4670-b8db-928cdb9148f3,진솔종합기계,정비 소매업,공구의거리,자율상권구역,광주광역시,3.0,3.0,,,RESOLVED_AGREEMENT,False,3,,,,
bfe407b57c56bee0f82a,val,자동차,T2 동의어,q_자동차_03,정비,생활서비스 중 '자동차'를 판매·제공하는 매장,658628da-2e34-4627-b0ed-9552707eebed,동명자동차 정비타운,자동차정비,임방울거리3구역 골목형상점가,골목형상점가,광주광역시,3.0,3.0,,,RESOLVED_AGREEMENT,False,3,,,,
e8707d3393807f73998e,val,자동차,T2 동의어,q_자동차_03,정비,생활서비스 중 '자동차'를 판매·제공하는 매장,03661ed3-6d9c-45da-af0e-801f3a602206,최신카클리닉광택,광택내부세차,북구빛나는 골목형상점가,골목형상점가,광주광역시,2.0,3.0,,,P2_GRADED_ONLY,True,,,,,
86add860c1ff774f7992,val,자동차,T2 동의어,q_자동차_03,정비,생활서비스 중 '자동차'를 판매·제공하는 매장,862d5105-d76c-42f8-bf24-4bedd6bad67f,아우토랩,자동차 정비,연제동 골목형상점가,골목형상점가,광주광역시,3.0,3.0,,,RESOLVED_AGREEMENT,False,3,,,,
4dc0346aad0c6137e51a,val,자동차,T2 동의어,q_자동차_03,정비,생활서비스 중 '자동차'를 판매·제공하는 매장,020368e8-f148-41e5-a918-1657220b912e,MS골드모터스,자동차정비,금메달 양산택지로 골목형상점가,골목형상점가,광주광역시,3.0,3.0,,,RESOLVED_AGREEMENT,False,3,,,,
2359bb98292c9dbeb4af,val,자동차,T2 동의어,q_자동차_03,정비,생활서비스 중 '자동차'를 판매·제공하는 매장,73c6920b-3f30-4a56-9d25-e1085319ecf1,어울림 자동차정비,정비,운리공원상인회 골목형상점가,골목형상점가,광주광역시,3.0,3.0,,,RESOLVED_AGREEMENT,False,3,,,,
10b3371abcbd46024e43,val,자동차,T2 동의어,q_자동차_03,정비,생활서비스 중 '자동차'를 판매·제공하는 매장,3a3ebd0a-a552-4bc1-8368-be7e7b9123a1,세차의이유,자동차세차 정비,빛가람 하나로 골목형상점가,골목형상점가,전라남도,3.0,3.0,,,RESOLVED_AGREEMENT,False,3,,,,
62d63af2a458537465d7,val,자동차,T2 동의어,q_자동차_03,정비,생활서비스 중 '자동차'를 판매·제공하는 매장,03e53a2d-e76b-4a17-8a69-03a865ad073e,양산카서비스,타이어소매,양산호수공원 골목형상점가,골목형상점가,광주광역시,2.0,3.0,,,P2_GRADED_ONLY,True,,,,,
3f2547277dfe796e2dc2,val,자동차,T2 동의어,q_자동차_03,정비,생활서비스 중 '자동차'를 판매·제공하는 매장,64bf6787-bd1d-429e-8814-ce44629d24a4,광진카센타,자동차 타이어 정비 등,세은 골목형상점가,골목형상점가,광주광역시,3.0,3.0,,,RESOLVED_AGREEMENT,False,3,,,,
4d809a4bacb8ccc417e6,val,자동차,T2 동의어,q_자동차_03,정비,생활서비스 중 '자동차'를 판매·제공하는 매장,007fca6d-f508-4b12-a082-dd7537eedc47,대민카공업사,정비,사강시장,전통시장,경기도,3.0,3.0,,,RESOLVED_AGREEMENT,False,3,,,,
80b47c28d3995b73c952,val,자동차,T2 동의어,q_자동차_03,정비,생활서비스 중 '자동차'를 판매·제공하는 매장,8433716f-ca06-4f8d-8980-4609a36f309b,미래카센타,자동차 정비,오케이 양산동 골목형상점가,골목형상점가,광주광역시,3.0,3.0,,,RESOLVED_AGREEMENT,False,3,,,,
c8ccdd768f9d973c4945,val,자동차,T2 동의어,q_자동차_03,정비,생활서비스 중 '자동차'를 판매·제공하는 매장,fb2bbcb5-02fe-41bd-86c5-3de2c6ed368e,청정카 경정비,자동차 정비,매곡 가인 골목형상점가,골목형상점가,광주광역시,3.0,3.0,,,RESOLVED_AGREEMENT,False,3,,,,
3601392dd3c5616830b3,val,자동차,T2 동의어,q_자동차_03,정비,생활서비스 중 '자동차'를 판매·제공하는 매장,5e1768a2-6131-4712-a88f-67df27f81bbd,차세대카서비스,자동차 정비,88글러브 골목형상점가,골목형상점가,대전광역시,3.0,3.0,,,RESOLVED_AGREEMENT,False,3,,,,
13db6cdb8930be099432,val,자동차,T2 동의어,q_자동차_03,정비,생활서비스 중 '자동차'를 판매·제공하는 매장,ab3f102f-ae56-49c5-aa12-d4ca3c035112,배가네동태탕찜전문상무점,탕,치평상무역상인회 골목형상점가,골목형상점가,광주광역시,0.0,0.0,,,RESOLVED_AGREEMENT,False,0,,,,
dc93ee5f61684430b49e,val,자동차,T2 동의어,q_자동차_03,정비,생활서비스 중 '자동차'를 판매·제공하는 매장,75d9c2ee-2685-48c2-9df3-1f797c871b58,보떼 경주역점,화장품,경주성동공설시장,전통시장,경상북도,0.0,0.0,,,RESOLVED_AGREEMENT,False,0,,,,
22410a6eb4d5e6c0ada4,val,자동차,T2 동의어,q_자동차_03,정비,생활서비스 중 '자동차'를 판매·제공하는 매장,0405bac2-8f07-4ea9-a931-e8f992375b61,에스에스개러지,세차,선운별 골목형상점가,골목형상점가,광주광역시,2.0,3.0,,,P2_GRADED_ONLY,True,,,,,
dd93ef239ac2addc8a43,val,자동차,T2 동의어,q_자동차_03,정비,생활서비스 중 '자동차'를 판매·제공하는 매장,c5e49c97-88c2-4743-8355-419911b6e288,오토마스타,자동차 정비,동오마을골목형상점가,골목형상점가,경기도,3.0,3.0,,,RESOLVED_AGREEMENT,False,3,,,,
1fcf3f92b867a55014b8,val,자동차,T2 동의어,q_자동차_03,정비,생활서비스 중 '자동차'를 판매·제공하는 매장,85de1aa7-fdd2-4e61-831b-8e45fa195e42,W모터스,자동차 정비,초록거리 골목형상점가,골목형상점가,경기도,3.0,3.0,,,RESOLVED_AGREEMENT,False,3,,,,
38fc80cff14801158cf2,val,자동차,T2 동의어,q_자동차_03,정비,생활서비스 중 '자동차'를 판매·제공하는 매장,c5ef19f8-d0e0-4031-b447-af1c9726787d,이정카센타,자동차 정비,두암2동 도로변 골목형상점가,골목형상점가,광주광역시,3.0,3.0,,,RESOLVED_AGREEMENT,False,3,,,,
d090b0235b443c2ceddd,val,자동차,T2 동의어,q_자동차_03,정비,생활서비스 중 '자동차'를 판매·제공하는 매장,0065917f-8506-4309-a8dd-bd4415481501,타이어 할인점 가좌점,타이어,남이동길골목형상점가,골목형상점가,서울특별시,2.0,3.0,,,P2_GRADED_ONLY,True,,,,,
416b6290e4922982e7f6,val,자동차,T2 동의어,q_자동차_03,정비,생활서비스 중 '자동차'를 판매·제공하는 매장,96f7b97f-0a0f-42ab-91eb-839caacce31a,베스트자동자정비공업사,정비,유촌마을상인회 골목형상점가,골목형상점가,광주광역시,3.0,3.0,,,RESOLVED_AGREEMENT,False,3,,,,
5d261192fc5d2c916bd5,val,자동차,T2 동의어,q_자동차_03,정비,생활서비스 중 '자동차'를 판매·제공하는 매장,3a8a3236-bedd-4190-b61a-ead5d2792dd4,성민카센터,정비,청천시장(구 청천전통시장),전통시장,충청북도,3.0,3.0,,,RESOLVED_AGREEMENT,False,3,,,,
7c720bfa80912cf90458,val,자동차,T2 동의어,q_자동차_03,정비,생활서비스 중 '자동차'를 판매·제공하는 매장,aaa08e28-782d-4325-b216-44a9a4237c77,현대CT카센타,자동차 정비,우림맛솜씨길골목형상점가,골목형상점가,서울특별시,3.0,3.0,,,RESOLVED_AGREEMENT,False,3,,,,
1eb0b0b0f4ef89490d3b,val,자동차,T2 동의어,q_자동차_03,정비,생활서비스 중 '자동차'를 판매·제공하는 매장,a81bf853-a285-4b43-b442-dc85c6fbf954,모터아르,정비,흑석동 골목형상점가,골목형상점가,광주광역시,3.0,3.0,,,RESOLVED_AGREEMENT,False,3,,,,
dbdc4f3873d761b0c9ed,val,자동차,T2 동의어,q_자동차_03,정비,생활서비스 중 '자동차'를 판매·제공하는 매장,12834280-0297-467d-a29f-d77820166eb4,하이카,자동차 정비 전문점,풍암금당상인회 골목형상점가,골목형상점가,광주광역시,3.0,3.0,,,RESOLVED_AGREEMENT,False,3,,,,
97eb514620d23f4a03df,val,자동차,T2 동의어,q_자동차_03,정비,생활서비스 중 '자동차'를 판매·제공하는 매장,fbe99f07-1dd0-4a5a-bdca-a9f30067c2ba,지성 카센터,자동차 정비,포항 대이상가 골목형상점가,골목형상점가,경상북도,3.0,3.0,,,RESOLVED_AGREEMENT,False,3,,,,
58ac5c21ded96c98c11d,val,자동차,T2 동의어,q_자동차_03,정비,생활서비스 중 '자동차'를 판매·제공하는 매장,a1da5794-33e1-493f-94db-17db3b51940f,따뜻한카센터,정비,서구유통단지상인회 골목형상점가,골목형상점가,광주광역시,3.0,3.0,,,RESOLVED_AGREEMENT,False,3,,,,
1667f97db238086ca90f,val,자동차,T2 동의어,q_자동차_03,정비,생활서비스 중 '자동차'를 판매·제공하는 매장,9ed490df-815f-4aea-990a-5582ea949d22,슬기로운 정비생활,모터사이클 정비,법원 앞 사과마을 골목형상점가,골목형상점가,광주광역시,3.0,3.0,,,RESOLVED_AGREEMENT,False,3,,,,
017c5978c4bc45ac875d,val,자동차,T2 동의어,q_자동차_03,정비,생활서비스 중 '자동차'를 판매·제공하는 매장,014c1872-bd85-4ebb-8eb6-aca626ce5a1e,빵빵썬팅,자동차썬팅,소촌금봉 골목형상점가,골목형상점가,광주광역시,2.0,3.0,,,P2_GRADED_ONLY,True,,,,,
28166dde0c138f906c9e,val,자동차,T2 동의어,q_자동차_03,정비,생활서비스 중 '자동차'를 판매·제공하는 매장,b3d1f5c5-bbb0-467e-af47-a8dc016b12f1,지노카정비,타이어 자동차 용품 자동차 정비,공구의거리,자율상권구역,광주광역시,3.0,3.0,,,RESOLVED_AGREEMENT,False,3,,,,
60d0406485f1b51136c3,val,자동차,T2 동의어,q_자동차_03,정비,생활서비스 중 '자동차'를 판매·제공하는 매장,ea6a1155-874d-4012-ad07-c475f86084ff,고려조삼계탕,한식,예술의거리 골목형상점가,골목형상점가,광주광역시,0.0,0.0,,,RESOLVED_AGREEMENT,False,0,,,,
f9dd961e6f86d89e903e,val,자동차,T2 동의어,q_자동차_03,정비,생활서비스 중 '자동차'를 판매·제공하는 매장,0106f4d5-7dea-41f3-a7f4-dc5d1e5dc184,대한카클리닉,자동차용품,포항 해도새록새로 골목형상점가,골목형상점가,경상북도,2.0,3.0,,,P2_GRADED_ONLY,True,,,,,
259ca4a20bbab35f9647,val,자동차,T2 동의어,q_자동차_03,정비,생활서비스 중 '자동차'를 판매·제공하는 매장,b86dd5a6-d3a8-4092-8761-5c234696bf7c,승리카인테리어,자동차'정비,신안 삼대마을 골목형상점가,골목형상점가,광주광역시,3.0,3.0,,,RESOLVED_AGREEMENT,False,3,,,,
e893de6cd83b6ce6a977,val,자동차,T2 동의어,q_자동차_04,타이어,생활서비스 중 '자동차'를 판매·제공하는 매장,1ca10a26-08c1-4195-8213-47b70536b022,킹콩타이어,타이어,오치1동(제2지역:북부소방서 사거리) 골목형상점가,골목형상점가,광주광역시,3.0,3.0,,,RESOLVED_AGREEMENT,False,3,,,,
9dce734f4b0a20aab1d5,val,자동차,T2 동의어,q_자동차_04,타이어,생활서비스 중 '자동차'를 판매·제공하는 매장,22101922-105e-4796-90fb-65458d8f255a,타이어테크 쌍촌점,타이어,쌍촌역상인회 골목형상점가,골목형상점가,광주광역시,3.0,3.0,,,RESOLVED_AGREEMENT,False,3,,,,
4f931f059655b0af31aa,val,자동차,T2 동의어,q_자동차_04,타이어,생활서비스 중 '자동차'를 판매·제공하는 매장,014c1872-bd85-4ebb-8eb6-aca626ce5a1e,빵빵썬팅,자동차썬팅,소촌금봉 골목형상점가,골목형상점가,광주광역시,2.0,3.0,,,P2_GRADED_ONLY,True,,,,,
1a23c419a7cb3e19ce3b,val,자동차,T2 동의어,q_자동차_04,타이어,생활서비스 중 '자동차'를 판매·제공하는 매장,c33d6a0d-ee03-4bf7-837b-02411038de46,주식회사 메가타이어,타이어,양지마을 골목형상점가,골목형상점가,광주광역시,3.0,3.0,,,RESOLVED_AGREEMENT,False,3,,,,
146d6f65e30d09620aee,val,자동차,T2 동의어,q_자동차_04,타이어,생활서비스 중 '자동차'를 판매·제공하는 매장,fe944198-86b2-47d0-b25f-00746866ff4b,타이어세븐,타이어,상무누리로상인회 골목형상점가,골목형상점가,광주광역시,3.0,3.0,,,RESOLVED_AGREEMENT,False,3,,,,
c3988b60a4e6d47ff063,val,자동차,T2 동의어,q_자동차_04,타이어,생활서비스 중 '자동차'를 판매·제공하는 매장,0405bac2-8f07-4ea9-a931-e8f992375b61,에스에스개러지,세차,선운별 골목형상점가,골목형상점가,광주광역시,2.0,3.0,,,P2_GRADED_ONLY,True,,,,,
7b1b83ea296050665d1a,val,자동차,T2 동의어,q_자동차_04,타이어,생활서비스 중 '자동차'를 판매·제공하는 매장,9a85189f-6c9e-4ca6-911c-7421a3f79b64,땡큐타이어,자동차 타이어 판매,중흥동광주역 골목형상점가,골목형상점가,광주광역시,3.0,3.0,,,RESOLVED_AGREEMENT,False,3,,,,
c3d9e24bc7697704c6c0,val,자동차,T2 동의어,q_자동차_04,타이어,생활서비스 중 '자동차'를 판매·제공하는 매장,ae9cfde0-3046-4e6b-90ae-129241fda42b,타이어 테크 광주본점,신품 타이어,운암 야구 골목형상점가,골목형상점가,광주광역시,3.0,3.0,,,RESOLVED_AGREEMENT,False,3,,,,
80333459018a50c16829,val,자동차,T2 동의어,q_자동차_04,타이어,생활서비스 중 '자동차'를 판매·제공하는 매장,4b31c991-cedc-41a0-ac74-3b11c6532811,타이어프라자용봉점,타이어,용봉신안다리 골목형상점가,골목형상점가,광주광역시,3.0,3.0,,,RESOLVED_AGREEMENT,False,3,,,,
9a289aa72f316934f73a,val,자동차,T2 동의어,q_자동차_04,타이어,생활서비스 중 '자동차'를 판매·제공하는 매장,04ddb261-818a-481f-b130-0f5401a7aaf8,주식회사 타이어메카 화정점,자동차 타이어 및 튜브,화정역상인회 골목형상점가,골목형상점가,광주광역시,3.0,3.0,,,RESOLVED_AGREEMENT,False,3,,,,
90023910975c9740cf69,val,자동차,T2 동의어,q_자동차_04,타이어,생활서비스 중 '자동차'를 판매·제공하는 매장,eb54d3e2-0876-4d75-8fe8-a77e4778ed3d,타이어나라 봉선점,타이어,봉선1로 골목형상점가,골목형상점가,광주광역시,3.0,3.0,,,RESOLVED_AGREEMENT,False,3,,,,
12db1b01f4687092ccdf,val,자동차,T2 동의어,q_자동차_04,타이어,생활서비스 중 '자동차'를 판매·제공하는 매장,82230eb3-1ec1-4513-a485-27d571cb9cae,타이어테크 운남점,타이어,운남골목 골목형상점가,골목형상점가,광주광역시,3.0,3.0,,,RESOLVED_AGREEMENT,False,3,,,,
cb756fa4cb7fff1116c4,val,자동차,T2 동의어,q_자동차_04,타이어,생활서비스 중 '자동차'를 판매·제공하는 매장,8f57d1a2-a5b2-4421-84b4-c9f78ebc3818,타이어365송청점,타이어,소촌중앙 골목형상점가,골목형상점가,광주광역시,3.0,3.0,,,RESOLVED_AGREEMENT,False,3,,,,
883ced6c810cb55c121d,val,자동차,T2 동의어,q_자동차_04,타이어,생활서비스 중 '자동차'를 판매·제공하는 매장,0106f4d5-7dea-41f3-a7f4-dc5d1e5dc184,대한카클리닉,자동차용품,포항 해도새록새로 골목형상점가,골목형상점가,경상북도,2.0,3.0,,,P2_GRADED_ONLY,True,,,,,
72a3927957831124468e,val,자동차,T2 동의어,q_자동차_04,타이어,생활서비스 중 '자동차'를 판매·제공하는 매장,91b5b78d-fd15-44e1-b6e6-ab2d326e6c9c,동일타이어,타이어,충무자동차거리 상점가,자율상권구역,대전광역시,3.0,3.0,,,RESOLVED_AGREEMENT,False,3,,,,
94e58f0681a806092d57,val,자동차,T2 동의어,q_자동차_04,타이어,생활서비스 중 '자동차'를 판매·제공하는 매장,34177e78-1d3f-4326-bf10-4e06ffc69ff8,타이어백화점,타이어,서문대로 골목형상점가,골목형상점가,광주광역시,3.0,3.0,,,RESOLVED_AGREEMENT,False,3,,,,
feee30a81c910b596ba6,val,자동차,T2 동의어,q_자동차_04,타이어,생활서비스 중 '자동차'를 판매·제공하는 매장,f1978cec-01a8-40aa-8d52-a4e7d2e411f5,타이어 M,타이어 자동차 정비,오치서산초 골목형상점가,골목형상점가,광주광역시,3.0,3.0,,,RESOLVED_AGREEMENT,False,3,,,,
def130e014cd66cf6b57,val,자동차,T2 동의어,q_자동차_04,타이어,생활서비스 중 '자동차'를 판매·제공하는 매장,0364862c-7f49-4568-ae2c-a574255a8396,달구지모터스,자동차전문정비,광주역 복개로 골목형상점가,골목형상점가,광주광역시,2.0,3.0,,,P2_GRADED_ONLY,True,,,,,
d59a1bc45112d06789d7,val,자동차,T2 동의어,q_자동차_04,타이어,생활서비스 중 '자동차'를 판매·제공하는 매장,78a69d6e-f77d-4fb2-8e7c-352e535409ae,119타이어 송정점,타이어,임방울거리3구역 골목형상점가,골목형상점가,광주광역시,3.0,3.0,,,RESOLVED_AGREEMENT,False,3,,,,
202fa381b85961a1fc3a,val,자동차,T2 동의어,q_자동차_04,타이어,생활서비스 중 '자동차'를 판매·제공하는 매장,03e53a2d-e76b-4a17-8a69-03a865ad073e,양산카서비스,타이어소매,양산호수공원 골목형상점가,골목형상점가,광주광역시,3.0,3.0,,,RESOLVED_AGREEMENT,False,3,,,,
4fccdc04202ddd43165a,val,자동차,T2 동의어,q_자동차_04,타이어,생활서비스 중 '자동차'를 판매·제공하는 매장,267939d8-3fe2-4995-82c9-8f14347514cb,타이어 공임나라,타이어,31사단 골목형상점가,골목형상점가,광주광역시,3.0,3.0,,,RESOLVED_AGREEMENT,False,3,,,,
712c14f81a8e5adaedbb,val,자동차,T2 동의어,q_자동차_04,타이어,생활서비스 중 '자동차'를 판매·제공하는 매장,4c59814c-6586-44f8-a66a-ca1e6446219d,타이어프로북광주점,타이어,본촌마을길 골목형상점가,골목형상점가,광주광역시,3.0,3.0,,,RESOLVED_AGREEMENT,False,3,,,,
130e46a97e954cb538ab,val,자동차,T2 동의어,q_자동차_04,타이어,생활서비스 중 '자동차'를 판매·제공하는 매장,4a8a68b0-3b18-44c3-912b-812f3563c54b,타이어월드 상무점,타이어,마륵동상인회 골목형상점가,골목형상점가,광주광역시,3.0,3.0,,,RESOLVED_AGREEMENT,False,3,,,,
c9c465d80d56d42cd199,val,자동차,T2 동의어,q_자동차_04,타이어,생활서비스 중 '자동차'를 판매·제공하는 매장,07799824-52aa-47ff-a0da-898f8edeaca8,상무카 세차장,세차,치평동1002상인회 골목형상점가,골목형상점가,광주광역시,2.0,3.0,,,P2_GRADED_ONLY,True,,,,,
708fb838f57d22c71e86,val,자동차,T2 동의어,q_자동차_04,타이어,생활서비스 중 '자동차'를 판매·제공하는 매장,19587746-afac-45c4-84a4-ab43a4ce36ef,바다수산,수산물,계산시장,전통시장,인천광역시,0.0,0.0,,,RESOLVED_AGREEMENT,False,0,,,,
88d84243538dae61ee25,val,자동차,T2 동의어,q_자동차_04,타이어,생활서비스 중 '자동차'를 판매·제공하는 매장,6d4fdb23-9927-4a0f-a789-474cbf940838,신흥상회,건해산물,김제전통시장,전통시장,전북특별자치도,0.0,0.0,,,RESOLVED_AGREEMENT,False,0,,,,
ea722cfe39989e1a0bcc,val,자동차,T2 동의어,q_자동차_04,타이어,생활서비스 중 '자동차'를 판매·제공하는 매장,6ccd1f62-b5d9-4932-9503-430bf2255e6b,1등타이어하남점,타이어,흑석사거리 골목형상점가,골목형상점가,광주광역시,3.0,3.0,,,RESOLVED_AGREEMENT,False,3,,,,
b8b9a63ed2443e93cf88,val,자동차,T2 동의어,q_자동차_04,타이어,생활서비스 중 '자동차'를 판매·제공하는 매장,00408c66-8a7e-4f20-896f-490885b394c8,애니카랜드 양산점,자동차 정비,금메달 양산택지로 골목형상점가,골목형상점가,광주광역시,2.0,3.0,,,P2_GRADED_ONLY,True,,,,,
004c7d47344b62d5bcc6,val,자동차,T2 동의어,q_자동차_04,타이어,생활서비스 중 '자동차'를 판매·제공하는 매장,dd237897-2c03-4d39-b35f-8b1fa5793960,타이어테크 용봉점,타이어,설죽로 패션의거리 골목형상점가,골목형상점가,광주광역시,3.0,3.0,,,RESOLVED_AGREEMENT,False,3,,,,
5dafece719d47f062069,val,자동차,T2 동의어,q_자동차_04,타이어,생활서비스 중 '자동차'를 판매·제공하는 매장,65a6ef8a-da06-483a-9055-07161431ea89,미쉐린타이어,타이어,예석 골목형상점가,골목형상점가,충청남도,3.0,3.0,,,RESOLVED_AGREEMENT,False,3,,,,
acd769f82193b8fc81d8,val,자동차,T2 동의어,q_자동차_04,타이어,생활서비스 중 '자동차'를 판매·제공하는 매장,052df515-4724-4c04-a825-6448d0af9bf4,미래주유소,유류 자동차 관련 물품 세차,봉주 골목형상점가,골목형상점가,광주광역시,2.0,3.0,,,P2_GRADED_ONLY,True,,,,,
851b325b67d76286bd30,val,자동차,T2 동의어,q_자동차_04,타이어,생활서비스 중 '자동차'를 판매·제공하는 매장,e6347b51-c6d0-4a6d-8c10-f9d065d9731e,BDM 본점,타이어,상무대로 골목형상점가,골목형상점가,광주광역시,3.0,3.0,,,RESOLVED_AGREEMENT,False,3,,,,
a44f84fd02e01f27ab3f,val,자동차,T2 동의어,q_자동차_04,타이어,생활서비스 중 '자동차'를 판매·제공하는 매장,375e3890-b4d1-4453-a2a6-acedbf8690c8,주)타이어여행,신품 타이어,하남파출소,골목형상점가,광주광역시,3.0,3.0,,,RESOLVED_AGREEMENT,False,3,,,,
7dd9dffddd1a9e3cedea,val,자동차,T2 동의어,q_자동차_04,타이어,생활서비스 중 '자동차'를 판매·제공하는 매장,13740acf-23f5-4c96-b13d-428bc41df657,타이어알지오,타이어,동림1 골목형상점가,골목형상점가,광주광역시,3.0,3.0,,,RESOLVED_AGREEMENT,False,3,,,,
e89761805cdbfb87eb3c,val,자동차,T2 동의어,q_자동차_04,타이어,생활서비스 중 '자동차'를 판매·제공하는 매장,4aa50c87-fa7c-4e9e-9c9d-eb5f366f8cc1,조합타이어,타이어,본촌 하서로 골목형상점가,골목형상점가,광주광역시,3.0,3.0,,,RESOLVED_AGREEMENT,False,3,,,,
c3bc2fcdfda84e564878,val,자동차,T2 동의어,q_자동차_04,타이어,생활서비스 중 '자동차'를 판매·제공하는 매장,d507a545-e93f-41d2-900f-ec5b6a0fa84d,피렐리타이어광주총판,타이어,농성누리상인회 골목형상점가,골목형상점가,광주광역시,3.0,3.0,,,RESOLVED_AGREEMENT,False,3,,,,
7e3d06186fd22975911c,val,자동차,T2 동의어,q_자동차_04,타이어,생활서비스 중 '자동차'를 판매·제공하는 매장,6a16e8c2-fcc1-4279-bdfe-1786e4ec2baa,행복자동차,타이어,효자시장,전통시장,경상북도,3.0,3.0,,,RESOLVED_AGREEMENT,False,3,,,,
818535a1d796088337c7,val,자동차,T2 동의어,q_자동차_04,타이어,생활서비스 중 '자동차'를 판매·제공하는 매장,ad8d83d2-cb91-4612-b5df-f63f51d02033,타이어베스트,타이어,송정 다누리 골목형상점가,골목형상점가,광주광역시,3.0,3.0,,,RESOLVED_AGREEMENT,False,3,,,,
2848d9a94da1b2817271,val,자동차,T2 동의어,q_자동차_04,타이어,생활서비스 중 '자동차'를 판매·제공하는 매장,020368e8-f148-41e5-a918-1657220b912e,MS골드모터스,자동차정비,금메달 양산택지로 골목형상점가,골목형상점가,광주광역시,2.0,3.0,,,P2_GRADED_ONLY,True,,,,,
cf76d2702bfbce664461,val,자동차,T2 동의어,q_자동차_04,타이어,생활서비스 중 '자동차'를 판매·제공하는 매장,658aa501-59ce-41d4-ba26-605140db7e3d,타이어모터스,타이어,빛가람 호수로 골목형상점가,골목형상점가,전라남도,3.0,3.0,,,RESOLVED_AGREEMENT,False,3,,,,
f38461d8c8e88c2a6b0c,val,자동차,T2 동의어,q_자동차_04,타이어,생활서비스 중 '자동차'를 판매·제공하는 매장,f25b8b3f-ec27-4af9-ad26-31acc2284ea4,타이어EDGE,타이어,본촌용두 골목형상점가,골목형상점가,광주광역시,3.0,3.0,,,RESOLVED_AGREEMENT,False,3,,,,
b7ed9df638f68c3d80c5,val,자동차,T2 동의어,q_자동차_04,타이어,생활서비스 중 '자동차'를 판매·제공하는 매장,f982a9c6-2d54-4aaf-9e4f-aa01f63fdab5,타이어조아,타이어,석세스,골목형상점가,광주광역시,3.0,3.0,,,RESOLVED_AGREEMENT,False,3,,,,
e6ddd398bc6277a89e49,val,자동차,T2 동의어,q_자동차_04,타이어,생활서비스 중 '자동차'를 판매·제공하는 매장,66329f2c-7d9f-4740-9734-1133ee568e00,타이어메카,타이어,31사단 골목형상점가,골목형상점가,광주광역시,3.0,3.0,,,RESOLVED_AGREEMENT,False,3,,,,
89565927cc0226c6bcd6,val,자동차,T2 동의어,q_자동차_04,타이어,생활서비스 중 '자동차'를 판매·제공하는 매장,8804884e-9d72-43de-887e-80327b71b76b,타이어프로 선운점,타이어,선운별 골목형상점가,골목형상점가,광주광역시,3.0,3.0,,,RESOLVED_AGREEMENT,False,3,,,,
a8e5708af5cec9a658e4,val,자동차,T2 동의어,q_자동차_04,타이어,생활서비스 중 '자동차'를 판매·제공하는 매장,0065917f-8506-4309-a8dd-bd4415481501,타이어 할인점 가좌점,타이어,남이동길골목형상점가,골목형상점가,서울특별시,3.0,3.0,,,RESOLVED_AGREEMENT,False,3,,,,
92a049539a8b7e72d15e,val,자동차,T2 동의어,q_자동차_04,타이어,생활서비스 중 '자동차'를 판매·제공하는 매장,021b75ff-e0ed-4fd4-b5e3-f41910253dd8,틴팅크루,자동차선팅,염주골상인회 골목형상점가,골목형상점가,광주광역시,2.0,3.0,,,P2_GRADED_ONLY,True,,,,,
bfe297d4af89352fc9de,val,자동차,T2 동의어,q_자동차_04,타이어,생활서비스 중 '자동차'를 판매·제공하는 매장,09d7ede7-cc32-4f4d-8ccd-523c76541676,고잔자동차정비,"서비스도소매(자동차정비,자동차타이어)",도리섬상점가,자율상권구역,경기도,3.0,3.0,,,RESOLVED_AGREEMENT,False,3,,,,
4eed28b9b3e7f2e507ee,val,자동차,T2 동의어,q_자동차_04,타이어,생활서비스 중 '자동차'를 판매·제공하는 매장,0b7530c6-633d-4e74-bea5-4db02af07f2c,쎈딜,"잡화, 전자제품 등",양산 남부시장,전통시장,경상남도,0.0,0.0,,,RESOLVED_AGREEMENT,False,0,,,,
d2538c57e1b4a0d4e6a3,val,자동차,T2 동의어,q_자동차_04,타이어,생활서비스 중 '자동차'를 판매·제공하는 매장,3e3bf245-223b-4785-9e3f-bd0d8d52f997,다슬모터스,타이어,아랫장장평로상점가,자율상권구역,전라남도,3.0,3.0,,,RESOLVED_AGREEMENT,False,3,,,,
735033f3732717715139,val,자동차,T2 동의어,q_자동차_04,타이어,생활서비스 중 '자동차'를 판매·제공하는 매장,036ce424-36f8-4ff7-8bf5-28922acb83c9,우성카프라자,경정비,고성동벚꽃 골목형상점가,골목형상점가,대구광역시,2.0,3.0,,,P2_GRADED_ONLY,True,,,,,
cdf738397275403a0058,val,자동차,T2 동의어,q_자동차_04,타이어,생활서비스 중 '자동차'를 판매·제공하는 매장,d2171c8e-ebc9-4401-b08d-4ee5f3e13247,찰솥밥소담쌈밥&추어탕,한식,행운담길골목형상점가,골목형상점가,서울특별시,0.0,0.0,,,RESOLVED_AGREEMENT,False,0,,,,
9c92aded6c2276c87751,val,자동차,T2 동의어,q_자동차_04,타이어,생활서비스 중 '자동차'를 판매·제공하는 매장,90e0ddc5-5b20-40de-9995-cd8f711c74f9,타이어이카,타이어,자동차의거리,자율상권구역,광주광역시,3.0,3.0,,,RESOLVED_AGREEMENT,False,3,,,,
0398aa1708cf75b4a391,val,자동차,T2 동의어,q_자동차_04,타이어,생활서비스 중 '자동차'를 판매·제공하는 매장,2a7f37a1-9b7c-47f8-8ac6-eb331acce405,타이어프로 양산점,타이어,오케이 양산동 골목형상점가,골목형상점가,광주광역시,3.0,3.0,,,RESOLVED_AGREEMENT,False,3,,,,
9cba1d8c7291e1027c3f,val,자동차,T2 동의어,q_자동차_04,타이어,생활서비스 중 '자동차'를 판매·제공하는 매장,be661548-b800-4c7c-aec4-55a80ed0d837,타이어마트,타이어,흑석동 골목형상점가,골목형상점가,광주광역시,3.0,3.0,,,RESOLVED_AGREEMENT,False,3,,,,
1a528f27d9c8258c0331,val,자동차,T2 동의어,q_자동차_04,타이어,생활서비스 중 '자동차'를 판매·제공하는 매장,357c1e34-7a90-4612-a8c7-6e2c281a0f41,타이어프로 북동점,타이어,중흥자재거리 골목형상점가,골목형상점가,광주광역시,3.0,3.0,,,RESOLVED_AGREEMENT,False,3,,,,
3cada22547ccb4bf7376,val,자동차,T2 동의어,q_자동차_04,타이어,생활서비스 중 '자동차'를 판매·제공하는 매장,8e1cd659-5b80-4511-9c03-583822ae3962,타타 타이어,타이어 자동차정비,두암초주변 골목형상점가,골목형상점가,광주광역시,3.0,3.0,,,RESOLVED_AGREEMENT,False,3,,,,
8d84ff578b09721ad0ae,val,자동차,T2 동의어,q_자동차_04,타이어,생활서비스 중 '자동차'를 판매·제공하는 매장,cda624fc-bd47-4622-bd11-c74a130f5ccc,김찬석 타이어(광주중앙점),타이어,챔피언스거리 골목형상점가,골목형상점가,광주광역시,3.0,3.0,,,RESOLVED_AGREEMENT,False,3,,,,
9e1cd94eff65d0997c36,val,자동차,T2 동의어,q_자동차_04,타이어,생활서비스 중 '자동차'를 판매·제공하는 매장,2df8ad5d-79b3-4765-bb69-e8a6258fb8f4,타이어맨,타이어 및 기타 경정비,한듬레포츠,골목형상점가,광주광역시,3.0,3.0,,,RESOLVED_AGREEMENT,False,3,,,,
54a0e39dfcea9087bff6,val,자동차,T2 동의어,q_자동차_04,타이어,생활서비스 중 '자동차'를 판매·제공하는 매장,03661ed3-6d9c-45da-af0e-801f3a602206,최신카클리닉광택,광택내부세차,북구빛나는 골목형상점가,골목형상점가,광주광역시,2.0,3.0,,,P2_GRADED_ONLY,True,,,,,
1782c49e0700b09f29f1,val,자동차,T2 동의어,q_자동차_04,타이어,생활서비스 중 '자동차'를 판매·제공하는 매장,c4e28cf7-66f9-46ae-80ad-f81fed49f846,타이어월드 광주점,타이어,농성동벚꽃상인회 골목형상점가,골목형상점가,광주광역시,3.0,3.0,,,RESOLVED_AGREEMENT,False,3,,,,
97a961ff293876233f48,val,자동차,T2 동의어,q_자동차_04,타이어,생활서비스 중 '자동차'를 판매·제공하는 매장,8323c17b-1386-479e-aa19-aacf925b601b,타이어천지 선운점,타이어,선운별 골목형상점가,골목형상점가,광주광역시,3.0,3.0,,,RESOLVED_AGREEMENT,False,3,,,,
2a9f01cf3796d1cf8f4f,val,자동차,T2 동의어,q_자동차_04,타이어,생활서비스 중 '자동차'를 판매·제공하는 매장,0f124737-f570-4c7b-91af-4bc211117db8,타이어프로 백운점,타이어,백운브릿지 골목형상점가,골목형상점가,광주광역시,3.0,3.0,,,RESOLVED_AGREEMENT,False,3,,,,
905117b8300c95ee88a7,val,자동차,T2 동의어,q_자동차_04,타이어,생활서비스 중 '자동차'를 판매·제공하는 매장,07631f84-e4b7-45f6-a4af-d96af7d9a2bc,맥카세차용품 24시본점,세차용품,창원 가음시장대상가,전통시장,경상남도,2.0,3.0,,,P2_GRADED_ONLY,True,,,,,
2e12510afdafbc68fbac,val,자동차,T2 동의어,q_자동차_04,타이어,생활서비스 중 '자동차'를 판매·제공하는 매장,3e5e2a40-cf9e-4e63-94ae-6c98a7ed83e5,나작가,도자기,예스파크 상점가,자율상권구역,경기도,0.0,0.0,,,RESOLVED_AGREEMENT,False,0,,,,
2ce17d5765d6ffd118c9,val,자동차,T2 동의어,q_자동차_04,타이어,생활서비스 중 '자동차'를 판매·제공하는 매장,d63d9a01-f6b9-469a-b749-5146dc4e394d,타이어체인지신가점,타이어,수등로 골목형상점가,골목형상점가,광주광역시,3.0,3.0,,,RESOLVED_AGREEMENT,False,3,,,,
f8a8611b2e4b9dffc1e9,val,자동차,T2 동의어,q_자동차_04,타이어,생활서비스 중 '자동차'를 판매·제공하는 매장,007fca6d-f508-4b12-a082-dd7537eedc47,대민카공업사,정비,사강시장,전통시장,경기도,2.0,3.0,,,P2_GRADED_ONLY,True,,,,,
06e1cc12778c0bfba444,val,자동차,T2 동의어,q_자동차_04,타이어,생활서비스 중 '자동차'를 판매·제공하는 매장,621eb348-7977-4319-876b-af3fd8e80ddb,타이어프로 풍암점,타이어,매월동상인회 골목형상점가,골목형상점가,광주광역시,3.0,3.0,,,RESOLVED_AGREEMENT,False,3,,,,
80cee8f9e31c1fd46032,val,자동차,T2 동의어,q_자동차_04,타이어,생활서비스 중 '자동차'를 판매·제공하는 매장,8564f0bb-b2c3-4281-a4e4-f038abf1c471,동성타이어할인점,타이어,고은상인회 골목형상점가,골목형상점가,광주광역시,3.0,3.0,,,RESOLVED_AGREEMENT,False,3,,,,
4417c931f01679cf0bda,val,자동차,T2 동의어,q_자동차_04,타이어,생활서비스 중 '자동차'를 판매·제공하는 매장,55ca9bf3-74e2-441f-8e66-8f95ad8c1d61,어촌마을어시장,수산물,졸락코지 골목형상점가,골목형상점가,제주특별자치도,0.0,0.0,,,RESOLVED_AGREEMENT,False,0,,,,
23d57109ac4a40ee45c5,val,자동차,T2 동의어,q_자동차_04,타이어,생활서비스 중 '자동차'를 판매·제공하는 매장,a4f74db1-a3d9-41a6-b0fb-0166791b0fbe,보성항아리반찬,반찬,사직시장(구 사직전통시장),전통시장,충청북도,0.0,0.0,,,RESOLVED_AGREEMENT,False,0,,,,
455f42d7cd8176e2f6d1,val,자동차,T2 동의어,q_자동차_04,타이어,생활서비스 중 '자동차'를 판매·제공하는 매장,eac68cca-6ab2-44cf-8280-0b2cfcd10911,TP진월점,타이어,금당로 골목형상점가,골목형상점가,광주광역시,3.0,3.0,,,RESOLVED_AGREEMENT,False,3,,,,
52c9653b804b85faf2c4,val,자동차,T2 동의어,q_자동차_04,타이어,생활서비스 중 '자동차'를 판매·제공하는 매장,4c7fe11d-0dce-410c-805b-9f5595a25b0f,119 타이어,타이어타이어수리휠,동림4단지 골목형상점가,골목형상점가,광주광역시,3.0,3.0,,,RESOLVED_AGREEMENT,False,3,,,,
fcea191365fd5159fced,val,자동차,T2 동의어,q_자동차_04,타이어,생활서비스 중 '자동차'를 판매·제공하는 매장,535bda6e-b43c-4b44-b9c9-7c415bb0e53a,타이어핏,타이어,상암마을상인회 골목형상점가,골목형상점가,광주광역시,3.0,3.0,,,RESOLVED_AGREEMENT,False,3,,,,
ab301b8c5867f8f9c30d,val,자동차,T2 동의어,q_자동차_04,타이어,생활서비스 중 '자동차'를 판매·제공하는 매장,8a18cfd7-0177-4bde-891a-b515d353883b,캑터스 뱅 에스프레소,양식,마산 창동통합상가,자율상권구역,경상남도,0.0,0.0,,,RESOLVED_AGREEMENT,False,0,,,,
870a224ca54ea4a505ab,val,자동차,T2 동의어,q_자동차_04,타이어,생활서비스 중 '자동차'를 판매·제공하는 매장,19721c59-5f9e-4fb3-9ad4-4849e2052f16,타이어뱅크 광주점,타이어,자동차의거리,자율상권구역,광주광역시,3.0,3.0,,,RESOLVED_AGREEMENT,False,3,,,,
4e8bb0871bdac595568b,val,자동차,T2 동의어,q_자동차_04,타이어,생활서비스 중 '자동차'를 판매·제공하는 매장,0c9f6f01-99ed-429d-9f5f-2435a675b9f9,(주)타이어박스,타이어,산수오거리 골목형상점가,골목형상점가,광주광역시,3.0,3.0,,,RESOLVED_AGREEMENT,False,3,,,,
bd775878878e5c0ce59b,val,자동차,T6 기계변형,q_자동차_05,자동차추천,생활서비스 중 '자동차'를 판매·제공하는 매장,e570a8a1-c1ca-47c7-b1f8-21be49061d43,쏭카,자동차용품,오치서산초 골목형상점가,골목형상점가,광주광역시,3.0,3.0,,,RESOLVED_AGREEMENT,False,3,,,,
dc64536519c97b8ab03a,val,자동차,T6 기계변형,q_자동차_05,자동차추천,생활서비스 중 '자동차'를 판매·제공하는 매장,5f5db23e-df4c-4db6-8b8d-ed4bffe0d70c,수림전기,자동차제어부품,산업용재관,전통시장,대구광역시,3.0,3.0,,,RESOLVED_AGREEMENT,False,3,,,,
e233d339833d7d1238e8,val,자동차,T6 기계변형,q_자동차_05,자동차추천,생활서비스 중 '자동차'를 판매·제공하는 매장,09d7ede7-cc32-4f4d-8ccd-523c76541676,고잔자동차정비,"서비스도소매(자동차정비,자동차타이어)",도리섬상점가,자율상권구역,경기도,3.0,3.0,,,RESOLVED_AGREEMENT,False,3,,,,
a38b9dfac8fff6a1a749,val,자동차,T6 기계변형,q_자동차_05,자동차추천,생활서비스 중 '자동차'를 판매·제공하는 매장,1c4e6a42-a557-41af-8855-cec22e16cef2,베스트광택,자동차광택 자동차용품,상공회의소누리상인회 골목형상점가,골목형상점가,광주광역시,3.0,3.0,,,RESOLVED_AGREEMENT,False,3,,,,
deac454edb03541c11f2,val,자동차,T6 기계변형,q_자동차_05,자동차추천,생활서비스 중 '자동차'를 판매·제공하는 매장,dc13ee07-97da-4ff6-a54d-da31c447c5b8,자동차종합병원,자동차 수리업,풍암신암상인회 골목형상점가,골목형상점가,광주광역시,3.0,3.0,,,RESOLVED_AGREEMENT,False,3,,,,
39dc8d1863bd5a498d7b,val,자동차,T6 기계변형,q_자동차_05,자동차추천,생활서비스 중 '자동차'를 판매·제공하는 매장,d917a57f-24d3-476b-87fe-0d4bc9f1e513,화이트모터스,자동차 수리 자동차 부품,장천동상가,자율상권구역,전라남도,3.0,3.0,,,RESOLVED_AGREEMENT,False,3,,,,
cf6bc92f0c6da933db15,val,자동차,T6 기계변형,q_자동차_05,자동차추천,생활서비스 중 '자동차'를 판매·제공하는 매장,df518b6a-4214-4d77-94fb-50fcae4dbf0a,피트인&스팀브라더,자동차용품 자동차 내외장 관리,중산골 골목형상점가,골목형상점가,전북특별자치도,3.0,3.0,,,RESOLVED_AGREEMENT,False,3,,,,
abe04a921ce7d5834a3c,val,자동차,T6 기계변형,q_자동차_05,자동차추천,생활서비스 중 '자동차'를 판매·제공하는 매장,f6e288d1-89dd-4036-b3ea-3c846e3a4a9b,고랩,자동차랩핑,김대중컨벤션상인회 골목형상점가,골목형상점가,광주광역시,3.0,3.0,,,RESOLVED_AGREEMENT,False,3,,,,
8b90cd83ad3458b8ac83,val,자동차,T6 기계변형,q_자동차_05,자동차추천,생활서비스 중 '자동차'를 판매·제공하는 매장,2088f318-97b4-40df-b992-221e4a9c0364,SB모터스,자동차,두암2동면앙로 골목형상점가,골목형상점가,광주광역시,3.0,3.0,,,RESOLVED_AGREEMENT,False,3,,,,
e61f23067a84e75f16b8,val,자동차,T6 기계변형,q_자동차_05,자동차추천,생활서비스 중 '자동차'를 판매·제공하는 매장,c0a91981-b4cc-450b-a08c-d4c7f59cb546,만도자동차,자동차수리,시청음식문화의거리 골목형상점가,골목형상점가,광주광역시,3.0,3.0,,,RESOLVED_AGREEMENT,False,3,,,,
eb610aee6dd1cb69f778,val,자동차,T6 기계변형,q_자동차_05,자동차추천,생활서비스 중 '자동차'를 판매·제공하는 매장,07799824-52aa-47ff-a0da-898f8edeaca8,상무카 세차장,세차,치평동1002상인회 골목형상점가,골목형상점가,광주광역시,3.0,3.0,,,RESOLVED_AGREEMENT,False,3,,,,
5d3112e1f17cd6371441,val,자동차,T6 기계변형,q_자동차_05,자동차추천,생활서비스 중 '자동차'를 판매·제공하는 매장,461c907d-01c2-46dc-9fbe-da39dcfed30d,양산자동차샵,자동차용품,양산호수공원 골목형상점가,골목형상점가,광주광역시,3.0,3.0,,,RESOLVED_AGREEMENT,False,3,,,,
3f016f8606488a854e77,val,자동차,T6 기계변형,q_자동차_05,자동차추천,생활서비스 중 '자동차'를 판매·제공하는 매장,0c9f6f01-99ed-429d-9f5f-2435a675b9f9,(주)타이어박스,타이어,산수오거리 골목형상점가,골목형상점가,광주광역시,3.0,3.0,,,RESOLVED_AGREEMENT,False,3,,,,
2f88f0ec0b6f188753bb,val,자동차,T6 기계변형,q_자동차_05,자동차추천,생활서비스 중 '자동차'를 판매·제공하는 매장,23dc11bf-f3a9-4e7c-a33d-16df2dc8ef29,예스카,자동차용품 자동차부분정비업,송천동1가 골목형상점가,골목형상점가,전북특별자치도,3.0,3.0,,,RESOLVED_AGREEMENT,False,3,,,,
a8bd19498ca30b3aa45d,val,자동차,T6 기계변형,q_자동차_05,자동차추천,생활서비스 중 '자동차'를 판매·제공하는 매장,39cdeddc-41d3-4156-92ea-bc79a7d71287,목행자동차병원,자동차수리,목행시장,전통시장,충청북도,3.0,3.0,,,RESOLVED_AGREEMENT,False,3,,,,
8a86a820cdf6280adab8,val,자동차,T6 기계변형,q_자동차_05,자동차추천,생활서비스 중 '자동차'를 판매·제공하는 매장,7e3e16c9-8083-43f9-8e51-5b70662a8d20,명가부대찌개,음식업(한식),평택국제중앙시장,전통시장,경기도,0.0,0.0,,,RESOLVED_AGREEMENT,False,0,,,,
7bb8d03c9657f8616e51,val,자동차,T6 기계변형,q_자동차_05,자동차추천,생활서비스 중 '자동차'를 판매·제공하는 매장,43b583ee-3b04-4476-93b8-f0e715b13dff,가비,의류,창원 성원그랜드쇼핑상가,전통시장,경상남도,0.0,0.0,,,RESOLVED_AGREEMENT,False,0,,,,
af6cde3b8d1e94ac6310,val,자동차,T6 기계변형,q_자동차_05,자동차추천,생활서비스 중 '자동차'를 판매·제공하는 매장,b7b10356-638d-4c83-8a88-c5d55400ad38,호남자동차유리,자동차유리,중흥행복마을 골목형상점가,골목형상점가,광주광역시,3.0,3.0,,,RESOLVED_AGREEMENT,False,3,,,,
bd5638907dee3aa91568,val,자동차,T6 기계변형,q_자동차_05,자동차추천,생활서비스 중 '자동차'를 판매·제공하는 매장,7d9d00b7-c6ac-4a27-b576-a62e88449c1d,하나중고,자동차중고부품,중흥자재거리 골목형상점가,골목형상점가,광주광역시,3.0,3.0,,,RESOLVED_AGREEMENT,False,3,,,,
9bdb6314e473c7415e58,val,자동차,T6 기계변형,q_자동차_05,자동차추천,생활서비스 중 '자동차'를 판매·제공하는 매장,cde48a83-7a92-466f-a258-af6e0fef8b6f,세영자동차정비,자동차정비,용봉IC 골목형상점가,골목형상점가,광주광역시,3.0,3.0,,,RESOLVED_AGREEMENT,False,3,,,,
e8a08835b830f10b93a8,val,자동차,T6 기계변형,q_자동차_05,자동차추천,생활서비스 중 '자동차'를 판매·제공하는 매장,cdefbdb7-9b20-4391-b1ff-b3fc79f7a19d,자동차꾸미는집,자동차용품,건국다복 골목형상점가,골목형상점가,광주광역시,3.0,3.0,,,RESOLVED_AGREEMENT,False,3,,,,
24c70719392aa0da62fb,val,자동차,T6 기계변형,q_자동차_05,자동차추천,생활서비스 중 '자동차'를 판매·제공하는 매장,7e5de563-2275-4d83-bdd6-056a5d45d82e,카차카,자동차 정비,박물관거리 골목형상점가,골목형상점가,전라남도,3.0,3.0,,,RESOLVED_AGREEMENT,False,3,,,,
0ae41eb057acd9090cd5,val,자동차,T6 기계변형,q_자동차_05,자동차추천,생활서비스 중 '자동차'를 판매·제공하는 매장,806b36ac-3dfb-4507-8695-5746f9560db6,카트자동차용품,자동차 부품,충무자동차거리 상점가,자율상권구역,대전광역시,3.0,3.0,,,RESOLVED_AGREEMENT,False,3,,,,
e5fd92266866e01687b0,val,자동차,T6 기계변형,q_자동차_05,자동차추천,생활서비스 중 '자동차'를 판매·제공하는 매장,49a83a7f-82a5-470e-914d-d4ba95aa7aec,진욱자동차공업사,자동차부품,시청음식문화의거리 골목형상점가,골목형상점가,광주광역시,3.0,3.0,,,RESOLVED_AGREEMENT,False,3,,,,
171e9d574651bd4fc652,val,자동차,T6 기계변형,q_자동차_05,자동차추천,생활서비스 중 '자동차'를 판매·제공하는 매장,f57e2609-11c6-4b72-aeed-c578f30f0479,나래자동차정비,자동차정비,금당산길상인회 골목형상점가,골목형상점가,광주광역시,3.0,3.0,,,RESOLVED_AGREEMENT,False,3,,,,
498c015eb7923f82ccd9,val,자동차,T6 기계변형,q_자동차_05,자동차추천,생활서비스 중 '자동차'를 판매·제공하는 매장,b7265998-cb3f-4434-bfe0-625d7f5d670d,이륙자동차공업사,자동차 수리,매곡 사랑길 골목형상점가,골목형상점가,광주광역시,3.0,3.0,,,RESOLVED_AGREEMENT,False,3,,,,
1808e7634579c1223804,val,자동차,T6 기계변형,q_자동차_05,자동차추천,생활서비스 중 '자동차'를 판매·제공하는 매장,b7b90ef9-80b0-4636-bef2-2632a10779d1,청정카센타,자동차,임방울거리2구역 골목형상점가,골목형상점가,광주광역시,3.0,3.0,,,RESOLVED_AGREEMENT,False,3,,,,
0544dd10f52262e2eb87,val,자동차,T6 기계변형,q_자동차_05,자동차추천,생활서비스 중 '자동차'를 판매·제공하는 매장,0fc61c62-403f-44d3-aa22-9141fb7aba09,세븐카,자동차용품,남산동자동차골목상점가,자율상권구역,대구광역시,3.0,3.0,,,RESOLVED_AGREEMENT,False,3,,,,
6e81fee7350500b342b4,val,자동차,T6 기계변형,q_자동차_05,자동차추천,생활서비스 중 '자동차'를 판매·제공하는 매장,07631f84-e4b7-45f6-a4af-d96af7d9a2bc,맥카세차용품 24시본점,세차용품,창원 가음시장대상가,전통시장,경상남도,3.0,3.0,,,RESOLVED_AGREEMENT,False,3,,,,
1fd6edb7347cbbbd827a,val,자동차,T6 기계변형,q_자동차_05,자동차추천,생활서비스 중 '자동차'를 판매·제공하는 매장,08c877fc-e9d6-4f54-bd21-5efa86703ad2,남경자동차공업사,자동차,상무중앙공원상인회 골목형상점가,골목형상점가,광주광역시,3.0,3.0,,,RESOLVED_AGREEMENT,False,3,,,,
c22bd7cebbe7797d076f,val,자동차,T6 기계변형,q_자동차_05,자동차추천,생활서비스 중 '자동차'를 판매·제공하는 매장,0364862c-7f49-4568-ae2c-a574255a8396,달구지모터스,자동차전문정비,광주역 복개로 골목형상점가,골목형상점가,광주광역시,3.0,3.0,,,RESOLVED_AGREEMENT,False,3,,,,
6ed7210bb58da8221db9,val,자동차,T6 기계변형,q_자동차_05,자동차추천,생활서비스 중 '자동차'를 판매·제공하는 매장,052df515-4724-4c04-a825-6448d0af9bf4,미래주유소,유류 자동차 관련 물품 세차,봉주 골목형상점가,골목형상점가,광주광역시,3.0,3.0,,,RESOLVED_AGREEMENT,False,3,,,,
f4a38208b1f0204c7548,val,자동차,T6 기계변형,q_자동차_05,자동차추천,생활서비스 중 '자동차'를 판매·제공하는 매장,fc5ea34b-1042-4598-a2ee-12e5dd8312d9,지에프 자동차용품점,자동차용품,금암동 골목형상점가,골목형상점가,충청남도,3.0,3.0,,,RESOLVED_AGREEMENT,False,3,,,,
d6807a4d8bbd05193dd7,val,자동차,T6 기계변형,q_자동차_05,자동차추천,생활서비스 중 '자동차'를 판매·제공하는 매장,177a6016-759b-474f-b15b-ea22d80d4455,광주대 카,자동차급정비,효덕마을 골목형상점가,골목형상점가,광주광역시,3.0,3.0,,,RESOLVED_AGREEMENT,False,3,,,,
3a754bd1fb67c73d3b0d,val,자동차,T6 기계변형,q_자동차_05,자동차추천,생활서비스 중 '자동차'를 판매·제공하는 매장,1ad0f700-b5de-43da-8160-6eac38a5fbaf,트윈랩,자동차필름,중흥자재거리 골목형상점가,골목형상점가,광주광역시,3.0,3.0,,,RESOLVED_AGREEMENT,False,3,,,,
5808939ad34df6432495,val,자동차,T6 기계변형,q_자동차_05,자동차추천,생활서비스 중 '자동차'를 판매·제공하는 매장,0065917f-8506-4309-a8dd-bd4415481501,타이어 할인점 가좌점,타이어,남이동길골목형상점가,골목형상점가,서울특별시,3.0,3.0,,,RESOLVED_AGREEMENT,False,3,,,,
a7a604453b87930f78fe,val,자동차,T6 기계변형,q_자동차_05,자동차추천,생활서비스 중 '자동차'를 판매·제공하는 매장,f9f58f3c-0aff-40d8-af2b-0a5fa3415246,홍재명카클리닉,자동차수리 자동차부품,장승배기로 골목형상점가,골목형상점가,전북특별자치도,3.0,3.0,,,RESOLVED_AGREEMENT,False,3,,,,
843fec7fff468bc3c79a,val,자동차,T6 기계변형,q_자동차_05,자동차추천,생활서비스 중 '자동차'를 판매·제공하는 매장,03e53a2d-e76b-4a17-8a69-03a865ad073e,양산카서비스,타이어소매,양산호수공원 골목형상점가,골목형상점가,광주광역시,3.0,3.0,,,RESOLVED_AGREEMENT,False,3,,,,
c313ca3c2069c0c37325,val,자동차,T6 기계변형,q_자동차_05,자동차추천,생활서비스 중 '자동차'를 판매·제공하는 매장,bdcf3d97-547f-4947-8916-9360f1e7413e,푸른 자동차공업 사,자동차 정비,운암 금호 골목형상점가,골목형상점가,광주광역시,3.0,3.0,,,RESOLVED_AGREEMENT,False,3,,,,
b7194975da745bcaaabe,val,자동차,T6 기계변형,q_자동차_05,자동차추천,생활서비스 중 '자동차'를 판매·제공하는 매장,b0aa3735-c2e4-4e83-ad9d-9c64faa51360,동해자동차정비,자동차정비,송하동 골목형상점가,골목형상점가,광주광역시,3.0,3.0,,,RESOLVED_AGREEMENT,False,3,,,,
3022b29e84fad190d913,val,자동차,T6 기계변형,q_자동차_05,자동차추천,생활서비스 중 '자동차'를 판매·제공하는 매장,a801c00b-3a41-4978-9483-da3e6b808da8,삼협,자동차수리,목련 골목형상점가,골목형상점가,광주광역시,3.0,3.0,,,RESOLVED_AGREEMENT,False,3,,,,
bc9b37e29f12fa5ffb9e,val,자동차,T6 기계변형,q_자동차_05,자동차추천,생활서비스 중 '자동차'를 판매·제공하는 매장,658628da-2e34-4627-b0ed-9552707eebed,동명자동차 정비타운,자동차정비,임방울거리3구역 골목형상점가,골목형상점가,광주광역시,3.0,3.0,,,RESOLVED_AGREEMENT,False,3,,,,
0c7c06b98a124d112b8d,val,자동차,T6 기계변형,q_자동차_05,자동차추천,생활서비스 중 '자동차'를 판매·제공하는 매장,e56b598a-2af1-4325-b428-32aee86a75cd,예본인테리어,벽지 비닐장판류 경미한공사 벽지,효자2동 골목형상점가,골목형상점가,전북특별자치도,0.0,0.0,,,RESOLVED_AGREEMENT,False,0,,,,
20c8f41daa340637b10f,val,자동차,T6 기계변형,q_자동차_05,자동차추천,생활서비스 중 '자동차'를 판매·제공하는 매장,007fca6d-f508-4b12-a082-dd7537eedc47,대민카공업사,정비,사강시장,전통시장,경기도,3.0,3.0,,,RESOLVED_AGREEMENT,False,3,,,,
4f746a15d79c2f1574f1,val,자동차,T6 기계변형,q_자동차_05,자동차추천,생활서비스 중 '자동차'를 판매·제공하는 매장,0b0b771b-6092-4e22-80ba-ae284bf94cb6,오렌지 자동차공업사,자동차정비,송정사랑 골목형상점가,골목형상점가,광주광역시,3.0,3.0,,,RESOLVED_AGREEMENT,False,3,,,,
bfe71ad85e704994ac6f,val,자동차,T6 기계변형,q_자동차_05,자동차추천,생활서비스 중 '자동차'를 판매·제공하는 매장,3dad5a10-ad1f-4d37-8c03-0d0ebae1c20d,카페오메가 (CAFE OMEGA),커피 및 음료,삼익2차쇼핑 골목형상점가,골목형상점가,서울특별시,0.0,0.0,,,RESOLVED_AGREEMENT,False,0,,,,
79dbc65920513a067d68,val,자동차,T6 기계변형,q_자동차_05,자동차추천,생활서비스 중 '자동차'를 판매·제공하는 매장,03661ed3-6d9c-45da-af0e-801f3a602206,최신카클리닉광택,광택내부세차,북구빛나는 골목형상점가,골목형상점가,광주광역시,3.0,3.0,,,RESOLVED_AGREEMENT,False,3,,,,
ef7122e7e36559b7bfe4,val,자동차,T6 기계변형,q_자동차_05,자동차추천,생활서비스 중 '자동차'를 판매·제공하는 매장,04ddb261-818a-481f-b130-0f5401a7aaf8,주식회사 타이어메카 화정점,자동차 타이어 및 튜브,화정역상인회 골목형상점가,골목형상점가,광주광역시,3.0,3.0,,,RESOLVED_AGREEMENT,False,3,,,,
95de50c471eae2746a79,val,자동차,T6 기계변형,q_자동차_05,자동차추천,생활서비스 중 '자동차'를 판매·제공하는 매장,816a3906-e9c1-4f5a-8bd2-9d5102671b84,부르주하,피부미용,이지더원 골목형 상점가,골목형상점가,충청남도,0.0,0.0,,,RESOLVED_AGREEMENT,False,0,,,,
f0c37a8f9c275a126380,val,자동차,T6 기계변형,q_자동차_05,자동차추천,생활서비스 중 '자동차'를 판매·제공하는 매장,8ecc8a74-db64-4f9f-9d0e-df5739afc563,(주) 우리 자동차공업사,자동차수리업,하남3지구 골목형상점가,골목형상점가,광주광역시,3.0,3.0,,,RESOLVED_AGREEMENT,False,3,,,,
1b288c1f40e1b7222820,val,자동차,T6 기계변형,q_자동차_05,자동차추천,생활서비스 중 '자동차'를 판매·제공하는 매장,e22510f3-8a1a-4606-9d4f-295e627d7ef0,까치 자동차,,백운브릿지 골목형상점가,골목형상점가,광주광역시,3.0,3.0,,,RESOLVED_AGREEMENT,False,3,,,,
d75cb63c678e051771ac,val,자동차,T6 기계변형,q_자동차_05,자동차추천,생활서비스 중 '자동차'를 판매·제공하는 매장,7aaa0a78-7637-4850-b522-47b24f0746fe,한신카클리닉,자동차경정비 자동차용품,대야 골목형상점가,골목형상점가,전북특별자치도,3.0,3.0,,,RESOLVED_AGREEMENT,False,3,,,,
0471a43106a897d48ed3,val,자동차,T6 기계변형,q_자동차_05,자동차추천,생활서비스 중 '자동차'를 판매·제공하는 매장,020368e8-f148-41e5-a918-1657220b912e,MS골드모터스,자동차정비,금메달 양산택지로 골목형상점가,골목형상점가,광주광역시,3.0,3.0,,,RESOLVED_AGREEMENT,False,3,,,,
2177c43c8de29715fd28,val,자동차,T6 기계변형,q_자동차_05,자동차추천,생활서비스 중 '자동차'를 판매·제공하는 매장,31cb042b-4ec7-40c8-ac36-d619f48e97ee,일동자동차정비,자동차 용품,일곡동(제10지역:자연마을 전용주택단지) 골목형상점가,골목형상점가,광주광역시,3.0,3.0,,,RESOLVED_AGREEMENT,False,3,,,,
09f15448e511acaa25b3,val,자동차,T6 기계변형,q_자동차_05,자동차추천,생활서비스 중 '자동차'를 판매·제공하는 매장,08f90288-7f33-447f-ac33-37e5c5775ee5,"카밍광택,코팅",자동차광택 자동차용품,신안동용봉초 골목형상점가,골목형상점가,광주광역시,3.0,3.0,,,RESOLVED_AGREEMENT,False,3,,,,
8a32c47dedc318a77ff7,val,자동차,T6 기계변형,q_자동차_05,자동차추천,생활서비스 중 '자동차'를 판매·제공하는 매장,1ac2376d-6574-447d-9059-33f12e1bb964,123상회,자동차,산업용재관,전통시장,대구광역시,3.0,3.0,,,RESOLVED_AGREEMENT,False,3,,,,
c4c1e01dcdd2e5c59c73,val,자동차,T6 기계변형,q_자동차_05,자동차추천,생활서비스 중 '자동차'를 판매·제공하는 매장,021b75ff-e0ed-4fd4-b5e3-f41910253dd8,틴팅크루,자동차선팅,염주골상인회 골목형상점가,골목형상점가,광주광역시,3.0,3.0,,,RESOLVED_AGREEMENT,False,3,,,,
7da1f7dad8a55ba4f769,val,자동차,T6 기계변형,q_자동차_05,자동차추천,생활서비스 중 '자동차'를 판매·제공하는 매장,9998e42d-135d-4691-8f08-eba4a454471c,광신자동차엔진정비,자동차부품,무등로 신안 골목형상점가,골목형상점가,광주광역시,3.0,3.0,,,RESOLVED_AGREEMENT,False,3,,,,
7048ff8c54350c136690,val,자동차,T6 기계변형,q_자동차_05,자동차추천,생활서비스 중 '자동차'를 판매·제공하는 매장,014c1872-bd85-4ebb-8eb6-aca626ce5a1e,빵빵썬팅,자동차썬팅,소촌금봉 골목형상점가,골목형상점가,광주광역시,3.0,3.0,,,RESOLVED_AGREEMENT,False,3,,,,
8680758e6be7bab35cc1,val,자동차,T6 기계변형,q_자동차_05,자동차추천,생활서비스 중 '자동차'를 판매·제공하는 매장,b9556617-1447-46be-9236-c666cdcf6926,승기카센터,자동차,오치 쌍굴 골목형상점가,골목형상점가,광주광역시,3.0,3.0,,,RESOLVED_AGREEMENT,False,3,,,,
586f449cf416f086d839,val,자동차,T6 기계변형,q_자동차_05,자동차추천,생활서비스 중 '자동차'를 판매·제공하는 매장,0106f4d5-7dea-41f3-a7f4-dc5d1e5dc184,대한카클리닉,자동차용품,포항 해도새록새로 골목형상점가,골목형상점가,경상북도,3.0,3.0,,,RESOLVED_AGREEMENT,False,3,,,,
ec0ad2d0c4d192087a02,val,자동차,T6 기계변형,q_자동차_05,자동차추천,생활서비스 중 '자동차'를 판매·제공하는 매장,803c05a3-aa08-43da-a196-404873fe888c,금강자동차공업사,자동차 정비,봉주 골목형상점가,골목형상점가,광주광역시,3.0,3.0,,,RESOLVED_AGREEMENT,False,3,,,,
ce42ebadc2fa8ed576de,val,자동차,T6 기계변형,q_자동차_05,자동차추천,생활서비스 중 '자동차'를 판매·제공하는 매장,8199ed7c-3d3a-42b9-b28b-b258adab649f,신가카맨샵,자동차정비,신가동 골목형상점가,골목형상점가,광주광역시,3.0,3.0,,,RESOLVED_AGREEMENT,False,3,,,,
0fcc8b77d2ebe2f50a87,val,자동차,T6 기계변형,q_자동차_05,자동차추천,생활서비스 중 '자동차'를 판매·제공하는 매장,0f2448f2-b39e-4bbd-a90a-01934bd517b6,명지자동차용품,자동차용품,청평여울시장,전통시장,경기도,3.0,3.0,,,RESOLVED_AGREEMENT,False,3,,,,
b97707b13677d4d20a53,val,자동차,T6 기계변형,q_자동차_05,자동차추천,생활서비스 중 '자동차'를 판매·제공하는 매장,1fa62b9e-f587-4dc0-8cfc-b3a224afb28b,태양자동차용품,자동차용품,신안골 골목형상점가,골목형상점가,광주광역시,3.0,3.0,,,RESOLVED_AGREEMENT,False,3,,,,
fdd0c7e2476e6b756c10,val,자동차,T6 기계변형,q_자동차_05,자동차추천,생활서비스 중 '자동차'를 판매·제공하는 매장,0405bac2-8f07-4ea9-a931-e8f992375b61,에스에스개러지,세차,선운별 골목형상점가,골목형상점가,광주광역시,3.0,3.0,,,RESOLVED_AGREEMENT,False,3,,,,
fd8ca72ea84b594dcc0e,val,자동차,T6 기계변형,q_자동차_05,자동차추천,생활서비스 중 '자동차'를 판매·제공하는 매장,72e9e4d0-46ed-45f2-8b3e-45c86772f7ba,백제자동차유리,자동차유리,서부시장상점가(서부시장 통합),전통시장,전북특별자치도,3.0,3.0,,,RESOLVED_AGREEMENT,False,3,,,,
735bd58afbdf11a9d201,val,자동차,T6 기계변형,q_자동차_05,자동차추천,생활서비스 중 '자동차'를 판매·제공하는 매장,7bf482ea-b3e9-4383-8695-6a12d3d0470d,신창현 자동차서비스,자동차수리,신창중 골목형상점가,골목형상점가,광주광역시,3.0,3.0,,,RESOLVED_AGREEMENT,False,3,,,,
1bd38b08b2dca06dfb9a,val,자동차,T6 기계변형,q_자동차_05,자동차추천,생활서비스 중 '자동차'를 판매·제공하는 매장,df76df21-6f2b-4610-9dd4-1b05239d72c5,카온자동차유리,자동차유리,신안교 골목형상점가,골목형상점가,광주광역시,3.0,3.0,,,RESOLVED_AGREEMENT,False,3,,,,
72ee624c3796046e0c04,val,자동차,T6 기계변형,q_자동차_05,자동차추천,생활서비스 중 '자동차'를 판매·제공하는 매장,036ce424-36f8-4ff7-8bf5-28922acb83c9,우성카프라자,경정비,고성동벚꽃 골목형상점가,골목형상점가,대구광역시,3.0,3.0,,,RESOLVED_AGREEMENT,False,3,,,,
4a4cd941c0619b1d5d14,val,자동차,T6 기계변형,q_자동차_05,자동차추천,생활서비스 중 '자동차'를 판매·제공하는 매장,5ec06a77-dc93-457b-95dd-022ac02ffc66,하늘시스템,시스템에어컨,배곧상가,골목형상점가,경기도,0.0,0.0,,,RESOLVED_AGREEMENT,False,0,,,,
931acab15cd700581ca3,val,자동차,T6 기계변형,q_자동차_05,자동차추천,생활서비스 중 '자동차'를 판매·제공하는 매장,e8b6946c-1b97-44b1-b1dc-8214e5faa3c7,신현대자동차공업사,자동차,일곡동(제11지역:용전동) 골목형상점가,골목형상점가,광주광역시,3.0,3.0,,,RESOLVED_AGREEMENT,False,3,,,,
fff566dfcb64d3f4c20b,val,자동차,T6 기계변형,q_자동차_05,자동차추천,생활서비스 중 '자동차'를 판매·제공하는 매장,00408c66-8a7e-4f20-896f-490885b394c8,애니카랜드 양산점,자동차 정비,금메달 양산택지로 골목형상점가,골목형상점가,광주광역시,3.0,3.0,,,RESOLVED_AGREEMENT,False,3,,,,
e5e56946bbafe9e1d293,val,자동차,T6 기계변형,q_자동차_05,자동차추천,생활서비스 중 '자동차'를 판매·제공하는 매장,6e1c6fb7-eb87-4927-a3d6-a6cf2f7b07e7,아진자동차정비,자동차수리,북구빛나는 골목형상점가,골목형상점가,광주광역시,3.0,3.0,,,RESOLVED_AGREEMENT,False,3,,,,
c03501ec685f938b7ef0,val,자동차,T6 기계변형,q_자동차_05,자동차추천,생활서비스 중 '자동차'를 판매·제공하는 매장,b3d1f5c5-bbb0-467e-af47-a8dc016b12f1,지노카정비,타이어 자동차 용품 자동차 정비,공구의거리,자율상권구역,광주광역시,3.0,3.0,,,RESOLVED_AGREEMENT,False,3,,,,
8fa0be154017a8b10ae6,val,자동차,T6 기계변형,q_자동차_05,자동차추천,생활서비스 중 '자동차'를 판매·제공하는 매장,8d9546e0-5da4-456d-8c1a-e3eb4779dec7,미래자동차공업사,자동차,유촌마을상인회 골목형상점가,골목형상점가,광주광역시,3.0,3.0,,,RESOLVED_AGREEMENT,False,3,,,,
c4a99a67773dd63c3a22,val,자동차,T6 기계변형,q_자동차_05,자동차추천,생활서비스 중 '자동차'를 판매·제공하는 매장,ea608457-bcd3-4dd2-b459-2c230ffb6ea6,대흥자동차용품,자동차용품,매월동상인회 골목형상점가,골목형상점가,광주광역시,3.0,3.0,,,RESOLVED_AGREEMENT,False,3,,,,
5daa0163d9831568ce81,val,자동차,T6 기계변형,q_자동차_05,자동차추천,생활서비스 중 '자동차'를 판매·제공하는 매장,d6ed7cad-bb1d-4b8b-abb6-e6393836a622,자동차밧데리할인매장,자동차 용품 자동차밧데리,자동차의거리,자율상권구역,광주광역시,3.0,3.0,,,RESOLVED_AGREEMENT,False,3,,,,
71fe7f0cf712b67ee6aa,val,자동차,T6 기계변형,q_자동차_05,자동차추천,생활서비스 중 '자동차'를 판매·제공하는 매장,73a4f1a3-fe00-4d9a-a196-825b8c5accf9,본동상회,야채,좌동재래시장,전통시장,부산광역시,0.0,0.0,,,RESOLVED_AGREEMENT,False,0,,,,
e051c516e8d9bd7401b1,val,자동차,T6 기계변형,q_자동차_05,자동차추천,생활서비스 중 '자동차'를 판매·제공하는 매장,4cc1fceb-b688-4d92-9d6a-14430dbc3573,훠링,자동차용품,충무자동차거리 상점가,자율상권구역,대전광역시,3.0,3.0,,,RESOLVED_AGREEMENT,False,3,,,,
48b4070e787e3963668b,val,자동차,T6 기계변형,q_자동차_05,자동차추천,생활서비스 중 '자동차'를 판매·제공하는 매장,6e5910a3-bfb6-4b93-8b7c-e30c5358bbde,북부 자동차정비검사장 주식회사,자동차수리,"일곡동(제8지역:롯데,벽산,동아,삼호,월드스파)",골목형상점가,광주광역시,3.0,3.0,,,RESOLVED_AGREEMENT,False,3,,,,
a9b7507d452e90a286f6,val,자동차,T6 기계변형,q_자동차_05,자동차추천,생활서비스 중 '자동차'를 판매·제공하는 매장,648b2f97-cf89-42d5-ab89-2bef5850cf6b,엉카,자동차수리,신안교 골목형상점가,골목형상점가,광주광역시,3.0,3.0,,,RESOLVED_AGREEMENT,False,3,,,,
29ee1e5da5d3c6e53a6f,val,자동차,T6 기계변형,q_자동차_05,자동차추천,생활서비스 중 '자동차'를 판매·제공하는 매장,c047ff21-c205-4ffe-b28f-06f7c1017476,카라인 자동차용품점,자동차실내용품,설죽로 패션의거리 골목형상점가,골목형상점가,광주광역시,3.0,3.0,,,RESOLVED_AGREEMENT,False,3,,,,
bbe45445772c59841bb4,val,자동차,T6 기계변형,q_자동차_05,자동차추천,생활서비스 중 '자동차'를 판매·제공하는 매장,91774302-e968-40c4-be3e-b85af9fc5d94,미지트가구죽성점,가구,군산가구거리 상점가,자율상권구역,전북특별자치도,0.0,0.0,,,RESOLVED_AGREEMENT,False,0,,,,
c9e554f0242579d42d83,val,자동차,T6 기계변형,q_자동차_05,자동차추천,생활서비스 중 '자동차'를 판매·제공하는 매장,a13a5aec-085b-42fa-9614-93408f1bb7a8,오션렌터카,자동차임대,중흥행복마을 골목형상점가,골목형상점가,광주광역시,3.0,3.0,,,RESOLVED_AGREEMENT,False,3,,,,
d03e4844309058edee2f,val,자동차,T6 기계변형,q_자동차_05,자동차추천,생활서비스 중 '자동차'를 판매·제공하는 매장,d9acb6fd-07af-4267-b122-6cb6b33b9d63,상아자동차정비,자동차정비,운암 서암대로1 골목형상점가,골목형상점가,광주광역시,3.0,3.0,,,RESOLVED_AGREEMENT,False,3,,,,
6f3d27ec5f227a2c16ba,val,자동차,T6 기계변형,q_자동차_05,자동차추천,생활서비스 중 '자동차'를 판매·제공하는 매장,6b825c62-9391-49d9-8ff8-56f64c93252e,카스팟,자동차튜닝,양산동 행복 골목형상점가,골목형상점가,광주광역시,3.0,3.0,,,RESOLVED_AGREEMENT,False,3,,,,
02fe243b7fa8eedb6d0b,val,자동차,T6 기계변형,q_자동차_05,자동차추천,생활서비스 중 '자동차'를 판매·제공하는 매장,aa2acb20-af1c-4a95-a340-40082cc056ed,빨간자동차,자동차블랙박스,금당산길상인회 골목형상점가,골목형상점가,광주광역시,3.0,3.0,,,RESOLVED_AGREEMENT,False,3,,,,
d35909d4a9ea6a876762,val,자동차,T6 기계변형,q_자동차_05,자동차추천,생활서비스 중 '자동차'를 판매·제공하는 매장,bad4e94e-60a2-42ce-b298-15944caf4bf2,만덕자동차공사,자동차수리,용봉전대상대 골목형상점가,골목형상점가,광주광역시,3.0,3.0,,,RESOLVED_AGREEMENT,False,3,,,,
57cba72552fdf93b96ac,val,자동차,T6 기계변형,q_자동차_05,자동차추천,생활서비스 중 '자동차'를 판매·제공하는 매장,d55f9bbf-6b43-4e66-947c-5032d7ca3f38,대동자동차정비,자동차정비,청학동골목형상점가,골목형상점가,인천광역시,3.0,3.0,,,RESOLVED_AGREEMENT,False,3,,,,
63e2d865a00b287ddfd3,val,자동차,T6 기계변형,q_자동차_05,자동차추천,생활서비스 중 '자동차'를 판매·제공하는 매장,8aaba9a0-9d51-4ad1-b0c8-9db04785d93f,재성카센타,자동차타이어 자동차정비,농성누리상인회 골목형상점가,골목형상점가,광주광역시,3.0,3.0,,,RESOLVED_AGREEMENT,False,3,,,,
f8bf7cfa189f785a415f,val,자동차,T6 기계변형,q_자동차_05,자동차추천,생활서비스 중 '자동차'를 판매·제공하는 매장,34a92850-910a-49db-84a0-d8f7f1ec4d8a,신호자동차정비,자동차수리,광주인쇄거리 골목형상점가,골목형상점가,광주광역시,3.0,3.0,,,RESOLVED_AGREEMENT,False,3,,,,
805c4c20778b4e0656a2,val,자동차,T6 기계변형,q_자동차_05,자동차추천,생활서비스 중 '자동차'를 판매·제공하는 매장,1de20f66-cc9b-4cdd-87be-a1c543384d36,해양자동차정비,자동차정비,마산어시장,전통시장,경상남도,3.0,3.0,,,RESOLVED_AGREEMENT,False,3,,,,
d1fd7eea10a26ee55fac,val,자동차,T6 기계변형,q_자동차_06,자동타,생활서비스 중 '자동차'를 판매·제공하는 매장,32597a1a-0d4f-4fdd-98be-41ef69c3c5f4,한솔카센타,자동차정비,금호푸른상인회 골목형상점가,골목형상점가,광주광역시,3.0,3.0,,,RESOLVED_AGREEMENT,False,3,,,,
9a77e887d9905b9f2813,val,자동차,T6 기계변형,q_자동차_06,자동타,생활서비스 중 '자동차'를 판매·제공하는 매장,0364862c-7f49-4568-ae2c-a574255a8396,달구지모터스,자동차전문정비,광주역 복개로 골목형상점가,골목형상점가,광주광역시,3.0,3.0,,,RESOLVED_AGREEMENT,False,3,,,,
dc003fbb3e2f48425c29,val,자동차,T6 기계변형,q_자동차_06,자동타,생활서비스 중 '자동차'를 판매·제공하는 매장,d036ee97-5621-4372-b1e1-75fc65b69f91,신호휠타,자동차부품,추억담은광주역뒷길 골목형상점가,골목형상점가,광주광역시,3.0,3.0,,,RESOLVED_AGREEMENT,False,3,,,,
099dcc4b7f7c5b55c88b,val,자동차,T6 기계변형,q_자동차_06,자동타,생활서비스 중 '자동차'를 판매·제공하는 매장,c5e49c97-88c2-4743-8355-419911b6e288,오토마스타,자동차 정비,동오마을골목형상점가,골목형상점가,경기도,3.0,3.0,,,RESOLVED_AGREEMENT,False,3,,,,
c6837449663880311c4a,val,자동차,T6 기계변형,q_자동차_06,자동타,생활서비스 중 '자동차'를 판매·제공하는 매장,d917a57f-24d3-476b-87fe-0d4bc9f1e513,화이트모터스,자동차 수리 자동차 부품,장천동상가,자율상권구역,전라남도,3.0,3.0,,,RESOLVED_AGREEMENT,False,3,,,,
dfc843ebc05d7c531d3b,val,자동차,T6 기계변형,q_자동차_06,자동타,생활서비스 중 '자동차'를 판매·제공하는 매장,0c9f6f01-99ed-429d-9f5f-2435a675b9f9,(주)타이어박스,타이어,산수오거리 골목형상점가,골목형상점가,광주광역시,3.0,3.0,,,RESOLVED_AGREEMENT,False,3,,,,
cd1e765894b20e578c5f,val,자동차,T6 기계변형,q_자동차_06,자동타,생활서비스 중 '자동차'를 판매·제공하는 매장,cb7a2366-5c9c-4806-9eca-f1d79069d6c8,동현카센타,자동차수리,임방울거리1구역 골목형상점가,골목형상점가,광주광역시,3.0,3.0,,,RESOLVED_AGREEMENT,False,3,,,,
096b164a86ab02fea7e2,val,자동차,T6 기계변형,q_자동차_06,자동타,생활서비스 중 '자동차'를 판매·제공하는 매장,eaf62962-522a-42bc-9deb-93741f4f8f3d,부성카센타,자동차 정비,문흥금호아파트 골목형상점가,골목형상점가,광주광역시,3.0,3.0,,,RESOLVED_AGREEMENT,False,3,,,,
23a9ac5a03594b2b68ba,val,자동차,T6 기계변형,q_자동차_06,자동타,생활서비스 중 '자동차'를 판매·제공하는 매장,b7b90ef9-80b0-4636-bef2-2632a10779d1,청정카센타,자동차,임방울거리2구역 골목형상점가,골목형상점가,광주광역시,3.0,3.0,,,RESOLVED_AGREEMENT,False,3,,,,
df86ffb64e199dbf12e3,val,자동차,T6 기계변형,q_자동차_06,자동타,생활서비스 중 '자동차'를 판매·제공하는 매장,21d9c559-3c25-4cd7-90f0-8cd5f0936b82,우정카센타,자동차증합수리,중문로 골목형상점가,골목형상점가,광주광역시,3.0,3.0,,,RESOLVED_AGREEMENT,False,3,,,,
34dc251ad5e8255bf0c1,val,자동차,T6 기계변형,q_자동차_06,자동타,생활서비스 중 '자동차'를 판매·제공하는 매장,07631f84-e4b7-45f6-a4af-d96af7d9a2bc,맥카세차용품 24시본점,세차용품,창원 가음시장대상가,전통시장,경상남도,3.0,3.0,,,RESOLVED_AGREEMENT,False,3,,,,
7c3a8107d287b12d51b5,val,자동차,T6 기계변형,q_자동차_06,자동타,생활서비스 중 '자동차'를 판매·제공하는 매장,4b8c1ad3-e840-4ffc-9787-7ceef8efb356,친구카센타,자동차수리,본촌 사랑마을 골목형상점가,골목형상점가,광주광역시,3.0,3.0,,,RESOLVED_AGREEMENT,False,3,,,,
25d4ed3c19c015c2113a,val,자동차,T6 기계변형,q_자동차_06,자동타,생활서비스 중 '자동차'를 판매·제공하는 매장,1ad0f700-b5de-43da-8160-6eac38a5fbaf,트윈랩,자동차필름,중흥자재거리 골목형상점가,골목형상점가,광주광역시,3.0,3.0,,,RESOLVED_AGREEMENT,False,3,,,,
c77ce2df38439c729bb4,val,자동차,T6 기계변형,q_자동차_06,자동타,생활서비스 중 '자동차'를 판매·제공하는 매장,d6ed7cad-bb1d-4b8b-abb6-e6393836a622,자동차밧데리할인매장,자동차 용품 자동차밧데리,자동차의거리,자율상권구역,광주광역시,3.0,3.0,,,RESOLVED_AGREEMENT,False,3,,,,
2f637d912838f78f7928,val,자동차,T6 기계변형,q_자동차_06,자동타,생활서비스 중 '자동차'를 판매·제공하는 매장,dc13ee07-97da-4ff6-a54d-da31c447c5b8,자동차종합병원,자동차 수리업,풍암신암상인회 골목형상점가,골목형상점가,광주광역시,3.0,3.0,,,RESOLVED_AGREEMENT,False,3,,,,
2c8cd1700343fcf1442c,val,자동차,T6 기계변형,q_자동차_06,자동타,생활서비스 중 '자동차'를 판매·제공하는 매장,c109503c-969a-432d-94ad-9a9c50bf259e,대성카센타,자동차수리,오치동 천지인로 골목형상점가,골목형상점가,광주광역시,3.0,3.0,,,RESOLVED_AGREEMENT,False,3,,,,
8898e3b8765a444b2e8e,val,자동차,T6 기계변형,q_자동차_06,자동타,생활서비스 중 '자동차'를 판매·제공하는 매장,1eb171d8-e1fd-43ec-b709-4339381cdc5d,호남카센타,자동차 수리,소촌중앙 골목형상점가,골목형상점가,광주광역시,3.0,3.0,,,RESOLVED_AGREEMENT,False,3,,,,
c32f083c5c6715b69410,val,자동차,T6 기계변형,q_자동차_06,자동타,생활서비스 중 '자동차'를 판매·제공하는 매장,3523a929-ab8e-413b-9aa0-6de672144225,한결담 떡케이크 한식디저트 떡공방,"떡류, 한식디저트",한민시장,전통시장,대전광역시,0.0,0.0,,,RESOLVED_AGREEMENT,False,0,,,,
f4eaefb0283a345ba04f,val,자동차,T6 기계변형,q_자동차_06,자동타,생활서비스 중 '자동차'를 판매·제공하는 매장,7e9258ff-6f38-4d33-9170-e76c95bfb455,성모온누리 약국,의약품 및 의료용품,행복로골목형상점가,골목형상점가,경기도,0.0,0.0,,,RESOLVED_AGREEMENT,False,0,,,,
55abc2d5fce56a8e440e,val,자동차,T6 기계변형,q_자동차_06,자동타,생활서비스 중 '자동차'를 판매·제공하는 매장,6e5910a3-bfb6-4b93-8b7c-e30c5358bbde,북부 자동차정비검사장 주식회사,자동차수리,"일곡동(제8지역:롯데,벽산,동아,삼호,월드스파)",골목형상점가,광주광역시,3.0,3.0,,,RESOLVED_AGREEMENT,False,3,,,,
851f1e07508a2d0c1c3b,val,자동차,T6 기계변형,q_자동차_06,자동타,생활서비스 중 '자동차'를 판매·제공하는 매장,014c1872-bd85-4ebb-8eb6-aca626ce5a1e,빵빵썬팅,자동차썬팅,소촌금봉 골목형상점가,골목형상점가,광주광역시,3.0,3.0,,,RESOLVED_AGREEMENT,False,3,,,,
7e27d4c242ccfa350674,val,자동차,T6 기계변형,q_자동차_06,자동타,생활서비스 중 '자동차'를 판매·제공하는 매장,171ea25d-c592-4bec-8c76-13d558dfe174,다모아카센타,자동차수리,송도용보 골목형상점가,골목형상점가,광주광역시,3.0,3.0,,,RESOLVED_AGREEMENT,False,3,,,,
b773258632417f192ccc,val,자동차,T6 기계변형,q_자동차_06,자동타,생활서비스 중 '자동차'를 판매·제공하는 매장,8433716f-ca06-4f8d-8980-4609a36f309b,미래카센타,자동차 정비,오케이 양산동 골목형상점가,골목형상점가,광주광역시,3.0,3.0,,,RESOLVED_AGREEMENT,False,3,,,,
576f97a55c2a93305001,val,자동차,T6 기계변형,q_자동차_06,자동타,생활서비스 중 '자동차'를 판매·제공하는 매장,fce15069-4a95-4d89-8d47-6a6d96482d48,동우카센타,자동차정비,백운진다리 골목형상점가,골목형상점가,광주광역시,3.0,3.0,,,RESOLVED_AGREEMENT,False,3,,,,
ad87cc611751f2713cd0,val,자동차,T6 기계변형,q_자동차_06,자동타,생활서비스 중 '자동차'를 판매·제공하는 매장,03661ed3-6d9c-45da-af0e-801f3a602206,최신카클리닉광택,광택내부세차,북구빛나는 골목형상점가,골목형상점가,광주광역시,3.0,3.0,,,RESOLVED_AGREEMENT,False,3,,,,
c0920f462c2307b82e86,val,자동차,T6 기계변형,q_자동차_06,자동타,생활서비스 중 '자동차'를 판매·제공하는 매장,86614988-e60f-4681-913c-bc4a0803b660,명동타운,의류,경안전통시장,전통시장,경기도,0.0,0.0,,,RESOLVED_AGREEMENT,False,0,,,,
d08e31d70fed34b05d34,val,자동차,T6 기계변형,q_자동차_06,자동타,생활서비스 중 '자동차'를 판매·제공하는 매장,04ddb261-818a-481f-b130-0f5401a7aaf8,주식회사 타이어메카 화정점,자동차 타이어 및 튜브,화정역상인회 골목형상점가,골목형상점가,광주광역시,3.0,3.0,,,RESOLVED_AGREEMENT,False,3,,,,
e939939d13e0f9e12794,val,자동차,T6 기계변형,q_자동차_06,자동타,생활서비스 중 '자동차'를 판매·제공하는 매장,1422dae7-1c44-4828-b574-146a225ee08d,삼기카센타,자동차정비,"우산주공1,2단지 골목형상점가",골목형상점가,광주광역시,3.0,3.0,,,RESOLVED_AGREEMENT,False,3,,,,
1cfe8de4fd6fc1abf7fe,val,자동차,T6 기계변형,q_자동차_06,자동타,생활서비스 중 '자동차'를 판매·제공하는 매장,10b9430f-42c9-4a01-bf3c-fab0dfc62f00,조은카센타,자동차수리,송도용보 골목형상점가,골목형상점가,광주광역시,3.0,3.0,,,RESOLVED_AGREEMENT,False,3,,,,
6ed5ab54984514d9199e,val,자동차,T6 기계변형,q_자동차_06,자동타,생활서비스 중 '자동차'를 판매·제공하는 매장,09d7ede7-cc32-4f4d-8ccd-523c76541676,고잔자동차정비,"서비스도소매(자동차정비,자동차타이어)",도리섬상점가,자율상권구역,경기도,3.0,3.0,,,RESOLVED_AGREEMENT,False,3,,,,
9d1c346c5660e0d90465,val,자동차,T6 기계변형,q_자동차_06,자동타,생활서비스 중 '자동차'를 판매·제공하는 매장,0c37e37f-d39d-4854-9661-74d177158efa,은혜카센타,자동차정비,삼각동 골목형상점가,골목형상점가,광주광역시,3.0,3.0,,,RESOLVED_AGREEMENT,False,3,,,,
123e4341d33cafc4ac8b,val,자동차,T6 기계변형,q_자동차_06,자동타,생활서비스 중 '자동차'를 판매·제공하는 매장,aaa08e28-782d-4325-b216-44a9a4237c77,현대CT카센타,자동차 정비,우림맛솜씨길골목형상점가,골목형상점가,서울특별시,3.0,3.0,,,RESOLVED_AGREEMENT,False,3,,,,
b85ab49f9adc5ad82ad8,val,자동차,T6 기계변형,q_자동차_06,자동타,생활서비스 중 '자동차'를 판매·제공하는 매장,e570a8a1-c1ca-47c7-b1f8-21be49061d43,쏭카,자동차용품,오치서산초 골목형상점가,골목형상점가,광주광역시,3.0,3.0,,,RESOLVED_AGREEMENT,False,3,,,,
a673323599e634251056,val,자동차,T6 기계변형,q_자동차_06,자동타,생활서비스 중 '자동차'를 판매·제공하는 매장,1efe2647-ca68-418e-9a23-c2b8d4baface,레알당구클럽,당구장,풍동3골목형상점가,골목형상점가,경기도,0.0,0.0,,,RESOLVED_AGREEMENT,False,0,,,,
9b584489b151c437c09c,val,자동차,T6 기계변형,q_자동차_06,자동타,생활서비스 중 '자동차'를 판매·제공하는 매장,2dac1da4-a7f3-4430-acf8-d828ec606f37,동화카센타,자동차정비,서구청먹자골목상인회 골목형상점가,골목형상점가,광주광역시,3.0,3.0,,,RESOLVED_AGREEMENT,False,3,,,,
88f04cf4c13f56390b03,val,자동차,T6 기계변형,q_자동차_06,자동타,생활서비스 중 '자동차'를 판매·제공하는 매장,402a217a-287e-4075-b00f-d28302483e3e,코리아카센타,자동차 정비,임방울거리3구역 골목형상점가,골목형상점가,광주광역시,3.0,3.0,,,RESOLVED_AGREEMENT,False,3,,,,
5c6bf3a20db69b6da8b7,val,자동차,T6 기계변형,q_자동차_06,자동타,생활서비스 중 '자동차'를 판매·제공하는 매장,8aaba9a0-9d51-4ad1-b0c8-9db04785d93f,재성카센타,자동차타이어 자동차정비,농성누리상인회 골목형상점가,골목형상점가,광주광역시,3.0,3.0,,,RESOLVED_AGREEMENT,False,3,,,,
d8f91eefa160e61d8b1d,val,자동차,T6 기계변형,q_자동차_06,자동타,생활서비스 중 '자동차'를 판매·제공하는 매장,0065917f-8506-4309-a8dd-bd4415481501,타이어 할인점 가좌점,타이어,남이동길골목형상점가,골목형상점가,서울특별시,3.0,3.0,,,RESOLVED_AGREEMENT,False,3,,,,
ddcdd8ea9945f93aa572,val,자동차,T6 기계변형,q_자동차_06,자동타,생활서비스 중 '자동차'를 판매·제공하는 매장,5b5ae781-ea63-46f0-8159-de4c39e70a3e,광복카센타,자동차수리,광복마을5길 골목형상점가,골목형상점가,광주광역시,3.0,3.0,,,RESOLVED_AGREEMENT,False,3,,,,
220c55898f0199a2ec3b,val,자동차,T6 기계변형,q_자동차_06,자동타,생활서비스 중 '자동차'를 판매·제공하는 매장,177a6016-759b-474f-b15b-ea22d80d4455,광주대 카,자동차급정비,효덕마을 골목형상점가,골목형상점가,광주광역시,3.0,3.0,,,RESOLVED_AGREEMENT,False,3,,,,
4e65f8587c4c893c5398,val,자동차,T6 기계변형,q_자동차_06,자동타,생활서비스 중 '자동차'를 판매·제공하는 매장,03e53a2d-e76b-4a17-8a69-03a865ad073e,양산카서비스,타이어소매,양산호수공원 골목형상점가,골목형상점가,광주광역시,3.0,3.0,,,RESOLVED_AGREEMENT,False,3,,,,
10a9187aa5efad0a400a,val,자동차,T6 기계변형,q_자동차_06,자동타,생활서비스 중 '자동차'를 판매·제공하는 매장,1771402f-d270-4984-af9c-c88b6bb1e759,에스엠청과,과일,삼각동 골목형상점가,골목형상점가,광주광역시,0.0,0.0,,,RESOLVED_AGREEMENT,False,0,,,,
ceecdc1e2d4f27a74538,val,자동차,T6 기계변형,q_자동차_06,자동타,생활서비스 중 '자동차'를 판매·제공하는 매장,29c310b6-68ef-439e-9281-74ab5562cb60,GS25마장스타점,마트,마장축산물시장,전통시장,서울특별시,0.0,0.0,,,RESOLVED_AGREEMENT,False,0,,,,
97dc82fc9b4ad67bf266,val,자동차,T6 기계변형,q_자동차_06,자동타,생활서비스 중 '자동차'를 판매·제공하는 매장,a834a765-3f23-42a6-95d6-7ed8abf8f737,동네카센타,자동차정비,조종시장,전통시장,경기도,3.0,3.0,,,RESOLVED_AGREEMENT,False,3,,,,
ae4633d7778617259aad,val,자동차,T6 기계변형,q_자동차_06,자동타,생활서비스 중 '자동차'를 판매·제공하는 매장,5b4e6dd6-65d2-487d-8681-30cda1a29c48,월드카센타,자동차정비,어울림양산로 골목형상점가,골목형상점가,광주광역시,3.0,3.0,,,RESOLVED_AGREEMENT,False,3,,,,
b8ff4b2a90fb36725a2c,val,자동차,T6 기계변형,q_자동차_06,자동타,생활서비스 중 '자동차'를 판매·제공하는 매장,8eac9040-018a-4468-8c2b-ddcbb204ee80,영일통가죽,속옷,안산시시민시장,전통시장,경기도,0.0,0.0,,,RESOLVED_AGREEMENT,False,0,,,,
5af240763f32c0d634c8,val,자동차,T6 기계변형,q_자동차_06,자동타,생활서비스 중 '자동차'를 판매·제공하는 매장,cdefbdb7-9b20-4391-b1ff-b3fc79f7a19d,자동차꾸미는집,자동차용품,건국다복 골목형상점가,골목형상점가,광주광역시,3.0,3.0,,,RESOLVED_AGREEMENT,False,3,,,,
cba8167c701031102054,val,자동차,T6 기계변형,q_자동차_06,자동타,생활서비스 중 '자동차'를 판매·제공하는 매장,0106f4d5-7dea-41f3-a7f4-dc5d1e5dc184,대한카클리닉,자동차용품,포항 해도새록새로 골목형상점가,골목형상점가,경상북도,3.0,3.0,,,RESOLVED_AGREEMENT,False,3,,,,
d6780bfc6a5a5477d185,val,자동차,T6 기계변형,q_자동차_06,자동타,생활서비스 중 '자동차'를 판매·제공하는 매장,881238a4-2125-4a7d-b54a-4eca2d31ba1e,정상카센타,자동차정비,문흥동대천로 골목형상점가,골목형상점가,광주광역시,3.0,3.0,,,RESOLVED_AGREEMENT,False,3,,,,
48ec24825e1cd12eb891,val,자동차,T6 기계변형,q_자동차_06,자동타,생활서비스 중 '자동차'를 판매·제공하는 매장,07799824-52aa-47ff-a0da-898f8edeaca8,상무카 세차장,세차,치평동1002상인회 골목형상점가,골목형상점가,광주광역시,3.0,3.0,,,RESOLVED_AGREEMENT,False,3,,,,
a443602ced3b3e8f21d3,val,자동차,T6 기계변형,q_자동차_06,자동타,생활서비스 중 '자동차'를 판매·제공하는 매장,5d9005b9-8746-4d54-a5dc-d4a8a22ac3f5,한국 카센타,자동차정비,효자촌 골목형상점가,골목형상점가,경기도,3.0,3.0,,,RESOLVED_AGREEMENT,False,3,,,,
9f0f026e111cf9392f50,val,자동차,T6 기계변형,q_자동차_06,자동타,생활서비스 중 '자동차'를 판매·제공하는 매장,ffefd5c1-7bfe-4d47-b5d4-2134004f6dee,동성카센타,자동차수리,삼각초 골목형상점가,골목형상점가,광주광역시,3.0,3.0,,,RESOLVED_AGREEMENT,False,3,,,,
ab1190f4e036dfb46087,val,자동차,T6 기계변형,q_자동차_06,자동타,생활서비스 중 '자동차'를 판매·제공하는 매장,021b75ff-e0ed-4fd4-b5e3-f41910253dd8,틴팅크루,자동차선팅,염주골상인회 골목형상점가,골목형상점가,광주광역시,3.0,3.0,,,RESOLVED_AGREEMENT,False,3,,,,
9bfbc82b58ff164e711f,val,자동차,T6 기계변형,q_자동차_06,자동타,생활서비스 중 '자동차'를 판매·제공하는 매장,fc5ea34b-1042-4598-a2ee-12e5dd8312d9,지에프 자동차용품점,자동차용품,금암동 골목형상점가,골목형상점가,충청남도,3.0,3.0,,,RESOLVED_AGREEMENT,False,3,,,,
c388dbbeb03bbd73772f,val,자동차,T6 기계변형,q_자동차_06,자동타,생활서비스 중 '자동차'를 판매·제공하는 매장,0a9b54b8-9842-4c78-a22c-3df50fab911c,둘둘종합카센타,자동차,양산호수공원 골목형상점가,골목형상점가,광주광역시,3.0,3.0,,,RESOLVED_AGREEMENT,False,3,,,,
00be7d57ea349b187076,val,자동차,T6 기계변형,q_자동차_06,자동타,생활서비스 중 '자동차'를 판매·제공하는 매장,859cec86-6a05-405e-bf30-596495473004,미동타올,의류,㈜여수중앙시장,전통시장,전라남도,0.0,0.0,,,RESOLVED_AGREEMENT,False,0,,,,
39bf042cbf5dcd507683,val,자동차,T6 기계변형,q_자동차_06,자동타,생활서비스 중 '자동차'를 판매·제공하는 매장,10324793-d4d2-4ea7-9456-701f2f5bf7a7,코끼리카센타,자동차 수리,봉선먹자골목 골목형상점가,골목형상점가,광주광역시,3.0,3.0,,,RESOLVED_AGREEMENT,False,3,,,,
cfe350512ba62929816d,val,자동차,T6 기계변형,q_자동차_06,자동타,생활서비스 중 '자동차'를 판매·제공하는 매장,68b06b81-0e3f-4da4-9d98-e34bb2c51ca4,화정카 마스타,자동차 정비,상공회의소누리상인회 골목형상점가,골목형상점가,광주광역시,3.0,3.0,,,RESOLVED_AGREEMENT,False,3,,,,
eeea99b2b075156f765d,val,자동차,T6 기계변형,q_자동차_06,자동타,생활서비스 중 '자동차'를 판매·제공하는 매장,052df515-4724-4c04-a825-6448d0af9bf4,미래주유소,유류 자동차 관련 물품 세차,봉주 골목형상점가,골목형상점가,광주광역시,3.0,3.0,,,RESOLVED_AGREEMENT,False,3,,,,
308b79d5e2c0c20ef919,val,자동차,T6 기계변형,q_자동차_06,자동타,생활서비스 중 '자동차'를 판매·제공하는 매장,bdcf3d97-547f-4947-8916-9360f1e7413e,푸른 자동차공업 사,자동차 정비,운암 금호 골목형상점가,골목형상점가,광주광역시,3.0,3.0,,,RESOLVED_AGREEMENT,False,3,,,,
98513389542d6416d4c8,val,자동차,T6 기계변형,q_자동차_06,자동타,생활서비스 중 '자동차'를 판매·제공하는 매장,d45efd1c-28de-4e2e-8b1d-a485ead2275d,오토카센타,자동차 수리,연제주공 골목형상점가,골목형상점가,광주광역시,3.0,3.0,,,RESOLVED_AGREEMENT,False,3,,,,
ce325c9dd7456307eeb9,val,자동차,T6 기계변형,q_자동차_06,자동타,생활서비스 중 '자동차'를 판매·제공하는 매장,c5ef19f8-d0e0-4031-b447-af1c9726787d,이정카센타,자동차 정비,두암2동 도로변 골목형상점가,골목형상점가,광주광역시,3.0,3.0,,,RESOLVED_AGREEMENT,False,3,,,,
ae68cfce75fde956898d,val,자동차,T6 기계변형,q_자동차_06,자동타,생활서비스 중 '자동차'를 판매·제공하는 매장,c047ff21-c205-4ffe-b28f-06f7c1017476,카라인 자동차용품점,자동차실내용품,설죽로 패션의거리 골목형상점가,골목형상점가,광주광역시,3.0,3.0,,,RESOLVED_AGREEMENT,False,3,,,,
2b6013f0503dd3169d05,val,자동차,T6 기계변형,q_자동차_06,자동타,생활서비스 중 '자동차'를 판매·제공하는 매장,0405bac2-8f07-4ea9-a931-e8f992375b61,에스에스개러지,세차,선운별 골목형상점가,골목형상점가,광주광역시,3.0,3.0,,,RESOLVED_AGREEMENT,False,3,,,,
53518ea3ecc09dd79211,val,자동차,T6 기계변형,q_자동차_06,자동타,생활서비스 중 '자동차'를 판매·제공하는 매장,17df3c9a-054e-49ac-b2c7-72056c2a8455,프로카센타,자동차정비,삼각초 골목형상점가,골목형상점가,광주광역시,3.0,3.0,,,RESOLVED_AGREEMENT,False,3,,,,
cff0eca5c2b3a20e486c,val,자동차,T6 기계변형,q_자동차_06,자동타,생활서비스 중 '자동차'를 판매·제공하는 매장,0b0b771b-6092-4e22-80ba-ae284bf94cb6,오렌지 자동차공업사,자동차정비,송정사랑 골목형상점가,골목형상점가,광주광역시,3.0,3.0,,,RESOLVED_AGREEMENT,False,3,,,,
6358becce734aef8d17e,val,자동차,T6 기계변형,q_자동차_06,자동타,생활서비스 중 '자동차'를 판매·제공하는 매장,007fca6d-f508-4b12-a082-dd7537eedc47,대민카공업사,정비,사강시장,전통시장,경기도,3.0,3.0,,,RESOLVED_AGREEMENT,False,3,,,,
f79a17905cb1866f862f,val,자동차,T6 기계변형,q_자동차_06,자동타,생활서비스 중 '자동차'를 판매·제공하는 매장,64a59a49-2290-47f9-8835-afee73938175,로드스타,자동차용품 등,운천테라스길상인회 골목형상점가,골목형상점가,광주광역시,3.0,3.0,,,RESOLVED_AGREEMENT,False,3,,,,
b7eaa199b9ce99d8c8f9,val,자동차,T6 기계변형,q_자동차_06,자동타,생활서비스 중 '자동차'를 판매·제공하는 매장,e22510f3-8a1a-4606-9d4f-295e627d7ef0,까치 자동차,,백운브릿지 골목형상점가,골목형상점가,광주광역시,3.0,3.0,,,RESOLVED_AGREEMENT,False,3,,,,
d2aa4bd3aa96f6660b5a,val,자동차,T6 기계변형,q_자동차_06,자동타,생활서비스 중 '자동차'를 판매·제공하는 매장,38fed6db-9413-4991-a874-56ad675aa31f,월드카센타,자동차정비,운천상무시장 골목형상점가,골목형상점가,광주광역시,3.0,3.0,,,RESOLVED_AGREEMENT,False,3,,,,
64fb5f4c1dfbfdaf3c4e,val,자동차,T6 기계변형,q_자동차_06,자동타,생활서비스 중 '자동차'를 판매·제공하는 매장,f6e288d1-89dd-4036-b3ea-3c846e3a4a9b,고랩,자동차랩핑,김대중컨벤션상인회 골목형상점가,골목형상점가,광주광역시,3.0,3.0,,,RESOLVED_AGREEMENT,False,3,,,,
d157bed65ddad7370e6a,val,자동차,T6 기계변형,q_자동차_06,자동타,생활서비스 중 '자동차'를 판매·제공하는 매장,e9598b45-1862-4a31-951e-34f9c6c15fa1,별난딸기,잼,해남매일시장,전통시장,전라남도,0.0,0.0,,,RESOLVED_AGREEMENT,False,0,,,,
76672800cd3c4bf5f987,val,자동차,T6 기계변형,q_자동차_06,자동타,생활서비스 중 '자동차'를 판매·제공하는 매장,a67510dc-afdb-4369-8c41-3d53f986f882,배터진 뚱돼지 천안본점,고기,두정동상점가,자율상권구역,충청남도,0.0,0.0,,,RESOLVED_AGREEMENT,False,0,,,,
0a6d0ec127b638463143,val,자동차,T6 기계변형,q_자동차_06,자동타,생활서비스 중 '자동차'를 판매·제공하는 매장,e3d2aac3-f6df-4f39-a2f9-cbf9c700a790,애끼카센타,자동차정비,봉산동 골목형상점가,골목형상점가,대전광역시,3.0,3.0,,,RESOLVED_AGREEMENT,False,3,,,,
65335b7c36b831d1a6bf,val,자동차,T6 기계변형,q_자동차_06,자동타,생활서비스 중 '자동차'를 판매·제공하는 매장,c60d4069-2348-494b-94a1-b58586228ecb,종원카센타,자동차수리,삼호읍 중앙 골목형상점가,골목형상점가,전라남도,3.0,3.0,,,RESOLVED_AGREEMENT,False,3,,,,
a569491d9b36ad6961f9,val,자동차,T6 기계변형,q_자동차_06,자동타,생활서비스 중 '자동차'를 판매·제공하는 매장,a13a5aec-085b-42fa-9614-93408f1bb7a8,오션렌터카,자동차임대,중흥행복마을 골목형상점가,골목형상점가,광주광역시,3.0,3.0,,,RESOLVED_AGREEMENT,False,3,,,,
fef4eaf90ca0aa03f8ab,val,자동차,T6 기계변형,q_자동차_06,자동타,생활서비스 중 '자동차'를 판매·제공하는 매장,c67b8e51-c6de-4c01-928f-cac914ea8edc,현대카센타,자동차 정비,송정역카페거리골목형상점가,골목형상점가,서울특별시,3.0,3.0,,,RESOLVED_AGREEMENT,False,3,,,,
b36b8c112d81d27f4375,val,자동차,T6 기계변형,q_자동차_06,자동타,생활서비스 중 '자동차'를 판매·제공하는 매장,020368e8-f148-41e5-a918-1657220b912e,MS골드모터스,자동차정비,금메달 양산택지로 골목형상점가,골목형상점가,광주광역시,3.0,3.0,,,RESOLVED_AGREEMENT,False,3,,,,
b0cce994cfaf9a907c31,val,자동차,T6 기계변형,q_자동차_06,자동타,생활서비스 중 '자동차'를 판매·제공하는 매장,7bf482ea-b3e9-4383-8695-6a12d3d0470d,신창현 자동차서비스,자동차수리,신창중 골목형상점가,골목형상점가,광주광역시,3.0,3.0,,,RESOLVED_AGREEMENT,False,3,,,,
9211324115e2ba845415,val,자동차,T6 기계변형,q_자동차_06,자동타,생활서비스 중 '자동차'를 판매·제공하는 매장,00408c66-8a7e-4f20-896f-490885b394c8,애니카랜드 양산점,자동차 정비,금메달 양산택지로 골목형상점가,골목형상점가,광주광역시,3.0,3.0,,,RESOLVED_AGREEMENT,False,3,,,,
1683ce6172ba762f1929,val,자동차,T6 기계변형,q_자동차_06,자동타,생활서비스 중 '자동차'를 판매·제공하는 매장,f40e160a-b884-48bf-8a96-5fb508707ea8,동타이,마사지,지범골목먹거리타운 골목형상점가,골목형상점가,대구광역시,0.0,0.0,,,RESOLVED_AGREEMENT,False,0,,,,
f1bf4868567a11ca73c6,val,자동차,T6 기계변형,q_자동차_06,자동타,생활서비스 중 '자동차'를 판매·제공하는 매장,a46567f5-be54-49e3-a087-08d46af162d2,대창카센타,자동차 정 비,송하동 골목형상점가,골목형상점가,광주광역시,3.0,3.0,,,RESOLVED_AGREEMENT,False,3,,,,
e6941d2bb22a857f6460,val,자동차,T6 기계변형,q_자동차_06,자동타,생활서비스 중 '자동차'를 판매·제공하는 매장,461c907d-01c2-46dc-9fbe-da39dcfed30d,양산자동차샵,자동차용품,양산호수공원 골목형상점가,골목형상점가,광주광역시,3.0,3.0,,,RESOLVED_AGREEMENT,False,3,,,,
a5a91df923c075a2d1e4,val,자동차,T6 기계변형,q_자동차_06,자동타,생활서비스 중 '자동차'를 판매·제공하는 매장,a801c00b-3a41-4978-9483-da3e6b808da8,삼협,자동차수리,목련 골목형상점가,골목형상점가,광주광역시,3.0,3.0,,,RESOLVED_AGREEMENT,False,3,,,,
b0770f2a69d392d90609,val,자동차,T6 기계변형,q_자동차_06,자동타,생활서비스 중 '자동차'를 판매·제공하는 매장,32a1fa09-b0ec-4733-b99f-22bd478edce7,포남카센타,자동차정비,포남용마거리골목형상점가,골목형상점가,강원특별자치도,3.0,3.0,,,RESOLVED_AGREEMENT,False,3,,,,
155269540fe980bf3850,val,자동차,T6 기계변형,q_자동차_06,자동타,생활서비스 중 '자동차'를 판매·제공하는 매장,036ce424-36f8-4ff7-8bf5-28922acb83c9,우성카프라자,경정비,고성동벚꽃 골목형상점가,골목형상점가,대구광역시,3.0,3.0,,,RESOLVED_AGREEMENT,False,3,,,,
dc2af809b76d3d85ac3b,val,족발,T2 동의어,q_족발_01,배달,음식점 중 '족발'을 판매·제공하는 매장,0fdda0b6-8af0-4e6d-9574-2a8b043c0bc0,이플,"꽃집, 꽃배달",담양중앙2번가 골목형상점가,골목형상점가,전라남도,0.0,0.0,,,RESOLVED_AGREEMENT,False,0,,,,
faa7fc9553e34da0119c,val,족발,T2 동의어,q_족발_01,배달,음식점 중 '족발'을 판매·제공하는 매장,94019ef1-8bfc-45ea-b8be-7e8b0c7b7b35,남경회수산,"활어회포장, 배달",원대신시장,전통시장,대구광역시,0.0,0.0,,,RESOLVED_AGREEMENT,False,0,,,,
ac65da3ba2e3c8a43d0c,val,족발,T2 동의어,q_족발_01,배달,음식점 중 '족발'을 판매·제공하는 매장,dfbc94e8-e519-4c6e-8f82-25460a7fb7e6,버미직화제육,제육 포장 배달,무지개종합상가,자율상권구역,서울특별시,0.0,0.0,,,RESOLVED_AGREEMENT,False,0,,,,
fabd3abc77dfcbee6940,val,족발,T2 동의어,q_족발_01,배달,음식점 중 '족발'을 판매·제공하는 매장,256f159e-1ad9-48f8-b40b-2f31269bf57f,삼3오5,야식,화천재래시장,전통시장,강원특별자치도,1.0,2.0,,,P1_BINARY_THRESHOLD,True,,,,,
fd706c33f10a2df29133,val,족발,T2 동의어,q_족발_01,배달,음식점 중 '족발'을 판매·제공하는 매장,550d2ec8-585e-4a6b-ad01-14694debba03,"대한에너지석유,등유,경유배달,얼음배달",등유,반드레길골목형상점가,골목형상점가,서울특별시,0.0,0.0,,,RESOLVED_AGREEMENT,False,0,,,,
feceb00f69091d254728,val,족발,T2 동의어,q_족발_01,배달,음식점 중 '족발'을 판매·제공하는 매장,97046bce-7933-43f1-9bce-5b049a489891,화성휴게실,배달음식,점촌역전상점가,자율상권구역,경상북도,1.0,0.0,,,P2_GRADED_ONLY,True,,,,,
8aeb83303d646e6b8f9f,val,족발,T2 동의어,q_족발_01,배달,음식점 중 '족발'을 판매·제공하는 매장,3e7be906-2c42-4eab-ad61-91e7069a68f5,윤달,음식,창원 가음시장대상가,전통시장,경상남도,0.0,0.0,,,RESOLVED_AGREEMENT,False,0,,,,
a59ebc8b3ec7ceb220a5,val,족발,T2 동의어,q_족발_01,배달,음식점 중 '족발'을 판매·제공하는 매장,f9ddfdb8-8351-4457-8358-eae9be43c5e1,청학골,한식 배달,쌍용먹자패션거리 골목형상점가,골목형상점가,충청남도,1.0,3.0,,,P1_BINARY_THRESHOLD,True,,,,,
35394b07d0b4e7c8187b,val,족발,T2 동의어,q_족발_01,배달,음식점 중 '족발'을 판매·제공하는 매장,359df784-64ca-44d9-843d-119b126f095a,서산헬퍼,배달,서산동부전통시장,전통시장,충청남도,0.0,0.0,,,RESOLVED_AGREEMENT,False,0,,,,
14574f2798649b29a093,val,족발,T2 동의어,q_족발_01,배달,음식점 중 '족발'을 판매·제공하는 매장,6cddebc1-b1a1-4ce0-8819-89e38f31bf50,사직열쇠,열쇠,사직시장,전통시장,부산광역시,0.0,0.0,,,RESOLVED_AGREEMENT,False,0,,,,
a6e5467f4930e7910998,val,족발,T2 동의어,q_족발_01,배달,음식점 중 '족발'을 판매·제공하는 매장,9b4fc779-b33c-4d82-bee6-9acf7defc3c1,주식회사 두두컴퍼니코리아,배달,자양로13길골목형상점가,골목형상점가,서울특별시,0.0,0.0,,,RESOLVED_AGREEMENT,False,0,,,,
895b245eb311324581dc,val,족발,T2 동의어,q_족발_01,배달,음식점 중 '족발'을 판매·제공하는 매장,0a12d1ae-a606-4bc1-97ab-f35a563b097a,배달마켓,치킨 야식,양양로 골목형상점가,골목형상점가,강원특별자치도,1.0,3.0,,,P1_BINARY_THRESHOLD,True,,,,,
5b4278b85c30a41e6591,val,족발,T2 동의어,q_족발_01,배달,음식점 중 '족발'을 판매·제공하는 매장,26dfe02d-3a5d-4bb2-9835-7708f905992c,로달,의류,송촌동상점가,자율상권구역,대전광역시,0.0,0.0,,,RESOLVED_AGREEMENT,False,0,,,,
434ddb74e3a7b68a0022,val,족발,T2 동의어,q_족발_01,배달,음식점 중 '족발'을 판매·제공하는 매장,5285cf40-0b26-468d-8de8-75666d1c9c73,땅스부대찌개 신불당점,"부대찌개 (포장,배달)",불당지웰4블럭 골목형상점가,골목형상점가,충청남도,0.0,0.0,,,RESOLVED_AGREEMENT,False,0,,,,
ed67373582da33471455,val,족발,T2 동의어,q_족발_01,배달,음식점 중 '족발'을 판매·제공하는 매장,ffb711b1-8464-4a34-afa7-359f837a2e66,최배달 떡순튀 야탑점,분식,야탑 골목형상점가,골목형상점가,경기도,0.0,0.0,,,RESOLVED_AGREEMENT,False,0,,,,
d3cd1985223ee59f9fc7,val,족발,T2 동의어,q_족발_01,배달,음식점 중 '족발'을 판매·제공하는 매장,ad4bd443-1b16-4177-a110-e365fe11647a,배달안경세종지점,안경,한솔동 5~6단지상점가,자율상권구역,세종특별자치시,0.0,0.0,,,RESOLVED_AGREEMENT,False,0,,,,
6c5e27ddda334ac22bf2,val,족발,T2 동의어,q_족발_01,배달,음식점 중 '족발'을 판매·제공하는 매장,1e386222-e23b-49b2-a285-66834fbfc965,미쳐스닭발 현리점,야식,조종시장,전통시장,경기도,1.0,2.0,,,P1_BINARY_THRESHOLD,True,,,,,
b0b047c1e93beb1a2c55,val,족발,T2 동의어,q_족발_01,배달,음식점 중 '족발'을 판매·제공하는 매장,ba8d679e-d93e-40b3-ac26-38cdc8e1ab5e,바로고,배달업,매곡 골목형상점가,골목형상점가,대구광역시,0.0,0.0,,,RESOLVED_AGREEMENT,False,0,,,,
24aa882c4b94880b29ec,val,족발,T2 동의어,q_족발_01,배달,음식점 중 '족발'을 판매·제공하는 매장,025b7d36-94e1-4d2d-97b3-93a81122fcdf,가루,족발 보쌈 막국수,영등포구청역 3번출구 골목형상점가,골목형상점가,서울특별시,3.0,3.0,,,RESOLVED_AGREEMENT,False,3,,,,
ca36478066a26e8854d8,val,족발,T2 동의어,q_족발_01,배달,음식점 중 '족발'을 판매·제공하는 매장,9e09da83-b945-40c2-8d44-2249b665ba84,배달한의원,한의원,물베기 골목형상점가,골목형상점가,대구광역시,0.0,0.0,,,RESOLVED_AGREEMENT,False,0,,,,
9d237b70b92551c589a7,val,족발,T2 동의어,q_족발_01,배달,음식점 중 '족발'을 판매·제공하는 매장,f6683bb8-f10a-4f7c-973f-f581f0654a25,배달상점,일회용기,안락상가시장,전통시장,부산광역시,0.0,0.0,,,RESOLVED_AGREEMENT,False,0,,,,
180c240767f4ad8c59ee,val,족발,T2 동의어,q_족발_01,배달,음식점 중 '족발'을 판매·제공하는 매장,74fec10b-a705-4148-8d55-05c2d7e63040,직구삼,직화구이 배달,상도전통시장,전통시장,서울특별시,0.0,0.0,,,RESOLVED_AGREEMENT,False,0,,,,
489865597bf7ddc133a5,val,족발,T2 동의어,q_족발_01,배달,음식점 중 '족발'을 판매·제공하는 매장,01b038d0-c4c7-40e8-ba71-b4406a191586,아라 맛짱네 족발보쌈,족발보쌈,돈암시장,전통시장,서울특별시,3.0,3.0,,,RESOLVED_AGREEMENT,False,3,,,,
40e8163b163f41ddd5ea,val,족발,T2 동의어,q_족발_01,배달,음식점 중 '족발'을 판매·제공하는 매장,134b3f17-1970-4eca-9e8f-e06a5aecedb8,세탁갤러리(용봉점),세탁물 수거배달,매봉 골목형상점가,골목형상점가,광주광역시,0.0,0.0,,,RESOLVED_AGREEMENT,False,0,,,,
bcab6b63965c172b709c,val,족발,T2 동의어,q_족발_01,배달,음식점 중 '족발'을 판매·제공하는 매장,c8895e29-f69c-4177-9d90-e43389fc363b,부산진구녹즙,음료품 배달 녹즙사업,부전마켓타운 시장활성화구역,상권활성화구역,부산광역시,0.0,0.0,,,RESOLVED_AGREEMENT,False,0,,,,
36edbcfe989dbb1a1014,val,족발,T2 동의어,q_족발_01,배달,음식점 중 '족발'을 판매·제공하는 매장,09de7e76-279f-42dd-8b15-f430ec19d69f,열정국밥,배달음식,"가락마을 1,2단지 골목형상점가(가락마을 1,2단지 상인회)",골목형상점가,세종특별자치시,1.0,0.0,,,P2_GRADED_ONLY,True,,,,,
81e747729da1de81d88c,val,족발,T2 동의어,q_족발_01,배달,음식점 중 '족발'을 판매·제공하는 매장,492b260b-7dff-4391-82d4-e0ed34bce9d8,하나퀵서비스,퀵배달,전곡골목형상점가,골목형상점가,서울특별시,0.0,0.0,,,RESOLVED_AGREEMENT,False,0,,,,
c5bb01426dec3e86059b,val,족발,T2 동의어,q_족발_01,배달,음식점 중 '족발'을 판매·제공하는 매장,45eca081-cc37-40d5-834e-2dcbc5688357,수완푸른녹즙,음료품배달,흑석동 골목형상점가,골목형상점가,광주광역시,0.0,0.0,,,RESOLVED_AGREEMENT,False,0,,,,
817cb3fc2534a81972eb,val,족발,T2 동의어,q_족발_01,배달,음식점 중 '족발'을 판매·제공하는 매장,3a018708-d2ae-4c56-b3aa-8e3822cdbcab,푸줏간삼겹돼지고기배달 건대점,한식,자양로13길골목형상점가,골목형상점가,서울특별시,1.0,3.0,,,P1_BINARY_THRESHOLD,True,,,,,
453b0a8b2baad8ba6251,val,족발,T2 동의어,q_족발_01,배달,음식점 중 '족발'을 판매·제공하는 매장,f3c6bf49-832d-4b9c-a514-dcc8b8da7a03,육식사관학교 도봉점,배달 삼겹,도봉산옛길골목형상점가,골목형상점가,서울특별시,0.0,0.0,,,RESOLVED_AGREEMENT,False,0,,,,
c90ab151be5a87efdfa7,val,족발,T2 동의어,q_족발_01,배달,음식점 중 '족발'을 판매·제공하는 매장,195fa427-5041-4592-bbd8-75c659ce9bcf,돼지야!달려간다,한식 배달,용주로사랑길 골목형상점가,골목형상점가,광주광역시,1.0,3.0,,,P1_BINARY_THRESHOLD,True,,,,,
ed9ded1aa9afd96aefd8,val,족발,T2 동의어,q_족발_01,배달,음식점 중 '족발'을 판매·제공하는 매장,68d55c5c-ba5a-4382-93ee-49dca3b5d64a,영덕상회,음료품 배달 소매,서동향토시장,전통시장,부산광역시,0.0,0.0,,,RESOLVED_AGREEMENT,False,0,,,,
220ec19c4050a119d089,val,족발,T2 동의어,q_족발_01,배달,음식점 중 '족발'을 판매·제공하는 매장,8eee26fb-7b7b-4ecc-ac7a-b98edef14959,배달킹,,계림2동발전 골목형상점가,골목형상점가,,,0.0,Y,,P0_UNCERTAIN_OR_MISSING,True,,,,,
e0689227bb3d31c2f281,val,족발,T2 동의어,q_족발_01,배달,음식점 중 '족발'을 판매·제공하는 매장,4f346fad-b3b9-4c68-8512-9fa531587bd9,포도나무 빈티지,의류,의정부제일시장,전통시장,경기도,0.0,0.0,,,RESOLVED_AGREEMENT,False,0,,,,
58ecd3dc6b3d3e34d587,val,족발,T2 동의어,q_족발_01,배달,음식점 중 '족발'을 판매·제공하는 매장,00831405-3dce-4f59-90cd-81fc3f837a63,보광축산,정육,원당시장(구 원당전통시장),전통시장,경기도,1.0,0.0,,,P2_GRADED_ONLY,True,,,,,
d5c2a40931e223ffd4db,val,족발,T2 동의어,q_족발_01,배달,음식점 중 '족발'을 판매·제공하는 매장,ac8ae64e-ffed-460b-856e-412e6b337d17,신가미가,배달전문,수완중흥대방 골목형상점가,골목형상점가,광주광역시,0.0,0.0,,,RESOLVED_AGREEMENT,False,0,,,,
313f88f7b2b6b9220462,val,족발,T2 동의어,q_족발_01,배달,음식점 중 '족발'을 판매·제공하는 매장,1ca0dc18-bf13-4c60-97e0-c4a0f6e8162f,주현꽃(농원) 플로리스트,"꽃집, 꽃배달",담양중앙2번가 골목형상점가,골목형상점가,전라남도,0.0,0.0,,,RESOLVED_AGREEMENT,False,0,,,,
c700c4d95636387c2637,val,족발,T2 동의어,q_족발_01,배달,음식점 중 '족발'을 판매·제공하는 매장,00a5a31e-6208-4900-9553-18f188bfcbfc,올바른고깃간일곡점,정육점,일곡동 골목형상점가,골목형상점가,광주광역시,1.0,0.0,,,P2_GRADED_ONLY,True,,,,,
5a88fd82d2fe4debd1af,val,족발,T2 동의어,q_족발_01,배달,음식점 중 '족발'을 판매·제공하는 매장,028e11ac-d687-483b-b4cf-8273aed2c3b8,바른보쌈1990,보쌈,서영대 정문 골목형상점가,골목형상점가,광주광역시,3.0,3.0,,,RESOLVED_AGREEMENT,False,3,,,,
777a3f7f4c40fbd7e450,val,족발,T2 동의어,q_족발_01,배달,음식점 중 '족발'을 판매·제공하는 매장,0e64b11b-1d4f-49f9-a1ff-59628ce36a3f,큰달,,부산평화시장,전통시장,부산광역시,,0.0,Y,,P0_UNCERTAIN_OR_MISSING,True,,,,,
501427e8727bdc221053,val,족발,T2 동의어,q_족발_01,배달,음식점 중 '족발'을 판매·제공하는 매장,0072ddc8-1b0b-4a64-b9d0-9eb309854f0c,오뚜기정육점,정육,김제중앙시장,전통시장,전북특별자치도,1.0,0.0,,,P2_GRADED_ONLY,True,,,,,
47aec8b21a2fc05e18cf,val,족발,T2 동의어,q_족발_01,배달,음식점 중 '족발'을 판매·제공하는 매장,8c2c2a92-4c48-4081-90d1-82dc2306a3b0,오늘은 짬뽕,중식,광주송정역세권 상권활성화구역,상권활성화구역,광주광역시,0.0,0.0,,,RESOLVED_AGREEMENT,False,0,,,,
ca4b4c4d8c7cce8c3233,val,족발,T2 동의어,q_족발_01,배달,음식점 중 '족발'을 판매·제공하는 매장,34db63e3-026b-466b-a1bb-5df3ccc48562,대동상회,소매(야채),경동시장,전통시장,서울특별시,0.0,0.0,,,RESOLVED_AGREEMENT,False,0,,,,
2fa7150213f21a677575,val,족발,T2 동의어,q_족발_01,배달,음식점 중 '족발'을 판매·제공하는 매장,d07c8c2f-63bb-43cf-8b90-64876aa37d56,배달상회,농산물,역전시장 상점가,자율상권구역,대전광역시,0.0,0.0,,,RESOLVED_AGREEMENT,False,0,,,,
a60e3ffa20a0c8aec02d,val,족발,T2 동의어,q_족발_01,배달,음식점 중 '족발'을 판매·제공하는 매장,55122a6a-b55e-468a-8235-23ca572c5e88,하얀나라,세탁물수거배달,독립로 백운1동 골목형상점가,골목형상점가,광주광역시,0.0,0.0,,,RESOLVED_AGREEMENT,False,0,,,,
69ab4c41d94c41bde33a,val,족발,T2 동의어,q_족발_01,배달,음식점 중 '족발'을 판매·제공하는 매장,04057e3f-517b-43b5-a1df-62cef13b98c1,구만족발보쌈,족발보쌈,부전상가시장,전통시장,부산광역시,3.0,3.0,,,RESOLVED_AGREEMENT,False,3,,,,
806f42e00c6c3289d221,val,족발,T2 동의어,q_족발_01,배달,음식점 중 '족발'을 판매·제공하는 매장,18fcaf30-b94f-4d0e-9eba-de9a5db63b82,해피크린 유촌버들점,세탁뭄ㄹ수거배달,버들마을상인회 골목형상점가,골목형상점가,광주광역시,0.0,0.0,,,RESOLVED_AGREEMENT,False,0,,,,
b45f9ea6e39e4cf8f1f8,val,족발,T2 동의어,q_족발_01,배달,음식점 중 '족발'을 판매·제공하는 매장,1bc2ecc9-fe5f-4e91-b92c-c96fd24daf14,배달삼겹소문난삼겹강서점,분식,송화벽화시장,전통시장,서울특별시,0.0,0.0,,,RESOLVED_AGREEMENT,False,0,,,,
18c737e97af9cdeb4240,val,족발,T2 동의어,q_족발_01,배달,음식점 중 '족발'을 판매·제공하는 매장,4089007e-2224-4098-880e-94e8a9d424d6,나이키,의류,안동시 대안로 골목형상점가,골목형상점가,경상북도,0.0,0.0,,,RESOLVED_AGREEMENT,False,0,,,,
1bb44e4bcd4bfdf1fd98,val,족발,T2 동의어,q_족발_01,배달,음식점 중 '족발'을 판매·제공하는 매장,12cb0d18-6f73-4028-a9a8-0c03998eb7b4,심야식당,,맹동혁신골목형상점가,골목형상점가,충청북도,1.0,2.0,,,P1_BINARY_THRESHOLD,True,,,,,
fafb7bac94f6362498f7,val,족발,T2 동의어,q_족발_01,배달,음식점 중 '족발'을 판매·제공하는 매장,0c72c975-9033-4aec-acca-e0907d67af8c,대야식당,,익산구시장,전통시장,전북특별자치도,1.0,2.0,,,P1_BINARY_THRESHOLD,True,,,,,
eda6dcd3085d05fdf49d,val,족발,T2 동의어,q_족발_01,배달,음식점 중 '족발'을 판매·제공하는 매장,d6e2c99b-c5e5-418e-a9af-81c9dce84641,배달식탁,한식,신흥로데오거리상점가,골목형상점가,경기도,1.0,3.0,,,P1_BINARY_THRESHOLD,True,,,,,
cc78bcf71f5507c52a92,val,족발,T2 동의어,q_족발_01,배달,음식점 중 '족발'을 판매·제공하는 매장,2077ff1c-222f-443c-a687-d0f88f48b43d,구리주단,원단,광장시장,전통시장,서울특별시,0.0,0.0,,,RESOLVED_AGREEMENT,False,0,,,,
e46872025d4666b8a5dc,val,족발,T2 동의어,q_족발_01,배달,음식점 중 '족발'을 판매·제공하는 매장,923d3e9f-0f79-411c-bdd9-9ce0ba9b5b14,임동사진관 포토린,사진관,임동 골목형상점가,골목형상점가,광주광역시,0.0,0.0,,,RESOLVED_AGREEMENT,False,0,,,,
6a98c332e1c822350462,val,족발,T2 동의어,q_족발_01,배달,음식점 중 '족발'을 판매·제공하는 매장,9385c537-2b03-4353-965e-a3faf1f53017,광자네 배달,족발,권선종합시장,전통시장,경기도,3.0,3.0,,,RESOLVED_AGREEMENT,False,3,,,,
87053bdb336c14a85f10,val,족발,T2 동의어,q_족발_01,배달,음식점 중 '족발'을 판매·제공하는 매장,00e45da9-1bb4-42fa-b0a8-63cdcea52143,수유중앙축산물백화점,정육,수유중앙시장,전통시장,서울특별시,1.0,0.0,,,P2_GRADED_ONLY,True,,,,,
4075d43e0c88025a3c3e,val,족발,T2 동의어,q_족발_01,배달,음식점 중 '족발'을 판매·제공하는 매장,8e586519-4b9a-489a-8a15-0579c3f7b0f3,석쇠로770,일반음식(배달)홀없고배달만한다,사리골상점가,자율상권구역,경기도,0.0,0.0,,,RESOLVED_AGREEMENT,False,0,,,,
96bf937bd2f84951e09c,val,족발,T2 동의어,q_족발_01,배달,음식점 중 '족발'을 판매·제공하는 매장,21f51600-6014-4d48-b194-5661d4a8bb55,우리동네셀프수산,수산물,면목골목시장,전통시장,서울특별시,0.0,0.0,,,RESOLVED_AGREEMENT,False,0,,,,
8f86e96a15085dc61639,val,족발,T2 동의어,q_족발_01,배달,음식점 중 '족발'을 판매·제공하는 매장,beb79cd5-359c-49b2-8508-6282795ee18c,배때지배달삼겹,,석적읍 중리일번지 골목형상점가,골목형상점가,경상북도,,0.0,Y,,P0_UNCERTAIN_OR_MISSING,True,,,,,
0d6594f35dd629875a5a,val,족발,T2 동의어,q_족발_01,배달,음식점 중 '족발'을 판매·제공하는 매장,0008f8f4-4c6e-4c4a-ad64-76aaea3d2d18,대성정육점,정육,평택국제중앙시장,전통시장,경기도,1.0,0.0,,,P2_GRADED_ONLY,True,,,,,
b712b5b3d133222d1e76,val,족발,T2 동의어,q_족발_01,배달,음식점 중 '족발'을 판매·제공하는 매장,4befe4ba-6529-4c58-927b-12b45ccefe64,밥구정로데오송천점,배달음식,솔내로 골목형상점가,골목형상점가,전북특별자치도,1.0,0.0,,,P2_GRADED_ONLY,True,,,,,
62e48875afd9d9636bf0,val,족발,T2 동의어,q_족발_01,배달,음식점 중 '족발'을 판매·제공하는 매장,4ed75aae-093c-4ead-8698-d743aeef147f,꽃집시월,"꽃집, 꽃배달",다정한 골목형상점가,골목형상점가,세종특별자치시,0.0,0.0,,,RESOLVED_AGREEMENT,False,0,,,,
36f2efd62d62b7e84808,val,족발,T2 동의어,q_족발_01,배달,음식점 중 '족발'을 판매·제공하는 매장,43e4a63c-02a7-4289-a8cd-8803cc546731,꽃집인가 봄,꽃 꽃배달,해밀동 골목형상점가,골목형상점가,세종특별자치시,0.0,0.0,,,RESOLVED_AGREEMENT,False,0,,,,
a9514a3f9c1a0addb088,val,족발,T2 동의어,q_족발_01,배달,음식점 중 '족발'을 판매·제공하는 매장,e1b2f579-4819-4e9a-847e-fb9072ea41d7,해피크린 수완이지점,세탁수거배달,수완이지더원 골목형상점가,골목형상점가,광주광역시,0.0,0.0,,,RESOLVED_AGREEMENT,False,0,,,,
2bdba490da8f11b727e8,val,족발,T2 동의어,q_족발_01,배달,음식점 중 '족발'을 판매·제공하는 매장,cb19525f-a770-4337-8ba8-90957d31d84a,주식회사 한얼홀딩스(한얼키친),피자배달 옛날통닭 탄두리탕수육,염주먹자골목A구역상인회 골목형상점가,골목형상점가,광주광역시,0.0,0.0,,,RESOLVED_AGREEMENT,False,0,,,,
4009f5a08b28e929c82c,val,족발,T2 동의어,q_족발_01,배달,음식점 중 '족발'을 판매·제공하는 매장,0032a869-f135-4f13-8f52-eba4a9c3152e,장충동뚱뚱이할머니족발보쌈,족발 보쌈,원효 골목형상점가,골목형상점가,서울특별시,3.0,3.0,,,RESOLVED_AGREEMENT,False,3,,,,
3f563157dcd1e3cc1197,val,족발,T2 동의어,q_족발_01,배달,음식점 중 '족발'을 판매·제공하는 매장,da8b6372-a622-4cb9-a6ea-d842f0ed90db,한국야쿠르트,배달,창원 상남시장,전통시장,경상남도,0.0,0.0,,,RESOLVED_AGREEMENT,False,0,,,,
5dec695d15c2d3a50c6e,val,족발,T2 동의어,q_족발_02,보쌈,음식점 중 '족발'을 판매·제공하는 매장,00a5a31e-6208-4900-9553-18f188bfcbfc,올바른고깃간일곡점,정육점,일곡동 골목형상점가,골목형상점가,광주광역시,1.0,0.0,,,P2_GRADED_ONLY,True,,,,,
276bb67bcebed7b95af5,val,족발,T2 동의어,q_족발_02,보쌈,음식점 중 '족발'을 판매·제공하는 매장,69fb49a9-acde-4830-8c1e-302b6d9bd0eb,선희네식당,보쌈,봉일천전통시장,전통시장,경기도,3.0,3.0,,,RESOLVED_AGREEMENT,False,3,,,,
dbc92781a5e3492a6d0e,val,족발,T2 동의어,q_족발_02,보쌈,음식점 중 '족발'을 판매·제공하는 매장,8372bba4-3b24-4cfb-97a2-97059de86edf,아루나 꽃자재,생화,진주 새서부시장,전통시장,경상남도,0.0,0.0,,,RESOLVED_AGREEMENT,False,0,,,,
ab2c390877555658f481,val,족발,T2 동의어,q_족발_02,보쌈,음식점 중 '족발'을 판매·제공하는 매장,00831405-3dce-4f59-90cd-81fc3f837a63,보광축산,정육,원당시장(구 원당전통시장),전통시장,경기도,1.0,0.0,,,P2_GRADED_ONLY,True,,,,,
8b028a1c0bb5ff204159,val,족발,T2 동의어,q_족발_02,보쌈,음식점 중 '족발'을 판매·제공하는 매장,334c1717-4f8e-4ef5-aa37-7293f84c9f1f,다락,음식(분식),도화동상점가,자율상권구역,서울특별시,0.0,0.0,,,RESOLVED_AGREEMENT,False,0,,,,
49a9e1f3de981f68e06f,val,족발,T2 동의어,q_족발_02,보쌈,음식점 중 '족발'을 판매·제공하는 매장,b540ade3-bb72-41ee-811b-112c8157e1e9,제주수산,신선 및 냉동 기타 수산물,서남신시장,전통시장,대구광역시,0.0,0.0,,,RESOLVED_AGREEMENT,False,0,,,,
f4a8a7eaaa4f79784cf3,val,족발,T2 동의어,q_족발_02,보쌈,음식점 중 '족발'을 판매·제공하는 매장,392783fd-6d71-48ba-b326-e2837e6425b6,서씨네보쌈창원점,보쌈,창원 가음정시장,전통시장,경상남도,3.0,3.0,,,RESOLVED_AGREEMENT,False,3,,,,
533e340471be4c640409,val,족발,T2 동의어,q_족발_02,보쌈,음식점 중 '족발'을 판매·제공하는 매장,c83a2451-3856-47d7-a0d4-f5f76f3910e0,해포,보쌈,이촌종합시장,전통시장,서울특별시,3.0,3.0,,,RESOLVED_AGREEMENT,False,3,,,,
d9900b7119e770d805b7,val,족발,T2 동의어,q_족발_02,보쌈,음식점 중 '족발'을 판매·제공하는 매장,195fa427-5041-4592-bbd8-75c659ce9bcf,돼지야!달려간다,한식 배달,용주로사랑길 골목형상점가,골목형상점가,광주광역시,1.0,1.0,,,RESOLVED_AGREEMENT,False,1,,,,
b7b318232b64f4af9690,val,족발,T2 동의어,q_족발_02,보쌈,음식점 중 '족발'을 판매·제공하는 매장,113b8574-5f22-4128-8d5f-bc01e7d1a30c,섬지기,음식,백사장항 골목형상점가,골목형상점가,충청남도,0.0,0.0,,,RESOLVED_AGREEMENT,False,0,,,,
6ffc1ef0d922ce6fb7e3,val,족발,T2 동의어,q_족발_02,보쌈,음식점 중 '족발'을 판매·제공하는 매장,1571490a-46a5-4c19-908b-4c4b705a9341,어지니 보쌈 &막국수,보쌈,동명동 카페거리 골목형상점가,골목형상점가,광주광역시,3.0,3.0,,,RESOLVED_AGREEMENT,False,3,,,,
ec82971c18910e3edde9,val,족발,T2 동의어,q_족발_02,보쌈,음식점 중 '족발'을 판매·제공하는 매장,8e55f144-a600-49dd-a017-9f62785551e5,족미당,족발 보쌈,상암동상점가,자율상권구역,서울특별시,3.0,3.0,,,RESOLVED_AGREEMENT,False,3,,,,
d677d819ecb5a78ae0ba,val,족발,T2 동의어,q_족발_02,보쌈,음식점 중 '족발'을 판매·제공하는 매장,62ba72d5-96c8-4485-a0d0-006a819d35a6,항아리황금보쌈,보쌈,계수마을상인회 골목형상점가,골목형상점가,광주광역시,3.0,3.0,,,RESOLVED_AGREEMENT,False,3,,,,
2b52aadf4801229b818b,val,족발,T2 동의어,q_족발_02,보쌈,음식점 중 '족발'을 판매·제공하는 매장,2a222eae-9d84-4200-953e-37082685000c,박만배 아리랑 보쌈 광안리점,보쌈,광안리SUP샤카,골목형상점가,부산광역시,3.0,3.0,,,RESOLVED_AGREEMENT,False,3,,,,
81d0d40f9d9fb3dbef57,val,족발,T2 동의어,q_족발_02,보쌈,음식점 중 '족발'을 판매·제공하는 매장,14df7c37-bea0-41fc-932d-3d9e306afcb1,돈통마늘보쌈,보쌈,적성전통시장,전통시장,경기도,3.0,3.0,,,RESOLVED_AGREEMENT,False,3,,,,
c068777e689020a70d5e,val,족발,T2 동의어,q_족발_02,보쌈,음식점 중 '족발'을 판매·제공하는 매장,e833193e-2461-42fe-aea1-0e95a2b5ce7d,"고성족발,보쌈",족발보쌈,고성동벚꽃 골목형상점가,골목형상점가,대구광역시,3.0,3.0,,,RESOLVED_AGREEMENT,False,3,,,,
0501897a434de88de9e5,val,족발,T2 동의어,q_족발_02,보쌈,음식점 중 '족발'을 판매·제공하는 매장,028e11ac-d687-483b-b4cf-8273aed2c3b8,바른보쌈1990,보쌈,서영대 정문 골목형상점가,골목형상점가,광주광역시,3.0,3.0,,,RESOLVED_AGREEMENT,False,3,,,,
46682907530eb8879b9f,val,족발,T2 동의어,q_족발_02,보쌈,음식점 중 '족발'을 판매·제공하는 매장,4e3c8267-a9b1-45c6-b496-1e092ba33c98,용보쌈,보쌈,솔올중앞골목형상점가,골목형상점가,강원특별자치도,3.0,3.0,,,RESOLVED_AGREEMENT,False,3,,,,
b31187efc09af783703a,val,족발,T2 동의어,q_족발_02,보쌈,음식점 중 '족발'을 판매·제공하는 매장,3205cca7-6384-40f5-8a0a-39a46e91726e,보쌈보이,보쌈,대동한마음 골목형상점가,골목형상점가,울산광역시,3.0,3.0,,,RESOLVED_AGREEMENT,False,3,,,,
cc812bf05de1e8c3638c,val,족발,T2 동의어,q_족발_02,보쌈,음식점 중 '족발'을 판매·제공하는 매장,e6ed9ca2-1867-4048-8c1f-43958a12c95d,먹보보쌈,보쌈,운정역 중심상가 골목형상점가,골목형상점가,경기도,3.0,3.0,,,RESOLVED_AGREEMENT,False,3,,,,
ca83eb37228304207a89,val,족발,T2 동의어,q_족발_02,보쌈,음식점 중 '족발'을 판매·제공하는 매장,0032a869-f135-4f13-8f52-eba4a9c3152e,장충동뚱뚱이할머니족발보쌈,족발 보쌈,원효 골목형상점가,골목형상점가,서울특별시,3.0,3.0,,,RESOLVED_AGREEMENT,False,3,,,,
af49849cc3bae407bb14,val,족발,T2 동의어,q_족발_02,보쌈,음식점 중 '족발'을 판매·제공하는 매장,efcbfad4-80f8-44cb-b333-046d496fe53e,대봉 칼국수 보쌈,한식,강남시장,전통시장,서울특별시,2.0,3.0,,,P2_GRADED_ONLY,True,,,,,
e009246a11e29882aa2e,val,족발,T2 동의어,q_족발_02,보쌈,음식점 중 '족발'을 판매·제공하는 매장,01b038d0-c4c7-40e8-ba71-b4406a191586,아라 맛짱네 족발보쌈,족발보쌈,돈암시장,전통시장,서울특별시,3.0,3.0,,,RESOLVED_AGREEMENT,False,3,,,,
24aaf46d2bcbbc1382ca,val,족발,T2 동의어,q_족발_02,보쌈,음식점 중 '족발'을 판매·제공하는 매장,577db823-7f1b-4df2-8517-18cc132ec4eb,원더풀보쌈,보쌈,귀인동먹거리촌 골목형상점가,골목형상점가,경기도,3.0,3.0,,,RESOLVED_AGREEMENT,False,3,,,,
0055ffd6382dbb98d41e,val,족발,T2 동의어,q_족발_02,보쌈,음식점 중 '족발'을 판매·제공하는 매장,710dfea9-32f3-419a-85c8-6a659f50f0ec,항아리보쌈,보쌈,두정동상점가,자율상권구역,충청남도,3.0,3.0,,,RESOLVED_AGREEMENT,False,3,,,,
95b29a2d1cb43a11ed22,val,족발,T2 동의어,q_족발_02,보쌈,음식점 중 '족발'을 판매·제공하는 매장,82e7e932-2cd2-4781-83c9-569da84422e3,항아리보쌈,보쌈,노은역 골목형상점가,골목형상점가,대전광역시,3.0,3.0,,,RESOLVED_AGREEMENT,False,3,,,,
95798e209a82340c6288,val,족발,T2 동의어,q_족발_02,보쌈,음식점 중 '족발'을 판매·제공하는 매장,ade35701-2a59-49e0-a9c7-5a16f9683cbe,송가네보쌈,보쌈 족발,방배역먹자골목 골목형상점가,골목형상점가,서울특별시,3.0,3.0,,,RESOLVED_AGREEMENT,False,3,,,,
c8575783b3e1db5ca445,val,족발,T2 동의어,q_족발_02,보쌈,음식점 중 '족발'을 판매·제공하는 매장,605e8436-5719-4824-8b64-1d14e4eb1efe,푸른마루 보쌈집,보쌈,염주먹자골목A구역상인회 골목형상점가,골목형상점가,광주광역시,3.0,3.0,,,RESOLVED_AGREEMENT,False,3,,,,
2810b0f47b45b95778db,val,족발,T2 동의어,q_족발_02,보쌈,음식점 중 '족발'을 판매·제공하는 매장,18fcaf30-b94f-4d0e-9eba-de9a5db63b82,해피크린 유촌버들점,세탁뭄ㄹ수거배달,버들마을상인회 골목형상점가,골목형상점가,광주광역시,0.0,0.0,,,RESOLVED_AGREEMENT,False,0,,,,
5aa914fc16dd37cf26af,val,족발,T2 동의어,q_족발_02,보쌈,음식점 중 '족발'을 판매·제공하는 매장,06264ea1-e528-4885-81f9-8f8bf4e0722a,충지로 조개보쌈,보쌈,충장로123가 상점가,자율상권구역,광주광역시,3.0,3.0,,,RESOLVED_AGREEMENT,False,3,,,,
6c27cdc9abf3e6301340,val,족발,T2 동의어,q_족발_02,보쌈,음식점 중 '족발'을 판매·제공하는 매장,7139acc2-c6bd-4df9-9917-268a5269fbc3,온기보쌈,보쌈,전포놀이터시장,전통시장,부산광역시,3.0,3.0,,,RESOLVED_AGREEMENT,False,3,,,,
fcaa9a5f8d17451fd371,val,족발,T2 동의어,q_족발_02,보쌈,음식점 중 '족발'을 판매·제공하는 매장,7ee941d6-5480-4834-a340-7a7866a449d3,순자국수보쌈,국수 보쌈,소촌중앙 골목형상점가,골목형상점가,광주광역시,3.0,3.0,,,RESOLVED_AGREEMENT,False,3,,,,
f6a3dff4c05027499144,val,족발,T2 동의어,q_족발_02,보쌈,음식점 중 '족발'을 판매·제공하는 매장,04057e3f-517b-43b5-a1df-62cef13b98c1,구만족발보쌈,족발보쌈,부전상가시장,전통시장,부산광역시,3.0,3.0,,,RESOLVED_AGREEMENT,False,3,,,,
65c5933d8a5670ab3807,val,족발,T2 동의어,q_족발_02,보쌈,음식점 중 '족발'을 판매·제공하는 매장,fbc6b9ba-3228-475e-bd63-6d952f0515bf,안양보쌈,보쌈,루원음식문화거리,골목형상점가,인천광역시,3.0,3.0,,,RESOLVED_AGREEMENT,False,3,,,,
0bc70c3457c35fff976f,val,족발,T2 동의어,q_족발_02,보쌈,음식점 중 '족발'을 판매·제공하는 매장,fc959cb6-2b27-4ba9-a9be-a30fd130f83b,진주상회,보쌈,샤로수길골목형상점가,골목형상점가,서울특별시,3.0,3.0,,,RESOLVED_AGREEMENT,False,3,,,,
2389d935561aa72937c9,val,족발,T2 동의어,q_족발_02,보쌈,음식점 중 '족발'을 판매·제공하는 매장,025b7d36-94e1-4d2d-97b3-93a81122fcdf,가루,족발 보쌈 막국수,영등포구청역 3번출구 골목형상점가,골목형상점가,서울특별시,3.0,3.0,,,RESOLVED_AGREEMENT,False,3,,,,
074851a1f345dbb9cb03,val,족발,T2 동의어,q_족발_02,보쌈,음식점 중 '족발'을 판매·제공하는 매장,0008f8f4-4c6e-4c4a-ad64-76aaea3d2d18,대성정육점,정육,평택국제중앙시장,전통시장,경기도,1.0,0.0,,,P2_GRADED_ONLY,True,,,,,
83d2c9b06d9becac3dc0,val,족발,T2 동의어,q_족발_02,보쌈,음식점 중 '족발'을 판매·제공하는 매장,b664fd25-d979-4159-963b-facd3fab26e5,돈통 마늘 보쌈,마늘보쌈,초지항아리 골목형상점가,골목형상점가,경기도,3.0,3.0,,,RESOLVED_AGREEMENT,False,3,,,,
4543721fc0d13e07b68c,val,족발,T2 동의어,q_족발_02,보쌈,음식점 중 '족발'을 판매·제공하는 매장,fc1d7fea-1013-4d28-8c2b-c2ef1a028aee,명동왕족발보쌈,족발 보쌈,전곡로데오거리 골목형상점가,골목형상점가,경기도,3.0,3.0,,,RESOLVED_AGREEMENT,False,3,,,,
7042178cc082264dd368,val,족발,T2 동의어,q_족발_02,보쌈,음식점 중 '족발'을 판매·제공하는 매장,6de9ec46-8234-45ee-adcd-fa1cc4701c80,해남보쌈,보쌈,풍동3골목형상점가,골목형상점가,경기도,3.0,3.0,,,RESOLVED_AGREEMENT,False,3,,,,
6705e1aab05585678043,val,족발,T2 동의어,q_족발_02,보쌈,음식점 중 '족발'을 판매·제공하는 매장,a9587758-0821-4f24-a82f-14a730823930,칡산에,보쌈,백년소상공인,기타,강원특별자치도,3.0,3.0,,,RESOLVED_AGREEMENT,False,3,,,,
68a12e8473c5f12dc2e0,val,족발,T2 동의어,q_족발_02,보쌈,음식점 중 '족발'을 판매·제공하는 매장,2ffe1a26-7782-4005-aab9-82e2156394fc,바리스타래빗,커피,어진동 골목형상점가,골목형상점가,세종특별자치시,0.0,0.0,,,RESOLVED_AGREEMENT,False,0,,,,
64a6826d119c926d065f,val,족발,T2 동의어,q_족발_02,보쌈,음식점 중 '족발'을 판매·제공하는 매장,256f159e-1ad9-48f8-b40b-2f31269bf57f,삼3오5,야식,화천재래시장,전통시장,강원특별자치도,1.0,2.0,,,P1_BINARY_THRESHOLD,True,,,,,
789d5f2c0ee2b8e69559,val,족발,T2 동의어,q_족발_02,보쌈,음식점 중 '족발'을 판매·제공하는 매장,42e7a77f-8621-4123-9fed-2cb747bf4ebc,"장충동본가왕족발, 보쌈","족발, 보쌈",봉선1로 골목형상점가,골목형상점가,광주광역시,3.0,3.0,,,RESOLVED_AGREEMENT,False,3,,,,
c4fb6f4cb79c7c4f103f,val,족발,T2 동의어,q_족발_02,보쌈,음식점 중 '족발'을 판매·제공하는 매장,a81b351c-6a30-4e09-93b5-f7e31084ce6f,착한가격 굿족발&보쌈,족발 보쌈,우치서하로 골목형상점가,골목형상점가,광주광역시,3.0,3.0,,,RESOLVED_AGREEMENT,False,3,,,,
f1e6e4809a7c1e023c05,val,족발,T2 동의어,q_족발_02,보쌈,음식점 중 '족발'을 판매·제공하는 매장,12cb0d18-6f73-4028-a9a8-0c03998eb7b4,심야식당,,맹동혁신골목형상점가,골목형상점가,충청북도,1.0,2.0,,,P1_BINARY_THRESHOLD,True,,,,,
caa451b39772b857273b,val,족발,T2 동의어,q_족발_02,보쌈,음식점 중 '족발'을 판매·제공하는 매장,2f66710d-8ff2-4cca-adfd-32a03437ee0c,인생보쌈,보쌈,엄사 골목형상점가,골목형상점가,충청남도,3.0,3.0,,,RESOLVED_AGREEMENT,False,3,,,,
fdd867772e1ed9b2207a,val,족발,T2 동의어,q_족발_02,보쌈,음식점 중 '족발'을 판매·제공하는 매장,31640fbb-895f-4e11-a271-f69273df07e2,벨라,여성복,도남시장,전통시장,제주특별자치도,0.0,0.0,,,RESOLVED_AGREEMENT,False,0,,,,
93c938a4e3243848dcd4,val,족발,T2 동의어,q_족발_02,보쌈,음식점 중 '족발'을 판매·제공하는 매장,7798997b-758b-4267-ba8a-ffb8ef6267f2,풍림상회,,대구능금시장,전통시장,대구광역시,0.0,0.0,,,RESOLVED_AGREEMENT,False,0,,,,
7d2b0ba1a711163fe644,val,족발,T2 동의어,q_족발_02,보쌈,음식점 중 '족발'을 판매·제공하는 매장,4adb5cdd-c5fc-4aac-a2b5-f93240b10006,인생충전소본점,보쌈,문창동 보물찾(Chat)길 골목형상점가,골목형상점가,대전광역시,3.0,3.0,,,RESOLVED_AGREEMENT,False,3,,,,
50f09f9923593ef7cac5,val,족발,T2 동의어,q_족발_02,보쌈,음식점 중 '족발'을 판매·제공하는 매장,1e386222-e23b-49b2-a285-66834fbfc965,미쳐스닭발 현리점,야식,조종시장,전통시장,경기도,1.0,2.0,,,P1_BINARY_THRESHOLD,True,,,,,
a53343c408d8b14d8cbf,val,족발,T2 동의어,q_족발_02,보쌈,음식점 중 '족발'을 판매·제공하는 매장,134b3f17-1970-4eca-9e8f-e06a5aecedb8,세탁갤러리(용봉점),세탁물 수거배달,매봉 골목형상점가,골목형상점가,광주광역시,0.0,0.0,,,RESOLVED_AGREEMENT,False,0,,,,
3aeedd9307755d761ca0,val,족발,T2 동의어,q_족발_02,보쌈,음식점 중 '족발'을 판매·제공하는 매장,2b59bc18-36a2-4685-9c7f-413991ed59f1,참족발,족발 및 보쌈,빛가람 하나로 골목형상점가,골목형상점가,전라남도,3.0,3.0,,,RESOLVED_AGREEMENT,False,3,,,,
bb1605388efc5fff70e0,val,족발,T2 동의어,q_족발_02,보쌈,음식점 중 '족발'을 판매·제공하는 매장,b73cae18-f966-4f68-b1bc-940e76df7db9,인생족발,족발 보쌈,소촌중앙 골목형상점가,골목형상점가,광주광역시,3.0,3.0,,,RESOLVED_AGREEMENT,False,3,,,,
160bf7a3030612c24f3d,val,족발,T2 동의어,q_족발_02,보쌈,음식점 중 '족발'을 판매·제공하는 매장,09de7e76-279f-42dd-8b15-f430ec19d69f,열정국밥,배달음식,"가락마을 1,2단지 골목형상점가(가락마을 1,2단지 상인회)",골목형상점가,세종특별자치시,1.0,0.0,,,P2_GRADED_ONLY,True,,,,,
01fc5947c37d274014fe,val,족발,T2 동의어,q_족발_02,보쌈,음식점 중 '족발'을 판매·제공하는 매장,69812b2a-428a-4bfe-a60a-588231f995de,연정보쌈,보쌈,시청소소길,골목형상점가,부산광역시,3.0,3.0,,,RESOLVED_AGREEMENT,False,3,,,,
4c5335168d606014e227,val,족발,T2 동의어,q_족발_02,보쌈,음식점 중 '족발'을 판매·제공하는 매장,f8af8b68-83a8-46a9-bec1-2ad8cc2beb70,초가왕족발보쌈,족발 보쌈,518먹자골목상인회 골목형상점가,골목형상점가,광주광역시,3.0,3.0,,,RESOLVED_AGREEMENT,False,3,,,,
f4219cef47b3d3733093,val,족발,T2 동의어,q_족발_02,보쌈,음식점 중 '족발'을 판매·제공하는 매장,6c2587a8-1299-41d1-8338-f6a8a5cc7225,항아리보쌈 나성점,보쌈,나성동 골목형상점가,골목형상점가,세종특별자치시,3.0,3.0,,,RESOLVED_AGREEMENT,False,3,,,,
f062b8239e55b36cae8f,val,족발,T2 동의어,q_족발_02,보쌈,음식점 중 '족발'을 판매·제공하는 매장,989640f9-2b4f-4730-9c7f-a1c89cb09b5e,신이내린족발과보쌈,족발 보쌈,주천골목형상점가,골목형상점가,강원특별자치도,3.0,3.0,,,RESOLVED_AGREEMENT,False,3,,,,
b1410df8529a2ac80693,val,족발,T2 동의어,q_족발_02,보쌈,음식점 중 '족발'을 판매·제공하는 매장,d58e848f-2ffb-4749-af49-7c25e590b69d,공씨네족발보쌈,족발 보쌈,새마을시장,전통시장,서울특별시,3.0,3.0,,,RESOLVED_AGREEMENT,False,3,,,,
01e197417d6310f2b1e0,val,족발,T2 동의어,q_족발_02,보쌈,음식점 중 '족발'을 판매·제공하는 매장,c3882875-9f8f-4823-8c48-5ea755bb03e2,길족발보쌈,보쌈,유성시장 골목형상점가,골목형상점가,대전광역시,3.0,3.0,,,RESOLVED_AGREEMENT,False,3,,,,
db2820a0c246de00d802,val,족발,T2 동의어,q_족발_02,보쌈,음식점 중 '족발'을 판매·제공하는 매장,3fc008a1-f731-4cd6-b38d-d87ebca9e735,아씨마늘보쌈,보쌈,전곡첫머리거리 골목형상점가,골목형상점가,경기도,3.0,3.0,,,RESOLVED_AGREEMENT,False,3,,,,
4ccdb11e4701c83ea347,val,족발,T2 동의어,q_족발_02,보쌈,음식점 중 '족발'을 판매·제공하는 매장,bfc1e2ef-fc16-4a4d-934c-6f6c987480d2,신똑순이아구찜,한식,두암1동 골목형상점가,골목형상점가,광주광역시,1.0,1.0,,,RESOLVED_AGREEMENT,False,1,,,,
973971235a0518777200,val,족발,T2 동의어,q_족발_02,보쌈,음식점 중 '족발'을 판매·제공하는 매장,4634c6af-0029-4581-ba4b-1f9791bc5a37,정광석항아리보쌈,보쌈,운암동 현대아파트 골목형상점가,골목형상점가,광주광역시,3.0,3.0,,,RESOLVED_AGREEMENT,False,3,,,,
57d03327221c9da3c98d,val,족발,T2 동의어,q_족발_02,보쌈,음식점 중 '족발'을 판매·제공하는 매장,60b99126-f9c5-4aca-aa7b-a7ce460d46a1,정광석항아리보쌈,보쌈,송정사랑 골목형상점가,골목형상점가,광주광역시,3.0,3.0,,,RESOLVED_AGREEMENT,False,3,,,,
2451499fa99ba886511f,val,족발,T2 동의어,q_족발_02,보쌈,음식점 중 '족발'을 판매·제공하는 매장,00e45da9-1bb4-42fa-b0a8-63cdcea52143,수유중앙축산물백화점,정육,수유중앙시장,전통시장,서울특별시,1.0,0.0,,,P2_GRADED_ONLY,True,,,,,
4b2ab625f6384a866c8c,val,족발,T2 동의어,q_족발_02,보쌈,음식점 중 '족발'을 판매·제공하는 매장,54980505-4607-4550-97d1-fa80cb0cee19,청춘오징어보쌈,보쌈,원주중앙로문화의거리,자율상권구역,강원특별자치도,3.0,3.0,,,RESOLVED_AGREEMENT,False,3,,,,
1afc1623704c60309c60,val,족발,T2 동의어,q_족발_02,보쌈,음식점 중 '족발'을 판매·제공하는 매장,4a09271d-64b9-449e-a69c-b619c9365084,구만족발보쌈,족발 보쌈,신금정시장 골목형 상점가,골목형상점가,부산광역시,3.0,3.0,,,RESOLVED_AGREEMENT,False,3,,,,
9727cecdd1df45783841,val,족발,T2 동의어,q_족발_02,보쌈,음식점 중 '족발'을 판매·제공하는 매장,2e03bc01-4482-4877-b12e-ce4e0d35e70b,보쌈제복 구리갈매점,보쌈,초록거리 골목형상점가,골목형상점가,경기도,3.0,3.0,,,RESOLVED_AGREEMENT,False,3,,,,
edb7b7fb6ce447f2d502,val,족발,T2 동의어,q_족발_02,보쌈,음식점 중 '족발'을 판매·제공하는 매장,7d229aac-bb36-4317-95f0-b23880dfe908,항아리보쌈 구갈점,보쌈,구갈상점가,자율상권구역,경기도,3.0,3.0,,,RESOLVED_AGREEMENT,False,3,,,,
faa7433dbda8c5e1ec01,val,족발,T2 동의어,q_족발_02,보쌈,음식점 중 '족발'을 판매·제공하는 매장,0c72c975-9033-4aec-acca-e0907d67af8c,대야식당,,익산구시장,전통시장,전북특별자치도,1.0,2.0,,,P1_BINARY_THRESHOLD,True,,,,,
7b03c667f960fea5f7bf,val,족발,T2 동의어,q_족발_02,보쌈,음식점 중 '족발'을 판매·제공하는 매장,4c767e40-f649-4823-96e0-0f5bfd7a87b2,만배아리랑 보쌈 선학점,보쌈,선학동음식특화거리골목형상점가,골목형상점가,인천광역시,3.0,3.0,,,RESOLVED_AGREEMENT,False,3,,,,
d9157aae9faf0f66b84a,val,족발,T2 동의어,q_족발_02,보쌈,음식점 중 '족발'을 판매·제공하는 매장,f38dadc8-e557-452e-b775-d9c6e84e7608,오연수족발보쌈,족발 보쌈,수완중흥대방 골목형상점가,골목형상점가,광주광역시,3.0,3.0,,,RESOLVED_AGREEMENT,False,3,,,,
0a6a5ec2e20370652433,val,족발,T2 동의어,q_족발_02,보쌈,음식점 중 '족발'을 판매·제공하는 매장,0072ddc8-1b0b-4a64-b9d0-9eb309854f0c,오뚜기정육점,정육,김제중앙시장,전통시장,전북특별자치도,1.0,0.0,,,P2_GRADED_ONLY,True,,,,,
9bce445060086f4a23dd,val,족발,T2 동의어,q_족발_02,보쌈,음식점 중 '족발'을 판매·제공하는 매장,8c2fef96-5cd1-466b-aa2b-463ce8a300b4,우야든동,보쌈,합정동먹자골목골목형상점가,골목형상점가,서울특별시,3.0,3.0,,,RESOLVED_AGREEMENT,False,3,,,,
17e1f84b8d524c800105,val,족발,T2 동의어,q_족발_02,보쌈,음식점 중 '족발'을 판매·제공하는 매장,f9184e20-a338-44be-8e27-8c7bf289a266,항아리보쌈,보쌈,둔산2동 골목형상점가,골목형상점가,대전광역시,3.0,3.0,,,RESOLVED_AGREEMENT,False,3,,,,
22617868c12ade1e2d73,val,족발,T2 동의어,q_족발_02,보쌈,음식점 중 '족발'을 판매·제공하는 매장,98941530-a477-4302-88fb-9ce350801254,항아리보쌈,보쌈,수완머그로 골목형상점가,골목형상점가,광주광역시,3.0,3.0,,,RESOLVED_AGREEMENT,False,3,,,,
f822513e3e6299217a1b,val,족발,T2 동의어,q_족발_02,보쌈,음식점 중 '족발'을 판매·제공하는 매장,3155664a-9360-432d-8c79-8efc7d925598,항아리보쌈,보쌈,관저동 먹자골목 골목형상점가,골목형상점가,대전광역시,3.0,3.0,,,RESOLVED_AGREEMENT,False,3,,,,
d6c5ceb1685bf3c0b068,val,족발,T2 동의어,q_족발_02,보쌈,음식점 중 '족발'을 판매·제공하는 매장,0fdda0b6-8af0-4e6d-9574-2a8b043c0bc0,이플,"꽃집, 꽃배달",담양중앙2번가 골목형상점가,골목형상점가,전라남도,0.0,0.0,,,RESOLVED_AGREEMENT,False,0,,,,
509562085b15fa15cfc6,val,족발,T2 동의어,q_족발_02,보쌈,음식점 중 '족발'을 판매·제공하는 매장,27fd97c1-983a-4015-9662-351e92825b38,장군족발보쌈,"보쌈, 족발",수정로 상권활성화구역,상권활성화구역,경기도,3.0,3.0,,,RESOLVED_AGREEMENT,False,3,,,,
a1f4f2ea6b03ff2c7d16,val,족발,T2 동의어,q_족발_02,보쌈,음식점 중 '족발'을 판매·제공하는 매장,190a5f26-47e9-435c-beb0-54c7e4a07593,세원 족발 보쌈,족발보쌈,무극시장,전통시장,충청북도,3.0,3.0,,,RESOLVED_AGREEMENT,False,3,,,,
04b142f1270b810ea136,val,족발,T2 동의어,q_족발_02,보쌈,음식점 중 '족발'을 판매·제공하는 매장,0a12d1ae-a606-4bc1-97ab-f35a563b097a,배달마켓,치킨 야식,양양로 골목형상점가,골목형상점가,강원특별자치도,1.0,2.0,,,P1_BINARY_THRESHOLD,True,,,,,
b27ccf06894ca02efd93,val,족발,T2 동의어,q_족발_02,보쌈,음식점 중 '족발'을 판매·제공하는 매장,e19caeb2-4a26-48c3-b797-9cc5fe896d08,남해집,보쌈,부평깡통시장(구 부산부평시장),전통시장,부산광역시,3.0,3.0,,,RESOLVED_AGREEMENT,False,3,,,,
f241555a7ec5aba6ba2d,val,족발,T2 동의어,q_족발_03,야식,음식점 중 '족발'을 판매·제공하는 매장,81545b8f-2950-43f4-8a58-3527a651ddb6,반디야식,기타음식점업,무주반딧불상권활성화구역,상권활성화구역,전북특별자치도,1.0,3.0,,,P1_BINARY_THRESHOLD,True,,,,,
d8a195ac032d9981874d,val,족발,T2 동의어,q_족발_03,야식,음식점 중 '족발'을 판매·제공하는 매장,28d95c61-b067-4781-9434-af330ad4c3ca,먹거리야식,한식,오창전통시장,전통시장,충청북도,1.0,3.0,,,P1_BINARY_THRESHOLD,True,,,,,
a1cd182dac2d5d40383c,val,족발,T2 동의어,q_족발_03,야식,음식점 중 '족발'을 판매·제공하는 매장,586a9700-ffe0-4f66-a8b2-56084d0ad0bc,야작,한식,전남대 상대 골목형상점가,골목형상점가,광주광역시,1.0,1.0,,,RESOLVED_AGREEMENT,False,1,,,,
63ab300161145bb94132,val,족발,T2 동의어,q_족발_03,야식,음식점 중 '족발'을 판매·제공하는 매장,0c72c975-9033-4aec-acca-e0907d67af8c,대야식당,,익산구시장,전통시장,전북특별자치도,1.0,3.0,,,P1_BINARY_THRESHOLD,True,,,,,
81b1d19a9ff9844606d4,val,족발,T2 동의어,q_족발_03,야식,음식점 중 '족발'을 판매·제공하는 매장,134b3f17-1970-4eca-9e8f-e06a5aecedb8,세탁갤러리(용봉점),세탁물 수거배달,매봉 골목형상점가,골목형상점가,광주광역시,0.0,0.0,,,RESOLVED_AGREEMENT,False,0,,,,
4dbbf2fdffdc5fbc2e3d,val,족발,T2 동의어,q_족발_03,야식,음식점 중 '족발'을 판매·제공하는 매장,f5ae2c46-151f-4a16-9e64-83d2acc22e58,끼끼야식,음식점,도깨비시장,전통시장,전라남도,1.0,3.0,,,P1_BINARY_THRESHOLD,True,,,,,
3f9981971b03123fa837,val,족발,T2 동의어,q_족발_03,야식,음식점 중 '족발'을 판매·제공하는 매장,195fa427-5041-4592-bbd8-75c659ce9bcf,돼지야!달려간다,한식 배달,용주로사랑길 골목형상점가,골목형상점가,광주광역시,1.0,1.0,,,RESOLVED_AGREEMENT,False,1,,,,
465e6cae55a5c6746035,val,족발,T2 동의어,q_족발_03,야식,음식점 중 '족발'을 판매·제공하는 매장,0fdda0b6-8af0-4e6d-9574-2a8b043c0bc0,이플,"꽃집, 꽃배달",담양중앙2번가 골목형상점가,골목형상점가,전라남도,0.0,0.0,,,RESOLVED_AGREEMENT,False,0,,,,
8c57ac5e46756da345a9,val,족발,T2 동의어,q_족발_03,야식,음식점 중 '족발'을 판매·제공하는 매장,feb6e50e-d1ab-4a64-a9eb-5a8493d5cfc4,상가야식,간이음식점,영월종합상가,전통시장,강원특별자치도,1.0,3.0,,,P1_BINARY_THRESHOLD,True,,,,,
cec102807cfe797a19a9,val,족발,T2 동의어,q_족발_03,야식,음식점 중 '족발'을 판매·제공하는 매장,31cd5f7e-e912-4b38-b737-c85c7b01b108,도람도람,"음식점업(야식,분식)",일죽시장,전통시장,경기도,1.0,3.0,,,P1_BINARY_THRESHOLD,True,,,,,
9f51e3ced5b283a67be6,val,족발,T2 동의어,q_족발_03,야식,음식점 중 '족발'을 판매·제공하는 매장,665daf1d-f51e-41fd-a80c-d28ccdfd64af,야꼬닭(야식을 꼬시는 닭),치킨,오류버들시장골목형상점가,골목형상점가,서울특별시,1.0,3.0,,,P1_BINARY_THRESHOLD,True,,,,,
ae0a66e3779a7c3f8ccb,val,족발,T2 동의어,q_족발_03,야식,음식점 중 '족발'을 판매·제공하는 매장,652c8bb7-d844-469b-841f-1183753b727d,만물,수산물,노량진수산시장골목형상점가,골목형상점가,서울특별시,0.0,0.0,,,RESOLVED_AGREEMENT,False,0,,,,
5b3053742c66ab27b49c,val,족발,T2 동의어,q_족발_03,야식,음식점 중 '족발'을 판매·제공하는 매장,028e11ac-d687-483b-b4cf-8273aed2c3b8,바른보쌈1990,보쌈,서영대 정문 골목형상점가,골목형상점가,광주광역시,3.0,3.0,,,RESOLVED_AGREEMENT,False,3,,,,
4f438a3e649e4f5ef77a,val,족발,T2 동의어,q_족발_03,야식,음식점 중 '족발'을 판매·제공하는 매장,550b9731-3c69-4614-a656-1528400fc7af,88야식,한식,진성 골목형상점가,골목형상점가,전북특별자치도,1.0,3.0,,,P1_BINARY_THRESHOLD,True,,,,,
9ab6e399100543d5c34a,val,족발,T2 동의어,q_족발_03,야식,음식점 중 '족발'을 판매·제공하는 매장,5bd7ae9a-4fcf-44de-82f2-120dbce04ffc,오늘의야식,,북평민속시장(북평민속5일장),전통시장,강원특별자치도,1.0,3.0,,,P1_BINARY_THRESHOLD,True,,,,,
bd98e26929dc92468463,val,족발,T2 동의어,q_족발_03,야식,음식점 중 '족발'을 판매·제공하는 매장,6307df2b-5b4e-4a5a-8b56-165ae6cf3185,무안야식,,승달 골목형상점가,골목형상점가,,1.0,3.0,,,P1_BINARY_THRESHOLD,True,,,,,
3cf5a886106384b282e6,val,족발,T2 동의어,q_족발_03,야식,음식점 중 '족발'을 판매·제공하는 매장,7b5b8822-975c-4cf4-8c18-33b6c7e5c0c1,동네야식,한식,진천중앙시장,전통시장,충청북도,1.0,3.0,,,P1_BINARY_THRESHOLD,True,,,,,
b3c8fddf4519793a1dad,val,족발,T2 동의어,q_족발_03,야식,음식점 중 '족발'을 판매·제공하는 매장,00a5a31e-6208-4900-9553-18f188bfcbfc,올바른고깃간일곡점,정육점,일곡동 골목형상점가,골목형상점가,광주광역시,1.0,0.0,,,P2_GRADED_ONLY,True,,,,,
5df1a91c4297d82fea64,val,족발,T2 동의어,q_족발_03,야식,음식점 중 '족발'을 판매·제공하는 매장,025b7d36-94e1-4d2d-97b3-93a81122fcdf,가루,족발 보쌈 막국수,영등포구청역 3번출구 골목형상점가,골목형상점가,서울특별시,3.0,3.0,,,RESOLVED_AGREEMENT,False,3,,,,
993b33bb45ede2fc247d,val,족발,T2 동의어,q_족발_03,야식,음식점 중 '족발'을 판매·제공하는 매장,d786601b-4691-4874-ad61-828ca74a3410,삼성식당야식,한식,삼성시장(구 음성삼성시장),전통시장,충청북도,1.0,3.0,,,P1_BINARY_THRESHOLD,True,,,,,
1b52bdce692f9d26ab6b,val,족발,T2 동의어,q_족발_03,야식,음식점 중 '족발'을 판매·제공하는 매장,3e966465-3349-4b3e-a749-7bd25b8df38e,황금야식(어부생선구이),한식,수락산디자인거리 골목형상점가,골목형상점가,서울특별시,1.0,3.0,,,P1_BINARY_THRESHOLD,True,,,,,
5be5e816ef329f5bfbf8,val,족발,T2 동의어,q_족발_03,야식,음식점 중 '족발'을 판매·제공하는 매장,269349ff-0bc4-4142-ba4d-5e1a10cf702d,왕 당구장,당구장,엄사 골목형상점가,골목형상점가,충청남도,0.0,0.0,,,RESOLVED_AGREEMENT,False,0,,,,
4fcfc5da9c35f69c13f2,val,족발,T2 동의어,q_족발_03,야식,음식점 중 '족발'을 판매·제공하는 매장,79a1811a-3c21-4b24-abe5-075a0c1de055,태화루,야식,장수시장,전통시장,전북특별자치도,1.0,3.0,,,P1_BINARY_THRESHOLD,True,,,,,
1cbc7fd0e6ec12b37b81,val,족발,T2 동의어,q_족발_03,야식,음식점 중 '족발'을 판매·제공하는 매장,16cb66dd-ca9f-4113-bd45-0773c65ef2e2,둘리야식,한식,결초보은시장(구 보은종합시장),전통시장,충청북도,1.0,3.0,,,P1_BINARY_THRESHOLD,True,,,,,
49be1ecebd6796d1ae59,val,족발,T2 동의어,q_족발_03,야식,음식점 중 '족발'을 판매·제공하는 매장,5b8d50b7-1626-4506-8f11-df48f14009b0,서울야식,한식,단양팔경 골목형상점가,골목형상점가,충청북도,1.0,3.0,,,P1_BINARY_THRESHOLD,True,,,,,
8fc21d67a0059a28da3a,val,족발,T2 동의어,q_족발_03,야식,음식점 중 '족발'을 판매·제공하는 매장,0a12d1ae-a606-4bc1-97ab-f35a563b097a,배달마켓,치킨 야식,양양로 골목형상점가,골목형상점가,강원특별자치도,1.0,3.0,,,P1_BINARY_THRESHOLD,True,,,,,
917a7c8cf0764515ce1f,val,족발,T2 동의어,q_족발_03,야식,음식점 중 '족발'을 판매·제공하는 매장,f7146649-3bfc-4f74-8fe0-44c3d617fb23,현미야식당,한식,영주공설시장,전통시장,경상북도,1.0,3.0,,,P1_BINARY_THRESHOLD,True,,,,,
d98e007d37a3ae24ff2a,val,족발,T2 동의어,q_족발_03,야식,음식점 중 '족발'을 판매·제공하는 매장,73fcfdf8-4763-4690-af0e-366cd67f34ec,뽕구네 야식,한식,영동전통시장,전통시장,충청북도,1.0,3.0,,,P1_BINARY_THRESHOLD,True,,,,,
3374a976243909834bde,val,족발,T2 동의어,q_족발_03,야식,음식점 중 '족발'을 판매·제공하는 매장,cae3314c-285a-4eb6-9385-33532cd01772,자야식당,한식,태전중앙시장,전통시장,대구광역시,1.0,3.0,,,P1_BINARY_THRESHOLD,True,,,,,
4d1b5b2437c96a8a4b35,val,족발,T2 동의어,q_족발_03,야식,음식점 중 '족발'을 판매·제공하는 매장,09de7e76-279f-42dd-8b15-f430ec19d69f,열정국밥,배달음식,"가락마을 1,2단지 골목형상점가(가락마을 1,2단지 상인회)",골목형상점가,세종특별자치시,1.0,0.0,,,P2_GRADED_ONLY,True,,,,,
55d9cae1cea140e738e3,val,족발,T2 동의어,q_족발_03,야식,음식점 중 '족발'을 판매·제공하는 매장,c8ef4fd2-76ba-4a06-8f6a-ba18be000f8e,얼쑤야식,한식,옥천먹자골목형상점가,골목형상점가,충청북도,1.0,3.0,,,P1_BINARY_THRESHOLD,True,,,,,
7d21c56079b8f92607aa,val,족발,T2 동의어,q_족발_03,야식,음식점 중 '족발'을 판매·제공하는 매장,1e386222-e23b-49b2-a285-66834fbfc965,미쳐스닭발 현리점,야식,조종시장,전통시장,경기도,1.0,3.0,,,P1_BINARY_THRESHOLD,True,,,,,
3bd8a4d410f7ecd19f8c,val,족발,T2 동의어,q_족발_03,야식,음식점 중 '족발'을 판매·제공하는 매장,9715ae79-84d2-44ae-b066-5b6c8a54fc95,우영야식,한식,한림대골목형상점가,골목형상점가,강원특별자치도,1.0,3.0,,,P1_BINARY_THRESHOLD,True,,,,,
ad1c0631dc38b7814f2f,val,족발,T2 동의어,q_족발_03,야식,음식점 중 '족발'을 판매·제공하는 매장,00e45da9-1bb4-42fa-b0a8-63cdcea52143,수유중앙축산물백화점,정육,수유중앙시장,전통시장,서울특별시,1.0,0.0,,,P2_GRADED_ONLY,True,,,,,
00b1d005f03b55121725,val,족발,T2 동의어,q_족발_03,야식,음식점 중 '족발'을 판매·제공하는 매장,39517a5c-7690-4ca1-bd5d-4d76e20f5cc4,가야식당,한식,진주 자유시장,전통시장,경상남도,1.0,3.0,,,P1_BINARY_THRESHOLD,True,,,,,
0887ee15eefc325b13f9,val,족발,T2 동의어,q_족발_03,야식,음식점 중 '족발'을 판매·제공하는 매장,18fcaf30-b94f-4d0e-9eba-de9a5db63b82,해피크린 유촌버들점,세탁뭄ㄹ수거배달,버들마을상인회 골목형상점가,골목형상점가,광주광역시,0.0,0.0,,,RESOLVED_AGREEMENT,False,0,,,,
14349065e35501ab74ce,val,족발,T2 동의어,q_족발_03,야식,음식점 중 '족발'을 판매·제공하는 매장,6baae881-a514-451a-8f40-3809f8a4d7a9,투다리황지점,한식(야식),태백중앙로상점가,자율상권구역,강원특별자치도,1.0,3.0,,,P1_BINARY_THRESHOLD,True,,,,,
61f436c516a9f0bf2216,val,족발,T2 동의어,q_족발_03,야식,음식점 중 '족발'을 판매·제공하는 매장,875c6a24-1e68-48a2-a8e2-53842512cbc4,올포유아산온양점,의류,"온양온천시장(온양재래시장, 전통시장)",전통시장,충청남도,0.0,0.0,,,RESOLVED_AGREEMENT,False,0,,,,
a8d3fcc3c036abeb767f,val,족발,T2 동의어,q_족발_03,야식,음식점 중 '족발'을 판매·제공하는 매장,3c853264-277b-4008-8b69-c6e561fd11f1,초야식품,잡화,대림동우리골목형상점가,골목형상점가,서울특별시,1.0,3.0,,,P1_BINARY_THRESHOLD,True,,,,,
9c819ca575d888b39033,val,족발,T2 동의어,q_족발_03,야식,음식점 중 '족발'을 판매·제공하는 매장,256f159e-1ad9-48f8-b40b-2f31269bf57f,삼3오5,야식,화천재래시장,전통시장,강원특별자치도,1.0,3.0,,,P1_BINARY_THRESHOLD,True,,,,,
7748739d83b17fc882aa,val,족발,T2 동의어,q_족발_03,야식,음식점 중 '족발'을 판매·제공하는 매장,0072ddc8-1b0b-4a64-b9d0-9eb309854f0c,오뚜기정육점,정육,김제중앙시장,전통시장,전북특별자치도,1.0,0.0,,,P2_GRADED_ONLY,True,,,,,
1a9411d8348b018f76be,val,족발,T2 동의어,q_족발_03,야식,음식점 중 '족발'을 판매·제공하는 매장,7f4bbd52-5c4d-45a8-a272-aa73fd132fd8,심야식당61,한식,금호1동상가번영회 골목형상점가,골목형상점가,광주광역시,1.0,3.0,,,P1_BINARY_THRESHOLD,True,,,,,
6116eef66afa3aa50ed6,val,족발,T2 동의어,q_족발_03,야식,음식점 중 '족발'을 판매·제공하는 매장,f30ba04c-2f89-4988-a9ad-1e279fc3496e,앤티베이크,,화정금화로상인회 골목형상점가,골목형상점가,,,0.0,Y,,P0_UNCERTAIN_OR_MISSING,True,,,,,
567fcf97cc6abd37d588,val,족발,T2 동의어,q_족발_03,야식,음식점 중 '족발'을 판매·제공하는 매장,cc5a7d1c-45ce-4006-b278-b08f489409da,옥정야식당,한식,고암 골목형상점가,골목형상점가,충청북도,1.0,3.0,,,P1_BINARY_THRESHOLD,True,,,,,
e1b74bb59d0ca1af74a9,val,족발,T2 동의어,q_족발_03,야식,음식점 중 '족발'을 판매·제공하는 매장,9c08f90f-f4b5-45bd-8731-5dde0403ac89,동아리야식,한식,영동전통시장,전통시장,충청북도,1.0,3.0,,,P1_BINARY_THRESHOLD,True,,,,,
3112bdf5dff851236df5,val,족발,T2 동의어,q_족발_03,야식,음식점 중 '족발'을 판매·제공하는 매장,12cb0d18-6f73-4028-a9a8-0c03998eb7b4,심야식당,,맹동혁신골목형상점가,골목형상점가,충청북도,1.0,3.0,,,P1_BINARY_THRESHOLD,True,,,,,
a7c16d2a27055792fc55,val,족발,T2 동의어,q_족발_03,야식,음식점 중 '족발'을 판매·제공하는 매장,1dbd3564-64ea-4c92-887c-4f000aedd390,빌다,여성 의류,춘천지하상가,일반지하상점가,강원특별자치도,0.0,0.0,,,RESOLVED_AGREEMENT,False,0,,,,
c85897db7d025b22d890,val,족발,T2 동의어,q_족발_03,야식,음식점 중 '족발'을 판매·제공하는 매장,081fd55f-6175-46ad-826c-cd954e1015fd,369야식,한식,"임계사통팔달시장(임계시장, 송계5일장)",전통시장,강원특별자치도,1.0,3.0,,,P1_BINARY_THRESHOLD,True,,,,,
b978d22a547ba79fad41,val,족발,T2 동의어,q_족발_03,야식,음식점 중 '족발'을 판매·제공하는 매장,afff78ca-1b7e-4aa6-b0b2-3dae76d80b13,황태도둑아중점,야식,한배미로 골목형상점가,골목형상점가,전북특별자치도,1.0,3.0,,,P1_BINARY_THRESHOLD,True,,,,,
391c95b49f975fa97003,val,족발,T2 동의어,q_족발_03,야식,음식점 중 '족발'을 판매·제공하는 매장,7ef7af2e-177e-4c9b-b9f5-425068dd5584,롯데리아 풍암점,햄버거 치킨,풍암중앙상인회 골목형상점가,골목형상점가,광주광역시,0.0,0.0,,,RESOLVED_AGREEMENT,False,0,,,,
c02235c7d9f1b6845b3b,val,족발,T2 동의어,q_족발_03,야식,음식점 중 '족발'을 판매·제공하는 매장,e8fa7dfa-cfd7-4e45-9ebd-4ca7b3ca170d,귀폭야식,한식,대산종합시장,전통시장,충청남도,1.0,3.0,,,P1_BINARY_THRESHOLD,True,,,,,
b32315a1b9b466242be2,val,족발,T2 동의어,q_족발_03,야식,음식점 중 '족발'을 판매·제공하는 매장,01b038d0-c4c7-40e8-ba71-b4406a191586,아라 맛짱네 족발보쌈,족발보쌈,돈암시장,전통시장,서울특별시,3.0,3.0,,,RESOLVED_AGREEMENT,False,3,,,,
4606cfd29a6c514b6307,val,족발,T2 동의어,q_족발_03,야식,음식점 중 '족발'을 판매·제공하는 매장,440b9e74-647b-4a8f-9ef5-d28e45a8bc57,오야식육,육류,경주중앙시장,전통시장,경상북도,1.0,3.0,,,P1_BINARY_THRESHOLD,True,,,,,
1f45d4f92b3880df2a24,val,족발,T2 동의어,q_족발_03,야식,음식점 중 '족발'을 판매·제공하는 매장,00831405-3dce-4f59-90cd-81fc3f837a63,보광축산,정육,원당시장(구 원당전통시장),전통시장,경기도,1.0,0.0,,,P2_GRADED_ONLY,True,,,,,
44ea8afcc47bbf96dd45,val,족발,T2 동의어,q_족발_03,야식,음식점 중 '족발'을 판매·제공하는 매장,0c9c48da-93d2-4d3e-98d0-261777078c70,떳다야식,한식,죽산골목형상점가,골목형상점가,경기도,1.0,3.0,,,P1_BINARY_THRESHOLD,True,,,,,
bed373cbf6b2c4c2ab32,val,족발,T2 동의어,q_족발_03,야식,음식점 중 '족발'을 판매·제공하는 매장,6a492155-eaef-4dc9-9f3c-2ba2fcac93af,남도야식,김치찌개,빛가람 상리단길 골목형상점가,골목형상점가,전라남도,1.0,3.0,,,P1_BINARY_THRESHOLD,True,,,,,
90ac6e8274fb6570abd9,val,족발,T2 동의어,q_족발_03,야식,음식점 중 '족발'을 판매·제공하는 매장,04057e3f-517b-43b5-a1df-62cef13b98c1,구만족발보쌈,족발보쌈,부전상가시장,전통시장,부산광역시,3.0,3.0,,,RESOLVED_AGREEMENT,False,3,,,,
4658abb9c25d718c8647,val,족발,T2 동의어,q_족발_03,야식,음식점 중 '족발'을 판매·제공하는 매장,a1bd2faa-39a7-49c3-99fe-aaef8333100a,옥야식당,식당,중앙신시장,전통시장,경상북도,1.0,3.0,,,P1_BINARY_THRESHOLD,True,,,,,
ef63ff1eb78aa026bbe4,val,족발,T2 동의어,q_족발_03,야식,음식점 중 '족발'을 판매·제공하는 매장,3b867a8f-5a25-452c-b8c9-3727ad0794ba,홍심야식당,한식,강서구청먹자골목골목형상점가,골목형상점가,서울특별시,1.0,3.0,,,P1_BINARY_THRESHOLD,True,,,,,
2b8b0c968cc62124afa9,val,족발,T2 동의어,q_족발_03,야식,음식점 중 '족발'을 판매·제공하는 매장,0008f8f4-4c6e-4c4a-ad64-76aaea3d2d18,대성정육점,정육,평택국제중앙시장,전통시장,경기도,1.0,0.0,,,P2_GRADED_ONLY,True,,,,,
dc9f708d54e9067a85f1,val,족발,T2 동의어,q_족발_03,야식,음식점 중 '족발'을 판매·제공하는 매장,5f719af2-a736-4447-aa5f-19b97ce1eeea,해성유통,채소,도래미시장,전통시장,강원특별자치도,0.0,0.0,,,RESOLVED_AGREEMENT,False,0,,,,
f8247046649eb2205357,val,족발,T2 동의어,q_족발_03,야식,음식점 중 '족발'을 판매·제공하는 매장,a769a1fe-8f29-48db-8f30-710c56dbb33e,밤마다야식,음식,점촌역전상점가,자율상권구역,경상북도,1.0,3.0,,,P1_BINARY_THRESHOLD,True,,,,,
6d184e855dcb02c1b290,val,족발,T2 동의어,q_족발_03,야식,음식점 중 '족발'을 판매·제공하는 매장,0032a869-f135-4f13-8f52-eba4a9c3152e,장충동뚱뚱이할머니족발보쌈,족발 보쌈,원효 골목형상점가,골목형상점가,서울특별시,3.0,3.0,,,RESOLVED_AGREEMENT,False,3,,,,
620983cbfe7863979464,val,족발,T2 동의어,q_족발_03,야식,음식점 중 '족발'을 판매·제공하는 매장,c11d554d-2cb3-48c0-8a7c-e982e1116006,야저,한식,풍납시장,전통시장,서울특별시,1.0,1.0,,,RESOLVED_AGREEMENT,False,1,,,,
f5985511c393d521d7c1,val,족발,T2 동의어,q_족발_03,야식,음식점 중 '족발'을 판매·제공하는 매장,b64b926c-1ae1-43c0-bcda-0995b2cda52c,안짠게장,간장게장,구월시장,전통시장,인천광역시,0.0,0.0,,,RESOLVED_AGREEMENT,False,0,,,,
917261d474987d3c1225,val,족발,T2 동의어,q_족발_03,야식,음식점 중 '족발'을 판매·제공하는 매장,d479eb04-9fed-40bf-b8a5-5b72de7a6cae,가야식당,한식,김천평화시장,전통시장,경상북도,1.0,3.0,,,P1_BINARY_THRESHOLD,True,,,,,
d9a22e9df274c009d612,val,족발,T2 동의어,q_족발_03,야식,음식점 중 '족발'을 판매·제공하는 매장,4ff7b6bd-e72d-4c65-9f79-69491c65caca,24시야식포차,한식,단양팔경 골목형상점가,골목형상점가,충청북도,1.0,3.0,,,P1_BINARY_THRESHOLD,True,,,,,
37f2d235e5fb8441ed81,val,족발,T2 동의어,q_족발_03,야식,음식점 중 '족발'을 판매·제공하는 매장,ba703ecd-cd85-4ad6-9c78-1deae3f164d1,대야식육점,식육,진해중앙시장,전통시장,경상남도,1.0,3.0,,,P1_BINARY_THRESHOLD,True,,,,,
e21f484e723374afc0fc,val,족발,T2 동의어,q_족발_03,야식,음식점 중 '족발'을 판매·제공하는 매장,b65b1738-23c6-4f9c-9237-6416f17e6c9c,호야식당,식당,무주시장(반딧불장터),전통시장,전북특별자치도,1.0,3.0,,,P1_BINARY_THRESHOLD,True,,,,,
6511b0b6a98ccefdadd1,val,족발,T2 동의어,q_족발_03,야식,음식점 중 '족발'을 판매·제공하는 매장,a9d6ff7b-65ee-4874-97bc-0ff28b867531,왔다야식,한식,결초보은시장(구 보은종합시장),전통시장,충청북도,1.0,3.0,,,P1_BINARY_THRESHOLD,True,,,,,
b96ff130f1cb0e71446d,val,족발,T4 구어·문장,q_족발_04,족발,음식점 중 '족발'을 판매·제공하는 매장,362403cf-87f8-421c-9ae5-fae3dad76cc3,옛날족발,족발,신포시장,전통시장,인천광역시,3.0,3.0,,,RESOLVED_AGREEMENT,False,3,,,,
0ff730c72017584d7cfa,val,족발,T4 구어·문장,q_족발_04,족발,음식점 중 '족발'을 판매·제공하는 매장,0fdda0b6-8af0-4e6d-9574-2a8b043c0bc0,이플,"꽃집, 꽃배달",담양중앙2번가 골목형상점가,골목형상점가,전라남도,0.0,0.0,,,RESOLVED_AGREEMENT,False,0,,,,
3d66c7b413bc65389bd8,val,족발,T4 구어·문장,q_족발_04,족발,음식점 중 '족발'을 판매·제공하는 매장,da1bb03e-9c28-48b8-a560-7cc2bb0ff81d,진족발,족발,하양꿈바우시장,전통시장,경상북도,3.0,3.0,,,RESOLVED_AGREEMENT,False,3,,,,
8e17f21b4daf3803de75,val,족발,T4 구어·문장,q_족발_04,족발,음식점 중 '족발'을 판매·제공하는 매장,f53e100f-d9cf-47f9-a090-24090fcedcd7,조아족발,족발,용호1동골목시장,전통시장,부산광역시,3.0,3.0,,,RESOLVED_AGREEMENT,False,3,,,,
285854471cf431ad2141,val,족발,T4 구어·문장,q_족발_04,족발,음식점 중 '족발'을 판매·제공하는 매장,46dcc84c-1a7a-4d4c-b06e-640ac1d63c56,제일족발,족발,권선종합시장,전통시장,경기도,3.0,3.0,,,RESOLVED_AGREEMENT,False,3,,,,
eb47d43b9c1c13ba2aab,val,족발,T4 구어·문장,q_족발_04,족발,음식점 중 '족발'을 판매·제공하는 매장,3b1f94ef-8e38-4601-bc43-09bc1279835b,고흥족발,족발,고흥전통시장,전통시장,전라남도,3.0,3.0,,,RESOLVED_AGREEMENT,False,3,,,,
50785d7564d8be3e5bd1,val,족발,T4 구어·문장,q_족발_04,족발,음식점 중 '족발'을 판매·제공하는 매장,025b7d36-94e1-4d2d-97b3-93a81122fcdf,가루,족발 보쌈 막국수,영등포구청역 3번출구 골목형상점가,골목형상점가,서울특별시,3.0,3.0,,,RESOLVED_AGREEMENT,False,3,,,,
fe768ab9b642bd572b05,val,족발,T4 구어·문장,q_족발_04,족발,음식점 중 '족발'을 판매·제공하는 매장,d99d56d8-9422-4055-a297-1024564c7284,퉁퉁왕족발,족발,안성 전통 옛장터길 골목형상점가,골목형상점가,경기도,3.0,3.0,,,RESOLVED_AGREEMENT,False,3,,,,
fce27e0c2d029ceb798b,val,족발,T4 구어·문장,q_족발_04,족발,음식점 중 '족발'을 판매·제공하는 매장,00a5a31e-6208-4900-9553-18f188bfcbfc,올바른고깃간일곡점,정육점,일곡동 골목형상점가,골목형상점가,광주광역시,1.0,0.0,,,P2_GRADED_ONLY,True,,,,,
3b2112f59527784e5677,val,족발,T4 구어·문장,q_족발_04,족발,음식점 중 '족발'을 판매·제공하는 매장,5c681fef-0fb0-48b5-8f9e-6084a2f03d7b,중앙족발,족발,남대문시장,전통시장,서울특별시,3.0,3.0,,,RESOLVED_AGREEMENT,False,3,,,,
c20b96f57208821b339c,val,족발,T4 구어·문장,q_족발_04,족발,음식점 중 '족발'을 판매·제공하는 매장,0032a869-f135-4f13-8f52-eba4a9c3152e,장충동뚱뚱이할머니족발보쌈,족발 보쌈,원효 골목형상점가,골목형상점가,서울특별시,3.0,3.0,,,RESOLVED_AGREEMENT,False,3,,,,
1f899e4c10420c37a39b,val,족발,T4 구어·문장,q_족발_04,족발,음식점 중 '족발'을 판매·제공하는 매장,df3a1695-d682-4183-90f1-fb933113c1dd,돈가복 족발,족발,운남동우체국 골목형상점가,골목형상점가,광주광역시,3.0,3.0,,,RESOLVED_AGREEMENT,False,3,,,,
5afa74a11406432ae1db,val,족발,T4 구어·문장,q_족발_04,족발,음식점 중 '족발'을 판매·제공하는 매장,92b42598-8674-4102-a2c3-40094b73974c,진안흑돼지,한식,화정동 서부시장,전통시장,광주광역시,1.0,1.0,,,RESOLVED_AGREEMENT,False,1,,,,
120c544b44f959e92dc1,val,족발,T4 구어·문장,q_족발_04,족발,음식점 중 '족발'을 판매·제공하는 매장,ca751cb2-6743-414c-8104-1e2028a242bd,족발중독,족발,부곡맛고을상가,자율상권구역,경상북도,3.0,3.0,,,RESOLVED_AGREEMENT,False,3,,,,
60abfba6d319e843a628,val,족발,T4 구어·문장,q_족발_04,족발,음식점 중 '족발'을 판매·제공하는 매장,466f2232-a91f-4b8f-91bc-a0da8a1a0b61,오향순대.족발,족발,진해중앙시장,전통시장,경상남도,3.0,3.0,,,RESOLVED_AGREEMENT,False,3,,,,
03ce897647dda76c54ac,val,족발,T4 구어·문장,q_족발_04,족발,음식점 중 '족발'을 판매·제공하는 매장,76870cce-f7a0-4742-b95d-595e4b6dc384,진족발,족발,하양꿈바우시장,전통시장,경상북도,3.0,3.0,,,RESOLVED_AGREEMENT,False,3,,,,
7bde37c0885ce02e11d8,val,족발,T4 구어·문장,q_족발_04,족발,음식점 중 '족발'을 판매·제공하는 매장,0c72c975-9033-4aec-acca-e0907d67af8c,대야식당,,익산구시장,전통시장,전북특별자치도,1.0,2.0,,,P1_BINARY_THRESHOLD,True,,,,,
f052f6532ec8a1c038eb,val,족발,T4 구어·문장,q_족발_04,족발,음식점 중 '족발'을 판매·제공하는 매장,195fa427-5041-4592-bbd8-75c659ce9bcf,돼지야!달려간다,한식 배달,용주로사랑길 골목형상점가,골목형상점가,광주광역시,1.0,1.0,,,RESOLVED_AGREEMENT,False,1,,,,
252bcb8feefc635ceb3e,val,족발,T4 구어·문장,q_족발_04,족발,음식점 중 '족발'을 판매·제공하는 매장,a0a7278a-7f24-418b-b454-a30fcef54c84,족발나라,족발,수원못골종합시장,전통시장,경기도,3.0,3.0,,,RESOLVED_AGREEMENT,False,3,,,,
a0bc162b953da741be74,val,족발,T4 구어·문장,q_족발_04,족발,음식점 중 '족발'을 판매·제공하는 매장,da0daa32-0c83-4ebf-9912-04636c368658,이도족발,족발,안양관양시장,전통시장,경기도,3.0,3.0,,,RESOLVED_AGREEMENT,False,3,,,,
33b257824d1580b3cbc3,val,족발,T4 구어·문장,q_족발_04,족발,음식점 중 '족발'을 판매·제공하는 매장,0a12d1ae-a606-4bc1-97ab-f35a563b097a,배달마켓,치킨 야식,양양로 골목형상점가,골목형상점가,강원특별자치도,1.0,2.0,,,P1_BINARY_THRESHOLD,True,,,,,
868448adfbb3df61d941,val,족발,T4 구어·문장,q_족발_04,족발,음식점 중 '족발'을 판매·제공하는 매장,e79c0e01-320b-4d2d-a385-446a4209138e,영광족발,족발,성대전통시장,전통시장,서울특별시,3.0,3.0,,,RESOLVED_AGREEMENT,False,3,,,,
4efc72a62448393dcbb0,val,족발,T4 구어·문장,q_족발_04,족발,음식점 중 '족발'을 판매·제공하는 매장,f109e1dc-f0e4-4566-a14b-989c590d8fe4,한발두발족발,족발,구영로 골목형상점가,골목형상점가,울산광역시,3.0,3.0,,,RESOLVED_AGREEMENT,False,3,,,,
11abeac68b604f42b87e,val,족발,T4 구어·문장,q_족발_04,족발,음식점 중 '족발'을 판매·제공하는 매장,aa8ef228-718e-4ed4-b80e-6471be74bbec,장생 생고기,돼지요리,영동전통시장,전통시장,충청북도,0.0,2.0,,,P1_BINARY_THRESHOLD,True,,,,,
dcf8ee92f99f9d922ad5,val,족발,T4 구어·문장,q_족발_04,족발,음식점 중 '족발'을 판매·제공하는 매장,0008f8f4-4c6e-4c4a-ad64-76aaea3d2d18,대성정육점,정육,평택국제중앙시장,전통시장,경기도,1.0,0.0,,,P2_GRADED_ONLY,True,,,,,
dde904eb1247afcb233c,val,족발,T4 구어·문장,q_족발_04,족발,음식점 중 '족발'을 판매·제공하는 매장,222043b2-93cf-45ad-8b92-2af23d4eb093,족발마을,족발,충효어린이공원 골목형상점가,골목형상점가,광주광역시,3.0,3.0,,,RESOLVED_AGREEMENT,False,3,,,,
18c7f0125a72442690fa,val,족발,T4 구어·문장,q_족발_04,족발,음식점 중 '족발'을 판매·제공하는 매장,12cb0d18-6f73-4028-a9a8-0c03998eb7b4,심야식당,,맹동혁신골목형상점가,골목형상점가,충청북도,1.0,2.0,,,P1_BINARY_THRESHOLD,True,,,,,
cffb586985a34ca34b54,val,족발,T4 구어·문장,q_족발_04,족발,음식점 중 '족발'을 판매·제공하는 매장,09f8b15d-1a4c-4998-ae08-ecf243012146,바르다치과교정과치과의원,보건,건대로데오거리골목형상점가,골목형상점가,서울특별시,0.0,0.0,,,RESOLVED_AGREEMENT,False,0,,,,
365dddb44c75d2684256,val,족발,T4 구어·문장,q_족발_04,족발,음식점 중 '족발'을 판매·제공하는 매장,cdef48b2-a3f5-41a9-a9f2-1eff97b766aa,최고족발,족발,녹색거리상점가,자율상권구역,경기도,3.0,3.0,,,RESOLVED_AGREEMENT,False,3,,,,
69845b0cc00824bcc2a5,val,족발,T4 구어·문장,q_족발_04,족발,음식점 중 '족발'을 판매·제공하는 매장,a3d0373a-d198-44f7-8550-4d30d6f7f0ba,대평족발,족발,마천중앙시장,전통시장,서울특별시,3.0,3.0,,,RESOLVED_AGREEMENT,False,3,,,,
3066f213ed10d8f3a142,val,족발,T4 구어·문장,q_족발_04,족발,음식점 중 '족발'을 판매·제공하는 매장,d3fc28cc-4002-4fb9-a2de-ce401304934a,조선족발,족발,문창시장,전통시장,대전광역시,3.0,3.0,,,RESOLVED_AGREEMENT,False,3,,,,
db2cda97791150fff73d,val,족발,T4 구어·문장,q_족발_04,족발,음식점 중 '족발'을 판매·제공하는 매장,8eb69b64-f393-4bc5-92f4-e05f072e4ad5,그린족발,족발,덕풍전통시장,전통시장,경기도,3.0,3.0,,,RESOLVED_AGREEMENT,False,3,,,,
76a967d4ddc4097c182f,val,족발,T4 구어·문장,q_족발_04,족발,음식점 중 '족발'을 판매·제공하는 매장,3cfb6131-f9b8-46be-8423-e0371ba8f5f7,제일족발,족발,장미제일시장,전통시장,서울특별시,3.0,3.0,,,RESOLVED_AGREEMENT,False,3,,,,
95f120631884f0f21a01,val,족발,T4 구어·문장,q_족발_04,족발,음식점 중 '족발'을 판매·제공하는 매장,1e386222-e23b-49b2-a285-66834fbfc965,미쳐스닭발 현리점,야식,조종시장,전통시장,경기도,1.0,2.0,,,P1_BINARY_THRESHOLD,True,,,,,
0bcbc530dc5a09fd33c9,val,족발,T4 구어·문장,q_족발_04,족발,음식점 중 '족발'을 판매·제공하는 매장,c3b2d60d-229b-4feb-8aa3-20526f3c6052,족발사랑,족발,구봉산길 골목형상점가,골목형상점가,대전광역시,3.0,3.0,,,RESOLVED_AGREEMENT,False,3,,,,
ed6eb4746a43afc29fa8,val,족발,T4 구어·문장,q_족발_04,족발,음식점 중 '족발'을 판매·제공하는 매장,1250f4ab-b2fc-43b2-b6d6-62b463b6fa9d,족발마씸,족발,지범골목먹거리타운 골목형상점가,골목형상점가,대구광역시,3.0,3.0,,,RESOLVED_AGREEMENT,False,3,,,,
96901bd576f476de3ff8,val,족발,T4 구어·문장,q_족발_04,족발,음식점 중 '족발'을 판매·제공하는 매장,00831405-3dce-4f59-90cd-81fc3f837a63,보광축산,정육,원당시장(구 원당전통시장),전통시장,경기도,1.0,0.0,,,P2_GRADED_ONLY,True,,,,,
31f1f7da5808bca67316,val,족발,T4 구어·문장,q_족발_04,족발,음식점 중 '족발'을 판매·제공하는 매장,d6a97153-2724-4221-a989-8a8e73fbba70,바이킹족발,족발,유성시장 골목형상점가,골목형상점가,대전광역시,3.0,3.0,,,RESOLVED_AGREEMENT,False,3,,,,
c98aa84913230db0dbf3,val,족발,T4 구어·문장,q_족발_04,족발,음식점 중 '족발'을 판매·제공하는 매장,de054395-19bb-41b6-bb68-71a3af0f243f,장모족발,족발,개항희망문화상권 상권활성화구역,상권활성화구역,인천광역시,3.0,3.0,,,RESOLVED_AGREEMENT,False,3,,,,
fd2cbd58dd3d25686a72,val,족발,T4 구어·문장,q_족발_04,족발,음식점 중 '족발'을 판매·제공하는 매장,4ed957de-e617-4114-b6ec-d6d11bd3d52b,33족발,족발,경주중앙시장,전통시장,경상북도,3.0,3.0,,,RESOLVED_AGREEMENT,False,3,,,,
069c085841961d46464d,val,족발,T4 구어·문장,q_족발_04,족발,음식점 중 '족발'을 판매·제공하는 매장,e88b0beb-7881-4161-8ff3-ef00860090f1,거북족발,족발,거북시장,전통시장,인천광역시,3.0,3.0,,,RESOLVED_AGREEMENT,False,3,,,,
80ab303d447f632d804e,val,족발,T4 구어·문장,q_족발_04,족발,음식점 중 '족발'을 판매·제공하는 매장,8bc15133-a581-4ed2-9c43-712eb27bdc57,족발천국,족발,상도전통시장,전통시장,서울특별시,3.0,3.0,,,RESOLVED_AGREEMENT,False,3,,,,
899b27c05bd760408547,val,족발,T4 구어·문장,q_족발_04,족발,음식점 중 '족발'을 판매·제공하는 매장,4e6fcd09-d139-4f93-840f-1fd3b7d9a965,유순영일 족발,족발,동천동먹자골목2번가상인회 골목형상점가,골목형상점가,광주광역시,3.0,3.0,,,RESOLVED_AGREEMENT,False,3,,,,
9449afcef006845f21b7,val,족발,T4 구어·문장,q_족발_04,족발,음식점 중 '족발'을 판매·제공하는 매장,6544fa2b-3c47-446b-8625-1a4b32fc2554,우연족발,족발,못골골목시장,전통시장,부산광역시,3.0,3.0,,,RESOLVED_AGREEMENT,False,3,,,,
5ac9f6de5c33590c3dd3,val,족발,T4 구어·문장,q_족발_04,족발,음식점 중 '족발'을 판매·제공하는 매장,70ef4ba8-7a5f-4fd9-81b5-e735cd10c38a,족발시대,족발,중동사랑시장,전통시장,경기도,3.0,3.0,,,RESOLVED_AGREEMENT,False,3,,,,
0d16844f6593642d5b56,val,족발,T4 구어·문장,q_족발_04,족발,음식점 중 '족발'을 판매·제공하는 매장,aea6a225-a37f-488f-8c82-c732f32a3fde,영웅족발,족발,염주먹자골목A구역상인회 골목형상점가,골목형상점가,광주광역시,3.0,3.0,,,RESOLVED_AGREEMENT,False,3,,,,
b1f1a396d758bcf8b06c,val,족발,T4 구어·문장,q_족발_04,족발,음식점 중 '족발'을 판매·제공하는 매장,d0e8d3c6-a85e-4ac4-91a3-2c04c74f988e,족발이다,족발,양산 나래메트로시티 골목형상점가,골목형상점가,경상남도,3.0,3.0,,,RESOLVED_AGREEMENT,False,3,,,,
244d2a5eddd76f9d9a06,val,족발,T4 구어·문장,q_족발_04,족발,음식점 중 '족발'을 판매·제공하는 매장,1976f224-498c-401f-b928-fa414d030451,양재족발,족발,양재시장,전통시장,서울특별시,3.0,3.0,,,RESOLVED_AGREEMENT,False,3,,,,
31ea45d970eab7dafd3f,val,족발,T4 구어·문장,q_족발_04,족발,음식점 중 '족발'을 판매·제공하는 매장,af7a0f8b-7495-49f8-9f56-4604d36f3fa4,장날족발,족발,동서시장,전통시장,대구광역시,3.0,3.0,,,RESOLVED_AGREEMENT,False,3,,,,
d01b13db8928643c3398,val,족발,T4 구어·문장,q_족발_04,족발,음식점 중 '족발'을 판매·제공하는 매장,4cad0c85-b857-4196-954d-97d375a398ee,족대장,족발,의정부제일시장,전통시장,경기도,3.0,3.0,,,RESOLVED_AGREEMENT,False,3,,,,
fa3cc24586a0b439f43e,val,족발,T4 구어·문장,q_족발_04,족발,음식점 중 '족발'을 판매·제공하는 매장,ccbfb291-81a0-4655-954d-53de5e0a5000,한양큰족발,족발,용호골목시장,전통시장,부산광역시,3.0,3.0,,,RESOLVED_AGREEMENT,False,3,,,,
0873bed4cc0764fd03cb,val,족발,T4 구어·문장,q_족발_04,족발,음식점 중 '족발'을 판매·제공하는 매장,5f1c7bad-f877-4cab-a33c-abf37664677e,교동족발,족발,비단길현대시장,전통시장,서울특별시,3.0,3.0,,,RESOLVED_AGREEMENT,False,3,,,,
657199e8fb19c7a61b21,val,족발,T4 구어·문장,q_족발_04,족발,음식점 중 '족발'을 판매·제공하는 매장,fee726c3-7f4a-43d3-a0ed-bc03916388cb,족발시대,족발,옥천먹자골목형상점가,골목형상점가,충청북도,3.0,3.0,,,RESOLVED_AGREEMENT,False,3,,,,
06eb52eb826a2a00b3cf,val,족발,T4 구어·문장,q_족발_04,족발,음식점 중 '족발'을 판매·제공하는 매장,38541302-aa71-4f57-ad76-d2242f8b31e4,밤스족발,족발,옥련시장,전통시장,인천광역시,3.0,3.0,,,RESOLVED_AGREEMENT,False,3,,,,
27fb5205d5c43913fb5d,val,족발,T4 구어·문장,q_족발_04,족발,음식점 중 '족발'을 판매·제공하는 매장,09de7e76-279f-42dd-8b15-f430ec19d69f,열정국밥,배달음식,"가락마을 1,2단지 골목형상점가(가락마을 1,2단지 상인회)",골목형상점가,세종특별자치시,1.0,0.0,,,P2_GRADED_ONLY,True,,,,,
fef53b53a910864685ab,val,족발,T4 구어·문장,q_족발_04,족발,음식점 중 '족발'을 판매·제공하는 매장,0e6caf34-050d-4c1a-b809-3600066fd23a,푸짐한 족발,족발,반송큰시장,전통시장,부산광역시,3.0,3.0,,,RESOLVED_AGREEMENT,False,3,,,,
9c4c3f58a5e10c5daec3,val,족발,T4 구어·문장,q_족발_04,족발,음식점 중 '족발'을 판매·제공하는 매장,f03d88cd-5816-4f2f-9655-8002a18986d5,불짱족발,족발,전주남부시장,전통시장,전북특별자치도,3.0,3.0,,,RESOLVED_AGREEMENT,False,3,,,,
e7b54f7affcb06b10033,val,족발,T4 구어·문장,q_족발_04,족발,음식점 중 '족발'을 판매·제공하는 매장,c8403d8b-f91d-4956-b664-50ba614c72b2,장춘족발,족발,범천중앙시장,전통시장,부산광역시,3.0,3.0,,,RESOLVED_AGREEMENT,False,3,,,,
ee3f1433c1a081cee556,val,족발,T4 구어·문장,q_족발_04,족발,음식점 중 '족발'을 판매·제공하는 매장,4df5fc19-f458-4915-935f-bf4bb6c4a601,우리식육 족발,족발,부전상가시장,전통시장,부산광역시,3.0,3.0,,,RESOLVED_AGREEMENT,False,3,,,,
3261553a687624ea8400,val,족발,T4 구어·문장,q_족발_04,족발,음식점 중 '족발'을 판매·제공하는 매장,c6c55a9e-da6d-4f19-920a-d521c82cb53d,경북족발,족발,수암상가시장,전통시장,울산광역시,3.0,3.0,,,RESOLVED_AGREEMENT,False,3,,,,
2fc721fa35d1d6a75092,val,족발,T4 구어·문장,q_족발_04,족발,음식점 중 '족발'을 판매·제공하는 매장,6bed68eb-1904-4ca5-b76b-29a5de8ad728,독보족,족발,하단자율상권구역,기타,부산광역시,3.0,3.0,,,RESOLVED_AGREEMENT,False,3,,,,
374bcd98f68dc2e6246e,val,족발,T4 구어·문장,q_족발_04,족발,음식점 중 '족발'을 판매·제공하는 매장,a71b470d-45e3-49b4-b903-38e44977ef9a,단골족발,족발,퇴계원먹자골목상점가,골목형상점가,경기도,3.0,3.0,,,RESOLVED_AGREEMENT,False,3,,,,
6aaa5220ff97aa5eaa4d,val,족발,T4 구어·문장,q_족발_04,족발,음식점 중 '족발'을 판매·제공하는 매장,cfb9e7e7-f7e2-424f-a845-c7d026aeadd8,족발공장,족발,중앙신시장,전통시장,경상북도,3.0,3.0,,,RESOLVED_AGREEMENT,False,3,,,,
c2b7401fb670bb3f60db,val,족발,T4 구어·문장,q_족발_04,족발,음식점 중 '족발'을 판매·제공하는 매장,18fcaf30-b94f-4d0e-9eba-de9a5db63b82,해피크린 유촌버들점,세탁뭄ㄹ수거배달,버들마을상인회 골목형상점가,골목형상점가,광주광역시,0.0,0.0,,,RESOLVED_AGREEMENT,False,0,,,,
15e655ee67f25ee21ae9,val,족발,T4 구어·문장,q_족발_04,족발,음식점 중 '족발'을 판매·제공하는 매장,134b3f17-1970-4eca-9e8f-e06a5aecedb8,세탁갤러리(용봉점),세탁물 수거배달,매봉 골목형상점가,골목형상점가,광주광역시,0.0,0.0,,,RESOLVED_AGREEMENT,False,0,,,,
4a6664f5422274f1ebac,val,족발,T4 구어·문장,q_족발_04,족발,음식점 중 '족발'을 판매·제공하는 매장,e0801f59-244f-42bb-8aef-6782bf17dc8a,또순이네 족발,족발,청주사창시장,전통시장,충청북도,3.0,3.0,,,RESOLVED_AGREEMENT,False,3,,,,
a18b5719fa0bc6292663,val,족발,T4 구어·문장,q_족발_04,족발,음식점 중 '족발'을 판매·제공하는 매장,0072ddc8-1b0b-4a64-b9d0-9eb309854f0c,오뚜기정육점,정육,김제중앙시장,전통시장,전북특별자치도,1.0,0.0,,,P2_GRADED_ONLY,True,,,,,
d920438deca377d91b1a,val,족발,T4 구어·문장,q_족발_04,족발,음식점 중 '족발'을 판매·제공하는 매장,40bf9305-b031-40a8-aaca-b7d6302153d5,족발예찬,족발,첨단이웃사랑 골목형상점가,골목형상점가,광주광역시,3.0,3.0,,,RESOLVED_AGREEMENT,False,3,,,,
7337504179e48c7c8471,val,족발,T4 구어·문장,q_족발_04,족발,음식점 중 '족발'을 판매·제공하는 매장,f0144ae8-6f7f-4fc7-8241-618350eabb09,족발삼촌,족발,창원 성원그랜드쇼핑상가,전통시장,경상남도,3.0,3.0,,,RESOLVED_AGREEMENT,False,3,,,,
e4cfdab1c9a666e1a732,val,족발,T4 구어·문장,q_족발_04,족발,음식점 중 '족발'을 판매·제공하는 매장,a82f17db-8aaa-406f-b216-e9e134a7f25c,용족발,족발,정이있는 구포시장,전통시장,부산광역시,3.0,3.0,,,RESOLVED_AGREEMENT,False,3,,,,
358d7e3f04efc26f527b,val,족발,T4 구어·문장,q_족발_04,족발,음식점 중 '족발'을 판매·제공하는 매장,05fe1193-d152-4060-986e-0d523afdbed7,족발애집,족발,장자호수공원 골목형상점가,골목형상점가,경기도,3.0,3.0,,,RESOLVED_AGREEMENT,False,3,,,,
63e56cbae379a49c2166,val,족발,T4 구어·문장,q_족발_04,족발,음식점 중 '족발'을 판매·제공하는 매장,c3dad736-d041-43dc-91c2-6067fbe678c0,광세족발,족발,반석동 골목형상점가,골목형상점가,대전광역시,3.0,3.0,,,RESOLVED_AGREEMENT,False,3,,,,
ce84bfdb508944d36162,val,족발,T4 구어·문장,q_족발_04,족발,음식점 중 '족발'을 판매·제공하는 매장,ce3ccdfb-637e-441f-9521-63fab31ec422,연제당한의원,의료서비스,월빛 골목형상점가,골목형상점가,광주광역시,0.0,0.0,,,RESOLVED_AGREEMENT,False,0,,,,
c5f1be6ae2f6e1cc7773,val,족발,T4 구어·문장,q_족발_04,족발,음식점 중 '족발'을 판매·제공하는 매장,fe52d089-e644-45f0-97ef-2e546c22103a,로얄하모니,커튼,부산진시장,전통시장,부산광역시,0.0,0.0,,,RESOLVED_AGREEMENT,False,0,,,,
1be68e95abdac89cfbf5,val,족발,T4 구어·문장,q_족발_04,족발,음식점 중 '족발'을 판매·제공하는 매장,c67a9114-3bac-4c3d-85bb-1ed8a1913579,족발나라,족발,"온양온천시장(온양재래시장, 전통시장)",전통시장,충청남도,3.0,3.0,,,RESOLVED_AGREEMENT,False,3,,,,
7b9a468bfeac2852d568,val,족발,T4 구어·문장,q_족발_04,족발,음식점 중 '족발'을 판매·제공하는 매장,256f159e-1ad9-48f8-b40b-2f31269bf57f,삼3오5,야식,화천재래시장,전통시장,강원특별자치도,1.0,2.0,,,P1_BINARY_THRESHOLD,True,,,,,
bd34c0a88494083fe2e4,val,족발,T4 구어·문장,q_족발_04,족발,음식점 중 '족발'을 판매·제공하는 매장,2b2a0cfb-de9b-4b80-903d-e7fc8c56d845,중앙족발,족발,신장전통시장,전통시장,경기도,3.0,3.0,,,RESOLVED_AGREEMENT,False,3,,,,
b82130bb9d67013ab625,val,족발,T4 구어·문장,q_족발_04,족발,음식점 중 '족발'을 판매·제공하는 매장,458f126a-48d0-497e-a652-e5178fbbd60a,마초족발,족발,둔전골목형상점가,골목형상점가,경기도,3.0,3.0,,,RESOLVED_AGREEMENT,False,3,,,,
4402e4843fe09d35cb66,val,족발,T4 구어·문장,q_족발_04,족발,음식점 중 '족발'을 판매·제공하는 매장,542b830c-1989-4942-ae93-66e79015c533,해태족발,족발,수완나들목 골목형상점가,골목형상점가,광주광역시,3.0,3.0,,,RESOLVED_AGREEMENT,False,3,,,,
5f1e2019e50c5d73c998,val,족발,T4 구어·문장,q_족발_04,족발,음식점 중 '족발'을 판매·제공하는 매장,89202300-8ce0-4092-8022-77ea90b82423,족발천국,족발,박달시장,전통시장,경기도,3.0,3.0,,,RESOLVED_AGREEMENT,False,3,,,,
e02c3550784759613a1c,val,족발,T4 구어·문장,q_족발_04,족발,음식점 중 '족발'을 판매·제공하는 매장,def4c406-34df-4092-9408-f8c148039f07,사직왕하족발,족발,사직시장,전통시장,부산광역시,3.0,3.0,,,RESOLVED_AGREEMENT,False,3,,,,
b932978eeee8ee938207,val,족발,T4 구어·문장,q_족발_04,족발,음식점 중 '족발'을 판매·제공하는 매장,35e339ad-48e9-42a6-9c70-3d16c65f25a9,브라더 족발,족발,오창전통시장,전통시장,충청북도,3.0,3.0,,,RESOLVED_AGREEMENT,False,3,,,,
df8c47c6229a1ecca8c9,val,족발,T4 구어·문장,q_족발_04,족발,음식점 중 '족발'을 판매·제공하는 매장,94c2474c-cd27-4323-a477-380b34469ca2,풍경족발,족발,동천동먹자골목1번가상인회 골목형상점가,골목형상점가,광주광역시,3.0,3.0,,,RESOLVED_AGREEMENT,False,3,,,,
c88572a0ce7823958b0f,val,족발,T4 구어·문장,q_족발_04,족발,음식점 중 '족발'을 판매·제공하는 매장,949a1585-2614-40c9-82e1-45548cedcaeb,우리족발,족발,초지항아리 골목형상점가,골목형상점가,경기도,3.0,3.0,,,RESOLVED_AGREEMENT,False,3,,,,
7a422e50401284110b51,val,족발,T4 구어·문장,q_족발_04,족발,음식점 중 '족발'을 판매·제공하는 매장,24c70a5d-284a-4b7d-b05d-81e5cad3a0b1,재벌족발,족발,운남동우체국 골목형상점가,골목형상점가,광주광역시,3.0,3.0,,,RESOLVED_AGREEMENT,False,3,,,,
dfed16b8f4c5fc0052ca,val,족발,T4 구어·문장,q_족발_04,족발,음식점 중 '족발'을 판매·제공하는 매장,df4e26c4-0e78-44ed-a0a0-7d7ac8652e28,인왕족발,족발,인왕시장,전통시장,서울특별시,3.0,3.0,,,RESOLVED_AGREEMENT,False,3,,,,
efe9fa9235649e8d6b33,val,족발,T4 구어·문장,q_족발_04,족발,음식점 중 '족발'을 판매·제공하는 매장,47397ec6-a24b-42ce-ad2c-dc1ff429eb8b,포항족발,족발,포항죽도시장,전통시장,경상북도,3.0,3.0,,,RESOLVED_AGREEMENT,False,3,,,,
96d2e34dd97100efbc7c,val,족발,T4 구어·문장,q_족발_04,족발,음식점 중 '족발'을 판매·제공하는 매장,4f394350-5478-41e8-ad84-654e79fb666c,금수족발,족발,연남동골목형상점가,골목형상점가,서울특별시,3.0,3.0,,,RESOLVED_AGREEMENT,False,3,,,,
d715cdde1d366d00ea61,val,족발,T4 구어·문장,q_족발_04,족발,음식점 중 '족발'을 판매·제공하는 매장,5d17de7d-9669-4dd3-89b6-09bbfd4d8cf4,일동축산,식육,관악중부시장골목형상점가,골목형상점가,서울특별시,1.0,0.0,,,P2_GRADED_ONLY,True,,,,,
21c53f8c0be2224d01dd,val,족발,T4 구어·문장,q_족발_04,족발,음식점 중 '족발'을 판매·제공하는 매장,255d4fe8-e139-4636-bfba-a35be62fe43c,청춘족발,족발,호계공설시장,전통시장,울산광역시,3.0,3.0,,,RESOLVED_AGREEMENT,False,3,,,,
fe2b67da6a9edb21c351,val,족발,T4 구어·문장,q_족발_04,족발,음식점 중 '족발'을 판매·제공하는 매장,dd90e4a0-83e5-41a3-9dcf-a0eceeff84ba,허브족발,족발,신응암시장,전통시장,서울특별시,3.0,3.0,,,RESOLVED_AGREEMENT,False,3,,,,
41198fd762c362376a69,val,족발,T4 구어·문장,q_족발_04,족발,음식점 중 '족발'을 판매·제공하는 매장,028e11ac-d687-483b-b4cf-8273aed2c3b8,바른보쌈1990,보쌈,서영대 정문 골목형상점가,골목형상점가,광주광역시,3.0,3.0,,,RESOLVED_AGREEMENT,False,3,,,,
a41466f9bd29c2666ea7,val,족발,T4 구어·문장,q_족발_04,족발,음식점 중 '족발'을 판매·제공하는 매장,f169a01e-497c-46b8-8436-f99ed87f944e,오병이어,의류,메트로센터(반월당지하쇼핑),일반지하상점가,대구광역시,0.0,0.0,,,RESOLVED_AGREEMENT,False,0,,,,
c858c11e908611d3a61c,val,족발,T4 구어·문장,q_족발_04,족발,음식점 중 '족발'을 판매·제공하는 매장,8b4bdb22-83a9-4698-9634-43c4632cd865,광주족발,족발,경안전통시장,전통시장,경기도,3.0,3.0,,,RESOLVED_AGREEMENT,False,3,,,,
e0c4828493c4a77bc725,val,족발,T4 구어·문장,q_족발_04,족발,음식점 중 '족발'을 판매·제공하는 매장,00e45da9-1bb4-42fa-b0a8-63cdcea52143,수유중앙축산물백화점,정육,수유중앙시장,전통시장,서울특별시,1.0,0.0,,,P2_GRADED_ONLY,True,,,,,
8c3740de82a9057d99d5,val,족발,T4 구어·문장,q_족발_04,족발,음식점 중 '족발'을 판매·제공하는 매장,646326e2-2daf-48a7-b033-c8889ba9005a,도야족발,족발,강남개포시장(구 개포2동중심상점가),자율상권구역,서울특별시,3.0,3.0,,,RESOLVED_AGREEMENT,False,3,,,,
1b317fba58c7bfd2fff2,val,족발,T4 구어·문장,q_족발_04,족발,음식점 중 '족발'을 판매·제공하는 매장,9bbc4048-f6c2-46e0-bbd6-f24b82ad2f33,SM족발,족발,오치2동 골목형상점가,골목형상점가,광주광역시,3.0,3.0,,,RESOLVED_AGREEMENT,False,3,,,,
3d983cba62d15f8bee29,val,족발,T4 구어·문장,q_족발_04,족발,음식점 중 '족발'을 판매·제공하는 매장,a8f14180-e98c-4a0a-9178-f640ba90051b,은혜족발,족발,용운시장,전통시장,대전광역시,3.0,3.0,,,RESOLVED_AGREEMENT,False,3,,,,
3763bc124489f4dc4247,val,족발,T4 구어·문장,q_족발_04,족발,음식점 중 '족발'을 판매·제공하는 매장,3287bd25-7a6f-45aa-bb67-896edd276b38,원조족발,족발,월곡시장,전통시장,광주광역시,3.0,3.0,,,RESOLVED_AGREEMENT,False,3,,,,
e0738a02cb9c8f83d7fe,val,족발,T4 구어·문장,q_족발_04,족발,음식점 중 '족발'을 판매·제공하는 매장,04057e3f-517b-43b5-a1df-62cef13b98c1,구만족발보쌈,족발보쌈,부전상가시장,전통시장,부산광역시,3.0,3.0,,,RESOLVED_AGREEMENT,False,3,,,,
d364b04c5b6190702794,val,족발,T4 구어·문장,q_족발_04,족발,음식점 중 '족발'을 판매·제공하는 매장,3c22bf3d-afeb-4634-b3ca-db5cc34f5953,오향족발,족발,흥양천골목형상점가,골목형상점가,강원특별자치도,3.0,3.0,,,RESOLVED_AGREEMENT,False,3,,,,
ec8a9ab70220f7cd58b4,val,족발,T4 구어·문장,q_족발_04,족발,음식점 중 '족발'을 판매·제공하는 매장,e888ef30-97a2-4955-85e7-d7251931298b,치킨족발,족발,사천 삼천포중앙시장,전통시장,경상남도,3.0,3.0,,,RESOLVED_AGREEMENT,False,3,,,,
bd09ba3d2c7f535b83a6,val,족발,T4 구어·문장,q_족발_04,족발,음식점 중 '족발'을 판매·제공하는 매장,e0eb24ff-293c-4d80-a4cb-5549acf867c5,족발처럼,족발,영주골목시장,전통시장,경상북도,3.0,3.0,,,RESOLVED_AGREEMENT,False,3,,,,
5028f4e27851f9b86993,val,족발,T4 구어·문장,q_족발_04,족발,음식점 중 '족발'을 판매·제공하는 매장,01b038d0-c4c7-40e8-ba71-b4406a191586,아라 맛짱네 족발보쌈,족발보쌈,돈암시장,전통시장,서울특별시,3.0,3.0,,,RESOLVED_AGREEMENT,False,3,,,,
c4879b9d0961f0122a3d,val,족발,T4 구어·문장,q_족발_04,족발,음식점 중 '족발'을 판매·제공하는 매장,f8b54991-078f-49bb-b443-806e48b9ef38,대도복장,남성양복,"금남로4,5가 골목형상점가",골목형상점가,광주광역시,0.0,0.0,,,RESOLVED_AGREEMENT,False,0,,,,
1362737027c39970bf52,val,족발,T6 기계변형,q_족발_05,족발추천,음식점 중 '족발'을 판매·제공하는 매장,4e6fcd09-d139-4f93-840f-1fd3b7d9a965,유순영일 족발,족발,동천동먹자골목2번가상인회 골목형상점가,골목형상점가,광주광역시,3.0,3.0,,,RESOLVED_AGREEMENT,False,3,,,,
cbbde8b1a449c2f7f606,val,족발,T6 기계변형,q_족발_05,족발추천,음식점 중 '족발'을 판매·제공하는 매장,47397ec6-a24b-42ce-ad2c-dc1ff429eb8b,포항족발,족발,포항죽도시장,전통시장,경상북도,3.0,3.0,,,RESOLVED_AGREEMENT,False,3,,,,
7038a03b4fe593535bac,val,족발,T6 기계변형,q_족발_05,족발추천,음식점 중 '족발'을 판매·제공하는 매장,43d57f6d-0be3-45d8-b65c-4d132dc196e2,뱅족,족발,매곡동 골목형상점가,골목형상점가,광주광역시,3.0,3.0,,,RESOLVED_AGREEMENT,False,3,,,,
2b09e7c65bcf03cf13f7,val,족발,T6 기계변형,q_족발_05,족발추천,음식점 중 '족발'을 판매·제공하는 매장,e0801f59-244f-42bb-8aef-6782bf17dc8a,또순이네 족발,족발,청주사창시장,전통시장,충청북도,3.0,3.0,,,RESOLVED_AGREEMENT,False,3,,,,
b5e1f7d146ed52e5fc53,val,족발,T6 기계변형,q_족발_05,족발추천,음식점 중 '족발'을 판매·제공하는 매장,d3fc28cc-4002-4fb9-a2de-ce401304934a,조선족발,족발,문창시장,전통시장,대전광역시,3.0,3.0,,,RESOLVED_AGREEMENT,False,3,,,,
d03525f55850a74e876d,val,족발,T6 기계변형,q_족발_05,족발추천,음식점 중 '족발'을 판매·제공하는 매장,24084f67-b2a3-45e6-bdbe-701ce6dbede6,남원상회,주방용품및식탁,전주남부시장,전통시장,전북특별자치도,0.0,0.0,,,RESOLVED_AGREEMENT,False,0,,,,
635c255431b9f2cfc046,val,족발,T6 기계변형,q_족발_05,족발추천,음식점 중 '족발'을 판매·제공하는 매장,d0e8d3c6-a85e-4ac4-91a3-2c04c74f988e,족발이다,족발,양산 나래메트로시티 골목형상점가,골목형상점가,경상남도,3.0,3.0,,,RESOLVED_AGREEMENT,False,3,,,,
7c8216b38ca7e081c03e,val,족발,T6 기계변형,q_족발_05,족발추천,음식점 중 '족발'을 판매·제공하는 매장,fee726c3-7f4a-43d3-a0ed-bc03916388cb,족발시대,족발,옥천먹자골목형상점가,골목형상점가,충청북도,3.0,3.0,,,RESOLVED_AGREEMENT,False,3,,,,
afb69f7cb7fae5327270,val,족발,T6 기계변형,q_족발_05,족발추천,음식점 중 '족발'을 판매·제공하는 매장,f0144ae8-6f7f-4fc7-8241-618350eabb09,족발삼촌,족발,창원 성원그랜드쇼핑상가,전통시장,경상남도,3.0,3.0,,,RESOLVED_AGREEMENT,False,3,,,,
8ab3582752bac1ac2de4,val,족발,T6 기계변형,q_족발_05,족발추천,음식점 중 '족발'을 판매·제공하는 매장,4633a699-32c7-4f4e-951a-8779223c26b4,팔각도 이천하이닉스점,한식,하이닉스골목형상점가,골목형상점가,경기도,1.0,1.0,,,RESOLVED_AGREEMENT,False,1,,,,
8439701063fe46f4b96d,val,족발,T6 기계변형,q_족발_05,족발추천,음식점 중 '족발'을 판매·제공하는 매장,ccbfb291-81a0-4655-954d-53de5e0a5000,한양큰족발,족발,용호골목시장,전통시장,부산광역시,3.0,3.0,,,RESOLVED_AGREEMENT,False,3,,,,
17a13052b70b91b44138,val,족발,T6 기계변형,q_족발_05,족발추천,음식점 중 '족발'을 판매·제공하는 매장,de8ac936-0738-4d81-82e7-9f7c5c2acbea,가장 맛있는 족발,족발,(유)다사소상공인연합,골목형상점가,대구광역시,3.0,3.0,,,RESOLVED_AGREEMENT,False,3,,,,
510c147283fb90a910b7,val,족발,T6 기계변형,q_족발_05,족발추천,음식점 중 '족발'을 판매·제공하는 매장,55373323-0fa3-4ecd-9de5-557bbdb32753,족발창고,한식,용봉지구 골목형상점가,골목형상점가,광주광역시,2.0,3.0,,,P2_GRADED_ONLY,True,,,,,
dcfce74a517d855039f0,val,족발,T6 기계변형,q_족발_05,족발추천,음식점 중 '족발'을 판매·제공하는 매장,5c681fef-0fb0-48b5-8f9e-6084a2f03d7b,중앙족발,족발,남대문시장,전통시장,서울특별시,3.0,3.0,,,RESOLVED_AGREEMENT,False,3,,,,
0fb757478d1af469db67,val,족발,T6 기계변형,q_족발_05,족발추천,음식점 중 '족발'을 판매·제공하는 매장,f109e1dc-f0e4-4566-a14b-989c590d8fe4,한발두발족발,족발,구영로 골목형상점가,골목형상점가,울산광역시,3.0,3.0,,,RESOLVED_AGREEMENT,False,3,,,,
803202a825cc17d42c35,val,족발,T6 기계변형,q_족발_05,족발추천,음식점 중 '족발'을 판매·제공하는 매장,4d5fe945-41f6-4a7e-afe3-73306bc3770e,족발킹,한식,덕풍전통시장,전통시장,경기도,2.0,3.0,,,P2_GRADED_ONLY,True,,,,,
6cecd17b367caee1022f,val,족발,T6 기계변형,q_족발_05,족발추천,음식점 중 '족발'을 판매·제공하는 매장,1250f4ab-b2fc-43b2-b6d6-62b463b6fa9d,족발마씸,족발,지범골목먹거리타운 골목형상점가,골목형상점가,대구광역시,3.0,3.0,,,RESOLVED_AGREEMENT,False,3,,,,
375cc4390f5624342cb9,val,족발,T6 기계변형,q_족발_05,족발추천,음식점 중 '족발'을 판매·제공하는 매장,a0a7278a-7f24-418b-b454-a30fcef54c84,족발나라,족발,수원못골종합시장,전통시장,경기도,3.0,3.0,,,RESOLVED_AGREEMENT,False,3,,,,
48e95f84d142fd9d621b,val,족발,T6 기계변형,q_족발_05,족발추천,음식점 중 '족발'을 판매·제공하는 매장,a8f14180-e98c-4a0a-9178-f640ba90051b,은혜족발,족발,용운시장,전통시장,대전광역시,3.0,3.0,,,RESOLVED_AGREEMENT,False,3,,,,
4b34bba18a432cb2674c,val,족발,T6 기계변형,q_족발_05,족발추천,음식점 중 '족발'을 판매·제공하는 매장,78edaa93-c581-4209-8ef0-603910de6786,배가네 족발보쌈,족발,나주금빛상점가,자율상권구역,전라남도,3.0,3.0,,,RESOLVED_AGREEMENT,False,3,,,,
3c16e1583db601107239,val,족발,T6 기계변형,q_족발_05,족발추천,음식점 중 '족발'을 판매·제공하는 매장,0c72c975-9033-4aec-acca-e0907d67af8c,대야식당,,익산구시장,전통시장,전북특별자치도,1.0,2.0,,,P1_BINARY_THRESHOLD,True,,,,,
dd1b13ed016547c2acf9,val,족발,T6 기계변형,q_족발_05,족발추천,음식점 중 '족발'을 판매·제공하는 매장,23bfd23b-2369-4dde-9443-4a7a0e7c3d23,족발이땡기는날,족발,광주역앞교통광장 골목형상점가,골목형상점가,광주광역시,3.0,3.0,,,RESOLVED_AGREEMENT,False,3,,,,
41c3f56be7a5c014ec87,val,족발,T6 기계변형,q_족발_05,족발추천,음식점 중 '족발'을 판매·제공하는 매장,70ef4ba8-7a5f-4fd9-81b5-e735cd10c38a,족발시대,족발,중동사랑시장,전통시장,경기도,3.0,3.0,,,RESOLVED_AGREEMENT,False,3,,,,
bc3ba8c0b6ec94220623,val,족발,T6 기계변형,q_족발_05,족발추천,음식점 중 '족발'을 판매·제공하는 매장,476a7e22-7b21-4b82-b2c8-22255d498353,지니스세종소담동주민센터앞점,안경 및 렌즈,새샘하루 골목형상점가,골목형상점가,세종특별자치시,0.0,0.0,,,RESOLVED_AGREEMENT,False,0,,,,
0fc8ce49c72f062c6f41,val,족발,T6 기계변형,q_족발_05,족발추천,음식점 중 '족발'을 판매·제공하는 매장,6bed68eb-1904-4ca5-b76b-29a5de8ad728,독보족,족발,하단자율상권구역,기타,부산광역시,3.0,3.0,,,RESOLVED_AGREEMENT,False,3,,,,
2724b6ee246bde15eb8e,val,족발,T6 기계변형,q_족발_05,족발추천,음식점 중 '족발'을 판매·제공하는 매장,18fcaf30-b94f-4d0e-9eba-de9a5db63b82,해피크린 유촌버들점,세탁뭄ㄹ수거배달,버들마을상인회 골목형상점가,골목형상점가,광주광역시,0.0,0.0,,,RESOLVED_AGREEMENT,False,0,,,,
2449549f82253cd0bae1,val,족발,T6 기계변형,q_족발_05,족발추천,음식점 중 '족발'을 판매·제공하는 매장,89d670fe-0d8c-4841-84c7-727128db14e0,족발이땡기는 날,족발,금부로상인회 골목형상점가,골목형상점가,광주광역시,3.0,3.0,,,RESOLVED_AGREEMENT,False,3,,,,
a8a1bb26325bc3f5d78b,val,족발,T6 기계변형,q_족발_05,족발추천,음식점 중 '족발'을 판매·제공하는 매장,e2d19550-1b0b-4dc1-ab43-17172115c030,족발광역시,족발,팔등로기부거리,골목형상점가,울산광역시,3.0,3.0,,,RESOLVED_AGREEMENT,False,3,,,,
72f685f45ec2067b9627,val,족발,T6 기계변형,q_족발_05,족발추천,음식점 중 '족발'을 판매·제공하는 매장,05fe1193-d152-4060-986e-0d523afdbed7,족발애집,족발,장자호수공원 골목형상점가,골목형상점가,경기도,3.0,3.0,,,RESOLVED_AGREEMENT,False,3,,,,
7b86c1a30453656377ed,val,족발,T6 기계변형,q_족발_05,족발추천,음식점 중 '족발'을 판매·제공하는 매장,362403cf-87f8-421c-9ae5-fae3dad76cc3,옛날족발,족발,신포시장,전통시장,인천광역시,3.0,3.0,,,RESOLVED_AGREEMENT,False,3,,,,
8342ae1d80545c822f2e,val,족발,T6 기계변형,q_족발_05,족발추천,음식점 중 '족발'을 판매·제공하는 매장,4cc276b4-416b-49f8-b64c-5e866cc2d1d0,족발삶는마을,족발,신금정시장 골목형 상점가,골목형상점가,부산광역시,3.0,3.0,,,RESOLVED_AGREEMENT,False,3,,,,
e1a9185627bf745a10ae,val,족발,T6 기계변형,q_족발_05,족발추천,음식점 중 '족발'을 판매·제공하는 매장,a2962a91-2ffa-4463-a54d-cc07f6b35686,족발가왕 운암점,족발,서영대 정문 골목형상점가,골목형상점가,광주광역시,3.0,3.0,,,RESOLVED_AGREEMENT,False,3,,,,
e77a5125e69f7d056112,val,족발,T6 기계변형,q_족발_05,족발추천,음식점 중 '족발'을 판매·제공하는 매장,0072ddc8-1b0b-4a64-b9d0-9eb309854f0c,오뚜기정육점,정육,김제중앙시장,전통시장,전북특별자치도,1.0,0.0,,,P2_GRADED_ONLY,True,,,,,
656087f48ffb2f2d0a5d,val,족발,T6 기계변형,q_족발_05,족발추천,음식점 중 '족발'을 판매·제공하는 매장,a1fe0f36-19a6-4e5e-b4d5-97ec51400c23,족발김사부,족발,조원복길골목형상점가,골목형상점가,서울특별시,3.0,3.0,,,RESOLVED_AGREEMENT,False,3,,,,
4d76ee6b8830589c1f80,val,족발,T6 기계변형,q_족발_05,족발추천,음식점 중 '족발'을 판매·제공하는 매장,c67a9114-3bac-4c3d-85bb-1ed8a1913579,족발나라,족발,"온양온천시장(온양재래시장, 전통시장)",전통시장,충청남도,3.0,3.0,,,RESOLVED_AGREEMENT,False,3,,,,
c2aac2d50ab2a9fc16b9,val,족발,T6 기계변형,q_족발_05,족발추천,음식점 중 '족발'을 판매·제공하는 매장,f999f3ef-abcc-4d93-985d-a1efd0ecc1f7,효촌한우직판장,,양주가래비중앙로상점가,골목형상점가,경기도,0.0,0.0,,,RESOLVED_AGREEMENT,False,0,,,,
005566e2bd50f773871f,val,족발,T6 기계변형,q_족발_05,족발추천,음식점 중 '족발'을 판매·제공하는 매장,e888ef30-97a2-4955-85e7-d7251931298b,치킨족발,족발,사천 삼천포중앙시장,전통시장,경상남도,3.0,3.0,,,RESOLVED_AGREEMENT,False,3,,,,
ba425d1b4213073a38b7,val,족발,T6 기계변형,q_족발_05,족발추천,음식점 중 '족발'을 판매·제공하는 매장,5b3df5b1-65f2-4ab3-ac58-e32f713e9c40,족발정,,석적중리 골목형상점가,골목형상점가,경상북도,3.0,3.0,,,RESOLVED_AGREEMENT,False,3,,,,
f5f28b0b3cb4032fb9f7,val,족발,T6 기계변형,q_족발_05,족발추천,음식점 중 '족발'을 판매·제공하는 매장,3b1f94ef-8e38-4601-bc43-09bc1279835b,고흥족발,족발,고흥전통시장,전통시장,전라남도,3.0,3.0,,,RESOLVED_AGREEMENT,False,3,,,,
a063fd4feb1113de3d91,val,족발,T6 기계변형,q_족발_05,족발추천,음식점 중 '족발'을 판매·제공하는 매장,df3a1695-d682-4183-90f1-fb933113c1dd,돈가복 족발,족발,운남동우체국 골목형상점가,골목형상점가,광주광역시,3.0,3.0,,,RESOLVED_AGREEMENT,False,3,,,,
37c462b4b73d2cc595bc,val,족발,T6 기계변형,q_족발_05,족발추천,음식점 중 '족발'을 판매·제공하는 매장,35e339ad-48e9-42a6-9c70-3d16c65f25a9,브라더 족발,족발,오창전통시장,전통시장,충청북도,3.0,3.0,,,RESOLVED_AGREEMENT,False,3,,,,
0a398948a56f7ee961fa,val,족발,T6 기계변형,q_족발_05,족발추천,음식점 중 '족발'을 판매·제공하는 매장,c6c55a9e-da6d-4f19-920a-d521c82cb53d,경북족발,족발,수암상가시장,전통시장,울산광역시,3.0,3.0,,,RESOLVED_AGREEMENT,False,3,,,,
eb3a9bbacd391a561912,val,족발,T6 기계변형,q_족발_05,족발추천,음식점 중 '족발'을 판매·제공하는 매장,cfb9e7e7-f7e2-424f-a845-c7d026aeadd8,족발공장,족발,중앙신시장,전통시장,경상북도,3.0,3.0,,,RESOLVED_AGREEMENT,False,3,,,,
a9a4887362f0271a3f56,val,족발,T6 기계변형,q_족발_05,족발추천,음식점 중 '족발'을 판매·제공하는 매장,00e45da9-1bb4-42fa-b0a8-63cdcea52143,수유중앙축산물백화점,정육,수유중앙시장,전통시장,서울특별시,1.0,0.0,,,P2_GRADED_ONLY,True,,,,,
d229ee59979392e3248d,val,족발,T6 기계변형,q_족발_05,족발추천,음식점 중 '족발'을 판매·제공하는 매장,222043b2-93cf-45ad-8b92-2af23d4eb093,족발마을,족발,충효어린이공원 골목형상점가,골목형상점가,광주광역시,3.0,3.0,,,RESOLVED_AGREEMENT,False,3,,,,
14fc36478bcc82aec6a2,val,족발,T6 기계변형,q_족발_05,족발추천,음식점 중 '족발'을 판매·제공하는 매장,04057e3f-517b-43b5-a1df-62cef13b98c1,구만족발보쌈,족발보쌈,부전상가시장,전통시장,부산광역시,3.0,3.0,,,RESOLVED_AGREEMENT,False,3,,,,
dcbe8c4bf2841fbab905,val,족발,T6 기계변형,q_족발_05,족발추천,음식점 중 '족발'을 판매·제공하는 매장,8bc15133-a581-4ed2-9c43-712eb27bdc57,족발천국,족발,상도전통시장,전통시장,서울특별시,3.0,3.0,,,RESOLVED_AGREEMENT,False,3,,,,
9f4e1fee9285c81b527b,val,족발,T6 기계변형,q_족발_05,족발추천,음식점 중 '족발'을 판매·제공하는 매장,3287bd25-7a6f-45aa-bb67-896edd276b38,원조족발,족발,월곡시장,전통시장,광주광역시,3.0,3.0,,,RESOLVED_AGREEMENT,False,3,,,,
571ee2768ae5b33d9b76,val,족발,T6 기계변형,q_족발_05,족발추천,음식점 중 '족발'을 판매·제공하는 매장,01b038d0-c4c7-40e8-ba71-b4406a191586,아라 맛짱네 족발보쌈,족발보쌈,돈암시장,전통시장,서울특별시,3.0,3.0,,,RESOLVED_AGREEMENT,False,3,,,,
928e42af32ff9390abc8,val,족발,T6 기계변형,q_족발_05,족발추천,음식점 중 '족발'을 판매·제공하는 매장,025b7d36-94e1-4d2d-97b3-93a81122fcdf,가루,족발 보쌈 막국수,영등포구청역 3번출구 골목형상점가,골목형상점가,서울특별시,3.0,3.0,,,RESOLVED_AGREEMENT,False,3,,,,
de3a4028ef063b261c39,val,족발,T6 기계변형,q_족발_05,족발추천,음식점 중 '족발'을 판매·제공하는 매장,0008f8f4-4c6e-4c4a-ad64-76aaea3d2d18,대성정육점,정육,평택국제중앙시장,전통시장,경기도,1.0,0.0,,,P2_GRADED_ONLY,True,,,,,
43137dc9f2156c005d1a,val,족발,T6 기계변형,q_족발_05,족발추천,음식점 중 '족발'을 판매·제공하는 매장,0171cfab-0936-4ba4-a219-3ac28a43566b,감성커트,미용실,배방공수 골목형상점가,골목형상점가,충청남도,0.0,0.0,,,RESOLVED_AGREEMENT,False,0,,,,
b099b9afb4f1b51a3cde,val,족발,T6 기계변형,q_족발_05,족발추천,음식점 중 '족발'을 판매·제공하는 매장,0a12d1ae-a606-4bc1-97ab-f35a563b097a,배달마켓,치킨 야식,양양로 골목형상점가,골목형상점가,강원특별자치도,1.0,2.0,,,P1_BINARY_THRESHOLD,True,,,,,
b90c7c6f6eb689d1b182,val,족발,T6 기계변형,q_족발_05,족발추천,음식점 중 '족발'을 판매·제공하는 매장,134b3f17-1970-4eca-9e8f-e06a5aecedb8,세탁갤러리(용봉점),세탁물 수거배달,매봉 골목형상점가,골목형상점가,광주광역시,0.0,0.0,,,RESOLVED_AGREEMENT,False,0,,,,
720e5fd5e089cc33a1a3,val,족발,T6 기계변형,q_족발_05,족발추천,음식점 중 '족발'을 판매·제공하는 매장,256f159e-1ad9-48f8-b40b-2f31269bf57f,삼3오5,야식,화천재래시장,전통시장,강원특별자치도,1.0,2.0,,,P1_BINARY_THRESHOLD,True,,,,,
e3fe51247b31df47e820,val,족발,T6 기계변형,q_족발_05,족발추천,음식점 중 '족발'을 판매·제공하는 매장,0e6caf34-050d-4c1a-b809-3600066fd23a,푸짐한 족발,족발,반송큰시장,전통시장,부산광역시,3.0,3.0,,,RESOLVED_AGREEMENT,False,3,,,,
48fbc61741c1f5f0d9bd,val,족발,T6 기계변형,q_족발_05,족발추천,음식점 중 '족발'을 판매·제공하는 매장,0fdda0b6-8af0-4e6d-9574-2a8b043c0bc0,이플,"꽃집, 꽃배달",담양중앙2번가 골목형상점가,골목형상점가,전라남도,0.0,0.0,,,RESOLVED_AGREEMENT,False,0,,,,
dae0eb27a132f1eb8f26,val,족발,T6 기계변형,q_족발_05,족발추천,음식점 중 '족발'을 판매·제공하는 매장,d99d56d8-9422-4055-a297-1024564c7284,퉁퉁왕족발,족발,안성 전통 옛장터길 골목형상점가,골목형상점가,경기도,3.0,3.0,,,RESOLVED_AGREEMENT,False,3,,,,
bb93be850ffde4e9da87,val,족발,T6 기계변형,q_족발_05,족발추천,음식점 중 '족발'을 판매·제공하는 매장,e8be2044-f7f6-4204-bc8f-116e746ecc94,족발품은보따리,족발,작전시장,전통시장,인천광역시,3.0,3.0,,,RESOLVED_AGREEMENT,False,3,,,,
be7c622b946540f35476,val,족발,T6 기계변형,q_족발_05,족발추천,음식점 중 '족발'을 판매·제공하는 매장,e2048e5e-4d2f-4cd7-9215-d44bc64178ad,족발통,족발보쌈,어진동 골목형상점가,골목형상점가,세종특별자치시,3.0,3.0,,,RESOLVED_AGREEMENT,False,3,,,,
4ed1835d6893628cdf2d,val,족발,T6 기계변형,q_족발_05,족발추천,음식점 중 '족발'을 판매·제공하는 매장,73c5b8fb-8b28-4152-adc5-7c744b0f2dc7,족발정 수성점,족발,범어식주가무명인골목 골목형상점가,골목형상점가,대구광역시,3.0,3.0,,,RESOLVED_AGREEMENT,False,3,,,,
bcb4598d857e25f706b8,val,족발,T6 기계변형,q_족발_05,족발추천,음식점 중 '족발'을 판매·제공하는 매장,9ca194f1-1d2e-44df-8a1c-7a483e8d9dc5,위드팜다올약국,의약,대명5동아우름길 골목형상점가,골목형상점가,대구광역시,0.0,0.0,,,RESOLVED_AGREEMENT,False,0,,,,
ce84e4eedb36aef7c0b5,val,족발,T6 기계변형,q_족발_05,족발추천,음식점 중 '족발'을 판매·제공하는 매장,b47b5342-9c34-4b28-8c81-d8840eb1b8f8,헤어루트,염색파마,구미인동시장,전통시장,경상북도,0.0,0.0,,,RESOLVED_AGREEMENT,False,0,,,,
8a000cf132ebef7bf3df,val,족발,T6 기계변형,q_족발_05,족발추천,음식점 중 '족발'을 판매·제공하는 매장,f03d88cd-5816-4f2f-9655-8002a18986d5,불짱족발,족발,전주남부시장,전통시장,전북특별자치도,3.0,3.0,,,RESOLVED_AGREEMENT,False,3,,,,
2331f5c07efeb33e5ea0,val,족발,T6 기계변형,q_족발_05,족발추천,음식점 중 '족발'을 판매·제공하는 매장,4df5fc19-f458-4915-935f-bf4bb6c4a601,우리식육 족발,족발,부전상가시장,전통시장,부산광역시,3.0,3.0,,,RESOLVED_AGREEMENT,False,3,,,,
d36eee38ccdcb9020bd7,val,족발,T6 기계변형,q_족발_05,족발추천,음식점 중 '족발'을 판매·제공하는 매장,09de7e76-279f-42dd-8b15-f430ec19d69f,열정국밥,배달음식,"가락마을 1,2단지 골목형상점가(가락마을 1,2단지 상인회)",골목형상점가,세종특별자치시,1.0,0.0,,,P2_GRADED_ONLY,True,,,,,
0757f5975aadf91f0e54,val,족발,T6 기계변형,q_족발_05,족발추천,음식점 중 '족발'을 판매·제공하는 매장,00a5a31e-6208-4900-9553-18f188bfcbfc,올바른고깃간일곡점,정육점,일곡동 골목형상점가,골목형상점가,광주광역시,1.0,0.0,,,P2_GRADED_ONLY,True,,,,,
590c1ac48115fe999411,val,족발,T6 기계변형,q_족발_05,족발추천,음식점 중 '족발'을 판매·제공하는 매장,ca751cb2-6743-414c-8104-1e2028a242bd,족발중독,족발,부곡맛고을상가,자율상권구역,경상북도,3.0,3.0,,,RESOLVED_AGREEMENT,False,3,,,,
f4081f0e49256dfeff09,val,족발,T6 기계변형,q_족발_05,족발추천,음식점 중 '족발'을 판매·제공하는 매장,028e11ac-d687-483b-b4cf-8273aed2c3b8,바른보쌈1990,보쌈,서영대 정문 골목형상점가,골목형상점가,광주광역시,3.0,3.0,,,RESOLVED_AGREEMENT,False,3,,,,
2e168e04d82549169045,val,족발,T6 기계변형,q_족발_05,족발추천,음식점 중 '족발'을 판매·제공하는 매장,40bf9305-b031-40a8-aaca-b7d6302153d5,족발예찬,족발,첨단이웃사랑 골목형상점가,골목형상점가,광주광역시,3.0,3.0,,,RESOLVED_AGREEMENT,False,3,,,,
e9115372abbe0bb5000c,val,족발,T6 기계변형,q_족발_05,족발추천,음식점 중 '족발'을 판매·제공하는 매장,89202300-8ce0-4092-8022-77ea90b82423,족발천국,족발,박달시장,전통시장,경기도,3.0,3.0,,,RESOLVED_AGREEMENT,False,3,,,,
6b34ff2adf3d24b629e2,val,족발,T6 기계변형,q_족발_05,족발추천,음식점 중 '족발'을 판매·제공하는 매장,00831405-3dce-4f59-90cd-81fc3f837a63,보광축산,정육,원당시장(구 원당전통시장),전통시장,경기도,1.0,0.0,,,P2_GRADED_ONLY,True,,,,,
0925ac49c218284c38ee,val,족발,T6 기계변형,q_족발_05,족발추천,음식점 중 '족발'을 판매·제공하는 매장,0032a869-f135-4f13-8f52-eba4a9c3152e,장충동뚱뚱이할머니족발보쌈,족발 보쌈,원효 골목형상점가,골목형상점가,서울특별시,3.0,3.0,,,RESOLVED_AGREEMENT,False,3,,,,
32c5642656d30572f812,val,족발,T6 기계변형,q_족발_05,족발추천,음식점 중 '족발'을 판매·제공하는 매장,2b2a0cfb-de9b-4b80-903d-e7fc8c56d845,중앙족발,족발,신장전통시장,전통시장,경기도,3.0,3.0,,,RESOLVED_AGREEMENT,False,3,,,,
771cc94a3472cf284f99,val,족발,T6 기계변형,q_족발_05,족발추천,음식점 중 '족발'을 판매·제공하는 매장,195fa427-5041-4592-bbd8-75c659ce9bcf,돼지야!달려간다,한식 배달,용주로사랑길 골목형상점가,골목형상점가,광주광역시,1.0,1.0,,,RESOLVED_AGREEMENT,False,1,,,,
c04d215ecc3c63c7ffcb,val,족발,T6 기계변형,q_족발_05,족발추천,음식점 중 '족발'을 판매·제공하는 매장,c3dad736-d041-43dc-91c2-6067fbe678c0,광세족발,족발,반석동 골목형상점가,골목형상점가,대전광역시,3.0,3.0,,,RESOLVED_AGREEMENT,False,3,,,,
be29116e15f4a84f802a,val,족발,T6 기계변형,q_족발_05,족발추천,음식점 중 '족발'을 판매·제공하는 매장,466f2232-a91f-4b8f-91bc-a0da8a1a0b61,오향순대.족발,족발,진해중앙시장,전통시장,경상남도,3.0,3.0,,,RESOLVED_AGREEMENT,False,3,,,,
985ad22d406e57444b0a,val,족발,T6 기계변형,q_족발_05,족발추천,음식점 중 '족발'을 판매·제공하는 매장,56cb9add-531f-456a-81a0-e1a2f373c49a,족발야시장,족발,공주대학로 골목형 상점가,골목형상점가,충청남도,3.0,3.0,,,RESOLVED_AGREEMENT,False,3,,,,
77bf82b3778ee64f4d7f,val,족발,T6 기계변형,q_족발_05,족발추천,음식점 중 '족발'을 판매·제공하는 매장,5aeb1015-9270-47d4-8c23-10ad9c7c96c2,퍼주고또퍼주는집(중앙점),"야채, 과일, 건어물.생선",진주 로데오거리상점가,자율상권구역,경상남도,0.0,0.0,,,RESOLVED_AGREEMENT,False,0,,,,
bb8ae51b774e4f264044,val,족발,T6 기계변형,q_족발_05,족발추천,음식점 중 '족발'을 판매·제공하는 매장,48dd4084-452c-4643-8ade-9cbadf043295,족발에 반한날,족발,쌍학로상인회 골목형상점가,골목형상점가,광주광역시,3.0,3.0,,,RESOLVED_AGREEMENT,False,3,,,,
d5e355a84bd7ff4a6e44,val,족발,T6 기계변형,q_족발_05,족발추천,음식점 중 '족발'을 판매·제공하는 매장,0bd7a5db-8727-46ac-b24c-8190726cd8c4,족팔계,족발,인헌시장,전통시장,서울특별시,3.0,3.0,,,RESOLVED_AGREEMENT,False,3,,,,
705b4793fa16313cd803,val,족발,T6 기계변형,q_족발_05,족발추천,음식점 중 '족발'을 판매·제공하는 매장,92c6f2fd-bf78-410f-938d-898934a8a478,족발야시장,족발,별내로데오상점가,골목형상점가,경기도,3.0,3.0,,,RESOLVED_AGREEMENT,False,3,,,,
7937a6c11b6780be391b,val,족발,T6 기계변형,q_족발_05,족발추천,음식점 중 '족발'을 판매·제공하는 매장,c3b2d60d-229b-4feb-8aa3-20526f3c6052,족발사랑,족발,구봉산길 골목형상점가,골목형상점가,대전광역시,3.0,3.0,,,RESOLVED_AGREEMENT,False,3,,,,
2b7f60281f95447f7006,val,족발,T6 기계변형,q_족발_05,족발추천,음식점 중 '족발'을 판매·제공하는 매장,e0eb24ff-293c-4d80-a4cb-5549acf867c5,족발처럼,족발,영주골목시장,전통시장,경상북도,3.0,3.0,,,RESOLVED_AGREEMENT,False,3,,,,
68262162584c88aee57c,val,족발,T6 기계변형,q_족발_05,족발추천,음식점 중 '족발'을 판매·제공하는 매장,4cad0c85-b857-4196-954d-97d375a398ee,족대장,족발,의정부제일시장,전통시장,경기도,3.0,3.0,,,RESOLVED_AGREEMENT,False,3,,,,
f0984f0dfc20b0432fc1,val,족발,T6 기계변형,q_족발_05,족발추천,음식점 중 '족발'을 판매·제공하는 매장,1484997a-50fe-44fe-9a4a-7cd35e1f6d5a,족발신선생,족발,불당지웰4블럭 골목형상점가,골목형상점가,충청남도,3.0,3.0,,,RESOLVED_AGREEMENT,False,3,,,,
30ca6774bfe46ffb63d2,val,족발,T6 기계변형,q_족발_05,족발추천,음식점 중 '족발'을 판매·제공하는 매장,a82f17db-8aaa-406f-b216-e9e134a7f25c,용족발,족발,정이있는 구포시장,전통시장,부산광역시,3.0,3.0,,,RESOLVED_AGREEMENT,False,3,,,,
14abbb972f87155954b3,val,족발,T6 기계변형,q_족발_05,족발추천,음식점 중 '족발'을 판매·제공하는 매장,88db4af7-6cbd-44a0-9b1f-6faf5d4e808c,족발야시장,족발,태봉마을 골목형상점가,골목형상점가,경기도,3.0,3.0,,,RESOLVED_AGREEMENT,False,3,,,,
e6089ceea1349887b6c8,val,족발,T6 기계변형,q_족발_05,족발추천,음식점 중 '족발'을 판매·제공하는 매장,1e386222-e23b-49b2-a285-66834fbfc965,미쳐스닭발 현리점,야식,조종시장,전통시장,경기도,1.0,2.0,,,P1_BINARY_THRESHOLD,True,,,,,
c04f801d33ac1dd3fd1a,val,족발,T6 기계변형,q_족발_05,족발추천,음식점 중 '족발'을 판매·제공하는 매장,12cb0d18-6f73-4028-a9a8-0c03998eb7b4,심야식당,,맹동혁신골목형상점가,골목형상점가,충청북도,1.0,2.0,,,P1_BINARY_THRESHOLD,True,,,,,
85cc0c08d030b48d6e22,val,족발,T6 기계변형,q_족발_06,족방,음식점 중 '족발'을 판매·제공하는 매장,dfe53b8b-b1e5-461f-b959-e13006e6bcab,족선생,한식,성북천골목형상점가,골목형상점가,서울특별시,1.0,1.0,,,RESOLVED_AGREEMENT,False,1,,,,
022b44fde76bf7734a40,val,족발,T6 기계변형,q_족발_06,족방,음식점 중 '족발'을 판매·제공하는 매장,0fdda0b6-8af0-4e6d-9574-2a8b043c0bc0,이플,"꽃집, 꽃배달",담양중앙2번가 골목형상점가,골목형상점가,전라남도,0.0,0.0,,,RESOLVED_AGREEMENT,False,0,,,,
2091f49d266c7b30576c,val,족발,T6 기계변형,q_족발_06,족방,음식점 중 '족발'을 판매·제공하는 매장,fee726c3-7f4a-43d3-a0ed-bc03916388cb,족발시대,족발,옥천먹자골목형상점가,골목형상점가,충청북도,3.0,3.0,,,RESOLVED_AGREEMENT,False,3,,,,
d8466d2695c740829f6e,val,족발,T6 기계변형,q_족발_06,족방,음식점 중 '족발'을 판매·제공하는 매장,cfa280dc-967d-45a0-8256-3329a5c0d8fc,족마담 용해점,족발,용해동 포미타운 골목형상점가,골목형상점가,전라남도,3.0,3.0,,,RESOLVED_AGREEMENT,False,3,,,,
109231069c40b033161c,val,족발,T6 기계변형,q_족발_06,족방,음식점 중 '족발'을 판매·제공하는 매장,56cb9add-531f-456a-81a0-e1a2f373c49a,족발야시장,족발,공주대학로 골목형 상점가,골목형상점가,충청남도,3.0,3.0,,,RESOLVED_AGREEMENT,False,3,,,,
e2db1139449f34f35ace,val,족발,T6 기계변형,q_족발_06,족방,음식점 중 '족발'을 판매·제공하는 매장,e06d6eba-0fad-41c7-8a03-25285bdf9131,족돈,음식점,방학동도깨비시장,전통시장,서울특별시,0.0,1.0,,,P2_GRADED_ONLY,True,,,,,
2265bec0a2c8c808b331,val,족발,T6 기계변형,q_족발_06,족방,음식점 중 '족발'을 판매·제공하는 매장,55373323-0fa3-4ecd-9de5-557bbdb32753,족발창고,한식,용봉지구 골목형상점가,골목형상점가,광주광역시,2.0,3.0,,,P2_GRADED_ONLY,True,,,,,
0eb7baa482cfaaa08f97,val,족발,T6 기계변형,q_족발_06,족방,음식점 중 '족발'을 판매·제공하는 매장,88db4af7-6cbd-44a0-9b1f-6faf5d4e808c,족발야시장,족발,태봉마을 골목형상점가,골목형상점가,경기도,3.0,3.0,,,RESOLVED_AGREEMENT,False,3,,,,
d4ad17943d669074a858,val,족발,T6 기계변형,q_족발_06,족방,음식점 중 '족발'을 판매·제공하는 매장,d2ee3382-78c8-40e6-b8f4-6f595ac05c5a,족통령!,족발통닭,풍향골 골목형상점가,골목형상점가,광주광역시,3.0,3.0,,,RESOLVED_AGREEMENT,False,3,,,,
efc5f7e2a3693c90da7e,val,족발,T6 기계변형,q_족발_06,족방,음식점 중 '족발'을 판매·제공하는 매장,cfb9e7e7-f7e2-424f-a845-c7d026aeadd8,족발공장,족발,중앙신시장,전통시장,경상북도,3.0,3.0,,,RESOLVED_AGREEMENT,False,3,,,,
0ac1e486f8dfd6efc7b1,val,족발,T6 기계변형,q_족발_06,족방,음식점 중 '족발'을 판매·제공하는 매장,7622fb0f-557b-4641-8de9-e25082388cc2,동곡상회,이불,송정매일시장,전통시장,광주광역시,0.0,0.0,,,RESOLVED_AGREEMENT,False,0,,,,
5a911696799de3d7dc52,val,족발,T6 기계변형,q_족발_06,족방,음식점 중 '족발'을 판매·제공하는 매장,f4ccefe0-a7a2-41f4-a599-860391edd5e6,옥이네양폼,의류,속초종합중앙시장,전통시장,강원특별자치도,0.0,0.0,,,RESOLVED_AGREEMENT,False,0,,,,
a6ea428e98e031e9e971,val,족발,T6 기계변형,q_족발_06,족방,음식점 중 '족발'을 판매·제공하는 매장,00e45da9-1bb4-42fa-b0a8-63cdcea52143,수유중앙축산물백화점,정육,수유중앙시장,전통시장,서울특별시,1.0,0.0,,,P2_GRADED_ONLY,True,,,,,
191909d0fe113a264f0a,val,족발,T6 기계변형,q_족발_06,족방,음식점 중 '족발'을 판매·제공하는 매장,272ffa35-299e-466e-b4e7-8fda3c495580,공장직영할인매장(BGS),"의류, 전기용품, 식품, 잡화, 침구류",광탄전통시장,전통시장,경기도,0.0,0.0,,,RESOLVED_AGREEMENT,False,0,,,,
436432e599528e110347,val,족발,T6 기계변형,q_족발_06,족방,음식점 중 '족발'을 판매·제공하는 매장,0c72c975-9033-4aec-acca-e0907d67af8c,대야식당,,익산구시장,전통시장,전북특별자치도,1.0,2.0,,,P1_BINARY_THRESHOLD,True,,,,,
106ac75fea8ddbe1d9c7,val,족발,T6 기계변형,q_족발_06,족방,음식점 중 '족발'을 판매·제공하는 매장,3a213d7e-a943-4d49-a8df-944098ed2aca,국립밥물관,,장안마실골목형상점가,골목형상점가,서울특별시,,0.0,Y,,P0_UNCERTAIN_OR_MISSING,True,,,,,
3c820f3aae5349ea6097,val,족발,T6 기계변형,q_족발_06,족방,음식점 중 '족발'을 판매·제공하는 매장,05fe1193-d152-4060-986e-0d523afdbed7,족발애집,족발,장자호수공원 골목형상점가,골목형상점가,경기도,3.0,3.0,,,RESOLVED_AGREEMENT,False,3,,,,
31a461f4c654c9d552a0,val,족발,T6 기계변형,q_족발_06,족방,음식점 중 '족발'을 판매·제공하는 매장,77d2e308-7d6e-472d-9448-895f432f4030,꼬생방,,장흥중앙로 골목형상점가,골목형상점가,,,0.0,Y,,P0_UNCERTAIN_OR_MISSING,True,,,,,
76466eeba5656d543ad0,val,족발,T6 기계변형,q_족발_06,족방,음식점 중 '족발'을 판매·제공하는 매장,1363722d-f99b-4dc1-a460-f566257e82f9,족슐랭,족발 한식,진천혁신골목형상점가,골목형상점가,충청북도,3.0,3.0,,,RESOLVED_AGREEMENT,False,3,,,,
76e282941981115fa150,val,족발,T6 기계변형,q_족발_06,족방,음식점 중 '족발'을 판매·제공하는 매장,00831405-3dce-4f59-90cd-81fc3f837a63,보광축산,정육,원당시장(구 원당전통시장),전통시장,경기도,1.0,0.0,,,P2_GRADED_ONLY,True,,,,,
cdac5db1196ec360a477,val,족발,T6 기계변형,q_족발_06,족방,음식점 중 '족발'을 판매·제공하는 매장,01b038d0-c4c7-40e8-ba71-b4406a191586,아라 맛짱네 족발보쌈,족발보쌈,돈암시장,전통시장,서울특별시,3.0,3.0,,,RESOLVED_AGREEMENT,False,3,,,,
6ecac545eebe0267a3f4,val,족발,T6 기계변형,q_족발_06,족방,음식점 중 '족발'을 판매·제공하는 매장,256f159e-1ad9-48f8-b40b-2f31269bf57f,삼3오5,야식,화천재래시장,전통시장,강원특별자치도,1.0,2.0,,,P1_BINARY_THRESHOLD,True,,,,,
7cda62ccf2573d2e854b,val,족발,T6 기계변형,q_족발_06,족방,음식점 중 '족발'을 판매·제공하는 매장,89202300-8ce0-4092-8022-77ea90b82423,족발천국,족발,박달시장,전통시장,경기도,3.0,3.0,,,RESOLVED_AGREEMENT,False,3,,,,
b757bd2fd0639396599f,val,족발,T6 기계변형,q_족발_06,족방,음식점 중 '족발'을 판매·제공하는 매장,1250f4ab-b2fc-43b2-b6d6-62b463b6fa9d,족발마씸,족발,지범골목먹거리타운 골목형상점가,골목형상점가,대구광역시,3.0,3.0,,,RESOLVED_AGREEMENT,False,3,,,,
df92047c6cd56333cec8,val,족발,T6 기계변형,q_족발_06,족방,음식점 중 '족발'을 판매·제공하는 매장,5b3df5b1-65f2-4ab3-ac58-e32f713e9c40,족발정,,석적중리 골목형상점가,골목형상점가,경상북도,3.0,3.0,,,RESOLVED_AGREEMENT,False,3,,,,
c3082215b3569beffb41,val,족발,T6 기계변형,q_족발_06,족방,음식점 중 '족발'을 판매·제공하는 매장,48dd4084-452c-4643-8ade-9cbadf043295,족발에 반한날,족발,쌍학로상인회 골목형상점가,골목형상점가,광주광역시,3.0,3.0,,,RESOLVED_AGREEMENT,False,3,,,,
267b35ee3f967056d8fb,val,족발,T6 기계변형,q_족발_06,족방,음식점 중 '족발'을 판매·제공하는 매장,a0a7278a-7f24-418b-b454-a30fcef54c84,족발나라,족발,수원못골종합시장,전통시장,경기도,3.0,3.0,,,RESOLVED_AGREEMENT,False,3,,,,
fb1423165d294007b24b,val,족발,T6 기계변형,q_족발_06,족방,음식점 중 '족발'을 판매·제공하는 매장,0072ddc8-1b0b-4a64-b9d0-9eb309854f0c,오뚜기정육점,정육,김제중앙시장,전통시장,전북특별자치도,1.0,0.0,,,P2_GRADED_ONLY,True,,,,,
0923e735f17e3b6a2226,val,족발,T6 기계변형,q_족발_06,족방,음식점 중 '족발'을 판매·제공하는 매장,09de7e76-279f-42dd-8b15-f430ec19d69f,열정국밥,배달음식,"가락마을 1,2단지 골목형상점가(가락마을 1,2단지 상인회)",골목형상점가,세종특별자치시,1.0,0.0,,,P2_GRADED_ONLY,True,,,,,
1d6cd2bde433a37ac487,val,족발,T6 기계변형,q_족발_06,족방,음식점 중 '족발'을 판매·제공하는 매장,028e11ac-d687-483b-b4cf-8273aed2c3b8,바른보쌈1990,보쌈,서영대 정문 골목형상점가,골목형상점가,광주광역시,3.0,3.0,,,RESOLVED_AGREEMENT,False,3,,,,
30d385b6199d5b886229,val,족발,T6 기계변형,q_족발_06,족방,음식점 중 '족발'을 판매·제공하는 매장,4cc276b4-416b-49f8-b64c-5e866cc2d1d0,족발삶는마을,족발,신금정시장 골목형 상점가,골목형상점가,부산광역시,3.0,3.0,,,RESOLVED_AGREEMENT,False,3,,,,
032b08cf365f57080c6a,val,족발,T6 기계변형,q_족발_06,족방,음식점 중 '족발'을 판매·제공하는 매장,0e6caf34-050d-4c1a-b809-3600066fd23a,푸짐한 족발,족발,반송큰시장,전통시장,부산광역시,3.0,3.0,,,RESOLVED_AGREEMENT,False,3,,,,
c899883fe9692ead346c,val,족발,T6 기계변형,q_족발_06,족방,음식점 중 '족발'을 판매·제공하는 매장,8e55f144-a600-49dd-a017-9f62785551e5,족미당,족발 보쌈,상암동상점가,자율상권구역,서울특별시,3.0,3.0,,,RESOLVED_AGREEMENT,False,3,,,,
626fe4dd59c733bf55dc,val,족발,T6 기계변형,q_족발_06,족방,음식점 중 '족발'을 판매·제공하는 매장,8bc15133-a581-4ed2-9c43-712eb27bdc57,족발천국,족발,상도전통시장,전통시장,서울특별시,3.0,3.0,,,RESOLVED_AGREEMENT,False,3,,,,
ead515a7835af6572c17,val,족발,T6 기계변형,q_족발_06,족방,음식점 중 '족발'을 판매·제공하는 매장,d0e8d3c6-a85e-4ac4-91a3-2c04c74f988e,족발이다,족발,양산 나래메트로시티 골목형상점가,골목형상점가,경상남도,3.0,3.0,,,RESOLVED_AGREEMENT,False,3,,,,
901e40a89783e4865645,val,족발,T6 기계변형,q_족발_06,족방,음식점 중 '족발'을 판매·제공하는 매장,8a6983a4-b588-414a-b418-d2bc20dc064f,술방,한식,"호성2길, 3길 골목형상점가",골목형상점가,전북특별자치도,1.0,1.0,,,RESOLVED_AGREEMENT,False,1,,,,
58ca71bde76e43f6312d,val,족발,T6 기계변형,q_족발_06,족방,음식점 중 '족발'을 판매·제공하는 매장,0c92567e-d6b4-417e-9f41-702bebf71a5c,쇠뿔,가방수선 옷수선 원단수선,서문시장아진상가,전통시장,대구광역시,0.0,0.0,,,RESOLVED_AGREEMENT,False,0,,,,
b2e2c64160d799d76e35,val,족발,T6 기계변형,q_족발_06,족방,음식점 중 '족발'을 판매·제공하는 매장,4df5fc19-f458-4915-935f-bf4bb6c4a601,우리식육 족발,족발,부전상가시장,전통시장,부산광역시,3.0,3.0,,,RESOLVED_AGREEMENT,False,3,,,,
8666610a0ae51e4d46e8,val,족발,T6 기계변형,q_족발_06,족방,음식점 중 '족발'을 판매·제공하는 매장,12cb0d18-6f73-4028-a9a8-0c03998eb7b4,심야식당,,맹동혁신골목형상점가,골목형상점가,충청북도,1.0,2.0,,,P1_BINARY_THRESHOLD,True,,,,,
ca86408f3db884614ee1,val,족발,T6 기계변형,q_족발_06,족방,음식점 중 '족발'을 판매·제공하는 매장,e2d19550-1b0b-4dc1-ab43-17172115c030,족발광역시,족발,팔등로기부거리,골목형상점가,울산광역시,3.0,3.0,,,RESOLVED_AGREEMENT,False,3,,,,
53c3391f8b099c29d131,val,족발,T6 기계변형,q_족발_06,족방,음식점 중 '족발'을 판매·제공하는 매장,c67a9114-3bac-4c3d-85bb-1ed8a1913579,족발나라,족발,"온양온천시장(온양재래시장, 전통시장)",전통시장,충청남도,3.0,3.0,,,RESOLVED_AGREEMENT,False,3,,,,
b2ba6666ae27662cb1fd,val,족발,T6 기계변형,q_족발_06,족방,음식점 중 '족발'을 판매·제공하는 매장,959fd6b6-bae5-464a-80a9-93c6e2f04bfc,시장채소집,채소,합천왕후시장,전통시장,경상남도,0.0,0.0,,,RESOLVED_AGREEMENT,False,0,,,,
fa77f4cde305526a7e2b,val,족발,T6 기계변형,q_족발_06,족방,음식점 중 '족발'을 판매·제공하는 매장,a1fe0f36-19a6-4e5e-b4d5-97ec51400c23,족발김사부,족발,조원복길골목형상점가,골목형상점가,서울특별시,3.0,3.0,,,RESOLVED_AGREEMENT,False,3,,,,
6f28c2e340866f2bb538,val,족발,T6 기계변형,q_족발_06,족방,음식점 중 '족발'을 판매·제공하는 매장,91562590-eac2-4944-a846-914c6ff94d52,족도리(분평점),족발,원마루시장,전통시장,충청북도,3.0,3.0,,,RESOLVED_AGREEMENT,False,3,,,,
77656cdd11dc5f291350,val,족발,T6 기계변형,q_족발_06,족방,음식점 중 '족발'을 판매·제공하는 매장,025b7d36-94e1-4d2d-97b3-93a81122fcdf,가루,족발 보쌈 막국수,영등포구청역 3번출구 골목형상점가,골목형상점가,서울특별시,3.0,3.0,,,RESOLVED_AGREEMENT,False,3,,,,
d4deef0b20e10a2bf598,val,족발,T6 기계변형,q_족발_06,족방,음식점 중 '족발'을 판매·제공하는 매장,7b5515a9-22d4-419a-8d79-69cae2657a52,족의한수,족발,신창호반,골목형상점가,광주광역시,3.0,3.0,,,RESOLVED_AGREEMENT,False,3,,,,
2c2a9538ba3aae78367c,val,족발,T6 기계변형,q_족발_06,족방,음식점 중 '족발'을 판매·제공하는 매장,17352706-df34-4921-915a-7c8231e5dd83,장끄방,한식,광복마을길 골목형상점가,골목형상점가,광주광역시,1.0,1.0,,,RESOLVED_AGREEMENT,False,1,,,,
e9efd07ec54e83abff7e,val,족발,T6 기계변형,q_족발_06,족방,음식점 중 '족발'을 판매·제공하는 매장,f7335b1e-6400-4587-99f9-10784a4d56d4,볶덮방,한식,염주골상인회 골목형상점가,골목형상점가,광주광역시,1.0,1.0,,,RESOLVED_AGREEMENT,False,1,,,,
24473a88604b50d73c4d,val,족발,T6 기계변형,q_족발_06,족방,음식점 중 '족발'을 판매·제공하는 매장,c704f88d-4ea8-40a2-bce2-23af9ac7c7eb,팔방,한식,남이동길골목형상점가,골목형상점가,서울특별시,1.0,1.0,,,RESOLVED_AGREEMENT,False,1,,,,
3bedcd98ee07fc70e7bd,val,족발,T6 기계변형,q_족발_06,족방,음식점 중 '족발'을 판매·제공하는 매장,c3b2d60d-229b-4feb-8aa3-20526f3c6052,족발사랑,족발,구봉산길 골목형상점가,골목형상점가,대전광역시,3.0,3.0,,,RESOLVED_AGREEMENT,False,3,,,,
c3b9333a36db5428e578,val,족발,T6 기계변형,q_족발_06,족방,음식점 중 '족발'을 판매·제공하는 매장,0008f8f4-4c6e-4c4a-ad64-76aaea3d2d18,대성정육점,정육,평택국제중앙시장,전통시장,경기도,1.0,0.0,,,P2_GRADED_ONLY,True,,,,,
783001c268390716fd5c,val,족발,T6 기계변형,q_족발_06,족방,음식점 중 '족발'을 판매·제공하는 매장,9b41d25f-9d9d-481a-bf3c-2b6ab62e38ae,웰빙한방 왕족발,족발,복이있는덕포시장,전통시장,부산광역시,3.0,3.0,,,RESOLVED_AGREEMENT,False,3,,,,
786d7de371304cfce950,val,족발,T6 기계변형,q_족발_06,족방,음식점 중 '족발'을 판매·제공하는 매장,7675d045-4bbb-4115-96b3-4d75b7c836bc,글로우네일(Glow Nail),,전남대후문골목형상점가,골목형상점가,광주광역시,0.0,0.0,,,RESOLVED_AGREEMENT,False,0,,,,
433f370ffe98b85171a7,val,족발,T6 기계변형,q_족발_06,족방,음식점 중 '족발'을 판매·제공하는 매장,4d5fe945-41f6-4a7e-afe3-73306bc3770e,족발킹,한식,덕풍전통시장,전통시장,경기도,2.0,3.0,,,P2_GRADED_ONLY,True,,,,,
3bb9ff12c71d1fa6e5bf,val,족발,T6 기계변형,q_족발_06,족방,음식점 중 '족발'을 판매·제공하는 매장,1a8f19ad-dc06-4bc5-a9c2-9e62f969b978,튀겨방,,대포항골목형상점가B,골목형상점가,강원특별자치도,,0.0,Y,,P0_UNCERTAIN_OR_MISSING,True,,,,,
c0d1cde578965ce96fa5,val,족발,T6 기계변형,q_족발_06,족방,음식점 중 '족발'을 판매·제공하는 매장,df3a1695-d682-4183-90f1-fb933113c1dd,돈가복 족발,족발,운남동우체국 골목형상점가,골목형상점가,광주광역시,3.0,3.0,,,RESOLVED_AGREEMENT,False,3,,,,
ed9e915e0e396d4c81d3,val,족발,T6 기계변형,q_족발_06,족방,음식점 중 '족발'을 판매·제공하는 매장,4cad0c85-b857-4196-954d-97d375a398ee,족대장,족발,의정부제일시장,전통시장,경기도,3.0,3.0,,,RESOLVED_AGREEMENT,False,3,,,,
528acd9328a94411a083,val,족발,T6 기계변형,q_족발_06,족방,음식점 중 '족발'을 판매·제공하는 매장,00a5a31e-6208-4900-9553-18f188bfcbfc,올바른고깃간일곡점,정육점,일곡동 골목형상점가,골목형상점가,광주광역시,1.0,0.0,,,P2_GRADED_ONLY,True,,,,,
d87be5b26725286a09ab,val,족발,T6 기계변형,q_족발_06,족방,음식점 중 '족발'을 판매·제공하는 매장,195fa427-5041-4592-bbd8-75c659ce9bcf,돼지야!달려간다,한식 배달,용주로사랑길 골목형상점가,골목형상점가,광주광역시,1.0,1.0,,,RESOLVED_AGREEMENT,False,1,,,,
b6d8f134c1339c4d3917,val,족발,T6 기계변형,q_족발_06,족방,음식점 중 '족발'을 판매·제공하는 매장,18fcaf30-b94f-4d0e-9eba-de9a5db63b82,해피크린 유촌버들점,세탁뭄ㄹ수거배달,버들마을상인회 골목형상점가,골목형상점가,광주광역시,0.0,0.0,,,RESOLVED_AGREEMENT,False,0,,,,
d0ca62e040d935a0db79,val,족발,T6 기계변형,q_족발_06,족방,음식점 중 '족발'을 판매·제공하는 매장,1f04b9fa-c6d7-46d2-97b3-7c96b99bbb45,한식공방,,보성시장,전통시장,제주특별자치도,1.0,1.0,,,RESOLVED_AGREEMENT,False,1,,,,
fdd4b9d5a6f83dc458df,val,족발,T6 기계변형,q_족발_06,족방,음식점 중 '족발'을 판매·제공하는 매장,04057e3f-517b-43b5-a1df-62cef13b98c1,구만족발보쌈,족발보쌈,부전상가시장,전통시장,부산광역시,3.0,3.0,,,RESOLVED_AGREEMENT,False,3,,,,
c7728487790b435ca9d1,val,족발,T6 기계변형,q_족발_06,족방,음식점 중 '족발'을 판매·제공하는 매장,40bf9305-b031-40a8-aaca-b7d6302153d5,족발예찬,족발,첨단이웃사랑 골목형상점가,골목형상점가,광주광역시,3.0,3.0,,,RESOLVED_AGREEMENT,False,3,,,,
c6bbc01b2803393f840e,val,족발,T6 기계변형,q_족발_06,족방,음식점 중 '족발'을 판매·제공하는 매장,1e386222-e23b-49b2-a285-66834fbfc965,미쳐스닭발 현리점,야식,조종시장,전통시장,경기도,1.0,2.0,,,P1_BINARY_THRESHOLD,True,,,,,
31594c2ba7346b17016a,val,족발,T6 기계변형,q_족발_06,족방,음식점 중 '족발'을 판매·제공하는 매장,1484997a-50fe-44fe-9a4a-7cd35e1f6d5a,족발신선생,족발,불당지웰4블럭 골목형상점가,골목형상점가,충청남도,3.0,3.0,,,RESOLVED_AGREEMENT,False,3,,,,
e7709619b903fb5e7b5c,val,족발,T6 기계변형,q_족발_06,족방,음식점 중 '족발'을 판매·제공하는 매장,f0144ae8-6f7f-4fc7-8241-618350eabb09,족발삼촌,족발,창원 성원그랜드쇼핑상가,전통시장,경상남도,3.0,3.0,,,RESOLVED_AGREEMENT,False,3,,,,
754659caee58d4d895ab,val,족발,T6 기계변형,q_족발_06,족방,음식점 중 '족발'을 판매·제공하는 매장,0a12d1ae-a606-4bc1-97ab-f35a563b097a,배달마켓,치킨 야식,양양로 골목형상점가,골목형상점가,강원특별자치도,1.0,2.0,,,P1_BINARY_THRESHOLD,True,,,,,
688a83b6afc9ecec3e35,val,족발,T6 기계변형,q_족발_06,족방,음식점 중 '족발'을 판매·제공하는 매장,e2048e5e-4d2f-4cd7-9215-d44bc64178ad,족발통,족발보쌈,어진동 골목형상점가,골목형상점가,세종특별자치시,3.0,3.0,,,RESOLVED_AGREEMENT,False,3,,,,
d9bc4de93c0e57dcf365,val,족발,T6 기계변형,q_족발_06,족방,음식점 중 '족발'을 판매·제공하는 매장,35e339ad-48e9-42a6-9c70-3d16c65f25a9,브라더 족발,족발,오창전통시장,전통시장,충청북도,3.0,3.0,,,RESOLVED_AGREEMENT,False,3,,,,
102bb5fcd426457eba93,val,족발,T6 기계변형,q_족발_06,족방,음식점 중 '족발'을 판매·제공하는 매장,eff16fb9-81ef-4be5-9210-77d0a19c1937,족세권,족발보쌈,새샘하루 골목형상점가,골목형상점가,세종특별자치시,3.0,3.0,,,RESOLVED_AGREEMENT,False,3,,,,
e1ae063c0ed2b4b4ed86,val,족발,T6 기계변형,q_족발_06,족방,음식점 중 '족발'을 판매·제공하는 매장,0032a869-f135-4f13-8f52-eba4a9c3152e,장충동뚱뚱이할머니족발보쌈,족발 보쌈,원효 골목형상점가,골목형상점가,서울특별시,3.0,3.0,,,RESOLVED_AGREEMENT,False,3,,,,
ddba136dfc4e613093cb,val,족발,T6 기계변형,q_족발_06,족방,음식점 중 '족발'을 판매·제공하는 매장,134b3f17-1970-4eca-9e8f-e06a5aecedb8,세탁갤러리(용봉점),세탁물 수거배달,매봉 골목형상점가,골목형상점가,광주광역시,0.0,0.0,,,RESOLVED_AGREEMENT,False,0,,,,
5ab34f70b962e9491db7,val,족발,T6 기계변형,q_족발_06,족방,음식점 중 '족발'을 판매·제공하는 매장,bfb2ef9e-6a66-4e0b-a3c2-274265b59289,족찌,한식,다산지금상점가,골목형상점가,경기도,1.0,1.0,,,RESOLVED_AGREEMENT,False,1,,,,
884becf17d8b1afd92f1,val,족발,T6 기계변형,q_족발_06,족방,음식점 중 '족발'을 판매·제공하는 매장,7111731c-9ab8-4dc0-9175-42f0f962f7f5,형제족발,족방,부평종합시장,전통시장,인천광역시,2.0,3.0,,,P2_GRADED_ONLY,True,,,,,
4228d7cf8462f458652b,val,족발,T6 기계변형,q_족발_06,족방,음식점 중 '족발'을 판매·제공하는 매장,ca751cb2-6743-414c-8104-1e2028a242bd,족발중독,족발,부곡맛고을상가,자율상권구역,경상북도,3.0,3.0,,,RESOLVED_AGREEMENT,False,3,,,,
35ce8859015809c4ea4b,val,족발,T6 기계변형,q_족발_06,족방,음식점 중 '족발'을 판매·제공하는 매장,e0eb24ff-293c-4d80-a4cb-5549acf867c5,족발처럼,족발,영주골목시장,전통시장,경상북도,3.0,3.0,,,RESOLVED_AGREEMENT,False,3,,,,
ba8361b121da650a9092,val,족발,T6 기계변형,q_족발_06,족방,음식점 중 '족발'을 판매·제공하는 매장,70ef4ba8-7a5f-4fd9-81b5-e735cd10c38a,족발시대,족발,중동사랑시장,전통시장,경기도,3.0,3.0,,,RESOLVED_AGREEMENT,False,3,,,,
d10ab8d189ad7faae7e3,val,족발,T6 기계변형,q_족발_06,족방,음식점 중 '족발'을 판매·제공하는 매장,d2de5e49-7160-45f8-8e11-53e560f90ab9,허니골프 광주금호점,골프용품 골프채,금호운천로상인회 골목형상점가,골목형상점가,광주광역시,0.0,0.0,,,RESOLVED_AGREEMENT,False,0,,,,
c6bac1bc60130004acbc,val,족발,T6 기계변형,q_족발_06,족방,음식점 중 '족발'을 판매·제공하는 매장,92c6f2fd-bf78-410f-938d-898934a8a478,족발야시장,족발,별내로데오상점가,골목형상점가,경기도,3.0,3.0,,,RESOLVED_AGREEMENT,False,3,,,,
132990c92e49586e3bbf,val,족발,T6 기계변형,q_족발_06,족방,음식점 중 '족발'을 판매·제공하는 매장,36aa6be6-d9f0-4dcf-84db-b05b9c300348,족마담,,오룡번영 골목형상점가,골목형상점가,,,0.0,Y,,P0_UNCERTAIN_OR_MISSING,True,,,,,
dce5a160ce88566782b9,val,족발,T6 기계변형,q_족발_06,족방,음식점 중 '족발'을 판매·제공하는 매장,d2125ccc-52c1-491d-b929-1352afd1ce90,족,음식점,경서골목형상점가,골목형상점가,인천광역시,0.0,1.0,,,P2_GRADED_ONLY,True,,,,,
8182270da9cae3e2808f,val,족발,T6 기계변형,q_족발_06,족방,음식점 중 '족발'을 판매·제공하는 매장,0bd7a5db-8727-46ac-b24c-8190726cd8c4,족팔계,족발,인헌시장,전통시장,서울특별시,3.0,3.0,,,RESOLVED_AGREEMENT,False,3,,,,
92c7cbc6a83e106d848b,val,족발,T6 기계변형,q_족발_06,족방,음식점 중 '족발'을 판매·제공하는 매장,222043b2-93cf-45ad-8b92-2af23d4eb093,족발마을,족발,충효어린이공원 골목형상점가,골목형상점가,광주광역시,3.0,3.0,,,RESOLVED_AGREEMENT,False,3,,,,
2c46c17f855762e73ee3,val,족발,T6 기계변형,q_족발_06,족방,음식점 중 '족발'을 판매·제공하는 매장,6bed68eb-1904-4ca5-b76b-29a5de8ad728,독보족,족발,하단자율상권구역,기타,부산광역시,3.0,3.0,,,RESOLVED_AGREEMENT,False,3,,,,
4e3cd7308f633cad1613,val,족발,T6 기계변형,q_족발_06,족방,음식점 중 '족발'을 판매·제공하는 매장,c5eee6d7-c020-4e15-ab45-03c436b8f6a9,준가방,가방,송탄시장(송북시장),전통시장,경기도,0.0,0.0,,,RESOLVED_AGREEMENT,False,0,,,,
3b71ff5166164d6bbd14,val,족발,T6 기계변형,q_족발_06,족방,음식점 중 '족발'을 판매·제공하는 매장,73c5b8fb-8b28-4152-adc5-7c744b0f2dc7,족발정 수성점,족발,범어식주가무명인골목 골목형상점가,골목형상점가,대구광역시,3.0,3.0,,,RESOLVED_AGREEMENT,False,3,,,,
882e6f9ba1739371db09,val,편의점,T1 정확표기,q_편의점_01,편의점,생활·마트 중 '편의점'을 판매·제공하는 매장,3bde790e-d4d7-4f61-8d83-2898f1acb39a,씨유편의점,편의점,쌍용먹자패션거리 골목형상점가,골목형상점가,충청남도,3.0,3.0,,,RESOLVED_AGREEMENT,False,3,,,,
a785b27a21ad4de6f624,val,편의점,T1 정확표기,q_편의점_01,편의점,생활·마트 중 '편의점'을 판매·제공하는 매장,247192b1-0b98-4059-8848-948104589daa,씨유영신점,편의점,영신상가,전통시장,서울특별시,3.0,3.0,,,RESOLVED_AGREEMENT,False,3,,,,
1707e0968558b31328e7,val,편의점,T1 정확표기,q_편의점_01,편의점,생활·마트 중 '편의점'을 판매·제공하는 매장,481b4d13-7128-4f25-94f8-7bf2f71a4d8e,주야편의점,편의점,부곡시장,전통시장,경상북도,3.0,3.0,,,RESOLVED_AGREEMENT,False,3,,,,
4d2dc9876f5bb4acc84c,val,편의점,T1 정확표기,q_편의점_01,편의점,생활·마트 중 '편의점'을 판매·제공하는 매장,43f8a456-3012-4f4f-beb0-bc85fc1ec2c4,홈웨이편의점,편의점,함평천지 골목형상점가,골목형상점가,전라남도,3.0,3.0,,,RESOLVED_AGREEMENT,False,3,,,,
5bef93b71a0ae6d3525e,val,편의점,T1 정확표기,q_편의점_01,편의점,생활·마트 중 '편의점'을 판매·제공하는 매장,233a6c5e-2e7e-4b74-bd0f-e2d6aa1b9fec,사슴기름집,기름,왜관시장,전통시장,경상북도,0.0,0.0,,,RESOLVED_AGREEMENT,False,0,,,,
71a222d93208b1cd59bd,val,편의점,T1 정확표기,q_편의점_01,편의점,생활·마트 중 '편의점'을 판매·제공하는 매장,b87a6d90-69d6-4ad7-b646-e863486748ac,씨유성주찬현점,편의점,성주시장,전통시장,경상북도,3.0,3.0,,,RESOLVED_AGREEMENT,False,3,,,,
b071934362f5b56f0ac1,val,편의점,T1 정확표기,q_편의점_01,편의점,생활·마트 중 '편의점'을 판매·제공하는 매장,7903a6ee-8f8b-4834-9d0d-49e364e29427,GS25,편의점,우산동빛고을 골목형상점가,골목형상점가,광주광역시,3.0,3.0,,,RESOLVED_AGREEMENT,False,3,,,,
29b1ede6f7913ad35752,val,편의점,T1 정확표기,q_편의점_01,편의점,생활·마트 중 '편의점'을 판매·제공하는 매장,410bd865-49f7-4f8a-bee6-1771574eda45,비케이,의류,을지로지하보도쇼핑센터,일반지하상점가,서울특별시,0.0,0.0,,,RESOLVED_AGREEMENT,False,0,,,,
06079c22daad720df449,val,편의점,T1 정확표기,q_편의점_01,편의점,생활·마트 중 '편의점'을 판매·제공하는 매장,06087bd5-698a-4a4b-9812-dc2f59d3cee6,알리바이24시편의점,편의점,굴비골영광시장(구 영광매일시장),전통시장,전라남도,3.0,3.0,,,RESOLVED_AGREEMENT,False,3,,,,
1c60c5cf1092a93319af,val,편의점,T1 정확표기,q_편의점_01,편의점,생활·마트 중 '편의점'을 판매·제공하는 매장,9e5ac9b1-ea36-4a9e-a9e2-e2a69d5690ee,CU,편의점,프로방스 골목형상점가,골목형상점가,전라남도,3.0,3.0,,,RESOLVED_AGREEMENT,False,3,,,,
0598ac630fb9acec26d3,val,편의점,T1 정확표기,q_편의점_01,편의점,생활·마트 중 '편의점'을 판매·제공하는 매장,01082ac2-3d28-417c-8311-62a9095208e5,신라정선,슈퍼,남부골목시장,전통시장,서울특별시,3.0,2.0,,,P2_GRADED_ONLY,True,,,,,
735cf370aa64d1933cc3,val,편의점,T1 정확표기,q_편의점_01,편의점,생활·마트 중 '편의점'을 판매·제공하는 매장,bac6cf87-6a05-44b0-a03c-147f15d1602c,편의점,식품 잡화,운수대통 골목형상점가,골목형상점가,광주광역시,2.0,3.0,,,P2_GRADED_ONLY,True,,,,,
2ec9457bd616571b3c3c,val,편의점,T1 정확표기,q_편의점_01,편의점,생활·마트 중 '편의점'을 판매·제공하는 매장,44514a0f-3971-4be8-9d1d-37e043b0d361,거부기편의점,편의점,거북시장,전통시장,인천광역시,3.0,3.0,,,RESOLVED_AGREEMENT,False,3,,,,
8fea2ffbeecc8980f7be,val,편의점,T1 정확표기,q_편의점_01,편의점,생활·마트 중 '편의점'을 판매·제공하는 매장,816a667e-53ed-4753-8fd5-1b908d6bc75d,해빛편의점,편의점 기타 잡화,전평제상인회 골목형상점가,골목형상점가,광주광역시,3.0,3.0,,,RESOLVED_AGREEMENT,False,3,,,,
78bbe92929e51218fad9,val,편의점,T1 정확표기,q_편의점_01,편의점,생활·마트 중 '편의점'을 판매·제공하는 매장,9b6214a9-c8f1-4fd6-8428-ed99b848066a,우리모두식품 주식회사,"육류, 양념육, 포장육",현대시장,전통시장,인천광역시,1.0,0.0,,,P2_GRADED_ONLY,True,,,,,
334107464b6a704b2401,val,편의점,T1 정확표기,q_편의점_01,편의점,생활·마트 중 '편의점'을 판매·제공하는 매장,88431df8-90b4-4fb1-9d80-7b0ce9a4610d,현대25시 편의점,편의점 복권,봉일천전통시장,전통시장,경기도,3.0,3.0,,,RESOLVED_AGREEMENT,False,3,,,,
f05113ce83bf59c03a1a,val,편의점,T1 정확표기,q_편의점_01,편의점,생활·마트 중 '편의점'을 판매·제공하는 매장,001bacc9-5a95-4049-babd-6691512d8da0,백두사,잡화,장량성도시장,전통시장,경상북도,1.0,0.0,,,P2_GRADED_ONLY,True,,,,,
2fe841f44d72e1f7b812,val,편의점,T1 정확표기,q_편의점_01,편의점,생활·마트 중 '편의점'을 판매·제공하는 매장,dc236aa0-df7a-4ea4-a73d-afe846bdadc1,Gs편의점농성대남점,편의점,상공회의소누리상인회 골목형상점가,골목형상점가,광주광역시,3.0,3.0,,,RESOLVED_AGREEMENT,False,3,,,,
2c88298190b1191ebab4,val,편의점,T1 정확표기,q_편의점_01,편의점,생활·마트 중 '편의점'을 판매·제공하는 매장,5b96256c-d213-4d0e-92fe-389dc7cc6681,CU,편의점,하남진곡 골목형상점가,골목형상점가,광주광역시,3.0,3.0,,,RESOLVED_AGREEMENT,False,3,,,,
b1553462ab937a3c34e8,val,편의점,T1 정확표기,q_편의점_01,편의점,생활·마트 중 '편의점'을 판매·제공하는 매장,4e97a3d4-d769-45a9-8ed4-651e115810b4,알리바이24시편의점,편의점,늘솔길상인회 골목형상점가,골목형상점가,광주광역시,3.0,3.0,,,RESOLVED_AGREEMENT,False,3,,,,
fe182fe684a4b256f2a3,val,편의점,T1 정확표기,q_편의점_01,편의점,생활·마트 중 '편의점'을 판매·제공하는 매장,5589af27-8a43-41e8-977c-35759e02fc6a,미래편의점,편의점,운남골목 골목형상점가,골목형상점가,광주광역시,3.0,3.0,,,RESOLVED_AGREEMENT,False,3,,,,
b01f4e74e0f27d7042de,val,편의점,T1 정확표기,q_편의점_01,편의점,생활·마트 중 '편의점'을 판매·제공하는 매장,15d044c5-0f5c-4410-b98b-bff87e4f08df,우리편의점,편의점,산본로데오거리(구 산본중심상가),자율상권구역,경기도,3.0,3.0,,,RESOLVED_AGREEMENT,False,3,,,,
c863c778d4a752c5825e,val,편의점,T1 정확표기,q_편의점_01,편의점,생활·마트 중 '편의점'을 판매·제공하는 매장,003d5df8-0856-45e0-a11e-5098cf70541e,앨리스리본&공방,"공방, 잡화",봉화내성시장,전통시장,경상북도,1.0,0.0,,,P2_GRADED_ONLY,True,,,,,
7c9a3e6684f0a2a7c348,val,편의점,T1 정확표기,q_편의점_01,편의점,생활·마트 중 '편의점'을 판매·제공하는 매장,02656399-5272-4d95-93ce-aa699e13cfdb,우리홈마트,,중화산로 골목형상점가,골목형상점가,전북특별자치도,3.0,2.0,,,P2_GRADED_ONLY,True,,,,,
fa95332f864e5ee95387,val,편의점,T1 정확표기,q_편의점_01,편의점,생활·마트 중 '편의점'을 판매·제공하는 매장,babdb769-d75b-4fa3-bf1c-51280c766735,편의점사랑,편의점,의왕역 골목형상점가,골목형상점가,경기도,3.0,3.0,,,RESOLVED_AGREEMENT,False,3,,,,
8944606adc8ace6cf40e,val,편의점,T1 정확표기,q_편의점_01,편의점,생활·마트 중 '편의점'을 판매·제공하는 매장,0127440f-2d8b-45f0-b518-a19665d3d5a8,나들가게서교하이퍼,소매(슈퍼),서교시장,전통시장,서울특별시,3.0,2.0,,,P2_GRADED_ONLY,True,,,,,
eac19a7774ca332ac2e4,val,편의점,T1 정확표기,q_편의점_01,편의점,생활·마트 중 '편의점'을 판매·제공하는 매장,96519898-83d7-4360-ae4b-c6459c5ed77f,네일지나,네일미용업,앰코로 골목형상점가,골목형상점가,광주광역시,0.0,0.0,,,RESOLVED_AGREEMENT,False,0,,,,
76c26e9691a8e428ecde,val,편의점,T1 정확표기,q_편의점_01,편의점,생활·마트 중 '편의점'을 판매·제공하는 매장,37033488-7a37-4985-9a3c-180b45f7799b,도로마트,편의점,성안길상점가,자율상권구역,충청북도,3.0,3.0,,,RESOLVED_AGREEMENT,False,3,,,,
04115d825662bf52b107,val,편의점,T1 정확표기,q_편의점_01,편의점,생활·마트 중 '편의점'을 판매·제공하는 매장,2644e238-a7c8-41b1-8c79-cb2f76d08a15,동일마트,편의점,김해 삼방전통시장,전통시장,경상남도,3.0,3.0,,,RESOLVED_AGREEMENT,False,3,,,,
18abb96958f57ccd0336,val,편의점,T1 정확표기,q_편의점_01,편의점,생활·마트 중 '편의점'을 판매·제공하는 매장,f49a524f-1de6-4c8d-bdfa-694328f5409c,축협알뜰편의점,편의점,새영주시장,전통시장,부산광역시,3.0,3.0,,,RESOLVED_AGREEMENT,False,3,,,,
9c46794a31c811ecdb89,val,편의점,T1 정확표기,q_편의점_01,편의점,생활·마트 중 '편의점'을 판매·제공하는 매장,ea47d538-c0a1-4e28-853d-781913295f37,씨유관악당곡점,편의점,보라빛거리골목형상점가,골목형상점가,서울특별시,3.0,3.0,,,RESOLVED_AGREEMENT,False,3,,,,
cf4f8853357ec9fdc894,val,편의점,T1 정확표기,q_편의점_01,편의점,생활·마트 중 '편의점'을 판매·제공하는 매장,9331b39b-d923-4ec3-9203-fffe2e3df532,나우리편의점,편의점,거제 고현자율상권,,경상남도,3.0,3.0,,,RESOLVED_AGREEMENT,False,3,,,,
00436b2d3072c07e4762,val,편의점,T1 정확표기,q_편의점_01,편의점,생활·마트 중 '편의점'을 판매·제공하는 매장,63b749b6-34b3-4e51-8d3f-195bd4c0c6a5,강원상회,,제천고추시장,전통시장,충청북도,0.0,0.0,,,RESOLVED_AGREEMENT,False,0,,,,
60698ad3fc731e39dc59,val,편의점,T1 정확표기,q_편의점_01,편의점,생활·마트 중 '편의점'을 판매·제공하는 매장,01ca51d4-ae25-4b4f-86b6-d8461d581a02,영광슈퍼,소매업(슈퍼),신원시장,전통시장,서울특별시,3.0,2.0,,,P2_GRADED_ONLY,True,,,,,
b39f7bc2d0c2936a0f30,val,편의점,T1 정확표기,q_편의점_01,편의점,생활·마트 중 '편의점'을 판매·제공하는 매장,7bbb1ed7-c3d8-4905-b02e-4da632aa2cf6,GS25,편의점,하남진곡 골목형상점가,골목형상점가,광주광역시,3.0,3.0,,,RESOLVED_AGREEMENT,False,3,,,,
92c406c39c2e20c745ca,val,편의점,T1 정확표기,q_편의점_01,편의점,생활·마트 중 '편의점'을 판매·제공하는 매장,9170eab0-b8ac-4d06-a60b-0966b7ae7734,씨유화순중앙점,편의점,화순중앙로골목형상점가,골목형상점가,전라남도,3.0,3.0,,,RESOLVED_AGREEMENT,False,3,,,,
c579b53fbd3935b93f49,val,편의점,T1 정확표기,q_편의점_01,편의점,생활·마트 중 '편의점'을 판매·제공하는 매장,cff06b48-54d4-4423-b9a3-5c6ba4657d39,GS25,편의점,아진상가,골목형상점가,울산광역시,3.0,3.0,,,RESOLVED_AGREEMENT,False,3,,,,
615069b2086cc1d7c730,val,편의점,T1 정확표기,q_편의점_01,편의점,생활·마트 중 '편의점'을 판매·제공하는 매장,7234c934-81df-4950-b694-f81a5a59f7aa,대박마트,편의점,호매실역중심상가 골목형상점가,골목형상점가,경기도,3.0,3.0,,,RESOLVED_AGREEMENT,False,3,,,,
0bdd96f1970b82b042e4,val,편의점,T1 정확표기,q_편의점_01,편의점,생활·마트 중 '편의점'을 판매·제공하는 매장,75185668-0bba-4930-8210-d43b6d469416,씨유석계본점,편의점,석계음식문화거리골목형상점가,골목형상점가,서울특별시,3.0,3.0,,,RESOLVED_AGREEMENT,False,3,,,,
ea250950e04dc0788caf,val,편의점,T1 정확표기,q_편의점_01,편의점,생활·마트 중 '편의점'을 판매·제공하는 매장,003683a7-fde1-46b0-8421-08210268e2b0,이마트24 광주일곡엘리체점,,삼각동 골목형상점가,골목형상점가,,3.0,3.0,,,RESOLVED_AGREEMENT,False,3,,,,
71589eaca8ca9686568a,val,편의점,T1 정확표기,q_편의점_01,편의점,생활·마트 중 '편의점'을 판매·제공하는 매장,ab940518-86dd-4359-af59-aa51f85e8597,CU괘법중앙점,편의점,사상시장,전통시장,부산광역시,3.0,3.0,,,RESOLVED_AGREEMENT,False,3,,,,
d351720765f16bf8f05f,val,편의점,T1 정확표기,q_편의점_01,편의점,생활·마트 중 '편의점'을 판매·제공하는 매장,e90fa987-02cd-403e-baa7-989de65b2038,씨유일곡송해로점,편의점,일곡동 골목형상점가,골목형상점가,광주광역시,3.0,3.0,,,RESOLVED_AGREEMENT,False,3,,,,
b694628a5ac0ea07f68d,val,편의점,T1 정확표기,q_편의점_01,편의점,생활·마트 중 '편의점'을 판매·제공하는 매장,0054b824-eb72-4efa-a1ba-40d467c899a5,수정상회,잡화,중앙전통시장,전통시장,울산광역시,1.0,0.0,,,P2_GRADED_ONLY,True,,,,,
a749092db4ceae162e88,val,편의점,T1 정확표기,q_편의점_01,편의점,생활·마트 중 '편의점'을 판매·제공하는 매장,00242042-f371-486a-a1fc-b85de093edbf,슈올즈 이천점,"신발, 잡화",장터거리시장 골목형상점가,골목형상점가,경기도,1.0,0.0,,,P2_GRADED_ONLY,True,,,,,
155b22ad0bf257f3c170,val,편의점,T1 정확표기,q_편의점_01,편의점,생활·마트 중 '편의점'을 판매·제공하는 매장,03780e38-19c3-41dd-b0ba-81ce325c40d6,한국상담센터,상담서비스,희담길,골목형상점가,광주광역시,0.0,0.0,,,RESOLVED_AGREEMENT,False,0,,,,
ea9f2370b1e9d480d493,val,편의점,T1 정확표기,q_편의점_01,편의점,생활·마트 중 '편의점'을 판매·제공하는 매장,faa75041-4bdb-4e87-85e3-1db953a5bf21,GS25,편의점,메트로센터(반월당지하쇼핑),일반지하상점가,대구광역시,3.0,3.0,,,RESOLVED_AGREEMENT,False,3,,,,
f935cbdc5b0aebf6fb5c,val,편의점,T1 정확표기,q_편의점_01,편의점,생활·마트 중 '편의점'을 판매·제공하는 매장,27427669-324a-4fc4-94c7-d7b68ff134b2,알리바이,편의점,두암1동군왕로 골목형상점가,골목형상점가,광주광역시,3.0,3.0,,,RESOLVED_AGREEMENT,False,3,,,,
a89b71210c37274af4af,val,편의점,T1 정확표기,q_편의점_01,편의점,생활·마트 중 '편의점'을 판매·제공하는 매장,a9895d16-2a13-44a4-908b-9a8c2936840a,씨유서부율전점,편의점,명덕마을 골목형상점가,골목형상점가,울산광역시,3.0,3.0,,,RESOLVED_AGREEMENT,False,3,,,,
57b4d9d0d392d5eb5964,val,편의점,T1 정확표기,q_편의점_01,편의점,생활·마트 중 '편의점'을 판매·제공하는 매장,0015ea0b-d565-4d75-bbfb-1198daeb0b0c,나이스마트청라자이점,,청라언덕 골목형상점가,골목형상점가,대구광역시,3.0,2.0,,,P2_GRADED_ONLY,True,,,,,
02c80c40a8cbd2740537,val,편의점,T1 정확표기,q_편의점_01,편의점,생활·마트 중 '편의점'을 판매·제공하는 매장,01790f65-6bd3-405b-9ef4-493889531486,세븐일레븐자양으뜸2호점,편의점,자양로13길골목형상점가,골목형상점가,서울특별시,3.0,3.0,,,RESOLVED_AGREEMENT,False,3,,,,
5197c3633e607423152d,val,편의점,T1 정확표기,q_편의점_01,편의점,생활·마트 중 '편의점'을 판매·제공하는 매장,fee76baf-6062-4740-a214-fbae8ab4ec9c,GS25,편의점,신창진흥 골목형상점가,골목형상점가,광주광역시,3.0,3.0,,,RESOLVED_AGREEMENT,False,3,,,,
360811fe8915ea93d462,val,편의점,T1 정확표기,q_편의점_01,편의점,생활·마트 중 '편의점'을 판매·제공하는 매장,b74a227d-2b46-4067-a5ce-df1cffef0965,동네편의점,연쇄점 편의점 담배,서가재미 골목형상점가,골목형상점가,전북특별자치도,3.0,3.0,,,RESOLVED_AGREEMENT,False,3,,,,
fd68fe86021115dd9a52,val,편의점,T1 정확표기,q_편의점_01,편의점,생활·마트 중 '편의점'을 판매·제공하는 매장,01d01063-d46f-4d55-991f-bd03c55392f8,씨유 사상중흥센터,편의점,중흥 골목형상점가,골목형상점가,부산광역시,3.0,3.0,,,RESOLVED_AGREEMENT,False,3,,,,
3562056dd6869f7f13f7,val,편의점,T1 정확표기,q_편의점_01,편의점,생활·마트 중 '편의점'을 판매·제공하는 매장,dff0c0d4-843d-404b-a3f1-4e7eebdac79d,씨유조종승리점,편의점,조종시장,전통시장,경기도,3.0,3.0,,,RESOLVED_AGREEMENT,False,3,,,,
941697932e628630da8d,val,편의점,T1 정확표기,q_편의점_01,편의점,생활·마트 중 '편의점'을 판매·제공하는 매장,94ed11b4-4849-453d-9204-5d1f82d91a1b,CU용봉용주점,편의점,용봉우치로 골목형상점가,골목형상점가,광주광역시,3.0,3.0,,,RESOLVED_AGREEMENT,False,3,,,,
e9ccadff49d222399916,val,편의점,T1 정확표기,q_편의점_01,편의점,생활·마트 중 '편의점'을 판매·제공하는 매장,f8ca399a-6a3c-428a-9f5e-0e32b4bd2844,성원편의점,편의점,창원 성원3차종합상가,전통시장,경상남도,3.0,3.0,,,RESOLVED_AGREEMENT,False,3,,,,
38cf3d71450623776bb5,val,편의점,T1 정확표기,q_편의점_01,편의점,생활·마트 중 '편의점'을 판매·제공하는 매장,67966843-0bae-413f-ab3f-1534fee18c25,간식창고,편의점,빛가람 중흥 골목형상점가,골목형상점가,전라남도,3.0,3.0,,,RESOLVED_AGREEMENT,False,3,,,,
c2c3b29c1e7e45c98d40,val,편의점,T1 정확표기,q_편의점_01,편의점,생활·마트 중 '편의점'을 판매·제공하는 매장,7f50df3e-699f-40d2-839d-ae65b9bee2b0,개발소,애견미용,정부청사 골목형상점가,골목형상점가,광주광역시,0.0,0.0,,,RESOLVED_AGREEMENT,False,0,,,,
27588de2ee252b3a28ab,val,편의점,T1 정확표기,q_편의점_01,편의점,생활·마트 중 '편의점'을 판매·제공하는 매장,301b84b1-87af-4d85-9cd1-4c0f6b4b8f1f,하나편의점,편의점,치평상무역상인회 골목형상점가,골목형상점가,광주광역시,3.0,3.0,,,RESOLVED_AGREEMENT,False,3,,,,
4ddd9878e9659fdbe582,val,편의점,T1 정확표기,q_편의점_01,편의점,생활·마트 중 '편의점'을 판매·제공하는 매장,4d492655-e03a-4324-a313-78d849318719,대영상회,편의점,도화종합시장,기타,인천광역시,3.0,3.0,,,RESOLVED_AGREEMENT,False,3,,,,
efb5048fbeeb5db01cae,val,편의점,T1 정확표기,q_편의점_01,편의점,생활·마트 중 '편의점'을 판매·제공하는 매장,482cbb20-74a8-4251-ac9a-b0efcc6d72b5,모아편의점,편의점,풍암금당상인회 골목형상점가,골목형상점가,광주광역시,3.0,3.0,,,RESOLVED_AGREEMENT,False,3,,,,
2714aa8eedd8e2a6fcca,val,편의점,T1 정확표기,q_편의점_01,편의점,생활·마트 중 '편의점'을 판매·제공하는 매장,bc539cce-1727-4192-9ca3-8ef8baf19e4f,GS25,편의점,임방울거리3구역 골목형상점가,골목형상점가,광주광역시,3.0,3.0,,,RESOLVED_AGREEMENT,False,3,,,,
34b898d4d30aab6001ec,val,편의점,T1 정확표기,q_편의점_01,편의점,생활·마트 중 '편의점'을 판매·제공하는 매장,384de038-e0eb-4dff-97fa-ad13ac3730e9,관방천편의점,편의점,국수거리 골목형상점가,골목형상점가,전라남도,3.0,3.0,,,RESOLVED_AGREEMENT,False,3,,,,
95a00840071fe2b86ea8,val,편의점,T1 정확표기,q_편의점_01,편의점,생활·마트 중 '편의점'을 판매·제공하는 매장,a5b5b0ca-3283-49ba-85a6-3b84ca19c37e,인성무역,편의점,포천리빙가구상점가,자율상권구역,경기도,3.0,3.0,,,RESOLVED_AGREEMENT,False,3,,,,
18e26f478ce24afd69a1,val,편의점,T1 정확표기,q_편의점_01,편의점,생활·마트 중 '편의점'을 판매·제공하는 매장,01b2c972-f367-47e6-b3d2-11585175a7c1,명동슈퍼,슈퍼,신대방1동온누리길골목형상점가,골목형상점가,서울특별시,3.0,2.0,,,P2_GRADED_ONLY,True,,,,,
1a300547e6a28742c4b7,val,편의점,T1 정확표기,q_편의점_01,편의점,생활·마트 중 '편의점'을 판매·제공하는 매장,5c075211-d790-485f-8def-67e24a561bbc,마곡편의점,편의점,공산성골목형상점가,골목형상점가,충청남도,3.0,3.0,,,RESOLVED_AGREEMENT,False,3,,,,
349cc80a8ac9cbb929f6,val,편의점,T1 정확표기,q_편의점_01,편의점,생활·마트 중 '편의점'을 판매·제공하는 매장,006f9082-b590-49e3-baf4-f72dc203a510,CU풍암주은모아점,편의점,풍암당산상인회 골목형상점가,골목형상점가,광주광역시,3.0,3.0,,,RESOLVED_AGREEMENT,False,3,,,,
c15a9337ad1f30e1a4c3,val,편의점,T1 정확표기,q_편의점_01,편의점,생활·마트 중 '편의점'을 판매·제공하는 매장,52879bba-f146-4ec0-be23-e89e2968921a,감나무골편의점,편의점,서신동 골목형상점가,골목형상점가,전북특별자치도,3.0,3.0,,,RESOLVED_AGREEMENT,False,3,,,,
a951f9d7b06678b40954,val,편의점,T1 정확표기,q_편의점_01,편의점,생활·마트 중 '편의점'을 판매·제공하는 매장,003747e4-8102-4296-bfdf-b7ca7c1f83fa,평화잡화,잡화,부산평화시장,전통시장,부산광역시,1.0,0.0,,,P2_GRADED_ONLY,True,,,,,
4a54f3b005a515c4a930,val,편의점,T1 정확표기,q_편의점_01,편의점,생활·마트 중 '편의점'을 판매·제공하는 매장,e47288cc-6ac7-4b2d-9a64-4e66b39990ab,CU주엽효원점,편의점,주엽역 골목형상점가,골목형상점가,경기도,3.0,3.0,,,RESOLVED_AGREEMENT,False,3,,,,
a5fe5f1c43a3db08e6cc,val,편의점,T1 정확표기,q_편의점_01,편의점,생활·마트 중 '편의점'을 판매·제공하는 매장,e734717c-7370-4950-8142-9fdbcf1efa12,Gs25,편의점,옥천영춘 골목형상점가,골목형상점가,전라남도,3.0,3.0,,,RESOLVED_AGREEMENT,False,3,,,,
a9166fd78dd83557d80f,val,편의점,T1 정확표기,q_편의점_01,편의점,생활·마트 중 '편의점'을 판매·제공하는 매장,3c4a2539-7dfa-4768-a3b1-093ff9a0eba7,씨유장대스토리점,편의점,장대동패션상가 골목형상점가,골목형상점가,대전광역시,3.0,3.0,,,RESOLVED_AGREEMENT,False,3,,,,
6b7fb8e7b27d85970576,val,편의점,T1 정확표기,q_편의점_01,편의점,생활·마트 중 '편의점'을 판매·제공하는 매장,67e246e9-09f0-4556-aa8c-cfc097e5a380,세븐일레븐편의점,편의점,88글러브 골목형상점가,골목형상점가,대전광역시,3.0,3.0,,,RESOLVED_AGREEMENT,False,3,,,,
9d9d21a683b1b0052a3d,val,편의점,T1 정확표기,q_편의점_01,편의점,생활·마트 중 '편의점'을 판매·제공하는 매장,01a0efe3-6970-4157-9177-c25358a4f8a6,유한회사 도민유통(와이마트),슈퍼마켓,용봉지구 골목형상점가,골목형상점가,광주광역시,3.0,2.0,,,P2_GRADED_ONLY,True,,,,,
f57bd94a3fcb4cb6eed3,val,편의점,T1 정확표기,q_편의점_01,편의점,생활·마트 중 '편의점'을 판매·제공하는 매장,01f1a79d-0dbc-4b3d-826a-88a921cfb804,주식회사 혜솔,편의점,반송큰시장,전통시장,부산광역시,3.0,3.0,,,RESOLVED_AGREEMENT,False,3,,,,
a3428d816b04abef49e5,val,편의점,T1 정확표기,q_편의점_01,편의점,생활·마트 중 '편의점'을 판매·제공하는 매장,023e5716-7bdc-42c7-9c7e-a9a4f0f23a8b,이마트24 광주하남금호점,,한마음,골목형상점가,,3.0,3.0,,,RESOLVED_AGREEMENT,False,3,,,,
9f5f7a019ae045088493,val,편의점,T1 정확표기,q_편의점_01,편의점,생활·마트 중 '편의점'을 판매·제공하는 매장,02ab118f-aa08-483e-b7d3-93768e12c1be,이마트24옥정엠시티점,,파스텔시티2차상점가,골목형상점가,경기도,3.0,3.0,,,RESOLVED_AGREEMENT,False,3,,,,
454e48e6862e21800463,val,편의점,T1 정확표기,q_편의점_01,편의점,생활·마트 중 '편의점'을 판매·제공하는 매장,ec011a7f-6dba-4811-aa9a-b80c415e4c59,CU점촌역,편의점,점촌역전상점가,자율상권구역,경상북도,3.0,3.0,,,RESOLVED_AGREEMENT,False,3,,,,
ab7182fef85bafd76a66,val,편의점,T1 정확표기,q_편의점_01,편의점,생활·마트 중 '편의점'을 판매·제공하는 매장,88acd2dc-7a20-4162-804a-15e5555372f0,CU,편의점,프로방스 골목형상점가,골목형상점가,전라남도,3.0,3.0,,,RESOLVED_AGREEMENT,False,3,,,,
ae75c3efeff6f838ab7f,val,편의점,T1 정확표기,q_편의점_01,편의점,생활·마트 중 '편의점'을 판매·제공하는 매장,d2771b5e-371b-4ee1-91ad-b74c00d9d847,GS25,편의점,중앙로 백운1동 골목형상점가,골목형상점가,광주광역시,3.0,3.0,,,RESOLVED_AGREEMENT,False,3,,,,
c72bf99a31f0ec0369e9,val,편의점,T1 정확표기,q_편의점_01,편의점,생활·마트 중 '편의점'을 판매·제공하는 매장,f1dabe30-0af9-4118-8e95-a1110a68f5c0,씨유두류명동점,편의점,두류젊코상권,상권활성화구역,대구광역시,3.0,3.0,,,RESOLVED_AGREEMENT,False,3,,,,
a0e67c648447d3587ba4,val,편의점,T1 정확표기,q_편의점_01,편의점,생활·마트 중 '편의점'을 판매·제공하는 매장,017a2c54-999b-4850-993e-cac5169d3aec,지에스25 원주황금점,편의점,혁신도시1구역골목형상점가,골목형상점가,강원특별자치도,3.0,3.0,,,RESOLVED_AGREEMENT,False,3,,,,
96a25b988aa5d7710272,val,편의점,T1 정확표기,q_편의점_01,편의점,생활·마트 중 '편의점'을 판매·제공하는 매장,c746d190-950b-4a90-9833-1f8deb232f70,(주)에버에프앤씨,의류,면곡시장 골목형상점가,골목형상점가,서울특별시,0.0,0.0,,,RESOLVED_AGREEMENT,False,0,,,,
e68c61042682872f68ed,val,편의점,T1 정확표기,q_편의점_01,편의점,생활·마트 중 '편의점'을 판매·제공하는 매장,e8e9c9ac-afdd-4b70-8bf7-78ec9775281c,프랜드편의점,편의점,발안만세시장(구 발안시장),전통시장,경기도,3.0,3.0,,,RESOLVED_AGREEMENT,False,3,,,,
791ba6bd591637150755,val,편의점,T1 정확표기,q_편의점_01,편의점,생활·마트 중 '편의점'을 판매·제공하는 매장,3649476e-6cb0-48ae-8bed-26ee4fcb9512,씨유정읍역점,편의점,정읍연지상점가,자율상권구역,전북특별자치도,3.0,3.0,,,RESOLVED_AGREEMENT,False,3,,,,
58390a6c652becc52ad4,val,편의점,T1 정확표기,q_편의점_01,편의점,생활·마트 중 '편의점'을 판매·제공하는 매장,ea8a403a-5b41-4492-8a4b-c79797e78966,씨유정읍인네점,편의점,정읍중앙로상점가,자율상권구역,전북특별자치도,3.0,3.0,,,RESOLVED_AGREEMENT,False,3,,,,
0e898ee0c306a7891a9c,val,편의점,T1 정확표기,q_편의점_01,편의점,생활·마트 중 '편의점'을 판매·제공하는 매장,001906f9-c5ab-4432-9e3a-be3af3f08aeb,씨유 원주혁신점,편의점,혁신도시5구역골목형상점가,골목형상점가,강원특별자치도,3.0,3.0,,,RESOLVED_AGREEMENT,False,3,,,,
c2c2798bf84edde67c3c,val,편의점,T1 정확표기,q_편의점_01,편의점,생활·마트 중 '편의점'을 판매·제공하는 매장,0988667a-cf9e-456b-8122-1d8b35160864,CU해남땅끝점,편의점,땅끝마을 상점가,골목형상점가,전라남도,3.0,3.0,,,RESOLVED_AGREEMENT,False,3,,,,
2b52502d90709d8284b3,val,편의점,T2 동의어,q_편의점_02,마트,생활·마트 중 '편의점'을 판매·제공하는 매장,27e3d614-cdaa-4bf1-aa34-7977b2dd1928,보물마트,마트,역곡상상시장(구 역곡북부시장),전통시장,경기도,3.0,3.0,,,RESOLVED_AGREEMENT,False,3,,,,
f7460072302e4aa4b075,val,편의점,T2 동의어,q_편의점_02,마트,생활·마트 중 '편의점'을 판매·제공하는 매장,001906f9-c5ab-4432-9e3a-be3af3f08aeb,씨유 원주혁신점,편의점,혁신도시5구역골목형상점가,골목형상점가,강원특별자치도,3.0,3.0,,,RESOLVED_AGREEMENT,False,3,,,,
493718eaa3325f6c7939,val,편의점,T2 동의어,q_편의점_02,마트,생활·마트 중 '편의점'을 판매·제공하는 매장,debf07ff-545a-47f1-b562-d778d37500be,드림마트,마트,금부로상인회 골목형상점가,골목형상점가,광주광역시,3.0,3.0,,,RESOLVED_AGREEMENT,False,3,,,,
4d9bbcf55501fec99bb2,val,편의점,T2 동의어,q_편의점_02,마트,생활·마트 중 '편의점'을 판매·제공하는 매장,1b08e179-53b0-4806-bfde-a5da33aa5e1e,너프너프,양식,구미 금리단길 골목형상점가,골목형상점가,경상북도,0.0,0.0,,,RESOLVED_AGREEMENT,False,0,,,,
4bfaf6cc1ef8b5e76ea1,val,편의점,T2 동의어,q_편의점_02,마트,생활·마트 중 '편의점'을 판매·제공하는 매장,748ab80d-40eb-4130-866b-46e33662d702,홈마트,마트,비아로 골목형상점가,골목형상점가,광주광역시,3.0,3.0,,,RESOLVED_AGREEMENT,False,3,,,,
340c36a75feb3841f449,val,편의점,T2 동의어,q_편의점_02,마트,생활·마트 중 '편의점'을 판매·제공하는 매장,a9f3b976-2f06-4811-8973-e7fba8ab8c18,칸마트,마트,수정전통시장,전통시장,부산광역시,3.0,3.0,,,RESOLVED_AGREEMENT,False,3,,,,
f5769fc5befb6914434f,val,편의점,T2 동의어,q_편의점_02,마트,생활·마트 중 '편의점'을 판매·제공하는 매장,0c2c2ca0-e8c5-40bf-bc2a-a3b2d7e7f0b8,관광마트,마트,신진항 골목형상점가,골목형상점가,충청남도,3.0,3.0,,,RESOLVED_AGREEMENT,False,3,,,,
eb71e923655012f11f2e,val,편의점,T2 동의어,q_편의점_02,마트,생활·마트 중 '편의점'을 판매·제공하는 매장,73d9d869-72b2-4427-9b69-6f2b5479d168,한성마트,마트,평창올림픽시장(평창전통시장),전통시장,강원특별자치도,3.0,3.0,,,RESOLVED_AGREEMENT,False,3,,,,
f0ff8afb41725eb8a228,val,편의점,T2 동의어,q_편의점_02,마트,생활·마트 중 '편의점'을 판매·제공하는 매장,8e60b1b6-eff5-45cd-8a5e-b715fbe6e1fb,진로마트,마트,도봉산옛길골목형상점가,골목형상점가,서울특별시,3.0,3.0,,,RESOLVED_AGREEMENT,False,3,,,,
3658ecc34f42f4d710d2,val,편의점,T2 동의어,q_편의점_02,마트,생활·마트 중 '편의점'을 판매·제공하는 매장,01ca51d4-ae25-4b4f-86b6-d8461d581a02,영광슈퍼,소매업(슈퍼),신원시장,전통시장,서울특별시,3.0,2.0,,,P2_GRADED_ONLY,True,,,,,
2ab1d9c08711d6baf055,val,편의점,T2 동의어,q_편의점_02,마트,생활·마트 중 '편의점'을 판매·제공하는 매장,64055e05-8be9-42b5-a6f3-406cfcf145ac,굿마트,마트,가수원상점가,자율상권구역,대전광역시,3.0,3.0,,,RESOLVED_AGREEMENT,False,3,,,,
dd85220a191154386c77,val,편의점,T2 동의어,q_편의점_02,마트,생활·마트 중 '편의점'을 판매·제공하는 매장,f1b63468-aab6-4e94-8494-993003779c57,자이마트,마트,민락골목시장,전통시장,부산광역시,3.0,3.0,,,RESOLVED_AGREEMENT,False,3,,,,
b9212664954480d9b5e8,val,편의점,T2 동의어,q_편의점_02,마트,생활·마트 중 '편의점'을 판매·제공하는 매장,d40f1934-1537-46fa-add5-9087133506a9,틈새라면,휴게음식점,금촌명동로시장,전통시장,경기도,0.0,0.0,,,RESOLVED_AGREEMENT,False,0,,,,
5eef1b4026b83a349f91,val,편의점,T2 동의어,q_편의점_02,마트,생활·마트 중 '편의점'을 판매·제공하는 매장,49e17e42-e1b5-4d8a-93b2-b6169d389947,삼호마트,마트,"일곡동(제8지역:롯데,벽산,동아,삼호,월드스파)",골목형상점가,광주광역시,3.0,3.0,,,RESOLVED_AGREEMENT,False,3,,,,
2d2ab683fb043d391671,val,편의점,T2 동의어,q_편의점_02,마트,생활·마트 중 '편의점'을 판매·제공하는 매장,5836065f-6522-4c9b-817c-a5371854771e,어라운드가든,남성의류,첨단시리단길,골목형상점가,광주광역시,0.0,0.0,,,RESOLVED_AGREEMENT,False,0,,,,
80bd8fea342907eca5ed,val,편의점,T2 동의어,q_편의점_02,마트,생활·마트 중 '편의점'을 판매·제공하는 매장,230f017b-c3e5-487d-b967-ce27ff1ce7e9,진성마트,마트,장안마실골목형상점가,골목형상점가,서울특별시,3.0,3.0,,,RESOLVED_AGREEMENT,False,3,,,,
281fb0133a0ab626431e,val,편의점,T2 동의어,q_편의점_02,마트,생활·마트 중 '편의점'을 판매·제공하는 매장,a48728a6-de7c-4753-afd7-90ec6ab890e0,대경마트,마트,수성현대시장,전통시장,대구광역시,3.0,3.0,,,RESOLVED_AGREEMENT,False,3,,,,
94c423fab32dda0d68a2,val,편의점,T2 동의어,q_편의점_02,마트,생활·마트 중 '편의점'을 판매·제공하는 매장,25f41181-bb6a-4b83-8912-30aefe0e52a7,진마트,마트,무안전통시장,전통시장,전라남도,3.0,3.0,,,RESOLVED_AGREEMENT,False,3,,,,
98803268a82e47cffcf8,val,편의점,T2 동의어,q_편의점_02,마트,생활·마트 중 '편의점'을 판매·제공하는 매장,003683a7-fde1-46b0-8421-08210268e2b0,이마트24 광주일곡엘리체점,,삼각동 골목형상점가,골목형상점가,,3.0,3.0,,,RESOLVED_AGREEMENT,False,3,,,,
53d0873a53d44b387643,val,편의점,T2 동의어,q_편의점_02,마트,생활·마트 중 '편의점'을 판매·제공하는 매장,00242042-f371-486a-a1fc-b85de093edbf,슈올즈 이천점,"신발, 잡화",장터거리시장 골목형상점가,골목형상점가,경기도,1.0,0.0,,,P2_GRADED_ONLY,True,,,,,
570d6164783366514a4b,val,편의점,T2 동의어,q_편의점_02,마트,생활·마트 중 '편의점'을 판매·제공하는 매장,af38492c-e693-4172-ab75-94f2679589c1,쿨 마트,,갈리단길 골목형상점가,골목형상점가,대전광역시,3.0,3.0,,,RESOLVED_AGREEMENT,False,3,,,,
5f9697c8aac39e9cde56,val,편의점,T2 동의어,q_편의점_02,마트,생활·마트 중 '편의점'을 판매·제공하는 매장,bf489167-bae8-4d85-906b-e2dae878eac7,대흥마트,마트,영등포구청역 3번출구 골목형상점가,골목형상점가,서울특별시,3.0,3.0,,,RESOLVED_AGREEMENT,False,3,,,,
51de47242a10bab53564,val,편의점,T2 동의어,q_편의점_02,마트,생활·마트 중 '편의점'을 판매·제공하는 매장,c6c348ac-1950-4880-a575-fac62b94e061,유명마트,마트,전주모래내시장,전통시장,전북특별자치도,3.0,3.0,,,RESOLVED_AGREEMENT,False,3,,,,
81c6791cbfac51249458,val,편의점,T2 동의어,q_편의점_02,마트,생활·마트 중 '편의점'을 판매·제공하는 매장,28918cdf-8e06-4da7-b653-70aee863ecb6,에덴마트,마트,챔피언스거리 골목형상점가,골목형상점가,광주광역시,3.0,3.0,,,RESOLVED_AGREEMENT,False,3,,,,
e953524657c6f7ee132a,val,편의점,T2 동의어,q_편의점_02,마트,생활·마트 중 '편의점'을 판매·제공하는 매장,95037a01-836c-4dac-be6d-55cb875625d8,신동방마트,마트,전하이편한세상2단지 골목형상점가,골목형상점가,울산광역시,3.0,3.0,,,RESOLVED_AGREEMENT,False,3,,,,
66932f0ba75e315b0419,val,편의점,T2 동의어,q_편의점_02,마트,생활·마트 중 '편의점'을 판매·제공하는 매장,1dac1c35-fa87-4365-a2da-91ad9c7e3d52,돼지마트,마트,인천신흥시장,전통시장,인천광역시,3.0,3.0,,,RESOLVED_AGREEMENT,False,3,,,,
b793ac8951536c04e9ee,val,편의점,T2 동의어,q_편의점_02,마트,생활·마트 중 '편의점'을 판매·제공하는 매장,01082ac2-3d28-417c-8311-62a9095208e5,신라정선,슈퍼,남부골목시장,전통시장,서울특별시,3.0,2.0,,,P2_GRADED_ONLY,True,,,,,
3ea351d1c6b4c19e6134,val,편의점,T2 동의어,q_편의점_02,마트,생활·마트 중 '편의점'을 판매·제공하는 매장,1132f943-7fcb-4088-9f33-a494f4c32a37,성도마트,마트,수문통 골목형상점가,골목형상점가,인천광역시,3.0,3.0,,,RESOLVED_AGREEMENT,False,3,,,,
a9627c2fa130572ebf38,val,편의점,T2 동의어,q_편의점_02,마트,생활·마트 중 '편의점'을 판매·제공하는 매장,362f9bc5-aa9a-4349-98b8-50abdc2419be,비나마트,마트,성서와룡시장,전통시장,대구광역시,3.0,3.0,,,RESOLVED_AGREEMENT,False,3,,,,
243106245381376d0aeb,val,편의점,T2 동의어,q_편의점_02,마트,생활·마트 중 '편의점'을 판매·제공하는 매장,01790f65-6bd3-405b-9ef4-493889531486,세븐일레븐자양으뜸2호점,편의점,자양로13길골목형상점가,골목형상점가,서울특별시,3.0,3.0,,,RESOLVED_AGREEMENT,False,3,,,,
c4b9dbf653ab70378ab2,val,편의점,T2 동의어,q_편의점_02,마트,생활·마트 중 '편의점'을 판매·제공하는 매장,e8e67624-acf6-4aa3-8978-70cfea04a872,삼화마트,마트,풍산시장,전통시장,경상북도,3.0,3.0,,,RESOLVED_AGREEMENT,False,3,,,,
a3a4d2112559bf713a11,val,편의점,T2 동의어,q_편의점_02,마트,생활·마트 중 '편의점'을 판매·제공하는 매장,0054b824-eb72-4efa-a1ba-40d467c899a5,수정상회,잡화,중앙전통시장,전통시장,울산광역시,1.0,0.0,,,P2_GRADED_ONLY,True,,,,,
6d9c4abee5263afaa7b9,val,편의점,T2 동의어,q_편의점_02,마트,생활·마트 중 '편의점'을 판매·제공하는 매장,a44296aa-8738-4de2-9a98-9df9b54361f4,월드마트,마트,남현동예술인마을골목형상점가,골목형상점가,서울특별시,3.0,3.0,,,RESOLVED_AGREEMENT,False,3,,,,
a8b253f72cf3b7af9a1b,val,편의점,T2 동의어,q_편의점_02,마트,생활·마트 중 '편의점'을 판매·제공하는 매장,a53d1b09-36e6-4e17-8d41-135a77785f1a,우리마트,마트,신금호역골목형상점가,골목형상점가,서울특별시,3.0,3.0,,,RESOLVED_AGREEMENT,False,3,,,,
04b8eba3d4586b3cf401,val,편의점,T2 동의어,q_편의점_02,마트,생활·마트 중 '편의점'을 판매·제공하는 매장,e0102249-1bb1-49ba-9d89-3943a53bb25a,짱구네숯불돼지갈비,돼지갈비,포남용마거리골목형상점가,골목형상점가,강원특별자치도,0.0,0.0,,,RESOLVED_AGREEMENT,False,0,,,,
4b2585d9ddfe8185bb1a,val,편의점,T2 동의어,q_편의점_02,마트,생활·마트 중 '편의점'을 판매·제공하는 매장,006f9082-b590-49e3-baf4-f72dc203a510,CU풍암주은모아점,편의점,풍암당산상인회 골목형상점가,골목형상점가,광주광역시,3.0,3.0,,,RESOLVED_AGREEMENT,False,3,,,,
56f1d742ee1dc22734e0,val,편의점,T2 동의어,q_편의점_02,마트,생활·마트 중 '편의점'을 판매·제공하는 매장,f7fcfdaf-a4ab-4f70-935d-9802c173fc3a,홈마트,마트,88글러브 골목형상점가,골목형상점가,대전광역시,3.0,3.0,,,RESOLVED_AGREEMENT,False,3,,,,
270a35fb2a4841090379,val,편의점,T2 동의어,q_편의점_02,마트,생활·마트 중 '편의점'을 판매·제공하는 매장,ca5f5bf6-1cd4-48d9-ae4c-4440dff74009,골드마트,마트,만리시장,전통시장,서울특별시,3.0,3.0,,,RESOLVED_AGREEMENT,False,3,,,,
a3103e4b31d0cd376060,val,편의점,T2 동의어,q_편의점_02,마트,생활·마트 중 '편의점'을 판매·제공하는 매장,8cbbff68-6ed3-499a-8c58-2e5fb093ecc2,금메달 마트,마트,두암타운 골목형상점가,골목형상점가,광주광역시,3.0,3.0,,,RESOLVED_AGREEMENT,False,3,,,,
02b2c963b27fadfcc413,val,편의점,T2 동의어,q_편의점_02,마트,생활·마트 중 '편의점'을 판매·제공하는 매장,71ae83af-fe0b-4a18-a802-8200ffa26a9a,대우홈마트,마트,신성전통시장,전통시장,서울특별시,3.0,3.0,,,RESOLVED_AGREEMENT,False,3,,,,
cd5cf5aa3f4a2afdd730,val,편의점,T2 동의어,q_편의점_02,마트,생활·마트 중 '편의점'을 판매·제공하는 매장,26d682c2-b995-4cc2-bebc-c1ba2de8a09e,경북마트,마트,지동시장,전통시장,경기도,3.0,3.0,,,RESOLVED_AGREEMENT,False,3,,,,
d4c16b4cd267b2f11309,val,편의점,T2 동의어,q_편의점_02,마트,생활·마트 중 '편의점'을 판매·제공하는 매장,fb9b76aa-18e3-41f3-8664-a4b5573dd864,장안마트,마트,무안전통시장,전통시장,,3.0,3.0,,,RESOLVED_AGREEMENT,False,3,,,,
046406c5f0571783df51,val,편의점,T2 동의어,q_편의점_02,마트,생활·마트 중 '편의점'을 판매·제공하는 매장,cb37f75c-2b50-4463-8eac-bf649315271e,홈마트,마트,광양매일시장(광양상설시장),전통시장,전라남도,3.0,3.0,,,RESOLVED_AGREEMENT,False,3,,,,
5fab279d2f869a592316,val,편의점,T2 동의어,q_편의점_02,마트,생활·마트 중 '편의점'을 판매·제공하는 매장,ad00904e-c052-4998-a590-13c58fdb1965,부산마트,마트,경산공설시장,전통시장,경상북도,3.0,3.0,,,RESOLVED_AGREEMENT,False,3,,,,
f088dd5b655b22fe1636,val,편의점,T2 동의어,q_편의점_02,마트,생활·마트 중 '편의점'을 판매·제공하는 매장,871f890a-3f46-4663-8cd9-41b2980c2f5a,대박마트,마트,공주산성시장,전통시장,충청남도,3.0,3.0,,,RESOLVED_AGREEMENT,False,3,,,,
7a1f563dd092590b8613,val,편의점,T2 동의어,q_편의점_02,마트,생활·마트 중 '편의점'을 판매·제공하는 매장,9fcdb499-2d89-4814-9d1b-d139257a9803,SM마트,마트,전남대 상대 골목형상점가,골목형상점가,광주광역시,3.0,3.0,,,RESOLVED_AGREEMENT,False,3,,,,
b5978ae0b52d06d59317,val,편의점,T2 동의어,q_편의점_02,마트,생활·마트 중 '편의점'을 판매·제공하는 매장,8e6230e3-e083-45c2-8a80-6e074fed696f,국제할인마트,마트,흥국상가,자율상권구역,전라남도,3.0,3.0,,,RESOLVED_AGREEMENT,False,3,,,,
1f60ae03644878f8647d,val,편의점,T2 동의어,q_편의점_02,마트,생활·마트 중 '편의점'을 판매·제공하는 매장,4be9ca0a-458d-4a38-a556-36a4d4dfa2e3,뉴킹마트,마트,거제 상동 골목형상점가,골목형상점가,경상남도,3.0,3.0,,,RESOLVED_AGREEMENT,False,3,,,,
e4d18f8723d88b2af2eb,val,편의점,T2 동의어,q_편의점_02,마트,생활·마트 중 '편의점'을 판매·제공하는 매장,32da6e08-efb3-460e-b9f8-3408d1dcb500,퀸마트,마트,진보전통시장,전통시장,경상북도,3.0,3.0,,,RESOLVED_AGREEMENT,False,3,,,,
5c0e0c3b3fe1adba06d9,val,편의점,T2 동의어,q_편의점_02,마트,생활·마트 중 '편의점'을 판매·제공하는 매장,f6bbca97-abc4-4d09-aa8e-776f7b115cb8,디시마트,마트,중앙식료시장(중앙먹통시장),전통시장,전라남도,3.0,3.0,,,RESOLVED_AGREEMENT,False,3,,,,
a81ae9dab7f5cef3a089,val,편의점,T2 동의어,q_편의점_02,마트,생활·마트 중 '편의점'을 판매·제공하는 매장,acced4c3-7fd2-4769-b679-1daae73871ba,세용마트,마트,대신시장,전통시장,부산광역시,3.0,3.0,,,RESOLVED_AGREEMENT,False,3,,,,
09e6b73c6be8a068552b,val,편의점,T2 동의어,q_편의점_02,마트,생활·마트 중 '편의점'을 판매·제공하는 매장,003747e4-8102-4296-bfdf-b7ca7c1f83fa,평화잡화,잡화,부산평화시장,전통시장,부산광역시,1.0,0.0,,,P2_GRADED_ONLY,True,,,,,
f0fe8ab8424854f9d88c,val,편의점,T2 동의어,q_편의점_02,마트,생활·마트 중 '편의점'을 판매·제공하는 매장,14dc5002-7fc4-464f-9adb-5197f39d3b4c,알마트,마트,강구시장,전통시장,경상북도,3.0,3.0,,,RESOLVED_AGREEMENT,False,3,,,,
dd3a30de7d0b3914a36b,val,편의점,T2 동의어,q_편의점_02,마트,생활·마트 중 '편의점'을 판매·제공하는 매장,0f43307b-d30c-4f6a-9300-f563cadbb40d,하남유통마트,마트,우산매일시장,전통시장,광주광역시,3.0,3.0,,,RESOLVED_AGREEMENT,False,3,,,,
aa7c4ba347ef9d5f2f54,val,편의점,T2 동의어,q_편의점_02,마트,생활·마트 중 '편의점'을 판매·제공하는 매장,aa02974c-a74b-43c3-bb54-f8105fc7d193,킹마트,마트,성서중심시장(성서시장문화의거리 통합),전통시장,충청북도,3.0,3.0,,,RESOLVED_AGREEMENT,False,3,,,,
3b71d1e188d8f658dd96,val,편의점,T2 동의어,q_편의점_02,마트,생활·마트 중 '편의점'을 판매·제공하는 매장,700843fb-b514-4517-8af9-dcf37fcf909f,현대마트,마트,용인중앙시장,전통시장,경기도,3.0,3.0,,,RESOLVED_AGREEMENT,False,3,,,,
36c0e95725f3230e69b2,val,편의점,T2 동의어,q_편의점_02,마트,생활·마트 중 '편의점'을 판매·제공하는 매장,bc091edd-96e6-4cbf-a173-1fb13101f13f,S. M. 마트,마트,동림동 골목형상점가,골목형상점가,광주광역시,3.0,3.0,,,RESOLVED_AGREEMENT,False,3,,,,
be1de69a503f4e5fa896,val,편의점,T2 동의어,q_편의점_02,마트,생활·마트 중 '편의점'을 판매·제공하는 매장,01a0efe3-6970-4157-9177-c25358a4f8a6,유한회사 도민유통(와이마트),슈퍼마켓,용봉지구 골목형상점가,골목형상점가,광주광역시,3.0,3.0,,,RESOLVED_AGREEMENT,False,3,,,,
d3f243cd744d8c2926f5,val,편의점,T2 동의어,q_편의점_02,마트,생활·마트 중 '편의점'을 판매·제공하는 매장,61de5f15-5174-49a5-ade0-aa81cb23faa4,육감 정육점,우육 돈육 계육,서정리시장(서정시장),전통시장,경기도,0.0,0.0,,,RESOLVED_AGREEMENT,False,0,,,,
6d97e523a6520a981b69,val,편의점,T2 동의어,q_편의점_02,마트,생활·마트 중 '편의점'을 판매·제공하는 매장,1aabc75c-56a0-43e6-8820-f55b7f46c3e8,올리브,"조화, 인테리어 소품",부산자유시장,전통시장,부산광역시,0.0,0.0,,,RESOLVED_AGREEMENT,False,0,,,,
c59b89e6479584ee3cd4,val,편의점,T2 동의어,q_편의점_02,마트,생활·마트 중 '편의점'을 판매·제공하는 매장,7a91e589-362d-47ca-a147-1916a491ffb6,헬로우 마트,마트,삼성면 원도심 자율상권구역,상권활성화구역,충청북도,3.0,3.0,,,RESOLVED_AGREEMENT,False,3,,,,
ed902b414b43e175846a,val,편의점,T2 동의어,q_편의점_02,마트,생활·마트 중 '편의점'을 판매·제공하는 매장,c7ee054d-14b5-4a2a-82c8-1ca38892229f,하누리 식자재 마트,마트,연일전통시장,전통시장,경상북도,3.0,3.0,,,RESOLVED_AGREEMENT,False,3,,,,
ba8f66b439c4e0b65542,val,편의점,T2 동의어,q_편의점_02,마트,생활·마트 중 '편의점'을 판매·제공하는 매장,003d5df8-0856-45e0-a11e-5098cf70541e,앨리스리본&공방,"공방, 잡화",봉화내성시장,전통시장,경상북도,1.0,0.0,,,P2_GRADED_ONLY,True,,,,,
c0e54b92d986b69263d6,val,편의점,T2 동의어,q_편의점_02,마트,생활·마트 중 '편의점'을 판매·제공하는 매장,0015ea0b-d565-4d75-bbfb-1198daeb0b0c,나이스마트청라자이점,,청라언덕 골목형상점가,골목형상점가,대구광역시,3.0,3.0,,,RESOLVED_AGREEMENT,False,3,,,,
735fa48156b115bd9b53,val,편의점,T2 동의어,q_편의점_02,마트,생활·마트 중 '편의점'을 판매·제공하는 매장,a1e51ebb-b8e0-4c8c-8629-0f55ffafe21c,전북마트,마트,전주남부시장,전통시장,전북특별자치도,3.0,3.0,,,RESOLVED_AGREEMENT,False,3,,,,
5a5254d4560d7e46f613,val,편의점,T2 동의어,q_편의점_02,마트,생활·마트 중 '편의점'을 판매·제공하는 매장,b4644053-6acc-4b0c-a1ec-9f939010733b,현대 일등 마트,마트,강진읍 상권활성화구역,상권활성화구역,전라남도,3.0,3.0,,,RESOLVED_AGREEMENT,False,3,,,,
c14706db61b8e56072de,val,편의점,T2 동의어,q_편의점_02,마트,생활·마트 중 '편의점'을 판매·제공하는 매장,023e5716-7bdc-42c7-9c7e-a9a4f0f23a8b,이마트24 광주하남금호점,,한마음,골목형상점가,,3.0,3.0,,,RESOLVED_AGREEMENT,False,3,,,,
fce4cbdb34b7bd738b7d,val,편의점,T2 동의어,q_편의점_02,마트,생활·마트 중 '편의점'을 판매·제공하는 매장,505c33f9-7a19-4462-adb4-4421e3ba2c74,동원마트,마트,우림골목시장,전통시장,서울특별시,3.0,3.0,,,RESOLVED_AGREEMENT,False,3,,,,
f8dec50ed74e9b82aa85,val,편의점,T2 동의어,q_편의점_02,마트,생활·마트 중 '편의점'을 판매·제공하는 매장,653b3134-04aa-4f7f-912e-5d610964d461,대륙마트,마트,마포시장,전통시장,서울특별시,3.0,3.0,,,RESOLVED_AGREEMENT,False,3,,,,
44af404bed5c6e733bda,val,편의점,T2 동의어,q_편의점_02,마트,생활·마트 중 '편의점'을 판매·제공하는 매장,bb105237-b61f-4a96-bf6a-be9fe41a48ce,금주네식당,한식,양정 골목형상점가,골목형상점가,울산광역시,0.0,0.0,,,RESOLVED_AGREEMENT,False,0,,,,
f01002c967d7739fcb46,val,편의점,T2 동의어,q_편의점_02,마트,생활·마트 중 '편의점'을 판매·제공하는 매장,72d16c53-7380-4d56-8d69-d34b55e24dca,송월알짜마트,마트,차이나타운로 상점가,자율상권구역,인천광역시,3.0,3.0,,,RESOLVED_AGREEMENT,False,3,,,,
258bf0d3adc88699d7b4,val,편의점,T2 동의어,q_편의점_02,마트,생활·마트 중 '편의점'을 판매·제공하는 매장,5a476853-c1f1-4daf-908a-17e93f487d83,해태마트,마트,담양중앙3번가 골목형상점가,골목형상점가,전라남도,3.0,3.0,,,RESOLVED_AGREEMENT,False,3,,,,
aca8bf5a225aa419846d,val,편의점,T2 동의어,q_편의점_02,마트,생활·마트 중 '편의점'을 판매·제공하는 매장,01d01063-d46f-4d55-991f-bd03c55392f8,씨유 사상중흥센터,편의점,중흥 골목형상점가,골목형상점가,부산광역시,3.0,3.0,,,RESOLVED_AGREEMENT,False,3,,,,
96f17f4718278d0be102,val,편의점,T2 동의어,q_편의점_02,마트,생활·마트 중 '편의점'을 판매·제공하는 매장,01b2c972-f367-47e6-b3d2-11585175a7c1,명동슈퍼,슈퍼,신대방1동온누리길골목형상점가,골목형상점가,서울특별시,3.0,2.0,,,P2_GRADED_ONLY,True,,,,,
6cf8b4a5508f2fe09273,val,편의점,T2 동의어,q_편의점_02,마트,생활·마트 중 '편의점'을 판매·제공하는 매장,0127440f-2d8b-45f0-b518-a19665d3d5a8,나들가게서교하이퍼,소매(슈퍼),서교시장,전통시장,서울특별시,3.0,2.0,,,P2_GRADED_ONLY,True,,,,,
25a912952f020b1a1e16,val,편의점,T2 동의어,q_편의점_02,마트,생활·마트 중 '편의점'을 판매·제공하는 매장,14cd7f9b-70a5-4595-a2bd-bf952cd0b63b,썬마트,마트,봉평전통시장,전통시장,강원특별자치도,3.0,3.0,,,RESOLVED_AGREEMENT,False,3,,,,
baf54bac39a69e368a42,val,편의점,T2 동의어,q_편의점_02,마트,생활·마트 중 '편의점'을 판매·제공하는 매장,e155a103-3e56-45de-beca-04f56dace7e8,싸다김밥 대전둔산점,분식,둔산2동 골목형상점가,골목형상점가,대전광역시,0.0,0.0,,,RESOLVED_AGREEMENT,False,0,,,,
aba5ea9b3b95a4175c43,val,편의점,T2 동의어,q_편의점_02,마트,생활·마트 중 '편의점'을 판매·제공하는 매장,4dc9a420-572b-46de-944b-a5e4696e3b10,비비마트,마트,계산동 골목형상점가,골목형상점가,대전광역시,3.0,3.0,,,RESOLVED_AGREEMENT,False,3,,,,
702d7d4544c10a9002d6,val,편의점,T2 동의어,q_편의점_02,마트,생활·마트 중 '편의점'을 판매·제공하는 매장,271ae8b2-e4bd-4abd-bf82-ad0d13913c6f,역전마트,마트,두마면 계룡역골목형상점가,골목형상점가,충청남도,3.0,3.0,,,RESOLVED_AGREEMENT,False,3,,,,
fccd2db3462d73d3fc83,val,편의점,T2 동의어,q_편의점_02,마트,생활·마트 중 '편의점'을 판매·제공하는 매장,02656399-5272-4d95-93ce-aa699e13cfdb,우리홈마트,,중화산로 골목형상점가,골목형상점가,전북특별자치도,3.0,3.0,,,RESOLVED_AGREEMENT,False,3,,,,
d601b36eba08822f2ba7,val,편의점,T2 동의어,q_편의점_02,마트,생활·마트 중 '편의점'을 판매·제공하는 매장,5bf03524-b2ba-43f0-a966-2daf05dc1270,화니마트,마트,백운광장 골목형상점가,골목형상점가,광주광역시,3.0,3.0,,,RESOLVED_AGREEMENT,False,3,,,,
6fde5dd1fd4ccfbd87de,val,편의점,T2 동의어,q_편의점_02,마트,생활·마트 중 '편의점'을 판매·제공하는 매장,02ab118f-aa08-483e-b7d3-93768e12c1be,이마트24옥정엠시티점,,파스텔시티2차상점가,골목형상점가,경기도,3.0,3.0,,,RESOLVED_AGREEMENT,False,3,,,,
ed604c8e716b42cd8560,val,편의점,T2 동의어,q_편의점_02,마트,생활·마트 중 '편의점'을 판매·제공하는 매장,51808c14-2ade-458b-9f2e-3750a47d35fd,케이(K)마트,마트,성황당길골목형상점가,골목형상점가,서울특별시,3.0,3.0,,,RESOLVED_AGREEMENT,False,3,,,,
3acfc7561dd73609d9de,val,편의점,T2 동의어,q_편의점_02,마트,생활·마트 중 '편의점'을 판매·제공하는 매장,23e05f69-169a-4b88-81df-1b80c2c73ccd,곰마트,마트,월정로시장,기타,서울특별시,3.0,3.0,,,RESOLVED_AGREEMENT,False,3,,,,
eb3ac24bb59f026d891a,val,편의점,T2 동의어,q_편의점_02,마트,생활·마트 중 '편의점'을 판매·제공하는 매장,e2ad8f72-93a0-4f4e-9e0d-9c31c64d3c47,대신마트,마트,영일대북부시장(구 북부시장),전통시장,경상북도,3.0,3.0,,,RESOLVED_AGREEMENT,False,3,,,,
941592a6aa83fa91fffc,val,편의점,T2 동의어,q_편의점_02,마트,생활·마트 중 '편의점'을 판매·제공하는 매장,017a2c54-999b-4850-993e-cac5169d3aec,지에스25 원주황금점,편의점,혁신도시1구역골목형상점가,골목형상점가,강원특별자치도,3.0,3.0,,,RESOLVED_AGREEMENT,False,3,,,,
2d58b4b5a19c47955b94,val,편의점,T2 동의어,q_편의점_02,마트,생활·마트 중 '편의점'을 판매·제공하는 매장,001bacc9-5a95-4049-babd-6691512d8da0,백두사,잡화,장량성도시장,전통시장,경상북도,1.0,0.0,,,P2_GRADED_ONLY,True,,,,,
f47e295b70eba8c88bde,val,편의점,T2 동의어,q_편의점_02,마트,생활·마트 중 '편의점'을 판매·제공하는 매장,6aa71532-ea18-448b-b2c9-b1c6b153d50d,원마트,마트,일우연동시장 골목형상점가,전통시장,제주특별자치도,3.0,3.0,,,RESOLVED_AGREEMENT,False,3,,,,
eabc5098b3bed4b763d7,val,편의점,T2 동의어,q_편의점_02,마트,생활·마트 중 '편의점'을 판매·제공하는 매장,1edc879c-81df-44a1-a5a5-261312c9e636,축협마트,마트,복이있는덕포시장,전통시장,부산광역시,3.0,3.0,,,RESOLVED_AGREEMENT,False,3,,,,
cefaae9f08e6d514e3b1,val,편의점,T2 동의어,q_편의점_02,마트,생활·마트 중 '편의점'을 판매·제공하는 매장,c343a5da-5c46-49d6-8c54-b88f7bb05d62,드림마트,마트,비아로 골목형상점가,골목형상점가,광주광역시,3.0,3.0,,,RESOLVED_AGREEMENT,False,3,,,,
45cf062485bc30b553c2,val,편의점,T2 동의어,q_편의점_02,마트,생활·마트 중 '편의점'을 판매·제공하는 매장,ce6a1d46-c048-475e-9626-acc530159c6a,대농마트,마트,동원전통종합시장,전통시장,서울특별시,3.0,3.0,,,RESOLVED_AGREEMENT,False,3,,,,
31ab1658bd01623dd373,val,편의점,T2 동의어,q_편의점_02,마트,생활·마트 중 '편의점'을 판매·제공하는 매장,fc3c91bd-9f79-42d4-9c03-4e4332821b21,스타마트,마트,스타프라자전통시장,전통시장,경기도,3.0,3.0,,,RESOLVED_AGREEMENT,False,3,,,,
2ee8d4a73c371e30e710,val,편의점,T2 동의어,q_편의점_02,마트,생활·마트 중 '편의점'을 판매·제공하는 매장,96edc3a3-d4ca-45af-94b8-9f317fcd770a,에덴무인마트,마트,안동구시장,전통시장,경상북도,3.0,3.0,,,RESOLVED_AGREEMENT,False,3,,,,
54a339a5f5554b7d00c7,val,편의점,T2 동의어,q_편의점_02,마트,생활·마트 중 '편의점'을 판매·제공하는 매장,b3d213dd-d249-4e18-abe1-377854194d71,싱싱할인마트,마트,성황당길골목형상점가,골목형상점가,서울특별시,3.0,3.0,,,RESOLVED_AGREEMENT,False,3,,,,
3638e0d9f5e2f90f924e,val,편의점,T2 동의어,q_편의점_02,마트,생활·마트 중 '편의점'을 판매·제공하는 매장,c1c0b0e5-a568-486b-b073-245dac3aa8aa,홈마트,마트,명덕시장,전통시장,대구광역시,3.0,3.0,,,RESOLVED_AGREEMENT,False,3,,,,
833eb54e2741fcbdd0dd,val,편의점,T2 동의어,q_편의점_03,슈퍼,생활·마트 중 '편의점'을 판매·제공하는 매장,017a2c54-999b-4850-993e-cac5169d3aec,지에스25 원주황금점,편의점,혁신도시1구역골목형상점가,골목형상점가,강원특별자치도,3.0,3.0,,,RESOLVED_AGREEMENT,False,3,,,,
be91f24f7eae867437b9,val,편의점,T2 동의어,q_편의점_03,슈퍼,생활·마트 중 '편의점'을 판매·제공하는 매장,6cde0dd7-efd2-407d-8b73-cf27fa581b74,구억종합유통슈퍼,슈퍼,속초종합중앙시장,전통시장,강원특별자치도,3.0,3.0,,,RESOLVED_AGREEMENT,False,3,,,,
b7e248dba899df22a04c,val,편의점,T2 동의어,q_편의점_03,슈퍼,생활·마트 중 '편의점'을 판매·제공하는 매장,0127440f-2d8b-45f0-b518-a19665d3d5a8,나들가게서교하이퍼,소매(슈퍼),서교시장,전통시장,서울특별시,3.0,3.0,,,RESOLVED_AGREEMENT,False,3,,,,
2847db87e01c5abefb41,val,편의점,T2 동의어,q_편의점_03,슈퍼,생활·마트 중 '편의점'을 판매·제공하는 매장,e491d2e9-d244-461a-b8c8-9c623ba2e8a1,카스테이,자동차 썬팅 전자기기 등 자동차 용품,신가동 골목형상점가,골목형상점가,광주광역시,0.0,0.0,,,RESOLVED_AGREEMENT,False,0,,,,
63dba70c73cf0205e8b9,val,편의점,T2 동의어,q_편의점_03,슈퍼,생활·마트 중 '편의점'을 판매·제공하는 매장,8d8bc212-0da4-4be8-a161-b14d252a73b4,원상회,슈퍼,익산황등시장,전통시장,전북특별자치도,3.0,3.0,,,RESOLVED_AGREEMENT,False,3,,,,
5ba40406fb78df91e797,val,편의점,T2 동의어,q_편의점_03,슈퍼,생활·마트 중 '편의점'을 판매·제공하는 매장,96e7a0f9-f0a9-46de-8089-ea59d8c85223,동서슈퍼,슈퍼,이촌종합시장,전통시장,서울특별시,3.0,3.0,,,RESOLVED_AGREEMENT,False,3,,,,
c6eb3c56e34784c91653,val,편의점,T2 동의어,q_편의점_03,슈퍼,생활·마트 중 '편의점'을 판매·제공하는 매장,cde787e8-afb5-44c6-8183-8124b876de5e,도봉슈퍼,슈퍼,도봉산옛길골목형상점가,골목형상점가,서울특별시,3.0,3.0,,,RESOLVED_AGREEMENT,False,3,,,,
6ec370021e669f327043,val,편의점,T2 동의어,q_편의점_03,슈퍼,생활·마트 중 '편의점'을 판매·제공하는 매장,a0da2c43-eff1-4093-bc93-5fa84a70b868,대륜,슈퍼,김천황금시장,전통시장,경상북도,3.0,3.0,,,RESOLVED_AGREEMENT,False,3,,,,
f47d6feb040f511ce720,val,편의점,T2 동의어,q_편의점_03,슈퍼,생활·마트 중 '편의점'을 판매·제공하는 매장,4f26eac6-8dff-4aa9-9d15-86b60a393ca6,중원 슈퍼,슈퍼,영주공설시장,전통시장,경상북도,3.0,3.0,,,RESOLVED_AGREEMENT,False,3,,,,
a39c02a56ca01e32288a,val,편의점,T2 동의어,q_편의점_03,슈퍼,생활·마트 중 '편의점'을 판매·제공하는 매장,260fe949-39d4-4a15-8b27-591d770c9ef4,문환매일슈퍼,슈퍼,양수리전통시장(양평양수리시장),전통시장,경기도,3.0,3.0,,,RESOLVED_AGREEMENT,False,3,,,,
47b5ee4fb9ec2b1e017e,val,편의점,T2 동의어,q_편의점_03,슈퍼,생활·마트 중 '편의점'을 판매·제공하는 매장,7dc7a524-87a6-4582-af76-4e8b83daae53,금산슈퍼,슈퍼,굴비골영광시장(구 영광매일시장),전통시장,전라남도,3.0,3.0,,,RESOLVED_AGREEMENT,False,3,,,,
f0df6920ede0f17f7acb,val,편의점,T2 동의어,q_편의점_03,슈퍼,생활·마트 중 '편의점'을 판매·제공하는 매장,ebe26917-5345-42c9-a68d-b83c5b9a0c49,현대슈퍼,슈퍼,계림오거리 골목형상점가,골목형상점가,광주광역시,3.0,3.0,,,RESOLVED_AGREEMENT,False,3,,,,
cb28d91a1f2d402344a4,val,편의점,T2 동의어,q_편의점_03,슈퍼,생활·마트 중 '편의점'을 판매·제공하는 매장,92b1100e-5f75-44f8-af7c-ded14c9e0149,삼강슈퍼,슈퍼,동해묵호시장,전통시장,강원특별자치도,3.0,3.0,,,RESOLVED_AGREEMENT,False,3,,,,
7c1031fff995d343037c,val,편의점,T2 동의어,q_편의점_03,슈퍼,생활·마트 중 '편의점'을 판매·제공하는 매장,01b2c972-f367-47e6-b3d2-11585175a7c1,명동슈퍼,슈퍼,신대방1동온누리길골목형상점가,골목형상점가,서울특별시,3.0,3.0,,,RESOLVED_AGREEMENT,False,3,,,,
30b8fd69e0d9e622040f,val,편의점,T2 동의어,q_편의점_03,슈퍼,생활·마트 중 '편의점'을 판매·제공하는 매장,ae8e4947-859b-4755-8f49-5ee5ebf822db,새벽집두암점,음식 및 주류,두암3동 먹자골목 골목형상점가,골목형상점가,광주광역시,0.0,0.0,,,RESOLVED_AGREEMENT,False,0,,,,
5e7391370643e734b39a,val,편의점,T2 동의어,q_편의점_03,슈퍼,생활·마트 중 '편의점'을 판매·제공하는 매장,0be57939-afdd-41d6-b929-ad397b848623,행운슈퍼,슈퍼,제2경주중심상가시장(경주봉황중심상가시장),전통시장,경상북도,3.0,3.0,,,RESOLVED_AGREEMENT,False,3,,,,
8696af4c0734dacc518f,val,편의점,T2 동의어,q_편의점_03,슈퍼,생활·마트 중 '편의점'을 판매·제공하는 매장,97e77d45-42f2-4270-bdf7-7d9b6b85097d,영신슈퍼,슈퍼,영동전통시장,전통시장,충청북도,3.0,3.0,,,RESOLVED_AGREEMENT,False,3,,,,
6c73ecf9e95f7341e8b7,val,편의점,T2 동의어,q_편의점_03,슈퍼,생활·마트 중 '편의점'을 판매·제공하는 매장,a47f66f4-88bf-4f99-b95d-4a83b2d9e41f,영슈퍼,슈퍼,호계종합시장,전통시장,경기도,3.0,3.0,,,RESOLVED_AGREEMENT,False,3,,,,
0f74187c0a92461b403e,val,편의점,T2 동의어,q_편의점_03,슈퍼,생활·마트 중 '편의점'을 판매·제공하는 매장,480a0754-5fae-49ec-a592-c2c8518993fa,홍익슈퍼,슈퍼,왕십리도선동상점가,자율상권구역,서울특별시,3.0,3.0,,,RESOLVED_AGREEMENT,False,3,,,,
4096a22723d38aa1e2cf,val,편의점,T2 동의어,q_편의점_03,슈퍼,생활·마트 중 '편의점'을 판매·제공하는 매장,02656399-5272-4d95-93ce-aa699e13cfdb,우리홈마트,,중화산로 골목형상점가,골목형상점가,전북특별자치도,3.0,2.0,,,P2_GRADED_ONLY,True,,,,,
ac0b149e618efcb772cd,val,편의점,T2 동의어,q_편의점_03,슈퍼,생활·마트 중 '편의점'을 판매·제공하는 매장,d277bf94-3801-4760-b4f9-692a2832b224,서울슈퍼,슈퍼,용산용문시장,전통시장,서울특별시,3.0,3.0,,,RESOLVED_AGREEMENT,False,3,,,,
d3cc119db727e192398e,val,편의점,T2 동의어,q_편의점_03,슈퍼,생활·마트 중 '편의점'을 판매·제공하는 매장,c8d90a9f-73c4-4def-b07c-9dbb8e5a467d,유한슈퍼,슈퍼,관고전통시장,전통시장,경기도,3.0,3.0,,,RESOLVED_AGREEMENT,False,3,,,,
ed3b27d19da50a663807,val,편의점,T2 동의어,q_편의점_03,슈퍼,생활·마트 중 '편의점'을 판매·제공하는 매장,1f29409c-bc92-4cdf-88f1-3b36b0d76719,24시슈퍼,슈퍼,산본로데오거리(구 산본중심상가),자율상권구역,경기도,3.0,3.0,,,RESOLVED_AGREEMENT,False,3,,,,
dd4b2b3f9a3ce980b225,val,편의점,T2 동의어,q_편의점_03,슈퍼,생활·마트 중 '편의점'을 판매·제공하는 매장,271c5e5f-4031-4ea8-b1b6-62a11b8a00f0,우리농축산,한우돈육,노대물빛근린공원 골목형상점가,골목형상점가,광주광역시,0.0,0.0,,,RESOLVED_AGREEMENT,False,0,,,,
1f36bff94f2bc608f831,val,편의점,T2 동의어,q_편의점_03,슈퍼,생활·마트 중 '편의점'을 판매·제공하는 매장,c2630823-f1ec-4bc9-9b7d-e11aeca1d911,영락슈퍼,슈퍼,청학시장,전통시장,부산광역시,3.0,3.0,,,RESOLVED_AGREEMENT,False,3,,,,
f1077441de90a6e5f504,val,편의점,T2 동의어,q_편의점_03,슈퍼,생활·마트 중 '편의점'을 판매·제공하는 매장,01790f65-6bd3-405b-9ef4-493889531486,세븐일레븐자양으뜸2호점,편의점,자양로13길골목형상점가,골목형상점가,서울특별시,3.0,3.0,,,RESOLVED_AGREEMENT,False,3,,,,
badcf4317f4325e46e56,val,편의점,T2 동의어,q_편의점_03,슈퍼,생활·마트 중 '편의점'을 판매·제공하는 매장,5b7b649e-5850-48b9-9a01-8a6287065261,화순슈퍼,슈퍼,산수시장,전통시장,광주광역시,3.0,3.0,,,RESOLVED_AGREEMENT,False,3,,,,
f0ba4141aa8e434d9290,val,편의점,T2 동의어,q_편의점_03,슈퍼,생활·마트 중 '편의점'을 판매·제공하는 매장,2d4f268c-4a99-4370-b1eb-db9bf23c7ad9,희망슈퍼,슈퍼,동해묵호시장,전통시장,강원특별자치도,3.0,3.0,,,RESOLVED_AGREEMENT,False,3,,,,
16d806dc0bc83aee1c27,val,편의점,T2 동의어,q_편의점_03,슈퍼,생활·마트 중 '편의점'을 판매·제공하는 매장,4d697e64-7f5b-4eab-bc21-d7e5e80da210,황금슈퍼,슈퍼,두암1동 골목형상점가,골목형상점가,광주광역시,3.0,3.0,,,RESOLVED_AGREEMENT,False,3,,,,
8e7d163e23b51d7d6d8c,val,편의점,T2 동의어,q_편의점_03,슈퍼,생활·마트 중 '편의점'을 판매·제공하는 매장,727a4a61-d048-4cfb-8111-7e21f10c828e,성신슈퍼,슈퍼,평택국제중앙시장,전통시장,경기도,3.0,3.0,,,RESOLVED_AGREEMENT,False,3,,,,
0d8b26bd8534e7704668,val,편의점,T2 동의어,q_편의점_03,슈퍼,생활·마트 중 '편의점'을 판매·제공하는 매장,13b2faee-eeb9-4b77-9bee-8cd8b527c4bc,동성 슈퍼,슈퍼,다시남목 골목형상점가,골목형상점가,울산광역시,3.0,3.0,,,RESOLVED_AGREEMENT,False,3,,,,
66324994b16ae205d8c7,val,편의점,T2 동의어,q_편의점_03,슈퍼,생활·마트 중 '편의점'을 판매·제공하는 매장,90c9a24a-cb6f-496a-9418-7aca550ecefe,원보슈퍼,슈퍼,서귀포매일올레시장,전통시장,제주특별자치도,3.0,3.0,,,RESOLVED_AGREEMENT,False,3,,,,
84c37e0e2e33e3398ea4,val,편의점,T2 동의어,q_편의점_03,슈퍼,생활·마트 중 '편의점'을 판매·제공하는 매장,00242042-f371-486a-a1fc-b85de093edbf,슈올즈 이천점,"신발, 잡화",장터거리시장 골목형상점가,골목형상점가,경기도,1.0,0.0,,,P2_GRADED_ONLY,True,,,,,
b28b1cb2a85f5ed46aeb,val,편의점,T2 동의어,q_편의점_03,슈퍼,생활·마트 중 '편의점'을 판매·제공하는 매장,d9b248c1-cf3b-453f-b350-9bf163abc12c,현욱수퍼,슈퍼,장성읍 골목형상점가,골목형상점가,전라남도,3.0,3.0,,,RESOLVED_AGREEMENT,False,3,,,,
15657f9a21dad103e59f,val,편의점,T2 동의어,q_편의점_03,슈퍼,생활·마트 중 '편의점'을 판매·제공하는 매장,53d88f24-6fa2-4407-9dd8-04c76265646e,양지슈퍼,슈퍼,양동경열로시장,전통시장,광주광역시,3.0,3.0,,,RESOLVED_AGREEMENT,False,3,,,,
e31dd7f1a33512f7f112,val,편의점,T2 동의어,q_편의점_03,슈퍼,생활·마트 중 '편의점'을 판매·제공하는 매장,6ad03890-eb76-452a-9fd1-09c4bff4b6c2,안동슈퍼,슈퍼,산업용재관,전통시장,대구광역시,3.0,3.0,,,RESOLVED_AGREEMENT,False,3,,,,
8506d2cb502d47fe5ce5,val,편의점,T2 동의어,q_편의점_03,슈퍼,생활·마트 중 '편의점'을 판매·제공하는 매장,d49459c5-0ffa-41de-b638-13fa33ebb97c,한도슈퍼,슈퍼,배방상점가,자율상권구역,충청남도,3.0,3.0,,,RESOLVED_AGREEMENT,False,3,,,,
2bfefa2b9aace9afcc77,val,편의점,T2 동의어,q_편의점_03,슈퍼,생활·마트 중 '편의점'을 판매·제공하는 매장,f4ca1c8a-01d8-46be-9cd9-ebb1ef01570e,새벽옛날통닭,치킨,오창전통시장,전통시장,충청북도,0.0,0.0,,,RESOLVED_AGREEMENT,False,0,,,,
15d1675cc962704afbdd,val,편의점,T2 동의어,q_편의점_03,슈퍼,생활·마트 중 '편의점'을 판매·제공하는 매장,789f5a93-e607-45a3-bef6-f5120726226a,도평슈퍼,슈퍼,도평(현동)전통시장,전통시장,경상북도,3.0,3.0,,,RESOLVED_AGREEMENT,False,3,,,,
59eff2dac1fde0f0b33c,val,편의점,T2 동의어,q_편의점_03,슈퍼,생활·마트 중 '편의점'을 판매·제공하는 매장,006f9082-b590-49e3-baf4-f72dc203a510,CU풍암주은모아점,편의점,풍암당산상인회 골목형상점가,골목형상점가,광주광역시,3.0,3.0,,,RESOLVED_AGREEMENT,False,3,,,,
37fb56ed5b43c0a615ea,val,편의점,T2 동의어,q_편의점_03,슈퍼,생활·마트 중 '편의점'을 판매·제공하는 매장,f939af0d-cd3f-4dd5-b4cf-7f7303121635,원,슈퍼,도남시장,전통시장,제주특별자치도,3.0,3.0,,,RESOLVED_AGREEMENT,False,3,,,,
e5da941ad92e6fddef93,val,편의점,T2 동의어,q_편의점_03,슈퍼,생활·마트 중 '편의점'을 판매·제공하는 매장,881ba1c0-ee92-447a-af0f-8cc14317257b,슈퍼,슈퍼,발안만세시장(구 발안시장),전통시장,경기도,3.0,3.0,,,RESOLVED_AGREEMENT,False,3,,,,
3de6fb02e4bbad89bec4,val,편의점,T2 동의어,q_편의점_03,슈퍼,생활·마트 중 '편의점'을 판매·제공하는 매장,472e4ef6-04bd-4ad8-ba6d-29532126cc02,남일슈퍼,슈퍼,해남매일시장,전통시장,전라남도,3.0,3.0,,,RESOLVED_AGREEMENT,False,3,,,,
2443fd8cb8e597a0dbda,val,편의점,T2 동의어,q_편의점_03,슈퍼,생활·마트 중 '편의점'을 판매·제공하는 매장,22be9752-acac-4973-85bd-3a416ea6a2a7,현대슈퍼,슈퍼,병영시장,전통시장,울산광역시,3.0,3.0,,,RESOLVED_AGREEMENT,False,3,,,,
f20d7cce8d73ccc71c2f,val,편의점,T2 동의어,q_편의점_03,슈퍼,생활·마트 중 '편의점'을 판매·제공하는 매장,3709d74b-082c-4521-89e0-dd6fa369fee5,그밥에이반찬,반찬,상무역4번출구상인회 골목형상점가,골목형상점가,광주광역시,0.0,0.0,,,RESOLVED_AGREEMENT,False,0,,,,
5c01da4709a19ce26ffa,val,편의점,T2 동의어,q_편의점_03,슈퍼,생활·마트 중 '편의점'을 판매·제공하는 매장,023e5716-7bdc-42c7-9c7e-a9a4f0f23a8b,이마트24 광주하남금호점,,한마음,골목형상점가,,3.0,3.0,,,RESOLVED_AGREEMENT,False,3,,,,
4381d95ad735ddec0732,val,편의점,T2 동의어,q_편의점_03,슈퍼,생활·마트 중 '편의점'을 판매·제공하는 매장,01a0efe3-6970-4157-9177-c25358a4f8a6,유한회사 도민유통(와이마트),슈퍼마켓,용봉지구 골목형상점가,골목형상점가,광주광역시,3.0,3.0,,,RESOLVED_AGREEMENT,False,3,,,,
bdfdd81cb4cbdc64ab8c,val,편의점,T2 동의어,q_편의점_03,슈퍼,생활·마트 중 '편의점'을 판매·제공하는 매장,617c754f-5cc8-44ac-aa47-d52f21ddb2e9,닭새게,슈퍼,전주남부시장,전통시장,전북특별자치도,3.0,3.0,,,RESOLVED_AGREEMENT,False,3,,,,
73753f61c63616557310,val,편의점,T2 동의어,q_편의점_03,슈퍼,생활·마트 중 '편의점'을 판매·제공하는 매장,5b15bffb-e3b2-4787-9500-144b80ae577f,기름슈퍼,슈퍼,동두천중앙시장,전통시장,경기도,3.0,3.0,,,RESOLVED_AGREEMENT,False,3,,,,
d584168120d674870960,val,편의점,T2 동의어,q_편의점_03,슈퍼,생활·마트 중 '편의점'을 판매·제공하는 매장,d919d394-43e2-499e-8907-64123c8cb550,국제슈퍼,슈퍼,충주자유시장,전통시장,충청북도,3.0,3.0,,,RESOLVED_AGREEMENT,False,3,,,,
2c9830a2c7a679c13699,val,편의점,T2 동의어,q_편의점_03,슈퍼,생활·마트 중 '편의점'을 판매·제공하는 매장,85167b11-b903-4856-93b3-7ae901b1cc17,샘슈퍼,슈퍼,통영 사량도 진촌상가,골목형상점가,경상남도,3.0,3.0,,,RESOLVED_AGREEMENT,False,3,,,,
4d415ffbe0134f74fe99,val,편의점,T2 동의어,q_편의점_03,슈퍼,생활·마트 중 '편의점'을 판매·제공하는 매장,386f9cc9-3989-4b72-bd13-bf89f997a6dd,화곡슈퍼,슈퍼,화곡본동시장,전통시장,서울특별시,3.0,3.0,,,RESOLVED_AGREEMENT,False,3,,,,
b3474b1350b971113bcd,val,편의점,T2 동의어,q_편의점_03,슈퍼,생활·마트 중 '편의점'을 판매·제공하는 매장,734786b9-8da8-44bc-9308-f985170442a2,한마음슈퍼,슈퍼,흑석시장골목형상점가,골목형상점가,서울특별시,3.0,3.0,,,RESOLVED_AGREEMENT,False,3,,,,
7e56a60e09dd116680d4,val,편의점,T2 동의어,q_편의점_03,슈퍼,생활·마트 중 '편의점'을 판매·제공하는 매장,6738ea6e-6726-4df1-bc01-acce39a03d4a,솔밭슈퍼,슈퍼,대사동 보문산 골목형상점가,골목형상점가,대전광역시,3.0,3.0,,,RESOLVED_AGREEMENT,False,3,,,,
6c518bf306259810545e,val,편의점,T2 동의어,q_편의점_03,슈퍼,생활·마트 중 '편의점'을 판매·제공하는 매장,003683a7-fde1-46b0-8421-08210268e2b0,이마트24 광주일곡엘리체점,,삼각동 골목형상점가,골목형상점가,,3.0,3.0,,,RESOLVED_AGREEMENT,False,3,,,,
d5a773052be8394d06d7,val,편의점,T2 동의어,q_편의점_03,슈퍼,생활·마트 중 '편의점'을 판매·제공하는 매장,0015ea0b-d565-4d75-bbfb-1198daeb0b0c,나이스마트청라자이점,,청라언덕 골목형상점가,골목형상점가,대구광역시,3.0,2.0,,,P2_GRADED_ONLY,True,,,,,
b2d3c8873ff591d39d0d,val,편의점,T2 동의어,q_편의점_03,슈퍼,생활·마트 중 '편의점'을 판매·제공하는 매장,81251a7a-1658-4f47-a54b-3b6180447553,이레슈퍼,슈퍼,춘천지하상가,일반지하상점가,강원특별자치도,3.0,3.0,,,RESOLVED_AGREEMENT,False,3,,,,
e89c0e4db9eb52812ecc,val,편의점,T2 동의어,q_편의점_03,슈퍼,생활·마트 중 '편의점'을 판매·제공하는 매장,0f837dc4-34cd-4ffa-ac86-b43168f7c16c,소백슈퍼,슈퍼,풍기인삼시장,전통시장,경상북도,3.0,3.0,,,RESOLVED_AGREEMENT,False,3,,,,
6bdeaa3cb61acb9f57fa,val,편의점,T2 동의어,q_편의점_03,슈퍼,생활·마트 중 '편의점'을 판매·제공하는 매장,01ca51d4-ae25-4b4f-86b6-d8461d581a02,영광슈퍼,소매업(슈퍼),신원시장,전통시장,서울특별시,3.0,3.0,,,RESOLVED_AGREEMENT,False,3,,,,
9dffbed15c048ffd34e1,val,편의점,T2 동의어,q_편의점_03,슈퍼,생활·마트 중 '편의점'을 판매·제공하는 매장,27e52468-1ba6-4158-bde7-431ced44eae0,중앙슈퍼,슈퍼,충주자유시장,전통시장,충청북도,3.0,3.0,,,RESOLVED_AGREEMENT,False,3,,,,
cd269ffc7c467de2d770,val,편의점,T2 동의어,q_편의점_03,슈퍼,생활·마트 중 '편의점'을 판매·제공하는 매장,6ba35361-c158-429b-b711-12a947002163,남양슈퍼,슈퍼,노해랑길골목형상점가,골목형상점가,서울특별시,3.0,3.0,,,RESOLVED_AGREEMENT,False,3,,,,
613728dded7482bd6b83,val,편의점,T2 동의어,q_편의점_03,슈퍼,생활·마트 중 '편의점'을 판매·제공하는 매장,26b4638e-292c-49db-a0e2-63590dcf0b22,맛나슈퍼,슈퍼,신현회화골목형상점가,골목형상점가,인천광역시,3.0,3.0,,,RESOLVED_AGREEMENT,False,3,,,,
4c9d1e57ccd0dfab4969,val,편의점,T2 동의어,q_편의점_03,슈퍼,생활·마트 중 '편의점'을 판매·제공하는 매장,4566fbfe-d088-46c5-a072-8fe278cdb288,삼오슈퍼,슈퍼,수유북부시장,전통시장,서울특별시,3.0,3.0,,,RESOLVED_AGREEMENT,False,3,,,,
25e4e382026c99c23745,val,편의점,T2 동의어,q_편의점_03,슈퍼,생활·마트 중 '편의점'을 판매·제공하는 매장,003d5df8-0856-45e0-a11e-5098cf70541e,앨리스리본&공방,"공방, 잡화",봉화내성시장,전통시장,경상북도,1.0,0.0,,,P2_GRADED_ONLY,True,,,,,
5018be26b79de8a3ca36,val,편의점,T2 동의어,q_편의점_03,슈퍼,생활·마트 중 '편의점'을 판매·제공하는 매장,635d7301-90db-4f86-9bc2-0d7a10edebb8,서원유통슈퍼,슈퍼,정이있는 구포시장,전통시장,부산광역시,3.0,3.0,,,RESOLVED_AGREEMENT,False,3,,,,
9e88e8c35f886c057d40,val,편의점,T2 동의어,q_편의점_03,슈퍼,생활·마트 중 '편의점'을 판매·제공하는 매장,003747e4-8102-4296-bfdf-b7ca7c1f83fa,평화잡화,잡화,부산평화시장,전통시장,부산광역시,1.0,0.0,,,P2_GRADED_ONLY,True,,,,,
57a1e27384384b59a0ab,val,편의점,T2 동의어,q_편의점_03,슈퍼,생활·마트 중 '편의점'을 판매·제공하는 매장,6fad6fda-f414-456b-92c5-380bf3a85999,김천슈퍼,슈퍼,김천황금시장,전통시장,경상북도,3.0,3.0,,,RESOLVED_AGREEMENT,False,3,,,,
fa1fce7aafc12bd4c85f,val,편의점,T2 동의어,q_편의점_03,슈퍼,생활·마트 중 '편의점'을 판매·제공하는 매장,0054b824-eb72-4efa-a1ba-40d467c899a5,수정상회,잡화,중앙전통시장,전통시장,울산광역시,1.0,0.0,,,P2_GRADED_ONLY,True,,,,,
59f20c4df1b6d45a7189,val,편의점,T2 동의어,q_편의점_03,슈퍼,생활·마트 중 '편의점'을 판매·제공하는 매장,a8beca88-5790-4ba8-bee8-00832d2898f9,팔반슈퍼,슈퍼,목련시장,전통시장,대구광역시,3.0,3.0,,,RESOLVED_AGREEMENT,False,3,,,,
3b1e1ebacabdf57fa29c,val,편의점,T2 동의어,q_편의점_03,슈퍼,생활·마트 중 '편의점'을 판매·제공하는 매장,c56ab8a2-6b7b-401a-a188-fba7a33d1f18,시장슈퍼,슈퍼,평창올림픽시장(평창전통시장),전통시장,강원특별자치도,3.0,3.0,,,RESOLVED_AGREEMENT,False,3,,,,
bde53b6f2b9cb8fa8164,val,편의점,T2 동의어,q_편의점_03,슈퍼,생활·마트 중 '편의점'을 판매·제공하는 매장,63736a87-94fb-4dd0-9a2b-6a9549eaa66a,가나슈퍼,슈퍼,웅천시장,전통시장,충청남도,3.0,3.0,,,RESOLVED_AGREEMENT,False,3,,,,
d7aeb7b540bb3345c9e1,val,편의점,T2 동의어,q_편의점_03,슈퍼,생활·마트 중 '편의점'을 판매·제공하는 매장,4f6f1769-c7ec-42ad-835d-80feecdc115c,마리하우스,네일,단국대 앞 골목형상점가,골목형상점가,경기도,0.0,0.0,,,RESOLVED_AGREEMENT,False,0,,,,
69344107066035e7ebd0,val,편의점,T2 동의어,q_편의점_03,슈퍼,생활·마트 중 '편의점'을 판매·제공하는 매장,001bacc9-5a95-4049-babd-6691512d8da0,백두사,잡화,장량성도시장,전통시장,경상북도,1.0,0.0,,,P2_GRADED_ONLY,True,,,,,
f8c7659695869e612d1a,val,편의점,T2 동의어,q_편의점_03,슈퍼,생활·마트 중 '편의점'을 판매·제공하는 매장,4e2e2bef-5503-416e-92a0-d6c7ead06305,태광그린슈퍼,슈퍼,"임계사통팔달시장(임계시장, 송계5일장)",전통시장,강원특별자치도,3.0,3.0,,,RESOLVED_AGREEMENT,False,3,,,,
cc8df55b3efa0530a908,val,편의점,T2 동의어,q_편의점_03,슈퍼,생활·마트 중 '편의점'을 판매·제공하는 매장,01082ac2-3d28-417c-8311-62a9095208e5,신라정선,슈퍼,남부골목시장,전통시장,서울특별시,3.0,3.0,,,RESOLVED_AGREEMENT,False,3,,,,
8d9de4e7b574a8e2e885,val,편의점,T2 동의어,q_편의점_03,슈퍼,생활·마트 중 '편의점'을 판매·제공하는 매장,73fcce91-2d08-4c47-b781-827978ef21fc,삼부슈퍼,슈퍼,중앙상가시장,전통시장,대전광역시,3.0,3.0,,,RESOLVED_AGREEMENT,False,3,,,,
65cda943bbca341865a3,val,편의점,T2 동의어,q_편의점_03,슈퍼,생활·마트 중 '편의점'을 판매·제공하는 매장,07d72f29-7a6a-45b0-9688-1d692b3bc913,정성슈퍼,슈퍼,전곡시장,전통시장,서울특별시,3.0,3.0,,,RESOLVED_AGREEMENT,False,3,,,,
53e1886845939e324297,val,편의점,T2 동의어,q_편의점_03,슈퍼,생활·마트 중 '편의점'을 판매·제공하는 매장,22100451-6c7a-488e-9d41-f6f53f69a85b,대덕슈퍼,슈퍼,영등포양평시장,기타,서울특별시,3.0,3.0,,,RESOLVED_AGREEMENT,False,3,,,,
fd91dcb4f002cfdbf75e,val,편의점,T2 동의어,q_편의점_03,슈퍼,생활·마트 중 '편의점'을 판매·제공하는 매장,fc5a4c4f-b286-4277-beb1-e5e0731ad5e1,모나플로스,꽃,포수말 골목형상점가,골목형상점가,서울특별시,0.0,0.0,,,RESOLVED_AGREEMENT,False,0,,,,
3f84ef62441adec0eac8,val,편의점,T2 동의어,q_편의점_03,슈퍼,생활·마트 중 '편의점'을 판매·제공하는 매장,21f07841-1b93-4e20-bd36-b760df55e823,서울슈퍼,슈퍼,영주공설시장,전통시장,경상북도,3.0,3.0,,,RESOLVED_AGREEMENT,False,3,,,,
715e8f036233d9e55395,val,편의점,T2 동의어,q_편의점_03,슈퍼,생활·마트 중 '편의점'을 판매·제공하는 매장,9f5f4aab-11cf-48ec-b1a2-cb37512ebc69,대한슈퍼,슈퍼,용궁시장,전통시장,경상북도,3.0,3.0,,,RESOLVED_AGREEMENT,False,3,,,,
3119b52c8699aa8d5081,val,편의점,T2 동의어,q_편의점_03,슈퍼,생활·마트 중 '편의점'을 판매·제공하는 매장,3167f4ab-19e8-4184-9fc5-cbe9c052a7ee,제일슈퍼,슈퍼,모라전통시장,전통시장,부산광역시,3.0,3.0,,,RESOLVED_AGREEMENT,False,3,,,,
4b42cd274c463bd424f4,val,편의점,T2 동의어,q_편의점_03,슈퍼,생활·마트 중 '편의점'을 판매·제공하는 매장,33a2d8b1-8cf2-4c89-b3ef-dad2a9be03e4,미니슈퍼,슈퍼,칠성시장,전통시장,대구광역시,3.0,3.0,,,RESOLVED_AGREEMENT,False,3,,,,
55d073843999c1083648,val,편의점,T2 동의어,q_편의점_03,슈퍼,생활·마트 중 '편의점'을 판매·제공하는 매장,d4364477-2422-4552-abac-c68459a01f2e,빽다방 세종한뜰마을4단지점,,한뜰누리 골목형상점가,골목형상점가,세종특별자치시,,0.0,Y,,P0_UNCERTAIN_OR_MISSING,True,,,,,
d557f650f1344835033e,val,편의점,T2 동의어,q_편의점_03,슈퍼,생활·마트 중 '편의점'을 판매·제공하는 매장,b03e3e87-1c49-48e1-bbb2-afbb6bf0bc61,LH슈퍼,슈퍼,함창시장,전통시장,경상북도,3.0,3.0,,,RESOLVED_AGREEMENT,False,3,,,,
dd3ccc28b3da5a67320e,val,편의점,T2 동의어,q_편의점_03,슈퍼,생활·마트 중 '편의점'을 판매·제공하는 매장,001906f9-c5ab-4432-9e3a-be3af3f08aeb,씨유 원주혁신점,편의점,혁신도시5구역골목형상점가,골목형상점가,강원특별자치도,3.0,3.0,,,RESOLVED_AGREEMENT,False,3,,,,
4bda7a1222768b6cd127,val,편의점,T2 동의어,q_편의점_03,슈퍼,생활·마트 중 '편의점'을 판매·제공하는 매장,12f6e2f5-2990-4ed9-9bc6-a98cc1a3d7e8,선홍슈퍼,슈퍼,풍산시장,전통시장,경상북도,3.0,3.0,,,RESOLVED_AGREEMENT,False,3,,,,
c0e8512a622a6a6c0a90,val,편의점,T2 동의어,q_편의점_03,슈퍼,생활·마트 중 '편의점'을 판매·제공하는 매장,7bff5fe9-6f12-4884-b6ed-e8ad8196c4bb,중앙슈퍼,슈퍼,김제금만시장,전통시장,전북특별자치도,3.0,3.0,,,RESOLVED_AGREEMENT,False,3,,,,
b35a7f93e3acea144ae7,val,편의점,T2 동의어,q_편의점_03,슈퍼,생활·마트 중 '편의점'을 판매·제공하는 매장,01d01063-d46f-4d55-991f-bd03c55392f8,씨유 사상중흥센터,편의점,중흥 골목형상점가,골목형상점가,부산광역시,3.0,3.0,,,RESOLVED_AGREEMENT,False,3,,,,
2eb316eb5ca31ec79745,val,편의점,T2 동의어,q_편의점_03,슈퍼,생활·마트 중 '편의점'을 판매·제공하는 매장,02ab118f-aa08-483e-b7d3-93768e12c1be,이마트24옥정엠시티점,,파스텔시티2차상점가,골목형상점가,경기도,3.0,3.0,,,RESOLVED_AGREEMENT,False,3,,,,
44827a43cee9a78cc911,val,편의점,T2 동의어,q_편의점_03,슈퍼,생활·마트 중 '편의점'을 판매·제공하는 매장,f240095c-5d92-49c1-863c-bcd4c259bb21,중흥슈퍼,슈퍼,신안교 골목형상점가,골목형상점가,광주광역시,3.0,3.0,,,RESOLVED_AGREEMENT,False,3,,,,
3ba47a0dbe09025ddd66,val,편의점,T2 동의어,q_편의점_03,슈퍼,생활·마트 중 '편의점'을 판매·제공하는 매장,2e43921d-4a5a-40f7-8cec-77c4afaa225c,석산슈퍼,슈퍼,남목전통시장,전통시장,울산광역시,3.0,3.0,,,RESOLVED_AGREEMENT,False,3,,,,
a1d3ad26ea21a14f84d2,val,편의점,T2 동의어,q_편의점_03,슈퍼,생활·마트 중 '편의점'을 판매·제공하는 매장,c7677540-436f-4313-8644-9db9146ed00b,대성슈퍼,슈퍼,억지춘향시장(구 봉화춘향시장),전통시장,경상북도,3.0,3.0,,,RESOLVED_AGREEMENT,False,3,,,,
02b4900e3914b6314645,val,편의점,T2 동의어,q_편의점_03,슈퍼,생활·마트 중 '편의점'을 판매·제공하는 매장,5b8639cc-624d-4e1f-94e4-78127ac79c34,쌩마트,슈퍼,거제 장평종합시장,전통시장,경상남도,3.0,3.0,,,RESOLVED_AGREEMENT,False,3,,,,
e986a37e4554d6ee6bfc,val,편의점,T2 동의어,q_편의점_03,슈퍼,생활·마트 중 '편의점'을 판매·제공하는 매장,ca4d98b3-58cf-4ca1-89c4-df40efe1669a,리빙인,슈퍼,수유재래시장,전통시장,서울특별시,3.0,3.0,,,RESOLVED_AGREEMENT,False,3,,,,
9e46977649b65d137b8a,val,편의점,T2 동의어,q_편의점_04,편의점 매장,생활·마트 중 '편의점'을 판매·제공하는 매장,43f8a456-3012-4f4f-beb0-bc85fc1ec2c4,홈웨이편의점,편의점,함평천지 골목형상점가,골목형상점가,전라남도,3.0,3.0,,,RESOLVED_AGREEMENT,False,3,,,,
4649423f609c29e1833b,val,편의점,T2 동의어,q_편의점_04,편의점 매장,생활·마트 중 '편의점'을 판매·제공하는 매장,02656399-5272-4d95-93ce-aa699e13cfdb,우리홈마트,,중화산로 골목형상점가,골목형상점가,전북특별자치도,3.0,2.0,,,P2_GRADED_ONLY,True,,,,,
0a48a0e82f9dd154437c,val,편의점,T2 동의어,q_편의점_04,편의점 매장,생활·마트 중 '편의점'을 판매·제공하는 매장,67e246e9-09f0-4556-aa8c-cfc097e5a380,세븐일레븐편의점,편의점,88글러브 골목형상점가,골목형상점가,대전광역시,3.0,3.0,,,RESOLVED_AGREEMENT,False,3,,,,
c99d6577241c30561fef,val,편의점,T2 동의어,q_편의점_04,편의점 매장,생활·마트 중 '편의점'을 판매·제공하는 매장,3649476e-6cb0-48ae-8bed-26ee4fcb9512,씨유정읍역점,편의점,정읍연지상점가,자율상권구역,전북특별자치도,3.0,3.0,,,RESOLVED_AGREEMENT,False,3,,,,
72cbe6e6c346eb2307e3,val,편의점,T2 동의어,q_편의점_04,편의점 매장,생활·마트 중 '편의점'을 판매·제공하는 매장,481b4d13-7128-4f25-94f8-7bf2f71a4d8e,주야편의점,편의점,부곡시장,전통시장,경상북도,3.0,3.0,,,RESOLVED_AGREEMENT,False,3,,,,
08fe205949a154f112ce,val,편의점,T2 동의어,q_편의점_04,편의점 매장,생활·마트 중 '편의점'을 판매·제공하는 매장,3bde790e-d4d7-4f61-8d83-2898f1acb39a,씨유편의점,편의점,쌍용먹자패션거리 골목형상점가,골목형상점가,충청남도,3.0,3.0,,,RESOLVED_AGREEMENT,False,3,,,,
699c42c65387bd98530b,val,편의점,T2 동의어,q_편의점_04,편의점 매장,생활·마트 중 '편의점'을 판매·제공하는 매장,384de038-e0eb-4dff-97fa-ad13ac3730e9,관방천편의점,편의점,국수거리 골목형상점가,골목형상점가,전라남도,3.0,3.0,,,RESOLVED_AGREEMENT,False,3,,,,
748b7e9e05b76306316f,val,편의점,T2 동의어,q_편의점_04,편의점 매장,생활·마트 중 '편의점'을 판매·제공하는 매장,3c4a2539-7dfa-4768-a3b1-093ff9a0eba7,씨유장대스토리점,편의점,장대동패션상가 골목형상점가,골목형상점가,대전광역시,3.0,3.0,,,RESOLVED_AGREEMENT,False,3,,,,
62285c8b8df60f11d250,val,편의점,T2 동의어,q_편의점_04,편의점 매장,생활·마트 중 '편의점'을 판매·제공하는 매장,01b2c972-f367-47e6-b3d2-11585175a7c1,명동슈퍼,슈퍼,신대방1동온누리길골목형상점가,골목형상점가,서울특별시,3.0,2.0,,,P2_GRADED_ONLY,True,,,,,
81c04ce219bbbd4d5666,val,편의점,T2 동의어,q_편의점_04,편의점 매장,생활·마트 중 '편의점'을 판매·제공하는 매장,a5b5b0ca-3283-49ba-85a6-3b84ca19c37e,인성무역,편의점,포천리빙가구상점가,자율상권구역,경기도,3.0,3.0,,,RESOLVED_AGREEMENT,False,3,,,,
d405d4e18b32c5ecba2e,val,편의점,T2 동의어,q_편의점_04,편의점 매장,생활·마트 중 '편의점'을 판매·제공하는 매장,5b96256c-d213-4d0e-92fe-389dc7cc6681,CU,편의점,하남진곡 골목형상점가,골목형상점가,광주광역시,3.0,3.0,,,RESOLVED_AGREEMENT,False,3,,,,
e13b0b133f7b9d1f2a78,val,편의점,T2 동의어,q_편의점_04,편의점 매장,생활·마트 중 '편의점'을 판매·제공하는 매장,003683a7-fde1-46b0-8421-08210268e2b0,이마트24 광주일곡엘리체점,,삼각동 골목형상점가,골목형상점가,,3.0,3.0,,,RESOLVED_AGREEMENT,False,3,,,,
320a26a1668b5748f95e,val,편의점,T2 동의어,q_편의점_04,편의점 매장,생활·마트 중 '편의점'을 판매·제공하는 매장,81608641-1d71-4049-8c2e-5aebdbea0c54,봉대박 스파게티 의정부점,서양식,행복로골목형상점가,골목형상점가,경기도,0.0,0.0,,,RESOLVED_AGREEMENT,False,0,,,,
5f2dc5f48dce4fd14a8e,val,편의점,T2 동의어,q_편의점_04,편의점 매장,생활·마트 중 '편의점'을 판매·제공하는 매장,482cbb20-74a8-4251-ac9a-b0efcc6d72b5,모아편의점,편의점,풍암금당상인회 골목형상점가,골목형상점가,광주광역시,3.0,3.0,,,RESOLVED_AGREEMENT,False,3,,,,
d3737d189b9bd81e9f3b,val,편의점,T2 동의어,q_편의점_04,편의점 매장,생활·마트 중 '편의점'을 판매·제공하는 매장,01ca51d4-ae25-4b4f-86b6-d8461d581a02,영광슈퍼,소매업(슈퍼),신원시장,전통시장,서울특별시,3.0,2.0,,,P2_GRADED_ONLY,True,,,,,
643b7aa68054c1ca17d2,val,편의점,T2 동의어,q_편의점_04,편의점 매장,생활·마트 중 '편의점'을 판매·제공하는 매장,15d044c5-0f5c-4410-b98b-bff87e4f08df,우리편의점,편의점,산본로데오거리(구 산본중심상가),자율상권구역,경기도,3.0,3.0,,,RESOLVED_AGREEMENT,False,3,,,,
98fe69c07c3bbc2462a7,val,편의점,T2 동의어,q_편의점_04,편의점 매장,생활·마트 중 '편의점'을 판매·제공하는 매장,dc236aa0-df7a-4ea4-a73d-afe846bdadc1,Gs편의점농성대남점,편의점,상공회의소누리상인회 골목형상점가,골목형상점가,광주광역시,3.0,3.0,,,RESOLVED_AGREEMENT,False,3,,,,
7500be4c7168bd8e008e,val,편의점,T2 동의어,q_편의점_04,편의점 매장,생활·마트 중 '편의점'을 판매·제공하는 매장,01f1a79d-0dbc-4b3d-826a-88a921cfb804,주식회사 혜솔,편의점,반송큰시장,전통시장,부산광역시,3.0,3.0,,,RESOLVED_AGREEMENT,False,3,,,,
48710669d3600a39f33e,val,편의점,T2 동의어,q_편의점_04,편의점 매장,생활·마트 중 '편의점'을 판매·제공하는 매장,9331b39b-d923-4ec3-9203-fffe2e3df532,나우리편의점,편의점,거제 고현자율상권,,경상남도,3.0,3.0,,,RESOLVED_AGREEMENT,False,3,,,,
6752cdc404e89984574f,val,편의점,T2 동의어,q_편의점_04,편의점 매장,생활·마트 중 '편의점'을 판매·제공하는 매장,453c7257-40ca-4674-9958-4a04b5f91301,세븐일레븐 숭덕2점,편의점 매장,첨단이웃사랑 골목형상점가,골목형상점가,광주광역시,3.0,3.0,,,RESOLVED_AGREEMENT,False,3,,,,
1b1c5c42cef969288832,val,편의점,T2 동의어,q_편의점_04,편의점 매장,생활·마트 중 '편의점'을 판매·제공하는 매장,003747e4-8102-4296-bfdf-b7ca7c1f83fa,평화잡화,잡화,부산평화시장,전통시장,부산광역시,1.0,0.0,,,P2_GRADED_ONLY,True,,,,,
70f7f35fd1ae1a38c24d,val,편의점,T2 동의어,q_편의점_04,편의점 매장,생활·마트 중 '편의점'을 판매·제공하는 매장,001bacc9-5a95-4049-babd-6691512d8da0,백두사,잡화,장량성도시장,전통시장,경상북도,1.0,0.0,,,P2_GRADED_ONLY,True,,,,,
4dd094e2d787cc4d6b02,val,편의점,T2 동의어,q_편의점_04,편의점 매장,생활·마트 중 '편의점'을 판매·제공하는 매장,7bbb1ed7-c3d8-4905-b02e-4da632aa2cf6,GS25,편의점,하남진곡 골목형상점가,골목형상점가,광주광역시,3.0,3.0,,,RESOLVED_AGREEMENT,False,3,,,,
4663d9cfcf6171be0f52,val,편의점,T2 동의어,q_편의점_04,편의점 매장,생활·마트 중 '편의점'을 판매·제공하는 매장,52879bba-f146-4ec0-be23-e89e2968921a,감나무골편의점,편의점,서신동 골목형상점가,골목형상점가,전북특별자치도,3.0,3.0,,,RESOLVED_AGREEMENT,False,3,,,,
5c8c2104ed4a492ec9ca,val,편의점,T2 동의어,q_편의점_04,편의점 매장,생활·마트 중 '편의점'을 판매·제공하는 매장,02ab118f-aa08-483e-b7d3-93768e12c1be,이마트24옥정엠시티점,,파스텔시티2차상점가,골목형상점가,경기도,3.0,3.0,,,RESOLVED_AGREEMENT,False,3,,,,
03840589198462ec2a60,val,편의점,T2 동의어,q_편의점_04,편의점 매장,생활·마트 중 '편의점'을 판매·제공하는 매장,88431df8-90b4-4fb1-9d80-7b0ce9a4610d,현대25시 편의점,편의점 복권,봉일천전통시장,전통시장,경기도,3.0,3.0,,,RESOLVED_AGREEMENT,False,3,,,,
1fb2449c45cd33d761a9,val,편의점,T2 동의어,q_편의점_04,편의점 매장,생활·마트 중 '편의점'을 판매·제공하는 매장,bc539cce-1727-4192-9ca3-8ef8baf19e4f,GS25,편의점,임방울거리3구역 골목형상점가,골목형상점가,광주광역시,3.0,3.0,,,RESOLVED_AGREEMENT,False,3,,,,
4bbd972b98684bd6163b,val,편의점,T2 동의어,q_편의점_04,편의점 매장,생활·마트 중 '편의점'을 판매·제공하는 매장,e47288cc-6ac7-4b2d-9a64-4e66b39990ab,CU주엽효원점,편의점,주엽역 골목형상점가,골목형상점가,경기도,3.0,3.0,,,RESOLVED_AGREEMENT,False,3,,,,
9857bd7829116f9ee1c6,val,편의점,T2 동의어,q_편의점_04,편의점 매장,생활·마트 중 '편의점'을 판매·제공하는 매장,001906f9-c5ab-4432-9e3a-be3af3f08aeb,씨유 원주혁신점,편의점,혁신도시5구역골목형상점가,골목형상점가,강원특별자치도,3.0,3.0,,,RESOLVED_AGREEMENT,False,3,,,,
65e131cbbe97d986012c,val,편의점,T2 동의어,q_편의점_04,편의점 매장,생활·마트 중 '편의점'을 판매·제공하는 매장,2a313fd8-c1d6-41e2-98ab-320e4c0e61f5,통영수산,수산물(생선),창원 명서시장,전통시장,경상남도,0.0,0.0,,,RESOLVED_AGREEMENT,False,0,,,,
05de18bcd20855aa5020,val,편의점,T2 동의어,q_편의점_04,편의점 매장,생활·마트 중 '편의점'을 판매·제공하는 매장,f49a524f-1de6-4c8d-bdfa-694328f5409c,축협알뜰편의점,편의점,새영주시장,전통시장,부산광역시,3.0,3.0,,,RESOLVED_AGREEMENT,False,3,,,,
843bbc4563731eba3366,val,편의점,T2 동의어,q_편의점_04,편의점 매장,생활·마트 중 '편의점'을 판매·제공하는 매장,cff06b48-54d4-4423-b9a3-5c6ba4657d39,GS25,편의점,아진상가,골목형상점가,울산광역시,3.0,3.0,,,RESOLVED_AGREEMENT,False,3,,,,
9379d369244964ae310d,val,편의점,T2 동의어,q_편의점_04,편의점 매장,생활·마트 중 '편의점'을 판매·제공하는 매장,b87a6d90-69d6-4ad7-b646-e863486748ac,씨유성주찬현점,편의점,성주시장,전통시장,경상북도,3.0,3.0,,,RESOLVED_AGREEMENT,False,3,,,,
7309e5f44450228c7812,val,편의점,T2 동의어,q_편의점_04,편의점 매장,생활·마트 중 '편의점'을 판매·제공하는 매장,2644e238-a7c8-41b1-8c79-cb2f76d08a15,동일마트,편의점,김해 삼방전통시장,전통시장,경상남도,3.0,3.0,,,RESOLVED_AGREEMENT,False,3,,,,
c46709ad2d004a1a034d,val,편의점,T2 동의어,q_편의점_04,편의점 매장,생활·마트 중 '편의점'을 판매·제공하는 매장,0127440f-2d8b-45f0-b518-a19665d3d5a8,나들가게서교하이퍼,소매(슈퍼),서교시장,전통시장,서울특별시,3.0,2.0,,,P2_GRADED_ONLY,True,,,,,
c56424d23c8a226aa926,val,편의점,T2 동의어,q_편의점_04,편의점 매장,생활·마트 중 '편의점'을 판매·제공하는 매장,0988667a-cf9e-456b-8122-1d8b35160864,CU해남땅끝점,편의점,땅끝마을 상점가,골목형상점가,전라남도,3.0,3.0,,,RESOLVED_AGREEMENT,False,3,,,,
74656b9f08fc526349f0,val,편의점,T2 동의어,q_편의점_04,편의점 매장,생활·마트 중 '편의점'을 판매·제공하는 매장,ec011a7f-6dba-4811-aa9a-b80c415e4c59,CU점촌역,편의점,점촌역전상점가,자율상권구역,경상북도,3.0,3.0,,,RESOLVED_AGREEMENT,False,3,,,,
dcf084f99c3de9b64786,val,편의점,T2 동의어,q_편의점_04,편의점 매장,생활·마트 중 '편의점'을 판매·제공하는 매장,75185668-0bba-4930-8210-d43b6d469416,씨유석계본점,편의점,석계음식문화거리골목형상점가,골목형상점가,서울특별시,3.0,3.0,,,RESOLVED_AGREEMENT,False,3,,,,
c9302d3af91031206e22,val,편의점,T2 동의어,q_편의점_04,편의점 매장,생활·마트 중 '편의점'을 판매·제공하는 매장,9d920ceb-1ce6-4a49-8224-a85799a82614,아이스콘(매곡점),편의점,매봉 골목형상점가,골목형상점가,광주광역시,3.0,3.0,,,RESOLVED_AGREEMENT,False,3,,,,
cdd1f8409e302cbe23f4,val,편의점,T2 동의어,q_편의점_04,편의점 매장,생활·마트 중 '편의점'을 판매·제공하는 매장,003d5df8-0856-45e0-a11e-5098cf70541e,앨리스리본&공방,"공방, 잡화",봉화내성시장,전통시장,경상북도,1.0,0.0,,,P2_GRADED_ONLY,True,,,,,
c501dba464ac73192805,val,편의점,T2 동의어,q_편의점_04,편의점 매장,생활·마트 중 '편의점'을 판매·제공하는 매장,0015ea0b-d565-4d75-bbfb-1198daeb0b0c,나이스마트청라자이점,,청라언덕 골목형상점가,골목형상점가,대구광역시,3.0,2.0,,,P2_GRADED_ONLY,True,,,,,
71d881f4238c40ad2b7c,val,편의점,T2 동의어,q_편의점_04,편의점 매장,생활·마트 중 '편의점'을 판매·제공하는 매장,37033488-7a37-4985-9a3c-180b45f7799b,도로마트,편의점,성안길상점가,자율상권구역,충청북도,3.0,3.0,,,RESOLVED_AGREEMENT,False,3,,,,
ffead08d3bd0dda30756,val,편의점,T2 동의어,q_편의점_04,편의점 매장,생활·마트 중 '편의점'을 판매·제공하는 매장,01d01063-d46f-4d55-991f-bd03c55392f8,씨유 사상중흥센터,편의점,중흥 골목형상점가,골목형상점가,부산광역시,3.0,3.0,,,RESOLVED_AGREEMENT,False,3,,,,
4b3d44c5d62251921d9b,val,편의점,T2 동의어,q_편의점_04,편의점 매장,생활·마트 중 '편의점'을 판매·제공하는 매장,06087bd5-698a-4a4b-9812-dc2f59d3cee6,알리바이24시편의점,편의점,굴비골영광시장(구 영광매일시장),전통시장,전라남도,3.0,3.0,,,RESOLVED_AGREEMENT,False,3,,,,
dd92ff842e7177f36a94,val,편의점,T2 동의어,q_편의점_04,편의점 매장,생활·마트 중 '편의점'을 판매·제공하는 매장,01a0efe3-6970-4157-9177-c25358a4f8a6,유한회사 도민유통(와이마트),슈퍼마켓,용봉지구 골목형상점가,골목형상점가,광주광역시,3.0,2.0,,,P2_GRADED_ONLY,True,,,,,
8c93eb1ccc98cf19b678,val,편의점,T2 동의어,q_편의점_04,편의점 매장,생활·마트 중 '편의점'을 판매·제공하는 매장,ab940518-86dd-4359-af59-aa51f85e8597,CU괘법중앙점,편의점,사상시장,전통시장,부산광역시,3.0,3.0,,,RESOLVED_AGREEMENT,False,3,,,,
dec9aa08446836a66536,val,편의점,T2 동의어,q_편의점_04,편의점 매장,생활·마트 중 '편의점'을 판매·제공하는 매장,0054b824-eb72-4efa-a1ba-40d467c899a5,수정상회,잡화,중앙전통시장,전통시장,울산광역시,1.0,0.0,,,P2_GRADED_ONLY,True,,,,,
9d44c1f63d6ba7f5d397,val,편의점,T2 동의어,q_편의점_04,편의점 매장,생활·마트 중 '편의점'을 판매·제공하는 매장,44514a0f-3971-4be8-9d1d-37e043b0d361,거부기편의점,편의점,거북시장,전통시장,인천광역시,3.0,3.0,,,RESOLVED_AGREEMENT,False,3,,,,
390960d912f45e9231ca,val,편의점,T2 동의어,q_편의점_04,편의점 매장,생활·마트 중 '편의점'을 판매·제공하는 매장,88acd2dc-7a20-4162-804a-15e5555372f0,CU,편의점,프로방스 골목형상점가,골목형상점가,전라남도,3.0,3.0,,,RESOLVED_AGREEMENT,False,3,,,,
a56f2281785a4f9efb82,val,편의점,T2 동의어,q_편의점_04,편의점 매장,생활·마트 중 '편의점'을 판매·제공하는 매장,017a2c54-999b-4850-993e-cac5169d3aec,지에스25 원주황금점,편의점,혁신도시1구역골목형상점가,골목형상점가,강원특별자치도,3.0,3.0,,,RESOLVED_AGREEMENT,False,3,,,,
5067b1273e7e36ffe6ec,val,편의점,T2 동의어,q_편의점_04,편의점 매장,생활·마트 중 '편의점'을 판매·제공하는 매장,9e5ac9b1-ea36-4a9e-a9e2-e2a69d5690ee,CU,편의점,프로방스 골목형상점가,골목형상점가,전라남도,3.0,3.0,,,RESOLVED_AGREEMENT,False,3,,,,
2f5993cacf6ec01a9dd8,val,편의점,T2 동의어,q_편의점_04,편의점 매장,생활·마트 중 '편의점'을 판매·제공하는 매장,d97aad63-af21-41bf-a2c3-97e70e28ec02,한국통닭,음식점,관악중부시장골목형상점가,골목형상점가,서울특별시,0.0,0.0,,,RESOLVED_AGREEMENT,False,0,,,,
b3937f6ace0aa90852d6,val,편의점,T2 동의어,q_편의점_04,편의점 매장,생활·마트 중 '편의점'을 판매·제공하는 매장,a9895d16-2a13-44a4-908b-9a8c2936840a,씨유서부율전점,편의점,명덕마을 골목형상점가,골목형상점가,울산광역시,3.0,3.0,,,RESOLVED_AGREEMENT,False,3,,,,
b544baedcbf039978b0c,val,편의점,T2 동의어,q_편의점_04,편의점 매장,생활·마트 중 '편의점'을 판매·제공하는 매장,4d492655-e03a-4324-a313-78d849318719,대영상회,편의점,도화종합시장,기타,인천광역시,3.0,3.0,,,RESOLVED_AGREEMENT,False,3,,,,
dbc648f00647ce8f76c5,val,편의점,T2 동의어,q_편의점_04,편의점 매장,생활·마트 중 '편의점'을 판매·제공하는 매장,7903a6ee-8f8b-4834-9d0d-49e364e29427,GS25,편의점,우산동빛고을 골목형상점가,골목형상점가,광주광역시,3.0,3.0,,,RESOLVED_AGREEMENT,False,3,,,,
5aa1cfb6b9e1ec2de070,val,편의점,T2 동의어,q_편의점_04,편의점 매장,생활·마트 중 '편의점'을 판매·제공하는 매장,27427669-324a-4fc4-94c7-d7b68ff134b2,알리바이,편의점,두암1동군왕로 골목형상점가,골목형상점가,광주광역시,3.0,3.0,,,RESOLVED_AGREEMENT,False,3,,,,
9e92322734e706859f2e,val,편의점,T2 동의어,q_편의점_04,편의점 매장,생활·마트 중 '편의점'을 판매·제공하는 매장,67966843-0bae-413f-ab3f-1534fee18c25,간식창고,편의점,빛가람 중흥 골목형상점가,골목형상점가,전라남도,3.0,3.0,,,RESOLVED_AGREEMENT,False,3,,,,
fcf4019febb3373d52ce,val,편의점,T2 동의어,q_편의점_04,편의점 매장,생활·마트 중 '편의점'을 판매·제공하는 매장,dff0c0d4-843d-404b-a3f1-4e7eebdac79d,씨유조종승리점,편의점,조종시장,전통시장,경기도,3.0,3.0,,,RESOLVED_AGREEMENT,False,3,,,,
8d0685bcb0b1af1534c2,val,편의점,T2 동의어,q_편의점_04,편의점 매장,생활·마트 중 '편의점'을 판매·제공하는 매장,ea47d538-c0a1-4e28-853d-781913295f37,씨유관악당곡점,편의점,보라빛거리골목형상점가,골목형상점가,서울특별시,3.0,3.0,,,RESOLVED_AGREEMENT,False,3,,,,
5c9624a1e3d7c3c5d120,val,편의점,T2 동의어,q_편의점_04,편의점 매장,생활·마트 중 '편의점'을 판매·제공하는 매장,babdb769-d75b-4fa3-bf1c-51280c766735,편의점사랑,편의점,의왕역 골목형상점가,골목형상점가,경기도,3.0,3.0,,,RESOLVED_AGREEMENT,False,3,,,,
ea283e2e86463153d704,val,편의점,T2 동의어,q_편의점_04,편의점 매장,생활·마트 중 '편의점'을 판매·제공하는 매장,006f9082-b590-49e3-baf4-f72dc203a510,CU풍암주은모아점,편의점,풍암당산상인회 골목형상점가,골목형상점가,광주광역시,3.0,3.0,,,RESOLVED_AGREEMENT,False,3,,,,
dfed299d21f7bb1989c2,val,편의점,T2 동의어,q_편의점_04,편의점 매장,생활·마트 중 '편의점'을 판매·제공하는 매장,7234c934-81df-4950-b694-f81a5a59f7aa,대박마트,편의점,호매실역중심상가 골목형상점가,골목형상점가,경기도,3.0,3.0,,,RESOLVED_AGREEMENT,False,3,,,,
8281f84cd041b53be489,val,편의점,T2 동의어,q_편의점_04,편의점 매장,생활·마트 중 '편의점'을 판매·제공하는 매장,e8e9c9ac-afdd-4b70-8bf7-78ec9775281c,프랜드편의점,편의점,발안만세시장(구 발안시장),전통시장,경기도,3.0,3.0,,,RESOLVED_AGREEMENT,False,3,,,,
95b2dd891e5bf58557c4,val,편의점,T2 동의어,q_편의점_04,편의점 매장,생활·마트 중 '편의점'을 판매·제공하는 매장,bac6cf87-6a05-44b0-a03c-147f15d1602c,편의점,식품 잡화,운수대통 골목형상점가,골목형상점가,광주광역시,2.0,3.0,,,P2_GRADED_ONLY,True,,,,,
749a121f73f7450f3727,val,편의점,T2 동의어,q_편의점_04,편의점 매장,생활·마트 중 '편의점'을 판매·제공하는 매장,816a667e-53ed-4753-8fd5-1b908d6bc75d,해빛편의점,편의점 기타 잡화,전평제상인회 골목형상점가,골목형상점가,광주광역시,3.0,3.0,,,RESOLVED_AGREEMENT,False,3,,,,
75bb60716146029e87d7,val,편의점,T2 동의어,q_편의점_04,편의점 매장,생활·마트 중 '편의점'을 판매·제공하는 매장,4e97a3d4-d769-45a9-8ed4-651e115810b4,알리바이24시편의점,편의점,늘솔길상인회 골목형상점가,골목형상점가,광주광역시,3.0,3.0,,,RESOLVED_AGREEMENT,False,3,,,,
b864ef046ae13f1d5548,val,편의점,T2 동의어,q_편의점_04,편의점 매장,생활·마트 중 '편의점'을 판매·제공하는 매장,f1dabe30-0af9-4118-8e95-a1110a68f5c0,씨유두류명동점,편의점,두류젊코상권,상권활성화구역,대구광역시,3.0,3.0,,,RESOLVED_AGREEMENT,False,3,,,,
97517d60a040fb678723,val,편의점,T2 동의어,q_편의점_04,편의점 매장,생활·마트 중 '편의점'을 판매·제공하는 매장,023e5716-7bdc-42c7-9c7e-a9a4f0f23a8b,이마트24 광주하남금호점,,한마음,골목형상점가,,3.0,3.0,,,RESOLVED_AGREEMENT,False,3,,,,
b51f7f6dfe7e9105b615,val,편의점,T2 동의어,q_편의점_04,편의점 매장,생활·마트 중 '편의점'을 판매·제공하는 매장,5c075211-d790-485f-8def-67e24a561bbc,마곡편의점,편의점,공산성골목형상점가,골목형상점가,충청남도,3.0,3.0,,,RESOLVED_AGREEMENT,False,3,,,,
e131947742616880e7de,val,편의점,T2 동의어,q_편의점_04,편의점 매장,생활·마트 중 '편의점'을 판매·제공하는 매장,ea8a403a-5b41-4492-8a4b-c79797e78966,씨유정읍인네점,편의점,정읍중앙로상점가,자율상권구역,전북특별자치도,3.0,3.0,,,RESOLVED_AGREEMENT,False,3,,,,
404d30556fd295c674fe,val,편의점,T2 동의어,q_편의점_04,편의점 매장,생활·마트 중 '편의점'을 판매·제공하는 매장,ca6e43df-0a5a-4153-811c-417d7547150b,누룽지삼계탕 첨단점,삼계탕,첨단지구 골목형상점가,골목형상점가,광주광역시,0.0,0.0,,,RESOLVED_AGREEMENT,False,0,,,,
b7cfcf2e1d0272f1eb86,val,편의점,T2 동의어,q_편의점_04,편의점 매장,생활·마트 중 '편의점'을 판매·제공하는 매장,e734717c-7370-4950-8142-9fdbcf1efa12,Gs25,편의점,옥천영춘 골목형상점가,골목형상점가,전라남도,3.0,3.0,,,RESOLVED_AGREEMENT,False,3,,,,
617fb90c46536f91434b,val,편의점,T2 동의어,q_편의점_04,편의점 매장,생활·마트 중 '편의점'을 판매·제공하는 매장,f8ca399a-6a3c-428a-9f5e-0e32b4bd2844,성원편의점,편의점,창원 성원3차종합상가,전통시장,경상남도,3.0,3.0,,,RESOLVED_AGREEMENT,False,3,,,,
305f50722ed3527eb1f5,val,편의점,T2 동의어,q_편의점_04,편의점 매장,생활·마트 중 '편의점'을 판매·제공하는 매장,e90fa987-02cd-403e-baa7-989de65b2038,씨유일곡송해로점,편의점,일곡동 골목형상점가,골목형상점가,광주광역시,3.0,3.0,,,RESOLVED_AGREEMENT,False,3,,,,
5975da5e41a9bea820a3,val,편의점,T2 동의어,q_편의점_04,편의점 매장,생활·마트 중 '편의점'을 판매·제공하는 매장,247192b1-0b98-4059-8848-948104589daa,씨유영신점,편의점,영신상가,전통시장,서울특별시,3.0,3.0,,,RESOLVED_AGREEMENT,False,3,,,,
952dbb9134910aca7a27,val,편의점,T2 동의어,q_편의점_04,편의점 매장,생활·마트 중 '편의점'을 판매·제공하는 매장,08dac42b-84c6-4200-a148-1ed9c32b0c6e,우리동네리얼생맥주,한식,건국다복 골목형상점가,골목형상점가,광주광역시,0.0,0.0,,,RESOLVED_AGREEMENT,False,0,,,,
2654d4de1ed4b33e077f,val,편의점,T2 동의어,q_편의점_04,편의점 매장,생활·마트 중 '편의점'을 판매·제공하는 매장,5589af27-8a43-41e8-977c-35759e02fc6a,미래편의점,편의점,운남골목 골목형상점가,골목형상점가,광주광역시,3.0,3.0,,,RESOLVED_AGREEMENT,False,3,,,,
f3675510c6b1cfbcabb3,val,편의점,T2 동의어,q_편의점_04,편의점 매장,생활·마트 중 '편의점'을 판매·제공하는 매장,94ed11b4-4849-453d-9204-5d1f82d91a1b,CU용봉용주점,편의점,용봉우치로 골목형상점가,골목형상점가,광주광역시,3.0,3.0,,,RESOLVED_AGREEMENT,False,3,,,,
31dc3af86731a8cb1a4c,val,편의점,T2 동의어,q_편의점_04,편의점 매장,생활·마트 중 '편의점'을 판매·제공하는 매장,b74a227d-2b46-4067-a5ce-df1cffef0965,동네편의점,연쇄점 편의점 담배,서가재미 골목형상점가,골목형상점가,전북특별자치도,3.0,3.0,,,RESOLVED_AGREEMENT,False,3,,,,
319bbf62f91cd558b99b,val,편의점,T2 동의어,q_편의점_04,편의점 매장,생활·마트 중 '편의점'을 판매·제공하는 매장,301b84b1-87af-4d85-9cd1-4c0f6b4b8f1f,하나편의점,편의점,치평상무역상인회 골목형상점가,골목형상점가,광주광역시,3.0,3.0,,,RESOLVED_AGREEMENT,False,3,,,,
339300c549ac0138f376,val,편의점,T2 동의어,q_편의점_04,편의점 매장,생활·마트 중 '편의점'을 판매·제공하는 매장,00242042-f371-486a-a1fc-b85de093edbf,슈올즈 이천점,"신발, 잡화",장터거리시장 골목형상점가,골목형상점가,경기도,1.0,0.0,,,P2_GRADED_ONLY,True,,,,,
c71c1698434a76c8483b,val,편의점,T2 동의어,q_편의점_04,편의점 매장,생활·마트 중 '편의점'을 판매·제공하는 매장,7e0b76f9-dc89-43c1-8245-2af342b97b01,김밥나라효천점,김밥및 분식,효천로 골목형상점가,골목형상점가,광주광역시,0.0,0.0,,,RESOLVED_AGREEMENT,False,0,,,,
6edea4f852452f3c1b99,val,편의점,T2 동의어,q_편의점_04,편의점 매장,생활·마트 중 '편의점'을 판매·제공하는 매장,d2771b5e-371b-4ee1-91ad-b74c00d9d847,GS25,편의점,중앙로 백운1동 골목형상점가,골목형상점가,광주광역시,3.0,3.0,,,RESOLVED_AGREEMENT,False,3,,,,
196881c2d5c906c64ed6,val,편의점,T2 동의어,q_편의점_04,편의점 매장,생활·마트 중 '편의점'을 판매·제공하는 매장,93c46163-272c-4c57-84c1-7c583671f8e1,화정골,한식,화운로상인회 골목형상점가,골목형상점가,광주광역시,0.0,0.0,,,RESOLVED_AGREEMENT,False,0,,,,
4647b3468b1c55a710fc,val,편의점,T2 동의어,q_편의점_04,편의점 매장,생활·마트 중 '편의점'을 판매·제공하는 매장,508abd68-12aa-4c6e-96d4-2fdd1bba0cbf,절대소녀의소꿉놀이,,신구영 골목형상점가,골목형상점가,울산광역시,,0.0,Y,,P0_UNCERTAIN_OR_MISSING,True,,,,,
33ad83e5a778422f672e,val,편의점,T2 동의어,q_편의점_04,편의점 매장,생활·마트 중 '편의점'을 판매·제공하는 매장,01790f65-6bd3-405b-9ef4-493889531486,세븐일레븐자양으뜸2호점,편의점,자양로13길골목형상점가,골목형상점가,서울특별시,3.0,3.0,,,RESOLVED_AGREEMENT,False,3,,,,
491feba7d148098ddc29,val,편의점,T2 동의어,q_편의점_04,편의점 매장,생활·마트 중 '편의점'을 판매·제공하는 매장,01082ac2-3d28-417c-8311-62a9095208e5,신라정선,슈퍼,남부골목시장,전통시장,서울특별시,3.0,2.0,,,P2_GRADED_ONLY,True,,,,,
d50d284f34e838dbc31c,val,편의점,T3 개념확장,q_편의점_05,생활용품,생활·마트 중 '편의점'을 판매·제공하는 매장,9012e7b5-68cc-4579-81c5-2d62a2d7e53a,땡시장,생활용품,송강동 골목형상점가,골목형상점가,대전광역시,3.0,0.0,,,P1_BINARY_THRESHOLD,True,,,,,
09bd2ba5c9ae639e456b,val,편의점,T3 개념확장,q_편의점_05,생활용품,생활·마트 중 '편의점'을 판매·제공하는 매장,723a71e5-3c6d-4075-9adc-ba2718f4168f,디씨센타,생활용품,부평 문화의거리,전통시장,인천광역시,3.0,0.0,,,P1_BINARY_THRESHOLD,True,,,,,
988d565c9f9eb54740ae,val,편의점,T3 개념확장,q_편의점_05,생활용품,생활·마트 중 '편의점'을 판매·제공하는 매장,c16d7193-bd8c-4b15-9fb0-66a273c778bf,쎈스,생활용품,전주모래내시장,전통시장,전북특별자치도,3.0,0.0,,,P1_BINARY_THRESHOLD,True,,,,,
b808621f5a7d868bd223,val,편의점,T3 개념확장,q_편의점_05,생활용품,생활·마트 중 '편의점'을 판매·제공하는 매장,003683a7-fde1-46b0-8421-08210268e2b0,이마트24 광주일곡엘리체점,,삼각동 골목형상점가,골목형상점가,,3.0,3.0,,,RESOLVED_AGREEMENT,False,3,,,,
304603d7c2bcbf829b6c,val,편의점,T3 개념확장,q_편의점_05,생활용품,생활·마트 중 '편의점'을 판매·제공하는 매장,13f07125-b7db-4a20-8091-0d77b6567fa2,아민,생활용품,수원남문패션1번가시장,전통시장,경기도,3.0,0.0,,,P1_BINARY_THRESHOLD,True,,,,,
678e60a3a466adfce3dc,val,편의점,T3 개념확장,q_편의점_05,생활용품,생활·마트 중 '편의점'을 판매·제공하는 매장,3f27806b-6e86-46fe-b68d-692808206f99,더생활+,생활용품,청주사창시장,전통시장,충청북도,3.0,0.0,,,P1_BINARY_THRESHOLD,True,,,,,
45b97489fc799eca1dbc,val,편의점,T3 개념확장,q_편의점_05,생활용품,생활·마트 중 '편의점'을 판매·제공하는 매장,01a0efe3-6970-4157-9177-c25358a4f8a6,유한회사 도민유통(와이마트),슈퍼마켓,용봉지구 골목형상점가,골목형상점가,광주광역시,3.0,2.0,,,P2_GRADED_ONLY,True,,,,,
52ef44d73ce3cd1074e5,val,편의점,T3 개념확장,q_편의점_05,생활용품,생활·마트 중 '편의점'을 판매·제공하는 매장,7e253877-940a-4d6f-a8c1-e1b268ab7a0f,생활용품할인매장,생활용품,왜관시장,전통시장,경상북도,3.0,0.0,,,P1_BINARY_THRESHOLD,True,,,,,
f788b866ca7aa1a90d31,val,편의점,T3 개념확장,q_편의점_05,생활용품,생활·마트 중 '편의점'을 판매·제공하는 매장,c0331f62-657f-4dd7-a5dd-b455d0683462,샤넬상사,생활용품,청주직지시장(구 청주운천시장),전통시장,충청북도,3.0,0.0,,,P1_BINARY_THRESHOLD,True,,,,,
0331288ef68911f537c0,val,편의점,T3 개념확장,q_편의점_05,생활용품,생활·마트 중 '편의점'을 판매·제공하는 매장,7469e763-fa60-41f9-9d15-c11e34727d80,하나쇼핑,생활용품,마산 부림시장,전통시장,경상남도,3.0,0.0,,,P1_BINARY_THRESHOLD,True,,,,,
e93c6f422ee3d88120a0,val,편의점,T3 개념확장,q_편의점_05,생활용품,생활·마트 중 '편의점'을 판매·제공하는 매장,3d01e132-41b8-496e-bb3b-e2fade8fbdcf,생활용품할인매장,생활용품,비단길현대시장,전통시장,서울특별시,3.0,0.0,,,P1_BINARY_THRESHOLD,True,,,,,
4136e64062316b56c508,val,편의점,T3 개념확장,q_편의점_05,생활용품,생활·마트 중 '편의점'을 판매·제공하는 매장,e95448c7-2fae-4d35-a39d-e8d235ddbaae,생활용품D/C백화점,생활용품,부천한신시장,전통시장,경기도,3.0,0.0,,,P1_BINARY_THRESHOLD,True,,,,,
ca469b2921e4d961cb1b,val,편의점,T3 개념확장,q_편의점_05,생활용품,생활·마트 중 '편의점'을 판매·제공하는 매장,ae6346ad-784e-453d-affd-5e7e5e06cee3,DC생활용품,생활용품,비아중앙로 골목형상점가,골목형상점가,광주광역시,3.0,0.0,,,P1_BINARY_THRESHOLD,True,,,,,
ad941e0dd660aaf41006,val,편의점,T3 개념확장,q_편의점_05,생활용품,생활·마트 중 '편의점'을 판매·제공하는 매장,61467088-d3d2-4de8-9aca-dd55ac626ecf,생활용품DC마트,생활용품,간데메공원골목형상점가,골목형상점가,서울특별시,3.0,3.0,,,RESOLVED_AGREEMENT,False,3,,,,
51f0a04a6f04d5e87080,val,편의점,T3 개념확장,q_편의점_05,생활용품,생활·마트 중 '편의점'을 판매·제공하는 매장,dad3f323-1b58-4006-9c77-c50001d31414,싸요사,생활용품 소매업,장승백이전통시장(구 만수창대시장),전통시장,인천광역시,3.0,0.0,,,P1_BINARY_THRESHOLD,True,,,,,
1740b85c81de70ea96db,val,편의점,T3 개념확장,q_편의점_05,생활용품,생활·마트 중 '편의점'을 판매·제공하는 매장,8a60a3eb-b665-48c9-9e82-803359752983,온누리생활용품점,생활용품,속초중앙전통시장,전통시장,강원특별자치도,3.0,0.0,,,P1_BINARY_THRESHOLD,True,,,,,
16db1929532a90437718,val,편의점,T3 개념확장,q_편의점_05,생활용품,생활·마트 중 '편의점'을 판매·제공하는 매장,01d01063-d46f-4d55-991f-bd03c55392f8,씨유 사상중흥센터,편의점,중흥 골목형상점가,골목형상점가,부산광역시,3.0,3.0,,,RESOLVED_AGREEMENT,False,3,,,,
bbd124bc95d026254ca6,val,편의점,T3 개념확장,q_편의점_05,생활용품,생활·마트 중 '편의점'을 판매·제공하는 매장,407d974c-20a7-4915-9217-3c449b3f7119,한일,생활용품,우이골목시장골목형상점가,골목형상점가,서울특별시,3.0,0.0,,,P1_BINARY_THRESHOLD,True,,,,,
acf00e531907337d48cb,val,편의점,T3 개념확장,q_편의점_05,생활용품,생활·마트 중 '편의점'을 판매·제공하는 매장,adfaaaaa-6802-410e-8301-76803cab23dd,생활용품,도서,백운시장,전통시장,서울특별시,2.0,0.0,,,P1_BINARY_THRESHOLD,True,,,,,
178728342344f61eb62c,val,편의점,T3 개념확장,q_편의점_05,생활용품,생활·마트 중 '편의점'을 판매·제공하는 매장,72d62770-8ddb-47bb-9068-7c1bb6e39ea5,누리달,생활용품,팔달문시장,전통시장,경기도,3.0,0.0,,,P1_BINARY_THRESHOLD,True,,,,,
c274a3730488aac66cc8,val,편의점,T3 개념확장,q_편의점_05,생활용품,생활·마트 중 '편의점'을 판매·제공하는 매장,10354a54-94b5-4c6a-87f4-880014a00fa6,하남DC,생활용품,우산매일시장,전통시장,광주광역시,3.0,0.0,,,P1_BINARY_THRESHOLD,True,,,,,
43b71fb1ccebc030b7f2,val,편의점,T3 개념확장,q_편의점_05,생활용품,생활·마트 중 '편의점'을 판매·제공하는 매장,c3da077b-5bb6-4a61-b535-eda2134de175,돌체카사,생활용품,연남동골목형상점가,골목형상점가,서울특별시,3.0,0.0,,,P1_BINARY_THRESHOLD,True,,,,,
8624f14ed032fff6ac27,val,편의점,T3 개념확장,q_편의점_05,생활용품,생활·마트 중 '편의점'을 판매·제공하는 매장,b78ab1ab-65bd-4a70-b0fc-5497789acd73,수려재,생활용품,국수거리 골목형상점가,골목형상점가,전라남도,3.0,0.0,,,P1_BINARY_THRESHOLD,True,,,,,
bf5731dc67cb82dfb8e3,val,편의점,T3 개념확장,q_편의점_05,생활용품,생활·마트 중 '편의점'을 판매·제공하는 매장,00295b4a-ed81-4dfb-90a3-70fdd5cb27f1,생활용품할인매장,생활용품,계산시장,전통시장,인천광역시,3.0,0.0,,,P1_BINARY_THRESHOLD,True,,,,,
af8b9f459c74c61c64ee,val,편의점,T3 개념확장,q_편의점_05,생활용품,생활·마트 중 '편의점'을 판매·제공하는 매장,d08fff62-6168-47ac-98c8-7001f27a4ac6,생활용품전문할인매장,생활용품,만덕2동제일상가시장,전통시장,부산광역시,3.0,0.0,,,P1_BINARY_THRESHOLD,True,,,,,
a2b73b5c181d6b11aa23,val,편의점,T3 개념확장,q_편의점_05,생활용품,생활·마트 중 '편의점'을 판매·제공하는 매장,023e5716-7bdc-42c7-9c7e-a9a4f0f23a8b,이마트24 광주하남금호점,,한마음,골목형상점가,,3.0,3.0,,,RESOLVED_AGREEMENT,False,3,,,,
ad200c9dd56d37230868,val,편의점,T3 개념확장,q_편의점_05,생활용품,생활·마트 중 '편의점'을 판매·제공하는 매장,2ffb5b9a-385a-4f8e-8249-6b1a15790d1d,수양,생활용품,부전시장,전통시장,부산광역시,3.0,0.0,,,P1_BINARY_THRESHOLD,True,,,,,
6575e290f01c40ab4492,val,편의점,T3 개념확장,q_편의점_05,생활용품,생활·마트 중 '편의점'을 판매·제공하는 매장,7e39a6c8-360e-4777-892c-25e034d1a209,자이 생활용품 할인매장,생활용품,계양산전통시장,전통시장,인천광역시,3.0,0.0,,,P1_BINARY_THRESHOLD,True,,,,,
483707fb4accca74a985,val,편의점,T3 개념확장,q_편의점_05,생활용품,생활·마트 중 '편의점'을 판매·제공하는 매장,1918058a-ce23-4796-832e-3e7a53f15e36,동남,생활용품,감전시장,전통시장,부산광역시,3.0,0.0,,,P1_BINARY_THRESHOLD,True,,,,,
5f30e556d85c3b746ef8,val,편의점,T3 개념확장,q_편의점_05,생활용품,생활·마트 중 '편의점'을 판매·제공하는 매장,4b1d7b65-c639-49a8-9ced-5326306ce2d5,생활용품,생활용품,전주모래내시장,전통시장,전북특별자치도,3.0,0.0,,,P1_BINARY_THRESHOLD,True,,,,,
0fd58d9f85b60ee2bf0f,val,편의점,T3 개념확장,q_편의점_05,생활용품,생활·마트 중 '편의점'을 판매·제공하는 매장,6163ff9a-3460-40ce-8390-ae445c059e05,두레박,음식,언양알프스시장,전통시장,울산광역시,0.0,0.0,,,RESOLVED_AGREEMENT,False,0,,,,
a72b1333820d52fd7df7,val,편의점,T3 개념확장,q_편의점_05,생활용품,생활·마트 중 '편의점'을 판매·제공하는 매장,50a95480-d03c-44b7-ba8a-3663b0346f5f,하루,생활용품,문흥2동 골목형상점가,골목형상점가,광주광역시,3.0,0.0,,,P1_BINARY_THRESHOLD,True,,,,,
ef92fdd28e67aa586499,val,편의점,T3 개념확장,q_편의점_05,생활용품,생활·마트 중 '편의점'을 판매·제공하는 매장,a78ba5e9-c84e-4d46-a66f-d01c0d5ed1de,앗싸 D.C 문구 생활용품,생활용품,금부로상인회 골목형상점가,골목형상점가,광주광역시,3.0,0.0,,,P1_BINARY_THRESHOLD,True,,,,,
2df871332b5e058f9308,val,편의점,T3 개념확장,q_편의점_05,생활용품,생활·마트 중 '편의점'을 판매·제공하는 매장,6c49c0a1-e39e-43dd-bab3-29ba0613fb0b,더좋은생활용품,생활용품,경산중앙로상점가,자율상권구역,경상북도,3.0,0.0,,,P1_BINARY_THRESHOLD,True,,,,,
db41b443874fda3c9e35,val,편의점,T3 개념확장,q_편의점_05,생활용품,생활·마트 중 '편의점'을 판매·제공하는 매장,c21a3af7-c09e-40fe-8d5f-73cc23cd39a5,씨유,생활용품,탕정미래 골목형상점가,골목형상점가,충청남도,3.0,3.0,,,RESOLVED_AGREEMENT,False,3,,,,
0a4fe9bfc3da8889c089,val,편의점,T3 개념확장,q_편의점_05,생활용품,생활·마트 중 '편의점'을 판매·제공하는 매장,fe13d8e9-1153-43d0-afbe-d1dc03d88cf2,엘림생활용품마트,생활용품,운천테라스길상인회 골목형상점가,골목형상점가,광주광역시,3.0,3.0,,,RESOLVED_AGREEMENT,False,3,,,,
46b3c0c8bada4ea54584,val,편의점,T3 개념확장,q_편의점_05,생활용품,생활·마트 중 '편의점'을 판매·제공하는 매장,7cb57300-4c6a-4d93-8204-c68229681955,생활용품DC마트,소매(생활용품),평택통복시장,전통시장,경기도,3.0,3.0,,,RESOLVED_AGREEMENT,False,3,,,,
96621a280807f30b0199,val,편의점,T3 개념확장,q_편의점_05,생활용품,생활·마트 중 '편의점'을 판매·제공하는 매장,956424bd-45ed-495b-b897-1dd76602b0b6,생활용품할인매장,생활용품,진해중앙시장,전통시장,경상남도,3.0,0.0,,,P1_BINARY_THRESHOLD,True,,,,,
1b6625e9228f421bec73,val,편의점,T3 개념확장,q_편의점_05,생활용품,생활·마트 중 '편의점'을 판매·제공하는 매장,4bd6bf08-fcce-4f98-8723-1f9e44dc915b,리치,생활용품,안동음식의거리 골목형상점가,골목형상점가,경상북도,3.0,0.0,,,P1_BINARY_THRESHOLD,True,,,,,
36e0a58c7143afc6016e,val,편의점,T3 개념확장,q_편의점_05,생활용품,생활·마트 중 '편의점'을 판매·제공하는 매장,00242042-f371-486a-a1fc-b85de093edbf,슈올즈 이천점,"신발, 잡화",장터거리시장 골목형상점가,골목형상점가,경기도,1.0,0.0,,,P2_GRADED_ONLY,True,,,,,
0d92ed2a0e684ef6aa2a,val,편의점,T3 개념확장,q_편의점_05,생활용품,생활·마트 중 '편의점'을 판매·제공하는 매장,9c6ba2cd-a1a5-48f4-b0ad-daa945791212,일줄일세계,생활용품,남문시장,전통시장,서울특별시,3.0,0.0,,,P1_BINARY_THRESHOLD,True,,,,,
9ef817cc66d0edefed38,val,편의점,T3 개념확장,q_편의점_05,생활용품,생활·마트 중 '편의점'을 판매·제공하는 매장,7bb2e8fd-c122-4c7a-aca0-1bedac6ec154,인즈,식품 생활용품 외,서울중부시장,전통시장,서울특별시,3.0,0.0,,,P1_BINARY_THRESHOLD,True,,,,,
e573fd20007779a3f60e,val,편의점,T3 개념확장,q_편의점_05,생활용품,생활·마트 중 '편의점'을 판매·제공하는 매장,d5f46b67-e1ef-4112-9783-7f37b934d863,칼라,생활용품,창원 대동그린코아상가,전통시장,경상남도,3.0,0.0,,,P1_BINARY_THRESHOLD,True,,,,,
a26b86e464b52d6eda94,val,편의점,T3 개념확장,q_편의점_05,생활용품,생활·마트 중 '편의점'을 판매·제공하는 매장,f977232a-bedc-4a2b-99db-19ab696192b2,떼소로,생활용품,양림공예거리 골목형상점가,골목형상점가,광주광역시,3.0,0.0,,,P1_BINARY_THRESHOLD,True,,,,,
973a1b952d0435b638fa,val,편의점,T3 개념확장,q_편의점_05,생활용품,생활·마트 중 '편의점'을 판매·제공하는 매장,a9ebb166-bec2-4760-9085-6ee5c3e103eb,코카콜라,생활용품,금산중앙로상점가,자율상권구역,충청남도,3.0,0.0,,,P1_BINARY_THRESHOLD,True,,,,,
6cc53216b982a593c3b2,val,편의점,T3 개념확장,q_편의점_05,생활용품,생활·마트 중 '편의점'을 판매·제공하는 매장,ff7ff190-769a-49b7-bba3-0e243805a5a2,샤론생활용품,생활용품,유촌마을상인회 골목형상점가,골목형상점가,광주광역시,3.0,0.0,,,P1_BINARY_THRESHOLD,True,,,,,
09ad83799ca12fc88ae8,val,편의점,T3 개념확장,q_편의점_05,생활용품,생활·마트 중 '편의점'을 판매·제공하는 매장,001bacc9-5a95-4049-babd-6691512d8da0,백두사,잡화,장량성도시장,전통시장,경상북도,1.0,0.0,,,P2_GRADED_ONLY,True,,,,,
2a11d3a4dd4912d2f0fc,val,편의점,T3 개념확장,q_편의점_05,생활용품,생활·마트 중 '편의점'을 판매·제공하는 매장,46a02b8a-bbc1-4840-8e04-258f686f6d58,더줌마켓,생활용품,첨단하나로,골목형상점가,광주광역시,3.0,0.0,,,P1_BINARY_THRESHOLD,True,,,,,
c1628dcaa628ee240ad9,val,편의점,T3 개념확장,q_편의점_05,생활용품,생활·마트 중 '편의점'을 판매·제공하는 매장,5019be8c-bd98-459e-960d-2fce5a5fcd5e,진미생활용품,생활용품,포항죽도시장,전통시장,경상북도,3.0,0.0,,,P1_BINARY_THRESHOLD,True,,,,,
9ae9de92706fe00d6b53,val,편의점,T3 개념확장,q_편의점_05,생활용품,생활·마트 중 '편의점'을 판매·제공하는 매장,38d7dfbf-19db-4901-97a9-16f1444fddd1,백조슈퍼,생활용품,망미정다운 골목형상점가,골목형상점가,부산광역시,3.0,3.0,,,RESOLVED_AGREEMENT,False,3,,,,
b64cf73182940d2860e6,val,편의점,T3 개념확장,q_편의점_05,생활용품,생활·마트 중 '편의점'을 판매·제공하는 매장,02ab118f-aa08-483e-b7d3-93768e12c1be,이마트24옥정엠시티점,,파스텔시티2차상점가,골목형상점가,경기도,3.0,3.0,,,RESOLVED_AGREEMENT,False,3,,,,
3edd57fb39c7908b6ba8,val,편의점,T3 개념확장,q_편의점_05,생활용품,생활·마트 중 '편의점'을 판매·제공하는 매장,e2ad8db8-132e-425b-930b-5cc3d047eb38,장원포차,한식,권선종합시장,전통시장,경기도,0.0,0.0,,,RESOLVED_AGREEMENT,False,0,,,,
05f522af5193248d5088,val,편의점,T3 개념확장,q_편의점_05,생활용품,생활·마트 중 '편의점'을 판매·제공하는 매장,4e63f432-fdd6-49c1-8b30-122c6a0ddfb1,네일바다,네일아트,밀양 내일전통시장,전통시장,경상남도,0.0,0.0,,,RESOLVED_AGREEMENT,False,0,,,,
11deaea8658ad3a19b34,val,편의점,T3 개념확장,q_편의점_05,생활용품,생활·마트 중 '편의점'을 판매·제공하는 매장,006f9082-b590-49e3-baf4-f72dc203a510,CU풍암주은모아점,편의점,풍암당산상인회 골목형상점가,골목형상점가,광주광역시,3.0,3.0,,,RESOLVED_AGREEMENT,False,3,,,,
77e826ca24c48a769182,val,편의점,T3 개념확장,q_편의점_05,생활용품,생활·마트 중 '편의점'을 판매·제공하는 매장,003d5df8-0856-45e0-a11e-5098cf70541e,앨리스리본&공방,"공방, 잡화",봉화내성시장,전통시장,경상북도,1.0,0.0,,,P2_GRADED_ONLY,True,,,,,
f4a8565c700032f0a246,val,편의점,T3 개념확장,q_편의점_05,생활용품,생활·마트 중 '편의점'을 판매·제공하는 매장,02656399-5272-4d95-93ce-aa699e13cfdb,우리홈마트,,중화산로 골목형상점가,골목형상점가,전북특별자치도,3.0,2.0,,,P2_GRADED_ONLY,True,,,,,
6633d2b1ef626319b6b9,val,편의점,T3 개념확장,q_편의점_05,생활용품,생활·마트 중 '편의점'을 판매·제공하는 매장,147101c7-304d-47ce-a911-014c1620102f,제일생활용품,생활용품,까치산시장,전통시장,서울특별시,3.0,0.0,,,P1_BINARY_THRESHOLD,True,,,,,
2301d91ca470ace85224,val,편의점,T3 개념확장,q_편의점_05,생활용품,생활·마트 중 '편의점'을 판매·제공하는 매장,1561bd66-2dcf-46e7-8437-1fb0f5809eb6,나주축산,축산물,말바우시장,전통시장,광주광역시,0.0,0.0,,,RESOLVED_AGREEMENT,False,0,,,,
5cf7d9ea6c1cda27629f,val,편의점,T3 개념확장,q_편의점_05,생활용품,생활·마트 중 '편의점'을 판매·제공하는 매장,3cce8e7c-baa9-4701-98f6-3a60cb346f83,테크노생활용품,생활용품,남양시장골목형상점가,골목형상점가,경기도,3.0,0.0,,,P1_BINARY_THRESHOLD,True,,,,,
07862f40021861f09eef,val,편의점,T3 개념확장,q_편의점_05,생활용품,생활·마트 중 '편의점'을 판매·제공하는 매장,ae05929e-b943-4cbd-8c64-57060e049b63,대성청과,과일,장미제일시장,전통시장,서울특별시,0.0,0.0,,,RESOLVED_AGREEMENT,False,0,,,,
0c2d00d9566b5ddba6fc,val,편의점,T3 개념확장,q_편의점_05,생활용품,생활·마트 중 '편의점'을 판매·제공하는 매장,01790f65-6bd3-405b-9ef4-493889531486,세븐일레븐자양으뜸2호점,편의점,자양로13길골목형상점가,골목형상점가,서울특별시,3.0,3.0,,,RESOLVED_AGREEMENT,False,3,,,,
af22652b05844b630d2a,val,편의점,T3 개념확장,q_편의점_05,생활용품,생활·마트 중 '편의점'을 판매·제공하는 매장,017a2c54-999b-4850-993e-cac5169d3aec,지에스25 원주황금점,편의점,혁신도시1구역골목형상점가,골목형상점가,강원특별자치도,3.0,3.0,,,RESOLVED_AGREEMENT,False,3,,,,
d29482dfe9c80aa9ad21,val,편의점,T3 개념확장,q_편의점_05,생활용품,생활·마트 중 '편의점'을 판매·제공하는 매장,c1e36b35-4e00-4225-b772-3bfcce474be1,생활용품할인점,생활용품,남평읍 상인회 골목형상점가,골목형상점가,전라남도,3.0,0.0,,,P1_BINARY_THRESHOLD,True,,,,,
f4d3fa805937e0154b13,val,편의점,T3 개념확장,q_편의점_05,생활용품,생활·마트 중 '편의점'을 판매·제공하는 매장,3d911d87-e535-4471-a55b-2fafd9dabb74,동백상회,농산물,부전농수산물새벽시장,전통시장,부산광역시,0.0,0.0,,,RESOLVED_AGREEMENT,False,0,,,,
8dffdcabf9ba2c24b7e2,val,편의점,T3 개념확장,q_편의점_05,생활용품,생활·마트 중 '편의점'을 판매·제공하는 매장,3023fda7-18da-4c10-b137-dddc4db240b1,생활용품 DC 아울렛,생활용품,당정동한세로 골목형상점가,골목형상점가,경기도,3.0,0.0,,,P1_BINARY_THRESHOLD,True,,,,,
f384703ae146605f2d10,val,편의점,T3 개념확장,q_편의점_05,생활용품,생활·마트 중 '편의점'을 판매·제공하는 매장,1089b147-71de-41d0-8c48-2d130147221e,생활용품 할인점,생활용품,대인제봉 골목형상점가,골목형상점가,광주광역시,3.0,0.0,,,P1_BINARY_THRESHOLD,True,,,,,
3069a8faccb4a1a26483,val,편의점,T3 개념확장,q_편의점_05,생활용품,생활·마트 중 '편의점'을 판매·제공하는 매장,2e41ce44-23dd-452c-89af-f1915fb1197e,꽃샘상사,생활용품,대신지하상가,일반지하상점가,대구광역시,3.0,0.0,,,P1_BINARY_THRESHOLD,True,,,,,
910316e104a0d0d9790c,val,편의점,T3 개념확장,q_편의점_05,생활용품,생활·마트 중 '편의점'을 판매·제공하는 매장,01082ac2-3d28-417c-8311-62a9095208e5,신라정선,슈퍼,남부골목시장,전통시장,서울특별시,3.0,2.0,,,P2_GRADED_ONLY,True,,,,,
7eded5cf65aceab7e1e6,val,편의점,T3 개념확장,q_편의점_05,생활용품,생활·마트 중 '편의점'을 판매·제공하는 매장,0015ea0b-d565-4d75-bbfb-1198daeb0b0c,나이스마트청라자이점,,청라언덕 골목형상점가,골목형상점가,대구광역시,3.0,2.0,,,P2_GRADED_ONLY,True,,,,,
fcdfc415d1284f082c47,val,편의점,T3 개념확장,q_편의점_05,생활용품,생활·마트 중 '편의점'을 판매·제공하는 매장,003747e4-8102-4296-bfdf-b7ca7c1f83fa,평화잡화,잡화,부산평화시장,전통시장,부산광역시,1.0,0.0,,,P2_GRADED_ONLY,True,,,,,
0042b9850f33a69acbec,val,편의점,T3 개념확장,q_편의점_05,생활용품,생활·마트 중 '편의점'을 판매·제공하는 매장,001906f9-c5ab-4432-9e3a-be3af3f08aeb,씨유 원주혁신점,편의점,혁신도시5구역골목형상점가,골목형상점가,강원특별자치도,3.0,3.0,,,RESOLVED_AGREEMENT,False,3,,,,
c76936b1ffbd46e371f2,val,편의점,T3 개념확장,q_편의점_05,생활용품,생활·마트 중 '편의점'을 판매·제공하는 매장,74cb6ea9-d2f7-45c9-9d93-1cce6d46297a,리빙명동,생활용품,거제 고현시장,전통시장,경상남도,3.0,0.0,,,P1_BINARY_THRESHOLD,True,,,,,
a588150a945fcfe8c1e9,val,편의점,T3 개념확장,q_편의점_05,생활용품,생활·마트 중 '편의점'을 판매·제공하는 매장,39fdab5c-6529-47ab-ae04-969c925186c3,유쾌한김치,반찬류,신영시장,전통시장,서울특별시,0.0,0.0,,,RESOLVED_AGREEMENT,False,0,,,,
20080838a7a3cb7a8a00,val,편의점,T3 개념확장,q_편의점_05,생활용품,생활·마트 중 '편의점'을 판매·제공하는 매장,feef5f39-bd9a-4055-8d7d-11f747c77dd8,생활용품DC,생활용품,양동시장,전통시장,,3.0,0.0,,,P1_BINARY_THRESHOLD,True,,,,,
60559bc9e860257ec1fb,val,편의점,T3 개념확장,q_편의점_05,생활용품,생활·마트 중 '편의점'을 판매·제공하는 매장,45874d24-c8a6-48a9-a004-f9c351a7bd3e,중소기업생활용품,생활용품,상주풍물시장,전통시장,경상북도,3.0,0.0,,,P1_BINARY_THRESHOLD,True,,,,,
a5f42ff15c6f58ff57a6,val,편의점,T3 개념확장,q_편의점_05,생활용품,생활·마트 중 '편의점'을 판매·제공하는 매장,83c03bcb-b6da-4f87-bdaa-dac59a36bc19,생활용품,가정생활용품,용현시장,전통시장,인천광역시,3.0,0.0,,,P1_BINARY_THRESHOLD,True,,,,,
bf966724e42812deed05,val,편의점,T3 개념확장,q_편의점_05,생활용품,생활·마트 중 '편의점'을 판매·제공하는 매장,01b2c972-f367-47e6-b3d2-11585175a7c1,명동슈퍼,슈퍼,신대방1동온누리길골목형상점가,골목형상점가,서울특별시,3.0,2.0,,,P2_GRADED_ONLY,True,,,,,
bc7eb724d069b743314e,val,편의점,T3 개념확장,q_편의점_05,생활용품,생활·마트 중 '편의점'을 판매·제공하는 매장,0054b824-eb72-4efa-a1ba-40d467c899a5,수정상회,잡화,중앙전통시장,전통시장,울산광역시,1.0,0.0,,,P2_GRADED_ONLY,True,,,,,
207c902da88ba93d8680,val,편의점,T3 개념확장,q_편의점_05,생활용품,생활·마트 중 '편의점'을 판매·제공하는 매장,c28f3839-0f4c-476f-84c5-e280b880dec4,모두아생활용품,생활용품,구월시장,전통시장,인천광역시,3.0,0.0,,,P1_BINARY_THRESHOLD,True,,,,,
9a028efe5f6ff99c6d7e,val,편의점,T3 개념확장,q_편의점_05,생활용품,생활·마트 중 '편의점'을 판매·제공하는 매장,c1938450-ef47-4825-85eb-e0ef5a6593e2,귀덕상회,생활용품,영광터미널시장,전통시장,전라남도,3.0,0.0,,,P1_BINARY_THRESHOLD,True,,,,,
c23bf70aed7582700e6c,val,편의점,T3 개념확장,q_편의점_05,생활용품,생활·마트 중 '편의점'을 판매·제공하는 매장,f979048f-a5b2-43bf-b2a0-ae0fbdd9fa0b,주니,생활용품,숭례문수입상가,전통시장,서울특별시,3.0,0.0,,,P1_BINARY_THRESHOLD,True,,,,,
83de9ec6f0322d4fe8f8,val,편의점,T3 개념확장,q_편의점_05,생활용품,생활·마트 중 '편의점'을 판매·제공하는 매장,0127440f-2d8b-45f0-b518-a19665d3d5a8,나들가게서교하이퍼,소매(슈퍼),서교시장,전통시장,서울특별시,3.0,2.0,,,P2_GRADED_ONLY,True,,,,,
4e297b733e0390e88839,val,편의점,T3 개념확장,q_편의점_05,생활용품,생활·마트 중 '편의점'을 판매·제공하는 매장,95965633-ff69-479a-85c1-9638fc9b2531,우성생활용품,생활용품,마산 부림시장,전통시장,경상남도,3.0,0.0,,,P1_BINARY_THRESHOLD,True,,,,,
70580a1afef165ce72d7,val,편의점,T3 개념확장,q_편의점_05,생활용품,생활·마트 중 '편의점'을 판매·제공하는 매장,a2bca1fa-91ad-4187-a29e-600e2fb57769,더허브샵,생활용품,칠성로상점가,자율상권구역,제주특별자치도,3.0,0.0,,,P1_BINARY_THRESHOLD,True,,,,,
0087726ef89ccfea39c6,val,편의점,T3 개념확장,q_편의점_05,생활용품,생활·마트 중 '편의점'을 판매·제공하는 매장,698ebc18-5772-4ef1-b576-4f94fba0c464,먼데이베이커리,빵,동천동먹자골목2번가상인회 골목형상점가,골목형상점가,광주광역시,0.0,0.0,,,RESOLVED_AGREEMENT,False,0,,,,
d08ef8bdd5e96a5ff4ed,val,편의점,T3 개념확장,q_편의점_05,생활용품,생활·마트 중 '편의점'을 판매·제공하는 매장,9d8e135b-879d-4d7f-9973-d3a6e70b2318,생활용품 디씨마트,생활용품,"온양온천시장(온양재래시장, 전통시장)",전통시장,충청남도,3.0,3.0,,,RESOLVED_AGREEMENT,False,3,,,,
72462f5ba763e3fb95e4,val,편의점,T3 개념확장,q_편의점_05,생활용품,생활·마트 중 '편의점'을 판매·제공하는 매장,35f5f652-331b-4860-9b05-cee201d0ca2b,정연,생활용품,인천중앙로지하상가,일반지하상점가,인천광역시,3.0,0.0,,,P1_BINARY_THRESHOLD,True,,,,,
7184c63c6943c2bd942d,val,편의점,T3 개념확장,q_편의점_05,생활용품,생활·마트 중 '편의점'을 판매·제공하는 매장,01ca51d4-ae25-4b4f-86b6-d8461d581a02,영광슈퍼,소매업(슈퍼),신원시장,전통시장,서울특별시,3.0,2.0,,,P2_GRADED_ONLY,True,,,,,
aea60daacb73749226a2,val,편의점,T4 구어·문장,q_편의점_06,편의점 갈 데,생활·마트 중 '편의점'을 판매·제공하는 매장,5b96256c-d213-4d0e-92fe-389dc7cc6681,CU,편의점,하남진곡 골목형상점가,골목형상점가,광주광역시,3.0,3.0,,,RESOLVED_AGREEMENT,False,3,,,,
29bbc2186141ef51d7fc,val,편의점,T4 구어·문장,q_편의점_06,편의점 갈 데,생활·마트 중 '편의점'을 판매·제공하는 매장,37033488-7a37-4985-9a3c-180b45f7799b,도로마트,편의점,성안길상점가,자율상권구역,충청북도,3.0,3.0,,,RESOLVED_AGREEMENT,False,3,,,,
9f9d4bdbb6339ca675a3,val,편의점,T4 구어·문장,q_편의점_06,편의점 갈 데,생활·마트 중 '편의점'을 판매·제공하는 매장,3cfa0b95-e91a-4be1-8556-b43be1ceb7c4,에스테틱휴,피부관리,참샘상인회 골목형상점가,골목형상점가,광주광역시,0.0,0.0,,,RESOLVED_AGREEMENT,False,0,,,,
227a0f4b620c31b29776,val,편의점,T4 구어·문장,q_편의점_06,편의점 갈 데,생활·마트 중 '편의점'을 판매·제공하는 매장,7bbb1ed7-c3d8-4905-b02e-4da632aa2cf6,GS25,편의점,하남진곡 골목형상점가,골목형상점가,광주광역시,3.0,3.0,,,RESOLVED_AGREEMENT,False,3,,,,
c9dde1f37fb274091be5,val,편의점,T4 구어·문장,q_편의점_06,편의점 갈 데,생활·마트 중 '편의점'을 판매·제공하는 매장,f49a524f-1de6-4c8d-bdfa-694328f5409c,축협알뜰편의점,편의점,새영주시장,전통시장,부산광역시,3.0,3.0,,,RESOLVED_AGREEMENT,False,3,,,,
322b99b53d6f71ad397b,val,편의점,T4 구어·문장,q_편의점_06,편의점 갈 데,생활·마트 중 '편의점'을 판매·제공하는 매장,01a0efe3-6970-4157-9177-c25358a4f8a6,유한회사 도민유통(와이마트),슈퍼마켓,용봉지구 골목형상점가,골목형상점가,광주광역시,3.0,2.0,,,P2_GRADED_ONLY,True,,,,,
f4f32b30e868e3d6b7f5,val,편의점,T4 구어·문장,q_편의점_06,편의점 갈 데,생활·마트 중 '편의점'을 판매·제공하는 매장,75185668-0bba-4930-8210-d43b6d469416,씨유석계본점,편의점,석계음식문화거리골목형상점가,골목형상점가,서울특별시,3.0,3.0,,,RESOLVED_AGREEMENT,False,3,,,,
fbf6c50155a20463a90e,val,편의점,T4 구어·문장,q_편의점_06,편의점 갈 데,생활·마트 중 '편의점'을 판매·제공하는 매장,faa75041-4bdb-4e87-85e3-1db953a5bf21,GS25,편의점,메트로센터(반월당지하쇼핑),일반지하상점가,대구광역시,3.0,3.0,,,RESOLVED_AGREEMENT,False,3,,,,
ee2a4411d3e0a9ef6beb,val,편의점,T4 구어·문장,q_편의점_06,편의점 갈 데,생활·마트 중 '편의점'을 판매·제공하는 매장,d2771b5e-371b-4ee1-91ad-b74c00d9d847,GS25,편의점,중앙로 백운1동 골목형상점가,골목형상점가,광주광역시,3.0,3.0,,,RESOLVED_AGREEMENT,False,3,,,,
f0401f0fd1b02f492db8,val,편의점,T4 구어·문장,q_편의점_06,편의점 갈 데,생활·마트 중 '편의점'을 판매·제공하는 매장,4d492655-e03a-4324-a313-78d849318719,대영상회,편의점,도화종합시장,기타,인천광역시,3.0,3.0,,,RESOLVED_AGREEMENT,False,3,,,,
6667c76ab80f22597b8a,val,편의점,T4 구어·문장,q_편의점_06,편의점 갈 데,생활·마트 중 '편의점'을 판매·제공하는 매장,017a2c54-999b-4850-993e-cac5169d3aec,지에스25 원주황금점,편의점,혁신도시1구역골목형상점가,골목형상점가,강원특별자치도,3.0,3.0,,,RESOLVED_AGREEMENT,False,3,,,,
bf0999a51d84b518fae5,val,편의점,T4 구어·문장,q_편의점_06,편의점 갈 데,생활·마트 중 '편의점'을 판매·제공하는 매장,44514a0f-3971-4be8-9d1d-37e043b0d361,거부기편의점,편의점,거북시장,전통시장,인천광역시,3.0,3.0,,,RESOLVED_AGREEMENT,False,3,,,,
e0ca12c52b91a96fa336,val,편의점,T4 구어·문장,q_편의점_06,편의점 갈 데,생활·마트 중 '편의점'을 판매·제공하는 매장,247192b1-0b98-4059-8848-948104589daa,씨유영신점,편의점,영신상가,전통시장,서울특별시,3.0,3.0,,,RESOLVED_AGREEMENT,False,3,,,,
58b7558c6adb564a78ab,val,편의점,T4 구어·문장,q_편의점_06,편의점 갈 데,생활·마트 중 '편의점'을 판매·제공하는 매장,88acd2dc-7a20-4162-804a-15e5555372f0,CU,편의점,프로방스 골목형상점가,골목형상점가,전라남도,3.0,3.0,,,RESOLVED_AGREEMENT,False,3,,,,
70945ce2264e329faace,val,편의점,T4 구어·문장,q_편의점_06,편의점 갈 데,생활·마트 중 '편의점'을 판매·제공하는 매장,4e97a3d4-d769-45a9-8ed4-651e115810b4,알리바이24시편의점,편의점,늘솔길상인회 골목형상점가,골목형상점가,광주광역시,3.0,3.0,,,RESOLVED_AGREEMENT,False,3,,,,
58494a79f96cf1397e97,val,편의점,T4 구어·문장,q_편의점_06,편의점 갈 데,생활·마트 중 '편의점'을 판매·제공하는 매장,01ca51d4-ae25-4b4f-86b6-d8461d581a02,영광슈퍼,소매업(슈퍼),신원시장,전통시장,서울특별시,3.0,2.0,,,P2_GRADED_ONLY,True,,,,,
318057d9a6b49fe175e8,val,편의점,T4 구어·문장,q_편의점_06,편의점 갈 데,생활·마트 중 '편의점'을 판매·제공하는 매장,9331b39b-d923-4ec3-9203-fffe2e3df532,나우리편의점,편의점,거제 고현자율상권,,경상남도,3.0,3.0,,,RESOLVED_AGREEMENT,False,3,,,,
72c3c7ebd23753e698de,val,편의점,T4 구어·문장,q_편의점_06,편의점 갈 데,생활·마트 중 '편의점'을 판매·제공하는 매장,f1dabe30-0af9-4118-8e95-a1110a68f5c0,씨유두류명동점,편의점,두류젊코상권,상권활성화구역,대구광역시,3.0,3.0,,,RESOLVED_AGREEMENT,False,3,,,,
b26aa5a7b7889409a6a4,val,편의점,T4 구어·문장,q_편의점_06,편의점 갈 데,생활·마트 중 '편의점'을 판매·제공하는 매장,b74a227d-2b46-4067-a5ce-df1cffef0965,동네편의점,연쇄점 편의점 담배,서가재미 골목형상점가,골목형상점가,전북특별자치도,3.0,3.0,,,RESOLVED_AGREEMENT,False,3,,,,
1781500b6150ae39b9e3,val,편의점,T4 구어·문장,q_편의점_06,편의점 갈 데,생활·마트 중 '편의점'을 판매·제공하는 매장,02656399-5272-4d95-93ce-aa699e13cfdb,우리홈마트,,중화산로 골목형상점가,골목형상점가,전북특별자치도,3.0,2.0,,,P2_GRADED_ONLY,True,,,,,
3fd2ef26a1e78895bd49,val,편의점,T4 구어·문장,q_편의점_06,편의점 갈 데,생활·마트 중 '편의점'을 판매·제공하는 매장,0015ea0b-d565-4d75-bbfb-1198daeb0b0c,나이스마트청라자이점,,청라언덕 골목형상점가,골목형상점가,대구광역시,3.0,2.0,,,P2_GRADED_ONLY,True,,,,,
c4675ad82f818c0f4fbf,val,편의점,T4 구어·문장,q_편의점_06,편의점 갈 데,생활·마트 중 '편의점'을 판매·제공하는 매장,301b84b1-87af-4d85-9cd1-4c0f6b4b8f1f,하나편의점,편의점,치평상무역상인회 골목형상점가,골목형상점가,광주광역시,3.0,3.0,,,RESOLVED_AGREEMENT,False,3,,,,
3f15ce7ed77cf464e0e0,val,편의점,T4 구어·문장,q_편의점_06,편의점 갈 데,생활·마트 중 '편의점'을 판매·제공하는 매장,fee76baf-6062-4740-a214-fbae8ab4ec9c,GS25,편의점,신창진흥 골목형상점가,골목형상점가,광주광역시,3.0,3.0,,,RESOLVED_AGREEMENT,False,3,,,,
520059addf895322ac90,val,편의점,T4 구어·문장,q_편의점_06,편의점 갈 데,생활·마트 중 '편의점'을 판매·제공하는 매장,7903a6ee-8f8b-4834-9d0d-49e364e29427,GS25,편의점,우산동빛고을 골목형상점가,골목형상점가,광주광역시,3.0,3.0,,,RESOLVED_AGREEMENT,False,3,,,,
769b90b3a52c65526bf5,val,편의점,T4 구어·문장,q_편의점_06,편의점 갈 데,생활·마트 중 '편의점'을 판매·제공하는 매장,67e246e9-09f0-4556-aa8c-cfc097e5a380,세븐일레븐편의점,편의점,88글러브 골목형상점가,골목형상점가,대전광역시,3.0,3.0,,,RESOLVED_AGREEMENT,False,3,,,,
69f854e617a59b249c40,val,편의점,T4 구어·문장,q_편의점_06,편의점 갈 데,생활·마트 중 '편의점'을 판매·제공하는 매장,e8e9c9ac-afdd-4b70-8bf7-78ec9775281c,프랜드편의점,편의점,발안만세시장(구 발안시장),전통시장,경기도,3.0,3.0,,,RESOLVED_AGREEMENT,False,3,,,,
6c96327c4bb8a9c9a9b3,val,편의점,T4 구어·문장,q_편의점_06,편의점 갈 데,생활·마트 중 '편의점'을 판매·제공하는 매장,01b2c972-f367-47e6-b3d2-11585175a7c1,명동슈퍼,슈퍼,신대방1동온누리길골목형상점가,골목형상점가,서울특별시,3.0,2.0,,,P2_GRADED_ONLY,True,,,,,
1d2295e77d35f629ba77,val,편의점,T4 구어·문장,q_편의점_06,편의점 갈 데,생활·마트 중 '편의점'을 판매·제공하는 매장,7234c934-81df-4950-b694-f81a5a59f7aa,대박마트,편의점,호매실역중심상가 골목형상점가,골목형상점가,경기도,3.0,3.0,,,RESOLVED_AGREEMENT,False,3,,,,
98894c6f75365a437dc5,val,편의점,T4 구어·문장,q_편의점_06,편의점 갈 데,생활·마트 중 '편의점'을 판매·제공하는 매장,bac6cf87-6a05-44b0-a03c-147f15d1602c,편의점,식품 잡화,운수대통 골목형상점가,골목형상점가,광주광역시,2.0,3.0,,,P2_GRADED_ONLY,True,,,,,
1111d492710f3a208e4f,val,편의점,T4 구어·문장,q_편의점_06,편의점 갈 데,생활·마트 중 '편의점'을 판매·제공하는 매장,bc539cce-1727-4192-9ca3-8ef8baf19e4f,GS25,편의점,임방울거리3구역 골목형상점가,골목형상점가,광주광역시,3.0,3.0,,,RESOLVED_AGREEMENT,False,3,,,,
c61c0d29d0cf1f7d3594,val,편의점,T4 구어·문장,q_편의점_06,편의점 갈 데,생활·마트 중 '편의점'을 판매·제공하는 매장,481b4d13-7128-4f25-94f8-7bf2f71a4d8e,주야편의점,편의점,부곡시장,전통시장,경상북도,3.0,3.0,,,RESOLVED_AGREEMENT,False,3,,,,
f375b0aba20f0931ccb8,val,편의점,T4 구어·문장,q_편의점_06,편의점 갈 데,생활·마트 중 '편의점'을 판매·제공하는 매장,43f8a456-3012-4f4f-beb0-bc85fc1ec2c4,홈웨이편의점,편의점,함평천지 골목형상점가,골목형상점가,전라남도,3.0,3.0,,,RESOLVED_AGREEMENT,False,3,,,,
240f51ac5a1b3848c4b8,val,편의점,T4 구어·문장,q_편의점_06,편의점 갈 데,생활·마트 중 '편의점'을 판매·제공하는 매장,00242042-f371-486a-a1fc-b85de093edbf,슈올즈 이천점,"신발, 잡화",장터거리시장 골목형상점가,골목형상점가,경기도,1.0,0.0,,,P2_GRADED_ONLY,True,,,,,
caaeca7cf8fec1b254c4,val,편의점,T4 구어·문장,q_편의점_06,편의점 갈 데,생활·마트 중 '편의점'을 판매·제공하는 매장,3c4a2539-7dfa-4768-a3b1-093ff9a0eba7,씨유장대스토리점,편의점,장대동패션상가 골목형상점가,골목형상점가,대전광역시,3.0,3.0,,,RESOLVED_AGREEMENT,False,3,,,,
25b067e177ae924b221b,val,편의점,T4 구어·문장,q_편의점_06,편의점 갈 데,생활·마트 중 '편의점'을 판매·제공하는 매장,02ab118f-aa08-483e-b7d3-93768e12c1be,이마트24옥정엠시티점,,파스텔시티2차상점가,골목형상점가,경기도,3.0,3.0,,,RESOLVED_AGREEMENT,False,3,,,,
5398a8fa93acbe2bad4b,val,편의점,T4 구어·문장,q_편의점_06,편의점 갈 데,생활·마트 중 '편의점'을 판매·제공하는 매장,01082ac2-3d28-417c-8311-62a9095208e5,신라정선,슈퍼,남부골목시장,전통시장,서울특별시,3.0,2.0,,,P2_GRADED_ONLY,True,,,,,
e72b43ff0c43c5b8e51b,val,편의점,T4 구어·문장,q_편의점_06,편의점 갈 데,생활·마트 중 '편의점'을 판매·제공하는 매장,0bb9a2d3-0f6e-4ad5-afac-2bddb38845c5,규방한복,생활한복,제2경주중심상가시장(경주봉황중심상가시장),전통시장,경상북도,0.0,0.0,,,RESOLVED_AGREEMENT,False,0,,,,
7ad17e671e57fb158acb,val,편의점,T4 구어·문장,q_편의점_06,편의점 갈 데,생활·마트 중 '편의점'을 판매·제공하는 매장,5c075211-d790-485f-8def-67e24a561bbc,마곡편의점,편의점,공산성골목형상점가,골목형상점가,충청남도,3.0,3.0,,,RESOLVED_AGREEMENT,False,3,,,,
0ee2a46bc4bb91f9e060,val,편의점,T4 구어·문장,q_편의점_06,편의점 갈 데,생활·마트 중 '편의점'을 판매·제공하는 매장,0988667a-cf9e-456b-8122-1d8b35160864,CU해남땅끝점,편의점,땅끝마을 상점가,골목형상점가,전라남도,3.0,3.0,,,RESOLVED_AGREEMENT,False,3,,,,
9a4bebe7111b5a043f5d,val,편의점,T4 구어·문장,q_편의점_06,편의점 갈 데,생활·마트 중 '편의점'을 판매·제공하는 매장,9e5ac9b1-ea36-4a9e-a9e2-e2a69d5690ee,CU,편의점,프로방스 골목형상점가,골목형상점가,전라남도,3.0,3.0,,,RESOLVED_AGREEMENT,False,3,,,,
d20a0fc9499e59aa16af,val,편의점,T4 구어·문장,q_편의점_06,편의점 갈 데,생활·마트 중 '편의점'을 판매·제공하는 매장,a9895d16-2a13-44a4-908b-9a8c2936840a,씨유서부율전점,편의점,명덕마을 골목형상점가,골목형상점가,울산광역시,3.0,3.0,,,RESOLVED_AGREEMENT,False,3,,,,
f65b2701d490a981e498,val,편의점,T4 구어·문장,q_편의점_06,편의점 갈 데,생활·마트 중 '편의점'을 판매·제공하는 매장,e90fa987-02cd-403e-baa7-989de65b2038,씨유일곡송해로점,편의점,일곡동 골목형상점가,골목형상점가,광주광역시,3.0,3.0,,,RESOLVED_AGREEMENT,False,3,,,,
ade3441e9504369803a3,val,편의점,T4 구어·문장,q_편의점_06,편의점 갈 데,생활·마트 중 '편의점'을 판매·제공하는 매장,006f9082-b590-49e3-baf4-f72dc203a510,CU풍암주은모아점,편의점,풍암당산상인회 골목형상점가,골목형상점가,광주광역시,3.0,3.0,,,RESOLVED_AGREEMENT,False,3,,,,
53e1fabd5353836d7d26,val,편의점,T4 구어·문장,q_편의점_06,편의점 갈 데,생활·마트 중 '편의점'을 판매·제공하는 매장,88431df8-90b4-4fb1-9d80-7b0ce9a4610d,현대25시 편의점,편의점 복권,봉일천전통시장,전통시장,경기도,3.0,3.0,,,RESOLVED_AGREEMENT,False,3,,,,
a82fa67352cc3b79b525,val,편의점,T4 구어·문장,q_편의점_06,편의점 갈 데,생활·마트 중 '편의점'을 판매·제공하는 매장,001bacc9-5a95-4049-babd-6691512d8da0,백두사,잡화,장량성도시장,전통시장,경상북도,1.0,0.0,,,P2_GRADED_ONLY,True,,,,,
982e5fa9f0472f7e028b,val,편의점,T4 구어·문장,q_편의점_06,편의점 갈 데,생활·마트 중 '편의점'을 판매·제공하는 매장,482cbb20-74a8-4251-ac9a-b0efcc6d72b5,모아편의점,편의점,풍암금당상인회 골목형상점가,골목형상점가,광주광역시,3.0,3.0,,,RESOLVED_AGREEMENT,False,3,,,,
11dadd0c0e03a8e97f38,val,편의점,T4 구어·문장,q_편의점_06,편의점 갈 데,생활·마트 중 '편의점'을 판매·제공하는 매장,cff06b48-54d4-4423-b9a3-5c6ba4657d39,GS25,편의점,아진상가,골목형상점가,울산광역시,3.0,3.0,,,RESOLVED_AGREEMENT,False,3,,,,
b1b5efcf0a361b82e673,val,편의점,T4 구어·문장,q_편의점_06,편의점 갈 데,생활·마트 중 '편의점'을 판매·제공하는 매장,2644e238-a7c8-41b1-8c79-cb2f76d08a15,동일마트,편의점,김해 삼방전통시장,전통시장,경상남도,3.0,3.0,,,RESOLVED_AGREEMENT,False,3,,,,
d1064fd3ef57106d9b51,val,편의점,T4 구어·문장,q_편의점_06,편의점 갈 데,생활·마트 중 '편의점'을 판매·제공하는 매장,e47288cc-6ac7-4b2d-9a64-4e66b39990ab,CU주엽효원점,편의점,주엽역 골목형상점가,골목형상점가,경기도,3.0,3.0,,,RESOLVED_AGREEMENT,False,3,,,,
0f8cd5542087370d8d12,val,편의점,T4 구어·문장,q_편의점_06,편의점 갈 데,생활·마트 중 '편의점'을 판매·제공하는 매장,01f1a79d-0dbc-4b3d-826a-88a921cfb804,주식회사 혜솔,편의점,반송큰시장,전통시장,부산광역시,3.0,3.0,,,RESOLVED_AGREEMENT,False,3,,,,
4ee2197b3cc384e2d12b,val,편의점,T4 구어·문장,q_편의점_06,편의점 갈 데,생활·마트 중 '편의점'을 판매·제공하는 매장,ab940518-86dd-4359-af59-aa51f85e8597,CU괘법중앙점,편의점,사상시장,전통시장,부산광역시,3.0,3.0,,,RESOLVED_AGREEMENT,False,3,,,,
f34f6134e0f344bf0369,val,편의점,T4 구어·문장,q_편의점_06,편의점 갈 데,생활·마트 중 '편의점'을 판매·제공하는 매장,ea47d538-c0a1-4e28-853d-781913295f37,씨유관악당곡점,편의점,보라빛거리골목형상점가,골목형상점가,서울특별시,3.0,3.0,,,RESOLVED_AGREEMENT,False,3,,,,
cd3ba3f9508d3347a48b,val,편의점,T4 구어·문장,q_편의점_06,편의점 갈 데,생활·마트 중 '편의점'을 판매·제공하는 매장,a5b5b0ca-3283-49ba-85a6-3b84ca19c37e,인성무역,편의점,포천리빙가구상점가,자율상권구역,경기도,3.0,3.0,,,RESOLVED_AGREEMENT,False,3,,,,
a5e2abdf301fc3548df5,val,편의점,T4 구어·문장,q_편의점_06,편의점 갈 데,생활·마트 중 '편의점'을 판매·제공하는 매장,816a667e-53ed-4753-8fd5-1b908d6bc75d,해빛편의점,편의점 기타 잡화,전평제상인회 골목형상점가,골목형상점가,광주광역시,3.0,3.0,,,RESOLVED_AGREEMENT,False,3,,,,
9c9dca62e84b76e0599a,val,편의점,T4 구어·문장,q_편의점_06,편의점 갈 데,생활·마트 중 '편의점'을 판매·제공하는 매장,01d01063-d46f-4d55-991f-bd03c55392f8,씨유 사상중흥센터,편의점,중흥 골목형상점가,골목형상점가,부산광역시,3.0,3.0,,,RESOLVED_AGREEMENT,False,3,,,,
a32da15fb751165e1227,val,편의점,T4 구어·문장,q_편의점_06,편의점 갈 데,생활·마트 중 '편의점'을 판매·제공하는 매장,5589af27-8a43-41e8-977c-35759e02fc6a,미래편의점,편의점,운남골목 골목형상점가,골목형상점가,광주광역시,3.0,3.0,,,RESOLVED_AGREEMENT,False,3,,,,
3a7c8f7269d714343d77,val,편의점,T4 구어·문장,q_편의점_06,편의점 갈 데,생활·마트 중 '편의점'을 판매·제공하는 매장,babdb769-d75b-4fa3-bf1c-51280c766735,편의점사랑,편의점,의왕역 골목형상점가,골목형상점가,경기도,3.0,3.0,,,RESOLVED_AGREEMENT,False,3,,,,
0947c3fb223addc7dd99,val,편의점,T4 구어·문장,q_편의점_06,편의점 갈 데,생활·마트 중 '편의점'을 판매·제공하는 매장,06087bd5-698a-4a4b-9812-dc2f59d3cee6,알리바이24시편의점,편의점,굴비골영광시장(구 영광매일시장),전통시장,전라남도,3.0,3.0,,,RESOLVED_AGREEMENT,False,3,,,,
873bd27ad85246258508,val,편의점,T4 구어·문장,q_편의점_06,편의점 갈 데,생활·마트 중 '편의점'을 판매·제공하는 매장,e9be0125-34d5-4d46-b515-4b6af7473cfc,상지헤어샵,헤어 서비스,은구비서로사회적협동조합 골목형상점가,골목형상점가,대전광역시,0.0,0.0,,,RESOLVED_AGREEMENT,False,0,,,,
07f8e017a6058f8ec69e,val,편의점,T4 구어·문장,q_편의점_06,편의점 갈 데,생활·마트 중 '편의점'을 판매·제공하는 매장,ea8a403a-5b41-4492-8a4b-c79797e78966,씨유정읍인네점,편의점,정읍중앙로상점가,자율상권구역,전북특별자치도,3.0,3.0,,,RESOLVED_AGREEMENT,False,3,,,,
62e7a536ea328825d08b,val,편의점,T4 구어·문장,q_편의점_06,편의점 갈 데,생활·마트 중 '편의점'을 판매·제공하는 매장,f8ca399a-6a3c-428a-9f5e-0e32b4bd2844,성원편의점,편의점,창원 성원3차종합상가,전통시장,경상남도,3.0,3.0,,,RESOLVED_AGREEMENT,False,3,,,,
b5c9b1e9a6c23b75d7be,val,편의점,T4 구어·문장,q_편의점_06,편의점 갈 데,생활·마트 중 '편의점'을 판매·제공하는 매장,0054b824-eb72-4efa-a1ba-40d467c899a5,수정상회,잡화,중앙전통시장,전통시장,울산광역시,1.0,0.0,,,P2_GRADED_ONLY,True,,,,,
0138ff15f362e87f86a9,val,편의점,T4 구어·문장,q_편의점_06,편의점 갈 데,생활·마트 중 '편의점'을 판매·제공하는 매장,15d044c5-0f5c-4410-b98b-bff87e4f08df,우리편의점,편의점,산본로데오거리(구 산본중심상가),자율상권구역,경기도,3.0,3.0,,,RESOLVED_AGREEMENT,False,3,,,,
293c929b0e234eeee1ad,val,편의점,T4 구어·문장,q_편의점_06,편의점 갈 데,생활·마트 중 '편의점'을 판매·제공하는 매장,27427669-324a-4fc4-94c7-d7b68ff134b2,알리바이,편의점,두암1동군왕로 골목형상점가,골목형상점가,광주광역시,3.0,3.0,,,RESOLVED_AGREEMENT,False,3,,,,
26b37ae70baefba07273,val,편의점,T4 구어·문장,q_편의점_06,편의점 갈 데,생활·마트 중 '편의점'을 판매·제공하는 매장,52879bba-f146-4ec0-be23-e89e2968921a,감나무골편의점,편의점,서신동 골목형상점가,골목형상점가,전북특별자치도,3.0,3.0,,,RESOLVED_AGREEMENT,False,3,,,,
292a0b41f4a4e40fcecb,val,편의점,T4 구어·문장,q_편의점_06,편의점 갈 데,생활·마트 중 '편의점'을 판매·제공하는 매장,67966843-0bae-413f-ab3f-1534fee18c25,간식창고,편의점,빛가람 중흥 골목형상점가,골목형상점가,전라남도,3.0,3.0,,,RESOLVED_AGREEMENT,False,3,,,,
de57e9bbcfe47b851aa1,val,편의점,T4 구어·문장,q_편의점_06,편의점 갈 데,생활·마트 중 '편의점'을 판매·제공하는 매장,003d5df8-0856-45e0-a11e-5098cf70541e,앨리스리본&공방,"공방, 잡화",봉화내성시장,전통시장,경상북도,1.0,0.0,,,P2_GRADED_ONLY,True,,,,,
014ed83149b591090791,val,편의점,T4 구어·문장,q_편의점_06,편의점 갈 데,생활·마트 중 '편의점'을 판매·제공하는 매장,dff0c0d4-843d-404b-a3f1-4e7eebdac79d,씨유조종승리점,편의점,조종시장,전통시장,경기도,3.0,3.0,,,RESOLVED_AGREEMENT,False,3,,,,
c7342b6049f267448ec7,val,편의점,T4 구어·문장,q_편의점_06,편의점 갈 데,생활·마트 중 '편의점'을 판매·제공하는 매장,003683a7-fde1-46b0-8421-08210268e2b0,이마트24 광주일곡엘리체점,,삼각동 골목형상점가,골목형상점가,,3.0,3.0,,,RESOLVED_AGREEMENT,False,3,,,,
3ba525822f36d0592199,val,편의점,T4 구어·문장,q_편의점_06,편의점 갈 데,생활·마트 중 '편의점'을 판매·제공하는 매장,3649476e-6cb0-48ae-8bed-26ee4fcb9512,씨유정읍역점,편의점,정읍연지상점가,자율상권구역,전북특별자치도,3.0,3.0,,,RESOLVED_AGREEMENT,False,3,,,,
2e821fcd693f86b88cf9,val,편의점,T4 구어·문장,q_편의점_06,편의점 갈 데,생활·마트 중 '편의점'을 판매·제공하는 매장,b87a6d90-69d6-4ad7-b646-e863486748ac,씨유성주찬현점,편의점,성주시장,전통시장,경상북도,3.0,3.0,,,RESOLVED_AGREEMENT,False,3,,,,
b67063766d8fdf08d9f4,val,편의점,T4 구어·문장,q_편의점_06,편의점 갈 데,생활·마트 중 '편의점'을 판매·제공하는 매장,dc236aa0-df7a-4ea4-a73d-afe846bdadc1,Gs편의점농성대남점,편의점,상공회의소누리상인회 골목형상점가,골목형상점가,광주광역시,3.0,3.0,,,RESOLVED_AGREEMENT,False,3,,,,
5798ee62e990795a9771,val,편의점,T4 구어·문장,q_편의점_06,편의점 갈 데,생활·마트 중 '편의점'을 판매·제공하는 매장,3bde790e-d4d7-4f61-8d83-2898f1acb39a,씨유편의점,편의점,쌍용먹자패션거리 골목형상점가,골목형상점가,충청남도,3.0,3.0,,,RESOLVED_AGREEMENT,False,3,,,,
b0e21953929f12b201e6,val,편의점,T4 구어·문장,q_편의점_06,편의점 갈 데,생활·마트 중 '편의점'을 판매·제공하는 매장,023e5716-7bdc-42c7-9c7e-a9a4f0f23a8b,이마트24 광주하남금호점,,한마음,골목형상점가,,3.0,3.0,,,RESOLVED_AGREEMENT,False,3,,,,
e1732cc9b9e74226480d,val,편의점,T4 구어·문장,q_편의점_06,편의점 갈 데,생활·마트 중 '편의점'을 판매·제공하는 매장,003747e4-8102-4296-bfdf-b7ca7c1f83fa,평화잡화,잡화,부산평화시장,전통시장,부산광역시,1.0,0.0,,,P2_GRADED_ONLY,True,,,,,
d6909aad24ed784ebd7f,val,편의점,T4 구어·문장,q_편의점_06,편의점 갈 데,생활·마트 중 '편의점'을 판매·제공하는 매장,001906f9-c5ab-4432-9e3a-be3af3f08aeb,씨유 원주혁신점,편의점,혁신도시5구역골목형상점가,골목형상점가,강원특별자치도,3.0,3.0,,,RESOLVED_AGREEMENT,False,3,,,,
315cd570903469f4c6c0,val,편의점,T4 구어·문장,q_편의점_06,편의점 갈 데,생활·마트 중 '편의점'을 판매·제공하는 매장,e734717c-7370-4950-8142-9fdbcf1efa12,Gs25,편의점,옥천영춘 골목형상점가,골목형상점가,전라남도,3.0,3.0,,,RESOLVED_AGREEMENT,False,3,,,,
f49e374403093718db01,val,편의점,T4 구어·문장,q_편의점_06,편의점 갈 데,생활·마트 중 '편의점'을 판매·제공하는 매장,9d426f0c-83b8-431e-8a05-a42cd1a8df2f,수진상회,잡화,동래시장,전통시장,부산광역시,1.0,0.0,,,P2_GRADED_ONLY,True,,,,,
86b40cfa116977ffb1a4,val,편의점,T4 구어·문장,q_편의점_06,편의점 갈 데,생활·마트 중 '편의점'을 판매·제공하는 매장,94ed11b4-4849-453d-9204-5d1f82d91a1b,CU용봉용주점,편의점,용봉우치로 골목형상점가,골목형상점가,광주광역시,3.0,3.0,,,RESOLVED_AGREEMENT,False,3,,,,
e426d9f4bf5dcc7c426b,val,편의점,T4 구어·문장,q_편의점_06,편의점 갈 데,생활·마트 중 '편의점'을 판매·제공하는 매장,01790f65-6bd3-405b-9ef4-493889531486,세븐일레븐자양으뜸2호점,편의점,자양로13길골목형상점가,골목형상점가,서울특별시,3.0,3.0,,,RESOLVED_AGREEMENT,False,3,,,,
64d19a85173426d34e25,val,편의점,T4 구어·문장,q_편의점_06,편의점 갈 데,생활·마트 중 '편의점'을 판매·제공하는 매장,5980a84e-59b7-49c5-8cea-127b6cfd17da,봉산순대국밥,순대국밥,송강전통시장,전통시장,대전광역시,0.0,0.0,,,RESOLVED_AGREEMENT,False,0,,,,
fec4843996f50f5a8626,val,편의점,T4 구어·문장,q_편의점_06,편의점 갈 데,생활·마트 중 '편의점'을 판매·제공하는 매장,855a5533-04b5-4663-9e12-e86af7935ab3,우정축산식육점,식육,강릉성남시장,전통시장,강원특별자치도,0.0,0.0,,,RESOLVED_AGREEMENT,False,0,,,,
bce8090e2d1a51a500c1,val,편의점,T4 구어·문장,q_편의점_06,편의점 갈 데,생활·마트 중 '편의점'을 판매·제공하는 매장,0127440f-2d8b-45f0-b518-a19665d3d5a8,나들가게서교하이퍼,소매(슈퍼),서교시장,전통시장,서울특별시,3.0,2.0,,,P2_GRADED_ONLY,True,,,,,
130e28736adc4d69491f,val,편의점,T4 구어·문장,q_편의점_06,편의점 갈 데,생활·마트 중 '편의점'을 판매·제공하는 매장,ec011a7f-6dba-4811-aa9a-b80c415e4c59,CU점촌역,편의점,점촌역전상점가,자율상권구역,경상북도,3.0,3.0,,,RESOLVED_AGREEMENT,False,3,,,,
926afbf895198a57b91b,val,편의점,T4 구어·문장,q_편의점_06,편의점 갈 데,생활·마트 중 '편의점'을 판매·제공하는 매장,709b211e-22e5-404f-bea5-3c1f130543d4,민'S NAIL,네일,메트로센터(반월당지하쇼핑),일반지하상점가,대구광역시,0.0,0.0,,,RESOLVED_AGREEMENT,False,0,,,,
d3302325133f53bd10dd,val,편의점,T4 구어·문장,q_편의점_06,편의점 갈 데,생활·마트 중 '편의점'을 판매·제공하는 매장,384de038-e0eb-4dff-97fa-ad13ac3730e9,관방천편의점,편의점,국수거리 골목형상점가,골목형상점가,전라남도,3.0,3.0,,,RESOLVED_AGREEMENT,False,3,,,,
ecd0fa68dbc1eff8c3f3,val,편의점,T4 구어·문장,q_편의점_06,편의점 갈 데,생활·마트 중 '편의점'을 판매·제공하는 매장,6d878f60-f945-4d67-8d88-d983e049da80,삼미회식당,식당,죽도어시장,전통시장,경상북도,0.0,0.0,,,RESOLVED_AGREEMENT,False,0,,,,
f408bc8f4e1d574b3bbd,val,편의점,T4 구어·문장,q_편의점_06,편의점 갈 데,생활·마트 중 '편의점'을 판매·제공하는 매장,9170eab0-b8ac-4d06-a60b-0966b7ae7734,씨유화순중앙점,편의점,화순중앙로골목형상점가,골목형상점가,전라남도,3.0,3.0,,,RESOLVED_AGREEMENT,False,3,,,,
99d311ac2daede62cc86,val,편의점,T4 구어·문장,q_편의점_07,편의점 찾는 곳,생활·마트 중 '편의점'을 판매·제공하는 매장,003683a7-fde1-46b0-8421-08210268e2b0,이마트24 광주일곡엘리체점,,삼각동 골목형상점가,골목형상점가,,3.0,3.0,,,RESOLVED_AGREEMENT,False,3,,,,
01198d79c42f2f2ae9d8,val,편의점,T4 구어·문장,q_편의점_07,편의점 찾는 곳,생활·마트 중 '편의점'을 판매·제공하는 매장,01ca51d4-ae25-4b4f-86b6-d8461d581a02,영광슈퍼,소매업(슈퍼),신원시장,전통시장,서울특별시,3.0,2.0,,,P2_GRADED_ONLY,True,,,,,
5d3c4aa3c5c397426db9,val,편의점,T4 구어·문장,q_편의점_07,편의점 찾는 곳,생활·마트 중 '편의점'을 판매·제공하는 매장,27427669-324a-4fc4-94c7-d7b68ff134b2,알리바이,편의점,두암1동군왕로 골목형상점가,골목형상점가,광주광역시,3.0,3.0,,,RESOLVED_AGREEMENT,False,3,,,,
8e28b26907f40ef0e672,val,편의점,T4 구어·문장,q_편의점_07,편의점 찾는 곳,생활·마트 중 '편의점'을 판매·제공하는 매장,0015ea0b-d565-4d75-bbfb-1198daeb0b0c,나이스마트청라자이점,,청라언덕 골목형상점가,골목형상점가,대구광역시,3.0,2.0,,,P2_GRADED_ONLY,True,,,,,
23b76f31e23debc0718b,val,편의점,T4 구어·문장,q_편의점_07,편의점 찾는 곳,생활·마트 중 '편의점'을 판매·제공하는 매장,0054b824-eb72-4efa-a1ba-40d467c899a5,수정상회,잡화,중앙전통시장,전통시장,울산광역시,1.0,0.0,,,P2_GRADED_ONLY,True,,,,,
d947ec296f8625655ab2,val,편의점,T4 구어·문장,q_편의점_07,편의점 찾는 곳,생활·마트 중 '편의점'을 판매·제공하는 매장,639ee606-9e21-4941-ae65-030f5d08fbcc,광주식품잡화종합상사,식품잡화,양동닭전길시장,전통시장,광주광역시,1.0,0.0,,,P2_GRADED_ONLY,True,,,,,
364b2653df0c75afe12d,val,편의점,T4 구어·문장,q_편의점_07,편의점 찾는 곳,생활·마트 중 '편의점'을 판매·제공하는 매장,f49a524f-1de6-4c8d-bdfa-694328f5409c,축협알뜰편의점,편의점,새영주시장,전통시장,부산광역시,3.0,3.0,,,RESOLVED_AGREEMENT,False,3,,,,
6be9d1fa1c6c77019ded,val,편의점,T4 구어·문장,q_편의점_07,편의점 찾는 곳,생활·마트 중 '편의점'을 판매·제공하는 매장,001906f9-c5ab-4432-9e3a-be3af3f08aeb,씨유 원주혁신점,편의점,혁신도시5구역골목형상점가,골목형상점가,강원특별자치도,3.0,3.0,,,RESOLVED_AGREEMENT,False,3,,,,
eb0ea923d19680a09853,val,편의점,T4 구어·문장,q_편의점_07,편의점 찾는 곳,생활·마트 중 '편의점'을 판매·제공하는 매장,0184ed05-765c-4947-bbf8-dff527177252,안경을 찾는 사람들,안경,발안만세시장(구 발안시장),전통시장,경기도,0.0,0.0,,,RESOLVED_AGREEMENT,False,0,,,,
1440db7f884390852109,val,편의점,T4 구어·문장,q_편의점_07,편의점 찾는 곳,생활·마트 중 '편의점'을 판매·제공하는 매장,7234c934-81df-4950-b694-f81a5a59f7aa,대박마트,편의점,호매실역중심상가 골목형상점가,골목형상점가,경기도,3.0,3.0,,,RESOLVED_AGREEMENT,False,3,,,,
fa66d39706f9dd621efe,val,편의점,T4 구어·문장,q_편의점_07,편의점 찾는 곳,생활·마트 중 '편의점'을 판매·제공하는 매장,482cbb20-74a8-4251-ac9a-b0efcc6d72b5,모아편의점,편의점,풍암금당상인회 골목형상점가,골목형상점가,광주광역시,3.0,3.0,,,RESOLVED_AGREEMENT,False,3,,,,
b352f0a0cf89204bfe76,val,편의점,T4 구어·문장,q_편의점_07,편의점 찾는 곳,생활·마트 중 '편의점'을 판매·제공하는 매장,1478891f-d573-4143-aea1-d2639d237327,보령한우소머리국밥,한식,평촌역 상점가,자율상권구역,경기도,0.0,0.0,,,RESOLVED_AGREEMENT,False,0,,,,
ce9edf6498c3c667c1da,val,편의점,T4 구어·문장,q_편의점_07,편의점 찾는 곳,생활·마트 중 '편의점'을 판매·제공하는 매장,003d5df8-0856-45e0-a11e-5098cf70541e,앨리스리본&공방,"공방, 잡화",봉화내성시장,전통시장,경상북도,1.0,0.0,,,P2_GRADED_ONLY,True,,,,,
9754369e7862cd0b6849,val,편의점,T4 구어·문장,q_편의점_07,편의점 찾는 곳,생활·마트 중 '편의점'을 판매·제공하는 매장,02656399-5272-4d95-93ce-aa699e13cfdb,우리홈마트,,중화산로 골목형상점가,골목형상점가,전북특별자치도,3.0,2.0,,,P2_GRADED_ONLY,True,,,,,
ad8988f89111945a0e72,val,편의점,T4 구어·문장,q_편의점_07,편의점 찾는 곳,생활·마트 중 '편의점'을 판매·제공하는 매장,a9895d16-2a13-44a4-908b-9a8c2936840a,씨유서부율전점,편의점,명덕마을 골목형상점가,골목형상점가,울산광역시,3.0,3.0,,,RESOLVED_AGREEMENT,False,3,,,,
b0250e34945974da6c2a,val,편의점,T4 구어·문장,q_편의점_07,편의점 찾는 곳,생활·마트 중 '편의점'을 판매·제공하는 매장,ee99d7d7-f4eb-46b0-8771-6334dbabb8d8,산을 찾는 사람들,임산물,원고개시장,전통시장,대구광역시,0.0,0.0,,,RESOLVED_AGREEMENT,False,0,,,,
16b328fc9e6a1775e250,val,편의점,T4 구어·문장,q_편의점_07,편의점 찾는 곳,생활·마트 중 '편의점'을 판매·제공하는 매장,a5b5b0ca-3283-49ba-85a6-3b84ca19c37e,인성무역,편의점,포천리빙가구상점가,자율상권구역,경기도,3.0,3.0,,,RESOLVED_AGREEMENT,False,3,,,,
caffba70a813f52cc5e7,val,편의점,T4 구어·문장,q_편의점_07,편의점 찾는 곳,생활·마트 중 '편의점'을 판매·제공하는 매장,01f1a79d-0dbc-4b3d-826a-88a921cfb804,주식회사 혜솔,편의점,반송큰시장,전통시장,부산광역시,3.0,3.0,,,RESOLVED_AGREEMENT,False,3,,,,
511134fb2cea84a6c9c9,val,편의점,T4 구어·문장,q_편의점_07,편의점 찾는 곳,생활·마트 중 '편의점'을 판매·제공하는 매장,e8e9c9ac-afdd-4b70-8bf7-78ec9775281c,프랜드편의점,편의점,발안만세시장(구 발안시장),전통시장,경기도,3.0,3.0,,,RESOLVED_AGREEMENT,False,3,,,,
2d7fcf77557051d82488,val,편의점,T4 구어·문장,q_편의점_07,편의점 찾는 곳,생활·마트 중 '편의점'을 판매·제공하는 매장,67e246e9-09f0-4556-aa8c-cfc097e5a380,세븐일레븐편의점,편의점,88글러브 골목형상점가,골목형상점가,대전광역시,3.0,3.0,,,RESOLVED_AGREEMENT,False,3,,,,
fb57e1ec5efbd1c89e68,val,편의점,T4 구어·문장,q_편의점_07,편의점 찾는 곳,생활·마트 중 '편의점'을 판매·제공하는 매장,01b2c972-f367-47e6-b3d2-11585175a7c1,명동슈퍼,슈퍼,신대방1동온누리길골목형상점가,골목형상점가,서울특별시,3.0,2.0,,,P2_GRADED_ONLY,True,,,,,
53f8da6fa4e2d2b5a24a,val,편의점,T4 구어·문장,q_편의점_07,편의점 찾는 곳,생활·마트 중 '편의점'을 판매·제공하는 매장,0988667a-cf9e-456b-8122-1d8b35160864,CU해남땅끝점,편의점,땅끝마을 상점가,골목형상점가,전라남도,3.0,3.0,,,RESOLVED_AGREEMENT,False,3,,,,
b2996b7f409f2faaae1c,val,편의점,T4 구어·문장,q_편의점_07,편의점 찾는 곳,생활·마트 중 '편의점'을 판매·제공하는 매장,017a2c54-999b-4850-993e-cac5169d3aec,지에스25 원주황금점,편의점,혁신도시1구역골목형상점가,골목형상점가,강원특별자치도,3.0,3.0,,,RESOLVED_AGREEMENT,False,3,,,,
8312607f1b7ccc91b7ac,val,편의점,T4 구어·문장,q_편의점_07,편의점 찾는 곳,생활·마트 중 '편의점'을 판매·제공하는 매장,67966843-0bae-413f-ab3f-1534fee18c25,간식창고,편의점,빛가람 중흥 골목형상점가,골목형상점가,전라남도,3.0,3.0,,,RESOLVED_AGREEMENT,False,3,,,,
f553b06369c69b2f189b,val,편의점,T4 구어·문장,q_편의점_07,편의점 찾는 곳,생활·마트 중 '편의점'을 판매·제공하는 매장,fee76baf-6062-4740-a214-fbae8ab4ec9c,GS25,편의점,신창진흥 골목형상점가,골목형상점가,광주광역시,3.0,3.0,,,RESOLVED_AGREEMENT,False,3,,,,
9d8f5b74587e09fb45ff,val,편의점,T4 구어·문장,q_편의점_07,편의점 찾는 곳,생활·마트 중 '편의점'을 판매·제공하는 매장,75185668-0bba-4930-8210-d43b6d469416,씨유석계본점,편의점,석계음식문화거리골목형상점가,골목형상점가,서울특별시,3.0,3.0,,,RESOLVED_AGREEMENT,False,3,,,,
e4652eca1e073ea55fb0,val,편의점,T4 구어·문장,q_편의점_07,편의점 찾는 곳,생활·마트 중 '편의점'을 판매·제공하는 매장,ea47d538-c0a1-4e28-853d-781913295f37,씨유관악당곡점,편의점,보라빛거리골목형상점가,골목형상점가,서울특별시,3.0,3.0,,,RESOLVED_AGREEMENT,False,3,,,,
6ea729e7dad30b23eff8,val,편의점,T4 구어·문장,q_편의점_07,편의점 찾는 곳,생활·마트 중 '편의점'을 판매·제공하는 매장,ea8a403a-5b41-4492-8a4b-c79797e78966,씨유정읍인네점,편의점,정읍중앙로상점가,자율상권구역,전북특별자치도,3.0,3.0,,,RESOLVED_AGREEMENT,False,3,,,,
9c445e03c83b98e6553b,val,편의점,T4 구어·문장,q_편의점_07,편의점 찾는 곳,생활·마트 중 '편의점'을 판매·제공하는 매장,76a3551b-dae4-4326-92cc-662015aedbfb,쉴 곳,한식,칠성로상점가,자율상권구역,제주특별자치도,0.0,0.0,,,RESOLVED_AGREEMENT,False,0,,,,
8a6944808e11bca4518d,val,편의점,T4 구어·문장,q_편의점_07,편의점 찾는 곳,생활·마트 중 '편의점'을 판매·제공하는 매장,e47288cc-6ac7-4b2d-9a64-4e66b39990ab,CU주엽효원점,편의점,주엽역 골목형상점가,골목형상점가,경기도,3.0,3.0,,,RESOLVED_AGREEMENT,False,3,,,,
533cd6ad21d425159052,val,편의점,T4 구어·문장,q_편의점_07,편의점 찾는 곳,생활·마트 중 '편의점'을 판매·제공하는 매장,bac6cf87-6a05-44b0-a03c-147f15d1602c,편의점,식품 잡화,운수대통 골목형상점가,골목형상점가,광주광역시,2.0,3.0,,,P2_GRADED_ONLY,True,,,,,
af4a1e0eae8ca2996251,val,편의점,T4 구어·문장,q_편의점_07,편의점 찾는 곳,생활·마트 중 '편의점'을 판매·제공하는 매장,dff0c0d4-843d-404b-a3f1-4e7eebdac79d,씨유조종승리점,편의점,조종시장,전통시장,경기도,3.0,3.0,,,RESOLVED_AGREEMENT,False,3,,,,
8815ea7347a544c5ca4b,val,편의점,T4 구어·문장,q_편의점_07,편의점 찾는 곳,생활·마트 중 '편의점'을 판매·제공하는 매장,01a0efe3-6970-4157-9177-c25358a4f8a6,유한회사 도민유통(와이마트),슈퍼마켓,용봉지구 골목형상점가,골목형상점가,광주광역시,3.0,2.0,,,P2_GRADED_ONLY,True,,,,,
24a8321305c463fd9c14,val,편의점,T4 구어·문장,q_편의점_07,편의점 찾는 곳,생활·마트 중 '편의점'을 판매·제공하는 매장,e90fa987-02cd-403e-baa7-989de65b2038,씨유일곡송해로점,편의점,일곡동 골목형상점가,골목형상점가,광주광역시,3.0,3.0,,,RESOLVED_AGREEMENT,False,3,,,,
efc6e1b0d8a42988d02a,val,편의점,T4 구어·문장,q_편의점_07,편의점 찾는 곳,생활·마트 중 '편의점'을 판매·제공하는 매장,4e97a3d4-d769-45a9-8ed4-651e115810b4,알리바이24시편의점,편의점,늘솔길상인회 골목형상점가,골목형상점가,광주광역시,3.0,3.0,,,RESOLVED_AGREEMENT,False,3,,,,
d2cc13ae53777ed6893a,val,편의점,T4 구어·문장,q_편의점_07,편의점 찾는 곳,생활·마트 중 '편의점'을 판매·제공하는 매장,b4079629-0d06-42f4-8638-8c8e6606d7e1,봉마켓,의류 및 악세사리,초량전통시장,전통시장,부산광역시,0.0,0.0,,,RESOLVED_AGREEMENT,False,0,,,,
39fc9895cf39a6d95ad1,val,편의점,T4 구어·문장,q_편의점_07,편의점 찾는 곳,생활·마트 중 '편의점'을 판매·제공하는 매장,c111ac9d-3f3a-405c-a8db-4d127ccda9e2,행복이 있는 곳,잡화,제주로얄쇼핑센터,자율상권구역,제주특별자치도,1.0,0.0,,,P2_GRADED_ONLY,True,,,,,
9e157382c6151e66b08d,val,편의점,T4 구어·문장,q_편의점_07,편의점 찾는 곳,생활·마트 중 '편의점'을 판매·제공하는 매장,3bde790e-d4d7-4f61-8d83-2898f1acb39a,씨유편의점,편의점,쌍용먹자패션거리 골목형상점가,골목형상점가,충청남도,3.0,3.0,,,RESOLVED_AGREEMENT,False,3,,,,
70afa1ea36aa55651e98,val,편의점,T4 구어·문장,q_편의점_07,편의점 찾는 곳,생활·마트 중 '편의점'을 판매·제공하는 매장,15d044c5-0f5c-4410-b98b-bff87e4f08df,우리편의점,편의점,산본로데오거리(구 산본중심상가),자율상권구역,경기도,3.0,3.0,,,RESOLVED_AGREEMENT,False,3,,,,
5cb7c8f8c71155af6ee9,val,편의점,T4 구어·문장,q_편의점_07,편의점 찾는 곳,생활·마트 중 '편의점'을 판매·제공하는 매장,006f9082-b590-49e3-baf4-f72dc203a510,CU풍암주은모아점,편의점,풍암당산상인회 골목형상점가,골목형상점가,광주광역시,3.0,3.0,,,RESOLVED_AGREEMENT,False,3,,,,
1dd3631fac2f510b3eb0,val,편의점,T4 구어·문장,q_편의점_07,편의점 찾는 곳,생활·마트 중 '편의점'을 판매·제공하는 매장,01790f65-6bd3-405b-9ef4-493889531486,세븐일레븐자양으뜸2호점,편의점,자양로13길골목형상점가,골목형상점가,서울특별시,3.0,3.0,,,RESOLVED_AGREEMENT,False,3,,,,
7cd533bdb0cae82a3a10,val,편의점,T4 구어·문장,q_편의점_07,편의점 찾는 곳,생활·마트 중 '편의점'을 판매·제공하는 매장,3649476e-6cb0-48ae-8bed-26ee4fcb9512,씨유정읍역점,편의점,정읍연지상점가,자율상권구역,전북특별자치도,3.0,3.0,,,RESOLVED_AGREEMENT,False,3,,,,
66c1b993d2af8448b851,val,편의점,T4 구어·문장,q_편의점_07,편의점 찾는 곳,생활·마트 중 '편의점'을 판매·제공하는 매장,9331b39b-d923-4ec3-9203-fffe2e3df532,나우리편의점,편의점,거제 고현자율상권,,경상남도,3.0,3.0,,,RESOLVED_AGREEMENT,False,3,,,,
2674672f3d57aa515649,val,편의점,T4 구어·문장,q_편의점_07,편의점 찾는 곳,생활·마트 중 '편의점'을 판매·제공하는 매장,52879bba-f146-4ec0-be23-e89e2968921a,감나무골편의점,편의점,서신동 골목형상점가,골목형상점가,전북특별자치도,3.0,3.0,,,RESOLVED_AGREEMENT,False,3,,,,
69bacbb260fd7729a449,val,편의점,T4 구어·문장,q_편의점_07,편의점 찾는 곳,생활·마트 중 '편의점'을 판매·제공하는 매장,37033488-7a37-4985-9a3c-180b45f7799b,도로마트,편의점,성안길상점가,자율상권구역,충청북도,3.0,3.0,,,RESOLVED_AGREEMENT,False,3,,,,
f61b168688a98489a6c1,val,편의점,T4 구어·문장,q_편의점_07,편의점 찾는 곳,생활·마트 중 '편의점'을 판매·제공하는 매장,247192b1-0b98-4059-8848-948104589daa,씨유영신점,편의점,영신상가,전통시장,서울특별시,3.0,3.0,,,RESOLVED_AGREEMENT,False,3,,,,
83285911cc14c3a2932e,val,편의점,T4 구어·문장,q_편의점_07,편의점 찾는 곳,생활·마트 중 '편의점'을 판매·제공하는 매장,816a667e-53ed-4753-8fd5-1b908d6bc75d,해빛편의점,편의점 기타 잡화,전평제상인회 골목형상점가,골목형상점가,광주광역시,3.0,3.0,,,RESOLVED_AGREEMENT,False,3,,,,
d3a2b134e870a38c9b97,val,편의점,T4 구어·문장,q_편의점_07,편의점 찾는 곳,생활·마트 중 '편의점'을 판매·제공하는 매장,b74a227d-2b46-4067-a5ce-df1cffef0965,동네편의점,연쇄점 편의점 담배,서가재미 골목형상점가,골목형상점가,전북특별자치도,3.0,3.0,,,RESOLVED_AGREEMENT,False,3,,,,
6f03439a74e602fa4a53,val,편의점,T4 구어·문장,q_편의점_07,편의점 찾는 곳,생활·마트 중 '편의점'을 판매·제공하는 매장,babdb769-d75b-4fa3-bf1c-51280c766735,편의점사랑,편의점,의왕역 골목형상점가,골목형상점가,경기도,3.0,3.0,,,RESOLVED_AGREEMENT,False,3,,,,
44bd64e40995bc80a66e,val,편의점,T4 구어·문장,q_편의점_07,편의점 찾는 곳,생활·마트 중 '편의점'을 판매·제공하는 매장,02ab118f-aa08-483e-b7d3-93768e12c1be,이마트24옥정엠시티점,,파스텔시티2차상점가,골목형상점가,경기도,3.0,3.0,,,RESOLVED_AGREEMENT,False,3,,,,
7333c62248fbf4a660e4,val,편의점,T4 구어·문장,q_편의점_07,편의점 찾는 곳,생활·마트 중 '편의점'을 판매·제공하는 매장,8e70ba4b-c1fc-4fb1-a868-5ecb527e398e,굽네치킨송천에코,치킨,송천동1가 골목형상점가,골목형상점가,전북특별자치도,0.0,0.0,,,RESOLVED_AGREEMENT,False,0,,,,
d73b0a6050f3be96353d,val,편의점,T4 구어·문장,q_편의점_07,편의점 찾는 곳,생활·마트 중 '편의점'을 판매·제공하는 매장,88431df8-90b4-4fb1-9d80-7b0ce9a4610d,현대25시 편의점,편의점 복권,봉일천전통시장,전통시장,경기도,3.0,3.0,,,RESOLVED_AGREEMENT,False,3,,,,
ba5fc0ed91e23a52831d,val,편의점,T4 구어·문장,q_편의점_07,편의점 찾는 곳,생활·마트 중 '편의점'을 판매·제공하는 매장,b4f1bbb1-f87c-4078-bd5d-730c977c20cf,이디야커피숍(전주혁신점),,전주혁신사랑 골목형상점가,골목형상점가,전북특별자치도,0.0,0.0,,,RESOLVED_AGREEMENT,False,0,,,,
7e0c3bcc523b353fe4de,val,편의점,T4 구어·문장,q_편의점_07,편의점 찾는 곳,생활·마트 중 '편의점'을 판매·제공하는 매장,384de038-e0eb-4dff-97fa-ad13ac3730e9,관방천편의점,편의점,국수거리 골목형상점가,골목형상점가,전라남도,3.0,3.0,,,RESOLVED_AGREEMENT,False,3,,,,
2e4c4d27e6bf733ab4bc,val,편의점,T4 구어·문장,q_편의점_07,편의점 찾는 곳,생활·마트 중 '편의점'을 판매·제공하는 매장,94ed11b4-4849-453d-9204-5d1f82d91a1b,CU용봉용주점,편의점,용봉우치로 골목형상점가,골목형상점가,광주광역시,3.0,3.0,,,RESOLVED_AGREEMENT,False,3,,,,
7e2657384882d8e10f5e,val,편의점,T4 구어·문장,q_편의점_07,편의점 찾는 곳,생활·마트 중 '편의점'을 판매·제공하는 매장,481b4d13-7128-4f25-94f8-7bf2f71a4d8e,주야편의점,편의점,부곡시장,전통시장,경상북도,3.0,3.0,,,RESOLVED_AGREEMENT,False,3,,,,
f6abeacbfb3672625fe2,val,편의점,T4 구어·문장,q_편의점_07,편의점 찾는 곳,생활·마트 중 '편의점'을 판매·제공하는 매장,0127440f-2d8b-45f0-b518-a19665d3d5a8,나들가게서교하이퍼,소매(슈퍼),서교시장,전통시장,서울특별시,3.0,2.0,,,P2_GRADED_ONLY,True,,,,,
9bea8cfca3363779787b,val,편의점,T4 구어·문장,q_편의점_07,편의점 찾는 곳,생활·마트 중 '편의점'을 판매·제공하는 매장,2743811c-5e71-4d2b-aa75-1b0147d44f2d,사우 꽃이 피는 곳,꽃,김포 풍년마을 골목형상점가,골목형상점가,경기도,0.0,0.0,,,RESOLVED_AGREEMENT,False,0,,,,
9653e9a3b72213b80f9a,val,편의점,T4 구어·문장,q_편의점_07,편의점 찾는 곳,생활·마트 중 '편의점'을 판매·제공하는 매장,9e5ac9b1-ea36-4a9e-a9e2-e2a69d5690ee,CU,편의점,프로방스 골목형상점가,골목형상점가,전라남도,3.0,3.0,,,RESOLVED_AGREEMENT,False,3,,,,
c3f2e291aa68c4156152,val,편의점,T4 구어·문장,q_편의점_07,편의점 찾는 곳,생활·마트 중 '편의점'을 판매·제공하는 매장,ec011a7f-6dba-4811-aa9a-b80c415e4c59,CU점촌역,편의점,점촌역전상점가,자율상권구역,경상북도,3.0,3.0,,,RESOLVED_AGREEMENT,False,3,,,,
69bd65f0c2a63ba84f81,val,편의점,T4 구어·문장,q_편의점_07,편의점 찾는 곳,생활·마트 중 '편의점'을 판매·제공하는 매장,faa75041-4bdb-4e87-85e3-1db953a5bf21,GS25,편의점,메트로센터(반월당지하쇼핑),일반지하상점가,대구광역시,3.0,3.0,,,RESOLVED_AGREEMENT,False,3,,,,
18f9eec4c4affe1d0def,val,편의점,T4 구어·문장,q_편의점_07,편의점 찾는 곳,생활·마트 중 '편의점'을 판매·제공하는 매장,023e5716-7bdc-42c7-9c7e-a9a4f0f23a8b,이마트24 광주하남금호점,,한마음,골목형상점가,,3.0,3.0,,,RESOLVED_AGREEMENT,False,3,,,,
8373caee69fe59ced646,val,편의점,T4 구어·문장,q_편의점_07,편의점 찾는 곳,생활·마트 중 '편의점'을 판매·제공하는 매장,003747e4-8102-4296-bfdf-b7ca7c1f83fa,평화잡화,잡화,부산평화시장,전통시장,부산광역시,1.0,0.0,,,P2_GRADED_ONLY,True,,,,,
2750479f191a6277ead2,val,편의점,T4 구어·문장,q_편의점_07,편의점 찾는 곳,생활·마트 중 '편의점'을 판매·제공하는 매장,dc236aa0-df7a-4ea4-a73d-afe846bdadc1,Gs편의점농성대남점,편의점,상공회의소누리상인회 골목형상점가,골목형상점가,광주광역시,3.0,3.0,,,RESOLVED_AGREEMENT,False,3,,,,
8f1121a1f0dff52858fa,val,편의점,T4 구어·문장,q_편의점_07,편의점 찾는 곳,생활·마트 중 '편의점'을 판매·제공하는 매장,f1dabe30-0af9-4118-8e95-a1110a68f5c0,씨유두류명동점,편의점,두류젊코상권,상권활성화구역,대구광역시,3.0,3.0,,,RESOLVED_AGREEMENT,False,3,,,,
e520c2f9f54d09b1f88c,val,편의점,T4 구어·문장,q_편의점_07,편의점 찾는 곳,생활·마트 중 '편의점'을 판매·제공하는 매장,301b84b1-87af-4d85-9cd1-4c0f6b4b8f1f,하나편의점,편의점,치평상무역상인회 골목형상점가,골목형상점가,광주광역시,3.0,3.0,,,RESOLVED_AGREEMENT,False,3,,,,
059e195a9c4043cf8cf9,val,편의점,T4 구어·문장,q_편의점_07,편의점 찾는 곳,생활·마트 중 '편의점'을 판매·제공하는 매장,001bacc9-5a95-4049-babd-6691512d8da0,백두사,잡화,장량성도시장,전통시장,경상북도,1.0,0.0,,,P2_GRADED_ONLY,True,,,,,
452e90b9b351ba70b8ba,val,편의점,T4 구어·문장,q_편의점_07,편의점 찾는 곳,생활·마트 중 '편의점'을 판매·제공하는 매장,10da9f11-7b73-4ca4-b725-141d54dbe551,으뜸태권도,태권도 교육,장덕로 골목형상점가,골목형상점가,광주광역시,0.0,0.0,,,RESOLVED_AGREEMENT,False,0,,,,
660965fcf8cc71fffeb2,val,편의점,T4 구어·문장,q_편의점_07,편의점 찾는 곳,생활·마트 중 '편의점'을 판매·제공하는 매장,5b96256c-d213-4d0e-92fe-389dc7cc6681,CU,편의점,하남진곡 골목형상점가,골목형상점가,광주광역시,3.0,3.0,,,RESOLVED_AGREEMENT,False,3,,,,
29f29c7c3cefca49824e,val,편의점,T4 구어·문장,q_편의점_07,편의점 찾는 곳,생활·마트 중 '편의점'을 판매·제공하는 매장,01d01063-d46f-4d55-991f-bd03c55392f8,씨유 사상중흥센터,편의점,중흥 골목형상점가,골목형상점가,부산광역시,3.0,3.0,,,RESOLVED_AGREEMENT,False,3,,,,
3316af402b8aa8e3dd0a,val,편의점,T4 구어·문장,q_편의점_07,편의점 찾는 곳,생활·마트 중 '편의점'을 판매·제공하는 매장,b87a6d90-69d6-4ad7-b646-e863486748ac,씨유성주찬현점,편의점,성주시장,전통시장,경상북도,3.0,3.0,,,RESOLVED_AGREEMENT,False,3,,,,
6af59ab6731322df5134,val,편의점,T4 구어·문장,q_편의점_07,편의점 찾는 곳,생활·마트 중 '편의점'을 판매·제공하는 매장,7903a6ee-8f8b-4834-9d0d-49e364e29427,GS25,편의점,우산동빛고을 골목형상점가,골목형상점가,광주광역시,3.0,3.0,,,RESOLVED_AGREEMENT,False,3,,,,
d2fb60241578a75093ee,val,편의점,T4 구어·문장,q_편의점_07,편의점 찾는 곳,생활·마트 중 '편의점'을 판매·제공하는 매장,06087bd5-698a-4a4b-9812-dc2f59d3cee6,알리바이24시편의점,편의점,굴비골영광시장(구 영광매일시장),전통시장,전라남도,3.0,3.0,,,RESOLVED_AGREEMENT,False,3,,,,
65043c856893fa5105e7,val,편의점,T4 구어·문장,q_편의점_07,편의점 찾는 곳,생활·마트 중 '편의점'을 판매·제공하는 매장,f8ca399a-6a3c-428a-9f5e-0e32b4bd2844,성원편의점,편의점,창원 성원3차종합상가,전통시장,경상남도,3.0,3.0,,,RESOLVED_AGREEMENT,False,3,,,,
f7f066bf64bc084e0fd2,val,편의점,T4 구어·문장,q_편의점_07,편의점 찾는 곳,생활·마트 중 '편의점'을 판매·제공하는 매장,2644e238-a7c8-41b1-8c79-cb2f76d08a15,동일마트,편의점,김해 삼방전통시장,전통시장,경상남도,3.0,3.0,,,RESOLVED_AGREEMENT,False,3,,,,
000776d4897907ffc758,val,편의점,T4 구어·문장,q_편의점_07,편의점 찾는 곳,생활·마트 중 '편의점'을 판매·제공하는 매장,88acd2dc-7a20-4162-804a-15e5555372f0,CU,편의점,프로방스 골목형상점가,골목형상점가,전라남도,3.0,3.0,,,RESOLVED_AGREEMENT,False,3,,,,
b453e5bcfa9a23f67d4b,val,편의점,T4 구어·문장,q_편의점_07,편의점 찾는 곳,생활·마트 중 '편의점'을 판매·제공하는 매장,00242042-f371-486a-a1fc-b85de093edbf,슈올즈 이천점,"신발, 잡화",장터거리시장 골목형상점가,골목형상점가,경기도,1.0,0.0,,,P2_GRADED_ONLY,True,,,,,
c8a690ae84915b81a0ff,val,편의점,T4 구어·문장,q_편의점_07,편의점 찾는 곳,생활·마트 중 '편의점'을 판매·제공하는 매장,44514a0f-3971-4be8-9d1d-37e043b0d361,거부기편의점,편의점,거북시장,전통시장,인천광역시,3.0,3.0,,,RESOLVED_AGREEMENT,False,3,,,,
e81cdb223ded2c1e64c2,val,편의점,T4 구어·문장,q_편의점_07,편의점 찾는 곳,생활·마트 중 '편의점'을 판매·제공하는 매장,ab940518-86dd-4359-af59-aa51f85e8597,CU괘법중앙점,편의점,사상시장,전통시장,부산광역시,3.0,3.0,,,RESOLVED_AGREEMENT,False,3,,,,
2ecdd83c9791063b8560,val,편의점,T4 구어·문장,q_편의점_07,편의점 찾는 곳,생활·마트 중 '편의점'을 판매·제공하는 매장,dc826a91-d9c9-41ab-a8e3-2008ca45032f,보림당약국,의약품,남문로 어울림 골목 골목형상점가,골목형상점가,광주광역시,0.0,0.0,,,RESOLVED_AGREEMENT,False,0,,,,
c07a46f669168cbb6b70,val,편의점,T4 구어·문장,q_편의점_07,편의점 찾는 곳,생활·마트 중 '편의점'을 판매·제공하는 매장,5c075211-d790-485f-8def-67e24a561bbc,마곡편의점,편의점,공산성골목형상점가,골목형상점가,충청남도,3.0,3.0,,,RESOLVED_AGREEMENT,False,3,,,,
3095126729f99774a01a,val,편의점,T4 구어·문장,q_편의점_07,편의점 찾는 곳,생활·마트 중 '편의점'을 판매·제공하는 매장,3c4a2539-7dfa-4768-a3b1-093ff9a0eba7,씨유장대스토리점,편의점,장대동패션상가 골목형상점가,골목형상점가,대전광역시,3.0,3.0,,,RESOLVED_AGREEMENT,False,3,,,,
6fe938cf7330154cb0c5,val,편의점,T4 구어·문장,q_편의점_07,편의점 찾는 곳,생활·마트 중 '편의점'을 판매·제공하는 매장,43f8a456-3012-4f4f-beb0-bc85fc1ec2c4,홈웨이편의점,편의점,함평천지 골목형상점가,골목형상점가,전라남도,3.0,3.0,,,RESOLVED_AGREEMENT,False,3,,,,
0e35c4dc2e2de75682cf,val,편의점,T4 구어·문장,q_편의점_07,편의점 찾는 곳,생활·마트 중 '편의점'을 판매·제공하는 매장,e734717c-7370-4950-8142-9fdbcf1efa12,Gs25,편의점,옥천영춘 골목형상점가,골목형상점가,전라남도,3.0,3.0,,,RESOLVED_AGREEMENT,False,3,,,,
b37e0fdc3a8db98d3830,val,편의점,T4 구어·문장,q_편의점_07,편의점 찾는 곳,생활·마트 중 '편의점'을 판매·제공하는 매장,cff06b48-54d4-4423-b9a3-5c6ba4657d39,GS25,편의점,아진상가,골목형상점가,울산광역시,3.0,3.0,,,RESOLVED_AGREEMENT,False,3,,,,
f1822c243b1578cb9579,val,편의점,T4 구어·문장,q_편의점_07,편의점 찾는 곳,생활·마트 중 '편의점'을 판매·제공하는 매장,01082ac2-3d28-417c-8311-62a9095208e5,신라정선,슈퍼,남부골목시장,전통시장,서울특별시,3.0,2.0,,,P2_GRADED_ONLY,True,,,,,
5ea282a145e7cea3e443,val,편의점,T4 구어·문장,q_편의점_07,편의점 찾는 곳,생활·마트 중 '편의점'을 판매·제공하는 매장,7ef10b79-929d-461a-aa5d-6c1c841a1820,엘비스 갈랑,"소매(신발,의류)",고투몰(강남터미널지하도상점가),일반지하상점가,서울특별시,0.0,0.0,,,RESOLVED_AGREEMENT,False,0,,,,
406a0166101dbb5fe875,val,편의점,T4 구어·문장,q_편의점_07,편의점 찾는 곳,생활·마트 중 '편의점'을 판매·제공하는 매장,5589af27-8a43-41e8-977c-35759e02fc6a,미래편의점,편의점,운남골목 골목형상점가,골목형상점가,광주광역시,3.0,3.0,,,RESOLVED_AGREEMENT,False,3,,,,
64d91818c37fd7e4cee9,val,편의점,T4 구어·문장,q_편의점_07,편의점 찾는 곳,생활·마트 중 '편의점'을 판매·제공하는 매장,7bbb1ed7-c3d8-4905-b02e-4da632aa2cf6,GS25,편의점,하남진곡 골목형상점가,골목형상점가,광주광역시,3.0,3.0,,,RESOLVED_AGREEMENT,False,3,,,,
f72de885909ee52b8830,val,편의점,T6 기계변형,q_편의점_08,편의전,생활·마트 중 '편의점'을 판매·제공하는 매장,ec011a7f-6dba-4811-aa9a-b80c415e4c59,CU점촌역,편의점,점촌역전상점가,자율상권구역,경상북도,3.0,3.0,,,RESOLVED_AGREEMENT,False,3,,,,
246fe4fb46f107255988,val,편의점,T6 기계변형,q_편의점_08,편의전,생활·마트 중 '편의점'을 판매·제공하는 매장,5b96256c-d213-4d0e-92fe-389dc7cc6681,CU,편의점,하남진곡 골목형상점가,골목형상점가,광주광역시,3.0,3.0,,,RESOLVED_AGREEMENT,False,3,,,,
1097ed66c3ed54054e27,val,편의점,T6 기계변형,q_편의점_08,편의전,생활·마트 중 '편의점'을 판매·제공하는 매장,52879bba-f146-4ec0-be23-e89e2968921a,감나무골편의점,편의점,서신동 골목형상점가,골목형상점가,전북특별자치도,3.0,3.0,,,RESOLVED_AGREEMENT,False,3,,,,
7701349aea504f11a431,val,편의점,T6 기계변형,q_편의점_08,편의전,생활·마트 중 '편의점'을 판매·제공하는 매장,cff06b48-54d4-4423-b9a3-5c6ba4657d39,GS25,편의점,아진상가,골목형상점가,울산광역시,3.0,3.0,,,RESOLVED_AGREEMENT,False,3,,,,
4142518e2b7127a9e3aa,val,편의점,T6 기계변형,q_편의점_08,편의전,생활·마트 중 '편의점'을 판매·제공하는 매장,dff0c0d4-843d-404b-a3f1-4e7eebdac79d,씨유조종승리점,편의점,조종시장,전통시장,경기도,3.0,3.0,,,RESOLVED_AGREEMENT,False,3,,,,
967b77b150f8157db8ea,val,편의점,T6 기계변형,q_편의점_08,편의전,생활·마트 중 '편의점'을 판매·제공하는 매장,cc2332b4-a32c-4ed7-a0b1-d42d274ba5c3,쫑의전쟁,당구장,연신내골목형상점가,골목형상점가,서울특별시,0.0,0.0,,,RESOLVED_AGREEMENT,False,0,,,,
88b2d7a35eae5573e6dd,val,편의점,T6 기계변형,q_편의점_08,편의전,생활·마트 중 '편의점'을 판매·제공하는 매장,7fad6758-78b6-4f5e-85b3-e0acfcc8a1ff,다전,한식,난우길골목형상점가,골목형상점가,서울특별시,0.0,0.0,,,RESOLVED_AGREEMENT,False,0,,,,
69980e8dc818e68b7a06,val,편의점,T6 기계변형,q_편의점_08,편의전,생활·마트 중 '편의점'을 판매·제공하는 매장,faa75041-4bdb-4e87-85e3-1db953a5bf21,GS25,편의점,메트로센터(반월당지하쇼핑),일반지하상점가,대구광역시,3.0,3.0,,,RESOLVED_AGREEMENT,False,3,,,,
c1ad1b4e8c3d35c2536a,val,편의점,T6 기계변형,q_편의점_08,편의전,생활·마트 중 '편의점'을 판매·제공하는 매장,e539f310-e554-4fb0-a87a-f784c5d5858c,부천금산인삼건강원,건강원,원종고강제일시장(부천제일시장),전통시장,경기도,0.0,0.0,,,RESOLVED_AGREEMENT,False,0,,,,
c433640e32f5c281ed1f,val,편의점,T6 기계변형,q_편의점_08,편의전,생활·마트 중 '편의점'을 판매·제공하는 매장,67966843-0bae-413f-ab3f-1534fee18c25,간식창고,편의점,빛가람 중흥 골목형상점가,골목형상점가,전라남도,3.0,3.0,,,RESOLVED_AGREEMENT,False,3,,,,
baa68b1a3225030a9293,val,편의점,T6 기계변형,q_편의점_08,편의전,생활·마트 중 '편의점'을 판매·제공하는 매장,9a2e7cd0-dcbb-4b1d-b6a8-6c92d1b497bc,오적어,음식(한식),반딧불이연무시장,전통시장,경기도,0.0,0.0,,,RESOLVED_AGREEMENT,False,0,,,,
81fc440aa487e2467ac3,val,편의점,T6 기계변형,q_편의점_08,편의전,생활·마트 중 '편의점'을 판매·제공하는 매장,0127440f-2d8b-45f0-b518-a19665d3d5a8,나들가게서교하이퍼,소매(슈퍼),서교시장,전통시장,서울특별시,3.0,2.0,,,P2_GRADED_ONLY,True,,,,,
0c4d02778352ac2b63ec,val,편의점,T6 기계변형,q_편의점_08,편의전,생활·마트 중 '편의점'을 판매·제공하는 매장,001bacc9-5a95-4049-babd-6691512d8da0,백두사,잡화,장량성도시장,전통시장,경상북도,1.0,0.0,,,P2_GRADED_ONLY,True,,,,,
83e81de0eb3e8e2f6de9,val,편의점,T6 기계변형,q_편의점_08,편의전,생활·마트 중 '편의점'을 판매·제공하는 매장,3c4a2539-7dfa-4768-a3b1-093ff9a0eba7,씨유장대스토리점,편의점,장대동패션상가 골목형상점가,골목형상점가,대전광역시,3.0,3.0,,,RESOLVED_AGREEMENT,False,3,,,,
19029fdb3034231a70a9,val,편의점,T6 기계변형,q_편의점_08,편의전,생활·마트 중 '편의점'을 판매·제공하는 매장,ea8a403a-5b41-4492-8a4b-c79797e78966,씨유정읍인네점,편의점,정읍중앙로상점가,자율상권구역,전북특별자치도,3.0,3.0,,,RESOLVED_AGREEMENT,False,3,,,,
c6543a3150108c717aaa,val,편의점,T6 기계변형,q_편의점_08,편의전,생활·마트 중 '편의점'을 판매·제공하는 매장,ea47d538-c0a1-4e28-853d-781913295f37,씨유관악당곡점,편의점,보라빛거리골목형상점가,골목형상점가,서울특별시,3.0,3.0,,,RESOLVED_AGREEMENT,False,3,,,,
af9702d31cee9fc8065c,val,편의점,T6 기계변형,q_편의점_08,편의전,생활·마트 중 '편의점'을 판매·제공하는 매장,e90fa987-02cd-403e-baa7-989de65b2038,씨유일곡송해로점,편의점,일곡동 골목형상점가,골목형상점가,광주광역시,3.0,3.0,,,RESOLVED_AGREEMENT,False,3,,,,
a059c1f3cc92b36782bd,val,편의점,T6 기계변형,q_편의점_08,편의전,생활·마트 중 '편의점'을 판매·제공하는 매장,5cace896-d37b-4e1c-aa6a-1fd1ccf23540,밥끼,편의점물품,광탄전통시장,전통시장,경기도,3.0,3.0,,,RESOLVED_AGREEMENT,False,3,,,,
62541e1b5722a838d1d1,val,편의점,T6 기계변형,q_편의점_08,편의전,생활·마트 중 '편의점'을 판매·제공하는 매장,bc539cce-1727-4192-9ca3-8ef8baf19e4f,GS25,편의점,임방울거리3구역 골목형상점가,골목형상점가,광주광역시,3.0,3.0,,,RESOLVED_AGREEMENT,False,3,,,,
902c0fe3abe3a90e232d,val,편의점,T6 기계변형,q_편의점_08,편의전,생활·마트 중 '편의점'을 판매·제공하는 매장,0a1e262e-e70d-4b46-a227-84c385800c7d,모범분식,한식,충주자유시장,전통시장,충청북도,0.0,0.0,,,RESOLVED_AGREEMENT,False,0,,,,
144b21afdd6e9c737106,val,편의점,T6 기계변형,q_편의점_08,편의전,생활·마트 중 '편의점'을 판매·제공하는 매장,8f482d15-8259-4cc7-87b7-8c7fefbe3666,유한회사첨단에스엠마트,농축산,첨단중앙로 골목형상점가,골목형상점가,광주광역시,2.0,2.0,,,RESOLVED_AGREEMENT,False,2,,,,
ce05f0f41fb0c9486ba3,val,편의점,T6 기계변형,q_편의점_08,편의전,생활·마트 중 '편의점'을 판매·제공하는 매장,5c075211-d790-485f-8def-67e24a561bbc,마곡편의점,편의점,공산성골목형상점가,골목형상점가,충청남도,3.0,3.0,,,RESOLVED_AGREEMENT,False,3,,,,
f91178be1e1fc3aa9caa,val,편의점,T6 기계변형,q_편의점_08,편의전,생활·마트 중 '편의점'을 판매·제공하는 매장,247192b1-0b98-4059-8848-948104589daa,씨유영신점,편의점,영신상가,전통시장,서울특별시,3.0,3.0,,,RESOLVED_AGREEMENT,False,3,,,,
a2cff2fe25e0e754dd62,val,편의점,T6 기계변형,q_편의점_08,편의전,생활·마트 중 '편의점'을 판매·제공하는 매장,67e246e9-09f0-4556-aa8c-cfc097e5a380,세븐일레븐편의점,편의점,88글러브 골목형상점가,골목형상점가,대전광역시,3.0,3.0,,,RESOLVED_AGREEMENT,False,3,,,,
c99cac3de88b254243da,val,편의점,T6 기계변형,q_편의점_08,편의전,생활·마트 중 '편의점'을 판매·제공하는 매장,75185668-0bba-4930-8210-d43b6d469416,씨유석계본점,편의점,석계음식문화거리골목형상점가,골목형상점가,서울특별시,3.0,3.0,,,RESOLVED_AGREEMENT,False,3,,,,
90adaa4098231ba7260c,val,편의점,T6 기계변형,q_편의점_08,편의전,생활·마트 중 '편의점'을 판매·제공하는 매장,0015ea0b-d565-4d75-bbfb-1198daeb0b0c,나이스마트청라자이점,,청라언덕 골목형상점가,골목형상점가,대구광역시,3.0,2.0,,,P2_GRADED_ONLY,True,,,,,
8d0bb1af0d5139dce0d7,val,편의점,T6 기계변형,q_편의점_08,편의전,생활·마트 중 '편의점'을 판매·제공하는 매장,f8ca399a-6a3c-428a-9f5e-0e32b4bd2844,성원편의점,편의점,창원 성원3차종합상가,전통시장,경상남도,3.0,3.0,,,RESOLVED_AGREEMENT,False,3,,,,
91c2f8e5448c0381114c,val,편의점,T6 기계변형,q_편의점_08,편의전,생활·마트 중 '편의점'을 판매·제공하는 매장,b29b268a-8ff4-48c1-b046-ff2d41164d50,곱전,,쌍용레이단길 골목형상점가,골목형상점가,부산광역시,,0.0,Y,,P0_UNCERTAIN_OR_MISSING,True,,,,,
8408cf8105344adc87e4,val,편의점,T6 기계변형,q_편의점_08,편의전,생활·마트 중 '편의점'을 판매·제공하는 매장,0054b824-eb72-4efa-a1ba-40d467c899a5,수정상회,잡화,중앙전통시장,전통시장,울산광역시,1.0,0.0,,,P2_GRADED_ONLY,True,,,,,
b80a1e4988353158b647,val,편의점,T6 기계변형,q_편의점_08,편의전,생활·마트 중 '편의점'을 판매·제공하는 매장,88acd2dc-7a20-4162-804a-15e5555372f0,CU,편의점,프로방스 골목형상점가,골목형상점가,전라남도,3.0,3.0,,,RESOLVED_AGREEMENT,False,3,,,,
4456fb47d4866f6244df,val,편의점,T6 기계변형,q_편의점_08,편의전,생활·마트 중 '편의점'을 판매·제공하는 매장,01ca51d4-ae25-4b4f-86b6-d8461d581a02,영광슈퍼,소매업(슈퍼),신원시장,전통시장,서울특별시,3.0,2.0,,,P2_GRADED_ONLY,True,,,,,
6da2731570fd4f9fe4dc,val,편의점,T6 기계변형,q_편의점_08,편의전,생활·마트 중 '편의점'을 판매·제공하는 매장,a9895d16-2a13-44a4-908b-9a8c2936840a,씨유서부율전점,편의점,명덕마을 골목형상점가,골목형상점가,울산광역시,3.0,3.0,,,RESOLVED_AGREEMENT,False,3,,,,
787b1fc415d457b54090,val,편의점,T6 기계변형,q_편의점_08,편의전,생활·마트 중 '편의점'을 판매·제공하는 매장,9e5ac9b1-ea36-4a9e-a9e2-e2a69d5690ee,CU,편의점,프로방스 골목형상점가,골목형상점가,전라남도,3.0,3.0,,,RESOLVED_AGREEMENT,False,3,,,,
0398bb9a58bf136c911f,val,편의점,T6 기계변형,q_편의점_08,편의전,생활·마트 중 '편의점'을 판매·제공하는 매장,43f8a456-3012-4f4f-beb0-bc85fc1ec2c4,홈웨이편의점,편의점,함평천지 골목형상점가,골목형상점가,전라남도,3.0,3.0,,,RESOLVED_AGREEMENT,False,3,,,,
38ba4c1958a638b0680a,val,편의점,T6 기계변형,q_편의점_08,편의전,생활·마트 중 '편의점'을 판매·제공하는 매장,b87a6d90-69d6-4ad7-b646-e863486748ac,씨유성주찬현점,편의점,성주시장,전통시장,경상북도,3.0,3.0,,,RESOLVED_AGREEMENT,False,3,,,,
85322d061e40c17e8708,val,편의점,T6 기계변형,q_편의점_08,편의전,생활·마트 중 '편의점'을 판매·제공하는 매장,7234c934-81df-4950-b694-f81a5a59f7aa,대박마트,편의점,호매실역중심상가 골목형상점가,골목형상점가,경기도,3.0,3.0,,,RESOLVED_AGREEMENT,False,3,,,,
17da4f907f06881a61a9,val,편의점,T6 기계변형,q_편의점_08,편의전,생활·마트 중 '편의점'을 판매·제공하는 매장,01f1a79d-0dbc-4b3d-826a-88a921cfb804,주식회사 혜솔,편의점,반송큰시장,전통시장,부산광역시,3.0,3.0,,,RESOLVED_AGREEMENT,False,3,,,,
2e9c19470f3f3a3d1f3a,val,편의점,T6 기계변형,q_편의점_08,편의전,생활·마트 중 '편의점'을 판매·제공하는 매장,481b4d13-7128-4f25-94f8-7bf2f71a4d8e,주야편의점,편의점,부곡시장,전통시장,경상북도,3.0,3.0,,,RESOLVED_AGREEMENT,False,3,,,,
0b3c0e0220d032725405,val,편의점,T6 기계변형,q_편의점_08,편의전,생활·마트 중 '편의점'을 판매·제공하는 매장,01b2c972-f367-47e6-b3d2-11585175a7c1,명동슈퍼,슈퍼,신대방1동온누리길골목형상점가,골목형상점가,서울특별시,3.0,2.0,,,P2_GRADED_ONLY,True,,,,,
e661d21d16c3eaa644d6,val,편의점,T6 기계변형,q_편의점_08,편의전,생활·마트 중 '편의점'을 판매·제공하는 매장,3649476e-6cb0-48ae-8bed-26ee4fcb9512,씨유정읍역점,편의점,정읍연지상점가,자율상권구역,전북특별자치도,3.0,3.0,,,RESOLVED_AGREEMENT,False,3,,,,
1a215282a7a79adb579f,val,편의점,T6 기계변형,q_편의점_08,편의전,생활·마트 중 '편의점'을 판매·제공하는 매장,7903a6ee-8f8b-4834-9d0d-49e364e29427,GS25,편의점,우산동빛고을 골목형상점가,골목형상점가,광주광역시,3.0,3.0,,,RESOLVED_AGREEMENT,False,3,,,,
c3ecf83ea0bbc5cb2588,val,편의점,T6 기계변형,q_편의점_08,편의전,생활·마트 중 '편의점'을 판매·제공하는 매장,482cbb20-74a8-4251-ac9a-b0efcc6d72b5,모아편의점,편의점,풍암금당상인회 골목형상점가,골목형상점가,광주광역시,3.0,3.0,,,RESOLVED_AGREEMENT,False,3,,,,
5065d839ab5e5f136d2f,val,편의점,T6 기계변형,q_편의점_08,편의전,생활·마트 중 '편의점'을 판매·제공하는 매장,15d044c5-0f5c-4410-b98b-bff87e4f08df,우리편의점,편의점,산본로데오거리(구 산본중심상가),자율상권구역,경기도,3.0,3.0,,,RESOLVED_AGREEMENT,False,3,,,,
43214b9de941736334db,val,편의점,T6 기계변형,q_편의점_08,편의전,생활·마트 중 '편의점'을 판매·제공하는 매장,301b84b1-87af-4d85-9cd1-4c0f6b4b8f1f,하나편의점,편의점,치평상무역상인회 골목형상점가,골목형상점가,광주광역시,3.0,3.0,,,RESOLVED_AGREEMENT,False,3,,,,
297c3c0434ba283f15f9,val,편의점,T6 기계변형,q_편의점_08,편의전,생활·마트 중 '편의점'을 판매·제공하는 매장,001906f9-c5ab-4432-9e3a-be3af3f08aeb,씨유 원주혁신점,편의점,혁신도시5구역골목형상점가,골목형상점가,강원특별자치도,3.0,3.0,,,RESOLVED_AGREEMENT,False,3,,,,
1638cff462c474dc2683,val,편의점,T6 기계변형,q_편의점_08,편의전,생활·마트 중 '편의점'을 판매·제공하는 매장,023e5716-7bdc-42c7-9c7e-a9a4f0f23a8b,이마트24 광주하남금호점,,한마음,골목형상점가,,3.0,3.0,,,RESOLVED_AGREEMENT,False,3,,,,
b4c72bc89aea47678fe6,val,편의점,T6 기계변형,q_편의점_08,편의전,생활·마트 중 '편의점'을 판매·제공하는 매장,003683a7-fde1-46b0-8421-08210268e2b0,이마트24 광주일곡엘리체점,,삼각동 골목형상점가,골목형상점가,,3.0,3.0,,,RESOLVED_AGREEMENT,False,3,,,,
487f5c2c23843775b970,val,편의점,T6 기계변형,q_편의점_08,편의전,생활·마트 중 '편의점'을 판매·제공하는 매장,816a667e-53ed-4753-8fd5-1b908d6bc75d,해빛편의점,편의점 기타 잡화,전평제상인회 골목형상점가,골목형상점가,광주광역시,3.0,3.0,,,RESOLVED_AGREEMENT,False,3,,,,
b53f02e8136db2ee56d8,val,편의점,T6 기계변형,q_편의점_08,편의전,생활·마트 중 '편의점'을 판매·제공하는 매장,003747e4-8102-4296-bfdf-b7ca7c1f83fa,평화잡화,잡화,부산평화시장,전통시장,부산광역시,1.0,0.0,,,P2_GRADED_ONLY,True,,,,,
b426ee502670864683bd,val,편의점,T6 기계변형,q_편의점_08,편의전,생활·마트 중 '편의점'을 판매·제공하는 매장,dd3ef135-3205-4022-9cc0-eb864ff9ca76,CU수완탑점,편의정,수완머그로 골목형상점가,골목형상점가,광주광역시,0.0,3.0,,,P1_BINARY_THRESHOLD,True,,,,,
191714db7cffdbf78b87,val,편의점,T6 기계변형,q_편의점_08,편의전,생활·마트 중 '편의점'을 판매·제공하는 매장,27427669-324a-4fc4-94c7-d7b68ff134b2,알리바이,편의점,두암1동군왕로 골목형상점가,골목형상점가,광주광역시,3.0,3.0,,,RESOLVED_AGREEMENT,False,3,,,,
e77b1003d259162ad4ba,val,편의점,T6 기계변형,q_편의점_08,편의전,생활·마트 중 '편의점'을 판매·제공하는 매장,384de038-e0eb-4dff-97fa-ad13ac3730e9,관방천편의점,편의점,국수거리 골목형상점가,골목형상점가,전라남도,3.0,3.0,,,RESOLVED_AGREEMENT,False,3,,,,
655d77ef75cdd6cb51be,val,편의점,T6 기계변형,q_편의점_08,편의전,생활·마트 중 '편의점'을 판매·제공하는 매장,94ed11b4-4849-453d-9204-5d1f82d91a1b,CU용봉용주점,편의점,용봉우치로 골목형상점가,골목형상점가,광주광역시,3.0,3.0,,,RESOLVED_AGREEMENT,False,3,,,,
673eb16c906e38c3daf2,val,편의점,T6 기계변형,q_편의점_08,편의전,생활·마트 중 '편의점'을 판매·제공하는 매장,003d5df8-0856-45e0-a11e-5098cf70541e,앨리스리본&공방,"공방, 잡화",봉화내성시장,전통시장,경상북도,1.0,0.0,,,P2_GRADED_ONLY,True,,,,,
ee3e5402b571fb975ba3,val,편의점,T6 기계변형,q_편의점_08,편의전,생활·마트 중 '편의점'을 판매·제공하는 매장,e734717c-7370-4950-8142-9fdbcf1efa12,Gs25,편의점,옥천영춘 골목형상점가,골목형상점가,전라남도,3.0,3.0,,,RESOLVED_AGREEMENT,False,3,,,,
b8e61ae1aa4ccbd58633,val,편의점,T6 기계변형,q_편의점_08,편의전,생활·마트 중 '편의점'을 판매·제공하는 매장,017a2c54-999b-4850-993e-cac5169d3aec,지에스25 원주황금점,편의점,혁신도시1구역골목형상점가,골목형상점가,강원특별자치도,3.0,3.0,,,RESOLVED_AGREEMENT,False,3,,,,
f823d060ea7324191348,val,편의점,T6 기계변형,q_편의점_08,편의전,생활·마트 중 '편의점'을 판매·제공하는 매장,9aaa2667-d76a-44c3-92f1-77e609ce0c36,늘봄24시편의점,편의품,선부광장로상점가,자율상권구역,경기도,2.0,3.0,,,P2_GRADED_ONLY,True,,,,,
fb16e9a1d7fba13d3bc7,val,편의점,T6 기계변형,q_편의점_08,편의전,생활·마트 중 '편의점'을 판매·제공하는 매장,4d492655-e03a-4324-a313-78d849318719,대영상회,편의점,도화종합시장,기타,인천광역시,3.0,3.0,,,RESOLVED_AGREEMENT,False,3,,,,
7d017b1a66ce641eeefe,val,편의점,T6 기계변형,q_편의점_08,편의전,생활·마트 중 '편의점'을 판매·제공하는 매장,f1dabe30-0af9-4118-8e95-a1110a68f5c0,씨유두류명동점,편의점,두류젊코상권,상권활성화구역,대구광역시,3.0,3.0,,,RESOLVED_AGREEMENT,False,3,,,,
007812886ed7979884e5,val,편의점,T6 기계변형,q_편의점_08,편의전,생활·마트 중 '편의점'을 판매·제공하는 매장,fee76baf-6062-4740-a214-fbae8ab4ec9c,GS25,편의점,신창진흥 골목형상점가,골목형상점가,광주광역시,3.0,3.0,,,RESOLVED_AGREEMENT,False,3,,,,
272a581089b1331472f1,val,편의점,T6 기계변형,q_편의점_08,편의전,생활·마트 중 '편의점'을 판매·제공하는 매장,01d01063-d46f-4d55-991f-bd03c55392f8,씨유 사상중흥센터,편의점,중흥 골목형상점가,골목형상점가,부산광역시,3.0,3.0,,,RESOLVED_AGREEMENT,False,3,,,,
5143de8a7e6a5d77dbf2,val,편의점,T6 기계변형,q_편의점_08,편의전,생활·마트 중 '편의점'을 판매·제공하는 매장,3bde790e-d4d7-4f61-8d83-2898f1acb39a,씨유편의점,편의점,쌍용먹자패션거리 골목형상점가,골목형상점가,충청남도,3.0,3.0,,,RESOLVED_AGREEMENT,False,3,,,,
60539fa0bf07f5a855c7,val,편의점,T6 기계변형,q_편의점_08,편의전,생활·마트 중 '편의점'을 판매·제공하는 매장,5589af27-8a43-41e8-977c-35759e02fc6a,미래편의점,편의점,운남골목 골목형상점가,골목형상점가,광주광역시,3.0,3.0,,,RESOLVED_AGREEMENT,False,3,,,,
8949baa5b07a82a5ad0f,val,편의점,T6 기계변형,q_편의점_08,편의전,생활·마트 중 '편의점'을 판매·제공하는 매장,d2771b5e-371b-4ee1-91ad-b74c00d9d847,GS25,편의점,중앙로 백운1동 골목형상점가,골목형상점가,광주광역시,3.0,3.0,,,RESOLVED_AGREEMENT,False,3,,,,
a1c8b30a62cba4d44310,val,편의점,T6 기계변형,q_편의점_08,편의전,생활·마트 중 '편의점'을 판매·제공하는 매장,44514a0f-3971-4be8-9d1d-37e043b0d361,거부기편의점,편의점,거북시장,전통시장,인천광역시,3.0,3.0,,,RESOLVED_AGREEMENT,False,3,,,,
aac558422eedfd1e5fbb,val,편의점,T6 기계변형,q_편의점_08,편의전,생활·마트 중 '편의점'을 판매·제공하는 매장,ab940518-86dd-4359-af59-aa51f85e8597,CU괘법중앙점,편의점,사상시장,전통시장,부산광역시,3.0,3.0,,,RESOLVED_AGREEMENT,False,3,,,,
8fa57f0d7a8f192c959a,val,편의점,T6 기계변형,q_편의점_08,편의전,생활·마트 중 '편의점'을 판매·제공하는 매장,006f9082-b590-49e3-baf4-f72dc203a510,CU풍암주은모아점,편의점,풍암당산상인회 골목형상점가,골목형상점가,광주광역시,3.0,3.0,,,RESOLVED_AGREEMENT,False,3,,,,
c2dc4617761b84878c21,val,편의점,T6 기계변형,q_편의점_08,편의전,생활·마트 중 '편의점'을 판매·제공하는 매장,0988667a-cf9e-456b-8122-1d8b35160864,CU해남땅끝점,편의점,땅끝마을 상점가,골목형상점가,전라남도,3.0,3.0,,,RESOLVED_AGREEMENT,False,3,,,,
7e0ff5994957f762d08a,val,편의점,T6 기계변형,q_편의점_08,편의전,생활·마트 중 '편의점'을 판매·제공하는 매장,e8e9c9ac-afdd-4b70-8bf7-78ec9775281c,프랜드편의점,편의점,발안만세시장(구 발안시장),전통시장,경기도,3.0,3.0,,,RESOLVED_AGREEMENT,False,3,,,,
d185400ba0982b8ab629,val,편의점,T6 기계변형,q_편의점_08,편의전,생활·마트 중 '편의점'을 판매·제공하는 매장,a5b5b0ca-3283-49ba-85a6-3b84ca19c37e,인성무역,편의점,포천리빙가구상점가,자율상권구역,경기도,3.0,3.0,,,RESOLVED_AGREEMENT,False,3,,,,
5957365a0a64459bc2fd,val,편의점,T6 기계변형,q_편의점_08,편의전,생활·마트 중 '편의점'을 판매·제공하는 매장,01a0efe3-6970-4157-9177-c25358a4f8a6,유한회사 도민유통(와이마트),슈퍼마켓,용봉지구 골목형상점가,골목형상점가,광주광역시,3.0,2.0,,,P2_GRADED_ONLY,True,,,,,
5aa29bf9e3968326219d,val,편의점,T6 기계변형,q_편의점_08,편의전,생활·마트 중 '편의점'을 판매·제공하는 매장,bac6cf87-6a05-44b0-a03c-147f15d1602c,편의점,식품 잡화,운수대통 골목형상점가,골목형상점가,광주광역시,2.0,3.0,,,P2_GRADED_ONLY,True,,,,,
2facc174169ab44a3c57,val,편의점,T6 기계변형,q_편의점_08,편의전,생활·마트 중 '편의점'을 판매·제공하는 매장,95f1e958-f9d6-48cf-bac8-d86df9626462,한국기술연구센터,,비카인드 자율상권구역,,경상북도,,0.0,Y,,P0_UNCERTAIN_OR_MISSING,True,,,,,
e656b25f484851635edf,val,편의점,T6 기계변형,q_편의점_08,편의전,생활·마트 중 '편의점'을 판매·제공하는 매장,57832930-d021-45b3-842d-aee3b63e9a00,D마켓,편의용품,봉선로2 골목형상점가,골목형상점가,광주광역시,0.0,0.0,,,RESOLVED_AGREEMENT,False,0,,,,
414de320a79ccd851894,val,편의점,T6 기계변형,q_편의점_08,편의전,생활·마트 중 '편의점'을 판매·제공하는 매장,01790f65-6bd3-405b-9ef4-493889531486,세븐일레븐자양으뜸2호점,편의점,자양로13길골목형상점가,골목형상점가,서울특별시,3.0,3.0,,,RESOLVED_AGREEMENT,False,3,,,,
0c2e8a1e4d119f3a4ad7,val,편의점,T6 기계변형,q_편의점_08,편의전,생활·마트 중 '편의점'을 판매·제공하는 매장,9331b39b-d923-4ec3-9203-fffe2e3df532,나우리편의점,편의점,거제 고현자율상권,,경상남도,3.0,3.0,,,RESOLVED_AGREEMENT,False,3,,,,
ff5f90e5335a25a9a70c,val,편의점,T6 기계변형,q_편의점_08,편의전,생활·마트 중 '편의점'을 판매·제공하는 매장,01082ac2-3d28-417c-8311-62a9095208e5,신라정선,슈퍼,남부골목시장,전통시장,서울특별시,3.0,2.0,,,P2_GRADED_ONLY,True,,,,,
0c5aa50cad45b04af141,val,편의점,T6 기계변형,q_편의점_08,편의전,생활·마트 중 '편의점'을 판매·제공하는 매장,dfa95e4a-19ae-4be0-b86e-08a9fcbda95f,오성컴퓨터 패밀리,컴퓨터,울산산업공구월드,전통시장,울산광역시,0.0,0.0,,,RESOLVED_AGREEMENT,False,0,,,,
cbfaf043098243c692e8,val,편의점,T6 기계변형,q_편의점_08,편의전,생활·마트 중 '편의점'을 판매·제공하는 매장,e47288cc-6ac7-4b2d-9a64-4e66b39990ab,CU주엽효원점,편의점,주엽역 골목형상점가,골목형상점가,경기도,3.0,3.0,,,RESOLVED_AGREEMENT,False,3,,,,
9508735339f8d245acc7,val,편의점,T6 기계변형,q_편의점_08,편의전,생활·마트 중 '편의점'을 판매·제공하는 매장,7bbb1ed7-c3d8-4905-b02e-4da632aa2cf6,GS25,편의점,하남진곡 골목형상점가,골목형상점가,광주광역시,3.0,3.0,,,RESOLVED_AGREEMENT,False,3,,,,
2e47e62b4193e2f93460,val,편의점,T6 기계변형,q_편의점_08,편의전,생활·마트 중 '편의점'을 판매·제공하는 매장,02ab118f-aa08-483e-b7d3-93768e12c1be,이마트24옥정엠시티점,,파스텔시티2차상점가,골목형상점가,경기도,3.0,3.0,,,RESOLVED_AGREEMENT,False,3,,,,
f6a04ba631e1a8ca12ba,val,편의점,T6 기계변형,q_편의점_08,편의전,생활·마트 중 '편의점'을 판매·제공하는 매장,babdb769-d75b-4fa3-bf1c-51280c766735,편의점사랑,편의점,의왕역 골목형상점가,골목형상점가,경기도,3.0,3.0,,,RESOLVED_AGREEMENT,False,3,,,,
f0e18a0303534a7c0302,val,편의점,T6 기계변형,q_편의점_08,편의전,생활·마트 중 '편의점'을 판매·제공하는 매장,848acabf-af64-441f-987e-9859c30cfb6a,맛의전쟁,한식,단국대 앞 골목형상점가,골목형상점가,경기도,0.0,0.0,,,RESOLVED_AGREEMENT,False,0,,,,
0aea16a97ca500947aab,val,편의점,T6 기계변형,q_편의점_08,편의전,생활·마트 중 '편의점'을 판매·제공하는 매장,1e8eb554-2cd3-44d1-84e2-590258ad0b18,전곡상회,참기름 참깨 고추 가공식품,전곡골목형상점가,골목형상점가,서울특별시,1.0,0.0,,,P2_GRADED_ONLY,True,,,,,
84de7e6c46fe92c8b184,val,편의점,T6 기계변형,q_편의점_08,편의전,생활·마트 중 '편의점'을 판매·제공하는 매장,41fe454e-8f96-413d-b59e-53d6a314299f,전투전,,뚝섬로52길 골목형상점가,골목형상점가,서울특별시,,0.0,Y,,P0_UNCERTAIN_OR_MISSING,True,,,,,
43b7270b3a1228bb192a,val,편의점,T6 기계변형,q_편의점_08,편의전,생활·마트 중 '편의점'을 판매·제공하는 매장,495309a6-6b42-42f7-9972-c98870488920,만전,한식,반석동 골목형상점가,골목형상점가,대전광역시,0.0,0.0,,,RESOLVED_AGREEMENT,False,0,,,,
2891196bcd67b0dea331,val,편의점,T6 기계변형,q_편의점_08,편의전,생활·마트 중 '편의점'을 판매·제공하는 매장,37033488-7a37-4985-9a3c-180b45f7799b,도로마트,편의점,성안길상점가,자율상권구역,충청북도,3.0,3.0,,,RESOLVED_AGREEMENT,False,3,,,,
cc26c374d7756f87cfc8,val,편의점,T6 기계변형,q_편의점_08,편의전,생활·마트 중 '편의점'을 판매·제공하는 매장,2644e238-a7c8-41b1-8c79-cb2f76d08a15,동일마트,편의점,김해 삼방전통시장,전통시장,경상남도,3.0,3.0,,,RESOLVED_AGREEMENT,False,3,,,,
c1a6b3a7e80e058cc8d3,val,편의점,T6 기계변형,q_편의점_08,편의전,생활·마트 중 '편의점'을 판매·제공하는 매장,dc236aa0-df7a-4ea4-a73d-afe846bdadc1,Gs편의점농성대남점,편의점,상공회의소누리상인회 골목형상점가,골목형상점가,광주광역시,3.0,3.0,,,RESOLVED_AGREEMENT,False,3,,,,
451e6976a37bf977d542,val,편의점,T6 기계변형,q_편의점_08,편의전,생활·마트 중 '편의점'을 판매·제공하는 매장,f49a524f-1de6-4c8d-bdfa-694328f5409c,축협알뜰편의점,편의점,새영주시장,전통시장,부산광역시,3.0,3.0,,,RESOLVED_AGREEMENT,False,3,,,,
01fa2b6dd58c6cd88f92,val,편의점,T6 기계변형,q_편의점_08,편의전,생활·마트 중 '편의점'을 판매·제공하는 매장,88431df8-90b4-4fb1-9d80-7b0ce9a4610d,현대25시 편의점,편의점 복권,봉일천전통시장,전통시장,경기도,3.0,3.0,,,RESOLVED_AGREEMENT,False,3,,,,
c8c985975221a7f9e95f,val,편의점,T6 기계변형,q_편의점_08,편의전,생활·마트 중 '편의점'을 판매·제공하는 매장,1310e4cf-b5f1-4dac-9a2a-dfdeb03cdfe8,흙삶추주식회사,도소매(농산물),영등포청과시장,자율상권구역,서울특별시,0.0,0.0,,,RESOLVED_AGREEMENT,False,0,,,,
4d128fbd7727d724f8d8,val,편의점,T6 기계변형,q_편의점_08,편의전,생활·마트 중 '편의점'을 판매·제공하는 매장,02656399-5272-4d95-93ce-aa699e13cfdb,우리홈마트,,중화산로 골목형상점가,골목형상점가,전북특별자치도,3.0,2.0,,,P2_GRADED_ONLY,True,,,,,
cb2310820372df80ba28,val,편의점,T6 기계변형,q_편의점_08,편의전,생활·마트 중 '편의점'을 판매·제공하는 매장,00242042-f371-486a-a1fc-b85de093edbf,슈올즈 이천점,"신발, 잡화",장터거리시장 골목형상점가,골목형상점가,경기도,1.0,0.0,,,P2_GRADED_ONLY,True,,,,,
309c82e22371c26a81d1,val,편의점,T6 기계변형,q_편의점_09,편의점추천,생활·마트 중 '편의점'을 판매·제공하는 매장,01ca51d4-ae25-4b4f-86b6-d8461d581a02,영광슈퍼,소매업(슈퍼),신원시장,전통시장,서울특별시,3.0,2.0,,,P2_GRADED_ONLY,True,,,,,
9b81a42c60189bd4446f,val,편의점,T6 기계변형,q_편의점_09,편의점추천,생활·마트 중 '편의점'을 판매·제공하는 매장,02ab118f-aa08-483e-b7d3-93768e12c1be,이마트24옥정엠시티점,,파스텔시티2차상점가,골목형상점가,경기도,3.0,3.0,,,RESOLVED_AGREEMENT,False,3,,,,
1bea4a5da23527568c92,val,편의점,T6 기계변형,q_편의점_09,편의점추천,생활·마트 중 '편의점'을 판매·제공하는 매장,f1dabe30-0af9-4118-8e95-a1110a68f5c0,씨유두류명동점,편의점,두류젊코상권,상권활성화구역,대구광역시,3.0,3.0,,,RESOLVED_AGREEMENT,False,3,,,,
15f4ed9038754aa96b88,val,편의점,T6 기계변형,q_편의점_09,편의점추천,생활·마트 중 '편의점'을 판매·제공하는 매장,f8ca399a-6a3c-428a-9f5e-0e32b4bd2844,성원편의점,편의점,창원 성원3차종합상가,전통시장,경상남도,3.0,3.0,,,RESOLVED_AGREEMENT,False,3,,,,
2550ee74c5beacc2acdc,val,편의점,T6 기계변형,q_편의점_09,편의점추천,생활·마트 중 '편의점'을 판매·제공하는 매장,7903a6ee-8f8b-4834-9d0d-49e364e29427,GS25,편의점,우산동빛고을 골목형상점가,골목형상점가,광주광역시,3.0,3.0,,,RESOLVED_AGREEMENT,False,3,,,,
3e9b2cbe0b3304081514,val,편의점,T6 기계변형,q_편의점_09,편의점추천,생활·마트 중 '편의점'을 판매·제공하는 매장,7234c934-81df-4950-b694-f81a5a59f7aa,대박마트,편의점,호매실역중심상가 골목형상점가,골목형상점가,경기도,3.0,3.0,,,RESOLVED_AGREEMENT,False,3,,,,
b42387a44d8a5d877fb4,val,편의점,T6 기계변형,q_편의점_09,편의점추천,생활·마트 중 '편의점'을 판매·제공하는 매장,0015ea0b-d565-4d75-bbfb-1198daeb0b0c,나이스마트청라자이점,,청라언덕 골목형상점가,골목형상점가,대구광역시,3.0,2.0,,,P2_GRADED_ONLY,True,,,,,
87a1e14ae587b8ccc02e,val,편의점,T6 기계변형,q_편의점_09,편의점추천,생활·마트 중 '편의점'을 판매·제공하는 매장,0127440f-2d8b-45f0-b518-a19665d3d5a8,나들가게서교하이퍼,소매(슈퍼),서교시장,전통시장,서울특별시,3.0,2.0,,,P2_GRADED_ONLY,True,,,,,
2b3b9f84b946f59b5ef2,val,편의점,T6 기계변형,q_편의점_09,편의점추천,생활·마트 중 '편의점'을 판매·제공하는 매장,a9895d16-2a13-44a4-908b-9a8c2936840a,씨유서부율전점,편의점,명덕마을 골목형상점가,골목형상점가,울산광역시,3.0,3.0,,,RESOLVED_AGREEMENT,False,3,,,,
b4e2f1c40881d12f2875,val,편의점,T6 기계변형,q_편의점_09,편의점추천,생활·마트 중 '편의점'을 판매·제공하는 매장,01082ac2-3d28-417c-8311-62a9095208e5,신라정선,슈퍼,남부골목시장,전통시장,서울특별시,3.0,2.0,,,P2_GRADED_ONLY,True,,,,,
79460e5edaa9d387b302,val,편의점,T6 기계변형,q_편의점_09,편의점추천,생활·마트 중 '편의점'을 판매·제공하는 매장,cff06b48-54d4-4423-b9a3-5c6ba4657d39,GS25,편의점,아진상가,골목형상점가,울산광역시,3.0,3.0,,,RESOLVED_AGREEMENT,False,3,,,,
23ada21ff0cb478de67e,val,편의점,T6 기계변형,q_편의점_09,편의점추천,생활·마트 중 '편의점'을 판매·제공하는 매장,67966843-0bae-413f-ab3f-1534fee18c25,간식창고,편의점,빛가람 중흥 골목형상점가,골목형상점가,전라남도,3.0,3.0,,,RESOLVED_AGREEMENT,False,3,,,,
d9e8aff7c08a2c9aad2d,val,편의점,T6 기계변형,q_편의점_09,편의점추천,생활·마트 중 '편의점'을 판매·제공하는 매장,44514a0f-3971-4be8-9d1d-37e043b0d361,거부기편의점,편의점,거북시장,전통시장,인천광역시,3.0,3.0,,,RESOLVED_AGREEMENT,False,3,,,,
3b71cdb85e2a69706bf6,val,편의점,T6 기계변형,q_편의점_09,편의점추천,생활·마트 중 '편의점'을 판매·제공하는 매장,02656399-5272-4d95-93ce-aa699e13cfdb,우리홈마트,,중화산로 골목형상점가,골목형상점가,전북특별자치도,3.0,2.0,,,P2_GRADED_ONLY,True,,,,,
4439e23b972db5caaadf,val,편의점,T6 기계변형,q_편의점_09,편의점추천,생활·마트 중 '편의점'을 판매·제공하는 매장,9e5ac9b1-ea36-4a9e-a9e2-e2a69d5690ee,CU,편의점,프로방스 골목형상점가,골목형상점가,전라남도,3.0,3.0,,,RESOLVED_AGREEMENT,False,3,,,,
2c708a8a9529ffd914fd,val,편의점,T6 기계변형,q_편의점_09,편의점추천,생활·마트 중 '편의점'을 판매·제공하는 매장,5b96256c-d213-4d0e-92fe-389dc7cc6681,CU,편의점,하남진곡 골목형상점가,골목형상점가,광주광역시,3.0,3.0,,,RESOLVED_AGREEMENT,False,3,,,,
59f472ea68cb4749eeb2,val,편의점,T6 기계변형,q_편의점_09,편의점추천,생활·마트 중 '편의점'을 판매·제공하는 매장,ec011a7f-6dba-4811-aa9a-b80c415e4c59,CU점촌역,편의점,점촌역전상점가,자율상권구역,경상북도,3.0,3.0,,,RESOLVED_AGREEMENT,False,3,,,,
01738ba63a83a5e3b9f7,val,편의점,T6 기계변형,q_편의점_09,편의점추천,생활·마트 중 '편의점'을 판매·제공하는 매장,ea8a403a-5b41-4492-8a4b-c79797e78966,씨유정읍인네점,편의점,정읍중앙로상점가,자율상권구역,전북특별자치도,3.0,3.0,,,RESOLVED_AGREEMENT,False,3,,,,
011b55d30d239bec78d8,val,편의점,T6 기계변형,q_편의점_09,편의점추천,생활·마트 중 '편의점'을 판매·제공하는 매장,67e246e9-09f0-4556-aa8c-cfc097e5a380,세븐일레븐편의점,편의점,88글러브 골목형상점가,골목형상점가,대전광역시,3.0,3.0,,,RESOLVED_AGREEMENT,False,3,,,,
db492c7592cb9fa3550a,val,편의점,T6 기계변형,q_편의점_09,편의점추천,생활·마트 중 '편의점'을 판매·제공하는 매장,01d01063-d46f-4d55-991f-bd03c55392f8,씨유 사상중흥센터,편의점,중흥 골목형상점가,골목형상점가,부산광역시,3.0,3.0,,,RESOLVED_AGREEMENT,False,3,,,,
66a1cfe1aaf9109f22d6,val,편의점,T6 기계변형,q_편의점_09,편의점추천,생활·마트 중 '편의점'을 판매·제공하는 매장,dc236aa0-df7a-4ea4-a73d-afe846bdadc1,Gs편의점농성대남점,편의점,상공회의소누리상인회 골목형상점가,골목형상점가,광주광역시,3.0,3.0,,,RESOLVED_AGREEMENT,False,3,,,,
e877717fc685c0c971e2,val,편의점,T6 기계변형,q_편의점_09,편의점추천,생활·마트 중 '편의점'을 판매·제공하는 매장,ab940518-86dd-4359-af59-aa51f85e8597,CU괘법중앙점,편의점,사상시장,전통시장,부산광역시,3.0,3.0,,,RESOLVED_AGREEMENT,False,3,,,,
56e6d6491be29e3d19d3,val,편의점,T6 기계변형,q_편의점_09,편의점추천,생활·마트 중 '편의점'을 판매·제공하는 매장,bac6cf87-6a05-44b0-a03c-147f15d1602c,편의점,식품 잡화,운수대통 골목형상점가,골목형상점가,광주광역시,2.0,3.0,,,P2_GRADED_ONLY,True,,,,,
0dbcaaeee05794c79530,val,편의점,T6 기계변형,q_편의점_09,편의점추천,생활·마트 중 '편의점'을 판매·제공하는 매장,384de038-e0eb-4dff-97fa-ad13ac3730e9,관방천편의점,편의점,국수거리 골목형상점가,골목형상점가,전라남도,3.0,3.0,,,RESOLVED_AGREEMENT,False,3,,,,
7bda45c3769402922d75,val,편의점,T6 기계변형,q_편의점_09,편의점추천,생활·마트 중 '편의점'을 판매·제공하는 매장,e8e9c9ac-afdd-4b70-8bf7-78ec9775281c,프랜드편의점,편의점,발안만세시장(구 발안시장),전통시장,경기도,3.0,3.0,,,RESOLVED_AGREEMENT,False,3,,,,
d0013c8afbb35807d32a,val,편의점,T6 기계변형,q_편의점_09,편의점추천,생활·마트 중 '편의점'을 판매·제공하는 매장,3649476e-6cb0-48ae-8bed-26ee4fcb9512,씨유정읍역점,편의점,정읍연지상점가,자율상권구역,전북특별자치도,3.0,3.0,,,RESOLVED_AGREEMENT,False,3,,,,
7255bf6c8202be4966f6,val,편의점,T6 기계변형,q_편의점_09,편의점추천,생활·마트 중 '편의점'을 판매·제공하는 매장,bc539cce-1727-4192-9ca3-8ef8baf19e4f,GS25,편의점,임방울거리3구역 골목형상점가,골목형상점가,광주광역시,3.0,3.0,,,RESOLVED_AGREEMENT,False,3,,,,
85ad915d46e3944afcae,val,편의점,T6 기계변형,q_편의점_09,편의점추천,생활·마트 중 '편의점'을 판매·제공하는 매장,003747e4-8102-4296-bfdf-b7ca7c1f83fa,평화잡화,잡화,부산평화시장,전통시장,부산광역시,1.0,0.0,,,P2_GRADED_ONLY,True,,,,,
d466c4302909bc9748e0,val,편의점,T6 기계변형,q_편의점_09,편의점추천,생활·마트 중 '편의점'을 판매·제공하는 매장,7bbb1ed7-c3d8-4905-b02e-4da632aa2cf6,GS25,편의점,하남진곡 골목형상점가,골목형상점가,광주광역시,3.0,3.0,,,RESOLVED_AGREEMENT,False,3,,,,
8efd75ee6badcb5053b0,val,편의점,T6 기계변형,q_편의점_09,편의점추천,생활·마트 중 '편의점'을 판매·제공하는 매장,4d492655-e03a-4324-a313-78d849318719,대영상회,편의점,도화종합시장,기타,인천광역시,3.0,3.0,,,RESOLVED_AGREEMENT,False,3,,,,
99469b6e57c0788c1e33,val,편의점,T6 기계변형,q_편의점_09,편의점추천,생활·마트 중 '편의점'을 판매·제공하는 매장,88431df8-90b4-4fb1-9d80-7b0ce9a4610d,현대25시 편의점,편의점 복권,봉일천전통시장,전통시장,경기도,3.0,3.0,,,RESOLVED_AGREEMENT,False,3,,,,
f7d8f2976e81804ba45e,val,편의점,T6 기계변형,q_편의점_09,편의점추천,생활·마트 중 '편의점'을 판매·제공하는 매장,5589af27-8a43-41e8-977c-35759e02fc6a,미래편의점,편의점,운남골목 골목형상점가,골목형상점가,광주광역시,3.0,3.0,,,RESOLVED_AGREEMENT,False,3,,,,
2af42d68b1e2f3e91236,val,편의점,T6 기계변형,q_편의점_09,편의점추천,생활·마트 중 '편의점'을 판매·제공하는 매장,37033488-7a37-4985-9a3c-180b45f7799b,도로마트,편의점,성안길상점가,자율상권구역,충청북도,3.0,3.0,,,RESOLVED_AGREEMENT,False,3,,,,
94791ad9a6c6155f0e21,val,편의점,T6 기계변형,q_편의점_09,편의점추천,생활·마트 중 '편의점'을 판매·제공하는 매장,482cbb20-74a8-4251-ac9a-b0efcc6d72b5,모아편의점,편의점,풍암금당상인회 골목형상점가,골목형상점가,광주광역시,3.0,3.0,,,RESOLVED_AGREEMENT,False,3,,,,
455b8e2f3ee377b6ef8d,val,편의점,T6 기계변형,q_편의점_09,편의점추천,생활·마트 중 '편의점'을 판매·제공하는 매장,003d5df8-0856-45e0-a11e-5098cf70541e,앨리스리본&공방,"공방, 잡화",봉화내성시장,전통시장,경상북도,1.0,0.0,,,P2_GRADED_ONLY,True,,,,,
24562f716741aada968c,val,편의점,T6 기계변형,q_편의점_09,편의점추천,생활·마트 중 '편의점'을 판매·제공하는 매장,003683a7-fde1-46b0-8421-08210268e2b0,이마트24 광주일곡엘리체점,,삼각동 골목형상점가,골목형상점가,,3.0,3.0,,,RESOLVED_AGREEMENT,False,3,,,,
e5cf9ad502d52d4abe24,val,편의점,T6 기계변형,q_편의점_09,편의점추천,생활·마트 중 '편의점'을 판매·제공하는 매장,ff9e8daa-d088-4a7a-a255-25f607980b46,베이비하우스 서울마곡점,아기용품,가양역사거리골목형상점가,골목형상점가,서울특별시,0.0,0.0,,,RESOLVED_AGREEMENT,False,0,,,,
667c14e4f44d65cf7f20,val,편의점,T6 기계변형,q_편의점_09,편의점추천,생활·마트 중 '편의점'을 판매·제공하는 매장,301b84b1-87af-4d85-9cd1-4c0f6b4b8f1f,하나편의점,편의점,치평상무역상인회 골목형상점가,골목형상점가,광주광역시,3.0,3.0,,,RESOLVED_AGREEMENT,False,3,,,,
52b28a165f4b5e3e307e,val,편의점,T6 기계변형,q_편의점_09,편의점추천,생활·마트 중 '편의점'을 판매·제공하는 매장,27427669-324a-4fc4-94c7-d7b68ff134b2,알리바이,편의점,두암1동군왕로 골목형상점가,골목형상점가,광주광역시,3.0,3.0,,,RESOLVED_AGREEMENT,False,3,,,,
add851d43c5338f9bcb4,val,편의점,T6 기계변형,q_편의점_09,편의점추천,생활·마트 중 '편의점'을 판매·제공하는 매장,81cbd8c7-ecaa-4fb4-ad84-a86f3043d56e,신영수산,수산물,신영시장,전통시장,서울특별시,0.0,0.0,,,RESOLVED_AGREEMENT,False,0,,,,
99efa66bc82c1f1d457b,val,편의점,T6 기계변형,q_편의점_09,편의점추천,생활·마트 중 '편의점'을 판매·제공하는 매장,01a0efe3-6970-4157-9177-c25358a4f8a6,유한회사 도민유통(와이마트),슈퍼마켓,용봉지구 골목형상점가,골목형상점가,광주광역시,3.0,2.0,,,P2_GRADED_ONLY,True,,,,,
347869db0506507dc0e0,val,편의점,T6 기계변형,q_편의점_09,편의점추천,생활·마트 중 '편의점'을 판매·제공하는 매장,0054b824-eb72-4efa-a1ba-40d467c899a5,수정상회,잡화,중앙전통시장,전통시장,울산광역시,1.0,0.0,,,P2_GRADED_ONLY,True,,,,,
95f72eedd24c8d134a5f,val,편의점,T6 기계변형,q_편의점_09,편의점추천,생활·마트 중 '편의점'을 판매·제공하는 매장,e734717c-7370-4950-8142-9fdbcf1efa12,Gs25,편의점,옥천영춘 골목형상점가,골목형상점가,전라남도,3.0,3.0,,,RESOLVED_AGREEMENT,False,3,,,,
56f3955dfd98d7a7ab61,val,편의점,T6 기계변형,q_편의점_09,편의점추천,생활·마트 중 '편의점'을 판매·제공하는 매장,88acd2dc-7a20-4162-804a-15e5555372f0,CU,편의점,프로방스 골목형상점가,골목형상점가,전라남도,3.0,3.0,,,RESOLVED_AGREEMENT,False,3,,,,
d86a1ffa0f49d9ef63a2,val,편의점,T6 기계변형,q_편의점_09,편의점추천,생활·마트 중 '편의점'을 판매·제공하는 매장,5c075211-d790-485f-8def-67e24a561bbc,마곡편의점,편의점,공산성골목형상점가,골목형상점가,충청남도,3.0,3.0,,,RESOLVED_AGREEMENT,False,3,,,,
afdffa00bfb5191e6ce6,val,편의점,T6 기계변형,q_편의점_09,편의점추천,생활·마트 중 '편의점'을 판매·제공하는 매장,00242042-f371-486a-a1fc-b85de093edbf,슈올즈 이천점,"신발, 잡화",장터거리시장 골목형상점가,골목형상점가,경기도,1.0,0.0,,,P2_GRADED_ONLY,True,,,,,
ccea9687c33b9e49a3d1,val,편의점,T6 기계변형,q_편의점_09,편의점추천,생활·마트 중 '편의점'을 판매·제공하는 매장,94ed11b4-4849-453d-9204-5d1f82d91a1b,CU용봉용주점,편의점,용봉우치로 골목형상점가,골목형상점가,광주광역시,3.0,3.0,,,RESOLVED_AGREEMENT,False,3,,,,
01004cdfea529c8e30c1,val,편의점,T6 기계변형,q_편의점_09,편의점추천,생활·마트 중 '편의점'을 판매·제공하는 매장,f49a524f-1de6-4c8d-bdfa-694328f5409c,축협알뜰편의점,편의점,새영주시장,전통시장,부산광역시,3.0,3.0,,,RESOLVED_AGREEMENT,False,3,,,,
7c292c09b0014c0a6a21,val,편의점,T6 기계변형,q_편의점_09,편의점추천,생활·마트 중 '편의점'을 판매·제공하는 매장,5cace896-d37b-4e1c-aa6a-1fd1ccf23540,밥끼,편의점물품,광탄전통시장,전통시장,경기도,3.0,3.0,,,RESOLVED_AGREEMENT,False,3,,,,
7b6b5cc7b7d40507291d,val,편의점,T6 기계변형,q_편의점_09,편의점추천,생활·마트 중 '편의점'을 판매·제공하는 매장,c66939f8-c98f-4086-86d3-2d59d3731920,(주)가람식자재마트,식품 및 잡화,우산상인회 골목형상점가,골목형상점가,광주광역시,2.0,2.0,,,RESOLVED_AGREEMENT,False,2,,,,
b53a61f00644a5744c4c,val,편의점,T6 기계변형,q_편의점_09,편의점추천,생활·마트 중 '편의점'을 판매·제공하는 매장,565f1f8d-4ef7-421e-b663-5d8cc82be1bd,주식회사 꽝링,한식,한양대앞상점가,자율상권구역,서울특별시,0.0,0.0,,,RESOLVED_AGREEMENT,False,0,,,,
a45a0cfae8c664610a34,val,편의점,T6 기계변형,q_편의점_09,편의점추천,생활·마트 중 '편의점'을 판매·제공하는 매장,faa75041-4bdb-4e87-85e3-1db953a5bf21,GS25,편의점,메트로센터(반월당지하쇼핑),일반지하상점가,대구광역시,3.0,3.0,,,RESOLVED_AGREEMENT,False,3,,,,
35111b6cf8d216e1e1ba,val,편의점,T6 기계변형,q_편의점_09,편의점추천,생활·마트 중 '편의점'을 판매·제공하는 매장,d2771b5e-371b-4ee1-91ad-b74c00d9d847,GS25,편의점,중앙로 백운1동 골목형상점가,골목형상점가,광주광역시,3.0,3.0,,,RESOLVED_AGREEMENT,False,3,,,,
52c51d0f58d399ef0ae0,val,편의점,T6 기계변형,q_편의점_09,편의점추천,생활·마트 중 '편의점'을 판매·제공하는 매장,b87a6d90-69d6-4ad7-b646-e863486748ac,씨유성주찬현점,편의점,성주시장,전통시장,경상북도,3.0,3.0,,,RESOLVED_AGREEMENT,False,3,,,,
53e7d9d286772eb35608,val,편의점,T6 기계변형,q_편의점_09,편의점추천,생활·마트 중 '편의점'을 판매·제공하는 매장,b16fc9ae-1efa-4247-a152-957e5ff1e4b8,전문약국,양약,광주대 골목형상점가,골목형상점가,광주광역시,0.0,0.0,,,RESOLVED_AGREEMENT,False,0,,,,
e087c4287df00e8d07b5,val,편의점,T6 기계변형,q_편의점_09,편의점추천,생활·마트 중 '편의점'을 판매·제공하는 매장,06087bd5-698a-4a4b-9812-dc2f59d3cee6,알리바이24시편의점,편의점,굴비골영광시장(구 영광매일시장),전통시장,전라남도,3.0,3.0,,,RESOLVED_AGREEMENT,False,3,,,,
21c08ef10647e63e1005,val,편의점,T6 기계변형,q_편의점_09,편의점추천,생활·마트 중 '편의점'을 판매·제공하는 매장,816a667e-53ed-4753-8fd5-1b908d6bc75d,해빛편의점,편의점 기타 잡화,전평제상인회 골목형상점가,골목형상점가,광주광역시,3.0,3.0,,,RESOLVED_AGREEMENT,False,3,,,,
4faa50aed98019cc2117,val,편의점,T6 기계변형,q_편의점_09,편의점추천,생활·마트 중 '편의점'을 판매·제공하는 매장,3ee6654a-0ceb-40ee-841a-dc62db37dbb3,씨유 남천 수영로,편의점,어울림마당 골목형상점가,골목형상점가,부산광역시,3.0,3.0,,,RESOLVED_AGREEMENT,False,3,,,,
9e644036ea3e5a4f619a,val,편의점,T6 기계변형,q_편의점_09,편의점추천,생활·마트 중 '편의점'을 판매·제공하는 매장,43f8a456-3012-4f4f-beb0-bc85fc1ec2c4,홈웨이편의점,편의점,함평천지 골목형상점가,골목형상점가,전라남도,3.0,3.0,,,RESOLVED_AGREEMENT,False,3,,,,
0ce8a0f041440eb54966,val,편의점,T6 기계변형,q_편의점_09,편의점추천,생활·마트 중 '편의점'을 판매·제공하는 매장,15d044c5-0f5c-4410-b98b-bff87e4f08df,우리편의점,편의점,산본로데오거리(구 산본중심상가),자율상권구역,경기도,3.0,3.0,,,RESOLVED_AGREEMENT,False,3,,,,
3e1ff29cd2255cd9d8bd,val,편의점,T6 기계변형,q_편의점_09,편의점추천,생활·마트 중 '편의점'을 판매·제공하는 매장,247192b1-0b98-4059-8848-948104589daa,씨유영신점,편의점,영신상가,전통시장,서울특별시,3.0,3.0,,,RESOLVED_AGREEMENT,False,3,,,,
e5d43bf2b44d9c3aa6a4,val,편의점,T6 기계변형,q_편의점_09,편의점추천,생활·마트 중 '편의점'을 판매·제공하는 매장,001906f9-c5ab-4432-9e3a-be3af3f08aeb,씨유 원주혁신점,편의점,혁신도시5구역골목형상점가,골목형상점가,강원특별자치도,3.0,3.0,,,RESOLVED_AGREEMENT,False,3,,,,
e2a512356d90aea9281d,val,편의점,T6 기계변형,q_편의점_09,편의점추천,생활·마트 중 '편의점'을 판매·제공하는 매장,01f1a79d-0dbc-4b3d-826a-88a921cfb804,주식회사 혜솔,편의점,반송큰시장,전통시장,부산광역시,3.0,3.0,,,RESOLVED_AGREEMENT,False,3,,,,
c621ce01753d77b4d9e5,val,편의점,T6 기계변형,q_편의점_09,편의점추천,생활·마트 중 '편의점'을 판매·제공하는 매장,cbbe3b20-c7a5-420d-bb17-239cbf6ad9a8,빨래터민물장어,장어,앞산맛둘레길 골목형상점가,골목형상점가,대구광역시,0.0,0.0,,,RESOLVED_AGREEMENT,False,0,,,,
6cf68cda5ff43e3eeca8,val,편의점,T6 기계변형,q_편의점_09,편의점추천,생활·마트 중 '편의점'을 판매·제공하는 매장,9331b39b-d923-4ec3-9203-fffe2e3df532,나우리편의점,편의점,거제 고현자율상권,,경상남도,3.0,3.0,,,RESOLVED_AGREEMENT,False,3,,,,
f1e9b6437ebf6a4186be,val,편의점,T6 기계변형,q_편의점_09,편의점추천,생활·마트 중 '편의점'을 판매·제공하는 매장,75185668-0bba-4930-8210-d43b6d469416,씨유석계본점,편의점,석계음식문화거리골목형상점가,골목형상점가,서울특별시,3.0,3.0,,,RESOLVED_AGREEMENT,False,3,,,,
830ee8f4fe204df15528,val,편의점,T6 기계변형,q_편의점_09,편의점추천,생활·마트 중 '편의점'을 판매·제공하는 매장,017a2c54-999b-4850-993e-cac5169d3aec,지에스25 원주황금점,편의점,혁신도시1구역골목형상점가,골목형상점가,강원특별자치도,3.0,3.0,,,RESOLVED_AGREEMENT,False,3,,,,
db90cfa94a4bffd3a7e6,val,편의점,T6 기계변형,q_편의점_09,편의점추천,생활·마트 중 '편의점'을 판매·제공하는 매장,75773136-20cb-4547-b867-0855ba8707ea,한우등촌골,한식,목동깨비시장(구 목3동시장),전통시장,서울특별시,0.0,0.0,,,RESOLVED_AGREEMENT,False,0,,,,
0eceb3f26a582fe0f6d0,val,편의점,T6 기계변형,q_편의점_09,편의점추천,생활·마트 중 '편의점'을 판매·제공하는 매장,481b4d13-7128-4f25-94f8-7bf2f71a4d8e,주야편의점,편의점,부곡시장,전통시장,경상북도,3.0,3.0,,,RESOLVED_AGREEMENT,False,3,,,,
8641e2eb9e3d1d289ae8,val,편의점,T6 기계변형,q_편의점_09,편의점추천,생활·마트 중 '편의점'을 판매·제공하는 매장,01790f65-6bd3-405b-9ef4-493889531486,세븐일레븐자양으뜸2호점,편의점,자양로13길골목형상점가,골목형상점가,서울특별시,3.0,3.0,,,RESOLVED_AGREEMENT,False,3,,,,
31eed85bbd8567aad973,val,편의점,T6 기계변형,q_편의점_09,편의점추천,생활·마트 중 '편의점'을 판매·제공하는 매장,3c4a2539-7dfa-4768-a3b1-093ff9a0eba7,씨유장대스토리점,편의점,장대동패션상가 골목형상점가,골목형상점가,대전광역시,3.0,3.0,,,RESOLVED_AGREEMENT,False,3,,,,
4a460c4ec99dd4fc42af,val,편의점,T6 기계변형,q_편의점_09,편의점추천,생활·마트 중 '편의점'을 판매·제공하는 매장,dff0c0d4-843d-404b-a3f1-4e7eebdac79d,씨유조종승리점,편의점,조종시장,전통시장,경기도,3.0,3.0,,,RESOLVED_AGREEMENT,False,3,,,,
bb262a2a43f0fb98d007,val,편의점,T6 기계변형,q_편의점_09,편의점추천,생활·마트 중 '편의점'을 판매·제공하는 매장,001bacc9-5a95-4049-babd-6691512d8da0,백두사,잡화,장량성도시장,전통시장,경상북도,1.0,0.0,,,P2_GRADED_ONLY,True,,,,,
23aa2954d9f07861c9df,val,편의점,T6 기계변형,q_편의점_09,편의점추천,생활·마트 중 '편의점'을 판매·제공하는 매장,006f9082-b590-49e3-baf4-f72dc203a510,CU풍암주은모아점,편의점,풍암당산상인회 골목형상점가,골목형상점가,광주광역시,3.0,3.0,,,RESOLVED_AGREEMENT,False,3,,,,
639c11bd0951f32d3e17,val,편의점,T6 기계변형,q_편의점_09,편의점추천,생활·마트 중 '편의점'을 판매·제공하는 매장,e90fa987-02cd-403e-baa7-989de65b2038,씨유일곡송해로점,편의점,일곡동 골목형상점가,골목형상점가,광주광역시,3.0,3.0,,,RESOLVED_AGREEMENT,False,3,,,,
a4fb7e75b91fe7cdec30,val,편의점,T6 기계변형,q_편의점_09,편의점추천,생활·마트 중 '편의점'을 판매·제공하는 매장,fc9a48dd-90f8-460e-b5d1-3d8e3dff4852,송림타올,타월,전주풍남문상점가,자율상권구역,전북특별자치도,0.0,0.0,,,RESOLVED_AGREEMENT,False,0,,,,
f03bbd4ae9bb348e43ef,val,편의점,T6 기계변형,q_편의점_09,편의점추천,생활·마트 중 '편의점'을 판매·제공하는 매장,0988667a-cf9e-456b-8122-1d8b35160864,CU해남땅끝점,편의점,땅끝마을 상점가,골목형상점가,전라남도,3.0,3.0,,,RESOLVED_AGREEMENT,False,3,,,,
25499d75687464a0c358,val,편의점,T6 기계변형,q_편의점_09,편의점추천,생활·마트 중 '편의점'을 판매·제공하는 매장,3bde790e-d4d7-4f61-8d83-2898f1acb39a,씨유편의점,편의점,쌍용먹자패션거리 골목형상점가,골목형상점가,충청남도,3.0,3.0,,,RESOLVED_AGREEMENT,False,3,,,,
a59dd2089359a1a3e38f,val,편의점,T6 기계변형,q_편의점_09,편의점추천,생활·마트 중 '편의점'을 판매·제공하는 매장,a5b5b0ca-3283-49ba-85a6-3b84ca19c37e,인성무역,편의점,포천리빙가구상점가,자율상권구역,경기도,3.0,3.0,,,RESOLVED_AGREEMENT,False,3,,,,
f6da1c3b4c386bdafd3d,val,편의점,T6 기계변형,q_편의점_09,편의점추천,생활·마트 중 '편의점'을 판매·제공하는 매장,2644e238-a7c8-41b1-8c79-cb2f76d08a15,동일마트,편의점,김해 삼방전통시장,전통시장,경상남도,3.0,3.0,,,RESOLVED_AGREEMENT,False,3,,,,
2d9fb8e18590813c6fb0,val,편의점,T6 기계변형,q_편의점_09,편의점추천,생활·마트 중 '편의점'을 판매·제공하는 매장,023e5716-7bdc-42c7-9c7e-a9a4f0f23a8b,이마트24 광주하남금호점,,한마음,골목형상점가,,3.0,3.0,,,RESOLVED_AGREEMENT,False,3,,,,
8ec4d5fc922f658eafd2,val,편의점,T6 기계변형,q_편의점_09,편의점추천,생활·마트 중 '편의점'을 판매·제공하는 매장,e47288cc-6ac7-4b2d-9a64-4e66b39990ab,CU주엽효원점,편의점,주엽역 골목형상점가,골목형상점가,경기도,3.0,3.0,,,RESOLVED_AGREEMENT,False,3,,,,
281ce408d6e054cf4d12,val,편의점,T6 기계변형,q_편의점_09,편의점추천,생활·마트 중 '편의점'을 판매·제공하는 매장,fee76baf-6062-4740-a214-fbae8ab4ec9c,GS25,편의점,신창진흥 골목형상점가,골목형상점가,광주광역시,3.0,3.0,,,RESOLVED_AGREEMENT,False,3,,,,
b52715ef3e080b51abbb,val,편의점,T6 기계변형,q_편의점_09,편의점추천,생활·마트 중 '편의점'을 판매·제공하는 매장,ea47d538-c0a1-4e28-853d-781913295f37,씨유관악당곡점,편의점,보라빛거리골목형상점가,골목형상점가,서울특별시,3.0,3.0,,,RESOLVED_AGREEMENT,False,3,,,,
4593028ce42bb26821f8,val,편의점,T6 기계변형,q_편의점_09,편의점추천,생활·마트 중 '편의점'을 판매·제공하는 매장,52879bba-f146-4ec0-be23-e89e2968921a,감나무골편의점,편의점,서신동 골목형상점가,골목형상점가,전북특별자치도,3.0,3.0,,,RESOLVED_AGREEMENT,False,3,,,,
8594c855d4a6cbc197e4,val,편의점,T6 기계변형,q_편의점_09,편의점추천,생활·마트 중 '편의점'을 판매·제공하는 매장,babdb769-d75b-4fa3-bf1c-51280c766735,편의점사랑,편의점,의왕역 골목형상점가,골목형상점가,경기도,3.0,3.0,,,RESOLVED_AGREEMENT,False,3,,,,
eb3c75e4b20d7cfdd253,val,편의점,T6 기계변형,q_편의점_09,편의점추천,생활·마트 중 '편의점'을 판매·제공하는 매장,01b2c972-f367-47e6-b3d2-11585175a7c1,명동슈퍼,슈퍼,신대방1동온누리길골목형상점가,골목형상점가,서울특별시,3.0,2.0,,,P2_GRADED_ONLY,True,,,,,
78124e4740243177bce3,test,가구,T1 정확표기,q_가구_01,가구,생활·마트 중 '가구'를 판매·제공하는 매장,562dc726-518f-4fdc-bff6-c846105616f9,동서가구,가구,양동복개상가,전통시장,광주광역시,3.0,3.0,,,RESOLVED_AGREEMENT,False,3,,,,
794784004276b1267041,test,가구,T1 정확표기,q_가구_01,가구,생활·마트 중 '가구'를 판매·제공하는 매장,94723153-cdc4-4e5c-9cd9-25a1d2b8f96d,준이가구,가구,송경종합시장,전통시장,대구광역시,3.0,3.0,,,RESOLVED_AGREEMENT,False,3,,,,
a58b928775b7e8a85597,test,가구,T1 정확표기,q_가구_01,가구,생활·마트 중 '가구'를 판매·제공하는 매장,f4b406c7-8ffa-4ae5-9719-52be5407c901,조디악,가구,대구종합유통단지전자관사업협동조합,전통시장,대구광역시,3.0,3.0,,,RESOLVED_AGREEMENT,False,3,,,,
bbe48522b0a1902a2ebe,test,가구,T1 정확표기,q_가구_01,가구,생활·마트 중 '가구'를 판매·제공하는 매장,08f360fe-d30f-4e07-9c0b-dae08fbd43eb,라자가구,가구,성정가구거리상점가,자율상권구역,충청남도,3.0,3.0,,,RESOLVED_AGREEMENT,False,3,,,,
10db83ac60b1cdb0001b,test,가구,T1 정확표기,q_가구_01,가구,생활·마트 중 '가구'를 판매·제공하는 매장,0b1020aa-4576-4fc3-9ee6-a6fe2a321e73,소낭구 평택점,식탁소파침대옷장 등 가구일체,청북가구단지상점가,골목형상점가,경기도,3.0,3.0,,,RESOLVED_AGREEMENT,False,3,,,,
1a16ab28cb28e062e47b,test,가구,T1 정확표기,q_가구_01,가구,생활·마트 중 '가구'를 판매·제공하는 매장,bc93c1f6-1544-449d-924c-dee3e0a0f60e,이든가구,가구,서문대로 골목형상점가,골목형상점가,광주광역시,3.0,3.0,,,RESOLVED_AGREEMENT,False,3,,,,
11f4a84c0ce3e760533e,test,가구,T1 정확표기,q_가구_01,가구,생활·마트 중 '가구'를 판매·제공하는 매장,ac4548f8-4b4c-4877-8b36-c027ba92a7b1,가구앤라인,가구,성정가구거리상점가,자율상권구역,충청남도,3.0,3.0,,,RESOLVED_AGREEMENT,False,3,,,,
ef88419bece350915850,test,가구,T1 정확표기,q_가구_01,가구,생활·마트 중 '가구'를 판매·제공하는 매장,fd8f0910-7a26-4116-9401-50356438906b,루니브로스(LOONEY BROS),양식,연신내골목형상점가,골목형상점가,서울특별시,0.0,0.0,,,RESOLVED_AGREEMENT,False,0,,,,
f6d8624eda3ed1dcf073,test,가구,T1 정확표기,q_가구_01,가구,생활·마트 중 '가구'를 판매·제공하는 매장,c4088b80-29ef-4fe5-8e41-a062fb483e83,바로크 가구,가구,청남가구단지 상점가,자율상권구역,충청북도,3.0,3.0,,,RESOLVED_AGREEMENT,False,3,,,,
4274ee199acb0dc982a5,test,가구,T1 정확표기,q_가구_01,가구,생활·마트 중 '가구'를 판매·제공하는 매장,830e2a10-a351-4ab6-b86a-84590bf3a2f0,다~산가구,가구,경산중앙로상점가,자율상권구역,경상북도,3.0,3.0,,,RESOLVED_AGREEMENT,False,3,,,,
6a3f628f23d7a88cf77b,test,가구,T1 정확표기,q_가구_01,가구,생활·마트 중 '가구'를 판매·제공하는 매장,361c9e71-1f71-4a70-a775-00d9ebff6c33,삼익가구,가구,양동복개상가,전통시장,광주광역시,3.0,3.0,,,RESOLVED_AGREEMENT,False,3,,,,
7e28030704487b58f282,test,가구,T1 정확표기,q_가구_01,가구,생활·마트 중 '가구'를 판매·제공하는 매장,00157e3c-6f50-4200-b30b-056a209c814a,장인가구창원제일점,가구,창원 팔용가구거리,자율상권구역,경상남도,3.0,3.0,,,RESOLVED_AGREEMENT,False,3,,,,
19c2c288d223a36bc4b8,test,가구,T1 정확표기,q_가구_01,가구,생활·마트 중 '가구'를 판매·제공하는 매장,b5423e05-adfe-4a18-8b18-98dbe02b81ef,더홈가구,가구,대구종합유통단지전자관사업협동조합,전통시장,대구광역시,3.0,3.0,,,RESOLVED_AGREEMENT,False,3,,,,
7bc46e28a5a476f1fd65,test,가구,T1 정확표기,q_가구_01,가구,생활·마트 중 '가구'를 판매·제공하는 매장,8002dce8-adef-460c-a55d-85cc2602aa41,미가구,가구,신창동가구의거리일번국도상점가,자율상권구역,광주광역시,3.0,3.0,,,RESOLVED_AGREEMENT,False,3,,,,
8714e635f6b19c59f483,test,가구,T1 정확표기,q_가구_01,가구,생활·마트 중 '가구'를 판매·제공하는 매장,15a05572-6e52-44e3-95f8-7a682bc07c18,파로마 가구,가구,상록수가구거리상점가,자율상권구역,경기도,3.0,3.0,,,RESOLVED_AGREEMENT,False,3,,,,
c546ab54808ea95c60ba,test,가구,T1 정확표기,q_가구_01,가구,생활·마트 중 '가구'를 판매·제공하는 매장,3e3e2bdd-02fb-4f28-ab48-1aa73ae014a6,반도가구,가구,마산 북마산가구시장,전통시장,경상남도,3.0,3.0,,,RESOLVED_AGREEMENT,False,3,,,,
5dfb83d4811629d5942d,test,가구,T1 정확표기,q_가구_01,가구,생활·마트 중 '가구'를 판매·제공하는 매장,e2b74f6b-8d12-4c4d-8857-87343e639d11,청춘뼈해장국,한식,월곡대반 골목형상점가,골목형상점가,광주광역시,0.0,0.0,,,RESOLVED_AGREEMENT,False,0,,,,
81c6d4da02a772d8d62f,test,가구,T1 정확표기,q_가구_01,가구,생활·마트 중 '가구'를 판매·제공하는 매장,0fbc5ef3-a388-4283-995e-982a1784c0d0,원흥가구,가구,광탄전통시장,전통시장,경기도,3.0,3.0,,,RESOLVED_AGREEMENT,False,3,,,,
a2916f7ade2f93c0d928,test,가구,T1 정확표기,q_가구_01,가구,생활·마트 중 '가구'를 판매·제공하는 매장,0682734b-5e2e-4e79-9bcc-9fee6192ebcc,나무뜰,소매업(인테리어소품),신안프라자전통시장,전통시장,경기도,1.0,1.0,,,RESOLVED_AGREEMENT,False,1,,,,
92fe7fb8feb1f82e5c6b,test,가구,T1 정확표기,q_가구_01,가구,생활·마트 중 '가구'를 판매·제공하는 매장,0021ea65-4c59-4aa0-8d1c-95fe7b6686d0,공간인테리어,경미한공사(인테리어),여의동 골목형상점가,골목형상점가,전북특별자치도,1.0,1.0,,,RESOLVED_AGREEMENT,False,1,,,,
1265b38d215d0e3adc96,test,가구,T1 정확표기,q_가구_01,가구,생활·마트 중 '가구'를 판매·제공하는 매장,702a95c6-9c0c-4760-9e6b-f183e95c2003,가구가싸,가구,산본로데오거리(구 산본중심상가),자율상권구역,경기도,3.0,3.0,,,RESOLVED_AGREEMENT,False,3,,,,
dff10dcd830bc7138a1e,test,가구,T1 정확표기,q_가구_01,가구,생활·마트 중 '가구'를 판매·제공하는 매장,196bd38b-f05e-4144-8c2d-4752a351bc9d,가구 아울렛,가구,성정가구거리상점가,자율상권구역,충청남도,3.0,3.0,,,RESOLVED_AGREEMENT,False,3,,,,
a7bef71a2310c2eb2148,test,가구,T1 정확표기,q_가구_01,가구,생활·마트 중 '가구'를 판매·제공하는 매장,000f2b92-c3c3-4ff7-8507-d2b8b0804036,우아미 가구,가구 도소매,삼산가구전문거리,골목형상점가,울산광역시,3.0,3.0,,,RESOLVED_AGREEMENT,False,3,,,,
24f12d40209660108641,test,가구,T1 정확표기,q_가구_01,가구,생활·마트 중 '가구'를 판매·제공하는 매장,9b26eb62-79a2-4745-9f79-a7b6d7142deb,우아미 가구,가구,빛고을 골목형상점가,골목형상점가,광주광역시,3.0,3.0,,,RESOLVED_AGREEMENT,False,3,,,,
71f219f8e67814754c83,test,가구,T1 정확표기,q_가구_01,가구,생활·마트 중 '가구'를 판매·제공하는 매장,08d279de-df58-4bbf-98b5-b53c1d84cb4b,헤스티아디자인,"가구, 인테리어",마산 북마산가구시장,전통시장,경상남도,3.0,3.0,,,RESOLVED_AGREEMENT,False,3,,,,
1cc7c57d1cf70371968d,test,가구,T1 정확표기,q_가구_01,가구,생활·마트 중 '가구'를 판매·제공하는 매장,521134a6-c000-41af-9857-d2d8b7fd6255,삼익가구,가구,성정가구거리상점가,자율상권구역,충청남도,3.0,3.0,,,RESOLVED_AGREEMENT,False,3,,,,
cf932e10155ab290356f,test,가구,T1 정확표기,q_가구_01,가구,생활·마트 중 '가구'를 판매·제공하는 매장,c2ae64f1-d97c-4e65-a35b-57fdc07fe36a,한솔가구,가구,반야월종합시장,전통시장,대구광역시,3.0,3.0,,,RESOLVED_AGREEMENT,False,3,,,,
b6f89830970730104b50,test,가구,T1 정확표기,q_가구_01,가구,생활·마트 중 '가구'를 판매·제공하는 매장,407d437c-be51-4ad4-a5ba-38a15279fb2d,신영바베큐,음식점,신영시장,전통시장,서울특별시,0.0,0.0,,,RESOLVED_AGREEMENT,False,0,,,,
5102f600ff65d61f4a0b,test,가구,T1 정확표기,q_가구_01,가구,생활·마트 중 '가구'를 판매·제공하는 매장,ecce6fcd-b18a-41e4-babb-c7b5976e83a6,상연가구,가구,청남가구단지 상점가,자율상권구역,충청북도,3.0,3.0,,,RESOLVED_AGREEMENT,False,3,,,,
cda6640e89407dd35178,test,가구,T1 정확표기,q_가구_01,가구,생활·마트 중 '가구'를 판매·제공하는 매장,3fd37f6d-7582-48b1-b37b-6720f382cafc,정상균가구,가구,진주 논개시장,전통시장,경상남도,3.0,3.0,,,RESOLVED_AGREEMENT,False,3,,,,
a3aecf8befb9505341d5,test,가구,T1 정확표기,q_가구_01,가구,생활·마트 중 '가구'를 판매·제공하는 매장,d055856b-9cc4-49c1-b652-3148f0fd3d5d,로얄가구,가구,학성가구거리 상점가,자율상권구역,울산광역시,3.0,3.0,,,RESOLVED_AGREEMENT,False,3,,,,
1754e4e3902e2522a9f3,test,가구,T1 정확표기,q_가구_01,가구,생활·마트 중 '가구'를 판매·제공하는 매장,f5ddf4d5-0d2a-4e9a-9c45-3db1594ab6d4,럭쎄스,가구,대구종합유통단지전자관사업협동조합,전통시장,대구광역시,3.0,3.0,,,RESOLVED_AGREEMENT,False,3,,,,
c5dc2ff4db9d165a57d2,test,가구,T1 정확표기,q_가구_01,가구,생활·마트 중 '가구'를 판매·제공하는 매장,42744bc1-7931-4f4e-a5a6-a7db06fd590b,현대가구,가구,양동복개상가,전통시장,광주광역시,3.0,3.0,,,RESOLVED_AGREEMENT,False,3,,,,
a47e96e381ec840aa190,test,가구,T1 정확표기,q_가구_01,가구,생활·마트 중 '가구'를 판매·제공하는 매장,02f4782a-e87b-4c4c-a517-6eec40381342,장수돌침대,가구침대,포천리빙가구상점가,자율상권구역,경기도,3.0,3.0,,,RESOLVED_AGREEMENT,False,3,,,,
8c7c0b70ae4e82962147,test,가구,T1 정확표기,q_가구_01,가구,생활·마트 중 '가구'를 판매·제공하는 매장,6478fbf9-60bd-4894-ba0d-141f0d99ce50,필굿,가구,부평종합시장,전통시장,인천광역시,3.0,3.0,,,RESOLVED_AGREEMENT,False,3,,,,
cbe6c624f4387686f0cb,test,가구,T1 정확표기,q_가구_01,가구,생활·마트 중 '가구'를 판매·제공하는 매장,92e28c58-1502-434c-bebc-3cb7517d1f18,삼익가구,가구,서순천가구백화점골목형상점가,골목형상점가,전라남도,3.0,3.0,,,RESOLVED_AGREEMENT,False,3,,,,
9752a657e71078e6a229,test,가구,T1 정확표기,q_가구_01,가구,생활·마트 중 '가구'를 판매·제공하는 매장,fa905f9d-101b-407d-a8be-180e2961b86b,썬퍼니처 가구,가구,학성가구거리 상점가,자율상권구역,울산광역시,3.0,3.0,,,RESOLVED_AGREEMENT,False,3,,,,
de595fc8e779a6904ef0,test,가구,T1 정확표기,q_가구_01,가구,생활·마트 중 '가구'를 판매·제공하는 매장,0394caa3-10fc-4b86-b7e2-c7b1ac09d649,새마을종합인테리어,"인테리어(벽지,장판등)",성남남한산성시장(구 은행골목시장),전통시장,경기도,1.0,1.0,,,RESOLVED_AGREEMENT,False,1,,,,
9f1dd406403aedc70e8e,test,가구,T1 정확표기,q_가구_01,가구,생활·마트 중 '가구'를 판매·제공하는 매장,1060d706-f6af-4c96-9007-a78ea1e800e7,문화가구,가구,공주산성 활성화구역,전통시장,충청남도,3.0,3.0,,,RESOLVED_AGREEMENT,False,3,,,,
279d38a21cf4289eb5f1,test,가구,T1 정확표기,q_가구_01,가구,생활·마트 중 '가구'를 판매·제공하는 매장,c85013b5-1255-4b0e-abd7-58e8db3225f5,파스타이오,양식,더센트럴 골목형상점가,골목형상점가,세종특별자치시,0.0,0.0,,,RESOLVED_AGREEMENT,False,0,,,,
2c0bc283908bcde21fb5,test,가구,T1 정확표기,q_가구_01,가구,생활·마트 중 '가구'를 판매·제공하는 매장,060ca668-6ba8-4dbc-af43-1b0f2b64cda6,오브제 퍼니처,침대소파식탁,김포 가구단지 골목형상점가,골목형상점가,경기도,3.0,3.0,,,RESOLVED_AGREEMENT,False,3,,,,
d90e82a1032a2f5186a3,test,가구,T1 정확표기,q_가구_01,가구,생활·마트 중 '가구'를 판매·제공하는 매장,0a1ada5b-ccf8-48a5-b6ad-2c4ef397d03a,동남가구,가구,전주동부시장,전통시장,전북특별자치도,3.0,3.0,,,RESOLVED_AGREEMENT,False,3,,,,
e849fe989580a533c360,test,가구,T1 정확표기,q_가구_01,가구,생활·마트 중 '가구'를 판매·제공하는 매장,0c8244b3-2ea6-434f-8390-df1ee5e506e8,라자가구,가구,전주가구거리상점가,자율상권구역,전북특별자치도,3.0,3.0,,,RESOLVED_AGREEMENT,False,3,,,,
06d355c58fc2aa33f7d1,test,가구,T1 정확표기,q_가구_01,가구,생활·마트 중 '가구'를 판매·제공하는 매장,4b09c907-a9fc-4c85-8200-135efdc9b262,이조가구,가구,문창시장,전통시장,대전광역시,3.0,3.0,,,RESOLVED_AGREEMENT,False,3,,,,
4590ba102afc58939884,test,가구,T1 정확표기,q_가구_01,가구,생활·마트 중 '가구'를 판매·제공하는 매장,d950a01b-abb7-4e32-9c0f-cecb2fc57e61,목향가구,가구,마산 북마산가구시장,전통시장,경상남도,3.0,3.0,,,RESOLVED_AGREEMENT,False,3,,,,
65c049b358b302ebc51b,test,가구,T1 정확표기,q_가구_01,가구,생활·마트 중 '가구'를 판매·제공하는 매장,063e0bdb-f37d-403a-8d87-439096dd4a51,공감인테리어,실내 인테리어벽지장판목공타일류 등 및 컨설팅,운남7단지먹자거리 골목형상점가,골목형상점가,광주광역시,1.0,1.0,,,RESOLVED_AGREEMENT,False,1,,,,
841bd887e1d11fa4edb9,test,가구,T1 정확표기,q_가구_01,가구,생활·마트 중 '가구'를 판매·제공하는 매장,00819c3e-a0dc-4005-8c3b-25b804133ef6,에이스퍼니처,가구,동광주 골목형상점가,골목형상점가,광주광역시,3.0,3.0,,,RESOLVED_AGREEMENT,False,3,,,,
ce96dc845106d896c971,test,가구,T1 정확표기,q_가구_01,가구,생활·마트 중 '가구'를 판매·제공하는 매장,003f093e-cafd-472d-a875-6931880b1a71,올리브데코,가구,제2경주중심상가시장(경주봉황중심상가시장),전통시장,경상북도,3.0,3.0,,,RESOLVED_AGREEMENT,False,3,,,,
49d17cf91855a4217d5a,test,가구,T1 정확표기,q_가구_01,가구,생활·마트 중 '가구'를 판매·제공하는 매장,40af7b91-7f04-4b4d-8809-08e1c5813c51,가현가구,장농침대소파식탁,하남대로가구의거리상인회 골목형상점가,골목형상점가,광주광역시,3.0,3.0,,,RESOLVED_AGREEMENT,False,3,,,,
5fb3b41f5989a5bb1443,test,가구,T1 정확표기,q_가구_01,가구,생활·마트 중 '가구'를 판매·제공하는 매장,e07340c6-82c3-4136-b102-cb879126f346,더가구,가구,대구종합유통단지전자관사업협동조합,전통시장,대구광역시,3.0,3.0,,,RESOLVED_AGREEMENT,False,3,,,,
ddb97be7e6876563e6fd,test,가구,T1 정확표기,q_가구_01,가구,생활·마트 중 '가구'를 판매·제공하는 매장,fa736be0-833d-4d0c-9b05-dee4db79e711,서영가구,가구,서순천가구백화점골목형상점가,골목형상점가,전라남도,3.0,3.0,,,RESOLVED_AGREEMENT,False,3,,,,
d2fc1d99958154665e20,test,가구,T1 정확표기,q_가구_01,가구,생활·마트 중 '가구'를 판매·제공하는 매장,f3970a95-7d66-4eb7-b1f3-fff8ce3f0c75,정앤양치과,치과치료,두암타운 골목형상점가,골목형상점가,광주광역시,0.0,0.0,,,RESOLVED_AGREEMENT,False,0,,,,
7824fcfdf144f7c58468,test,가구,T1 정확표기,q_가구_01,가구,생활·마트 중 '가구'를 판매·제공하는 매장,2e5d3e16-b7e6-4ec9-87b1-b80db50cfb8e,다온가구,가구,포항죽도시장,전통시장,경상북도,3.0,3.0,,,RESOLVED_AGREEMENT,False,3,,,,
100541188ce8abb35312,test,가구,T1 정확표기,q_가구_01,가구,생활·마트 중 '가구'를 판매·제공하는 매장,2a8ad1a2-ddfe-4a5f-bdbd-84b691cf1650,까소엔,가구,청북가구단지상점가,골목형상점가,경기도,3.0,3.0,,,RESOLVED_AGREEMENT,False,3,,,,
147f72fb40706fa65abd,test,가구,T1 정확표기,q_가구_01,가구,생활·마트 중 '가구'를 판매·제공하는 매장,163e2740-40f4-47d3-908e-cd0003cc3aea,에덴가구,가구,청양전통시장(구 청양상설시장),전통시장,충청남도,3.0,3.0,,,RESOLVED_AGREEMENT,False,3,,,,
8988ba1e1f6c9c449b4f,test,가구,T1 정확표기,q_가구_01,가구,생활·마트 중 '가구'를 판매·제공하는 매장,48cc700f-acfd-4514-8948-7f9db8f88719,비타민원목가구,소파.침대.식탁,청북가구단지상점가,자율상권구역,경기도,3.0,3.0,,,RESOLVED_AGREEMENT,False,3,,,,
1b9d73a4a6b01bf8b0aa,test,가구,T1 정확표기,q_가구_01,가구,생활·마트 중 '가구'를 판매·제공하는 매장,002db554-24ed-4307-adce-47f82d00e39e,에몬스가구섬유관점,가구,섬유제품관,전통시장,대구광역시,3.0,3.0,,,RESOLVED_AGREEMENT,False,3,,,,
f7aebbde8b7f0bebdb60,test,가구,T1 정확표기,q_가구_01,가구,생활·마트 중 '가구'를 판매·제공하는 매장,1c14aaaf-8582-4c58-ac40-6f0f98508563,에쉴리가구,가구,성정가구거리상점가,자율상권구역,충청남도,3.0,3.0,,,RESOLVED_AGREEMENT,False,3,,,,
1eeddad375b5581cae89,test,가구,T1 정확표기,q_가구_01,가구,생활·마트 중 '가구'를 판매·제공하는 매장,747cddf9-b78f-4d08-acb9-1c8d70578cfb,가구숲,가구,신창동가구의거리일번국도상점가,자율상권구역,광주광역시,3.0,3.0,,,RESOLVED_AGREEMENT,False,3,,,,
a7d24a1572269657f536,test,가구,T1 정확표기,q_가구_01,가구,생활·마트 중 '가구'를 판매·제공하는 매장,6d81faa3-9516-4752-8788-2f9cbe928378,이화가구,가구,황학동 주방가구거리 상점가,자율상권구역,서울특별시,3.0,3.0,,,RESOLVED_AGREEMENT,False,3,,,,
b7c721d45fd0dd4f4e20,test,가구,T1 정확표기,q_가구_01,가구,생활·마트 중 '가구'를 판매·제공하는 매장,cc7363d5-a3e5-4e05-bb17-99395a2f3d5a,까르떼 가구,가구,운정가구단지 상점가,자율상권구역,경기도,3.0,3.0,,,RESOLVED_AGREEMENT,False,3,,,,
e32b55388ad9d0e1f15a,test,가구,T1 정확표기,q_가구_01,가구,생활·마트 중 '가구'를 판매·제공하는 매장,e5d6f685-e813-4ae1-99e4-25e75f3bef6f,고려가구,가구,거제 능포 골목형상점가,골목형상점가,경상남도,3.0,3.0,,,RESOLVED_AGREEMENT,False,3,,,,
65d9e95386ae43738f79,test,가구,T1 정확표기,q_가구_01,가구,생활·마트 중 '가구'를 판매·제공하는 매장,99e303fe-8569-42c4-acec-eb2d7b4423bc,오씬홈,가구,포천리빙가구상점가,자율상권구역,경기도,3.0,3.0,,,RESOLVED_AGREEMENT,False,3,,,,
d5655fcc942273440254,test,가구,T1 정확표기,q_가구_01,가구,생활·마트 중 '가구'를 판매·제공하는 매장,600ca92d-aa7d-4a24-a035-1eba48b94c43,동서가구,가구,학성가구거리 상점가,자율상권구역,울산광역시,3.0,3.0,,,RESOLVED_AGREEMENT,False,3,,,,
ebca3215cc24921907e3,test,가구,T1 정확표기,q_가구_01,가구,생활·마트 중 '가구'를 판매·제공하는 매장,00029834-c340-4d89-b5a7-cee930fc3c31,콩심24시전주종가콩나물국밥,가구,불당1번가골목형상점가,골목형상점가,충청남도,3.0,3.0,,,RESOLVED_AGREEMENT,False,3,,,,
bce15a39d6e4597fa80f,test,가구,T1 정확표기,q_가구_01,가구,생활·마트 중 '가구'를 판매·제공하는 매장,0b4b871f-5f8b-40ab-9da2-4cf687622c22,동백가구,가구,양동복개상가,전통시장,,3.0,3.0,,,RESOLVED_AGREEMENT,False,3,,,,
62b1a8e1df3981721a78,test,가구,T1 정확표기,q_가구_01,가구,생활·마트 중 '가구'를 판매·제공하는 매장,c42a16d2-bde9-471f-afd0-7d1d5186a7f4,타센,가구,상록수가구거리상점가,골목형상점가,경기도,3.0,3.0,,,RESOLVED_AGREEMENT,False,3,,,,
cc12bbed26909eae973a,test,가구,T1 정확표기,q_가구_01,가구,생활·마트 중 '가구'를 판매·제공하는 매장,e7ae037d-7fe6-443d-b06b-d9dc6ec6949d,로얄가구,가구,아현가구거리 상점가,자율상권구역,서울특별시,3.0,3.0,,,RESOLVED_AGREEMENT,False,3,,,,
57e502ec06b8de865d37,test,가구,T1 정확표기,q_가구_01,가구,생활·마트 중 '가구'를 판매·제공하는 매장,89dc1e0e-6eb1-42c1-b9a7-4a76c12f9fb5,이레가구,가구,시흥행궁길골목형상점가,골목형상점가,서울특별시,3.0,3.0,,,RESOLVED_AGREEMENT,False,3,,,,
f6e755c00d63a91b9d0f,test,가구,T1 정확표기,q_가구_01,가구,생활·마트 중 '가구'를 판매·제공하는 매장,a795f518-af9d-497b-8655-03bd6fb77f45,라자가구,가구,목포청호시장,전통시장,,3.0,3.0,,,RESOLVED_AGREEMENT,False,3,,,,
ed84824563a5dfbf1f57,test,가구,T1 정확표기,q_가구_01,가구,생활·마트 중 '가구'를 판매·제공하는 매장,0039f6c3-9cdd-48f5-ae33-279dbbcf879d,다이렉트소파몰 안산직영점,가구소매업,상록수가구거리상점가,골목형상점가,경기도,3.0,3.0,,,RESOLVED_AGREEMENT,False,3,,,,
992fa128269c2936b2c3,test,가구,T1 정확표기,q_가구_01,가구,생활·마트 중 '가구'를 판매·제공하는 매장,01083bff-525f-49d6-8dc9-7d3f1e1088cd,파로마 가구,가구,대전관저가구단지 골목형상점가,골목형상점가,대전광역시,3.0,3.0,,,RESOLVED_AGREEMENT,False,3,,,,
bee391d06769abe9edbf,test,가구,T1 정확표기,q_가구_01,가구,생활·마트 중 '가구'를 판매·제공하는 매장,c91dc31d-3dae-4804-9a12-1dd2038d52e7,전주가구,가구,전주남부시장,전통시장,전북특별자치도,3.0,3.0,,,RESOLVED_AGREEMENT,False,3,,,,
ee9be74dcfb57b178eba,test,가구,T1 정확표기,q_가구_01,가구,생활·마트 중 '가구'를 판매·제공하는 매장,0d32b58f-0a8d-4159-b3cf-c4e1a3ec49dc,단청(장수돌침대의왕점),,안양1번가 상점가,자율상권구역,경기도,3.0,3.0,,,RESOLVED_AGREEMENT,False,3,,,,
ff097456e3544a5dbffd,test,가구,T1 정확표기,q_가구_01,가구,생활·마트 중 '가구'를 판매·제공하는 매장,54100fe3-6b23-45d3-bf8b-26ff3ab410a0,거제상회,생선,자갈치시장,전통시장,부산광역시,0.0,0.0,,,RESOLVED_AGREEMENT,False,0,,,,
f8fb84cf938af1be904e,test,가구,T1 정확표기,q_가구_01,가구,생활·마트 중 '가구'를 판매·제공하는 매장,dc2076ae-3283-4dc5-a580-38f9396b1ad6,가구천사,가구,연제초 앞 골목형상점가,골목형상점가,광주광역시,3.0,3.0,,,RESOLVED_AGREEMENT,False,3,,,,
96ccc93f48733ec29c41,test,가구,T1 정확표기,q_가구_01,가구,생활·마트 중 '가구'를 판매·제공하는 매장,8109829e-6990-4d1c-b466-102c8d320ea4,참진가구,가구,목포청호시장,전통시장,전라남도,3.0,3.0,,,RESOLVED_AGREEMENT,False,3,,,,
841b66add4fcb4bb2288,test,가구,T1 정확표기,q_가구_01,가구,생활·마트 중 '가구'를 판매·제공하는 매장,b59f07a2-fca4-488d-a565-328f1a85c260,서울가구,가구,상주남문거리 골목형상점가,골목형상점가,경상북도,3.0,3.0,,,RESOLVED_AGREEMENT,False,3,,,,
8312ec8717707ab4d904,test,가구,T1 정확표기,q_가구_01,가구,생활·마트 중 '가구'를 판매·제공하는 매장,b935fe1d-c445-49e7-8045-7fb76055c104,루이가구,가구,천안삼거리 가구단지 상점가,자율상권구역,충청남도,3.0,3.0,,,RESOLVED_AGREEMENT,False,3,,,,
29843190babae0a579ce,test,가구,T1 정확표기,q_가구_01,가구,생활·마트 중 '가구'를 판매·제공하는 매장,ae7a9e9e-60ac-4300-9f14-7121dae15990,영진가구,가구,동광주 골목형상점가,골목형상점가,광주광역시,3.0,3.0,,,RESOLVED_AGREEMENT,False,3,,,,
4bbe4384e85d2be20ff5,test,가구,T1 정확표기,q_가구_01,가구,생활·마트 중 '가구'를 판매·제공하는 매장,fac47bcc-d184-4b3c-9853-3bd986287a32,유희장,가구,과천새서울프라자시장,전통시장,경기도,3.0,3.0,,,RESOLVED_AGREEMENT,False,3,,,,
a987bd0b3beb26918dd9,test,가구,T1 정확표기,q_가구_01,가구,생활·마트 중 '가구'를 판매·제공하는 매장,7202a533-30bb-491b-a51e-dea8c41b9a89,대림가구,가구,원대가구명물거리 골목형상점가,골목형상점가,대구광역시,3.0,3.0,,,RESOLVED_AGREEMENT,False,3,,,,
3245dc585ea258b4736f,test,가구,T1 정확표기,q_가구_01,가구,생활·마트 중 '가구'를 판매·제공하는 매장,a6962674-d660-4f13-ae3b-ea731e12e81c,가구장이,가구,양동복개상가,전통시장,,3.0,3.0,,,RESOLVED_AGREEMENT,False,3,,,,
9e03e525fda97a533108,test,가구,T1 정확표기,q_가구_01,가구,생활·마트 중 '가구'를 판매·제공하는 매장,d900a426-0b63-4488-b1c2-9862f9804988,센텀가구,가구,부산좌천동가구상가,자율상권구역,부산광역시,3.0,3.0,,,RESOLVED_AGREEMENT,False,3,,,,
0a30a1fbfac63e22fff1,test,가구,T1 정확표기,q_가구_01,가구,생활·마트 중 '가구'를 판매·제공하는 매장,2c97167e-78fa-4ebd-acca-4ba111595051,도깨비밥상,한식,조종시장,전통시장,경기도,0.0,0.0,,,RESOLVED_AGREEMENT,False,0,,,,
866d1cfd08f1d1a872ea,test,가구,T1 정확표기,q_가구_01,가구,생활·마트 중 '가구'를 판매·제공하는 매장,75cf53e3-5877-4d6d-a034-5ba8bc6cab87,코지안 가구,가구,오류동 특화거리 상점가,자율상권구역,대전광역시,3.0,3.0,,,RESOLVED_AGREEMENT,False,3,,,,
8802b839c5baf9135a0a,test,가구,T1 정확표기,q_가구_01,가구,생활·마트 중 '가구'를 판매·제공하는 매장,ac2ca738-2084-4525-b7cb-6baf8c4d15a1,우향안동한우식육식당,한식,안동시옥동 골목형상점가,골목형상점가,경상북도,0.0,0.0,,,RESOLVED_AGREEMENT,False,0,,,,
51427b1e862515010e05,test,가구,T1 정확표기,q_가구_01,가구,생활·마트 중 '가구'를 판매·제공하는 매장,c5004a98-b7f2-45ff-b9e7-918a9e9a3d60,문풍지,가구,성정가구거리상점가,자율상권구역,충청남도,3.0,3.0,,,RESOLVED_AGREEMENT,False,3,,,,
1ee3d9a87212ef10599c,test,가구,T1 정확표기,q_가구_01,가구,생활·마트 중 '가구'를 판매·제공하는 매장,0489ee6e-4ab8-4ff6-9f33-94e36078b3ec,힐커,가구,하남대로가구의거리상인회 골목형상점가,골목형상점가,광주광역시,3.0,3.0,,,RESOLVED_AGREEMENT,False,3,,,,
991578f0e80f4725d839,test,가구,T1 정확표기,q_가구_01,가구,생활·마트 중 '가구'를 판매·제공하는 매장,698d26a2-9563-400a-91b3-24fc70bced35,자연가구,가구,양동복개상가,전통시장,광주광역시,3.0,3.0,,,RESOLVED_AGREEMENT,False,3,,,,
0ce957ae5d18ca2383c8,test,가구,T1 정확표기,q_가구_01,가구,생활·마트 중 '가구'를 판매·제공하는 매장,42cc207c-676a-4662-9781-e266eb11c91e,에이스가구,도매 및 소매업 가구 중고가구 붙박이장 식탁 소파,은구비서로사회적협동조합 골목형상점가,골목형상점가,대전광역시,3.0,3.0,,,RESOLVED_AGREEMENT,False,3,,,,
3e546076293bba2f90f7,test,가구,T1 정확표기,q_가구_01,가구,생활·마트 중 '가구'를 판매·제공하는 매장,0a0405e9-75a8-4da5-94de-52922afd653d,(주)드림,침대 가구,운정가구단지 상점가,자율상권구역,경기도,3.0,3.0,,,RESOLVED_AGREEMENT,False,3,,,,
f4a792e8ab7b259fb134,test,가구,T1 정확표기,q_가구_01,가구,생활·마트 중 '가구'를 판매·제공하는 매장,c89e7ddf-0faa-4d83-b052-b2a1deb1255c,엔틱가구,가구,마산 북마산가구시장,전통시장,경상남도,3.0,3.0,,,RESOLVED_AGREEMENT,False,3,,,,
c0166a63c2bd839f5b3e,test,가구,T1 정확표기,q_가구_01,가구,생활·마트 중 '가구'를 판매·제공하는 매장,8bdd1830-9c93-4288-84f8-949a1331078c,리키홈가구,가구,청남가구단지 상점가,자율상권구역,충청북도,3.0,3.0,,,RESOLVED_AGREEMENT,False,3,,,,
20429853409d771ea735,test,가구,T1 정확표기,q_가구_01,가구,생활·마트 중 '가구'를 판매·제공하는 매장,f8d58b9b-ce4c-4a02-8a2f-df583d3617dc,명품가구,가구,마산 북마산가구시장,전통시장,경상남도,3.0,3.0,,,RESOLVED_AGREEMENT,False,3,,,,
fbdaa7f9501041616187,test,가구,T1 정확표기,q_가구_01,가구,생활·마트 중 '가구'를 판매·제공하는 매장,6faf2a57-4829-48a0-a95a-4c93f1959ba2,까누가구,가구,무실가구거리골목형상점가,골목형상점가,강원특별자치도,3.0,3.0,,,RESOLVED_AGREEMENT,False,3,,,,
e45077bc9c68ef729f40,test,가구,T1 정확표기,q_가구_01,가구,생활·마트 중 '가구'를 판매·제공하는 매장,79ed5fbd-65dd-406b-95fc-acf926212e8c,한성가구,가구,충주관아골상가,전통시장,충청북도,3.0,3.0,,,RESOLVED_AGREEMENT,False,3,,,,
873f0b19506ba8ff5593,test,가구,T1 정확표기,q_가구_01,가구,생활·마트 중 '가구'를 판매·제공하는 매장,8466aed6-c584-4ad0-9133-32dcb2c4f5db,미래가구,가구,㈜르네시떼,전통시장,부산광역시,3.0,3.0,,,RESOLVED_AGREEMENT,False,3,,,,
9630296d4f42fe60e935,test,가구,T1 정확표기,q_가구_01,가구,생활·마트 중 '가구'를 판매·제공하는 매장,15a30029-c015-4501-851a-068b2bca83c2,이송가구,가구,두암2동 골목형상점가,골목형상점가,광주광역시,3.0,3.0,,,RESOLVED_AGREEMENT,False,3,,,,
16ff31a75dd563cb2780,test,가구,T1 정확표기,q_가구_01,가구,생활·마트 중 '가구'를 판매·제공하는 매장,ca9f30b0-f8bf-483a-9db2-c9051e301605,가구편집샾,가구,청북가구단지상점가,골목형상점가,경기도,3.0,3.0,,,RESOLVED_AGREEMENT,False,3,,,,
f5ab78ac49435658e379,test,가구,T1 정확표기,q_가구_01,가구,생활·마트 중 '가구'를 판매·제공하는 매장,371a3520-908a-447d-a061-ac07646b216d,착한가구,가구,학성가구거리 상점가,자율상권구역,울산광역시,3.0,3.0,,,RESOLVED_AGREEMENT,False,3,,,,
234d625e802b0815e5bb,test,가구,T1 정확표기,q_가구_01,가구,생활·마트 중 '가구'를 판매·제공하는 매장,95206e30-c928-4f7a-836f-92fd43b49545,대성가구,가구,빛고을 골목형상점가,골목형상점가,광주광역시,3.0,3.0,,,RESOLVED_AGREEMENT,False,3,,,,
7014770b94c355617cc6,test,가구,T1 정확표기,q_가구_01,가구,생활·마트 중 '가구'를 판매·제공하는 매장,19787508-4f87-474c-8036-12ac0043a334,까소엔가구,가구,삼산가구전문거리,골목형상점가,울산광역시,3.0,3.0,,,RESOLVED_AGREEMENT,False,3,,,,
bb1faecb140879683bf3,test,가구,T2 동의어,q_가구_02,가구점,생활·마트 중 '가구'를 판매·제공하는 매장,0489ee6e-4ab8-4ff6-9f33-94e36078b3ec,힐커,가구,하남대로가구의거리상인회 골목형상점가,골목형상점가,광주광역시,3.0,3.0,,,RESOLVED_AGREEMENT,False,3,,,,
c55de77e986e9cce0ed2,test,가구,T2 동의어,q_가구_02,가구점,생활·마트 중 '가구'를 판매·제공하는 매장,0ed71d4c-b871-43b3-8519-99310c994a33,주식회사 한샘인테리어창원점,가구점,창원 팔용가구거리,자율상권구역,경상남도,3.0,3.0,,,RESOLVED_AGREEMENT,False,3,,,,
b599f64f528cfd23529e,test,가구,T2 동의어,q_가구_02,가구점,생활·마트 중 '가구'를 판매·제공하는 매장,f5ddf4d5-0d2a-4e9a-9c45-3db1594ab6d4,럭쎄스,가구,대구종합유통단지전자관사업협동조합,전통시장,대구광역시,3.0,3.0,,,RESOLVED_AGREEMENT,False,3,,,,
97990ad940a50b59f02d,test,가구,T2 동의어,q_가구_02,가구점,생활·마트 중 '가구'를 판매·제공하는 매장,00157e3c-6f50-4200-b30b-056a209c814a,장인가구창원제일점,가구,창원 팔용가구거리,자율상권구역,경상남도,3.0,3.0,,,RESOLVED_AGREEMENT,False,3,,,,
5053ac1d90a8718e4a18,test,가구,T2 동의어,q_가구_02,가구점,생활·마트 중 '가구'를 판매·제공하는 매장,0a48c261-052b-43b6-869a-109758786fe6,한솥도시락 디오션시티점,음식,군산디오션시티 골목형상점가,골목형상점가,전북특별자치도,0.0,0.0,,,RESOLVED_AGREEMENT,False,0,,,,
52e0923549b353333da1,test,가구,T2 동의어,q_가구_02,가구점,생활·마트 중 '가구'를 판매·제공하는 매장,5b492b51-44a7-4d38-be8e-618ca020d57d,엔젤스노래연습장,노래방,흑석동 골목형상점가,골목형상점가,광주광역시,0.0,0.0,,,RESOLVED_AGREEMENT,False,0,,,,
7314d0574e1fe4b480d0,test,가구,T2 동의어,q_가구_02,가구점,생활·마트 중 '가구'를 판매·제공하는 매장,003f093e-cafd-472d-a875-6931880b1a71,올리브데코,가구,제2경주중심상가시장(경주봉황중심상가시장),전통시장,경상북도,3.0,3.0,,,RESOLVED_AGREEMENT,False,3,,,,
e70a02cc5c52c3cf3bff,test,가구,T2 동의어,q_가구_02,가구점,생활·마트 중 '가구'를 판매·제공하는 매장,aef50963-8c82-41aa-8d14-4d548a657219,에덴가구,가구점,월빛 골목형상점가,골목형상점가,광주광역시,3.0,3.0,,,RESOLVED_AGREEMENT,False,3,,,,
fa0e79c312897e583487,test,가구,T2 동의어,q_가구_02,가구점,생활·마트 중 '가구'를 판매·제공하는 매장,2b391bc4-eab3-4835-a8fa-ae246878c0ce,가구스토리,가구,양주소풍가구단지상점가,자율상권구역,경기도,3.0,3.0,,,RESOLVED_AGREEMENT,False,3,,,,
af652b9b11b89bc6e296,test,가구,T2 동의어,q_가구_02,가구점,생활·마트 중 '가구'를 판매·제공하는 매장,2f3c1d0b-c137-4691-a404-3a17ed6ac8c7,가구킹울산,,학성가구거리 상점가,자율상권구역,울산광역시,3.0,3.0,,,RESOLVED_AGREEMENT,False,3,,,,
56b99d89bd18f7770a75,test,가구,T2 동의어,q_가구_02,가구점,생활·마트 중 '가구'를 판매·제공하는 매장,3f178591-21b4-48c1-9e52-356604435453,가구이야기,가구,청북가구단지상점가,골목형상점가,경기도,3.0,3.0,,,RESOLVED_AGREEMENT,False,3,,,,
08b0753cc147e113650d,test,가구,T2 동의어,q_가구_02,가구점,생활·마트 중 '가구'를 판매·제공하는 매장,702a95c6-9c0c-4760-9e6b-f183e95c2003,가구가싸,가구,산본로데오거리(구 산본중심상가),자율상권구역,경기도,3.0,3.0,,,RESOLVED_AGREEMENT,False,3,,,,
df1e81de22dc5f7b7837,test,가구,T2 동의어,q_가구_02,가구점,생활·마트 중 '가구'를 판매·제공하는 매장,ac4548f8-4b4c-4877-8b36-c027ba92a7b1,가구앤라인,가구,성정가구거리상점가,자율상권구역,충청남도,3.0,3.0,,,RESOLVED_AGREEMENT,False,3,,,,
4e01971aac2c5a7c9f94,test,가구,T2 동의어,q_가구_02,가구점,생활·마트 중 '가구'를 판매·제공하는 매장,585fe56f-ee38-4841-a06e-be13eda3a657,가구공간,가구,대전관저가구단지 골목형상점가,골목형상점가,대전광역시,3.0,3.0,,,RESOLVED_AGREEMENT,False,3,,,,
07ef5a9d7bc14f98449c,test,가구,T2 동의어,q_가구_02,가구점,생활·마트 중 '가구'를 판매·제공하는 매장,f5d5ff1b-528d-47a5-9ad4-d2ea7b84f2af,유명가구점,가구,마산 북마산가구시장,전통시장,경상남도,3.0,3.0,,,RESOLVED_AGREEMENT,False,3,,,,
ef19bfd9cd734195e81d,test,가구,T2 동의어,q_가구_02,가구점,생활·마트 중 '가구'를 판매·제공하는 매장,0039f6c3-9cdd-48f5-ae33-279dbbcf879d,다이렉트소파몰 안산직영점,가구소매업,상록수가구거리상점가,골목형상점가,경기도,3.0,3.0,,,RESOLVED_AGREEMENT,False,3,,,,
a935484f83fd2ccf6668,test,가구,T2 동의어,q_가구_02,가구점,생활·마트 중 '가구'를 판매·제공하는 매장,33cc95f6-7083-4dcc-b15c-5de0b2372789,금강가구점(파로마),가구,군산가구거리 상점가,자율상권구역,전북특별자치도,3.0,3.0,,,RESOLVED_AGREEMENT,False,3,,,,
411d681259fc36d34cbc,test,가구,T2 동의어,q_가구_02,가구점,생활·마트 중 '가구'를 판매·제공하는 매장,99e303fe-8569-42c4-acec-eb2d7b4423bc,오씬홈,가구,포천리빙가구상점가,자율상권구역,경기도,3.0,3.0,,,RESOLVED_AGREEMENT,False,3,,,,
813f3ecf38d1adc873d2,test,가구,T2 동의어,q_가구_02,가구점,생활·마트 중 '가구'를 판매·제공하는 매장,fac47bcc-d184-4b3c-9853-3bd986287a32,유희장,가구,과천새서울프라자시장,전통시장,경기도,3.0,3.0,,,RESOLVED_AGREEMENT,False,3,,,,
55fd79a47ad8b2237f22,test,가구,T2 동의어,q_가구_02,가구점,생활·마트 중 '가구'를 판매·제공하는 매장,19787508-4f87-474c-8036-12ac0043a334,까소엔가구,가구,삼산가구전문거리,골목형상점가,울산광역시,3.0,3.0,,,RESOLVED_AGREEMENT,False,3,,,,
f513342ef0824df8c8b7,test,가구,T2 동의어,q_가구_02,가구점,생활·마트 중 '가구'를 판매·제공하는 매장,002db554-24ed-4307-adce-47f82d00e39e,에몬스가구섬유관점,가구,섬유제품관,전통시장,대구광역시,3.0,3.0,,,RESOLVED_AGREEMENT,False,3,,,,
16c13ef816b51ed8d726,test,가구,T2 동의어,q_가구_02,가구점,생활·마트 중 '가구'를 판매·제공하는 매장,707fac83-6fc1-4768-90c0-04b5c36822ab,에이스스퀘어 대전서구점,가구,탄방동 골목형상점가,골목형상점가,대전광역시,3.0,3.0,,,RESOLVED_AGREEMENT,False,3,,,,
8e22b9567a90f0cb17a7,test,가구,T2 동의어,q_가구_02,가구점,생활·마트 중 '가구'를 판매·제공하는 매장,554bb99c-3657-4a3e-a2ce-e2fab8baf190,가구소풍,가구,운정가구단지 상점가,자율상권구역,경기도,3.0,3.0,,,RESOLVED_AGREEMENT,False,3,,,,
168da3d6bc6ee2875cab,test,가구,T2 동의어,q_가구_02,가구점,생활·마트 중 '가구'를 판매·제공하는 매장,00029834-c340-4d89-b5a7-cee930fc3c31,콩심24시전주종가콩나물국밥,가구,불당1번가골목형상점가,골목형상점가,충청남도,3.0,3.0,,,RESOLVED_AGREEMENT,False,3,,,,
951a5d753ca13efddbbe,test,가구,T2 동의어,q_가구_02,가구점,생활·마트 중 '가구'를 판매·제공하는 매장,08d279de-df58-4bbf-98b5-b53c1d84cb4b,헤스티아디자인,"가구, 인테리어",마산 북마산가구시장,전통시장,경상남도,3.0,3.0,,,RESOLVED_AGREEMENT,False,3,,,,
572a4a71f09056dff7e7,test,가구,T2 동의어,q_가구_02,가구점,생활·마트 중 '가구'를 판매·제공하는 매장,f4b406c7-8ffa-4ae5-9719-52be5407c901,조디악,가구,대구종합유통단지전자관사업협동조합,전통시장,대구광역시,3.0,3.0,,,RESOLVED_AGREEMENT,False,3,,,,
9f9407fcd63fe783f1fd,test,가구,T2 동의어,q_가구_02,가구점,생활·마트 중 '가구'를 판매·제공하는 매장,328ce010-10a0-41c7-9d9a-1015ba14a913,"종합가구점 , 공예품","가구, 공예품",신천지시장,전통시장,부산광역시,3.0,3.0,,,RESOLVED_AGREEMENT,False,3,,,,
1965ee6828d81c7a157b,test,가구,T2 동의어,q_가구_02,가구점,생활·마트 중 '가구'를 판매·제공하는 매장,fe281605-3c30-4666-ba79-9c1884bd9e1b,"꼴라보, 템퍼 서대구점",가구,서대구가구거리 상점가,자율상권구역,대구광역시,3.0,3.0,,,RESOLVED_AGREEMENT,False,3,,,,
3b6e523f79d193a9e300,test,가구,T2 동의어,q_가구_02,가구점,생활·마트 중 '가구'를 판매·제공하는 매장,b5423e05-adfe-4a18-8b18-98dbe02b81ef,더홈가구,가구,대구종합유통단지전자관사업협동조합,전통시장,대구광역시,3.0,3.0,,,RESOLVED_AGREEMENT,False,3,,,,
45c41dbd1ed9c1dee48b,test,가구,T2 동의어,q_가구_02,가구점,생활·마트 중 '가구'를 판매·제공하는 매장,7e112451-2784-435c-975f-b3ea628da6bf,가구마켓,가구,엄사 골목형상점가,골목형상점가,충청남도,3.0,3.0,,,RESOLVED_AGREEMENT,False,3,,,,
53a05859a61342f6eb97,test,가구,T2 동의어,q_가구_02,가구점,생활·마트 중 '가구'를 판매·제공하는 매장,a6962674-d660-4f13-ae3b-ea731e12e81c,가구장이,가구,양동복개상가,전통시장,,3.0,3.0,,,RESOLVED_AGREEMENT,False,3,,,,
a23edf48cd6e9225541b,test,가구,T2 동의어,q_가구_02,가구점,생활·마트 중 '가구'를 판매·제공하는 매장,4fd0b6bc-1110-442c-ae7a-8c2b9ec37734,가구이즈,가구,㈜르네시떼,전통시장,부산광역시,3.0,3.0,,,RESOLVED_AGREEMENT,False,3,,,,
f4245eb29ea39744b58f,test,가구,T2 동의어,q_가구_02,가구점,생활·마트 중 '가구'를 판매·제공하는 매장,0682734b-5e2e-4e79-9bcc-9fee6192ebcc,나무뜰,소매업(인테리어소품),신안프라자전통시장,전통시장,경기도,1.0,1.0,,,RESOLVED_AGREEMENT,False,1,,,,
bb4570c3047800af45b3,test,가구,T2 동의어,q_가구_02,가구점,생활·마트 중 '가구'를 판매·제공하는 매장,3f1eb20f-d21d-4ca9-9bdf-61f8d5deddd9,가구백화점,가구,학성가구거리 상점가,자율상권구역,울산광역시,3.0,3.0,,,RESOLVED_AGREEMENT,False,3,,,,
e18197272b71635c5aa3,test,가구,T2 동의어,q_가구_02,가구점,생활·마트 중 '가구'를 판매·제공하는 매장,000f2b92-c3c3-4ff7-8507-d2b8b0804036,우아미 가구,가구 도소매,삼산가구전문거리,골목형상점가,울산광역시,3.0,3.0,,,RESOLVED_AGREEMENT,False,3,,,,
f3ac4c6dd32bae8e0df2,test,가구,T2 동의어,q_가구_02,가구점,생활·마트 중 '가구'를 판매·제공하는 매장,00819c3e-a0dc-4005-8c3b-25b804133ef6,에이스퍼니처,가구,동광주 골목형상점가,골목형상점가,광주광역시,3.0,3.0,,,RESOLVED_AGREEMENT,False,3,,,,
7c776301a8eef43fc12f,test,가구,T2 동의어,q_가구_02,가구점,생활·마트 중 '가구'를 판매·제공하는 매장,0d32b58f-0a8d-4159-b3cf-c4e1a3ec49dc,단청(장수돌침대의왕점),,안양1번가 상점가,자율상권구역,경기도,3.0,3.0,,,RESOLVED_AGREEMENT,False,3,,,,
4ff96481277eba70fca4,test,가구,T2 동의어,q_가구_02,가구점,생활·마트 중 '가구'를 판매·제공하는 매장,dc2076ae-3283-4dc5-a580-38f9396b1ad6,가구천사,가구,연제초 앞 골목형상점가,골목형상점가,광주광역시,3.0,3.0,,,RESOLVED_AGREEMENT,False,3,,,,
7ec7eadc43251b9f1f47,test,가구,T2 동의어,q_가구_02,가구점,생활·마트 중 '가구'를 판매·제공하는 매장,48cc700f-acfd-4514-8948-7f9db8f88719,비타민원목가구,소파.침대.식탁,청북가구단지상점가,자율상권구역,경기도,3.0,3.0,,,RESOLVED_AGREEMENT,False,3,,,,
481dc24cac53be34c52d,test,가구,T2 동의어,q_가구_02,가구점,생활·마트 중 '가구'를 판매·제공하는 매장,8bdd1830-9c93-4288-84f8-949a1331078c,리키홈가구,가구,청남가구단지 상점가,자율상권구역,충청북도,3.0,3.0,,,RESOLVED_AGREEMENT,False,3,,,,
c4faa0f82bd7a66f0bc7,test,가구,T2 동의어,q_가구_02,가구점,생활·마트 중 '가구'를 판매·제공하는 매장,0c1dd1eb-0de8-4f54-8ace-5459f2a8b263,현대가구점,가구,강진마량 횟집거리 상점가,골목형상점가,전라남도,3.0,3.0,,,RESOLVED_AGREEMENT,False,3,,,,
cce08f402402cd7878f8,test,가구,T2 동의어,q_가구_02,가구점,생활·마트 중 '가구'를 판매·제공하는 매장,b759adc1-217c-4491-8618-23771e27d43f,까사미아아울렛서대구점,가구,서대구가구거리 상점가,자율상권구역,대구광역시,3.0,3.0,,,RESOLVED_AGREEMENT,False,3,,,,
7b8f41204ec477fd850d,test,가구,T2 동의어,q_가구_02,가구점,생활·마트 중 '가구'를 판매·제공하는 매장,c42a16d2-bde9-471f-afd0-7d1d5186a7f4,타센,가구,상록수가구거리상점가,골목형상점가,경기도,3.0,3.0,,,RESOLVED_AGREEMENT,False,3,,,,
a293625de6452805957a,test,가구,T2 동의어,q_가구_02,가구점,생활·마트 중 '가구'를 판매·제공하는 매장,c73bf560-85fe-43e6-89a3-d32a890b50a4,가구챔피언,가구,양동복개상가,전통시장,광주광역시,3.0,3.0,,,RESOLVED_AGREEMENT,False,3,,,,
37bb6a1a9c8fc720304e,test,가구,T2 동의어,q_가구_02,가구점,생활·마트 중 '가구'를 판매·제공하는 매장,548ec3e8-7ab2-4ea9-82d1-7e1d8aed685f,한성가구점,가구,충주관아골상가,전통시장,충청북도,3.0,3.0,,,RESOLVED_AGREEMENT,False,3,,,,
5447611650e6e245f088,test,가구,T2 동의어,q_가구_02,가구점,생활·마트 중 '가구'를 판매·제공하는 매장,063e0bdb-f37d-403a-8d87-439096dd4a51,공감인테리어,실내 인테리어벽지장판목공타일류 등 및 컨설팅,운남7단지먹자거리 골목형상점가,골목형상점가,광주광역시,1.0,1.0,,,RESOLVED_AGREEMENT,False,1,,,,
10a4be419db280086f15,test,가구,T2 동의어,q_가구_02,가구점,생활·마트 중 '가구'를 판매·제공하는 매장,42cc207c-676a-4662-9781-e266eb11c91e,에이스가구,도매 및 소매업 가구 중고가구 붙박이장 식탁 소파,은구비서로사회적협동조합 골목형상점가,골목형상점가,대전광역시,3.0,3.0,,,RESOLVED_AGREEMENT,False,3,,,,
2fa9b89a9d95f3a7413d,test,가구,T2 동의어,q_가구_02,가구점,생활·마트 중 '가구'를 판매·제공하는 매장,6878d6bd-23f7-4cb3-ad87-56a39983acff,나는 가구다,가구,양동복개상가,전통시장,,3.0,3.0,,,RESOLVED_AGREEMENT,False,3,,,,
c751af7fde55dd0c36f6,test,가구,T2 동의어,q_가구_02,가구점,생활·마트 중 '가구'를 판매·제공하는 매장,99de4b24-c601-4560-97cf-032fec8ec3c4,송정가구갤러리,가구점,임방울거리3구역 골목형상점가,골목형상점가,광주광역시,3.0,3.0,,,RESOLVED_AGREEMENT,False,3,,,,
457295b59e022f3bae5c,test,가구,T2 동의어,q_가구_02,가구점,생활·마트 중 '가구'를 판매·제공하는 매장,2a8ad1a2-ddfe-4a5f-bdbd-84b691cf1650,까소엔,가구,청북가구단지상점가,골목형상점가,경기도,3.0,3.0,,,RESOLVED_AGREEMENT,False,3,,,,
b04c2192f9fe928470b3,test,가구,T2 동의어,q_가구_02,가구점,생활·마트 중 '가구'를 판매·제공하는 매장,7ece6f82-8d9f-475c-9c04-be15505285dd,보루네오,가구점,마산 북마산가구시장,전통시장,경상남도,3.0,3.0,,,RESOLVED_AGREEMENT,False,3,,,,
ae7170c94b91c6c3bbe3,test,가구,T2 동의어,q_가구_02,가구점,생활·마트 중 '가구'를 판매·제공하는 매장,5d59ff90-1a4c-4aae-9d6d-64b8a3911976,가구마을,가구,서울중앙시장,전통시장,서울특별시,3.0,3.0,,,RESOLVED_AGREEMENT,False,3,,,,
cd9977a5bc25850413b7,test,가구,T2 동의어,q_가구_02,가구점,생활·마트 중 '가구'를 판매·제공하는 매장,773a7d06-360e-4e6c-855d-ae1805d3bd1d,스왈로,가구점,학성가구거리 상점가,자율상권구역,울산광역시,3.0,3.0,,,RESOLVED_AGREEMENT,False,3,,,,
1ee5c807cfc9b62204a6,test,가구,T2 동의어,q_가구_02,가구점,생활·마트 중 '가구'를 판매·제공하는 매장,747cddf9-b78f-4d08-acb9-1c8d70578cfb,가구숲,가구,신창동가구의거리일번국도상점가,자율상권구역,광주광역시,3.0,3.0,,,RESOLVED_AGREEMENT,False,3,,,,
0173908a5b97178e3199,test,가구,T2 동의어,q_가구_02,가구점,생활·마트 중 '가구'를 판매·제공하는 매장,106454eb-97cd-48f1-a8a2-f707bcee70d6,덴버가구점,도소매업(가구소매업),안양가구상점가,자율상권구역,경기도,3.0,3.0,,,RESOLVED_AGREEMENT,False,3,,,,
6653d8f91ce32d4f5737,test,가구,T2 동의어,q_가구_02,가구점,생활·마트 중 '가구'를 판매·제공하는 매장,122f0486-4b14-453f-b6cc-7cc9481bdd12,형제샷시유리,창호공사,마천중앙시장,전통시장,서울특별시,0.0,1.0,,,P2_GRADED_ONLY,True,,,,,
d39258680189d6984bd9,test,가구,T2 동의어,q_가구_02,가구점,생활·마트 중 '가구'를 판매·제공하는 매장,6d26130f-db7b-4513-89c4-b31f340987af,가구보물섬,가구,학성가구거리 상점가,자율상권구역,울산광역시,3.0,3.0,,,RESOLVED_AGREEMENT,False,3,,,,
60913b3ffcd0767228b9,test,가구,T2 동의어,q_가구_02,가구점,생활·마트 중 '가구'를 판매·제공하는 매장,b851e5d3-1469-4825-93bc-173f2e31fba4,아연,휴대폰,당산로 골목형상점가,골목형상점가,전북특별자치도,0.0,0.0,,,RESOLVED_AGREEMENT,False,0,,,,
2a6500b00f9cb9f529c5,test,가구,T2 동의어,q_가구_02,가구점,생활·마트 중 '가구'를 판매·제공하는 매장,40af7b91-7f04-4b4d-8809-08e1c5813c51,가현가구,장농침대소파식탁,하남대로가구의거리상인회 골목형상점가,골목형상점가,광주광역시,3.0,3.0,,,RESOLVED_AGREEMENT,False,3,,,,
c0cda86f09605e5ff95f,test,가구,T2 동의어,q_가구_02,가구점,생활·마트 중 '가구'를 판매·제공하는 매장,9c5a25d4-029f-4af8-b6b1-18ead5172aaa,대명가구점,소매업(소품가구),안양중앙인정시장,전통시장,경기도,3.0,3.0,,,RESOLVED_AGREEMENT,False,3,,,,
296d246c4aa11c01dcd6,test,가구,T2 동의어,q_가구_02,가구점,생활·마트 중 '가구'를 판매·제공하는 매장,c04749d5-d71e-4da1-8c4a-fc79b904703b,가구킹 울산점,가구,학성가구거리 상점가,자율상권구역,울산광역시,3.0,3.0,,,RESOLVED_AGREEMENT,False,3,,,,
c62484c172d96a8474c1,test,가구,T2 동의어,q_가구_02,가구점,생활·마트 중 '가구'를 판매·제공하는 매장,0021ea65-4c59-4aa0-8d1c-95fe7b6686d0,공간인테리어,경미한공사(인테리어),여의동 골목형상점가,골목형상점가,전북특별자치도,1.0,1.0,,,RESOLVED_AGREEMENT,False,1,,,,
fddc6a48592cf4d7ced1,test,가구,T2 동의어,q_가구_02,가구점,생활·마트 중 '가구'를 판매·제공하는 매장,e0b841dd-7585-4850-9bb4-2e43e102dd72,장수돌침대 울산중구점,가구,학성가구거리 상점가,자율상권구역,울산광역시,3.0,3.0,,,RESOLVED_AGREEMENT,False,3,,,,
fe2fa3f0d25415824a59,test,가구,T2 동의어,q_가구_02,가구점,생활·마트 중 '가구'를 판매·제공하는 매장,02f4782a-e87b-4c4c-a517-6eec40381342,장수돌침대,가구침대,포천리빙가구상점가,자율상권구역,경기도,3.0,3.0,,,RESOLVED_AGREEMENT,False,3,,,,
c261ac79c59d777f30eb,test,가구,T2 동의어,q_가구_02,가구점,생활·마트 중 '가구'를 판매·제공하는 매장,0a0405e9-75a8-4da5-94de-52922afd653d,(주)드림,침대 가구,운정가구단지 상점가,자율상권구역,경기도,3.0,3.0,,,RESOLVED_AGREEMENT,False,3,,,,
80170ca8649d2c0461da,test,가구,T2 동의어,q_가구_02,가구점,생활·마트 중 '가구'를 판매·제공하는 매장,e10f5c3d-0bff-4279-b885-3ba8fd28970c,가구프라자,가구,자마장시장골목형상점가,골목형상점가,서울특별시,3.0,3.0,,,RESOLVED_AGREEMENT,False,3,,,,
ee6a890670fae7de28c5,test,가구,T2 동의어,q_가구_02,가구점,생활·마트 중 '가구'를 판매·제공하는 매장,2db713cc-0b7a-41e2-9796-263ee705c419,쿠쿠레스티노 광주서구점,가구,하남대로가구의거리상인회 골목형상점가,골목형상점가,광주광역시,3.0,3.0,,,RESOLVED_AGREEMENT,False,3,,,,
e00c2250ed5c67a6e242,test,가구,T2 동의어,q_가구_02,가구점,생활·마트 중 '가구'를 판매·제공하는 매장,b0ba1815-71fb-4563-89f5-a45d1a885697,유노퍼니처 대구점,가구,대구종합유통단지전자관사업협동조합,전통시장,대구광역시,3.0,3.0,,,RESOLVED_AGREEMENT,False,3,,,,
4c7c35fcf26e63cdd6c3,test,가구,T2 동의어,q_가구_02,가구점,생활·마트 중 '가구'를 판매·제공하는 매장,5f544697-7372-4537-9c7e-ff0dedc3e053,세븐일레븐 대전만년본점,편의점,만년동 골목형상점가,골목형상점가,대전광역시,0.0,0.0,,,RESOLVED_AGREEMENT,False,0,,,,
7d78e4ceabe2d4cb0d1a,test,가구,T2 동의어,q_가구_02,가구점,생활·마트 중 '가구'를 판매·제공하는 매장,402a8997-8552-4575-b4a5-b6afb12d3da7,가구백화점,가구,성정가구거리상점가,자율상권구역,충청남도,3.0,3.0,,,RESOLVED_AGREEMENT,False,3,,,,
b19b8516e0145f32e976,test,가구,T2 동의어,q_가구_02,가구점,생활·마트 중 '가구'를 판매·제공하는 매장,6ccce905-716a-4ecf-9e5c-b8fe46eca7de,유림선구점,,마산어시장,전통시장,경상남도,,0.0,Y,,P0_UNCERTAIN_OR_MISSING,True,,,,,
95ab70c91fc33a1d4cee,test,가구,T2 동의어,q_가구_02,가구점,생활·마트 중 '가구'를 판매·제공하는 매장,f23df528-80d5-41d4-bcd9-f2cbc345f3ba,시장가구점,가구점,산청시장,전통시장,경상남도,3.0,3.0,,,RESOLVED_AGREEMENT,False,3,,,,
156da2df7f9032470cfb,test,가구,T2 동의어,q_가구_02,가구점,생활·마트 중 '가구'를 판매·제공하는 매장,0394caa3-10fc-4b86-b7e2-c7b1ac09d649,새마을종합인테리어,"인테리어(벽지,장판등)",성남남한산성시장(구 은행골목시장),전통시장,경기도,1.0,1.0,,,RESOLVED_AGREEMENT,False,1,,,,
c749137361483d19c258,test,가구,T2 동의어,q_가구_02,가구점,생활·마트 중 '가구'를 판매·제공하는 매장,1c542cb9-354a-480e-a734-8fb0431ad42d,가구백화점,가구,상록수가구거리상점가,골목형상점가,경기도,3.0,3.0,,,RESOLVED_AGREEMENT,False,3,,,,
8ce26c610220dd060c1f,test,가구,T2 동의어,q_가구_02,가구점,생활·마트 중 '가구'를 판매·제공하는 매장,ca9f30b0-f8bf-483a-9db2-c9051e301605,가구편집샾,가구,청북가구단지상점가,골목형상점가,경기도,3.0,3.0,,,RESOLVED_AGREEMENT,False,3,,,,
4495f812e81dbb3b2729,test,가구,T2 동의어,q_가구_02,가구점,생활·마트 중 '가구'를 판매·제공하는 매장,de4f2504-cf0e-47ac-8e3b-86a71f4faa09,가구1번가,가구,무실가구거리골목형상점가,골목형상점가,강원특별자치도,3.0,3.0,,,RESOLVED_AGREEMENT,False,3,,,,
0cb5a3d2e269cb730093,test,가구,T2 동의어,q_가구_02,가구점,생활·마트 중 '가구'를 판매·제공하는 매장,ed2f2a1f-7e22-421a-ad76-f65858f80c2e,가구마을,가구,양동복개상가,전통시장,,3.0,3.0,,,RESOLVED_AGREEMENT,False,3,,,,
1d4962888a7359d2e9d0,test,가구,T2 동의어,q_가구_02,가구점,생활·마트 중 '가구'를 판매·제공하는 매장,0b1020aa-4576-4fc3-9ee6-a6fe2a321e73,소낭구 평택점,식탁소파침대옷장 등 가구일체,청북가구단지상점가,골목형상점가,경기도,3.0,3.0,,,RESOLVED_AGREEMENT,False,3,,,,
4a103579bcaaf408cf26,test,가구,T2 동의어,q_가구_02,가구점,생활·마트 중 '가구'를 판매·제공하는 매장,830e2a10-a351-4ab6-b86a-84590bf3a2f0,다~산가구,가구,경산중앙로상점가,자율상권구역,경상북도,3.0,3.0,,,RESOLVED_AGREEMENT,False,3,,,,
005ca982a14606ac0d60,test,가구,T2 동의어,q_가구_02,가구점,생활·마트 중 '가구'를 판매·제공하는 매장,6456766f-8801-4ec8-a1a5-a03ba75eb2de,제일반점,음식,성당시장,전통시장,대구광역시,0.0,0.0,,,RESOLVED_AGREEMENT,False,0,,,,
2734bf127cbec6d10626,test,가구,T2 동의어,q_가구_02,가구점,생활·마트 중 '가구'를 판매·제공하는 매장,060ca668-6ba8-4dbc-af43-1b0f2b64cda6,오브제 퍼니처,침대소파식탁,김포 가구단지 골목형상점가,골목형상점가,경기도,3.0,3.0,,,RESOLVED_AGREEMENT,False,3,,,,
1c607fd68c9dd0f767f8,test,가구,T2 동의어,q_가구_02,가구점,생활·마트 중 '가구'를 판매·제공하는 매장,4f3c3f16-cb1d-4ceb-bcc1-3c6d01396793,양데코,"커튼, 침구용품",돌고래시장(돌고래종합상가),전통시장,경기도,0.0,2.0,,,P1_BINARY_THRESHOLD,True,,,,,
b88391081e5adc5aba50,test,가구,T2 동의어,q_가구_02,가구점,생활·마트 중 '가구'를 판매·제공하는 매장,b2a2e3d6-f434-4c17-86b6-8edb3d0e407c,가구랜드,가구,학성가구거리 상점가,자율상권구역,울산광역시,3.0,3.0,,,RESOLVED_AGREEMENT,False,3,,,,
4146de44dc9d7d41cab9,test,가구,T2 동의어,q_가구_02,가구점,생활·마트 중 '가구'를 판매·제공하는 매장,d86e098c-1831-4b5f-90bd-bc89f0594ae9,MIZUNO,"의류, 스포츠용품",설악로데오거리상점가,자율상권구역,강원특별자치도,0.0,0.0,,,RESOLVED_AGREEMENT,False,0,,,,
691f8788bc596c7c5c71,test,가구,T2 동의어,q_가구_03,소파,생활·마트 중 '가구'를 판매·제공하는 매장,10e13b7e-9893-41d5-879c-b63f700b98c5,진파,한식,함덕4구상점가,골목형상점가,제주특별자치도,0.0,0.0,,,RESOLVED_AGREEMENT,False,0,,,,
8ead5220130bafcbba68,test,가구,T2 동의어,q_가구_03,소파,생활·마트 중 '가구'를 판매·제공하는 매장,8728b3b1-a7ba-4503-9f50-f667549fa53d,미파,의류,광장전통시장,자율상권구역,서울특별시,0.0,0.0,,,RESOLVED_AGREEMENT,False,0,,,,
97bf978649fd0a43eec0,test,가구,T2 동의어,q_가구_03,소파,생활·마트 중 '가구'를 판매·제공하는 매장,573e143b-e7a1-446a-96fc-28b0f623696d,왕실온돌침대,소파 침대,영주소백쇼핑몰,전통시장,경상북도,3.0,3.0,,,RESOLVED_AGREEMENT,False,3,,,,
5cfecea1c40e06bf3133,test,가구,T2 동의어,q_가구_03,소파,생활·마트 중 '가구'를 판매·제공하는 매장,c3c5791d-8958-454b-a2cf-2216823259b0,백련스파,,승달 골목형상점가,골목형상점가,,,,Y,Y,P0_UNCERTAIN_OR_MISSING,True,,,,,
c3929cd79a7928ef6e12,test,가구,T2 동의어,q_가구_03,소파,생활·마트 중 '가구'를 판매·제공하는 매장,539bbb87-a48e-4388-9df5-f9fb493ddf08,정면돌파,한식,두류젊코상권,상권활성화구역,대구광역시,0.0,0.0,,,RESOLVED_AGREEMENT,False,0,,,,
c13daddf68c1ec52b1a1,test,가구,T2 동의어,q_가구_03,소파,생활·마트 중 '가구'를 판매·제공하는 매장,08d279de-df58-4bbf-98b5-b53c1d84cb4b,헤스티아디자인,"가구, 인테리어",마산 북마산가구시장,전통시장,경상남도,2.0,3.0,,,P2_GRADED_ONLY,True,,,,,
0971d547bc27e150de3e,test,가구,T2 동의어,q_가구_03,소파,생활·마트 중 '가구'를 판매·제공하는 매장,0039f6c3-9cdd-48f5-ae33-279dbbcf879d,다이렉트소파몰 안산직영점,가구소매업,상록수가구거리상점가,골목형상점가,경기도,2.0,3.0,,,P2_GRADED_ONLY,True,,,,,
de7cb54cb2244e9fcc39,test,가구,T2 동의어,q_가구_03,소파,생활·마트 중 '가구'를 판매·제공하는 매장,bf50fab9-d81c-4fe0-ba1c-edd090a62138,청파,한식,샤로수길골목형상점가,골목형상점가,서울특별시,0.0,0.0,,,RESOLVED_AGREEMENT,False,0,,,,
dfabf2a646c02b37905d,test,가구,T2 동의어,q_가구_03,소파,생활·마트 중 '가구'를 판매·제공하는 매장,42cc207c-676a-4662-9781-e266eb11c91e,에이스가구,도매 및 소매업 가구 중고가구 붙박이장 식탁 소파,은구비서로사회적협동조합 골목형상점가,골목형상점가,대전광역시,3.0,3.0,,,RESOLVED_AGREEMENT,False,3,,,,
e5bd88953c916463bf03,test,가구,T2 동의어,q_가구_03,소파,생활·마트 중 '가구'를 판매·제공하는 매장,000f2b92-c3c3-4ff7-8507-d2b8b0804036,우아미 가구,가구 도소매,삼산가구전문거리,골목형상점가,울산광역시,2.0,3.0,,,P2_GRADED_ONLY,True,,,,,
12145a32068677e70b60,test,가구,T2 동의어,q_가구_03,소파,생활·마트 중 '가구'를 판매·제공하는 매장,37f45cc9-ad94-4701-b3bd-d203fc037115,골든소파종합가구,가구,포남용마거리골목형상점가,골목형상점가,강원특별자치도,2.0,3.0,,,P2_GRADED_ONLY,True,,,,,
c943c9ec0e0fe279283f,test,가구,T2 동의어,q_가구_03,소파,생활·마트 중 '가구'를 판매·제공하는 매장,9d2f0b36-b943-43cc-820f-e5f449f4b928,송천대파,대파,전주남부시장,전통시장,전북특별자치도,0.0,0.0,,,RESOLVED_AGREEMENT,False,0,,,,
ee0ecf30888d20f19ce2,test,가구,T2 동의어,q_가구_03,소파,생활·마트 중 '가구'를 판매·제공하는 매장,0f26d10a-0668-4761-a7df-1d08fd6cb444,육거리동원양파,양파,청주육거리종합시장,전통시장,충청북도,0.0,0.0,,,RESOLVED_AGREEMENT,False,0,,,,
e30945e9354c6ee5447f,test,가구,T2 동의어,q_가구_03,소파,생활·마트 중 '가구'를 판매·제공하는 매장,48cc700f-acfd-4514-8948-7f9db8f88719,비타민원목가구,소파.침대.식탁,청북가구단지상점가,자율상권구역,경기도,3.0,3.0,,,RESOLVED_AGREEMENT,False,3,,,,
6f37bf36e06bafc52410,test,가구,T2 동의어,q_가구_03,소파,생활·마트 중 '가구'를 판매·제공하는 매장,9313e1c4-64eb-469d-81f8-2231c7220b34,한마음식육슈퍼,청과야채수산물,운림중인근 골목형상점가,골목형상점가,광주광역시,0.0,0.0,,,RESOLVED_AGREEMENT,False,0,,,,
7d23d82a9efdbf2beb02,test,가구,T2 동의어,q_가구_03,소파,생활·마트 중 '가구'를 판매·제공하는 매장,0aaf5368-5633-4c21-bf0a-db73aafa026b,알파,,남악천변 골목형상점가,골목형상점가,,,,Y,Y,P0_UNCERTAIN_OR_MISSING,True,,,,,
d73a94b19555bc2d51fd,test,가구,T2 동의어,q_가구_03,소파,생활·마트 중 '가구'를 판매·제공하는 매장,bf27b239-b9fe-4632-be3a-50e3a34e31e9,JS제일,소파,전주신중앙시장(구 중앙버드나무시장),전통시장,전북특별자치도,3.0,3.0,,,RESOLVED_AGREEMENT,False,3,,,,
ab3c955423a3b4800654,test,가구,T2 동의어,q_가구_03,소파,생활·마트 중 '가구'를 판매·제공하는 매장,0a0405e9-75a8-4da5-94de-52922afd653d,(주)드림,침대 가구,운정가구단지 상점가,자율상권구역,경기도,2.0,3.0,,,P2_GRADED_ONLY,True,,,,,
4d1f41f3efb7b0a60bdc,test,가구,T2 동의어,q_가구_03,소파,생활·마트 중 '가구'를 판매·제공하는 매장,37a35905-9796-4be3-b6d1-4d1415fae881,명지대파,대파,부전농수산물새벽시장,전통시장,부산광역시,0.0,0.0,,,RESOLVED_AGREEMENT,False,0,,,,
4a0e8abfbf54711366e8,test,가구,T2 동의어,q_가구_03,소파,생활·마트 중 '가구'를 판매·제공하는 매장,0d32b58f-0a8d-4159-b3cf-c4e1a3ec49dc,단청(장수돌침대의왕점),,안양1번가 상점가,자율상권구역,경기도,2.0,3.0,,,P2_GRADED_ONLY,True,,,,,
265cd6ef373bdc14c092,test,가구,T2 동의어,q_가구_03,소파,생활·마트 중 '가구'를 판매·제공하는 매장,93993d60-9b40-4249-8a88-f398ff51a92b,이 화가구,침대 의자 식탁 주문제작가구 장농 소파,망원동십자로길골목형상점가,골목형상점가,서울특별시,3.0,3.0,,,RESOLVED_AGREEMENT,False,3,,,,
c26f80d0b49dbbb31820,test,가구,T2 동의어,q_가구_03,소파,생활·마트 중 '가구'를 판매·제공하는 매장,d140ebe5-75dc-4fcc-ab2a-cd98eda24410,소동파,중식,동천동먹자골목2번가상인회 골목형상점가,골목형상점가,광주광역시,0.0,0.0,,,RESOLVED_AGREEMENT,False,0,,,,
035fa0442dfd8ea2a2f5,test,가구,T2 동의어,q_가구_03,소파,생활·마트 중 '가구'를 판매·제공하는 매장,b7e3bcd0-39e2-47ef-bf30-b314725c99ca,대패파,한식,유엔남구 대학로 상권,,부산광역시,0.0,0.0,,,RESOLVED_AGREEMENT,False,0,,,,
79bbaaf897ce0814ca0c,test,가구,T2 동의어,q_가구_03,소파,생활·마트 중 '가구'를 판매·제공하는 매장,063e0bdb-f37d-403a-8d87-439096dd4a51,공감인테리어,실내 인테리어벽지장판목공타일류 등 및 컨설팅,운남7단지먹자거리 골목형상점가,골목형상점가,광주광역시,1.0,1.0,,,RESOLVED_AGREEMENT,False,1,,,,
2a0e82e19f9310768ed8,test,가구,T2 동의어,q_가구_03,소파,생활·마트 중 '가구'를 판매·제공하는 매장,02f4782a-e87b-4c4c-a517-6eec40381342,장수돌침대,가구침대,포천리빙가구상점가,자율상권구역,경기도,2.0,3.0,,,P2_GRADED_ONLY,True,,,,,
63d59f0308b6bf770863,test,가구,T2 동의어,q_가구_03,소파,생활·마트 중 '가구'를 판매·제공하는 매장,3657c825-cc15-432e-97f4-e15410ae0877,파파,커피,전주서곡 골목형상점가,골목형상점가,전북특별자치도,0.0,0.0,,,RESOLVED_AGREEMENT,False,0,,,,
4446a1f538051a022069,test,가구,T2 동의어,q_가구_03,소파,생활·마트 중 '가구'를 판매·제공하는 매장,71d89c73-9799-4517-b9bf-b49edfc6be8c,한판집 창원가음점,,창원 가음정시장,전통시장,경상남도,,0.0,Y,,P0_UNCERTAIN_OR_MISSING,True,,,,,
423b599175ee3c1ba1b4,test,가구,T2 동의어,q_가구_03,소파,생활·마트 중 '가구'를 판매·제공하는 매장,1c951b5c-d7a1-4246-a418-2dd501f79690,울산대파,대파,학성새벽시장,전통시장,울산광역시,0.0,0.0,,,RESOLVED_AGREEMENT,False,0,,,,
a9c969c8c4c0ec769acc,test,가구,T2 동의어,q_가구_03,소파,생활·마트 중 '가구'를 판매·제공하는 매장,dabf279c-41c3-4777-9c49-8bb0cf51575c,노컷서울 송파,,석촌시장,전통시장,서울특별시,,,Y,Y,P0_UNCERTAIN_OR_MISSING,True,,,,,
bb523a6257e9fc77a383,test,가구,T2 동의어,q_가구_03,소파,생활·마트 중 '가구'를 판매·제공하는 매장,6cd802a4-1e85-49f1-90da-5137a5bb9264,돼파,한식,매봉 골목형상점가,골목형상점가,광주광역시,0.0,0.0,,,RESOLVED_AGREEMENT,False,0,,,,
24bdb2e07536b6c6c739,test,가구,T2 동의어,q_가구_03,소파,생활·마트 중 '가구'를 판매·제공하는 매장,e713d646-6466-4def-b812-9a9a75ea1ba3,쏘랩소파,가구,미사강변 골목형상점가,골목형상점가,경기도,2.0,3.0,,,P2_GRADED_ONLY,True,,,,,
8eef6561b9653c202315,test,가구,T2 동의어,q_가구_03,소파,생활·마트 중 '가구'를 판매·제공하는 매장,0394caa3-10fc-4b86-b7e2-c7b1ac09d649,새마을종합인테리어,"인테리어(벽지,장판등)",성남남한산성시장(구 은행골목시장),전통시장,경기도,1.0,1.0,,,RESOLVED_AGREEMENT,False,1,,,,
0f3c7958ff65355fc3eb,test,가구,T2 동의어,q_가구_03,소파,생활·마트 중 '가구'를 판매·제공하는 매장,a15ab0b4-4e7f-4758-8e76-38a933085d13,헤어스파,,성당래미안 이편한세상 골목형상점가,골목형상점가,대구광역시,0.0,0.0,,,RESOLVED_AGREEMENT,False,0,,,,
48e6be0b6aaf82aabdff,test,가구,T2 동의어,q_가구_03,소파,생활·마트 중 '가구'를 판매·제공하는 매장,0682734b-5e2e-4e79-9bcc-9fee6192ebcc,나무뜰,소매업(인테리어소품),신안프라자전통시장,전통시장,경기도,1.0,1.0,,,RESOLVED_AGREEMENT,False,1,,,,
ce1f10d0e2c2fade976f,test,가구,T2 동의어,q_가구_03,소파,생활·마트 중 '가구'를 판매·제공하는 매장,002db554-24ed-4307-adce-47f82d00e39e,에몬스가구섬유관점,가구,섬유제품관,전통시장,대구광역시,2.0,3.0,,,P2_GRADED_ONLY,True,,,,,
4474b900fdbf1d5e2a9c,test,가구,T2 동의어,q_가구_03,소파,생활·마트 중 '가구'를 판매·제공하는 매장,a573aaa8-79ed-428b-a7d2-33425d99db12,막가파,한식,운천테라스길상인회 골목형상점가,골목형상점가,광주광역시,0.0,0.0,,,RESOLVED_AGREEMENT,False,0,,,,
6c936dca6e87d0a206fa,test,가구,T2 동의어,q_가구_03,소파,생활·마트 중 '가구'를 판매·제공하는 매장,e4b53a6f-3022-47eb-8991-24038d7e4974,장수돌침대 돌소파 서광주점,가구,하남대로가구의거리상인회 골목형상점가,골목형상점가,광주광역시,2.0,3.0,,,P2_GRADED_ONLY,True,,,,,
7bf040f1d2964ce4b95d,test,가구,T2 동의어,q_가구_03,소파,생활·마트 중 '가구'를 판매·제공하는 매장,6fe472ba-6f83-4640-a591-74b1bc4f956a,홍대디자인,소파 식탁 침대 등,빛고을 골목형상점가,골목형상점가,광주광역시,3.0,3.0,,,RESOLVED_AGREEMENT,False,3,,,,
fb033ef50a471b61ad05,test,가구,T2 동의어,q_가구_03,소파,생활·마트 중 '가구'를 판매·제공하는 매장,438d21d8-01ab-4f92-85fc-36b60c17201e,퍼피파파,,양산 물금백호마을 골목형상점가,골목형상점가,경상남도,,0.0,Y,,P0_UNCERTAIN_OR_MISSING,True,,,,,
41e7497358597d9812ac,test,가구,T2 동의어,q_가구_03,소파,생활·마트 중 '가구'를 판매·제공하는 매장,4ed348f8-e30c-443a-b786-498e498e1568,오펜스,커피,전남여고후문 골목형상점가,골목형상점가,광주광역시,0.0,0.0,,,RESOLVED_AGREEMENT,False,0,,,,
fbca914056ca949f448e,test,가구,T2 동의어,q_가구_03,소파,생활·마트 중 '가구'를 판매·제공하는 매장,0021ea65-4c59-4aa0-8d1c-95fe7b6686d0,공간인테리어,경미한공사(인테리어),여의동 골목형상점가,골목형상점가,전북특별자치도,1.0,1.0,,,RESOLVED_AGREEMENT,False,1,,,,
bd01b7646dcdafc7dfdc,test,가구,T2 동의어,q_가구_03,소파,생활·마트 중 '가구'를 판매·제공하는 매장,003f093e-cafd-472d-a875-6931880b1a71,올리브데코,가구,제2경주중심상가시장(경주봉황중심상가시장),전통시장,경상북도,2.0,3.0,,,P2_GRADED_ONLY,True,,,,,
e0659d7b4db26bf0ea8f,test,가구,T2 동의어,q_가구_03,소파,생활·마트 중 '가구'를 판매·제공하는 매장,00157e3c-6f50-4200-b30b-056a209c814a,장인가구창원제일점,가구,창원 팔용가구거리,자율상권구역,경상남도,2.0,3.0,,,P2_GRADED_ONLY,True,,,,,
265909cbc8cfd0fdcbab,test,가구,T2 동의어,q_가구_03,소파,생활·마트 중 '가구'를 판매·제공하는 매장,bb433111-6c11-44c9-accf-1e0b70c6b699,프란치스코,,부산평화시장,전통시장,부산광역시,,,Y,Y,P0_UNCERTAIN_OR_MISSING,True,,,,,
c873fd6c0e41a1a127a3,test,가구,T2 동의어,q_가구_03,소파,생활·마트 중 '가구'를 판매·제공하는 매장,0329ae89-cc96-41bc-b7b1-4c5255b46dda,네파,옷,덕이동패션1번지,전통시장,경기도,0.0,0.0,,,RESOLVED_AGREEMENT,False,0,,,,
3b9f2c4a2e9a7f7afd40,test,가구,T2 동의어,q_가구_03,소파,생활·마트 중 '가구'를 판매·제공하는 매장,a9a1dfed-2704-4cad-a923-f754718d8ed3,고주파,한식,경의숲길서강 골목형상점가,골목형상점가,서울특별시,0.0,0.0,,,RESOLVED_AGREEMENT,False,0,,,,
032d82f156df439b652c,test,가구,T2 동의어,q_가구_03,소파,생활·마트 중 '가구'를 판매·제공하는 매장,5df4ffa0-8347-4e1c-a687-1466ab2ca360,가구의전당(소파인),가구,가구거리상점가,자율상권구역,경기도,2.0,3.0,,,P2_GRADED_ONLY,True,,,,,
523c273c0c9c7cf8ad17,test,가구,T2 동의어,q_가구_03,소파,생활·마트 중 '가구'를 판매·제공하는 매장,881edcfa-9663-464f-92bb-cbd5f3b52ed0,은파,일식,뒷개로청춘골목상점가,골목형상점가,전라남도,0.0,0.0,,,RESOLVED_AGREEMENT,False,0,,,,
0e00eacecb3e98d62971,test,가구,T2 동의어,q_가구_03,소파,생활·마트 중 '가구'를 판매·제공하는 매장,744adeb4-b457-4525-a1ff-c0296929dc76,소파(SOFA) 279,가구,운정가구단지 상점가,자율상권구역,경기도,2.0,3.0,,,P2_GRADED_ONLY,True,,,,,
cff55727f955d53c3e32,test,가구,T2 동의어,q_가구_03,소파,생활·마트 중 '가구'를 판매·제공하는 매장,a44dbf36-31d8-4542-80b0-d63cf59b951c,패밀리가구,소파,일곡동(제11지역:용전동) 골목형상점가,골목형상점가,광주광역시,3.0,3.0,,,RESOLVED_AGREEMENT,False,3,,,,
9db0d6dd8f3d2bd1ea6d,test,가구,T2 동의어,q_가구_03,소파,생활·마트 중 '가구'를 판매·제공하는 매장,060ca668-6ba8-4dbc-af43-1b0f2b64cda6,오브제 퍼니처,침대소파식탁,김포 가구단지 골목형상점가,골목형상점가,경기도,3.0,3.0,,,RESOLVED_AGREEMENT,False,3,,,,
bf77178e03a1fbeaf562,test,가구,T2 동의어,q_가구_03,소파,생활·마트 중 '가구'를 판매·제공하는 매장,6299dbec-b098-43d8-9d9d-ccd124113702,황근대파,대파,학성새벽시장,전통시장,울산광역시,0.0,0.0,,,RESOLVED_AGREEMENT,False,0,,,,
d7a102d7342692dbbd69,test,가구,T2 동의어,q_가구_03,소파,생활·마트 중 '가구'를 판매·제공하는 매장,d13b871e-9ace-45b0-a9da-9ac1a06b6c12,까사나인,침대 소파,상록수가구거리상점가,골목형상점가,경기도,3.0,3.0,,,RESOLVED_AGREEMENT,False,3,,,,
88ddf3cedf66f0fd4503,test,가구,T2 동의어,q_가구_03,소파,생활·마트 중 '가구'를 판매·제공하는 매장,29712bcd-0c30-4aba-bb5d-1e2690310e00,재이(JAY),기타,제주중앙지하상가,일반지하상점가,제주특별자치도,0.0,0.0,,,RESOLVED_AGREEMENT,False,0,,,,
ef375a10d1e53ee833cc,test,가구,T2 동의어,q_가구_03,소파,생활·마트 중 '가구'를 판매·제공하는 매장,00029834-c340-4d89-b5a7-cee930fc3c31,콩심24시전주종가콩나물국밥,가구,불당1번가골목형상점가,골목형상점가,충청남도,2.0,3.0,,,P2_GRADED_ONLY,True,,,,,
17c065611feb6dd772b7,test,가구,T2 동의어,q_가구_03,소파,생활·마트 중 '가구'를 판매·제공하는 매장,8011ceed-db62-483b-ad1d-461d0336fcd8,푸푸파파,의류,양산 나래메트로시티 골목형상점가,골목형상점가,경상남도,0.0,0.0,,,RESOLVED_AGREEMENT,False,0,,,,
22bd4cca08852f04c56e,test,가구,T2 동의어,q_가구_03,소파,생활·마트 중 '가구'를 판매·제공하는 매장,5fde8a11-2720-4daf-a42e-151f6057cce8,새진주상회,"야채(잔파, 파)",엄궁농산물도매시장식품·청과 소매동 골목형상점가,골목형상점가,부산광역시,0.0,0.0,,,RESOLVED_AGREEMENT,False,0,,,,
d83355a5170fcc586119,test,가구,T2 동의어,q_가구_03,소파,생활·마트 중 '가구'를 판매·제공하는 매장,724e8f57-e9f7-4e8d-9500-62bf819090cd,3H전주중앙센타,소파,전주신중앙시장(구 중앙버드나무시장),전통시장,전북특별자치도,3.0,3.0,,,RESOLVED_AGREEMENT,False,3,,,,
d389131c6de8f1776ef3,test,가구,T2 동의어,q_가구_03,소파,생활·마트 중 '가구'를 판매·제공하는 매장,87569fec-379a-4896-ba35-5d08cb2fabe1,밀양상회,"대파, 잔파",엄궁농산물도매시장식품·청과 소매동 골목형상점가,골목형상점가,부산광역시,0.0,0.0,,,RESOLVED_AGREEMENT,False,0,,,,
f5311b29e96b6ad95779,test,가구,T2 동의어,q_가구_03,소파,생활·마트 중 '가구'를 판매·제공하는 매장,68ee043f-6b39-48f4-8fea-5048b0f7c4db,이노센트가구 빛고을점,소파 등,빛고을 골목형상점가,골목형상점가,광주광역시,3.0,3.0,,,RESOLVED_AGREEMENT,False,3,,,,
6add8dd97b739b85ebef,test,가구,T2 동의어,q_가구_03,소파,생활·마트 중 '가구'를 판매·제공하는 매장,a9a1c23e-df4b-4a06-a416-6ec4dceb5bfb,한국가죽소파,소매업(소파및가구),안양가구상점가,자율상권구역,경기도,3.0,3.0,,,RESOLVED_AGREEMENT,False,3,,,,
db83090cc87cd4120940,test,가구,T2 동의어,q_가구_03,소파,생활·마트 중 '가구'를 판매·제공하는 매장,7b1b8d9b-371c-4f83-96d2-d12f2ffc417e,커피몰,커파,평택국제중앙시장,전통시장,경기도,0.0,0.0,,,RESOLVED_AGREEMENT,False,0,,,,
0226d0be7d67b8119e78,test,가구,T2 동의어,q_가구_03,소파,생활·마트 중 '가구'를 판매·제공하는 매장,8133306d-694c-4b7f-8c46-b4668b3b3e50,곽명지헤어,미용업,고성시장,전통시장,경상남도,0.0,0.0,,,RESOLVED_AGREEMENT,False,0,,,,
b2390b3ea13f197fe351,test,가구,T2 동의어,q_가구_03,소파,생활·마트 중 '가구'를 판매·제공하는 매장,d2db267e-3b7c-42b7-b752-403dc073603b,합천대파,대파,학성새벽시장,전통시장,울산광역시,0.0,0.0,,,RESOLVED_AGREEMENT,False,0,,,,
e234a84f7b3dc05ed4b2,test,가구,T2 동의어,q_가구_03,소파,생활·마트 중 '가구'를 판매·제공하는 매장,40af7b91-7f04-4b4d-8809-08e1c5813c51,가현가구,장농침대소파식탁,하남대로가구의거리상인회 골목형상점가,골목형상점가,광주광역시,3.0,3.0,,,RESOLVED_AGREEMENT,False,3,,,,
c871f539d3277c36c5ae,test,가구,T2 동의어,q_가구_03,소파,생활·마트 중 '가구'를 판매·제공하는 매장,ffb0dae6-f803-4eaa-9f33-9d4d5a4567cb,"노송가구,아름자리소파,거성가구갤러리",가구,서인천가구단지,자율상권구역,인천광역시,2.0,3.0,,,P2_GRADED_ONLY,True,,,,,
ed6985d67fe4db94219a,test,가구,T2 동의어,q_가구_03,소파,생활·마트 중 '가구'를 판매·제공하는 매장,fc127397-b63f-4dcb-ae78-4a5ae97b6635,가인,소파 식탁,부산좌천동가구상가,자율상권구역,부산광역시,3.0,3.0,,,RESOLVED_AGREEMENT,False,3,,,,
e9b73794cc348e946d39,test,가구,T2 동의어,q_가구_03,소파,생활·마트 중 '가구'를 판매·제공하는 매장,12845554-e633-4234-aec0-88d267a1a332,버클리쇼파,"가구, 쇼파",섬유제품관,전통시장,대구광역시,2.0,3.0,,,P2_GRADED_ONLY,True,,,,,
4fe24557d10cf19124a8,test,가구,T2 동의어,q_가구_03,소파,생활·마트 중 '가구'를 판매·제공하는 매장,bcb2feaf-7044-4f4f-b29a-3a52934d5f63,콩테가구단지 침대 소파,가구 소파,늘솔길상인회 골목형상점가,골목형상점가,광주광역시,3.0,3.0,,,RESOLVED_AGREEMENT,False,3,,,,
4aeb9e76180afd72cce6,test,가구,T2 동의어,q_가구_03,소파,생활·마트 중 '가구'를 판매·제공하는 매장,83f36b03-6537-4be0-8d19-c322144b9036,네파,,태백중앙로상점가,자율상권구역,강원특별자치도,,,Y,Y,P0_UNCERTAIN_OR_MISSING,True,,,,,
2050e5d5008a4254bd80,test,가구,T2 동의어,q_가구_03,소파,생활·마트 중 '가구'를 판매·제공하는 매장,5a600c47-1dda-49bb-85a0-3ce630f135be,도이르 스파,피부헤드스파,보람동 골목형상점가,골목형상점가,세종특별자치시,0.0,0.0,,,RESOLVED_AGREEMENT,False,0,,,,
8bf40e3b84d69412ca33,test,가구,T2 동의어,q_가구_03,소파,생활·마트 중 '가구'를 판매·제공하는 매장,53f13a7d-ce5a-41bc-9bcb-d3422d3e1746,은광쇼파,소파,진다리로 백운1동 골목형상점가,골목형상점가,광주광역시,3.0,3.0,,,RESOLVED_AGREEMENT,False,3,,,,
e3c6a670d8375fd60824,test,가구,T2 동의어,q_가구_03,소파,생활·마트 중 '가구'를 판매·제공하는 매장,00819c3e-a0dc-4005-8c3b-25b804133ef6,에이스퍼니처,가구,동광주 골목형상점가,골목형상점가,광주광역시,2.0,3.0,,,P2_GRADED_ONLY,True,,,,,
93de34abe41fdc9d83a6,test,가구,T2 동의어,q_가구_03,소파,생활·마트 중 '가구'를 판매·제공하는 매장,4dc849fd-2217-49f6-abcb-c64f1ebc6c4d,마라파파,,울산대바보사거리 골목형상점가,골목형상점가,울산광역시,,0.0,Y,,P0_UNCERTAIN_OR_MISSING,True,,,,,
c9c5ecb8778c12acdc5a,test,가구,T2 동의어,q_가구_03,소파,생활·마트 중 '가구'를 판매·제공하는 매장,11697ec5-afcf-48ce-b93d-78ff8879781b,주식회사 아로마플래닛,화장품,무등로해피 골목형상점가,골목형상점가,광주광역시,0.0,0.0,,,RESOLVED_AGREEMENT,False,0,,,,
6db91c42c370172d8323,test,가구,T2 동의어,q_가구_03,소파,생활·마트 중 '가구'를 판매·제공하는 매장,145475c6-c03c-48f2-8c47-caba19da3dbd,한국가죽소파,가구,섬유제품관,전통시장,대구광역시,2.0,3.0,,,P2_GRADED_ONLY,True,,,,,
4ad0d5f3c5a920a3f743,test,가구,T2 동의어,q_가구_03,소파,생활·마트 중 '가구'를 판매·제공하는 매장,af9adb09-c23a-4670-afe6-5bd85507dc98,어바웃,손톱관리,신아타운,전통시장,서울특별시,0.0,0.0,,,RESOLVED_AGREEMENT,False,0,,,,
9f22a3b685cb7aab2527,test,가구,T2 동의어,q_가구_03,소파,생활·마트 중 '가구'를 판매·제공하는 매장,0b1020aa-4576-4fc3-9ee6-a6fe2a321e73,소낭구 평택점,식탁소파침대옷장 등 가구일체,청북가구단지상점가,골목형상점가,경기도,3.0,3.0,,,RESOLVED_AGREEMENT,False,3,,,,
e38dcc6403b94d8dca06,test,가구,T2 동의어,q_가구_04,인테리어,생활·마트 중 '가구'를 판매·제공하는 매장,8f20c1f5-6bf6-428e-9f66-b250ecb066d8,성지종합인테리어,인테리어,태화시장,전통시장,울산광역시,3.0,3.0,,,RESOLVED_AGREEMENT,False,3,,,,
63ba941caf83236735f1,test,가구,T2 동의어,q_가구_04,인테리어,생활·마트 중 '가구'를 판매·제공하는 매장,8541a81b-5d12-4f61-8dea-12a5265caca6,천리인테리어,인테리어,이동 골목형상점가,골목형상점가,경기도,3.0,3.0,,,RESOLVED_AGREEMENT,False,3,,,,
2f90f56632b4b96f01e0,test,가구,T2 동의어,q_가구_04,인테리어,생활·마트 중 '가구'를 판매·제공하는 매장,a62b4f8f-8577-4da1-b9d6-9871e6a11c96,동서종합인테리어,인테리어,중동사랑시장,전통시장,경기도,3.0,3.0,,,RESOLVED_AGREEMENT,False,3,,,,
039f1f3526edd2c05ec4,test,가구,T2 동의어,q_가구_04,인테리어,생활·마트 중 '가구'를 판매·제공하는 매장,060ca668-6ba8-4dbc-af43-1b0f2b64cda6,오브제 퍼니처,침대소파식탁,김포 가구단지 골목형상점가,골목형상점가,경기도,2.0,3.0,,,P2_GRADED_ONLY,True,,,,,
a93d0a4a396c7a15a371,test,가구,T2 동의어,q_가구_04,인테리어,생활·마트 중 '가구'를 판매·제공하는 매장,002db554-24ed-4307-adce-47f82d00e39e,에몬스가구섬유관점,가구,섬유제품관,전통시장,대구광역시,2.0,3.0,,,P2_GRADED_ONLY,True,,,,,
63ec2f507af5db3c867f,test,가구,T2 동의어,q_가구_04,인테리어,생활·마트 중 '가구'를 판매·제공하는 매장,000f2b92-c3c3-4ff7-8507-d2b8b0804036,우아미 가구,가구 도소매,삼산가구전문거리,골목형상점가,울산광역시,2.0,3.0,,,P2_GRADED_ONLY,True,,,,,
8931262397438910709d,test,가구,T2 동의어,q_가구_04,인테리어,생활·마트 중 '가구'를 판매·제공하는 매장,00029834-c340-4d89-b5a7-cee930fc3c31,콩심24시전주종가콩나물국밥,가구,불당1번가골목형상점가,골목형상점가,충청남도,2.0,3.0,,,P2_GRADED_ONLY,True,,,,,
7cd125714c8eddc16227,test,가구,T2 동의어,q_가구_04,인테리어,생활·마트 중 '가구'를 판매·제공하는 매장,f4fd2fb5-eb45-4dc4-a4c9-528ca4f26883,예찬인테리어,인테리어,석계음식문화거리골목형상점가,골목형상점가,서울특별시,3.0,3.0,,,RESOLVED_AGREEMENT,False,3,,,,
284340fde2f8e456424e,test,가구,T2 동의어,q_가구_04,인테리어,생활·마트 중 '가구'를 판매·제공하는 매장,0f3e0984-6986-4589-8aa2-774363733600,생초종합인테리어,인테리어,못골골목시장,전통시장,부산광역시,3.0,3.0,,,RESOLVED_AGREEMENT,False,3,,,,
999de84b7d2aa2ec0a3f,test,가구,T2 동의어,q_가구_04,인테리어,생활·마트 중 '가구'를 판매·제공하는 매장,765bc5b7-3a22-404c-b34d-64a617530ce6,금정,인테리어,센트럴프라자,골목형상점가,울산광역시,3.0,3.0,,,RESOLVED_AGREEMENT,False,3,,,,
9728f4b2c51b1a89ed7e,test,가구,T2 동의어,q_가구_04,인테리어,생활·마트 중 '가구'를 판매·제공하는 매장,610ba527-4e91-435b-b488-588e02356c31,바닐라빈 (VANILLA BEAN),음료,커낼워크상점가,골목형상점가,인천광역시,0.0,0.0,,,RESOLVED_AGREEMENT,False,0,,,,
2c97f6b005aed2f214bb,test,가구,T2 동의어,q_가구_04,인테리어,생활·마트 중 '가구'를 판매·제공하는 매장,0039f6c3-9cdd-48f5-ae33-279dbbcf879d,다이렉트소파몰 안산직영점,가구소매업,상록수가구거리상점가,골목형상점가,경기도,2.0,3.0,,,P2_GRADED_ONLY,True,,,,,
520a1849ccbf670007fc,test,가구,T2 동의어,q_가구_04,인테리어,생활·마트 중 '가구'를 판매·제공하는 매장,c5b99943-a4b6-4758-8072-9c53fea5e819,프로방스인테리어,인테리어,반구시장,전통시장,울산광역시,3.0,3.0,,,RESOLVED_AGREEMENT,False,3,,,,
9cbf60f39e53dc70e9f1,test,가구,T2 동의어,q_가구_04,인테리어,생활·마트 중 '가구'를 판매·제공하는 매장,de9ac34c-d3a4-4d41-990b-5d46e46501f7,예원건축인테리어,인테리어 소품,평창동 골목형상점가,골목형상점가,서울특별시,3.0,3.0,,,RESOLVED_AGREEMENT,False,3,,,,
38b9dd5b8749e296e73b,test,가구,T2 동의어,q_가구_04,인테리어,생활·마트 중 '가구'를 판매·제공하는 매장,1b600122-0a9a-4e0e-ad79-851995f0e129,혼담 앤 체인지 인테리어,인테리어,법동시장,전통시장,대전광역시,3.0,3.0,,,RESOLVED_AGREEMENT,False,3,,,,
556831eddf0f5750e947,test,가구,T2 동의어,q_가구_04,인테리어,생활·마트 중 '가구'를 판매·제공하는 매장,4632cd24-bf1f-4aab-84b3-4908c113e840,현대인테리어,인테리어,오류버들시장골목형상점가,골목형상점가,서울특별시,3.0,3.0,,,RESOLVED_AGREEMENT,False,3,,,,
0cd8e8d2de086f63008d,test,가구,T2 동의어,q_가구_04,인테리어,생활·마트 중 '가구'를 판매·제공하는 매장,49c40b44-3de8-4397-b2be-e11b09c49e75,시윤건축,인테리어,시화공구상가,전통시장,경기도,3.0,3.0,,,RESOLVED_AGREEMENT,False,3,,,,
6b558e35dd133b4c2e09,test,가구,T2 동의어,q_가구_04,인테리어,생활·마트 중 '가구'를 판매·제공하는 매장,7d67e483-e07c-407e-8c03-33ae18fedf1a,은하인테리어,인테리어,화정한울타리상인회 골목형상점가,골목형상점가,광주광역시,3.0,3.0,,,RESOLVED_AGREEMENT,False,3,,,,
e8fb81864eedc3f9b6e8,test,가구,T2 동의어,q_가구_04,인테리어,생활·마트 중 '가구'를 판매·제공하는 매장,8a5bdfa2-4d24-4bbb-8d7a-b2f5bba0b81a,예가원인테리어,인테리어,자유골목형상점가,골목형상점가,충청남도,3.0,3.0,,,RESOLVED_AGREEMENT,False,3,,,,
90147b8de89f8fbb05dc,test,가구,T2 동의어,q_가구_04,인테리어,생활·마트 중 '가구'를 판매·제공하는 매장,5935e64d-be63-46be-90e5-76d68a446e48,행운인테리어,인테리어,산천동 골목형상점가,골목형상점가,서울특별시,3.0,3.0,,,RESOLVED_AGREEMENT,False,3,,,,
45a7aef3f26fda37b405,test,가구,T2 동의어,q_가구_04,인테리어,생활·마트 중 '가구'를 판매·제공하는 매장,f2ebcd91-aa1e-45d1-ae97-1d694efda10a,펫샵강아지와산책,반려동물용품,태화강국가정원먹거리단지,자율상권구역,울산광역시,0.0,0.0,,,RESOLVED_AGREEMENT,False,0,,,,
95f664ac2215c1eb2d2d,test,가구,T2 동의어,q_가구_04,인테리어,생활·마트 중 '가구'를 판매·제공하는 매장,e4df0867-13a7-4dc5-b95e-2567962d3029,㈜덕인인테리어,인테리어 공사,비아로 골목형상점가,골목형상점가,광주광역시,3.0,3.0,,,RESOLVED_AGREEMENT,False,3,,,,
500b09aaa09fc272ebd7,test,가구,T2 동의어,q_가구_04,인테리어,생활·마트 중 '가구'를 판매·제공하는 매장,dbc495df-f128-4890-92cf-1ae174ed2462,살롱트루,미용,신월3동시장골목형상점가,골목형상점가,서울특별시,0.0,0.0,,,RESOLVED_AGREEMENT,False,0,,,,
2ddc4e0ce0e4a27bac53,test,가구,T2 동의어,q_가구_04,인테리어,생활·마트 중 '가구'를 판매·제공하는 매장,00819c3e-a0dc-4005-8c3b-25b804133ef6,에이스퍼니처,가구,동광주 골목형상점가,골목형상점가,광주광역시,2.0,3.0,,,P2_GRADED_ONLY,True,,,,,
e9818d449d1f1f1baf08,test,가구,T2 동의어,q_가구_04,인테리어,생활·마트 중 '가구'를 판매·제공하는 매장,9f545578-41b4-412b-82ac-2b7b876fe582,9939인테리어,인테리어,유안 골목형상점가,골목형상점가,광주광역시,3.0,3.0,,,RESOLVED_AGREEMENT,False,3,,,,
a17b8840511c0a71ed55,test,가구,T2 동의어,q_가구_04,인테리어,생활·마트 중 '가구'를 판매·제공하는 매장,2af27ed7-8b95-44d7-a987-08468438dea0,힐인테리어,인테리어,동산상가,전통시장,대구광역시,3.0,3.0,,,RESOLVED_AGREEMENT,False,3,,,,
02f356d481d99d9b101c,test,가구,T2 동의어,q_가구_04,인테리어,생활·마트 중 '가구'를 판매·제공하는 매장,55965ecc-3db7-4301-9a15-c4f19e3f69e7,한샘인테리어지물,인테리어,전곡중앙상가 골목형상점가,골목형상점가,경기도,3.0,3.0,,,RESOLVED_AGREEMENT,False,3,,,,
8432a5a3dcc45d9b3f18,test,가구,T2 동의어,q_가구_04,인테리어,생활·마트 중 '가구'를 판매·제공하는 매장,0021ea65-4c59-4aa0-8d1c-95fe7b6686d0,공간인테리어,경미한공사(인테리어),여의동 골목형상점가,골목형상점가,전북특별자치도,3.0,3.0,,,RESOLVED_AGREEMENT,False,3,,,,
b8bfe9cb129577cea7e0,test,가구,T2 동의어,q_가구_04,인테리어,생활·마트 중 '가구'를 판매·제공하는 매장,8ea10c88-4519-4585-9f98-4b503edbea71,곱창식당,음식(한식),가평잣고을시장,전통시장,경기도,0.0,0.0,,,RESOLVED_AGREEMENT,False,0,,,,
087769ca5f8d3da0c76b,test,가구,T2 동의어,q_가구_04,인테리어,생활·마트 중 '가구'를 판매·제공하는 매장,e3eb8ef4-20f4-4eed-a0ec-47f27b48d24e,성연인테리어,인테리어,성내전통시장,전통시장,서울특별시,3.0,3.0,,,RESOLVED_AGREEMENT,False,3,,,,
c58ccc7246d2c52c93e7,test,가구,T2 동의어,q_가구_04,인테리어,생활·마트 중 '가구'를 판매·제공하는 매장,cb8bad70-894f-40a8-bcc2-0e588d30ef97,유진수산,수산물,소래포구전통어시장,전통시장,인천광역시,0.0,0.0,,,RESOLVED_AGREEMENT,False,0,,,,
dd028e3923b4f3124885,test,가구,T2 동의어,q_가구_04,인테리어,생활·마트 중 '가구'를 판매·제공하는 매장,4943fe46-71c3-4429-9cc1-3f8395821ddd,리홈 원주인테리어,인테리어,혁신도시2구역골목형상점가,골목형상점가,강원특별자치도,3.0,3.0,,,RESOLVED_AGREEMENT,False,3,,,,
6303eca5554d59a0fb86,test,가구,T2 동의어,q_가구_04,인테리어,생활·마트 중 '가구'를 판매·제공하는 매장,063e0bdb-f37d-403a-8d87-439096dd4a51,공감인테리어,실내 인테리어벽지장판목공타일류 등 및 컨설팅,운남7단지먹자거리 골목형상점가,골목형상점가,광주광역시,3.0,3.0,,,RESOLVED_AGREEMENT,False,3,,,,
8c8f28392eae6d96b76a,test,가구,T2 동의어,q_가구_04,인테리어,생활·마트 중 '가구'를 판매·제공하는 매장,36de94cf-1f85-42c3-bccd-01c30d21a143,상승 인테리어,인테리어,봉천달빛길골목형상점가,골목형상점가,서울특별시,3.0,3.0,,,RESOLVED_AGREEMENT,False,3,,,,
e95a449c1c605e6653ae,test,가구,T2 동의어,q_가구_04,인테리어,생활·마트 중 '가구'를 판매·제공하는 매장,5bc577fe-114d-4936-8639-4dac4553be4d,비전종합인테리어,인테리어,인수로골목형상점가,골목형상점가,서울특별시,3.0,3.0,,,RESOLVED_AGREEMENT,False,3,,,,
513032b67303d2382a36,test,가구,T2 동의어,q_가구_04,인테리어,생활·마트 중 '가구'를 판매·제공하는 매장,555434a2-6e12-43b4-9b46-a661ed91e7e5,홍림토탈인테리어,인테리어,못골골목시장,전통시장,부산광역시,3.0,3.0,,,RESOLVED_AGREEMENT,False,3,,,,
8924cc69e2406423b54e,test,가구,T2 동의어,q_가구_04,인테리어,생활·마트 중 '가구'를 판매·제공하는 매장,97eca456-3f21-4d67-955e-a010d9fc2a79,라온,인테리어,섬유제품관,전통시장,대구광역시,3.0,3.0,,,RESOLVED_AGREEMENT,False,3,,,,
3badcb49d9c7bbb0b08f,test,가구,T2 동의어,q_가구_04,인테리어,생활·마트 중 '가구'를 판매·제공하는 매장,158cb28d-a1f4-41bf-857c-6bc462df8fbc,성진홈인테리어,인테리어,삼산현대시장,골목형상점가,울산광역시,3.0,3.0,,,RESOLVED_AGREEMENT,False,3,,,,
f1dc41a4ade89ac1face,test,가구,T2 동의어,q_가구_04,인테리어,생활·마트 중 '가구'를 판매·제공하는 매장,42cc207c-676a-4662-9781-e266eb11c91e,에이스가구,도매 및 소매업 가구 중고가구 붙박이장 식탁 소파,은구비서로사회적협동조합 골목형상점가,골목형상점가,대전광역시,2.0,3.0,,,P2_GRADED_ONLY,True,,,,,
9f37c859d59d362cca1d,test,가구,T2 동의어,q_가구_04,인테리어,생활·마트 중 '가구'를 판매·제공하는 매장,40af7b91-7f04-4b4d-8809-08e1c5813c51,가현가구,장농침대소파식탁,하남대로가구의거리상인회 골목형상점가,골목형상점가,광주광역시,2.0,3.0,,,P2_GRADED_ONLY,True,,,,,
781a926be9d9dba5e7a6,test,가구,T2 동의어,q_가구_04,인테리어,생활·마트 중 '가구'를 판매·제공하는 매장,babe6ef7-64ec-47ed-bac4-814312b9cec9,성은인테리어,인테리어,동원전통종합시장,전통시장,서울특별시,3.0,3.0,,,RESOLVED_AGREEMENT,False,3,,,,
82415573f1fd251d3f32,test,가구,T2 동의어,q_가구_04,인테리어,생활·마트 중 '가구'를 판매·제공하는 매장,4afe9c36-04bc-4281-99bf-48efdfb67fca,근민디자인,인테리어,하당꽃길1가 골목형상점가,골목형상점가,전라남도,3.0,3.0,,,RESOLVED_AGREEMENT,False,3,,,,
3469d5830ff1f527c866,test,가구,T2 동의어,q_가구_04,인테리어,생활·마트 중 '가구'를 판매·제공하는 매장,95bc1031-d55e-4832-b724-0a46649dddc6,우리집인테리어,인테리어,학마을골목형상점가,골목형상점가,서울특별시,3.0,3.0,,,RESOLVED_AGREEMENT,False,3,,,,
c2aa90293f7f34076116,test,가구,T2 동의어,q_가구_04,인테리어,생활·마트 중 '가구'를 판매·제공하는 매장,661d3f3c-a149-4daa-bd70-9624fbfebbea,보석인테리어건설,인테리어,자유골목형상점가,골목형상점가,충청남도,3.0,3.0,,,RESOLVED_AGREEMENT,False,3,,,,
b8d1c6e67b4b49cdd5fe,test,가구,T2 동의어,q_가구_04,인테리어,생활·마트 중 '가구'를 판매·제공하는 매장,caa28fe7-ec3d-4d69-84fb-54b9431c4109,현대인테리어,인테리어,석수본동 골목형상점가,골목형상점가,경기도,3.0,3.0,,,RESOLVED_AGREEMENT,False,3,,,,
c0f7783d14cfab08903c,test,가구,T2 동의어,q_가구_04,인테리어,생활·마트 중 '가구'를 판매·제공하는 매장,b12c838b-8d62-496f-adbe-38ae9d04b291,만복,소매(가정용품),고투몰(강남터미널지하도상점가),일반지하상점가,서울특별시,0.0,0.0,,,RESOLVED_AGREEMENT,False,0,,,,
63aa55b4aa205cc1ab77,test,가구,T2 동의어,q_가구_04,인테리어,생활·마트 중 '가구'를 판매·제공하는 매장,08d279de-df58-4bbf-98b5-b53c1d84cb4b,헤스티아디자인,"가구, 인테리어",마산 북마산가구시장,전통시장,경상남도,3.0,3.0,,,RESOLVED_AGREEMENT,False,3,,,,
f5cc97ac6efc06286a59,test,가구,T2 동의어,q_가구_04,인테리어,생활·마트 중 '가구'를 판매·제공하는 매장,0a0405e9-75a8-4da5-94de-52922afd653d,(주)드림,침대 가구,운정가구단지 상점가,자율상권구역,경기도,2.0,3.0,,,P2_GRADED_ONLY,True,,,,,
05f91ad3d264f2287152,test,가구,T2 동의어,q_가구_04,인테리어,생활·마트 중 '가구'를 판매·제공하는 매장,4595400f-906a-4dfd-9a20-42058586d157,아트타일,인테리어,연산전통시장,전통시장,충청남도,3.0,3.0,,,RESOLVED_AGREEMENT,False,3,,,,
3e6fe37eb82b738937a1,test,가구,T2 동의어,q_가구_04,인테리어,생활·마트 중 '가구'를 판매·제공하는 매장,470f12f0-2126-49d1-9a9b-6b2ce24503a5,새숨공간 인테리어,인테리어 시공,나주혁신도시 골목형상점가,골목형상점가,전라남도,3.0,3.0,,,RESOLVED_AGREEMENT,False,3,,,,
9a404a4f4d7960dfe75b,test,가구,T2 동의어,q_가구_04,인테리어,생활·마트 중 '가구'를 판매·제공하는 매장,02f4782a-e87b-4c4c-a517-6eec40381342,장수돌침대,가구침대,포천리빙가구상점가,자율상권구역,경기도,2.0,3.0,,,P2_GRADED_ONLY,True,,,,,
bd1ec161b80d1954df4f,test,가구,T2 동의어,q_가구_04,인테리어,생활·마트 중 '가구'를 판매·제공하는 매장,91d0b9a2-6748-4327-8b22-2e7b65b650cc,천일인테리어,인테리어,사강시장,전통시장,경기도,3.0,3.0,,,RESOLVED_AGREEMENT,False,3,,,,
affd3b4a8fd69537580a,test,가구,T2 동의어,q_가구_04,인테리어,생활·마트 중 '가구'를 판매·제공하는 매장,0682734b-5e2e-4e79-9bcc-9fee6192ebcc,나무뜰,소매업(인테리어소품),신안프라자전통시장,전통시장,경기도,3.0,3.0,,,RESOLVED_AGREEMENT,False,3,,,,
b8725e69637d165926ba,test,가구,T2 동의어,q_가구_04,인테리어,생활·마트 중 '가구'를 판매·제공하는 매장,7f644b43-5c12-4e95-821e-d869f888bb7f,토탈씽크,인테리어,상무운천로상인회 골목형상점가,골목형상점가,광주광역시,3.0,3.0,,,RESOLVED_AGREEMENT,False,3,,,,
9b197c7de9db36d438fd,test,가구,T2 동의어,q_가구_04,인테리어,생활·마트 중 '가구'를 판매·제공하는 매장,f3e6c040-7d87-48fd-acec-c22138eba543,광명장식,인테리어,임방울거리3구역 골목형상점가,골목형상점가,광주광역시,3.0,3.0,,,RESOLVED_AGREEMENT,False,3,,,,
61263766a5d6d506d8e5,test,가구,T2 동의어,q_가구_04,인테리어,생활·마트 중 '가구'를 판매·제공하는 매장,f9ea9f24-7cf9-49d0-bd8f-da14fa0e9150,명품인테리어,인테리어,한글거리 상점가상인회,자율상권구역,세종특별자치시,3.0,3.0,,,RESOLVED_AGREEMENT,False,3,,,,
a643ba118c55e65a4144,test,가구,T2 동의어,q_가구_04,인테리어,생활·마트 중 '가구'를 판매·제공하는 매장,1ce65cc3-ff8f-4781-bbfc-cccf1c5b8b7b,해주,인테리어,오류버들시장골목형상점가,골목형상점가,서울특별시,3.0,3.0,,,RESOLVED_AGREEMENT,False,3,,,,
7ae0dddc7acb7caab607,test,가구,T2 동의어,q_가구_04,인테리어,생활·마트 중 '가구'를 판매·제공하는 매장,00157e3c-6f50-4200-b30b-056a209c814a,장인가구창원제일점,가구,창원 팔용가구거리,자율상권구역,경상남도,2.0,3.0,,,P2_GRADED_ONLY,True,,,,,
1bf53a7675eece12f420,test,가구,T2 동의어,q_가구_04,인테리어,생활·마트 중 '가구'를 판매·제공하는 매장,003f093e-cafd-472d-a875-6931880b1a71,올리브데코,가구,제2경주중심상가시장(경주봉황중심상가시장),전통시장,경상북도,2.0,3.0,,,P2_GRADED_ONLY,True,,,,,
178ade01d38895fc196e,test,가구,T2 동의어,q_가구_04,인테리어,생활·마트 중 '가구'를 판매·제공하는 매장,3c1e389d-3138-4b9e-99dc-a3921884b1f0,미소한의원,한의원,사강시장,전통시장,경기도,0.0,0.0,,,RESOLVED_AGREEMENT,False,0,,,,
a005a3402e7aaa0644cf,test,가구,T2 동의어,q_가구_04,인테리어,생활·마트 중 '가구'를 판매·제공하는 매장,73247d56-0fda-49c5-a148-d7ebffb7d913,꾸미네인테리어,인테리어,상무운천로상인회 골목형상점가,골목형상점가,광주광역시,3.0,3.0,,,RESOLVED_AGREEMENT,False,3,,,,
e66a2902ad400cd049be,test,가구,T2 동의어,q_가구_04,인테리어,생활·마트 중 '가구'를 판매·제공하는 매장,1875465f-1705-4824-b9c5-59aad3280ecf,성광인테리어,인테리어,온누리상인회 골목형상점가,골목형상점가,광주광역시,3.0,3.0,,,RESOLVED_AGREEMENT,False,3,,,,
22f6a75002cbd1e13dfa,test,가구,T2 동의어,q_가구_04,인테리어,생활·마트 중 '가구'를 판매·제공하는 매장,beda4b6a-8c5e-4e9c-8b16-1aa1439269e3,창디자인,인테리어,신봉하나로 골목형상점가,골목형상점가,경기도,3.0,3.0,,,RESOLVED_AGREEMENT,False,3,,,,
f41b85bbcd863bde7ca5,test,가구,T2 동의어,q_가구_04,인테리어,생활·마트 중 '가구'를 판매·제공하는 매장,0ad6e101-3acd-4ec5-acfc-efeec5d00719,제이제이(J.J.),의류,서문시장2지구 종합상가,전통시장,대구광역시,0.0,0.0,,,RESOLVED_AGREEMENT,False,0,,,,
8abc47ed710af3c54176,test,가구,T2 동의어,q_가구_04,인테리어,생활·마트 중 '가구'를 판매·제공하는 매장,908f3452-a228-4408-b05a-7f52a0647b80,내집인테리어,인테리어,태평상가,골목형상점가,경기도,3.0,3.0,,,RESOLVED_AGREEMENT,False,3,,,,
90a0fd9f3fed311fd733,test,가구,T2 동의어,q_가구_04,인테리어,생활·마트 중 '가구'를 판매·제공하는 매장,0b1020aa-4576-4fc3-9ee6-a6fe2a321e73,소낭구 평택점,식탁소파침대옷장 등 가구일체,청북가구단지상점가,골목형상점가,경기도,2.0,3.0,,,P2_GRADED_ONLY,True,,,,,
903ffc183d549f1ba96a,test,가구,T2 동의어,q_가구_04,인테리어,생활·마트 중 '가구'를 판매·제공하는 매장,b3eb0c7e-ebd5-48e7-9d94-93eb9943bc1a,일우인테리어,소매업(인테리어),신안코아,전통시장,경기도,3.0,3.0,,,RESOLVED_AGREEMENT,False,3,,,,
6a29a9302f49cd78717d,test,가구,T2 동의어,q_가구_04,인테리어,생활·마트 중 '가구'를 판매·제공하는 매장,470eb2f0-fbcc-43c5-a707-41d408bf7744,헌집줄게 새집다오 인테리어,인테리어,단봉로골목형상점가,골목형상점가,인천광역시,3.0,3.0,,,RESOLVED_AGREEMENT,False,3,,,,
c45e96e5eba2994082ea,test,가구,T2 동의어,q_가구_04,인테리어,생활·마트 중 '가구'를 판매·제공하는 매장,48cc700f-acfd-4514-8948-7f9db8f88719,비타민원목가구,소파.침대.식탁,청북가구단지상점가,자율상권구역,경기도,2.0,3.0,,,P2_GRADED_ONLY,True,,,,,
55470d0c3d9fe7eeed7e,test,가구,T2 동의어,q_가구_04,인테리어,생활·마트 중 '가구'를 판매·제공하는 매장,0394caa3-10fc-4b86-b7e2-c7b1ac09d649,새마을종합인테리어,"인테리어(벽지,장판등)",성남남한산성시장(구 은행골목시장),전통시장,경기도,3.0,3.0,,,RESOLVED_AGREEMENT,False,3,,,,
cf63c25c53a774dc9d59,test,가구,T2 동의어,q_가구_04,인테리어,생활·마트 중 '가구'를 판매·제공하는 매장,f7ccbe49-fa4c-432a-990f-4b5ed57e4e96,대건장식,인테리어,능동로골목시장(자양한강전통시장),전통시장,서울특별시,3.0,3.0,,,RESOLVED_AGREEMENT,False,3,,,,
047edcf9ce88c97c9370,test,가구,T2 동의어,q_가구_04,인테리어,생활·마트 중 '가구'를 판매·제공하는 매장,0d32b58f-0a8d-4159-b3cf-c4e1a3ec49dc,단청(장수돌침대의왕점),,안양1번가 상점가,자율상권구역,경기도,2.0,3.0,,,P2_GRADED_ONLY,True,,,,,
f43acbb0db0fe8102873,test,가구,T2 동의어,q_가구_04,인테리어,생활·마트 중 '가구'를 판매·제공하는 매장,4077f363-d0cf-4400-82ab-211d70e15515,대동인테리어,인테리어,산천동 골목형상점가,골목형상점가,서울특별시,3.0,3.0,,,RESOLVED_AGREEMENT,False,3,,,,
eb815f4dcb919a34d37b,test,가구,T2 동의어,q_가구_04,인테리어,생활·마트 중 '가구'를 판매·제공하는 매장,12de440f-7e93-44ed-a688-d28f255887fc,오렉스,인테리어,석수본동 골목형상점가,골목형상점가,경기도,3.0,3.0,,,RESOLVED_AGREEMENT,False,3,,,,
56a2e8792a12c01d6bfe,test,가구,T2 동의어,q_가구_04,인테리어,생활·마트 중 '가구'를 판매·제공하는 매장,8e3f0fd3-7924-40a7-b6d3-463c10d8349b,대성인테리어,인테리어,마천중앙시장,전통시장,서울특별시,3.0,3.0,,,RESOLVED_AGREEMENT,False,3,,,,
bcd6c5e3a606fb342b37,test,가구,T2 동의어,q_가구_04,인테리어,생활·마트 중 '가구'를 판매·제공하는 매장,96c4b04d-fa82-4e17-a1df-797614c967bb,제일인테리어,인테리어,과천슈르탑 골목형상점가,골목형상점가,경기도,3.0,3.0,,,RESOLVED_AGREEMENT,False,3,,,,
9779b858a9da79ef90fc,test,가구,T2 동의어,q_가구_04,인테리어,생활·마트 중 '가구'를 판매·제공하는 매장,a8d87d39-7c7c-43b5-a1b1-9946fa77a984,신평종합인테리어,인테리어,안계정기시장,전통시장,경상북도,3.0,3.0,,,RESOLVED_AGREEMENT,False,3,,,,
3a363a743dcbd750b734,test,가구,T2 동의어,q_가구_04,인테리어,생활·마트 중 '가구'를 판매·제공하는 매장,e3396978-13f0-4bda-b0fb-7a76a91e73af,명인테리어,인테리어,장대동패션상가 골목형상점가,골목형상점가,대전광역시,3.0,3.0,,,RESOLVED_AGREEMENT,False,3,,,,
493a33b9ac9dba9001ff,test,가구,T2 동의어,q_가구_04,인테리어,생활·마트 중 '가구'를 판매·제공하는 매장,b44231b9-8229-41c1-a356-8ceb7fa937fb,보람인테리어,인테리어,장안마실골목형상점가,골목형상점가,서울특별시,3.0,3.0,,,RESOLVED_AGREEMENT,False,3,,,,
66bce30e57a8b7541fc3,test,가구,T2 동의어,q_가구_04,인테리어,생활·마트 중 '가구'를 판매·제공하는 매장,fec3addd-9936-4ded-af2d-0d71e76959f2,부부씽크장식,인테리어,정서진중앙시장(구 서구중앙시장),전통시장,인천광역시,3.0,3.0,,,RESOLVED_AGREEMENT,False,3,,,,
579521b5f97cf890963c,test,가구,T2 동의어,q_가구_04,인테리어,생활·마트 중 '가구'를 판매·제공하는 매장,452331ea-be89-4137-b77c-04dcc7a6650f,열린인테리어,인테리어,이천중앙로상가,자율상권구역,경기도,3.0,3.0,,,RESOLVED_AGREEMENT,False,3,,,,
f4b6b1a6daf5cc087c74,test,가구,T2 동의어,q_가구_05,침대,생활·마트 중 '가구'를 판매·제공하는 매장,08d279de-df58-4bbf-98b5-b53c1d84cb4b,헤스티아디자인,"가구, 인테리어",마산 북마산가구시장,전통시장,경상남도,2.0,3.0,,,P2_GRADED_ONLY,True,,,,,
826b74ec0c06b2d679bc,test,가구,T2 동의어,q_가구_05,침대,생활·마트 중 '가구'를 판매·제공하는 매장,da06149f-2f79-40e7-8d31-e1f8736ce14d,베트남반미,즉석판매제조(빵),송정매일시장,전통시장,광주광역시,0.0,0.0,,,RESOLVED_AGREEMENT,False,0,,,,
cd36c366878171a2a718,test,가구,T2 동의어,q_가구_05,침대,생활·마트 중 '가구'를 판매·제공하는 매장,7fcf6695-2093-4588-acfd-6c31ae4fcfd7,씰리침대,,부평종합시장,전통시장,인천광역시,3.0,3.0,,,RESOLVED_AGREEMENT,False,3,,,,
65cea285652fe4742374,test,가구,T2 동의어,q_가구_05,침대,생활·마트 중 '가구'를 판매·제공하는 매장,ae4f8fda-c8ad-4971-99cd-36426eb3c884,파로마가구,종합 가구 침대 쇼파 식탁,용인어정가구단지상점가,자율상권구역,경기도,3.0,3.0,,,RESOLVED_AGREEMENT,False,3,,,,
6e47e479765cff17d798,test,가구,T2 동의어,q_가구_05,침대,생활·마트 중 '가구'를 판매·제공하는 매장,fa822345-8651-481c-b06c-be1ae5c08e0c,씰리침대,침대,대구종합유통단지전자관사업협동조합,전통시장,대구광역시,3.0,3.0,,,RESOLVED_AGREEMENT,False,3,,,,
b031c84b6035177ad406,test,가구,T2 동의어,q_가구_05,침대,생활·마트 중 '가구'를 판매·제공하는 매장,2a0e616d-677d-45a3-bcbf-113a9120d781,리퍼가구마트,침대 외,양주소풍가구단지상점가,자율상권구역,경기도,3.0,3.0,,,RESOLVED_AGREEMENT,False,3,,,,
3af63f56a6d5f5fff773,test,가구,T2 동의어,q_가구_05,침대,생활·마트 중 '가구'를 판매·제공하는 매장,02f4782a-e87b-4c4c-a517-6eec40381342,장수돌침대,가구침대,포천리빙가구상점가,자율상권구역,경기도,3.0,3.0,,,RESOLVED_AGREEMENT,False,3,,,,
d2ce9265e0cf144f7d60,test,가구,T2 동의어,q_가구_05,침대,생활·마트 중 '가구'를 판매·제공하는 매장,48cc700f-acfd-4514-8948-7f9db8f88719,비타민원목가구,소파.침대.식탁,청북가구단지상점가,자율상권구역,경기도,3.0,3.0,,,RESOLVED_AGREEMENT,False,3,,,,
b34db1c2fc32d879555c,test,가구,T2 동의어,q_가구_05,침대,생활·마트 중 '가구'를 판매·제공하는 매장,0394caa3-10fc-4b86-b7e2-c7b1ac09d649,새마을종합인테리어,"인테리어(벽지,장판등)",성남남한산성시장(구 은행골목시장),전통시장,경기도,1.0,1.0,,,RESOLVED_AGREEMENT,False,1,,,,
34dbc8a6f4db82bda2d5,test,가구,T2 동의어,q_가구_05,침대,생활·마트 중 '가구'를 판매·제공하는 매장,99677dfa-e773-4eca-82ec-4d7156ab6304,미건돌침대,침대,섬유제품관,전통시장,대구광역시,3.0,3.0,,,RESOLVED_AGREEMENT,False,3,,,,
1a2b9819dd4db0ad64f8,test,가구,T2 동의어,q_가구_05,침대,생활·마트 중 '가구'를 판매·제공하는 매장,eb2c9ec5-e12e-411a-b829-929167432df6,킹코일침대,,창원 팔용가구거리,자율상권구역,경상남도,3.0,3.0,,,RESOLVED_AGREEMENT,False,3,,,,
863ce246f134ba2cffca,test,가구,T2 동의어,q_가구_05,침대,생활·마트 중 '가구'를 판매·제공하는 매장,bb9fdc93-621c-4cff-a135-f18a86d2397e,스프링에어,침대,부산좌천동가구상가,자율상권구역,부산광역시,3.0,3.0,,,RESOLVED_AGREEMENT,False,3,,,,
ac6eed5c1446fb71572b,test,가구,T2 동의어,q_가구_05,침대,생활·마트 중 '가구'를 판매·제공하는 매장,7c508183-70a3-4d66-b319-ba319ea0155d,금강제화 전주대리점,,충경로 골목형상점가,골목형상점가,전북특별자치도,0.0,0.0,,,RESOLVED_AGREEMENT,False,0,,,,
08edca6ca4b1b05e640c,test,가구,T2 동의어,q_가구_05,침대,생활·마트 중 '가구'를 판매·제공하는 매장,d13b871e-9ace-45b0-a9da-9ac1a06b6c12,까사나인,침대 소파,상록수가구거리상점가,골목형상점가,경기도,3.0,3.0,,,RESOLVED_AGREEMENT,False,3,,,,
05a0b3c5d9ad16d12a0d,test,가구,T2 동의어,q_가구_05,침대,생활·마트 중 '가구'를 판매·제공하는 매장,14eaccd6-35bc-4299-ba94-adcd999af079,동호침대,,부산진시장,전통시장,부산광역시,3.0,3.0,,,RESOLVED_AGREEMENT,False,3,,,,
8ff0000f9ddb51ffc4e3,test,가구,T2 동의어,q_가구_05,침대,생활·마트 중 '가구'를 판매·제공하는 매장,5f74f974-1116-4d49-9eae-0f5d9079dce4,티엠스,액세서리,새동인천지하상가,일반지하상점가,인천광역시,0.0,0.0,,,RESOLVED_AGREEMENT,False,0,,,,
e1967c36375e874c5fe4,test,가구,T2 동의어,q_가구_05,침대,생활·마트 중 '가구'를 판매·제공하는 매장,d5d300e1-b7ae-4932-8cab-fc25d3f06e32,금성침대 천안직영점,침대,성정가구거리상점가,자율상권구역,충청남도,3.0,3.0,,,RESOLVED_AGREEMENT,False,3,,,,
fac68963314b88c857d7,test,가구,T2 동의어,q_가구_05,침대,생활·마트 중 '가구'를 판매·제공하는 매장,86ea08f6-4796-436c-be1c-87d4f4b10813,희룡,침대,섬유제품관,전통시장,대구광역시,3.0,3.0,,,RESOLVED_AGREEMENT,False,3,,,,
eadefe5e7189f83ae79b,test,가구,T2 동의어,q_가구_05,침대,생활·마트 중 '가구'를 판매·제공하는 매장,468b3dbb-e333-4396-872d-78bcf0ee6e60,황실건강침대,침대,학성가구거리 상점가,자율상권구역,울산광역시,3.0,3.0,,,RESOLVED_AGREEMENT,False,3,,,,
6c3006484565554ff3e9,test,가구,T2 동의어,q_가구_05,침대,생활·마트 중 '가구'를 판매·제공하는 매장,b9ce0062-4687-4ef6-b427-3ea1fcc1d5a1,남포동수,"액세서리, 잡화, 귀금속",신창상가,전통시장,부산광역시,0.0,0.0,,,RESOLVED_AGREEMENT,False,0,,,,
40953d79f65ae168178c,test,가구,T2 동의어,q_가구_05,침대,생활·마트 중 '가구'를 판매·제공하는 매장,1169c224-7f84-4a7c-87e9-e30905db9748,금성침대,,서대구가구거리 상점가,자율상권구역,대구광역시,3.0,3.0,,,RESOLVED_AGREEMENT,False,3,,,,
192b746f14bdcd42a9b8,test,가구,T2 동의어,q_가구_05,침대,생활·마트 중 '가구'를 판매·제공하는 매장,a3696e2a-f363-401f-a830-3a401219f992,템퍼광천점,가구 침대 소품,광천동상인회 골목형상점가,골목형상점가,광주광역시,3.0,3.0,,,RESOLVED_AGREEMENT,False,3,,,,
0780215cc47f59e9c864,test,가구,T2 동의어,q_가구_05,침대,생활·마트 중 '가구'를 판매·제공하는 매장,54e7f751-7225-4b46-863f-024c249771aa,리샵,침대,괴산시장,전통시장,충청북도,3.0,3.0,,,RESOLVED_AGREEMENT,False,3,,,,
32d62165abbda9fc82d6,test,가구,T2 동의어,q_가구_05,침대,생활·마트 중 '가구'를 판매·제공하는 매장,4fed0a16-2de6-4a5d-9bd9-59c51206dea9,템퍼광주상무점,가구 침대,한울상인회 골목형상점가,골목형상점가,광주광역시,3.0,3.0,,,RESOLVED_AGREEMENT,False,3,,,,
072c2dfffbe0b5faeaf5,test,가구,T2 동의어,q_가구_05,침대,생활·마트 중 '가구'를 판매·제공하는 매장,6e4c82a9-5f8a-4d73-8345-8b0310cb047c,에이스침대전주대리점,침대,전주가구거리상점가,자율상권구역,전북특별자치도,3.0,3.0,,,RESOLVED_AGREEMENT,False,3,,,,
0b320e189780e2b942d5,test,가구,T2 동의어,q_가구_05,침대,생활·마트 중 '가구'를 판매·제공하는 매장,16288d0b-a9e4-43c3-a6fc-0e53f32d3a10,장수돌침대 월배점,침대,월배시장,전통시장,대구광역시,3.0,3.0,,,RESOLVED_AGREEMENT,False,3,,,,
9ca89bb94a5f04f6d7de,test,가구,T2 동의어,q_가구_05,침대,생활·마트 중 '가구'를 판매·제공하는 매장,2c5d78cf-3aab-441a-a998-97633b6d1b58,흙표흙침대아산점,침대류,부티크타운 골목형 상점가,골목형상점가,충청남도,3.0,3.0,,,RESOLVED_AGREEMENT,False,3,,,,
ad9be41d7679f0c92c52,test,가구,T2 동의어,q_가구_05,침대,생활·마트 중 '가구'를 판매·제공하는 매장,000f2b92-c3c3-4ff7-8507-d2b8b0804036,우아미 가구,가구 도소매,삼산가구전문거리,골목형상점가,울산광역시,2.0,3.0,,,P2_GRADED_ONLY,True,,,,,
a7782e29273337069671,test,가구,T2 동의어,q_가구_05,침대,생활·마트 중 '가구'를 판매·제공하는 매장,40af7b91-7f04-4b4d-8809-08e1c5813c51,가현가구,장농침대소파식탁,하남대로가구의거리상인회 골목형상점가,골목형상점가,광주광역시,3.0,3.0,,,RESOLVED_AGREEMENT,False,3,,,,
1d3d688d4d2348d05395,test,가구,T2 동의어,q_가구_05,침대,생활·마트 중 '가구'를 판매·제공하는 매장,060ca668-6ba8-4dbc-af43-1b0f2b64cda6,오브제 퍼니처,침대소파식탁,김포 가구단지 골목형상점가,골목형상점가,경기도,3.0,3.0,,,RESOLVED_AGREEMENT,False,3,,,,
065e581452d1586e639e,test,가구,T2 동의어,q_가구_05,침대,생활·마트 중 '가구'를 판매·제공하는 매장,d765b051-803b-4994-be19-01e987a11d6d,풀하우스,액세서리,제주중앙지하상가,일반지하상점가,제주특별자치도,0.0,0.0,,,RESOLVED_AGREEMENT,False,0,,,,
2cf4063ef1ea214e1fa9,test,가구,T2 동의어,q_가구_05,침대,생활·마트 중 '가구'를 판매·제공하는 매장,42cc207c-676a-4662-9781-e266eb11c91e,에이스가구,도매 및 소매업 가구 중고가구 붙박이장 식탁 소파,은구비서로사회적협동조합 골목형상점가,골목형상점가,대전광역시,2.0,3.0,,,P2_GRADED_ONLY,True,,,,,
a62879cc05dda4c47ec0,test,가구,T2 동의어,q_가구_05,침대,생활·마트 중 '가구'를 판매·제공하는 매장,b64e7a26-a6d3-4dfa-8208-c1272c7b80af,원주가구공단,가구 침대,무실가구거리골목형상점가,골목형상점가,강원특별자치도,3.0,3.0,,,RESOLVED_AGREEMENT,False,3,,,,
41369662cb2fca31f4a7,test,가구,T2 동의어,q_가구_05,침대,생활·마트 중 '가구'를 판매·제공하는 매장,063e0bdb-f37d-403a-8d87-439096dd4a51,공감인테리어,실내 인테리어벽지장판목공타일류 등 및 컨설팅,운남7단지먹자거리 골목형상점가,골목형상점가,광주광역시,1.0,1.0,,,RESOLVED_AGREEMENT,False,1,,,,
57184431e45267a14705,test,가구,T2 동의어,q_가구_05,침대,생활·마트 중 '가구'를 판매·제공하는 매장,00819c3e-a0dc-4005-8c3b-25b804133ef6,에이스퍼니처,가구,동광주 골목형상점가,골목형상점가,광주광역시,2.0,3.0,,,P2_GRADED_ONLY,True,,,,,
727becb44e698ab416ce,test,가구,T2 동의어,q_가구_05,침대,생활·마트 중 '가구'를 판매·제공하는 매장,bffcef66-26d2-4b52-8eab-6e16aa87eba9,더그리드[THE GRID],침대,한솔센터 골목형상점가,골목형상점가,세종특별자치시,3.0,3.0,,,RESOLVED_AGREEMENT,False,3,,,,
2d45a6f5e3cae374dd07,test,가구,T2 동의어,q_가구_05,침대,생활·마트 중 '가구'를 판매·제공하는 매장,002db554-24ed-4307-adce-47f82d00e39e,에몬스가구섬유관점,가구,섬유제품관,전통시장,대구광역시,2.0,3.0,,,P2_GRADED_ONLY,True,,,,,
7b06ec696fddc7ab69e2,test,가구,T2 동의어,q_가구_05,침대,생활·마트 중 '가구'를 판매·제공하는 매장,2c7f275c-251e-4b11-a4c6-7a701d00fd86,실리(SEALY),침대,가구거리상점가,자율상권구역,경기도,3.0,3.0,,,RESOLVED_AGREEMENT,False,3,,,,
354b96be04e36ce4a638,test,가구,T2 동의어,q_가구_05,침대,생활·마트 중 '가구'를 판매·제공하는 매장,0b1020aa-4576-4fc3-9ee6-a6fe2a321e73,소낭구 평택점,식탁소파침대옷장 등 가구일체,청북가구단지상점가,골목형상점가,경기도,3.0,3.0,,,RESOLVED_AGREEMENT,False,3,,,,
8028eeb725b6707e6cfb,test,가구,T2 동의어,q_가구_05,침대,생활·마트 중 '가구'를 판매·제공하는 매장,0faa2a44-dd37-4ad4-aaa1-d67e8b1f0450,장수돌침대,침대 가구,무실가구거리골목형상점가,골목형상점가,강원특별자치도,3.0,3.0,,,RESOLVED_AGREEMENT,False,3,,,,
1cc57d2f23be7eacc29f,test,가구,T2 동의어,q_가구_05,침대,생활·마트 중 '가구'를 판매·제공하는 매장,6154be49-1abc-4f3a-9f86-7347b385d9c0,금성침대,침대,㈜르네시떼,전통시장,부산광역시,3.0,3.0,,,RESOLVED_AGREEMENT,False,3,,,,
2c3ab018a71f5f141396,test,가구,T2 동의어,q_가구_05,침대,생활·마트 중 '가구'를 판매·제공하는 매장,6fe472ba-6f83-4640-a591-74b1bc4f956a,홍대디자인,소파 식탁 침대 등,빛고을 골목형상점가,골목형상점가,광주광역시,3.0,3.0,,,RESOLVED_AGREEMENT,False,3,,,,
272362794f5b960ad332,test,가구,T2 동의어,q_가구_05,침대,생활·마트 중 '가구'를 판매·제공하는 매장,d1a388bb-ed35-421a-875c-3b9c18e3c066,씰리침대,침대 가구,운천상무시장 골목형상점가,골목형상점가,광주광역시,3.0,3.0,,,RESOLVED_AGREEMENT,False,3,,,,
01d058ad142bd6de9be0,test,가구,T2 동의어,q_가구_05,침대,생활·마트 중 '가구'를 판매·제공하는 매장,003f093e-cafd-472d-a875-6931880b1a71,올리브데코,가구,제2경주중심상가시장(경주봉황중심상가시장),전통시장,경상북도,2.0,3.0,,,P2_GRADED_ONLY,True,,,,,
a39f47842dd239903c40,test,가구,T2 동의어,q_가구_05,침대,생활·마트 중 '가구'를 판매·제공하는 매장,e013314c-f627-4d1b-93ff-04422d8b5ca7,3H광주문흥센터,의료용 침대,문흥동 골목형상점가,골목형상점가,광주광역시,3.0,3.0,,,RESOLVED_AGREEMENT,False,3,,,,
e9c27c688b09b858e960,test,가구,T2 동의어,q_가구_05,침대,생활·마트 중 '가구'를 판매·제공하는 매장,0a0405e9-75a8-4da5-94de-52922afd653d,(주)드림,침대 가구,운정가구단지 상점가,자율상권구역,경기도,3.0,3.0,,,RESOLVED_AGREEMENT,False,3,,,,
565c4bf24d9683de24bf,test,가구,T2 동의어,q_가구_05,침대,생활·마트 중 '가구'를 판매·제공하는 매장,8bbb6aa4-bd57-4d80-a0ec-8eecdadb6954,에이스스퀘어광주점,침대,운천상무시장 골목형상점가,골목형상점가,광주광역시,3.0,3.0,,,RESOLVED_AGREEMENT,False,3,,,,
f54c2cd8b1506e22a657,test,가구,T2 동의어,q_가구_05,침대,생활·마트 중 '가구'를 판매·제공하는 매장,72e544ff-a0cf-4f03-95a9-e06d46e4f80e,장수돌침대,돌침대 가구,충정로56출구 골목형상점가,골목형상점가,서울특별시,3.0,3.0,,,RESOLVED_AGREEMENT,False,3,,,,
08bf9af53c0fe7f83af8,test,가구,T2 동의어,q_가구_05,침대,생활·마트 중 '가구'를 판매·제공하는 매장,44d7e7d0-8807-4b17-a92e-b64c9bf538cf,에이스침대 의왕평촌점,침대,의왕가구거리 골목형상점가,골목형상점가,경기도,3.0,3.0,,,RESOLVED_AGREEMENT,False,3,,,,
83cafc2bdf1045c0426b,test,가구,T2 동의어,q_가구_05,침대,생활·마트 중 '가구'를 판매·제공하는 매장,816343c8-b96a-4ddb-a04b-3dd8abce4864,씨유 돈암시장점,편의점,돈암시장,전통시장,서울특별시,0.0,0.0,,,RESOLVED_AGREEMENT,False,0,,,,
a76241e1a719f58a4cb5,test,가구,T2 동의어,q_가구_05,침대,생활·마트 중 '가구'를 판매·제공하는 매장,00029834-c340-4d89-b5a7-cee930fc3c31,콩심24시전주종가콩나물국밥,가구,불당1번가골목형상점가,골목형상점가,충청남도,2.0,3.0,,,P2_GRADED_ONLY,True,,,,,
a74480207e48da631ccc,test,가구,T2 동의어,q_가구_05,침대,생활·마트 중 '가구'를 판매·제공하는 매장,0682734b-5e2e-4e79-9bcc-9fee6192ebcc,나무뜰,소매업(인테리어소품),신안프라자전통시장,전통시장,경기도,1.0,1.0,,,RESOLVED_AGREEMENT,False,1,,,,
a1fc9ccdf232518cc693,test,가구,T2 동의어,q_가구_05,침대,생활·마트 중 '가구'를 판매·제공하는 매장,7c9de0f5-9a8d-4722-b793-d3c70149f599,장수돌침대,침대,도리섬상점가,자율상권구역,경기도,3.0,3.0,,,RESOLVED_AGREEMENT,False,3,,,,
6c16b046af6919a75d84,test,가구,T2 동의어,q_가구_05,침대,생활·마트 중 '가구'를 판매·제공하는 매장,00157e3c-6f50-4200-b30b-056a209c814a,장인가구창원제일점,가구,창원 팔용가구거리,자율상권구역,경상남도,2.0,3.0,,,P2_GRADED_ONLY,True,,,,,
2d6889e973be6de871b3,test,가구,T2 동의어,q_가구_05,침대,생활·마트 중 '가구'를 판매·제공하는 매장,0039f6c3-9cdd-48f5-ae33-279dbbcf879d,다이렉트소파몰 안산직영점,가구소매업,상록수가구거리상점가,골목형상점가,경기도,2.0,3.0,,,P2_GRADED_ONLY,True,,,,,
d94c08dc3964c70858f5,test,가구,T2 동의어,q_가구_05,침대,생활·마트 중 '가구'를 판매·제공하는 매장,7e1c43dd-36c4-40b7-9e43-2def4880a87f,흙표흙침대,침대,포항중앙상가,전통시장,경상북도,3.0,3.0,,,RESOLVED_AGREEMENT,False,3,,,,
f263c47f005b6bff121d,test,가구,T2 동의어,q_가구_05,침대,생활·마트 중 '가구'를 판매·제공하는 매장,0021ea65-4c59-4aa0-8d1c-95fe7b6686d0,공간인테리어,경미한공사(인테리어),여의동 골목형상점가,골목형상점가,전북특별자치도,1.0,1.0,,,RESOLVED_AGREEMENT,False,1,,,,
758c31540ca18c44ef3a,test,가구,T2 동의어,q_가구_05,침대,생활·마트 중 '가구'를 판매·제공하는 매장,203e8a4d-da3e-4ce8-a0ad-17386061bc96,렌즈미 김량장점,콘택트렌즈,용인중앙시장,전통시장,경기도,0.0,0.0,,,RESOLVED_AGREEMENT,False,0,,,,
6275107a7db82ca62296,test,가구,T2 동의어,q_가구_05,침대,생활·마트 중 '가구'를 판매·제공하는 매장,7ccb7331-2f78-4e59-9094-c36a218d8f76,금성침대 광주상무점,침대 가구,상무운천역상인회 골목형상점가,골목형상점가,광주광역시,3.0,3.0,,,RESOLVED_AGREEMENT,False,3,,,,
5d715094cbd8deb7241d,test,가구,T2 동의어,q_가구_05,침대,생활·마트 중 '가구'를 판매·제공하는 매장,475687ad-6a1d-4f1b-a341-d904f1446377,가구공감,침대 등,삼산가구전문거리,골목형상점가,울산광역시,3.0,3.0,,,RESOLVED_AGREEMENT,False,3,,,,
2a213c1407b1bbc8e595,test,가구,T2 동의어,q_가구_05,침대,생활·마트 중 '가구'를 판매·제공하는 매장,90dcd63a-276a-4465-8537-a9964089ff1b,별의창,"가구, 인테리어, 커튼, 침대",운정가구단지 상점가,자율상권구역,경기도,3.0,3.0,,,RESOLVED_AGREEMENT,False,3,,,,
c6555bed34e604c6d32b,test,가구,T2 동의어,q_가구_05,침대,생활·마트 중 '가구'를 판매·제공하는 매장,fe92276d-cbd5-45a4-8e38-052e3c85c5dd,오월의숲,의류 잡화,해들마을 골목형상점가,골목형상점가,세종특별자치시,0.0,0.0,,,RESOLVED_AGREEMENT,False,0,,,,
58543f9894d3c2a3db77,test,가구,T2 동의어,q_가구_05,침대,생활·마트 중 '가구'를 판매·제공하는 매장,1e7a6772-6a1d-4b1f-9f15-65890407e66c,뉴욕침대,가구,늘솔길상인회 골목형상점가,골목형상점가,광주광역시,2.0,3.0,,,P2_GRADED_ONLY,True,,,,,
e693309615671b927159,test,가구,T2 동의어,q_가구_05,침대,생활·마트 중 '가구'를 판매·제공하는 매장,81456047-db7e-4967-ad2d-8cebd541cc0c,알뜰침대,가구,부산좌천동가구상가,자율상권구역,부산광역시,2.0,3.0,,,P2_GRADED_ONLY,True,,,,,
841bfbc8613c61bcf455,test,가구,T2 동의어,q_가구_05,침대,생활·마트 중 '가구'를 판매·제공하는 매장,9eb510eb-3195-4f96-ab12-12f503e25a56,천광석교정침대,교정침대,춘천동부시장,전통시장,강원특별자치도,3.0,3.0,,,RESOLVED_AGREEMENT,False,3,,,,
81abc0d5a24aa3a3eea9,test,가구,T2 동의어,q_가구_05,침대,생활·마트 중 '가구'를 판매·제공하는 매장,93993d60-9b40-4249-8a88-f398ff51a92b,이 화가구,침대 의자 식탁 주문제작가구 장농 소파,망원동십자로길골목형상점가,골목형상점가,서울특별시,3.0,3.0,,,RESOLVED_AGREEMENT,False,3,,,,
7527527ba13faf7a1ecf,test,가구,T2 동의어,q_가구_05,침대,생활·마트 중 '가구'를 판매·제공하는 매장,bcb2feaf-7044-4f4f-b29a-3a52934d5f63,콩테가구단지 침대 소파,가구 소파,늘솔길상인회 골목형상점가,골목형상점가,광주광역시,2.0,3.0,,,P2_GRADED_ONLY,True,,,,,
7cb5980a7f54e67a34f4,test,가구,T2 동의어,q_가구_05,침대,생활·마트 중 '가구'를 판매·제공하는 매장,573e143b-e7a1-446a-96fc-28b0f623696d,왕실온돌침대,소파 침대,영주소백쇼핑몰,전통시장,경상북도,3.0,3.0,,,RESOLVED_AGREEMENT,False,3,,,,
000c0c6c2f39f22feafe,test,가구,T2 동의어,q_가구_05,침대,생활·마트 중 '가구'를 판매·제공하는 매장,a15126f8-a1f6-480c-85b3-c50b0e3a3718,대성가구&조은이불,침대,이천중앙로상가,자율상권구역,경기도,3.0,3.0,,,RESOLVED_AGREEMENT,False,3,,,,
5e1a01abec5fb5741e7a,test,가구,T2 동의어,q_가구_05,침대,생활·마트 중 '가구'를 판매·제공하는 매장,cad8ce4e-e31b-4457-9689-4d703dafbd67,금성침대 수원남문점,"침대, 가구",수원통닭거리 골목형사점가,골목형상점가,경기도,3.0,3.0,,,RESOLVED_AGREEMENT,False,3,,,,
114bf651cacdb607c9f3,test,가구,T2 동의어,q_가구_05,침대,생활·마트 중 '가구'를 판매·제공하는 매장,0d32b58f-0a8d-4159-b3cf-c4e1a3ec49dc,단청(장수돌침대의왕점),,안양1번가 상점가,자율상권구역,경기도,3.0,3.0,,,RESOLVED_AGREEMENT,False,3,,,,
361ebc32bbb246dc02ac,test,가구,T2 동의어,q_가구_05,침대,생활·마트 중 '가구'를 판매·제공하는 매장,533cf50f-650e-435b-9db3-7d376db0231a,에이스침대울산점,침대,학성가구거리 상점가,자율상권구역,울산광역시,3.0,3.0,,,RESOLVED_AGREEMENT,False,3,,,,
3e8e4f3c62d0026dfed3,test,가구,T4 구어·문장,q_가구_06,가구 사는 데,생활·마트 중 '가구'를 판매·제공하는 매장,00029834-c340-4d89-b5a7-cee930fc3c31,콩심24시전주종가콩나물국밥,가구,불당1번가골목형상점가,골목형상점가,충청남도,3.0,3.0,,,RESOLVED_AGREEMENT,False,3,,,,
74f9fc7f32957a6185f3,test,가구,T4 구어·문장,q_가구_06,가구 사는 데,생활·마트 중 '가구'를 판매·제공하는 매장,9729e96e-e4d1-45e8-ab13-4461496743dd,현대가구,가구,양동복개상가,전통시장,광주광역시,3.0,3.0,,,RESOLVED_AGREEMENT,False,3,,,,
aa697977b8c7c02dae3d,test,가구,T4 구어·문장,q_가구_06,가구 사는 데,생활·마트 중 '가구'를 판매·제공하는 매장,8466aed6-c584-4ad0-9133-32dcb2c4f5db,미래가구,가구,㈜르네시떼,전통시장,부산광역시,3.0,3.0,,,RESOLVED_AGREEMENT,False,3,,,,
aa85a6ebb8c1546bf0f5,test,가구,T4 구어·문장,q_가구_06,가구 사는 데,생활·마트 중 '가구'를 판매·제공하는 매장,e7ae037d-7fe6-443d-b06b-d9dc6ec6949d,로얄가구,가구,아현가구거리 상점가,자율상권구역,서울특별시,3.0,3.0,,,RESOLVED_AGREEMENT,False,3,,,,
c90370cad48a6e8e58c7,test,가구,T4 구어·문장,q_가구_06,가구 사는 데,생활·마트 중 '가구'를 판매·제공하는 매장,70e457a1-6c64-416f-86af-769808d98909,데코라인,가구,마산 북마산가구시장,전통시장,경상남도,3.0,3.0,,,RESOLVED_AGREEMENT,False,3,,,,
b3065dfc2c5303fdd1a5,test,가구,T4 구어·문장,q_가구_06,가구 사는 데,생활·마트 중 '가구'를 판매·제공하는 매장,07b995aa-8a33-45ec-8ac1-62e6ebf25660,일반가구,가구,서순천가구백화점골목형상점가,골목형상점가,전라남도,3.0,3.0,,,RESOLVED_AGREEMENT,False,3,,,,
7d0fe5dfc58849f5fbc4,test,가구,T4 구어·문장,q_가구_06,가구 사는 데,생활·마트 중 '가구'를 판매·제공하는 매장,f4b406c7-8ffa-4ae5-9719-52be5407c901,조디악,가구,대구종합유통단지전자관사업협동조합,전통시장,대구광역시,3.0,3.0,,,RESOLVED_AGREEMENT,False,3,,,,
0fc2a3c234bf0c3e0321,test,가구,T4 구어·문장,q_가구_06,가구 사는 데,생활·마트 중 '가구'를 판매·제공하는 매장,0394caa3-10fc-4b86-b7e2-c7b1ac09d649,새마을종합인테리어,"인테리어(벽지,장판등)",성남남한산성시장(구 은행골목시장),전통시장,경기도,1.0,1.0,,,RESOLVED_AGREEMENT,False,1,,,,
75cbfec8515f7c84ca10,test,가구,T4 구어·문장,q_가구_06,가구 사는 데,생활·마트 중 '가구'를 판매·제공하는 매장,e5d6f685-e813-4ae1-99e4-25e75f3bef6f,고려가구,가구,거제 능포 골목형상점가,골목형상점가,경상남도,3.0,3.0,,,RESOLVED_AGREEMENT,False,3,,,,
0d57b61d44a74e793948,test,가구,T4 구어·문장,q_가구_06,가구 사는 데,생활·마트 중 '가구'를 판매·제공하는 매장,dda4141e-6784-4cd0-87d7-3f8af9b65f5f,메종그랑데,가구,부산좌천동가구상가,자율상권구역,부산광역시,3.0,3.0,,,RESOLVED_AGREEMENT,False,3,,,,
8e076b8588a11c3873d8,test,가구,T4 구어·문장,q_가구_06,가구 사는 데,생활·마트 중 '가구'를 판매·제공하는 매장,0d32b58f-0a8d-4159-b3cf-c4e1a3ec49dc,단청(장수돌침대의왕점),,안양1번가 상점가,자율상권구역,경기도,3.0,3.0,,,RESOLVED_AGREEMENT,False,3,,,,
cab51601f545e8f9f163,test,가구,T4 구어·문장,q_가구_06,가구 사는 데,생활·마트 중 '가구'를 판매·제공하는 매장,7202a533-30bb-491b-a51e-dea8c41b9a89,대림가구,가구,원대가구명물거리 골목형상점가,골목형상점가,대구광역시,3.0,3.0,,,RESOLVED_AGREEMENT,False,3,,,,
f8eef2d376a6c6f87c23,test,가구,T4 구어·문장,q_가구_06,가구 사는 데,생활·마트 중 '가구'를 판매·제공하는 매장,99e303fe-8569-42c4-acec-eb2d7b4423bc,오씬홈,가구,포천리빙가구상점가,자율상권구역,경기도,3.0,3.0,,,RESOLVED_AGREEMENT,False,3,,,,
ec04ada79bad0c3951a1,test,가구,T4 구어·문장,q_가구_06,가구 사는 데,생활·마트 중 '가구'를 판매·제공하는 매장,40af7b91-7f04-4b4d-8809-08e1c5813c51,가현가구,장농침대소파식탁,하남대로가구의거리상인회 골목형상점가,골목형상점가,광주광역시,3.0,3.0,,,RESOLVED_AGREEMENT,False,3,,,,
7ca837d9b10542ef6661,test,가구,T4 구어·문장,q_가구_06,가구 사는 데,생활·마트 중 '가구'를 판매·제공하는 매장,0a0405e9-75a8-4da5-94de-52922afd653d,(주)드림,침대 가구,운정가구단지 상점가,자율상권구역,경기도,3.0,3.0,,,RESOLVED_AGREEMENT,False,3,,,,
5beeb296489a87e4ff6a,test,가구,T4 구어·문장,q_가구_06,가구 사는 데,생활·마트 중 '가구'를 판매·제공하는 매장,000f2b92-c3c3-4ff7-8507-d2b8b0804036,우아미 가구,가구 도소매,삼산가구전문거리,골목형상점가,울산광역시,3.0,3.0,,,RESOLVED_AGREEMENT,False,3,,,,
b677e7a14f42617f3dab,test,가구,T4 구어·문장,q_가구_06,가구 사는 데,생활·마트 중 '가구'를 판매·제공하는 매장,0a1ada5b-ccf8-48a5-b6ad-2c4ef397d03a,동남가구,가구,전주동부시장,전통시장,전북특별자치도,3.0,3.0,,,RESOLVED_AGREEMENT,False,3,,,,
c3b7e91c54bd1ff57072,test,가구,T4 구어·문장,q_가구_06,가구 사는 데,생활·마트 중 '가구'를 판매·제공하는 매장,89cda329-8481-4bf7-a0ce-697ed5758d65,거상가구,가구,유진상가,전통시장,서울특별시,3.0,3.0,,,RESOLVED_AGREEMENT,False,3,,,,
3f0406bda25803bbf21e,test,가구,T4 구어·문장,q_가구_06,가구 사는 데,생활·마트 중 '가구'를 판매·제공하는 매장,0682734b-5e2e-4e79-9bcc-9fee6192ebcc,나무뜰,소매업(인테리어소품),신안프라자전통시장,전통시장,경기도,1.0,1.0,,,RESOLVED_AGREEMENT,False,1,,,,
1fafc6190591444ab7f5,test,가구,T4 구어·문장,q_가구_06,가구 사는 데,생활·마트 중 '가구'를 판매·제공하는 매장,cf7b5166-2ba5-4d58-abbf-5ff7d9beb532,데스커즈,가구,복현종합시장,전통시장,대구광역시,3.0,3.0,,,RESOLVED_AGREEMENT,False,3,,,,
9b3518406f4553f4a328,test,가구,T4 구어·문장,q_가구_06,가구 사는 데,생활·마트 중 '가구'를 판매·제공하는 매장,6c18591a-aa17-4c09-8888-b02a2e6fc4bf,중소기업가구,"가정용 가구, 사무용 가구, 업소용 가구",대전관저가구단지 골목형상점가,골목형상점가,대전광역시,3.0,3.0,,,RESOLVED_AGREEMENT,False,3,,,,
3b0b809a45739b2d20ba,test,가구,T4 구어·문장,q_가구_06,가구 사는 데,생활·마트 중 '가구'를 판매·제공하는 매장,830e2a10-a351-4ab6-b86a-84590bf3a2f0,다~산가구,가구,경산중앙로상점가,자율상권구역,경상북도,3.0,3.0,,,RESOLVED_AGREEMENT,False,3,,,,
f3506907a1918e2e7cc9,test,가구,T4 구어·문장,q_가구_06,가구 사는 데,생활·마트 중 '가구'를 판매·제공하는 매장,c42a16d2-bde9-471f-afd0-7d1d5186a7f4,타센,가구,상록수가구거리상점가,골목형상점가,경기도,3.0,3.0,,,RESOLVED_AGREEMENT,False,3,,,,
3515c9432402fe8eb196,test,가구,T4 구어·문장,q_가구_06,가구 사는 데,생활·마트 중 '가구'를 판매·제공하는 매장,c4088b80-29ef-4fe5-8e41-a062fb483e83,바로크 가구,가구,청남가구단지 상점가,자율상권구역,충청북도,3.0,3.0,,,RESOLVED_AGREEMENT,False,3,,,,
b0fc9cdf20dc0dd59250,test,가구,T4 구어·문장,q_가구_06,가구 사는 데,생활·마트 중 '가구'를 판매·제공하는 매장,698d26a2-9563-400a-91b3-24fc70bced35,자연가구,가구,양동복개상가,전통시장,광주광역시,3.0,3.0,,,RESOLVED_AGREEMENT,False,3,,,,
b4512eaf330282c43bdf,test,가구,T4 구어·문장,q_가구_06,가구 사는 데,생활·마트 중 '가구'를 판매·제공하는 매장,08d279de-df58-4bbf-98b5-b53c1d84cb4b,헤스티아디자인,"가구, 인테리어",마산 북마산가구시장,전통시장,경상남도,3.0,3.0,,,RESOLVED_AGREEMENT,False,3,,,,
ad8d048cc72a8da76839,test,가구,T4 구어·문장,q_가구_06,가구 사는 데,생활·마트 중 '가구'를 판매·제공하는 매장,981533ff-5c2c-4627-8920-7b15974dcb9c,동명가구,가구,전주풍남문상점가,자율상권구역,전북특별자치도,3.0,3.0,,,RESOLVED_AGREEMENT,False,3,,,,
319d5c80c6581e7b174c,test,가구,T4 구어·문장,q_가구_06,가구 사는 데,생활·마트 중 '가구'를 판매·제공하는 매장,471636f0-535c-4aad-ae27-5041fd1f98be,삼익가구.사무용가구,가구,군산가구거리 상점가,자율상권구역,전북특별자치도,3.0,3.0,,,RESOLVED_AGREEMENT,False,3,,,,
361f74c4e1c9c9d0ac8b,test,가구,T4 구어·문장,q_가구_06,가구 사는 데,생활·마트 중 '가구'를 판매·제공하는 매장,b01f2e87-4eff-418f-8cac-0e04fd3b06f5,동명가구,가구,신창동일번국도가구의거리 골목형상점가,골목형상점가,광주광역시,3.0,3.0,,,RESOLVED_AGREEMENT,False,3,,,,
8b43abfaeca4b8fe2a9b,test,가구,T4 구어·문장,q_가구_06,가구 사는 데,생활·마트 중 '가구'를 판매·제공하는 매장,2e5d3e16-b7e6-4ec9-87b1-b80db50cfb8e,다온가구,가구,포항죽도시장,전통시장,경상북도,3.0,3.0,,,RESOLVED_AGREEMENT,False,3,,,,
33f4b97903d50936752a,test,가구,T4 구어·문장,q_가구_06,가구 사는 데,생활·마트 중 '가구'를 판매·제공하는 매장,01083bff-525f-49d6-8dc9-7d3f1e1088cd,파로마 가구,가구,대전관저가구단지 골목형상점가,골목형상점가,대전광역시,3.0,3.0,,,RESOLVED_AGREEMENT,False,3,,,,
defc66668954d78d71fd,test,가구,T4 구어·문장,q_가구_06,가구 사는 데,생활·마트 중 '가구'를 판매·제공하는 매장,0039f6c3-9cdd-48f5-ae33-279dbbcf879d,다이렉트소파몰 안산직영점,가구소매업,상록수가구거리상점가,골목형상점가,경기도,3.0,3.0,,,RESOLVED_AGREEMENT,False,3,,,,
eade301e6b0cd6000548,test,가구,T4 구어·문장,q_가구_06,가구 사는 데,생활·마트 중 '가구'를 판매·제공하는 매장,c91dc31d-3dae-4804-9a12-1dd2038d52e7,전주가구,가구,전주남부시장,전통시장,전북특별자치도,3.0,3.0,,,RESOLVED_AGREEMENT,False,3,,,,
8f00ec80c649568aec2e,test,가구,T4 구어·문장,q_가구_06,가구 사는 데,생활·마트 중 '가구'를 판매·제공하는 매장,a4db06f2-8dfe-4fd2-89a7-a7d6926c1421,삼성가구,가구,안양중앙인정시장,전통시장,경기도,3.0,3.0,,,RESOLVED_AGREEMENT,False,3,,,,
2c823b6b2c549ace687e,test,가구,T4 구어·문장,q_가구_06,가구 사는 데,생활·마트 중 '가구'를 판매·제공하는 매장,958288ea-2480-4609-a3d4-c798adb434c8,삼성가구,가구,괴산시장,전통시장,충청북도,3.0,3.0,,,RESOLVED_AGREEMENT,False,3,,,,
de2f2ebea52ebda4fe90,test,가구,T4 구어·문장,q_가구_06,가구 사는 데,생활·마트 중 '가구'를 판매·제공하는 매장,0b1020aa-4576-4fc3-9ee6-a6fe2a321e73,소낭구 평택점,식탁소파침대옷장 등 가구일체,청북가구단지상점가,골목형상점가,경기도,3.0,3.0,,,RESOLVED_AGREEMENT,False,3,,,,
51dd932290661c31fd41,test,가구,T4 구어·문장,q_가구_06,가구 사는 데,생활·마트 중 '가구'를 판매·제공하는 매장,0489ee6e-4ab8-4ff6-9f33-94e36078b3ec,힐커,가구,하남대로가구의거리상인회 골목형상점가,골목형상점가,광주광역시,3.0,3.0,,,RESOLVED_AGREEMENT,False,3,,,,
43f498907a8a2ff2e60f,test,가구,T4 구어·문장,q_가구_06,가구 사는 데,생활·마트 중 '가구'를 판매·제공하는 매장,003f093e-cafd-472d-a875-6931880b1a71,올리브데코,가구,제2경주중심상가시장(경주봉황중심상가시장),전통시장,경상북도,3.0,3.0,,,RESOLVED_AGREEMENT,False,3,,,,
6dff9a09b7ed561d675b,test,가구,T4 구어·문장,q_가구_06,가구 사는 데,생활·마트 중 '가구'를 판매·제공하는 매장,6d81faa3-9516-4752-8788-2f9cbe928378,이화가구,가구,황학동 주방가구거리 상점가,자율상권구역,서울특별시,3.0,3.0,,,RESOLVED_AGREEMENT,False,3,,,,
35b39b48fc633fd2b4a4,test,가구,T4 구어·문장,q_가구_06,가구 사는 데,생활·마트 중 '가구'를 판매·제공하는 매장,00157e3c-6f50-4200-b30b-056a209c814a,장인가구창원제일점,가구,창원 팔용가구거리,자율상권구역,경상남도,3.0,3.0,,,RESOLVED_AGREEMENT,False,3,,,,
32f934d50cc8830bc84d,test,가구,T4 구어·문장,q_가구_06,가구 사는 데,생활·마트 중 '가구'를 판매·제공하는 매장,f265036a-d838-423d-8e4e-689455136fcb,양정가구,가구,양정시장,전통시장,부산광역시,3.0,3.0,,,RESOLVED_AGREEMENT,False,3,,,,
22adb9ae95e592f8d3b4,test,가구,T4 구어·문장,q_가구_06,가구 사는 데,생활·마트 중 '가구'를 판매·제공하는 매장,2d6cc398-5031-43fc-9431-5af8c6d22544,대주마트,"식품, 잡화",중앙상인회 골목형상점가,골목형상점가,광주광역시,0.0,0.0,,,RESOLVED_AGREEMENT,False,0,,,,
56b75675a08aba10f4da,test,가구,T4 구어·문장,q_가구_06,가구 사는 데,생활·마트 중 '가구'를 판매·제공하는 매장,a4220264-06b9-47ee-8388-d60329db433e,원조용문집,한식(한우),마장축산물시장,전통시장,서울특별시,0.0,0.0,,,RESOLVED_AGREEMENT,False,0,,,,
ffce318125fc6bf3f678,test,가구,T4 구어·문장,q_가구_06,가구 사는 데,생활·마트 중 '가구'를 판매·제공하는 매장,75eed9b7-f1af-4617-a068-b555142cb5a0,동서가구,가구,점촌역전상점가,자율상권구역,경상북도,3.0,3.0,,,RESOLVED_AGREEMENT,False,3,,,,
3f28d3d3cda3cb8f4b21,test,가구,T4 구어·문장,q_가구_06,가구 사는 데,생활·마트 중 '가구'를 판매·제공하는 매장,87850ab6-7efd-4f13-bc3f-a829a41943ac,한일가구,가구,안양중앙시장,전통시장,경기도,3.0,3.0,,,RESOLVED_AGREEMENT,False,3,,,,
e95a7b5b8ba05715e130,test,가구,T4 구어·문장,q_가구_06,가구 사는 데,생활·마트 중 '가구'를 판매·제공하는 매장,02f4782a-e87b-4c4c-a517-6eec40381342,장수돌침대,가구침대,포천리빙가구상점가,자율상권구역,경기도,3.0,3.0,,,RESOLVED_AGREEMENT,False,3,,,,
4306f85987752f041d02,test,가구,T4 구어·문장,q_가구_06,가구 사는 데,생활·마트 중 '가구'를 판매·제공하는 매장,fa736be0-833d-4d0c-9b05-dee4db79e711,서영가구,가구,서순천가구백화점골목형상점가,골목형상점가,전라남도,3.0,3.0,,,RESOLVED_AGREEMENT,False,3,,,,
45061ab731b94264f469,test,가구,T4 구어·문장,q_가구_06,가구 사는 데,생활·마트 중 '가구'를 판매·제공하는 매장,d055856b-9cc4-49c1-b652-3148f0fd3d5d,로얄가구,가구,학성가구거리 상점가,자율상권구역,울산광역시,3.0,3.0,,,RESOLVED_AGREEMENT,False,3,,,,
76b4b3d99a2ce6e63799,test,가구,T4 구어·문장,q_가구_06,가구 사는 데,생활·마트 중 '가구'를 판매·제공하는 매장,a6962674-d660-4f13-ae3b-ea731e12e81c,가구장이,가구,양동복개상가,전통시장,,3.0,3.0,,,RESOLVED_AGREEMENT,False,3,,,,
b22ac22bb5230d3eed05,test,가구,T4 구어·문장,q_가구_06,가구 사는 데,생활·마트 중 '가구'를 판매·제공하는 매장,c8b2d4cb-163c-41e4-ac53-02b6bc62c6f1,가디너,기타,제주중앙지하상가,일반지하상점가,제주특별자치도,0.0,0.0,,,RESOLVED_AGREEMENT,False,0,,,,
3c3adece4bbe1125e4f5,test,가구,T4 구어·문장,q_가구_06,가구 사는 데,생활·마트 중 '가구'를 판매·제공하는 매장,e07340c6-82c3-4136-b102-cb879126f346,더가구,가구,대구종합유통단지전자관사업협동조합,전통시장,대구광역시,3.0,3.0,,,RESOLVED_AGREEMENT,False,3,,,,
a8519d60d087f6e44d76,test,가구,T4 구어·문장,q_가구_06,가구 사는 데,생활·마트 중 '가구'를 판매·제공하는 매장,19787508-4f87-474c-8036-12ac0043a334,까소엔가구,가구,삼산가구전문거리,골목형상점가,울산광역시,3.0,3.0,,,RESOLVED_AGREEMENT,False,3,,,,
3bb24de19617913bde4e,test,가구,T4 구어·문장,q_가구_06,가구 사는 데,생활·마트 중 '가구'를 판매·제공하는 매장,060ca668-6ba8-4dbc-af43-1b0f2b64cda6,오브제 퍼니처,침대소파식탁,김포 가구단지 골목형상점가,골목형상점가,경기도,3.0,3.0,,,RESOLVED_AGREEMENT,False,3,,,,
5fc29fb77c2434aef319,test,가구,T4 구어·문장,q_가구_06,가구 사는 데,생활·마트 중 '가구'를 판매·제공하는 매장,15a05572-6e52-44e3-95f8-7a682bc07c18,파로마 가구,가구,상록수가구거리상점가,자율상권구역,경기도,3.0,3.0,,,RESOLVED_AGREEMENT,False,3,,,,
9a86f500b72ce8bff6eb,test,가구,T4 구어·문장,q_가구_06,가구 사는 데,생활·마트 중 '가구'를 판매·제공하는 매장,8002dce8-adef-460c-a55d-85cc2602aa41,미가구,가구,신창동가구의거리일번국도상점가,자율상권구역,광주광역시,3.0,3.0,,,RESOLVED_AGREEMENT,False,3,,,,
5b8d6122bdcdd512df75,test,가구,T4 구어·문장,q_가구_06,가구 사는 데,생활·마트 중 '가구'를 판매·제공하는 매장,fac47bcc-d184-4b3c-9853-3bd986287a32,유희장,가구,과천새서울프라자시장,전통시장,경기도,3.0,3.0,,,RESOLVED_AGREEMENT,False,3,,,,
fdb83c7d4e7176cd14c8,test,가구,T4 구어·문장,q_가구_06,가구 사는 데,생활·마트 중 '가구'를 판매·제공하는 매장,ca9f30b0-f8bf-483a-9db2-c9051e301605,가구편집샾,가구,청북가구단지상점가,골목형상점가,경기도,3.0,3.0,,,RESOLVED_AGREEMENT,False,3,,,,
a5324f9acc87f2b08da1,test,가구,T4 구어·문장,q_가구_06,가구 사는 데,생활·마트 중 '가구'를 판매·제공하는 매장,de52e1bc-d2f9-4108-af2e-c1338f222a4b,화장품할인매장,화장품및기타,역전시장 상점가,자율상권구역,대전광역시,0.0,0.0,,,RESOLVED_AGREEMENT,False,0,,,,
7c2ce00f6b2e9b6251d9,test,가구,T4 구어·문장,q_가구_06,가구 사는 데,생활·마트 중 '가구'를 판매·제공하는 매장,92e28c58-1502-434c-bebc-3cb7517d1f18,삼익가구,가구,서순천가구백화점골목형상점가,골목형상점가,전라남도,3.0,3.0,,,RESOLVED_AGREEMENT,False,3,,,,
b8bc02374b22911ee45e,test,가구,T4 구어·문장,q_가구_06,가구 사는 데,생활·마트 중 '가구'를 판매·제공하는 매장,3e3e2bdd-02fb-4f28-ab48-1aa73ae014a6,반도가구,가구,마산 북마산가구시장,전통시장,경상남도,3.0,3.0,,,RESOLVED_AGREEMENT,False,3,,,,
ad80d6ecd3236a846762,test,가구,T4 구어·문장,q_가구_06,가구 사는 데,생활·마트 중 '가구'를 판매·제공하는 매장,81ec47d8-2287-4018-ac43-e554dc50a137,엄지,의류,비단길현대시장,전통시장,서울특별시,0.0,0.0,,,RESOLVED_AGREEMENT,False,0,,,,
8d1310e80a5caba201d2,test,가구,T4 구어·문장,q_가구_06,가구 사는 데,생활·마트 중 '가구'를 판매·제공하는 매장,5cd20c4a-9eb3-4c87-9721-f787f567db8f,데코라인가구,가구,포항죽도시장,전통시장,경상북도,3.0,3.0,,,RESOLVED_AGREEMENT,False,3,,,,
8f8fae1b5304d561ef35,test,가구,T4 구어·문장,q_가구_06,가구 사는 데,생활·마트 중 '가구'를 판매·제공하는 매장,3fd37f6d-7582-48b1-b37b-6720f382cafc,정상균가구,가구,진주 논개시장,전통시장,경상남도,3.0,3.0,,,RESOLVED_AGREEMENT,False,3,,,,
067c19d38fa285a5507a,test,가구,T4 구어·문장,q_가구_06,가구 사는 데,생활·마트 중 '가구'를 판매·제공하는 매장,002db554-24ed-4307-adce-47f82d00e39e,에몬스가구섬유관점,가구,섬유제품관,전통시장,대구광역시,3.0,3.0,,,RESOLVED_AGREEMENT,False,3,,,,
f3c7ef91fee5c96d4533,test,가구,T4 구어·문장,q_가구_06,가구 사는 데,생활·마트 중 '가구'를 판매·제공하는 매장,8bdd1830-9c93-4288-84f8-949a1331078c,리키홈가구,가구,청남가구단지 상점가,자율상권구역,충청북도,3.0,3.0,,,RESOLVED_AGREEMENT,False,3,,,,
6f6a9c7bebfe2bcc5cd9,test,가구,T4 구어·문장,q_가구_06,가구 사는 데,생활·마트 중 '가구'를 판매·제공하는 매장,00819c3e-a0dc-4005-8c3b-25b804133ef6,에이스퍼니처,가구,동광주 골목형상점가,골목형상점가,광주광역시,3.0,3.0,,,RESOLVED_AGREEMENT,False,3,,,,
4f8a4daace00888d74a1,test,가구,T4 구어·문장,q_가구_06,가구 사는 데,생활·마트 중 '가구'를 판매·제공하는 매장,063e0bdb-f37d-403a-8d87-439096dd4a51,공감인테리어,실내 인테리어벽지장판목공타일류 등 및 컨설팅,운남7단지먹자거리 골목형상점가,골목형상점가,광주광역시,1.0,1.0,,,RESOLVED_AGREEMENT,False,1,,,,
b5fe58e206f2d8dc5c0b,test,가구,T4 구어·문장,q_가구_06,가구 사는 데,생활·마트 중 '가구'를 판매·제공하는 매장,75cf53e3-5877-4d6d-a034-5ba8bc6cab87,코지안 가구,가구,오류동 특화거리 상점가,자율상권구역,대전광역시,3.0,3.0,,,RESOLVED_AGREEMENT,False,3,,,,
3d3f179130272342e8a4,test,가구,T4 구어·문장,q_가구_06,가구 사는 데,생활·마트 중 '가구'를 판매·제공하는 매장,2a8ad1a2-ddfe-4a5f-bdbd-84b691cf1650,까소엔,가구,청북가구단지상점가,골목형상점가,경기도,3.0,3.0,,,RESOLVED_AGREEMENT,False,3,,,,
fb641c3f8fb717a10966,test,가구,T4 구어·문장,q_가구_06,가구 사는 데,생활·마트 중 '가구'를 판매·제공하는 매장,635b9569-cea5-4850-8466-ea61c8626e4a,사계절가구,가구,천안삼거리 가구단지 상점가,자율상권구역,충청남도,3.0,3.0,,,RESOLVED_AGREEMENT,False,3,,,,
fbac3438b395fca5f21e,test,가구,T4 구어·문장,q_가구_06,가구 사는 데,생활·마트 중 '가구'를 판매·제공하는 매장,1060d706-f6af-4c96-9007-a78ea1e800e7,문화가구,가구,공주산성 활성화구역,전통시장,충청남도,3.0,3.0,,,RESOLVED_AGREEMENT,False,3,,,,
5be64e665cd9e84b4e77,test,가구,T4 구어·문장,q_가구_06,가구 사는 데,생활·마트 중 '가구'를 판매·제공하는 매장,2ff2f2c7-bdf7-4f84-bcb0-f381a3a3e6db,데코라인,가구,상록수가구거리상점가,자율상권구역,경기도,3.0,3.0,,,RESOLVED_AGREEMENT,False,3,,,,
6c7e2429f2e78a04a4e8,test,가구,T4 구어·문장,q_가구_06,가구 사는 데,생활·마트 중 '가구'를 판매·제공하는 매장,48cc700f-acfd-4514-8948-7f9db8f88719,비타민원목가구,소파.침대.식탁,청북가구단지상점가,자율상권구역,경기도,3.0,3.0,,,RESOLVED_AGREEMENT,False,3,,,,
d1b0571704b712de367a,test,가구,T4 구어·문장,q_가구_06,가구 사는 데,생활·마트 중 '가구'를 판매·제공하는 매장,42cc207c-676a-4662-9781-e266eb11c91e,에이스가구,도매 및 소매업 가구 중고가구 붙박이장 식탁 소파,은구비서로사회적협동조합 골목형상점가,골목형상점가,대전광역시,3.0,3.0,,,RESOLVED_AGREEMENT,False,3,,,,
571d82c93ef72d08245f,test,가구,T4 구어·문장,q_가구_06,가구 사는 데,생활·마트 중 '가구'를 판매·제공하는 매장,702a95c6-9c0c-4760-9e6b-f183e95c2003,가구가싸,가구,산본로데오거리(구 산본중심상가),자율상권구역,경기도,3.0,3.0,,,RESOLVED_AGREEMENT,False,3,,,,
814ec8ed9118865e82d9,test,가구,T4 구어·문장,q_가구_06,가구 사는 데,생활·마트 중 '가구'를 판매·제공하는 매장,747cddf9-b78f-4d08-acb9-1c8d70578cfb,가구숲,가구,신창동가구의거리일번국도상점가,자율상권구역,광주광역시,3.0,3.0,,,RESOLVED_AGREEMENT,False,3,,,,
f60e40494a3578f7851a,test,가구,T4 구어·문장,q_가구_06,가구 사는 데,생활·마트 중 '가구'를 판매·제공하는 매장,f5ddf4d5-0d2a-4e9a-9c45-3db1594ab6d4,럭쎄스,가구,대구종합유통단지전자관사업협동조합,전통시장,대구광역시,3.0,3.0,,,RESOLVED_AGREEMENT,False,3,,,,
7664008136d887fa08b9,test,가구,T4 구어·문장,q_가구_06,가구 사는 데,생활·마트 중 '가구'를 판매·제공하는 매장,6478fbf9-60bd-4894-ba0d-141f0d99ce50,필굿,가구,부평종합시장,전통시장,인천광역시,3.0,3.0,,,RESOLVED_AGREEMENT,False,3,,,,
f227f6b7bba2f268823e,test,가구,T4 구어·문장,q_가구_06,가구 사는 데,생활·마트 중 '가구'를 판매·제공하는 매장,b935fe1d-c445-49e7-8045-7fb76055c104,루이가구,가구,천안삼거리 가구단지 상점가,자율상권구역,충청남도,3.0,3.0,,,RESOLVED_AGREEMENT,False,3,,,,
5c745e6f15fec4dbe0d1,test,가구,T4 구어·문장,q_가구_06,가구 사는 데,생활·마트 중 '가구'를 판매·제공하는 매장,d900a426-0b63-4488-b1c2-9862f9804988,센텀가구,가구,부산좌천동가구상가,자율상권구역,부산광역시,3.0,3.0,,,RESOLVED_AGREEMENT,False,3,,,,
e18f82082b5a77d6ba98,test,가구,T4 구어·문장,q_가구_06,가구 사는 데,생활·마트 중 '가구'를 판매·제공하는 매장,b5423e05-adfe-4a18-8b18-98dbe02b81ef,더홈가구,가구,대구종합유통단지전자관사업협동조합,전통시장,대구광역시,3.0,3.0,,,RESOLVED_AGREEMENT,False,3,,,,
98f39990dcc7f4a5b36e,test,가구,T4 구어·문장,q_가구_06,가구 사는 데,생활·마트 중 '가구'를 판매·제공하는 매장,ed45b392-84b0-4f84-987e-ce319a5cacef,리더모터스,오토바이 오토바이수리,전주중산공원 골목형상점가,골목형상점가,전북특별자치도,0.0,0.0,,,RESOLVED_AGREEMENT,False,0,,,,
0b494400d172567b1b19,test,가구,T4 구어·문장,q_가구_06,가구 사는 데,생활·마트 중 '가구'를 판매·제공하는 매장,0b4b871f-5f8b-40ab-9da2-4cf687622c22,동백가구,가구,양동복개상가,전통시장,,3.0,3.0,,,RESOLVED_AGREEMENT,False,3,,,,
924123c4210e6193a907,test,가구,T4 구어·문장,q_가구_06,가구 사는 데,생활·마트 중 '가구'를 판매·제공하는 매장,0fbc5ef3-a388-4283-995e-982a1784c0d0,원흥가구,가구,광탄전통시장,전통시장,경기도,3.0,3.0,,,RESOLVED_AGREEMENT,False,3,,,,
b0125df9d38a8edd03e8,test,가구,T4 구어·문장,q_가구_06,가구 사는 데,생활·마트 중 '가구'를 판매·제공하는 매장,157bc772-51f7-4134-82db-767feb85ca65,사임당가구,가구,청남가구단지 상점가,자율상권구역,충청북도,3.0,3.0,,,RESOLVED_AGREEMENT,False,3,,,,
f1c50bd260d7eab5e15f,test,가구,T4 구어·문장,q_가구_06,가구 사는 데,생활·마트 중 '가구'를 판매·제공하는 매장,efd9809f-9f2b-4b3b-a8b3-e7d20ea2b907,종합가구,가구,인왕시장,전통시장,서울특별시,3.0,3.0,,,RESOLVED_AGREEMENT,False,3,,,,
fea4f765162d2bd8b26b,test,가구,T4 구어·문장,q_가구_06,가구 사는 데,생활·마트 중 '가구'를 판매·제공하는 매장,bc93c1f6-1544-449d-924c-dee3e0a0f60e,이든가구,가구,서문대로 골목형상점가,골목형상점가,광주광역시,3.0,3.0,,,RESOLVED_AGREEMENT,False,3,,,,
e050a2ace28da2a68c3e,test,가구,T4 구어·문장,q_가구_06,가구 사는 데,생활·마트 중 '가구'를 판매·제공하는 매장,ac4548f8-4b4c-4877-8b36-c027ba92a7b1,가구앤라인,가구,성정가구거리상점가,자율상권구역,충청남도,3.0,3.0,,,RESOLVED_AGREEMENT,False,3,,,,
3582e89dc7e9ffd3ff3a,test,가구,T4 구어·문장,q_가구_06,가구 사는 데,생활·마트 중 '가구'를 판매·제공하는 매장,6878d6bd-23f7-4cb3-ad87-56a39983acff,나는 가구다,가구,양동복개상가,전통시장,,3.0,3.0,,,RESOLVED_AGREEMENT,False,3,,,,
81e5dd2bc07baac3ec08,test,가구,T4 구어·문장,q_가구_06,가구 사는 데,생활·마트 중 '가구'를 판매·제공하는 매장,0021ea65-4c59-4aa0-8d1c-95fe7b6686d0,공간인테리어,경미한공사(인테리어),여의동 골목형상점가,골목형상점가,전북특별자치도,1.0,1.0,,,RESOLVED_AGREEMENT,False,1,,,,
d02df538d4df5795e2f8,test,가구,T4 구어·문장,q_가구_06,가구 사는 데,생활·마트 중 '가구'를 판매·제공하는 매장,94723153-cdc4-4e5c-9cd9-25a1d2b8f96d,준이가구,가구,송경종합시장,전통시장,대구광역시,3.0,3.0,,,RESOLVED_AGREEMENT,False,3,,,,
1179abda8a9d77a987c5,test,가구,T4 구어·문장,q_가구_06,가구 사는 데,생활·마트 중 '가구'를 판매·제공하는 매장,fa905f9d-101b-407d-a8be-180e2961b86b,썬퍼니처 가구,가구,학성가구거리 상점가,자율상권구역,울산광역시,3.0,3.0,,,RESOLVED_AGREEMENT,False,3,,,,
79547a2a8dadf2f0196c,test,가구,T4 구어·문장,q_가구_06,가구 사는 데,생활·마트 중 '가구'를 판매·제공하는 매장,90e7499b-cb6e-4ca5-afce-974388ba3b6e,계림가구,가구,계림동헌책방거리 골목형상점가,골목형상점가,광주광역시,3.0,3.0,,,RESOLVED_AGREEMENT,False,3,,,,
d950a330c64bc31c5cad,test,가구,T4 구어·문장,q_가구_06,가구 사는 데,생활·마트 중 '가구'를 판매·제공하는 매장,9b26eb62-79a2-4745-9f79-a7b6d7142deb,우아미 가구,가구,빛고을 골목형상점가,골목형상점가,광주광역시,3.0,3.0,,,RESOLVED_AGREEMENT,False,3,,,,
4632dbbfb0c325b39864,test,가구,T4 구어·문장,q_가구_06,가구 사는 데,생활·마트 중 '가구'를 판매·제공하는 매장,163e2740-40f4-47d3-908e-cd0003cc3aea,에덴가구,가구,청양전통시장(구 청양상설시장),전통시장,충청남도,3.0,3.0,,,RESOLVED_AGREEMENT,False,3,,,,
de1cd2e45c3898dd2518,test,가구,T4 구어·문장,q_가구_06,가구 사는 데,생활·마트 중 '가구'를 판매·제공하는 매장,c2ae64f1-d97c-4e65-a35b-57fdc07fe36a,한솔가구,가구,반야월종합시장,전통시장,대구광역시,3.0,3.0,,,RESOLVED_AGREEMENT,False,3,,,,
83e3de1611076e2006a3,test,가구,T4 구어·문장,q_가구_06,가구 사는 데,생활·마트 중 '가구'를 판매·제공하는 매장,cc7363d5-a3e5-4e05-bb17-99395a2f3d5a,까르떼 가구,가구,운정가구단지 상점가,자율상권구역,경기도,3.0,3.0,,,RESOLVED_AGREEMENT,False,3,,,,
df109fd86075dd1a0ae2,test,가구,T4 구어·문장,q_가구_06,가구 사는 데,생활·마트 중 '가구'를 판매·제공하는 매장,83350973-20a4-4370-a3e2-cffcb627dc6a,옛날생과자,과자류,화양제일골목시장(화양제일시장),전통시장,서울특별시,0.0,0.0,,,RESOLVED_AGREEMENT,False,0,,,,
531017a032a9609aa964,test,가구,T4 구어·문장,q_가구_06,가구 사는 데,생활·마트 중 '가구'를 판매·제공하는 매장,89dc1e0e-6eb1-42c1-b9a7-4a76c12f9fb5,이레가구,가구,시흥행궁길골목형상점가,골목형상점가,서울특별시,3.0,3.0,,,RESOLVED_AGREEMENT,False,3,,,,
8c288ff1c58ee84cbc4f,test,가구,T4 구어·문장,q_가구_06,가구 사는 데,생활·마트 중 '가구'를 판매·제공하는 매장,09bf9f9e-8eaf-416f-b157-46d93daf29c8,명품한우한돈,,당정동한세로 골목형상점가,골목형상점가,경기도,0.0,0.0,,,RESOLVED_AGREEMENT,False,0,,,,
04d4d97640551bcec91c,test,가구,T4 구어·문장,q_가구_06,가구 사는 데,생활·마트 중 '가구'를 판매·제공하는 매장,f14df4d3-9858-4a8b-8597-20fd477d8e32,갤러리 데 루치아,가구,용인어정가구단지상점가,자율상권구역,경기도,3.0,3.0,,,RESOLVED_AGREEMENT,False,3,,,,
c23c866c1dd79abad83b,test,가구,T4 구어·문장,q_가구_06,가구 사는 데,생활·마트 중 '가구'를 판매·제공하는 매장,196bd38b-f05e-4144-8c2d-4752a351bc9d,가구 아울렛,가구,성정가구거리상점가,자율상권구역,충청남도,3.0,3.0,,,RESOLVED_AGREEMENT,False,3,,,,
faf3e1be8499d26e5a23,test,가구,T4 구어·문장,q_가구_06,가구 사는 데,생활·마트 중 '가구'를 판매·제공하는 매장,6faf2a57-4829-48a0-a95a-4c93f1959ba2,까누가구,가구,무실가구거리골목형상점가,골목형상점가,강원특별자치도,3.0,3.0,,,RESOLVED_AGREEMENT,False,3,,,,
a08bfeb39481a11429ec,test,가구,T4 구어·문장,q_가구_07,책상 의자 파는 곳,생활·마트 중 '가구'를 판매·제공하는 매장,26d825f2-2bcd-4e47-8756-3390d6e52697,고기파는 박군,식육점,창원 명서시장,전통시장,경상남도,0.0,0.0,,,RESOLVED_AGREEMENT,False,0,,,,
76febf9f61112b0dcb7b,test,가구,T4 구어·문장,q_가구_07,책상 의자 파는 곳,생활·마트 중 '가구'를 판매·제공하는 매장,00157e3c-6f50-4200-b30b-056a209c814a,장인가구창원제일점,가구,창원 팔용가구거리,자율상권구역,경상남도,2.0,3.0,,,P2_GRADED_ONLY,True,,,,,
5f76fcebb14e5c9023f0,test,가구,T4 구어·문장,q_가구_07,책상 의자 파는 곳,생활·마트 중 '가구'를 판매·제공하는 매장,b70e6ff9-6589-4d1f-9c96-d82a545ec2b2,좋은옷 싸게 파는집,의류,신거북시장,전통시장,인천광역시,0.0,0.0,,,RESOLVED_AGREEMENT,False,0,,,,
3220445ef79dd4a6b6d5,test,가구,T4 구어·문장,q_가구_07,책상 의자 파는 곳,생활·마트 중 '가구'를 판매·제공하는 매장,0682734b-5e2e-4e79-9bcc-9fee6192ebcc,나무뜰,소매업(인테리어소품),신안프라자전통시장,전통시장,경기도,1.0,1.0,,,RESOLVED_AGREEMENT,False,1,,,,
e1df0326e1172c179d46,test,가구,T4 구어·문장,q_가구_07,책상 의자 파는 곳,생활·마트 중 '가구'를 판매·제공하는 매장,929d857f-3a8c-4e54-beb8-7c697f744ade,고기파는 형제들,,신영시장,전통시장,서울특별시,0.0,0.0,,,RESOLVED_AGREEMENT,False,0,,,,
c99cd2ae9b8d9c979d03,test,가구,T4 구어·문장,q_가구_07,책상 의자 파는 곳,생활·마트 중 '가구'를 판매·제공하는 매장,c161453d-f2c8-4b97-a2c3-a54e0cbdb7e8,생활용품 싸게 파는 집,잡화,안성중앙시장,전통시장,경기도,0.0,0.0,,,RESOLVED_AGREEMENT,False,0,,,,
985ac222008029ca3b01,test,가구,T4 구어·문장,q_가구_07,책상 의자 파는 곳,생활·마트 중 '가구'를 판매·제공하는 매장,19b6e5db-5866-4752-afed-7fa0dc010f81,곳간,한식,태화십리대밭먹거리단지 상점가,자율상권구역,울산광역시,0.0,0.0,,,RESOLVED_AGREEMENT,False,0,,,,
28bf3b2ec315d2c5e5ec,test,가구,T4 구어·문장,q_가구_07,책상 의자 파는 곳,생활·마트 중 '가구'를 판매·제공하는 매장,fbae8f6f-4f02-4214-bf8d-de48c3dbf491,책이랑,,나성동 소방청 골목형상점가,골목형상점가,세종특별자치시,0.0,0.0,,,RESOLVED_AGREEMENT,False,0,,,,
2588cb9641b946a960c6,test,가구,T4 구어·문장,q_가구_07,책상 의자 파는 곳,생활·마트 중 '가구'를 판매·제공하는 매장,2743811c-5e71-4d2b-aa75-1b0147d44f2d,사우 꽃이 피는 곳,꽃,김포 풍년마을 골목형상점가,골목형상점가,경기도,0.0,0.0,,,RESOLVED_AGREEMENT,False,0,,,,
12b338f5d7264e349b90,test,가구,T4 구어·문장,q_가구_07,책상 의자 파는 곳,생활·마트 중 '가구'를 판매·제공하는 매장,f975ac27-a8d1-4362-8100-76b0cb988e3b,바비헤어,헤어샵,석수본동 골목형상점가,골목형상점가,경기도,0.0,0.0,,,RESOLVED_AGREEMENT,False,0,,,,
cf15007f7d157f58d551,test,가구,T4 구어·문장,q_가구_07,책상 의자 파는 곳,생활·마트 중 '가구'를 판매·제공하는 매장,00029834-c340-4d89-b5a7-cee930fc3c31,콩심24시전주종가콩나물국밥,가구,불당1번가골목형상점가,골목형상점가,충청남도,2.0,3.0,,,P2_GRADED_ONLY,True,,,,,
ab6fc101e09049a30dc2,test,가구,T4 구어·문장,q_가구_07,책상 의자 파는 곳,생활·마트 중 '가구'를 판매·제공하는 매장,ff307928-dc87-45f6-ac65-9ce1cd87ab7a,피카소디자인가구,"가구, 의자",건축자재특화의거리,자율상권구역,광주광역시,3.0,3.0,,,RESOLVED_AGREEMENT,False,3,,,,
0a2307959299541f63da,test,가구,T4 구어·문장,q_가구_07,책상 의자 파는 곳,생활·마트 중 '가구'를 판매·제공하는 매장,af841040-0055-4f95-bbe1-b98bb9cf9b59,밀곳,제과,부평깡통시장(구 부산부평시장),전통시장,부산광역시,0.0,0.0,,,RESOLVED_AGREEMENT,False,0,,,,
82a4cdef5b99f856d56f,test,가구,T4 구어·문장,q_가구_07,책상 의자 파는 곳,생활·마트 중 '가구'를 판매·제공하는 매장,0394caa3-10fc-4b86-b7e2-c7b1ac09d649,새마을종합인테리어,"인테리어(벽지,장판등)",성남남한산성시장(구 은행골목시장),전통시장,경기도,1.0,1.0,,,RESOLVED_AGREEMENT,False,1,,,,
a95b471ced776cecee15,test,가구,T4 구어·문장,q_가구_07,책상 의자 파는 곳,생활·마트 중 '가구'를 판매·제공하는 매장,1db677b8-efc9-4c9c-9460-707a3c221b0d,형제천막사,"커튼및천막, 카페트, 경미한공사, 행사용테이블, 의자",석소 골목형상점가,골목형상점가,전북특별자치도,3.0,3.0,,,RESOLVED_AGREEMENT,False,3,,,,
268253369d0850ebabe0,test,가구,T4 구어·문장,q_가구_07,책상 의자 파는 곳,생활·마트 중 '가구'를 판매·제공하는 매장,82c1d1d6-ebf5-4858-bd00-5c78204a31fc,과일파는 고릴라,"과실, 잡화",반여2동상가시장,전통시장,부산광역시,0.0,0.0,,,RESOLVED_AGREEMENT,False,0,,,,
dea1913ab08a16008bf4,test,가구,T4 구어·문장,q_가구_07,책상 의자 파는 곳,생활·마트 중 '가구'를 판매·제공하는 매장,b07f1cbf-3655-4a07-8de2-dfa245d76faa,탐나는 피자,피자,무거현대시장,골목형상점가,울산광역시,0.0,0.0,,,RESOLVED_AGREEMENT,False,0,,,,
5c9e267cc97230c570c3,test,가구,T4 구어·문장,q_가구_07,책상 의자 파는 곳,생활·마트 중 '가구'를 판매·제공하는 매장,0e49722d-515b-4b37-a0a1-c222cdb52f37,하얀책상,디저트,공주대학로 골목형 상점가,골목형상점가,충청남도,2.0,3.0,,,P2_GRADED_ONLY,True,,,,,
e37b29f1dcb581cbccd5,test,가구,T4 구어·문장,q_가구_07,책상 의자 파는 곳,생활·마트 중 '가구'를 판매·제공하는 매장,06261986-3eba-4244-b63f-397460d82f4a,이곳,미용,나주혁신도시 골목형상점가,골목형상점가,전라남도,0.0,0.0,,,RESOLVED_AGREEMENT,False,0,,,,
596e766d5f82b3669101,test,가구,T4 구어·문장,q_가구_07,책상 의자 파는 곳,생활·마트 중 '가구'를 판매·제공하는 매장,ab11861e-c7e5-40b0-a557-f67a555da216,파리바게뜨 포일2지구점,제빵,포일중앙 골목형상점가,골목형상점가,경기도,0.0,0.0,,,RESOLVED_AGREEMENT,False,0,,,,
48dd1f8c578ba36680c1,test,가구,T4 구어·문장,q_가구_07,책상 의자 파는 곳,생활·마트 중 '가구'를 판매·제공하는 매장,842f6cf1-6411-4f4b-be23-746d79e31656,섬곳,한식,플레이사계 지오단길 골목형상점가,골목형상점가,제주특별자치도,0.0,0.0,,,RESOLVED_AGREEMENT,False,0,,,,
68cee127bd13dacab87c,test,가구,T4 구어·문장,q_가구_07,책상 의자 파는 곳,생활·마트 중 '가구'를 판매·제공하는 매장,06eab6d0-6e19-4260-bf4d-e8d75adc20f3,제스파 안마의자 광주점,,광주여대 골목형상점가,골목형상점가,,3.0,3.0,,,RESOLVED_AGREEMENT,False,3,,,,
ab20851e1e673e088049,test,가구,T4 구어·문장,q_가구_07,책상 의자 파는 곳,생활·마트 중 '가구'를 판매·제공하는 매장,5beb6187-2766-4dd5-bcca-3b08cb8c087f,고기파는 총각들,,용마루길 골목형상점가,골목형상점가,서울특별시,0.0,0.0,,,RESOLVED_AGREEMENT,False,0,,,,
0606a79fab28b26c0b01,test,가구,T4 구어·문장,q_가구_07,책상 의자 파는 곳,생활·마트 중 '가구'를 판매·제공하는 매장,1224addb-6518-4f08-8235-6fd7c8d4fdab,예인공예,공예품,원주미로예술중앙시장(원주중앙시장),전통시장,강원특별자치도,0.0,0.0,,,RESOLVED_AGREEMENT,False,0,,,,
bffae2aa049f76dc267c,test,가구,T4 구어·문장,q_가구_07,책상 의자 파는 곳,생활·마트 중 '가구'를 판매·제공하는 매장,707b51df-be1a-4104-8299-18376223412a,큰별음악학원,음악교육,큰별초 골목형상점가,골목형상점가,광주광역시,0.0,0.0,,,RESOLVED_AGREEMENT,False,0,,,,
6bce0243f416cb4b7492,test,가구,T4 구어·문장,q_가구_07,책상 의자 파는 곳,생활·마트 중 '가구'를 판매·제공하는 매장,002db554-24ed-4307-adce-47f82d00e39e,에몬스가구섬유관점,가구,섬유제품관,전통시장,대구광역시,2.0,3.0,,,P2_GRADED_ONLY,True,,,,,
415fc27ff2f62ae7dd10,test,가구,T4 구어·문장,q_가구_07,책상 의자 파는 곳,생활·마트 중 '가구'를 판매·제공하는 매장,9135e252-f7e2-472a-800f-361ba7653433,쉬엄쉬엄 카이스트점,안마의자 체험 및 힐링 카페,어은누리 골목형상점가,골목형상점가,대전광역시,3.0,3.0,,,RESOLVED_AGREEMENT,False,3,,,,
b8b48fb0816ec62f18cc,test,가구,T4 구어·문장,q_가구_07,책상 의자 파는 곳,생활·마트 중 '가구'를 판매·제공하는 매장,00819c3e-a0dc-4005-8c3b-25b804133ef6,에이스퍼니처,가구,동광주 골목형상점가,골목형상점가,광주광역시,2.0,3.0,,,P2_GRADED_ONLY,True,,,,,
b4c2a8ea75f01add9d68,test,가구,T4 구어·문장,q_가구_07,책상 의자 파는 곳,생활·마트 중 '가구'를 판매·제공하는 매장,acd82893-e2fd-4f4d-84a9-d6e104bdff5b,당진상회,과일,천안중앙시장,전통시장,충청남도,0.0,0.0,,,RESOLVED_AGREEMENT,False,0,,,,
2f0f38fb5997a62d59c5,test,가구,T4 구어·문장,q_가구_07,책상 의자 파는 곳,생활·마트 중 '가구'를 판매·제공하는 매장,42cc207c-676a-4662-9781-e266eb11c91e,에이스가구,도매 및 소매업 가구 중고가구 붙박이장 식탁 소파,은구비서로사회적협동조합 골목형상점가,골목형상점가,대전광역시,2.0,3.0,,,P2_GRADED_ONLY,True,,,,,
d9a95e1770c48bce92e7,test,가구,T4 구어·문장,q_가구_07,책상 의자 파는 곳,생활·마트 중 '가구'를 판매·제공하는 매장,7f0dffda-6e4a-4b0b-9133-471e0d77c590,부전중고의자,기타,부전농수산물새벽시장,전통시장,부산광역시,2.0,3.0,,,P2_GRADED_ONLY,True,,,,,
e693a51e4ff645c169f2,test,가구,T4 구어·문장,q_가구_07,책상 의자 파는 곳,생활·마트 중 '가구'를 판매·제공하는 매장,4abb9418-808e-4ebf-839d-ea28fa1c9739,에이밍스터디카페 금호점,책상의자,금호상인회 골목형상점가,골목형상점가,광주광역시,3.0,3.0,,,RESOLVED_AGREEMENT,False,3,,,,
26040b738555364b50f8,test,가구,T4 구어·문장,q_가구_07,책상 의자 파는 곳,생활·마트 중 '가구'를 판매·제공하는 매장,5723d922-e55c-46bc-a5b9-846ba2afdf5d,커피파는 집,,거제 성포 골목형상점가,골목형상점가,경상남도,0.0,0.0,,,RESOLVED_AGREEMENT,False,0,,,,
398705a77836d7094df8,test,가구,T4 구어·문장,q_가구_07,책상 의자 파는 곳,생활·마트 중 '가구'를 판매·제공하는 매장,0a0405e9-75a8-4da5-94de-52922afd653d,(주)드림,침대 가구,운정가구단지 상점가,자율상권구역,경기도,2.0,3.0,,,P2_GRADED_ONLY,True,,,,,
9860859e82349d124608,test,가구,T4 구어·문장,q_가구_07,책상 의자 파는 곳,생활·마트 중 '가구'를 판매·제공하는 매장,1eaf6dc3-f0f0-4350-8341-9f6f4334b965,다소곳,옷,전주모래내시장,전통시장,전북특별자치도,0.0,0.0,,,RESOLVED_AGREEMENT,False,0,,,,
ef58869021e97fb4e8b5,test,가구,T4 구어·문장,q_가구_07,책상 의자 파는 곳,생활·마트 중 '가구'를 판매·제공하는 매장,5f59c153-0ca4-4ba4-9f1c-e59663f9e5e2,꽃파는 카페 가배화,꽃가게,맛조이상인회 골목형상점가,골목형상점가,광주광역시,0.0,0.0,,,RESOLVED_AGREEMENT,False,0,,,,
b1caa8cac7ec615683aa,test,가구,T4 구어·문장,q_가구_07,책상 의자 파는 곳,생활·마트 중 '가구'를 판매·제공하는 매장,93993d60-9b40-4249-8a88-f398ff51a92b,이 화가구,침대 의자 식탁 주문제작가구 장농 소파,망원동십자로길골목형상점가,골목형상점가,서울특별시,3.0,3.0,,,RESOLVED_AGREEMENT,False,3,,,,
785f00389afb33562782,test,가구,T4 구어·문장,q_가구_07,책상 의자 파는 곳,생활·마트 중 '가구'를 판매·제공하는 매장,442ff5b2-eaed-4628-92a6-1dab4ab6a0e0,로하스테크 광주본부,안마의자,풍암운리중상인회 골목형상점가,골목형상점가,광주광역시,3.0,3.0,,,RESOLVED_AGREEMENT,False,3,,,,
6a2fa9dd31b0fe243213,test,가구,T4 구어·문장,q_가구_07,책상 의자 파는 곳,생활·마트 중 '가구'를 판매·제공하는 매장,0d32b58f-0a8d-4159-b3cf-c4e1a3ec49dc,단청(장수돌침대의왕점),,안양1번가 상점가,자율상권구역,경기도,2.0,3.0,,,P2_GRADED_ONLY,True,,,,,
110a449ecde6af9a960b,test,가구,T4 구어·문장,q_가구_07,책상 의자 파는 곳,생활·마트 중 '가구'를 판매·제공하는 매장,5ae76cdb-e322-4e2e-b01d-0bfb50e26878,치읓의자리(ㅊ의자리),한식 서적출판업,두암시장주변 골목형상점가,골목형상점가,광주광역시,2.0,3.0,,,P2_GRADED_ONLY,True,,,,,
66c3a9224274ebbec783,test,가구,T4 구어·문장,q_가구_07,책상 의자 파는 곳,생활·마트 중 '가구'를 판매·제공하는 매장,f75764d4-4ad8-44c8-ad99-7ccf3eea78de,파지,,중흥자재거리 골목형상점가,골목형상점가,광주광역시,,0.0,Y,,P0_UNCERTAIN_OR_MISSING,True,,,,,
9d9f7f802e5ed4d58754,test,가구,T4 구어·문장,q_가구_07,책상 의자 파는 곳,생활·마트 중 '가구'를 판매·제공하는 매장,20e990e4-aaf3-4784-9ba0-caad51d06b23,곳간,한식,수완장덕 골목형상점가,골목형상점가,광주광역시,0.0,0.0,,,RESOLVED_AGREEMENT,False,0,,,,
8e9d3cbc62b842d1daee,test,가구,T4 구어·문장,q_가구_07,책상 의자 파는 곳,생활·마트 중 '가구'를 판매·제공하는 매장,0fd6c39d-e55d-421f-b117-ded4895c6c6d,비비아나케이크,케이크 쿠키,상무1동아파트상인회 골목형상점가,골목형상점가,광주광역시,0.0,0.0,,,RESOLVED_AGREEMENT,False,0,,,,
95141e5496b9e6c2e93f,test,가구,T4 구어·문장,q_가구_07,책상 의자 파는 곳,생활·마트 중 '가구'를 판매·제공하는 매장,c0ac7a4a-7108-44ab-b869-c4fc909233a1,안마의자 비욘드릴렉스대구,안마의자,대구종합유통단지전자관사업협동조합,전통시장,대구광역시,3.0,3.0,,,RESOLVED_AGREEMENT,False,3,,,,
3777f610621b50df84db,test,가구,T4 구어·문장,q_가구_07,책상 의자 파는 곳,생활·마트 중 '가구'를 판매·제공하는 매장,cb15e2d0-9357-4e06-9f00-880705012933,땅파서 폰파는 집(사직점),,사직거인 골목형상점가,골목형상점가,부산광역시,,0.0,Y,,P0_UNCERTAIN_OR_MISSING,True,,,,,
23f3134536c65c19a487,test,가구,T4 구어·문장,q_가구_07,책상 의자 파는 곳,생활·마트 중 '가구'를 판매·제공하는 매장,ecf3246a-ed9b-4f87-a6f9-e5dc2f69ffd1,"다파농, 다파는 농부 수지구청점",,풍2동 골목형상점가,골목형상점가,경기도,,0.0,Y,,P0_UNCERTAIN_OR_MISSING,True,,,,,
287559c4098d6b45a2cc,test,가구,T4 구어·문장,q_가구_07,책상 의자 파는 곳,생활·마트 중 '가구'를 판매·제공하는 매장,472f5609-7d98-4e07-8c42-7a6f61c07c89,한우리가구,책상 의자 쇼파 파티션 탁자외,신창동가구의거리일번국도상점가,자율상권구역,광주광역시,3.0,3.0,,,RESOLVED_AGREEMENT,False,3,,,,
44da4f14407b70a2e344,test,가구,T4 구어·문장,q_가구_07,책상 의자 파는 곳,생활·마트 중 '가구'를 판매·제공하는 매장,a9a4d8ff-fd49-4e57-bdcd-2759ceb79f84,고기파는 청년들,식육즉석판매가공업,당감골목시장,전통시장,부산광역시,0.0,0.0,,,RESOLVED_AGREEMENT,False,0,,,,
99d2eb010fa1b8916eac,test,가구,T4 구어·문장,q_가구_07,책상 의자 파는 곳,생활·마트 중 '가구'를 판매·제공하는 매장,6f379121-d5e7-442e-8e42-f5632198fdd8,안마의자 베스트샵일렉트,,도안골 골목형상점가,골목형상점가,대전광역시,3.0,3.0,,,RESOLVED_AGREEMENT,False,3,,,,
9ca23acd005da54027de,test,가구,T4 구어·문장,q_가구_07,책상 의자 파는 곳,생활·마트 중 '가구'를 판매·제공하는 매장,40af7b91-7f04-4b4d-8809-08e1c5813c51,가현가구,장농침대소파식탁,하남대로가구의거리상인회 골목형상점가,골목형상점가,광주광역시,2.0,3.0,,,P2_GRADED_ONLY,True,,,,,
8cb8eb1f32228b378905,test,가구,T4 구어·문장,q_가구_07,책상 의자 파는 곳,생활·마트 중 '가구'를 판매·제공하는 매장,76a3551b-dae4-4326-92cc-662015aedbfb,쉴 곳,한식,칠성로상점가,자율상권구역,제주특별자치도,0.0,0.0,,,RESOLVED_AGREEMENT,False,0,,,,
209c3029c8f37faa2cf5,test,가구,T4 구어·문장,q_가구_07,책상 의자 파는 곳,생활·마트 중 '가구'를 판매·제공하는 매장,0b1020aa-4576-4fc3-9ee6-a6fe2a321e73,소낭구 평택점,식탁소파침대옷장 등 가구일체,청북가구단지상점가,골목형상점가,경기도,2.0,3.0,,,P2_GRADED_ONLY,True,,,,,
6b8166b25a500fbccf1b,test,가구,T4 구어·문장,q_가구_07,책상 의자 파는 곳,생활·마트 중 '가구'를 판매·제공하는 매장,24456103-f6b8-46af-8655-82e61d7265d8,커피가 머무르는 곳,커피,반드레길골목형상점가,골목형상점가,서울특별시,0.0,0.0,,,RESOLVED_AGREEMENT,False,0,,,,
feb1e43d3d9547895f97,test,가구,T4 구어·문장,q_가구_07,책상 의자 파는 곳,생활·마트 중 '가구'를 판매·제공하는 매장,988a743e-e93e-4742-a0e7-e76bbdda79d5,라라헤어,"의자, 샴푸대, 미용가위",용현시장,전통시장,인천광역시,3.0,3.0,,,RESOLVED_AGREEMENT,False,3,,,,
61215057cce0ab0dc0bb,test,가구,T4 구어·문장,q_가구_07,책상 의자 파는 곳,생활·마트 중 '가구'를 판매·제공하는 매장,c0cc81b4-89ec-4a70-b6f7-089de1fd92a8,소소한곳,,양산 물금백호마을 골목형상점가,골목형상점가,경상남도,,0.0,Y,,P0_UNCERTAIN_OR_MISSING,True,,,,,
3db451cd8e422845ebf0,test,가구,T4 구어·문장,q_가구_07,책상 의자 파는 곳,생활·마트 중 '가구'를 판매·제공하는 매장,01b9b22d-526e-4619-b376-0b91a965f5f9,부천 딜리버리샵,유모차 카시트 식탁의자 웨건,길주로 골목형상점가,골목형상점가,경기도,3.0,3.0,,,RESOLVED_AGREEMENT,False,3,,,,
16669237d12ce1c95ef8,test,가구,T4 구어·문장,q_가구_07,책상 의자 파는 곳,생활·마트 중 '가구'를 판매·제공하는 매장,000f2b92-c3c3-4ff7-8507-d2b8b0804036,우아미 가구,가구 도소매,삼산가구전문거리,골목형상점가,울산광역시,2.0,3.0,,,P2_GRADED_ONLY,True,,,,,
120f3104e7ac764a893a,test,가구,T4 구어·문장,q_가구_07,책상 의자 파는 곳,생활·마트 중 '가구'를 판매·제공하는 매장,b75de08a-2268-4688-a996-a2bf2cf495b7,삼성전자역전프라자,가전제품 냉난방에어컨 안마의자 음향기,군산중앙로 골목형상점가,골목형상점가,전북특별자치도,3.0,3.0,,,RESOLVED_AGREEMENT,False,3,,,,
c010903fc90e8fc28e2b,test,가구,T4 구어·문장,q_가구_07,책상 의자 파는 곳,생활·마트 중 '가구'를 판매·제공하는 매장,6702c44f-743f-4a82-a486-762c643027a2,야채파는 총각,농산물,구리전통시장,전통시장,경기도,0.0,0.0,,,RESOLVED_AGREEMENT,False,0,,,,
fb5888ab307246ed304b,test,가구,T4 구어·문장,q_가구_07,책상 의자 파는 곳,생활·마트 중 '가구'를 판매·제공하는 매장,0021ea65-4c59-4aa0-8d1c-95fe7b6686d0,공간인테리어,경미한공사(인테리어),여의동 골목형상점가,골목형상점가,전북특별자치도,1.0,1.0,,,RESOLVED_AGREEMENT,False,1,,,,
9860f5f00c8922d664bf,test,가구,T4 구어·문장,q_가구_07,책상 의자 파는 곳,생활·마트 중 '가구'를 판매·제공하는 매장,9bfb80f5-4a9c-4992-8cda-2ca84a6e53c0,책짠해,"책, 서적",황남상가시장,전통시장,경상북도,0.0,0.0,,,RESOLVED_AGREEMENT,False,0,,,,
b42e63891f690e1962f7,test,가구,T4 구어·문장,q_가구_07,책상 의자 파는 곳,생활·마트 중 '가구'를 판매·제공하는 매장,003f093e-cafd-472d-a875-6931880b1a71,올리브데코,가구,제2경주중심상가시장(경주봉황중심상가시장),전통시장,경상북도,2.0,3.0,,,P2_GRADED_ONLY,True,,,,,
8cb78d17ccc9fd0a42cc,test,가구,T4 구어·문장,q_가구_07,책상 의자 파는 곳,생활·마트 중 '가구'를 판매·제공하는 매장,03bbdf3c-2f90-40f2-8ed9-496e9673c8ba,성진에너지,의자탁자 잡화,각화도매 골목형상점가,골목형상점가,광주광역시,3.0,3.0,,,RESOLVED_AGREEMENT,False,3,,,,
9d7fcd4f9b949e780cd4,test,가구,T4 구어·문장,q_가구_07,책상 의자 파는 곳,생활·마트 중 '가구'를 판매·제공하는 매장,c05d77ad-3c4c-4cb3-8384-3e0e6c8eca91,공훈고모네,,화서1동 소상공인 골목형상점가,골목형상점가,경기도,,0.0,Y,,P0_UNCERTAIN_OR_MISSING,True,,,,,
bc5959c4a359cd217703,test,가구,T4 구어·문장,q_가구_07,책상 의자 파는 곳,생활·마트 중 '가구'를 판매·제공하는 매장,063e0bdb-f37d-403a-8d87-439096dd4a51,공감인테리어,실내 인테리어벽지장판목공타일류 등 및 컨설팅,운남7단지먹자거리 골목형상점가,골목형상점가,광주광역시,1.0,1.0,,,RESOLVED_AGREEMENT,False,1,,,,
f6b351fb972a49135883,test,가구,T4 구어·문장,q_가구_07,책상 의자 파는 곳,생활·마트 중 '가구'를 판매·제공하는 매장,be9f8c61-892c-48ed-a49d-b63bd032c025,소곳,의류,고투몰(강남터미널지하도상점가),일반지하상점가,서울특별시,0.0,0.0,,,RESOLVED_AGREEMENT,False,0,,,,
83b03b3597c220b73f91,test,가구,T4 구어·문장,q_가구_07,책상 의자 파는 곳,생활·마트 중 '가구'를 판매·제공하는 매장,ad2284ff-8791-453b-b8a9-67654ff94220,폰파는 신사,휴대폰,남해 명품화전길 골목형상점가,골목형상점가,경상남도,0.0,0.0,,,RESOLVED_AGREEMENT,False,0,,,,
a12a085c2dfc76188d20,test,가구,T4 구어·문장,q_가구_07,책상 의자 파는 곳,생활·마트 중 '가구'를 판매·제공하는 매장,c111ac9d-3f3a-405c-a8db-4d127ccda9e2,행복이 있는 곳,잡화,제주로얄쇼핑센터,자율상권구역,제주특별자치도,0.0,0.0,,,RESOLVED_AGREEMENT,False,0,,,,
fc77fcb0bc3ae38c35c9,test,가구,T4 구어·문장,q_가구_07,책상 의자 파는 곳,생활·마트 중 '가구'를 판매·제공하는 매장,52f0f314-53e5-484b-8db5-b3b51e30c069,금풍상사,의류(의자제),광장시장,전통시장,서울특별시,3.0,3.0,,,RESOLVED_AGREEMENT,False,3,,,,
b7620cb0231f1f4cfca6,test,가구,T4 구어·문장,q_가구_07,책상 의자 파는 곳,생활·마트 중 '가구'를 판매·제공하는 매장,67f8333f-a173-44a0-a35d-d4c013a28dc2,개밥파는 고양이 송촌점,애완용품,송촌시장,전통시장,대전광역시,0.0,0.0,,,RESOLVED_AGREEMENT,False,0,,,,
948dd3273ddbf4b8d34b,test,가구,T4 구어·문장,q_가구_07,책상 의자 파는 곳,생활·마트 중 '가구'를 판매·제공하는 매장,08d279de-df58-4bbf-98b5-b53c1d84cb4b,헤스티아디자인,"가구, 인테리어",마산 북마산가구시장,전통시장,경상남도,2.0,3.0,,,P2_GRADED_ONLY,True,,,,,
d43195f32cc3ae9b2961,test,가구,T4 구어·문장,q_가구_07,책상 의자 파는 곳,생활·마트 중 '가구'를 판매·제공하는 매장,938b92f8-b2f3-4151-81af-3884e120024e,고기파는 청년들,정육,용호시장,전통시장,부산광역시,0.0,0.0,,,RESOLVED_AGREEMENT,False,0,,,,
18ffc2fe7bf44f21d4b7,test,가구,T4 구어·문장,q_가구_07,책상 의자 파는 곳,생활·마트 중 '가구'를 판매·제공하는 매장,0039f6c3-9cdd-48f5-ae33-279dbbcf879d,다이렉트소파몰 안산직영점,가구소매업,상록수가구거리상점가,골목형상점가,경기도,2.0,3.0,,,P2_GRADED_ONLY,True,,,,,
edaf36cba0f77bb4bd1c,test,가구,T4 구어·문장,q_가구_07,책상 의자 파는 곳,생활·마트 중 '가구'를 판매·제공하는 매장,48cc700f-acfd-4514-8948-7f9db8f88719,비타민원목가구,소파.침대.식탁,청북가구단지상점가,자율상권구역,경기도,2.0,3.0,,,P2_GRADED_ONLY,True,,,,,
4f313c576af3ab98d681,test,가구,T4 구어·문장,q_가구_07,책상 의자 파는 곳,생활·마트 중 '가구'를 판매·제공하는 매장,02f4782a-e87b-4c4c-a517-6eec40381342,장수돌침대,가구침대,포천리빙가구상점가,자율상권구역,경기도,2.0,3.0,,,P2_GRADED_ONLY,True,,,,,
1da4bf6b511439c3672b,test,가구,T4 구어·문장,q_가구_07,책상 의자 파는 곳,생활·마트 중 '가구'를 판매·제공하는 매장,ea7cf1e6-b584-4ba5-a9a2-d9b9500f5c05,아식스 전주객사점,외의 안전화,전주원도심 골목형상점가,골목형상점가,전북특별자치도,0.0,0.0,,,RESOLVED_AGREEMENT,False,0,,,,
2cb2dfced3379a286237,test,가구,T4 구어·문장,q_가구_07,책상 의자 파는 곳,생활·마트 중 '가구'를 판매·제공하는 매장,c205a4d8-fa64-4fb5-b959-b2e6d85df68b,개밥파는 고양이 관저점,애완용 동물용품,관저동 먹자골목 골목형상점가,골목형상점가,대전광역시,0.0,0.0,,,RESOLVED_AGREEMENT,False,0,,,,
2a26e000c117ce966237,test,가구,T4 구어·문장,q_가구_07,책상 의자 파는 곳,생활·마트 중 '가구'를 판매·제공하는 매장,060ca668-6ba8-4dbc-af43-1b0f2b64cda6,오브제 퍼니처,침대소파식탁,김포 가구단지 골목형상점가,골목형상점가,경기도,2.0,3.0,,,P2_GRADED_ONLY,True,,,,,
e85f287311b8afb07b84,test,가구,T6 기계변형,q_가구_08,가구추천,생활·마트 중 '가구'를 판매·제공하는 매장,402a8997-8552-4575-b4a5-b6afb12d3da7,가구백화점,가구,성정가구거리상점가,자율상권구역,충청남도,3.0,3.0,,,RESOLVED_AGREEMENT,False,3,,,,
93850607d9b416d5a70b,test,가구,T6 기계변형,q_가구_08,가구추천,생활·마트 중 '가구'를 판매·제공하는 매장,b2a2e3d6-f434-4c17-86b6-8edb3d0e407c,가구랜드,가구,학성가구거리 상점가,자율상권구역,울산광역시,3.0,3.0,,,RESOLVED_AGREEMENT,False,3,,,,
47b81682c2d2cbbbfbe3,test,가구,T6 기계변형,q_가구_08,가구추천,생활·마트 중 '가구'를 판매·제공하는 매장,c42a16d2-bde9-471f-afd0-7d1d5186a7f4,타센,가구,상록수가구거리상점가,골목형상점가,경기도,3.0,3.0,,,RESOLVED_AGREEMENT,False,3,,,,
444b8f9066d38306a739,test,가구,T6 기계변형,q_가구_08,가구추천,생활·마트 중 '가구'를 판매·제공하는 매장,7e112451-2784-435c-975f-b3ea628da6bf,가구마켓,가구,엄사 골목형상점가,골목형상점가,충청남도,3.0,3.0,,,RESOLVED_AGREEMENT,False,3,,,,
9f29fd6e04b200fb9faf,test,가구,T6 기계변형,q_가구_08,가구추천,생활·마트 중 '가구'를 판매·제공하는 매장,0d32b58f-0a8d-4159-b3cf-c4e1a3ec49dc,단청(장수돌침대의왕점),,안양1번가 상점가,자율상권구역,경기도,3.0,3.0,,,RESOLVED_AGREEMENT,False,3,,,,
018cff31a9f216347528,test,가구,T6 기계변형,q_가구_08,가구추천,생활·마트 중 '가구'를 판매·제공하는 매장,42fe3efc-e663-48fc-9357-1d8dbd9c3f53,봄소와좌천,가구,부산좌천동가구상가,자율상권구역,부산광역시,3.0,3.0,,,RESOLVED_AGREEMENT,False,3,,,,
aa5b45e19831a3b3a12d,test,가구,T6 기계변형,q_가구_08,가구추천,생활·마트 중 '가구'를 판매·제공하는 매장,2052bcdf-730c-46e9-8068-d6cfcf10bcf0,가구할인매장,가구,순천원도심상점가,자율상권구역,전라남도,3.0,3.0,,,RESOLVED_AGREEMENT,False,3,,,,
efb002470b24dcc0a7f0,test,가구,T6 기계변형,q_가구_08,가구추천,생활·마트 중 '가구'를 판매·제공하는 매장,fa905f9d-101b-407d-a8be-180e2961b86b,썬퍼니처 가구,가구,학성가구거리 상점가,자율상권구역,울산광역시,3.0,3.0,,,RESOLVED_AGREEMENT,False,3,,,,
7bb8d753bd46d19d7bf9,test,가구,T6 기계변형,q_가구_08,가구추천,생활·마트 중 '가구'를 판매·제공하는 매장,c4088b80-29ef-4fe5-8e41-a062fb483e83,바로크 가구,가구,청남가구단지 상점가,자율상권구역,충청북도,3.0,3.0,,,RESOLVED_AGREEMENT,False,3,,,,
2571a512435c0f69e867,test,가구,T6 기계변형,q_가구_08,가구추천,생활·마트 중 '가구'를 판매·제공하는 매장,6d26130f-db7b-4513-89c4-b31f340987af,가구보물섬,가구,학성가구거리 상점가,자율상권구역,울산광역시,3.0,3.0,,,RESOLVED_AGREEMENT,False,3,,,,
eb8ca53e5f7e50573c53,test,가구,T6 기계변형,q_가구_08,가구추천,생활·마트 중 '가구'를 판매·제공하는 매장,8bdd1830-9c93-4288-84f8-949a1331078c,리키홈가구,가구,청남가구단지 상점가,자율상권구역,충청북도,3.0,3.0,,,RESOLVED_AGREEMENT,False,3,,,,
10e8fe04792354c90216,test,가구,T6 기계변형,q_가구_08,가구추천,생활·마트 중 '가구'를 판매·제공하는 매장,34a4e41f-2aed-4d7a-8345-1533143bb7af,뉴가구이스,가구,㈜르네시떼,전통시장,부산광역시,3.0,3.0,,,RESOLVED_AGREEMENT,False,3,,,,
2288c047da584d1c274a,test,가구,T6 기계변형,q_가구_08,가구추천,생활·마트 중 '가구'를 판매·제공하는 매장,000f2b92-c3c3-4ff7-8507-d2b8b0804036,우아미 가구,가구 도소매,삼산가구전문거리,골목형상점가,울산광역시,3.0,3.0,,,RESOLVED_AGREEMENT,False,3,,,,
9a76236ec13422d7a611,test,가구,T6 기계변형,q_가구_08,가구추천,생활·마트 중 '가구'를 판매·제공하는 매장,2f3c1d0b-c137-4691-a404-3a17ed6ac8c7,가구킹울산,,학성가구거리 상점가,자율상권구역,울산광역시,3.0,3.0,,,RESOLVED_AGREEMENT,False,3,,,,
5f69e1adf6d0f731a4e1,test,가구,T6 기계변형,q_가구_08,가구추천,생활·마트 중 '가구'를 판매·제공하는 매장,08d279de-df58-4bbf-98b5-b53c1d84cb4b,헤스티아디자인,"가구, 인테리어",마산 북마산가구시장,전통시장,경상남도,3.0,3.0,,,RESOLVED_AGREEMENT,False,3,,,,
0266b740400748c9cc51,test,가구,T6 기계변형,q_가구_08,가구추천,생활·마트 중 '가구'를 판매·제공하는 매장,c04749d5-d71e-4da1-8c4a-fc79b904703b,가구킹 울산점,가구,학성가구거리 상점가,자율상권구역,울산광역시,3.0,3.0,,,RESOLVED_AGREEMENT,False,3,,,,
c272dafa8832f62fd2e4,test,가구,T6 기계변형,q_가구_08,가구추천,생활·마트 중 '가구'를 판매·제공하는 매장,c73bf560-85fe-43e6-89a3-d32a890b50a4,가구챔피언,가구,양동복개상가,전통시장,광주광역시,3.0,3.0,,,RESOLVED_AGREEMENT,False,3,,,,
c6392175388ef30266f6,test,가구,T6 기계변형,q_가구_08,가구추천,생활·마트 중 '가구'를 판매·제공하는 매장,01083bff-525f-49d6-8dc9-7d3f1e1088cd,파로마 가구,가구,대전관저가구단지 골목형상점가,골목형상점가,대전광역시,3.0,3.0,,,RESOLVED_AGREEMENT,False,3,,,,
081e1b2dd182d9ceb07d,test,가구,T6 기계변형,q_가구_08,가구추천,생활·마트 중 '가구'를 판매·제공하는 매장,ca9f30b0-f8bf-483a-9db2-c9051e301605,가구편집샾,가구,청북가구단지상점가,골목형상점가,경기도,3.0,3.0,,,RESOLVED_AGREEMENT,False,3,,,,
5fbbbd22afc528fb49d6,test,가구,T6 기계변형,q_가구_08,가구추천,생활·마트 중 '가구'를 판매·제공하는 매장,00819c3e-a0dc-4005-8c3b-25b804133ef6,에이스퍼니처,가구,동광주 골목형상점가,골목형상점가,광주광역시,3.0,3.0,,,RESOLVED_AGREEMENT,False,3,,,,
05c7ec34cc36ca795a2d,test,가구,T6 기계변형,q_가구_08,가구추천,생활·마트 중 '가구'를 판매·제공하는 매장,80c4738a-934b-4b41-9de9-a82a5967a614,천외천,한식,상봉먹자골목형상점가,골목형상점가,서울특별시,0.0,0.0,,,RESOLVED_AGREEMENT,False,0,,,,
293b0f2740af73e107b6,test,가구,T6 기계변형,q_가구_08,가구추천,생활·마트 중 '가구'를 판매·제공하는 매장,0a0405e9-75a8-4da5-94de-52922afd653d,(주)드림,침대 가구,운정가구단지 상점가,자율상권구역,경기도,3.0,3.0,,,RESOLVED_AGREEMENT,False,3,,,,
2bac3bcb2471952906d7,test,가구,T6 기계변형,q_가구_08,가구추천,생활·마트 중 '가구'를 판매·제공하는 매장,42cc207c-676a-4662-9781-e266eb11c91e,에이스가구,도매 및 소매업 가구 중고가구 붙박이장 식탁 소파,은구비서로사회적협동조합 골목형상점가,골목형상점가,대전광역시,3.0,3.0,,,RESOLVED_AGREEMENT,False,3,,,,
bde510eeb9d238039640,test,가구,T6 기계변형,q_가구_08,가구추천,생활·마트 중 '가구'를 판매·제공하는 매장,0682734b-5e2e-4e79-9bcc-9fee6192ebcc,나무뜰,소매업(인테리어소품),신안프라자전통시장,전통시장,경기도,1.0,1.0,,,RESOLVED_AGREEMENT,False,1,,,,
60a4c61a60782e92d8ff,test,가구,T6 기계변형,q_가구_08,가구추천,생활·마트 중 '가구'를 판매·제공하는 매장,dc2076ae-3283-4dc5-a580-38f9396b1ad6,가구천사,가구,연제초 앞 골목형상점가,골목형상점가,광주광역시,3.0,3.0,,,RESOLVED_AGREEMENT,False,3,,,,
193048ec1eba9cd72faf,test,가구,T6 기계변형,q_가구_08,가구추천,생활·마트 중 '가구'를 판매·제공하는 매장,163e2740-40f4-47d3-908e-cd0003cc3aea,에덴가구,가구,청양전통시장(구 청양상설시장),전통시장,충청남도,3.0,3.0,,,RESOLVED_AGREEMENT,False,3,,,,
05fdfbd4a1687186c79b,test,가구,T6 기계변형,q_가구_08,가구추천,생활·마트 중 '가구'를 판매·제공하는 매장,5d59ff90-1a4c-4aae-9d6d-64b8a3911976,가구마을,가구,서울중앙시장,전통시장,서울특별시,3.0,3.0,,,RESOLVED_AGREEMENT,False,3,,,,
82e3ccfd7c7b1d84a3eb,test,가구,T6 기계변형,q_가구_08,가구추천,생활·마트 중 '가구'를 판매·제공하는 매장,2b391bc4-eab3-4835-a8fa-ae246878c0ce,가구스토리,가구,양주소풍가구단지상점가,자율상권구역,경기도,3.0,3.0,,,RESOLVED_AGREEMENT,False,3,,,,
196a42c31ef4bc34d64f,test,가구,T6 기계변형,q_가구_08,가구추천,생활·마트 중 '가구'를 판매·제공하는 매장,a6962674-d660-4f13-ae3b-ea731e12e81c,가구장이,가구,양동복개상가,전통시장,,3.0,3.0,,,RESOLVED_AGREEMENT,False,3,,,,
2141385df9071089ba60,test,가구,T6 기계변형,q_가구_08,가구추천,생활·마트 중 '가구'를 판매·제공하는 매장,554bb99c-3657-4a3e-a2ce-e2fab8baf190,가구소풍,가구,운정가구단지 상점가,자율상권구역,경기도,3.0,3.0,,,RESOLVED_AGREEMENT,False,3,,,,
687a69b660ceec1411c7,test,가구,T6 기계변형,q_가구_08,가구추천,생활·마트 중 '가구'를 판매·제공하는 매장,ac4548f8-4b4c-4877-8b36-c027ba92a7b1,가구앤라인,가구,성정가구거리상점가,자율상권구역,충청남도,3.0,3.0,,,RESOLVED_AGREEMENT,False,3,,,,
54d358256c697717917d,test,가구,T6 기계변형,q_가구_08,가구추천,생활·마트 중 '가구'를 판매·제공하는 매장,d055856b-9cc4-49c1-b652-3148f0fd3d5d,로얄가구,가구,학성가구거리 상점가,자율상권구역,울산광역시,3.0,3.0,,,RESOLVED_AGREEMENT,False,3,,,,
0f3a107f23e94e056797,test,가구,T6 기계변형,q_가구_08,가구추천,생활·마트 중 '가구'를 판매·제공하는 매장,0039f6c3-9cdd-48f5-ae33-279dbbcf879d,다이렉트소파몰 안산직영점,가구소매업,상록수가구거리상점가,골목형상점가,경기도,3.0,3.0,,,RESOLVED_AGREEMENT,False,3,,,,
ba077b7c7146e37cc1e2,test,가구,T6 기계변형,q_가구_08,가구추천,생활·마트 중 '가구'를 판매·제공하는 매장,002db554-24ed-4307-adce-47f82d00e39e,에몬스가구섬유관점,가구,섬유제품관,전통시장,대구광역시,3.0,3.0,,,RESOLVED_AGREEMENT,False,3,,,,
4fb2f2127b15e327b2fd,test,가구,T6 기계변형,q_가구_08,가구추천,생활·마트 중 '가구'를 판매·제공하는 매장,9691fd2a-430c-4b8d-86f8-bd1f69b53676,대박청과,과일,서천시장거리 골목형상점가,골목형상점가,충청남도,0.0,0.0,,,RESOLVED_AGREEMENT,False,0,,,,
a112fdfceefb42954637,test,가구,T6 기계변형,q_가구_08,가구추천,생활·마트 중 '가구'를 판매·제공하는 매장,060ca668-6ba8-4dbc-af43-1b0f2b64cda6,오브제 퍼니처,침대소파식탁,김포 가구단지 골목형상점가,골목형상점가,경기도,3.0,3.0,,,RESOLVED_AGREEMENT,False,3,,,,
3121bbe43951c26001ed,test,가구,T6 기계변형,q_가구_08,가구추천,생활·마트 중 '가구'를 판매·제공하는 매장,6478fbf9-60bd-4894-ba0d-141f0d99ce50,필굿,가구,부평종합시장,전통시장,인천광역시,3.0,3.0,,,RESOLVED_AGREEMENT,False,3,,,,
cc9c611924e4c5bd5228,test,가구,T6 기계변형,q_가구_08,가구추천,생활·마트 중 '가구'를 판매·제공하는 매장,59c795f1-6cf6-4c4f-b6c8-76e669ab2cbf,삼일리베가구(가구존),가구,천안삼거리 가구단지 상점가,자율상권구역,충청남도,3.0,3.0,,,RESOLVED_AGREEMENT,False,3,,,,
54795cf6b9db985a90d3,test,가구,T6 기계변형,q_가구_08,가구추천,생활·마트 중 '가구'를 판매·제공하는 매장,302fadba-37cf-46fc-9190-c43207e6f564,까치노래연습장,노래방,팔등로기부거리,골목형상점가,울산광역시,0.0,0.0,,,RESOLVED_AGREEMENT,False,0,,,,
f8502ee901ce3cec9041,test,가구,T6 기계변형,q_가구_08,가구추천,생활·마트 중 '가구'를 판매·제공하는 매장,157ea3ca-7295-4c69-afc4-bdb12aa60cc4,복왕중국마트 아시아마트 3호점,슈퍼마켓,오산오색시장(구 오산중앙시장),전통시장,경기도,0.0,0.0,,,RESOLVED_AGREEMENT,False,0,,,,
9778697ebcf06f2a2bb8,test,가구,T6 기계변형,q_가구_08,가구추천,생활·마트 중 '가구'를 판매·제공하는 매장,15a05572-6e52-44e3-95f8-7a682bc07c18,파로마 가구,가구,상록수가구거리상점가,자율상권구역,경기도,3.0,3.0,,,RESOLVED_AGREEMENT,False,3,,,,
47dd54bd81d5d6daaf79,test,가구,T6 기계변형,q_가구_08,가구추천,생활·마트 중 '가구'를 판매·제공하는 매장,99e303fe-8569-42c4-acec-eb2d7b4423bc,오씬홈,가구,포천리빙가구상점가,자율상권구역,경기도,3.0,3.0,,,RESOLVED_AGREEMENT,False,3,,,,
99f2b272d7151a582b7c,test,가구,T6 기계변형,q_가구_08,가구추천,생활·마트 중 '가구'를 판매·제공하는 매장,e7ae037d-7fe6-443d-b06b-d9dc6ec6949d,로얄가구,가구,아현가구거리 상점가,자율상권구역,서울특별시,3.0,3.0,,,RESOLVED_AGREEMENT,False,3,,,,
bc112bf3b95769f67a4e,test,가구,T6 기계변형,q_가구_08,가구추천,생활·마트 중 '가구'를 판매·제공하는 매장,de4f2504-cf0e-47ac-8e3b-86a71f4faa09,가구1번가,가구,무실가구거리골목형상점가,골목형상점가,강원특별자치도,3.0,3.0,,,RESOLVED_AGREEMENT,False,3,,,,
3385ba673f095846cb4e,test,가구,T6 기계변형,q_가구_08,가구추천,생활·마트 중 '가구'를 판매·제공하는 매장,585fe56f-ee38-4841-a06e-be13eda3a657,가구공간,가구,대전관저가구단지 골목형상점가,골목형상점가,대전광역시,3.0,3.0,,,RESOLVED_AGREEMENT,False,3,,,,
dd41bff88ccfcdec6317,test,가구,T6 기계변형,q_가구_08,가구추천,생활·마트 중 '가구'를 판매·제공하는 매장,3f1eb20f-d21d-4ca9-9bdf-61f8d5deddd9,가구백화점,가구,학성가구거리 상점가,자율상권구역,울산광역시,3.0,3.0,,,RESOLVED_AGREEMENT,False,3,,,,
aacce410bdb10ca9c92b,test,가구,T6 기계변형,q_가구_08,가구추천,생활·마트 중 '가구'를 판매·제공하는 매장,9b26eb62-79a2-4745-9f79-a7b6d7142deb,우아미 가구,가구,빛고을 골목형상점가,골목형상점가,광주광역시,3.0,3.0,,,RESOLVED_AGREEMENT,False,3,,,,
370045024bab06fb7d35,test,가구,T6 기계변형,q_가구_08,가구추천,생활·마트 중 '가구'를 판매·제공하는 매장,6faf2a57-4829-48a0-a95a-4c93f1959ba2,까누가구,가구,무실가구거리골목형상점가,골목형상점가,강원특별자치도,3.0,3.0,,,RESOLVED_AGREEMENT,False,3,,,,
b321e0ce63495dcdc31f,test,가구,T6 기계변형,q_가구_08,가구추천,생활·마트 중 '가구'를 판매·제공하는 매장,0394caa3-10fc-4b86-b7e2-c7b1ac09d649,새마을종합인테리어,"인테리어(벽지,장판등)",성남남한산성시장(구 은행골목시장),전통시장,경기도,1.0,1.0,,,RESOLVED_AGREEMENT,False,1,,,,
bf28a9121b20d192076f,test,가구,T6 기계변형,q_가구_08,가구추천,생활·마트 중 '가구'를 판매·제공하는 매장,0489ee6e-4ab8-4ff6-9f33-94e36078b3ec,힐커,가구,하남대로가구의거리상인회 골목형상점가,골목형상점가,광주광역시,3.0,3.0,,,RESOLVED_AGREEMENT,False,3,,,,
fd91fe298be9dc511d22,test,가구,T6 기계변형,q_가구_08,가구추천,생활·마트 중 '가구'를 판매·제공하는 매장,e1260a0a-0d21-4296-b82b-3e8e249ebadc,제일수산,수산물,영천공설시장,전통시장,경상북도,0.0,0.0,,,RESOLVED_AGREEMENT,False,0,,,,
32e7edf4163c2722ab78,test,가구,T6 기계변형,q_가구_08,가구추천,생활·마트 중 '가구'를 판매·제공하는 매장,b5423e05-adfe-4a18-8b18-98dbe02b81ef,더홈가구,가구,대구종합유통단지전자관사업협동조합,전통시장,대구광역시,3.0,3.0,,,RESOLVED_AGREEMENT,False,3,,,,
890c139eda1ed01dce22,test,가구,T6 기계변형,q_가구_08,가구추천,생활·마트 중 '가구'를 판매·제공하는 매장,463537e0-e4d3-4cf5-8fb1-a70106325a23,유풍활어,활어회,대포항골목형상점가A,골목형상점가,강원특별자치도,0.0,0.0,,,RESOLVED_AGREEMENT,False,0,,,,
085ffaf880b109ec5c6f,test,가구,T6 기계변형,q_가구_08,가구추천,생활·마트 중 '가구'를 판매·제공하는 매장,f5ddf4d5-0d2a-4e9a-9c45-3db1594ab6d4,럭쎄스,가구,대구종합유통단지전자관사업협동조합,전통시장,대구광역시,3.0,3.0,,,RESOLVED_AGREEMENT,False,3,,,,
8ccd50d6d48927c1783d,test,가구,T6 기계변형,q_가구_08,가구추천,생활·마트 중 '가구'를 판매·제공하는 매장,2a8ad1a2-ddfe-4a5f-bdbd-84b691cf1650,까소엔,가구,청북가구단지상점가,골목형상점가,경기도,3.0,3.0,,,RESOLVED_AGREEMENT,False,3,,,,
ec4637365164f27d4803,test,가구,T6 기계변형,q_가구_08,가구추천,생활·마트 중 '가구'를 판매·제공하는 매장,491ee49c-0080-40e7-a982-7220cef2b433,잔고개소머리곰탕,,백년소상공인,,경기도,0.0,0.0,,,RESOLVED_AGREEMENT,False,0,,,,
a3fd74440552b6316bec,test,가구,T6 기계변형,q_가구_08,가구추천,생활·마트 중 '가구'를 판매·제공하는 매장,003f093e-cafd-472d-a875-6931880b1a71,올리브데코,가구,제2경주중심상가시장(경주봉황중심상가시장),전통시장,경상북도,3.0,3.0,,,RESOLVED_AGREEMENT,False,3,,,,
44410695f12780418066,test,가구,T6 기계변형,q_가구_08,가구추천,생활·마트 중 '가구'를 판매·제공하는 매장,e10f5c3d-0bff-4279-b885-3ba8fd28970c,가구프라자,가구,자마장시장골목형상점가,골목형상점가,서울특별시,3.0,3.0,,,RESOLVED_AGREEMENT,False,3,,,,
2196ac6cc45ca38cfd8f,test,가구,T6 기계변형,q_가구_08,가구추천,생활·마트 중 '가구'를 판매·제공하는 매장,75cf53e3-5877-4d6d-a034-5ba8bc6cab87,코지안 가구,가구,오류동 특화거리 상점가,자율상권구역,대전광역시,3.0,3.0,,,RESOLVED_AGREEMENT,False,3,,,,
5020a39c205e210e48eb,test,가구,T6 기계변형,q_가구_08,가구추천,생활·마트 중 '가구'를 판매·제공하는 매장,48cc700f-acfd-4514-8948-7f9db8f88719,비타민원목가구,소파.침대.식탁,청북가구단지상점가,자율상권구역,경기도,3.0,3.0,,,RESOLVED_AGREEMENT,False,3,,,,
d4f2c05d5a994a2663ea,test,가구,T6 기계변형,q_가구_08,가구추천,생활·마트 중 '가구'를 판매·제공하는 매장,19787508-4f87-474c-8036-12ac0043a334,까소엔가구,가구,삼산가구전문거리,골목형상점가,울산광역시,3.0,3.0,,,RESOLVED_AGREEMENT,False,3,,,,
4765b2980764d69e9d20,test,가구,T6 기계변형,q_가구_08,가구추천,생활·마트 중 '가구'를 판매·제공하는 매장,6878d6bd-23f7-4cb3-ad87-56a39983acff,나는 가구다,가구,양동복개상가,전통시장,,3.0,3.0,,,RESOLVED_AGREEMENT,False,3,,,,
777fe5583c287922e064,test,가구,T6 기계변형,q_가구_08,가구추천,생활·마트 중 '가구'를 판매·제공하는 매장,a1752435-fbf3-46f1-bd82-66ffa5d9559f,미 가구갤러리,가구,서순천가구백화점골목형상점가,골목형상점가,전라남도,3.0,3.0,,,RESOLVED_AGREEMENT,False,3,,,,
297ee16597367ada78a2,test,가구,T6 기계변형,q_가구_08,가구추천,생활·마트 중 '가구'를 판매·제공하는 매장,ea5206b1-98dc-4873-be5c-6d78e61bee3a,가구갤러리,가구,천안삼거리 가구단지 상점가,자율상권구역,충청남도,3.0,3.0,,,RESOLVED_AGREEMENT,False,3,,,,
d508b64c20d9f6f0b5f2,test,가구,T6 기계변형,q_가구_08,가구추천,생활·마트 중 '가구'를 판매·제공하는 매장,3f178591-21b4-48c1-9e52-356604435453,가구이야기,가구,청북가구단지상점가,골목형상점가,경기도,3.0,3.0,,,RESOLVED_AGREEMENT,False,3,,,,
b5e30766acbf0cc699c9,test,가구,T6 기계변형,q_가구_08,가구추천,생활·마트 중 '가구'를 판매·제공하는 매장,02f4782a-e87b-4c4c-a517-6eec40381342,장수돌침대,가구침대,포천리빙가구상점가,자율상권구역,경기도,3.0,3.0,,,RESOLVED_AGREEMENT,False,3,,,,
e2bb5f19cede19389be8,test,가구,T6 기계변형,q_가구_08,가구추천,생활·마트 중 '가구'를 판매·제공하는 매장,1c542cb9-354a-480e-a734-8fb0431ad42d,가구백화점,가구,상록수가구거리상점가,골목형상점가,경기도,3.0,3.0,,,RESOLVED_AGREEMENT,False,3,,,,
237cb186bc2954ec5f48,test,가구,T6 기계변형,q_가구_08,가구추천,생활·마트 중 '가구'를 판매·제공하는 매장,702a95c6-9c0c-4760-9e6b-f183e95c2003,가구가싸,가구,산본로데오거리(구 산본중심상가),자율상권구역,경기도,3.0,3.0,,,RESOLVED_AGREEMENT,False,3,,,,
3765ca9744dc51f02781,test,가구,T6 기계변형,q_가구_08,가구추천,생활·마트 중 '가구'를 판매·제공하는 매장,40af7b91-7f04-4b4d-8809-08e1c5813c51,가현가구,장농침대소파식탁,하남대로가구의거리상인회 골목형상점가,골목형상점가,광주광역시,3.0,3.0,,,RESOLVED_AGREEMENT,False,3,,,,
9a31eb26379a2c9eae77,test,가구,T6 기계변형,q_가구_08,가구추천,생활·마트 중 '가구'를 판매·제공하는 매장,00029834-c340-4d89-b5a7-cee930fc3c31,콩심24시전주종가콩나물국밥,가구,불당1번가골목형상점가,골목형상점가,충청남도,3.0,3.0,,,RESOLVED_AGREEMENT,False,3,,,,
c1f243f3cdbe376ed5ab,test,가구,T6 기계변형,q_가구_08,가구추천,생활·마트 중 '가구'를 판매·제공하는 매장,ed2f2a1f-7e22-421a-ad76-f65858f80c2e,가구마을,가구,양동복개상가,전통시장,,3.0,3.0,,,RESOLVED_AGREEMENT,False,3,,,,
843b4dcd0cda8c90b3bd,test,가구,T6 기계변형,q_가구_08,가구추천,생활·마트 중 '가구'를 판매·제공하는 매장,42af98f2-112f-4c1c-82ff-ad5d393bb5bb,가구하우스,,사동로 골목형상점가,골목형상점가,,3.0,3.0,,,RESOLVED_AGREEMENT,False,3,,,,
18ee9ef85ea2f10bdeff,test,가구,T6 기계변형,q_가구_08,가구추천,생활·마트 중 '가구'를 판매·제공하는 매장,fac47bcc-d184-4b3c-9853-3bd986287a32,유희장,가구,과천새서울프라자시장,전통시장,경기도,3.0,3.0,,,RESOLVED_AGREEMENT,False,3,,,,
394a2a2d2ddbce1eff4a,test,가구,T6 기계변형,q_가구_08,가구추천,생활·마트 중 '가구'를 판매·제공하는 매장,15cc89e8-70c0-496f-9c09-c4855ffb33e7,e베스트청과,청과,양산동 골목형상점가,골목형상점가,광주광역시,0.0,0.0,,,RESOLVED_AGREEMENT,False,0,,,,
30efb746a470c1eee2fb,test,가구,T6 기계변형,q_가구_08,가구추천,생활·마트 중 '가구'를 판매·제공하는 매장,20500ee0-eb04-4edf-b058-c56ed4633ae7,가구갤러리,가구,안동광석거리 골목형상점가,골목형상점가,경상북도,3.0,3.0,,,RESOLVED_AGREEMENT,False,3,,,,
8c36172dbdcdc5ca4a51,test,가구,T6 기계변형,q_가구_08,가구추천,생활·마트 중 '가구'를 판매·제공하는 매장,40e52936-01ad-4b1d-87f0-d117964c27de,가구대통령,가구,서순천가구백화점골목형상점가,골목형상점가,전라남도,3.0,3.0,,,RESOLVED_AGREEMENT,False,3,,,,
ff002187731291a77833,test,가구,T6 기계변형,q_가구_08,가구추천,생활·마트 중 '가구'를 판매·제공하는 매장,830e2a10-a351-4ab6-b86a-84590bf3a2f0,다~산가구,가구,경산중앙로상점가,자율상권구역,경상북도,3.0,3.0,,,RESOLVED_AGREEMENT,False,3,,,,
484fbf1d1fab002b439c,test,가구,T6 기계변형,q_가구_08,가구추천,생활·마트 중 '가구'를 판매·제공하는 매장,3fd37f6d-7582-48b1-b37b-6720f382cafc,정상균가구,가구,진주 논개시장,전통시장,경상남도,3.0,3.0,,,RESOLVED_AGREEMENT,False,3,,,,
78d85f6c8ecb670558be,test,가구,T6 기계변형,q_가구_08,가구추천,생활·마트 중 '가구'를 판매·제공하는 매장,0b1020aa-4576-4fc3-9ee6-a6fe2a321e73,소낭구 평택점,식탁소파침대옷장 등 가구일체,청북가구단지상점가,골목형상점가,경기도,3.0,3.0,,,RESOLVED_AGREEMENT,False,3,,,,
96963ed7810a3b6429d2,test,가구,T6 기계변형,q_가구_08,가구추천,생활·마트 중 '가구'를 판매·제공하는 매장,1e4bccf2-bb3a-4679-8f8a-e8197ccd49e7,백년지기황토쌀,쌀,서변중앙시장,전통시장,대구광역시,0.0,0.0,,,RESOLVED_AGREEMENT,False,0,,,,
67d26923cc4d8db4fa1a,test,가구,T6 기계변형,q_가구_08,가구추천,생활·마트 중 '가구'를 판매·제공하는 매장,d00e4d06-c5c7-478e-97bc-aac9319c7ac3,생산자 가구공단,가구,선부광장로상점가,자율상권구역,경기도,3.0,3.0,,,RESOLVED_AGREEMENT,False,3,,,,
99f1779e1f714e9e26f6,test,가구,T6 기계변형,q_가구_08,가구추천,생활·마트 중 '가구'를 판매·제공하는 매장,196bd38b-f05e-4144-8c2d-4752a351bc9d,가구 아울렛,가구,성정가구거리상점가,자율상권구역,충청남도,3.0,3.0,,,RESOLVED_AGREEMENT,False,3,,,,
8ca88ab61a35b5ab5b30,test,가구,T6 기계변형,q_가구_08,가구추천,생활·마트 중 '가구'를 판매·제공하는 매장,4fd0b6bc-1110-442c-ae7a-8c2b9ec37734,가구이즈,가구,㈜르네시떼,전통시장,부산광역시,3.0,3.0,,,RESOLVED_AGREEMENT,False,3,,,,
498bfebddb143117ebf2,test,가구,T6 기계변형,q_가구_08,가구추천,생활·마트 중 '가구'를 판매·제공하는 매장,063e0bdb-f37d-403a-8d87-439096dd4a51,공감인테리어,실내 인테리어벽지장판목공타일류 등 및 컨설팅,운남7단지먹자거리 골목형상점가,골목형상점가,광주광역시,1.0,1.0,,,RESOLVED_AGREEMENT,False,1,,,,
180d2f877642b9d7b862,test,가구,T6 기계변형,q_가구_08,가구추천,생활·마트 중 '가구'를 판매·제공하는 매장,0021ea65-4c59-4aa0-8d1c-95fe7b6686d0,공간인테리어,경미한공사(인테리어),여의동 골목형상점가,골목형상점가,전북특별자치도,1.0,1.0,,,RESOLVED_AGREEMENT,False,1,,,,
1ced00aed99eeb761f6d,test,가구,T6 기계변형,q_가구_08,가구추천,생활·마트 중 '가구'를 판매·제공하는 매장,00157e3c-6f50-4200-b30b-056a209c814a,장인가구창원제일점,가구,창원 팔용가구거리,자율상권구역,경상남도,3.0,3.0,,,RESOLVED_AGREEMENT,False,3,,,,
f584f90df0d29a4f2921,test,가구,T6 기계변형,q_가구_08,가구추천,생활·마트 중 '가구'를 판매·제공하는 매장,89dc1e0e-6eb1-42c1-b9a7-4a76c12f9fb5,이레가구,가구,시흥행궁길골목형상점가,골목형상점가,서울특별시,3.0,3.0,,,RESOLVED_AGREEMENT,False,3,,,,
e26d685ccbd3b4988434,test,가구,T6 기계변형,q_가구_08,가구추천,생활·마트 중 '가구'를 판매·제공하는 매장,cc7363d5-a3e5-4e05-bb17-99395a2f3d5a,까르떼 가구,가구,운정가구단지 상점가,자율상권구역,경기도,3.0,3.0,,,RESOLVED_AGREEMENT,False,3,,,,
931134f2a0f509c6aa94,test,가구,T6 기계변형,q_가구_08,가구추천,생활·마트 중 '가구'를 판매·제공하는 매장,747cddf9-b78f-4d08-acb9-1c8d70578cfb,가구숲,가구,신창동가구의거리일번국도상점가,자율상권구역,광주광역시,3.0,3.0,,,RESOLVED_AGREEMENT,False,3,,,,
0be2a503c5adb2b62019,test,가구,T6 기계변형,q_가구_08,가구추천,생활·마트 중 '가구'를 판매·제공하는 매장,f4b406c7-8ffa-4ae5-9719-52be5407c901,조디악,가구,대구종합유통단지전자관사업협동조합,전통시장,대구광역시,3.0,3.0,,,RESOLVED_AGREEMENT,False,3,,,,
ccb0485a125380f7e38f,test,가구,T6 기계변형,q_가구_09,가두,생활·마트 중 '가구'를 판매·제공하는 매장,115c11cd-d133-4c97-bc3b-d2157395f565,할매육칼두,한식,지족동 골목형상점가,골목형상점가,대전광역시,0.0,0.0,,,RESOLVED_AGREEMENT,False,0,,,,
de55e24c0fb23baacf12,test,가구,T6 기계변형,q_가구_09,가두,생활·마트 중 '가구'를 판매·제공하는 매장,09f44b47-c0f9-4734-bbf7-74d94d56fc11,가문의왕만두,만두 찐빵,소촌골 골목형상점가,골목형상점가,광주광역시,0.0,0.0,,,RESOLVED_AGREEMENT,False,0,,,,
be0394cd1b3061669a5f,test,가구,T6 기계변형,q_가구_09,가두,생활·마트 중 '가구'를 판매·제공하는 매장,e9d4f18a-06b9-4673-8287-8e8017275a76,시장만두,한식,관고전통시장,전통시장,경기도,0.0,0.0,,,RESOLVED_AGREEMENT,False,0,,,,
5d09e3db2fdb1c231678,test,가구,T6 기계변형,q_가구_09,가두,생활·마트 중 '가구'를 판매·제공하는 매장,34c4b6fa-59f7-4bc3-9679-7b7b5134aa6a,도도,"액세서리, 구두, 가방",서문시장4지구종합대체상가(베네시움),전통시장,대구광역시,0.0,0.0,,,RESOLVED_AGREEMENT,False,0,,,,
36ef46272f5e203134c5,test,가구,T6 기계변형,q_가구_09,가두,생활·마트 중 '가구'를 판매·제공하는 매장,8d270d18-3a8a-418a-8ea6-eeef4deb63f3,무두,음식,보이저진월 골목형상점가,골목형상점가,광주광역시,0.0,0.0,,,RESOLVED_AGREEMENT,False,0,,,,
ff15152b4802c9502839,test,가구,T6 기계변형,q_가구_09,가두,생활·마트 중 '가구'를 판매·제공하는 매장,be674521-7e1b-4b30-8ef8-2ca902b64fbc,본만두,만두,예석 골목형상점가,골목형상점가,충청남도,0.0,0.0,,,RESOLVED_AGREEMENT,False,0,,,,
658900c44380db769b69,test,가구,T6 기계변형,q_가구_09,가두,생활·마트 중 '가구'를 판매·제공하는 매장,9e0359dd-9273-45e4-81f8-1a13e80d9006,모모만두,만두,화서시장,전통시장,경기도,0.0,0.0,,,RESOLVED_AGREEMENT,False,0,,,,
fdb03a974c094e49f849,test,가구,T6 기계변형,q_가구_09,가두,생활·마트 중 '가구'를 판매·제공하는 매장,da81c072-445f-4368-a9f9-c08f69f68dde,"우물머리 동태탕, 찜",한식,양수리전통시장(양평양수리시장),전통시장,경기도,0.0,0.0,,,RESOLVED_AGREEMENT,False,0,,,,
16cb5d1da2c5140473fc,test,가구,T6 기계변형,q_가구_09,가두,생활·마트 중 '가구'를 판매·제공하는 매장,0682734b-5e2e-4e79-9bcc-9fee6192ebcc,나무뜰,소매업(인테리어소품),신안프라자전통시장,전통시장,경기도,1.0,1.0,,,RESOLVED_AGREEMENT,False,1,,,,
a72cbfe5028b9688d2b9,test,가구,T6 기계변형,q_가구_09,가두,생활·마트 중 '가구'를 판매·제공하는 매장,3c3dc3b8-2838-4c77-aeda-6bd7b5882dc3,하까오손만두,만두,부사동 인삼거리 골목형상점가,골목형상점가,대전광역시,0.0,0.0,,,RESOLVED_AGREEMENT,False,0,,,,
c876a27aed79a96463f6,test,가구,T6 기계변형,q_가구_09,가두,생활·마트 중 '가구'를 판매·제공하는 매장,c72865af-0ec7-488f-9e4e-68cdb0da8f1d,대궐곰만두,,홀릭스,골목형상점가,,0.0,0.0,,,RESOLVED_AGREEMENT,False,0,,,,
b237485bd9d374e77f2e,test,가구,T6 기계변형,q_가구_09,가두,생활·마트 중 '가구'를 판매·제공하는 매장,9c45ac41-323f-44cd-8901-7b4f9793b583,이석만두,만두,가수원상점가,자율상권구역,대전광역시,0.0,0.0,,,RESOLVED_AGREEMENT,False,0,,,,
21ebda601ffafb8fcd8a,test,가구,T6 기계변형,q_가구_09,가두,생활·마트 중 '가구'를 판매·제공하는 매장,c58125da-9aa1-4601-bfc7-080af4c35170,인동녹차연잎왕만두(가장점),"만두, 찐빵",괴정가장로 골목형상점가,골목형상점가,대전광역시,0.0,0.0,,,RESOLVED_AGREEMENT,False,0,,,,
c02532950d460f79ff56,test,가구,T6 기계변형,q_가구_09,가두,생활·마트 중 '가구'를 판매·제공하는 매장,5db2393c-54a9-4e60-99dc-a3f9fe8303a7,한끼만두,만두,신도봉시장,전통시장,서울특별시,0.0,0.0,,,RESOLVED_AGREEMENT,False,0,,,,
e9badd690d29da5ba92f,test,가구,T6 기계변형,q_가구_09,가두,생활·마트 중 '가구'를 판매·제공하는 매장,00157e3c-6f50-4200-b30b-056a209c814a,장인가구창원제일점,가구,창원 팔용가구거리,자율상권구역,경상남도,3.0,3.0,,,RESOLVED_AGREEMENT,False,3,,,,
e892e400231f34113543,test,가구,T6 기계변형,q_가구_09,가두,생활·마트 중 '가구'를 판매·제공하는 매장,72fc580b-eb7b-48c8-ab69-dc176be9da8d,소풍,가방 구두,동산상가,전통시장,대구광역시,0.0,0.0,,,RESOLVED_AGREEMENT,False,0,,,,
e08eadd9e4186f245e2f,test,가구,T6 기계변형,q_가구_09,가두,생활·마트 중 '가구'를 판매·제공하는 매장,472ef84c-d521-4fd7-9e50-2c489d103e44,대박손만두,만두,청주육거리종합시장,전통시장,충청북도,0.0,0.0,,,RESOLVED_AGREEMENT,False,0,,,,
2d94778f432bbe5cce91,test,가구,T6 기계변형,q_가구_09,가두,생활·마트 중 '가구'를 판매·제공하는 매장,1a3f8172-6cfa-48c1-934b-3724bd4cd50a,완두,의류,서문시장2지구 종합상가,전통시장,대구광역시,0.0,0.0,,,RESOLVED_AGREEMENT,False,0,,,,
373b7b04cc35e1e158c2,test,가구,T6 기계변형,q_가구_09,가두,생활·마트 중 '가구'를 판매·제공하는 매장,35b9e8da-b8a6-4851-baf6-2de676c05300,덕보만두,만두,신산격종합시장 골목형상점가,골목형상점가,대구광역시,0.0,0.0,,,RESOLVED_AGREEMENT,False,0,,,,
c5c0852307f2cbb49128,test,가구,T6 기계변형,q_가구_09,가두,생활·마트 중 '가구'를 판매·제공하는 매장,38ef34df-27d3-4a0f-aeff-b67648c78d40,홍스타일,"구두, 가방, 가구, 소품",원주중앙로문화의거리,자율상권구역,강원특별자치도,3.0,3.0,,,RESOLVED_AGREEMENT,False,3,,,,
a56b92016c5f71fac19c,test,가구,T6 기계변형,q_가구_09,가두,생활·마트 중 '가구'를 판매·제공하는 매장,fb346ca3-ee78-470b-a228-747fd375e9c3,대원축산,정육,오산오색시장(구 오산중앙시장),전통시장,경기도,0.0,0.0,,,RESOLVED_AGREEMENT,False,0,,,,
adeabfeaa2afeb6088ea,test,가구,T6 기계변형,q_가구_09,가두,생활·마트 중 '가구'를 판매·제공하는 매장,42cc207c-676a-4662-9781-e266eb11c91e,에이스가구,도매 및 소매업 가구 중고가구 붙박이장 식탁 소파,은구비서로사회적협동조합 골목형상점가,골목형상점가,대전광역시,3.0,3.0,,,RESOLVED_AGREEMENT,False,3,,,,
f1c0736d643adde14a7d,test,가구,T6 기계변형,q_가구_09,가두,생활·마트 중 '가구'를 판매·제공하는 매장,d483c4a5-fe54-4b04-b3bf-9e6ad2ffdd04,핸두,만두,효천로 골목형상점가,골목형상점가,광주광역시,0.0,0.0,,,RESOLVED_AGREEMENT,False,0,,,,
f6f7e65b1e5c076e4640,test,가구,T6 기계변형,q_가구_09,가두,생활·마트 중 '가구'를 판매·제공하는 매장,abcc7cbc-f5bd-4367-bc39-17dbc3212bda,진심만두,만두,대전정원시장,전통시장,대전광역시,0.0,0.0,,,RESOLVED_AGREEMENT,False,0,,,,
57bf44d294a272ec4c14,test,가구,T6 기계변형,q_가구_09,가두,생활·마트 중 '가구'를 판매·제공하는 매장,85f0b5f8-6619-4ef0-8058-b28295bfb8b4,컴포즈커피중랑동부시장점,커피,중랑동부시장,전통시장,서울특별시,0.0,0.0,,,RESOLVED_AGREEMENT,False,0,,,,
a29265718fc5fa4f201b,test,가구,T6 기계변형,q_가구_09,가두,생활·마트 중 '가구'를 판매·제공하는 매장,dcc1f420-b669-4261-828c-35465a5be1b0,서가두부이촌점,두부,이촌종합시장,전통시장,서울특별시,0.0,0.0,,,RESOLVED_AGREEMENT,False,0,,,,
47a84716332b10e3ff1e,test,가구,T6 기계변형,q_가구_09,가두,생활·마트 중 '가구'를 판매·제공하는 매장,02f4782a-e87b-4c4c-a517-6eec40381342,장수돌침대,가구침대,포천리빙가구상점가,자율상권구역,경기도,3.0,3.0,,,RESOLVED_AGREEMENT,False,3,,,,
8e63c7b627d0fe51c60b,test,가구,T6 기계변형,q_가구_09,가두,생활·마트 중 '가구'를 판매·제공하는 매장,063e0bdb-f37d-403a-8d87-439096dd4a51,공감인테리어,실내 인테리어벽지장판목공타일류 등 및 컨설팅,운남7단지먹자거리 골목형상점가,골목형상점가,광주광역시,1.0,1.0,,,RESOLVED_AGREEMENT,False,1,,,,
69f1c43b9e65eda5736c,test,가구,T6 기계변형,q_가구_09,가두,생활·마트 중 '가구'를 판매·제공하는 매장,415808ce-735f-47c0-a5e1-739be2ae8aed,옵서예만두,만두,연산골목시장상점가,자율상권구역,부산광역시,0.0,0.0,,,RESOLVED_AGREEMENT,False,0,,,,
9b0e1c1b4bd5d19f00dc,test,가구,T6 기계변형,q_가구_09,가두,생활·마트 중 '가구'를 판매·제공하는 매장,0d32b58f-0a8d-4159-b3cf-c4e1a3ec49dc,단청(장수돌침대의왕점),,안양1번가 상점가,자율상권구역,경기도,3.0,3.0,,,RESOLVED_AGREEMENT,False,3,,,,
ddcac63e297d493c8b32,test,가구,T6 기계변형,q_가구_09,가두,생활·마트 중 '가구'를 판매·제공하는 매장,5f8db825-1b03-4f22-9c64-f86f9269fe0c,명가두부이야기,한식,그라운드고척골목형상점가,골목형상점가,서울특별시,0.0,0.0,,,RESOLVED_AGREEMENT,False,0,,,,
092505c16f5e4693553f,test,가구,T6 기계변형,q_가구_09,가두,생활·마트 중 '가구'를 판매·제공하는 매장,0a0405e9-75a8-4da5-94de-52922afd653d,(주)드림,침대 가구,운정가구단지 상점가,자율상권구역,경기도,3.0,3.0,,,RESOLVED_AGREEMENT,False,3,,,,
2cef2a9165c69735081a,test,가구,T6 기계변형,q_가구_09,가두,생활·마트 중 '가구'를 판매·제공하는 매장,be81d247-2f6e-4668-9231-3123bfc315a7,임계만두,만두,동쪽바다중앙시장(구 동해중앙시장),전통시장,강원특별자치도,0.0,0.0,,,RESOLVED_AGREEMENT,False,0,,,,
0e0bd8a05d2ca7e54a3c,test,가구,T6 기계변형,q_가구_09,가두,생활·마트 중 '가구'를 판매·제공하는 매장,2188c339-d878-45ae-9fbd-2de55fb8f2e8,에펠제화,"구두, 가방, 잡화",월드프라자,전통시장,경기도,0.0,0.0,,,RESOLVED_AGREEMENT,False,0,,,,
eb24609c97d07e059cc5,test,가구,T6 기계변형,q_가구_09,가두,생활·마트 중 '가구'를 판매·제공하는 매장,2613f2dc-65bb-4746-b383-dfba0ce85bae,옥연만두,만두,청주사창시장,전통시장,충청북도,0.0,0.0,,,RESOLVED_AGREEMENT,False,0,,,,
69f2f7e1cdb72d325eb4,test,가구,T6 기계변형,q_가구_09,가두,생활·마트 중 '가구'를 판매·제공하는 매장,118747b0-7579-471a-8227-3c349a45b39d,파스텔,가방구두,동두천중앙시장,전통시장,경기도,0.0,0.0,,,RESOLVED_AGREEMENT,False,0,,,,
06e2842e951446c283f1,test,가구,T6 기계변형,q_가구_09,가두,생활·마트 중 '가구'를 판매·제공하는 매장,9f32988e-c732-4b7b-a9b0-9c03a8ead883,화정만두,만두,화삼골상인회 골목형상점가,골목형상점가,광주광역시,0.0,0.0,,,RESOLVED_AGREEMENT,False,0,,,,
887b57bce9b6c8301c9d,test,가구,T6 기계변형,q_가구_09,가두,생활·마트 중 '가구'를 판매·제공하는 매장,10ff1572-60f1-4a87-a572-15daa09c0597,푸룻플라워스튜디오,,충경로 골목형상점가,골목형상점가,전북특별자치도,0.0,0.0,,,RESOLVED_AGREEMENT,False,0,,,,
1a4c96c4b6449fb5514f,test,가구,T6 기계변형,q_가구_09,가두,생활·마트 중 '가구'를 판매·제공하는 매장,a7b36306-b9cd-4a7b-b0b3-044e82b90810,부흥만두,만두,천안중앙시장,전통시장,충청남도,0.0,0.0,,,RESOLVED_AGREEMENT,False,0,,,,
92713692d7184b2d1f0b,test,가구,T6 기계변형,q_가구_09,가두,생활·마트 중 '가구'를 판매·제공하는 매장,dc92b2eb-5979-4c3b-8d97-a2778cd127d4,삼촌만두,만두,영월종합상가,전통시장,강원특별자치도,0.0,0.0,,,RESOLVED_AGREEMENT,False,0,,,,
6df0abc1432837610295,test,가구,T6 기계변형,q_가구_09,가두,생활·마트 중 '가구'를 판매·제공하는 매장,3b91ec2a-2606-41d3-9120-a40662269044,호호만두,만두,신창수문 골목형상점가,골목형상점가,광주광역시,0.0,0.0,,,RESOLVED_AGREEMENT,False,0,,,,
6647ba5cf2cf7f27f6f2,test,가구,T6 기계변형,q_가구_09,가두,생활·마트 중 '가구'를 판매·제공하는 매장,3fb2112b-a0a2-4a36-ab38-f13b7f171932,하트,"가방, 구두",부산평화시장,전통시장,부산광역시,0.0,0.0,,,RESOLVED_AGREEMENT,False,0,,,,
846824fcdc2195b46565,test,가구,T6 기계변형,q_가구_09,가두,생활·마트 중 '가구'를 판매·제공하는 매장,41f7e55d-ee69-431a-b571-6156eed34b3e,감자만두,만두,두호1시장,전통시장,경상북도,0.0,0.0,,,RESOLVED_AGREEMENT,False,0,,,,
5093e16db7f23bfa7920,test,가구,T6 기계변형,q_가구_09,가두,생활·마트 중 '가구'를 판매·제공하는 매장,003f093e-cafd-472d-a875-6931880b1a71,올리브데코,가구,제2경주중심상가시장(경주봉황중심상가시장),전통시장,경상북도,3.0,3.0,,,RESOLVED_AGREEMENT,False,3,,,,
36a3616d7c19dc1b86e9,test,가구,T6 기계변형,q_가구_09,가두,생활·마트 중 '가구'를 판매·제공하는 매장,9954bf0c-4bb6-43e4-97a7-10ca7dcd8524,통큰만두,만두,퐁당거리 골목형상점가,골목형상점가,전라남도,0.0,0.0,,,RESOLVED_AGREEMENT,False,0,,,,
1eaed0b75e936ea2d141,test,가구,T6 기계변형,q_가구_09,가두,생활·마트 중 '가구'를 판매·제공하는 매장,6147b1d1-9240-417c-9c32-58446a0a1696,영만두,만두,복대시장,전통시장,충청북도,0.0,0.0,,,RESOLVED_AGREEMENT,False,0,,,,
b727f2d736a1ffff2221,test,가구,T6 기계변형,q_가구_09,가두,생활·마트 중 '가구'를 판매·제공하는 매장,00e34fb5-e7d3-43aa-b574-400ee31abae5,은혜만두,만두,북동 골목형상점가,골목형상점가,광주광역시,0.0,0.0,,,RESOLVED_AGREEMENT,False,0,,,,
8290867848b47db1708a,test,가구,T6 기계변형,q_가구_09,가두,생활·마트 중 '가구'를 판매·제공하는 매장,26ba9f4f-748d-47ea-97e2-74ac483ff388,미니만두,만두,흥해시장,전통시장,경상북도,0.0,0.0,,,RESOLVED_AGREEMENT,False,0,,,,
05d6a1fb429a39b23803,test,가구,T6 기계변형,q_가구_09,가두,생활·마트 중 '가구'를 판매·제공하는 매장,00819c3e-a0dc-4005-8c3b-25b804133ef6,에이스퍼니처,가구,동광주 골목형상점가,골목형상점가,광주광역시,3.0,3.0,,,RESOLVED_AGREEMENT,False,3,,,,
15fde3aeabc0be5c0762,test,가구,T6 기계변형,q_가구_09,가두,생활·마트 중 '가구'를 판매·제공하는 매장,0b1020aa-4576-4fc3-9ee6-a6fe2a321e73,소낭구 평택점,식탁소파침대옷장 등 가구일체,청북가구단지상점가,골목형상점가,경기도,3.0,3.0,,,RESOLVED_AGREEMENT,False,3,,,,
34a16c15af743de258dc,test,가구,T6 기계변형,q_가구_09,가두,생활·마트 중 '가구'를 판매·제공하는 매장,46161106-0e2f-4bdb-8911-3298ab9a7243,오양만두,만두,서둔동 골목형상점가,골목형상점가,경기도,0.0,0.0,,,RESOLVED_AGREEMENT,False,0,,,,
338aa7f12145c53882f2,test,가구,T6 기계변형,q_가구_09,가두,생활·마트 중 '가구'를 판매·제공하는 매장,d1075d91-769e-48d8-ace0-b0081423b8b5,모아만두,만두,청주사창시장,전통시장,충청북도,0.0,0.0,,,RESOLVED_AGREEMENT,False,0,,,,
46ea9203f4f3de0cf282,test,가구,T6 기계변형,q_가구_09,가두,생활·마트 중 '가구'를 판매·제공하는 매장,c86c6a26-f72d-44af-8811-4bde8c19ec9e,어린이서점 청라미래서적 2호점,도서,푸른솔빛골목형상점가,골목형상점가,인천광역시,0.0,0.0,,,RESOLVED_AGREEMENT,False,0,,,,
55cd091a9728b78620bf,test,가구,T6 기계변형,q_가구_09,가두,생활·마트 중 '가구'를 판매·제공하는 매장,0039f6c3-9cdd-48f5-ae33-279dbbcf879d,다이렉트소파몰 안산직영점,가구소매업,상록수가구거리상점가,골목형상점가,경기도,3.0,3.0,,,RESOLVED_AGREEMENT,False,3,,,,
7d9162fd0a39d2d4999a,test,가구,T6 기계변형,q_가구_09,가두,생활·마트 중 '가구'를 판매·제공하는 매장,64e5c998-9146-41c6-8bd6-8750f32ad3ca,영선만두,만두,칠성본시장,전통시장,대구광역시,0.0,0.0,,,RESOLVED_AGREEMENT,False,0,,,,
6e62d990d5128b1a3f53,test,가구,T6 기계변형,q_가구_09,가두,생활·마트 중 '가구'를 판매·제공하는 매장,44ab277e-62ae-49f8-be37-3b462ce37dfb,별난만두,만두,중마시장,전통시장,전라남도,0.0,0.0,,,RESOLVED_AGREEMENT,False,0,,,,
5baef13a6968f58f4d9a,test,가구,T6 기계변형,q_가구_09,가두,생활·마트 중 '가구'를 판매·제공하는 매장,06a2e1ce-3b99-4e0f-88de-bc4e31d9f439,짱만두,만두,행복상점가,자율상권구역,경상북도,0.0,0.0,,,RESOLVED_AGREEMENT,False,0,,,,
82f1370e0920e6ff66ba,test,가구,T6 기계변형,q_가구_09,가두,생활·마트 중 '가구'를 판매·제공하는 매장,198225e2-dac2-4596-bd85-3b8f3682147e,대박구두,가방및잡화,주안시민지하도상점가,일반지하상점가,인천광역시,0.0,0.0,,,RESOLVED_AGREEMENT,False,0,,,,
1c3228c80426fc721dde,test,가구,T6 기계변형,q_가구_09,가두,생활·마트 중 '가구'를 판매·제공하는 매장,0021ea65-4c59-4aa0-8d1c-95fe7b6686d0,공간인테리어,경미한공사(인테리어),여의동 골목형상점가,골목형상점가,전북특별자치도,1.0,1.0,,,RESOLVED_AGREEMENT,False,1,,,,
dc15dfc0ad89e008bf7f,test,가구,T6 기계변형,q_가구_09,가두,생활·마트 중 '가구'를 판매·제공하는 매장,01853453-69ac-4f55-9cd8-09e40088ab59,가마솥왕만두,만두,울산번개시장,전통시장,울산광역시,0.0,0.0,,,RESOLVED_AGREEMENT,False,0,,,,
24f6b1cc58a448ae23fd,test,가구,T6 기계변형,q_가구_09,가두,생활·마트 중 '가구'를 판매·제공하는 매장,0394caa3-10fc-4b86-b7e2-c7b1ac09d649,새마을종합인테리어,"인테리어(벽지,장판등)",성남남한산성시장(구 은행골목시장),전통시장,경기도,1.0,1.0,,,RESOLVED_AGREEMENT,False,1,,,,
034cdb747ca30bc42a8e,test,가구,T6 기계변형,q_가구_09,가두,생활·마트 중 '가구'를 판매·제공하는 매장,002db554-24ed-4307-adce-47f82d00e39e,에몬스가구섬유관점,가구,섬유제품관,전통시장,대구광역시,3.0,3.0,,,RESOLVED_AGREEMENT,False,3,,,,
b07fed968a186fee2b04,test,가구,T6 기계변형,q_가구_09,가두,생활·마트 중 '가구'를 판매·제공하는 매장,126571a5-c768-4cf0-9328-c6de5217f2f2,유리구두,구두,강남역지하도상점가,일반지하상점가,서울특별시,0.0,0.0,,,RESOLVED_AGREEMENT,False,0,,,,
6326987b6b3d27d5ded6,test,가구,T6 기계변형,q_가구_09,가두,생활·마트 중 '가구'를 판매·제공하는 매장,b4704186-5a1b-4ecf-b444-9fc86c8e5b74,신영남만두,만두,칠성본시장,전통시장,대구광역시,0.0,0.0,,,RESOLVED_AGREEMENT,False,0,,,,
7c0b9601960bbba8f849,test,가구,T6 기계변형,q_가구_09,가두,생활·마트 중 '가구'를 판매·제공하는 매장,c635f3a4-6304-4497-93d4-033e872387ef,춘만두,한식,역삼동 골목형상점가,골목형상점가,서울특별시,0.0,0.0,,,RESOLVED_AGREEMENT,False,0,,,,
f5a297b2fd92884e7363,test,가구,T6 기계변형,q_가구_09,가두,생활·마트 중 '가구'를 판매·제공하는 매장,8e320c41-d5b4-434b-8186-1d0f46022374,크리스챤온타니,가방구두,수원영동시장,전통시장,경기도,0.0,0.0,,,RESOLVED_AGREEMENT,False,0,,,,
145f7f6b157d1a7683b5,test,가구,T6 기계변형,q_가구_09,가두,생활·마트 중 '가구'를 판매·제공하는 매장,5c42cddd-f909-49dc-a40c-c03edffbc73d,토담명가두부,두부,서초쇼핑골목형상점가,골목형상점가,서울특별시,0.0,0.0,,,RESOLVED_AGREEMENT,False,0,,,,
bdfc1b526fedfbe7dab0,test,가구,T6 기계변형,q_가구_09,가두,생활·마트 중 '가구'를 판매·제공하는 매장,f489394a-a57d-48fc-bd75-cf310dc998f2,창민만두,만두,청구시장,전통시장,대구광역시,0.0,0.0,,,RESOLVED_AGREEMENT,False,0,,,,
6db64ad99bd1f8345290,test,가구,T6 기계변형,q_가구_09,가두,생활·마트 중 '가구'를 판매·제공하는 매장,08d279de-df58-4bbf-98b5-b53c1d84cb4b,헤스티아디자인,"가구, 인테리어",마산 북마산가구시장,전통시장,경상남도,3.0,3.0,,,RESOLVED_AGREEMENT,False,3,,,,
5a39e259e5ba0b5f8c20,test,가구,T6 기계변형,q_가구_09,가두,생활·마트 중 '가구'를 판매·제공하는 매장,1b0032f6-1cc3-4466-ba1f-2fc85261315c,복만두,만두,도마큰시장,전통시장,대전광역시,0.0,0.0,,,RESOLVED_AGREEMENT,False,0,,,,
f7983661a9b28fe4c0df,test,가구,T6 기계변형,q_가구_09,가두,생활·마트 중 '가구'를 판매·제공하는 매장,5726305e-0723-4eff-84a4-e6c3f120e980,미성당납작만두,만두,지범골목먹거리타운 골목형상점가,골목형상점가,대구광역시,0.0,0.0,,,RESOLVED_AGREEMENT,False,0,,,,
41c5d65fdc46757f205b,test,가구,T6 기계변형,q_가구_09,가두,생활·마트 중 '가구'를 판매·제공하는 매장,060ca668-6ba8-4dbc-af43-1b0f2b64cda6,오브제 퍼니처,침대소파식탁,김포 가구단지 골목형상점가,골목형상점가,경기도,3.0,3.0,,,RESOLVED_AGREEMENT,False,3,,,,
a032aecad849a6b38406,test,가구,T6 기계변형,q_가구_09,가두,생활·마트 중 '가구'를 판매·제공하는 매장,48cc700f-acfd-4514-8948-7f9db8f88719,비타민원목가구,소파.침대.식탁,청북가구단지상점가,자율상권구역,경기도,3.0,3.0,,,RESOLVED_AGREEMENT,False,3,,,,
63dd0d2040aa0a5b85e7,test,가구,T6 기계변형,q_가구_09,가두,생활·마트 중 '가구'를 판매·제공하는 매장,94d2ec71-9ec2-4344-b354-83ed89e054d6,금용만두,만두,구포역세권상점가,자율상권구역,부산광역시,0.0,0.0,,,RESOLVED_AGREEMENT,False,0,,,,
342c41bafcf57b152dca,test,가구,T6 기계변형,q_가구_09,가두,생활·마트 중 '가구'를 판매·제공하는 매장,2408701e-73c0-4448-b379-6139feb1b587,모두모두,가방,주문진종합시장,전통시장,강원특별자치도,0.0,0.0,,,RESOLVED_AGREEMENT,False,0,,,,
11d3c629ccfe77647c19,test,가구,T6 기계변형,q_가구_09,가두,생활·마트 중 '가구'를 판매·제공하는 매장,2c385c7e-5a8b-4f70-b4b4-ef1f215b04ae,생생통만두,만두,계양산전통시장,전통시장,인천광역시,0.0,0.0,,,RESOLVED_AGREEMENT,False,0,,,,
88c02f830de65cdd7874,test,가구,T6 기계변형,q_가구_09,가두,생활·마트 중 '가구'를 판매·제공하는 매장,8d10d3b6-2dad-4572-8752-f523a8471dad,오빠만두,만두,양주옥정호수공원상점가,골목형상점가,경기도,0.0,0.0,,,RESOLVED_AGREEMENT,False,0,,,,
5abde23c12559bd13697,test,가구,T6 기계변형,q_가구_09,가두,생활·마트 중 '가구'를 판매·제공하는 매장,45225395-481d-48d0-aea9-2f6620231636,우리웰빙만두,만두,대구교동시장,전통시장,대구광역시,0.0,0.0,,,RESOLVED_AGREEMENT,False,0,,,,
5d0d59b99f8bc20fe116,test,가구,T6 기계변형,q_가구_09,가두,생활·마트 중 '가구'를 판매·제공하는 매장,b5cde6f7-d102-49da-a75a-cb92d0a4588a,수제만두,만두,복이있는덕포시장,전통시장,부산광역시,0.0,0.0,,,RESOLVED_AGREEMENT,False,0,,,,
68b20137db6f23bc826a,test,가구,T6 기계변형,q_가구_09,가두,생활·마트 중 '가구'를 판매·제공하는 매장,00029834-c340-4d89-b5a7-cee930fc3c31,콩심24시전주종가콩나물국밥,가구,불당1번가골목형상점가,골목형상점가,충청남도,3.0,3.0,,,RESOLVED_AGREEMENT,False,3,,,,
d1ad28fbdf9959ebe842,test,가구,T6 기계변형,q_가구_09,가두,생활·마트 중 '가구'를 판매·제공하는 매장,b33b5d49-db48-41d4-a771-dc469686746f,대박집,"청과, 생선 등",한대앞역상점가,자율상권구역,경기도,0.0,0.0,,,RESOLVED_AGREEMENT,False,0,,,,
d658985f21dd671787e0,test,가구,T6 기계변형,q_가구_09,가두,생활·마트 중 '가구'를 판매·제공하는 매장,8d9f259f-286e-45ac-89b6-5e5159692580,식도가두부이야기,두부,강남골목시장 골목형상점가,골목형상점가,서울특별시,0.0,0.0,,,RESOLVED_AGREEMENT,False,0,,,,
16c089d6f651a9ad366b,test,가구,T6 기계변형,q_가구_09,가두,생활·마트 중 '가구'를 판매·제공하는 매장,ddcfc544-c4e0-4ff4-b823-d809eb54baab,가인왕손만두,만두,합덕전통시장,전통시장,충청남도,0.0,0.0,,,RESOLVED_AGREEMENT,False,0,,,,
7e8ba4f329b8b21350a0,test,가구,T6 기계변형,q_가구_09,가두,생활·마트 중 '가구'를 판매·제공하는 매장,2a083b5e-9da9-4129-b83c-4a7c65e05fc8,요아빙수 숙명여대점,카페,순헌황귀비길 골목형상점가,골목형상점가,서울특별시,0.0,0.0,,,RESOLVED_AGREEMENT,False,0,,,,
18ae3dad312d81b3ff40,test,가구,T6 기계변형,q_가구_09,가두,생활·마트 중 '가구'를 판매·제공하는 매장,b4d4d26b-866f-4ce2-b512-3c5d2cec2976,가죽갤러리,가방구두,안양아크로상가골목형상점가,골목형상점가,경기도,0.0,0.0,,,RESOLVED_AGREEMENT,False,0,,,,
dd2c4c083fd75f6dc2ab,test,가구,T6 기계변형,q_가구_09,가두,생활·마트 중 '가구'를 판매·제공하는 매장,aa4d7f16-525b-4c8d-b107-d9e508d30b5a,미스터두,"모자, 가방, 잡화",성서중심시장(성서시장문화의거리 통합),전통시장,충청북도,0.0,0.0,,,RESOLVED_AGREEMENT,False,0,,,,
c078292cda5c4bdc3640,test,가구,T6 기계변형,q_가구_09,가두,생활·마트 중 '가구'를 판매·제공하는 매장,f12f1f14-4aff-4465-a716-65c90e4239a3,호연만두,만두,초량전통시장,전통시장,부산광역시,0.0,0.0,,,RESOLVED_AGREEMENT,False,0,,,,
2352632767092e01d540,test,가구,T6 기계변형,q_가구_09,가두,생활·마트 중 '가구'를 판매·제공하는 매장,2998cbc4-8810-428b-8704-369310315dc1,가메골손왕만두,"음식(만두,찐빵)",서울중앙시장,전통시장,서울특별시,0.0,0.0,,,RESOLVED_AGREEMENT,False,0,,,,
32a1722d5910a1c9fa14,test,가구,T6 기계변형,q_가구_09,가두,생활·마트 중 '가구'를 판매·제공하는 매장,4bfc7fdc-4fc1-47ef-a112-27a2797675f6,빨강구두,구두 및 가방 등,도산로 골목형상점가,골목형상점가,대전광역시,0.0,0.0,,,RESOLVED_AGREEMENT,False,0,,,,
20154d080bc413e2e7e8,test,가구,T6 기계변형,q_가구_09,가두,생활·마트 중 '가구'를 판매·제공하는 매장,b68c105d-fd16-4a58-9349-89e8342795d9,화실만두,만두,원주자유시장,전통시장,강원특별자치도,0.0,0.0,,,RESOLVED_AGREEMENT,False,0,,,,
5462a074f9a89d0a43d8,test,가구,T6 기계변형,q_가구_09,가두,생활·마트 중 '가구'를 판매·제공하는 매장,000f2b92-c3c3-4ff7-8507-d2b8b0804036,우아미 가구,가구 도소매,삼산가구전문거리,골목형상점가,울산광역시,3.0,3.0,,,RESOLVED_AGREEMENT,False,3,,,,
7a1396800289e280af49,test,가구,T6 기계변형,q_가구_09,가두,생활·마트 중 '가구'를 판매·제공하는 매장,81529181-5a6b-4a6d-aeb2-64a4dcf23f3e,노랑통닭,치킨,서희1차현대 골목형상점가,골목형상점가,광주광역시,0.0,0.0,,,RESOLVED_AGREEMENT,False,0,,,,
79b0a7539990e9ba87fa,test,가구,T6 기계변형,q_가구_09,가두,생활·마트 중 '가구'를 판매·제공하는 매장,7fb27403-28ca-4cc0-b090-7ff99007c830,아담만두,만두,부평문화인의거리골목형상점가,골목형상점가,인천광역시,0.0,0.0,,,RESOLVED_AGREEMENT,False,0,,,,
d28d00ef4f83faec63d3,test,가구,T6 기계변형,q_가구_09,가두,생활·마트 중 '가구'를 판매·제공하는 매장,40af7b91-7f04-4b4d-8809-08e1c5813c51,가현가구,장농침대소파식탁,하남대로가구의거리상인회 골목형상점가,골목형상점가,광주광역시,3.0,3.0,,,RESOLVED_AGREEMENT,False,3,,,,
b48471c9f86da820ebd3,test,가전,T1 정확표기,q_가전_01,전자제품,생활·마트 중 '가전'을 판매·제공하는 매장,d3b581ea-9b1b-49f3-aa3e-017f0255922c,종합전자,전자제품,화정로상인회 골목형상점가,골목형상점가,광주광역시,3.0,3.0,,,RESOLVED_AGREEMENT,False,3,,,,
2b17c1f6083f5664e1e3,test,가전,T1 정확표기,q_가전_01,전자제품,생활·마트 중 '가전'을 판매·제공하는 매장,939b7fab-69df-4b64-ba5f-0bfe86126fc6,신일광전사,전자제품,부산전자종합시장,전통시장,부산광역시,3.0,3.0,,,RESOLVED_AGREEMENT,False,3,,,,
98d1ed6ced461c3c0761,test,가전,T1 정확표기,q_가전_01,전자제품,생활·마트 중 '가전'을 판매·제공하는 매장,c9c61d08-014d-415d-8bca-ff187ff1e3d3,해양전자,전자제품,부산전자종합시장,전통시장,부산광역시,3.0,3.0,,,RESOLVED_AGREEMENT,False,3,,,,
e8e0e0381a151340202c,test,가전,T1 정확표기,q_가전_01,전자제품,생활·마트 중 '가전'을 판매·제공하는 매장,b8d70936-4bd6-4e7f-8088-215ae55ebc99,손톱공주,네일아트,상주중앙시장,전통시장,경상북도,0.0,0.0,,,RESOLVED_AGREEMENT,False,0,,,,
6c96b80ac423b8bf4805,test,가전,T1 정확표기,q_가전_01,전자제품,생활·마트 중 '가전'을 판매·제공하는 매장,5fa5d7f7-8a08-4cd4-8526-6b4e13ad4ec9,백광사,전자제품,부산전자종합시장,전통시장,부산광역시,3.0,3.0,,,RESOLVED_AGREEMENT,False,3,,,,
b840e6e31932b95ca962,test,가전,T1 정확표기,q_가전_01,전자제품,생활·마트 중 '가전'을 판매·제공하는 매장,d003b1a8-34f2-4588-9297-fecec61b678a,남창전자,전자제품,부산전자종합시장,전통시장,부산광역시,3.0,3.0,,,RESOLVED_AGREEMENT,False,3,,,,
c3f63c6a30d6f019ef5e,test,가전,T1 정확표기,q_가전_01,전자제품,생활·마트 중 '가전'을 판매·제공하는 매장,1787bc8c-ee72-4950-a22d-b9ecf549e43c,한창전기,전자제품,서면시장,전통시장,부산광역시,3.0,3.0,,,RESOLVED_AGREEMENT,False,3,,,,
34454d71bd261d6853a6,test,가전,T1 정확표기,q_가전_01,전자제품,생활·마트 중 '가전'을 판매·제공하는 매장,77f9f867-19e7-4066-966b-a489081e92f5,서광전자,전자제품,부산전자종합시장,전통시장,부산광역시,3.0,3.0,,,RESOLVED_AGREEMENT,False,3,,,,
e0ea6b7dfe39165ad0fa,test,가전,T1 정확표기,q_가전_01,전자제품,생활·마트 중 '가전'을 판매·제공하는 매장,d803a104-7a94-4571-aecc-61a7d94d4572,하나전자,전자제품,부산전자종합시장,전통시장,부산광역시,3.0,3.0,,,RESOLVED_AGREEMENT,False,3,,,,
2d0db7ca0e62e1796e66,test,가전,T1 정확표기,q_가전_01,전자제품,생활·마트 중 '가전'을 판매·제공하는 매장,0643af45-97b9-4dc9-914b-9cd86d8920e0,덜렁전자,전자,개금큰시장,전통시장,부산광역시,1.0,3.0,,,P1_BINARY_THRESHOLD,True,,,,,
ffc154f8ca0925e19a0e,test,가전,T1 정확표기,q_가전_01,전자제품,생활·마트 중 '가전'을 판매·제공하는 매장,64a97123-0e76-4b5e-942b-c2d83b756c49,인하마트,전자제품,하단오일상설시장,전통시장,부산광역시,3.0,3.0,,,RESOLVED_AGREEMENT,False,3,,,,
1e3e030552db938c9627,test,가전,T1 정확표기,q_가전_01,전자제품,생활·마트 중 '가전'을 판매·제공하는 매장,481a748a-f250-4d1c-a594-dcbdcf6c55cd,유림전자,전자제품,전주전자상가(구 전주기린로전자상가),자율상권구역,전북특별자치도,3.0,3.0,,,RESOLVED_AGREEMENT,False,3,,,,
476396cd18b337f4b5cf,test,가전,T1 정확표기,q_가전_01,전자제품,생활·마트 중 '가전'을 판매·제공하는 매장,7169a026-1525-4e9b-9793-835dabdcc698,원영전자,전자제품,함양 한들 자율상권구역,,경상남도,3.0,3.0,,,RESOLVED_AGREEMENT,False,3,,,,
f85e25d58af704b41a11,test,가전,T1 정확표기,q_가전_01,전자제품,생활·마트 중 '가전'을 판매·제공하는 매장,8177c7fb-3912-44fd-af4e-54078db0377b,조은전자,전자제품,대구교동시장,전통시장,대구광역시,3.0,3.0,,,RESOLVED_AGREEMENT,False,3,,,,
eede1a4898f22d3c6681,test,가전,T1 정확표기,q_가전_01,전자제품,생활·마트 중 '가전'을 판매·제공하는 매장,efa0a872-a3ba-4326-b92a-b42599fc9fdf,서울중고시장,전자제품,포항 해도새록새로 골목형상점가,골목형상점가,경상북도,3.0,3.0,,,RESOLVED_AGREEMENT,False,3,,,,
df41bcd73fe73a479a7d,test,가전,T1 정확표기,q_가전_01,전자제품,생활·마트 중 '가전'을 판매·제공하는 매장,c9f68561-3aa5-4eaa-bc45-b898604fae59,PC나라,전자제품,부산전자종합시장,전통시장,부산광역시,3.0,3.0,,,RESOLVED_AGREEMENT,False,3,,,,
b124350c8abd4425f38e,test,가전,T1 정확표기,q_가전_01,전자제품,생활·마트 중 '가전'을 판매·제공하는 매장,67fa37ca-5cbb-42be-b2a9-6186d9880b8d,시민전자,전자제품,부산전자종합시장,전통시장,부산광역시,3.0,3.0,,,RESOLVED_AGREEMENT,False,3,,,,
97e9c2e8ca3988b2a847,test,가전,T1 정확표기,q_가전_01,전자제품,생활·마트 중 '가전'을 판매·제공하는 매장,d9f86322-c7c0-4f1d-a582-ce92fb9881a5,부산전자,전자제품,부산전자종합시장,전통시장,부산광역시,3.0,3.0,,,RESOLVED_AGREEMENT,False,3,,,,
917fb4b4c680f9d1fcfe,test,가전,T1 정확표기,q_가전_01,전자제품,생활·마트 중 '가전'을 판매·제공하는 매장,b22b3ca6-7fe9-48d4-be95-1e1eaf08217f,첨단전자,전자제품,부산전자종합시장,전통시장,부산광역시,3.0,3.0,,,RESOLVED_AGREEMENT,False,3,,,,
241aa269f2ab67fe0d13,test,가전,T1 정확표기,q_가전_01,전자제품,생활·마트 중 '가전'을 판매·제공하는 매장,12a0ef39-8ee4-4b6c-bf5a-16554eff897b,동남전자,전자제품,부산전자종합시장,전통시장,부산광역시,3.0,3.0,,,RESOLVED_AGREEMENT,False,3,,,,
a7da77fa434c1a200b96,test,가전,T1 정확표기,q_가전_01,전자제품,생활·마트 중 '가전'을 판매·제공하는 매장,a9c4e0a5-5672-4538-bb12-db4c404590cf,산울림,전통차,일곡동(제10지역:자연마을 전용주택단지) 골목형상점가,골목형상점가,광주광역시,0.0,0.0,,,RESOLVED_AGREEMENT,False,0,,,,
b1aaff06e45a0c2e3b60,test,가전,T1 정확표기,q_가전_01,전자제품,생활·마트 중 '가전'을 판매·제공하는 매장,32df3cee-7d8b-4e5e-ad61-9ea6575d9bde,아인텍,전자제품,부산전자종합시장,전통시장,부산광역시,3.0,3.0,,,RESOLVED_AGREEMENT,False,3,,,,
e1a965dc7a0001421030,test,가전,T1 정확표기,q_가전_01,전자제품,생활·마트 중 '가전'을 판매·제공하는 매장,1cefd18d-ce9a-4372-a00b-a5c669e9223b,은성사,전자제품,춘천중앙시장,전통시장,강원특별자치도,3.0,3.0,,,RESOLVED_AGREEMENT,False,3,,,,
88959b6fa395caaede0e,test,가전,T1 정확표기,q_가전_01,전자제품,생활·마트 중 '가전'을 판매·제공하는 매장,e29e10f0-07f3-4874-a73d-363f144e1a34,원음사,전자제품,대구종합유통단지전자관사업협동조합,전통시장,대구광역시,3.0,3.0,,,RESOLVED_AGREEMENT,False,3,,,,
859bc4879d2244d22d36,test,가전,T1 정확표기,q_가전_01,전자제품,생활·마트 중 '가전'을 판매·제공하는 매장,015d0410-7e90-45d8-b79a-278244a88cd8,아진전자,전자제품,교동시장1길 상점가,자율상권구역,대구광역시,3.0,3.0,,,RESOLVED_AGREEMENT,False,3,,,,
856c39fcf29eac7267c6,test,가전,T1 정확표기,q_가전_01,전자제품,생활·마트 중 '가전'을 판매·제공하는 매장,33322eb8-f17d-459c-81e9-ced357b904a3,전자명품관,전자제품,대구종합유통단지전자관사업협동조합,전통시장,대구광역시,3.0,3.0,,,RESOLVED_AGREEMENT,False,3,,,,
aa8917684bde024e4eb4,test,가전,T1 정확표기,q_가전_01,전자제품,생활·마트 중 '가전'을 판매·제공하는 매장,17620d91-a94a-4134-8914-033e4138011e,명성전자,전자제품,남원공설시장,전통시장,전북특별자치도,3.0,3.0,,,RESOLVED_AGREEMENT,False,3,,,,
c5a2875ff0902db25700,test,가전,T1 정확표기,q_가전_01,전자제품,생활·마트 중 '가전'을 판매·제공하는 매장,16e56464-0c62-4bf2-8398-7bb8f709b350,대전음향,전자제품,전통중앙도매상가,전통시장,대전광역시,3.0,3.0,,,RESOLVED_AGREEMENT,False,3,,,,
56e70ad4478d39c83705,test,가전,T1 정확표기,q_가전_01,전자제품,생활·마트 중 '가전'을 판매·제공하는 매장,a94d901e-0d32-48e7-86e9-7544e220f02d,오렌지뷰티게어,서비스(미용업피부),산본로데오거리(구 산본중심상가),자율상권구역,경기도,0.0,0.0,,,RESOLVED_AGREEMENT,False,0,,,,
1ed528b9822bb76a0fa8,test,가전,T1 정확표기,q_가전_01,전자제품,생활·마트 중 '가전'을 판매·제공하는 매장,13d36787-e8cb-4a59-aebe-b9872833f3fb,중앙전자,"전자제품, 전자",서산동부전통시장,전통시장,충청남도,3.0,3.0,,,RESOLVED_AGREEMENT,False,3,,,,
708c067a343a81b20bcb,test,가전,T1 정확표기,q_가전_01,전자제품,생활·마트 중 '가전'을 판매·제공하는 매장,0950ef91-5c5c-433a-b634-2da97c092982,에스원이엔지(주),전자제품,목동깨비시장(구 목3동시장),전통시장,서울특별시,3.0,3.0,,,RESOLVED_AGREEMENT,False,3,,,,
ac0f3ee9c6ffab50bd07,test,가전,T1 정확표기,q_가전_01,전자제품,생활·마트 중 '가전'을 판매·제공하는 매장,14aeb05e-b5c7-4a63-a1c4-f057c7a791ad,한아름전자,전자제품,부산전자종합시장,전통시장,부산광역시,3.0,3.0,,,RESOLVED_AGREEMENT,False,3,,,,
0fac6f998d5880035681,test,가전,T1 정확표기,q_가전_01,전자제품,생활·마트 중 '가전'을 판매·제공하는 매장,019dfc3d-1f87-4c88-83ed-98bc560adaa2,신성사,"도소매(전자제품,카메라,잡화)",숭례문수입상가,전통시장,서울특별시,3.0,3.0,,,RESOLVED_AGREEMENT,False,3,,,,
48082db067b478184805,test,가전,T1 정확표기,q_가전_01,전자제품,생활·마트 중 '가전'을 판매·제공하는 매장,0322f91e-a79b-48d4-804c-736d63236ddd,롯데전자,전자제품,부산전자종합시장,전통시장,부산광역시,3.0,3.0,,,RESOLVED_AGREEMENT,False,3,,,,
89800e10ab817b9868f6,test,가전,T1 정확표기,q_가전_01,전자제품,생활·마트 중 '가전'을 판매·제공하는 매장,b16b40fc-1cf8-405e-a311-bbb6443aba36,수봉전자,전자제품,부산전자종합시장,전통시장,부산광역시,3.0,3.0,,,RESOLVED_AGREEMENT,False,3,,,,
311d515259048ee48409,test,가전,T1 정확표기,q_가전_01,전자제품,생활·마트 중 '가전'을 판매·제공하는 매장,5bdb5cc9-5160-4118-94bd-53d74d2ea1f0,신자유전자,전자제품,부산전자종합시장,전통시장,부산광역시,3.0,3.0,,,RESOLVED_AGREEMENT,False,3,,,,
b5b2b714f07caf35f795,test,가전,T1 정확표기,q_가전_01,전자제품,생활·마트 중 '가전'을 판매·제공하는 매장,4ae3a162-19f3-47da-843c-5d2d6f9e6e55,신광전자,전자제품,대구교동시장,전통시장,대구광역시,3.0,3.0,,,RESOLVED_AGREEMENT,False,3,,,,
616675463c5bb710f7b4,test,가전,T1 정확표기,q_가전_01,전자제품,생활·마트 중 '가전'을 판매·제공하는 매장,7af27279-e181-4573-bdc3-a2dccecba04f,화성전자,전자제품,전자의거리 상점가,자율상권구역,광주광역시,3.0,3.0,,,RESOLVED_AGREEMENT,False,3,,,,
99f4d77b113add769171,test,가전,T1 정확표기,q_가전_01,전자제품,생활·마트 중 '가전'을 판매·제공하는 매장,14b18c4c-3da3-451a-a7f5-4c17ab131563,대주전자,전자제품,부산전자종합시장,전통시장,부산광역시,3.0,3.0,,,RESOLVED_AGREEMENT,False,3,,,,
2b767b251f0e4f323f8a,test,가전,T1 정확표기,q_가전_01,전자제품,생활·마트 중 '가전'을 판매·제공하는 매장,f7cbdb35-4507-4383-a107-d1c4e1cd9fef,동원전자,전자제품,진부전통시장,전통시장,강원특별자치도,3.0,3.0,,,RESOLVED_AGREEMENT,False,3,,,,
95bc5fd0ae4ba71ea219,test,가전,T1 정확표기,q_가전_01,전자제품,생활·마트 중 '가전'을 판매·제공하는 매장,1af1dee2-a045-448c-8c64-e137507f06f0,원일,전자제품,남대문시장,전통시장,서울특별시,3.0,3.0,,,RESOLVED_AGREEMENT,False,3,,,,
1714bea69a6d5bce935e,test,가전,T1 정확표기,q_가전_01,전자제품,생활·마트 중 '가전'을 판매·제공하는 매장,0e4b7769-9c37-41dd-80da-d0ad2c59e2ad,미래프라자,전자제품,대구종합유통단지전자관사업협동조합,전통시장,대구광역시,3.0,3.0,,,RESOLVED_AGREEMENT,False,3,,,,
7c92532d984fbdd097ba,test,가전,T1 정확표기,q_가전_01,전자제품,생활·마트 중 '가전'을 판매·제공하는 매장,8756b6e7-f387-40fd-a230-53f0cc8ce77e,구구사,전자제품,부산전자종합시장,전통시장,부산광역시,3.0,3.0,,,RESOLVED_AGREEMENT,False,3,,,,
4009df3fa004fd4c7644,test,가전,T1 정확표기,q_가전_01,전자제품,생활·마트 중 '가전'을 판매·제공하는 매장,f7e297bf-602a-45cd-ad34-a0689f934adc,이지패션남성복,의류,청주육거리종합시장,전통시장,충청북도,0.0,0.0,,,RESOLVED_AGREEMENT,False,0,,,,
f68c82d57b48cd2b44cd,test,가전,T1 정확표기,q_가전_01,전자제품,생활·마트 중 '가전'을 판매·제공하는 매장,45c77783-fe91-4c06-813d-d9485203e491,신안전자,전자제품,세운상가 가동,자율상권구역,서울특별시,3.0,3.0,,,RESOLVED_AGREEMENT,False,3,,,,
f3a8c49d6e41fb2455c2,test,가전,T1 정확표기,q_가전_01,전자제품,생활·마트 중 '가전'을 판매·제공하는 매장,5234607f-5cdf-4d6e-b112-8db08840513a,무쇠돈,돼지고기,상현2동 골목형상점가,골목형상점가,경기도,0.0,0.0,,,RESOLVED_AGREEMENT,False,0,,,,
ed8b75492b1495bf95db,test,가전,T1 정확표기,q_가전_01,전자제품,생활·마트 중 '가전'을 판매·제공하는 매장,cff4587e-c7c2-4a03-9cd0-8e58062d2058,대흥전자,전자제품,부산전자종합시장,전통시장,부산광역시,3.0,3.0,,,RESOLVED_AGREEMENT,False,3,,,,
5e7a301ba2de8544d263,test,가전,T1 정확표기,q_가전_01,전자제품,생활·마트 중 '가전'을 판매·제공하는 매장,d91ea470-bf1d-4ced-ba31-c3a8ed4c1876,강남전자,전자제품,부산전자종합시장,전통시장,부산광역시,3.0,3.0,,,RESOLVED_AGREEMENT,False,3,,,,
e5e4c34d72a478612e97,test,가전,T1 정확표기,q_가전_01,전자제품,생활·마트 중 '가전'을 판매·제공하는 매장,a61153b9-d9bf-485e-b57e-2a391823aa9d,현대가전,전자제품,부산전자종합시장,전통시장,부산광역시,3.0,3.0,,,RESOLVED_AGREEMENT,False,3,,,,
b121a42770f51cdd81ff,test,가전,T1 정확표기,q_가전_01,전자제품,생활·마트 중 '가전'을 판매·제공하는 매장,18a9cd2a-e605-4a47-a80a-86b53d16ecd0,합동전자,전자제품,진주 논개시장,전통시장,경상남도,3.0,3.0,,,RESOLVED_AGREEMENT,False,3,,,,
6cfad3cfb4475fbcc4cf,test,가전,T1 정확표기,q_가전_01,전자제품,생활·마트 중 '가전'을 판매·제공하는 매장,a59ab6f8-dee3-4a8f-9ed1-51f7b07aa609,부경전자,전자제품,부산전자종합시장,전통시장,부산광역시,3.0,3.0,,,RESOLVED_AGREEMENT,False,3,,,,
c417d1f88d3f820d4ab0,test,가전,T1 정확표기,q_가전_01,전자제품,생활·마트 중 '가전'을 판매·제공하는 매장,3a43955d-73e3-4111-b08f-92820e516419,대신전자,전자제품,부산전자종합시장,전통시장,부산광역시,3.0,3.0,,,RESOLVED_AGREEMENT,False,3,,,,
af1be8c45c5f06bad6a5,test,가전,T1 정확표기,q_가전_01,전자제품,생활·마트 중 '가전'을 판매·제공하는 매장,e8da4b7c-50dd-42f4-a5e7-32607bd67d52,동신냉삼집,한식,한림대골목형상점가,골목형상점가,강원특별자치도,0.0,0.0,,,RESOLVED_AGREEMENT,False,0,,,,
8a16a12dd07629d9cf55,test,가전,T1 정확표기,q_가전_01,전자제품,생활·마트 중 '가전'을 판매·제공하는 매장,070f2150-4b0c-4540-a080-075d5cdaf2f2,진석전자,전자제품,세운상가 가동,자율상권구역,서울특별시,3.0,3.0,,,RESOLVED_AGREEMENT,False,3,,,,
93d2fd822e7954d9f8ed,test,가전,T1 정확표기,q_가전_01,전자제품,생활·마트 중 '가전'을 판매·제공하는 매장,03c8c5a6-0d2c-40d6-befb-bbe4a1badfc6,현대침구,침구,포항죽도농산물시장,전통시장,경상북도,0.0,0.0,,,RESOLVED_AGREEMENT,False,0,,,,
0c980ba820cdb6518643,test,가전,T1 정확표기,q_가전_01,전자제품,생활·마트 중 '가전'을 판매·제공하는 매장,785afe9c-47a5-45a4-b6d9-42c44bc5fb51,종합전자,전자제품,무극시장,전통시장,충청북도,3.0,3.0,,,RESOLVED_AGREEMENT,False,3,,,,
c2c23214d22368939cf8,test,가전,T1 정확표기,q_가전_01,전자제품,생활·마트 중 '가전'을 판매·제공하는 매장,a63f5342-29ad-4f31-8f11-8851467ac9cb,아폴로전자,전자제품,대구교동시장,전통시장,대구광역시,3.0,3.0,,,RESOLVED_AGREEMENT,False,3,,,,
993a5b264e21dfc00945,test,가전,T1 정확표기,q_가전_01,전자제품,생활·마트 중 '가전'을 판매·제공하는 매장,3b6519b9-edb9-43e8-b646-f31687b80cab,한일옥매트,전자제품,새길시장,전통시장,대구광역시,3.0,3.0,,,RESOLVED_AGREEMENT,False,3,,,,
d332608ac2c80a79aa26,test,가전,T1 정확표기,q_가전_01,전자제품,생활·마트 중 '가전'을 판매·제공하는 매장,94093ba3-7f7d-4f7c-a14a-3c4c8e23eca9,개성전자,전자제품,부산전자종합시장,전통시장,부산광역시,3.0,3.0,,,RESOLVED_AGREEMENT,False,3,,,,
008bd05f1febf0a68e15,test,가전,T1 정확표기,q_가전_01,전자제품,생활·마트 중 '가전'을 판매·제공하는 매장,aa5de91c-8c44-4856-9595-245b006c69bf,㈜미르유통,전자제품,부사시장,전통시장,대전광역시,3.0,3.0,,,RESOLVED_AGREEMENT,False,3,,,,
a09aac0f467dfb73dd1d,test,가전,T1 정확표기,q_가전_01,전자제품,생활·마트 중 '가전'을 판매·제공하는 매장,509a7f40-ca9d-4a0e-b9c7-d0f46215ac2a,미성음향,전자제품,부산전자종합시장,전통시장,부산광역시,3.0,3.0,,,RESOLVED_AGREEMENT,False,3,,,,
5729e8252a39c6c264cc,test,가전,T1 정확표기,q_가전_01,전자제품,생활·마트 중 '가전'을 판매·제공하는 매장,02431c66-e0a9-4432-8bbe-9299f785104b,대성식육점,식육점,속초중앙전통시장,전통시장,강원특별자치도,0.0,0.0,,,RESOLVED_AGREEMENT,False,0,,,,
f6c174d3f154b3071e42,test,가전,T1 정확표기,q_가전_01,전자제품,생활·마트 중 '가전'을 판매·제공하는 매장,ddbdbf1f-8d59-4d3e-a493-8a7327221e50,동창전자,전자제품,부산전자종합시장,전통시장,부산광역시,3.0,3.0,,,RESOLVED_AGREEMENT,False,3,,,,
7601814943bae78b652f,test,가전,T1 정확표기,q_가전_01,전자제품,생활·마트 중 '가전'을 판매·제공하는 매장,0b7530c6-633d-4e74-bea5-4db02af07f2c,쎈딜,"잡화, 전자제품 등",양산 남부시장,전통시장,경상남도,3.0,3.0,,,RESOLVED_AGREEMENT,False,3,,,,
772e1731ea96b5fcc1b5,test,가전,T1 정확표기,q_가전_01,전자제품,생활·마트 중 '가전'을 판매·제공하는 매장,7b5ea680-c1ab-4125-ad48-21d4253b3a7a,신우전자,전자제품,양주가래비중앙로상점가,골목형상점가,경기도,3.0,3.0,,,RESOLVED_AGREEMENT,False,3,,,,
6e1138335af1d1f07ee0,test,가전,T1 정확표기,q_가전_01,전자제품,생활·마트 중 '가전'을 판매·제공하는 매장,15cf0851-76b9-432d-9105-6f4510c74f41,정현정,전자제품,부산전자종합시장,전통시장,부산광역시,3.0,3.0,,,RESOLVED_AGREEMENT,False,3,,,,
d18cb5a78f7e5ed3574c,test,가전,T1 정확표기,q_가전_01,전자제품,생활·마트 중 '가전'을 판매·제공하는 매장,1a6ae460-8c72-47a3-9c7a-b097095861d7,삼일전자,전자제품,부산전자종합시장,전통시장,부산광역시,3.0,3.0,,,RESOLVED_AGREEMENT,False,3,,,,
95fd2f178045fef37ae2,test,가전,T1 정확표기,q_가전_01,전자제품,생활·마트 중 '가전'을 판매·제공하는 매장,dc5a32c5-6885-4784-81e9-9e2e9ef54edd,동아전자,전자제품,세운상가 가동,자율상권구역,서울특별시,3.0,3.0,,,RESOLVED_AGREEMENT,False,3,,,,
c526fb554035262da8ed,test,가전,T2 동의어,q_가전_02,전자제품 매장,생활·마트 중 '가전'을 판매·제공하는 매장,481a748a-f250-4d1c-a594-dcbdcf6c55cd,유림전자,전자제품,전주전자상가(구 전주기린로전자상가),자율상권구역,전북특별자치도,3.0,3.0,,,RESOLVED_AGREEMENT,False,3,,,,
1993a6db3357ff9d99a2,test,가전,T2 동의어,q_가전_02,전자제품 매장,생활·마트 중 '가전'을 판매·제공하는 매장,a59ab6f8-dee3-4a8f-9ed1-51f7b07aa609,부경전자,전자제품,부산전자종합시장,전통시장,부산광역시,3.0,3.0,,,RESOLVED_AGREEMENT,False,3,,,,
79668cfcfb52ef099ffa,test,가전,T2 동의어,q_가전_02,전자제품 매장,생활·마트 중 '가전'을 판매·제공하는 매장,e29e10f0-07f3-4874-a73d-363f144e1a34,원음사,전자제품,대구종합유통단지전자관사업협동조합,전통시장,대구광역시,3.0,3.0,,,RESOLVED_AGREEMENT,False,3,,,,
e63e3b0b73b31772aed4,test,가전,T2 동의어,q_가전_02,전자제품 매장,생활·마트 중 '가전'을 판매·제공하는 매장,32df3cee-7d8b-4e5e-ad61-9ea6575d9bde,아인텍,전자제품,부산전자종합시장,전통시장,부산광역시,3.0,3.0,,,RESOLVED_AGREEMENT,False,3,,,,
d4bc591c6c7325db4eaf,test,가전,T2 동의어,q_가전_02,전자제품 매장,생활·마트 중 '가전'을 판매·제공하는 매장,0b7530c6-633d-4e74-bea5-4db02af07f2c,쎈딜,"잡화, 전자제품 등",양산 남부시장,전통시장,경상남도,3.0,3.0,,,RESOLVED_AGREEMENT,False,3,,,,
1eef18200227f430a67c,test,가전,T2 동의어,q_가전_02,전자제품 매장,생활·마트 중 '가전'을 판매·제공하는 매장,ddbdbf1f-8d59-4d3e-a493-8a7327221e50,동창전자,전자제품,부산전자종합시장,전통시장,부산광역시,3.0,3.0,,,RESOLVED_AGREEMENT,False,3,,,,
032eef2b4c8725062546,test,가전,T2 동의어,q_가전_02,전자제품 매장,생활·마트 중 '가전'을 판매·제공하는 매장,3a43955d-73e3-4111-b08f-92820e516419,대신전자,전자제품,부산전자종합시장,전통시장,부산광역시,3.0,3.0,,,RESOLVED_AGREEMENT,False,3,,,,
c68a7ef77a2d13fd6f62,test,가전,T2 동의어,q_가전_02,전자제품 매장,생활·마트 중 '가전'을 판매·제공하는 매장,509a7f40-ca9d-4a0e-b9c7-d0f46215ac2a,미성음향,전자제품,부산전자종합시장,전통시장,부산광역시,3.0,3.0,,,RESOLVED_AGREEMENT,False,3,,,,
289c3a56669d79d1c491,test,가전,T2 동의어,q_가전_02,전자제품 매장,생활·마트 중 '가전'을 판매·제공하는 매장,b16b40fc-1cf8-405e-a311-bbb6443aba36,수봉전자,전자제품,부산전자종합시장,전통시장,부산광역시,3.0,3.0,,,RESOLVED_AGREEMENT,False,3,,,,
6fbdfd072b1a9e54811d,test,가전,T2 동의어,q_가전_02,전자제품 매장,생활·마트 중 '가전'을 판매·제공하는 매장,3d40a77a-1eb3-4da7-80f1-323e86a8d43e,남도김치,김치,면목골목시장,전통시장,서울특별시,0.0,0.0,,,RESOLVED_AGREEMENT,False,0,,,,
b461d0dc886b02cf3618,test,가전,T2 동의어,q_가전_02,전자제품 매장,생활·마트 중 '가전'을 판매·제공하는 매장,e05ddf53-d116-46eb-9beb-d80d6bbb5385,남다른 대구막창 나성점,고기류,나성동 골목형상점가,골목형상점가,세종특별자치시,0.0,0.0,,,RESOLVED_AGREEMENT,False,0,,,,
95ebe023648e4fd5e800,test,가전,T2 동의어,q_가전_02,전자제품 매장,생활·마트 중 '가전'을 판매·제공하는 매장,a61153b9-d9bf-485e-b57e-2a391823aa9d,현대가전,전자제품,부산전자종합시장,전통시장,부산광역시,3.0,3.0,,,RESOLVED_AGREEMENT,False,3,,,,
473420d7d07956c10b20,test,가전,T2 동의어,q_가전_02,전자제품 매장,생활·마트 중 '가전'을 판매·제공하는 매장,dc5a32c5-6885-4784-81e9-9e2e9ef54edd,동아전자,전자제품,세운상가 가동,자율상권구역,서울특별시,3.0,3.0,,,RESOLVED_AGREEMENT,False,3,,,,
21e783aff9fa6c04e897,test,가전,T2 동의어,q_가전_02,전자제품 매장,생활·마트 중 '가전'을 판매·제공하는 매장,0950ef91-5c5c-433a-b634-2da97c092982,에스원이엔지(주),전자제품,목동깨비시장(구 목3동시장),전통시장,서울특별시,3.0,3.0,,,RESOLVED_AGREEMENT,False,3,,,,
91096fc4107fe88c8ad2,test,가전,T2 동의어,q_가전_02,전자제품 매장,생활·마트 중 '가전'을 판매·제공하는 매장,3b6519b9-edb9-43e8-b646-f31687b80cab,한일옥매트,전자제품,새길시장,전통시장,대구광역시,3.0,3.0,,,RESOLVED_AGREEMENT,False,3,,,,
3d09fa23fcb0e115149b,test,가전,T2 동의어,q_가전_02,전자제품 매장,생활·마트 중 '가전'을 판매·제공하는 매장,33322eb8-f17d-459c-81e9-ced357b904a3,전자명품관,전자제품,대구종합유통단지전자관사업협동조합,전통시장,대구광역시,3.0,3.0,,,RESOLVED_AGREEMENT,False,3,,,,
e2dc6f7698e131cf5262,test,가전,T2 동의어,q_가전_02,전자제품 매장,생활·마트 중 '가전'을 판매·제공하는 매장,1787bc8c-ee72-4950-a22d-b9ecf549e43c,한창전기,전자제품,서면시장,전통시장,부산광역시,3.0,3.0,,,RESOLVED_AGREEMENT,False,3,,,,
94820aca4ede12a7dffc,test,가전,T2 동의어,q_가전_02,전자제품 매장,생활·마트 중 '가전'을 판매·제공하는 매장,7169a026-1525-4e9b-9793-835dabdcc698,원영전자,전자제품,함양 한들 자율상권구역,,경상남도,3.0,3.0,,,RESOLVED_AGREEMENT,False,3,,,,
2536943a400f86ab5916,test,가전,T2 동의어,q_가전_02,전자제품 매장,생활·마트 중 '가전'을 판매·제공하는 매장,14aeb05e-b5c7-4a63-a1c4-f057c7a791ad,한아름전자,전자제품,부산전자종합시장,전통시장,부산광역시,3.0,3.0,,,RESOLVED_AGREEMENT,False,3,,,,
9237891bb79f00f7fb4f,test,가전,T2 동의어,q_가전_02,전자제품 매장,생활·마트 중 '가전'을 판매·제공하는 매장,ad093c44-6c45-4e47-bf7a-d77e0acc82a8,해달비분식,휴게음식,원고개시장,전통시장,대구광역시,0.0,0.0,,,RESOLVED_AGREEMENT,False,0,,,,
0af63017bb564950305f,test,가전,T2 동의어,q_가전_02,전자제품 매장,생활·마트 중 '가전'을 판매·제공하는 매장,d3b581ea-9b1b-49f3-aa3e-017f0255922c,종합전자,전자제품,화정로상인회 골목형상점가,골목형상점가,광주광역시,3.0,3.0,,,RESOLVED_AGREEMENT,False,3,,,,
63fa8e935a9ad3cf3b69,test,가전,T2 동의어,q_가전_02,전자제품 매장,생활·마트 중 '가전'을 판매·제공하는 매장,cff4587e-c7c2-4a03-9cd0-8e58062d2058,대흥전자,전자제품,부산전자종합시장,전통시장,부산광역시,3.0,3.0,,,RESOLVED_AGREEMENT,False,3,,,,
8912546562e726b7a7a4,test,가전,T2 동의어,q_가전_02,전자제품 매장,생활·마트 중 '가전'을 판매·제공하는 매장,1af1dee2-a045-448c-8c64-e137507f06f0,원일,전자제품,남대문시장,전통시장,서울특별시,3.0,3.0,,,RESOLVED_AGREEMENT,False,3,,,,
5991a2ec42eb30edf389,test,가전,T2 동의어,q_가전_02,전자제품 매장,생활·마트 중 '가전'을 판매·제공하는 매장,1cefd18d-ce9a-4372-a00b-a5c669e9223b,은성사,전자제품,춘천중앙시장,전통시장,강원특별자치도,3.0,3.0,,,RESOLVED_AGREEMENT,False,3,,,,
465165beaea6ac4ddc29,test,가전,T2 동의어,q_가전_02,전자제품 매장,생활·마트 중 '가전'을 판매·제공하는 매장,8756b6e7-f387-40fd-a230-53f0cc8ce77e,구구사,전자제품,부산전자종합시장,전통시장,부산광역시,3.0,3.0,,,RESOLVED_AGREEMENT,False,3,,,,
aac3880c5c736ca55244,test,가전,T2 동의어,q_가전_02,전자제품 매장,생활·마트 중 '가전'을 판매·제공하는 매장,7af27279-e181-4573-bdc3-a2dccecba04f,화성전자,전자제품,전자의거리 상점가,자율상권구역,광주광역시,3.0,3.0,,,RESOLVED_AGREEMENT,False,3,,,,
1d356917cfb32db7b1d0,test,가전,T2 동의어,q_가전_02,전자제품 매장,생활·마트 중 '가전'을 판매·제공하는 매장,070f2150-4b0c-4540-a080-075d5cdaf2f2,진석전자,전자제품,세운상가 가동,자율상권구역,서울특별시,3.0,3.0,,,RESOLVED_AGREEMENT,False,3,,,,
43ccc56902b796d440f5,test,가전,T2 동의어,q_가전_02,전자제품 매장,생활·마트 중 '가전'을 판매·제공하는 매장,0322f91e-a79b-48d4-804c-736d63236ddd,롯데전자,전자제품,부산전자종합시장,전통시장,부산광역시,3.0,3.0,,,RESOLVED_AGREEMENT,False,3,,,,
07e625d4208c70e7ebf5,test,가전,T2 동의어,q_가전_02,전자제품 매장,생활·마트 중 '가전'을 판매·제공하는 매장,c379aaf1-533a-46e4-8d57-2d247ef68aa9,아시아판매장,전자제품,충주자유시장,전통시장,충청북도,3.0,3.0,,,RESOLVED_AGREEMENT,False,3,,,,
1260cc5288bdfed962f6,test,가전,T2 동의어,q_가전_02,전자제품 매장,생활·마트 중 '가전'을 판매·제공하는 매장,b22b3ca6-7fe9-48d4-be95-1e1eaf08217f,첨단전자,전자제품,부산전자종합시장,전통시장,부산광역시,3.0,3.0,,,RESOLVED_AGREEMENT,False,3,,,,
d545978da2e1030273eb,test,가전,T2 동의어,q_가전_02,전자제품 매장,생활·마트 중 '가전'을 판매·제공하는 매장,019dfc3d-1f87-4c88-83ed-98bc560adaa2,신성사,"도소매(전자제품,카메라,잡화)",숭례문수입상가,전통시장,서울특별시,3.0,3.0,,,RESOLVED_AGREEMENT,False,3,,,,
eae9e0f752000c329824,test,가전,T2 동의어,q_가전_02,전자제품 매장,생활·마트 중 '가전'을 판매·제공하는 매장,64a97123-0e76-4b5e-942b-c2d83b756c49,인하마트,전자제품,하단오일상설시장,전통시장,부산광역시,3.0,3.0,,,RESOLVED_AGREEMENT,False,3,,,,
c5dd5f960c6c9b5359ab,test,가전,T2 동의어,q_가전_02,전자제품 매장,생활·마트 중 '가전'을 판매·제공하는 매장,77f9f867-19e7-4066-966b-a489081e92f5,서광전자,전자제품,부산전자종합시장,전통시장,부산광역시,3.0,3.0,,,RESOLVED_AGREEMENT,False,3,,,,
b048474f83703963909c,test,가전,T2 동의어,q_가전_02,전자제품 매장,생활·마트 중 '가전'을 판매·제공하는 매장,12a0ef39-8ee4-4b6c-bf5a-16554eff897b,동남전자,전자제품,부산전자종합시장,전통시장,부산광역시,3.0,3.0,,,RESOLVED_AGREEMENT,False,3,,,,
387e98c48e6db23b9490,test,가전,T2 동의어,q_가전_02,전자제품 매장,생활·마트 중 '가전'을 판매·제공하는 매장,7b5ea680-c1ab-4125-ad48-21d4253b3a7a,신우전자,전자제품,양주가래비중앙로상점가,골목형상점가,경기도,3.0,3.0,,,RESOLVED_AGREEMENT,False,3,,,,
d2ffeb63e1e244fb6f5c,test,가전,T2 동의어,q_가전_02,전자제품 매장,생활·마트 중 '가전'을 판매·제공하는 매장,94093ba3-7f7d-4f7c-a14a-3c4c8e23eca9,개성전자,전자제품,부산전자종합시장,전통시장,부산광역시,3.0,3.0,,,RESOLVED_AGREEMENT,False,3,,,,
77bbbdb4a8fba45d7f00,test,가전,T2 동의어,q_가전_02,전자제품 매장,생활·마트 중 '가전'을 판매·제공하는 매장,13d36787-e8cb-4a59-aebe-b9872833f3fb,중앙전자,"전자제품, 전자",서산동부전통시장,전통시장,충청남도,3.0,3.0,,,RESOLVED_AGREEMENT,False,3,,,,
85b66ad8609fbee412ef,test,가전,T2 동의어,q_가전_02,전자제품 매장,생활·마트 중 '가전'을 판매·제공하는 매장,5fa5d7f7-8a08-4cd4-8526-6b4e13ad4ec9,백광사,전자제품,부산전자종합시장,전통시장,부산광역시,3.0,3.0,,,RESOLVED_AGREEMENT,False,3,,,,
2f61b497c3e553f5d97b,test,가전,T2 동의어,q_가전_02,전자제품 매장,생활·마트 중 '가전'을 판매·제공하는 매장,5bdb5cc9-5160-4118-94bd-53d74d2ea1f0,신자유전자,전자제품,부산전자종합시장,전통시장,부산광역시,3.0,3.0,,,RESOLVED_AGREEMENT,False,3,,,,
9899f0d1c9ad2d4e26a8,test,가전,T2 동의어,q_가전_02,전자제품 매장,생활·마트 중 '가전'을 판매·제공하는 매장,47bfc529-8ad9-41c6-ba1f-f795cce7a9ae,부천소사점체이스컬트,의류,부천한신시장,전통시장,경기도,0.0,0.0,,,RESOLVED_AGREEMENT,False,0,,,,
a26a97e644fccef86818,test,가전,T2 동의어,q_가전_02,전자제품 매장,생활·마트 중 '가전'을 판매·제공하는 매장,15cf0851-76b9-432d-9105-6f4510c74f41,정현정,전자제품,부산전자종합시장,전통시장,부산광역시,3.0,3.0,,,RESOLVED_AGREEMENT,False,3,,,,
a2d83d48523deb4a6a79,test,가전,T2 동의어,q_가전_02,전자제품 매장,생활·마트 중 '가전'을 판매·제공하는 매장,c9c10331-e5fe-4f4a-816b-4aa1a0af0cf7,김앤강홀딩스,층간소음방지매트,신중앙시장,전통시장,울산광역시,0.0,0.0,,,RESOLVED_AGREEMENT,False,0,,,,
0f6c5903c55e346a4ee7,test,가전,T2 동의어,q_가전_02,전자제품 매장,생활·마트 중 '가전'을 판매·제공하는 매장,0e4b7769-9c37-41dd-80da-d0ad2c59e2ad,미래프라자,전자제품,대구종합유통단지전자관사업협동조합,전통시장,대구광역시,3.0,3.0,,,RESOLVED_AGREEMENT,False,3,,,,
27ecbaa73fa10bd08158,test,가전,T2 동의어,q_가전_02,전자제품 매장,생활·마트 중 '가전'을 판매·제공하는 매장,efa0a872-a3ba-4326-b92a-b42599fc9fdf,서울중고시장,전자제품,포항 해도새록새로 골목형상점가,골목형상점가,경상북도,3.0,3.0,,,RESOLVED_AGREEMENT,False,3,,,,
e0f1c0f90aea2560759d,test,가전,T2 동의어,q_가전_02,전자제품 매장,생활·마트 중 '가전'을 판매·제공하는 매장,d9f86322-c7c0-4f1d-a582-ce92fb9881a5,부산전자,전자제품,부산전자종합시장,전통시장,부산광역시,3.0,3.0,,,RESOLVED_AGREEMENT,False,3,,,,
3ff0c86cc5ec5f93587a,test,가전,T2 동의어,q_가전_02,전자제품 매장,생활·마트 중 '가전'을 판매·제공하는 매장,496c5ca4-6fc3-44a4-880a-703398ef0c23,더락스케이프 하단점,방탈출,하단자율상권구역,기타,부산광역시,0.0,0.0,,,RESOLVED_AGREEMENT,False,0,,,,
e4d2d40f338d00a66fe4,test,가전,T2 동의어,q_가전_02,전자제품 매장,생활·마트 중 '가전'을 판매·제공하는 매장,d803a104-7a94-4571-aecc-61a7d94d4572,하나전자,전자제품,부산전자종합시장,전통시장,부산광역시,3.0,3.0,,,RESOLVED_AGREEMENT,False,3,,,,
9eb44b6e3b3a9dd6d667,test,가전,T2 동의어,q_가전_02,전자제품 매장,생활·마트 중 '가전'을 판매·제공하는 매장,f7cbdb35-4507-4383-a107-d1c4e1cd9fef,동원전자,전자제품,진부전통시장,전통시장,강원특별자치도,3.0,3.0,,,RESOLVED_AGREEMENT,False,3,,,,
f35d8351745778974b50,test,가전,T2 동의어,q_가전_02,전자제품 매장,생활·마트 중 '가전'을 판매·제공하는 매장,851fc590-ad21-4caf-b2dd-55ac2dacbbe8,금성당감판매장,전자제품,당감골목시장,전통시장,부산광역시,3.0,3.0,,,RESOLVED_AGREEMENT,False,3,,,,
df51f2ae32ab0de5f71d,test,가전,T2 동의어,q_가전_02,전자제품 매장,생활·마트 중 '가전'을 판매·제공하는 매장,c9f68561-3aa5-4eaa-bc45-b898604fae59,PC나라,전자제품,부산전자종합시장,전통시장,부산광역시,3.0,3.0,,,RESOLVED_AGREEMENT,False,3,,,,
574c296a45173159839f,test,가전,T2 동의어,q_가전_02,전자제품 매장,생활·마트 중 '가전'을 판매·제공하는 매장,015d0410-7e90-45d8-b79a-278244a88cd8,아진전자,전자제품,교동시장1길 상점가,자율상권구역,대구광역시,3.0,3.0,,,RESOLVED_AGREEMENT,False,3,,,,
5bec147ab42b7bb6d091,test,가전,T2 동의어,q_가전_02,전자제품 매장,생활·마트 중 '가전'을 판매·제공하는 매장,8177c7fb-3912-44fd-af4e-54078db0377b,조은전자,전자제품,대구교동시장,전통시장,대구광역시,3.0,3.0,,,RESOLVED_AGREEMENT,False,3,,,,
4cefcf7a7a5898694a5e,test,가전,T2 동의어,q_가전_02,전자제품 매장,생활·마트 중 '가전'을 판매·제공하는 매장,0643af45-97b9-4dc9-914b-9cd86d8920e0,덜렁전자,전자,개금큰시장,전통시장,부산광역시,1.0,3.0,,,P1_BINARY_THRESHOLD,True,,,,,
ac6735b69347b5b365db,test,가전,T2 동의어,q_가전_02,전자제품 매장,생활·마트 중 '가전'을 판매·제공하는 매장,aa5de91c-8c44-4856-9595-245b006c69bf,㈜미르유통,전자제품,부사시장,전통시장,대전광역시,3.0,3.0,,,RESOLVED_AGREEMENT,False,3,,,,
4199cefd23ac60f062b4,test,가전,T2 동의어,q_가전_02,전자제품 매장,생활·마트 중 '가전'을 판매·제공하는 매장,a63f5342-29ad-4f31-8f11-8851467ac9cb,아폴로전자,전자제품,대구교동시장,전통시장,대구광역시,3.0,3.0,,,RESOLVED_AGREEMENT,False,3,,,,
1243d9f6fed22f990f45,test,가전,T2 동의어,q_가전_02,전자제품 매장,생활·마트 중 '가전'을 판매·제공하는 매장,67fa37ca-5cbb-42be-b2a9-6186d9880b8d,시민전자,전자제품,부산전자종합시장,전통시장,부산광역시,3.0,3.0,,,RESOLVED_AGREEMENT,False,3,,,,
6679c04fc91adb57d16c,test,가전,T2 동의어,q_가전_02,전자제품 매장,생활·마트 중 '가전'을 판매·제공하는 매장,16e56464-0c62-4bf2-8398-7bb8f709b350,대전음향,전자제품,전통중앙도매상가,전통시장,대전광역시,3.0,3.0,,,RESOLVED_AGREEMENT,False,3,,,,
ff2b42444669ef022dc4,test,가전,T2 동의어,q_가전_02,전자제품 매장,생활·마트 중 '가전'을 판매·제공하는 매장,18a9cd2a-e605-4a47-a80a-86b53d16ecd0,합동전자,전자제품,진주 논개시장,전통시장,경상남도,3.0,3.0,,,RESOLVED_AGREEMENT,False,3,,,,
5a98b78fae275ac14c33,test,가전,T2 동의어,q_가전_02,전자제품 매장,생활·마트 중 '가전'을 판매·제공하는 매장,939b7fab-69df-4b64-ba5f-0bfe86126fc6,신일광전사,전자제품,부산전자종합시장,전통시장,부산광역시,3.0,3.0,,,RESOLVED_AGREEMENT,False,3,,,,
9927d4504d929e4c7020,test,가전,T2 동의어,q_가전_02,전자제품 매장,생활·마트 중 '가전'을 판매·제공하는 매장,14b18c4c-3da3-451a-a7f5-4c17ab131563,대주전자,전자제품,부산전자종합시장,전통시장,부산광역시,3.0,3.0,,,RESOLVED_AGREEMENT,False,3,,,,
a6bacad47b3cb7715471,test,가전,T2 동의어,q_가전_02,전자제품 매장,생활·마트 중 '가전'을 판매·제공하는 매장,40d8c136-0d4d-4d59-814a-f6a3d576083e,베테랑태권도,태권도 스포츠운동,진잠 골목형상점가,골목형상점가,대전광역시,0.0,0.0,,,RESOLVED_AGREEMENT,False,0,,,,
453993c89447d31b30b2,test,가전,T2 동의어,q_가전_02,전자제품 매장,생활·마트 중 '가전'을 판매·제공하는 매장,4ae3a162-19f3-47da-843c-5d2d6f9e6e55,신광전자,전자제품,대구교동시장,전통시장,대구광역시,3.0,3.0,,,RESOLVED_AGREEMENT,False,3,,,,
90a4c241938e31321e6a,test,가전,T2 동의어,q_가전_02,전자제품 매장,생활·마트 중 '가전'을 판매·제공하는 매장,1a6ae460-8c72-47a3-9c7a-b097095861d7,삼일전자,전자제품,부산전자종합시장,전통시장,부산광역시,3.0,3.0,,,RESOLVED_AGREEMENT,False,3,,,,
d6ce141e6f840a8fa858,test,가전,T2 동의어,q_가전_02,전자제품 매장,생활·마트 중 '가전'을 판매·제공하는 매장,17620d91-a94a-4134-8914-033e4138011e,명성전자,전자제품,남원공설시장,전통시장,전북특별자치도,3.0,3.0,,,RESOLVED_AGREEMENT,False,3,,,,
85681808093611bd69af,test,가전,T2 동의어,q_가전_02,전자제품 매장,생활·마트 중 '가전'을 판매·제공하는 매장,15a0c11d-d2d3-4300-9014-739337dcade8,세아몰,건어물,마산어시장,전통시장,경상남도,0.0,0.0,,,RESOLVED_AGREEMENT,False,0,,,,
900be485d79fa1002d21,test,가전,T2 동의어,q_가전_02,전자제품 매장,생활·마트 중 '가전'을 판매·제공하는 매장,45c77783-fe91-4c06-813d-d9485203e491,신안전자,전자제품,세운상가 가동,자율상권구역,서울특별시,3.0,3.0,,,RESOLVED_AGREEMENT,False,3,,,,
72642435dc7f19530094,test,가전,T2 동의어,q_가전_02,전자제품 매장,생활·마트 중 '가전'을 판매·제공하는 매장,d91ea470-bf1d-4ced-ba31-c3a8ed4c1876,강남전자,전자제품,부산전자종합시장,전통시장,부산광역시,3.0,3.0,,,RESOLVED_AGREEMENT,False,3,,,,
40e0bc93a2f3b563d353,test,가전,T4 구어·문장,q_가전_03,가전제품 파는 곳,생활·마트 중 '가전'을 판매·제공하는 매장,b24adbb3-3f02-4bb7-b211-525b7b1a00e4,만수전자,가전제품,만수시장,전통시장,인천광역시,3.0,3.0,,,RESOLVED_AGREEMENT,False,3,,,,
4407fb1f3b6fd9b20eb3,test,가전,T4 구어·문장,q_가전_03,가전제품 파는 곳,생활·마트 중 '가전'을 판매·제공하는 매장,48f2c379-704d-44ae-86e7-aba030b94bb0,아침전자,가전제품,대구종합유통단지전자관사업협동조합,전통시장,대구광역시,3.0,3.0,,,RESOLVED_AGREEMENT,False,3,,,,
64b3e3907c16bf44b46c,test,가전,T4 구어·문장,q_가전_03,가전제품 파는 곳,생활·마트 중 '가전'을 판매·제공하는 매장,0d62ae99-61d6-41cb-8fe2-c30132e32c94,동호전자,,부산전자종합시장,전통시장,부산광역시,1.0,3.0,,,P1_BINARY_THRESHOLD,True,,,,,
c62f668589d7923b0867,test,가전,T4 구어·문장,q_가전_03,가전제품 파는 곳,생활·마트 중 '가전'을 판매·제공하는 매장,aad5a5ad-f930-4449-85dd-592e497abf5b,대명전자,가전제품,대구교동시장,전통시장,대구광역시,3.0,3.0,,,RESOLVED_AGREEMENT,False,3,,,,
dfc3a4abcc214da91bd4,test,가전,T4 구어·문장,q_가전_03,가전제품 파는 곳,생활·마트 중 '가전'을 판매·제공하는 매장,1a377b4b-cec5-4061-8e6c-77fb3d351a73,민수알뜰중고센터,가전제품,두암지구입구 골목형상점가,골목형상점가,광주광역시,3.0,3.0,,,RESOLVED_AGREEMENT,False,3,,,,
346afb5a29a8ca76ff85,test,가전,T4 구어·문장,q_가전_03,가전제품 파는 곳,생활·마트 중 '가전'을 판매·제공하는 매장,0950ef91-5c5c-433a-b634-2da97c092982,에스원이엔지(주),전자제품,목동깨비시장(구 목3동시장),전통시장,서울특별시,3.0,3.0,,,RESOLVED_AGREEMENT,False,3,,,,
40753c987c8a11069949,test,가전,T4 구어·문장,q_가전_03,가전제품 파는 곳,생활·마트 중 '가전'을 판매·제공하는 매장,ab1005c2-8b31-48a0-8fc4-c870fceeb016,신안전자,가전제품,신월3동시장골목형상점가,골목형상점가,서울특별시,3.0,3.0,,,RESOLVED_AGREEMENT,False,3,,,,
3a424a45ead648ea52de,test,가전,T4 구어·문장,q_가전_03,가전제품 파는 곳,생활·마트 중 '가전'을 판매·제공하는 매장,f2697a7e-00e2-4cc2-9265-6930644edfcd,평택전기,가전제품,평택통복시장,전통시장,경기도,3.0,3.0,,,RESOLVED_AGREEMENT,False,3,,,,
42100d2cfc1d8dc4c435,test,가전,T4 구어·문장,q_가전_03,가전제품 파는 곳,생활·마트 중 '가전'을 판매·제공하는 매장,fb7c5de9-7968-4640-9101-37b05843d834,엘컴,가전제품,대구종합유통단지전자관사업협동조합,전통시장,대구광역시,3.0,3.0,,,RESOLVED_AGREEMENT,False,3,,,,
1a0f5755fd0f2f42a690,test,가전,T4 구어·문장,q_가전_03,가전제품 파는 곳,생활·마트 중 '가전'을 판매·제공하는 매장,c45c2a4c-5585-4d33-b73a-f4ba7426d1f7,글로벌여행사,여행,둔전골목형상점가,골목형상점가,경기도,0.0,0.0,,,RESOLVED_AGREEMENT,False,0,,,,
0d2e4b3e981be3d6eb90,test,가전,T4 구어·문장,q_가전_03,가전제품 파는 곳,생활·마트 중 '가전'을 판매·제공하는 매장,cd097f5b-f5e2-4c85-801b-3b45d1734367,대호전자,가전제품,문경시 점촌원도심 상권활성화구역,상권활성화구역,경상북도,3.0,3.0,,,RESOLVED_AGREEMENT,False,3,,,,
68497737e40d7a2b59bf,test,가전,T4 구어·문장,q_가전_03,가전제품 파는 곳,생활·마트 중 '가전'을 판매·제공하는 매장,1d48cd65-ecda-442e-9ec6-f99fd2454731,광진전자,가전제품,세운상가 가동,자율상권구역,서울특별시,3.0,3.0,,,RESOLVED_AGREEMENT,False,3,,,,
ff0811878ba55a63d6e4,test,가전,T4 구어·문장,q_가전_03,가전제품 파는 곳,생활·마트 중 '가전'을 판매·제공하는 매장,9a5a948e-cf05-4759-adfa-ec9ae9abdfab,우선가전,가전제품,대구종합유통단지전자관사업협동조합,전통시장,대구광역시,3.0,3.0,,,RESOLVED_AGREEMENT,False,3,,,,
1c7a92a0c383b1127d1e,test,가전,T4 구어·문장,q_가전_03,가전제품 파는 곳,생활·마트 중 '가전'을 판매·제공하는 매장,070f2150-4b0c-4540-a080-075d5cdaf2f2,진석전자,전자제품,세운상가 가동,자율상권구역,서울특별시,3.0,3.0,,,RESOLVED_AGREEMENT,False,3,,,,
d2a0d989518e82171c68,test,가전,T4 구어·문장,q_가전_03,가전제품 파는 곳,생활·마트 중 '가전'을 판매·제공하는 매장,8df70198-51bd-4e84-9310-c8cffb76a22b,부영전자,가전제품,신성전통시장,전통시장,서울특별시,3.0,3.0,,,RESOLVED_AGREEMENT,False,3,,,,
3ec29034c99c03a49cee,test,가전,T4 구어·문장,q_가전_03,가전제품 파는 곳,생활·마트 중 '가전'을 판매·제공하는 매장,015d0410-7e90-45d8-b79a-278244a88cd8,아진전자,전자제품,교동시장1길 상점가,자율상권구역,대구광역시,3.0,3.0,,,RESOLVED_AGREEMENT,False,3,,,,
eac9a66d65650ceb2684,test,가전,T4 구어·문장,q_가전_03,가전제품 파는 곳,생활·마트 중 '가전'을 판매·제공하는 매장,c978fe96-406a-4a0a-8f22-3ce5fbbece6b,영전자,가전제품,대구종합유통단지전자관사업협동조합,전통시장,대구광역시,3.0,3.0,,,RESOLVED_AGREEMENT,False,3,,,,
bb8fec7d3c12f6222c9e,test,가전,T4 구어·문장,q_가전_03,가전제품 파는 곳,생활·마트 중 '가전'을 판매·제공하는 매장,9b92bc52-85b5-4fea-8ff2-9a16e45dfde1,전자마트,가전제품,거제 고현자율상권,,경상남도,3.0,3.0,,,RESOLVED_AGREEMENT,False,3,,,,
8853b994f0deb04cbab6,test,가전,T4 구어·문장,q_가전_03,가전제품 파는 곳,생활·마트 중 '가전'을 판매·제공하는 매장,4008a7b8-8a6d-415a-ac94-6db5640751f8,케이상사,가전제품,신안골 골목형상점가,골목형상점가,광주광역시,3.0,3.0,,,RESOLVED_AGREEMENT,False,3,,,,
d3297fd93d0a2c702961,test,가전,T4 구어·문장,q_가전_03,가전제품 파는 곳,생활·마트 중 '가전'을 판매·제공하는 매장,a01f705d-c95c-4b37-a793-a2a253448dbd,동해전자,가전제품,미포1길 골목형상점가,골목형상점가,울산광역시,3.0,3.0,,,RESOLVED_AGREEMENT,False,3,,,,
28a715445f506b3818d4,test,가전,T4 구어·문장,q_가전_03,가전제품 파는 곳,생활·마트 중 '가전'을 판매·제공하는 매장,07d0dce9-f6bf-4455-b51e-fed0daa6b238,동우전자,가전제품,신월3동시장골목형상점가,골목형상점가,서울특별시,3.0,3.0,,,RESOLVED_AGREEMENT,False,3,,,,
9d0b698fa16ee6e4822e,test,가전,T4 구어·문장,q_가전_03,가전제품 파는 곳,생활·마트 중 '가전'을 판매·제공하는 매장,3fcb541e-05cd-4afa-851f-97eff1bd74c5,삼원전자,가전제품,창선상가,전통시장,부산광역시,3.0,3.0,,,RESOLVED_AGREEMENT,False,3,,,,
aa2f26324353b4ee660a,test,가전,T4 구어·문장,q_가전_03,가전제품 파는 곳,생활·마트 중 '가전'을 판매·제공하는 매장,41271a18-a3ae-445b-86bd-f7a2651faabe,동현상회,사과청과,대구능금시장,전통시장,대구광역시,0.0,0.0,,,RESOLVED_AGREEMENT,False,0,,,,
9a7f0657ca767fa98b5b,test,가전,T4 구어·문장,q_가전_03,가전제품 파는 곳,생활·마트 중 '가전'을 판매·제공하는 매장,019dfc3d-1f87-4c88-83ed-98bc560adaa2,신성사,"도소매(전자제품,카메라,잡화)",숭례문수입상가,전통시장,서울특별시,3.0,3.0,,,RESOLVED_AGREEMENT,False,3,,,,
10718ac6f638722943a2,test,가전,T4 구어·문장,q_가전_03,가전제품 파는 곳,생활·마트 중 '가전'을 판매·제공하는 매장,561d4a27-aeee-48a1-856f-b71792b66491,국제전자,가전제품,전자의거리 상점가,자율상권구역,광주광역시,3.0,3.0,,,RESOLVED_AGREEMENT,False,3,,,,
26855080bdece7e422ed,test,가전,T4 구어·문장,q_가전_03,가전제품 파는 곳,생활·마트 중 '가전'을 판매·제공하는 매장,b79d84c1-af23-4e73-ae76-55928fe55144,재기유통,가전제품,백년시장(구 강북종합전통시장),전통시장,서울특별시,3.0,3.0,,,RESOLVED_AGREEMENT,False,3,,,,
578ecf292114e3b783fa,test,가전,T4 구어·문장,q_가전_03,가전제품 파는 곳,생활·마트 중 '가전'을 판매·제공하는 매장,1504fdd2-4435-4008-93f6-437e89555b24,신일전자,가전제품,부산전자종합시장,전통시장,부산광역시,3.0,3.0,,,RESOLVED_AGREEMENT,False,3,,,,
0734c81a8593b7ed336e,test,가전,T4 구어·문장,q_가전_03,가전제품 파는 곳,생활·마트 중 '가전'을 판매·제공하는 매장,8a0cafd3-caa7-484e-b209-aa5d8ae47ce6,에어시스,가전제품,덕이동패션1번지,전통시장,경기도,3.0,3.0,,,RESOLVED_AGREEMENT,False,3,,,,
4a341b2d730b1e2863a0,test,가전,T4 구어·문장,q_가전_03,가전제품 파는 곳,생활·마트 중 '가전'을 판매·제공하는 매장,c9194634-7b7f-47a7-b020-0ffa06c6bb1b,봉곡전자,가전제품,진주 새서부시장,전통시장,경상남도,3.0,3.0,,,RESOLVED_AGREEMENT,False,3,,,,
a23f8fe0ab0292ef7e86,test,가전,T4 구어·문장,q_가전_03,가전제품 파는 곳,생활·마트 중 '가전'을 판매·제공하는 매장,6600b787-b50d-4ecc-a6ff-b215d55f5ca6,대한당,가전제품,해남매일시장,전통시장,전라남도,3.0,3.0,,,RESOLVED_AGREEMENT,False,3,,,,
cbc6b6941879913a7bbd,test,가전,T4 구어·문장,q_가전_03,가전제품 파는 곳,생활·마트 중 '가전'을 판매·제공하는 매장,013252ff-8440-43ec-8f2a-55f38c43569f,밀레 홈,가전제품,유성도안 골목형상점가,골목형상점가,대전광역시,3.0,3.0,,,RESOLVED_AGREEMENT,False,3,,,,
940a87d66e433a19dfb8,test,가전,T4 구어·문장,q_가전_03,가전제품 파는 곳,생활·마트 중 '가전'을 판매·제공하는 매장,6d54d932-d8c7-46c7-a2b3-cef1c2d49982,대봉전자,가전제품,대구종합유통단지전자관사업협동조합,기타,대구광역시,3.0,3.0,,,RESOLVED_AGREEMENT,False,3,,,,
f065d68b9abe4e72849a,test,가전,T4 구어·문장,q_가전_03,가전제품 파는 곳,생활·마트 중 '가전'을 판매·제공하는 매장,dfc8914d-491a-4bba-9f7b-3c6dc1ae7a1a,한미의료기,가전제품,사가정시장,전통시장,서울특별시,3.0,3.0,,,RESOLVED_AGREEMENT,False,3,,,,
e91fb935be7e0edc594a,test,가전,T4 구어·문장,q_가전_03,가전제품 파는 곳,생활·마트 중 '가전'을 판매·제공하는 매장,a4c12d2a-17b6-46b1-8be8-6f11d62a59b4,핸드존,가전제품,대구종합유통단지전자관사업협동조합,전통시장,대구광역시,3.0,3.0,,,RESOLVED_AGREEMENT,False,3,,,,
2a989f68850421575100,test,가전,T4 구어·문장,q_가전_03,가전제품 파는 곳,생활·마트 중 '가전'을 판매·제공하는 매장,ba0e3f61-f2fd-4927-894a-a69d7f706dfd,무등재활용,가전제품,챔피언스거리 골목형상점가,골목형상점가,광주광역시,3.0,3.0,,,RESOLVED_AGREEMENT,False,3,,,,
d983b23c04857d56fb12,test,가전,T4 구어·문장,q_가전_03,가전제품 파는 곳,생활·마트 중 '가전'을 판매·제공하는 매장,6c46090c-a4a9-4cfd-9ae1-c284a9b96f13,고화갈비살 화정점,소갈비살,화정로상인회 골목형상점가,골목형상점가,광주광역시,0.0,0.0,,,RESOLVED_AGREEMENT,False,0,,,,
2879f0a116a7e9e1ffae,test,가전,T4 구어·문장,q_가전_03,가전제품 파는 곳,생활·마트 중 '가전'을 판매·제공하는 매장,f0f0726e-8ebe-423b-9189-ef97c1a998a3,인켈포항점,가전제품,포항중앙상가,전통시장,경상북도,3.0,3.0,,,RESOLVED_AGREEMENT,False,3,,,,
290ab57aa573b3415a9a,test,가전,T4 구어·문장,q_가전_03,가전제품 파는 곳,생활·마트 중 '가전'을 판매·제공하는 매장,a551fa41-0a56-450e-9ae9-9b6041bb0291,무등전자,가전제품,전자의거리 상점가,자율상권구역,,3.0,3.0,,,RESOLVED_AGREEMENT,False,3,,,,
b633651a8f1c8716e766,test,가전,T4 구어·문장,q_가전_03,가전제품 파는 곳,생활·마트 중 '가전'을 판매·제공하는 매장,aa165ba4-ac97-4f4e-a17c-aebf4a7afffa,남전사,가전제품,전주풍남문상점가,자율상권구역,전북특별자치도,3.0,3.0,,,RESOLVED_AGREEMENT,False,3,,,,
0eac2af592790d615054,test,가전,T4 구어·문장,q_가전_03,가전제품 파는 곳,생활·마트 중 '가전'을 판매·제공하는 매장,cd13cce3-c80f-4448-a5b9-b5e27c0be69f,삼성창원특판,가전제품,마산 오동동 창동 어시장 상권활성화구역,상권활성화구역,경상남도,3.0,3.0,,,RESOLVED_AGREEMENT,False,3,,,,
ebe5402212045987b267,test,가전,T4 구어·문장,q_가전_03,가전제품 파는 곳,생활·마트 중 '가전'을 판매·제공하는 매장,54607cd1-2478-47fd-abca-fd11eda74e07,둥이가전,가전제품,칠성전자주방시장,전통시장,대구광역시,3.0,3.0,,,RESOLVED_AGREEMENT,False,3,,,,
edfa303e362ad6b9cce0,test,가전,T4 구어·문장,q_가전_03,가전제품 파는 곳,생활·마트 중 '가전'을 판매·제공하는 매장,7a6c13c5-5403-4416-8985-792ccfb0d4cf,효녀곱창,한식,반구시장,전통시장,울산광역시,0.0,0.0,,,RESOLVED_AGREEMENT,False,0,,,,
9075401a7e5271827ea5,test,가전,T4 구어·문장,q_가전_03,가전제품 파는 곳,생활·마트 중 '가전'을 판매·제공하는 매장,65d7525d-3416-400f-a90f-0290becac951,삼진전자,가전제품,진주 중앙상점가,자율상권구역,경상남도,3.0,3.0,,,RESOLVED_AGREEMENT,False,3,,,,
78ab0a48449bfd6f483d,test,가전,T4 구어·문장,q_가전_03,가전제품 파는 곳,생활·마트 중 '가전'을 판매·제공하는 매장,7465cddb-d480-43e1-808d-d1eab9c98713,승현전자,가전제품,김제중앙시장,전통시장,전북특별자치도,3.0,3.0,,,RESOLVED_AGREEMENT,False,3,,,,
3361a879d282b86656ad,test,가전,T4 구어·문장,q_가전_03,가전제품 파는 곳,생활·마트 중 '가전'을 판매·제공하는 매장,931e505b-b362-4d6d-bc28-8ee99da73862,서울상사,가전제품,정읍샘고을시장,전통시장,전북특별자치도,3.0,3.0,,,RESOLVED_AGREEMENT,False,3,,,,
a880019eda2e1c02aa15,test,가전,T4 구어·문장,q_가전_03,가전제품 파는 곳,생활·마트 중 '가전'을 판매·제공하는 매장,8fe52f32-a177-4fab-9b66-2f074599c39b,대한전자,가전제품,대구교동시장,전통시장,대구광역시,3.0,3.0,,,RESOLVED_AGREEMENT,False,3,,,,
2ed2ff078d5a3ee3a361,test,가전,T4 구어·문장,q_가전_03,가전제품 파는 곳,생활·마트 중 '가전'을 판매·제공하는 매장,5a9fc986-a418-4727-aeba-d9899501fc6c,한밭전자,가전제품,문창시장,전통시장,대전광역시,3.0,3.0,,,RESOLVED_AGREEMENT,False,3,,,,
beefb1c00f60ace725bf,test,가전,T4 구어·문장,q_가전_03,가전제품 파는 곳,생활·마트 중 '가전'을 판매·제공하는 매장,984a81bc-55fc-465d-8739-de543703dbef,가전하우스,가전제품,경산중앙로상점가,자율상권구역,경상북도,3.0,3.0,,,RESOLVED_AGREEMENT,False,3,,,,
f14e3cb2fdbe678d6eba,test,가전,T4 구어·문장,q_가전_03,가전제품 파는 곳,생활·마트 중 '가전'을 판매·제공하는 매장,a03882fd-49e2-4fc6-a482-cbd7385cb016,은혜전자,가전제품,목포동부시장,전통시장,전라남도,3.0,3.0,,,RESOLVED_AGREEMENT,False,3,,,,
e07be8e04becd2d0cb01,test,가전,T4 구어·문장,q_가전_03,가전제품 파는 곳,생활·마트 중 '가전'을 판매·제공하는 매장,d13f93f0-5a02-44a6-b1b2-7dd6a1219510,예스마트한림대점,마트,한림대골목형상점가,골목형상점가,강원특별자치도,0.0,0.0,,,RESOLVED_AGREEMENT,False,0,,,,
d209e3514d1758389290,test,가전,T4 구어·문장,q_가전_03,가전제품 파는 곳,생활·마트 중 '가전'을 판매·제공하는 매장,0643af45-97b9-4dc9-914b-9cd86d8920e0,덜렁전자,전자,개금큰시장,전통시장,부산광역시,1.0,3.0,,,P1_BINARY_THRESHOLD,True,,,,,
e6d2350c27b778ca9f6c,test,가전,T4 구어·문장,q_가전_03,가전제품 파는 곳,생활·마트 중 '가전'을 판매·제공하는 매장,ac863dbd-6106-4929-8dd1-4c2c0aa61e6d,대원전자,가전제품,전자의거리 상점가,자율상권구역,광주광역시,3.0,3.0,,,RESOLVED_AGREEMENT,False,3,,,,
07560686e4d303d439a6,test,가전,T4 구어·문장,q_가전_03,가전제품 파는 곳,생활·마트 중 '가전'을 판매·제공하는 매장,2855161a-026d-49d2-87c6-6fb9a4f4226f,서울A/V,가전제품,전자의거리 상점가,자율상권구역,광주광역시,3.0,3.0,,,RESOLVED_AGREEMENT,False,3,,,,
ef68c676144bd8e3ad13,test,가전,T4 구어·문장,q_가전_03,가전제품 파는 곳,생활·마트 중 '가전'을 판매·제공하는 매장,613e6014-0c95-4df5-a67a-3238de579e71,알뜰가전,가전제품,정훈한마음골목시장,골목형상점가,서울특별시,3.0,3.0,,,RESOLVED_AGREEMENT,False,3,,,,
73beb5e21c74dcec643a,test,가전,T4 구어·문장,q_가전_03,가전제품 파는 곳,생활·마트 중 '가전'을 판매·제공하는 매장,da68561e-4a2a-41a7-9b59-ecce7265ea7c,금강토탈,가전제품 등,공산성골목형상점가,골목형상점가,충청남도,3.0,3.0,,,RESOLVED_AGREEMENT,False,3,,,,
143eaa3ffd0547324e3d,test,가전,T4 구어·문장,q_가전_03,가전제품 파는 곳,생활·마트 중 '가전'을 판매·제공하는 매장,41c403af-6d80-4c6a-950b-c41a54107378,신희전자,가전제품,세운상가 가동,자율상권구역,서울특별시,3.0,3.0,,,RESOLVED_AGREEMENT,False,3,,,,
2af93730bca3367b7b60,test,가전,T4 구어·문장,q_가전_03,가전제품 파는 곳,생활·마트 중 '가전'을 판매·제공하는 매장,25940d70-af20-46c3-9305-44b5fc6d3689,홍익전자,가전제품,여수서시장주변시장,전통시장,전라남도,3.0,3.0,,,RESOLVED_AGREEMENT,False,3,,,,
5fde039fd47e64864ca3,test,가전,T4 구어·문장,q_가전_03,가전제품 파는 곳,생활·마트 중 '가전'을 판매·제공하는 매장,0322f91e-a79b-48d4-804c-736d63236ddd,롯데전자,전자제품,부산전자종합시장,전통시장,부산광역시,3.0,3.0,,,RESOLVED_AGREEMENT,False,3,,,,
4938610cd82d2f359d46,test,가전,T4 구어·문장,q_가전_03,가전제품 파는 곳,생활·마트 중 '가전'을 판매·제공하는 매장,459f7b39-0f25-49d2-b7ea-9d4fffe91ffb,고려전자,가전제품,역전지하상가,일반지하상점가,대전광역시,3.0,3.0,,,RESOLVED_AGREEMENT,False,3,,,,
46bcc5e2b5cd06146a04,test,가전,T4 구어·문장,q_가전_03,가전제품 파는 곳,생활·마트 중 '가전'을 판매·제공하는 매장,cf1d77fb-0249-4d15-8708-3b2efb667481,금성전자,가전제품,광양5일시장,전통시장,전라남도,3.0,3.0,,,RESOLVED_AGREEMENT,False,3,,,,
eca2f4644f742356fc91,test,가전,T4 구어·문장,q_가전_03,가전제품 파는 곳,생활·마트 중 '가전'을 판매·제공하는 매장,b544cd84-d628-465c-bca6-081216338f69,폰온,가전제품,용인중앙시장,전통시장,경기도,3.0,3.0,,,RESOLVED_AGREEMENT,False,3,,,,
fdaeb26c31418a384a44,test,가전,T4 구어·문장,q_가전_03,가전제품 파는 곳,생활·마트 중 '가전'을 판매·제공하는 매장,8ec4b783-0604-4876-a5a5-572d70fdb321,종합가전제품,가전제품,진보전통시장,전통시장,경상북도,3.0,3.0,,,RESOLVED_AGREEMENT,False,3,,,,
790d92b6187efbf7b00c,test,가전,T4 구어·문장,q_가전_03,가전제품 파는 곳,생활·마트 중 '가전'을 판매·제공하는 매장,07718900-54cb-4610-b811-e249696b1551,대왕전자,가전제품,전자상가,전통시장,대구광역시,3.0,3.0,,,RESOLVED_AGREEMENT,False,3,,,,
c4ed83d79b29b4fd4a3b,test,가전,T4 구어·문장,q_가전_03,가전제품 파는 곳,생활·마트 중 '가전'을 판매·제공하는 매장,515ef098-86af-40a7-9c64-3d2288f1b7aa,동해상사,가전제품,강릉성남시장,전통시장,강원특별자치도,3.0,3.0,,,RESOLVED_AGREEMENT,False,3,,,,
10f6ceede55c280d1e8c,test,가전,T4 구어·문장,q_가전_03,가전제품 파는 곳,생활·마트 중 '가전'을 판매·제공하는 매장,bfcca7b1-4a62-454e-9907-c62b30623397,닉스,가전제품,숭례문수입상가,전통시장,서울특별시,3.0,3.0,,,RESOLVED_AGREEMENT,False,3,,,,
fe761cc77455d4099194,test,가전,T4 구어·문장,q_가전_03,가전제품 파는 곳,생활·마트 중 '가전'을 판매·제공하는 매장,41590f6e-5738-418d-950c-dd32fc7a4b5f,대영전자,가전제품,웅천시장,전통시장,충청남도,3.0,3.0,,,RESOLVED_AGREEMENT,False,3,,,,
9dadb56324c1dbb7cfcb,test,가전,T4 구어·문장,q_가전_03,가전제품 파는 곳,생활·마트 중 '가전'을 판매·제공하는 매장,19cf591d-2350-4166-9cc1-fc4c93ef33c6,동인전자,가전제품,도란도란 골목형상점가,골목형상점가,전북특별자치도,3.0,3.0,,,RESOLVED_AGREEMENT,False,3,,,,
94268bce0f55e8391204,test,가전,T4 구어·문장,q_가전_03,가전제품 파는 곳,생활·마트 중 '가전'을 판매·제공하는 매장,e34b7b20-578c-4372-8c3d-ecea6af849b0,이레전자,가전제품,백학시장 상점가,자율상권구역,서울특별시,3.0,3.0,,,RESOLVED_AGREEMENT,False,3,,,,
6dc008b3692a13164f3d,test,가전,T4 구어·문장,q_가전_03,가전제품 파는 곳,생활·마트 중 '가전'을 판매·제공하는 매장,9e525325-48e1-45e0-80a5-2f49e1ccbe52,삼양전자,가전제품,전자의거리 상점가,자율상권구역,광주광역시,3.0,3.0,,,RESOLVED_AGREEMENT,False,3,,,,
033659e4a2bcf1d6a441,test,가전,T4 구어·문장,q_가전_03,가전제품 파는 곳,생활·마트 중 '가전'을 판매·제공하는 매장,de799801-0b05-4b8c-9348-a5e9f04fe1a4,중앙냉동사,가전제품,칠성전자주방시장,전통시장,대구광역시,3.0,3.0,,,RESOLVED_AGREEMENT,False,3,,,,
af4f9e373a1ce12f1c14,test,가전,T4 구어·문장,q_가전_03,가전제품 파는 곳,생활·마트 중 '가전'을 판매·제공하는 매장,e8779aa3-315f-4c35-a8b6-5de7997622b6,국제사,가전제품,"온양온천시장(온양재래시장, 전통시장)",전통시장,충청남도,3.0,3.0,,,RESOLVED_AGREEMENT,False,3,,,,
f6a460a4543be90465cf,test,가전,T4 구어·문장,q_가전_03,가전제품 파는 곳,생활·마트 중 '가전'을 판매·제공하는 매장,0bd257b7-8b12-4b8b-b76e-6661aa2bc658,시민전자,가전제품,문경중앙시장,전통시장,경상북도,3.0,3.0,,,RESOLVED_AGREEMENT,False,3,,,,
75c2a64d9c9bb9e2a094,test,가전,T4 구어·문장,q_가전_03,가전제품 파는 곳,생활·마트 중 '가전'을 판매·제공하는 매장,7e07cfee-3c2c-455c-8b5a-a4efd0af5aa6,털보냉동,가전제품,칠성전자주방시장,전통시장,대구광역시,3.0,3.0,,,RESOLVED_AGREEMENT,False,3,,,,
a6749231f1253f644f06,test,가전,T4 구어·문장,q_가전_03,가전제품 파는 곳,생활·마트 중 '가전'을 판매·제공하는 매장,4e3d6f08-6043-4518-8e19-250dc969f7f2,다모여호프,한식,법동 먹자골목 골목형상점가,골목형상점가,대전광역시,0.0,0.0,,,RESOLVED_AGREEMENT,False,0,,,,
34682751e8338a605cc5,test,가전,T4 구어·문장,q_가전_03,가전제품 파는 곳,생활·마트 중 '가전'을 판매·제공하는 매장,9642bacc-baa5-40f2-a750-c9c0dea2b25f,샛별전자,가전제품,부산국제시장,전통시장,부산광역시,3.0,3.0,,,RESOLVED_AGREEMENT,False,3,,,,
1b895b6860e12f939e08,test,가전,T4 구어·문장,q_가전_03,가전제품 파는 곳,생활·마트 중 '가전'을 판매·제공하는 매장,aa102866-628c-4ac7-855a-14528a7e3b85,동원유통,가전제품,대구종합유통단지전자관사업협동조합,전통시장,대구광역시,3.0,3.0,,,RESOLVED_AGREEMENT,False,3,,,,
60de73cc76e5562a5a22,test,가전,T4 구어·문장,q_가전_03,가전제품 파는 곳,생활·마트 중 '가전'을 판매·제공하는 매장,2890f2e4-d435-4fa6-ba95-efe4db6c3bd7,대소대리점,가전제품,대소시장,전통시장,충청북도,3.0,3.0,,,RESOLVED_AGREEMENT,False,3,,,,
2beb68b1754f4c9adb35,test,가전,T4 구어·문장,q_가전_03,가전제품 파는 곳,생활·마트 중 '가전'을 판매·제공하는 매장,3922f079-8109-49d0-8c14-ce4112f1c87d,그린 테이블,일반음식,황동길 골목형상점가,골목형상점가,전라남도,0.0,0.0,,,RESOLVED_AGREEMENT,False,0,,,,
94eed66cce32e3b137b7,test,가전,T4 구어·문장,q_가전_04,전자제품 살 데,생활·마트 중 '가전'을 판매·제공하는 매장,45c77783-fe91-4c06-813d-d9485203e491,신안전자,전자제품,세운상가 가동,자율상권구역,서울특별시,3.0,3.0,,,RESOLVED_AGREEMENT,False,3,,,,
7fd0adcb90cf9bb3da77,test,가전,T4 구어·문장,q_가전_04,전자제품 살 데,생활·마트 중 '가전'을 판매·제공하는 매장,1a6ae460-8c72-47a3-9c7a-b097095861d7,삼일전자,전자제품,부산전자종합시장,전통시장,부산광역시,3.0,3.0,,,RESOLVED_AGREEMENT,False,3,,,,
c4f9bb89548c211edbe4,test,가전,T4 구어·문장,q_가전_04,전자제품 살 데,생활·마트 중 '가전'을 판매·제공하는 매장,12a0ef39-8ee4-4b6c-bf5a-16554eff897b,동남전자,전자제품,부산전자종합시장,전통시장,부산광역시,3.0,3.0,,,RESOLVED_AGREEMENT,False,3,,,,
57ec550320f16d1e68b8,test,가전,T4 구어·문장,q_가전_04,전자제품 살 데,생활·마트 중 '가전'을 판매·제공하는 매장,4ae3a162-19f3-47da-843c-5d2d6f9e6e55,신광전자,전자제품,대구교동시장,전통시장,대구광역시,3.0,3.0,,,RESOLVED_AGREEMENT,False,3,,,,
304d96fc26f8e7bf6a4c,test,가전,T4 구어·문장,q_가전_04,전자제품 살 데,생활·마트 중 '가전'을 판매·제공하는 매장,f7cbdb35-4507-4383-a107-d1c4e1cd9fef,동원전자,전자제품,진부전통시장,전통시장,강원특별자치도,3.0,3.0,,,RESOLVED_AGREEMENT,False,3,,,,
0dc1b38f56b41ae0a8f1,test,가전,T4 구어·문장,q_가전_04,전자제품 살 데,생활·마트 중 '가전'을 판매·제공하는 매장,941876a0-914b-4e1c-9c4b-ae03708463bd,나눔에 서점,책,엄사 골목형상점가,골목형상점가,충청남도,0.0,0.0,,,RESOLVED_AGREEMENT,False,0,,,,
cb001ca63ae9b476e0bb,test,가전,T4 구어·문장,q_가전_04,전자제품 살 데,생활·마트 중 '가전'을 판매·제공하는 매장,d689f86c-e2d8-4a7a-bd4e-8757c0854936,예산상회,야채,포방터시장,전통시장,서울특별시,0.0,0.0,,,RESOLVED_AGREEMENT,False,0,,,,
cfec187a3bd48fdde274,test,가전,T4 구어·문장,q_가전_04,전자제품 살 데,생활·마트 중 '가전'을 판매·제공하는 매장,cdd33b68-6bd3-4881-a5a1-c24939fbee60,칭따오 양꼬치,양꼬치,월산상가 골목형 상점가,골목형상점가,충청남도,0.0,0.0,,,RESOLVED_AGREEMENT,False,0,,,,
2b449c86efb9e8458708,test,가전,T4 구어·문장,q_가전_04,전자제품 살 데,생활·마트 중 '가전'을 판매·제공하는 매장,481a748a-f250-4d1c-a594-dcbdcf6c55cd,유림전자,전자제품,전주전자상가(구 전주기린로전자상가),자율상권구역,전북특별자치도,3.0,3.0,,,RESOLVED_AGREEMENT,False,3,,,,
c2dc94dab33703cfcee6,test,가전,T4 구어·문장,q_가전_04,전자제품 살 데,생활·마트 중 '가전'을 판매·제공하는 매장,7af27279-e181-4573-bdc3-a2dccecba04f,화성전자,전자제품,전자의거리 상점가,자율상권구역,광주광역시,3.0,3.0,,,RESOLVED_AGREEMENT,False,3,,,,
1484642e1119af8cc1d6,test,가전,T4 구어·문장,q_가전_04,전자제품 살 데,생활·마트 중 '가전'을 판매·제공하는 매장,1787bc8c-ee72-4950-a22d-b9ecf549e43c,한창전기,전자제품,서면시장,전통시장,부산광역시,3.0,3.0,,,RESOLVED_AGREEMENT,False,3,,,,
88c66dfa9f7b5a1419e2,test,가전,T4 구어·문장,q_가전_04,전자제품 살 데,생활·마트 중 '가전'을 판매·제공하는 매장,77f9f867-19e7-4066-966b-a489081e92f5,서광전자,전자제품,부산전자종합시장,전통시장,부산광역시,3.0,3.0,,,RESOLVED_AGREEMENT,False,3,,,,
4d922c5273195ae18429,test,가전,T4 구어·문장,q_가전_04,전자제품 살 데,생활·마트 중 '가전'을 판매·제공하는 매장,0322f91e-a79b-48d4-804c-736d63236ddd,롯데전자,전자제품,부산전자종합시장,전통시장,부산광역시,3.0,3.0,,,RESOLVED_AGREEMENT,False,3,,,,
bbc64994a627c7c4861d,test,가전,T4 구어·문장,q_가전_04,전자제품 살 데,생활·마트 중 '가전'을 판매·제공하는 매장,67fa37ca-5cbb-42be-b2a9-6186d9880b8d,시민전자,전자제품,부산전자종합시장,전통시장,부산광역시,3.0,3.0,,,RESOLVED_AGREEMENT,False,3,,,,
edee4e86467b01782cb0,test,가전,T4 구어·문장,q_가전_04,전자제품 살 데,생활·마트 중 '가전'을 판매·제공하는 매장,dc5a32c5-6885-4784-81e9-9e2e9ef54edd,동아전자,전자제품,세운상가 가동,자율상권구역,서울특별시,3.0,3.0,,,RESOLVED_AGREEMENT,False,3,,,,
1114ad988d4a2fdf7b82,test,가전,T4 구어·문장,q_가전_04,전자제품 살 데,생활·마트 중 '가전'을 판매·제공하는 매장,17620d91-a94a-4134-8914-033e4138011e,명성전자,전자제품,남원공설시장,전통시장,전북특별자치도,3.0,3.0,,,RESOLVED_AGREEMENT,False,3,,,,
b81dd1a761eab7d62f05,test,가전,T4 구어·문장,q_가전_04,전자제품 살 데,생활·마트 중 '가전'을 판매·제공하는 매장,c9c61d08-014d-415d-8bca-ff187ff1e3d3,해양전자,전자제품,부산전자종합시장,전통시장,부산광역시,3.0,3.0,,,RESOLVED_AGREEMENT,False,3,,,,
24207a9b68d7652c4d49,test,가전,T4 구어·문장,q_가전_04,전자제품 살 데,생활·마트 중 '가전'을 판매·제공하는 매장,d9f86322-c7c0-4f1d-a582-ce92fb9881a5,부산전자,전자제품,부산전자종합시장,전통시장,부산광역시,3.0,3.0,,,RESOLVED_AGREEMENT,False,3,,,,
66420120f1cb7cb3ad67,test,가전,T4 구어·문장,q_가전_04,전자제품 살 데,생활·마트 중 '가전'을 판매·제공하는 매장,13d36787-e8cb-4a59-aebe-b9872833f3fb,중앙전자,"전자제품, 전자",서산동부전통시장,전통시장,충청남도,3.0,3.0,,,RESOLVED_AGREEMENT,False,3,,,,
1456ae8252a6761d5aec,test,가전,T4 구어·문장,q_가전_04,전자제품 살 데,생활·마트 중 '가전'을 판매·제공하는 매장,14aeb05e-b5c7-4a63-a1c4-f057c7a791ad,한아름전자,전자제품,부산전자종합시장,전통시장,부산광역시,3.0,3.0,,,RESOLVED_AGREEMENT,False,3,,,,
34488a7015df76051bdf,test,가전,T4 구어·문장,q_가전_04,전자제품 살 데,생활·마트 중 '가전'을 판매·제공하는 매장,5bdb5cc9-5160-4118-94bd-53d74d2ea1f0,신자유전자,전자제품,부산전자종합시장,전통시장,부산광역시,3.0,3.0,,,RESOLVED_AGREEMENT,False,3,,,,
3c2ae22047b6fd7d1e22,test,가전,T4 구어·문장,q_가전_04,전자제품 살 데,생활·마트 중 '가전'을 판매·제공하는 매장,18a9cd2a-e605-4a47-a80a-86b53d16ecd0,합동전자,전자제품,진주 논개시장,전통시장,경상남도,3.0,3.0,,,RESOLVED_AGREEMENT,False,3,,,,
bd2dd731d501fd734989,test,가전,T4 구어·문장,q_가전_04,전자제품 살 데,생활·마트 중 '가전'을 판매·제공하는 매장,785afe9c-47a5-45a4-b6d9-42c44bc5fb51,종합전자,전자제품,무극시장,전통시장,충청북도,3.0,3.0,,,RESOLVED_AGREEMENT,False,3,,,,
7c6283b83fa0290df76f,test,가전,T4 구어·문장,q_가전_04,전자제품 살 데,생활·마트 중 '가전'을 판매·제공하는 매장,64a97123-0e76-4b5e-942b-c2d83b756c49,인하마트,전자제품,하단오일상설시장,전통시장,부산광역시,3.0,3.0,,,RESOLVED_AGREEMENT,False,3,,,,
61f57a794cdb60cf7f8c,test,가전,T4 구어·문장,q_가전_04,전자제품 살 데,생활·마트 중 '가전'을 판매·제공하는 매장,aa5de91c-8c44-4856-9595-245b006c69bf,㈜미르유통,전자제품,부사시장,전통시장,대전광역시,3.0,3.0,,,RESOLVED_AGREEMENT,False,3,,,,
313bc2acab860b69bb50,test,가전,T4 구어·문장,q_가전_04,전자제품 살 데,생활·마트 중 '가전'을 판매·제공하는 매장,0950ef91-5c5c-433a-b634-2da97c092982,에스원이엔지(주),전자제품,목동깨비시장(구 목3동시장),전통시장,서울특별시,3.0,3.0,,,RESOLVED_AGREEMENT,False,3,,,,
74a905e430dc0105de2a,test,가전,T4 구어·문장,q_가전_04,전자제품 살 데,생활·마트 중 '가전'을 판매·제공하는 매장,efa0a872-a3ba-4326-b92a-b42599fc9fdf,서울중고시장,전자제품,포항 해도새록새로 골목형상점가,골목형상점가,경상북도,3.0,3.0,,,RESOLVED_AGREEMENT,False,3,,,,
223b4d84ddfc1f1618b4,test,가전,T4 구어·문장,q_가전_04,전자제품 살 데,생활·마트 중 '가전'을 판매·제공하는 매장,0b7530c6-633d-4e74-bea5-4db02af07f2c,쎈딜,"잡화, 전자제품 등",양산 남부시장,전통시장,경상남도,3.0,3.0,,,RESOLVED_AGREEMENT,False,3,,,,
2611fc521c79bc70d1af,test,가전,T4 구어·문장,q_가전_04,전자제품 살 데,생활·마트 중 '가전'을 판매·제공하는 매장,32df3cee-7d8b-4e5e-ad61-9ea6575d9bde,아인텍,전자제품,부산전자종합시장,전통시장,부산광역시,3.0,3.0,,,RESOLVED_AGREEMENT,False,3,,,,
4206a186839d774ce09b,test,가전,T4 구어·문장,q_가전_04,전자제품 살 데,생활·마트 중 '가전'을 판매·제공하는 매장,d91ea470-bf1d-4ced-ba31-c3a8ed4c1876,강남전자,전자제품,부산전자종합시장,전통시장,부산광역시,3.0,3.0,,,RESOLVED_AGREEMENT,False,3,,,,
9f677e6d725975a51c5f,test,가전,T4 구어·문장,q_가전_04,전자제품 살 데,생활·마트 중 '가전'을 판매·제공하는 매장,33322eb8-f17d-459c-81e9-ced357b904a3,전자명품관,전자제품,대구종합유통단지전자관사업협동조합,전통시장,대구광역시,3.0,3.0,,,RESOLVED_AGREEMENT,False,3,,,,
42219796f069a707adeb,test,가전,T4 구어·문장,q_가전_04,전자제품 살 데,생활·마트 중 '가전'을 판매·제공하는 매장,14b18c4c-3da3-451a-a7f5-4c17ab131563,대주전자,전자제품,부산전자종합시장,전통시장,부산광역시,3.0,3.0,,,RESOLVED_AGREEMENT,False,3,,,,
32b105ade967ece12530,test,가전,T4 구어·문장,q_가전_04,전자제품 살 데,생활·마트 중 '가전'을 판매·제공하는 매장,df4f822f-adaa-411b-b931-fb28cc0a049c,래래장,중식,고암 골목형상점가,골목형상점가,충청북도,0.0,0.0,,,RESOLVED_AGREEMENT,False,0,,,,
6a9631b04e40627f5513,test,가전,T4 구어·문장,q_가전_04,전자제품 살 데,생활·마트 중 '가전'을 판매·제공하는 매장,15cf0851-76b9-432d-9105-6f4510c74f41,정현정,전자제품,부산전자종합시장,전통시장,부산광역시,3.0,3.0,,,RESOLVED_AGREEMENT,False,3,,,,
07e5079aaa19fcfbb6bc,test,가전,T4 구어·문장,q_가전_04,전자제품 살 데,생활·마트 중 '가전'을 판매·제공하는 매장,3b6519b9-edb9-43e8-b646-f31687b80cab,한일옥매트,전자제품,새길시장,전통시장,대구광역시,3.0,3.0,,,RESOLVED_AGREEMENT,False,3,,,,
10ca247c4a1fd3b32a56,test,가전,T4 구어·문장,q_가전_04,전자제품 살 데,생활·마트 중 '가전'을 판매·제공하는 매장,8756b6e7-f387-40fd-a230-53f0cc8ce77e,구구사,전자제품,부산전자종합시장,전통시장,부산광역시,3.0,3.0,,,RESOLVED_AGREEMENT,False,3,,,,
869d96114287d0d2dc88,test,가전,T4 구어·문장,q_가전_04,전자제품 살 데,생활·마트 중 '가전'을 판매·제공하는 매장,3a43955d-73e3-4111-b08f-92820e516419,대신전자,전자제품,부산전자종합시장,전통시장,부산광역시,3.0,3.0,,,RESOLVED_AGREEMENT,False,3,,,,
7dac0909ab5f6a32d364,test,가전,T4 구어·문장,q_가전_04,전자제품 살 데,생활·마트 중 '가전'을 판매·제공하는 매장,0e4b7769-9c37-41dd-80da-d0ad2c59e2ad,미래프라자,전자제품,대구종합유통단지전자관사업협동조합,전통시장,대구광역시,3.0,3.0,,,RESOLVED_AGREEMENT,False,3,,,,
7bd61211240f2b512204,test,가전,T4 구어·문장,q_가전_04,전자제품 살 데,생활·마트 중 '가전'을 판매·제공하는 매장,c9f68561-3aa5-4eaa-bc45-b898604fae59,PC나라,전자제품,부산전자종합시장,전통시장,부산광역시,3.0,3.0,,,RESOLVED_AGREEMENT,False,3,,,,
58c5f7570459c894e5be,test,가전,T4 구어·문장,q_가전_04,전자제품 살 데,생활·마트 중 '가전'을 판매·제공하는 매장,b16b40fc-1cf8-405e-a311-bbb6443aba36,수봉전자,전자제품,부산전자종합시장,전통시장,부산광역시,3.0,3.0,,,RESOLVED_AGREEMENT,False,3,,,,
b0519f02940c4ba3dede,test,가전,T4 구어·문장,q_가전_04,전자제품 살 데,생활·마트 중 '가전'을 판매·제공하는 매장,7b5ea680-c1ab-4125-ad48-21d4253b3a7a,신우전자,전자제품,양주가래비중앙로상점가,골목형상점가,경기도,3.0,3.0,,,RESOLVED_AGREEMENT,False,3,,,,
43b9d7b3ef4ad452d3a0,test,가전,T4 구어·문장,q_가전_04,전자제품 살 데,생활·마트 중 '가전'을 판매·제공하는 매장,939b7fab-69df-4b64-ba5f-0bfe86126fc6,신일광전사,전자제품,부산전자종합시장,전통시장,부산광역시,3.0,3.0,,,RESOLVED_AGREEMENT,False,3,,,,
614f9f3ce1e72b2e96b8,test,가전,T4 구어·문장,q_가전_04,전자제품 살 데,생활·마트 중 '가전'을 판매·제공하는 매장,ddbdbf1f-8d59-4d3e-a493-8a7327221e50,동창전자,전자제품,부산전자종합시장,전통시장,부산광역시,3.0,3.0,,,RESOLVED_AGREEMENT,False,3,,,,
aa89fb6c236b50370ec4,test,가전,T4 구어·문장,q_가전_04,전자제품 살 데,생활·마트 중 '가전'을 판매·제공하는 매장,a59ab6f8-dee3-4a8f-9ed1-51f7b07aa609,부경전자,전자제품,부산전자종합시장,전통시장,부산광역시,3.0,3.0,,,RESOLVED_AGREEMENT,False,3,,,,
ffa8bee09e54569f0cf1,test,가전,T4 구어·문장,q_가전_04,전자제품 살 데,생활·마트 중 '가전'을 판매·제공하는 매장,5fa5d7f7-8a08-4cd4-8526-6b4e13ad4ec9,백광사,전자제품,부산전자종합시장,전통시장,부산광역시,3.0,3.0,,,RESOLVED_AGREEMENT,False,3,,,,
c28185e38bdf998a1338,test,가전,T4 구어·문장,q_가전_04,전자제품 살 데,생활·마트 중 '가전'을 판매·제공하는 매장,509a7f40-ca9d-4a0e-b9c7-d0f46215ac2a,미성음향,전자제품,부산전자종합시장,전통시장,부산광역시,3.0,3.0,,,RESOLVED_AGREEMENT,False,3,,,,
1b53cc793c565f566bc4,test,가전,T4 구어·문장,q_가전_04,전자제품 살 데,생활·마트 중 '가전'을 판매·제공하는 매장,aba6a592-0a31-467f-b22e-f2b737a46ed8,부흥농약종묘사,"농약, 종묘, 담배, 비료, 농자재",영해만세시장(구 영해시장),전통시장,경상북도,0.0,0.0,,,RESOLVED_AGREEMENT,False,0,,,,
7a41d08d916ec7e6027d,test,가전,T4 구어·문장,q_가전_04,전자제품 살 데,생활·마트 중 '가전'을 판매·제공하는 매장,0643af45-97b9-4dc9-914b-9cd86d8920e0,덜렁전자,전자,개금큰시장,전통시장,부산광역시,1.0,3.0,,,P1_BINARY_THRESHOLD,True,,,,,
df1802764487c0a08e08,test,가전,T4 구어·문장,q_가전_04,전자제품 살 데,생활·마트 중 '가전'을 판매·제공하는 매장,37dea726-8532-4f72-9c20-20486bb02e06,이기영의과병원,동물병원,제민천 골목형상점가,골목형상점가,충청남도,0.0,0.0,,,RESOLVED_AGREEMENT,False,0,,,,
919658c888b25680acbc,test,가전,T4 구어·문장,q_가전_04,전자제품 살 데,생활·마트 중 '가전'을 판매·제공하는 매장,fe88ee2e-edd6-4f45-a1a1-c9eeaf683a19,"나의, 체육관 PT 이수역점",개인 PT,동작구 LINK 상권활성화구역,상권활성화구역,서울특별시,0.0,0.0,,,RESOLVED_AGREEMENT,False,0,,,,
28cfd910516f8c56dd14,test,가전,T4 구어·문장,q_가전_04,전자제품 살 데,생활·마트 중 '가전'을 판매·제공하는 매장,daaa377b-458c-4199-9e32-e91890d9394e,효동각,중식,병점중심상가,자율상권구역,경기도,0.0,0.0,,,RESOLVED_AGREEMENT,False,0,,,,
ad8b2c5b494cc4f02b1e,test,가전,T4 구어·문장,q_가전_04,전자제품 살 데,생활·마트 중 '가전'을 판매·제공하는 매장,d003b1a8-34f2-4588-9297-fecec61b678a,남창전자,전자제품,부산전자종합시장,전통시장,부산광역시,3.0,3.0,,,RESOLVED_AGREEMENT,False,3,,,,
5cf036c58a8d6d12cb41,test,가전,T4 구어·문장,q_가전_04,전자제품 살 데,생활·마트 중 '가전'을 판매·제공하는 매장,94093ba3-7f7d-4f7c-a14a-3c4c8e23eca9,개성전자,전자제품,부산전자종합시장,전통시장,부산광역시,3.0,3.0,,,RESOLVED_AGREEMENT,False,3,,,,
4f466ab9612abf5568ea,test,가전,T4 구어·문장,q_가전_04,전자제품 살 데,생활·마트 중 '가전'을 판매·제공하는 매장,16e56464-0c62-4bf2-8398-7bb8f709b350,대전음향,전자제품,전통중앙도매상가,전통시장,대전광역시,3.0,3.0,,,RESOLVED_AGREEMENT,False,3,,,,
5dd4347f00cc89bd4b02,test,가전,T4 구어·문장,q_가전_04,전자제품 살 데,생활·마트 중 '가전'을 판매·제공하는 매장,d3b581ea-9b1b-49f3-aa3e-017f0255922c,종합전자,전자제품,화정로상인회 골목형상점가,골목형상점가,광주광역시,3.0,3.0,,,RESOLVED_AGREEMENT,False,3,,,,
a678d1bfac0ad8f40ba9,test,가전,T4 구어·문장,q_가전_04,전자제품 살 데,생활·마트 중 '가전'을 판매·제공하는 매장,a63f5342-29ad-4f31-8f11-8851467ac9cb,아폴로전자,전자제품,대구교동시장,전통시장,대구광역시,3.0,3.0,,,RESOLVED_AGREEMENT,False,3,,,,
c51f23990002a3be6e1b,test,가전,T4 구어·문장,q_가전_04,전자제품 살 데,생활·마트 중 '가전'을 판매·제공하는 매장,015d0410-7e90-45d8-b79a-278244a88cd8,아진전자,전자제품,교동시장1길 상점가,자율상권구역,대구광역시,3.0,3.0,,,RESOLVED_AGREEMENT,False,3,,,,
ae1c89443c235a082a3e,test,가전,T4 구어·문장,q_가전_04,전자제품 살 데,생활·마트 중 '가전'을 판매·제공하는 매장,019dfc3d-1f87-4c88-83ed-98bc560adaa2,신성사,"도소매(전자제품,카메라,잡화)",숭례문수입상가,전통시장,서울특별시,3.0,3.0,,,RESOLVED_AGREEMENT,False,3,,,,
7cb8941aff9acfb3e59f,test,가전,T4 구어·문장,q_가전_04,전자제품 살 데,생활·마트 중 '가전'을 판매·제공하는 매장,1cefd18d-ce9a-4372-a00b-a5c669e9223b,은성사,전자제품,춘천중앙시장,전통시장,강원특별자치도,3.0,3.0,,,RESOLVED_AGREEMENT,False,3,,,,
3d1930b979a053773c80,test,가전,T4 구어·문장,q_가전_04,전자제품 살 데,생활·마트 중 '가전'을 판매·제공하는 매장,070f2150-4b0c-4540-a080-075d5cdaf2f2,진석전자,전자제품,세운상가 가동,자율상권구역,서울특별시,3.0,3.0,,,RESOLVED_AGREEMENT,False,3,,,,
6c1f409d6fecb608bd33,test,가전,T4 구어·문장,q_가전_04,전자제품 살 데,생활·마트 중 '가전'을 판매·제공하는 매장,d803a104-7a94-4571-aecc-61a7d94d4572,하나전자,전자제품,부산전자종합시장,전통시장,부산광역시,3.0,3.0,,,RESOLVED_AGREEMENT,False,3,,,,
de3b6f8a66106411f817,test,가전,T4 구어·문장,q_가전_04,전자제품 살 데,생활·마트 중 '가전'을 판매·제공하는 매장,b22b3ca6-7fe9-48d4-be95-1e1eaf08217f,첨단전자,전자제품,부산전자종합시장,전통시장,부산광역시,3.0,3.0,,,RESOLVED_AGREEMENT,False,3,,,,
c95ee9795f91a3e2d99b,test,가전,T4 구어·문장,q_가전_04,전자제품 살 데,생활·마트 중 '가전'을 판매·제공하는 매장,8177c7fb-3912-44fd-af4e-54078db0377b,조은전자,전자제품,대구교동시장,전통시장,대구광역시,3.0,3.0,,,RESOLVED_AGREEMENT,False,3,,,,
67d766f271f787aeab30,test,가전,T4 구어·문장,q_가전_04,전자제품 살 데,생활·마트 중 '가전'을 판매·제공하는 매장,cff4587e-c7c2-4a03-9cd0-8e58062d2058,대흥전자,전자제품,부산전자종합시장,전통시장,부산광역시,3.0,3.0,,,RESOLVED_AGREEMENT,False,3,,,,
7c2912f258d7fc9ca37d,test,가전,T4 구어·문장,q_가전_04,전자제품 살 데,생활·마트 중 '가전'을 판매·제공하는 매장,1af1dee2-a045-448c-8c64-e137507f06f0,원일,전자제품,남대문시장,전통시장,서울특별시,3.0,3.0,,,RESOLVED_AGREEMENT,False,3,,,,
9d85efb244ddb8a435f9,test,가전,T4 구어·문장,q_가전_04,전자제품 살 데,생활·마트 중 '가전'을 판매·제공하는 매장,e29e10f0-07f3-4874-a73d-363f144e1a34,원음사,전자제품,대구종합유통단지전자관사업협동조합,전통시장,대구광역시,3.0,3.0,,,RESOLVED_AGREEMENT,False,3,,,,
f66c0c49457dcf3f9f98,test,가전,T4 구어·문장,q_가전_04,전자제품 살 데,생활·마트 중 '가전'을 판매·제공하는 매장,a61153b9-d9bf-485e-b57e-2a391823aa9d,현대가전,전자제품,부산전자종합시장,전통시장,부산광역시,3.0,3.0,,,RESOLVED_AGREEMENT,False,3,,,,
7e1c0bc4c642f4e2c934,test,간식,T1 정확표기,q_간식_01,간식,카페·디저트 중 '간식'을 판매·제공하는 매장,e0e397b0-b964-40dd-a631-15312dcdd68f,오프룻,답례품 간식 커피,정부청사 골목형상점가,골목형상점가,광주광역시,3.0,3.0,,,RESOLVED_AGREEMENT,False,3,,,,
feb31560a47d202707e0,test,간식,T1 정확표기,q_간식_01,간식,카페·디저트 중 '간식'을 판매·제공하는 매장,1d286eae-b892-43a0-9165-36b05000fa16,문채네 구멍가게,문구 간식,거제 읍내시장,전통시장,경상남도,3.0,3.0,,,RESOLVED_AGREEMENT,False,3,,,,
e21ce891bb66b5bdc48e,test,간식,T1 정확표기,q_간식_01,간식,카페·디저트 중 '간식'을 판매·제공하는 매장,18024b37-c35d-438e-946c-1aea8c6a2792,수수곳간,간식,자양15번가골목형상점가,골목형상점가,서울특별시,3.0,3.0,,,RESOLVED_AGREEMENT,False,3,,,,
3e70ffc82f1c0074e0e3,test,간식,T1 정확표기,q_간식_01,간식,카페·디저트 중 '간식'을 판매·제공하는 매장,eb84f9f4-4488-4b7a-8297-7e9987138dc2,태전동물병원,"애견 용품, 사료, 간식",태전패션거리 골목형상점가,골목형상점가,대구광역시,3.0,3.0,,,RESOLVED_AGREEMENT,False,3,,,,
2d0dcefe4ef32032b015,test,간식,T1 정확표기,q_간식_01,간식,카페·디저트 중 '간식'을 판매·제공하는 매장,c29d8e63-9d37-44db-97cd-75a75e2fc627,애견용품,"애견용품, 간식",복대가경시장,전통시장,충청북도,3.0,3.0,,,RESOLVED_AGREEMENT,False,3,,,,
234b3c7ebb1e7ebc178c,test,간식,T1 정확표기,q_간식_01,간식,카페·디저트 중 '간식'을 판매·제공하는 매장,008d1ed4-a5d7-492e-9959-f8307a68cc5f,샐러드 정원,"샐러드, 샌드위치",미성동도깨비시장,골목형상점가,서울특별시,3.0,3.0,,,RESOLVED_AGREEMENT,False,3,,,,
880b9f47919f2e21b87f,test,간식,T1 정확표기,q_간식_01,간식,카페·디저트 중 '간식'을 판매·제공하는 매장,000814be-1ad1-4f62-87e7-0e02af595e2f,사사,"샌드위치, 케이크, 커피",나릿재 골목형상점가,골목형상점가,세종특별자치시,3.0,3.0,,,RESOLVED_AGREEMENT,False,3,,,,
8ec39314d1232d96cd13,test,간식,T1 정확표기,q_간식_01,간식,카페·디저트 중 '간식'을 판매·제공하는 매장,71e3a9b9-0d54-40e2-b503-28ae7f2ea989,메가엠지씨커피 광주산정부영점,커피,달아실 골목형상점가,골목형상점가,광주광역시,0.0,2.0,,,P1_BINARY_THRESHOLD,True,,,,,
281671b4bc2d5f76694d,test,간식,T1 정확표기,q_간식_01,간식,카페·디저트 중 '간식'을 판매·제공하는 매장,bde4e789-9ca4-4efb-bfa3-efb6b8d9c7b2,퍼니퍼니키즈카페,키즈카페,엄사 골목형상점가,골목형상점가,충청남도,1.0,2.0,,,P1_BINARY_THRESHOLD,True,,,,,
5c7438414e8b9c524c46,test,간식,T1 정확표기,q_간식_01,간식,카페·디저트 중 '간식'을 판매·제공하는 매장,e66c1423-5246-4701-9696-56c09f0cd854,펫츠아일랜드 세종나성점,사료 간식,나릿재마크원 골목형상점가,골목형상점가,세종특별자치시,3.0,3.0,,,RESOLVED_AGREEMENT,False,3,,,,
03a46f8fcd89cfb1dfee,test,간식,T1 정확표기,q_간식_01,간식,카페·디저트 중 '간식'을 판매·제공하는 매장,af7a3be3-df88-4dc9-adaa-a1b4df3bf8b4,멍댕이 애견유치원,반려동물 간식 및 생활용품,학운 골목형상점가,골목형상점가,광주광역시,3.0,3.0,,,RESOLVED_AGREEMENT,False,3,,,,
207d803858597b4e0557,test,간식,T1 정확표기,q_간식_01,간식,카페·디저트 중 '간식'을 판매·제공하는 매장,e56537f9-567b-47c4-9c7e-32271959df74,간식타임,전,쌍봉시장,전통시장,전라남도,2.0,3.0,,,P2_GRADED_ONLY,True,,,,,
4b310f3bbae14ac7a68d,test,간식,T1 정확표기,q_간식_01,간식,카페·디저트 중 '간식'을 판매·제공하는 매장,001bc028-a43e-44d4-9682-db280a4998cc,파리바게뜨전주근영점,제과점,근영누리 골목형상점가,골목형상점가,전북특별자치도,1.0,3.0,,,P1_BINARY_THRESHOLD,True,,,,,
4ef1eeed2809b4a8de6f,test,간식,T1 정확표기,q_간식_01,간식,카페·디저트 중 '간식'을 판매·제공하는 매장,0398aa65-9422-42ac-abc7-e004756d12e5,명가떡집,떡,오천시장,전통시장,경상북도,0.0,3.0,,,P1_BINARY_THRESHOLD,True,,,,,
b312c591e0da42e1dced,test,간식,T1 정확표기,q_간식_01,간식,카페·디저트 중 '간식'을 판매·제공하는 매장,01226f93-5490-4530-a460-d5482763890d,버터앤츄,구움과자,행리단길 골목형상점가,골목형상점가,경기도,3.0,3.0,,,RESOLVED_AGREEMENT,False,3,,,,
1535dd7cc2bfea8f893d,test,간식,T1 정확표기,q_간식_01,간식,카페·디저트 중 '간식'을 판매·제공하는 매장,9700c4f2-59b8-4693-b584-3451e1471b1c,꿀담,호떡 간식류,백년시장(구 강북종합전통시장),전통시장,서울특별시,3.0,3.0,,,RESOLVED_AGREEMENT,False,3,,,,
9e7d6f0b4be1adaaff95,test,간식,T1 정확표기,q_간식_01,간식,카페·디저트 중 '간식'을 판매·제공하는 매장,67966843-0bae-413f-ab3f-1534fee18c25,간식창고,편의점,빛가람 중흥 골목형상점가,골목형상점가,전라남도,2.0,3.0,,,P2_GRADED_ONLY,True,,,,,
5e5a8e4b604ab2f6fdb0,test,간식,T1 정확표기,q_간식_01,간식,카페·디저트 중 '간식'을 판매·제공하는 매장,0c93ea7b-9fbc-41b2-8923-76e8de0d8aa2,달콤간식창고,,빛가람 호수로 골목형상점가,골목형상점가,,3.0,3.0,,,RESOLVED_AGREEMENT,False,3,,,,
a910ba5e0f02db96e701,test,간식,T1 정확표기,q_간식_01,간식,카페·디저트 중 '간식'을 판매·제공하는 매장,1ef4110f-ee40-4307-bcd1-2f9aee42e47f,부리또집,간식,숭실마루길골목형상점가,골목형상점가,서울특별시,3.0,3.0,,,RESOLVED_AGREEMENT,False,3,,,,
dbeeacd9202132cb0c0d,test,간식,T1 정확표기,q_간식_01,간식,카페·디저트 중 '간식'을 판매·제공하는 매장,e9d671e4-a315-482c-a4a9-3d70cd54e3d9,굿데이카페,음료 커피 간식,정이있는 구포시장,전통시장,부산광역시,3.0,3.0,,,RESOLVED_AGREEMENT,False,3,,,,
939ed9076a9dc4ab7e4f,test,간식,T1 정확표기,q_간식_01,간식,카페·디저트 중 '간식'을 판매·제공하는 매장,dac9cb63-3ce2-4ea4-9e7b-ea0e45529bcf,간식이떴다,,신구로현대어반벨리 골목형상점가,골목형상점가,서울특별시,3.0,3.0,,,RESOLVED_AGREEMENT,False,3,,,,
e51e87fa32530122e720,test,간식,T1 정확표기,q_간식_01,간식,카페·디저트 중 '간식'을 판매·제공하는 매장,01dc1f3e-6edc-47a3-9fdf-124d0ea0de98,심봉사도르케 연천전곡점,고로케 꽈배기,전곡로데오거리 골목형상점가,골목형상점가,경기도,3.0,3.0,,,RESOLVED_AGREEMENT,False,3,,,,
e7f8a28ed71d7c53bb31,test,간식,T1 정확표기,q_간식_01,간식,카페·디저트 중 '간식'을 판매·제공하는 매장,343dc119-eebb-4fc1-811c-6719468c1e87,간식나라,한식,전주우성타운 골목형상점가,골목형상점가,전북특별자치도,2.0,3.0,,,P2_GRADED_ONLY,True,,,,,
61fbc1a1e419731127a7,test,간식,T1 정확표기,q_간식_01,간식,카페·디저트 중 '간식'을 판매·제공하는 매장,002580f9-7146-4999-af6a-cfecd782191a,마녀샌드위치,샌드위치,광주여대 골목형상점가,골목형상점가,광주광역시,3.0,3.0,,,RESOLVED_AGREEMENT,False,3,,,,
a6e94a8d94491aa2ff95,test,간식,T1 정확표기,q_간식_01,간식,카페·디저트 중 '간식'을 판매·제공하는 매장,0d753046-7eb1-4915-9c50-1e735acf1c1d,버블퍼피,"애견간식, 용품",왕십리무학봉상점가,자율상권구역,서울특별시,3.0,3.0,,,RESOLVED_AGREEMENT,False,3,,,,
7415ecfa2eb2f983e0ea,test,간식,T1 정확표기,q_간식_01,간식,카페·디저트 중 '간식'을 판매·제공하는 매장,0cf1e0dc-a2ef-4da6-b9a4-78c363334f7c,지니샌드,간식,종암북바위길골목형상점가,골목형상점가,서울특별시,3.0,3.0,,,RESOLVED_AGREEMENT,False,3,,,,
ae5524cd56dbb8b60c08,test,간식,T1 정확표기,q_간식_01,간식,카페·디저트 중 '간식'을 판매·제공하는 매장,dc60d2e0-6641-4435-9dbf-6090b8d075d7,월드마트,음료 라면 담재 간식 등,월드프라자,전통시장,경기도,3.0,3.0,,,RESOLVED_AGREEMENT,False,3,,,,
4b7bf16a1e7dcb0d6f19,test,간식,T1 정확표기,q_간식_01,간식,카페·디저트 중 '간식'을 판매·제공하는 매장,0007598c-6a5e-44f2-9d2e-fbfc2b6e8db1,써브웨이광주수완점 유한회사,샌드위치,희담길,골목형상점가,광주광역시,3.0,3.0,,,RESOLVED_AGREEMENT,False,3,,,,
92e6456e1960d6d54575,test,간식,T1 정확표기,q_간식_01,간식,카페·디저트 중 '간식'을 판매·제공하는 매장,897724d0-393a-4804-93a5-dffab6d549c4,사랑해사진관,사진촬영및제작,해밀동 골목형상점가,골목형상점가,세종특별자치시,0.0,0.0,,,RESOLVED_AGREEMENT,False,0,,,,
45eb955a9aa175f0445b,test,간식,T1 정확표기,q_간식_01,간식,카페·디저트 중 '간식'을 판매·제공하는 매장,0eaecef3-d748-4ddb-9179-6df06f823b53,하나카 동물병원,"반려동물 진료, 반려동물 사료, 반려동물 영양제, 반려동물 간식",역삼동 골목형상점가,골목형상점가,서울특별시,3.0,3.0,,,RESOLVED_AGREEMENT,False,3,,,,
6fe5e6c45847db650ffb,test,간식,T1 정확표기,q_간식_01,간식,카페·디저트 중 '간식'을 판매·제공하는 매장,e7a10de7-128c-48fc-bc13-3826f6abb837,하이쏭(by hissong),"의류, 간식",부안상설시장,전통시장,전북특별자치도,3.0,3.0,,,RESOLVED_AGREEMENT,False,3,,,,
73b6c3e1c2c3f019c0ef,test,간식,T1 정확표기,q_간식_01,간식,카페·디저트 중 '간식'을 판매·제공하는 매장,01874291-5378-4910-88e7-c2fb85b4ea5c,써브웨이 광주금호점,샌드위치 전문점,금호상인회 골목형상점가,골목형상점가,광주광역시,3.0,3.0,,,RESOLVED_AGREEMENT,False,3,,,,
736e6c76a47f583eb0d8,test,간식,T1 정확표기,q_간식_01,간식,카페·디저트 중 '간식'을 판매·제공하는 매장,e583eff9-c534-402c-a187-ef122f4843b2,컴포즈커피 전대후문점,커피 팡 간식,전남대후문골목형상점가,골목형상점가,광주광역시,3.0,3.0,,,RESOLVED_AGREEMENT,False,3,,,,
6185693ad4c0659e24f4,test,간식,T1 정확표기,q_간식_01,간식,카페·디저트 중 '간식'을 판매·제공하는 매장,112343fc-81a9-472b-b08c-24cf27f757e9,초록마을대전노은점,신선야채.어린이간식.건강식품등....,열매 골목형상점가,골목형상점가,대전광역시,3.0,3.0,,,RESOLVED_AGREEMENT,False,3,,,,
569e27f9a490781e094f,test,간식,T1 정확표기,q_간식_01,간식,카페·디저트 중 '간식'을 판매·제공하는 매장,c42409df-1584-4a68-be4a-f32f0ddc9886,인쌩맥주충남계룡점,간식,엄사 골목형상점가,골목형상점가,충청남도,3.0,3.0,,,RESOLVED_AGREEMENT,False,3,,,,
57180172d34e973bc80b,test,간식,T1 정확표기,q_간식_01,간식,카페·디저트 중 '간식'을 판매·제공하는 매장,7244ded6-724d-4a76-bee3-380235ef6108,달달콩,"커피, 음료, 간식",도램마을 골목형상점가,골목형상점가,세종특별자치시,3.0,3.0,,,RESOLVED_AGREEMENT,False,3,,,,
e2525fd8e78ac6e3ecff,test,간식,T1 정확표기,q_간식_01,간식,카페·디저트 중 '간식'을 판매·제공하는 매장,66669fbe-465d-42cd-8fcb-056f059ee69d,국민간식,분식,정왕시장,전통시장,경기도,2.0,3.0,,,P2_GRADED_ONLY,True,,,,,
ed5db9bd2200c44c9310,test,간식,T1 정확표기,q_간식_01,간식,카페·디저트 중 '간식'을 판매·제공하는 매장,4e1fc0b5-f2ca-4827-a70a-8a84c7157ac7,간식킹,"문구, 간식",미장사랑 골목형상점가,골목형상점가,전북특별자치도,3.0,3.0,,,RESOLVED_AGREEMENT,False,3,,,,
4841e69d11821c46b776,test,간식,T1 정확표기,q_간식_01,간식,카페·디저트 중 '간식'을 판매·제공하는 매장,7e8b5abd-6765-4a5a-b0ff-db9d3ace2a2d,간식시간,분식,중앙로2 골목형상점가,골목형상점가,충청남도,2.0,3.0,,,P2_GRADED_ONLY,True,,,,,
87348177db3643a2a29c,test,간식,T1 정확표기,q_간식_01,간식,카페·디저트 중 '간식'을 판매·제공하는 매장,9be115ab-467b-42fd-950d-cc4209f1f145,바다간식,수산물,북평민속시장(북평민속5일장),전통시장,강원특별자치도,2.0,3.0,,,P2_GRADED_ONLY,True,,,,,
4ef7da6c8bf001a7bf9c,test,간식,T1 정확표기,q_간식_01,간식,카페·디저트 중 '간식'을 판매·제공하는 매장,035ade2e-faa7-4218-85bb-8f4634995653,복호두광주상무점,호두과자와 음료,상무시청상인회 골목형상점가,골목형상점가,광주광역시,3.0,3.0,,,RESOLVED_AGREEMENT,False,3,,,,
3a87a48f21cb13c95c4f,test,간식,T1 정확표기,q_간식_01,간식,카페·디저트 중 '간식'을 판매·제공하는 매장,043ed8e3-2adc-4c0d-b918-f2b96e232628,못난이꽈배기,꽈배기,천안중앙시장,전통시장,충청남도,3.0,3.0,,,RESOLVED_AGREEMENT,False,3,,,,
3a211b921a84b9fedb48,test,간식,T1 정확표기,q_간식_01,간식,카페·디저트 중 '간식'을 판매·제공하는 매장,9f5195d3-e140-4635-88e2-6276971f8a7b,로즈메리펫뷰티샵,애견미용 간식 허텔,빛가람 상리단길 골목형상점가,골목형상점가,전라남도,3.0,3.0,,,RESOLVED_AGREEMENT,False,3,,,,
4dbb4e2a4a6c73e8545d,test,간식,T1 정확표기,q_간식_01,간식,카페·디저트 중 '간식'을 판매·제공하는 매장,3e0c5789-c395-47d9-b55e-3a926e460380,부산식육점,,수영팔도시장(구 수영팔도상가시장),전통시장,부산광역시,0.0,0.0,,,RESOLVED_AGREEMENT,False,0,,,,
921ba676d65966542fff,test,간식,T1 정확표기,q_간식_01,간식,카페·디저트 중 '간식'을 판매·제공하는 매장,0346c7d3-2a07-41c5-8627-bc65b1e5122e,루미담,빵류 과자류 강정류,효천2지구 골목형상점가,골목형상점가,광주광역시,3.0,3.0,,,RESOLVED_AGREEMENT,False,3,,,,
754145fb46dac84b57e4,test,간식,T1 정확표기,q_간식_01,간식,카페·디저트 중 '간식'을 판매·제공하는 매장,01c93758-055c-48ad-ac74-f0cee5b99431,호두마당 부산진구점,호두과자,부전상가시장,전통시장,부산광역시,3.0,3.0,,,RESOLVED_AGREEMENT,False,3,,,,
40a3394f86ea50a2496a,test,간식,T1 정확표기,q_간식_01,간식,카페·디저트 중 '간식'을 판매·제공하는 매장,002d0d06-15b2-463e-b789-b0232bcc6681,뚜레주르버들마을점,제과,버들마을상인회 골목형상점가,골목형상점가,광주광역시,1.0,3.0,,,P1_BINARY_THRESHOLD,True,,,,,
7c842aab62fd3dd22c1a,test,간식,T1 정확표기,q_간식_01,간식,카페·디저트 중 '간식'을 판매·제공하는 매장,00362b85-cb9a-4318-9059-12f768d76197,파리바게뜨전주인후점,제과점,소나무 골목형상점가,골목형상점가,전북특별자치도,1.0,3.0,,,P1_BINARY_THRESHOLD,True,,,,,
a37afdaeb2c8a211aafc,test,간식,T1 정확표기,q_간식_01,간식,카페·디저트 중 '간식'을 판매·제공하는 매장,4b34e5ec-f9de-401d-b7b4-4b80bac3bc41,또또라면,라면 음료 및 간식,길주프라자 골목형상점가,골목형상점가,인천광역시,3.0,3.0,,,RESOLVED_AGREEMENT,False,3,,,,
05cbba0a9a3528f7782b,test,간식,T1 정확표기,q_간식_01,간식,카페·디저트 중 '간식'을 판매·제공하는 매장,8787869f-ec0d-40ff-9fa4-88abdf247bd5,국민간식,한식,두암2동광신맨션주변 골목형상점가,골목형상점가,광주광역시,2.0,3.0,,,P2_GRADED_ONLY,True,,,,,
0f97c3066b801333af83,test,간식,T1 정확표기,q_간식_01,간식,카페·디저트 중 '간식'을 판매·제공하는 매장,63fe5f1d-f6c6-49f8-82f9-f78f61dad67f,간식집,한식,공주산성시장,전통시장,충청남도,2.0,3.0,,,P2_GRADED_ONLY,True,,,,,
39fa6c60ad92e04ee892,test,간식,T1 정확표기,q_간식_01,간식,카페·디저트 중 '간식'을 판매·제공하는 매장,41a49656-a8e3-4e52-88fe-62726eb5c5d1,뻥튀기가 맛있는 집,간식,풍납시장,전통시장,서울특별시,3.0,3.0,,,RESOLVED_AGREEMENT,False,3,,,,
9283a01e8605cbfbb276,test,간식,T1 정확표기,q_간식_01,간식,카페·디저트 중 '간식'을 판매·제공하는 매장,a1fede90-502c-43a6-936d-e1014b19e7b9,간식중독,음식점,방이시장,전통시장,서울특별시,2.0,3.0,,,P2_GRADED_ONLY,True,,,,,
c9429291f58464e27933,test,간식,T1 정확표기,q_간식_01,간식,카페·디저트 중 '간식'을 판매·제공하는 매장,02a3c435-88d7-4473-a9a4-6cfd09513987,보리원 대치은마점,붕어빵 호두과자 찰보리빵 등,은마종합상점가,자율상권구역,서울특별시,3.0,3.0,,,RESOLVED_AGREEMENT,False,3,,,,
9df0d533e8a19612fa05,test,간식,T1 정확표기,q_간식_01,간식,카페·디저트 중 '간식'을 판매·제공하는 매장,97e14ec4-a84c-427e-9e85-1c68cbaaf392,샤인마트,음료 간식,용봉우치로 골목형상점가,골목형상점가,광주광역시,3.0,3.0,,,RESOLVED_AGREEMENT,False,3,,,,
653bba7819638d5f3f76,test,간식,T1 정확표기,q_간식_01,간식,카페·디저트 중 '간식'을 판매·제공하는 매장,05f89167-741d-4371-9b48-35c394c971c6,엘림글로벌서울꽈배기,,길동복조리시장,전통시장,서울특별시,3.0,3.0,,,RESOLVED_AGREEMENT,False,3,,,,
9d35582e80530ff37807,test,간식,T1 정확표기,q_간식_01,간식,카페·디저트 중 '간식'을 판매·제공하는 매장,47bb0b6d-5923-4deb-b357-198d825e94ed,더반커피,커피 음료 빵 간식,성남중앙지하시장,일반지하상점가,경기도,3.0,3.0,,,RESOLVED_AGREEMENT,False,3,,,,
37a6b1b75005b2f9f5fb,test,간식,T1 정확표기,q_간식_01,간식,카페·디저트 중 '간식'을 판매·제공하는 매장,acced4c3-7fd2-4769-b679-1daae73871ba,세용마트,마트,대신시장,전통시장,부산광역시,0.0,1.0,,,P2_GRADED_ONLY,True,,,,,
9e69324efc3309ba8f53,test,간식,T1 정확표기,q_간식_01,간식,카페·디저트 중 '간식'을 판매·제공하는 매장,779ddca8-5e36-438a-bfa5-3a36deb7082e,요술보따리,간식 문구,화도창현상점가,골목형상점가,경기도,3.0,3.0,,,RESOLVED_AGREEMENT,False,3,,,,
1940dcf20d7f2fb1fdfb,test,간식,T1 정확표기,q_간식_01,간식,카페·디저트 중 '간식'을 판매·제공하는 매장,ce108d83-50fc-45db-93ac-864915d3a386,몽시앙,애견 간식 및 용품,송촌동상점가,자율상권구역,대전광역시,3.0,3.0,,,RESOLVED_AGREEMENT,False,3,,,,
f0bb1a458cf3af624fe6,test,간식,T1 정확표기,q_간식_01,간식,카페·디저트 중 '간식'을 판매·제공하는 매장,add6e0d1-cf3f-4879-b699-5211162c3d5c,다람쥐곳간 시흥사거리점,간식,대명여울빛거리시장,전통시장,서울특별시,3.0,3.0,,,RESOLVED_AGREEMENT,False,3,,,,
841ae621a29134931deb,test,간식,T1 정확표기,q_간식_01,간식,카페·디저트 중 '간식'을 판매·제공하는 매장,381753cb-513b-413b-a777-de23b48741db,의선뷰티샵,서비스업(피부미용업),신안프라자전통시장,전통시장,경기도,0.0,0.0,,,RESOLVED_AGREEMENT,False,0,,,,
9c6334261222b085b282,test,간식,T1 정확표기,q_간식_01,간식,카페·디저트 중 '간식'을 판매·제공하는 매장,0521f642-329a-4ddf-a92b-b43585bebb0f,원더풀꽈배기,,승달 골목형상점가,골목형상점가,,3.0,3.0,,,RESOLVED_AGREEMENT,False,3,,,,
739e8fe3cfb3459e5698,test,간식,T1 정확표기,q_간식_01,간식,카페·디저트 중 '간식'을 판매·제공하는 매장,6405eba0-a9ea-4099-90c0-7e3bde63a028,펫편의점,펫사료 간식,삼익비치A상가시장,전통시장,부산광역시,3.0,3.0,,,RESOLVED_AGREEMENT,False,3,,,,
eaa2894988762f8fbffa,test,간식,T1 정확표기,q_간식_01,간식,카페·디저트 중 '간식'을 판매·제공하는 매장,f9dad277-22d3-4274-8087-7c84faecb04c,페트롤스테이션,애완용의류 간식 사료,마륵동상인회 골목형상점가,골목형상점가,광주광역시,3.0,3.0,,,RESOLVED_AGREEMENT,False,3,,,,
27988753bbb5eb947d63,test,간식,T1 정확표기,q_간식_01,간식,카페·디저트 중 '간식'을 판매·제공하는 매장,1b17e4d1-a96a-4048-9d67-20ad6f1e7837,파랑새 커피숍,음료 간식,카림애비뉴애 골목형상점가,골목형상점가,세종특별자치시,3.0,3.0,,,RESOLVED_AGREEMENT,False,3,,,,
d175e90561c1845c51c3,test,간식,T1 정확표기,q_간식_01,간식,카페·디저트 중 '간식'을 판매·제공하는 매장,05572cf5-3f6c-448d-b7c1-2e5e305bd918,원더풀꽈배기,꽈배기,첨단아미 골목형상점가,골목형상점가,광주광역시,3.0,3.0,,,RESOLVED_AGREEMENT,False,3,,,,
cec7d921f95b35d377fe,test,간식,T1 정확표기,q_간식_01,간식,카페·디저트 중 '간식'을 판매·제공하는 매장,6844ee88-a5ab-412e-9fae-a0aa873ad93b,간식서랍,,혁신도시3구역 골목형상점가,골목형상점가,강원특별자치도,3.0,3.0,,,RESOLVED_AGREEMENT,False,3,,,,
22f8b32039a6bc3296af,test,간식,T1 정확표기,q_간식_01,간식,카페·디저트 중 '간식'을 판매·제공하는 매장,0061123f-a676-4556-9633-5fbc4ecaf6ef,치즈케익카스테라카페,제과,북가좌동 골목형상점가,골목형상점가,서울특별시,1.0,3.0,,,P1_BINARY_THRESHOLD,True,,,,,
eed9f305774b1820c5ac,test,간식,T1 정확표기,q_간식_01,간식,카페·디저트 중 '간식'을 판매·제공하는 매장,6df8cd22-b664-44af-9b87-25f71b63e407,카페하늘정원,고구마빵류 외 간식,백년소상공인,기타,전북특별자치도,3.0,3.0,,,RESOLVED_AGREEMENT,False,3,,,,
78efe28062d65397119f,test,간식,T1 정확표기,q_간식_01,간식,카페·디저트 중 '간식'을 판매·제공하는 매장,a831c72b-424c-4d88-afa1-54ff91a6ec51,댕댕야미 (반려견 수제 간식 전문점),애견수제간식 애견용품,본촌 골목형상점가,기타,광주광역시,3.0,3.0,,,RESOLVED_AGREEMENT,False,3,,,,
8897a9618a4299aee2e5,test,간식,T1 정확표기,q_간식_01,간식,카페·디저트 중 '간식'을 판매·제공하는 매장,3e35da8e-b4b6-439c-92f3-368c79856dbb,사진나무스튜디오,,원도심 상권활성화구역,상권활성화구역,대전광역시,0.0,0.0,,,RESOLVED_AGREEMENT,False,0,,,,
9517fa452c4d46de2001,test,간식,T1 정확표기,q_간식_01,간식,카페·디저트 중 '간식'을 판매·제공하는 매장,9b7c507b-e817-4c5f-9962-bd36d61c8d4e,우리아이반찬&간식,반찬,배방상점가,자율상권구역,충청남도,2.0,3.0,,,P2_GRADED_ONLY,True,,,,,
465196625ef8d3b015b2,test,간식,T1 정확표기,q_간식_01,간식,카페·디저트 중 '간식'을 판매·제공하는 매장,8f529775-0401-488b-a098-2a9d76b16e06,금성스넥,간식류,해남읍 원도심 상권활성화구역,상권활성화구역,전라남도,3.0,3.0,,,RESOLVED_AGREEMENT,False,3,,,,
e7ff3dbdef58a0c0b370,test,간식,T1 정확표기,q_간식_01,간식,카페·디저트 중 '간식'을 판매·제공하는 매장,00a88093-8a14-41ad-8b1f-d35632be9f3b,한아름빵집,제과,신평골목시장,전통시장,부산광역시,1.0,3.0,,,P1_BINARY_THRESHOLD,True,,,,,
05b6a24afc9d97bd87b8,test,간식,T1 정확표기,q_간식_01,간식,카페·디저트 중 '간식'을 판매·제공하는 매장,9bc94e33-d392-4523-9393-1c4c6458f2bc,갈맥상통,간식,당진시신도심상점가,자율상권구역,충청남도,3.0,3.0,,,RESOLVED_AGREEMENT,False,3,,,,
fe7320661d038660fe4f,test,간식,T2 동의어,q_간식_02,과자,카페·디저트 중 '간식'을 판매·제공하는 매장,0061123f-a676-4556-9633-5fbc4ecaf6ef,치즈케익카스테라카페,제과,북가좌동 골목형상점가,골목형상점가,서울특별시,1.0,3.0,,,P1_BINARY_THRESHOLD,True,,,,,
44ffbf33e30949786222,test,간식,T2 동의어,q_간식_02,과자,카페·디저트 중 '간식'을 판매·제공하는 매장,f3f8aead-b4ca-4a6d-84aa-ea0385957c66,옛날과자,과자류,평택통복시장,전통시장,경기도,3.0,3.0,,,RESOLVED_AGREEMENT,False,3,,,,
8a79aa56885d67ced8c9,test,간식,T2 동의어,q_간식_02,과자,카페·디저트 중 '간식'을 판매·제공하는 매장,0c93ea7b-9fbc-41b2-8923-76e8de0d8aa2,달콤간식창고,,빛가람 호수로 골목형상점가,골목형상점가,,2.0,3.0,,,P2_GRADED_ONLY,True,,,,,
9822e1d6b92725d9c709,test,간식,T2 동의어,q_간식_02,과자,카페·디저트 중 '간식'을 판매·제공하는 매장,888283f5-8e4c-4a78-9f67-030cb108de13,과자뭉치,과자,부평깡통시장(구 부산부평시장),전통시장,부산광역시,3.0,3.0,,,RESOLVED_AGREEMENT,False,3,,,,
10aa9da6b1f73e5f129d,test,간식,T2 동의어,q_간식_02,과자,카페·디저트 중 '간식'을 판매·제공하는 매장,611f4be0-6bb8-4596-b66e-68e6d8519cd4,순니네,과자,동두천중앙시장,전통시장,경기도,3.0,3.0,,,RESOLVED_AGREEMENT,False,3,,,,
6939631f0f444db0cd22,test,간식,T2 동의어,q_간식_02,과자,카페·디저트 중 '간식'을 판매·제공하는 매장,4bfbb0b7-5e2b-4989-a9ca-f53f002ab676,태윤이네,과자,창동골목시장,전통시장,서울특별시,3.0,3.0,,,RESOLVED_AGREEMENT,False,3,,,,
44e0d0abffb5df5ef3ca,test,간식,T2 동의어,q_간식_02,과자,카페·디저트 중 '간식'을 판매·제공하는 매장,9d7c1c62-ed9d-46cf-b148-e4106aad65ce,유진식당,음식점,영천공설시장,전통시장,경상북도,0.0,0.0,,,RESOLVED_AGREEMENT,False,0,,,,
feb270ee7f449edc4282,test,간식,T2 동의어,q_간식_02,과자,카페·디저트 중 '간식'을 판매·제공하는 매장,68311d47-70dd-41e4-a07e-7ae7bec3a43d,명동옛날과자,과자,신평골목시장,전통시장,부산광역시,3.0,3.0,,,RESOLVED_AGREEMENT,False,3,,,,
ba3b745c57b452fcd1e0,test,간식,T2 동의어,q_간식_02,과자,카페·디저트 중 '간식'을 판매·제공하는 매장,79ecf7f0-a7b8-4339-9299-cb8312e7106c,모코롱,과자,원주미로예술중앙시장(원주중앙시장),전통시장,강원특별자치도,3.0,3.0,,,RESOLVED_AGREEMENT,False,3,,,,
d1fb78fbb5ecfc41f611,test,간식,T2 동의어,q_간식_02,과자,카페·디저트 중 '간식'을 판매·제공하는 매장,71398017-745e-4700-9039-9a6a7bef2b0a,금호슈퍼,과자,염주B상인회 골목형상점가,골목형상점가,광주광역시,3.0,3.0,,,RESOLVED_AGREEMENT,False,3,,,,
758ae3826e82c9e97c28,test,간식,T2 동의어,q_간식_02,과자,카페·디저트 중 '간식'을 판매·제공하는 매장,fc90525f-05f6-432b-997e-be5602004adf,한동과자,과자,서변중앙시장,전통시장,대구광역시,3.0,3.0,,,RESOLVED_AGREEMENT,False,3,,,,
7291b39dda410fcd335d,test,간식,T2 동의어,q_간식_02,과자,카페·디저트 중 '간식'을 판매·제공하는 매장,afe21e97-2797-43a2-b491-1a288b7f3264,뚜꺼비 과자,옛날과자,반송골목시장,전통시장,부산광역시,3.0,3.0,,,RESOLVED_AGREEMENT,False,3,,,,
6a10b0e2f2a829d9b127,test,간식,T2 동의어,q_간식_02,과자,카페·디저트 중 '간식'을 판매·제공하는 매장,2ad885bf-449e-436b-a21b-65ab35389e82,옛날강정,과자,복이있는덕포시장,전통시장,부산광역시,3.0,3.0,,,RESOLVED_AGREEMENT,False,3,,,,
03d1d355582671edc9d7,test,간식,T2 동의어,q_간식_02,과자,카페·디저트 중 '간식'을 판매·제공하는 매장,008d1ed4-a5d7-492e-9959-f8307a68cc5f,샐러드 정원,"샐러드, 샌드위치",미성동도깨비시장,골목형상점가,서울특별시,2.0,3.0,,,P2_GRADED_ONLY,True,,,,,
4d65f2982206b58194f4,test,간식,T2 동의어,q_간식_02,과자,카페·디저트 중 '간식'을 판매·제공하는 매장,2d9179f0-d8ec-4f4c-bef2-222ccee56efe,예가,과자,대명중앙시장,전통시장,대구광역시,3.0,3.0,,,RESOLVED_AGREEMENT,False,3,,,,
2f78f5928637a2636c86,test,간식,T2 동의어,q_간식_02,과자,카페·디저트 중 '간식'을 판매·제공하는 매장,8a1b2e7e-f5df-43df-a9cf-60a2058539ce,모모마켓,과자,서문시장(명품프라자상가),전통시장,대구광역시,3.0,3.0,,,RESOLVED_AGREEMENT,False,3,,,,
7aa4b1538d7213c2dd77,test,간식,T2 동의어,q_간식_02,과자,카페·디저트 중 '간식'을 판매·제공하는 매장,3361cd3a-2da1-42d6-ac0d-d5a94af5d60b,과자나라 청과나라,과자,군분로 골목형상점가,골목형상점가,광주광역시,3.0,3.0,,,RESOLVED_AGREEMENT,False,3,,,,
d2da3c3b0e281dd45141,test,간식,T2 동의어,q_간식_02,과자,카페·디저트 중 '간식'을 판매·제공하는 매장,002d0d06-15b2-463e-b789-b0232bcc6681,뚜레주르버들마을점,제과,버들마을상인회 골목형상점가,골목형상점가,광주광역시,1.0,3.0,,,P1_BINARY_THRESHOLD,True,,,,,
477aa54922585996b528,test,간식,T2 동의어,q_간식_02,과자,카페·디저트 중 '간식'을 판매·제공하는 매장,90fbb3ae-2faf-40af-8aa4-741eca3b33ab,대성제과,과자,호계공설시장,전통시장,울산광역시,3.0,3.0,,,RESOLVED_AGREEMENT,False,3,,,,
b4b09e546c74426fb58d,test,간식,T2 동의어,q_간식_02,과자,카페·디저트 중 '간식'을 판매·제공하는 매장,05572cf5-3f6c-448d-b7c1-2e5e305bd918,원더풀꽈배기,꽈배기,첨단아미 골목형상점가,골목형상점가,광주광역시,2.0,3.0,,,P2_GRADED_ONLY,True,,,,,
3556309d019f9815bcfb,test,간식,T2 동의어,q_간식_02,과자,카페·디저트 중 '간식'을 판매·제공하는 매장,112343fc-81a9-472b-b08c-24cf27f757e9,초록마을대전노은점,신선야채.어린이간식.건강식품등....,열매 골목형상점가,골목형상점가,대전광역시,2.0,3.0,,,P2_GRADED_ONLY,True,,,,,
613646afc3131df58cdd,test,간식,T2 동의어,q_간식_02,과자,카페·디저트 중 '간식'을 판매·제공하는 매장,d8bc9d18-914a-4299-9226-d1cd0b28ed1e,제로핏스튜디오,운동서비스,치평1230상인회 골목형상점가,골목형상점가,광주광역시,0.0,0.0,,,RESOLVED_AGREEMENT,False,0,,,,
ddb44e1cd57ce565a62b,test,간식,T2 동의어,q_간식_02,과자,카페·디저트 중 '간식'을 판매·제공하는 매장,0007598c-6a5e-44f2-9d2e-fbfc2b6e8db1,써브웨이광주수완점 유한회사,샌드위치,희담길,골목형상점가,광주광역시,2.0,3.0,,,P2_GRADED_ONLY,True,,,,,
165de2d924a131abdb1a,test,간식,T2 동의어,q_간식_02,과자,카페·디저트 중 '간식'을 판매·제공하는 매장,05f89167-741d-4371-9b48-35c394c971c6,엘림글로벌서울꽈배기,,길동복조리시장,전통시장,서울특별시,2.0,3.0,,,P2_GRADED_ONLY,True,,,,,
00891d7967b9ef2c8f67,test,간식,T2 동의어,q_간식_02,과자,카페·디저트 중 '간식'을 판매·제공하는 매장,960ef18c-e936-408c-a2bf-b85f69ad0431,대촌상회,과자,양동경열로시장,전통시장,,3.0,3.0,,,RESOLVED_AGREEMENT,False,3,,,,
7c8d07cba910172b01e3,test,간식,T2 동의어,q_간식_02,과자,카페·디저트 중 '간식'을 판매·제공하는 매장,01dc1f3e-6edc-47a3-9fdf-124d0ea0de98,심봉사도르케 연천전곡점,고로케 꽈배기,전곡로데오거리 골목형상점가,골목형상점가,경기도,2.0,3.0,,,P2_GRADED_ONLY,True,,,,,
172e55fc8529043cbc4e,test,간식,T2 동의어,q_간식_02,과자,카페·디저트 중 '간식'을 판매·제공하는 매장,deb107e8-1d26-42b2-885b-b41947843389,나무,과자,천천중심상가 골목형상점가,골목형상점가,경기도,3.0,3.0,,,RESOLVED_AGREEMENT,False,3,,,,
58120fdb385a4fa00b3c,test,간식,T2 동의어,q_간식_02,과자,카페·디저트 중 '간식'을 판매·제공하는 매장,fb59b768-2241-42f4-91c2-8bffab43a397,정주슈퍼,과자,챔피언스거리 골목형상점가,골목형상점가,광주광역시,3.0,3.0,,,RESOLVED_AGREEMENT,False,3,,,,
b35dc3941bafe4e8ce4b,test,간식,T2 동의어,q_간식_02,과자,카페·디저트 중 '간식'을 판매·제공하는 매장,8c20b9a9-01a9-4b45-b809-0a57ff3dd3ac,함께과자,과자,충주무학시장,전통시장,충청북도,3.0,3.0,,,RESOLVED_AGREEMENT,False,3,,,,
3d42fc9610bb3b276b3a,test,간식,T2 동의어,q_간식_02,과자,카페·디저트 중 '간식'을 판매·제공하는 매장,4c359019-4750-4688-a93d-9fbd843987b2,바른강정,과자,청주육거리종합시장,전통시장,충청북도,3.0,3.0,,,RESOLVED_AGREEMENT,False,3,,,,
8e8d11556b9bee31d991,test,간식,T2 동의어,q_간식_02,과자,카페·디저트 중 '간식'을 판매·제공하는 매장,5b7fdaf7-1c7e-4940-aa00-85a4b97984a7,미유가,과자,해남매일시장,전통시장,전라남도,3.0,3.0,,,RESOLVED_AGREEMENT,False,3,,,,
923c9b0f1903c634cd16,test,간식,T2 동의어,q_간식_02,과자,카페·디저트 중 '간식'을 판매·제공하는 매장,f3a884e7-cefb-45c8-a797-eb4c7033d8eb,대일과자,과자류,포항죽도시장,전통시장,경상북도,3.0,3.0,,,RESOLVED_AGREEMENT,False,3,,,,
5cc645da802656fcf87c,test,간식,T2 동의어,q_간식_02,과자,카페·디저트 중 '간식'을 판매·제공하는 매장,663e2a61-aabc-4a50-ba81-f9b3bb51a308,왜관식품,과자,왜관시장,전통시장,경상북도,3.0,3.0,,,RESOLVED_AGREEMENT,False,3,,,,
2b67b567c074e7b51083,test,간식,T2 동의어,q_간식_02,과자,카페·디저트 중 '간식'을 판매·제공하는 매장,0cf1e0dc-a2ef-4da6-b9a4-78c363334f7c,지니샌드,간식,종암북바위길골목형상점가,골목형상점가,서울특별시,2.0,3.0,,,P2_GRADED_ONLY,True,,,,,
b6ae293a0398943e1079,test,간식,T2 동의어,q_간식_02,과자,카페·디저트 중 '간식'을 판매·제공하는 매장,822b6bc6-f36e-4dd2-a6f6-ea50e450c16e,미래식육,식육,충무동골목시장,전통시장,부산광역시,0.0,0.0,,,RESOLVED_AGREEMENT,False,0,,,,
e4ea76cecf3e6538b426,test,간식,T2 동의어,q_간식_02,과자,카페·디저트 중 '간식'을 판매·제공하는 매장,d8e9ecb0-a6d5-44b2-a75e-565f4e6b9e4a,황가네옛날과자,과자,관문상가시장,전통시장,대구광역시,3.0,3.0,,,RESOLVED_AGREEMENT,False,3,,,,
4ed4dac817b9d2598a67,test,간식,T2 동의어,q_간식_02,과자,카페·디저트 중 '간식'을 판매·제공하는 매장,02a3c435-88d7-4473-a9a4-6cfd09513987,보리원 대치은마점,붕어빵 호두과자 찰보리빵 등,은마종합상점가,자율상권구역,서울특별시,3.0,3.0,,,RESOLVED_AGREEMENT,False,3,,,,
f40f4869db69ae999f42,test,간식,T2 동의어,q_간식_02,과자,카페·디저트 중 '간식'을 판매·제공하는 매장,91fb3e4e-203b-4334-8885-19ad0463eb9a,빵야,빵 과자 음료,학운 골목형상점가,골목형상점가,광주광역시,3.0,3.0,,,RESOLVED_AGREEMENT,False,3,,,,
d47969dee80f9a7aafe1,test,간식,T2 동의어,q_간식_02,과자,카페·디저트 중 '간식'을 판매·제공하는 매장,cf138276-0da3-4bc0-a489-912627a2b5c6,옛날과자,과자류,태안서부시장,전통시장,충청남도,3.0,3.0,,,RESOLVED_AGREEMENT,False,3,,,,
8461038560895b94af83,test,간식,T2 동의어,q_간식_02,과자,카페·디저트 중 '간식'을 판매·제공하는 매장,4fafeebd-ef0a-492f-8726-dbb7b2c02137,사월과자점,과자,동명동 카페거리 골목형상점가,골목형상점가,광주광역시,3.0,3.0,,,RESOLVED_AGREEMENT,False,3,,,,
19aaee203b4304ebd579,test,간식,T2 동의어,q_간식_02,과자,카페·디저트 중 '간식'을 판매·제공하는 매장,e648fdc9-45cf-4434-8d21-46616dfdbc2a,세계과자,과자.아이스크림,주월리 골목형상점가,골목형상점가,광주광역시,3.0,3.0,,,RESOLVED_AGREEMENT,False,3,,,,
6dc2ed427f576771b1d2,test,간식,T2 동의어,q_간식_02,과자,카페·디저트 중 '간식'을 판매·제공하는 매장,001bc028-a43e-44d4-9682-db280a4998cc,파리바게뜨전주근영점,제과점,근영누리 골목형상점가,골목형상점가,전북특별자치도,1.0,3.0,,,P1_BINARY_THRESHOLD,True,,,,,
4258e5f568c8630f0d14,test,간식,T2 동의어,q_간식_02,과자,카페·디저트 중 '간식'을 판매·제공하는 매장,18dd94ec-e833-434e-96a2-129225f9798b,월푸드,과자,남대문시장,전통시장,서울특별시,3.0,3.0,,,RESOLVED_AGREEMENT,False,3,,,,
fd775401974d1e66452d,test,간식,T2 동의어,q_간식_02,과자,카페·디저트 중 '간식'을 판매·제공하는 매장,1103fdd0-02b4-4d1a-8c51-01944ad90acf,대화식품,과자,원주민속풍물시장,전통시장,강원특별자치도,3.0,3.0,,,RESOLVED_AGREEMENT,False,3,,,,
96d5cfca392df18f8607,test,간식,T2 동의어,q_간식_02,과자,카페·디저트 중 '간식'을 판매·제공하는 매장,00a88093-8a14-41ad-8b1f-d35632be9f3b,한아름빵집,제과,신평골목시장,전통시장,부산광역시,1.0,3.0,,,P1_BINARY_THRESHOLD,True,,,,,
73cc170eb09bfe787475,test,간식,T2 동의어,q_간식_02,과자,카페·디저트 중 '간식'을 판매·제공하는 매장,653b0d6c-e6b2-4270-8122-7373d8167fb9,포항강정,과자,포항죽도시장,전통시장,경상북도,3.0,3.0,,,RESOLVED_AGREEMENT,False,3,,,,
c331717d1e65542e9940,test,간식,T2 동의어,q_간식_02,과자,카페·디저트 중 '간식'을 판매·제공하는 매장,d9b955c1-edfb-4691-bb16-31aa2a924c67,맛나과자,과자,화정로상가상인회 골목형상점가,골목형상점가,광주광역시,3.0,3.0,,,RESOLVED_AGREEMENT,False,3,,,,
8d550a2aa0c70100fdb0,test,간식,T2 동의어,q_간식_02,과자,카페·디저트 중 '간식'을 판매·제공하는 매장,1cd044ef-2812-4048-97bd-88b09f64b222,추억의과자,과자,군산공설시장,전통시장,전북특별자치도,3.0,3.0,,,RESOLVED_AGREEMENT,False,3,,,,
3ce70b86b99ac2979439,test,간식,T2 동의어,q_간식_02,과자,카페·디저트 중 '간식'을 판매·제공하는 매장,5da6bc80-4b5b-41e8-bf35-c5805f036412,원미강정,과자,원미종합시장,전통시장,경기도,3.0,3.0,,,RESOLVED_AGREEMENT,False,3,,,,
2ccf5a8c6eb234578ae5,test,간식,T2 동의어,q_간식_02,과자,카페·디저트 중 '간식'을 판매·제공하는 매장,7f36fd05-cbe1-4e5b-9fc1-99dea9277888,수성35,과자,수성시장,전통시장,대구광역시,3.0,3.0,,,RESOLVED_AGREEMENT,False,3,,,,
d31ee1617e826993c126,test,간식,T2 동의어,q_간식_02,과자,카페·디저트 중 '간식'을 판매·제공하는 매장,002580f9-7146-4999-af6a-cfecd782191a,마녀샌드위치,샌드위치,광주여대 골목형상점가,골목형상점가,광주광역시,2.0,3.0,,,P2_GRADED_ONLY,True,,,,,
1003c7e78bc9814de84a,test,간식,T2 동의어,q_간식_02,과자,카페·디저트 중 '간식'을 판매·제공하는 매장,b34cd6fc-f25a-4516-89bc-af3330520b71,광주주유소,유류,임방울대로 골목형상점가,골목형상점가,광주광역시,0.0,0.0,,,RESOLVED_AGREEMENT,False,0,,,,
af103a1a7ad515a1e031,test,간식,T2 동의어,q_간식_02,과자,카페·디저트 중 '간식'을 판매·제공하는 매장,e22be752-6b5f-47b2-adb5-03846a97eeca,한마음약국,,부천자유시장,전통시장,경기도,0.0,0.0,,,RESOLVED_AGREEMENT,False,0,,,,
6c3d83f5cc6c50c2ed07,test,간식,T2 동의어,q_간식_02,과자,카페·디저트 중 '간식'을 판매·제공하는 매장,2e69c2dc-3df0-4109-964d-1ff67632f08c,까까,과자,김해 외동전통시장,전통시장,경상남도,3.0,3.0,,,RESOLVED_AGREEMENT,False,3,,,,
7328d83fbca681d30dfe,test,간식,T2 동의어,q_간식_02,과자,카페·디저트 중 '간식'을 판매·제공하는 매장,043ed8e3-2adc-4c0d-b918-f2b96e232628,못난이꽈배기,꽈배기,천안중앙시장,전통시장,충청남도,2.0,3.0,,,P2_GRADED_ONLY,True,,,,,
ddaf369c7533d9e854f1,test,간식,T2 동의어,q_간식_02,과자,카페·디저트 중 '간식'을 판매·제공하는 매장,1062a4aa-6403-4821-864a-f05af1829882,올바른 옛날닭강정,닭강정,양동경열로시장,전통시장,광주광역시,0.0,0.0,,,RESOLVED_AGREEMENT,False,0,,,,
58bca1451744ea25df50,test,간식,T2 동의어,q_간식_02,과자,카페·디저트 중 '간식'을 판매·제공하는 매장,5a1e7862-3419-4ef2-a2d5-9cdf65d9d5da,꽃미남옛날과자,과자,부천자유시장,전통시장,경기도,3.0,3.0,,,RESOLVED_AGREEMENT,False,3,,,,
1687f0e828d5d0834826,test,간식,T2 동의어,q_간식_02,과자,카페·디저트 중 '간식'을 판매·제공하는 매장,3f909e3f-c98e-4f43-b039-6c43b3676178,과자점넛츠,과자,자양전통시장,전통시장,서울특별시,3.0,3.0,,,RESOLVED_AGREEMENT,False,3,,,,
33db4961d7f05385b83a,test,간식,T2 동의어,q_간식_02,과자,카페·디저트 중 '간식'을 판매·제공하는 매장,000814be-1ad1-4f62-87e7-0e02af595e2f,사사,"샌드위치, 케이크, 커피",나릿재 골목형상점가,골목형상점가,세종특별자치시,2.0,3.0,,,P2_GRADED_ONLY,True,,,,,
34f5232b5846fa9552b9,test,간식,T2 동의어,q_간식_02,과자,카페·디저트 중 '간식'을 판매·제공하는 매장,e90077b5-4e81-47f6-8fe2-cc7eda0c0286,벧엘강정옛날과자,과자,당감새시장,전통시장,부산광역시,3.0,3.0,,,RESOLVED_AGREEMENT,False,3,,,,
a3c6c56e7fe563f82254,test,간식,T2 동의어,q_간식_02,과자,카페·디저트 중 '간식'을 판매·제공하는 매장,28d7d98c-56c6-4187-a901-a0a4cbd79ffb,속초옛곳간,과자,속초중앙전통시장,전통시장,강원특별자치도,3.0,3.0,,,RESOLVED_AGREEMENT,False,3,,,,
3aee3287ad6e7a0e6c2a,test,간식,T2 동의어,q_간식_02,과자,카페·디저트 중 '간식'을 판매·제공하는 매장,41f12819-1cee-4d6e-8de1-686e10cb7627,통통과자,과자류,칠성시장,전통시장,대구광역시,3.0,3.0,,,RESOLVED_AGREEMENT,False,3,,,,
7b0a35df82d489554b4d,test,간식,T2 동의어,q_간식_02,과자,카페·디저트 중 '간식'을 판매·제공하는 매장,864da508-9406-4194-91ee-f96f3c1ebccd,생과자점,과자,관악신사시장,전통시장,서울특별시,3.0,3.0,,,RESOLVED_AGREEMENT,False,3,,,,
8939d5da330e36a5a96b,test,간식,T2 동의어,q_간식_02,과자,카페·디저트 중 '간식'을 판매·제공하는 매장,0e6210da-ba5a-430f-915a-880d8c001cc7,옛날 생과자,과자,중앙전통시장,전통시장,울산광역시,3.0,3.0,,,RESOLVED_AGREEMENT,False,3,,,,
486d48c90849de70171d,test,간식,T2 동의어,q_간식_02,과자,카페·디저트 중 '간식'을 판매·제공하는 매장,01c93758-055c-48ad-ac74-f0cee5b99431,호두마당 부산진구점,호두과자,부전상가시장,전통시장,부산광역시,3.0,3.0,,,RESOLVED_AGREEMENT,False,3,,,,
b3c5c99d0ffc55f4ba9f,test,간식,T2 동의어,q_간식_02,과자,카페·디저트 중 '간식'을 판매·제공하는 매장,01226f93-5490-4530-a460-d5482763890d,버터앤츄,구움과자,행리단길 골목형상점가,골목형상점가,경기도,3.0,3.0,,,RESOLVED_AGREEMENT,False,3,,,,
7b99a767966b01acc9f1,test,간식,T2 동의어,q_간식_02,과자,카페·디저트 중 '간식'을 판매·제공하는 매장,2252626b-65bf-4fcf-89d9-051805b11081,현강상사,과자,호계종합시장,전통시장,경기도,3.0,3.0,,,RESOLVED_AGREEMENT,False,3,,,,
0679f04f8268c885898b,test,간식,T2 동의어,q_간식_02,과자,카페·디저트 중 '간식'을 판매·제공하는 매장,0eaecef3-d748-4ddb-9179-6df06f823b53,하나카 동물병원,"반려동물 진료, 반려동물 사료, 반려동물 영양제, 반려동물 간식",역삼동 골목형상점가,골목형상점가,서울특별시,2.0,3.0,,,P2_GRADED_ONLY,True,,,,,
cb5dc927b54d08d9af42,test,간식,T2 동의어,q_간식_02,과자,카페·디저트 중 '간식'을 판매·제공하는 매장,01874291-5378-4910-88e7-c2fb85b4ea5c,써브웨이 광주금호점,샌드위치 전문점,금호상인회 골목형상점가,골목형상점가,광주광역시,2.0,3.0,,,P2_GRADED_ONLY,True,,,,,
c79cd230ae59fd8c78b7,test,간식,T2 동의어,q_간식_02,과자,카페·디저트 중 '간식'을 판매·제공하는 매장,53d2a91c-786c-41eb-900c-52088b14e1e8,대전뻥과자,"뻥튀기, 과자",문창시장,전통시장,대전광역시,3.0,3.0,,,RESOLVED_AGREEMENT,False,3,,,,
21e567458d48cd1fe1e6,test,간식,T2 동의어,q_간식_02,과자,카페·디저트 중 '간식'을 판매·제공하는 매장,6a78c5f4-8765-44c8-bf54-b0affdcb676a,춘당사,과자,송촌동상점가,자율상권구역,대전광역시,3.0,3.0,,,RESOLVED_AGREEMENT,False,3,,,,
3c1f7e863a4bfe8ec7d2,test,간식,T2 동의어,q_간식_02,과자,카페·디저트 중 '간식'을 판매·제공하는 매장,ea48e5c7-48d7-4494-9ec1-437f7074d411,도르멍제주몰,과자,동문재래시장,전통시장,제주특별자치도,3.0,3.0,,,RESOLVED_AGREEMENT,False,3,,,,
bdd169928b6d17fc2a66,test,간식,T2 동의어,q_간식_02,과자,카페·디저트 중 '간식'을 판매·제공하는 매장,2d0e6564-94bd-4f90-912c-5eed32a9f981,빙스타,음료 과자,"금남로4,5가 골목형상점가",골목형상점가,광주광역시,3.0,3.0,,,RESOLVED_AGREEMENT,False,3,,,,
ad694355c887706574ee,test,간식,T2 동의어,q_간식_02,과자,카페·디저트 중 '간식'을 판매·제공하는 매장,17790e62-7941-4a4a-b078-cdc15030b856,남원튀밥,과자,남원공설시장,전통시장,전북특별자치도,3.0,3.0,,,RESOLVED_AGREEMENT,False,3,,,,
674fa6ef29dc5e9da76f,test,간식,T2 동의어,q_간식_02,과자,카페·디저트 중 '간식'을 판매·제공하는 매장,035ade2e-faa7-4218-85bb-8f4634995653,복호두광주상무점,호두과자와 음료,상무시청상인회 골목형상점가,골목형상점가,광주광역시,3.0,3.0,,,RESOLVED_AGREEMENT,False,3,,,,
13a939a3583ce28ac419,test,간식,T2 동의어,q_간식_02,과자,카페·디저트 중 '간식'을 판매·제공하는 매장,0521f642-329a-4ddf-a92b-b43585bebb0f,원더풀꽈배기,,승달 골목형상점가,골목형상점가,,2.0,3.0,,,P2_GRADED_ONLY,True,,,,,
349769b5f32fcc7a4314,test,간식,T2 동의어,q_간식_02,과자,카페·디저트 중 '간식'을 판매·제공하는 매장,f0fde2fe-639a-4761-989e-2edc41d075e5,계룡 옛날과자,과자,엄사 골목형상점가,골목형상점가,충청남도,3.0,3.0,,,RESOLVED_AGREEMENT,False,3,,,,
6b5378f5bad50d748284,test,간식,T2 동의어,q_간식_02,과자,카페·디저트 중 '간식'을 판매·제공하는 매장,9447cab7-766c-44f6-95a8-e21ba4e256f1,진일상회,과자,진주 중앙시장,전통시장,경상남도,3.0,3.0,,,RESOLVED_AGREEMENT,False,3,,,,
dce9bfec1a3190f3d31e,test,간식,T2 동의어,q_간식_02,과자,카페·디저트 중 '간식'을 판매·제공하는 매장,17eaa223-7b2a-499e-9627-8f69f1902999,마로로,과자,홍대소상공인 상점가,자율상권구역,서울특별시,3.0,3.0,,,RESOLVED_AGREEMENT,False,3,,,,
8d92e3583c0fd01052a8,test,간식,T2 동의어,q_간식_02,과자,카페·디저트 중 '간식'을 판매·제공하는 매장,00362b85-cb9a-4318-9059-12f768d76197,파리바게뜨전주인후점,제과점,소나무 골목형상점가,골목형상점가,전북특별자치도,1.0,3.0,,,P1_BINARY_THRESHOLD,True,,,,,
b31772d77e0c4458958a,test,간식,T2 동의어,q_간식_02,과자,카페·디저트 중 '간식'을 판매·제공하는 매장,792c8c09-8231-4bcb-9753-c7977fa51aa6,송가네옛날과자,과자,통영 북신전통시장,전통시장,경상남도,3.0,3.0,,,RESOLVED_AGREEMENT,False,3,,,,
ea1e9ca4ec3ad8081096,test,간식,T2 동의어,q_간식_02,과자,카페·디저트 중 '간식'을 판매·제공하는 매장,8588c3e3-36e6-473e-b34c-9416c02e5c46,르쁘빠,빵 과자 커피,반곡동 골목형상점가,골목형상점가,세종특별자치시,3.0,3.0,,,RESOLVED_AGREEMENT,False,3,,,,
a402ae210e24d092e585,test,간식,T2 동의어,q_간식_02,과자,카페·디저트 중 '간식'을 판매·제공하는 매장,0d753046-7eb1-4915-9c50-1e735acf1c1d,버블퍼피,"애견간식, 용품",왕십리무학봉상점가,자율상권구역,서울특별시,2.0,3.0,,,P2_GRADED_ONLY,True,,,,,
3f263318c9f72d91330c,test,간식,T2 동의어,q_간식_02,과자,카페·디저트 중 '간식'을 판매·제공하는 매장,0346c7d3-2a07-41c5-8627-bc65b1e5122e,루미담,빵류 과자류 강정류,효천2지구 골목형상점가,골목형상점가,광주광역시,3.0,3.0,,,RESOLVED_AGREEMENT,False,3,,,,
8ba9cc6e49ad5278c386,test,간식,T2 동의어,q_간식_02,과자,카페·디저트 중 '간식'을 판매·제공하는 매장,e19ba752-5b8f-46a5-9e58-cdfe3e8e2fa6,신선푸드,과자,수영팔도시장(구 수영팔도상가시장),전통시장,부산광역시,3.0,3.0,,,RESOLVED_AGREEMENT,False,3,,,,
c783868f5ce3b2077d26,test,간식,T2 동의어,q_간식_02,과자,카페·디저트 중 '간식'을 판매·제공하는 매장,d623aa58-1962-42c1-ae40-a6f516427c02,과자굽는집,과자,현대시장,전통시장,인천광역시,3.0,3.0,,,RESOLVED_AGREEMENT,False,3,,,,
ecd0ad8d3eaa6240da83,test,간식,T2 동의어,q_간식_02,과자,카페·디저트 중 '간식'을 판매·제공하는 매장,352f591b-266f-4b17-85e7-c01f18627eb8,나비,의류,남대문시장,전통시장,서울특별시,0.0,0.0,,,RESOLVED_AGREEMENT,False,0,,,,
20888770f0c72d441090,test,간식,T2 동의어,q_간식_02,과자,카페·디저트 중 '간식'을 판매·제공하는 매장,0fda6e7f-417d-49ff-ba17-834603907c0a,즉석손과자,과자,대연골목시장 골목형상점가,골목형상점가,부산광역시,3.0,3.0,,,RESOLVED_AGREEMENT,False,3,,,,
4abf459d5a7a2158087b,test,간식,T2 동의어,q_간식_02,과자,카페·디저트 중 '간식'을 판매·제공하는 매장,594bb01b-593b-4621-99a6-05b9f18bbaf3,대경옛날과자,과자,태화시장,전통시장,울산광역시,3.0,3.0,,,RESOLVED_AGREEMENT,False,3,,,,
3bb784f0eff89c1c2b66,test,간식,T2 동의어,q_간식_02,과자,카페·디저트 중 '간식'을 판매·제공하는 매장,2c61231b-3414-49e6-9049-ed68a266037c,한반도,과자,청량리종합시장,전통시장,서울특별시,3.0,3.0,,,RESOLVED_AGREEMENT,False,3,,,,
5f73c17b27310bd1d4b8,test,간식,T2 동의어,q_간식_02,과자,카페·디저트 중 '간식'을 판매·제공하는 매장,af02bb1d-35c7-442f-997f-43febd1f8299,서울국수,칼국수,수유전통시장(구 수유골목시장),전통시장,서울특별시,0.0,0.0,,,RESOLVED_AGREEMENT,False,0,,,,
285dd6b4a57fa5511b8b,test,간식,T2 동의어,q_간식_03,꽈배기,카페·디저트 중 '간식'을 판매·제공하는 매장,4d1311cc-b142-4cac-944a-9872bd32346d,꽈미당남매꽈배기,꽈배기,봉우시장골목형상점가,골목형상점가,서울특별시,3.0,3.0,,,RESOLVED_AGREEMENT,False,3,,,,
4ac5d35d3d5d5277dd89,test,간식,T2 동의어,q_간식_03,꽈배기,카페·디저트 중 '간식'을 판매·제공하는 매장,65e0606d-58c0-423e-8d28-888ca696cd3c,못난이꽈배기,꽈배기,이천중앙로상가,자율상권구역,경기도,3.0,3.0,,,RESOLVED_AGREEMENT,False,3,,,,
1443c931190d10ea6d56,test,간식,T2 동의어,q_간식_03,꽈배기,카페·디저트 중 '간식'을 판매·제공하는 매장,01c93758-055c-48ad-ac74-f0cee5b99431,호두마당 부산진구점,호두과자,부전상가시장,전통시장,부산광역시,2.0,3.0,,,P2_GRADED_ONLY,True,,,,,
bd122b24832185c2ac17,test,간식,T2 동의어,q_간식_03,꽈배기,카페·디저트 중 '간식'을 판매·제공하는 매장,001bc028-a43e-44d4-9682-db280a4998cc,파리바게뜨전주근영점,제과점,근영누리 골목형상점가,골목형상점가,전북특별자치도,1.0,3.0,,,P1_BINARY_THRESHOLD,True,,,,,
04c3ac6b5ae41361656f,test,간식,T2 동의어,q_간식_03,꽈배기,카페·디저트 중 '간식'을 판매·제공하는 매장,bf512b62-78a3-438b-9fa1-0729bcc8298c,옛날꽈배기,꽈배기,여주한글시장(여주중앙로상점가),전통시장,경기도,3.0,3.0,,,RESOLVED_AGREEMENT,False,3,,,,
03bdc6882756c0fe57f1,test,간식,T2 동의어,q_간식_03,꽈배기,카페·디저트 중 '간식'을 판매·제공하는 매장,e91d15f9-ab7f-4aac-8060-59ee7a5b5175,남문꽈배기,꽈배기,수원남문패션1번가시장,전통시장,경기도,3.0,3.0,,,RESOLVED_AGREEMENT,False,3,,,,
f7c13225e64556acb0d6,test,간식,T2 동의어,q_간식_03,꽈배기,카페·디저트 중 '간식'을 판매·제공하는 매장,035ade2e-faa7-4218-85bb-8f4634995653,복호두광주상무점,호두과자와 음료,상무시청상인회 골목형상점가,골목형상점가,광주광역시,2.0,3.0,,,P2_GRADED_ONLY,True,,,,,
11d8f145cb371fe952ce,test,간식,T2 동의어,q_간식_03,꽈배기,카페·디저트 중 '간식'을 판매·제공하는 매장,36cd4b7c-dad9-4dad-b132-15c43a0efa53,제주돌담꽈배기,꽈배기,미래그린시장,전통시장,경기도,3.0,3.0,,,RESOLVED_AGREEMENT,False,3,,,,
e192df3f3deff401f47c,test,간식,T2 동의어,q_간식_03,꽈배기,카페·디저트 중 '간식'을 판매·제공하는 매장,6200ec4a-dba3-47dd-a8ea-e0cce01c333a,옛날꽈배기,꽈배기,영천시장,전통시장,서울특별시,3.0,3.0,,,RESOLVED_AGREEMENT,False,3,,,,
0877d7403615c3504cea,test,간식,T2 동의어,q_간식_03,꽈배기,카페·디저트 중 '간식'을 판매·제공하는 매장,0d753046-7eb1-4915-9c50-1e735acf1c1d,버블퍼피,"애견간식, 용품",왕십리무학봉상점가,자율상권구역,서울특별시,2.0,3.0,,,P2_GRADED_ONLY,True,,,,,
a02afa618bd2dc1a7e5b,test,간식,T2 동의어,q_간식_03,꽈배기,카페·디저트 중 '간식'을 판매·제공하는 매장,86b372a3-6f82-49b4-a057-636b854ceeb2,꽈배기스토리,꽈배기,정릉시장,전통시장,서울특별시,3.0,3.0,,,RESOLVED_AGREEMENT,False,3,,,,
7e4c7b0f8edb17a7774b,test,간식,T2 동의어,q_간식_03,꽈배기,카페·디저트 중 '간식'을 판매·제공하는 매장,008d1ed4-a5d7-492e-9959-f8307a68cc5f,샐러드 정원,"샐러드, 샌드위치",미성동도깨비시장,골목형상점가,서울특별시,2.0,3.0,,,P2_GRADED_ONLY,True,,,,,
889f1fcc2abccb766468,test,간식,T2 동의어,q_간식_03,꽈배기,카페·디저트 중 '간식'을 판매·제공하는 매장,10ad7fbe-ec2b-49f3-b166-8f37ee378b48,그때그꽈배기,꽈배기,포항큰동해시장,전통시장,경상북도,3.0,3.0,,,RESOLVED_AGREEMENT,False,3,,,,
dfde71b91da185f3f75e,test,간식,T2 동의어,q_간식_03,꽈배기,카페·디저트 중 '간식'을 판매·제공하는 매장,3acb7228-c9f2-4f93-837e-866c24ef8d6a,웅쓰꽈배기,꽈배기,해오름 골목형상점가,골목형상점가,경기도,3.0,3.0,,,RESOLVED_AGREEMENT,False,3,,,,
0d38a7f96fd676265e05,test,간식,T2 동의어,q_간식_03,꽈배기,카페·디저트 중 '간식'을 판매·제공하는 매장,c56ec7c7-9795-4852-bd81-524bbbaec47f,황금 꽈배기,,쌍리단길상점가,자율상권구역,서울특별시,3.0,3.0,,,RESOLVED_AGREEMENT,False,3,,,,
0401dc6cdfdca7bda16e,test,간식,T2 동의어,q_간식_03,꽈배기,카페·디저트 중 '간식'을 판매·제공하는 매장,8088a96a-3b97-4a54-9397-334c882a5caa,스마일꽈배기,꽈배기,봉천제일종합시장,전통시장,서울특별시,3.0,3.0,,,RESOLVED_AGREEMENT,False,3,,,,
a4241a09d026444e0d78,test,간식,T2 동의어,q_간식_03,꽈배기,카페·디저트 중 '간식'을 판매·제공하는 매장,136f0b40-66e6-4d2b-82eb-da35fa05d8e6,꽈배기친구들,꽈배기,임동 골목형상점가,골목형상점가,광주광역시,3.0,3.0,,,RESOLVED_AGREEMENT,False,3,,,,
94df9ca0a1620d40d858,test,간식,T2 동의어,q_간식_03,꽈배기,카페·디저트 중 '간식'을 판매·제공하는 매장,ae6346ad-784e-453d-affd-5e7e5e06cee3,DC생활용품,생활용품,비아중앙로 골목형상점가,골목형상점가,광주광역시,0.0,0.0,,,RESOLVED_AGREEMENT,False,0,,,,
18d99c533e389716365a,test,간식,T2 동의어,q_간식_03,꽈배기,카페·디저트 중 '간식'을 판매·제공하는 매장,01226f93-5490-4530-a460-d5482763890d,버터앤츄,구움과자,행리단길 골목형상점가,골목형상점가,경기도,2.0,3.0,,,P2_GRADED_ONLY,True,,,,,
9327bdb3771a833caddc,test,간식,T2 동의어,q_간식_03,꽈배기,카페·디저트 중 '간식'을 판매·제공하는 매장,5b2883e2-9e2b-4ab0-9efe-7791cfcb26dc,허니찹쌀꽈배기,꽈배기,맹동혁신골목형상점가,골목형상점가,충청북도,3.0,3.0,,,RESOLVED_AGREEMENT,False,3,,,,
eef59c3f63a61bdda8ef,test,간식,T2 동의어,q_간식_03,꽈배기,카페·디저트 중 '간식'을 판매·제공하는 매장,02a3c435-88d7-4473-a9a4-6cfd09513987,보리원 대치은마점,붕어빵 호두과자 찰보리빵 등,은마종합상점가,자율상권구역,서울특별시,2.0,3.0,,,P2_GRADED_ONLY,True,,,,,
6bdde0a88db93518c0dd,test,간식,T2 동의어,q_간식_03,꽈배기,카페·디저트 중 '간식'을 판매·제공하는 매장,d8f868e6-98a3-44c8-aeff-9e3e5f3e8046,꽈배기진맛,꽈배기,천안역전시장(구 천안역공설시장),전통시장,충청남도,3.0,3.0,,,RESOLVED_AGREEMENT,False,3,,,,
a95931b5bbfd6078face,test,간식,T2 동의어,q_간식_03,꽈배기,카페·디저트 중 '간식'을 판매·제공하는 매장,244cc383-e2dc-4c84-b4ee-30aced4b346d,김가네 왕 꽈배기,꽈배기,전통중앙도매상가,전통시장,대전광역시,3.0,3.0,,,RESOLVED_AGREEMENT,False,3,,,,
59b61b4be19ab31fb2ab,test,간식,T2 동의어,q_간식_03,꽈배기,카페·디저트 중 '간식'을 판매·제공하는 매장,01dc1f3e-6edc-47a3-9fdf-124d0ea0de98,심봉사도르케 연천전곡점,고로케 꽈배기,전곡로데오거리 골목형상점가,골목형상점가,경기도,3.0,3.0,,,RESOLVED_AGREEMENT,False,3,,,,
a4b97406c808e1b46cde,test,간식,T2 동의어,q_간식_03,꽈배기,카페·디저트 중 '간식'을 판매·제공하는 매장,b618dee1-257d-47f5-b2ce-df34174879d7,스마일꽈배기,꽈배기,장안마실골목형상점가,골목형상점가,서울특별시,3.0,3.0,,,RESOLVED_AGREEMENT,False,3,,,,
d829d292805fc72026cd,test,간식,T2 동의어,q_간식_03,꽈배기,카페·디저트 중 '간식'을 판매·제공하는 매장,a5aa8cee-1d45-4ab6-8b64-27d7a517b62d,황제 찹쌀 꽈배기,꽈배기,"빛가람 스타타워, 메가티움1차, 메가티움2차 골목형상점가",골목형상점가,전라남도,3.0,3.0,,,RESOLVED_AGREEMENT,False,3,,,,
616480ff65b0c64bcc54,test,간식,T2 동의어,q_간식_03,꽈배기,카페·디저트 중 '간식'을 판매·제공하는 매장,f665a7af-3c44-4156-9ed2-2d513b74f305,경성꽈배기,꽈배기,은마종합상점가,자율상권구역,서울특별시,3.0,3.0,,,RESOLVED_AGREEMENT,False,3,,,,
ebe836786fa988b416a0,test,간식,T2 동의어,q_간식_03,꽈배기,카페·디저트 중 '간식'을 판매·제공하는 매장,c60325aa-284f-4acc-9013-a5ddf12c7810,황금스마일 꽈배기,꽈배기,대룡시장골목형상점가,골목형상점가,인천광역시,3.0,3.0,,,RESOLVED_AGREEMENT,False,3,,,,
f731071209674114d83c,test,간식,T2 동의어,q_간식_03,꽈배기,카페·디저트 중 '간식'을 판매·제공하는 매장,eebde5b2-ec3d-4227-a600-0b70930f5dd4,스마일꽈배기,꽈배기,선유로운골목형상점가,골목형상점가,서울특별시,3.0,3.0,,,RESOLVED_AGREEMENT,False,3,,,,
da0a1384128f06b15b52,test,간식,T2 동의어,q_간식_03,꽈배기,카페·디저트 중 '간식'을 판매·제공하는 매장,01874291-5378-4910-88e7-c2fb85b4ea5c,써브웨이 광주금호점,샌드위치 전문점,금호상인회 골목형상점가,골목형상점가,광주광역시,2.0,3.0,,,P2_GRADED_ONLY,True,,,,,
cf30f4cdf74cfee36486,test,간식,T2 동의어,q_간식_03,꽈배기,카페·디저트 중 '간식'을 판매·제공하는 매장,4e9c55a5-6dfb-47f6-b136-4e43bb212df4,토지수산마트,생선,토지금고시장,전통시장,인천광역시,0.0,1.0,,,P2_GRADED_ONLY,True,,,,,
7dec2af42ed580b873c0,test,간식,T2 동의어,q_간식_03,꽈배기,카페·디저트 중 '간식'을 판매·제공하는 매장,d4bd3f66-6b84-406a-a821-eb9bf21b0e67,옥수수앤꽈배기,꽈배기,삼각지맛길 골목형상점가,골목형상점가,대구광역시,3.0,3.0,,,RESOLVED_AGREEMENT,False,3,,,,
fde1eb9e0adb9aa6e493,test,간식,T2 동의어,q_간식_03,꽈배기,카페·디저트 중 '간식'을 판매·제공하는 매장,628a8ee0-6d7e-410a-8c58-798a8379cd0b,윤쌤찹쌀꽈배기,꽈배기,혁신도시2구역골목형상점가,골목형상점가,강원특별자치도,3.0,3.0,,,RESOLVED_AGREEMENT,False,3,,,,
9f712d0d084c928c7f22,test,간식,T2 동의어,q_간식_03,꽈배기,카페·디저트 중 '간식'을 판매·제공하는 매장,9a3b4756-f997-4312-ac13-2b98d1a2cfc5,스마일꽈배기,꽈배기,양주신산시장마을상점가,골목형상점가,경기도,3.0,3.0,,,RESOLVED_AGREEMENT,False,3,,,,
41d5a1e61f219792a05e,test,간식,T2 동의어,q_간식_03,꽈배기,카페·디저트 중 '간식'을 판매·제공하는 매장,3732fd4a-ba87-4b86-a6e9-31e05b862ba2,꿀꽈당찹쌀꽈배기,꽈배기,미래그린시장,전통시장,경기도,3.0,3.0,,,RESOLVED_AGREEMENT,False,3,,,,
4f43215ae739dc71c7ce,test,간식,T2 동의어,q_간식_03,꽈배기,카페·디저트 중 '간식'을 판매·제공하는 매장,3d31bb63-6979-432f-91c1-78363e3cc2dd,스타꽈배기,꽈배기,"온양온천시장(온양재래시장, 전통시장)",전통시장,충청남도,3.0,3.0,,,RESOLVED_AGREEMENT,False,3,,,,
589ae5f1efa7ff8237c7,test,간식,T2 동의어,q_간식_03,꽈배기,카페·디저트 중 '간식'을 판매·제공하는 매장,a3187993-6bd1-471c-9460-fc12479fcc23,이응꽈배기,꽈배기,한들물빛도시 골목형 상점가,골목형상점가,충청남도,3.0,3.0,,,RESOLVED_AGREEMENT,False,3,,,,
20333ebbd68883fa9789,test,간식,T2 동의어,q_간식_03,꽈배기,카페·디저트 중 '간식'을 판매·제공하는 매장,00362b85-cb9a-4318-9059-12f768d76197,파리바게뜨전주인후점,제과점,소나무 골목형상점가,골목형상점가,전북특별자치도,1.0,3.0,,,P1_BINARY_THRESHOLD,True,,,,,
b2b3a7f7ebd09d98c47c,test,간식,T2 동의어,q_간식_03,꽈배기,카페·디저트 중 '간식'을 판매·제공하는 매장,7c55fe63-e460-468d-8df9-1a12c871236e,이가꽈배기,꽈배기,신원시장,전통시장,서울특별시,3.0,3.0,,,RESOLVED_AGREEMENT,False,3,,,,
471e756bb200de369613,test,간식,T2 동의어,q_간식_03,꽈배기,카페·디저트 중 '간식'을 판매·제공하는 매장,0061123f-a676-4556-9633-5fbc4ecaf6ef,치즈케익카스테라카페,제과,북가좌동 골목형상점가,골목형상점가,서울특별시,1.0,3.0,,,P1_BINARY_THRESHOLD,True,,,,,
1f4286e035380edb9d55,test,간식,T2 동의어,q_간식_03,꽈배기,카페·디저트 중 '간식'을 판매·제공하는 매장,f178e55f-483b-4f70-88d0-b4e071c90d5f,큰애기꽈배기,꽈배기,명촌 골목형상점가,골목형상점가,울산광역시,3.0,3.0,,,RESOLVED_AGREEMENT,False,3,,,,
ade465271df2dfbae373,test,간식,T2 동의어,q_간식_03,꽈배기,카페·디저트 중 '간식'을 판매·제공하는 매장,588838bb-c907-41e0-9695-3e0fc289015b,쩡춘찹쌀꽈배기,꽈배기,온양온천역 골목형 상점가,골목형상점가,충청남도,3.0,3.0,,,RESOLVED_AGREEMENT,False,3,,,,
cfe7ccaa6dd170112dd7,test,간식,T2 동의어,q_간식_03,꽈배기,카페·디저트 중 '간식'을 판매·제공하는 매장,3ed6c38a-cbdd-41cf-85b1-d40261d43c39,못난이꽈배기,꽈배기,목2동시장,전통시장,서울특별시,3.0,3.0,,,RESOLVED_AGREEMENT,False,3,,,,
225cfc2b3586d8f0112f,test,간식,T2 동의어,q_간식_03,꽈배기,카페·디저트 중 '간식'을 판매·제공하는 매장,9b1d9d54-92cf-4d88-acb4-5a637c60b398,꽈배기에반하다,꽈배기,월곡시장,전통시장,,3.0,3.0,,,RESOLVED_AGREEMENT,False,3,,,,
00ffd8e4c225c00b6c3b,test,간식,T2 동의어,q_간식_03,꽈배기,카페·디저트 중 '간식'을 판매·제공하는 매장,9e7b2260-b201-4b5b-ac08-680d0f530f1b,바른몸한의원,한의치료,경산중앙로상점가,자율상권구역,경상북도,0.0,0.0,,,RESOLVED_AGREEMENT,False,0,,,,
b3a0f83f6507cfab04e9,test,간식,T2 동의어,q_간식_03,꽈배기,카페·디저트 중 '간식'을 판매·제공하는 매장,51539921-a425-4996-b2eb-50fb693f38c9,스마일 찹쌀 꽈배기,꽈배기,남양주장현전통시장,전통시장,경기도,3.0,3.0,,,RESOLVED_AGREEMENT,False,3,,,,
6784bf70bb4df00d496e,test,간식,T2 동의어,q_간식_03,꽈배기,카페·디저트 중 '간식'을 판매·제공하는 매장,aa2a34db-878e-4258-b77a-8a4e95ad1d97,경성꽈배기,꽈배기,자양15번가골목형상점가,골목형상점가,서울특별시,3.0,3.0,,,RESOLVED_AGREEMENT,False,3,,,,
ab7943e92e6f1b1ce1a1,test,간식,T2 동의어,q_간식_03,꽈배기,카페·디저트 중 '간식'을 판매·제공하는 매장,05572cf5-3f6c-448d-b7c1-2e5e305bd918,원더풀꽈배기,꽈배기,첨단아미 골목형상점가,골목형상점가,광주광역시,3.0,3.0,,,RESOLVED_AGREEMENT,False,3,,,,
85c3b939f3032ab1c3ab,test,간식,T2 동의어,q_간식_03,꽈배기,카페·디저트 중 '간식'을 판매·제공하는 매장,0c93ea7b-9fbc-41b2-8923-76e8de0d8aa2,달콤간식창고,,빛가람 호수로 골목형상점가,골목형상점가,,2.0,3.0,,,P2_GRADED_ONLY,True,,,,,
a74703fe73d21d6485e2,test,간식,T2 동의어,q_간식_03,꽈배기,카페·디저트 중 '간식'을 판매·제공하는 매장,f9d3516c-6010-4690-b00f-74f39b2443a7,못난이 꽈배기,꽈배기,장대동패션상가 골목형상점가,골목형상점가,대전광역시,3.0,3.0,,,RESOLVED_AGREEMENT,False,3,,,,
f7d252eae22347dc6d9e,test,간식,T2 동의어,q_간식_03,꽈배기,카페·디저트 중 '간식'을 판매·제공하는 매장,2602d876-b28e-42e1-99a5-34c074191d75,맛나꽈배기,꽈배기,진주 중앙시장,전통시장,경상남도,3.0,3.0,,,RESOLVED_AGREEMENT,False,3,,,,
2cc85e3fc3e947ed63eb,test,간식,T2 동의어,q_간식_03,꽈배기,카페·디저트 중 '간식'을 판매·제공하는 매장,349a48bc-d406-444a-b3b2-410e1fd70c0d,다을새,꽈배기,대룡시장골목형상점가,골목형상점가,인천광역시,3.0,3.0,,,RESOLVED_AGREEMENT,False,3,,,,
da9ec3b972f493aef975,test,간식,T2 동의어,q_간식_03,꽈배기,카페·디저트 중 '간식'을 판매·제공하는 매장,ef1c9aa9-fc2c-495a-b76a-ee7d4836c990,꽈배기진여의동점,꽈배기,여의동 골목형상점가,골목형상점가,전북특별자치도,3.0,3.0,,,RESOLVED_AGREEMENT,False,3,,,,
1a9d9cbfaca304bbc325,test,간식,T2 동의어,q_간식_03,꽈배기,카페·디저트 중 '간식'을 판매·제공하는 매장,e1e682f9-a12d-4ddc-ac6d-75cb6812e230,이신복명물꽈배기,꽈배기,예산상설시장,전통시장,충청남도,3.0,3.0,,,RESOLVED_AGREEMENT,False,3,,,,
c905d1579204c5ce6db8,test,간식,T2 동의어,q_간식_03,꽈배기,카페·디저트 중 '간식'을 판매·제공하는 매장,42abdbc2-51f7-4a60-832e-e07b34a8f112,금강산수산횟집,수산물,속초종합중앙시장,전통시장,강원특별자치도,0.0,0.0,,,RESOLVED_AGREEMENT,False,0,,,,
4fd6484b8bb4773638fa,test,간식,T2 동의어,q_간식_03,꽈배기,카페·디저트 중 '간식'을 판매·제공하는 매장,4d16de25-3426-4bd1-b217-684779edf96c,왕버들꽈배기,꽈배기,충효 호수생태공원 골목형상점가,골목형상점가,광주광역시,3.0,3.0,,,RESOLVED_AGREEMENT,False,3,,,,
1233777f3d585a98d249,test,간식,T2 동의어,q_간식_03,꽈배기,카페·디저트 중 '간식'을 판매·제공하는 매장,24b344dc-747b-4253-a060-2ccae8e1b8c1,포인트,의류,동산상가,전통시장,대구광역시,0.0,0.0,,,RESOLVED_AGREEMENT,False,0,,,,
77b6153fa828a405fef5,test,간식,T2 동의어,q_간식_03,꽈배기,카페·디저트 중 '간식'을 판매·제공하는 매장,861a626b-6246-4458-b748-476611c278e0,순천상회,농산물,가락몰골목형상점가,골목형상점가,서울특별시,0.0,0.0,,,RESOLVED_AGREEMENT,False,0,,,,
e23a26f3954bcaf7c9ce,test,간식,T2 동의어,q_간식_03,꽈배기,카페·디저트 중 '간식'을 판매·제공하는 매장,fc6dfe20-5bb5-4b04-8d11-7348e3d62b0a,웰빙찹쌀꽈배기,꽈배기,창원 지귀시장,전통시장,경상남도,3.0,3.0,,,RESOLVED_AGREEMENT,False,3,,,,
15badc9e3e5cd5255672,test,간식,T2 동의어,q_간식_03,꽈배기,카페·디저트 중 '간식'을 판매·제공하는 매장,0cf1e0dc-a2ef-4da6-b9a4-78c363334f7c,지니샌드,간식,종암북바위길골목형상점가,골목형상점가,서울특별시,2.0,3.0,,,P2_GRADED_ONLY,True,,,,,
c87f03b12d57fcba9786,test,간식,T2 동의어,q_간식_03,꽈배기,카페·디저트 중 '간식'을 판매·제공하는 매장,002580f9-7146-4999-af6a-cfecd782191a,마녀샌드위치,샌드위치,광주여대 골목형상점가,골목형상점가,광주광역시,2.0,3.0,,,P2_GRADED_ONLY,True,,,,,
fb77a32db165f623c6cb,test,간식,T2 동의어,q_간식_03,꽈배기,카페·디저트 중 '간식'을 판매·제공하는 매장,05f89167-741d-4371-9b48-35c394c971c6,엘림글로벌서울꽈배기,,길동복조리시장,전통시장,서울특별시,3.0,3.0,,,RESOLVED_AGREEMENT,False,3,,,,
fe547822c39f37f25f1c,test,간식,T2 동의어,q_간식_03,꽈배기,카페·디저트 중 '간식'을 판매·제공하는 매장,92941482-3c15-4f93-b918-1798c5aa7df5,경성꽈배기,꽈배기,상무중앙상인회 골목형상점가,골목형상점가,광주광역시,3.0,3.0,,,RESOLVED_AGREEMENT,False,3,,,,
d41ba1e329f40608736b,test,간식,T2 동의어,q_간식_03,꽈배기,카페·디저트 중 '간식'을 판매·제공하는 매장,000814be-1ad1-4f62-87e7-0e02af595e2f,사사,"샌드위치, 케이크, 커피",나릿재 골목형상점가,골목형상점가,세종특별자치시,2.0,3.0,,,P2_GRADED_ONLY,True,,,,,
cf735fba1a3faffa2c25,test,간식,T2 동의어,q_간식_03,꽈배기,카페·디저트 중 '간식'을 판매·제공하는 매장,7313846e-93bc-4095-8523-c910decdc49e,더꽈배기,꽈배기,신원권율4 골목형상점가,골목형상점가,경기도,3.0,3.0,,,RESOLVED_AGREEMENT,False,3,,,,
b92c6707f21acd70012f,test,간식,T2 동의어,q_간식_03,꽈배기,카페·디저트 중 '간식'을 판매·제공하는 매장,6c7c9ae8-642c-4f54-b530-6f46b87f5028,똑순이네 악세사리,액세서리,평택국제중앙시장,전통시장,경기도,0.0,0.0,,,RESOLVED_AGREEMENT,False,0,,,,
c68f3c793f4ddec8e545,test,간식,T2 동의어,q_간식_03,꽈배기,카페·디저트 중 '간식'을 판매·제공하는 매장,b194c6b2-8648-492c-a838-78b0723838a6,풍년꽈배기,꽈배기,공주산성시장,전통시장,충청남도,3.0,3.0,,,RESOLVED_AGREEMENT,False,3,,,,
9e070685a0afd7d5b209,test,간식,T2 동의어,q_간식_03,꽈배기,카페·디저트 중 '간식'을 판매·제공하는 매장,0521f642-329a-4ddf-a92b-b43585bebb0f,원더풀꽈배기,,승달 골목형상점가,골목형상점가,,3.0,3.0,,,RESOLVED_AGREEMENT,False,3,,,,
a6ab0b2b67c36ef45192,test,간식,T2 동의어,q_간식_03,꽈배기,카페·디저트 중 '간식'을 판매·제공하는 매장,76c53d76-02d4-49d9-93fb-2ce9d1171ff1,꿀복이 꽈배기 인수점,꽈배기,인수로골목형상점가,골목형상점가,서울특별시,3.0,3.0,,,RESOLVED_AGREEMENT,False,3,,,,
0cde6c627ce4e8781983,test,간식,T2 동의어,q_간식_03,꽈배기,카페·디저트 중 '간식'을 판매·제공하는 매장,043ed8e3-2adc-4c0d-b918-f2b96e232628,못난이꽈배기,꽈배기,천안중앙시장,전통시장,충청남도,3.0,3.0,,,RESOLVED_AGREEMENT,False,3,,,,
3e6b80d03e38e73b8b1e,test,간식,T2 동의어,q_간식_03,꽈배기,카페·디저트 중 '간식'을 판매·제공하는 매장,c61d9c33-e0b5-4af7-9993-5f700da0cb87,못난이 꽈배기,꽈배기,대전정원시장,전통시장,대전광역시,3.0,3.0,,,RESOLVED_AGREEMENT,False,3,,,,
0d7bd77229e2805649f0,test,간식,T2 동의어,q_간식_03,꽈배기,카페·디저트 중 '간식'을 판매·제공하는 매장,0346c7d3-2a07-41c5-8627-bc65b1e5122e,루미담,빵류 과자류 강정류,효천2지구 골목형상점가,골목형상점가,광주광역시,2.0,3.0,,,P2_GRADED_ONLY,True,,,,,
1e0ab0c6a62757fcf20f,test,간식,T2 동의어,q_간식_03,꽈배기,카페·디저트 중 '간식'을 판매·제공하는 매장,112343fc-81a9-472b-b08c-24cf27f757e9,초록마을대전노은점,신선야채.어린이간식.건강식품등....,열매 골목형상점가,골목형상점가,대전광역시,2.0,3.0,,,P2_GRADED_ONLY,True,,,,,
ca8e3436095dec9d5132,test,간식,T2 동의어,q_간식_03,꽈배기,카페·디저트 중 '간식'을 판매·제공하는 매장,b0999c13-c1ec-4660-b73c-1458ab2f0ef2,못난이꽈배기,꽈배기,부안마실 상권활성화구역,상권활성화구역,전북특별자치도,3.0,3.0,,,RESOLVED_AGREEMENT,False,3,,,,
5e51e10abffcd7d85cb3,test,간식,T2 동의어,q_간식_03,꽈배기,카페·디저트 중 '간식'을 판매·제공하는 매장,0e278e96-3bf8-4b34-a2e2-c75b8d23038d,꽈배당,꽈배기,창원 도계부부시장,전통시장,경상남도,3.0,3.0,,,RESOLVED_AGREEMENT,False,3,,,,
853960c690768dabccc0,test,간식,T2 동의어,q_간식_03,꽈배기,카페·디저트 중 '간식'을 판매·제공하는 매장,236d642b-03a5-450d-8cdc-f31dee8e949d,스마일꽈배기,꽈배기,양주가래비중앙로상점가,골목형상점가,경기도,3.0,3.0,,,RESOLVED_AGREEMENT,False,3,,,,
153258dd73459313d2be,test,간식,T2 동의어,q_간식_03,꽈배기,카페·디저트 중 '간식'을 판매·제공하는 매장,3de82fb6-8a2f-4111-a883-442e0e7388ae,더담백꽈배기,꽈배기,창원 명서시장,전통시장,경상남도,3.0,3.0,,,RESOLVED_AGREEMENT,False,3,,,,
b4b19b03cfe557775167,test,간식,T2 동의어,q_간식_03,꽈배기,카페·디저트 중 '간식'을 판매·제공하는 매장,aab0758e-68ff-48b8-9170-e5ef3335b45b,박서방꽈배기,꽈배기,박달시장,전통시장,경기도,3.0,3.0,,,RESOLVED_AGREEMENT,False,3,,,,
67404b9d1f5c5bab2693,test,간식,T2 동의어,q_간식_03,꽈배기,카페·디저트 중 '간식'을 판매·제공하는 매장,f74133db-85b1-48eb-a70e-60646c4b801d,달배기 꽈배기,꽈배기,언양읍성 남문 골목형상점가,골목형상점가,울산광역시,3.0,3.0,,,RESOLVED_AGREEMENT,False,3,,,,
6f84bba958e9f1e005c9,test,간식,T2 동의어,q_간식_03,꽈배기,카페·디저트 중 '간식'을 판매·제공하는 매장,c3ccffc9-7ece-4c30-b022-f90212fe76dd,경성꽈배기,꽈배기,목동깨비시장(구 목3동시장),전통시장,서울특별시,3.0,3.0,,,RESOLVED_AGREEMENT,False,3,,,,
af90951d0d37fd0b21ae,test,간식,T2 동의어,q_간식_03,꽈배기,카페·디저트 중 '간식'을 판매·제공하는 매장,002d0d06-15b2-463e-b789-b0232bcc6681,뚜레주르버들마을점,제과,버들마을상인회 골목형상점가,골목형상점가,광주광역시,1.0,3.0,,,P1_BINARY_THRESHOLD,True,,,,,
b1584bfef7e0b92ef1ee,test,간식,T2 동의어,q_간식_03,꽈배기,카페·디저트 중 '간식'을 판매·제공하는 매장,2ec5b05e-f9ba-411b-8a62-3206637d6ea0,맘한가득찬,반찬,약수시장골목형상점가,골목형상점가,서울특별시,0.0,0.0,,,RESOLVED_AGREEMENT,False,0,,,,
ef4d9e058f138c819e11,test,간식,T2 동의어,q_간식_03,꽈배기,카페·디저트 중 '간식'을 판매·제공하는 매장,4619a5b7-c3b5-49b5-b283-3395b3603933,못난이꽈배기,꽈배기,통영 북신전통시장,전통시장,경상남도,3.0,3.0,,,RESOLVED_AGREEMENT,False,3,,,,
f3fcf8f79af046cb07d3,test,간식,T2 동의어,q_간식_03,꽈배기,카페·디저트 중 '간식'을 판매·제공하는 매장,00a88093-8a14-41ad-8b1f-d35632be9f3b,한아름빵집,제과,신평골목시장,전통시장,부산광역시,1.0,3.0,,,P1_BINARY_THRESHOLD,True,,,,,
f78ade400aa51014e90c,test,간식,T2 동의어,q_간식_03,꽈배기,카페·디저트 중 '간식'을 판매·제공하는 매장,9bfd834e-8cc0-4c02-abed-70e2438ee49a,스마일꽈배기,꽈배기,도화동상점가,자율상권구역,서울특별시,3.0,3.0,,,RESOLVED_AGREEMENT,False,3,,,,
cc47bcad9db5b7f200f8,test,간식,T2 동의어,q_간식_03,꽈배기,카페·디저트 중 '간식'을 판매·제공하는 매장,faeb2c45-bfc3-4a9e-b0d3-9f30d000269a,동동 꽈배기,"꽈배기, 닭강정",더테라스골목형상점가,골목형상점가,인천광역시,3.0,3.0,,,RESOLVED_AGREEMENT,False,3,,,,
f09649c692351545d11e,test,간식,T2 동의어,q_간식_03,꽈배기,카페·디저트 중 '간식'을 판매·제공하는 매장,9a22e159-1525-478f-8a8d-6f1059ea2a16,국민 꽈배기,,사직거인 골목형상점가,골목형상점가,부산광역시,3.0,3.0,,,RESOLVED_AGREEMENT,False,3,,,,
431a6fa02c844c58d066,test,간식,T2 동의어,q_간식_03,꽈배기,카페·디저트 중 '간식'을 판매·제공하는 매장,0007598c-6a5e-44f2-9d2e-fbfc2b6e8db1,써브웨이광주수완점 유한회사,샌드위치,희담길,골목형상점가,광주광역시,2.0,3.0,,,P2_GRADED_ONLY,True,,,,,
762fc37e8a367cd7f8b6,test,간식,T2 동의어,q_간식_03,꽈배기,카페·디저트 중 '간식'을 판매·제공하는 매장,90266c33-80f9-4808-9575-096c6ba2b1e5,효당꽈배기,제과 꽈배기,강화풍물시장,전통시장,인천광역시,3.0,3.0,,,RESOLVED_AGREEMENT,False,3,,,,
0df7e8f10c78320fcc78,test,간식,T2 동의어,q_간식_03,꽈배기,카페·디저트 중 '간식'을 판매·제공하는 매장,0eaecef3-d748-4ddb-9179-6df06f823b53,하나카 동물병원,"반려동물 진료, 반려동물 사료, 반려동물 영양제, 반려동물 간식",역삼동 골목형상점가,골목형상점가,서울특별시,2.0,3.0,,,P2_GRADED_ONLY,True,,,,,
c3abc9d7befb282169ee,test,간식,T2 동의어,q_간식_03,꽈배기,카페·디저트 중 '간식'을 판매·제공하는 매장,e97f16b9-88c1-47e7-b950-010b646d5f70,마미꽈배기,꽈배기,마산 동마산시장,전통시장,경상남도,3.0,3.0,,,RESOLVED_AGREEMENT,False,3,,,,
7b668edf42c93dc1e22e,test,간식,T2 동의어,q_간식_04,샌드위치,카페·디저트 중 '간식'을 판매·제공하는 매장,4d2eb252-b91d-497c-b9cf-5713ce64efcc,라바게트 샌드위치&커피,샌드위치&커피,관평동 골목형상점가,골목형상점가,대전광역시,3.0,3.0,,,RESOLVED_AGREEMENT,False,3,,,,
db805450f210cea7b7dc,test,간식,T2 동의어,q_간식_04,샌드위치,카페·디저트 중 '간식'을 판매·제공하는 매장,436bbf27-c1dd-41b0-a5fe-f3a5c3f92e43,치폴라,샌드위치,방배카페골목 골목형상점가,골목형상점가,서울특별시,3.0,3.0,,,RESOLVED_AGREEMENT,False,3,,,,
555b40e152862caa2331,test,간식,T2 동의어,q_간식_04,샌드위치,카페·디저트 중 '간식'을 판매·제공하는 매장,0cf1e0dc-a2ef-4da6-b9a4-78c363334f7c,지니샌드,간식,종암북바위길골목형상점가,골목형상점가,서울특별시,2.0,3.0,,,P2_GRADED_ONLY,True,,,,,
26e098f38660cf55ee47,test,간식,T2 동의어,q_간식_04,샌드위치,카페·디저트 중 '간식'을 판매·제공하는 매장,0c93ea7b-9fbc-41b2-8923-76e8de0d8aa2,달콤간식창고,,빛가람 호수로 골목형상점가,골목형상점가,,2.0,3.0,,,P2_GRADED_ONLY,True,,,,,
b7f502dd4c021fe949c9,test,간식,T2 동의어,q_간식_04,샌드위치,카페·디저트 중 '간식'을 판매·제공하는 매장,02a3c435-88d7-4473-a9a4-6cfd09513987,보리원 대치은마점,붕어빵 호두과자 찰보리빵 등,은마종합상점가,자율상권구역,서울특별시,2.0,3.0,,,P2_GRADED_ONLY,True,,,,,
494915172edfeb89b261,test,간식,T2 동의어,q_간식_04,샌드위치,카페·디저트 중 '간식'을 판매·제공하는 매장,53e84aac-19b3-4438-88b4-b2d464303606,우이,샌드위치,인수로골목형상점가,골목형상점가,서울특별시,3.0,3.0,,,RESOLVED_AGREEMENT,False,3,,,,
98696e00ae1bc688c979,test,간식,T2 동의어,q_간식_04,샌드위치,카페·디저트 중 '간식'을 판매·제공하는 매장,01dc1f3e-6edc-47a3-9fdf-124d0ea0de98,심봉사도르케 연천전곡점,고로케 꽈배기,전곡로데오거리 골목형상점가,골목형상점가,경기도,2.0,3.0,,,P2_GRADED_ONLY,True,,,,,
cf14c37fac7c201b3e3f,test,간식,T2 동의어,q_간식_04,샌드위치,카페·디저트 중 '간식'을 판매·제공하는 매장,03821169-d1f1-4351-84b0-cd123557cb69,윤다방,커피 샌드위치,운암 예술 골목형상점가,골목형상점가,광주광역시,3.0,3.0,,,RESOLVED_AGREEMENT,False,3,,,,
c765edc68cbd44a1b21a,test,간식,T2 동의어,q_간식_04,샌드위치,카페·디저트 중 '간식'을 판매·제공하는 매장,00362b85-cb9a-4318-9059-12f768d76197,파리바게뜨전주인후점,제과점,소나무 골목형상점가,골목형상점가,전북특별자치도,1.0,3.0,,,P1_BINARY_THRESHOLD,True,,,,,
b24ee52b4514a12ee07e,test,간식,T2 동의어,q_간식_04,샌드위치,카페·디저트 중 '간식'을 판매·제공하는 매장,943e01a2-259c-4b44-a21c-6ee5271f5a39,대성상회,건어물,마산어시장,전통시장,경상남도,0.0,0.0,,,RESOLVED_AGREEMENT,False,0,,,,
2d140212842349587a46,test,간식,T2 동의어,q_간식_04,샌드위치,카페·디저트 중 '간식'을 판매·제공하는 매장,0007598c-6a5e-44f2-9d2e-fbfc2b6e8db1,써브웨이광주수완점 유한회사,샌드위치,희담길,골목형상점가,광주광역시,3.0,3.0,,,RESOLVED_AGREEMENT,False,3,,,,
f66c5443a7153edf0b68,test,간식,T2 동의어,q_간식_04,샌드위치,카페·디저트 중 '간식'을 판매·제공하는 매장,0346c7d3-2a07-41c5-8627-bc65b1e5122e,루미담,빵류 과자류 강정류,효천2지구 골목형상점가,골목형상점가,광주광역시,2.0,3.0,,,P2_GRADED_ONLY,True,,,,,
e81721c079491f548155,test,간식,T2 동의어,q_간식_04,샌드위치,카페·디저트 중 '간식'을 판매·제공하는 매장,e02471e7-8f4a-442e-b293-d482af63614a,얼리버드샌드위치,샌드위치,조대장미의거리 상점가,자율상권구역,광주광역시,3.0,3.0,,,RESOLVED_AGREEMENT,False,3,,,,
720e26d2906a56aea180,test,간식,T2 동의어,q_간식_04,샌드위치,카페·디저트 중 '간식'을 판매·제공하는 매장,c17ab504-a33d-4889-86a5-a0d7c62d4216,무초프루토,샌드위치,군산주공시장,전통시장,전북특별자치도,3.0,3.0,,,RESOLVED_AGREEMENT,False,3,,,,
6628e904f967ae993579,test,간식,T2 동의어,q_간식_04,샌드위치,카페·디저트 중 '간식'을 판매·제공하는 매장,0761adb7-61cb-4b89-bfbc-c20f83b9fce3,피셔샌드위치,샌드위치,새샘하루 골목형상점가,골목형상점가,세종특별자치시,3.0,3.0,,,RESOLVED_AGREEMENT,False,3,,,,
ed8ec509c8349abb2c7b,test,간식,T2 동의어,q_간식_04,샌드위치,카페·디저트 중 '간식'을 판매·제공하는 매장,18c191a5-1e4a-4b97-8891-1cabb848474a,몸,샌드위치,불국상가시장,전통시장,경상북도,3.0,3.0,,,RESOLVED_AGREEMENT,False,3,,,,
f8f1665796b21178f8d4,test,간식,T2 동의어,q_간식_04,샌드위치,카페·디저트 중 '간식'을 판매·제공하는 매장,ea10f00a-f233-4013-80df-ee20ccd17595,사랑방,커피,양동경열로시장,전통시장,광주광역시,0.0,2.0,,,P1_BINARY_THRESHOLD,True,,,,,
fa6a54599117592453f2,test,간식,T2 동의어,q_간식_04,샌드위치,카페·디저트 중 '간식'을 판매·제공하는 매장,002580f9-7146-4999-af6a-cfecd782191a,마녀샌드위치,샌드위치,광주여대 골목형상점가,골목형상점가,광주광역시,3.0,3.0,,,RESOLVED_AGREEMENT,False,3,,,,
a9a27308a02806a28ab5,test,간식,T2 동의어,q_간식_04,샌드위치,카페·디저트 중 '간식'을 판매·제공하는 매장,33cf0627-6149-46ed-b3bf-8d00fde30c15,이브자리 쌍촌점,침구류,쌍촌역상인회 골목형상점가,골목형상점가,광주광역시,0.0,0.0,,,RESOLVED_AGREEMENT,False,0,,,,
4024815dd55cac622fdb,test,간식,T2 동의어,q_간식_04,샌드위치,카페·디저트 중 '간식'을 판매·제공하는 매장,c7d3711f-9e11-412d-b664-22c17e6a7a62,필라델피아,샌드위치,금암동 골목형상점가,골목형상점가,전북특별자치도,3.0,3.0,,,RESOLVED_AGREEMENT,False,3,,,,
7d5ece4269557b736981,test,간식,T2 동의어,q_간식_04,샌드위치,카페·디저트 중 '간식'을 판매·제공하는 매장,355a3221-38a3-4e6c-86d1-ea1a1bc3e274,자몽샌드위치,샌드위치,과천슈르탑 골목형상점가,골목형상점가,경기도,3.0,3.0,,,RESOLVED_AGREEMENT,False,3,,,,
a3bb7c423dbfd779b6bf,test,간식,T2 동의어,q_간식_04,샌드위치,카페·디저트 중 '간식'을 판매·제공하는 매장,bc3bc126-b480-414d-a8e6-9501825b00ef,압구정샌드위치 건대점,샌드위치,건대로데오거리골목형상점가,골목형상점가,서울특별시,3.0,3.0,,,RESOLVED_AGREEMENT,False,3,,,,
be3dd14eb51ebf3d35ae,test,간식,T2 동의어,q_간식_04,샌드위치,카페·디저트 중 '간식'을 판매·제공하는 매장,14982c41-3572-413c-b854-9ee5081778f5,민물나라,한식,동원전통시장상점가,자율상권구역,서울특별시,0.0,0.0,,,RESOLVED_AGREEMENT,False,0,,,,
3cfc79100ec5681facd6,test,간식,T2 동의어,q_간식_04,샌드위치,카페·디저트 중 '간식'을 판매·제공하는 매장,05f89167-741d-4371-9b48-35c394c971c6,엘림글로벌서울꽈배기,,길동복조리시장,전통시장,서울특별시,2.0,3.0,,,P2_GRADED_ONLY,True,,,,,
587dae95ec879350c22a,test,간식,T2 동의어,q_간식_04,샌드위치,카페·디저트 중 '간식'을 판매·제공하는 매장,d51d5b4b-f712-4081-b4b6-3c1b71489165,촵촵샌드위치,샌드위치,운남더존 골목형상점가,골목형상점가,광주광역시,3.0,3.0,,,RESOLVED_AGREEMENT,False,3,,,,
20b11c98b280b595382c,test,간식,T2 동의어,q_간식_04,샌드위치,카페·디저트 중 '간식'을 판매·제공하는 매장,4bde916d-5e1a-4757-bf78-4fd9d9050693,팻캣,샌드위치,해방촌 골목형상점가,골목형상점가,서울특별시,3.0,3.0,,,RESOLVED_AGREEMENT,False,3,,,,
4c8657519adb50bdbe87,test,간식,T2 동의어,q_간식_04,샌드위치,카페·디저트 중 '간식'을 판매·제공하는 매장,0521f642-329a-4ddf-a92b-b43585bebb0f,원더풀꽈배기,,승달 골목형상점가,골목형상점가,,2.0,3.0,,,P2_GRADED_ONLY,True,,,,,
f434704e3e199b657d51,test,간식,T2 동의어,q_간식_04,샌드위치,카페·디저트 중 '간식'을 판매·제공하는 매장,008d1ed4-a5d7-492e-9959-f8307a68cc5f,샐러드 정원,"샐러드, 샌드위치",미성동도깨비시장,골목형상점가,서울특별시,3.0,3.0,,,RESOLVED_AGREEMENT,False,3,,,,
7353f489fa5c7e061eb8,test,간식,T2 동의어,q_간식_04,샌드위치,카페·디저트 중 '간식'을 판매·제공하는 매장,9385b4a5-281b-47fe-b02d-033e3e32b856,하남샌드,샌드위치,하남대로,골목형상점가,광주광역시,3.0,3.0,,,RESOLVED_AGREEMENT,False,3,,,,
9cdb7b2d3fa1e9241165,test,간식,T2 동의어,q_간식_04,샌드위치,카페·디저트 중 '간식'을 판매·제공하는 매장,06f15d12-3aef-4cd1-adad-795f46527dcb,샌드리아,샌드위치,맹동혁신골목형상점가,골목형상점가,충청북도,3.0,3.0,,,RESOLVED_AGREEMENT,False,3,,,,
c0972fc8394b3d4c8bbb,test,간식,T2 동의어,q_간식_04,샌드위치,카페·디저트 중 '간식'을 판매·제공하는 매장,05572cf5-3f6c-448d-b7c1-2e5e305bd918,원더풀꽈배기,꽈배기,첨단아미 골목형상점가,골목형상점가,광주광역시,2.0,3.0,,,P2_GRADED_ONLY,True,,,,,
925d98d8a352ef7c765c,test,간식,T2 동의어,q_간식_04,샌드위치,카페·디저트 중 '간식'을 판매·제공하는 매장,89a22c1a-1358-44dd-97b7-2ff641848f98,오샌드,샌드위치,하가지구 골목형상점가,골목형상점가,전북특별자치도,3.0,3.0,,,RESOLVED_AGREEMENT,False,3,,,,
4dca84aaf3f4c2c98762,test,간식,T2 동의어,q_간식_04,샌드위치,카페·디저트 중 '간식'을 판매·제공하는 매장,002d0d06-15b2-463e-b789-b0232bcc6681,뚜레주르버들마을점,제과,버들마을상인회 골목형상점가,골목형상점가,광주광역시,1.0,3.0,,,P1_BINARY_THRESHOLD,True,,,,,
714deb0ee8b28c1b23ab,test,간식,T2 동의어,q_간식_04,샌드위치,카페·디저트 중 '간식'을 판매·제공하는 매장,15ec5905-d036-44a3-9830-f7a98957d830,또망샌드위치,샌드위치 샐러드 커피,오치서산초 골목형상점가,골목형상점가,광주광역시,3.0,3.0,,,RESOLVED_AGREEMENT,False,3,,,,
22d35855f26ba70f365d,test,간식,T2 동의어,q_간식_04,샌드위치,카페·디저트 중 '간식'을 판매·제공하는 매장,01226f93-5490-4530-a460-d5482763890d,버터앤츄,구움과자,행리단길 골목형상점가,골목형상점가,경기도,2.0,3.0,,,P2_GRADED_ONLY,True,,,,,
809bcf5e795748a22365,test,간식,T2 동의어,q_간식_04,샌드위치,카페·디저트 중 '간식'을 판매·제공하는 매장,f9cc3c9d-bc18-4ef7-971c-d21bbf007cd3,동명안전철물,철물 안전용품,신안동서암대로 골목형상점가,골목형상점가,광주광역시,0.0,0.0,,,RESOLVED_AGREEMENT,False,0,,,,
cd18bd397578d43d989d,test,간식,T2 동의어,q_간식_04,샌드위치,카페·디저트 중 '간식'을 판매·제공하는 매장,348e0f64-1bdd-4ff4-b80a-cca9d9a3f463,샌드풀,샌드위치,정부청사 골목형상점가,골목형상점가,광주광역시,3.0,3.0,,,RESOLVED_AGREEMENT,False,3,,,,
02a6b72abb37e23b83fa,test,간식,T2 동의어,q_간식_04,샌드위치,카페·디저트 중 '간식'을 판매·제공하는 매장,043ed8e3-2adc-4c0d-b918-f2b96e232628,못난이꽈배기,꽈배기,천안중앙시장,전통시장,충청남도,2.0,3.0,,,P2_GRADED_ONLY,True,,,,,
7279d16602d41e6b1cc0,test,간식,T2 동의어,q_간식_04,샌드위치,카페·디저트 중 '간식'을 판매·제공하는 매장,393804bc-650b-439a-9ec3-62f334ef9870,노아 샌드위치&샐러드,샌드위치 샐러드,산본로데오거리(구 산본중심상가),자율상권구역,경기도,3.0,3.0,,,RESOLVED_AGREEMENT,False,3,,,,
f549727875e9a0afc490,test,간식,T2 동의어,q_간식_04,샌드위치,카페·디저트 중 '간식'을 판매·제공하는 매장,cd7a9741-a52a-4dc8-9d94-4cfd81cc3a24,쿡히샌드,샌드위치,하남 골목형상점가,골목형상점가,광주광역시,3.0,3.0,,,RESOLVED_AGREEMENT,False,3,,,,
3b1da6e0bf1a94a7906f,test,간식,T2 동의어,q_간식_04,샌드위치,카페·디저트 중 '간식'을 판매·제공하는 매장,8f6e0c73-9ed4-4384-93d0-28019286f0e6,샐샌,샌드위치,빛가람 하나로 골목형상점가,골목형상점가,전라남도,3.0,3.0,,,RESOLVED_AGREEMENT,False,3,,,,
859fea88b4d30c03b7f1,test,간식,T2 동의어,q_간식_04,샌드위치,카페·디저트 중 '간식'을 판매·제공하는 매장,00a88093-8a14-41ad-8b1f-d35632be9f3b,한아름빵집,제과,신평골목시장,전통시장,부산광역시,1.0,3.0,,,P1_BINARY_THRESHOLD,True,,,,,
454506f198a0df409bd0,test,간식,T2 동의어,q_간식_04,샌드위치,카페·디저트 중 '간식'을 판매·제공하는 매장,0061123f-a676-4556-9633-5fbc4ecaf6ef,치즈케익카스테라카페,제과,북가좌동 골목형상점가,골목형상점가,서울특별시,1.0,3.0,,,P1_BINARY_THRESHOLD,True,,,,,
3dc28d0b1395458cc54e,test,간식,T2 동의어,q_간식_04,샌드위치,카페·디저트 중 '간식'을 판매·제공하는 매장,42da3487-ad9c-4e79-9335-c452d2a589ed,까페죠샌드위치,샌드위치,시청앞 골목형상점가,골목형상점가,충청남도,3.0,3.0,,,RESOLVED_AGREEMENT,False,3,,,,
178ccdc0e8b2fe284d93,test,간식,T2 동의어,q_간식_04,샌드위치,카페·디저트 중 '간식'을 판매·제공하는 매장,f4ad4cad-303d-4a58-ab40-8a5ab9018a3e,샌뚱,샌드위치,카림애비뉴애 골목형상점가,골목형상점가,세종특별자치시,3.0,3.0,,,RESOLVED_AGREEMENT,False,3,,,,
0d276cbf3e196e2b32e0,test,간식,T2 동의어,q_간식_04,샌드위치,카페·디저트 중 '간식'을 판매·제공하는 매장,091ec50b-9157-4bc3-ab30-4f3f9919cbdd,압구정샌드위치 대치점,샌드위치,은마종합상점가,자율상권구역,서울특별시,3.0,3.0,,,RESOLVED_AGREEMENT,False,3,,,,
1e8dc1e279cec7094c8d,test,간식,T2 동의어,q_간식_04,샌드위치,카페·디저트 중 '간식'을 판매·제공하는 매장,5b8276e4-6a4d-4e19-902e-b6d74baa546a,압구정 샌드위치,샌드위치,대추골골목형상점가,골목형상점가,서울특별시,3.0,3.0,,,RESOLVED_AGREEMENT,False,3,,,,
19a0d7c048ab942ec946,test,간식,T2 동의어,q_간식_04,샌드위치,카페·디저트 중 '간식'을 판매·제공하는 매장,ca604b94-4b41-47c3-8225-037413349f64,"우리 위치, 샌드위치",샌드위치,지중해마을 골목형상점가,골목형상점가,충청남도,3.0,3.0,,,RESOLVED_AGREEMENT,False,3,,,,
761d752a7d06121838b5,test,간식,T2 동의어,q_간식_04,샌드위치,카페·디저트 중 '간식'을 판매·제공하는 매장,cd836865-2d5a-481f-89a4-e83fba529fa0,죠 샌드위치 신길점,샌드위치,별빛뉴타운골목형상점가,골목형상점가,서울특별시,3.0,3.0,,,RESOLVED_AGREEMENT,False,3,,,,
e6da5cdbeb58a1c63d38,test,간식,T2 동의어,q_간식_04,샌드위치,카페·디저트 중 '간식'을 판매·제공하는 매장,d44ea849-2798-44ea-87c0-5250508bd247,샌드소양,샌드위치,춘천번개시장,전통시장,강원특별자치도,3.0,3.0,,,RESOLVED_AGREEMENT,False,3,,,,
fdd3687a4917dfcbd035,test,간식,T2 동의어,q_간식_04,샌드위치,카페·디저트 중 '간식'을 판매·제공하는 매장,44f15deb-e457-4094-9f06-5cf3762b67a1,힘쎈드위치,샌드위치 샐러드,조대장미의거리 상점가,자율상권구역,광주광역시,3.0,3.0,,,RESOLVED_AGREEMENT,False,3,,,,
36bfb81fb295a44d854b,test,간식,T2 동의어,q_간식_04,샌드위치,카페·디저트 중 '간식'을 판매·제공하는 매장,22939e92-d26f-4fde-862f-4774c99b5fe0,커피콩볶는샌드위치,샌드위치 커피,미라클,골목형상점가,광주광역시,3.0,3.0,,,RESOLVED_AGREEMENT,False,3,,,,
0ad4c6ce36f63def3639,test,간식,T2 동의어,q_간식_04,샌드위치,카페·디저트 중 '간식'을 판매·제공하는 매장,386eeb8b-ce6b-48ba-b2fc-c4baecfd5651,만리향,샌드위치,인현시장 상점가,자율상권구역,서울특별시,3.0,3.0,,,RESOLVED_AGREEMENT,False,3,,,,
0336524e0b3840f2b4b5,test,간식,T2 동의어,q_간식_04,샌드위치,카페·디저트 중 '간식'을 판매·제공하는 매장,e2e3252e-d8af-4b1c-8de8-2a83ea0ba603,샐리스,샌드위치,오치서산초 골목형상점가,골목형상점가,광주광역시,3.0,3.0,,,RESOLVED_AGREEMENT,False,3,,,,
24e1a5fb99cb10b3fda3,test,간식,T2 동의어,q_간식_04,샌드위치,카페·디저트 중 '간식'을 판매·제공하는 매장,fe056b1c-fc77-4ed8-ad4e-e324e3abf9b7,미소샌드위치&샐러드,샌드위치,성동용답상가시장,전통시장,서울특별시,3.0,3.0,,,RESOLVED_AGREEMENT,False,3,,,,
c2656600bea2130db3b9,test,간식,T2 동의어,q_간식_04,샌드위치,카페·디저트 중 '간식'을 판매·제공하는 매장,270d85f8-5d35-4524-b944-7dae94acfbea,샌드위치 맑음,샌드위치,공릉구길골목형상점가,골목형상점가,서울특별시,3.0,3.0,,,RESOLVED_AGREEMENT,False,3,,,,
269bf1612412bb47ccc3,test,간식,T2 동의어,q_간식_04,샌드위치,카페·디저트 중 '간식'을 판매·제공하는 매장,01874291-5378-4910-88e7-c2fb85b4ea5c,써브웨이 광주금호점,샌드위치 전문점,금호상인회 골목형상점가,골목형상점가,광주광역시,3.0,3.0,,,RESOLVED_AGREEMENT,False,3,,,,
60be888fbf18174a9ecf,test,간식,T2 동의어,q_간식_04,샌드위치,카페·디저트 중 '간식'을 판매·제공하는 매장,01c93758-055c-48ad-ac74-f0cee5b99431,호두마당 부산진구점,호두과자,부전상가시장,전통시장,부산광역시,2.0,3.0,,,P2_GRADED_ONLY,True,,,,,
d22f085c8fb920726866,test,간식,T2 동의어,q_간식_04,샌드위치,카페·디저트 중 '간식'을 판매·제공하는 매장,001bc028-a43e-44d4-9682-db280a4998cc,파리바게뜨전주근영점,제과점,근영누리 골목형상점가,골목형상점가,전북특별자치도,1.0,3.0,,,P1_BINARY_THRESHOLD,True,,,,,
a27826c66060bead3aa9,test,간식,T2 동의어,q_간식_04,샌드위치,카페·디저트 중 '간식'을 판매·제공하는 매장,d6aab765-05e1-4a36-9c05-f1acfe1d2129,타임 샌드위치,커피 샌드위치,촬영소사거리골목형상점가,골목형상점가,서울특별시,3.0,3.0,,,RESOLVED_AGREEMENT,False,3,,,,
6c55ca110056739566d4,test,간식,T2 동의어,q_간식_04,샌드위치,카페·디저트 중 '간식'을 판매·제공하는 매장,e31d752f-fadb-4831-96f4-09909df5e8b0,감탄샌드위치,샌드위치,단국대 앞 골목형상점가,골목형상점가,경기도,3.0,3.0,,,RESOLVED_AGREEMENT,False,3,,,,
0d27e2e8802f2090f9d7,test,간식,T2 동의어,q_간식_04,샌드위치,카페·디저트 중 '간식'을 판매·제공하는 매장,035ade2e-faa7-4218-85bb-8f4634995653,복호두광주상무점,호두과자와 음료,상무시청상인회 골목형상점가,골목형상점가,광주광역시,2.0,3.0,,,P2_GRADED_ONLY,True,,,,,
6b33d1b21fb5ea7ddf46,test,간식,T2 동의어,q_간식_04,샌드위치,카페·디저트 중 '간식'을 판매·제공하는 매장,16c3cbeb-e7eb-46a9-b32f-91a09cff4391,샌디치,샌드위치,중흥동 큰샘길 골목형상점가,골목형상점가,광주광역시,3.0,3.0,,,RESOLVED_AGREEMENT,False,3,,,,
86a929c0749cf1b7acd3,test,간식,T2 동의어,q_간식_04,샌드위치,카페·디저트 중 '간식'을 판매·제공하는 매장,cbb7fcb5-8e67-46fc-9f9b-e73af42bd542,포님커피,카페 샌드위치,양지중앙 골목형상점가,골목형상점가,경기도,3.0,3.0,,,RESOLVED_AGREEMENT,False,3,,,,
43ddbb8d304c6caafbca,test,간식,T2 동의어,q_간식_04,샌드위치,카페·디저트 중 '간식'을 판매·제공하는 매장,bc35b55b-5830-4dfa-8ca4-ce6a14c3ca1f,샌드브런치,샌드위치,어은누리 골목형상점가,골목형상점가,대전광역시,3.0,3.0,,,RESOLVED_AGREEMENT,False,3,,,,
c618879339e193b6e34e,test,간식,T2 동의어,q_간식_04,샌드위치,카페·디저트 중 '간식'을 판매·제공하는 매장,0d753046-7eb1-4915-9c50-1e735acf1c1d,버블퍼피,"애견간식, 용품",왕십리무학봉상점가,자율상권구역,서울특별시,2.0,3.0,,,P2_GRADED_ONLY,True,,,,,
6dbb23693d971b3f8ba3,test,간식,T2 동의어,q_간식_04,샌드위치,카페·디저트 중 '간식'을 판매·제공하는 매장,ae1c2cec-fcad-454d-8b88-ea7629d5ca02,동쿡바게트바,샌드위치,동완산동 골목형상점가,골목형상점가,전북특별자치도,3.0,3.0,,,RESOLVED_AGREEMENT,False,3,,,,
5024723cdf46a9b83268,test,간식,T2 동의어,q_간식_04,샌드위치,카페·디저트 중 '간식'을 판매·제공하는 매장,4a3b790e-3ce6-473c-ad07-6f916fae6a62,델리셔스 샌드위치,샌드위치,전남여고후문 골목형상점가,골목형상점가,광주광역시,3.0,3.0,,,RESOLVED_AGREEMENT,False,3,,,,
b2634aae153f85654ff2,test,간식,T2 동의어,q_간식_04,샌드위치,카페·디저트 중 '간식'을 판매·제공하는 매장,a0c80aca-5403-4c5d-b06a-7db600078e1d,빵미,샌드위치,민락2지구골목형상점가,골목형상점가,경기도,3.0,3.0,,,RESOLVED_AGREEMENT,False,3,,,,
3fef2f349324e8bd1a84,test,간식,T2 동의어,q_간식_04,샌드위치,카페·디저트 중 '간식'을 판매·제공하는 매장,0eaecef3-d748-4ddb-9179-6df06f823b53,하나카 동물병원,"반려동물 진료, 반려동물 사료, 반려동물 영양제, 반려동물 간식",역삼동 골목형상점가,골목형상점가,서울특별시,2.0,3.0,,,P2_GRADED_ONLY,True,,,,,
da9d95ce5c8cb7fe0c8c,test,간식,T2 동의어,q_간식_04,샌드위치,카페·디저트 중 '간식'을 판매·제공하는 매장,3a212ca0-7cc9-4190-b6ef-66185bef5623,샌드쟁이,샌드위치,연제동 골목형상점가,골목형상점가,광주광역시,3.0,3.0,,,RESOLVED_AGREEMENT,False,3,,,,
8fc16f972f09b1ba8e9d,test,간식,T2 동의어,q_간식_04,샌드위치,카페·디저트 중 '간식'을 판매·제공하는 매장,d27ea173-470e-493a-a7d8-7eb4098c3231,브로 샌드위치,커피 샌드위치,상무역4번출구상인회 골목형상점가,골목형상점가,광주광역시,3.0,3.0,,,RESOLVED_AGREEMENT,False,3,,,,
4dadb127c047a9d547ee,test,간식,T2 동의어,q_간식_04,샌드위치,카페·디저트 중 '간식'을 판매·제공하는 매장,112343fc-81a9-472b-b08c-24cf27f757e9,초록마을대전노은점,신선야채.어린이간식.건강식품등....,열매 골목형상점가,골목형상점가,대전광역시,2.0,3.0,,,P2_GRADED_ONLY,True,,,,,
b452ea6bb8de693bdbc0,test,간식,T2 동의어,q_간식_04,샌드위치,카페·디저트 중 '간식'을 판매·제공하는 매장,a6b4db7c-a192-451d-9602-228381d585dd,나의 샌드위치,샌드위치,영등포구청역 3번출구 골목형상점가,골목형상점가,서울특별시,3.0,3.0,,,RESOLVED_AGREEMENT,False,3,,,,
70cfb8bef332f3d4b47c,test,간식,T2 동의어,q_간식_04,샌드위치,카페·디저트 중 '간식'을 판매·제공하는 매장,946bff5f-c788-40fe-8488-ad5322615035,이태리안경,,행복로골목형상점가,골목형상점가,경기도,0.0,0.0,,,RESOLVED_AGREEMENT,False,0,,,,
0b123aa1b7a1019cd79d,test,간식,T2 동의어,q_간식_04,샌드위치,카페·디저트 중 '간식'을 판매·제공하는 매장,4d9598a5-9f58-435e-b5d3-4f97d7dd5e4f,오늘은샌드위치,샌드위치 음료,정율성로 골목형상점가,골목형상점가,광주광역시,3.0,3.0,,,RESOLVED_AGREEMENT,False,3,,,,
62b65ee4e3e88053ce19,test,간식,T2 동의어,q_간식_04,샌드위치,카페·디저트 중 '간식'을 판매·제공하는 매장,425e88a7-e2fb-48f3-ac5b-4744eafc9961,경산상회,과일,당감골목시장,전통시장,부산광역시,0.0,0.0,,,RESOLVED_AGREEMENT,False,0,,,,
394cf2e36972ec481930,test,간식,T2 동의어,q_간식_04,샌드위치,카페·디저트 중 '간식'을 판매·제공하는 매장,87c0ae23-794c-4b9a-a1a6-3d64eb71a8a1,샌드위치 Day,,배방세교 골목형상점가,골목형상점가,충청남도,3.0,3.0,,,RESOLVED_AGREEMENT,False,3,,,,
dbed82737d726b1b198f,test,간식,T2 동의어,q_간식_04,샌드위치,카페·디저트 중 '간식'을 판매·제공하는 매장,4df0d402-7982-45dd-9ed3-61c4f5f063b2,뚱s샌드위치and,샌드위치,장미제일시장,전통시장,서울특별시,3.0,3.0,,,RESOLVED_AGREEMENT,False,3,,,,
ff48547e680b606594f8,test,간식,T2 동의어,q_간식_04,샌드위치,카페·디저트 중 '간식'을 판매·제공하는 매장,0de24e41-a9a3-4225-a976-811a466bc270,브랑슈,샌드위치 등,평촌1번가 상점가,자율상권구역,경기도,3.0,3.0,,,RESOLVED_AGREEMENT,False,3,,,,
8ac777c50d3b872ae19f,test,간식,T2 동의어,q_간식_04,샌드위치,카페·디저트 중 '간식'을 판매·제공하는 매장,1bb528e5-5858-4d99-a290-a1fb1fc8bb66,둥지식당,음식점,강진중앙로상가,자율상권구역,전라남도,0.0,0.0,,,RESOLVED_AGREEMENT,False,0,,,,
064a62e0f22d829ba7f7,test,간식,T2 동의어,q_간식_04,샌드위치,카페·디저트 중 '간식'을 판매·제공하는 매장,32678b1b-2504-4224-9d7f-1ba6346a6861,청춘샌드위치,샌드위치,발산마을상인회 골목형상점가,골목형상점가,광주광역시,3.0,3.0,,,RESOLVED_AGREEMENT,False,3,,,,
36fe990e1037b1e18788,test,간식,T2 동의어,q_간식_04,샌드위치,카페·디저트 중 '간식'을 판매·제공하는 매장,000814be-1ad1-4f62-87e7-0e02af595e2f,사사,"샌드위치, 케이크, 커피",나릿재 골목형상점가,골목형상점가,세종특별자치시,3.0,3.0,,,RESOLVED_AGREEMENT,False,3,,,,
ab26ca794b02f3f0bc73,test,간식,T2 동의어,q_간식_04,샌드위치,카페·디저트 중 '간식'을 판매·제공하는 매장,04ac6056-603a-4a5b-8b6a-04c0f31bb0a4,4242샌드위치,샌드위치,혁신도시4구역골목형상점가,골목형상점가,강원특별자치도,3.0,3.0,,,RESOLVED_AGREEMENT,False,3,,,,
89e5d4e4911da7ab84e1,test,간식,T6 기계변형,q_간식_05,간식추천,카페·디저트 중 '간식'을 판매·제공하는 매장,6df8cd22-b664-44af-9b87-25f71b63e407,카페하늘정원,고구마빵류 외 간식,백년소상공인,기타,전북특별자치도,3.0,3.0,,,RESOLVED_AGREEMENT,False,3,,,,
5af0d483be5775cd43dc,test,간식,T6 기계변형,q_간식_05,간식추천,카페·디저트 중 '간식'을 판매·제공하는 매장,1d286eae-b892-43a0-9165-36b05000fa16,문채네 구멍가게,문구 간식,거제 읍내시장,전통시장,경상남도,3.0,3.0,,,RESOLVED_AGREEMENT,False,3,,,,
1ca3bc968fdd8c0002ef,test,간식,T6 기계변형,q_간식_05,간식추천,카페·디저트 중 '간식'을 판매·제공하는 매장,a1fede90-502c-43a6-936d-e1014b19e7b9,간식중독,음식점,방이시장,전통시장,서울특별시,2.0,3.0,,,P2_GRADED_ONLY,True,,,,,
5a2a83109c9252d24492,test,간식,T6 기계변형,q_간식_05,간식추천,카페·디저트 중 '간식'을 판매·제공하는 매장,e56537f9-567b-47c4-9c7e-32271959df74,간식타임,전,쌍봉시장,전통시장,전라남도,2.0,3.0,,,P2_GRADED_ONLY,True,,,,,
8aeeff2848c80f823210,test,간식,T6 기계변형,q_간식_05,간식추천,카페·디저트 중 '간식'을 판매·제공하는 매장,01c93758-055c-48ad-ac74-f0cee5b99431,호두마당 부산진구점,호두과자,부전상가시장,전통시장,부산광역시,3.0,3.0,,,RESOLVED_AGREEMENT,False,3,,,,
b7f52ab8ceb6f3031adc,test,간식,T6 기계변형,q_간식_05,간식추천,카페·디저트 중 '간식'을 판매·제공하는 매장,9b7c507b-e817-4c5f-9962-bd36d61c8d4e,우리아이반찬&간식,반찬,배방상점가,자율상권구역,충청남도,2.0,3.0,,,P2_GRADED_ONLY,True,,,,,
efda7991614f35430c5c,test,간식,T6 기계변형,q_간식_05,간식추천,카페·디저트 중 '간식'을 판매·제공하는 매장,c7006869-ebfc-4760-af0c-4821aa0f3ad9,간식나라,옛날과자,수암상가시장,전통시장,울산광역시,3.0,3.0,,,RESOLVED_AGREEMENT,False,3,,,,
7188abfc18c50bfa4b6a,test,간식,T6 기계변형,q_간식_05,간식추천,카페·디저트 중 '간식'을 판매·제공하는 매장,f10d1632-fdc8-4a66-b54c-837029e446cb,송광상회,건어물,여수서시장주변시장,전통시장,전라남도,0.0,0.0,,,RESOLVED_AGREEMENT,False,0,,,,
1c33a8f3f34ec32225fc,test,간식,T6 기계변형,q_간식_05,간식추천,카페·디저트 중 '간식'을 판매·제공하는 매장,0d753046-7eb1-4915-9c50-1e735acf1c1d,버블퍼피,"애견간식, 용품",왕십리무학봉상점가,자율상권구역,서울특별시,3.0,3.0,,,RESOLVED_AGREEMENT,False,3,,,,
95be9a87e0a6422cfa25,test,간식,T6 기계변형,q_간식_05,간식추천,카페·디저트 중 '간식'을 판매·제공하는 매장,c29d8e63-9d37-44db-97cd-75a75e2fc627,애견용품,"애견용품, 간식",복대가경시장,전통시장,충청북도,3.0,3.0,,,RESOLVED_AGREEMENT,False,3,,,,
7dac4cdf08455d9f1f72,test,간식,T6 기계변형,q_간식_05,간식추천,카페·디저트 중 '간식'을 판매·제공하는 매장,01dc1f3e-6edc-47a3-9fdf-124d0ea0de98,심봉사도르케 연천전곡점,고로케 꽈배기,전곡로데오거리 골목형상점가,골목형상점가,경기도,3.0,3.0,,,RESOLVED_AGREEMENT,False,3,,,,
1028b7f79a400fe7dea7,test,간식,T6 기계변형,q_간식_05,간식추천,카페·디저트 중 '간식'을 판매·제공하는 매장,779ddca8-5e36-438a-bfa5-3a36deb7082e,요술보따리,간식 문구,화도창현상점가,골목형상점가,경기도,3.0,3.0,,,RESOLVED_AGREEMENT,False,3,,,,
e17fd0d87814fbcb8439,test,간식,T6 기계변형,q_간식_05,간식추천,카페·디저트 중 '간식'을 판매·제공하는 매장,7244ded6-724d-4a76-bee3-380235ef6108,달달콩,"커피, 음료, 간식",도램마을 골목형상점가,골목형상점가,세종특별자치시,3.0,3.0,,,RESOLVED_AGREEMENT,False,3,,,,
3bc205d63fdfac06d32f,test,간식,T6 기계변형,q_간식_05,간식추천,카페·디저트 중 '간식'을 판매·제공하는 매장,80c4738a-934b-4b41-9de9-a82a5967a614,천외천,한식,상봉먹자골목형상점가,골목형상점가,서울특별시,0.0,0.0,,,RESOLVED_AGREEMENT,False,0,,,,
8151891fa1b4f79ed9fe,test,간식,T6 기계변형,q_간식_05,간식추천,카페·디저트 중 '간식'을 판매·제공하는 매장,0346c7d3-2a07-41c5-8627-bc65b1e5122e,루미담,빵류 과자류 강정류,효천2지구 골목형상점가,골목형상점가,광주광역시,3.0,3.0,,,RESOLVED_AGREEMENT,False,3,,,,
464eeee91d339bff0179,test,간식,T6 기계변형,q_간식_05,간식추천,카페·디저트 중 '간식'을 판매·제공하는 매장,51c101bb-9012-4d48-9a24-7afa35735302,한성함흥냉면,한식,청량리종합시장,전통시장,서울특별시,0.0,0.0,,,RESOLVED_AGREEMENT,False,0,,,,
46bcd8f2c27973540d98,test,간식,T6 기계변형,q_간식_05,간식추천,카페·디저트 중 '간식'을 판매·제공하는 매장,01226f93-5490-4530-a460-d5482763890d,버터앤츄,구움과자,행리단길 골목형상점가,골목형상점가,경기도,3.0,3.0,,,RESOLVED_AGREEMENT,False,3,,,,
084c7ae37c3af7bdd012,test,간식,T6 기계변형,q_간식_05,간식추천,카페·디저트 중 '간식'을 판매·제공하는 매장,035ade2e-faa7-4218-85bb-8f4634995653,복호두광주상무점,호두과자와 음료,상무시청상인회 골목형상점가,골목형상점가,광주광역시,3.0,3.0,,,RESOLVED_AGREEMENT,False,3,,,,
f3b81ccfd94c6112d8a4,test,간식,T6 기계변형,q_간식_05,간식추천,카페·디저트 중 '간식'을 판매·제공하는 매장,8f529775-0401-488b-a098-2a9d76b16e06,금성스넥,간식류,해남읍 원도심 상권활성화구역,상권활성화구역,전라남도,3.0,3.0,,,RESOLVED_AGREEMENT,False,3,,,,
33de103b33ea1926f204,test,간식,T6 기계변형,q_간식_05,간식추천,카페·디저트 중 '간식'을 판매·제공하는 매장,0521f642-329a-4ddf-a92b-b43585bebb0f,원더풀꽈배기,,승달 골목형상점가,골목형상점가,,3.0,3.0,,,RESOLVED_AGREEMENT,False,3,,,,
0af6eaa079359080e39c,test,간식,T6 기계변형,q_간식_05,간식추천,카페·디저트 중 '간식'을 판매·제공하는 매장,67966843-0bae-413f-ab3f-1534fee18c25,간식창고,편의점,빛가람 중흥 골목형상점가,골목형상점가,전라남도,2.0,3.0,,,P2_GRADED_ONLY,True,,,,,
c9392e2c7a66bea05be2,test,간식,T6 기계변형,q_간식_05,간식추천,카페·디저트 중 '간식'을 판매·제공하는 매장,97e14ec4-a84c-427e-9e85-1c68cbaaf392,샤인마트,음료 간식,용봉우치로 골목형상점가,골목형상점가,광주광역시,3.0,3.0,,,RESOLVED_AGREEMENT,False,3,,,,
8b82152d260465ef3da4,test,간식,T6 기계변형,q_간식_05,간식추천,카페·디저트 중 '간식'을 판매·제공하는 매장,924bcc5e-47bc-4d1b-8765-e140f1bfe077,봉구스밥버거,밥버거,담양중앙 골목형상점가,골목형상점가,전라남도,0.0,0.0,,,RESOLVED_AGREEMENT,False,0,,,,
4c79fb04267e0c2cbeb6,test,간식,T6 기계변형,q_간식_05,간식추천,카페·디저트 중 '간식'을 판매·제공하는 매장,01874291-5378-4910-88e7-c2fb85b4ea5c,써브웨이 광주금호점,샌드위치 전문점,금호상인회 골목형상점가,골목형상점가,광주광역시,3.0,3.0,,,RESOLVED_AGREEMENT,False,3,,,,
402b67dd32c28527e7c0,test,간식,T6 기계변형,q_간식_05,간식추천,카페·디저트 중 '간식'을 판매·제공하는 매장,d88502b9-61b3-4109-878d-60efec214eb2,경화찹쌀호떡,간식류호떡,부전마켓타운 시장활성화구역,상권활성화구역,부산광역시,3.0,3.0,,,RESOLVED_AGREEMENT,False,3,,,,
d16383bb22ff0386f81f,test,간식,T6 기계변형,q_간식_05,간식추천,카페·디저트 중 '간식'을 판매·제공하는 매장,6405eba0-a9ea-4099-90c0-7e3bde63a028,펫편의점,펫사료 간식,삼익비치A상가시장,전통시장,부산광역시,3.0,3.0,,,RESOLVED_AGREEMENT,False,3,,,,
e710d909b8c3b3b9fddd,test,간식,T6 기계변형,q_간식_05,간식추천,카페·디저트 중 '간식'을 판매·제공하는 매장,9bc94e33-d392-4523-9393-1c4c6458f2bc,갈맥상통,간식,당진시신도심상점가,자율상권구역,충청남도,3.0,3.0,,,RESOLVED_AGREEMENT,False,3,,,,
08279f3a427ca70b1657,test,간식,T6 기계변형,q_간식_05,간식추천,카페·디저트 중 '간식'을 판매·제공하는 매장,112343fc-81a9-472b-b08c-24cf27f757e9,초록마을대전노은점,신선야채.어린이간식.건강식품등....,열매 골목형상점가,골목형상점가,대전광역시,3.0,3.0,,,RESOLVED_AGREEMENT,False,3,,,,
1a786d669a8445a8bb29,test,간식,T6 기계변형,q_간식_05,간식추천,카페·디저트 중 '간식'을 판매·제공하는 매장,002580f9-7146-4999-af6a-cfecd782191a,마녀샌드위치,샌드위치,광주여대 골목형상점가,골목형상점가,광주광역시,3.0,3.0,,,RESOLVED_AGREEMENT,False,3,,,,
709354ba4d68bf458481,test,간식,T6 기계변형,q_간식_05,간식추천,카페·디저트 중 '간식'을 판매·제공하는 매장,22187242-b33a-4f8d-a258-5e05d47a79c4,팔복정육점,식육,여수교동시장,전통시장,전라남도,0.0,0.0,,,RESOLVED_AGREEMENT,False,0,,,,
7afe1e14e59b6ef9dde3,test,간식,T6 기계변형,q_간식_05,간식추천,카페·디저트 중 '간식'을 판매·제공하는 매장,000814be-1ad1-4f62-87e7-0e02af595e2f,사사,"샌드위치, 케이크, 커피",나릿재 골목형상점가,골목형상점가,세종특별자치시,3.0,3.0,,,RESOLVED_AGREEMENT,False,3,,,,
905fa2afb0d420ee161d,test,간식,T6 기계변형,q_간식_05,간식추천,카페·디저트 중 '간식'을 판매·제공하는 매장,0007598c-6a5e-44f2-9d2e-fbfc2b6e8db1,써브웨이광주수완점 유한회사,샌드위치,희담길,골목형상점가,광주광역시,3.0,3.0,,,RESOLVED_AGREEMENT,False,3,,,,
46baf386b7342c0e963d,test,간식,T6 기계변형,q_간식_05,간식추천,카페·디저트 중 '간식'을 판매·제공하는 매장,343dc119-eebb-4fc1-811c-6719468c1e87,간식나라,한식,전주우성타운 골목형상점가,골목형상점가,전북특별자치도,2.0,3.0,,,P2_GRADED_ONLY,True,,,,,
79e2cc68c49ea96c944c,test,간식,T6 기계변형,q_간식_05,간식추천,카페·디저트 중 '간식'을 판매·제공하는 매장,05f89167-741d-4371-9b48-35c394c971c6,엘림글로벌서울꽈배기,,길동복조리시장,전통시장,서울특별시,3.0,3.0,,,RESOLVED_AGREEMENT,False,3,,,,
ecc8e3302b5be55762de,test,간식,T6 기계변형,q_간식_05,간식추천,카페·디저트 중 '간식'을 판매·제공하는 매장,93e72391-2dc2-4c5d-ad2a-df017ed717ab,탱그리 즉석떡볶이,,댕리단길 골목형상점가,골목형상점가,경기도,0.0,3.0,,,P1_BINARY_THRESHOLD,True,,,,,
eaa4c35a245b42d7c1c7,test,간식,T6 기계변형,q_간식_05,간식추천,카페·디저트 중 '간식'을 판매·제공하는 매장,1b17e4d1-a96a-4048-9d67-20ad6f1e7837,파랑새 커피숍,음료 간식,카림애비뉴애 골목형상점가,골목형상점가,세종특별자치시,3.0,3.0,,,RESOLVED_AGREEMENT,False,3,,,,
425f8f55c60d1b265b14,test,간식,T6 기계변형,q_간식_05,간식추천,카페·디저트 중 '간식'을 판매·제공하는 매장,02a3c435-88d7-4473-a9a4-6cfd09513987,보리원 대치은마점,붕어빵 호두과자 찰보리빵 등,은마종합상점가,자율상권구역,서울특별시,3.0,3.0,,,RESOLVED_AGREEMENT,False,3,,,,
d54f413710f34529d853,test,간식,T6 기계변형,q_간식_05,간식추천,카페·디저트 중 '간식'을 판매·제공하는 매장,00a88093-8a14-41ad-8b1f-d35632be9f3b,한아름빵집,제과,신평골목시장,전통시장,부산광역시,1.0,3.0,,,P1_BINARY_THRESHOLD,True,,,,,
f3969bff3b3eb1acf153,test,간식,T6 기계변형,q_간식_05,간식추천,카페·디저트 중 '간식'을 판매·제공하는 매장,f52fce3d-cc11-4612-a17c-162b878382f1,간식연구소,아이스크림,단봉로골목형상점가,골목형상점가,인천광역시,2.0,3.0,,,P2_GRADED_ONLY,True,,,,,
9c8d3acd4f130fb2c899,test,간식,T6 기계변형,q_간식_05,간식추천,카페·디저트 중 '간식'을 판매·제공하는 매장,001bc028-a43e-44d4-9682-db280a4998cc,파리바게뜨전주근영점,제과점,근영누리 골목형상점가,골목형상점가,전북특별자치도,1.0,3.0,,,P1_BINARY_THRESHOLD,True,,,,,
5cbcea6f1e87e98e3c18,test,간식,T6 기계변형,q_간식_05,간식추천,카페·디저트 중 '간식'을 판매·제공하는 매장,ce108d83-50fc-45db-93ac-864915d3a386,몽시앙,애견 간식 및 용품,송촌동상점가,자율상권구역,대전광역시,3.0,3.0,,,RESOLVED_AGREEMENT,False,3,,,,
e2ff745c7cd90d92aa0c,test,간식,T6 기계변형,q_간식_05,간식추천,카페·디저트 중 '간식'을 판매·제공하는 매장,05572cf5-3f6c-448d-b7c1-2e5e305bd918,원더풀꽈배기,꽈배기,첨단아미 골목형상점가,골목형상점가,광주광역시,3.0,3.0,,,RESOLVED_AGREEMENT,False,3,,,,
a3e0d0180ced1ef9b6c2,test,간식,T6 기계변형,q_간식_05,간식추천,카페·디저트 중 '간식'을 판매·제공하는 매장,7e8b5abd-6765-4a5a-b0ff-db9d3ace2a2d,간식시간,분식,중앙로2 골목형상점가,골목형상점가,충청남도,2.0,3.0,,,P2_GRADED_ONLY,True,,,,,
d12eb31a07c22742eae7,test,간식,T6 기계변형,q_간식_05,간식추천,카페·디저트 중 '간식'을 판매·제공하는 매장,4e1fc0b5-f2ca-4827-a70a-8a84c7157ac7,간식킹,"문구, 간식",미장사랑 골목형상점가,골목형상점가,전북특별자치도,3.0,3.0,,,RESOLVED_AGREEMENT,False,3,,,,
45eeb22c32003080a8e9,test,간식,T6 기계변형,q_간식_05,간식추천,카페·디저트 중 '간식'을 판매·제공하는 매장,4b34e5ec-f9de-401d-b7b4-4b80bac3bc41,또또라면,라면 음료 및 간식,길주프라자 골목형상점가,골목형상점가,인천광역시,3.0,3.0,,,RESOLVED_AGREEMENT,False,3,,,,
1330f65cd7f0ea26ae59,test,간식,T6 기계변형,q_간식_05,간식추천,카페·디저트 중 '간식'을 판매·제공하는 매장,305dffd9-0467-48fc-9fd3-1c0a5fbe6595,쉼터휴게음식점,"커피, 간식류",대흥사 골목형상점가,골목형상점가,전라남도,3.0,3.0,,,RESOLVED_AGREEMENT,False,3,,,,
2809fb2ff00e8a135a3f,test,간식,T6 기계변형,q_간식_05,간식추천,카페·디저트 중 '간식'을 판매·제공하는 매장,9700c4f2-59b8-4693-b584-3451e1471b1c,꿀담,호떡 간식류,백년시장(구 강북종합전통시장),전통시장,서울특별시,3.0,3.0,,,RESOLVED_AGREEMENT,False,3,,,,
8f7fbe6e17dc179c63e5,test,간식,T6 기계변형,q_간식_05,간식추천,카페·디저트 중 '간식'을 판매·제공하는 매장,63fe5f1d-f6c6-49f8-82f9-f78f61dad67f,간식집,한식,공주산성시장,전통시장,충청남도,2.0,3.0,,,P2_GRADED_ONLY,True,,,,,
85f4ca9cbea81bcecac3,test,간식,T6 기계변형,q_간식_05,간식추천,카페·디저트 중 '간식'을 판매·제공하는 매장,47bb0b6d-5923-4deb-b357-198d825e94ed,더반커피,커피 음료 빵 간식,성남중앙지하시장,일반지하상점가,경기도,3.0,3.0,,,RESOLVED_AGREEMENT,False,3,,,,
3d2f714e835eeb095762,test,간식,T6 기계변형,q_간식_05,간식추천,카페·디저트 중 '간식'을 판매·제공하는 매장,add6e0d1-cf3f-4879-b699-5211162c3d5c,다람쥐곳간 시흥사거리점,간식,대명여울빛거리시장,전통시장,서울특별시,3.0,3.0,,,RESOLVED_AGREEMENT,False,3,,,,
1f4a75e6d24a28246241,test,간식,T6 기계변형,q_간식_05,간식추천,카페·디저트 중 '간식'을 판매·제공하는 매장,6844ee88-a5ab-412e-9fae-a0aa873ad93b,간식서랍,,혁신도시3구역 골목형상점가,골목형상점가,강원특별자치도,3.0,3.0,,,RESOLVED_AGREEMENT,False,3,,,,
85cf5caa34fc070e8dea,test,간식,T6 기계변형,q_간식_05,간식추천,카페·디저트 중 '간식'을 판매·제공하는 매장,9f5195d3-e140-4635-88e2-6276971f8a7b,로즈메리펫뷰티샵,애견미용 간식 허텔,빛가람 상리단길 골목형상점가,골목형상점가,전라남도,3.0,3.0,,,RESOLVED_AGREEMENT,False,3,,,,
02d1504349a128765861,test,간식,T6 기계변형,q_간식_05,간식추천,카페·디저트 중 '간식'을 판매·제공하는 매장,18024b37-c35d-438e-946c-1aea8c6a2792,수수곳간,간식,자양15번가골목형상점가,골목형상점가,서울특별시,3.0,3.0,,,RESOLVED_AGREEMENT,False,3,,,,
f7ff8128b2b666f13136,test,간식,T6 기계변형,q_간식_05,간식추천,카페·디저트 중 '간식'을 판매·제공하는 매장,043ed8e3-2adc-4c0d-b918-f2b96e232628,못난이꽈배기,꽈배기,천안중앙시장,전통시장,충청남도,3.0,3.0,,,RESOLVED_AGREEMENT,False,3,,,,
0f5a2b584886954dbdd0,test,간식,T6 기계변형,q_간식_05,간식추천,카페·디저트 중 '간식'을 판매·제공하는 매장,00362b85-cb9a-4318-9059-12f768d76197,파리바게뜨전주인후점,제과점,소나무 골목형상점가,골목형상점가,전북특별자치도,1.0,3.0,,,P1_BINARY_THRESHOLD,True,,,,,
f81fc667046eeeb60087,test,간식,T6 기계변형,q_간식_05,간식추천,카페·디저트 중 '간식'을 판매·제공하는 매장,bb2ed6e6-d8c0-4cdb-806d-8175fa2c3374,과자어때,과자등 간식류,삼례시장,전통시장,전북특별자치도,3.0,3.0,,,RESOLVED_AGREEMENT,False,3,,,,
2984eddef14fc7fcb4bf,test,간식,T6 기계변형,q_간식_05,간식추천,카페·디저트 중 '간식'을 판매·제공하는 매장,e9d671e4-a315-482c-a4a9-3d70cd54e3d9,굿데이카페,음료 커피 간식,정이있는 구포시장,전통시장,부산광역시,3.0,3.0,,,RESOLVED_AGREEMENT,False,3,,,,
997552a0dfaf157b04f5,test,간식,T6 기계변형,q_간식_05,간식추천,카페·디저트 중 '간식'을 판매·제공하는 매장,48d7431a-68da-4da8-b9bd-d7edd565c188,유진건어물,건어물 간식류,길동복조리시장,전통시장,서울특별시,3.0,3.0,,,RESOLVED_AGREEMENT,False,3,,,,
4c982c2736517df4bc57,test,간식,T6 기계변형,q_간식_05,간식추천,카페·디저트 중 '간식'을 판매·제공하는 매장,3452316e-3568-498b-8fbb-d120d139ad43,간식팡팡,문구. 휴게음식점,장성읍 골목형상점가,골목형상점가,전라남도,2.0,3.0,,,P2_GRADED_ONLY,True,,,,,
9c9822016e7e3bad6991,test,간식,T6 기계변형,q_간식_05,간식추천,카페·디저트 중 '간식'을 판매·제공하는 매장,002d0d06-15b2-463e-b789-b0232bcc6681,뚜레주르버들마을점,제과,버들마을상인회 골목형상점가,골목형상점가,광주광역시,1.0,3.0,,,P1_BINARY_THRESHOLD,True,,,,,
c8f43e2d28b6a5865b69,test,간식,T6 기계변형,q_간식_05,간식추천,카페·디저트 중 '간식'을 판매·제공하는 매장,0eaecef3-d748-4ddb-9179-6df06f823b53,하나카 동물병원,"반려동물 진료, 반려동물 사료, 반려동물 영양제, 반려동물 간식",역삼동 골목형상점가,골목형상점가,서울특별시,3.0,3.0,,,RESOLVED_AGREEMENT,False,3,,,,
f25b6b32d5bf10904e79,test,간식,T6 기계변형,q_간식_05,간식추천,카페·디저트 중 '간식'을 판매·제공하는 매장,54d451b2-e053-49c6-9e37-a072ca3095f0,제로키니 명촌점,,다같이명촌회 골목형상점가,골목형상점가,울산광역시,,0.0,Y,,P0_UNCERTAIN_OR_MISSING,True,,,,,
49e137358d7ef31a0702,test,간식,T6 기계변형,q_간식_05,간식추천,카페·디저트 중 '간식'을 판매·제공하는 매장,008d1ed4-a5d7-492e-9959-f8307a68cc5f,샐러드 정원,"샐러드, 샌드위치",미성동도깨비시장,골목형상점가,서울특별시,3.0,3.0,,,RESOLVED_AGREEMENT,False,3,,,,
efeebdc27e4ac32d599f,test,간식,T6 기계변형,q_간식_05,간식추천,카페·디저트 중 '간식'을 판매·제공하는 매장,41a49656-a8e3-4e52-88fe-62726eb5c5d1,뻥튀기가 맛있는 집,간식,풍납시장,전통시장,서울특별시,3.0,3.0,,,RESOLVED_AGREEMENT,False,3,,,,
658dc0345a2bcf463f45,test,간식,T6 기계변형,q_간식_05,간식추천,카페·디저트 중 '간식'을 판매·제공하는 매장,0c93ea7b-9fbc-41b2-8923-76e8de0d8aa2,달콤간식창고,,빛가람 호수로 골목형상점가,골목형상점가,,3.0,3.0,,,RESOLVED_AGREEMENT,False,3,,,,
87c3f4ff5fb2b457bc72,test,간식,T6 기계변형,q_간식_05,간식추천,카페·디저트 중 '간식'을 판매·제공하는 매장,c42409df-1584-4a68-be4a-f32f0ddc9886,인쌩맥주충남계룡점,간식,엄사 골목형상점가,골목형상점가,충청남도,3.0,3.0,,,RESOLVED_AGREEMENT,False,3,,,,
c587fbb98c7b1c19f21c,test,간식,T6 기계변형,q_간식_05,간식추천,카페·디저트 중 '간식'을 판매·제공하는 매장,0061123f-a676-4556-9633-5fbc4ecaf6ef,치즈케익카스테라카페,제과,북가좌동 골목형상점가,골목형상점가,서울특별시,1.0,3.0,,,P1_BINARY_THRESHOLD,True,,,,,
b5a522b1c086d9a993a2,test,간식,T6 기계변형,q_간식_05,간식추천,카페·디저트 중 '간식'을 판매·제공하는 매장,dac9cb63-3ce2-4ea4-9e7b-ea0e45529bcf,간식이떴다,,신구로현대어반벨리 골목형상점가,골목형상점가,서울특별시,3.0,3.0,,,RESOLVED_AGREEMENT,False,3,,,,
2e8503f27a089602635b,test,간식,T6 기계변형,q_간식_05,간식추천,카페·디저트 중 '간식'을 판매·제공하는 매장,f0c74a30-4989-4702-b4cf-6cb64a130c55,비타민휘트니스 2호점,헬스,천천중심상가 골목형상점가,골목형상점가,경기도,0.0,0.0,,,RESOLVED_AGREEMENT,False,0,,,,
6635e930ce6d29b88fb6,test,간식,T6 기계변형,q_간식_05,간식추천,카페·디저트 중 '간식'을 판매·제공하는 매장,8814944e-8b40-4af8-9952-91d33d1bae99,간식더하기,빵류 푸딩 비스킷,두암1동행정복지센터주변 골목형상점가,골목형상점가,광주광역시,2.0,3.0,,,P2_GRADED_ONLY,True,,,,,
d48e15e034394b5f6416,test,간식,T6 기계변형,q_간식_05,간식추천,카페·디저트 중 '간식'을 판매·제공하는 매장,0cf1e0dc-a2ef-4da6-b9a4-78c363334f7c,지니샌드,간식,종암북바위길골목형상점가,골목형상점가,서울특별시,3.0,3.0,,,RESOLVED_AGREEMENT,False,3,,,,
d1d843b149cd8226017a,test,간식,T6 기계변형,q_간식_05,간식추천,카페·디저트 중 '간식'을 판매·제공하는 매장,dc60d2e0-6641-4435-9dbf-6090b8d075d7,월드마트,음료 라면 담재 간식 등,월드프라자,전통시장,경기도,3.0,3.0,,,RESOLVED_AGREEMENT,False,3,,,,
8ccd04d17e4216953a8b,test,간식,T6 기계변형,q_간식_05,간식추천,카페·디저트 중 '간식'을 판매·제공하는 매장,b663f6d6-bd6f-4f8d-a96d-e15cd96eea34,코지,도소매(의류),신평화패션타운,전통시장,서울특별시,0.0,0.0,,,RESOLVED_AGREEMENT,False,0,,,,
bd2812070391b40b8d67,test,간식,T6 기계변형,q_간식_05,간식추천,카페·디저트 중 '간식'을 판매·제공하는 매장,e0e397b0-b964-40dd-a631-15312dcdd68f,오프룻,답례품 간식 커피,정부청사 골목형상점가,골목형상점가,광주광역시,3.0,3.0,,,RESOLVED_AGREEMENT,False,3,,,,
e888b8cba1d29003c849,test,간식,T6 기계변형,q_간식_05,간식추천,카페·디저트 중 '간식'을 판매·제공하는 매장,7f904f05-7c06-4c14-881b-6d846d0135c5,분식땡기는날!,"김밥, 간식류",옥천공설시장,전통시장,충청북도,3.0,3.0,,,RESOLVED_AGREEMENT,False,3,,,,
2a5d70845ff07e534a03,test,간식,T6 기계변형,q_간식_05,간식추천,카페·디저트 중 '간식'을 판매·제공하는 매장,1ef4110f-ee40-4307-bcd1-2f9aee42e47f,부리또집,간식,숭실마루길골목형상점가,골목형상점가,서울특별시,3.0,3.0,,,RESOLVED_AGREEMENT,False,3,,,,
98f6081efe23b0f36ec1,test,간식,T6 기계변형,q_간식_05,간식추천,카페·디저트 중 '간식'을 판매·제공하는 매장,164236d3-dd3f-4a79-8e01-93445328fb55,간식놀이터본점,아이스크림 음료 과자,용정 골목형상점가,골목형상점가,대전광역시,3.0,3.0,,,RESOLVED_AGREEMENT,False,3,,,,
d4265154693204ee4e70,test,간식,T6 기계변형,q_간식_06,간싣,카페·디저트 중 '간식'을 판매·제공하는 매장,0007598c-6a5e-44f2-9d2e-fbfc2b6e8db1,써브웨이광주수완점 유한회사,샌드위치,희담길,골목형상점가,광주광역시,3.0,3.0,,,RESOLVED_AGREEMENT,False,3,,,,
479b212c6e8f2712bf88,test,간식,T6 기계변형,q_간식_06,간싣,카페·디저트 중 '간식'을 판매·제공하는 매장,9b205f11-b0df-4772-82b7-ba642d138d6f,역전 할머니 맥주 천상점,음싣,천상천 골목형상점가,골목형상점가,울산광역시,0.0,0.0,,,RESOLVED_AGREEMENT,False,0,,,,
bb56bd477f394686edf2,test,간식,T6 기계변형,q_간식_06,간싣,카페·디저트 중 '간식'을 판매·제공하는 매장,05572cf5-3f6c-448d-b7c1-2e5e305bd918,원더풀꽈배기,꽈배기,첨단아미 골목형상점가,골목형상점가,광주광역시,3.0,3.0,,,RESOLVED_AGREEMENT,False,3,,,,
011e35ca6aa14d6f85ad,test,간식,T6 기계변형,q_간식_06,간싣,카페·디저트 중 '간식'을 판매·제공하는 매장,141388ca-0afb-4297-9176-5a1eed645c12,간지,,동산상가,전통시장,대구광역시,,0.0,Y,,P0_UNCERTAIN_OR_MISSING,True,,,,,
8923343fe79c3f492afd,test,간식,T6 기계변형,q_간식_06,간싣,카페·디저트 중 '간식'을 판매·제공하는 매장,7d06a9f8-2b90-4043-a9bc-7e169ce4749b,간이역,호프,풍납시장,전통시장,서울특별시,0.0,0.0,,,RESOLVED_AGREEMENT,False,0,,,,
97490694fce387d4bed8,test,간식,T6 기계변형,q_간식_06,간싣,카페·디저트 중 '간식'을 판매·제공하는 매장,44f95861-3433-4291-b473-06295ffa16dc,간지룸,여성의류,㈜르네시떼,전통시장,부산광역시,0.0,0.0,,,RESOLVED_AGREEMENT,False,0,,,,
c95805c4c279cb45386d,test,간식,T6 기계변형,q_간식_06,간싣,카페·디저트 중 '간식'을 판매·제공하는 매장,c5ce9eb0-9eaa-472c-971e-fbfe98b5ec38,옥떡이,간이 음식,남성역 골목시장,전통시장,서울특별시,0.0,3.0,,,P1_BINARY_THRESHOLD,True,,,,,
de33c417098dd01b7dfa,test,간식,T6 기계변형,q_간식_06,간싣,카페·디저트 중 '간식'을 판매·제공하는 매장,d55a0af3-d239-460f-b882-2eb67bc68560,해프닝,간이음식,신월3동시장골목형상점가,골목형상점가,서울특별시,0.0,0.0,,,RESOLVED_AGREEMENT,False,0,,,,
5de3b330166da6144296,test,간식,T6 기계변형,q_간식_06,간싣,카페·디저트 중 '간식'을 판매·제공하는 매장,9ec25df4-e344-465f-9802-0acb96c64b53,오채카페,간이음식,풍암운리중상인회 골목형상점가,골목형상점가,광주광역시,1.0,2.0,,,P1_BINARY_THRESHOLD,True,,,,,
328792ba70b26909ec45,test,간식,T6 기계변형,q_간식_06,간싣,카페·디저트 중 '간식'을 판매·제공하는 매장,0521f642-329a-4ddf-a92b-b43585bebb0f,원더풀꽈배기,,승달 골목형상점가,골목형상점가,,3.0,3.0,,,RESOLVED_AGREEMENT,False,3,,,,
24df407dcabd1b163607,test,간식,T6 기계변형,q_간식_06,간싣,카페·디저트 중 '간식'을 판매·제공하는 매장,34dddc66-7e16-4603-aeda-6a4be0e4c573,간지뽕빨,의류,서문시장(명품프라자상가),전통시장,대구광역시,0.0,0.0,,,RESOLVED_AGREEMENT,False,0,,,,
3120248142265c9f1889,test,간식,T6 기계변형,q_간식_06,간싣,카페·디저트 중 '간식'을 판매·제공하는 매장,b17741cd-cede-4881-8fd5-21892fa793f4,본디자인,간판,선부광장로상점가,자율상권구역,경기도,0.0,0.0,,,RESOLVED_AGREEMENT,False,0,,,,
eec6ad5e36071082051f,test,간식,T6 기계변형,q_간식_06,간싣,카페·디저트 중 '간식'을 판매·제공하는 매장,01c93758-055c-48ad-ac74-f0cee5b99431,호두마당 부산진구점,호두과자,부전상가시장,전통시장,부산광역시,3.0,3.0,,,RESOLVED_AGREEMENT,False,3,,,,
4d2ba1701238f25bffea,test,간식,T6 기계변형,q_간식_06,간싣,카페·디저트 중 '간식'을 판매·제공하는 매장,0eaecef3-d748-4ddb-9179-6df06f823b53,하나카 동물병원,"반려동물 진료, 반려동물 사료, 반려동물 영양제, 반려동물 간식",역삼동 골목형상점가,골목형상점가,서울특별시,3.0,3.0,,,RESOLVED_AGREEMENT,False,3,,,,
0b467048749622f649ea,test,간식,T6 기계변형,q_간식_06,간싣,카페·디저트 중 '간식'을 판매·제공하는 매장,000814be-1ad1-4f62-87e7-0e02af595e2f,사사,"샌드위치, 케이크, 커피",나릿재 골목형상점가,골목형상점가,세종특별자치시,3.0,3.0,,,RESOLVED_AGREEMENT,False,3,,,,
fbc5bb45c6a0531061b8,test,간식,T6 기계변형,q_간식_06,간싣,카페·디저트 중 '간식'을 판매·제공하는 매장,e86c17b7-31e4-487d-8387-3dd8cfb35e64,샘,간이음식,아진상가,골목형상점가,울산광역시,0.0,0.0,,,RESOLVED_AGREEMENT,False,0,,,,
9d06ce0f1a6e3bb31470,test,간식,T6 기계변형,q_간식_06,간싣,카페·디저트 중 '간식'을 판매·제공하는 매장,7902b9bb-6492-4387-b3f4-caa07acfbe5d,간판대학,간판관련,꿈의숲장곡골목형상점가,골목형상점가,서울특별시,0.0,0.0,,,RESOLVED_AGREEMENT,False,0,,,,
c8d0f0fdabfc836e2f69,test,간식,T6 기계변형,q_간식_06,간싣,카페·디저트 중 '간식'을 판매·제공하는 매장,e2a50c33-2498-46f4-8030-14e51f39984d,카페왐마,간이음식,매봉 골목형상점가,골목형상점가,광주광역시,1.0,2.0,,,P1_BINARY_THRESHOLD,True,,,,,
defefc7b031156e4dc4e,test,간식,T6 기계변형,q_간식_06,간싣,카페·디저트 중 '간식'을 판매·제공하는 매장,e56537f9-567b-47c4-9c7e-32271959df74,간식타임,전,쌍봉시장,전통시장,전라남도,2.0,3.0,,,P2_GRADED_ONLY,True,,,,,
6943d3e6145da1e0ac81,test,간식,T6 기계변형,q_간식_06,간싣,카페·디저트 중 '간식'을 판매·제공하는 매장,9bc94e33-d392-4523-9393-1c4c6458f2bc,갈맥상통,간식,당진시신도심상점가,자율상권구역,충청남도,3.0,3.0,,,RESOLVED_AGREEMENT,False,3,,,,
aefc95c79b0ebec6c787,test,간식,T6 기계변형,q_간식_06,간싣,카페·디저트 중 '간식'을 판매·제공하는 매장,6844ee88-a5ab-412e-9fae-a0aa873ad93b,간식서랍,,혁신도시3구역 골목형상점가,골목형상점가,강원특별자치도,3.0,3.0,,,RESOLVED_AGREEMENT,False,3,,,,
f528e50347874d7b4bce,test,간식,T6 기계변형,q_간식_06,간싣,카페·디저트 중 '간식'을 판매·제공하는 매장,001bc028-a43e-44d4-9682-db280a4998cc,파리바게뜨전주근영점,제과점,근영누리 골목형상점가,골목형상점가,전북특별자치도,1.0,3.0,,,P1_BINARY_THRESHOLD,True,,,,,
51245e8745b51ee5101c,test,간식,T6 기계변형,q_간식_06,간싣,카페·디저트 중 '간식'을 판매·제공하는 매장,ea3c6a0d-4c52-4ad7-a550-136a6b17867d,간석청과,청과,간석자유시장,전통시장,인천광역시,0.0,0.0,,,RESOLVED_AGREEMENT,False,0,,,,
0cf4af876abd43bdef1a,test,간식,T6 기계변형,q_간식_06,간싣,카페·디저트 중 '간식'을 판매·제공하는 매장,9e6c1e91-c8da-4d40-8980-c1df9ab38d5d,군산상회,의류,군산공설시장,전통시장,전북특별자치도,0.0,0.0,,,RESOLVED_AGREEMENT,False,0,,,,
3c62b44591f53f4106c5,test,간식,T6 기계변형,q_간식_06,간싣,카페·디저트 중 '간식'을 판매·제공하는 매장,9ef96bab-5f5f-4f83-a600-e7d336653705,간절곳 튀김,음식,반송큰시장,전통시장,부산광역시,0.0,0.0,,,RESOLVED_AGREEMENT,False,0,,,,
5a0f15910294dc406cbb,test,간식,T6 기계변형,q_간식_06,간싣,카페·디저트 중 '간식'을 판매·제공하는 매장,1ef4110f-ee40-4307-bcd1-2f9aee42e47f,부리또집,간식,숭실마루길골목형상점가,골목형상점가,서울특별시,3.0,3.0,,,RESOLVED_AGREEMENT,False,3,,,,
0c968dd7be00b81eb729,test,간식,T6 기계변형,q_간식_06,간싣,카페·디저트 중 '간식'을 판매·제공하는 매장,01874291-5378-4910-88e7-c2fb85b4ea5c,써브웨이 광주금호점,샌드위치 전문점,금호상인회 골목형상점가,골목형상점가,광주광역시,3.0,3.0,,,RESOLVED_AGREEMENT,False,3,,,,
5b11c15464eade3a9ad3,test,간식,T6 기계변형,q_간식_06,간싣,카페·디저트 중 '간식'을 판매·제공하는 매장,0346c7d3-2a07-41c5-8627-bc65b1e5122e,루미담,빵류 과자류 강정류,효천2지구 골목형상점가,골목형상점가,광주광역시,3.0,3.0,,,RESOLVED_AGREEMENT,False,3,,,,
7a330dbaef9cb94fba7a,test,간식,T6 기계변형,q_간식_06,간싣,카페·디저트 중 '간식'을 판매·제공하는 매장,112343fc-81a9-472b-b08c-24cf27f757e9,초록마을대전노은점,신선야채.어린이간식.건강식품등....,열매 골목형상점가,골목형상점가,대전광역시,3.0,3.0,,,RESOLVED_AGREEMENT,False,3,,,,
f380fd4037f90e467697,test,간식,T6 기계변형,q_간식_06,간싣,카페·디저트 중 '간식'을 판매·제공하는 매장,01226f93-5490-4530-a460-d5482763890d,버터앤츄,구움과자,행리단길 골목형상점가,골목형상점가,경기도,3.0,3.0,,,RESOLVED_AGREEMENT,False,3,,,,
6f9019206d70c00e1a92,test,간식,T6 기계변형,q_간식_06,간싣,카페·디저트 중 '간식'을 판매·제공하는 매장,002580f9-7146-4999-af6a-cfecd782191a,마녀샌드위치,샌드위치,광주여대 골목형상점가,골목형상점가,광주광역시,3.0,3.0,,,RESOLVED_AGREEMENT,False,3,,,,
9fa0d6e87c3aefc94301,test,간식,T6 기계변형,q_간식_06,간싣,카페·디저트 중 '간식'을 판매·제공하는 매장,4e1fc0b5-f2ca-4827-a70a-8a84c7157ac7,간식킹,"문구, 간식",미장사랑 골목형상점가,골목형상점가,전북특별자치도,3.0,3.0,,,RESOLVED_AGREEMENT,False,3,,,,
52727deee5a17f2d92d7,test,간식,T6 기계변형,q_간식_06,간싣,카페·디저트 중 '간식'을 판매·제공하는 매장,2f795fe5-bd19-4edd-88dc-934e73bac082,간이역,,첨단아미 골목형상점가,골목형상점가,,,0.0,Y,,P0_UNCERTAIN_OR_MISSING,True,,,,,
ff56f8dddfc62d050388,test,간식,T6 기계변형,q_간식_06,간싣,카페·디저트 중 '간식'을 판매·제공하는 매장,2bd42b69-6010-420c-afbc-04b4e5807aa5,호성광고,간판,연제동 골목형상점가,골목형상점가,광주광역시,0.0,0.0,,,RESOLVED_AGREEMENT,False,0,,,,
14c2d6960bfecbc3d809,test,간식,T6 기계변형,q_간식_06,간싣,카페·디저트 중 '간식'을 판매·제공하는 매장,dac9cb63-3ce2-4ea4-9e7b-ea0e45529bcf,간식이떴다,,신구로현대어반벨리 골목형상점가,골목형상점가,서울특별시,3.0,3.0,,,RESOLVED_AGREEMENT,False,3,,,,
a4f7fdbe4a66a188ade4,test,간식,T6 기계변형,q_간식_06,간싣,카페·디저트 중 '간식'을 판매·제공하는 매장,035ade2e-faa7-4218-85bb-8f4634995653,복호두광주상무점,호두과자와 음료,상무시청상인회 골목형상점가,골목형상점가,광주광역시,3.0,3.0,,,RESOLVED_AGREEMENT,False,3,,,,
b58b9cd5b18fe78cbbdd,test,간식,T6 기계변형,q_간식_06,간싣,카페·디저트 중 '간식'을 판매·제공하는 매장,5abd2cc6-ab5d-4787-84fa-12ddb2fe95d5,예가,한싣,화정한울타리상인회 골목형상점가,골목형상점가,광주광역시,0.0,0.0,,,RESOLVED_AGREEMENT,False,0,,,,
e5f12e7297176d0feae2,test,간식,T6 기계변형,q_간식_06,간싣,카페·디저트 중 '간식'을 판매·제공하는 매장,a0f9a6f8-3e48-434e-ab04-3778516bfdaf,동원상회,도소매(견과류),서울중부시장,전통시장,서울특별시,0.0,0.0,,,RESOLVED_AGREEMENT,False,0,,,,
3c9ab244a3788822004d,test,간식,T6 기계변형,q_간식_06,간싣,카페·디저트 중 '간식'을 판매·제공하는 매장,1609c6fa-21ca-4b30-8185-fcc44ba64035,간판없는집,한식,창원 봉곡시장,전통시장,경상남도,0.0,0.0,,,RESOLVED_AGREEMENT,False,0,,,,
11e88b3eebd1ba0f8504,test,간식,T6 기계변형,q_간식_06,간싣,카페·디저트 중 '간식'을 판매·제공하는 매장,552afccd-111c-4571-8f0a-58bd3c1994c5,권참치,간이음식,사당1동 먹자골목 상점가,자율상권구역,서울특별시,0.0,0.0,,,RESOLVED_AGREEMENT,False,0,,,,
e32bc7de8ed442f8cb16,test,간식,T6 기계변형,q_간식_06,간싣,카페·디저트 중 '간식'을 판매·제공하는 매장,02a3c435-88d7-4473-a9a4-6cfd09513987,보리원 대치은마점,붕어빵 호두과자 찰보리빵 등,은마종합상점가,자율상권구역,서울특별시,3.0,3.0,,,RESOLVED_AGREEMENT,False,3,,,,
51a0a33be0f1b21372dd,test,간식,T6 기계변형,q_간식_06,간싣,카페·디저트 중 '간식'을 판매·제공하는 매장,8615256d-bd30-4dcc-9336-c77fffef186c,허슬피자,간이음식,양림동 골목형상점가,골목형상점가,광주광역시,0.0,0.0,,,RESOLVED_AGREEMENT,False,0,,,,
8ee9b9f92ee16b87ea2d,test,간식,T6 기계변형,q_간식_06,간싣,카페·디저트 중 '간식'을 판매·제공하는 매장,9e4ae0c5-0261-4af4-a22c-5fdcc712ba18,간소내치킨,치킨,석세스,골목형상점가,광주광역시,0.0,0.0,,,RESOLVED_AGREEMENT,False,0,,,,
05adb9fbbec46f84532a,test,간식,T6 기계변형,q_간식_06,간싣,카페·디저트 중 '간식'을 판매·제공하는 매장,deb010b8-d94c-487f-ad61-01ad433afeab,장터집,간이음식,서산동부전통시장,전통시장,충청남도,0.0,0.0,,,RESOLVED_AGREEMENT,False,0,,,,
eb7d034dfcc06cb9aaa7,test,간식,T6 기계변형,q_간식_06,간싣,카페·디저트 중 '간식'을 판매·제공하는 매장,26fcf63b-90e7-4f18-aab1-436d3896658b,시네마,한싣,서원동상점가,자율상권구역,서울특별시,0.0,0.0,,,RESOLVED_AGREEMENT,False,0,,,,
6e7d2f72dfe2cb3560ca,test,간식,T6 기계변형,q_간식_06,간싣,카페·디저트 중 '간식'을 판매·제공하는 매장,00a88093-8a14-41ad-8b1f-d35632be9f3b,한아름빵집,제과,신평골목시장,전통시장,부산광역시,1.0,3.0,,,P1_BINARY_THRESHOLD,True,,,,,
67a4ca5383304d562a76,test,간식,T6 기계변형,q_간식_06,간싣,카페·디저트 중 '간식'을 판매·제공하는 매장,0c93ea7b-9fbc-41b2-8923-76e8de0d8aa2,달콤간식창고,,빛가람 호수로 골목형상점가,골목형상점가,,3.0,3.0,,,RESOLVED_AGREEMENT,False,3,,,,
c515244b647eb9a8d8a2,test,간식,T6 기계변형,q_간식_06,간싣,카페·디저트 중 '간식'을 판매·제공하는 매장,6f150738-b939-4895-9998-db84cb4d387b,윤창마크,간판,양동시장,전통시장,광주광역시,0.0,0.0,,,RESOLVED_AGREEMENT,False,0,,,,
6c0d203ec15873a7cd0e,test,간식,T6 기계변형,q_간식_06,간싣,카페·디저트 중 '간식'을 판매·제공하는 매장,75204542-cec8-4b83-b47a-1fd2871c0a9f,간이역,한식,팔등로기부거리,골목형상점가,울산광역시,0.0,0.0,,,RESOLVED_AGREEMENT,False,0,,,,
dd645c2882bf216036c3,test,간식,T6 기계변형,q_간식_06,간싣,카페·디저트 중 '간식'을 판매·제공하는 매장,78428253-bb55-4a46-8bfd-3f79e1d208ee,은양,간이음식,김천황금시장,전통시장,경상북도,0.0,0.0,,,RESOLVED_AGREEMENT,False,0,,,,
f47cabfd3d3630f96728,test,간식,T6 기계변형,q_간식_06,간싣,카페·디저트 중 '간식'을 판매·제공하는 매장,3edb1a89-3b70-4d50-8842-3a818ea6aab0,백수 간재미,간재미,사직공원 골목형상점가,골목형상점가,광주광역시,0.0,0.0,,,RESOLVED_AGREEMENT,False,0,,,,
e15154691f43e43b0aa6,test,간식,T6 기계변형,q_간식_06,간싣,카페·디저트 중 '간식'을 판매·제공하는 매장,142908a4-c2bb-4924-a7fb-234593a6e17f,간이역,한식,새치마을 골목형상점가,골목형상점가,울산광역시,0.0,0.0,,,RESOLVED_AGREEMENT,False,0,,,,
16c16c57922d2968fdd2,test,간식,T6 기계변형,q_간식_06,간싣,카페·디저트 중 '간식'을 판매·제공하는 매장,737768b0-a2e3-46cc-aa33-dbcfe9685580,라끄로라,서비스업,둔산3동상점가,자율상권구역,대전광역시,0.0,0.0,,,RESOLVED_AGREEMENT,False,0,,,,
f8e2fb1986e34289f5fc,test,간식,T6 기계변형,q_간식_06,간싣,카페·디저트 중 '간식'을 판매·제공하는 매장,76fd275c-5759-424d-8f67-5e08280efc96,간큰남자,농수산물,동대구신시장,전통시장,대구광역시,0.0,0.0,,,RESOLVED_AGREEMENT,False,0,,,,
3e88f7b890dab3385167,test,간식,T6 기계변형,q_간식_06,간싣,카페·디저트 중 '간식'을 판매·제공하는 매장,cae3a454-23be-4deb-91b3-76902952bb77,양심,간이음식,강남시장,전통시장,서울특별시,0.0,0.0,,,RESOLVED_AGREEMENT,False,0,,,,
9474fcab7c8612352855,test,간식,T6 기계변형,q_간식_06,간싣,카페·디저트 중 '간식'을 판매·제공하는 매장,037e663e-db40-4dd4-ae36-3ed53e65466b,바삭카츠,돈카츠,동천동 상인회 골목형상점가,골목형상점가,광주광역시,0.0,0.0,,,RESOLVED_AGREEMENT,False,0,,,,
577c4a14110a69b5caf4,test,간식,T6 기계변형,q_간식_06,간싣,카페·디저트 중 '간식'을 판매·제공하는 매장,a0633ca0-3421-46ba-b661-9d20d5d8504c,디셈버2,간이음식,부산대자율상권구역,기타,부산광역시,0.0,0.0,,,RESOLVED_AGREEMENT,False,0,,,,
8167b0069839ce2fb41f,test,간식,T6 기계변형,q_간식_06,간싣,카페·디저트 중 '간식'을 판매·제공하는 매장,d48e24f7-0dff-42f7-8938-bbdb54574e7e,대원떡방앗간,떡,장성읍 골목형상점가,골목형상점가,전라남도,0.0,3.0,,,P1_BINARY_THRESHOLD,True,,,,,
42685b1d43359aea9dc9,test,간식,T6 기계변형,q_간식_06,간싣,카페·디저트 중 '간식'을 판매·제공하는 매장,5f3d5e69-d213-479b-8826-41b13c74cf5e,엔제리너스,,울산대바보사거리 골목형상점가,골목형상점가,울산광역시,,0.0,Y,,P0_UNCERTAIN_OR_MISSING,True,,,,,
3e50631f68ce08c5894f,test,간식,T6 기계변형,q_간식_06,간싣,카페·디저트 중 '간식'을 판매·제공하는 매장,7e8b5abd-6765-4a5a-b0ff-db9d3ace2a2d,간식시간,분식,중앙로2 골목형상점가,골목형상점가,충청남도,2.0,3.0,,,P2_GRADED_ONLY,True,,,,,
8d6fcbc10c72883b4282,test,간식,T6 기계변형,q_간식_06,간싣,카페·디저트 중 '간식'을 판매·제공하는 매장,b02d3fe5-975a-42c3-87cf-cdb832daa740,덕성기획,간판,안산 공산품 유통상가,자율상권구역,경기도,0.0,0.0,,,RESOLVED_AGREEMENT,False,0,,,,
e16dfe23f7dae3503aa9,test,간식,T6 기계변형,q_간식_06,간싣,카페·디저트 중 '간식'을 판매·제공하는 매장,043ed8e3-2adc-4c0d-b918-f2b96e232628,못난이꽈배기,꽈배기,천안중앙시장,전통시장,충청남도,3.0,3.0,,,RESOLVED_AGREEMENT,False,3,,,,
b3e932fcd8b3f0521ac2,test,간식,T6 기계변형,q_간식_06,간싣,카페·디저트 중 '간식'을 판매·제공하는 매장,1c35a40a-566d-4120-80d3-c0aa43bff028,로띠팜,간이음식,전주한옥마을 골목형상점가,골목형상점가,전북특별자치도,0.0,0.0,,,RESOLVED_AGREEMENT,False,0,,,,
014a7834bc147575ce66,test,간식,T6 기계변형,q_간식_06,간싣,카페·디저트 중 '간식'을 판매·제공하는 매장,2b7f15e8-8c17-4b41-9122-01bd4fdd6492,간이역,주점,점촌역전상점가,자율상권구역,경상북도,0.0,0.0,,,RESOLVED_AGREEMENT,False,0,,,,
2b71342f7c42bd104dab,test,간식,T6 기계변형,q_간식_06,간싣,카페·디저트 중 '간식'을 판매·제공하는 매장,bf146190-3d18-4b63-9cd4-f48efb061f23,간장게장장어구이,간장게장,수유시장,전통시장,서울특별시,0.0,0.0,,,RESOLVED_AGREEMENT,False,0,,,,
f4319747f739b13cd7ee,test,간식,T6 기계변형,q_간식_06,간싣,카페·디저트 중 '간식'을 판매·제공하는 매장,fa78e60e-3cf3-4fd2-b94f-baaf027089f8,간지,의류,성남중앙지하시장,일반지하상점가,경기도,0.0,0.0,,,RESOLVED_AGREEMENT,False,0,,,,
20d924593d0d3688c2cc,test,간식,T6 기계변형,q_간식_06,간싣,카페·디저트 중 '간식'을 판매·제공하는 매장,18024b37-c35d-438e-946c-1aea8c6a2792,수수곳간,간식,자양15번가골목형상점가,골목형상점가,서울특별시,3.0,3.0,,,RESOLVED_AGREEMENT,False,3,,,,
030c3a3fc1da04261b5e,test,간식,T6 기계변형,q_간식_06,간싣,카페·디저트 중 '간식'을 판매·제공하는 매장,9c75364d-6c68-447a-831a-41005f642c16,간성닭집,치킨,간성전통시장(구 천년고성시장),전통시장,강원특별자치도,0.0,0.0,,,RESOLVED_AGREEMENT,False,0,,,,
93072ba37023d21af562,test,간식,T6 기계변형,q_간식_06,간싣,카페·디저트 중 '간식'을 판매·제공하는 매장,592f4d6e-320c-4784-a5e5-6d90a0587cc2,맛짱,간이음식,배밭골골목형상점가,골목형상점가,서울특별시,0.0,0.0,,,RESOLVED_AGREEMENT,False,0,,,,
822769ac5c315793ad81,test,간식,T6 기계변형,q_간식_06,간싣,카페·디저트 중 '간식'을 판매·제공하는 매장,002d0d06-15b2-463e-b789-b0232bcc6681,뚜레주르버들마을점,제과,버들마을상인회 골목형상점가,골목형상점가,광주광역시,1.0,3.0,,,P1_BINARY_THRESHOLD,True,,,,,
f57046488ca0e94c4664,test,간식,T6 기계변형,q_간식_06,간싣,카페·디저트 중 '간식'을 판매·제공하는 매장,d64bea07-824b-4e65-953f-2423ef17b725,해광가구 (주),가구,빛고을 골목형상점가,골목형상점가,광주광역시,0.0,0.0,,,RESOLVED_AGREEMENT,False,0,,,,
55faf08dbce31f22e643,test,간식,T6 기계변형,q_간식_06,간싣,카페·디저트 중 '간식'을 판매·제공하는 매장,abd0a76a-c71b-4b42-9bdc-1009de2958e7,인디자인,간판,마산 진동전통시장,전통시장,경상남도,0.0,0.0,,,RESOLVED_AGREEMENT,False,0,,,,
afcf1f4009a036d59980,test,간식,T6 기계변형,q_간식_06,간싣,카페·디저트 중 '간식'을 판매·제공하는 매장,66949b22-611d-4650-b074-e5d9cf6c5b24,메이지,분싣,진주 로데오거리상점가,자율상권구역,경상남도,0.0,0.0,,,RESOLVED_AGREEMENT,False,0,,,,
75531044633b342bd80c,test,간식,T6 기계변형,q_간식_06,간싣,카페·디저트 중 '간식'을 판매·제공하는 매장,ba8e0ab9-3b77-4e1d-bba4-198024f90db4,커피쏘나,간이음식,운리공원상인회 골목형상점가,골목형상점가,광주광역시,0.0,2.0,,,P1_BINARY_THRESHOLD,True,,,,,
95f2c4db19add9a0b3a0,test,간식,T6 기계변형,q_간식_06,간싣,카페·디저트 중 '간식'을 판매·제공하는 매장,ddd95d5e-095a-44f8-96d6-fc76ff92c8cd,그때그집,한싣,양산상생하는하서로 골목형상점가,골목형상점가,광주광역시,0.0,0.0,,,RESOLVED_AGREEMENT,False,0,,,,
03b53b522d19778f8b56,test,간식,T6 기계변형,q_간식_06,간싣,카페·디저트 중 '간식'을 판매·제공하는 매장,d7cce73c-a68b-40d1-a731-c1555491c7c4,영진지오마트,도소매업(슈퍼마켓),대신시장,전통시장,서울특별시,0.0,1.0,,,P2_GRADED_ONLY,True,,,,,
e70c13c92f9f00eea301,test,간식,T6 기계변형,q_간식_06,간싣,카페·디저트 중 '간식'을 판매·제공하는 매장,0cf1e0dc-a2ef-4da6-b9a4-78c363334f7c,지니샌드,간식,종암북바위길골목형상점가,골목형상점가,서울특별시,3.0,3.0,,,RESOLVED_AGREEMENT,False,3,,,,
1bc0278864978b2a67cb,test,간식,T6 기계변형,q_간식_06,간싣,카페·디저트 중 '간식'을 판매·제공하는 매장,8f398a14-e8d7-4f3e-8806-8cfb5d5f1fc9,간이역,한식,호암사천개로골목형상점가,골목형상점가,충청북도,0.0,0.0,,,RESOLVED_AGREEMENT,False,0,,,,
23b14a0242353dc85bf4,test,간식,T6 기계변형,q_간식_06,간싣,카페·디저트 중 '간식'을 판매·제공하는 매장,02cae025-3a64-4510-83ad-92023678937e,간재비,한식,양평1동어울림골목형상점가,골목형상점가,서울특별시,0.0,0.0,,,RESOLVED_AGREEMENT,False,0,,,,
8ab95e0d9bcde635aacd,test,간식,T6 기계변형,q_간식_06,간싣,카페·디저트 중 '간식'을 판매·제공하는 매장,01dc1f3e-6edc-47a3-9fdf-124d0ea0de98,심봉사도르케 연천전곡점,고로케 꽈배기,전곡로데오거리 골목형상점가,골목형상점가,경기도,3.0,3.0,,,RESOLVED_AGREEMENT,False,3,,,,
2a63474630bede086670,test,간식,T6 기계변형,q_간식_06,간싣,카페·디저트 중 '간식'을 판매·제공하는 매장,ad38ffdf-873f-486b-b348-aa48c458fe11,간월도횟집,한식,영일대북부시장(구 북부시장),전통시장,경상북도,0.0,0.0,,,RESOLVED_AGREEMENT,False,0,,,,
31264b8ddd80af951335,test,간식,T6 기계변형,q_간식_06,간싣,카페·디저트 중 '간식'을 판매·제공하는 매장,c8bba57e-ce0b-4b87-b2ce-b9f8ff2684a1,간성닭집,닭,간성전통시장(구 천년고성시장),전통시장,강원특별자치도,0.0,0.0,,,RESOLVED_AGREEMENT,False,0,,,,
209475abad05b78b7e16,test,간식,T6 기계변형,q_간식_06,간싣,카페·디저트 중 '간식'을 판매·제공하는 매장,6c8bc3a0-ef7f-491b-a906-e3d12b46133f,간지,미용,반드레길골목형상점가,골목형상점가,서울특별시,0.0,0.0,,,RESOLVED_AGREEMENT,False,0,,,,
6f2ffb7ade20623f956b,test,간식,T6 기계변형,q_간식_06,간싣,카페·디저트 중 '간식'을 판매·제공하는 매장,01bd7bef-45a3-45b0-9caa-9ecd38d34f7a,간이역봉덕점,간이음식,봉덕맛길 골목형상점가,골목형상점가,대구광역시,0.0,0.0,,,RESOLVED_AGREEMENT,False,0,,,,
283b782831181abbe02d,test,간식,T6 기계변형,q_간식_06,간싣,카페·디저트 중 '간식'을 판매·제공하는 매장,2bbe3303-4cd8-495c-9a7d-99aeaa4c5901,안동 유명 간고등어,간고등어,중앙신시장,전통시장,경상북도,0.0,0.0,,,RESOLVED_AGREEMENT,False,0,,,,
01a1dfdb254ca39cf9ea,test,간식,T6 기계변형,q_간식_06,간싣,카페·디저트 중 '간식'을 판매·제공하는 매장,0d753046-7eb1-4915-9c50-1e735acf1c1d,버블퍼피,"애견간식, 용품",왕십리무학봉상점가,자율상권구역,서울특별시,3.0,3.0,,,RESOLVED_AGREEMENT,False,3,,,,
e21ac3b65a5610011131,test,간식,T6 기계변형,q_간식_06,간싣,카페·디저트 중 '간식'을 판매·제공하는 매장,343dc119-eebb-4fc1-811c-6719468c1e87,간식나라,한식,전주우성타운 골목형상점가,골목형상점가,전북특별자치도,2.0,3.0,,,P2_GRADED_ONLY,True,,,,,
434b41c27dc737eb07b2,test,간식,T6 기계변형,q_간식_06,간싣,카페·디저트 중 '간식'을 판매·제공하는 매장,414efa97-b306-4931-9830-e2ba3a564fc2,황악분식,간이음식,김천평화시장,전통시장,경상북도,1.0,0.0,,,P2_GRADED_ONLY,True,,,,,
6de18788b15034c3dd44,test,간식,T6 기계변형,q_간식_06,간싣,카페·디저트 중 '간식'을 판매·제공하는 매장,00362b85-cb9a-4318-9059-12f768d76197,파리바게뜨전주인후점,제과점,소나무 골목형상점가,골목형상점가,전북특별자치도,1.0,3.0,,,P1_BINARY_THRESHOLD,True,,,,,
0b9c97d937f266051941,test,간식,T6 기계변형,q_간식_06,간싣,카페·디저트 중 '간식'을 판매·제공하는 매장,5de77960-0c5f-40a1-86be-001b747fce4b,간이역,한식,구월시장,전통시장,인천광역시,0.0,0.0,,,RESOLVED_AGREEMENT,False,0,,,,
a973a801fcc39f11152c,test,간식,T6 기계변형,q_간식_06,간싣,카페·디저트 중 '간식'을 판매·제공하는 매장,05f89167-741d-4371-9b48-35c394c971c6,엘림글로벌서울꽈배기,,길동복조리시장,전통시장,서울특별시,3.0,3.0,,,RESOLVED_AGREEMENT,False,3,,,,
5a96a81431e1e131f44a,test,간식,T6 기계변형,q_간식_06,간싣,카페·디저트 중 '간식'을 판매·제공하는 매장,63fe5f1d-f6c6-49f8-82f9-f78f61dad67f,간식집,한식,공주산성시장,전통시장,충청남도,2.0,3.0,,,P2_GRADED_ONLY,True,,,,,
240e2c11bb8f7211ca77,test,간식,T6 기계변형,q_간식_06,간싣,카페·디저트 중 '간식'을 판매·제공하는 매장,defdcabf-2ee3-46f8-8b4d-390a0ca4e2b2,알케미칼,간장,구갈상점가,자율상권구역,경기도,0.0,0.0,,,RESOLVED_AGREEMENT,False,0,,,,
8c273dc51a21dc0c5982,test,간식,T6 기계변형,q_간식_06,간싣,카페·디저트 중 '간식'을 판매·제공하는 매장,0061123f-a676-4556-9633-5fbc4ecaf6ef,치즈케익카스테라카페,제과,북가좌동 골목형상점가,골목형상점가,서울특별시,1.0,3.0,,,P1_BINARY_THRESHOLD,True,,,,,
6b643f28754c5b691d9f,test,간식,T6 기계변형,q_간식_06,간싣,카페·디저트 중 '간식'을 판매·제공하는 매장,649b24ef-183a-4938-94e1-5cc0721c23dd,간월도식당,한식,소래포구종합어시장,자율상권구역,인천광역시,0.0,0.0,,,RESOLVED_AGREEMENT,False,0,,,,
7418999331b552abe161,test,간식,T6 기계변형,q_간식_06,간싣,카페·디저트 중 '간식'을 판매·제공하는 매장,008d1ed4-a5d7-492e-9959-f8307a68cc5f,샐러드 정원,"샐러드, 샌드위치",미성동도깨비시장,골목형상점가,서울특별시,3.0,3.0,,,RESOLVED_AGREEMENT,False,3,,,,
0d728c85e38bd129a944,test,건강식품,T2 동의어,q_건강식품_01,건강기능식품,식료품 중 '건강식품'을 판매·제공하는 매장,e53edcc7-51e6-4c07-b608-8f60b6032555,솔고,건강기능식품,주엽역 골목형상점가,골목형상점가,경기도,3.0,3.0,,,RESOLVED_AGREEMENT,False,3,,,,
446d75a301263356a34c,test,건강식품,T2 동의어,q_건강식품_01,건강기능식품,식료품 중 '건강식품'을 판매·제공하는 매장,dc4ca25c-2c88-4beb-bb56-8d27425d3dc7,진도울금구기자,건강기능식품,양동복개상가,전통시장,광주광역시,3.0,3.0,,,RESOLVED_AGREEMENT,False,3,,,,
8990c335ae3524b48d7f,test,건강식품,T2 동의어,q_건강식품_01,건강기능식품,식료품 중 '건강식품'을 판매·제공하는 매장,00bd78a7-2a89-48d4-b7ec-efe5116ce2a4,반월당경북약국,약국,메트로센터(반월당지하쇼핑),일반지하상점가,대구광역시,1.0,2.0,,,P1_BINARY_THRESHOLD,True,,,,,
726433aff037ee208221,test,건강식품,T2 동의어,q_건강식품_01,건강기능식품,식료품 중 '건강식품'을 판매·제공하는 매장,aa654592-d2a3-4a78-ad8c-2b9b3504f20e,황토건강원,건강기능식품,송화벽화시장,자율상권구역,서울특별시,3.0,3.0,,,RESOLVED_AGREEMENT,False,3,,,,
7a08b15f2864d2903e9c,test,건강식품,T2 동의어,q_건강식품_01,건강기능식품,식료품 중 '건강식품'을 판매·제공하는 매장,0444e20e-4b4b-414f-9410-9f4985cfc0b3,정화신발,신발,영천공설시장,전통시장,경상북도,0.0,0.0,,,RESOLVED_AGREEMENT,False,0,,,,
7326b7775bb41b894f42,test,건강식품,T2 동의어,q_건강식품_01,건강기능식품,식료품 중 '건강식품'을 판매·제공하는 매장,7f8aabb9-528c-4d4a-9507-358fc1e063bf,금빛식품,건강기능식품 판매,세종전통시장,전통시장,세종특별자치시,3.0,3.0,,,RESOLVED_AGREEMENT,False,3,,,,
e6d6dcd88540d787f544,test,건강식품,T2 동의어,q_건강식품_01,건강기능식품,식료품 중 '건강식품'을 판매·제공하는 매장,20c7a8e1-837a-4e8c-9407-dec9d37b2138,차야,건강기능식품,서문시장 제5지구,전통시장,대구광역시,3.0,3.0,,,RESOLVED_AGREEMENT,False,3,,,,
b6f3e5e5a6b693893fbe,test,건강식품,T2 동의어,q_건강식품_01,건강기능식품,식료품 중 '건강식품'을 판매·제공하는 매장,006929a4-6712-43ca-80d7-f540710009b5,삼송프라자약국,의약품 외 건강기능식품,신원권율3 골목형상점가,골목형상점가,경기도,3.0,3.0,,,RESOLVED_AGREEMENT,False,3,,,,
181ec84075d9fa7cab76,test,건강식품,T2 동의어,q_건강식품_01,건강기능식품,식료품 중 '건강식품'을 판매·제공하는 매장,9f216752-433a-42d8-a600-e1e0a50cc4d1,뷰티샵,건강기능식품,봉선1로 골목형상점가,골목형상점가,광주광역시,3.0,3.0,,,RESOLVED_AGREEMENT,False,3,,,,
b85761016e25293e3651,test,건강식품,T2 동의어,q_건강식품_01,건강기능식품,식료품 중 '건강식품'을 판매·제공하는 매장,86988f79-3d28-473a-b70b-f50b9bb48c5a,골드건강기능식품점,건강기능식품,비단길현대시장,전통시장,서울특별시,3.0,3.0,,,RESOLVED_AGREEMENT,False,3,,,,
0e216fc47596a9f47990,test,건강식품,T2 동의어,q_건강식품_01,건강기능식품,식료품 중 '건강식품'을 판매·제공하는 매장,01f1ff87-d7c5-4c13-b60e-937f9d6221fd,수삼센터 83호,인삼(수삼),금산수삼센터,전통시장,충청남도,3.0,3.0,,,RESOLVED_AGREEMENT,False,3,,,,
1f531dfb79baaa4dc27f,test,건강식품,T2 동의어,q_건강식품_01,건강기능식품,식료품 중 '건강식품'을 판매·제공하는 매장,fd8b89e9-7f58-478b-92d2-1c0157e79424,금빛나날,건강기능식품,시장로타리지하상가,일반지하상점가,인천광역시,3.0,3.0,,,RESOLVED_AGREEMENT,False,3,,,,
4e409c1f341c8da08e9e,test,건강식품,T2 동의어,q_건강식품_01,건강기능식품,식료품 중 '건강식품'을 판매·제공하는 매장,7e4d9ee6-2c4b-4d70-ba7a-c4d8d3ee3d23,이루다,건강기능식품,괴정가장로 골목형상점가,골목형상점가,대전광역시,3.0,3.0,,,RESOLVED_AGREEMENT,False,3,,,,
fd581a4db465cb3975e2,test,건강식품,T2 동의어,q_건강식품_01,건강기능식품,식료품 중 '건강식품'을 판매·제공하는 매장,9e88916f-972b-437b-a355-4e3c236357a1,굿핏,운동 건강기능식품,지족반석 골목형상점가,골목형상점가,대전광역시,3.0,3.0,,,RESOLVED_AGREEMENT,False,3,,,,
5f9a17fb10a18fc1cce1,test,건강식품,T2 동의어,q_건강식품_01,건강기능식품,식료품 중 '건강식품'을 판매·제공하는 매장,48bf4470-02c0-434d-8f7e-c0d45ee57b7f,호주면세,건강기능식품,구리전통시장,전통시장,경기도,3.0,3.0,,,RESOLVED_AGREEMENT,False,3,,,,
837f5bb93f7681c13aae,test,건강식품,T2 동의어,q_건강식품_01,건강기능식품,식료품 중 '건강식품'을 판매·제공하는 매장,8fdc7c99-9ff0-431a-8e2f-f91b6c268877,만수라파건강원,건강기능식품,오산오색시장(구 오산중앙시장),전통시장,경기도,3.0,3.0,,,RESOLVED_AGREEMENT,False,3,,,,
2e6e258f9c6e03aa7abf,test,건강식품,T2 동의어,q_건강식품_01,건강기능식품,식료품 중 '건강식품'을 판매·제공하는 매장,daf2054b-52cb-47de-b694-7b34919ee0ae,주식회사 툴스랩,커피,중흥자재거리 골목형상점가,골목형상점가,광주광역시,0.0,0.0,,,RESOLVED_AGREEMENT,False,0,,,,
bb1bea28052012d035d4,test,건강식품,T2 동의어,q_건강식품_01,건강기능식품,식료품 중 '건강식품'을 판매·제공하는 매장,75afabeb-ed9e-4c46-8985-9ea9c03fb60a,미즈비즈,건강기능식품,마산 대동씨코아상가시장,전통시장,경상남도,3.0,3.0,,,RESOLVED_AGREEMENT,False,3,,,,
dd9491d1187932c8318e,test,건강식품,T2 동의어,q_건강식품_01,건강기능식품,식료품 중 '건강식품'을 판매·제공하는 매장,00339341-0652-4ec2-abc9-9cfd99cfafd8,정관장 화서시장점,건강기능식품,화서시장,전통시장,경기도,3.0,3.0,,,RESOLVED_AGREEMENT,False,3,,,,
5234c78431d90834c25c,test,건강식품,T2 동의어,q_건강식품_01,건강기능식품,식료품 중 '건강식품'을 판매·제공하는 매장,79cef1ca-804a-40cb-9f00-e7a14e3045ab,큐사랑,건강기능식품,월곡대반 골목형상점가,골목형상점가,광주광역시,3.0,3.0,,,RESOLVED_AGREEMENT,False,3,,,,
c5d289a2c12a9db76764,test,건강식품,T2 동의어,q_건강식품_01,건강기능식품,식료품 중 '건강식품'을 판매·제공하는 매장,9dede654-e3c9-4a5d-8571-55f0139dc85a,에덴약국,의약품 건강기능식품,우산동무진대로 골목형상점가,골목형상점가,광주광역시,3.0,3.0,,,RESOLVED_AGREEMENT,False,3,,,,
506aa691f9bb7781006d,test,건강식품,T2 동의어,q_건강식품_01,건강기능식품,식료품 중 '건강식품'을 판매·제공하는 매장,016f8113-22a7-4ef1-a80f-0562dd2a06e9,동이식품,"식품, 농산물",중앙신시장,전통시장,경상북도,1.0,1.0,,,RESOLVED_AGREEMENT,False,1,,,,
91ae4341a0445eba6647,test,건강식품,T2 동의어,q_건강식품_01,건강기능식품,식료품 중 '건강식품'을 판매·제공하는 매장,00b64830-f897-4643-a5fa-6d8950c2ef89,낭만상회,식품,문산자유시장,전통시장,경기도,1.0,0.0,,,P2_GRADED_ONLY,True,,,,,
4c65c8a19a6ae6f9bd7d,test,건강식품,T2 동의어,q_건강식품_01,건강기능식품,식료품 중 '건강식품'을 판매·제공하는 매장,99cf66c0-4189-4f90-b31f-c864178d7dc6,KY식품,건강기능식품,주안시민지하도상점가,일반지하상점가,인천광역시,3.0,3.0,,,RESOLVED_AGREEMENT,False,3,,,,
4887678f6740cffde294,test,건강식품,T2 동의어,q_건강식품_01,건강기능식품,식료품 중 '건강식품'을 판매·제공하는 매장,2621f9c2-caf8-4955-bb42-a7f08d5ca8a7,고고점핑,건강기능식품,오전모락골목형상점가,골목형상점가,경기도,3.0,3.0,,,RESOLVED_AGREEMENT,False,3,,,,
5ded4e683c888a044a93,test,건강식품,T2 동의어,q_건강식품_01,건강기능식품,식료품 중 '건강식품'을 판매·제공하는 매장,3d451f20-1b23-4b3b-83c0-6d1eee5bc614,금산인삼,건강기능식품,마포농수산물시장,전통시장,서울특별시,3.0,3.0,,,RESOLVED_AGREEMENT,False,3,,,,
2bea8fd6c660f22df07a,test,건강식품,T2 동의어,q_건강식품_01,건강기능식품,식료품 중 '건강식품'을 판매·제공하는 매장,01befe6d-bfd6-4c6f-be43-d02efffe1dd1,성덕인삼,인삼,부전인삼시장,전통시장,부산광역시,3.0,3.0,,,RESOLVED_AGREEMENT,False,3,,,,
f9ee63bba75c3f44fbed,test,건강식품,T2 동의어,q_건강식품_01,건강기능식품,식료품 중 '건강식품'을 판매·제공하는 매장,5700cc51-3dfe-4e00-ba6d-b254d18b7397,헬스모아보충제,건강기능식품,성남중앙지하시장,일반지하상점가,경기도,3.0,3.0,,,RESOLVED_AGREEMENT,False,3,,,,
bad0ec493f6a791d8152,test,건강식품,T2 동의어,q_건강식품_01,건강기능식품,식료품 중 '건강식품'을 판매·제공하는 매장,7503c6c1-3b00-4a26-863a-4ef1762afc5e,건강기능식품 백화점,건강기능식품,온택트 괴정스마트 상권활성화구역,상권활성화구역,부산광역시,3.0,3.0,,,RESOLVED_AGREEMENT,False,3,,,,
df08f52d1d0a319c9617,test,건강식품,T2 동의어,q_건강식품_01,건강기능식품,식료품 중 '건강식품'을 판매·제공하는 매장,3e163da3-2e56-4329-a44b-456fbdcf5391,비엘팜,건강기능식품,중랑동부시장,전통시장,서울특별시,3.0,3.0,,,RESOLVED_AGREEMENT,False,3,,,,
0320fe3291b3a5c7cf89,test,건강식품,T2 동의어,q_건강식품_01,건강기능식품,식료품 중 '건강식품'을 판매·제공하는 매장,10888273-5c0b-49e2-8f6d-5ea2f1663f18,시훈건강식품,건강기능식품,구로시장,전통시장,서울특별시,3.0,3.0,,,RESOLVED_AGREEMENT,False,3,,,,
03085f1ded3639f7e385,test,건강식품,T2 동의어,q_건강식품_01,건강기능식품,식료품 중 '건강식품'을 판매·제공하는 매장,e2eff386-8c01-4867-8b58-ad778a08549e,웰빙식품,건강기능식품,구미역중앙 골목형상점가,골목형상점가,경상북도,3.0,3.0,,,RESOLVED_AGREEMENT,False,3,,,,
fdbc59595d9281825e2a,test,건강식품,T2 동의어,q_건강식품_01,건강기능식품,식료품 중 '건강식품'을 판매·제공하는 매장,9d9f8c8d-0413-4f8c-ab2b-0e3b1156b04d,건강소통원,건강기능식품,전주중앙상가시장,전통시장,전북특별자치도,3.0,3.0,,,RESOLVED_AGREEMENT,False,3,,,,
847588b15a0056e9d633,test,건강식품,T2 동의어,q_건강식품_01,건강기능식품,식료품 중 '건강식품'을 판매·제공하는 매장,d4688aa0-382f-4af9-9ed3-70d1d5ddcc75,건강기능식품종합판매,건강기능식품,왜관시장,전통시장,경상북도,3.0,3.0,,,RESOLVED_AGREEMENT,False,3,,,,
ff4da059c54960049b70,test,건강식품,T2 동의어,q_건강식품_01,건강기능식품,식료품 중 '건강식품'을 판매·제공하는 매장,e10ebb6b-d303-47fc-ba0a-79f4dfd70e2b,백송,건강기능식품,까치산시장,전통시장,서울특별시,3.0,3.0,,,RESOLVED_AGREEMENT,False,3,,,,
ecb11ea259a045c20961,test,건강식품,T2 동의어,q_건강식품_01,건강기능식품,식료품 중 '건강식품'을 판매·제공하는 매장,05a6f09a-9b20-4172-8d35-6c7d34868b7d,온열관리,건강기능식품,창원 성원그랜드쇼핑상가,전통시장,경상남도,3.0,3.0,,,RESOLVED_AGREEMENT,False,3,,,,
c7db5d0ad198abd1a27e,test,건강식품,T2 동의어,q_건강식품_01,건강기능식품,식료품 중 '건강식품'을 판매·제공하는 매장,00b6e321-5954-437c-b1d9-94fded29f67e,웰빙마트,식품,서남신시장,전통시장,대구광역시,1.0,1.0,,,RESOLVED_AGREEMENT,False,1,,,,
1e0cb2a0e2bcaaea4185,test,건강식품,T2 동의어,q_건강식품_01,건강기능식품,식료품 중 '건강식품'을 판매·제공하는 매장,000db6d6-585c-4aba-94e7-fc6a23a694fb,시민약국,의약품,문경중앙시장,전통시장,경상북도,1.0,2.0,,,P1_BINARY_THRESHOLD,True,,,,,
8a00fa42cb04b790716f,test,건강식품,T2 동의어,q_건강식품_01,건강기능식품,식료품 중 '건강식품'을 판매·제공하는 매장,56b28bba-00a8-49d4-928d-4e98e0020e86,희수,건강기능식품,동대문역10번출구상점가,자율상권구역,서울특별시,3.0,3.0,,,RESOLVED_AGREEMENT,False,3,,,,
13e21f49095dd02a550a,test,건강식품,T2 동의어,q_건강식품_01,건강기능식품,식료품 중 '건강식품'을 판매·제공하는 매장,b2c1f519-0dcf-4eeb-bc3e-c3426c31b24a,스마일건강,건강기능식품,남포지하도상가,일반지하상점가,부산광역시,3.0,3.0,,,RESOLVED_AGREEMENT,False,3,,,,
e8aed3afcb83867218b2,test,건강식품,T2 동의어,q_건강식품_01,건강기능식품,식료품 중 '건강식품'을 판매·제공하는 매장,017027d8-dbc4-49d9-82f8-f16291770c91,강릉인삼사,인삼건강식품,경동시장,전통시장,서울특별시,3.0,3.0,,,RESOLVED_AGREEMENT,False,3,,,,
edf2824372b9ba6c362e,test,건강식품,T2 동의어,q_건강식품_01,건강기능식품,식료품 중 '건강식품'을 판매·제공하는 매장,0112a558-2787-41dc-ae68-695e60c4930c,해동그랜드약국,약국,전곡시장,전통시장,서울특별시,1.0,2.0,,,P1_BINARY_THRESHOLD,True,,,,,
38c620fc73b498b96ab5,test,건강식품,T2 동의어,q_건강식품_01,건강기능식품,식료품 중 '건강식품'을 판매·제공하는 매장,16eb684a-6d58-49db-9a9c-11832cde6c89,정아네 돌산 갓김치,"갓김치, 김치 제조",해안로건어물상가시장,전통시장,전라남도,0.0,0.0,,,RESOLVED_AGREEMENT,False,0,,,,
ed459546ff64e90364ab,test,건강식품,T2 동의어,q_건강식품_01,건강기능식품,식료품 중 '건강식품'을 판매·제공하는 매장,0048134e-4060-4bf0-bffb-0cac8a53f2d8,사랑의뜰안 북광주점,건강기능식품,운암대자골 골목형상점가,골목형상점가,광주광역시,3.0,3.0,,,RESOLVED_AGREEMENT,False,3,,,,
187a77a121e46f6c67bb,test,건강식품,T2 동의어,q_건강식품_01,건강기능식품,식료품 중 '건강식품'을 판매·제공하는 매장,fd8d72f6-c777-4375-abff-406318d1ab15,궁화피부관리,피부관리,원주중앙로문화의거리,자율상권구역,강원특별자치도,0.0,0.0,,,RESOLVED_AGREEMENT,False,0,,,,
bf37438e10b0533522e5,test,건강식품,T2 동의어,q_건강식품_01,건강기능식품,식료품 중 '건강식품'을 판매·제공하는 매장,027cecd7-d8bb-40f9-9532-06a27b7792e9,정관장홍삼 내손동점,홍삼,의왕예술의거리골목형상점가,골목형상점가,경기도,3.0,3.0,,,RESOLVED_AGREEMENT,False,3,,,,
007828e55dbf12b0f77c,test,건강식품,T2 동의어,q_건강식품_01,건강기능식품,식료품 중 '건강식품'을 판매·제공하는 매장,008a831c-1fd3-4b7c-96c1-0e92332ccbf3,명성약국,의약품,공주산성시장,전통시장,충청남도,1.0,2.0,,,P1_BINARY_THRESHOLD,True,,,,,
b8daa7093b24cfe279d4,test,건강식품,T2 동의어,q_건강식품_01,건강기능식품,식료품 중 '건강식품'을 판매·제공하는 매장,00e92856-b294-4032-8540-d60e9817f2d8,럭키약국,"의약품, 건강기능식품, 식품",충무로골목형상점가,골목형상점가,서울특별시,3.0,3.0,,,RESOLVED_AGREEMENT,False,3,,,,
26b9df14e1999bd011ff,test,건강식품,T2 동의어,q_건강식품_01,건강기능식품,식료품 중 '건강식품'을 판매·제공하는 매장,7fd4c9c1-3546-4232-acc7-fa514780e218,건강의향기,건강기능식품,방학동도깨비시장,전통시장,서울특별시,3.0,3.0,,,RESOLVED_AGREEMENT,False,3,,,,
e72915e50cf0a8996b55,test,건강식품,T2 동의어,q_건강식품_01,건강기능식품,식료품 중 '건강식품'을 판매·제공하는 매장,e2d769ec-cbb7-4902-b77e-557348d651fd,다나약국,건강기능식품,김해 외동전통시장,전통시장,경상남도,3.0,3.0,,,RESOLVED_AGREEMENT,False,3,,,,
c2989425c81c35d8803b,test,건강식품,T2 동의어,q_건강식품_01,건강기능식품,식료품 중 '건강식품'을 판매·제공하는 매장,6cc005ad-c221-437e-99c1-27fb525d5c14,금정사,,수원남문패션1번가시장,전통시장,경기도,,0.0,Y,,P0_UNCERTAIN_OR_MISSING,True,,,,,
10ecc86205d9742bf533,test,건강식품,T2 동의어,q_건강식품_01,건강기능식품,식료품 중 '건강식품'을 판매·제공하는 매장,722a3222-213b-4a3c-9e68-f5fc9d7b152c,조은웰빙,건강기능식품,"온양온천시장(온양재래시장, 전통시장)",전통시장,충청남도,3.0,3.0,,,RESOLVED_AGREEMENT,False,3,,,,
7828f7feabc5a797d617,test,건강식품,T2 동의어,q_건강식품_01,건강기능식품,식료품 중 '건강식품'을 판매·제공하는 매장,6b316ae3-ac0a-4071-b5d6-17be2e11db32,태봉상사,건강기능식품,염주먹자골목B구역상인회 골목형상점가,골목형상점가,광주광역시,3.0,3.0,,,RESOLVED_AGREEMENT,False,3,,,,
4b75d16a2e60e18cb82e,test,건강식품,T2 동의어,q_건강식품_01,건강기능식품,식료품 중 '건강식품'을 판매·제공하는 매장,91d1394e-942b-4045-b1b2-5c1466610b7a,홍삼방,건강기능식품,오치2동 골목형상점가,골목형상점가,광주광역시,3.0,3.0,,,RESOLVED_AGREEMENT,False,3,,,,
229822d795fd73821134,test,건강식품,T2 동의어,q_건강식품_01,건강기능식품,식료품 중 '건강식품'을 판매·제공하는 매장,009bd725-6319-41ec-87fb-f904d54243ca,현대인삼,"홍삼, 인삼",경동시장,전통시장,서울특별시,3.0,3.0,,,RESOLVED_AGREEMENT,False,3,,,,
b0501f63bf69f2bc6f1d,test,건강식품,T2 동의어,q_건강식품_01,건강기능식품,식료품 중 '건강식품'을 판매·제공하는 매장,9a814f43-ca0d-4780-ad03-bfbc3b9fb2b2,웰빙세상,건강기능식품,신포시장,전통시장,인천광역시,3.0,3.0,,,RESOLVED_AGREEMENT,False,3,,,,
38a0a123bd7d700217c7,test,건강식품,T2 동의어,q_건강식품_01,건강기능식품,식료품 중 '건강식품'을 판매·제공하는 매장,c33319e5-6730-46e5-8618-95797459d5f1,정관장수완로점,건강기능식품,풍영 골목형상점가,골목형상점가,광주광역시,3.0,3.0,,,RESOLVED_AGREEMENT,False,3,,,,
0c40c3ef18ad03f6afda,test,건강식품,T2 동의어,q_건강식품_01,건강기능식품,식료품 중 '건강식품'을 판매·제공하는 매장,38296770-30d3-4bf3-82c7-2bc324539d02,건강마켓,건강기능식품,녹색거리상점가,자율상권구역,경기도,3.0,3.0,,,RESOLVED_AGREEMENT,False,3,,,,
b7af4f9ca19200e40214,test,건강식품,T2 동의어,q_건강식품_01,건강기능식품,식료품 중 '건강식품'을 판매·제공하는 매장,d86dcf83-1d97-4494-b5fb-690500a489a5,케어셀라,건강기능식품,창원 가음시장대상가,전통시장,경상남도,3.0,3.0,,,RESOLVED_AGREEMENT,False,3,,,,
d0911c8ef008674a1679,test,건강식품,T2 동의어,q_건강식품_01,건강기능식품,식료품 중 '건강식품'을 판매·제공하는 매장,0040b4e6-7b74-4175-b54d-add4fe693d49,메디팜보명당약국,"의약품, 의료욕구, 복지욕구, 의료기기",점촌역전상점가,자율상권구역,경상북도,1.0,2.0,,,P1_BINARY_THRESHOLD,True,,,,,
5b413de479bbe2f2557c,test,건강식품,T2 동의어,q_건강식품_01,건강기능식품,식료품 중 '건강식품'을 판매·제공하는 매장,71f492ec-3a7e-42cc-9eef-de470199b97e,백송건강원,건강기능식품,석바위시장,전통시장,인천광역시,3.0,3.0,,,RESOLVED_AGREEMENT,False,3,,,,
382bba632ece1157e93b,test,건강식품,T2 동의어,q_건강식품_01,건강기능식품,식료품 중 '건강식품'을 판매·제공하는 매장,7d24c73e-4c6b-4a76-bfea-93e15245bf69,올림픽신발,"고급기성화, 고급신발",고산구시장 상점가,자율상권구역,전북특별자치도,0.0,0.0,,,RESOLVED_AGREEMENT,False,0,,,,
993b203fdce1df9ca5c2,test,건강식품,T2 동의어,q_건강식품_01,건강기능식품,식료품 중 '건강식품'을 판매·제공하는 매장,62fd5068-8764-482d-93bb-5cf1cc646a9d,신성떡집,떡,황지자유시장,전통시장,강원특별자치도,0.0,0.0,,,RESOLVED_AGREEMENT,False,0,,,,
4c26046f3906d655e9d9,test,건강식품,T2 동의어,q_건강식품_01,건강기능식품,식료품 중 '건강식품'을 판매·제공하는 매장,8768f296-7561-4a28-a84b-ee80808e775e,월드팜건강기능식품전문점,건강기능식품,목포동부시장,전통시장,전라남도,3.0,3.0,,,RESOLVED_AGREEMENT,False,3,,,,
4038dab3cc73f67078ea,test,건강식품,T2 동의어,q_건강식품_01,건강기능식품,식료품 중 '건강식품'을 판매·제공하는 매장,6f5a31f7-ddaa-40ed-ad44-fa202a6a09f5,하루담채,건강기능식품,상계역전종합상가,자율상권구역,서울특별시,3.0,3.0,,,RESOLVED_AGREEMENT,False,3,,,,
38739b2f559a62604fd9,test,건강식품,T2 동의어,q_건강식품_01,건강기능식품,식료품 중 '건강식품'을 판매·제공하는 매장,01049348-bdd8-4303-a750-8f85f7029a84,사랑의손효소마을,건강식품,구미형곡시장프라자,전통시장,경상북도,3.0,3.0,,,RESOLVED_AGREEMENT,False,3,,,,
b2208a9b5636a2bc6b11,test,건강식품,T2 동의어,q_건강식품_01,건강기능식품,식료품 중 '건강식품'을 판매·제공하는 매장,02cd45e9-fe92-42d2-9ae1-da8fc01edbdb,(주)서울인삼유통,홍삼,경동시장,전통시장,서울특별시,3.0,3.0,,,RESOLVED_AGREEMENT,False,3,,,,
b3cc3e50dd29bbf00eda,test,건강식품,T2 동의어,q_건강식품_01,건강기능식품,식료품 중 '건강식품'을 판매·제공하는 매장,00768c91-a678-4fbc-a372-a2ee0260218f,수택온누리약국,,구리시 구도심 상권활성화구역,상권활성화구역,경기도,1.0,2.0,,,P1_BINARY_THRESHOLD,True,,,,,
f9394c2403c6cec9d041,test,건강식품,T2 동의어,q_건강식품_01,건강기능식품,식료품 중 '건강식품'을 판매·제공하는 매장,51e4bf3d-658a-4cbe-905a-3bea145bf438,기호무역,건강기능식품,인헌시장,전통시장,서울특별시,3.0,3.0,,,RESOLVED_AGREEMENT,False,3,,,,
6ec62b79d3b81e16289b,test,건강식품,T2 동의어,q_건강식품_01,건강기능식품,식료품 중 '건강식품'을 판매·제공하는 매장,016c6573-29bf-4537-843c-f1413db3618e,건강기능플러스식품,건강기능식품옥악세사리,말바우우산 골목형상점가,골목형상점가,광주광역시,3.0,3.0,,,RESOLVED_AGREEMENT,False,3,,,,
48132e9a202e6b0e2628,test,건강식품,T2 동의어,q_건강식품_01,건강기능식품,식료품 중 '건강식품'을 판매·제공하는 매장,023caced-6133-4a64-839b-a1c69c27bb87,정관장과천점,소매업(홍삼제품),별양동상점가,자율상권구역,경기도,3.0,3.0,,,RESOLVED_AGREEMENT,False,3,,,,
9c5423a2c108d63eafac,test,건강식품,T2 동의어,q_건강식품_01,건강기능식품,식료품 중 '건강식품'을 판매·제공하는 매장,6cf98918-a8a8-46d2-a1ef-f400515053f9,튼튼웰빙,건강기능식품,전방의거리 골목형상점가,골목형상점가,인천광역시,3.0,3.0,,,RESOLVED_AGREEMENT,False,3,,,,
546b8b6a0b4ded8a8263,test,건강식품,T2 동의어,q_건강식품_01,건강기능식품,식료품 중 '건강식품'을 판매·제공하는 매장,85fd6a1b-8448-4ade-a005-e82886b85ad2,애플,건강기능식품,서문공설시장,전통시장,제주특별자치도,3.0,3.0,,,RESOLVED_AGREEMENT,False,3,,,,
206c007a52655a746b57,test,건강식품,T2 동의어,q_건강식품_01,건강기능식품,식료품 중 '건강식품'을 판매·제공하는 매장,002c02f2-4428-4a84-a248-7b23ae109459,정관장 반석점,홍삼건강식품,지족반석 골목형상점가,골목형상점가,대전광역시,3.0,3.0,,,RESOLVED_AGREEMENT,False,3,,,,
6c8220ba8ac4605f901d,test,건강식품,T2 동의어,q_건강식품_01,건강기능식품,식료품 중 '건강식품'을 판매·제공하는 매장,004b2dbc-a37a-4c33-8661-ca25a873ac90,중앙인삼사,인삼,통영중앙전통시장,전통시장,경상남도,3.0,3.0,,,RESOLVED_AGREEMENT,False,3,,,,
368243f64e54ffcfd3d9,test,건강식품,T2 동의어,q_건강식품_01,건강기능식품,식료품 중 '건강식품'을 판매·제공하는 매장,00140fab-ec56-4d81-8a03-d3d4aa8d5a49,계령약국,의약품,성대시장골목형상점가,골목형상점가,서울특별시,1.0,2.0,,,P1_BINARY_THRESHOLD,True,,,,,
80889c7613d66531d53e,test,건강식품,T2 동의어,q_건강식품_01,건강기능식품,식료품 중 '건강식품'을 판매·제공하는 매장,97928689-b2fe-48f0-9d2a-e1a1469fe1e4,힐링더온,건강기능식품,한들물빛도시 골목형 상점가,골목형상점가,충청남도,3.0,3.0,,,RESOLVED_AGREEMENT,False,3,,,,
130859427ffebf4a7a4c,test,건강식품,T2 동의어,q_건강식품_01,건강기능식품,식료품 중 '건강식품'을 판매·제공하는 매장,83db51cf-801d-4ce1-bc27-47551d7d64ae,라파플러스,건강기능식품,원주자유시장,전통시장,강원특별자치도,3.0,3.0,,,RESOLVED_AGREEMENT,False,3,,,,
7eb1d9d1d64f3c393178,test,건강식품,T2 동의어,q_건강식품_01,건강기능식품,식료품 중 '건강식품'을 판매·제공하는 매장,039be575-84e0-4489-a7d7-74dd657b9d2e,건강백세,건강기능식품,안양중앙인정시장,전통시장,경기도,3.0,3.0,,,RESOLVED_AGREEMENT,False,3,,,,
5f957246b39b3a95315f,test,건강식품,T2 동의어,q_건강식품_01,건강기능식품,식료품 중 '건강식품'을 판매·제공하는 매장,fe3fa576-0a72-4c2b-a3c2-43619583353a,경산빈폴,의류,경산중앙상점가,자율상권구역,경상북도,0.0,0.0,,,RESOLVED_AGREEMENT,False,0,,,,
bb6ef426c500af390d6c,test,건강식품,T2 동의어,q_건강식품_01,건강기능식품,식료품 중 '건강식품'을 판매·제공하는 매장,019ac829-9ffd-42aa-bfd1-9da1dfba52e2,바디엔 약국,,남악1번가 골목형상점가,골목형상점가,,1.0,2.0,,,P1_BINARY_THRESHOLD,True,,,,,
ccc17c34e3f9df297a64,test,건강식품,T2 동의어,q_건강식품_01,건강기능식품,식료품 중 '건강식품'을 판매·제공하는 매장,184dc255-5b0b-40ef-b467-450c20aef57f,다파라,건강기능식품,주안시민지하도상점가,일반지하상점가,인천광역시,3.0,3.0,,,RESOLVED_AGREEMENT,False,3,,,,
640c78cd44352779c4f2,test,건강식품,T2 동의어,q_건강식품_01,건강기능식품,식료품 중 '건강식품'을 판매·제공하는 매장,9afb410c-bd26-454c-b0e3-1e9fffda047e,다산편백온열카페,건강기능식품,다산역 로데오 상점가,자율상권구역,경기도,3.0,3.0,,,RESOLVED_AGREEMENT,False,3,,,,
21278bb006e985952b3b,test,건강식품,T2 동의어,q_건강식품_01,건강기능식품,식료품 중 '건강식품'을 판매·제공하는 매장,4583b09b-fffc-41d3-9ebe-a746c3eb1533,월드팜,건강기능식품,주안시민지하도상점가,일반지하상점가,인천광역시,3.0,3.0,,,RESOLVED_AGREEMENT,False,3,,,,
4918e539b06f14bdc9d1,test,건강식품,T2 동의어,q_건강식품_01,건강기능식품,식료품 중 '건강식품'을 판매·제공하는 매장,63635dad-39b4-4b9a-9074-e2515c0ec2cf,허브트리,건강기능식품,목사랑시장,전통시장,서울특별시,3.0,3.0,,,RESOLVED_AGREEMENT,False,3,,,,
1db9f1fecc2ea0545f07,test,건강식품,T2 동의어,q_건강식품_01,건강기능식품,식료품 중 '건강식품'을 판매·제공하는 매장,a27fa10d-4328-4fc7-a07b-0dbca2873681,건강백세미인,건강기능식품,전주중앙상가시장,전통시장,전북특별자치도,3.0,3.0,,,RESOLVED_AGREEMENT,False,3,,,,
37bbe5a3321a9e6ea8ae,test,건강식품,T2 동의어,q_건강식품_01,건강기능식품,식료품 중 '건강식품'을 판매·제공하는 매장,1ba7430e-4094-49c6-84d8-652b5a3ad4dd,고운초,건강기능식품,서울약령시장,전통시장,서울특별시,3.0,3.0,,,RESOLVED_AGREEMENT,False,3,,,,
8a672f16ca26962c3f2c,test,건강식품,T2 동의어,q_건강식품_01,건강기능식품,식료품 중 '건강식품'을 판매·제공하는 매장,001961d9-cb5d-40bc-903a-33d483f7d132,헬씨스탠다드,"건강기능식품, 쌀, 견과류, 약재",응암소담길 골목형상점가,골목형상점가,서울특별시,3.0,3.0,,,RESOLVED_AGREEMENT,False,3,,,,
7744dd07931f5150fa4b,test,건강식품,T2 동의어,q_건강식품_01,건강기능식품,식료품 중 '건강식품'을 판매·제공하는 매장,369f40ed-21f8-4cbb-acd1-e557819afbe1,와룡벌꿀농원,건강기능식품,안동구시장,전통시장,경상북도,3.0,3.0,,,RESOLVED_AGREEMENT,False,3,,,,
f837eb33aedcfa49d4b4,test,건강식품,T2 동의어,q_건강식품_01,건강기능식품,식료품 중 '건강식품'을 판매·제공하는 매장,7031ca59-7a0f-4172-a21b-bab0a8944b10,그린슈머월드점,건강기능식품,성남중앙지하시장,일반지하상점가,경기도,3.0,3.0,,,RESOLVED_AGREEMENT,False,3,,,,
e462b82effd7662103ff,test,건강식품,T2 동의어,q_건강식품_01,건강기능식품,식료품 중 '건강식품'을 판매·제공하는 매장,008b065b-181b-4891-95dc-7a77a7c143d1,혜화온누리약국,약국,유성도안 골목형상점가,골목형상점가,대전광역시,1.0,2.0,,,P1_BINARY_THRESHOLD,True,,,,,
5707d1b5862fa96c3ff8,test,건강식품,T2 동의어,q_건강식품_01,건강기능식품,식료품 중 '건강식품'을 판매·제공하는 매장,94553bbf-e1d7-4356-8e9e-6b0b7773ed5c,디알,건강기능식품,수원남문패션1번가시장,전통시장,경기도,3.0,3.0,,,RESOLVED_AGREEMENT,False,3,,,,
b59da4601a531fbd1130,test,건강식품,T2 동의어,q_건강식품_01,건강기능식품,식료품 중 '건강식품'을 판매·제공하는 매장,aae7cc79-3983-40e1-afb2-d3178e90613d,여명건강식품,건강기능식품,길동복조리시장,전통시장,서울특별시,3.0,3.0,,,RESOLVED_AGREEMENT,False,3,,,,
c38bfdb83b4da1b0927d,test,건강식품,T2 동의어,q_건강식품_02,인삼,식료품 중 '건강식품'을 판매·제공하는 매장,ff8a1588-dbb2-4530-a881-d58cec899e0f,자매인삼,인삼,부전시장,전통시장,부산광역시,3.0,3.0,,,RESOLVED_AGREEMENT,False,3,,,,
ace7f2053de5b612b696,test,건강식품,T2 동의어,q_건강식품_02,인삼,식료품 중 '건강식품'을 판매·제공하는 매장,006929a4-6712-43ca-80d7-f540710009b5,삼송프라자약국,의약품 외 건강기능식품,신원권율3 골목형상점가,골목형상점가,경기도,2.0,3.0,,,P2_GRADED_ONLY,True,,,,,
1b53110d32d21c7573de,test,건강식품,T2 동의어,q_건강식품_02,인삼,식료품 중 '건강식품'을 판매·제공하는 매장,a946c8ed-01f4-4ca0-993a-6c6a1960c612,부부인삼,인삼,풍기인삼홍삼상점가,자율상권구역,경상북도,3.0,3.0,,,RESOLVED_AGREEMENT,False,3,,,,
6684aae647cce04f3bab,test,건강식품,T2 동의어,q_건강식품_02,인삼,식료품 중 '건강식품'을 판매·제공하는 매장,016f8113-22a7-4ef1-a80f-0562dd2a06e9,동이식품,"식품, 농산물",중앙신시장,전통시장,경상북도,1.0,1.0,,,RESOLVED_AGREEMENT,False,1,,,,
4fa274d6d9f60b23a04f,test,건강식품,T2 동의어,q_건강식품_02,인삼,식료품 중 '건강식품'을 판매·제공하는 매장,40f02783-2efd-4d77-8ff4-20468769432c,그리닝플라워,꽃,법동시장,전통시장,대전광역시,0.0,0.0,,,RESOLVED_AGREEMENT,False,0,,,,
ee0f7d71207ecf22a0bf,test,건강식품,T2 동의어,q_건강식품_02,인삼,식료품 중 '건강식품'을 판매·제공하는 매장,5bd2b9d6-b6eb-499e-9f2c-57b917f7d9b1,우신인삼,인삼,청량리청과물시장,전통시장,서울특별시,3.0,3.0,,,RESOLVED_AGREEMENT,False,3,,,,
43b9ac916c7913f126a7,test,건강식품,T2 동의어,q_건강식품_02,인삼,식료품 중 '건강식품'을 판매·제공하는 매장,8214600a-f0fd-4797-9b8d-d1c59580f15a,고려인삼,인삼,송정5일시장,전통시장,광주광역시,3.0,3.0,,,RESOLVED_AGREEMENT,False,3,,,,
82a70ad1057685b6900e,test,건강식품,T2 동의어,q_건강식품_02,인삼,식료품 중 '건강식품'을 판매·제공하는 매장,9b8d5321-6237-47a0-b32b-03459ea0a942,금산인삼,인삼,한림매일시장,전통시장,제주특별자치도,3.0,3.0,,,RESOLVED_AGREEMENT,False,3,,,,
2da488e9778e07cd5482,test,건강식품,T2 동의어,q_건강식품_02,인삼,식료품 중 '건강식품'을 판매·제공하는 매장,a4c20a15-1eb9-488e-9888-bc63f6ec12c3,전원,인삼,금산국제인삼시장,전통시장,충청남도,3.0,3.0,,,RESOLVED_AGREEMENT,False,3,,,,
859fad0c122e145c2f57,test,건강식품,T2 동의어,q_건강식품_02,인삼,식료품 중 '건강식품'을 판매·제공하는 매장,00b6e321-5954-437c-b1d9-94fded29f67e,웰빙마트,식품,서남신시장,전통시장,대구광역시,1.0,1.0,,,RESOLVED_AGREEMENT,False,1,,,,
61e63d7f04a6db3533da,test,건강식품,T2 동의어,q_건강식품_02,인삼,식료품 중 '건강식품'을 판매·제공하는 매장,6092dee3-fc6b-4666-bf95-7fdcdb2d97d5,한양인삼,인삼,경동시장,전통시장,서울특별시,3.0,3.0,,,RESOLVED_AGREEMENT,False,3,,,,
29c8727741160e7663d8,test,건강식품,T2 동의어,q_건강식품_02,인삼,식료품 중 '건강식품'을 판매·제공하는 매장,5caa8754-d698-48d4-8870-df947f25e747,음성인삼,인삼,경동시장,전통시장,서울특별시,3.0,3.0,,,RESOLVED_AGREEMENT,False,3,,,,
9f195caf06b1bf5cde66,test,건강식품,T2 동의어,q_건강식품_02,인삼,식료품 중 '건강식품'을 판매·제공하는 매장,31296c5a-9f93-4dcf-8ecd-180960c3307f,김해인삼,인삼,부전인삼시장,전통시장,부산광역시,3.0,3.0,,,RESOLVED_AGREEMENT,False,3,,,,
35f336a942ada2c2f326,test,건강식품,T2 동의어,q_건강식품_02,인삼,식료품 중 '건강식품'을 판매·제공하는 매장,77d65205-3fec-4371-8aa1-27c2811ccdc0,부산인삼,인삼,부전시장,전통시장,부산광역시,3.0,3.0,,,RESOLVED_AGREEMENT,False,3,,,,
b2f2ea6504d0e8ff72d3,test,건강식품,T2 동의어,q_건강식품_02,인삼,식료품 중 '건강식품'을 판매·제공하는 매장,59e7dcf6-edec-49f5-b1bd-9106626c3a40,산주인삼,인삼,부전인삼시장,전통시장,부산광역시,3.0,3.0,,,RESOLVED_AGREEMENT,False,3,,,,
a355f8dc58519b67664f,test,건강식품,T2 동의어,q_건강식품_02,인삼,식료품 중 '건강식품'을 판매·제공하는 매장,353439d9-243e-4339-bd3f-19eb1572f5a6,송희인삼,인삼,경동시장,전통시장,서울특별시,3.0,3.0,,,RESOLVED_AGREEMENT,False,3,,,,
98c7d95a88c0ebe4f750,test,건강식품,T2 동의어,q_건강식품_02,인삼,식료품 중 '건강식품'을 판매·제공하는 매장,0040b4e6-7b74-4175-b54d-add4fe693d49,메디팜보명당약국,"의약품, 의료욕구, 복지욕구, 의료기기",점촌역전상점가,자율상권구역,경상북도,1.0,2.0,,,P1_BINARY_THRESHOLD,True,,,,,
402f21049ca4841a87a9,test,건강식품,T2 동의어,q_건강식품_02,인삼,식료품 중 '건강식품'을 판매·제공하는 매장,008b065b-181b-4891-95dc-7a77a7c143d1,혜화온누리약국,약국,유성도안 골목형상점가,골목형상점가,대전광역시,1.0,2.0,,,P1_BINARY_THRESHOLD,True,,,,,
2d7ca66852bc2f7d4f95,test,건강식품,T2 동의어,q_건강식품_02,인삼,식료품 중 '건강식품'을 판매·제공하는 매장,60816159-6af3-4c24-94e6-4dd631135943,창녕인삼,인삼,부전인삼시장,전통시장,부산광역시,3.0,3.0,,,RESOLVED_AGREEMENT,False,3,,,,
f0fdae8eb7acea84cbe1,test,건강식품,T2 동의어,q_건강식품_02,인삼,식료품 중 '건강식품'을 판매·제공하는 매장,96337d5b-f1cd-4f0a-8a7e-2a56b0f4795a,제일인삼,인삼,수안인정시장,전통시장,부산광역시,3.0,3.0,,,RESOLVED_AGREEMENT,False,3,,,,
8941180cb5dd7c1a25b1,test,건강식품,T2 동의어,q_건강식품_02,인삼,식료품 중 '건강식품'을 판매·제공하는 매장,26a1e0d2-b616-4b70-9e72-017e4bc3b657,인동인삼,인삼,부전인삼시장,전통시장,부산광역시,3.0,3.0,,,RESOLVED_AGREEMENT,False,3,,,,
4ad2343edb026d8ba7ba,test,건강식품,T2 동의어,q_건강식품_02,인삼,식료품 중 '건강식품'을 판매·제공하는 매장,b1ae2727-bf05-46aa-9237-c98d2fa988bb,건강홍삼,인삼,풍기인삼홍삼상점가,자율상권구역,경상북도,3.0,3.0,,,RESOLVED_AGREEMENT,False,3,,,,
3fc3b103aa7b8172a7c6,test,건강식품,T2 동의어,q_건강식품_02,인삼,식료품 중 '건강식품'을 판매·제공하는 매장,009bd725-6319-41ec-87fb-f904d54243ca,현대인삼,"홍삼, 인삼",경동시장,전통시장,서울특별시,3.0,3.0,,,RESOLVED_AGREEMENT,False,3,,,,
0c222b13005a9e5516d2,test,건강식품,T2 동의어,q_건강식품_02,인삼,식료품 중 '건강식품'을 판매·제공하는 매장,cbfd6b72-a1cf-44eb-88dc-5d794bb7351d,명신인삼,인삼,금산국제인삼시장,전통시장,충청남도,3.0,3.0,,,RESOLVED_AGREEMENT,False,3,,,,
cc4c00cdc582ebb30d98,test,건강식품,T2 동의어,q_건강식품_02,인삼,식료품 중 '건강식품'을 판매·제공하는 매장,fbbe4eed-be78-4d3c-85a6-c3836ad12b80,한수인삼,인삼,경동시장,전통시장,서울특별시,3.0,3.0,,,RESOLVED_AGREEMENT,False,3,,,,
aecfbd78a5377020d3a6,test,건강식품,T2 동의어,q_건강식품_02,인삼,식료품 중 '건강식품'을 판매·제공하는 매장,50fe0d03-1ce1-42cd-a6f9-6863ec772f5a,영남인삼,인삼,부전시장,전통시장,부산광역시,3.0,3.0,,,RESOLVED_AGREEMENT,False,3,,,,
3e699e88ceea99bbbdef,test,건강식품,T2 동의어,q_건강식품_02,인삼,식료품 중 '건강식품'을 판매·제공하는 매장,00b64830-f897-4643-a5fa-6d8950c2ef89,낭만상회,식품,문산자유시장,전통시장,경기도,1.0,0.0,,,P2_GRADED_ONLY,True,,,,,
df8bfd65f71d93514c07,test,건강식품,T2 동의어,q_건강식품_02,인삼,식료품 중 '건강식품'을 판매·제공하는 매장,aa4493c6-04f2-4d23-841b-8861f3996310,부여인삼,인삼,부전인삼시장,전통시장,부산광역시,3.0,3.0,,,RESOLVED_AGREEMENT,False,3,,,,
9782d82bfb258c999787,test,건강식품,T2 동의어,q_건강식품_02,인삼,식료품 중 '건강식품'을 판매·제공하는 매장,023caced-6133-4a64-839b-a1c69c27bb87,정관장과천점,소매업(홍삼제품),별양동상점가,자율상권구역,경기도,2.0,3.0,,,P2_GRADED_ONLY,True,,,,,
e815e1e022ca52def774,test,건강식품,T2 동의어,q_건강식품_02,인삼,식료품 중 '건강식품'을 판매·제공하는 매장,4302f141-d4e7-4477-a32b-19734bc8e6c4,충북인삼,인삼,청주육거리종합시장,전통시장,충청북도,3.0,3.0,,,RESOLVED_AGREEMENT,False,3,,,,
262e88fee9d9f59b8587,test,건강식품,T2 동의어,q_건강식품_02,인삼,식료품 중 '건강식품'을 판매·제공하는 매장,dcd702e8-06c7-4e4e-824d-263cd07566f0,한국인삼,인삼,경동시장,전통시장,서울특별시,3.0,3.0,,,RESOLVED_AGREEMENT,False,3,,,,
b5557e7b834ec90094d2,test,건강식품,T2 동의어,q_건강식품_02,인삼,식료품 중 '건강식품'을 판매·제공하는 매장,1e6421d9-7d76-4208-bb68-38d13efcac91,충남인삼,인삼,영신상가,전통시장,서울특별시,3.0,3.0,,,RESOLVED_AGREEMENT,False,3,,,,
3b6fd060872565c8682e,test,건강식품,T2 동의어,q_건강식품_02,인삼,식료품 중 '건강식품'을 판매·제공하는 매장,0112a558-2787-41dc-ae68-695e60c4930c,해동그랜드약국,약국,전곡시장,전통시장,서울특별시,1.0,2.0,,,P1_BINARY_THRESHOLD,True,,,,,
241906ccf263a2db4143,test,건강식품,T2 동의어,q_건강식품_02,인삼,식료품 중 '건강식품'을 판매·제공하는 매장,ccc44074-7c8c-4880-83c2-5528595be748,대흥인삼,인삼,제일종합시장,전통시장,강원특별자치도,3.0,3.0,,,RESOLVED_AGREEMENT,False,3,,,,
c77c506d968583821ede,test,건강식품,T2 동의어,q_건강식품_02,인삼,식료품 중 '건강식품'을 판매·제공하는 매장,6d1c6d1b-bf90-4355-8a3c-5e6aad9a103f,충남인삼,인삼,경동시장,전통시장,서울특별시,3.0,3.0,,,RESOLVED_AGREEMENT,False,3,,,,
49183c626a2416f4bb88,test,건강식품,T2 동의어,q_건강식품_02,인삼,식료품 중 '건강식품'을 판매·제공하는 매장,d394e3df-8aed-4425-8a60-3e379509ddd1,대보인삼,인삼,부전인삼시장,전통시장,부산광역시,3.0,3.0,,,RESOLVED_AGREEMENT,False,3,,,,
7a870cd426e0ac34c9f1,test,건강식품,T2 동의어,q_건강식품_02,인삼,식료품 중 '건강식품'을 판매·제공하는 매장,b85307f9-b989-4152-a688-ba760bb25fab,일품대패 봉덕점,삼겹살,봉덕맛길 골목형상점가,골목형상점가,대구광역시,0.0,0.0,,,RESOLVED_AGREEMENT,False,0,,,,
1546a327ef34ebd85a91,test,건강식품,T2 동의어,q_건강식품_02,인삼,식료품 중 '건강식품'을 판매·제공하는 매장,c1287d15-c24a-4760-9dfb-3d30c67ab7aa,수복인삼,인삼,종오지하쇼핑센터,일반지하상점가,서울특별시,3.0,3.0,,,RESOLVED_AGREEMENT,False,3,,,,
2a5ae8b74323b0da9fa3,test,건강식품,T2 동의어,q_건강식품_02,인삼,식료품 중 '건강식품'을 판매·제공하는 매장,fc00fda0-1a62-4ce3-83a8-7f3d658ad5e3,삼호인삼,인삼,부전인삼시장,전통시장,부산광역시,3.0,3.0,,,RESOLVED_AGREEMENT,False,3,,,,
501c64f38750f1ba96cd,test,건강식품,T2 동의어,q_건강식품_02,인삼,식료품 중 '건강식품'을 판매·제공하는 매장,00bd78a7-2a89-48d4-b7ec-efe5116ce2a4,반월당경북약국,약국,메트로센터(반월당지하쇼핑),일반지하상점가,대구광역시,1.0,2.0,,,P1_BINARY_THRESHOLD,True,,,,,
683923462d27c882496c,test,건강식품,T2 동의어,q_건강식품_02,인삼,식료품 중 '건강식품'을 판매·제공하는 매장,8ef0eee5-4365-4f1e-97d8-1face78308c4,수억인삼,인삼,풍기인삼홍삼상점가,자율상권구역,경상북도,3.0,3.0,,,RESOLVED_AGREEMENT,False,3,,,,
341fdaa6456e0c9f6862,test,건강식품,T2 동의어,q_건강식품_02,인삼,식료품 중 '건강식품'을 판매·제공하는 매장,782d312f-8745-4515-9ffd-bda3a1d4e312,건강인삼,인삼,부전인삼시장,전통시장,부산광역시,3.0,3.0,,,RESOLVED_AGREEMENT,False,3,,,,
c9163bb90a7785fa6716,test,건강식품,T2 동의어,q_건강식품_02,인삼,식료품 중 '건강식품'을 판매·제공하는 매장,4a82c933-df8a-40d4-b720-7e957f3cc7fe,태백인삼,인삼,부전인삼시장,전통시장,부산광역시,3.0,3.0,,,RESOLVED_AGREEMENT,False,3,,,,
8758d634936b15c1a294,test,건강식품,T2 동의어,q_건강식품_02,인삼,식료품 중 '건강식품'을 판매·제공하는 매장,595f81be-b734-4846-9d55-f7f054e43fa8,횡재인삼,인삼,풍기인삼홍삼상점가,자율상권구역,경상북도,3.0,3.0,,,RESOLVED_AGREEMENT,False,3,,,,
869a58ed67cfdd37dab0,test,건강식품,T2 동의어,q_건강식품_02,인삼,식료품 중 '건강식품'을 판매·제공하는 매장,01049348-bdd8-4303-a750-8f85f7029a84,사랑의손효소마을,건강식품,구미형곡시장프라자,전통시장,경상북도,2.0,3.0,,,P2_GRADED_ONLY,True,,,,,
cb81313e511754e2bb06,test,건강식품,T2 동의어,q_건강식품_02,인삼,식료품 중 '건강식품'을 판매·제공하는 매장,ffba4e4b-6168-40b2-900c-8de141e6e15c,장수인삼,인삼,부전인삼시장,전통시장,부산광역시,3.0,3.0,,,RESOLVED_AGREEMENT,False,3,,,,
b47c0271dccbf8525c9a,test,건강식품,T2 동의어,q_건강식품_02,인삼,식료품 중 '건강식품'을 판매·제공하는 매장,00140fab-ec56-4d81-8a03-d3d4aa8d5a49,계령약국,의약품,성대시장골목형상점가,골목형상점가,서울특별시,1.0,2.0,,,P1_BINARY_THRESHOLD,True,,,,,
95caa707ed1444c76165,test,건강식품,T2 동의어,q_건강식품_02,인삼,식료품 중 '건강식품'을 판매·제공하는 매장,83f19a08-f390-4425-86ef-a17224184a50,금산인삼,인삼,성대전통시장,전통시장,서울특별시,3.0,3.0,,,RESOLVED_AGREEMENT,False,3,,,,
9cf8d159414c70e1615c,test,건강식품,T2 동의어,q_건강식품_02,인삼,식료품 중 '건강식품'을 판매·제공하는 매장,69696bf2-500f-4b82-9479-5a443b692dc0,고려봉밀,인삼,금산인삼약령시장,기타,충청남도,3.0,3.0,,,RESOLVED_AGREEMENT,False,3,,,,
9531f2be6c2a5d4fc47f,test,건강식품,T2 동의어,q_건강식품_02,인삼,식료품 중 '건강식품'을 판매·제공하는 매장,b602b48d-9fa7-4671-8ca4-3adc3920dca9,대호인삼,인삼,부전시장,전통시장,부산광역시,3.0,3.0,,,RESOLVED_AGREEMENT,False,3,,,,
1bcef7bdf75b3d1d7422,test,건강식품,T2 동의어,q_건강식품_02,인삼,식료품 중 '건강식품'을 판매·제공하는 매장,2fbfb6db-11f8-4bc5-8cc8-6e4674e377be,녹초인삼,인삼,엄궁농산물도매시장식품·청과 소매동 골목형상점가,골목형상점가,부산광역시,3.0,3.0,,,RESOLVED_AGREEMENT,False,3,,,,
46a1a0b5284137e11339,test,건강식품,T2 동의어,q_건강식품_02,인삼,식료품 중 '건강식품'을 판매·제공하는 매장,1b4e90a0-a92d-4a4c-8a11-d6d164eab8a7,충북인삼,인삼,경동시장,전통시장,서울특별시,3.0,3.0,,,RESOLVED_AGREEMENT,False,3,,,,
287c919f4692dfe468aa,test,건강식품,T2 동의어,q_건강식품_02,인삼,식료품 중 '건강식품'을 판매·제공하는 매장,dae378e8-13e9-49b9-983c-22462eefa870,팔도인삼,인삼,풍기인삼홍삼상점가,자율상권구역,경상북도,3.0,3.0,,,RESOLVED_AGREEMENT,False,3,,,,
1690c2eb22f8549c0812,test,건강식품,T2 동의어,q_건강식품_02,인삼,식료품 중 '건강식품'을 판매·제공하는 매장,8fda87ef-d003-4cf8-ab4b-04526003de8b,더힐이비인후과내과의원,이비인후과내과,삼익사거리 골목형상점가,골목형상점가,광주광역시,0.0,0.0,,,RESOLVED_AGREEMENT,False,0,,,,
b26846db8a478988df1c,test,건강식품,T2 동의어,q_건강식품_02,인삼,식료품 중 '건강식품'을 판매·제공하는 매장,767a2947-b955-4729-8dae-af3a43acfdf9,금순이네 인삼,인삼,금산수삼센터,전통시장,충청남도,3.0,3.0,,,RESOLVED_AGREEMENT,False,3,,,,
a583fd6072a7af5f0bfa,test,건강식품,T2 동의어,q_건강식품_02,인삼,식료품 중 '건강식품'을 판매·제공하는 매장,00768c91-a678-4fbc-a372-a2ee0260218f,수택온누리약국,,구리시 구도심 상권활성화구역,상권활성화구역,경기도,1.0,2.0,,,P1_BINARY_THRESHOLD,True,,,,,
12a9255be95de0fa42a6,test,건강식품,T2 동의어,q_건강식품_02,인삼,식료품 중 '건강식품'을 판매·제공하는 매장,786e9be6-3c8f-4a41-9c14-fc2b15b4fdd1,자매인삼,인삼,경동시장,전통시장,서울특별시,3.0,3.0,,,RESOLVED_AGREEMENT,False,3,,,,
c7f2ff6bbbff1e271fe1,test,건강식품,T2 동의어,q_건강식품_02,인삼,식료품 중 '건강식품'을 판매·제공하는 매장,8c485e45-4c50-4a98-a352-d394a67e87ee,금강생선구이,한식음식점업,서천시장거리 골목형상점가,골목형상점가,충청남도,0.0,0.0,,,RESOLVED_AGREEMENT,False,0,,,,
5bb42894731dab6bdd7f,test,건강식품,T2 동의어,q_건강식품_02,인삼,식료품 중 '건강식품'을 판매·제공하는 매장,001961d9-cb5d-40bc-903a-33d483f7d132,헬씨스탠다드,"건강기능식품, 쌀, 견과류, 약재",응암소담길 골목형상점가,골목형상점가,서울특별시,2.0,3.0,,,P2_GRADED_ONLY,True,,,,,
d52cc7a70d620d5cd248,test,건강식품,T2 동의어,q_건강식품_02,인삼,식료품 중 '건강식품'을 판매·제공하는 매장,8af684f2-abc1-47e4-9fbb-b6d38f68a64c,금산인삼,인삼,부전인삼시장,전통시장,부산광역시,3.0,3.0,,,RESOLVED_AGREEMENT,False,3,,,,
5ce3082275a44d3a1fdf,test,건강식품,T2 동의어,q_건강식품_02,인삼,식료품 중 '건강식품'을 판매·제공하는 매장,332a30de-d73e-4836-8994-bba1d9a9bcd7,중앙인삼,인삼,공주산성시장,전통시장,충청남도,3.0,3.0,,,RESOLVED_AGREEMENT,False,3,,,,
96338be9a896e86821ea,test,건강식품,T2 동의어,q_건강식품_02,인삼,식료품 중 '건강식품'을 판매·제공하는 매장,350f31ca-018d-4583-a899-b2dddc579151,마북서울약국,의약품,마북 골목형상점가,골목형상점가,경기도,1.0,2.0,,,P1_BINARY_THRESHOLD,True,,,,,
59518fad6c4f2b6af922,test,건강식품,T2 동의어,q_건강식품_02,인삼,식료품 중 '건강식품'을 판매·제공하는 매장,2d6e1304-4760-4de5-824e-1f68ce8c5653,진왕건삼사,인삼,금산국제인삼시장,전통시장,충청남도,3.0,3.0,,,RESOLVED_AGREEMENT,False,3,,,,
7ab929dfa03ea845f1ca,test,건강식품,T2 동의어,q_건강식품_02,인삼,식료품 중 '건강식품'을 판매·제공하는 매장,de9a5e14-d07d-40c2-a5e2-3577ced96d54,캔(목포),여성의류,하당꽃길1가 골목형상점가,골목형상점가,전라남도,0.0,0.0,,,RESOLVED_AGREEMENT,False,0,,,,
27e84a1dce685590da5a,test,건강식품,T2 동의어,q_건강식품_02,인삼,식료품 중 '건강식품'을 판매·제공하는 매장,15b093c1-6cc3-442f-803c-7a7604b58d46,금장인삼,인삼,풍기인삼홍삼상점가,자율상권구역,경상북도,3.0,3.0,,,RESOLVED_AGREEMENT,False,3,,,,
2826a4bc6d17235dcb7a,test,건강식품,T2 동의어,q_건강식품_02,인삼,식료품 중 '건강식품'을 판매·제공하는 매장,82828047-1cdd-46db-a21f-b175a48c191e,귀족수제식혜,식혜,부개종합시장 상점가,자율상권구역,인천광역시,0.0,0.0,,,RESOLVED_AGREEMENT,False,0,,,,
aed47347c0afa28b078c,test,건강식품,T2 동의어,q_건강식품_02,인삼,식료품 중 '건강식품'을 판매·제공하는 매장,4f91c962-a940-49e2-bcbf-ede58a487086,대경인삼,인삼,풍기인삼홍삼상점가,자율상권구역,경상북도,3.0,3.0,,,RESOLVED_AGREEMENT,False,3,,,,
cdba4aa36a437f918fc8,test,건강식품,T2 동의어,q_건강식품_02,인삼,식료품 중 '건강식품'을 판매·제공하는 매장,199a55b0-717c-41a3-8a53-bf750718bf87,우리토종삼계탕,음식(한식),경창시장,전통시장,서울특별시,0.0,0.0,,,RESOLVED_AGREEMENT,False,0,,,,
74201ca6039c7d2cf2f6,test,건강식품,T2 동의어,q_건강식품_02,인삼,식료품 중 '건강식품'을 판매·제공하는 매장,ee61846c-2ee3-49f5-8eef-ecb09bce1f84,뉴고성인삼,인삼,부전인삼시장,전통시장,부산광역시,3.0,3.0,,,RESOLVED_AGREEMENT,False,3,,,,
3a55e4699f917a9ffef3,test,건강식품,T2 동의어,q_건강식품_02,인삼,식료품 중 '건강식품'을 판매·제공하는 매장,9d699df1-baa0-4ecb-8178-14aebc3f91f6,풍기인삼,인삼,부전인삼시장,전통시장,부산광역시,3.0,3.0,,,RESOLVED_AGREEMENT,False,3,,,,
2238c294fe154fe3c3bd,test,건강식품,T2 동의어,q_건강식품_02,인삼,식료품 중 '건강식품'을 판매·제공하는 매장,01f1ff87-d7c5-4c13-b60e-937f9d6221fd,수삼센터 83호,인삼(수삼),금산수삼센터,전통시장,충청남도,3.0,3.0,,,RESOLVED_AGREEMENT,False,3,,,,
91b20900c2db6156b7bb,test,건강식품,T2 동의어,q_건강식품_02,인삼,식료품 중 '건강식품'을 판매·제공하는 매장,000db6d6-585c-4aba-94e7-fc6a23a694fb,시민약국,의약품,문경중앙시장,전통시장,경상북도,1.0,2.0,,,P1_BINARY_THRESHOLD,True,,,,,
bb9d14cb5a7e659c474d,test,건강식품,T2 동의어,q_건강식품_02,인삼,식료품 중 '건강식품'을 판매·제공하는 매장,92058359-6689-469c-9e58-99b081f673ae,경희인삼,인삼,부전인삼시장,전통시장,부산광역시,3.0,3.0,,,RESOLVED_AGREEMENT,False,3,,,,
ba69c289560288e4a16f,test,건강식품,T2 동의어,q_건강식품_02,인삼,식료품 중 '건강식품'을 판매·제공하는 매장,ad9cce57-cad8-496d-aca8-9c72e09bdc7f,문무,인삼,풍기토종인삼시장,전통시장,경상북도,3.0,3.0,,,RESOLVED_AGREEMENT,False,3,,,,
8ee03a714e0e4b0bc8d0,test,건강식품,T2 동의어,q_건강식품_02,인삼,식료품 중 '건강식품'을 판매·제공하는 매장,cfca36fd-4246-4495-a3c9-06dfef3f753f,부여인삼,인삼,경동시장,전통시장,서울특별시,3.0,3.0,,,RESOLVED_AGREEMENT,False,3,,,,
278b93c9b9aac3195a07,test,건강식품,T2 동의어,q_건강식품_02,인삼,식료품 중 '건강식품'을 판매·제공하는 매장,008a831c-1fd3-4b7c-96c1-0e92332ccbf3,명성약국,의약품,공주산성시장,전통시장,충청남도,1.0,2.0,,,P1_BINARY_THRESHOLD,True,,,,,
72eee8e18b15cf3b5792,test,건강식품,T2 동의어,q_건강식품_02,인삼,식료품 중 '건강식품'을 판매·제공하는 매장,912234b7-d0bd-4e18-85e5-9b0153bb4a59,금산인삼,인삼,원종종합시장,전통시장,경기도,3.0,3.0,,,RESOLVED_AGREEMENT,False,3,,,,
4fb7e12d49d6a3535671,test,건강식품,T2 동의어,q_건강식품_02,인삼,식료품 중 '건강식품'을 판매·제공하는 매장,a691a407-734c-45d9-8c99-fc99ea17d0b3,남해인삼,인삼,부전인삼시장,전통시장,부산광역시,3.0,3.0,,,RESOLVED_AGREEMENT,False,3,,,,
1587c08b9afc092d91b4,test,건강식품,T2 동의어,q_건강식품_02,인삼,식료품 중 '건강식품'을 판매·제공하는 매장,113df600-9809-4bd0-a39e-7ab0cebf3618,한국인삼,인삼,부전인삼시장,전통시장,부산광역시,3.0,3.0,,,RESOLVED_AGREEMENT,False,3,,,,
d629063945eb1c5c68ea,test,건강식품,T2 동의어,q_건강식품_02,인삼,식료품 중 '건강식품'을 판매·제공하는 매장,0c3506b7-2bc4-4fff-96f7-4639eaa92314,동의인삼,인삼 등,경동시장,전통시장,서울특별시,3.0,3.0,,,RESOLVED_AGREEMENT,False,3,,,,
52f26d4e3ad20a81f80a,test,건강식품,T2 동의어,q_건강식품_02,인삼,식료품 중 '건강식품'을 판매·제공하는 매장,b1223bdc-6847-43a4-a6ae-f6c80ba898d2,서울인삼,인삼,경동시장,전통시장,서울특별시,3.0,3.0,,,RESOLVED_AGREEMENT,False,3,,,,
5b80f80e264d80eff386,test,건강식품,T2 동의어,q_건강식품_02,인삼,식료품 중 '건강식품'을 판매·제공하는 매장,01befe6d-bfd6-4c6f-be43-d02efffe1dd1,성덕인삼,인삼,부전인삼시장,전통시장,부산광역시,3.0,3.0,,,RESOLVED_AGREEMENT,False,3,,,,
78471b7286e05c1a9eb3,test,건강식품,T2 동의어,q_건강식품_02,인삼,식료품 중 '건강식품'을 판매·제공하는 매장,1a9d2c96-f470-4fbe-a752-da9a80a3c0ba,소망인삼,인삼,부전인삼시장,전통시장,부산광역시,3.0,3.0,,,RESOLVED_AGREEMENT,False,3,,,,
8f2f00abe4ab895121ad,test,건강식품,T2 동의어,q_건강식품_02,인삼,식료품 중 '건강식품'을 판매·제공하는 매장,004b2dbc-a37a-4c33-8661-ca25a873ac90,중앙인삼사,인삼,통영중앙전통시장,전통시장,경상남도,3.0,3.0,,,RESOLVED_AGREEMENT,False,3,,,,
f64562e6a443e9b46471,test,건강식품,T2 동의어,q_건강식품_02,인삼,식료품 중 '건강식품'을 판매·제공하는 매장,0048134e-4060-4bf0-bffb-0cac8a53f2d8,사랑의뜰안 북광주점,건강기능식품,운암대자골 골목형상점가,골목형상점가,광주광역시,2.0,3.0,,,P2_GRADED_ONLY,True,,,,,
f3609ff24f6d2902efdb,test,건강식품,T2 동의어,q_건강식품_02,인삼,식료품 중 '건강식품'을 판매·제공하는 매장,bc2781af-15bc-493a-8fde-b16820c404e2,부곡인삼,인삼,부전인삼시장,전통시장,부산광역시,3.0,3.0,,,RESOLVED_AGREEMENT,False,3,,,,
01c73e343512ae9aeecc,test,건강식품,T2 동의어,q_건강식품_02,인삼,식료품 중 '건강식품'을 판매·제공하는 매장,00e92856-b294-4032-8540-d60e9817f2d8,럭키약국,"의약품, 건강기능식품, 식품",충무로골목형상점가,골목형상점가,서울특별시,2.0,3.0,,,P2_GRADED_ONLY,True,,,,,
be2b768edef11e70408b,test,건강식품,T2 동의어,q_건강식품_02,인삼,식료품 중 '건강식품'을 판매·제공하는 매장,dab91bee-3235-48d4-b50c-0002d4890928,연화인삼,인삼,풍기인삼홍삼상점가,자율상권구역,경상북도,3.0,3.0,,,RESOLVED_AGREEMENT,False,3,,,,
9c199e65d49198140394,test,건강식품,T2 동의어,q_건강식품_02,인삼,식료품 중 '건강식품'을 판매·제공하는 매장,019ac829-9ffd-42aa-bfd1-9da1dfba52e2,바디엔 약국,,남악1번가 골목형상점가,골목형상점가,,1.0,2.0,,,P1_BINARY_THRESHOLD,True,,,,,
2692c1082c157d0d67cf,test,건강식품,T2 동의어,q_건강식품_02,인삼,식료품 중 '건강식품'을 판매·제공하는 매장,1e6e9ccb-98f7-4469-85f7-efc017804b06,괴산인삼,인삼,경동시장,전통시장,서울특별시,3.0,3.0,,,RESOLVED_AGREEMENT,False,3,,,,
6a73f74688c74e5d705f,test,건강식품,T2 동의어,q_건강식품_02,인삼,식료품 중 '건강식품'을 판매·제공하는 매장,66263de7-3d8d-460a-a279-3d7b78cdda18,금산인삼,인삼,원미종합시장,전통시장,경기도,3.0,3.0,,,RESOLVED_AGREEMENT,False,3,,,,
ca746487d6484bfdbb5d,test,건강식품,T2 동의어,q_건강식품_02,인삼,식료품 중 '건강식품'을 판매·제공하는 매장,00339341-0652-4ec2-abc9-9cfd99cfafd8,정관장 화서시장점,건강기능식품,화서시장,전통시장,경기도,2.0,3.0,,,P2_GRADED_ONLY,True,,,,,
7c28b4081f35a9177b55,test,건강식품,T2 동의어,q_건강식품_02,인삼,식료품 중 '건강식품'을 판매·제공하는 매장,267b0894-763a-4347-895d-b6b2314757a7,금산인삼,인삼,일산시장(구 일산전통시장),전통시장,경기도,3.0,3.0,,,RESOLVED_AGREEMENT,False,3,,,,
e8076b21e9862237615a,test,건강식품,T2 동의어,q_건강식품_02,인삼,식료품 중 '건강식품'을 판매·제공하는 매장,862e0e04-b1da-4750-9cbb-87ce3eac646d,양주인삼,인삼,경동시장,전통시장,서울특별시,3.0,3.0,,,RESOLVED_AGREEMENT,False,3,,,,
bbd185302db0dca5033f,test,건강식품,T2 동의어,q_건강식품_02,인삼,식료품 중 '건강식품'을 판매·제공하는 매장,c193a3c8-dad4-41d8-bd66-fe5468e1d7e3,충남인삼,인삼,경동시장,전통시장,서울특별시,3.0,3.0,,,RESOLVED_AGREEMENT,False,3,,,,
685e326c11cc408d76ba,test,건강식품,T2 동의어,q_건강식품_02,인삼,식료품 중 '건강식품'을 판매·제공하는 매장,c004c63e-bfdd-4b22-ac39-fac9f0071831,개삼터인삼,인삼,진주 청과시장,전통시장,경상남도,3.0,3.0,,,RESOLVED_AGREEMENT,False,3,,,,
6f8d95458ff20bb9143a,test,건강식품,T2 동의어,q_건강식품_02,인삼,식료품 중 '건강식품'을 판매·제공하는 매장,002c02f2-4428-4a84-a248-7b23ae109459,정관장 반석점,홍삼건강식품,지족반석 골목형상점가,골목형상점가,대전광역시,2.0,3.0,,,P2_GRADED_ONLY,True,,,,,
77b6670c7428b5177314,test,건강식품,T2 동의어,q_건강식품_02,인삼,식료품 중 '건강식품'을 판매·제공하는 매장,1259c212-5bcc-4f5d-a651-bb243105b336,금산인삼,인삼,양동시장,전통시장,,3.0,3.0,,,RESOLVED_AGREEMENT,False,3,,,,
2305c6398312933ed7d6,test,건강식품,T2 동의어,q_건강식품_02,인삼,식료품 중 '건강식품'을 판매·제공하는 매장,4b9bdd31-3763-48c1-930c-2dd93fda1dbe,을화인삼,인삼,경동시장,전통시장,서울특별시,3.0,3.0,,,RESOLVED_AGREEMENT,False,3,,,,
8dfa67fea0cab8ec534b,test,건강식품,T2 동의어,q_건강식품_02,인삼,식료품 중 '건강식품'을 판매·제공하는 매장,02cd45e9-fe92-42d2-9ae1-da8fc01edbdb,(주)서울인삼유통,홍삼,경동시장,전통시장,서울특별시,2.0,3.0,,,P2_GRADED_ONLY,True,,,,,
e40cee24269bdc93e8be,test,건강식품,T2 동의어,q_건강식품_02,인삼,식료품 중 '건강식품'을 판매·제공하는 매장,dfce1927-db2c-45d7-9fc1-8121e433a435,광재인삼,인삼,금산인삼약령시장,기타,충청남도,3.0,3.0,,,RESOLVED_AGREEMENT,False,3,,,,
35e3ad92949d5904e150,test,건강식품,T2 동의어,q_건강식품_02,인삼,식료품 중 '건강식품'을 판매·제공하는 매장,13c0cace-0a19-4622-9b5a-8789708307a2,인삼월드,인삼,풍기선비골인삼시장,전통시장,경상북도,3.0,3.0,,,RESOLVED_AGREEMENT,False,3,,,,
a6431152317515669e90,test,건강식품,T2 동의어,q_건강식품_02,인삼,식료품 중 '건강식품'을 판매·제공하는 매장,9b402a0c-7b50-460f-b4d6-c943ceea7a57,벧엘인삼,인삼,경동시장,전통시장,서울특별시,3.0,3.0,,,RESOLVED_AGREEMENT,False,3,,,,
cc13817b969b20d76e35,test,건강식품,T2 동의어,q_건강식품_02,인삼,식료품 중 '건강식품'을 판매·제공하는 매장,86f139e0-bbc1-4891-b089-1e90c3a39c39,기원인삼,인삼,풍기인삼시장,전통시장,경상북도,3.0,3.0,,,RESOLVED_AGREEMENT,False,3,,,,
0d73530274e52aa429c0,test,건강식품,T2 동의어,q_건강식품_02,인삼,식료품 중 '건강식품'을 판매·제공하는 매장,d5e6244d-f7e6-41fd-ac8b-da03b323caaa,거창인삼,인삼,부전인삼시장,전통시장,부산광역시,3.0,3.0,,,RESOLVED_AGREEMENT,False,3,,,,
b12601d9e5f96bf75446,test,건강식품,T2 동의어,q_건강식품_02,인삼,식료품 중 '건강식품'을 판매·제공하는 매장,d50d92e4-5209-448f-897f-9adeb6ee5fd8,인삼코리아,인삼,금산국제인삼시장,전통시장,충청남도,3.0,3.0,,,RESOLVED_AGREEMENT,False,3,,,,
fe81b04c406977de8cb5,test,건강식품,T2 동의어,q_건강식품_02,인삼,식료품 중 '건강식품'을 판매·제공하는 매장,b394be17-6a0e-4568-aba9-48fa7a626039,부림인삼,인삼,부전인삼시장,전통시장,부산광역시,3.0,3.0,,,RESOLVED_AGREEMENT,False,3,,,,
bcdece82b885260bf896,test,건강식품,T2 동의어,q_건강식품_02,인삼,식료품 중 '건강식품'을 판매·제공하는 매장,017027d8-dbc4-49d9-82f8-f16291770c91,강릉인삼사,인삼건강식품,경동시장,전통시장,서울특별시,3.0,3.0,,,RESOLVED_AGREEMENT,False,3,,,,
efdd5049985b2377bbcb,test,건강식품,T2 동의어,q_건강식품_02,인삼,식료품 중 '건강식품'을 판매·제공하는 매장,934ee40b-78bc-4438-8c52-6c0d964c4f7d,금산인삼,인삼,부곡시장,전통시장,부산광역시,3.0,3.0,,,RESOLVED_AGREEMENT,False,3,,,,
6bd3a808e0f92fe55b6e,test,건강식품,T2 동의어,q_건강식품_02,인삼,식료품 중 '건강식품'을 판매·제공하는 매장,04d69ff0-021b-4d27-87a8-2bfa995fa525,삼풍인삼,인삼,포항죽도시장,전통시장,경상북도,3.0,3.0,,,RESOLVED_AGREEMENT,False,3,,,,
3d4e3ec2274d4c418fad,test,건강식품,T2 동의어,q_건강식품_02,인삼,식료품 중 '건강식품'을 판매·제공하는 매장,299dc8d9-6625-48d4-8491-02cda3e4c6a4,고성인삼,인삼,부전인삼시장,전통시장,부산광역시,3.0,3.0,,,RESOLVED_AGREEMENT,False,3,,,,
973602f6601e6f42034c,test,건강식품,T2 동의어,q_건강식품_02,인삼,식료품 중 '건강식품'을 판매·제공하는 매장,027cecd7-d8bb-40f9-9532-06a27b7792e9,정관장홍삼 내손동점,홍삼,의왕예술의거리골목형상점가,골목형상점가,경기도,2.0,3.0,,,P2_GRADED_ONLY,True,,,,,
326d079d7357df7e66b2,test,건강식품,T2 동의어,q_건강식품_03,홍삼,식료품 중 '건강식품'을 판매·제공하는 매장,02cd45e9-fe92-42d2-9ae1-da8fc01edbdb,(주)서울인삼유통,홍삼,경동시장,전통시장,서울특별시,3.0,3.0,,,RESOLVED_AGREEMENT,False,3,,,,
793cfb760767df0ba764,test,건강식품,T2 동의어,q_건강식품_03,홍삼,식료품 중 '건강식품'을 판매·제공하는 매장,3d04ba37-b942-4622-8b4c-4df69e4d9800,경주인삼,인삼 홍삼,부전인삼시장,전통시장,부산광역시,3.0,3.0,,,RESOLVED_AGREEMENT,False,3,,,,
e768511bf3f6f9b85911,test,건강식품,T2 동의어,q_건강식품_03,홍삼,식료품 중 '건강식품'을 판매·제공하는 매장,79bf8ea5-3b45-43ca-b051-7bdcadae6b9b,정관장금천점,홍삼,쇠내울골목형상점가,골목형상점가,충청북도,3.0,3.0,,,RESOLVED_AGREEMENT,False,3,,,,
f9e5f4efa3699d9cd479,test,건강식품,T2 동의어,q_건강식품_03,홍삼,식료품 중 '건강식품'을 판매·제공하는 매장,638adb4e-a8ae-4662-ae72-5ee5935472e3,이현자슈퍼,홍삼,원주남부시장,전통시장,강원특별자치도,3.0,3.0,,,RESOLVED_AGREEMENT,False,3,,,,
00d2a6e69a042b4a56cb,test,건강식품,T2 동의어,q_건강식품_03,홍삼,식료품 중 '건강식품'을 판매·제공하는 매장,9bf313aa-bf87-4e44-b32c-9299b365713e,풍년인삼,인삼 홍삼,부전시장,전통시장,부산광역시,3.0,3.0,,,RESOLVED_AGREEMENT,False,3,,,,
4c64eae8c22e1a07d80b,test,건강식품,T2 동의어,q_건강식품_03,홍삼,식료품 중 '건강식품'을 판매·제공하는 매장,d5451482-3c64-47ab-bbc3-04d7b2e953b1,홍삼전시판매장,홍삼,마산 수남상가,전통시장,경상남도,3.0,3.0,,,RESOLVED_AGREEMENT,False,3,,,,
4c855274590f3297b5f0,test,건강식품,T2 동의어,q_건강식품_03,홍삼,식료품 중 '건강식품'을 판매·제공하는 매장,04966d11-f0c3-46e9-af97-914a2713943f,인수당유통,홍삼,서울약령시장,전통시장,서울특별시,3.0,3.0,,,RESOLVED_AGREEMENT,False,3,,,,
6748e429515b2d556630,test,건강식품,T2 동의어,q_건강식품_03,홍삼,식료품 중 '건강식품'을 판매·제공하는 매장,023caced-6133-4a64-839b-a1c69c27bb87,정관장과천점,소매업(홍삼제품),별양동상점가,자율상권구역,경기도,3.0,3.0,,,RESOLVED_AGREEMENT,False,3,,,,
72bad6143627ec3d86db,test,건강식품,T2 동의어,q_건강식품_03,홍삼,식료품 중 '건강식품'을 판매·제공하는 매장,00bd78a7-2a89-48d4-b7ec-efe5116ce2a4,반월당경북약국,약국,메트로센터(반월당지하쇼핑),일반지하상점가,대구광역시,1.0,2.0,,,P1_BINARY_THRESHOLD,True,,,,,
6f132605c8bab281e2b6,test,건강식품,T2 동의어,q_건강식품_03,홍삼,식료품 중 '건강식품'을 판매·제공하는 매장,fe39d549-3645-462a-8b2b-24ed21f6cf59,고려홍삼마을,홍삼,세종전통시장,전통시장,세종특별자치시,3.0,3.0,,,RESOLVED_AGREEMENT,False,3,,,,
d57dacaffb263832456d,test,건강식품,T2 동의어,q_건강식품_03,홍삼,식료품 중 '건강식품'을 판매·제공하는 매장,017027d8-dbc4-49d9-82f8-f16291770c91,강릉인삼사,인삼건강식품,경동시장,전통시장,서울특별시,2.0,3.0,,,P2_GRADED_ONLY,True,,,,,
9b9b5de4d1ff46d11640,test,건강식품,T2 동의어,q_건강식품_03,홍삼,식료품 중 '건강식품'을 판매·제공하는 매장,019ac829-9ffd-42aa-bfd1-9da1dfba52e2,바디엔 약국,,남악1번가 골목형상점가,골목형상점가,,1.0,2.0,,,P1_BINARY_THRESHOLD,True,,,,,
ee8ed46e455663cec624,test,건강식품,T2 동의어,q_건강식품_03,홍삼,식료품 중 '건강식품'을 판매·제공하는 매장,fc5bae6e-767b-4e51-bbd7-ac0bdd5a8195,정관장 홍삼 공주점,홍삼,공주목관아 골목형상점가,골목형상점가,충청남도,3.0,3.0,,,RESOLVED_AGREEMENT,False,3,,,,
61ae9f4c89a2a9e71d80,test,건강식품,T2 동의어,q_건강식품_03,홍삼,식료품 중 '건강식품'을 판매·제공하는 매장,00e92856-b294-4032-8540-d60e9817f2d8,럭키약국,"의약품, 건강기능식품, 식품",충무로골목형상점가,골목형상점가,서울특별시,2.0,3.0,,,P2_GRADED_ONLY,True,,,,,
a3c1f1e16b650662536c,test,건강식품,T2 동의어,q_건강식품_03,홍삼,식료품 중 '건강식품'을 판매·제공하는 매장,01befe6d-bfd6-4c6f-be43-d02efffe1dd1,성덕인삼,인삼,부전인삼시장,전통시장,부산광역시,2.0,3.0,,,P2_GRADED_ONLY,True,,,,,
4801afaf9d02cd1f57fb,test,건강식품,T2 동의어,q_건강식품_03,홍삼,식료품 중 '건강식품'을 판매·제공하는 매장,e8d794b3-a72a-4d1d-a2cb-fc43ea03538b,홍삼하우스,홍삼,초록거리 골목형상점가,골목형상점가,경기도,3.0,3.0,,,RESOLVED_AGREEMENT,False,3,,,,
6865d26e7dcb2675cedc,test,건강식품,T2 동의어,q_건강식품_03,홍삼,식료품 중 '건강식품'을 판매·제공하는 매장,00140fab-ec56-4d81-8a03-d3d4aa8d5a49,계령약국,의약품,성대시장골목형상점가,골목형상점가,서울특별시,1.0,2.0,,,P1_BINARY_THRESHOLD,True,,,,,
f4335db1d3cb2b714a28,test,건강식품,T2 동의어,q_건강식품_03,홍삼,식료품 중 '건강식품'을 판매·제공하는 매장,abc343c0-aebb-45f4-b12a-8f694fc7c0ad,청림,홍삼,풍기토종인삼시장,전통시장,경상북도,3.0,3.0,,,RESOLVED_AGREEMENT,False,3,,,,
de84e56f9e05d7feb0dd,test,건강식품,T2 동의어,q_건강식품_03,홍삼,식료품 중 '건강식품'을 판매·제공하는 매장,8ec2c846-ab0c-47a1-83c4-7c1f137865cd,현대홍삼전문점,홍삼,합덕중앙상점가,자율상권구역,충청남도,3.0,3.0,,,RESOLVED_AGREEMENT,False,3,,,,
b3615fd09b9205c19709,test,건강식품,T2 동의어,q_건강식품_03,홍삼,식료품 중 '건강식품'을 판매·제공하는 매장,606243c1-954e-4f6a-86c1-c764242cd84b,금산인삼,홍삼,대구예전우시장,전통시장,대구광역시,3.0,3.0,,,RESOLVED_AGREEMENT,False,3,,,,
2aa451f12514f09f9196,test,건강식품,T2 동의어,q_건강식품_03,홍삼,식료품 중 '건강식품'을 판매·제공하는 매장,21d274b7-6458-4b97-8bb5-1bcddedb932a,정관장홍삼 첨단점,홍삼 및 홍삼제품,첨단지구 골목형상점가,골목형상점가,광주광역시,3.0,3.0,,,RESOLVED_AGREEMENT,False,3,,,,
e6dd4f214196475bba98,test,건강식품,T2 동의어,q_건강식품_03,홍삼,식료품 중 '건강식품'을 판매·제공하는 매장,ee93a55e-4fe7-441d-ba72-e735cb540fd4,진산인삼,"홍삼, 인삼",서울약령시장,전통시장,서울특별시,3.0,3.0,,,RESOLVED_AGREEMENT,False,3,,,,
c3cdd0bc83fb885e8349,test,건강식품,T2 동의어,q_건강식품_03,홍삼,식료품 중 '건강식품'을 판매·제공하는 매장,1873deee-a5e4-4f6a-97ca-7e385d4c8a6e,고려홍삼,홍삼,구미형곡시장프라자,전통시장,경상북도,3.0,3.0,,,RESOLVED_AGREEMENT,False,3,,,,
a65ea4c4e35720823c87,test,건강식품,T2 동의어,q_건강식품_03,홍삼,식료품 중 '건강식품'을 판매·제공하는 매장,dcf44084-d4af-4940-97c6-e4fc5162d74e,경기정관장,홍삼,안중시장,전통시장,경기도,3.0,3.0,,,RESOLVED_AGREEMENT,False,3,,,,
05a6c2422f6775907e81,test,건강식품,T2 동의어,q_건강식품_03,홍삼,식료품 중 '건강식품'을 판매·제공하는 매장,7f702748-09ad-47e4-b3ac-ca05a6634190,대진인삼,"인삼, 홍삼",풍기인삼시장,전통시장,경상북도,3.0,3.0,,,RESOLVED_AGREEMENT,False,3,,,,
3d28cda38a1f2a340991,test,건강식품,T2 동의어,q_건강식품_03,홍삼,식료품 중 '건강식품'을 판매·제공하는 매장,a8c09c8f-ca68-4dc0-ad6e-f94c61fbae8a,금산벧엘홍삼원,홍삼,금산국제인삼시장,전통시장,충청남도,3.0,3.0,,,RESOLVED_AGREEMENT,False,3,,,,
47d7cd41e0ff64934395,test,건강식품,T2 동의어,q_건강식품_03,홍삼,식료품 중 '건강식품'을 판매·제공하는 매장,009bd725-6319-41ec-87fb-f904d54243ca,현대인삼,"홍삼, 인삼",경동시장,전통시장,서울특별시,3.0,3.0,,,RESOLVED_AGREEMENT,False,3,,,,
240ed4bc4a250c354680,test,건강식품,T2 동의어,q_건강식품_03,홍삼,식료품 중 '건강식품'을 판매·제공하는 매장,001961d9-cb5d-40bc-903a-33d483f7d132,헬씨스탠다드,"건강기능식품, 쌀, 견과류, 약재",응암소담길 골목형상점가,골목형상점가,서울특별시,2.0,3.0,,,P2_GRADED_ONLY,True,,,,,
7a7abd0aff1e9cc7caf2,test,건강식품,T2 동의어,q_건강식품_03,홍삼,식료품 중 '건강식품'을 판매·제공하는 매장,54727775-a81d-42fe-9ecd-bdb03f882410,홍삼나라,홍삼 및 농산물,중리시장,전통시장,대전광역시,3.0,3.0,,,RESOLVED_AGREEMENT,False,3,,,,
7fbd963d257b5c95a9e5,test,건강식품,T2 동의어,q_건강식품_03,홍삼,식료품 중 '건강식품'을 판매·제공하는 매장,01f1ff87-d7c5-4c13-b60e-937f9d6221fd,수삼센터 83호,인삼(수삼),금산수삼센터,전통시장,충청남도,2.0,3.0,,,P2_GRADED_ONLY,True,,,,,
2e4e9ab1ba26c41014bb,test,건강식품,T2 동의어,q_건강식품_03,홍삼,식료품 중 '건강식품'을 판매·제공하는 매장,002c02f2-4428-4a84-a248-7b23ae109459,정관장 반석점,홍삼건강식품,지족반석 골목형상점가,골목형상점가,대전광역시,3.0,3.0,,,RESOLVED_AGREEMENT,False,3,,,,
ded9402dcd2b33051eaf,test,건강식품,T2 동의어,q_건강식품_03,홍삼,식료품 중 '건강식품'을 판매·제공하는 매장,0040b4e6-7b74-4175-b54d-add4fe693d49,메디팜보명당약국,"의약품, 의료욕구, 복지욕구, 의료기기",점촌역전상점가,자율상권구역,경상북도,1.0,2.0,,,P1_BINARY_THRESHOLD,True,,,,,
65b3648266dcce7e580e,test,건강식품,T2 동의어,q_건강식품_03,홍삼,식료품 중 '건강식품'을 판매·제공하는 매장,a5428ddf-428b-41b3-8315-32443a57ad88,정관장약령시점,홍삼,대구약령시장,전통시장,대구광역시,3.0,3.0,,,RESOLVED_AGREEMENT,False,3,,,,
244aa7d990d6ce3b6a18,test,건강식품,T2 동의어,q_건강식품_03,홍삼,식료품 중 '건강식품'을 판매·제공하는 매장,2f771827-1f08-48eb-b1e9-933e7fd6d14f,브룸헤어,헤어,봉주 골목형상점가,골목형상점가,광주광역시,0.0,0.0,,,RESOLVED_AGREEMENT,False,0,,,,
ae898bcfec5edd27a5b3,test,건강식품,T2 동의어,q_건강식품_03,홍삼,식료품 중 '건강식품'을 판매·제공하는 매장,c781117e-d694-4e37-b169-f6d84eca9730,풍기홍삼,"홍삼, 인삼",진주 자유시장,전통시장,경상남도,3.0,3.0,,,RESOLVED_AGREEMENT,False,3,,,,
e786f4ce2f39dc5fd261,test,건강식품,T2 동의어,q_건강식품_03,홍삼,식료품 중 '건강식품'을 판매·제공하는 매장,88cd4652-4adc-48b4-a203-fcec7aa87ce0,송림상회,홍삼,경동시장,전통시장,서울특별시,3.0,3.0,,,RESOLVED_AGREEMENT,False,3,,,,
5dda46d5acbb2957c2e8,test,건강식품,T2 동의어,q_건강식품_03,홍삼,식료품 중 '건강식품'을 판매·제공하는 매장,2488ef3f-8c01-492b-aade-5d1445649bd6,홍삼나라,"식품, 홍삼",대신지하상가,일반지하상점가,대구광역시,3.0,3.0,,,RESOLVED_AGREEMENT,False,3,,,,
a5734ccac63c092e05ea,test,건강식품,T2 동의어,q_건강식품_03,홍삼,식료품 중 '건강식품'을 판매·제공하는 매장,672b5fe1-32c0-4520-a5b6-58fd378a0497,정관장 홍삼 태평로점,홍삼,유천버드내 골목형상점가,골목형상점가,대전광역시,3.0,3.0,,,RESOLVED_AGREEMENT,False,3,,,,
0dcd1f01cd0ba9141393,test,건강식품,T2 동의어,q_건강식품_03,홍삼,식료품 중 '건강식품'을 판매·제공하는 매장,2f9ce273-1bf1-4acc-9c57-2fb187b99d2a,정관장홍삼 송정점,홍삼,광주송정역세권 상권활성화구역,상권활성화구역,광주광역시,3.0,3.0,,,RESOLVED_AGREEMENT,False,3,,,,
7147a27b4b530ce11ebb,test,건강식품,T2 동의어,q_건강식품_03,홍삼,식료품 중 '건강식품'을 판매·제공하는 매장,6bdab7da-6f57-4d26-bd91-7f0fe5ef3b39,산삼홍삼나라,홍삼,계림중앙필문로 골목형상점가,골목형상점가,광주광역시,3.0,3.0,,,RESOLVED_AGREEMENT,False,3,,,,
f8caf273fe3643ff3c65,test,건강식품,T2 동의어,q_건강식품_03,홍삼,식료품 중 '건강식품'을 판매·제공하는 매장,016f8113-22a7-4ef1-a80f-0562dd2a06e9,동이식품,"식품, 농산물",중앙신시장,전통시장,경상북도,1.0,1.0,,,RESOLVED_AGREEMENT,False,1,,,,
5e17ec0ef9271c6859c8,test,건강식품,T2 동의어,q_건강식품_03,홍삼,식료품 중 '건강식품'을 판매·제공하는 매장,006929a4-6712-43ca-80d7-f540710009b5,삼송프라자약국,의약품 외 건강기능식품,신원권율3 골목형상점가,골목형상점가,경기도,2.0,3.0,,,P2_GRADED_ONLY,True,,,,,
bd80c51f1d8250a88003,test,건강식품,T2 동의어,q_건강식품_03,홍삼,식료품 중 '건강식품'을 판매·제공하는 매장,ca1a016d-ec28-4026-8578-f4f24fb9d6cf,정관장신흥점,홍삼,수정로 상권활성화구역,상권활성화구역,경기도,3.0,3.0,,,RESOLVED_AGREEMENT,False,3,,,,
05e145cd58f5fe9f5caf,test,건강식품,T2 동의어,q_건강식품_03,홍삼,식료품 중 '건강식품'을 판매·제공하는 매장,2f6475d6-ffe9-4fa0-90a1-e68c15499959,대근유통,"인삼, 홍삼",금산국제인삼시장,전통시장,충청남도,3.0,3.0,,,RESOLVED_AGREEMENT,False,3,,,,
9ba46af2bb7981e14674,test,건강식품,T2 동의어,q_건강식품_03,홍삼,식료품 중 '건강식품'을 판매·제공하는 매장,04ffa89f-d0d6-42cc-a55e-cb57d7d4bf4f,알뜰홍삼,홍삼,"온양온천시장(온양재래시장, 전통시장)",전통시장,충청남도,3.0,3.0,,,RESOLVED_AGREEMENT,False,3,,,,
472258a6c5f063aabb54,test,건강식품,T2 동의어,q_건강식품_03,홍삼,식료품 중 '건강식품'을 판매·제공하는 매장,7816fea9-dbfc-42d2-a514-2fdefb8cc51a,엔젤pc방,이용,단국대 앞 골목형상점가,골목형상점가,경기도,0.0,0.0,,,RESOLVED_AGREEMENT,False,0,,,,
77a3d7911155e5cabc54,test,건강식품,T2 동의어,q_건강식품_03,홍삼,식료품 중 '건강식품'을 판매·제공하는 매장,122b1056-8dbb-404c-9ea6-3352920b9992,정관장,"홍삼, 꿀",병점중심상가,자율상권구역,경기도,3.0,3.0,,,RESOLVED_AGREEMENT,False,3,,,,
4021cd8da9a3b8703901,test,건강식품,T2 동의어,q_건강식품_03,홍삼,식료품 중 '건강식품'을 판매·제공하는 매장,00b64830-f897-4643-a5fa-6d8950c2ef89,낭만상회,식품,문산자유시장,전통시장,경기도,1.0,0.0,,,P2_GRADED_ONLY,True,,,,,
0f1c64a5a221491405fe,test,건강식품,T2 동의어,q_건강식품_03,홍삼,식료품 중 '건강식품'을 판매·제공하는 매장,9448ca43-df52-4132-a3e1-cc1a8a741a92,천보홍삼,즉석판매제조 홍삼,말바우시장,전통시장,광주광역시,3.0,3.0,,,RESOLVED_AGREEMENT,False,3,,,,
fa6877aba7ecd6306f49,test,건강식품,T2 동의어,q_건강식품_03,홍삼,식료품 중 '건강식품'을 판매·제공하는 매장,31f618ba-347d-4e24-ad9c-7f13c8a932a2,천궁인삼,"인삼, 홍삼",금산국제인삼시장,전통시장,충청남도,3.0,3.0,,,RESOLVED_AGREEMENT,False,3,,,,
19e50304f4255a2a17ff,test,건강식품,T2 동의어,q_건강식품_03,홍삼,식료품 중 '건강식품'을 판매·제공하는 매장,8053eaf5-4f32-40ef-849e-9e58732b74c3,으뜸50안경 용인보정점,안경및렌즈,누리 골목형상점가,골목형상점가,경기도,0.0,0.0,,,RESOLVED_AGREEMENT,False,0,,,,
0fb05361be3024b665e5,test,건강식품,T2 동의어,q_건강식품_03,홍삼,식료품 중 '건강식품'을 판매·제공하는 매장,cefa39a9-e7f6-4146-a72a-f732647147f9,정관장 홍삼 서호점,"홍삼, 건강식",통영 서호전통시장,전통시장,경상남도,3.0,3.0,,,RESOLVED_AGREEMENT,False,3,,,,
e1c05f051757e6c0021f,test,건강식품,T2 동의어,q_건강식품_03,홍삼,식료품 중 '건강식품'을 판매·제공하는 매장,774b51f7-ac11-421a-835b-73e7a1a37d73,홍삼마을,홍삼,신정상가시장,전통시장,울산광역시,3.0,3.0,,,RESOLVED_AGREEMENT,False,3,,,,
5c5fbc0ad60c75463d99,test,건강식품,T2 동의어,q_건강식품_03,홍삼,식료품 중 '건강식품'을 판매·제공하는 매장,747c2425-f453-4d57-a510-4644298715f2,정관장홍삼 금호운천점,홍삼,상무백운상인회 골목형상점가,골목형상점가,광주광역시,3.0,3.0,,,RESOLVED_AGREEMENT,False,3,,,,
fc957df5b4f4b4ef8b10,test,건강식품,T2 동의어,q_건강식품_03,홍삼,식료품 중 '건강식품'을 판매·제공하는 매장,53a5dcd1-3c5f-45d6-9917-043622b99ad3,경희인삼사,홍삼,풍기인삼홍삼상점가,자율상권구역,경상북도,3.0,3.0,,,RESOLVED_AGREEMENT,False,3,,,,
ee6f2258307a19148547,test,건강식품,T2 동의어,q_건강식품_03,홍삼,식료품 중 '건강식품'을 판매·제공하는 매장,008b065b-181b-4891-95dc-7a77a7c143d1,혜화온누리약국,약국,유성도안 골목형상점가,골목형상점가,대전광역시,1.0,2.0,,,P1_BINARY_THRESHOLD,True,,,,,
aa2eceac17fc25c343f4,test,건강식품,T2 동의어,q_건강식품_03,홍삼,식료품 중 '건강식품'을 판매·제공하는 매장,b11d44f8-7bf0-4236-a048-d7b5ac22020c,홍삼월드 서구점,식품(홍삼),서남시장,전통시장,대구광역시,3.0,3.0,,,RESOLVED_AGREEMENT,False,3,,,,
d5767a5ab5805b61835e,test,건강식품,T2 동의어,q_건강식품_03,홍삼,식료품 중 '건강식품'을 판매·제공하는 매장,a1f96245-14ac-403a-aa94-dba6de405e2d,정관장소공점,홍삼 홍삼제품,소공 지하쇼핑센터,일반지하상점가,서울특별시,3.0,3.0,,,RESOLVED_AGREEMENT,False,3,,,,
e3cb6e64791fa7b6e647,test,건강식품,T2 동의어,q_건강식품_03,홍삼,식료품 중 '건강식품'을 판매·제공하는 매장,9fd76a36-0028-451c-96ca-f7415d2960c3,인생모바일,,오정시장,전통시장,경기도,,0.0,Y,,P0_UNCERTAIN_OR_MISSING,True,,,,,
4ac3270d1e507cfd904c,test,건강식품,T2 동의어,q_건강식품_03,홍삼,식료품 중 '건강식품'을 판매·제공하는 매장,e7b6eb33-0a43-405d-af24-70e8051bc814,정관장태백점,홍삼,태백마루 자율상권,,강원특별자치도,3.0,3.0,,,RESOLVED_AGREEMENT,False,3,,,,
262c88018bd6e870a9aa,test,건강식품,T2 동의어,q_건강식품_03,홍삼,식료품 중 '건강식품'을 판매·제공하는 매장,245ed6d9-f7b1-42a9-b4bd-6e1a12ec8039,중마홍삼한약재,홍삼,중마시장,전통시장,전라남도,3.0,3.0,,,RESOLVED_AGREEMENT,False,3,,,,
b62b4dbe4b8692041d92,test,건강식품,T2 동의어,q_건강식품_03,홍삼,식료품 중 '건강식품'을 판매·제공하는 매장,a1353bad-36cc-400d-b957-b19ac18f8a72,정관장,홍삼,탕정미래 골목형상점가,골목형상점가,충청남도,3.0,3.0,,,RESOLVED_AGREEMENT,False,3,,,,
5975cf31693afa528eef,test,건강식품,T2 동의어,q_건강식품_03,홍삼,식료품 중 '건강식품'을 판매·제공하는 매장,32ef5eaf-7f13-4d5b-9d88-d9d6b3b48803,해피데이,커피,쌍정 골목형상점가,골목형상점가,전라남도,0.0,0.0,,,RESOLVED_AGREEMENT,False,0,,,,
577121076ca4830762ac,test,건강식품,T2 동의어,q_건강식품_03,홍삼,식료품 중 '건강식품'을 판매·제공하는 매장,0b25d70a-535a-4fbe-82f2-30b5175a6470,풍기신의홍삼,인삼 홍삼,풍기토종인삼시장,전통시장,경상북도,3.0,3.0,,,RESOLVED_AGREEMENT,False,3,,,,
39817f1e1ca977f4f1e9,test,건강식품,T2 동의어,q_건강식품_03,홍삼,식료품 중 '건강식품'을 판매·제공하는 매장,661dd7f6-a024-46cd-8014-8df78d46bd91,정관장 홍삼 부안점,홍삼 홍삼제품 꿀 비누 의류 신발,부안석정 골목형상점가,골목형상점가,전북특별자치도,3.0,3.0,,,RESOLVED_AGREEMENT,False,3,,,,
d2dde50931311da000a5,test,건강식품,T2 동의어,q_건강식품_03,홍삼,식료품 중 '건강식품'을 판매·제공하는 매장,6f4455b3-2f48-4ebf-b8fb-4c07ada9635f,천제명홍삼,"인삼, 홍삼",매호시장,기타,대구광역시,3.0,3.0,,,RESOLVED_AGREEMENT,False,3,,,,
e15d4d2128f4f8345a2c,test,건강식품,T2 동의어,q_건강식품_03,홍삼,식료품 중 '건강식품'을 판매·제공하는 매장,212dfe14-aa32-4b95-823b-465b1eeaed5c,짬베트남쌀국수,음식(한식),평택통복시장,전통시장,경기도,0.0,0.0,,,RESOLVED_AGREEMENT,False,0,,,,
e3cf0a255885de395d8e,test,건강식품,T2 동의어,q_건강식품_03,홍삼,식료품 중 '건강식품'을 판매·제공하는 매장,52547cb9-2df1-42f0-9917-356676845cbf,전국탕재원,홍삼,금산국제인삼시장,전통시장,충청남도,3.0,3.0,,,RESOLVED_AGREEMENT,False,3,,,,
635f993ed5e2e6a8c295,test,건강식품,T2 동의어,q_건강식품_03,홍삼,식료품 중 '건강식품'을 판매·제공하는 매장,00768c91-a678-4fbc-a372-a2ee0260218f,수택온누리약국,,구리시 구도심 상권활성화구역,상권활성화구역,경기도,1.0,2.0,,,P1_BINARY_THRESHOLD,True,,,,,
10f231a8d76a908b096c,test,건강식품,T2 동의어,q_건강식품_03,홍삼,식료품 중 '건강식품'을 판매·제공하는 매장,c4a64a99-696e-47f4-854d-e0eb75f4df85,정관장쌍촌점,홍삼 및 홍삼제품,서광주세무서앞상인회 골목형상점가,골목형상점가,광주광역시,3.0,3.0,,,RESOLVED_AGREEMENT,False,3,,,,
ce25224efd8e43fcd0f6,test,건강식품,T2 동의어,q_건강식품_03,홍삼,식료품 중 '건강식품'을 판매·제공하는 매장,f1acd4f2-6fec-4b85-869d-9ea92761c574,홍삼친구,홍삼,풍기토종인삼시장,전통시장,경상북도,3.0,3.0,,,RESOLVED_AGREEMENT,False,3,,,,
84a2b7e0d8229ec98825,test,건강식품,T2 동의어,q_건강식품_03,홍삼,식료품 중 '건강식품'을 판매·제공하는 매장,5f9da511-15f2-405e-8d93-dbc5d401d99d,영암청과,과일,아랫장,전통시장,전라남도,0.0,0.0,,,RESOLVED_AGREEMENT,False,0,,,,
5bd17cad548c76265773,test,건강식품,T2 동의어,q_건강식품_03,홍삼,식료품 중 '건강식품'을 판매·제공하는 매장,000db6d6-585c-4aba-94e7-fc6a23a694fb,시민약국,의약품,문경중앙시장,전통시장,경상북도,1.0,2.0,,,P1_BINARY_THRESHOLD,True,,,,,
898e91e86d514bd2ca07,test,건강식품,T2 동의어,q_건강식품_03,홍삼,식료품 중 '건강식품'을 판매·제공하는 매장,752001c0-8200-4586-8270-19d9db0ebd28,정관장 홍삼 대인 점,홍삼,대인시장,전통시장,,3.0,3.0,,,RESOLVED_AGREEMENT,False,3,,,,
4d7ecb96083b986656f4,test,건강식품,T2 동의어,q_건강식품_03,홍삼,식료품 중 '건강식품'을 판매·제공하는 매장,008a831c-1fd3-4b7c-96c1-0e92332ccbf3,명성약국,의약품,공주산성시장,전통시장,충청남도,1.0,2.0,,,P1_BINARY_THRESHOLD,True,,,,,
349d6dd15cb935e77145,test,건강식품,T2 동의어,q_건강식품_03,홍삼,식료품 중 '건강식품'을 판매·제공하는 매장,a5a261ff-a8ad-4e31-877b-0c494fe1ec9e,홍삼메디칼,"홍삼탕기, 인삼, 홍삼",서울약령시장,전통시장,서울특별시,3.0,3.0,,,RESOLVED_AGREEMENT,False,3,,,,
9942a02041a5b9daec80,test,건강식품,T2 동의어,q_건강식품_03,홍삼,식료품 중 '건강식품'을 판매·제공하는 매장,5aa1c438-5d28-4e25-a00f-19384f207c8a,다다익선올다,홍삼,석촌시장,전통시장,서울특별시,3.0,3.0,,,RESOLVED_AGREEMENT,False,3,,,,
5c02b7ae62f04f46c631,test,건강식품,T2 동의어,q_건강식품_03,홍삼,식료품 중 '건강식품'을 판매·제공하는 매장,0112a558-2787-41dc-ae68-695e60c4930c,해동그랜드약국,약국,전곡시장,전통시장,서울특별시,1.0,2.0,,,P1_BINARY_THRESHOLD,True,,,,,
e7ed2a673403a5bc4948,test,건강식품,T2 동의어,q_건강식품_03,홍삼,식료품 중 '건강식품'을 판매·제공하는 매장,027cecd7-d8bb-40f9-9532-06a27b7792e9,정관장홍삼 내손동점,홍삼,의왕예술의거리골목형상점가,골목형상점가,경기도,3.0,3.0,,,RESOLVED_AGREEMENT,False,3,,,,
5e686cbb975d2913b6da,test,건강식품,T2 동의어,q_건강식품_03,홍삼,식료품 중 '건강식품'을 판매·제공하는 매장,7cb3c874-59d6-4f5f-be27-9813b42fbe7d,서문인삼사,홍삼,부사동 인삼거리 골목형상점가,골목형상점가,대전광역시,3.0,3.0,,,RESOLVED_AGREEMENT,False,3,,,,
41ca6e6879f3ddb3f7b7,test,건강식품,T2 동의어,q_건강식품_03,홍삼,식료품 중 '건강식품'을 판매·제공하는 매장,01049348-bdd8-4303-a750-8f85f7029a84,사랑의손효소마을,건강식품,구미형곡시장프라자,전통시장,경상북도,2.0,3.0,,,P2_GRADED_ONLY,True,,,,,
d2cd0a06200411a93059,test,건강식품,T2 동의어,q_건강식품_03,홍삼,식료품 중 '건강식품'을 판매·제공하는 매장,491be6bc-0811-4bca-9126-0ed1761b5c9b,정관장홍삼 북항점,홍삼,북항사랑 골목형상점가,골목형상점가,전라남도,3.0,3.0,,,RESOLVED_AGREEMENT,False,3,,,,
be7d721ea7e1f57abfa0,test,건강식품,T2 동의어,q_건강식품_03,홍삼,식료품 중 '건강식품'을 판매·제공하는 매장,102e2b49-b8f7-47bb-a5ea-0752bd977f4d,정관장 주엽역점,홍삼 및 홍삼제픔,주엽역 골목형상점가,골목형상점가,경기도,3.0,3.0,,,RESOLVED_AGREEMENT,False,3,,,,
c5495f0789e555d54d2a,test,건강식품,T2 동의어,q_건강식품_03,홍삼,식료품 중 '건강식품'을 판매·제공하는 매장,a34a9464-a364-48b9-8673-398ae6814591,우리홍삼사본점,인삼 홍삼,풍기선비골인삼시장,전통시장,경상북도,3.0,3.0,,,RESOLVED_AGREEMENT,False,3,,,,
d2b61bfe6f9f47ee9dc7,test,건강식품,T2 동의어,q_건강식품_03,홍삼,식료품 중 '건강식품'을 판매·제공하는 매장,00339341-0652-4ec2-abc9-9cfd99cfafd8,정관장 화서시장점,건강기능식품,화서시장,전통시장,경기도,2.0,3.0,,,P2_GRADED_ONLY,True,,,,,
0dad11dcea98d2bec58a,test,건강식품,T2 동의어,q_건강식품_03,홍삼,식료품 중 '건강식품'을 판매·제공하는 매장,00b6e321-5954-437c-b1d9-94fded29f67e,웰빙마트,식품,서남신시장,전통시장,대구광역시,1.0,1.0,,,RESOLVED_AGREEMENT,False,1,,,,
fb8582a4ee4c45aa35ad,test,건강식품,T2 동의어,q_건강식품_03,홍삼,식료품 중 '건강식품'을 판매·제공하는 매장,004b2dbc-a37a-4c33-8661-ca25a873ac90,중앙인삼사,인삼,통영중앙전통시장,전통시장,경상남도,2.0,3.0,,,P2_GRADED_ONLY,True,,,,,
974eff50b83eae2577e0,test,건강식품,T2 동의어,q_건강식품_03,홍삼,식료품 중 '건강식품'을 판매·제공하는 매장,4294b9fe-b8e5-42df-8bc9-5a2834a9faf9,장수홍삼,홍삼제품,진주 중앙시장,전통시장,경상남도,3.0,3.0,,,RESOLVED_AGREEMENT,False,3,,,,
b30f754e5442a195b8fb,test,건강식품,T2 동의어,q_건강식품_03,홍삼,식료품 중 '건강식품'을 판매·제공하는 매장,0f2dd47b-5614-4b48-9604-bb7b51698fa8,정관장,홍삼,강구시장,전통시장,경상북도,3.0,3.0,,,RESOLVED_AGREEMENT,False,3,,,,
5d25dc70c33e0feaa59c,test,건강식품,T2 동의어,q_건강식품_03,홍삼,식료품 중 '건강식품'을 판매·제공하는 매장,2c8dcb2f-d023-4613-b67a-2a5ac3b835e2,정관장개봉점,홍삼,개봉현대정문상가 골목형상점가,골목형상점가,서울특별시,3.0,3.0,,,RESOLVED_AGREEMENT,False,3,,,,
da28ad06551d89669822,test,건강식품,T2 동의어,q_건강식품_03,홍삼,식료품 중 '건강식품'을 판매·제공하는 매장,918dda3f-ce72-436f-b897-00684734a62b,경남인삼,홍삼,부전시장,전통시장,부산광역시,3.0,3.0,,,RESOLVED_AGREEMENT,False,3,,,,
a1ab90d98d8f2fb1c065,test,건강식품,T2 동의어,q_건강식품_03,홍삼,식료품 중 '건강식품'을 판매·제공하는 매장,6c31d9e0-dd0d-4d76-aaa5-669de62c074c,만나김,김,광천문화시장,전통시장,충청남도,0.0,0.0,,,RESOLVED_AGREEMENT,False,0,,,,
a23f863a65cd6762182a,test,건강식품,T2 동의어,q_건강식품_03,홍삼,식료품 중 '건강식품'을 판매·제공하는 매장,0048134e-4060-4bf0-bffb-0cac8a53f2d8,사랑의뜰안 북광주점,건강기능식품,운암대자골 골목형상점가,골목형상점가,광주광역시,2.0,3.0,,,P2_GRADED_ONLY,True,,,,,
69a0f93e6457a941126e,test,건강식품,T2 동의어,q_건강식품_03,홍삼,식료품 중 '건강식품'을 판매·제공하는 매장,4cfa39ab-596f-4781-b8e2-3dd6d854e0b7,정일품고려홍삼,홍삼,진주 중앙상점가,자율상권구역,경상남도,3.0,3.0,,,RESOLVED_AGREEMENT,False,3,,,,
28dfff0393974e9504b7,test,건강식품,T3 개념확장,q_건강식품_04,건강식품,식료품 중 '건강식품'을 판매·제공하는 매장,01049348-bdd8-4303-a750-8f85f7029a84,사랑의손효소마을,건강식품,구미형곡시장프라자,전통시장,경상북도,3.0,3.0,,,RESOLVED_AGREEMENT,False,3,,,,
80d8cd721e7479e42ea6,test,건강식품,T3 개념확장,q_건강식품_04,건강식품,식료품 중 '건강식품'을 판매·제공하는 매장,aded945a-ad16-4b76-bd99-6936ebe984eb,나비꽃집,,울산대바보사거리 골목형상점가,골목형상점가,울산광역시,0.0,0.0,,,RESOLVED_AGREEMENT,False,0,,,,
ccec05126f8d4851217c,test,건강식품,T3 개념확장,q_건강식품_04,건강식품,식료품 중 '건강식품'을 판매·제공하는 매장,00e92856-b294-4032-8540-d60e9817f2d8,럭키약국,"의약품, 건강기능식품, 식품",충무로골목형상점가,골목형상점가,서울특별시,3.0,3.0,,,RESOLVED_AGREEMENT,False,3,,,,
53f2da44dada679850b0,test,건강식품,T3 개념확장,q_건강식품_04,건강식품,식료품 중 '건강식품'을 판매·제공하는 매장,1c911fe9-63f9-44e3-84d8-91d30045e4f2,엔젤,건강식품,남대문시장,전통시장,서울특별시,3.0,3.0,,,RESOLVED_AGREEMENT,False,3,,,,
4801a4fe789c26b4477b,test,건강식품,T3 개념확장,q_건강식품_04,건강식품,식료품 중 '건강식품'을 판매·제공하는 매장,027cecd7-d8bb-40f9-9532-06a27b7792e9,정관장홍삼 내손동점,홍삼,의왕예술의거리골목형상점가,골목형상점가,경기도,3.0,3.0,,,RESOLVED_AGREEMENT,False,3,,,,
5f3e74bf6d2774f31d30,test,건강식품,T3 개념확장,q_건강식품_04,건강식품,식료품 중 '건강식품'을 판매·제공하는 매장,498c4db6-94d6-4ea2-ab7f-b3a6ddf702ed,임진강건강원,건강식품,까치산시장,전통시장,서울특별시,3.0,3.0,,,RESOLVED_AGREEMENT,False,3,,,,
0c3683e4e9d25de04023,test,건강식품,T3 개념확장,q_건강식품_04,건강식품,식료품 중 '건강식품'을 판매·제공하는 매장,84f5e6ee-155f-4cbc-9532-3fbd5aff18ac,고려건강식품,건강식품,망미중앙시장,전통시장,부산광역시,3.0,3.0,,,RESOLVED_AGREEMENT,False,3,,,,
0c528b0270d62e68cddc,test,건강식품,T3 개념확장,q_건강식품_04,건강식품,식료품 중 '건강식품'을 판매·제공하는 매장,8355646e-0803-4bc4-98a8-438049bb565c,고향방앗간,참기름,창원 대동중앙상가,전통시장,경상남도,0.0,0.0,,,RESOLVED_AGREEMENT,False,0,,,,
c6ce3e7cc70a158faa9f,test,건강식품,T3 개념확장,q_건강식품_04,건강식품,식료품 중 '건강식품'을 판매·제공하는 매장,41691715-f4ff-45fb-bc9c-9e4d8b3e781b,시와팜,건강식품,창원 성원그랜드쇼핑상가,전통시장,경상남도,3.0,3.0,,,RESOLVED_AGREEMENT,False,3,,,,
53aa4f9246b8c7b27603,test,건강식품,T3 개념확장,q_건강식품_04,건강식품,식료품 중 '건강식품'을 판매·제공하는 매장,25e50472-1b4f-4c55-b4b2-e975fad81511,온나래몰,건강식품,진주 동성상가,전통시장,경상남도,3.0,3.0,,,RESOLVED_AGREEMENT,False,3,,,,
cf79304985d267f0b0cf,test,건강식품,T3 개념확장,q_건강식품_04,건강식품,식료품 중 '건강식품'을 판매·제공하는 매장,fd256287-6a17-489b-9105-3f0a57f5a4cc,청솔건강원,건강식품,유천시장,전통시장,대전광역시,3.0,3.0,,,RESOLVED_AGREEMENT,False,3,,,,
4a29d96fd2bd54c00bc6,test,건강식품,T3 개념확장,q_건강식품_04,건강식품,식료품 중 '건강식품'을 판매·제공하는 매장,edc414b3-9339-4eb4-8d34-ff2a310db27b,금산식품,건강식품,연동골목시장,자율상권구역,부산광역시,3.0,3.0,,,RESOLVED_AGREEMENT,False,3,,,,
3d18178e38494c46bcea,test,건강식품,T3 개념확장,q_건강식품_04,건강식품,식료품 중 '건강식품'을 판매·제공하는 매장,2e9bc493-e97b-482c-a354-3598422c4bfb,건강백세,건강식품,광복지하도상가,일반지하상점가,부산광역시,3.0,3.0,,,RESOLVED_AGREEMENT,False,3,,,,
6119a7cbe1d54acfd84a,test,건강식품,T3 개념확장,q_건강식품_04,건강식품,식료품 중 '건강식품'을 판매·제공하는 매장,1a2da266-a156-4b54-b774-c23da7844e2f,유향,건강식품,부천자유시장,전통시장,경기도,3.0,3.0,,,RESOLVED_AGREEMENT,False,3,,,,
9c962cfd72107228d347,test,건강식품,T3 개념확장,q_건강식품_04,건강식품,식료품 중 '건강식품'을 판매·제공하는 매장,714e4529-1823-4be9-a6dd-7e66e97c3946,잉꼬건강원,건강식품,예산상설시장,전통시장,충청남도,3.0,3.0,,,RESOLVED_AGREEMENT,False,3,,,,
07dda6b3fdab856659e1,test,건강식품,T3 개념확장,q_건강식품_04,건강식품,식료품 중 '건강식품'을 판매·제공하는 매장,28de08a3-0947-4913-b8a0-9ce81c2ff1e4,대교건강원,건강식품,통영 북신전통시장,전통시장,경상남도,3.0,3.0,,,RESOLVED_AGREEMENT,False,3,,,,
af8f21e6a325fad59d6b,test,건강식품,T3 개념확장,q_건강식품_04,건강식품,식료품 중 '건강식품'을 판매·제공하는 매장,000db6d6-585c-4aba-94e7-fc6a23a694fb,시민약국,의약품,문경중앙시장,전통시장,경상북도,1.0,2.0,,,P1_BINARY_THRESHOLD,True,,,,,
4c7b59962ba3ec16ee35,test,건강식품,T3 개념확장,q_건강식품_04,건강식품,식료품 중 '건강식품'을 판매·제공하는 매장,f398b994-f8a9-414f-898c-03b612bf4409,건강상회,건강식품,상계중앙시장,전통시장,서울특별시,3.0,3.0,,,RESOLVED_AGREEMENT,False,3,,,,
ff30650d62d06398047e,test,건강식품,T3 개념확장,q_건강식품_04,건강식품,식료품 중 '건강식품'을 판매·제공하는 매장,bd69ba8c-c89a-46a3-852f-b1a38f0f8a5a,제일경희한의원,의료업,안양중앙인정시장,전통시장,경기도,0.0,2.0,,,P1_BINARY_THRESHOLD,True,,,,,
d8ee2e56b07fd8947982,test,건강식품,T3 개념확장,q_건강식품_04,건강식품,식료품 중 '건강식품'을 판매·제공하는 매장,0112a558-2787-41dc-ae68-695e60c4930c,해동그랜드약국,약국,전곡시장,전통시장,서울특별시,1.0,2.0,,,P1_BINARY_THRESHOLD,True,,,,,
2d6b6664183d7fba2ff2,test,건강식품,T3 개념확장,q_건강식품_04,건강식품,식료품 중 '건강식품'을 판매·제공하는 매장,155c8445-0cf2-4914-b087-836456b02360,호박마을,건강식품,창원 명서시장,전통시장,경상남도,3.0,3.0,,,RESOLVED_AGREEMENT,False,3,,,,
507c729622a55004d6ba,test,건강식품,T3 개념확장,q_건강식품_04,건강식품,식료품 중 '건강식품'을 판매·제공하는 매장,d5533fa6-6e92-4d94-b777-2ddcdc46164d,자연건강,건강식품,메트로센터(반월당지하쇼핑),일반지하상점가,대구광역시,3.0,3.0,,,RESOLVED_AGREEMENT,False,3,,,,
d15bb71df79302cc7c17,test,건강식품,T3 개념확장,q_건강식품_04,건강식품,식료품 중 '건강식품'을 판매·제공하는 매장,00768c91-a678-4fbc-a372-a2ee0260218f,수택온누리약국,,구리시 구도심 상권활성화구역,상권활성화구역,경기도,1.0,2.0,,,P1_BINARY_THRESHOLD,True,,,,,
20dcb45039956a043e4e,test,건강식품,T3 개념확장,q_건강식품_04,건강식품,식료품 중 '건강식품'을 판매·제공하는 매장,0040b4e6-7b74-4175-b54d-add4fe693d49,메디팜보명당약국,"의약품, 의료욕구, 복지욕구, 의료기기",점촌역전상점가,자율상권구역,경상북도,1.0,2.0,,,P1_BINARY_THRESHOLD,True,,,,,
1f613e1d15837dca54a3,test,건강식품,T3 개념확장,q_건강식품_04,건강식품,식료품 중 '건강식품'을 판매·제공하는 매장,dd69dc6d-958c-4a8b-96be-1b4b61a14db7,특효건강원,건강식품,공주산성시장,전통시장,충청남도,3.0,3.0,,,RESOLVED_AGREEMENT,False,3,,,,
c22597061698d7683f2f,test,건강식품,T3 개념확장,q_건강식품_04,건강식품,식료품 중 '건강식품'을 판매·제공하는 매장,00339341-0652-4ec2-abc9-9cfd99cfafd8,정관장 화서시장점,건강기능식품,화서시장,전통시장,경기도,3.0,3.0,,,RESOLVED_AGREEMENT,False,3,,,,
8c881c3e971931744061,test,건강식품,T3 개념확장,q_건강식품_04,건강식품,식료품 중 '건강식품'을 판매·제공하는 매장,7796a6d0-2ba4-48e5-93dc-ae2f80172a87,건강약국,건강식품,가수원상점가,자율상권구역,대전광역시,3.0,3.0,,,RESOLVED_AGREEMENT,False,3,,,,
9ece9ef79e4e5bf7e8e1,test,건강식품,T3 개념확장,q_건강식품_04,건강식품,식료품 중 '건강식품'을 판매·제공하는 매장,002c02f2-4428-4a84-a248-7b23ae109459,정관장 반석점,홍삼건강식품,지족반석 골목형상점가,골목형상점가,대전광역시,3.0,3.0,,,RESOLVED_AGREEMENT,False,3,,,,
a5bfdaf6b63769933cae,test,건강식품,T3 개념확장,q_건강식품_04,건강식품,식료품 중 '건강식품'을 판매·제공하는 매장,431c093f-ce1e-4144-b10c-2cbbe2aa8410,경희건강원,건강식품,원미부흥시장,전통시장,경기도,3.0,3.0,,,RESOLVED_AGREEMENT,False,3,,,,
c9d59cc835daebeb9706,test,건강식품,T3 개념확장,q_건강식품_04,건강식품,식료품 중 '건강식품'을 판매·제공하는 매장,d55cf2e6-5630-4e57-9696-3ca5ee5991a4,반석건강원,건강식품,영등포전통시장,자율상권구역,서울특별시,3.0,3.0,,,RESOLVED_AGREEMENT,False,3,,,,
bcf37ce50dffa79baaaa,test,건강식품,T3 개념확장,q_건강식품_04,건강식품,식료품 중 '건강식품'을 판매·제공하는 매장,ae9b9ac2-0448-496c-b446-02b890480bc6,한약인수원,건강식품,화산면 골목형상점가,골목형상점가,전라남도,3.0,3.0,,,RESOLVED_AGREEMENT,False,3,,,,
3425d9c47dc7f9a2ea1c,test,건강식품,T3 개념확장,q_건강식품_04,건강식품,식료품 중 '건강식품'을 판매·제공하는 매장,56684664-6707-48c1-af66-f998dd930116,상무 건강원,건강식품,치평동중흥상가상인회 골목형상점가,골목형상점가,광주광역시,3.0,3.0,,,RESOLVED_AGREEMENT,False,3,,,,
eef1dc8ea10132a76611,test,건강식품,T3 개념확장,q_건강식품_04,건강식품,식료품 중 '건강식품'을 판매·제공하는 매장,48d0d528-1d6f-496d-bc89-eb8168d84bc7,라라샵,건강식품,시장로타리지하상가,일반지하상점가,인천광역시,3.0,3.0,,,RESOLVED_AGREEMENT,False,3,,,,
0f31a45f6f5dd2d0f743,test,건강식품,T3 개념확장,q_건강식품_04,건강식품,식료품 중 '건강식품'을 판매·제공하는 매장,a79b3c63-9f22-41c1-b261-de141f4aa14c,비뉴트,건강식품,부천자유시장,전통시장,경기도,3.0,3.0,,,RESOLVED_AGREEMENT,False,3,,,,
6d8e12eda266de020cce,test,건강식품,T3 개념확장,q_건강식품_04,건강식품,식료품 중 '건강식품'을 판매·제공하는 매장,6c4b66f8-b95c-49fc-a620-fc8dee2e0a4d,건강의집,건강식품,군포역전전통시장,전통시장,경기도,3.0,3.0,,,RESOLVED_AGREEMENT,False,3,,,,
930cb2410e817c055741,test,건강식품,T3 개념확장,q_건강식품_04,건강식품,식료품 중 '건강식품'을 판매·제공하는 매장,00b64830-f897-4643-a5fa-6d8950c2ef89,낭만상회,식품,문산자유시장,전통시장,경기도,1.0,0.0,,,P2_GRADED_ONLY,True,,,,,
d1a5f51ee8bd69c77407,test,건강식품,T3 개념확장,q_건강식품_04,건강식품,식료품 중 '건강식품'을 판매·제공하는 매장,f1903e70-32e8-48a4-8265-57fa4b5cc138,건강식품판매점,건강식품,행복상점가,자율상권구역,경상북도,3.0,3.0,,,RESOLVED_AGREEMENT,False,3,,,,
8368e57ddda5ea467649,test,건강식품,T3 개념확장,q_건강식품_04,건강식품,식료품 중 '건강식품'을 판매·제공하는 매장,1727d28c-510a-424c-a93b-9585c73e1672,건강랜드,건강식품,모라전통시장,전통시장,부산광역시,3.0,3.0,,,RESOLVED_AGREEMENT,False,3,,,,
e08a98d720fcd7988462,test,건강식품,T3 개념확장,q_건강식품_04,건강식품,식료품 중 '건강식품'을 판매·제공하는 매장,00b6e321-5954-437c-b1d9-94fded29f67e,웰빙마트,식품,서남신시장,전통시장,대구광역시,1.0,1.0,,,RESOLVED_AGREEMENT,False,1,,,,
cecf01c283cbe98d0c16,test,건강식품,T3 개념확장,q_건강식품_04,건강식품,식료품 중 '건강식품'을 판매·제공하는 매장,8fc2d6ae-acd3-4729-8a9c-ff57ca14c817,정근상사,건강식품,신정평화시장,전통시장,울산광역시,3.0,3.0,,,RESOLVED_AGREEMENT,False,3,,,,
28ef5f62ae8a81c5027e,test,건강식품,T3 개념확장,q_건강식품_04,건강식품,식료품 중 '건강식품'을 판매·제공하는 매장,017027d8-dbc4-49d9-82f8-f16291770c91,강릉인삼사,인삼건강식품,경동시장,전통시장,서울특별시,3.0,3.0,,,RESOLVED_AGREEMENT,False,3,,,,
5eb59026d3c58493d084,test,건강식품,T3 개념확장,q_건강식품_04,건강식품,식료품 중 '건강식품'을 판매·제공하는 매장,b3bf0bfd-fa1d-4460-b86d-3a0b155bd2d2,채움힘찬건강,건강식품,면목골목시장,전통시장,서울특별시,3.0,3.0,,,RESOLVED_AGREEMENT,False,3,,,,
9d9cefa6d36aa6df26b2,test,건강식품,T3 개념확장,q_건강식품_04,건강식품,식료품 중 '건강식품'을 판매·제공하는 매장,485eb8c7-2868-4453-981d-2e6b0af0463e,신홍삼에버케어,건강식품,거제 고현시장,전통시장,경상남도,3.0,3.0,,,RESOLVED_AGREEMENT,False,3,,,,
50083fd767fc3216b425,test,건강식품,T3 개념확장,q_건강식품_04,건강식품,식료품 중 '건강식품'을 판매·제공하는 매장,19d59548-5a56-4def-8faa-a9375defcef2,만나,건강식품,백운 대성시장 골목형상점가,골목형상점가,광주광역시,3.0,3.0,,,RESOLVED_AGREEMENT,False,3,,,,
03b4968ff9ab262670ee,test,건강식품,T3 개념확장,q_건강식품_04,건강식품,식료품 중 '건강식품'을 판매·제공하는 매장,c4498a18-2af7-4694-9057-551a5112f03f,건강찾는건강원,건강식품,포남용마거리골목형상점가,골목형상점가,강원특별자치도,3.0,3.0,,,RESOLVED_AGREEMENT,False,3,,,,
24bdceb46343d290a560,test,건강식품,T3 개념확장,q_건강식품_04,건강식품,식료품 중 '건강식품'을 판매·제공하는 매장,e2aa75f7-47fd-499d-ac3c-077a0b73a9d6,웰빙천국,건강식품,주안시민지하도상점가,일반지하상점가,인천광역시,3.0,3.0,,,RESOLVED_AGREEMENT,False,3,,,,
f2ff30d875e13e2f8d28,test,건강식품,T3 개념확장,q_건강식품_04,건강식품,식료품 중 '건강식품'을 판매·제공하는 매장,01befe6d-bfd6-4c6f-be43-d02efffe1dd1,성덕인삼,인삼,부전인삼시장,전통시장,부산광역시,3.0,3.0,,,RESOLVED_AGREEMENT,False,3,,,,
26b7b49dcb420ce36fb7,test,건강식품,T3 개념확장,q_건강식품_04,건강식품,식료품 중 '건강식품'을 판매·제공하는 매장,2c16e48d-d177-40e9-9346-a5cbec70fa6a,"믿음잡화(건강식품,화장품)","건강식품, 화장품",청주육거리종합시장,전통시장,충청북도,3.0,3.0,,,RESOLVED_AGREEMENT,False,3,,,,
94d6d9270e26e7db2682,test,건강식품,T3 개념확장,q_건강식품_04,건강식품,식료품 중 '건강식품'을 판매·제공하는 매장,ea15603f-2921-4976-a588-012be1bae9c7,예지인,건강식품,풍기선비골인삼시장,전통시장,경상북도,3.0,3.0,,,RESOLVED_AGREEMENT,False,3,,,,
9fc01b03f722ce3ec7e5,test,건강식품,T3 개념확장,q_건강식품_04,건강식품,식료품 중 '건강식품'을 판매·제공하는 매장,016f8113-22a7-4ef1-a80f-0562dd2a06e9,동이식품,"식품, 농산물",중앙신시장,전통시장,경상북도,1.0,1.0,,,RESOLVED_AGREEMENT,False,1,,,,
cff825f84511700fa43e,test,건강식품,T3 개념확장,q_건강식품_04,건강식품,식료품 중 '건강식품'을 판매·제공하는 매장,7f12d4b7-9b90-447b-b043-9931ff5a67ff,백조건강원,건강식품,학소로 골목형상점가,골목형상점가,광주광역시,3.0,3.0,,,RESOLVED_AGREEMENT,False,3,,,,
df341f5b06f275d0a881,test,건강식품,T3 개념확장,q_건강식품_04,건강식품,식료품 중 '건강식품'을 판매·제공하는 매장,58a5819c-b999-47db-8c01-7fcc8fd5c9f3,에덴건강원,건강식품,능동로골목시장(자양한강전통시장),전통시장,서울특별시,3.0,3.0,,,RESOLVED_AGREEMENT,False,3,,,,
1bb95dea31450ec94705,test,건강식품,T3 개념확장,q_건강식품_04,건강식품,식료품 중 '건강식품'을 판매·제공하는 매장,252d05ae-d624-4e20-820f-dd0c41e24014,건강마트,건강식품,광명새마을시장,전통시장,경기도,3.0,3.0,,,RESOLVED_AGREEMENT,False,3,,,,
d2eb247cf7888025c510,test,건강식품,T3 개념확장,q_건강식품_04,건강식품,식료품 중 '건강식품'을 판매·제공하는 매장,006929a4-6712-43ca-80d7-f540710009b5,삼송프라자약국,의약품 외 건강기능식품,신원권율3 골목형상점가,골목형상점가,경기도,3.0,3.0,,,RESOLVED_AGREEMENT,False,3,,,,
c428c32908b1ebf96080,test,건강식품,T3 개념확장,q_건강식품_04,건강식품,식료품 중 '건강식품'을 판매·제공하는 매장,019ac829-9ffd-42aa-bfd1-9da1dfba52e2,바디엔 약국,,남악1번가 골목형상점가,골목형상점가,,1.0,2.0,,,P1_BINARY_THRESHOLD,True,,,,,
59ec69cf626c217aa9fe,test,건강식품,T3 개념확장,q_건강식품_04,건강식품,식료품 중 '건강식품'을 판매·제공하는 매장,471c68e0-29cb-48ec-8018-23c71adb77ab,천기초 건강식품 백화점,건강식품,구미역중앙 골목형상점가,골목형상점가,경상북도,3.0,3.0,,,RESOLVED_AGREEMENT,False,3,,,,
6d91da949e4a84824104,test,건강식품,T3 개념확장,q_건강식품_04,건강식품,식료품 중 '건강식품'을 판매·제공하는 매장,842c1e02-c355-48fc-9ad8-f7c23dfc91dc,성보식품,건강식품,마산어시장,전통시장,경상남도,3.0,3.0,,,RESOLVED_AGREEMENT,False,3,,,,
5d9827332f53e9c0a03b,test,건강식품,T3 개념확장,q_건강식품_04,건강식품,식료품 중 '건강식품'을 판매·제공하는 매장,004b2dbc-a37a-4c33-8661-ca25a873ac90,중앙인삼사,인삼,통영중앙전통시장,전통시장,경상남도,3.0,3.0,,,RESOLVED_AGREEMENT,False,3,,,,
ee05bef10eabe93eccd0,test,건강식품,T3 개념확장,q_건강식품_04,건강식품,식료품 중 '건강식품'을 판매·제공하는 매장,436ced00-f5d0-4f43-8138-217ac788d1be,현이네 식탁,,쌍촌로상인회 골목형상점가,골목형상점가,,0.0,0.0,,,RESOLVED_AGREEMENT,False,0,,,,
30441c5333dcb1cf5d78,test,건강식품,T3 개념확장,q_건강식품_04,건강식품,식료품 중 '건강식품'을 판매·제공하는 매장,4ac9ee52-44d1-4d33-b5d2-d8c27eb5cf16,건강식품,곡물,충금지하도상가,일반지하상점가,광주광역시,2.0,3.0,,,P2_GRADED_ONLY,True,,,,,
99d430e96ace5f980feb,test,건강식품,T3 개념확장,q_건강식품_04,건강식품,식료품 중 '건강식품'을 판매·제공하는 매장,9d75dbc3-016d-48c6-b6f7-de6a3fa1911a,호주건강식품할인점,건강식품,동원전통시장상점가,자율상권구역,서울특별시,3.0,3.0,,,RESOLVED_AGREEMENT,False,3,,,,
d60872c91a41078f97c7,test,건강식품,T3 개념확장,q_건강식품_04,건강식품,식료품 중 '건강식품'을 판매·제공하는 매장,193ee713-2abb-4643-bdf1-ae978130456a,표선얼큰이와피자디노,"닭, 피자",표선사거리상점가(골목형상점가),골목형상점가,제주특별자치도,0.0,0.0,,,RESOLVED_AGREEMENT,False,0,,,,
26c57d594cfa7f4d2892,test,건강식품,T3 개념확장,q_건강식품_04,건강식품,식료품 중 '건강식품'을 판매·제공하는 매장,40651097-66a5-48f8-98b4-413f79ff7162,고려식품,건강식품,계림중앙필문로 골목형상점가,골목형상점가,광주광역시,3.0,3.0,,,RESOLVED_AGREEMENT,False,3,,,,
eb9dca5b91f7772619ea,test,건강식품,T3 개념확장,q_건강식품_04,건강식품,식료품 중 '건강식품'을 판매·제공하는 매장,57eaecd9-7eb3-4f42-abc1-f66654c86bfc,평택인삼,건강식품,평택통복시장,전통시장,경기도,3.0,3.0,,,RESOLVED_AGREEMENT,False,3,,,,
a71a697f60350b1babfe,test,건강식품,T3 개념확장,q_건강식품_04,건강식품,식료품 중 '건강식품'을 판매·제공하는 매장,4c0d4c46-7698-4e0d-b29c-a4d0dedfb6be,늘봄건강원,건강식품,산본전통시장(구 군포산본시장),전통시장,경기도,3.0,3.0,,,RESOLVED_AGREEMENT,False,3,,,,
ed39c3eb898767e59a4a,test,건강식품,T3 개념확장,q_건강식품_04,건강식품,식료품 중 '건강식품'을 판매·제공하는 매장,1001a67f-0c5a-4693-8e4e-f39dfdabc5ef,인산건강식품,건강식품,신천지시장,전통시장,부산광역시,3.0,3.0,,,RESOLVED_AGREEMENT,False,3,,,,
4f2746f31cefaedd3bd5,test,건강식품,T3 개념확장,q_건강식품_04,건강식품,식료품 중 '건강식품'을 판매·제공하는 매장,fa3aabbe-0b61-45ba-b46f-44f28aeb8d3a,미영허브,건강식품,개봉중앙골목형상점가,골목형상점가,서울특별시,3.0,3.0,,,RESOLVED_AGREEMENT,False,3,,,,
88be68e5b95a5d7fbeca,test,건강식품,T3 개념확장,q_건강식품_04,건강식품,식료품 중 '건강식품'을 판매·제공하는 매장,1dc584b9-7fde-4acd-af27-d74aaab44799,금산건강식품,건강식품,"온양온천시장(온양재래시장, 전통시장)",전통시장,충청남도,3.0,3.0,,,RESOLVED_AGREEMENT,False,3,,,,
d6619d8de8416c6c53ad,test,건강식품,T3 개념확장,q_건강식품_04,건강식품,식료품 중 '건강식품'을 판매·제공하는 매장,a0b377ce-ec96-4d18-a91e-363e0fda8460,자연애,건강식품,의정부제일시장,전통시장,경기도,3.0,3.0,,,RESOLVED_AGREEMENT,False,3,,,,
2a7841c00a1cb6de4083,test,건강식품,T3 개념확장,q_건강식품_04,건강식품,식료품 중 '건강식품'을 판매·제공하는 매장,0048134e-4060-4bf0-bffb-0cac8a53f2d8,사랑의뜰안 북광주점,건강기능식품,운암대자골 골목형상점가,골목형상점가,광주광역시,3.0,3.0,,,RESOLVED_AGREEMENT,False,3,,,,
bde131f04c131a92d0e6,test,건강식품,T3 개념확장,q_건강식품_04,건강식품,식료품 중 '건강식품'을 판매·제공하는 매장,1ff24046-8f14-497d-b46a-33df195c7d1a,톡톡뷰티센터,속눈썹,무진중오거리 골목형상점가,골목형상점가,광주광역시,0.0,0.0,,,RESOLVED_AGREEMENT,False,0,,,,
0b61da2c9fd888a38b34,test,건강식품,T3 개념확장,q_건강식품_04,건강식품,식료품 중 '건강식품'을 판매·제공하는 매장,fd338bed-d7be-4243-ab47-5ef51ac46d50,다남웰빙,건강식품,부천자유시장,전통시장,경기도,3.0,3.0,,,RESOLVED_AGREEMENT,False,3,,,,
9423ad6d6f7d1611d7f4,test,건강식품,T3 개념확장,q_건강식품_04,건강식품,식료품 중 '건강식품'을 판매·제공하는 매장,b81a80dc-3576-44a0-855d-3071d8f0014e,건강백세,건강식품,부산역지하도상가,일반지하상점가,부산광역시,3.0,3.0,,,RESOLVED_AGREEMENT,False,3,,,,
5cea6014065ac7ad4050,test,건강식품,T3 개념확장,q_건강식품_04,건강식품,식료품 중 '건강식품'을 판매·제공하는 매장,89fdbc96-07aa-47a7-a92c-39c28ed57dcf,옥설건강원,건강식품,남부골목시장,전통시장,서울특별시,3.0,3.0,,,RESOLVED_AGREEMENT,False,3,,,,
768442914da2b267e586,test,건강식품,T3 개념확장,q_건강식품_04,건강식품,식료품 중 '건강식품'을 판매·제공하는 매장,71e00c9e-c1cb-407c-bbf6-33c3557a890e,보강원,건강식품,오창전통시장,전통시장,충청북도,3.0,3.0,,,RESOLVED_AGREEMENT,False,3,,,,
bb21ee0d1cd3e9dddbfc,test,건강식품,T3 개념확장,q_건강식품_04,건강식품,식료품 중 '건강식품'을 판매·제공하는 매장,0365a848-2165-4cd2-8285-5b74e5898bcf,웰빙시대,건강식품,수암종합시장,전통시장,울산광역시,3.0,3.0,,,RESOLVED_AGREEMENT,False,3,,,,
bd82ad237eb46e7a0788,test,건강식품,T3 개념확장,q_건강식품_04,건강식품,식료품 중 '건강식품'을 판매·제공하는 매장,39d219fc-043e-487e-89a0-0dbc00514717,장단인삼,건강식품,금촌전통시장,전통시장,경기도,3.0,3.0,,,RESOLVED_AGREEMENT,False,3,,,,
6331705912f204a951d6,test,건강식품,T3 개념확장,q_건강식품_04,건강식품,식료품 중 '건강식품'을 판매·제공하는 매장,009eb486-5dea-48f4-9f45-85c0ac03972a,수만건강식품,,봉동생강골시장,전통시장,전북특별자치도,3.0,3.0,,,RESOLVED_AGREEMENT,False,3,,,,
1678d53e8dd8acc0c143,test,건강식품,T3 개념확장,q_건강식품_04,건강식품,식료품 중 '건강식품'을 판매·제공하는 매장,1c403fbe-8de7-451b-a5bf-69539d445172,한밭건강원,건강식품,한민시장,전통시장,대전광역시,3.0,3.0,,,RESOLVED_AGREEMENT,False,3,,,,
0fcbc11da5fc18f453a0,test,건강식품,T3 개념확장,q_건강식품_04,건강식품,식료품 중 '건강식품'을 판매·제공하는 매장,1022d6bd-a0f8-4249-b8b8-24e25e2d379b,메가MGC커피 광주치평점,커피,치평상무역상인회 골목형상점가,골목형상점가,광주광역시,0.0,0.0,,,RESOLVED_AGREEMENT,False,0,,,,
b785a896028da67f820b,test,건강식품,T3 개념확장,q_건강식품_04,건강식품,식료품 중 '건강식품'을 판매·제공하는 매장,b095f7b7-ad5d-425e-97f8-38e449001c72,더드림 건강식품,건강식품,남서상점가,자율상권구역,경상북도,3.0,3.0,,,RESOLVED_AGREEMENT,False,3,,,,
593c58e611237682a8a1,test,건강식품,T3 개념확장,q_건강식품_04,건강식품,식료품 중 '건강식품'을 판매·제공하는 매장,023caced-6133-4a64-839b-a1c69c27bb87,정관장과천점,소매업(홍삼제품),별양동상점가,자율상권구역,경기도,3.0,3.0,,,RESOLVED_AGREEMENT,False,3,,,,
bed0553b4e4e2c93f165,test,건강식품,T3 개념확장,q_건강식품_04,건강식품,식료품 중 '건강식품'을 판매·제공하는 매장,0ff31fb9-6420-4ebe-bd52-1ce8c422d4ad,지중해,건강식품,지중해마을 골목형상점가,골목형상점가,충청남도,3.0,3.0,,,RESOLVED_AGREEMENT,False,3,,,,
09d20a2bab9367a4987f,test,건강식품,T3 개념확장,q_건강식품_04,건강식품,식료품 중 '건강식품'을 판매·제공하는 매장,02cd45e9-fe92-42d2-9ae1-da8fc01edbdb,(주)서울인삼유통,홍삼,경동시장,전통시장,서울특별시,3.0,3.0,,,RESOLVED_AGREEMENT,False,3,,,,
ecc7903b9830466c6596,test,건강식품,T3 개념확장,q_건강식품_04,건강식품,식료품 중 '건강식품'을 판매·제공하는 매장,01f1ff87-d7c5-4c13-b60e-937f9d6221fd,수삼센터 83호,인삼(수삼),금산수삼센터,전통시장,충청남도,3.0,3.0,,,RESOLVED_AGREEMENT,False,3,,,,
6495706bff4397c7c523,test,건강식품,T3 개념확장,q_건강식품_04,건강식품,식료품 중 '건강식품'을 판매·제공하는 매장,38d27467-e1e4-45ef-8fec-a1e6d6248cd0,흥보건강식품,건강식품,서울약령시장,전통시장,서울특별시,3.0,3.0,,,RESOLVED_AGREEMENT,False,3,,,,
cff17c325a22ea98845e,test,건강식품,T3 개념확장,q_건강식품_04,건강식품,식료품 중 '건강식품'을 판매·제공하는 매장,58fdc068-3ef2-4b97-8cfc-abcafc36ee66,우엉건강초,건강식품,함평천지전통시장(함평5일시장),전통시장,전라남도,3.0,3.0,,,RESOLVED_AGREEMENT,False,3,,,,
dcfb573e1e6006654028,test,건강식품,T3 개념확장,q_건강식품_04,건강식품,식료품 중 '건강식품'을 판매·제공하는 매장,00140fab-ec56-4d81-8a03-d3d4aa8d5a49,계령약국,의약품,성대시장골목형상점가,골목형상점가,서울특별시,1.0,2.0,,,P1_BINARY_THRESHOLD,True,,,,,
32de872901b73f7c675a,test,건강식품,T3 개념확장,q_건강식품_04,건강식품,식료품 중 '건강식품'을 판매·제공하는 매장,76878562-d6c6-4d37-9607-65f09a86a6e7,건강백세,건강식품,원주자유시장,전통시장,강원특별자치도,3.0,3.0,,,RESOLVED_AGREEMENT,False,3,,,,
c5cfe310290699bf34bb,test,건강식품,T3 개념확장,q_건강식품_04,건강식품,식료품 중 '건강식품'을 판매·제공하는 매장,001961d9-cb5d-40bc-903a-33d483f7d132,헬씨스탠다드,"건강기능식품, 쌀, 견과류, 약재",응암소담길 골목형상점가,골목형상점가,서울특별시,3.0,3.0,,,RESOLVED_AGREEMENT,False,3,,,,
c9c1c625a6b913b1194e,test,건강식품,T3 개념확장,q_건강식품_04,건강식품,식료품 중 '건강식품'을 판매·제공하는 매장,009bd725-6319-41ec-87fb-f904d54243ca,현대인삼,"홍삼, 인삼",경동시장,전통시장,서울특별시,3.0,3.0,,,RESOLVED_AGREEMENT,False,3,,,,
19186e69cf9f90597070,test,건강식품,T3 개념확장,q_건강식품_04,건강식품,식료품 중 '건강식품'을 판매·제공하는 매장,7f116495-3c24-4b59-943b-c127fa518946,홍삼월드,건강식품,선스포츠프라자,전통시장,대구광역시,3.0,3.0,,,RESOLVED_AGREEMENT,False,3,,,,
961e2c7355aab9bb02cd,test,건강식품,T3 개념확장,q_건강식품_04,건강식품,식료품 중 '건강식품'을 판매·제공하는 매장,e94a3e1e-416d-4c7e-9325-394d561943a8,원창건강식품,건강식품,성당시장,전통시장,대구광역시,3.0,3.0,,,RESOLVED_AGREEMENT,False,3,,,,
3946de5200763912ce61,test,건강식품,T3 개념확장,q_건강식품_04,건강식품,식료품 중 '건강식품'을 판매·제공하는 매장,aeb3b8c2-7bd4-4f77-a35f-2a81be0761a9,몸조아건강식품,소매업(건강식품),정자시장,전통시장,경기도,3.0,3.0,,,RESOLVED_AGREEMENT,False,3,,,,
75e7961db9157eae5331,test,건강식품,T3 개념확장,q_건강식품_04,건강식품,식료품 중 '건강식품'을 판매·제공하는 매장,540c636d-076a-4346-9a0b-1493c10b1b91,건강마을,건강식품,연일전통시장,전통시장,경상북도,3.0,3.0,,,RESOLVED_AGREEMENT,False,3,,,,
866a767fb5e70535b49f,test,건강식품,T3 개념확장,q_건강식품_04,건강식품,식료품 중 '건강식품'을 판매·제공하는 매장,2f670552-2e52-4bc1-b279-08c31ede7bc9,라모에스테틱,"화장품, 피부미용",행당시장상점가,자율상권구역,서울특별시,0.0,0.0,,,RESOLVED_AGREEMENT,False,0,,,,
60dd0f1c306261396fa4,test,건강식품,T3 개념확장,q_건강식품_04,건강식품,식료품 중 '건강식품'을 판매·제공하는 매장,5d5b7d63-5843-4ead-aeea-67d8e220195e,엠오엠,건강식품,현대시장,전통시장,인천광역시,3.0,3.0,,,RESOLVED_AGREEMENT,False,3,,,,
f64d47710d8169eb65fd,test,건강식품,T3 개념확장,q_건강식품_04,건강식품,식료품 중 '건강식품'을 판매·제공하는 매장,aede93ef-a560-4b86-8550-c73191e08f39,연서건강식품,건강식품,연서시장,전통시장,서울특별시,3.0,3.0,,,RESOLVED_AGREEMENT,False,3,,,,
d30a2674204dc06f74f2,test,건강식품,T3 개념확장,q_건강식품_04,건강식품,식료품 중 '건강식품'을 판매·제공하는 매장,98d41881-7184-4452-adfb-60084770305c,건강나라,건강식품,자양전통시장,전통시장,서울특별시,3.0,3.0,,,RESOLVED_AGREEMENT,False,3,,,,
64c90c43fc30a243000b,test,건강식품,T3 개념확장,q_건강식품_04,건강식품,식료품 중 '건강식품'을 판매·제공하는 매장,eb8d8f22-b825-47bb-97fa-886bb9f70afa,건강시대,건강식품,주안시민지하도상점가,일반지하상점가,인천광역시,3.0,3.0,,,RESOLVED_AGREEMENT,False,3,,,,
56c2e62d78107c2c1664,test,건강식품,T3 개념확장,q_건강식품_04,건강식품,식료품 중 '건강식품'을 판매·제공하는 매장,008b065b-181b-4891-95dc-7a77a7c143d1,혜화온누리약국,약국,유성도안 골목형상점가,골목형상점가,대전광역시,1.0,2.0,,,P1_BINARY_THRESHOLD,True,,,,,
5b4387f9a021028cbc49,test,건강식품,T3 개념확장,q_건강식품_04,건강식품,식료품 중 '건강식품'을 판매·제공하는 매장,00bd78a7-2a89-48d4-b7ec-efe5116ce2a4,반월당경북약국,약국,메트로센터(반월당지하쇼핑),일반지하상점가,대구광역시,1.0,2.0,,,P1_BINARY_THRESHOLD,True,,,,,
c7afd8cbd1d5bd943faa,test,건강식품,T3 개념확장,q_건강식품_04,건강식품,식료품 중 '건강식품'을 판매·제공하는 매장,008a831c-1fd3-4b7c-96c1-0e92332ccbf3,명성약국,의약품,공주산성시장,전통시장,충청남도,1.0,2.0,,,P1_BINARY_THRESHOLD,True,,,,,
129804c8d6210b0cfb1a,test,건강식품,T3 개념확장,q_건강식품_05,수삼,식료품 중 '건강식품'을 판매·제공하는 매장,00e92856-b294-4032-8540-d60e9817f2d8,럭키약국,"의약품, 건강기능식품, 식품",충무로골목형상점가,골목형상점가,서울특별시,2.0,3.0,,,P2_GRADED_ONLY,True,,,,,
c101d1a03435c4d54e3b,test,건강식품,T3 개념확장,q_건강식품_05,수삼,식료품 중 '건강식품'을 판매·제공하는 매장,f35e8c5a-14b0-4407-91d9-d5c092f9dd5d,금산명품인삼,수삼,금산수삼시장,전통시장,충청남도,3.0,3.0,,,RESOLVED_AGREEMENT,False,3,,,,
28be51856ea501ba5c48,test,건강식품,T3 개념확장,q_건강식품_05,수삼,식료품 중 '건강식품'을 판매·제공하는 매장,c996baeb-f17a-44ea-8c2a-ca57bcefe21d,원덕인삼,수삼,경동시장,전통시장,서울특별시,3.0,3.0,,,RESOLVED_AGREEMENT,False,3,,,,
775edf53d42ce1da1faf,test,건강식품,T3 개념확장,q_건강식품_05,수삼,식료품 중 '건강식품'을 판매·제공하는 매장,d6862b2c-7253-40b0-ad47-d66a26fef865,이다원인삼가,수삼,풍기선비골인삼시장,전통시장,경상북도,3.0,3.0,,,RESOLVED_AGREEMENT,False,3,,,,
1772523164c92201ee2c,test,건강식품,T3 개념확장,q_건강식품_05,수삼,식료품 중 '건강식품'을 판매·제공하는 매장,8242e088-ce3d-4005-a4f0-981b34f8bc21,일순인삼사,수삼,풍기토종인삼시장,전통시장,경상북도,3.0,3.0,,,RESOLVED_AGREEMENT,False,3,,,,
ae472e345f87d6a87326,test,건강식품,T3 개념확장,q_건강식품_05,수삼,식료품 중 '건강식품'을 판매·제공하는 매장,c6b307d0-45a6-45e9-9f63-7e6d3427424c,플러스인삼4호,수삼,금산수삼센터,전통시장,충청남도,3.0,3.0,,,RESOLVED_AGREEMENT,False,3,,,,
798b5439e3a46b0d23c9,test,건강식품,T3 개념확장,q_건강식품_05,수삼,식료품 중 '건강식품'을 판매·제공하는 매장,7ca60d0a-76c5-46e6-805b-65a2d1becef9,수삼센터85호,수삼,금산수삼센터,전통시장,충청남도,3.0,3.0,,,RESOLVED_AGREEMENT,False,3,,,,
1c85f5626254099d0023,test,건강식품,T3 개념확장,q_건강식품_05,수삼,식료품 중 '건강식품'을 판매·제공하는 매장,c73a9981-e5f7-4d99-b14f-036e40329f33,금산수삼센타,수삼,금산수삼센터,전통시장,충청남도,3.0,3.0,,,RESOLVED_AGREEMENT,False,3,,,,
f07b2346f5dbc3bde3a8,test,건강식품,T3 개념확장,q_건강식품_05,수삼,식료품 중 '건강식품'을 판매·제공하는 매장,cd28646c-5e4a-4ded-a3bc-0359a4df8f47,정인인삼,수삼,금산수삼시장,전통시장,충청남도,3.0,3.0,,,RESOLVED_AGREEMENT,False,3,,,,
fa0b43db8b9ad519aa65,test,건강식품,T3 개념확장,q_건강식품_05,수삼,식료품 중 '건강식품'을 판매·제공하는 매장,027cecd7-d8bb-40f9-9532-06a27b7792e9,정관장홍삼 내손동점,홍삼,의왕예술의거리골목형상점가,골목형상점가,경기도,2.0,3.0,,,P2_GRADED_ONLY,True,,,,,
3d828ada11670819f431,test,건강식품,T3 개념확장,q_건강식품_05,수삼,식료품 중 '건강식품'을 판매·제공하는 매장,00b64830-f897-4643-a5fa-6d8950c2ef89,낭만상회,식품,문산자유시장,전통시장,경기도,1.0,0.0,,,P2_GRADED_ONLY,True,,,,,
65bc3717b83d7e912122,test,건강식품,T3 개념확장,q_건강식품_05,수삼,식료품 중 '건강식품'을 판매·제공하는 매장,59f41387-597e-437d-9425-e1111ff3fd2b,산수옥,모밀,금호운천로상인회 골목형상점가,골목형상점가,광주광역시,0.0,0.0,,,RESOLVED_AGREEMENT,False,0,,,,
40972f1d2847ad7f6742,test,건강식품,T3 개념확장,q_건강식품_05,수삼,식료품 중 '건강식품'을 판매·제공하는 매장,02bbd5a1-d6ce-4cd4-acaf-647befb7d68a,풍기본가인삼사,수삼,풍기토종인삼시장,전통시장,경상북도,3.0,3.0,,,RESOLVED_AGREEMENT,False,3,,,,
1750862cd66cdad47346,test,건강식품,T3 개념확장,q_건강식품_05,수삼,식료품 중 '건강식품'을 판매·제공하는 매장,3c0b8bc0-54a6-4071-81d6-b7e1eb6e3c4a,금산순이네 인삼,수삼,금산수삼시장,전통시장,충청남도,3.0,3.0,,,RESOLVED_AGREEMENT,False,3,,,,
82636b65f98d40b00781,test,건강식품,T3 개념확장,q_건강식품_05,수삼,식료품 중 '건강식품'을 판매·제공하는 매장,6ca517ea-a07f-4a46-b087-e42d1f3495b9,부부한우촌,육류,화봉시장(화봉종합시장),전통시장,울산광역시,0.0,0.0,,,RESOLVED_AGREEMENT,False,0,,,,
086a06c1f65c73d97756,test,건강식품,T3 개념확장,q_건강식품_05,수삼,식료품 중 '건강식품'을 판매·제공하는 매장,02cd45e9-fe92-42d2-9ae1-da8fc01edbdb,(주)서울인삼유통,홍삼,경동시장,전통시장,서울특별시,2.0,3.0,,,P2_GRADED_ONLY,True,,,,,
4b47bd6ff3e9761c711a,test,건강식품,T3 개념확장,q_건강식품_05,수삼,식료품 중 '건강식품'을 판매·제공하는 매장,df09b4a7-ff15-4ef5-a184-21f277a6b3ab,수삼센터,수삼,금산수삼센터,전통시장,충청남도,3.0,3.0,,,RESOLVED_AGREEMENT,False,3,,,,
2c78d76ac8e4e74df14b,test,건강식품,T3 개념확장,q_건강식품_05,수삼,식료품 중 '건강식품'을 판매·제공하는 매장,004b2dbc-a37a-4c33-8661-ca25a873ac90,중앙인삼사,인삼,통영중앙전통시장,전통시장,경상남도,2.0,3.0,,,P2_GRADED_ONLY,True,,,,,
06e270d3c676e6ba3a7d,test,건강식품,T3 개념확장,q_건강식품_05,수삼,식료품 중 '건강식품'을 판매·제공하는 매장,9881c5df-a4e1-4a79-b209-df0253a8c447,고려인삼,인삼 수삼,안양중앙시장,전통시장,경기도,3.0,3.0,,,RESOLVED_AGREEMENT,False,3,,,,
c6cf915d1cc19dffdbe2,test,건강식품,T3 개념확장,q_건강식품_05,수삼,식료품 중 '건강식품'을 판매·제공하는 매장,01049348-bdd8-4303-a750-8f85f7029a84,사랑의손효소마을,건강식품,구미형곡시장프라자,전통시장,경상북도,2.0,3.0,,,P2_GRADED_ONLY,True,,,,,
7b9346c6d078a8823d41,test,건강식품,T3 개념확장,q_건강식품_05,수삼,식료품 중 '건강식품'을 판매·제공하는 매장,00b6e321-5954-437c-b1d9-94fded29f67e,웰빙마트,식품,서남신시장,전통시장,대구광역시,1.0,1.0,,,RESOLVED_AGREEMENT,False,1,,,,
4bc2f6f203217686280e,test,건강식품,T3 개념확장,q_건강식품_05,수삼,식료품 중 '건강식품'을 판매·제공하는 매장,016f8113-22a7-4ef1-a80f-0562dd2a06e9,동이식품,"식품, 농산물",중앙신시장,전통시장,경상북도,1.0,1.0,,,RESOLVED_AGREEMENT,False,1,,,,
8024180e17c24122b932,test,건강식품,T3 개념확장,q_건강식품_05,수삼,식료품 중 '건강식품'을 판매·제공하는 매장,023caced-6133-4a64-839b-a1c69c27bb87,정관장과천점,소매업(홍삼제품),별양동상점가,자율상권구역,경기도,2.0,3.0,,,P2_GRADED_ONLY,True,,,,,
480fe7ef0d3de0483fd1,test,건강식품,T3 개념확장,q_건강식품_05,수삼,식료품 중 '건강식품'을 판매·제공하는 매장,c69f7d14-8f55-4916-a72d-7a0bdbacb72c,수삼센터89호,수삼,금산수삼센터,전통시장,충청남도,3.0,3.0,,,RESOLVED_AGREEMENT,False,3,,,,
8375b9aaeaac3cc3fb8a,test,건강식품,T3 개념확장,q_건강식품_05,수삼,식료품 중 '건강식품'을 판매·제공하는 매장,00768c91-a678-4fbc-a372-a2ee0260218f,수택온누리약국,,구리시 구도심 상권활성화구역,상권활성화구역,경기도,1.0,2.0,,,P1_BINARY_THRESHOLD,True,,,,,
f8910cc8d335115ef650,test,건강식품,T3 개념확장,q_건강식품_05,수삼,식료품 중 '건강식품'을 판매·제공하는 매장,ff64c105-04bb-476f-bf0e-ce845e5b5deb,수삼센터91호,수삼,금산수삼센터,전통시장,충청남도,3.0,3.0,,,RESOLVED_AGREEMENT,False,3,,,,
706888493bd4b6125d45,test,건강식품,T3 개념확장,q_건강식품_05,수삼,식료품 중 '건강식품'을 판매·제공하는 매장,6bb16d81-20c0-4aa0-9650-b99d8bcb3a76,대한인삼,수삼,서문시장건해산물상가,전통시장,대구광역시,3.0,3.0,,,RESOLVED_AGREEMENT,False,3,,,,
b207e7b0eb7078d68965,test,건강식품,T3 개념확장,q_건강식품_05,수삼,식료품 중 '건강식품'을 판매·제공하는 매장,0040b4e6-7b74-4175-b54d-add4fe693d49,메디팜보명당약국,"의약품, 의료욕구, 복지욕구, 의료기기",점촌역전상점가,자율상권구역,경상북도,1.0,2.0,,,P1_BINARY_THRESHOLD,True,,,,,
35ecb2ba1091eda38ff6,test,건강식품,T3 개념확장,q_건강식품_05,수삼,식료품 중 '건강식품'을 판매·제공하는 매장,92767665-218c-42b6-9e77-b9b11ba68490,J. S통신,통신기기,인수로골목형상점가,골목형상점가,서울특별시,0.0,0.0,,,RESOLVED_AGREEMENT,False,0,,,,
bb08d4e873b2a7d99d20,test,건강식품,T3 개념확장,q_건강식품_05,수삼,식료품 중 '건강식품'을 판매·제공하는 매장,08c4bc48-c255-4de4-8e71-b487da66ddaa,수삼센타74호,수삼,금산수삼센터,전통시장,충청남도,3.0,3.0,,,RESOLVED_AGREEMENT,False,3,,,,
1e62cd05b780925854a3,test,건강식품,T3 개념확장,q_건강식품_05,수삼,식료품 중 '건강식품'을 판매·제공하는 매장,008b065b-181b-4891-95dc-7a77a7c143d1,혜화온누리약국,약국,유성도안 골목형상점가,골목형상점가,대전광역시,1.0,2.0,,,P1_BINARY_THRESHOLD,True,,,,,
add6a4c994c0b003806b,test,건강식품,T3 개념확장,q_건강식품_05,수삼,식료품 중 '건강식품'을 판매·제공하는 매장,7d61ad27-616a-43fa-a3d4-c2b0bdd3d675,수삼센타1호,수삼,금산수삼센터,전통시장,충청남도,3.0,3.0,,,RESOLVED_AGREEMENT,False,3,,,,
f0c8da10891f8f801e17,test,건강식품,T3 개념확장,q_건강식품_05,수삼,식료품 중 '건강식품'을 판매·제공하는 매장,43a01fb9-e8d3-4f0e-85db-f30a277b5447,좋은금산인삼,수삼,금산수삼센터,전통시장,충청남도,3.0,3.0,,,RESOLVED_AGREEMENT,False,3,,,,
1ebfba46e9857d1a50a3,test,건강식품,T3 개념확장,q_건강식품_05,수삼,식료품 중 '건강식품'을 판매·제공하는 매장,cd48ee88-6734-40b9-bfcd-ac10fbdaf71a,수삼센터 79호,수삼,금산수삼센터,전통시장,충청남도,3.0,3.0,,,RESOLVED_AGREEMENT,False,3,,,,
9db19d0431dc220fb7af,test,건강식품,T3 개념확장,q_건강식품_05,수삼,식료품 중 '건강식품'을 판매·제공하는 매장,ee864cd4-6c55-4076-8329-fbae987608a8,광장수삼,수삼,광장시장,전통시장,서울특별시,3.0,3.0,,,RESOLVED_AGREEMENT,False,3,,,,
e588f007dbca511ce4c8,test,건강식품,T3 개념확장,q_건강식품_05,수삼,식료품 중 '건강식품'을 판매·제공하는 매장,aca42604-a161-42c5-be1f-6ba938d8ea4b,금산수삼센타,수삼,금산수삼센터,전통시장,충청남도,3.0,3.0,,,RESOLVED_AGREEMENT,False,3,,,,
68f0091d4606cb0383c0,test,건강식품,T3 개념확장,q_건강식품_05,수삼,식료품 중 '건강식품'을 판매·제공하는 매장,4cf0f093-d08b-4777-95bd-436201ae1b49,금산수삼센터,수삼,금산수삼센터,전통시장,충청남도,3.0,3.0,,,RESOLVED_AGREEMENT,False,3,,,,
6b81f834ec1f5a7d5921,test,건강식품,T3 개념확장,q_건강식품_05,수삼,식료품 중 '건강식품'을 판매·제공하는 매장,008a831c-1fd3-4b7c-96c1-0e92332ccbf3,명성약국,의약품,공주산성시장,전통시장,충청남도,1.0,2.0,,,P1_BINARY_THRESHOLD,True,,,,,
45b884e83033355dc33f,test,건강식품,T3 개념확장,q_건강식품_05,수삼,식료품 중 '건강식품'을 판매·제공하는 매장,66525707-5912-4181-bd29-e92d94b738cd,금산수수삼센터,수삼,금산수삼센터,전통시장,충청남도,3.0,3.0,,,RESOLVED_AGREEMENT,False,3,,,,
783f22dd0c27e6225983,test,건강식품,T3 개념확장,q_건강식품_05,수삼,식료품 중 '건강식품'을 판매·제공하는 매장,017027d8-dbc4-49d9-82f8-f16291770c91,강릉인삼사,인삼건강식품,경동시장,전통시장,서울특별시,2.0,3.0,,,P2_GRADED_ONLY,True,,,,,
5fc3302ea65508a83c34,test,건강식품,T3 개념확장,q_건강식품_05,수삼,식료품 중 '건강식품'을 판매·제공하는 매장,006929a4-6712-43ca-80d7-f540710009b5,삼송프라자약국,의약품 외 건강기능식품,신원권율3 골목형상점가,골목형상점가,경기도,2.0,3.0,,,P2_GRADED_ONLY,True,,,,,
7cba762fafe427b4a91d,test,건강식품,T3 개념확장,q_건강식품_05,수삼,식료품 중 '건강식품'을 판매·제공하는 매장,f084e0a3-a9a6-4337-828f-14204dab3fc5,태혁인삼사,수삼,금산수삼시장,전통시장,충청남도,3.0,3.0,,,RESOLVED_AGREEMENT,False,3,,,,
684b9cd0c539fdc5136e,test,건강식품,T3 개념확장,q_건강식품_05,수삼,식료품 중 '건강식품'을 판매·제공하는 매장,3b71dae3-da6c-4e70-9638-4955dad0e580,수삼센타18호,수삼,금산수삼센터,전통시장,충청남도,3.0,3.0,,,RESOLVED_AGREEMENT,False,3,,,,
071dbff1bdc66d826a41,test,건강식품,T3 개념확장,q_건강식품_05,수삼,식료품 중 '건강식품'을 판매·제공하는 매장,794b70a1-60b5-438c-a94d-3c124f431913,수삼센터9호,수삼,금산수삼센터,전통시장,충청남도,3.0,3.0,,,RESOLVED_AGREEMENT,False,3,,,,
c2bac1be97dcc5008fc0,test,건강식품,T3 개념확장,q_건강식품_05,수삼,식료품 중 '건강식품'을 판매·제공하는 매장,1b68ce1b-3021-4583-bf8f-0c4d80c14d9e,대원인삼사,수삼,풍기선비골인삼시장,전통시장,경상북도,3.0,3.0,,,RESOLVED_AGREEMENT,False,3,,,,
74a4aff807cfd7e6eb9d,test,건강식품,T3 개념확장,q_건강식품_05,수삼,식료품 중 '건강식품'을 판매·제공하는 매장,86471046-1921-4aab-8463-b3eb176bc47c,홍사자농장,수삼,무주시장(반딧불장터),전통시장,전북특별자치도,3.0,3.0,,,RESOLVED_AGREEMENT,False,3,,,,
ba3efbe8f89493884bec,test,건강식품,T3 개념확장,q_건강식품_05,수삼,식료품 중 '건강식품'을 판매·제공하는 매장,b5713d41-c83d-4b42-83d6-897ec49382bb,금산수삼센터,수삼,금산수삼센터,전통시장,충청남도,3.0,3.0,,,RESOLVED_AGREEMENT,False,3,,,,
ce3362c3516ab325f411,test,건강식품,T3 개념확장,q_건강식품_05,수삼,식료품 중 '건강식품'을 판매·제공하는 매장,01f1ff87-d7c5-4c13-b60e-937f9d6221fd,수삼센터 83호,인삼(수삼),금산수삼센터,전통시장,충청남도,3.0,3.0,,,RESOLVED_AGREEMENT,False,3,,,,
e01bfc41dd50db91ae5f,test,건강식품,T3 개념확장,q_건강식품_05,수삼,식료품 중 '건강식품'을 판매·제공하는 매장,1d01e54d-feb7-4943-b1b4-20d19bc17b92,수삼센터87호,수삼,금산수삼센터,전통시장,충청남도,3.0,3.0,,,RESOLVED_AGREEMENT,False,3,,,,
fae7fbd5b35c984cc56f,test,건강식품,T3 개념확장,q_건강식품_05,수삼,식료품 중 '건강식품'을 판매·제공하는 매장,34c09e6b-7d8d-466e-b92d-8e3eb0868f16,한솔정보,컴퓨터및주변장치 소프트웨어 경미한공사,팔복동 골목형상점가,골목형상점가,전북특별자치도,0.0,0.0,,,RESOLVED_AGREEMENT,False,0,,,,
843545008c0c989ecc09,test,건강식품,T3 개념확장,q_건강식품_05,수삼,식료품 중 '건강식품'을 판매·제공하는 매장,4c2670e2-db60-47ed-9d4b-1a471bb2196a,태양인삼사,수삼,풍기인삼시장,전통시장,경상북도,3.0,3.0,,,RESOLVED_AGREEMENT,False,3,,,,
ca8157921c0bf1b38f25,test,건강식품,T3 개념확장,q_건강식품_05,수삼,식료품 중 '건강식품'을 판매·제공하는 매장,89c4f49b-e645-4823-bd0f-86f5b42fa9b2,토종인삼사,수삼,금산약초시장,전통시장,충청남도,3.0,3.0,,,RESOLVED_AGREEMENT,False,3,,,,
31fe382ed41166e1e3d7,test,건강식품,T3 개념확장,q_건강식품_05,수삼,식료품 중 '건강식품'을 판매·제공하는 매장,b83de26b-d47a-4e50-bf54-9bca13a92b9b,금산수삼센터,수삼,금산수삼센터,전통시장,충청남도,3.0,3.0,,,RESOLVED_AGREEMENT,False,3,,,,
727b3faabe5112fb3095,test,건강식품,T3 개념확장,q_건강식품_05,수삼,식료품 중 '건강식품'을 판매·제공하는 매장,712328a5-2547-4368-9492-be23498af524,컴포즈커피목포평화광장점,휴게음식점,평화광장 먹자골목상점가,골목형상점가,전라남도,0.0,0.0,,,RESOLVED_AGREEMENT,False,0,,,,
f74cc3973a3460c78a03,test,건강식품,T3 개념확장,q_건강식품_05,수삼,식료품 중 '건강식품'을 판매·제공하는 매장,bfeeca0c-7561-419b-8732-9078632f40f1,수삼센터 도매2호,인삼(수삼),금산수삼센터,전통시장,충청남도,3.0,3.0,,,RESOLVED_AGREEMENT,False,3,,,,
88d3c995cf606513d83f,test,건강식품,T3 개념확장,q_건강식품_05,수삼,식료품 중 '건강식품'을 판매·제공하는 매장,f91ce7dd-c7de-483a-833a-2d5e256f4491,수삼센타 11호,수삼,금산수삼센터,전통시장,충청남도,3.0,3.0,,,RESOLVED_AGREEMENT,False,3,,,,
e367155b1239d35fad51,test,건강식품,T3 개념확장,q_건강식품_05,수삼,식료품 중 '건강식품'을 판매·제공하는 매장,3208cfb8-305f-4dfa-97d2-cd61840b2452,뚜레주르,제과점,구성언남 골목형상점가,골목형상점가,경기도,0.0,0.0,,,RESOLVED_AGREEMENT,False,0,,,,
fb9bd4034779dec4c754,test,건강식품,T3 개념확장,q_건강식품_05,수삼,식료품 중 '건강식품'을 판매·제공하는 매장,0112a558-2787-41dc-ae68-695e60c4930c,해동그랜드약국,약국,전곡시장,전통시장,서울특별시,1.0,2.0,,,P1_BINARY_THRESHOLD,True,,,,,
455fac508de90d3d9a6c,test,건강식품,T3 개념확장,q_건강식품_05,수삼,식료품 중 '건강식품'을 판매·제공하는 매장,7f503693-c115-490c-be62-e86eb061ef75,수매장41호,수삼,금산수삼센터,전통시장,충청남도,3.0,3.0,,,RESOLVED_AGREEMENT,False,3,,,,
c225d9ffdaddb40868e1,test,건강식품,T3 개념확장,q_건강식품_05,수삼,식료품 중 '건강식품'을 판매·제공하는 매장,4364186f-8bee-4633-bb26-2606a9b75908,한보인삼사,수삼,풍기인삼시장,전통시장,경상북도,3.0,3.0,,,RESOLVED_AGREEMENT,False,3,,,,
c8cc164117472ec89811,test,건강식품,T3 개념확장,q_건강식품_05,수삼,식료품 중 '건강식품'을 판매·제공하는 매장,002c02f2-4428-4a84-a248-7b23ae109459,정관장 반석점,홍삼건강식품,지족반석 골목형상점가,골목형상점가,대전광역시,2.0,3.0,,,P2_GRADED_ONLY,True,,,,,
dd37117a6d4682f34604,test,건강식품,T3 개념확장,q_건강식품_05,수삼,식료품 중 '건강식품'을 판매·제공하는 매장,642df609-b8c8-412b-bead-66404b882651,금산수삼센타,수삼,금산수삼센터,전통시장,충청남도,3.0,3.0,,,RESOLVED_AGREEMENT,False,3,,,,
44a8548903c9e085d6e7,test,건강식품,T3 개념확장,q_건강식품_05,수삼,식료품 중 '건강식품'을 판매·제공하는 매장,00339341-0652-4ec2-abc9-9cfd99cfafd8,정관장 화서시장점,건강기능식품,화서시장,전통시장,경기도,2.0,3.0,,,P2_GRADED_ONLY,True,,,,,
08a328f5b52e33bcea63,test,건강식품,T3 개념확장,q_건강식품_05,수삼,식료품 중 '건강식품'을 판매·제공하는 매장,009bd725-6319-41ec-87fb-f904d54243ca,현대인삼,"홍삼, 인삼",경동시장,전통시장,서울특별시,2.0,3.0,,,P2_GRADED_ONLY,True,,,,,
38ae132180d5b9fd2fcd,test,건강식품,T3 개념확장,q_건강식품_05,수삼,식료품 중 '건강식품'을 판매·제공하는 매장,00140fab-ec56-4d81-8a03-d3d4aa8d5a49,계령약국,의약품,성대시장골목형상점가,골목형상점가,서울특별시,1.0,2.0,,,P1_BINARY_THRESHOLD,True,,,,,
d22c4952239722171983,test,건강식품,T3 개념확장,q_건강식품_05,수삼,식료품 중 '건강식품'을 판매·제공하는 매장,0048134e-4060-4bf0-bffb-0cac8a53f2d8,사랑의뜰안 북광주점,건강기능식품,운암대자골 골목형상점가,골목형상점가,광주광역시,2.0,3.0,,,P2_GRADED_ONLY,True,,,,,
b80234777d3c964a2898,test,건강식품,T3 개념확장,q_건강식품_05,수삼,식료품 중 '건강식품'을 판매·제공하는 매장,357b2edf-bae6-4d8d-8e6a-a8cb57c0943c,도매38호,수삼,금산수삼센터,전통시장,충청남도,3.0,3.0,,,RESOLVED_AGREEMENT,False,3,,,,
306a4768e909b0339d45,test,건강식품,T3 개념확장,q_건강식품_05,수삼,식료품 중 '건강식품'을 판매·제공하는 매장,01befe6d-bfd6-4c6f-be43-d02efffe1dd1,성덕인삼,인삼,부전인삼시장,전통시장,부산광역시,2.0,3.0,,,P2_GRADED_ONLY,True,,,,,
08fb311f1278a44c38bb,test,건강식품,T3 개념확장,q_건강식품_05,수삼,식료품 중 '건강식품'을 판매·제공하는 매장,00bd78a7-2a89-48d4-b7ec-efe5116ce2a4,반월당경북약국,약국,메트로센터(반월당지하쇼핑),일반지하상점가,대구광역시,1.0,2.0,,,P1_BINARY_THRESHOLD,True,,,,,
db2eba3575caded172ce,test,건강식품,T3 개념확장,q_건강식품_05,수삼,식료품 중 '건강식품'을 판매·제공하는 매장,0fcba534-b523-4d5c-a028-4278c9b3d8d1,금산수삼센타,수삼,금산수삼센터,전통시장,충청남도,3.0,3.0,,,RESOLVED_AGREEMENT,False,3,,,,
f2360a3d4eaf0fe41c48,test,건강식품,T3 개념확장,q_건강식품_05,수삼,식료품 중 '건강식품'을 판매·제공하는 매장,47a80183-9104-4b47-98ed-c70344b00253,성일인삼,"수삼, 인삼",경동시장,전통시장,서울특별시,3.0,3.0,,,RESOLVED_AGREEMENT,False,3,,,,
e8670d7627f20f975817,test,건강식품,T3 개념확장,q_건강식품_05,수삼,식료품 중 '건강식품'을 판매·제공하는 매장,2698af2d-f7d3-43b8-a5de-de83366d4600,수삼센터70호,수삼,금산수삼센터,전통시장,충청남도,3.0,3.0,,,RESOLVED_AGREEMENT,False,3,,,,
c5865d90f015fdf561d0,test,건강식품,T3 개념확장,q_건강식품_05,수삼,식료품 중 '건강식품'을 판매·제공하는 매장,21d850b4-b751-4384-a0dd-e15ad9e6f13c,금산수삼,"수삼, 약초, 건어물",강경대흥시장,전통시장,충청남도,3.0,3.0,,,RESOLVED_AGREEMENT,False,3,,,,
958422a850f0b2fd4561,test,건강식품,T3 개념확장,q_건강식품_05,수삼,식료품 중 '건강식품'을 판매·제공하는 매장,02be019a-4b05-4459-818a-e5e816fa0c03,수삼센터 38호,수삼,금산수삼센터,전통시장,충청남도,3.0,3.0,,,RESOLVED_AGREEMENT,False,3,,,,
8f2fbf2e186dc4bc697a,test,건강식품,T3 개념확장,q_건강식품_05,수삼,식료품 중 '건강식품'을 판매·제공하는 매장,6c3ab275-8bdf-488d-a7ac-0361369cf22a,수삼센터89호,수삼,금산수삼센터,전통시장,충청남도,3.0,3.0,,,RESOLVED_AGREEMENT,False,3,,,,
0c169d228e26675c9e96,test,건강식품,T3 개념확장,q_건강식품_05,수삼,식료품 중 '건강식품'을 판매·제공하는 매장,980a310c-0785-4317-9e02-a6157feba947,금산수삼센타,수삼,금산수삼센터,전통시장,충청남도,3.0,3.0,,,RESOLVED_AGREEMENT,False,3,,,,
bababc1706377bd351f2,test,건강식품,T3 개념확장,q_건강식품_05,수삼,식료품 중 '건강식품'을 판매·제공하는 매장,908d6a12-75cc-4651-9d50-3fa2a4e210ac,현대만석인삼사,수삼,풍기인삼시장,전통시장,경상북도,3.0,3.0,,,RESOLVED_AGREEMENT,False,3,,,,
1732827a6bbcea646703,test,건강식품,T3 개념확장,q_건강식품_05,수삼,식료품 중 '건강식품'을 판매·제공하는 매장,25112fef-e129-40a4-9363-6304d6f2dc31,천하인삼사,수삼,풍기인삼시장,전통시장,경상북도,3.0,3.0,,,RESOLVED_AGREEMENT,False,3,,,,
abfe83f2b3b5c5a9882b,test,건강식품,T3 개념확장,q_건강식품_05,수삼,식료품 중 '건강식품'을 판매·제공하는 매장,5f5092e0-c478-40b3-85bf-85b54354710c,금산수삼센터,수삼,금산수삼센터,전통시장,충청남도,3.0,3.0,,,RESOLVED_AGREEMENT,False,3,,,,
5014f04c3d9674160fb9,test,건강식품,T3 개념확장,q_건강식품_05,수삼,식료품 중 '건강식품'을 판매·제공하는 매장,e0385651-6299-4874-aa4d-8078b8d31f05,금산수삼센터,수삼,금산수삼센터,전통시장,충청남도,3.0,3.0,,,RESOLVED_AGREEMENT,False,3,,,,
33b3b94b79d36db9d27d,test,건강식품,T3 개념확장,q_건강식품_05,수삼,식료품 중 '건강식품'을 판매·제공하는 매장,c10735b6-e0a2-40af-9c9f-e4c9e77a964d,수삼센터 61호,수삼,금산수삼센터,전통시장,충청남도,3.0,3.0,,,RESOLVED_AGREEMENT,False,3,,,,
5e327181f46619e95481,test,건강식품,T3 개념확장,q_건강식품_05,수삼,식료품 중 '건강식품'을 판매·제공하는 매장,7cad5c55-03d1-4873-b802-40a1095f5682,42ND STREET DONUTS,"피자, 햄버거, 샌드위치 등",평택국제중앙시장,전통시장,경기도,0.0,0.0,,,RESOLVED_AGREEMENT,False,0,,,,
56c0c4788b70f7b30a6d,test,건강식품,T3 개념확장,q_건강식품_05,수삼,식료품 중 '건강식품'을 판매·제공하는 매장,3a7dc17b-3ed0-43f0-8723-22fde08a0fe6,안동짭짜리,안동간고등어,중앙신시장,전통시장,경상북도,0.0,0.0,,,RESOLVED_AGREEMENT,False,0,,,,
d08e32d61b0a8b9f884d,test,건강식품,T3 개념확장,q_건강식품_05,수삼,식료품 중 '건강식품'을 판매·제공하는 매장,8388cf4c-d21d-48f2-8ff8-e0c9040c3b78,금산수삼센타,수삼,금산수삼센터,전통시장,충청남도,3.0,3.0,,,RESOLVED_AGREEMENT,False,3,,,,
5b3373c41dfb6f36c032,test,건강식품,T3 개념확장,q_건강식품_05,수삼,식료품 중 '건강식품'을 판매·제공하는 매장,55576fe3-4e4f-47ae-83b1-fe6750510d2e,수매장2호,수삼,금산수삼센터,전통시장,충청남도,3.0,3.0,,,RESOLVED_AGREEMENT,False,3,,,,
0cd800f315956e27b7ce,test,건강식품,T3 개념확장,q_건강식품_05,수삼,식료품 중 '건강식품'을 판매·제공하는 매장,000db6d6-585c-4aba-94e7-fc6a23a694fb,시민약국,의약품,문경중앙시장,전통시장,경상북도,1.0,2.0,,,P1_BINARY_THRESHOLD,True,,,,,
7453c5f5834678d2a1ac,test,건강식품,T3 개념확장,q_건강식품_05,수삼,식료품 중 '건강식품'을 판매·제공하는 매장,9b6552a4-2256-40f5-b5b4-f723d6741816,고려수삼13호,수삼,금산수삼센터,전통시장,충청남도,3.0,3.0,,,RESOLVED_AGREEMENT,False,3,,,,
3a4cbcbf0c55b616c596,test,건강식품,T3 개념확장,q_건강식품_05,수삼,식료품 중 '건강식품'을 판매·제공하는 매장,001961d9-cb5d-40bc-903a-33d483f7d132,헬씨스탠다드,"건강기능식품, 쌀, 견과류, 약재",응암소담길 골목형상점가,골목형상점가,서울특별시,2.0,3.0,,,P2_GRADED_ONLY,True,,,,,
4a5583ffb8089c04b92b,test,건강식품,T3 개념확장,q_건강식품_05,수삼,식료품 중 '건강식품'을 판매·제공하는 매장,56595ebc-547e-4838-b328-f460dc198303,고려수삼,수삼,금산수삼시장,전통시장,충청남도,3.0,3.0,,,RESOLVED_AGREEMENT,False,3,,,,
4be4ec2292d9046daafc,test,건강식품,T3 개념확장,q_건강식품_05,수삼,식료품 중 '건강식품'을 판매·제공하는 매장,17124fb5-986b-4949-9dc9-a95fb367fc66,금산수삼센타,수삼,금산수삼센터,전통시장,충청남도,3.0,3.0,,,RESOLVED_AGREEMENT,False,3,,,,
a7eb2363f58193d3010a,test,건강식품,T3 개념확장,q_건강식품_05,수삼,식료품 중 '건강식품'을 판매·제공하는 매장,019ac829-9ffd-42aa-bfd1-9da1dfba52e2,바디엔 약국,,남악1번가 골목형상점가,골목형상점가,,1.0,2.0,,,P1_BINARY_THRESHOLD,True,,,,,
03f421ed9f364333fb3e,test,건강식품,T3 개념확장,q_건강식품_05,수삼,식료품 중 '건강식품'을 판매·제공하는 매장,14dc4908-3fd3-4f34-a144-ccd8f86b7a7a,토종인삼 22,수삼,금산수삼시장,전통시장,충청남도,3.0,3.0,,,RESOLVED_AGREEMENT,False,3,,,,
48217df1eb30b7cc6750,test,건강식품,T3 개념확장,q_건강식품_05,수삼,식료품 중 '건강식품'을 판매·제공하는 매장,faed76a7-8aff-41fe-bd72-898d3cb996eb,수삼센터 수매장39호,수삼,금산수삼센터,전통시장,충청남도,3.0,3.0,,,RESOLVED_AGREEMENT,False,3,,,,
616a88124a367b68b4e7,test,건강식품,T3 개념확장,q_건강식품_06,칡즙,식료품 중 '건강식품'을 판매·제공하는 매장,c939ad51-9ba2-4e74-900b-54d5adc82a11,착한건강원,홍삼 배도라지즙 각종과일즙 한방약차 등,주월1동회재로 골목형상점가,골목형상점가,광주광역시,3.0,3.0,,,RESOLVED_AGREEMENT,False,3,,,,
1224b1758c6fb6553e7d,test,건강식품,T3 개념확장,q_건강식품_06,칡즙,식료품 중 '건강식품'을 판매·제공하는 매장,055443a0-8c7d-49db-9ff8-4eed7090a23b,채전밭,비트즙,건천시장,전통시장,경상북도,3.0,3.0,,,RESOLVED_AGREEMENT,False,3,,,,
5506954faa8ced9d62f3,test,건강식품,T3 개념확장,q_건강식품_06,칡즙,식료품 중 '건강식품'을 판매·제공하는 매장,000db6d6-585c-4aba-94e7-fc6a23a694fb,시민약국,의약품,문경중앙시장,전통시장,경상북도,1.0,2.0,,,P1_BINARY_THRESHOLD,True,,,,,
0a0a93bfae766ed7b106,test,건강식품,T3 개념확장,q_건강식품_06,칡즙,식료품 중 '건강식품'을 판매·제공하는 매장,3301506d-dbfb-4afd-9608-f73cf98266e0,광주서구지역자활센터 건강&즙,과일야채즙,상무1동아파트상인회 골목형상점가,골목형상점가,광주광역시,2.0,3.0,,,P2_GRADED_ONLY,True,,,,,
ab8d998ff237ca44ffcf,test,건강식품,T3 개념확장,q_건강식품_06,칡즙,식료품 중 '건강식품'을 판매·제공하는 매장,8f5952f8-bb4a-4c09-9c96-6693a97e6c0d,웰빙건강촌,건강즙,대구예전우시장,전통시장,대구광역시,3.0,3.0,,,RESOLVED_AGREEMENT,False,3,,,,
85d69cdb8b4ae824ff5c,test,건강식품,T3 개념확장,q_건강식품_06,칡즙,식료품 중 '건강식품'을 판매·제공하는 매장,004b2dbc-a37a-4c33-8661-ca25a873ac90,중앙인삼사,인삼,통영중앙전통시장,전통시장,경상남도,2.0,3.0,,,P2_GRADED_ONLY,True,,,,,
896a5d71a3e86a692db4,test,건강식품,T3 개념확장,q_건강식품_06,칡즙,식료품 중 '건강식품'을 판매·제공하는 매장,f58868c2-9526-4e37-bde2-abd31fd77ec8,시골건강원,건강즙,화성남양시장,전통시장,경기도,3.0,3.0,,,RESOLVED_AGREEMENT,False,3,,,,
5ba318943b49e14744e1,test,건강식품,T3 개념확장,q_건강식품_06,칡즙,식료품 중 '건강식품'을 판매·제공하는 매장,687311e2-e474-40e0-9001-5a585e0d3c66,화순건강원,각종즙,화순고인돌전통시장,전통시장,전라남도,2.0,3.0,,,P2_GRADED_ONLY,True,,,,,
adb76d35c7b1e4b24bef,test,건강식품,T3 개념확장,q_건강식품_06,칡즙,식료품 중 '건강식품'을 판매·제공하는 매장,00e92856-b294-4032-8540-d60e9817f2d8,럭키약국,"의약품, 건강기능식품, 식품",충무로골목형상점가,골목형상점가,서울특별시,2.0,3.0,,,P2_GRADED_ONLY,True,,,,,
9d64ddf9d816b15ffcfb,test,건강식품,T3 개념확장,q_건강식품_06,칡즙,식료품 중 '건강식품'을 판매·제공하는 매장,e6b9c36d-0d90-46de-8c25-8089f4559a5d,벌교 흑염소,배즙,벌교5일시장,전통시장,전라남도,3.0,3.0,,,RESOLVED_AGREEMENT,False,3,,,,
8640993c12de91ae6146,test,건강식품,T3 개념확장,q_건강식품_06,칡즙,식료품 중 '건강식품'을 판매·제공하는 매장,8afb05e0-29d5-461a-a83f-8ec545f2bcfb,동산건강원,양파즙,무안전통시장,전통시장,전라남도,2.0,3.0,,,P2_GRADED_ONLY,True,,,,,
a7efc7b24b9b962042f2,test,건강식품,T3 개념확장,q_건강식품_06,칡즙,식료품 중 '건강식품'을 판매·제공하는 매장,027cecd7-d8bb-40f9-9532-06a27b7792e9,정관장홍삼 내손동점,홍삼,의왕예술의거리골목형상점가,골목형상점가,경기도,2.0,3.0,,,P2_GRADED_ONLY,True,,,,,
5f18f98e8942a64cc14a,test,건강식품,T3 개념확장,q_건강식품_06,칡즙,식료품 중 '건강식품'을 판매·제공하는 매장,45eca081-cc37-40d5-834e-2dcbc5688357,수완푸른녹즙,음료품배달,흑석동 골목형상점가,골목형상점가,광주광역시,2.0,3.0,,,P2_GRADED_ONLY,True,,,,,
5287f60ce9a76ea27837,test,건강식품,T3 개념확장,q_건강식품_06,칡즙,식료품 중 '건강식품'을 판매·제공하는 매장,00bd78a7-2a89-48d4-b7ec-efe5116ce2a4,반월당경북약국,약국,메트로센터(반월당지하쇼핑),일반지하상점가,대구광역시,1.0,2.0,,,P1_BINARY_THRESHOLD,True,,,,,
41fe759be0be419f3419,test,건강식품,T3 개념확장,q_건강식품_06,칡즙,식료품 중 '건강식품'을 판매·제공하는 매장,abf6eefc-085e-426d-9996-3c01587d4766,허준과심마니,"약초, 칡등",속초중앙전통시장,전통시장,강원특별자치도,2.0,3.0,,,P2_GRADED_ONLY,True,,,,,
e131737785cfe531bbb4,test,건강식품,T3 개념확장,q_건강식품_06,칡즙,식료품 중 '건강식품'을 판매·제공하는 매장,206c9308-314d-4bb3-a036-0bcf0cd8119a,영천건강원,과채즙,민락골목시장,전통시장,부산광역시,2.0,3.0,,,P2_GRADED_ONLY,True,,,,,
b8a080c409748f8403aa,test,건강식품,T3 개념확장,q_건강식품_06,칡즙,식료품 중 '건강식품'을 판매·제공하는 매장,867a78e5-a666-4c50-9d49-28cd75de4a98,성우물산,대추즙,연산전통시장,전통시장,충청남도,3.0,3.0,,,RESOLVED_AGREEMENT,False,3,,,,
46d46226d1f20597d3f2,test,건강식품,T3 개념확장,q_건강식품_06,칡즙,식료품 중 '건강식품'을 판매·제공하는 매장,792eb352-1b51-4c39-a911-906bb1620e6f,조선건강원,즙,신도꼼지락시장,전통시장,대전광역시,2.0,3.0,,,P2_GRADED_ONLY,True,,,,,
ca2bc3c0234e4669ce9d,test,건강식품,T3 개념확장,q_건강식품_06,칡즙,식료품 중 '건강식품'을 판매·제공하는 매장,00339341-0652-4ec2-abc9-9cfd99cfafd8,정관장 화서시장점,건강기능식품,화서시장,전통시장,경기도,2.0,3.0,,,P2_GRADED_ONLY,True,,,,,
45ce586153e7ad3bd56a,test,건강식품,T3 개념확장,q_건강식품_06,칡즙,식료품 중 '건강식품'을 판매·제공하는 매장,ddf55c9f-b65d-4c90-96f8-c7ec9225c715,영광건강원,즙,오천시장,전통시장,경상북도,2.0,3.0,,,P2_GRADED_ONLY,True,,,,,
70679515f2d8e07c30b4,test,건강식품,T3 개념확장,q_건강식품_06,칡즙,식료품 중 '건강식품'을 판매·제공하는 매장,00768c91-a678-4fbc-a372-a2ee0260218f,수택온누리약국,,구리시 구도심 상권활성화구역,상권활성화구역,경기도,1.0,2.0,,,P1_BINARY_THRESHOLD,True,,,,,
a0b98545e5c69d9fbbf9,test,건강식품,T3 개념확장,q_건강식품_06,칡즙,식료품 중 '건강식품'을 판매·제공하는 매장,a6566103-1f5d-4353-90ab-7d8000e455e9,거먹골 칡냉면,냉면,광교매탄 골목형상점가,골목형상점가,경기도,0.0,0.0,,,RESOLVED_AGREEMENT,False,0,,,,
8d864a6d8d5657db440e,test,건강식품,T3 개념확장,q_건강식품_06,칡즙,식료품 중 '건강식품'을 판매·제공하는 매장,62ea6b0d-83db-4446-8a56-d5c0534668cd,태백칡냉면,칡냉면,엄사 골목형상점가,골목형상점가,충청남도,0.0,0.0,,,RESOLVED_AGREEMENT,False,0,,,,
4db8ab87d9253dc66d4e,test,건강식품,T3 개념확장,q_건강식품_06,칡즙,식료품 중 '건강식품'을 판매·제공하는 매장,52e514dd-045e-46ca-bb23-38ec43636996,보정순대국,순대국,보정중심 골목형상점가,골목형상점가,경기도,0.0,0.0,,,RESOLVED_AGREEMENT,False,0,,,,
9428ce862ce55e402578,test,건강식품,T3 개념확장,q_건강식품_06,칡즙,식료품 중 '건강식품'을 판매·제공하는 매장,023caced-6133-4a64-839b-a1c69c27bb87,정관장과천점,소매업(홍삼제품),별양동상점가,자율상권구역,경기도,2.0,3.0,,,P2_GRADED_ONLY,True,,,,,
5a208afbf5f9c1926000,test,건강식품,T3 개념확장,q_건강식품_06,칡즙,식료품 중 '건강식품'을 판매·제공하는 매장,b658dedd-f9db-42cd-898c-7ab3b108785c,우선건강원,건강즙,말바우시장,전통시장,광주광역시,3.0,3.0,,,RESOLVED_AGREEMENT,False,3,,,,
0d257cd85263fff7d17e,test,건강식품,T3 개념확장,q_건강식품_06,칡즙,식료품 중 '건강식품'을 판매·제공하는 매장,d7a6ebd8-883d-413a-a398-4fc28e86a1d9,동호건강원,건강즙,해운대시장,전통시장,부산광역시,3.0,3.0,,,RESOLVED_AGREEMENT,False,3,,,,
bb6356442bef4d586491,test,건강식품,T3 개념확장,q_건강식품_06,칡즙,식료품 중 '건강식품'을 판매·제공하는 매장,c58e0424-6ef9-4b34-b63a-1b32f19962a1,한우리축산,정육,신성전통시장,전통시장,서울특별시,0.0,0.0,,,RESOLVED_AGREEMENT,False,0,,,,
96da518cfcce96901d47,test,건강식품,T3 개념확장,q_건강식품_06,칡즙,식료품 중 '건강식품'을 판매·제공하는 매장,c161c9c4-2edd-48a0-bbf5-fdf94425a6e4,영구건강원,건강즙,삼례시장,전통시장,전북특별자치도,3.0,3.0,,,RESOLVED_AGREEMENT,False,3,,,,
337b31d2900d5e4d302c,test,건강식품,T3 개념확장,q_건강식품_06,칡즙,식료품 중 '건강식품'을 판매·제공하는 매장,016f8113-22a7-4ef1-a80f-0562dd2a06e9,동이식품,"식품, 농산물",중앙신시장,전통시장,경상북도,1.0,1.0,,,RESOLVED_AGREEMENT,False,1,,,,
09fa34ce085fa26b3d77,test,건강식품,T3 개념확장,q_건강식품_06,칡즙,식료품 중 '건강식품'을 판매·제공하는 매장,ec90cb2f-98ba-454c-bae4-7c7dd8c4b727,진월건강원,배즙,광양5일시장,전통시장,,2.0,3.0,,,P2_GRADED_ONLY,True,,,,,
40e6d9292c357a840001,test,건강식품,T3 개념확장,q_건강식품_06,칡즙,식료품 중 '건강식품'을 판매·제공하는 매장,00b6e321-5954-437c-b1d9-94fded29f67e,웰빙마트,식품,서남신시장,전통시장,대구광역시,1.0,1.0,,,RESOLVED_AGREEMENT,False,1,,,,
e8103c52c9110e0b9248,test,건강식품,T3 개념확장,q_건강식품_06,칡즙,식료품 중 '건강식품'을 판매·제공하는 매장,69b3517b-600d-427b-9b8c-751d7943f9e4,자연생활,약초즙 과일즙외 환류,내상로 골목형상점가,골목형상점가,광주광역시,3.0,3.0,,,RESOLVED_AGREEMENT,False,3,,,,
007a7143cdfbbdac54cf,test,건강식품,T3 개념확장,q_건강식품_06,칡즙,식료품 중 '건강식품'을 판매·제공하는 매장,9d0d5631-b9c4-4675-bed4-b435afb27409,원미흑염소,건강즙,원미종합시장,전통시장,경기도,3.0,3.0,,,RESOLVED_AGREEMENT,False,3,,,,
85d04f38880ac7b79dd8,test,건강식품,T3 개념확장,q_건강식품_06,칡즙,식료품 중 '건강식품'을 판매·제공하는 매장,229bc95d-7573-4fc7-bd92-03f85e97f794,제일흑염소,"음식업(과일즙,홍삼즙)",지동시장,전통시장,경기도,3.0,3.0,,,RESOLVED_AGREEMENT,False,3,,,,
381e771eec3d5dd3e95b,test,건강식품,T3 개념확장,q_건강식품_06,칡즙,식료품 중 '건강식품'을 판매·제공하는 매장,a9587758-0821-4f24-a82f-14a730823930,칡산에,보쌈,백년소상공인,기타,강원특별자치도,0.0,0.0,,,RESOLVED_AGREEMENT,False,0,,,,
7f3c36cf81c2f3affe0a,test,건강식품,T3 개념확장,q_건강식품_06,칡즙,식료품 중 '건강식품'을 판매·제공하는 매장,0040b4e6-7b74-4175-b54d-add4fe693d49,메디팜보명당약국,"의약품, 의료욕구, 복지욕구, 의료기기",점촌역전상점가,자율상권구역,경상북도,1.0,2.0,,,P1_BINARY_THRESHOLD,True,,,,,
712d5631f6cda86803d1,test,건강식품,T3 개념확장,q_건강식품_06,칡즙,식료품 중 '건강식품'을 판매·제공하는 매장,008b065b-181b-4891-95dc-7a77a7c143d1,혜화온누리약국,약국,유성도안 골목형상점가,골목형상점가,대전광역시,1.0,2.0,,,P1_BINARY_THRESHOLD,True,,,,,
dc0b48cc2922edaa8f68,test,건강식품,T3 개념확장,q_건강식품_06,칡즙,식료품 중 '건강식품'을 판매·제공하는 매장,74a7247b-688c-4f0e-99a2-d262ca4220e9,금성 칡 냉면 금호점,한식,금화상인회 골목형상점가,골목형상점가,광주광역시,0.0,0.0,,,RESOLVED_AGREEMENT,False,0,,,,
c3065339cc2e9bed5e1a,test,건강식품,T3 개념확장,q_건강식품_06,칡즙,식료품 중 '건강식품'을 판매·제공하는 매장,22d155b9-0d93-4679-85e6-7a2bec7a7267,설악칡냉면,칡냉면,용정 골목형상점가,골목형상점가,대전광역시,0.0,0.0,,,RESOLVED_AGREEMENT,False,0,,,,
3847b52d51690ccfcdfb,test,건강식품,T3 개념확장,q_건강식품_06,칡즙,식료품 중 '건강식품'을 판매·제공하는 매장,2496486b-4892-47cc-a50f-514283c8bdad,영창건강원,추출가공품양파즙 배즙,학운 골목형상점가,골목형상점가,광주광역시,2.0,3.0,,,P2_GRADED_ONLY,True,,,,,
a53a83db4bbe032b447d,test,건강식품,T3 개념확장,q_건강식품_06,칡즙,식료품 중 '건강식품'을 판매·제공하는 매장,06fe7415-8daf-4f2f-bfb2-c99869da1e15,건강마을,각종즙,경산공설시장,전통시장,경상북도,3.0,3.0,,,RESOLVED_AGREEMENT,False,3,,,,
bd307649f575f6364017,test,건강식품,T3 개념확장,q_건강식품_06,칡즙,식료품 중 '건강식품'을 판매·제공하는 매장,a73fc9cb-d7d6-413d-8da0-bc45aa8e0e19,동원과일즙,즉석판매가공업(과일즙),고성 공룡시장,전통시장,경상남도,3.0,3.0,,,RESOLVED_AGREEMENT,False,3,,,,
4da0293baff7a4ab5007,test,건강식품,T3 개념확장,q_건강식품_06,칡즙,식료품 중 '건강식품'을 판매·제공하는 매장,b38ec70f-5b23-4df4-b00c-edfef40a6705,서울뷰의원 대전,일반의원,봉명동우산거리 골목형상점가,골목형상점가,대전광역시,0.0,0.0,,,RESOLVED_AGREEMENT,False,0,,,,
db7e71966b83432da4d8,test,건강식품,T3 개념확장,q_건강식품_06,칡즙,식료품 중 '건강식품'을 판매·제공하는 매장,019ac829-9ffd-42aa-bfd1-9da1dfba52e2,바디엔 약국,,남악1번가 골목형상점가,골목형상점가,,1.0,2.0,,,P1_BINARY_THRESHOLD,True,,,,,
67a8768b0fbc4fc159dd,test,건강식품,T3 개념확장,q_건강식품_06,칡즙,식료품 중 '건강식품'을 판매·제공하는 매장,0048134e-4060-4bf0-bffb-0cac8a53f2d8,사랑의뜰안 북광주점,건강기능식품,운암대자골 골목형상점가,골목형상점가,광주광역시,2.0,3.0,,,P2_GRADED_ONLY,True,,,,,
0c5148a0cc8883040ca2,test,건강식품,T3 개념확장,q_건강식품_06,칡즙,식료품 중 '건강식품'을 판매·제공하는 매장,e1f15c02-626b-467a-959a-e15a844f26ad,무등흑염소,건강즙,대인시장,전통시장,광주광역시,3.0,3.0,,,RESOLVED_AGREEMENT,False,3,,,,
2d11b8ea5a526c50a1a7,test,건강식품,T3 개념확장,q_건강식품_06,칡즙,식료품 중 '건강식품'을 판매·제공하는 매장,b6ce5a30-5f8d-432b-b509-63d9e9426047,쌍마상회,칡뿌리,경동시장,전통시장,서울특별시,0.0,0.0,,,RESOLVED_AGREEMENT,False,0,,,,
8f77beeda8dbc4c63d43,test,건강식품,T3 개념확장,q_건강식품_06,칡즙,식료품 중 '건강식품'을 판매·제공하는 매장,d30b95e1-67ba-48ff-9326-22687fdf3561,성원건강원,즙,익산구시장,전통시장,전북특별자치도,2.0,3.0,,,P2_GRADED_ONLY,True,,,,,
534413acfa7ca57ee979,test,건강식품,T3 개념확장,q_건강식품_06,칡즙,식료품 중 '건강식품'을 판매·제공하는 매장,05168639-be42-44f8-9403-d8b98ad82df1,천일건강원,즙,익산구시장,전통시장,전북특별자치도,2.0,3.0,,,P2_GRADED_ONLY,True,,,,,
542d2451957974576f5e,test,건강식품,T3 개념확장,q_건강식품_06,칡즙,식료품 중 '건강식품'을 판매·제공하는 매장,c13227b0-2a3d-4e5b-bf8a-6e96465167ae,소백상회,"기념품, 나물, 마, 칡",동문시장,전통시장,충청북도,0.0,0.0,,,RESOLVED_AGREEMENT,False,0,,,,
db2797cad0574d9ec6c2,test,건강식품,T3 개념확장,q_건강식품_06,칡즙,식료품 중 '건강식품'을 판매·제공하는 매장,0f1f39a2-1d6f-4a67-96be-e064ead57313,삼진한과,쌀엿한과칡즙,창평전통시장,전통시장,전라남도,3.0,3.0,,,RESOLVED_AGREEMENT,False,3,,,,
01aad200c4a448f6e4d0,test,건강식품,T3 개념확장,q_건강식품_06,칡즙,식료품 중 '건강식품'을 판매·제공하는 매장,6015394e-e21c-43ec-8d35-d3bca96a2301,구즉건강원,과일즙,봉산동 골목형상점가,골목형상점가,대전광역시,2.0,3.0,,,P2_GRADED_ONLY,True,,,,,
9c9547750a91b3a0e0d4,test,건강식품,T3 개념확장,q_건강식품_06,칡즙,식료품 중 '건강식품'을 판매·제공하는 매장,f62a69d3-a17a-4b32-821e-ede06af75a0a,아자플라워,다육식물,두암3동 먹자골목 골목형상점가,골목형상점가,광주광역시,0.0,0.0,,,RESOLVED_AGREEMENT,False,0,,,,
5f84dee20ebaa7c8d141,test,건강식품,T3 개념확장,q_건강식품_06,칡즙,식료품 중 '건강식품'을 판매·제공하는 매장,017027d8-dbc4-49d9-82f8-f16291770c91,강릉인삼사,인삼건강식품,경동시장,전통시장,서울특별시,2.0,3.0,,,P2_GRADED_ONLY,True,,,,,
673aa73463e1d3cd5823,test,건강식품,T3 개념확장,q_건강식품_06,칡즙,식료품 중 '건강식품'을 판매·제공하는 매장,01f1ff87-d7c5-4c13-b60e-937f9d6221fd,수삼센터 83호,인삼(수삼),금산수삼센터,전통시장,충청남도,2.0,3.0,,,P2_GRADED_ONLY,True,,,,,
a1b16bd6fbc81e4a522a,test,건강식품,T3 개념확장,q_건강식품_06,칡즙,식료품 중 '건강식품'을 판매·제공하는 매장,a5c02529-07ec-4547-9245-53634e81a05c,초코,소매,안양일번가 지하쇼핑몰,일반지하상점가,경기도,0.0,0.0,,,RESOLVED_AGREEMENT,False,0,,,,
b5879230dadbdd8c14c9,test,건강식품,T3 개념확장,q_건강식품_06,칡즙,식료품 중 '건강식품'을 판매·제공하는 매장,006929a4-6712-43ca-80d7-f540710009b5,삼송프라자약국,의약품 외 건강기능식품,신원권율3 골목형상점가,골목형상점가,경기도,2.0,3.0,,,P2_GRADED_ONLY,True,,,,,
7fb41e40a80dcbc0467c,test,건강식품,T3 개념확장,q_건강식품_06,칡즙,식료품 중 '건강식품'을 판매·제공하는 매장,c6fc3438-eb3a-47ba-a00e-b64cd3b3782a,유창건강원,건강즙,독산동 우시장,자율상권구역,서울특별시,3.0,3.0,,,RESOLVED_AGREEMENT,False,3,,,,
f975f2b23dc1c9120c07,test,건강식품,T3 개념확장,q_건강식품_06,칡즙,식료품 중 '건강식품'을 판매·제공하는 매장,48016863-1eb6-4f8b-9b4e-afb7bf70d1e3,참선진녹즙 강릉대리점,녹즙,노암길골목형상점가,골목형상점가,강원특별자치도,3.0,3.0,,,RESOLVED_AGREEMENT,False,3,,,,
1dc125f18711a1fc6410,test,건강식품,T3 개념확장,q_건강식품_06,칡즙,식료품 중 '건강식품'을 판매·제공하는 매장,5c6948d7-de47-487d-bd6b-46e2d3fec778,달팽이건강원,즙,평택통복시장,전통시장,경기도,2.0,3.0,,,P2_GRADED_ONLY,True,,,,,
b26b786f490d62111a05,test,건강식품,T3 개념확장,q_건강식품_06,칡즙,식료품 중 '건강식품'을 판매·제공하는 매장,57ef33bb-e147-492b-a46b-0224442d21b5,청산산삼,산약초즙,남부골목시장,전통시장,서울특별시,3.0,3.0,,,RESOLVED_AGREEMENT,False,3,,,,
b2a9741224af7eea6f5a,test,건강식품,T3 개념확장,q_건강식품_06,칡즙,식료품 중 '건강식품'을 판매·제공하는 매장,94aff5a7-6e33-42c7-90a3-ae5ed6e70b9c,양산민물보양원,장어즙,부전기장골목시장,전통시장,부산광역시,3.0,3.0,,,RESOLVED_AGREEMENT,False,3,,,,
43bc3f87bcaa77425c29,test,건강식품,T3 개념확장,q_건강식품_06,칡즙,식료품 중 '건강식품'을 판매·제공하는 매장,52d2e983-cb5f-4a26-aaa1-3215ec4f30cd,가장맛있는족발 본오점,일반 음식점업,샘골로골목형상점가,골목형상점가,경기도,0.0,0.0,,,RESOLVED_AGREEMENT,False,0,,,,
d559cda55f56bdc37c88,test,건강식품,T3 개념확장,q_건강식품_06,칡즙,식료품 중 '건강식품'을 판매·제공하는 매장,fc824a90-9dd6-476c-b8e3-1a730ded81bc,칡상회,농산물 채소 약초등 소매업,청도공설시장,전통시장,경상북도,2.0,3.0,,,P2_GRADED_ONLY,True,,,,,
4a92bf91b2bce86170ad,test,건강식품,T3 개념확장,q_건강식품_06,칡즙,식료품 중 '건강식품'을 판매·제공하는 매장,02cd45e9-fe92-42d2-9ae1-da8fc01edbdb,(주)서울인삼유통,홍삼,경동시장,전통시장,서울특별시,2.0,3.0,,,P2_GRADED_ONLY,True,,,,,
f844b9f023e8e646db15,test,건강식품,T3 개념확장,q_건강식품_06,칡즙,식료품 중 '건강식품'을 판매·제공하는 매장,00b64830-f897-4643-a5fa-6d8950c2ef89,낭만상회,식품,문산자유시장,전통시장,경기도,1.0,0.0,,,P2_GRADED_ONLY,True,,,,,
9d3c1d698da4e96ac7a7,test,건강식품,T3 개념확장,q_건강식품_06,칡즙,식료품 중 '건강식품'을 판매·제공하는 매장,9828e152-05fa-4a2d-a84e-4795ad445471,효자건강원,즙,원미금강 상점가,자율상권구역,경기도,2.0,3.0,,,P2_GRADED_ONLY,True,,,,,
213ea05bc24ee337ceab,test,건강식품,T3 개념확장,q_건강식품_06,칡즙,식료품 중 '건강식품'을 판매·제공하는 매장,e80a2f52-678c-475b-bdf8-83b3e8861f19,자연담은건강원,건강원즙,서구청먹자골목상인회 골목형상점가,골목형상점가,광주광역시,3.0,3.0,,,RESOLVED_AGREEMENT,False,3,,,,
bb6ebd2726a666463ec8,test,건강식품,T3 개념확장,q_건강식품_06,칡즙,식료품 중 '건강식품'을 판매·제공하는 매장,01befe6d-bfd6-4c6f-be43-d02efffe1dd1,성덕인삼,인삼,부전인삼시장,전통시장,부산광역시,2.0,3.0,,,P2_GRADED_ONLY,True,,,,,
2edd5195db3f1073cd07,test,건강식품,T3 개념확장,q_건강식품_06,칡즙,식료품 중 '건강식품'을 판매·제공하는 매장,5485d180-2bc5-4490-887b-8caaa9e76f39,평생건강원,즙,천안중앙시장,전통시장,충청남도,2.0,3.0,,,P2_GRADED_ONLY,True,,,,,
0c325368007723baf061,test,건강식품,T3 개념확장,q_건강식품_06,칡즙,식료품 중 '건강식품'을 판매·제공하는 매장,a8b7981d-a4e9-4b81-8126-2976958d6f36,뿌리건강원,즙,서동시장(창인시장),전통시장,전북특별자치도,2.0,3.0,,,P2_GRADED_ONLY,True,,,,,
311e3a9b4dc6cf6f5570,test,건강식품,T3 개념확장,q_건강식품_06,칡즙,식료품 중 '건강식품'을 판매·제공하는 매장,3813d137-f8fb-4c7c-a8cf-94c9d2e4c451,다사랑건강즙,건강즙,목행시장,전통시장,충청북도,3.0,3.0,,,RESOLVED_AGREEMENT,False,3,,,,
cc654cebdc30ddb63779,test,건강식품,T3 개념확장,q_건강식품_06,칡즙,식료품 중 '건강식품'을 판매·제공하는 매장,00140fab-ec56-4d81-8a03-d3d4aa8d5a49,계령약국,의약품,성대시장골목형상점가,골목형상점가,서울특별시,1.0,2.0,,,P1_BINARY_THRESHOLD,True,,,,,
12ff8f3e30895725a563,test,건강식품,T3 개념확장,q_건강식품_06,칡즙,식료품 중 '건강식품'을 판매·제공하는 매장,6b66ed39-8412-468e-a966-f38324b1fce1,서구제3특판녹즙,녹즙,세은 골목형상점가,골목형상점가,광주광역시,3.0,3.0,,,RESOLVED_AGREEMENT,False,3,,,,
b3b3aa9e673b55255079,test,건강식품,T3 개념확장,q_건강식품_06,칡즙,식료품 중 '건강식품'을 판매·제공하는 매장,01049348-bdd8-4303-a750-8f85f7029a84,사랑의손효소마을,건강식품,구미형곡시장프라자,전통시장,경상북도,2.0,3.0,,,P2_GRADED_ONLY,True,,,,,
22a3d8a616437e99a960,test,건강식품,T3 개념확장,q_건강식품_06,칡즙,식료품 중 '건강식품'을 판매·제공하는 매장,68468499-6c46-4d0b-a3e1-a8230b82b0a4,넉넉한사람들,사과생즙,박달재전통시장,전통시장,충청북도,3.0,3.0,,,RESOLVED_AGREEMENT,False,3,,,,
7094fd1dbf9f3be1d709,test,건강식품,T3 개념확장,q_건강식품_06,칡즙,식료품 중 '건강식품'을 판매·제공하는 매장,002c02f2-4428-4a84-a248-7b23ae109459,정관장 반석점,홍삼건강식품,지족반석 골목형상점가,골목형상점가,대전광역시,2.0,3.0,,,P2_GRADED_ONLY,True,,,,,
3bb24b271f0418ae3f31,test,건강식품,T3 개념확장,q_건강식품_06,칡즙,식료품 중 '건강식품'을 판매·제공하는 매장,6b13a755-b589-40f9-bf79-4e48c638e80f,매일상회,생선,부산새벽시장,전통시장,부산광역시,0.0,0.0,,,RESOLVED_AGREEMENT,False,0,,,,
83c2a5d49f3f45e936ba,test,건강식품,T3 개념확장,q_건강식품_06,칡즙,식료품 중 '건강식품'을 판매·제공하는 매장,a867198a-c38e-48af-b5f6-d3f25ddf49cc,지리산칡생즙약초,칡,하동 화개장터,전통시장,경상남도,2.0,3.0,,,P2_GRADED_ONLY,True,,,,,
31c6aae8a2802c9ccc5c,test,건강식품,T3 개념확장,q_건강식품_06,칡즙,식료품 중 '건강식품'을 판매·제공하는 매장,009bd725-6319-41ec-87fb-f904d54243ca,현대인삼,"홍삼, 인삼",경동시장,전통시장,서울특별시,2.0,3.0,,,P2_GRADED_ONLY,True,,,,,
7a1e54968524003ead23,test,건강식품,T3 개념확장,q_건강식품_06,칡즙,식료품 중 '건강식품'을 판매·제공하는 매장,4f02c9e5-23af-4c39-848c-92fedab62cfc,우승건강원,건강즙,큰방림길 골목형상점가,골목형상점가,광주광역시,3.0,3.0,,,RESOLVED_AGREEMENT,False,3,,,,
e53089cbbc431764914e,test,건강식품,T3 개념확장,q_건강식품_06,칡즙,식료품 중 '건강식품'을 판매·제공하는 매장,655fd722-60c7-41cd-90aa-065054ae7acc,월봉옹기건강원,즙,대왕암 월봉시장,전통시장,울산광역시,2.0,3.0,,,P2_GRADED_ONLY,True,,,,,
dbc7752f708f8cfd5fd7,test,건강식품,T3 개념확장,q_건강식품_06,칡즙,식료품 중 '건강식품'을 판매·제공하는 매장,4837c655-f58d-4517-b172-378b4a2bf73e,장수흑염소,즙,대인시장,전통시장,,3.0,3.0,,,RESOLVED_AGREEMENT,False,3,,,,
3a5f14f3de2af7375feb,test,건강식품,T3 개념확장,q_건강식품_06,칡즙,식료품 중 '건강식품'을 판매·제공하는 매장,0112a558-2787-41dc-ae68-695e60c4930c,해동그랜드약국,약국,전곡시장,전통시장,서울특별시,1.0,2.0,,,P1_BINARY_THRESHOLD,True,,,,,
a2995313ef71e9d5b553,test,건강식품,T3 개념확장,q_건강식품_06,칡즙,식료품 중 '건강식품'을 판매·제공하는 매장,548e33f2-ae50-45ea-bb87-066e16284028,시장건강원,칡즙 붕어 홍삼 즙,서천시장거리 골목형상점가,골목형상점가,충청남도,3.0,3.0,,,RESOLVED_AGREEMENT,False,3,,,,
1b531a0f7894c2519875,test,건강식품,T3 개념확장,q_건강식품_06,칡즙,식료품 중 '건강식품'을 판매·제공하는 매장,f8c31de9-7b29-4ee0-8237-99367110f2f3,금복건강원,건강즙,고산구시장 상점가,자율상권구역,전북특별자치도,3.0,3.0,,,RESOLVED_AGREEMENT,False,3,,,,
212cb507e1c0c0ff9b85,test,건강식품,T3 개념확장,q_건강식품_06,칡즙,식료품 중 '건강식품'을 판매·제공하는 매장,001961d9-cb5d-40bc-903a-33d483f7d132,헬씨스탠다드,"건강기능식품, 쌀, 견과류, 약재",응암소담길 골목형상점가,골목형상점가,서울특별시,2.0,3.0,,,P2_GRADED_ONLY,True,,,,,
4c8d5c20e954076ed13f,test,건강식품,T3 개념확장,q_건강식품_06,칡즙,식료품 중 '건강식품'을 판매·제공하는 매장,008a831c-1fd3-4b7c-96c1-0e92332ccbf3,명성약국,의약품,공주산성시장,전통시장,충청남도,1.0,2.0,,,P1_BINARY_THRESHOLD,True,,,,,
d657e41ee75fa0e7ad93,test,건강식품,T3 개념확장,q_건강식품_06,칡즙,식료품 중 '건강식품'을 판매·제공하는 매장,3a82ba66-9f9b-4e3b-8233-8652f13fa71f,안나스파염색,미용,왕십리무학봉상점가,자율상권구역,서울특별시,0.0,0.0,,,RESOLVED_AGREEMENT,False,0,,,,
0d9656078367582a0f2b,test,건강식품,T3 개념확장,q_건강식품_06,칡즙,식료품 중 '건강식품'을 판매·제공하는 매장,6702e289-5311-4b25-91c0-55125f03ddb4,한수연밥상(칡냉면),한식,정부청사 골목형상점가,골목형상점가,광주광역시,0.0,0.0,,,RESOLVED_AGREEMENT,False,0,,,,
593a8d0c3ac1204480f3,test,건강식품,T4 구어·문장,q_건강식품_07,건강즙 짜는 곳,식료품 중 '건강식품'을 판매·제공하는 매장,000db6d6-585c-4aba-94e7-fc6a23a694fb,시민약국,의약품,문경중앙시장,전통시장,경상북도,1.0,2.0,,,P1_BINARY_THRESHOLD,True,,,,,
350fe8d7fa61c67229f2,test,건강식품,T4 구어·문장,q_건강식품_07,건강즙 짜는 곳,식료품 중 '건강식품'을 판매·제공하는 매장,f8c31de9-7b29-4ee0-8237-99367110f2f3,금복건강원,건강즙,고산구시장 상점가,자율상권구역,전북특별자치도,3.0,3.0,,,RESOLVED_AGREEMENT,False,3,,,,
82bc54755b704258f352,test,건강식품,T4 구어·문장,q_건강식품_07,건강즙 짜는 곳,식료품 중 '건강식품'을 판매·제공하는 매장,b69b2061-94c1-4638-95f4-3e62891520a8,장수건강원,건강즙,장림골목시장,전통시장,부산광역시,3.0,3.0,,,RESOLVED_AGREEMENT,False,3,,,,
5c37e04458c3ee651674,test,건강식품,T4 구어·문장,q_건강식품_07,건강즙 짜는 곳,식료품 중 '건강식품'을 판매·제공하는 매장,e80a2f52-678c-475b-bdf8-83b3e8861f19,자연담은건강원,건강원즙,서구청먹자골목상인회 골목형상점가,골목형상점가,광주광역시,3.0,3.0,,,RESOLVED_AGREEMENT,False,3,,,,
50ebda449d9922f7cc56,test,건강식품,T4 구어·문장,q_건강식품_07,건강즙 짜는 곳,식료품 중 '건강식품'을 판매·제공하는 매장,be9f8c61-892c-48ed-a49d-b63bd032c025,소곳,의류,고투몰(강남터미널지하도상점가),일반지하상점가,서울특별시,0.0,0.0,,,RESOLVED_AGREEMENT,False,0,,,,
19752c1125976bb9704c,test,건강식품,T4 구어·문장,q_건강식품_07,건강즙 짜는 곳,식료품 중 '건강식품'을 판매·제공하는 매장,e055fafb-08b1-4587-8248-e1fcbc651256,청정해오름,"식품(꿀,건강즙)",왕십리도선동상점가,자율상권구역,서울특별시,3.0,3.0,,,RESOLVED_AGREEMENT,False,3,,,,
875dbd8bd3cc0e33245c,test,건강식품,T4 구어·문장,q_건강식품_07,건강즙 짜는 곳,식료품 중 '건강식품'을 판매·제공하는 매장,06fe7415-8daf-4f2f-bfb2-c99869da1e15,건강마을,각종즙,경산공설시장,전통시장,경상북도,3.0,3.0,,,RESOLVED_AGREEMENT,False,3,,,,
2d761fa8dc70add3c05a,test,건강식품,T4 구어·문장,q_건강식품_07,건강즙 짜는 곳,식료품 중 '건강식품'을 판매·제공하는 매장,eb8d8f22-b825-47bb-97fa-886bb9f70afa,건강시대,건강식품,주안시민지하도상점가,일반지하상점가,인천광역시,2.0,3.0,,,P2_GRADED_ONLY,True,,,,,
a0a4639c957784854655,test,건강식품,T4 구어·문장,q_건강식품_07,건강즙 짜는 곳,식료품 중 '건강식품'을 판매·제공하는 매장,2c6b48eb-0b64-4ebf-91e8-233f47c9e892,백제건강원,건강즙,문창시장,전통시장,대전광역시,3.0,3.0,,,RESOLVED_AGREEMENT,False,3,,,,
56a0d6365594c5ee970d,test,건강식품,T4 구어·문장,q_건강식품_07,건강즙 짜는 곳,식료품 중 '건강식품'을 판매·제공하는 매장,3813d137-f8fb-4c7c-a8cf-94c9d2e4c451,다사랑건강즙,건강즙,목행시장,전통시장,충청북도,3.0,3.0,,,RESOLVED_AGREEMENT,False,3,,,,
3e13c41397e6dd1f55fb,test,건강식품,T4 구어·문장,q_건강식품_07,건강즙 짜는 곳,식료품 중 '건강식품'을 판매·제공하는 매장,017027d8-dbc4-49d9-82f8-f16291770c91,강릉인삼사,인삼건강식품,경동시장,전통시장,서울특별시,2.0,3.0,,,P2_GRADED_ONLY,True,,,,,
ba2295836c6966c067b5,test,건강식품,T4 구어·문장,q_건강식품_07,건강즙 짜는 곳,식료품 중 '건강식품'을 판매·제공하는 매장,c111ac9d-3f3a-405c-a8db-4d127ccda9e2,행복이 있는 곳,잡화,제주로얄쇼핑센터,자율상권구역,제주특별자치도,0.0,0.0,,,RESOLVED_AGREEMENT,False,0,,,,
b5415affd439bb3046bb,test,건강식품,T4 구어·문장,q_건강식품_07,건강즙 짜는 곳,식료품 중 '건강식품'을 판매·제공하는 매장,5b7e63a9-7167-47b6-bf25-38976d899a6c,강씨 건강원,건강식품(과일즙),남해전통시장,전통시장,경상남도,3.0,3.0,,,RESOLVED_AGREEMENT,False,3,,,,
3060f1feb98cf141d297,test,건강식품,T4 구어·문장,q_건강식품_07,건강즙 짜는 곳,식료품 중 '건강식품'을 판매·제공하는 매장,009bd725-6319-41ec-87fb-f904d54243ca,현대인삼,"홍삼, 인삼",경동시장,전통시장,서울특별시,2.0,3.0,,,P2_GRADED_ONLY,True,,,,,
0a8781c9a75cf5b7fa75,test,건강식품,T4 구어·문장,q_건강식품_07,건강즙 짜는 곳,식료품 중 '건강식품'을 판매·제공하는 매장,002c02f2-4428-4a84-a248-7b23ae109459,정관장 반석점,홍삼건강식품,지족반석 골목형상점가,골목형상점가,대전광역시,2.0,3.0,,,P2_GRADED_ONLY,True,,,,,
3018868bc44c5e347013,test,건강식품,T4 구어·문장,q_건강식품_07,건강즙 짜는 곳,식료품 중 '건강식품'을 판매·제공하는 매장,0048134e-4060-4bf0-bffb-0cac8a53f2d8,사랑의뜰안 북광주점,건강기능식품,운암대자골 골목형상점가,골목형상점가,광주광역시,2.0,3.0,,,P2_GRADED_ONLY,True,,,,,
ba907b3f6ccae8581e8a,test,건강식품,T4 구어·문장,q_건강식품_07,건강즙 짜는 곳,식료품 중 '건강식품'을 판매·제공하는 매장,f58868c2-9526-4e37-bde2-abd31fd77ec8,시골건강원,건강즙,화성남양시장,전통시장,경기도,3.0,3.0,,,RESOLVED_AGREEMENT,False,3,,,,
1318f3b765788ad81b62,test,건강식품,T4 구어·문장,q_건강식품_07,건강즙 짜는 곳,식료품 중 '건강식품'을 판매·제공하는 매장,2743811c-5e71-4d2b-aa75-1b0147d44f2d,사우 꽃이 피는 곳,꽃,김포 풍년마을 골목형상점가,골목형상점가,경기도,0.0,0.0,,,RESOLVED_AGREEMENT,False,0,,,,
d0e8de6986ef3d065c5b,test,건강식품,T4 구어·문장,q_건강식품_07,건강즙 짜는 곳,식료품 중 '건강식품'을 판매·제공하는 매장,0040b4e6-7b74-4175-b54d-add4fe693d49,메디팜보명당약국,"의약품, 의료욕구, 복지욕구, 의료기기",점촌역전상점가,자율상권구역,경상북도,1.0,2.0,,,P1_BINARY_THRESHOLD,True,,,,,
1a46edc070c0fc2d4b71,test,건강식품,T4 구어·문장,q_건강식품_07,건강즙 짜는 곳,식료품 중 '건강식품'을 판매·제공하는 매장,001961d9-cb5d-40bc-903a-33d483f7d132,헬씨스탠다드,"건강기능식품, 쌀, 견과류, 약재",응암소담길 골목형상점가,골목형상점가,서울특별시,2.0,3.0,,,P2_GRADED_ONLY,True,,,,,
0a42a565902df29ac1f9,test,건강식품,T4 구어·문장,q_건강식품_07,건강즙 짜는 곳,식료품 중 '건강식품'을 판매·제공하는 매장,9da098ee-08e2-4fb0-a491-4de42bad3e81,우리건강원,건강즙,임실시장,전통시장,전북특별자치도,3.0,3.0,,,RESOLVED_AGREEMENT,False,3,,,,
b41dad997e836ff7b76e,test,건강식품,T4 구어·문장,q_건강식품_07,건강즙 짜는 곳,식료품 중 '건강식품'을 판매·제공하는 매장,019ac829-9ffd-42aa-bfd1-9da1dfba52e2,바디엔 약국,,남악1번가 골목형상점가,골목형상점가,,1.0,2.0,,,P1_BINARY_THRESHOLD,True,,,,,
80926745ebd2f0ce9847,test,건강식품,T4 구어·문장,q_건강식품_07,건강즙 짜는 곳,식료품 중 '건강식품'을 판매·제공하는 매장,f7de87eb-52f7-4883-90ee-58b8ef3fc6ac,영양건강원,건강즙,수원통닭거리 골목형사점가,골목형상점가,경기도,3.0,3.0,,,RESOLVED_AGREEMENT,False,3,,,,
5aa1094cb908903f326d,test,건강식품,T4 구어·문장,q_건강식품_07,건강즙 짜는 곳,식료품 중 '건강식품'을 판매·제공하는 매장,5e918825-77d6-4cb7-90ec-d777b8c69dca,멕시카나치킨세이점,일반음식점,문화1동 골목형상점가,골목형상점가,대전광역시,0.0,0.0,,,RESOLVED_AGREEMENT,False,0,,,,
584a9aa4f44576e50d83,test,건강식품,T4 구어·문장,q_건강식품_07,건강즙 짜는 곳,식료품 중 '건강식품'을 판매·제공하는 매장,382d62ad-a557-4b09-8f1b-9f6c74fd07f3,성수흑염소건강원,건강즙,임실시장,전통시장,전북특별자치도,3.0,3.0,,,RESOLVED_AGREEMENT,False,3,,,,
9469cc34d4f9e6a7230d,test,건강식품,T4 구어·문장,q_건강식품_07,건강즙 짜는 곳,식료품 중 '건강식품'을 판매·제공하는 매장,00b64830-f897-4643-a5fa-6d8950c2ef89,낭만상회,식품,문산자유시장,전통시장,경기도,1.0,0.0,,,P2_GRADED_ONLY,True,,,,,
e4c230cf2e10faa41621,test,건강식품,T4 구어·문장,q_건강식품_07,건강즙 짜는 곳,식료품 중 '건강식품'을 판매·제공하는 매장,02cd45e9-fe92-42d2-9ae1-da8fc01edbdb,(주)서울인삼유통,홍삼,경동시장,전통시장,서울특별시,2.0,3.0,,,P2_GRADED_ONLY,True,,,,,
5763c8c47065892cedcc,test,건강식품,T4 구어·문장,q_건강식품_07,건강즙 짜는 곳,식료품 중 '건강식품'을 판매·제공하는 매장,15463c5a-68b5-4e0a-80a6-0fa12b666be3,장성호건강원,건강즙,매곡 사랑길 골목형상점가,골목형상점가,광주광역시,3.0,3.0,,,RESOLVED_AGREEMENT,False,3,,,,
26db819ee9b45cdf64ed,test,건강식품,T4 구어·문장,q_건강식품_07,건강즙 짜는 곳,식료품 중 '건강식품'을 판매·제공하는 매장,8b8da89b-f744-4d40-9fb0-1cbff3b17cd6,자연담은건강원,건강즙,오케이 양산동 골목형상점가,골목형상점가,광주광역시,3.0,3.0,,,RESOLVED_AGREEMENT,False,3,,,,
4f1b68e484cf775eb7c1,test,건강식품,T4 구어·문장,q_건강식품_07,건강즙 짜는 곳,식료품 중 '건강식품'을 판매·제공하는 매장,9d0d5631-b9c4-4675-bed4-b435afb27409,원미흑염소,건강즙,원미종합시장,전통시장,경기도,3.0,3.0,,,RESOLVED_AGREEMENT,False,3,,,,
b85391df704a12f225ad,test,건강식품,T4 구어·문장,q_건강식품_07,건강즙 짜는 곳,식료품 중 '건강식품'을 판매·제공하는 매장,006929a4-6712-43ca-80d7-f540710009b5,삼송프라자약국,의약품 외 건강기능식품,신원권율3 골목형상점가,골목형상점가,경기도,2.0,3.0,,,P2_GRADED_ONLY,True,,,,,
457e7f96938547cd7129,test,건강식품,T4 구어·문장,q_건강식품_07,건강즙 짜는 곳,식료품 중 '건강식품'을 판매·제공하는 매장,3494000a-df69-4dc9-b3a2-8b975aa3b331,제천동산약초,"한약재, 건강즙",제천역전한마음시장(구 제천역전시장),전통시장,충청북도,3.0,3.0,,,RESOLVED_AGREEMENT,False,3,,,,
6426fa2ba8763acab3fd,test,건강식품,T4 구어·문장,q_건강식품_07,건강즙 짜는 곳,식료품 중 '건강식품'을 판매·제공하는 매장,703e7626-361f-4b7a-b0ce-c1a20e16687e,명산건강원,건강즙,명산시장,전통시장,전북특별자치도,3.0,3.0,,,RESOLVED_AGREEMENT,False,3,,,,
9fbf1162ed72aec1eb35,test,건강식품,T4 구어·문장,q_건강식품_07,건강즙 짜는 곳,식료품 중 '건강식품'을 판매·제공하는 매장,bde663ed-d220-4c79-b3bc-7b21044573cf,약초건강원,건강즙,중리시장,전통시장,대전광역시,3.0,3.0,,,RESOLVED_AGREEMENT,False,3,,,,
25ba24d1a45815883c28,test,건강식품,T4 구어·문장,q_건강식품_07,건강즙 짜는 곳,식료품 중 '건강식품'을 판매·제공하는 매장,24456103-f6b8-46af-8655-82e61d7265d8,커피가 머무르는 곳,커피,반드레길골목형상점가,골목형상점가,서울특별시,0.0,0.0,,,RESOLVED_AGREEMENT,False,0,,,,
6e29a4dfa57f8caab6c4,test,건강식품,T4 구어·문장,q_건강식품_07,건강즙 짜는 곳,식료품 중 '건강식품'을 판매·제공하는 매장,00e92856-b294-4032-8540-d60e9817f2d8,럭키약국,"의약품, 건강기능식품, 식품",충무로골목형상점가,골목형상점가,서울특별시,2.0,3.0,,,P2_GRADED_ONLY,True,,,,,
df921d2d1544bf3ba438,test,건강식품,T4 구어·문장,q_건강식품_07,건강즙 짜는 곳,식료품 중 '건강식품'을 판매·제공하는 매장,ae56e912-5b57-4855-b88f-d933d68fc9f7,김성환소머리국밥,한식,길주로 골목형상점가,골목형상점가,경기도,0.0,0.0,,,RESOLVED_AGREEMENT,False,0,,,,
abf73b96985ab059e2ce,test,건강식품,T4 구어·문장,q_건강식품_07,건강즙 짜는 곳,식료품 중 '건강식품'을 판매·제공하는 매장,e72dded4-a187-401c-b79e-239760d7983f,성일식당,음식,순천원도심상점가,자율상권구역,전라남도,0.0,0.0,,,RESOLVED_AGREEMENT,False,0,,,,
fff42bb3b4fe6bf2017f,test,건강식품,T4 구어·문장,q_건강식품_07,건강즙 짜는 곳,식료품 중 '건강식품'을 판매·제공하는 매장,0387e7e1-5a67-457e-accd-f082c7082988,화정웰빙건강원,건강즙,화정소담상인회 골목형상점가,골목형상점가,광주광역시,3.0,3.0,,,RESOLVED_AGREEMENT,False,3,,,,
fd0b90a07a8b35bb987e,test,건강식품,T4 구어·문장,q_건강식품_07,건강즙 짜는 곳,식료품 중 '건강식품'을 판매·제공하는 매장,4f02c9e5-23af-4c39-848c-92fedab62cfc,우승건강원,건강즙,큰방림길 골목형상점가,골목형상점가,광주광역시,3.0,3.0,,,RESOLVED_AGREEMENT,False,3,,,,
d878aeffafa92f084827,test,건강식품,T4 구어·문장,q_건강식품_07,건강즙 짜는 곳,식료품 중 '건강식품'을 판매·제공하는 매장,c6fc3438-eb3a-47ba-a00e-b64cd3b3782a,유창건강원,건강즙,독산동 우시장,자율상권구역,서울특별시,3.0,3.0,,,RESOLVED_AGREEMENT,False,3,,,,
2af423031106b6c8e4ee,test,건강식품,T4 구어·문장,q_건강식품_07,건강즙 짜는 곳,식료품 중 '건강식품'을 판매·제공하는 매장,027cecd7-d8bb-40f9-9532-06a27b7792e9,정관장홍삼 내손동점,홍삼,의왕예술의거리골목형상점가,골목형상점가,경기도,2.0,3.0,,,P2_GRADED_ONLY,True,,,,,
f183ed95d282b17f0e7a,test,건강식품,T4 구어·문장,q_건강식품_07,건강즙 짜는 곳,식료품 중 '건강식품'을 판매·제공하는 매장,1496371e-54a3-4ab5-813e-b80c328905c0,신세계건강원,건강즙제조,산수시장,전통시장,광주광역시,3.0,3.0,,,RESOLVED_AGREEMENT,False,3,,,,
0ebb89793629ac9edb8e,test,건강식품,T4 구어·문장,q_건강식품_07,건강즙 짜는 곳,식료품 중 '건강식품'을 판매·제공하는 매장,016f8113-22a7-4ef1-a80f-0562dd2a06e9,동이식품,"식품, 농산물",중앙신시장,전통시장,경상북도,1.0,1.0,,,RESOLVED_AGREEMENT,False,1,,,,
12272c25973fae7578f0,test,건강식품,T4 구어·문장,q_건강식품_07,건강즙 짜는 곳,식료품 중 '건강식품'을 판매·제공하는 매장,ce2974a9-a3a0-47d2-9c86-4579cd8f6223,현대건강원,건강즙,문흥동대천로 골목형상점가,골목형상점가,광주광역시,3.0,3.0,,,RESOLVED_AGREEMENT,False,3,,,,
3c6f0a20e821f663f160,test,건강식품,T4 구어·문장,q_건강식품_07,건강즙 짜는 곳,식료품 중 '건강식품'을 판매·제공하는 매장,a5a4ff70-6c4e-4be0-9e87-fa614ad3c16e,인테리어 소망,커튼 외,앰코로 골목형상점가,골목형상점가,광주광역시,0.0,0.0,,,RESOLVED_AGREEMENT,False,0,,,,
8a8a14dd41ff6ba30d9b,test,건강식품,T4 구어·문장,q_건강식품_07,건강즙 짜는 곳,식료품 중 '건강식품'을 판매·제공하는 매장,d2c2a2b1-b3ec-4f51-9712-469f5c046ea1,백세건강원,건강즙,무주반딧불상권활성화구역,상권활성화구역,전북특별자치도,3.0,3.0,,,RESOLVED_AGREEMENT,False,3,,,,
5df77cd17de7292e584f,test,건강식품,T4 구어·문장,q_건강식품_07,건강즙 짜는 곳,식료품 중 '건강식품'을 판매·제공하는 매장,00140fab-ec56-4d81-8a03-d3d4aa8d5a49,계령약국,의약품,성대시장골목형상점가,골목형상점가,서울특별시,1.0,2.0,,,P1_BINARY_THRESHOLD,True,,,,,
802068042c1feca22214,test,건강식품,T4 구어·문장,q_건강식품_07,건강즙 짜는 곳,식료품 중 '건강식품'을 판매·제공하는 매장,8c0f6d61-6964-49f1-8589-711e882033b8,임실흑염소건강원,건강즙,임실시장,전통시장,전북특별자치도,3.0,3.0,,,RESOLVED_AGREEMENT,False,3,,,,
2a38cc6d14d09affad26,test,건강식품,T4 구어·문장,q_건강식품_07,건강즙 짜는 곳,식료품 중 '건강식품'을 판매·제공하는 매장,76a3551b-dae4-4326-92cc-662015aedbfb,쉴 곳,한식,칠성로상점가,자율상권구역,제주특별자치도,0.0,0.0,,,RESOLVED_AGREEMENT,False,0,,,,
91ffd82267227662e34e,test,건강식품,T4 구어·문장,q_건강식품_07,건강즙 짜는 곳,식료품 중 '건강식품'을 판매·제공하는 매장,c381fbb5-83ab-4ad1-854d-6b696a4781f0,세계직물,원단,동대문종합시장,전통시장,서울특별시,0.0,0.0,,,RESOLVED_AGREEMENT,False,0,,,,
748465f1851945b83ae3,test,건강식품,T4 구어·문장,q_건강식품_07,건강즙 짜는 곳,식료품 중 '건강식품'을 판매·제공하는 매장,00b6e321-5954-437c-b1d9-94fded29f67e,웰빙마트,식품,서남신시장,전통시장,대구광역시,1.0,1.0,,,RESOLVED_AGREEMENT,False,1,,,,
06425c077f85da4e1177,test,건강식품,T4 구어·문장,q_건강식품_07,건강즙 짜는 곳,식료품 중 '건강식품'을 판매·제공하는 매장,00bd78a7-2a89-48d4-b7ec-efe5116ce2a4,반월당경북약국,약국,메트로센터(반월당지하쇼핑),일반지하상점가,대구광역시,1.0,2.0,,,P1_BINARY_THRESHOLD,True,,,,,
5e7b6fdd8ede9534a5e7,test,건강식품,T4 구어·문장,q_건강식품_07,건강즙 짜는 곳,식료품 중 '건강식품'을 판매·제공하는 매장,eee9553a-b115-4f5a-9d11-82facedb601d,참기름 짜는 육회집,육회,방이시장,전통시장,서울특별시,0.0,0.0,,,RESOLVED_AGREEMENT,False,0,,,,
b09384237b55db3c3c8d,test,건강식품,T4 구어·문장,q_건강식품_07,건강즙 짜는 곳,식료품 중 '건강식품'을 판매·제공하는 매장,c161c9c4-2edd-48a0-bbf5-fdf94425a6e4,영구건강원,건강즙,삼례시장,전통시장,전북특별자치도,3.0,3.0,,,RESOLVED_AGREEMENT,False,3,,,,
56e56251554a44cd57ec,test,건강식품,T4 구어·문장,q_건강식품_07,건강즙 짜는 곳,식료품 중 '건강식품'을 판매·제공하는 매장,fe9ff54f-c135-4fab-aaff-ce085d0df8b6,일화수산,수산,청량리수산시장,전통시장,서울특별시,0.0,0.0,,,RESOLVED_AGREEMENT,False,0,,,,
706b27a877664a7d7344,test,건강식품,T4 구어·문장,q_건강식품_07,건강즙 짜는 곳,식료품 중 '건강식품'을 판매·제공하는 매장,842f6cf1-6411-4f4b-be23-746d79e31656,섬곳,한식,플레이사계 지오단길 골목형상점가,골목형상점가,제주특별자치도,0.0,0.0,,,RESOLVED_AGREEMENT,False,0,,,,
58bbf48a3ff90322b7b7,test,건강식품,T4 구어·문장,q_건강식품_07,건강즙 짜는 곳,식료품 중 '건강식품'을 판매·제공하는 매장,008b065b-181b-4891-95dc-7a77a7c143d1,혜화온누리약국,약국,유성도안 골목형상점가,골목형상점가,대전광역시,1.0,2.0,,,P1_BINARY_THRESHOLD,True,,,,,
512927e732377408f31b,test,건강식품,T4 구어·문장,q_건강식품_07,건강즙 짜는 곳,식료품 중 '건강식품'을 판매·제공하는 매장,01f1ff87-d7c5-4c13-b60e-937f9d6221fd,수삼센터 83호,인삼(수삼),금산수삼센터,전통시장,충청남도,2.0,3.0,,,P2_GRADED_ONLY,True,,,,,
4e009eb10fe152de1726,test,건강식품,T4 구어·문장,q_건강식품_07,건강즙 짜는 곳,식료품 중 '건강식품'을 판매·제공하는 매장,01049348-bdd8-4303-a750-8f85f7029a84,사랑의손효소마을,건강식품,구미형곡시장프라자,전통시장,경상북도,2.0,3.0,,,P2_GRADED_ONLY,True,,,,,
69d95bbd0115a77db1a0,test,건강식품,T4 구어·문장,q_건강식품_07,건강즙 짜는 곳,식료품 중 '건강식품'을 판매·제공하는 매장,01befe6d-bfd6-4c6f-be43-d02efffe1dd1,성덕인삼,인삼,부전인삼시장,전통시장,부산광역시,2.0,3.0,,,P2_GRADED_ONLY,True,,,,,
71c6e1472f730a68c83b,test,건강식품,T4 구어·문장,q_건강식품_07,건강즙 짜는 곳,식료품 중 '건강식품'을 판매·제공하는 매장,7b65cfbd-2b30-4dae-b1b3-0557226aa280,지리산약초건강원,건강즙,익산동부시장 골목형상점가,골목형상점가,전북특별자치도,3.0,3.0,,,RESOLVED_AGREEMENT,False,3,,,,
e1be514a08fea60edcc9,test,건강식품,T4 구어·문장,q_건강식품_07,건강즙 짜는 곳,식료품 중 '건강식품'을 판매·제공하는 매장,e1f15c02-626b-467a-959a-e15a844f26ad,무등흑염소,건강즙,대인시장,전통시장,광주광역시,3.0,3.0,,,RESOLVED_AGREEMENT,False,3,,,,
09ff38e707aa18b2d353,test,건강식품,T4 구어·문장,q_건강식품_07,건강즙 짜는 곳,식료품 중 '건강식품'을 판매·제공하는 매장,06261986-3eba-4244-b63f-397460d82f4a,이곳,미용,나주혁신도시 골목형상점가,골목형상점가,전라남도,0.0,0.0,,,RESOLVED_AGREEMENT,False,0,,,,
2193591f31f80c0d85dd,test,건강식품,T4 구어·문장,q_건강식품_07,건강즙 짜는 곳,식료품 중 '건강식품'을 판매·제공하는 매장,d7a6ebd8-883d-413a-a398-4fc28e86a1d9,동호건강원,건강즙,해운대시장,전통시장,부산광역시,3.0,3.0,,,RESOLVED_AGREEMENT,False,3,,,,
a19272da3e400ce199d6,test,건강식품,T4 구어·문장,q_건강식품_07,건강즙 짜는 곳,식료품 중 '건강식품'을 판매·제공하는 매장,023caced-6133-4a64-839b-a1c69c27bb87,정관장과천점,소매업(홍삼제품),별양동상점가,자율상권구역,경기도,2.0,3.0,,,P2_GRADED_ONLY,True,,,,,
853bd71e68c2a90801bc,test,건강식품,T4 구어·문장,q_건강식품_07,건강즙 짜는 곳,식료품 중 '건강식품'을 판매·제공하는 매장,00339341-0652-4ec2-abc9-9cfd99cfafd8,정관장 화서시장점,건강기능식품,화서시장,전통시장,경기도,2.0,3.0,,,P2_GRADED_ONLY,True,,,,,
212a12dc6ee4c26738b6,test,건강식품,T4 구어·문장,q_건강식품_07,건강즙 짜는 곳,식료품 중 '건강식품'을 판매·제공하는 매장,0112a558-2787-41dc-ae68-695e60c4930c,해동그랜드약국,약국,전곡시장,전통시장,서울특별시,1.0,2.0,,,P1_BINARY_THRESHOLD,True,,,,,
ae3060862ab9b69f0307,test,건강식품,T4 구어·문장,q_건강식품_07,건강즙 짜는 곳,식료품 중 '건강식품'을 판매·제공하는 매장,178fde8d-cc0e-403b-b1b6-570745701e21,덕원상회,패류,사천 삼천포용궁수산시장,전통시장,경상남도,0.0,0.0,,,RESOLVED_AGREEMENT,False,0,,,,
96fed27af3e2a91ca8e3,test,건강식품,T4 구어·문장,q_건강식품_07,건강즙 짜는 곳,식료품 중 '건강식품'을 판매·제공하는 매장,004b2dbc-a37a-4c33-8661-ca25a873ac90,중앙인삼사,인삼,통영중앙전통시장,전통시장,경상남도,2.0,3.0,,,P2_GRADED_ONLY,True,,,,,
0204cfa924a409014307,test,건강식품,T4 구어·문장,q_건강식품_07,건강즙 짜는 곳,식료품 중 '건강식품'을 판매·제공하는 매장,193b05a0-c9c5-4d4d-8f46-2ef2e7dd8dcc,천지건강원,건강즙,금산국제인삼시장,전통시장,충청남도,3.0,3.0,,,RESOLVED_AGREEMENT,False,3,,,,
b8df92f84fb2a4154eed,test,건강식품,T4 구어·문장,q_건강식품_07,건강즙 짜는 곳,식료품 중 '건강식품'을 판매·제공하는 매장,047aa29c-deb8-4220-9082-a0c3a8a8caad,서천건강원,건강즙,사거리온누리 골목형상점가,골목형상점가,충청남도,3.0,3.0,,,RESOLVED_AGREEMENT,False,3,,,,
0058098c62d909d57357,test,건강식품,T4 구어·문장,q_건강식품_07,건강즙 짜는 곳,식료품 중 '건강식품'을 판매·제공하는 매장,8f5952f8-bb4a-4c09-9c96-6693a97e6c0d,웰빙건강촌,건강즙,대구예전우시장,전통시장,대구광역시,3.0,3.0,,,RESOLVED_AGREEMENT,False,3,,,,
b9bcf8671237a8fc612a,test,건강식품,T4 구어·문장,q_건강식품_07,건강즙 짜는 곳,식료품 중 '건강식품'을 판매·제공하는 매장,5f430d9c-685e-42f9-90ba-8786ff425910,서울상회,농산물,경동시장,전통시장,서울특별시,0.0,1.0,,,P2_GRADED_ONLY,True,,,,,
da15fa8d34bec08e6319,test,건강식품,T4 구어·문장,q_건강식품_07,건강즙 짜는 곳,식료품 중 '건강식품'을 판매·제공하는 매장,b658dedd-f9db-42cd-898c-7ab3b108785c,우선건강원,건강즙,말바우시장,전통시장,광주광역시,3.0,3.0,,,RESOLVED_AGREEMENT,False,3,,,,
e0da92b7a3a61633c8cd,test,건강식품,T4 구어·문장,q_건강식품_07,건강즙 짜는 곳,식료품 중 '건강식품'을 판매·제공하는 매장,00768c91-a678-4fbc-a372-a2ee0260218f,수택온누리약국,,구리시 구도심 상권활성화구역,상권활성화구역,경기도,1.0,2.0,,,P1_BINARY_THRESHOLD,True,,,,,
477b2d64354ad77a3356,test,건강식품,T4 구어·문장,q_건강식품_07,건강즙 짜는 곳,식료품 중 '건강식품'을 판매·제공하는 매장,008a831c-1fd3-4b7c-96c1-0e92332ccbf3,명성약국,의약품,공주산성시장,전통시장,충청남도,1.0,2.0,,,P1_BINARY_THRESHOLD,True,,,,,
cdf2f5b47828442c216e,test,건강식품,T4 구어·문장,q_건강식품_07,건강즙 짜는 곳,식료품 중 '건강식품'을 판매·제공하는 매장,969c1099-0f8b-44f6-8af5-f9e5e09c445f,미정건강원,건강즙,괴정골목시장,전통시장,부산광역시,3.0,3.0,,,RESOLVED_AGREEMENT,False,3,,,,
2bc41b15678ea7221e34,test,건강식품,T4 구어·문장,q_건강식품_07,건강즙 짜는 곳,식료품 중 '건강식품'을 판매·제공하는 매장,d3f4f733-5831-4347-96f9-a2082fdef09c,참좋은 건강원,건강즙,겸재한신길 골목형상점가,골목형상점가,서울특별시,3.0,3.0,,,RESOLVED_AGREEMENT,False,3,,,,
9ec2b2b96c38b622b4ee,test,건강식품,T4 구어·문장,q_건강식품_07,건강즙 짜는 곳,식료품 중 '건강식품'을 판매·제공하는 매장,a47706e2-f85b-468a-8fdb-a8df7fb2368e,경동건강원,건강즙,부천자유시장,전통시장,경기도,3.0,3.0,,,RESOLVED_AGREEMENT,False,3,,,,
de7bc343e6262e742e93,test,건강식품,T6 기계변형,q_건강식품_08,건강 식품,식료품 중 '건강식품'을 판매·제공하는 매장,6486943e-e934-4aa3-a156-55d5a68d792f,뉴욕식품,식품,시청광장 지하쇼핑센터,일반지하상점가,서울특별시,1.0,0.0,,,P2_GRADED_ONLY,True,,,,,
06339e3553fc1c5a749f,test,건강식품,T6 기계변형,q_건강식품_08,건강 식품,식료품 중 '건강식품'을 판매·제공하는 매장,82d76546-9bbf-451c-b801-71a696591b2f,한국인삼,"인삼, 홍삼, 흑삼 및 건강 보조 식품",진주 논개시장,전통시장,경상남도,3.0,3.0,,,RESOLVED_AGREEMENT,False,3,,,,
a15246c1d62006f034dc,test,건강식품,T6 기계변형,q_건강식품_08,건강 식품,식료품 중 '건강식품'을 판매·제공하는 매장,60ffbb8f-4522-4394-995e-ff3fb48ff872,찰김식품,식품,관고전통시장,전통시장,경기도,1.0,0.0,,,P2_GRADED_ONLY,True,,,,,
cdeba37d76c7e502b5e7,test,건강식품,T6 기계변형,q_건강식품_08,건강 식품,식료품 중 '건강식품'을 판매·제공하는 매장,2e9bc493-e97b-482c-a354-3598422c4bfb,건강백세,건강식품,광복지하도상가,일반지하상점가,부산광역시,3.0,3.0,,,RESOLVED_AGREEMENT,False,3,,,,
bd01bea39c45f2649eed,test,건강식품,T6 기계변형,q_건강식품_08,건강 식품,식료품 중 '건강식품'을 판매·제공하는 매장,76878562-d6c6-4d37-9607-65f09a86a6e7,건강백세,건강식품,원주자유시장,전통시장,강원특별자치도,3.0,3.0,,,RESOLVED_AGREEMENT,False,3,,,,
fb7a40524012325304ad,test,건강식품,T6 기계변형,q_건강식품_08,건강 식품,식료품 중 '건강식품'을 판매·제공하는 매장,b7cbe1db-a7bd-4933-8006-514b8d2290d6,매탄식품,식품,구매탄시장,전통시장,경기도,1.0,0.0,,,P2_GRADED_ONLY,True,,,,,
9bbce65eeb951c9e10ee,test,건강식품,T6 기계변형,q_건강식품_08,건강 식품,식료품 중 '건강식품'을 판매·제공하는 매장,f61d447b-12ae-4147-8c83-39e7587bafdb,다솜식품,식품,오정동상점가,자율상권구역,대전광역시,1.0,0.0,,,P2_GRADED_ONLY,True,,,,,
4037701e9956569c85f7,test,건강식품,T6 기계변형,q_건강식품_08,건강 식품,식료품 중 '건강식품'을 판매·제공하는 매장,000db6d6-585c-4aba-94e7-fc6a23a694fb,시민약국,의약품,문경중앙시장,전통시장,경상북도,1.0,2.0,,,P1_BINARY_THRESHOLD,True,,,,,
3f61628612bf96f32a97,test,건강식품,T6 기계변형,q_건강식품_08,건강 식품,식료품 중 '건강식품'을 판매·제공하는 매장,eb8d8f22-b825-47bb-97fa-886bb9f70afa,건강시대,건강식품,주안시민지하도상점가,일반지하상점가,인천광역시,3.0,3.0,,,RESOLVED_AGREEMENT,False,3,,,,
2164303d5fd1d496ed19,test,건강식품,T6 기계변형,q_건강식품_08,건강 식품,식료품 중 '건강식품'을 판매·제공하는 매장,eea36583-c3f6-43ab-bcf8-99ddaff9d680,송죽식품,식품,월곡시장,전통시장,광주광역시,1.0,0.0,,,P2_GRADED_ONLY,True,,,,,
802cccd38caa0ecd7e19,test,건강식품,T6 기계변형,q_건강식품_08,건강 식품,식료품 중 '건강식품'을 판매·제공하는 매장,f8b8485e-5710-4960-ada5-cd4d9cfd00a4,건강식품백화점,식품,자유도매시장,전통시장,대전광역시,2.0,3.0,,,P2_GRADED_ONLY,True,,,,,
3a03b6125976ca4e9b18,test,건강식품,T6 기계변형,q_건강식품_08,건강 식품,식료품 중 '건강식품'을 판매·제공하는 매장,843be2a2-a648-4f61-a5a0-bd322d4a8233,한일사건강,건강기능식품 화장품,만물의거리시장,전통시장,부산광역시,3.0,3.0,,,RESOLVED_AGREEMENT,False,3,,,,
220a420a02f6928cc665,test,건강식품,T6 기계변형,q_건강식품_08,건강 식품,식료품 중 '건강식품'을 판매·제공하는 매장,8e030335-00eb-42e0-86ae-6dc201885920,해피생활건강,화장품 건강식품,평광청구상가 골목형상점가,골목형상점가,대구광역시,3.0,3.0,,,RESOLVED_AGREEMENT,False,3,,,,
e25232a4fcc46f93b7ee,test,건강식품,T6 기계변형,q_건강식품_08,건강 식품,식료품 중 '건강식품'을 판매·제공하는 매장,0048134e-4060-4bf0-bffb-0cac8a53f2d8,사랑의뜰안 북광주점,건강기능식품,운암대자골 골목형상점가,골목형상점가,광주광역시,3.0,3.0,,,RESOLVED_AGREEMENT,False,3,,,,
dae442eb1d0c68bb280c,test,건강식품,T6 기계변형,q_건강식품_08,건강 식품,식료품 중 '건강식품'을 판매·제공하는 매장,e34a7ef2-7550-48df-958d-4e97a11d0050,자연과건강,건강식품,보은전통시장,전통시장,충청북도,3.0,3.0,,,RESOLVED_AGREEMENT,False,3,,,,
d1ba1bbf692f181e08b4,test,건강식품,T6 기계변형,q_건강식품_08,건강 식품,식료품 중 '건강식품'을 판매·제공하는 매장,017027d8-dbc4-49d9-82f8-f16291770c91,강릉인삼사,인삼건강식품,경동시장,전통시장,서울특별시,3.0,3.0,,,RESOLVED_AGREEMENT,False,3,,,,
aa61ea154dff23a5ba56,test,건강식품,T6 기계변형,q_건강식품_08,건강 식품,식료품 중 '건강식품'을 판매·제공하는 매장,3599ec51-387e-4770-8d48-e5bccc77d1c0,구사 식품,,북광장상가,자율상권구역,경기도,1.0,0.0,,,P2_GRADED_ONLY,True,,,,,
d2b0e81833ae2a8735e1,test,건강식품,T6 기계변형,q_건강식품_08,건강 식품,식료품 중 '건강식품'을 판매·제공하는 매장,01049348-bdd8-4303-a750-8f85f7029a84,사랑의손효소마을,건강식품,구미형곡시장프라자,전통시장,경상북도,3.0,3.0,,,RESOLVED_AGREEMENT,False,3,,,,
d7f1dfa4acc6915b30a1,test,건강식품,T6 기계변형,q_건강식품_08,건강 식품,식료품 중 '건강식품'을 판매·제공하는 매장,027cecd7-d8bb-40f9-9532-06a27b7792e9,정관장홍삼 내손동점,홍삼,의왕예술의거리골목형상점가,골목형상점가,경기도,3.0,3.0,,,RESOLVED_AGREEMENT,False,3,,,,
09d24becdf3d0a7266ee,test,건강식품,T6 기계변형,q_건강식품_08,건강 식품,식료품 중 '건강식품'을 판매·제공하는 매장,9c6b2824-9298-4b42-bbf9-45f76be52a78,원조성환장터국밥,국밥,송탄시장(송북시장),전통시장,경기도,0.0,0.0,,,RESOLVED_AGREEMENT,False,0,,,,
69676d1d76b18948fee3,test,건강식품,T6 기계변형,q_건강식품_08,건강 식품,식료품 중 '건강식품'을 판매·제공하는 매장,0040b4e6-7b74-4175-b54d-add4fe693d49,메디팜보명당약국,"의약품, 의료욕구, 복지욕구, 의료기기",점촌역전상점가,자율상권구역,경상북도,1.0,2.0,,,P1_BINARY_THRESHOLD,True,,,,,
32083449ad452e303698,test,건강식품,T6 기계변형,q_건강식품_08,건강 식품,식료품 중 '건강식품'을 판매·제공하는 매장,b6ecef22-41a0-41d4-a942-f951b1b94b8e,회동집,식품,정선아리랑시장,전통시장,강원특별자치도,1.0,0.0,,,P2_GRADED_ONLY,True,,,,,
088d8beeac0008def2fa,test,건강식품,T6 기계변형,q_건강식품_08,건강 식품,식료품 중 '건강식품'을 판매·제공하는 매장,4763568b-8891-4ec7-a5a2-91eef2a92c10,라라하다,화장품,풍암동부상인회 골목형상점가,골목형상점가,광주광역시,0.0,0.0,,,RESOLVED_AGREEMENT,False,0,,,,
daba13a88283c31dd2ca,test,건강식품,T6 기계변형,q_건강식품_08,건강 식품,식료품 중 '건강식품'을 판매·제공하는 매장,f6fe618f-f8dd-434d-9583-20c8b7eab132,약초 건강 백세,,신성전통시장,전통시장,서울특별시,3.0,3.0,,,RESOLVED_AGREEMENT,False,3,,,,
26006837b78b38a4163b,test,건강식품,T6 기계변형,q_건강식품_08,건강 식품,식료품 중 '건강식품'을 판매·제공하는 매장,16ef045e-ff44-4216-87fb-170bc12f8c62,가나안 식품,건강식품,별빛뉴타운골목형상점가,골목형상점가,서울특별시,3.0,3.0,,,RESOLVED_AGREEMENT,False,3,,,,
6e893aafde7a051b3c5c,test,건강식품,T6 기계변형,q_건강식품_08,건강 식품,식료품 중 '건강식품'을 판매·제공하는 매장,9fc66126-c3f1-4541-acf3-1780b5dc41c3,젠키,식품,용봉전대상대 골목형상점가,골목형상점가,광주광역시,1.0,0.0,,,P2_GRADED_ONLY,True,,,,,
ec8a33a9669afc8ceab2,test,건강식품,T6 기계변형,q_건강식품_08,건강 식품,식료품 중 '건강식품'을 판매·제공하는 매장,20e8e035-d605-485e-a0c5-1703ffce442b,과일나라과일천국,청과,새마을시장,전통시장,서울특별시,0.0,0.0,,,RESOLVED_AGREEMENT,False,0,,,,
7586b139c0412d4f5b1f,test,건강식품,T6 기계변형,q_건강식품_08,건강 식품,식료품 중 '건강식품'을 판매·제공하는 매장,d5533fa6-6e92-4d94-b777-2ddcdc46164d,자연건강,건강식품,메트로센터(반월당지하쇼핑),일반지하상점가,대구광역시,3.0,3.0,,,RESOLVED_AGREEMENT,False,3,,,,
491e72f51848a4e3be24,test,건강식품,T6 기계변형,q_건강식품_08,건강 식품,식료품 중 '건강식품'을 판매·제공하는 매장,b0d7bda0-cdf4-4bdb-a340-af60d0e22c4f,건영식품,식품,안양농수산물 골목형상점가,골목형상점가,경기도,1.0,0.0,,,P2_GRADED_ONLY,True,,,,,
d653f012618fd3a5776e,test,건강식품,T6 기계변형,q_건강식품_08,건강 식품,식료품 중 '건강식품'을 판매·제공하는 매장,001961d9-cb5d-40bc-903a-33d483f7d132,헬씨스탠다드,"건강기능식품, 쌀, 견과류, 약재",응암소담길 골목형상점가,골목형상점가,서울특별시,3.0,3.0,,,RESOLVED_AGREEMENT,False,3,,,,
4a092009db882a94dc79,test,건강식품,T6 기계변형,q_건강식품_08,건강 식품,식료품 중 '건강식품'을 판매·제공하는 매장,00b64830-f897-4643-a5fa-6d8950c2ef89,낭만상회,식품,문산자유시장,전통시장,경기도,1.0,0.0,,,P2_GRADED_ONLY,True,,,,,
d636b1abdd5b25614ee9,test,건강식품,T6 기계변형,q_건강식품_08,건강 식품,식료품 중 '건강식품'을 판매·제공하는 매장,6814c466-5d66-492d-b2a1-2879945fc39b,종근당 건강 헬스벨스토리 인천작전점,건강식품,작전시장,전통시장,인천광역시,3.0,3.0,,,RESOLVED_AGREEMENT,False,3,,,,
af5550a942bc2343f576,test,건강식품,T6 기계변형,q_건강식품_08,건강 식품,식료품 중 '건강식품'을 판매·제공하는 매장,6c4b66f8-b95c-49fc-a620-fc8dee2e0a4d,건강의집,건강식품,군포역전전통시장,전통시장,경기도,3.0,3.0,,,RESOLVED_AGREEMENT,False,3,,,,
16b7257910bf1fd84eff,test,건강식품,T6 기계변형,q_건강식품_08,건강 식품,식료품 중 '건강식품'을 판매·제공하는 매장,98d41881-7184-4452-adfb-60084770305c,건강나라,건강식품,자양전통시장,전통시장,서울특별시,3.0,3.0,,,RESOLVED_AGREEMENT,False,3,,,,
d856b456085a867ea7df,test,건강식품,T6 기계변형,q_건강식품_08,건강 식품,식료품 중 '건강식품'을 판매·제공하는 매장,008b065b-181b-4891-95dc-7a77a7c143d1,혜화온누리약국,약국,유성도안 골목형상점가,골목형상점가,대전광역시,1.0,2.0,,,P1_BINARY_THRESHOLD,True,,,,,
6499acea902b5a7279dc,test,건강식품,T6 기계변형,q_건강식품_08,건강 식품,식료품 중 '건강식품'을 판매·제공하는 매장,016f8113-22a7-4ef1-a80f-0562dd2a06e9,동이식품,"식품, 농산물",중앙신시장,전통시장,경상북도,1.0,1.0,,,RESOLVED_AGREEMENT,False,1,,,,
dafb70ae11dd53396187,test,건강식품,T6 기계변형,q_건강식품_08,건강 식품,식료품 중 '건강식품'을 판매·제공하는 매장,004b2dbc-a37a-4c33-8661-ca25a873ac90,중앙인삼사,인삼,통영중앙전통시장,전통시장,경상남도,3.0,3.0,,,RESOLVED_AGREEMENT,False,3,,,,
07c76b3668cd55196559,test,건강식품,T6 기계변형,q_건강식품_08,건강 식품,식료품 중 '건강식품'을 판매·제공하는 매장,00339341-0652-4ec2-abc9-9cfd99cfafd8,정관장 화서시장점,건강기능식품,화서시장,전통시장,경기도,3.0,3.0,,,RESOLVED_AGREEMENT,False,3,,,,
dad24c777f2a64da51e9,test,건강식품,T6 기계변형,q_건강식품_08,건강 식품,식료품 중 '건강식품'을 판매·제공하는 매장,01f1ff87-d7c5-4c13-b60e-937f9d6221fd,수삼센터 83호,인삼(수삼),금산수삼센터,전통시장,충청남도,3.0,3.0,,,RESOLVED_AGREEMENT,False,3,,,,
e038be8eb461b595e037,test,건강식품,T6 기계변형,q_건강식품_08,건강 식품,식료품 중 '건강식품'을 판매·제공하는 매장,1f845665-98e0-477f-bc86-1fb26c829d78,자연가 웰빙건강,건강식품,송정 다누리 골목형상점가,골목형상점가,광주광역시,3.0,3.0,,,RESOLVED_AGREEMENT,False,3,,,,
a7e3676f60449c16fcac,test,건강식품,T6 기계변형,q_건강식품_08,건강 식품,식료품 중 '건강식품'을 판매·제공하는 매장,f398b994-f8a9-414f-898c-03b612bf4409,건강상회,건강식품,상계중앙시장,전통시장,서울특별시,3.0,3.0,,,RESOLVED_AGREEMENT,False,3,,,,
8f9f32384e3d321f5fab,test,건강식품,T6 기계변형,q_건강식품_08,건강 식품,식료품 중 '건강식품'을 판매·제공하는 매장,006929a4-6712-43ca-80d7-f540710009b5,삼송프라자약국,의약품 외 건강기능식품,신원권율3 골목형상점가,골목형상점가,경기도,3.0,3.0,,,RESOLVED_AGREEMENT,False,3,,,,
144f3dfc35a47c4e411e,test,건강식품,T6 기계변형,q_건강식품_08,건강 식품,식료품 중 '건강식품'을 판매·제공하는 매장,ba3d2f07-dde6-433d-af31-c4eff7bed1ac,아이쇼핑,"식품, 건강식품",아리랑거리,전통시장,부산광역시,3.0,3.0,,,RESOLVED_AGREEMENT,False,3,,,,
4b2c990831999b5b9194,test,건강식품,T6 기계변형,q_건강식품_08,건강 식품,식료품 중 '건강식품'을 판매·제공하는 매장,b095f7b7-ad5d-425e-97f8-38e449001c72,더드림 건강식품,건강식품,남서상점가,자율상권구역,경상북도,3.0,3.0,,,RESOLVED_AGREEMENT,False,3,,,,
bbf3f9032224662deb73,test,건강식품,T6 기계변형,q_건강식품_08,건강 식품,식료품 중 '건강식품'을 판매·제공하는 매장,00bd78a7-2a89-48d4-b7ec-efe5116ce2a4,반월당경북약국,약국,메트로센터(반월당지하쇼핑),일반지하상점가,대구광역시,1.0,2.0,,,P1_BINARY_THRESHOLD,True,,,,,
37ea20f6ddd032e9270c,test,건강식품,T6 기계변형,q_건강식품_08,건강 식품,식료품 중 '건강식품'을 판매·제공하는 매장,62a5ce47-8e22-4e48-83a1-636152b6e35a,삼성비뇨기과,건강 보조식품 소매업,쌍용동 충무로1구역 골목형상점가,골목형상점가,충청남도,1.0,0.0,,,P2_GRADED_ONLY,True,,,,,
15ff089eb6ca1928d353,test,건강식품,T6 기계변형,q_건강식품_08,건강 식품,식료품 중 '건강식품'을 판매·제공하는 매장,019ac829-9ffd-42aa-bfd1-9da1dfba52e2,바디엔 약국,,남악1번가 골목형상점가,골목형상점가,,1.0,2.0,,,P1_BINARY_THRESHOLD,True,,,,,
2598d6dca12c14b6fd96,test,건강식품,T6 기계변형,q_건강식품_08,건강 식품,식료품 중 '건강식품'을 판매·제공하는 매장,c736454a-7fcd-4f14-b1fd-e41f91437566,중앙푸드,식품,오산오색시장(구 오산중앙시장),전통시장,경기도,1.0,0.0,,,P2_GRADED_ONLY,True,,,,,
909b2e79baf299d4d24e,test,건강식품,T6 기계변형,q_건강식품_08,건강 식품,식료품 중 '건강식품'을 판매·제공하는 매장,00140fab-ec56-4d81-8a03-d3d4aa8d5a49,계령약국,의약품,성대시장골목형상점가,골목형상점가,서울특별시,1.0,2.0,,,P1_BINARY_THRESHOLD,True,,,,,
e3563c798482cf0f9791,test,건강식품,T6 기계변형,q_건강식품_08,건강 식품,식료품 중 '건강식품'을 판매·제공하는 매장,cb7305ef-a51e-4948-bee1-c9793068f295,옛날반찬,식품,속초종합중앙시장,전통시장,강원특별자치도,1.0,0.0,,,P2_GRADED_ONLY,True,,,,,
7b78dac62ae3208b021e,test,건강식품,T6 기계변형,q_건강식품_08,건강 식품,식료품 중 '건강식품'을 판매·제공하는 매장,b2c1f519-0dcf-4eeb-bc3e-c3426c31b24a,스마일건강,건강기능식품,남포지하도상가,일반지하상점가,부산광역시,3.0,3.0,,,RESOLVED_AGREEMENT,False,3,,,,
5e6dd1f148093ea751a9,test,건강식품,T6 기계변형,q_건강식품_08,건강 식품,식료품 중 '건강식품'을 판매·제공하는 매장,1727d28c-510a-424c-a93b-9585c73e1672,건강랜드,건강식품,모라전통시장,전통시장,부산광역시,3.0,3.0,,,RESOLVED_AGREEMENT,False,3,,,,
83ee09a96347ddd40c8a,test,건강식품,T6 기계변형,q_건강식품_08,건강 식품,식료품 중 '건강식품'을 판매·제공하는 매장,b81a80dc-3576-44a0-855d-3071d8f0014e,건강백세,건강식품,부산역지하도상가,일반지하상점가,부산광역시,3.0,3.0,,,RESOLVED_AGREEMENT,False,3,,,,
9ed3b5149ce51ea631de,test,건강식품,T6 기계변형,q_건강식품_08,건강 식품,식료품 중 '건강식품'을 판매·제공하는 매장,00768c91-a678-4fbc-a372-a2ee0260218f,수택온누리약국,,구리시 구도심 상권활성화구역,상권활성화구역,경기도,1.0,2.0,,,P1_BINARY_THRESHOLD,True,,,,,
73ef35e719697bed84c1,test,건강식품,T6 기계변형,q_건강식품_08,건강 식품,식료품 중 '건강식품'을 판매·제공하는 매장,1957ce61-15ee-48c3-a96c-941858155912,옵티마약초약국,건강 기능식품 의약품,의왕도깨비시장,전통시장,경기도,3.0,3.0,,,RESOLVED_AGREEMENT,False,3,,,,
2774eca342f9819fe89e,test,건강식품,T6 기계변형,q_건강식품_08,건강 식품,식료품 중 '건강식품'을 판매·제공하는 매장,0963b21f-b49e-4987-aacc-6f3edb426b4b,푸른뫼,식품,춘천풍물시장,전통시장,강원특별자치도,1.0,0.0,,,P2_GRADED_ONLY,True,,,,,
2660bec3bdcdf32dddae,test,건강식품,T6 기계변형,q_건강식품_08,건강 식품,식료품 중 '건강식품'을 판매·제공하는 매장,002c02f2-4428-4a84-a248-7b23ae109459,정관장 반석점,홍삼건강식품,지족반석 골목형상점가,골목형상점가,대전광역시,3.0,3.0,,,RESOLVED_AGREEMENT,False,3,,,,
6b3c1451488d4f54974b,test,건강식품,T6 기계변형,q_건강식품_08,건강 식품,식료품 중 '건강식품'을 판매·제공하는 매장,0112a558-2787-41dc-ae68-695e60c4930c,해동그랜드약국,약국,전곡시장,전통시장,서울특별시,1.0,2.0,,,P1_BINARY_THRESHOLD,True,,,,,
56b016d92579050fb154,test,건강식품,T6 기계변형,q_건강식품_08,건강 식품,식료품 중 '건강식품'을 판매·제공하는 매장,a2c890fa-5a2e-477f-a7a4-7f07855901ca,풀잎사랑건강,건강식품,두류1번가,일반지하상점가,대구광역시,3.0,3.0,,,RESOLVED_AGREEMENT,False,3,,,,
0c2c53894f90dd24745f,test,건강식품,T6 기계변형,q_건강식품_08,건강 식품,식료품 중 '건강식품'을 판매·제공하는 매장,335e5e48-6fbd-4d9f-9380-d0d398d27058,컴포즈커피 풍암중흥점,음료,풍암신암상인회 골목형상점가,골목형상점가,광주광역시,0.0,0.0,,,RESOLVED_AGREEMENT,False,0,,,,
5e9417d8b4eef9eac50a,test,건강식품,T6 기계변형,q_건강식품_08,건강 식품,식료품 중 '건강식품'을 판매·제공하는 매장,01befe6d-bfd6-4c6f-be43-d02efffe1dd1,성덕인삼,인삼,부전인삼시장,전통시장,부산광역시,3.0,3.0,,,RESOLVED_AGREEMENT,False,3,,,,
6c7a2f5f63ad24b4bdf4,test,건강식품,T6 기계변형,q_건강식품_08,건강 식품,식료품 중 '건강식품'을 판매·제공하는 매장,ad0e01ae-fdaf-43f8-bb2d-2de9beef09b2,제일건강원,건강,아랫장,전통시장,전라남도,2.0,3.0,,,P2_GRADED_ONLY,True,,,,,
e3fa1d4c392eb2976bf0,test,건강식품,T6 기계변형,q_건강식품_08,건강 식품,식료품 중 '건강식품'을 판매·제공하는 매장,540c636d-076a-4346-9a0b-1493c10b1b91,건강마을,건강식품,연일전통시장,전통시장,경상북도,3.0,3.0,,,RESOLVED_AGREEMENT,False,3,,,,
87c0bb1d88ee00fff5af,test,건강식품,T6 기계변형,q_건강식품_08,건강 식품,식료품 중 '건강식품'을 판매·제공하는 매장,cf706624-7be1-4c7e-bb25-23ef23616249,고든유통주식회사,소매(슈퍼마켓),신곡종합시장,전통시장,서울특별시,0.0,1.0,,,P2_GRADED_ONLY,True,,,,,
4db409774ca3a25b69f8,test,건강식품,T6 기계변형,q_건강식품_08,건강 식품,식료품 중 '건강식품'을 판매·제공하는 매장,7a34d1a0-40c5-4059-87b4-bad643260761,금척유통,식품,건천시장,전통시장,경상북도,1.0,0.0,,,P2_GRADED_ONLY,True,,,,,
94ab3ff8fa2dcdd42014,test,건강식품,T6 기계변형,q_건강식품_08,건강 식품,식료품 중 '건강식품'을 판매·제공하는 매장,4f464e22-1a9a-459e-9cd4-a91771891272,본정 식품,,함평천지전통시장(함평5일시장),전통시장,,1.0,0.0,,,P2_GRADED_ONLY,True,,,,,
be343a2dcd770125c69e,test,건강식품,T6 기계변형,q_건강식품_08,건강 식품,식료품 중 '건강식품'을 판매·제공하는 매장,5b37ecfe-713e-455d-9f9f-d7a899726e1d,조마식품,식품,김천황금시장,전통시장,경상북도,1.0,0.0,,,P2_GRADED_ONLY,True,,,,,
95ed503171ee7023e2f1,test,건강식품,T6 기계변형,q_건강식품_08,건강 식품,식료품 중 '건강식품'을 판매·제공하는 매장,eef00883-c67c-436a-911c-5eb4a23c4d74,리얼프랜드,"건강 보조식품, 족욕",석촌시장,전통시장,서울특별시,1.0,0.0,,,P2_GRADED_ONLY,True,,,,,
5d1c7161f9596368592f,test,건강식품,T6 기계변형,q_건강식품_08,건강 식품,식료품 중 '건강식품'을 판매·제공하는 매장,ea9af1a4-e2a3-4432-9004-69948c72e7a0,건강튼튼365,식품,구미 아카데미상가 골목형상점가,골목형상점가,경상북도,1.0,0.0,,,P2_GRADED_ONLY,True,,,,,
832e094b083b6a7984e2,test,건강식품,T6 기계변형,q_건강식품_08,건강 식품,식료품 중 '건강식품'을 판매·제공하는 매장,252d05ae-d624-4e20-820f-dd0c41e24014,건강마트,건강식품,광명새마을시장,전통시장,경기도,3.0,3.0,,,RESOLVED_AGREEMENT,False,3,,,,
b9bb7e4021459e36ad76,test,건강식품,T6 기계변형,q_건강식품_08,건강 식품,식료품 중 '건강식품'을 판매·제공하는 매장,02cd45e9-fe92-42d2-9ae1-da8fc01edbdb,(주)서울인삼유통,홍삼,경동시장,전통시장,서울특별시,3.0,3.0,,,RESOLVED_AGREEMENT,False,3,,,,
5b45dd02aae004116892,test,건강식품,T6 기계변형,q_건강식품_08,건강 식품,식료품 중 '건강식품'을 판매·제공하는 매장,e72f4e43-057a-49bc-8960-f7373b78d21f,건강 가득찬,반찬,자양전통시장,전통시장,서울특별시,0.0,0.0,,,RESOLVED_AGREEMENT,False,0,,,,
60fdf2316ca10ba4e48f,test,건강식품,T6 기계변형,q_건강식품_08,건강 식품,식료품 중 '건강식품'을 판매·제공하는 매장,4261898b-d1f2-4cb2-bd18-0a3cc7614b84,내추럴 건강,차류,과천새서울프라자시장,전통시장,경기도,0.0,0.0,,,RESOLVED_AGREEMENT,False,0,,,,
841c072b2c54a4018003,test,건강식품,T6 기계변형,q_건강식품_08,건강 식품,식료품 중 '건강식품'을 판매·제공하는 매장,18be2348-db7b-4393-84d7-fb5afc16a45c,수억상회,식품,청량리종합시장,전통시장,서울특별시,1.0,0.0,,,P2_GRADED_ONLY,True,,,,,
12566ef8be3d5ab61388,test,건강식품,T6 기계변형,q_건강식품_08,건강 식품,식료품 중 '건강식품'을 판매·제공하는 매장,0478017b-68cc-48cc-8230-04d65755aa9e,웰빙건강,도소매(건강식품),수유시장,전통시장,서울특별시,3.0,3.0,,,RESOLVED_AGREEMENT,False,3,,,,
15048a9aedbaa978754b,test,건강식품,T6 기계변형,q_건강식품_08,건강 식품,식료품 중 '건강식품'을 판매·제공하는 매장,9b41fb41-2c52-4a7d-802f-341075ec7dcf,라벨르 건강 살롱,화장품,동래시장,전통시장,부산광역시,0.0,0.0,,,RESOLVED_AGREEMENT,False,0,,,,
2a27fbe109f384cc70da,test,건강식품,T6 기계변형,q_건강식품_08,건강 식품,식료품 중 '건강식품'을 판매·제공하는 매장,958a38c2-3a5b-4f1d-8195-2c42f874bbe2,참젓갈,식품,포항죽도농산물시장,전통시장,경상북도,1.0,0.0,,,P2_GRADED_ONLY,True,,,,,
3a21684ed2a77573df5c,test,건강식품,T6 기계변형,q_건강식품_08,건강 식품,식료품 중 '건강식품'을 판매·제공하는 매장,fae50d07-57d0-422c-8e29-8b25e2770fcd,네이쳐스영 창원점,건강 기능식품,창원 명서시장,전통시장,경상남도,3.0,0.0,,,P1_BINARY_THRESHOLD,True,,,,,
75b33afc2ab7482b3910,test,건강식품,T6 기계변형,q_건강식품_08,건강 식품,식료품 중 '건강식품'을 판매·제공하는 매장,008a831c-1fd3-4b7c-96c1-0e92332ccbf3,명성약국,의약품,공주산성시장,전통시장,충청남도,1.0,2.0,,,P1_BINARY_THRESHOLD,True,,,,,
ce37c5e5f37b2f8b0a84,test,건강식품,T6 기계변형,q_건강식품_08,건강 식품,식료품 중 '건강식품'을 판매·제공하는 매장,5cbba37e-452e-48e7-8b3e-b6fa8c50b021,건강한미래약국,약품 건강기능성 식품,첨단동행 골목형상점가,골목형상점가,광주광역시,1.0,2.0,,,P1_BINARY_THRESHOLD,True,,,,,
b05d0cff586555d96a15,test,건강식품,T6 기계변형,q_건강식품_08,건강 식품,식료품 중 '건강식품'을 판매·제공하는 매장,bed16976-1505-49bf-bed3-f9a65219f5d2,세운디지털사진관,,동북로산격 골목형상점가,골목형상점가,대구광역시,0.0,0.0,,,RESOLVED_AGREEMENT,False,0,,,,
83be6001c77234cf814e,test,건강식품,T6 기계변형,q_건강식품_08,건강 식품,식료품 중 '건강식품'을 판매·제공하는 매장,c714500e-8e3d-4019-85cd-bba5dc9b0e82,원쌤미식,식품,가재마을 골목형상점가,골목형상점가,세종특별자치시,1.0,0.0,,,P2_GRADED_ONLY,True,,,,,
4bf58eca18e192211a4a,test,건강식품,T6 기계변형,q_건강식품_08,건강 식품,식료품 중 '건강식품'을 판매·제공하는 매장,00b6e321-5954-437c-b1d9-94fded29f67e,웰빙마트,식품,서남신시장,전통시장,대구광역시,1.0,1.0,,,RESOLVED_AGREEMENT,False,1,,,,
5aea96773a22534cf67c,test,건강식품,T6 기계변형,q_건강식품_08,건강 식품,식료품 중 '건강식품'을 판매·제공하는 매장,47b279e9-8901-45b7-95d9-ceca774eb6b0,동향식품,식품,목포항동시장,전통시장,전라남도,1.0,0.0,,,P2_GRADED_ONLY,True,,,,,
e36dc3c4be671b93db76,test,건강식품,T6 기계변형,q_건강식품_08,건강 식품,식료품 중 '건강식품'을 판매·제공하는 매장,a4cef5cf-dbaa-4f36-a7e7-f0eda7272eab,로얄식품,식품,중앙식료시장(중앙먹통시장),전통시장,전라남도,1.0,0.0,,,P2_GRADED_ONLY,True,,,,,
80be82a76ecf676c7cb6,test,건강식품,T6 기계변형,q_건강식품_08,건강 식품,식료품 중 '건강식품'을 판매·제공하는 매장,023caced-6133-4a64-839b-a1c69c27bb87,정관장과천점,소매업(홍삼제품),별양동상점가,자율상권구역,경기도,3.0,3.0,,,RESOLVED_AGREEMENT,False,3,,,,
8711f6ac64a1c18db9f8,test,건강식품,T6 기계변형,q_건강식품_08,건강 식품,식료품 중 '건강식품'을 판매·제공하는 매장,4d4f5fcb-c203-42ce-8128-441efb4bbe3b,일품건강,건강보조식품,오산오색시장(구 오산중앙시장),전통시장,경기도,1.0,0.0,,,P2_GRADED_ONLY,True,,,,,
9214cc550f3f2b795633,test,건강식품,T6 기계변형,q_건강식품_08,건강 식품,식료품 중 '건강식품'을 판매·제공하는 매장,b3bf0bfd-fa1d-4460-b86d-3a0b155bd2d2,채움힘찬건강,건강식품,면목골목시장,전통시장,서울특별시,3.0,3.0,,,RESOLVED_AGREEMENT,False,3,,,,
65464f560c9f5766bae4,test,건강식품,T6 기계변형,q_건강식품_08,건강 식품,식료품 중 '건강식품'을 판매·제공하는 매장,00e92856-b294-4032-8540-d60e9817f2d8,럭키약국,"의약품, 건강기능식품, 식품",충무로골목형상점가,골목형상점가,서울특별시,3.0,3.0,,,RESOLVED_AGREEMENT,False,3,,,,
7659cb5d745971e44d83,test,건강식품,T6 기계변형,q_건강식품_08,건강 식품,식료품 중 '건강식품'을 판매·제공하는 매장,427cd152-40af-45bd-b6ee-c6a336ce775b,일억식품,식품,박달시장,전통시장,경기도,1.0,0.0,,,P2_GRADED_ONLY,True,,,,,
7dad5fec87f00f69e61b,test,건강식품,T6 기계변형,q_건강식품_08,건강 식품,식료품 중 '건강식품'을 판매·제공하는 매장,42a2e9f9-7dce-4dfe-97fd-51fdaa878d1d,서울건강원,건강 보조용 액화식품,강진읍 상권활성화구역,상권활성화구역,전라남도,2.0,3.0,,,P2_GRADED_ONLY,True,,,,,
411c909910bcdb34198b,test,건강식품,T6 기계변형,q_건강식품_08,건강 식품,식료품 중 '건강식품'을 판매·제공하는 매장,da23206d-5d6a-4639-bc6d-b9a0b73c9603,루머팡,커피,오천시장,전통시장,경상북도,0.0,0.0,,,RESOLVED_AGREEMENT,False,0,,,,
0a6c00716875bf333d22,test,건강식품,T6 기계변형,q_건강식품_08,건강 식품,식료품 중 '건강식품'을 판매·제공하는 매장,5dc1051e-ba8f-4d5b-b710-3dc13465d873,동방식품,식품,신중앙시장,전통시장,서울특별시,1.0,0.0,,,P2_GRADED_ONLY,True,,,,,
16516a8a4ab97bc56818,test,건강식품,T6 기계변형,q_건강식품_08,건강 식품,식료품 중 '건강식품'을 판매·제공하는 매장,13ff5f6e-698b-460b-bd88-a7dfe02f4c80,웰빙건강랜드,건강 식품,금당로 골목형상점가,골목형상점가,광주광역시,3.0,0.0,,,P1_BINARY_THRESHOLD,True,,,,,
eab573b0765e1ee5b562,test,건강식품,T6 기계변형,q_건강식품_08,건강 식품,식료품 중 '건강식품'을 판매·제공하는 매장,37c47c13-80aa-408b-bbde-fb498372bdd8,공단식품,식품,신평골목시장,전통시장,부산광역시,1.0,0.0,,,P2_GRADED_ONLY,True,,,,,
ecb0b5243ed8bbb3e2b6,test,건강식품,T6 기계변형,q_건강식품_08,건강 식품,식료품 중 '건강식품'을 판매·제공하는 매장,94705af6-a9ab-481f-b9c0-32835e4032e1,신광분식,식품,서문공설시장,전통시장,제주특별자치도,1.0,0.0,,,P2_GRADED_ONLY,True,,,,,
5d9465bb813bc6ccc347,test,건강식품,T6 기계변형,q_건강식품_08,건강 식품,식료품 중 '건강식품'을 판매·제공하는 매장,9ab53229-d066-4fbc-8412-2acb55cce9a6,바다회센터,한식,노량진수산시장골목형상점가,골목형상점가,서울특별시,0.0,0.0,,,RESOLVED_AGREEMENT,False,0,,,,
0c6f08993ef4a2c6dd40,test,건강식품,T6 기계변형,q_건강식품_08,건강 식품,식료품 중 '건강식품'을 판매·제공하는 매장,0a8df3aa-6114-4f1d-93a6-7ee4232caf0e,건강,한식,산수시장,전통시장,광주광역시,0.0,0.0,,,RESOLVED_AGREEMENT,False,0,,,,
5d7697158002aef5a003,test,건강식품,T6 기계변형,q_건강식품_08,건강 식품,식료품 중 '건강식품'을 판매·제공하는 매장,fdfaefa1-7b27-4a24-b501-9bac1549112d,건강,돼지곱창전골,우산동 골목형상점가,골목형상점가,광주광역시,0.0,0.0,,,RESOLVED_AGREEMENT,False,0,,,,
51bc9e9f9ad258dc0b53,test,건강식품,T6 기계변형,q_건강식품_08,건강 식품,식료품 중 '건강식품'을 판매·제공하는 매장,7796a6d0-2ba4-48e5-93dc-ae2f80172a87,건강약국,건강식품,가수원상점가,자율상권구역,대전광역시,3.0,3.0,,,RESOLVED_AGREEMENT,False,3,,,,
e405fd06408e6c0c9932,test,건강식품,T6 기계변형,q_건강식품_08,건강 식품,식료품 중 '건강식품'을 판매·제공하는 매장,b3046930-7fcb-4daf-bea8-adc4172714d2,고려인삼,건강 보조식품,경동시장,전통시장,서울특별시,2.0,3.0,,,P2_GRADED_ONLY,True,,,,,
1424e6b6912086642ba4,test,건강식품,T6 기계변형,q_건강식품_08,건강 식품,식료품 중 '건강식품'을 판매·제공하는 매장,c814f2a1-e5e9-4ea9-8fc2-803318998cd3,두메식품,식품,부천상동시장,전통시장,경기도,1.0,0.0,,,P2_GRADED_ONLY,True,,,,,
4ddb5e697f99f50c3168,test,건강식품,T6 기계변형,q_건강식품_08,건강 식품,식료품 중 '건강식품'을 판매·제공하는 매장,009bd725-6319-41ec-87fb-f904d54243ca,현대인삼,"홍삼, 인삼",경동시장,전통시장,서울특별시,3.0,3.0,,,RESOLVED_AGREEMENT,False,3,,,,
759bbbc9035fabdfdfe6,test,건강식품,T6 기계변형,q_건강식품_09,건강식푼,식료품 중 '건강식품'을 판매·제공하는 매장,4ac9ee52-44d1-4d33-b5d2-d8c27eb5cf16,건강식품,곡물,충금지하도상가,일반지하상점가,광주광역시,2.0,3.0,,,P2_GRADED_ONLY,True,,,,,
78a740f27ed8f23c13f6,test,건강식품,T6 기계변형,q_건강식품_09,건강식푼,식료품 중 '건강식품'을 판매·제공하는 매장,1a2da266-a156-4b54-b774-c23da7844e2f,유향,건강식품,부천자유시장,전통시장,경기도,3.0,3.0,,,RESOLVED_AGREEMENT,False,3,,,,
8d862cee83e84afcc8c1,test,건강식품,T6 기계변형,q_건강식품_09,건강식푼,식료품 중 '건강식품'을 판매·제공하는 매장,252d05ae-d624-4e20-820f-dd0c41e24014,건강마트,건강식품,광명새마을시장,전통시장,경기도,3.0,3.0,,,RESOLVED_AGREEMENT,False,3,,,,
ba4d68284bb7efbfa35a,test,건강식품,T6 기계변형,q_건강식품_09,건강식푼,식료품 중 '건강식품'을 판매·제공하는 매장,84f5e6ee-155f-4cbc-9532-3fbd5aff18ac,고려건강식품,건강식품,망미중앙시장,전통시장,부산광역시,3.0,3.0,,,RESOLVED_AGREEMENT,False,3,,,,
f582a2585e8615d156f4,test,건강식품,T6 기계변형,q_건강식품_09,건강식푼,식료품 중 '건강식품'을 판매·제공하는 매장,98d41881-7184-4452-adfb-60084770305c,건강나라,건강식품,자양전통시장,전통시장,서울특별시,3.0,3.0,,,RESOLVED_AGREEMENT,False,3,,,,
67160115f444b81e3936,test,건강식품,T6 기계변형,q_건강식품_09,건강식푼,식료품 중 '건강식품'을 판매·제공하는 매장,0040b4e6-7b74-4175-b54d-add4fe693d49,메디팜보명당약국,"의약품, 의료욕구, 복지욕구, 의료기기",점촌역전상점가,자율상권구역,경상북도,1.0,2.0,,,P1_BINARY_THRESHOLD,True,,,,,
78194cd268068b1017eb,test,건강식품,T6 기계변형,q_건강식품_09,건강식푼,식료품 중 '건강식품'을 판매·제공하는 매장,017027d8-dbc4-49d9-82f8-f16291770c91,강릉인삼사,인삼건강식품,경동시장,전통시장,서울특별시,3.0,3.0,,,RESOLVED_AGREEMENT,False,3,,,,
6765dcf4365984dad87a,test,건강식품,T6 기계변형,q_건강식품_09,건강식푼,식료품 중 '건강식품'을 판매·제공하는 매장,008b065b-181b-4891-95dc-7a77a7c143d1,혜화온누리약국,약국,유성도안 골목형상점가,골목형상점가,대전광역시,1.0,2.0,,,P1_BINARY_THRESHOLD,True,,,,,
36ebaad8e9a47f971049,test,건강식품,T6 기계변형,q_건강식품_09,건강식푼,식료품 중 '건강식품'을 판매·제공하는 매장,2e9bc493-e97b-482c-a354-3598422c4bfb,건강백세,건강식품,광복지하도상가,일반지하상점가,부산광역시,3.0,3.0,,,RESOLVED_AGREEMENT,False,3,,,,
91d18fae1e48a8b825a2,test,건강식품,T6 기계변형,q_건강식품_09,건강식푼,식료품 중 '건강식품'을 판매·제공하는 매장,c4498a18-2af7-4694-9057-551a5112f03f,건강찾는건강원,건강식품,포남용마거리골목형상점가,골목형상점가,강원특별자치도,3.0,3.0,,,RESOLVED_AGREEMENT,False,3,,,,
de1a28becff7fc264b49,test,건강식품,T6 기계변형,q_건강식품_09,건강식푼,식료품 중 '건강식품'을 판매·제공하는 매장,6311db8b-775d-4778-bfcc-1fde405ad755,성연양꼬치(당진점),일반음식,당진시신도심상점가,자율상권구역,충청남도,0.0,0.0,,,RESOLVED_AGREEMENT,False,0,,,,
268e445f5bfbfac761ea,test,건강식품,T6 기계변형,q_건강식품_09,건강식푼,식료품 중 '건강식품'을 판매·제공하는 매장,f1903e70-32e8-48a4-8265-57fa4b5cc138,건강식품판매점,건강식품,행복상점가,자율상권구역,경상북도,3.0,3.0,,,RESOLVED_AGREEMENT,False,3,,,,
71675d3f709e064adc13,test,건강식품,T6 기계변형,q_건강식품_09,건강식푼,식료품 중 '건강식품'을 판매·제공하는 매장,02cd45e9-fe92-42d2-9ae1-da8fc01edbdb,(주)서울인삼유통,홍삼,경동시장,전통시장,서울특별시,3.0,3.0,,,RESOLVED_AGREEMENT,False,3,,,,
09fed2781ec41d96f619,test,건강식품,T6 기계변형,q_건강식품_09,건강식푼,식료품 중 '건강식품'을 판매·제공하는 매장,1dc584b9-7fde-4acd-af27-d74aaab44799,금산건강식품,건강식품,"온양온천시장(온양재래시장, 전통시장)",전통시장,충청남도,3.0,3.0,,,RESOLVED_AGREEMENT,False,3,,,,
e5970e83b750eb62f810,test,건강식품,T6 기계변형,q_건강식품_09,건강식푼,식료품 중 '건강식품'을 판매·제공하는 매장,56684664-6707-48c1-af66-f998dd930116,상무 건강원,건강식품,치평동중흥상가상인회 골목형상점가,골목형상점가,광주광역시,3.0,3.0,,,RESOLVED_AGREEMENT,False,3,,,,
f8448fa03b85bd1566fa,test,건강식품,T6 기계변형,q_건강식품_09,건강식푼,식료품 중 '건강식품'을 판매·제공하는 매장,019ac829-9ffd-42aa-bfd1-9da1dfba52e2,바디엔 약국,,남악1번가 골목형상점가,골목형상점가,,1.0,2.0,,,P1_BINARY_THRESHOLD,True,,,,,
c33bda5f34c7ace53224,test,건강식품,T6 기계변형,q_건강식품_09,건강식푼,식료품 중 '건강식품'을 판매·제공하는 매장,05934dc5-99f6-47c3-b8ed-adf0277719eb,믿음건강원,건강식품,구월시장,전통시장,인천광역시,3.0,3.0,,,RESOLVED_AGREEMENT,False,3,,,,
2fc1879f3321ec6d8ab4,test,건강식품,T6 기계변형,q_건강식품_09,건강식푼,식료품 중 '건강식품'을 판매·제공하는 매장,471c68e0-29cb-48ec-8018-23c71adb77ab,천기초 건강식품 백화점,건강식품,구미역중앙 골목형상점가,골목형상점가,경상북도,3.0,3.0,,,RESOLVED_AGREEMENT,False,3,,,,
66392455bfa3c07fd65d,test,건강식품,T6 기계변형,q_건강식품_09,건강식푼,식료품 중 '건강식품'을 판매·제공하는 매장,01f1ff87-d7c5-4c13-b60e-937f9d6221fd,수삼센터 83호,인삼(수삼),금산수삼센터,전통시장,충청남도,3.0,3.0,,,RESOLVED_AGREEMENT,False,3,,,,
f84f397eb5777052c3d2,test,건강식품,T6 기계변형,q_건강식품_09,건강식푼,식료품 중 '건강식품'을 판매·제공하는 매장,48d0d528-1d6f-496d-bc89-eb8168d84bc7,라라샵,건강식품,시장로타리지하상가,일반지하상점가,인천광역시,3.0,3.0,,,RESOLVED_AGREEMENT,False,3,,,,
11571b074de7be26f896,test,건강식품,T6 기계변형,q_건강식품_09,건강식푼,식료품 중 '건강식품'을 판매·제공하는 매장,89fdbc96-07aa-47a7-a92c-39c28ed57dcf,옥설건강원,건강식품,남부골목시장,전통시장,서울특별시,3.0,3.0,,,RESOLVED_AGREEMENT,False,3,,,,
36688e065430a92f4c01,test,건강식품,T6 기계변형,q_건강식품_09,건강식푼,식료품 중 '건강식품'을 판매·제공하는 매장,7796a6d0-2ba4-48e5-93dc-ae2f80172a87,건강약국,건강식품,가수원상점가,자율상권구역,대전광역시,3.0,3.0,,,RESOLVED_AGREEMENT,False,3,,,,
24054405501218f5d4e7,test,건강식품,T6 기계변형,q_건강식품_09,건강식푼,식료품 중 '건강식품'을 판매·제공하는 매장,01befe6d-bfd6-4c6f-be43-d02efffe1dd1,성덕인삼,인삼,부전인삼시장,전통시장,부산광역시,3.0,3.0,,,RESOLVED_AGREEMENT,False,3,,,,
1940b28c284e6ee28d71,test,건강식품,T6 기계변형,q_건강식품_09,건강식푼,식료품 중 '건강식품'을 판매·제공하는 매장,57eaecd9-7eb3-4f42-abc1-f66654c86bfc,평택인삼,건강식품,평택통복시장,전통시장,경기도,3.0,3.0,,,RESOLVED_AGREEMENT,False,3,,,,
3823beb8c518ea161af0,test,건강식품,T6 기계변형,q_건강식품_09,건강식푼,식료품 중 '건강식품'을 판매·제공하는 매장,00bd78a7-2a89-48d4-b7ec-efe5116ce2a4,반월당경북약국,약국,메트로센터(반월당지하쇼핑),일반지하상점가,대구광역시,1.0,2.0,,,P1_BINARY_THRESHOLD,True,,,,,
de61411bc09fcbb9f1b8,test,건강식품,T6 기계변형,q_건강식품_09,건강식푼,식료품 중 '건강식품'을 판매·제공하는 매장,5d5b7d63-5843-4ead-aeea-67d8e220195e,엠오엠,건강식품,현대시장,전통시장,인천광역시,3.0,3.0,,,RESOLVED_AGREEMENT,False,3,,,,
6a59a52c6e4b55fd58a4,test,건강식품,T6 기계변형,q_건강식품_09,건강식푼,식료품 중 '건강식품'을 판매·제공하는 매장,1c911fe9-63f9-44e3-84d8-91d30045e4f2,엔젤,건강식품,남대문시장,전통시장,서울특별시,3.0,3.0,,,RESOLVED_AGREEMENT,False,3,,,,
abf9c7c4c6ca11235974,test,건강식품,T6 기계변형,q_건강식품_09,건강식푼,식료품 중 '건강식품'을 판매·제공하는 매장,19d59548-5a56-4def-8faa-a9375defcef2,만나,건강식품,백운 대성시장 골목형상점가,골목형상점가,광주광역시,3.0,3.0,,,RESOLVED_AGREEMENT,False,3,,,,
b55574f1077ac606b1d1,test,건강식품,T6 기계변형,q_건강식품_09,건강식푼,식료품 중 '건강식품'을 판매·제공하는 매장,000db6d6-585c-4aba-94e7-fc6a23a694fb,시민약국,의약품,문경중앙시장,전통시장,경상북도,1.0,2.0,,,P1_BINARY_THRESHOLD,True,,,,,
5f9248e0bcf8ea3af905,test,건강식품,T6 기계변형,q_건강식품_09,건강식푼,식료품 중 '건강식품'을 판매·제공하는 매장,b0b978a9-9a2f-4e9d-a2be-687b75d712f2,참나라 건강마을,건강식품,합덕중앙상점가,자율상권구역,충청남도,3.0,3.0,,,RESOLVED_AGREEMENT,False,3,,,,
1ff26d109ffb51a2e1a0,test,건강식품,T6 기계변형,q_건강식품_09,건강식푼,식료품 중 '건강식품'을 판매·제공하는 매장,11c6866d-e731-4265-bdbf-9fe5b18cfa08,투핸즈헬스,건강식픔,영천시장,전통시장,서울특별시,0.0,0.0,,,RESOLVED_AGREEMENT,False,0,,,,
e9c11aa2d11957684e14,test,건강식품,T6 기계변형,q_건강식품_09,건강식푼,식료품 중 '건강식품'을 판매·제공하는 매장,e11620f2-5bef-43ae-b9d4-283d1de0be38,건강을파는가게,건강식품,기장시장 일원 자율상권구역,,부산광역시,3.0,3.0,,,RESOLVED_AGREEMENT,False,3,,,,
007d65fa778df7c2a216,test,건강식품,T6 기계변형,q_건강식품_09,건강식푼,식료품 중 '건강식품'을 판매·제공하는 매장,027cecd7-d8bb-40f9-9532-06a27b7792e9,정관장홍삼 내손동점,홍삼,의왕예술의거리골목형상점가,골목형상점가,경기도,3.0,3.0,,,RESOLVED_AGREEMENT,False,3,,,,
021d7588e321ae6d56e8,test,건강식품,T6 기계변형,q_건강식품_09,건강식푼,식료품 중 '건강식품'을 판매·제공하는 매장,b50bf870-7f90-4edd-aaaa-513ca8d6bd13,굿카브,건강식 한식,고운마음 골목형상점가,골목형상점가,세종특별자치시,0.0,0.0,,,RESOLVED_AGREEMENT,False,0,,,,
815b21fea00d25a700d7,test,건강식품,T6 기계변형,q_건강식품_09,건강식푼,식료품 중 '건강식품'을 판매·제공하는 매장,001961d9-cb5d-40bc-903a-33d483f7d132,헬씨스탠다드,"건강기능식품, 쌀, 견과류, 약재",응암소담길 골목형상점가,골목형상점가,서울특별시,3.0,3.0,,,RESOLVED_AGREEMENT,False,3,,,,
6855eff75ea0fb54ccf6,test,건강식품,T6 기계변형,q_건강식품_09,건강식푼,식료품 중 '건강식품'을 판매·제공하는 매장,fd338bed-d7be-4243-ab47-5ef51ac46d50,다남웰빙,건강식품,부천자유시장,전통시장,경기도,3.0,3.0,,,RESOLVED_AGREEMENT,False,3,,,,
274566604ad7dd8a3151,test,건강식품,T6 기계변형,q_건강식품_09,건강식푼,식료품 중 '건강식품'을 판매·제공하는 매장,0365a848-2165-4cd2-8285-5b74e5898bcf,웰빙시대,건강식품,수암종합시장,전통시장,울산광역시,3.0,3.0,,,RESOLVED_AGREEMENT,False,3,,,,
b00d6d6553160c8ddf02,test,건강식품,T6 기계변형,q_건강식품_09,건강식푼,식료품 중 '건강식품'을 판매·제공하는 매장,016f8113-22a7-4ef1-a80f-0562dd2a06e9,동이식품,"식품, 농산물",중앙신시장,전통시장,경상북도,1.0,1.0,,,RESOLVED_AGREEMENT,False,1,,,,
7c7f89f3ba117cbd4548,test,건강식품,T6 기계변형,q_건강식품_09,건강식푼,식료품 중 '건강식품'을 판매·제공하는 매장,eb8d8f22-b825-47bb-97fa-886bb9f70afa,건강시대,건강식품,주안시민지하도상점가,일반지하상점가,인천광역시,3.0,3.0,,,RESOLVED_AGREEMENT,False,3,,,,
d55666cccfd42d7d2d53,test,건강식품,T6 기계변형,q_건강식품_09,건강식푼,식료품 중 '건강식품'을 판매·제공하는 매장,008a831c-1fd3-4b7c-96c1-0e92332ccbf3,명성약국,의약품,공주산성시장,전통시장,충청남도,1.0,2.0,,,P1_BINARY_THRESHOLD,True,,,,,
3c467f268319d4517a83,test,건강식품,T6 기계변형,q_건강식품_09,건강식푼,식료품 중 '건강식품'을 판매·제공하는 매장,004b2dbc-a37a-4c33-8661-ca25a873ac90,중앙인삼사,인삼,통영중앙전통시장,전통시장,경상남도,3.0,3.0,,,RESOLVED_AGREEMENT,False,3,,,,
dd2a4c6c59273a8a9479,test,건강식품,T6 기계변형,q_건강식품_09,건강식푼,식료품 중 '건강식품'을 판매·제공하는 매장,006929a4-6712-43ca-80d7-f540710009b5,삼송프라자약국,의약품 외 건강기능식품,신원권율3 골목형상점가,골목형상점가,경기도,3.0,3.0,,,RESOLVED_AGREEMENT,False,3,,,,
9450b874eb7b8d0eb678,test,건강식품,T6 기계변형,q_건강식품_09,건강식푼,식료품 중 '건강식품'을 판매·제공하는 매장,d99df718-0f1c-4b97-9fe6-ba65e8699a35,일품 양평해장국 계림점,해장국,계림그랜드센트럴 골목형상점가,골목형상점가,광주광역시,0.0,0.0,,,RESOLVED_AGREEMENT,False,0,,,,
5dd3271b114805118e06,test,건강식품,T6 기계변형,q_건강식품_09,건강식푼,식료품 중 '건강식품'을 판매·제공하는 매장,a0b377ce-ec96-4d18-a91e-363e0fda8460,자연애,건강식품,의정부제일시장,전통시장,경기도,3.0,3.0,,,RESOLVED_AGREEMENT,False,3,,,,
b5750e4378814f3c79d2,test,건강식품,T6 기계변형,q_건강식품_09,건강식푼,식료품 중 '건강식품'을 판매·제공하는 매장,00b64830-f897-4643-a5fa-6d8950c2ef89,낭만상회,식품,문산자유시장,전통시장,경기도,1.0,0.0,,,P2_GRADED_ONLY,True,,,,,
724833a467d4ce54a105,test,건강식품,T6 기계변형,q_건강식품_09,건강식푼,식료품 중 '건강식품'을 판매·제공하는 매장,6c4b66f8-b95c-49fc-a620-fc8dee2e0a4d,건강의집,건강식품,군포역전전통시장,전통시장,경기도,3.0,3.0,,,RESOLVED_AGREEMENT,False,3,,,,
a63bbcaef23127aa21bb,test,건강식품,T6 기계변형,q_건강식품_09,건강식푼,식료품 중 '건강식품'을 판매·제공하는 매장,dd69dc6d-958c-4a8b-96be-1b4b61a14db7,특효건강원,건강식품,공주산성시장,전통시장,충청남도,3.0,3.0,,,RESOLVED_AGREEMENT,False,3,,,,
5fa6712a49c3ddd35dcd,test,건강식품,T6 기계변형,q_건강식품_09,건강식푼,식료품 중 '건강식품'을 판매·제공하는 매장,76ce2c90-58fa-4404-aece-f904ca949961,호식이두마리치킨,치킨,광주역앞교통광장 골목형상점가,골목형상점가,광주광역시,0.0,0.0,,,RESOLVED_AGREEMENT,False,0,,,,
234de9914c071a898bfe,test,건강식품,T6 기계변형,q_건강식품_09,건강식푼,식료품 중 '건강식품'을 판매·제공하는 매장,71e00c9e-c1cb-407c-bbf6-33c3557a890e,보강원,건강식품,오창전통시장,전통시장,충청북도,3.0,3.0,,,RESOLVED_AGREEMENT,False,3,,,,
adb2b42a4381d7388915,test,건강식품,T6 기계변형,q_건강식품_09,건강식푼,식료품 중 '건강식품'을 판매·제공하는 매장,e2aa75f7-47fd-499d-ac3c-077a0b73a9d6,웰빙천국,건강식품,주안시민지하도상점가,일반지하상점가,인천광역시,3.0,3.0,,,RESOLVED_AGREEMENT,False,3,,,,
2ae9a553a567cd95a184,test,건강식품,T6 기계변형,q_건강식품_09,건강식푼,식료품 중 '건강식품'을 판매·제공하는 매장,fd256287-6a17-489b-9105-3f0a57f5a4cc,청솔건강원,건강식품,유천시장,전통시장,대전광역시,3.0,3.0,,,RESOLVED_AGREEMENT,False,3,,,,
43974bc0a93d012ea3f2,test,건강식품,T6 기계변형,q_건강식품_09,건강식푼,식료품 중 '건강식품'을 판매·제공하는 매장,0112a558-2787-41dc-ae68-695e60c4930c,해동그랜드약국,약국,전곡시장,전통시장,서울특별시,1.0,2.0,,,P1_BINARY_THRESHOLD,True,,,,,
aebfe404d5f3888dead7,test,건강식품,T6 기계변형,q_건강식품_09,건강식푼,식료품 중 '건강식품'을 판매·제공하는 매장,e94a3e1e-416d-4c7e-9325-394d561943a8,원창건강식품,건강식품,성당시장,전통시장,대구광역시,3.0,3.0,,,RESOLVED_AGREEMENT,False,3,,,,
84b3f01f14e7321fcf6a,test,건강식품,T6 기계변형,q_건강식품_09,건강식푼,식료품 중 '건강식품'을 판매·제공하는 매장,7f12d4b7-9b90-447b-b043-9931ff5a67ff,백조건강원,건강식품,학소로 골목형상점가,골목형상점가,광주광역시,3.0,3.0,,,RESOLVED_AGREEMENT,False,3,,,,
adeb79ec2e4df157bf6d,test,건강식품,T6 기계변형,q_건강식품_09,건강식푼,식료품 중 '건강식품'을 판매·제공하는 매장,00339341-0652-4ec2-abc9-9cfd99cfafd8,정관장 화서시장점,건강기능식품,화서시장,전통시장,경기도,3.0,3.0,,,RESOLVED_AGREEMENT,False,3,,,,
9bd9025367ca9ccce4e6,test,건강식품,T6 기계변형,q_건강식품_09,건강식푼,식료품 중 '건강식품'을 판매·제공하는 매장,76878562-d6c6-4d37-9607-65f09a86a6e7,건강백세,건강식품,원주자유시장,전통시장,강원특별자치도,3.0,3.0,,,RESOLVED_AGREEMENT,False,3,,,,
6466e4bb4fb073dce6f1,test,건강식품,T6 기계변형,q_건강식품_09,건강식푼,식료품 중 '건강식품'을 판매·제공하는 매장,aede93ef-a560-4b86-8550-c73191e08f39,연서건강식품,건강식품,연서시장,전통시장,서울특별시,3.0,3.0,,,RESOLVED_AGREEMENT,False,3,,,,
6c554b4a834536a34455,test,건강식품,T6 기계변형,q_건강식품_09,건강식푼,식료품 중 '건강식품'을 판매·제공하는 매장,b81a80dc-3576-44a0-855d-3071d8f0014e,건강백세,건강식품,부산역지하도상가,일반지하상점가,부산광역시,3.0,3.0,,,RESOLVED_AGREEMENT,False,3,,,,
8df52bf30834aac7556c,test,건강식품,T6 기계변형,q_건강식품_09,건강식푼,식료품 중 '건강식품'을 판매·제공하는 매장,714e4529-1823-4be9-a6dd-7e66e97c3946,잉꼬건강원,건강식품,예산상설시장,전통시장,충청남도,3.0,3.0,,,RESOLVED_AGREEMENT,False,3,,,,
73eb437652d91c168fcc,test,건강식품,T6 기계변형,q_건강식품_09,건강식푼,식료품 중 '건강식품'을 판매·제공하는 매장,a79b3c63-9f22-41c1-b261-de141f4aa14c,비뉴트,건강식품,부천자유시장,전통시장,경기도,3.0,3.0,,,RESOLVED_AGREEMENT,False,3,,,,
ec2f9948fbbf721975c1,test,건강식품,T6 기계변형,q_건강식품_09,건강식푼,식료품 중 '건강식품'을 판매·제공하는 매장,3fd24b99-7dc3-4d09-ab92-40f25966c82d,홍두깨 칼국수,한식,원미부흥시장,전통시장,경기도,0.0,0.0,,,RESOLVED_AGREEMENT,False,0,,,,
f7461cc0e53939f3fd57,test,건강식품,T6 기계변형,q_건강식품_09,건강식푼,식료품 중 '건강식품'을 판매·제공하는 매장,c632d305-39c1-4af9-ae7f-976afab92e90,전곡 농산물 건강원,건강식품,전곡골목형상점가,골목형상점가,서울특별시,3.0,3.0,,,RESOLVED_AGREEMENT,False,3,,,,
bc74fc664801d96073e4,test,건강식품,T6 기계변형,q_건강식품_09,건강식푼,식료품 중 '건강식품'을 판매·제공하는 매장,023caced-6133-4a64-839b-a1c69c27bb87,정관장과천점,소매업(홍삼제품),별양동상점가,자율상권구역,경기도,3.0,3.0,,,RESOLVED_AGREEMENT,False,3,,,,
990b503a0f36c9d97301,test,건강식품,T6 기계변형,q_건강식품_09,건강식푼,식료품 중 '건강식품'을 판매·제공하는 매장,06e7ffb7-a1b5-4f50-9505-d27f530e11c8,차이헤어,미용실,나성동 골목형상점가,골목형상점가,세종특별자치시,0.0,0.0,,,RESOLVED_AGREEMENT,False,0,,,,
160a7df47585c0136d4f,test,건강식품,T6 기계변형,q_건강식품_09,건강식푼,식료품 중 '건강식품'을 판매·제공하는 매장,38d27467-e1e4-45ef-8fec-a1e6d6248cd0,흥보건강식품,건강식품,서울약령시장,전통시장,서울특별시,3.0,3.0,,,RESOLVED_AGREEMENT,False,3,,,,
b92b45d65006e932af23,test,건강식품,T6 기계변형,q_건강식품_09,건강식푼,식료품 중 '건강식품'을 판매·제공하는 매장,0048134e-4060-4bf0-bffb-0cac8a53f2d8,사랑의뜰안 북광주점,건강기능식품,운암대자골 골목형상점가,골목형상점가,광주광역시,3.0,3.0,,,RESOLVED_AGREEMENT,False,3,,,,
e573b292b614770f2c38,test,건강식품,T6 기계변형,q_건강식품_09,건강식푼,식료품 중 '건강식품'을 판매·제공하는 매장,ea15603f-2921-4976-a588-012be1bae9c7,예지인,건강식품,풍기선비골인삼시장,전통시장,경상북도,3.0,3.0,,,RESOLVED_AGREEMENT,False,3,,,,
aff901794dc7069fa8f1,test,건강식품,T6 기계변형,q_건강식품_09,건강식푼,식료품 중 '건강식품'을 판매·제공하는 매장,1001a67f-0c5a-4693-8e4e-f39dfdabc5ef,인산건강식품,건강식품,신천지시장,전통시장,부산광역시,3.0,3.0,,,RESOLVED_AGREEMENT,False,3,,,,
f4fb0a74d0301d26caaf,test,건강식품,T6 기계변형,q_건강식품_09,건강식푼,식료품 중 '건강식품'을 판매·제공하는 매장,009bd725-6319-41ec-87fb-f904d54243ca,현대인삼,"홍삼, 인삼",경동시장,전통시장,서울특별시,3.0,3.0,,,RESOLVED_AGREEMENT,False,3,,,,
42fbebcf513f99591861,test,건강식품,T6 기계변형,q_건강식품_09,건강식푼,식료품 중 '건강식품'을 판매·제공하는 매장,28de08a3-0947-4913-b8a0-9ce81c2ff1e4,대교건강원,건강식품,통영 북신전통시장,전통시장,경상남도,3.0,3.0,,,RESOLVED_AGREEMENT,False,3,,,,
4efabbb13a14dc7e0b17,test,건강식품,T6 기계변형,q_건강식품_09,건강식푼,식료품 중 '건강식품'을 판매·제공하는 매장,0ff31fb9-6420-4ebe-bd52-1ce8c422d4ad,지중해,건강식품,지중해마을 골목형상점가,골목형상점가,충청남도,3.0,3.0,,,RESOLVED_AGREEMENT,False,3,,,,
568f7bd1451f8903b6a7,test,건강식품,T6 기계변형,q_건강식품_09,건강식푼,식료품 중 '건강식품'을 판매·제공하는 매장,540c636d-076a-4346-9a0b-1493c10b1b91,건강마을,건강식품,연일전통시장,전통시장,경상북도,3.0,3.0,,,RESOLVED_AGREEMENT,False,3,,,,
a4513502d68a8bb77903,test,건강식품,T6 기계변형,q_건강식품_09,건강식푼,식료품 중 '건강식품'을 판매·제공하는 매장,caf73004-600d-43ea-aaf6-a82ff75505d6,장위건강원,건강식품,꿈의숲장곡골목형상점가,골목형상점가,서울특별시,3.0,3.0,,,RESOLVED_AGREEMENT,False,3,,,,
8ad582f0dde0425deb7f,test,건강식품,T6 기계변형,q_건강식품_09,건강식푼,식료품 중 '건강식품'을 판매·제공하는 매장,41691715-f4ff-45fb-bc9c-9e4d8b3e781b,시와팜,건강식품,창원 성원그랜드쇼핑상가,전통시장,경상남도,3.0,3.0,,,RESOLVED_AGREEMENT,False,3,,,,
d64bd73ac7d74088276a,test,건강식품,T6 기계변형,q_건강식품_09,건강식푼,식료품 중 '건강식품'을 판매·제공하는 매장,00e92856-b294-4032-8540-d60e9817f2d8,럭키약국,"의약품, 건강기능식품, 식품",충무로골목형상점가,골목형상점가,서울특별시,3.0,3.0,,,RESOLVED_AGREEMENT,False,3,,,,
70e049d93f075e287027,test,건강식품,T6 기계변형,q_건강식품_09,건강식푼,식료품 중 '건강식품'을 판매·제공하는 매장,00140fab-ec56-4d81-8a03-d3d4aa8d5a49,계령약국,의약품,성대시장골목형상점가,골목형상점가,서울특별시,1.0,2.0,,,P1_BINARY_THRESHOLD,True,,,,,
ccf952dcb17c017f36d8,test,건강식품,T6 기계변형,q_건강식품_09,건강식푼,식료품 중 '건강식품'을 판매·제공하는 매장,1c403fbe-8de7-451b-a5bf-69539d445172,한밭건강원,건강식품,한민시장,전통시장,대전광역시,3.0,3.0,,,RESOLVED_AGREEMENT,False,3,,,,
43aa4e80183a95511e20,test,건강식품,T6 기계변형,q_건강식품_09,건강식푼,식료품 중 '건강식품'을 판매·제공하는 매장,d55cf2e6-5630-4e57-9696-3ca5ee5991a4,반석건강원,건강식품,영등포전통시장,자율상권구역,서울특별시,3.0,3.0,,,RESOLVED_AGREEMENT,False,3,,,,
b10d645f0e9a743d9dd2,test,건강식품,T6 기계변형,q_건강식품_09,건강식푼,식료품 중 '건강식품'을 판매·제공하는 매장,ae9b9ac2-0448-496c-b446-02b890480bc6,한약인수원,건강식품,화산면 골목형상점가,골목형상점가,전라남도,3.0,3.0,,,RESOLVED_AGREEMENT,False,3,,,,
ac7e84578a1d788d1bb5,test,건강식품,T6 기계변형,q_건강식품_09,건강식푼,식료품 중 '건강식품'을 판매·제공하는 매장,002c02f2-4428-4a84-a248-7b23ae109459,정관장 반석점,홍삼건강식품,지족반석 골목형상점가,골목형상점가,대전광역시,3.0,3.0,,,RESOLVED_AGREEMENT,False,3,,,,
c23ef540cf0f0dc5089d,test,건강식품,T6 기계변형,q_건강식품_09,건강식푼,식료품 중 '건강식품'을 판매·제공하는 매장,e34ce6a5-f55c-4a9b-84a6-180793e520d6,찰떡디자인,디자인,강릉중앙시장,전통시장,강원특별자치도,0.0,0.0,,,RESOLVED_AGREEMENT,False,0,,,,
21dc1d29e148741a45ac,test,건강식품,T6 기계변형,q_건강식품_09,건강식푼,식료품 중 '건강식품'을 판매·제공하는 매장,2d5c0874-ddc4-4530-8bc9-5da7f356ccbd,월드건강식품전문매장,건강식품,하당꽃길2가 골목형상점가,골목형상점가,전라남도,3.0,3.0,,,RESOLVED_AGREEMENT,False,3,,,,
7ff42ba435ba6a5e2d03,test,건강식품,T6 기계변형,q_건강식품_09,건강식푼,식료품 중 '건강식품'을 판매·제공하는 매장,58fdc068-3ef2-4b97-8cfc-abcafc36ee66,우엉건강초,건강식품,함평천지전통시장(함평5일시장),전통시장,전라남도,3.0,3.0,,,RESOLVED_AGREEMENT,False,3,,,,
771df5657c138bca7ff5,test,건강식품,T6 기계변형,q_건강식품_09,건강식푼,식료품 중 '건강식품'을 판매·제공하는 매장,8fc2d6ae-acd3-4729-8a9c-ff57ca14c817,정근상사,건강식품,신정평화시장,전통시장,울산광역시,3.0,3.0,,,RESOLVED_AGREEMENT,False,3,,,,
3e92f3c883d584712123,test,건강식품,T6 기계변형,q_건강식품_09,건강식푼,식료품 중 '건강식품'을 판매·제공하는 매장,39d219fc-043e-487e-89a0-0dbc00514717,장단인삼,건강식품,금촌전통시장,전통시장,경기도,3.0,3.0,,,RESOLVED_AGREEMENT,False,3,,,,
9fb57a2a7140e6ccdae8,test,건강식품,T6 기계변형,q_건강식품_09,건강식푼,식료품 중 '건강식품'을 판매·제공하는 매장,00768c91-a678-4fbc-a372-a2ee0260218f,수택온누리약국,,구리시 구도심 상권활성화구역,상권활성화구역,경기도,1.0,2.0,,,P1_BINARY_THRESHOLD,True,,,,,
9fe739d38b89179ea5ea,test,건강식품,T6 기계변형,q_건강식품_09,건강식푼,식료품 중 '건강식품'을 판매·제공하는 매장,b3bf0bfd-fa1d-4460-b86d-3a0b155bd2d2,채움힘찬건강,건강식품,면목골목시장,전통시장,서울특별시,3.0,3.0,,,RESOLVED_AGREEMENT,False,3,,,,
f124cf88dca5d395cb85,test,건강식품,T6 기계변형,q_건강식품_09,건강식푼,식료품 중 '건강식품'을 판매·제공하는 매장,42ce6509-b342-4f68-a5bf-92b4447d8b1a,성진C&C,"도소매(신발,잡화,의류,화장품) 도매(무역) 소매(이불",팔달문시장,전통시장,경기도,0.0,0.0,,,RESOLVED_AGREEMENT,False,0,,,,
37347c52865926706eb0,test,건강식품,T6 기계변형,q_건강식품_09,건강식푼,식료품 중 '건강식품'을 판매·제공하는 매장,00b6e321-5954-437c-b1d9-94fded29f67e,웰빙마트,식품,서남신시장,전통시장,대구광역시,1.0,1.0,,,RESOLVED_AGREEMENT,False,1,,,,
d527fe54062bbb41c8a6,test,건강식품,T6 기계변형,q_건강식품_09,건강식푼,식료품 중 '건강식품'을 판매·제공하는 매장,58a5819c-b999-47db-8c01-7fcc8fd5c9f3,에덴건강원,건강식품,능동로골목시장(자양한강전통시장),전통시장,서울특별시,3.0,3.0,,,RESOLVED_AGREEMENT,False,3,,,,
3784d9551b83c046e34d,test,건강식품,T6 기계변형,q_건강식품_09,건강식푼,식료품 중 '건강식품'을 판매·제공하는 매장,498c4db6-94d6-4ea2-ab7f-b3a6ddf702ed,임진강건강원,건강식품,까치산시장,전통시장,서울특별시,3.0,3.0,,,RESOLVED_AGREEMENT,False,3,,,,
7116bc812c628c60f652,test,건강식품,T6 기계변형,q_건강식품_09,건강식푼,식료품 중 '건강식품'을 판매·제공하는 매장,4c0d4c46-7698-4e0d-b29c-a4d0dedfb6be,늘봄건강원,건강식품,산본전통시장(구 군포산본시장),전통시장,경기도,3.0,3.0,,,RESOLVED_AGREEMENT,False,3,,,,
72a53e4d81394cde81b4,test,건강식품,T6 기계변형,q_건강식품_09,건강식푼,식료품 중 '건강식품'을 판매·제공하는 매장,431c093f-ce1e-4144-b10c-2cbbe2aa8410,경희건강원,건강식품,원미부흥시장,전통시장,경기도,3.0,3.0,,,RESOLVED_AGREEMENT,False,3,,,,
ed37a6d2c025615bb334,test,건강식품,T6 기계변형,q_건강식품_09,건강식푼,식료품 중 '건강식품'을 판매·제공하는 매장,d5533fa6-6e92-4d94-b777-2ddcdc46164d,자연건강,건강식품,메트로센터(반월당지하쇼핑),일반지하상점가,대구광역시,3.0,3.0,,,RESOLVED_AGREEMENT,False,3,,,,
68b1ef046cdd355c6006,test,건강식품,T6 기계변형,q_건강식품_09,건강식푼,식료품 중 '건강식품'을 판매·제공하는 매장,1727d28c-510a-424c-a93b-9585c73e1672,건강랜드,건강식품,모라전통시장,전통시장,부산광역시,3.0,3.0,,,RESOLVED_AGREEMENT,False,3,,,,
8f34a8e706571e926251,test,건강식품,T6 기계변형,q_건강식품_09,건강식푼,식료품 중 '건강식품'을 판매·제공하는 매장,4fe9bb5e-18db-42f4-943f-e73bfa60c04b,충무꿀빵,휴게음식,통영 서호전통시장,전통시장,경상남도,0.0,2.0,,,P1_BINARY_THRESHOLD,True,,,,,
dbd63e83fdc394f37225,test,건강식품,T6 기계변형,q_건강식품_09,건강식푼,식료품 중 '건강식품'을 판매·제공하는 매장,f398b994-f8a9-414f-898c-03b612bf4409,건강상회,건강식품,상계중앙시장,전통시장,서울특별시,3.0,3.0,,,RESOLVED_AGREEMENT,False,3,,,,
1e3815ea9fbfd993b335,test,건강식품,T6 기계변형,q_건강식품_09,건강식푼,식료품 중 '건강식품'을 판매·제공하는 매장,9d75dbc3-016d-48c6-b6f7-de6a3fa1911a,호주건강식품할인점,건강식품,동원전통시장상점가,자율상권구역,서울특별시,3.0,3.0,,,RESOLVED_AGREEMENT,False,3,,,,
a1756cf03d8b45c1d309,test,건강식품,T6 기계변형,q_건강식품_09,건강식푼,식료품 중 '건강식품'을 판매·제공하는 매장,485eb8c7-2868-4453-981d-2e6b0af0463e,신홍삼에버케어,건강식품,거제 고현시장,전통시장,경상남도,3.0,3.0,,,RESOLVED_AGREEMENT,False,3,,,,
a1ddaeeb20b740630bcc,test,건강식품,T6 기계변형,q_건강식품_09,건강식푼,식료품 중 '건강식품'을 판매·제공하는 매장,01049348-bdd8-4303-a750-8f85f7029a84,사랑의손효소마을,건강식품,구미형곡시장프라자,전통시장,경상북도,3.0,3.0,,,RESOLVED_AGREEMENT,False,3,,,,
8aecd6c11f53a28751a5,test,건강식품,T6 기계변형,q_건강식품_09,건강식푼,식료품 중 '건강식품'을 판매·제공하는 매장,b095f7b7-ad5d-425e-97f8-38e449001c72,더드림 건강식품,건강식품,남서상점가,자율상권구역,경상북도,3.0,3.0,,,RESOLVED_AGREEMENT,False,3,,,,
aeb4c865787edc4638af,test,귀금속,T4 구어·문장,q_귀금속_01,금 팔러 가는 곳,패션·잡화 중 '귀금속'을 판매·제공하는 매장,d12ff413-0240-47df-a0a8-5a67a0682fe4,성광당,시계수리 금 은,와우로 골목형상점가,골목형상점가,광주광역시,2.0,3.0,,,P2_GRADED_ONLY,True,,,,,
779f9411033da60ce579,test,귀금속,T4 구어·문장,q_귀금속_01,금 팔러 가는 곳,패션·잡화 중 '귀금속'을 판매·제공하는 매장,06f92a02-db8d-46be-8ee1-213693507a55,오드워치,시계,남대문시장,전통시장,서울특별시,2.0,3.0,,,P2_GRADED_ONLY,True,,,,,
35d03fac1f9089cabd0c,test,귀금속,T4 구어·문장,q_귀금속_01,금 팔러 가는 곳,패션·잡화 중 '귀금속'을 판매·제공하는 매장,4a2a8714-e652-4482-a065-8d1d0e9cfc2c,성원 금 거래소,"시계, 귀금속, 잡화",창원 성원그랜드쇼핑상가,전통시장,경상남도,3.0,3.0,,,RESOLVED_AGREEMENT,False,3,,,,
456120f0b17ce1190b4d,test,귀금속,T4 구어·문장,q_귀금속_01,금 팔러 가는 곳,패션·잡화 중 '귀금속'을 판매·제공하는 매장,c0cc81b4-89ec-4a70-b6f7-089de1fd92a8,소소한곳,,양산 물금백호마을 골목형상점가,골목형상점가,경상남도,,0.0,Y,,P0_UNCERTAIN_OR_MISSING,True,,,,,
a8ad430e2ce90ea458c2,test,귀금속,T4 구어·문장,q_귀금속_01,금 팔러 가는 곳,패션·잡화 중 '귀금속'을 판매·제공하는 매장,901050d3-bdfd-4b3b-a9fb-f182c5a42db0,마니주,"금, 은",서문시장2지구 종합상가,전통시장,대구광역시,0.0,0.0,,,RESOLVED_AGREEMENT,False,0,,,,
9c25de1abf879cb7c7bf,test,귀금속,T4 구어·문장,q_귀금속_01,금 팔러 가는 곳,패션·잡화 중 '귀금속'을 판매·제공하는 매장,a8e5c30f-fa1e-4ede-b183-24669b493db9,레체,악세서리,이천중앙로상가,자율상권구역,경기도,0.0,2.0,,,P1_BINARY_THRESHOLD,True,,,,,
f65e55e2aab13d35f76f,test,귀금속,T4 구어·문장,q_귀금속_01,금 팔러 가는 곳,패션·잡화 중 '귀금속'을 판매·제공하는 매장,0188cda6-6441-4058-82b0-0cb89e035583,친한친구,액세서리,㈜르네시떼,전통시장,부산광역시,1.0,2.0,,,P1_BINARY_THRESHOLD,True,,,,,
483d5599f0e8a60c546d,test,귀금속,T4 구어·문장,q_귀금속_01,금 팔러 가는 곳,패션·잡화 중 '귀금속'을 판매·제공하는 매장,01b52fc6-d48d-430d-981d-7623dc5c38ca,가는날이장날,음식,고령대가야시장,전통시장,경상북도,0.0,0.0,,,RESOLVED_AGREEMENT,False,0,,,,
642c7a61ff168fef19a0,test,귀금속,T4 구어·문장,q_귀금속_01,금 팔러 가는 곳,패션·잡화 중 '귀금속'을 판매·제공하는 매장,cddd8d3d-bf11-4d7f-b759-c820884c8343,로하,음식,풍암SK.광명상가상인회 골목형상점가,골목형상점가,광주광역시,0.0,0.0,,,RESOLVED_AGREEMENT,False,0,,,,
0b9dc0db290fd38cf4ad,test,귀금속,T4 구어·문장,q_귀금속_01,금 팔러 가는 곳,패션·잡화 중 '귀금속'을 판매·제공하는 매장,00d97ab1-39d4-4e3c-9edf-7392ca5c40e3,금쟁이,"금, 악세서리류",중앙로 지하상가 상점가,일반지하상점가,대전광역시,0.0,2.0,,,P1_BINARY_THRESHOLD,True,,,,,
cf1a2ef0949484e75542,test,귀금속,T4 구어·문장,q_귀금속_01,금 팔러 가는 곳,패션·잡화 중 '귀금속'을 판매·제공하는 매장,419e3247-0b10-428e-b489-99b46353142a,보광당,금.은.시계,용해동 포미타운 골목형상점가,골목형상점가,전라남도,2.0,3.0,,,P2_GRADED_ONLY,True,,,,,
6867c77285a6dae5db1e,test,귀금속,T4 구어·문장,q_귀금속_01,금 팔러 가는 곳,패션·잡화 중 '귀금속'을 판매·제공하는 매장,8f2f6e10-2263-4a49-84e9-329707844929,가는길에,기념품,동문재래시장,전통시장,제주특별자치도,0.0,0.0,,,RESOLVED_AGREEMENT,False,0,,,,
619e3ecc319b27c0afad,test,귀금속,T4 구어·문장,q_귀금속_01,금 팔러 가는 곳,패션·잡화 중 '귀금속'을 판매·제공하는 매장,6c67907c-3257-4876-8560-82935ba855c9,대흥보석,금 은 시계,포항 해도새록새로 골목형상점가,골목형상점가,경상북도,2.0,3.0,,,P2_GRADED_ONLY,True,,,,,
c7579e1fe68b831b09b2,test,귀금속,T4 구어·문장,q_귀금속_01,금 팔러 가는 곳,패션·잡화 중 '귀금속'을 판매·제공하는 매장,7f39011f-d13e-4f35-affe-23125d9f2c93,딜러,의류,부산평화시장,전통시장,부산광역시,0.0,0.0,,,RESOLVED_AGREEMENT,False,0,,,,
370da3b282a139b1d9d5,test,귀금속,T4 구어·문장,q_귀금속_01,금 팔러 가는 곳,패션·잡화 중 '귀금속'을 판매·제공하는 매장,fcc5a717-0a5d-4b5b-b724-a344999c1bb1,동인당,금 은 시계,대명 오손도손 골목형상점가,골목형상점가,전북특별자치도,2.0,3.0,,,P2_GRADED_ONLY,True,,,,,
b7ddd90b491b13e08eb7,test,귀금속,T4 구어·문장,q_귀금속_01,금 팔러 가는 곳,패션·잡화 중 '귀금속'을 판매·제공하는 매장,a54a3ab8-d1b5-4844-80b7-ac70fad66dc0,에테르주얼리,반지 및 악세서리,대봉애 골목형상점가,골목형상점가,대구광역시,2.0,3.0,,,P2_GRADED_ONLY,True,,,,,
f7515c97080e5fa5f171,test,귀금속,T4 구어·문장,q_귀금속_01,금 팔러 가는 곳,패션·잡화 중 '귀금속'을 판매·제공하는 매장,1eaf6dc3-f0f0-4350-8341-9f6f4334b965,다소곳,옷,전주모래내시장,전통시장,전북특별자치도,0.0,0.0,,,RESOLVED_AGREEMENT,False,0,,,,
4c49362d0650189f1c84,test,귀금속,T4 구어·문장,q_귀금속_01,금 팔러 가는 곳,패션·잡화 중 '귀금속'을 판매·제공하는 매장,166c9193-005d-4dc3-8637-ed2bfd71be6f,부산금은방 남매금빵,,골드테마거리,전통시장,부산광역시,3.0,3.0,,,RESOLVED_AGREEMENT,False,3,,,,
773e3b325672330e0fdd,test,귀금속,T4 구어·문장,q_귀금속_01,금 팔러 가는 곳,패션·잡화 중 '귀금속'을 판매·제공하는 매장,60f34431-6960-42f8-aabb-5d0c39d6f6d4,거꾸로 가는 시간,피부 미용,서산번화2로,자율상권구역,충청남도,0.0,0.0,,,RESOLVED_AGREEMENT,False,0,,,,
2b9209647aef75502ca6,test,귀금속,T4 구어·문장,q_귀금속_01,금 팔러 가는 곳,패션·잡화 중 '귀금속'을 판매·제공하는 매장,904f02fb-c578-4a2b-b003-f595ae7153ec,수정당,금,강진마량 횟집거리 상점가,골목형상점가,전라남도,0.0,0.0,,,RESOLVED_AGREEMENT,False,0,,,,
29eb7c3c9b47acdb8330,test,귀금속,T4 구어·문장,q_귀금속_01,금 팔러 가는 곳,패션·잡화 중 '귀금속'을 판매·제공하는 매장,4f68e3be-67ee-4ce7-bf3c-d9bb024c203f,골드보석,금.보석,하당꽃길2가 골목형상점가,골목형상점가,전라남도,2.0,3.0,,,P2_GRADED_ONLY,True,,,,,
cf334d4b8f9a0f6839e0,test,귀금속,T4 구어·문장,q_귀금속_01,금 팔러 가는 곳,패션·잡화 중 '귀금속'을 판매·제공하는 매장,f8d077f3-da8b-4859-852c-640fa82f99c3,더솔쥬얼리,금 은 악세서리,도곡시장,자율상권구역,서울특별시,0.0,3.0,,,P1_BINARY_THRESHOLD,True,,,,,
6db6350746bbee172078,test,귀금속,T4 구어·문장,q_귀금속_01,금 팔러 가는 곳,패션·잡화 중 '귀금속'을 판매·제공하는 매장,53de7214-cdf0-4e52-8884-96a2b324ae69,블링걸,장식귀걸이목걸이반지머리핀,신안프라자전통시장,전통시장,경기도,2.0,3.0,,,P2_GRADED_ONLY,True,,,,,
025c3a3e9d13452b85c0,test,귀금속,T4 구어·문장,q_귀금속_01,금 팔러 가는 곳,패션·잡화 중 '귀금속'을 판매·제공하는 매장,9b154fd2-ee62-4e33-88b5-5c1ac4a5b649,으뜸보석,"금, 은, 보석",두꺼비시장,전통시장,충청북도,2.0,3.0,,,P2_GRADED_ONLY,True,,,,,
4e6e78bbea4e7061f5ec,test,귀금속,T4 구어·문장,q_귀금속_01,금 팔러 가는 곳,패션·잡화 중 '귀금속'을 판매·제공하는 매장,cc2d3a5e-7b27-492e-8cd2-a8212d5ae555,성심사,"금, 은, 보석",발안만세시장(구 발안시장),전통시장,경기도,2.0,3.0,,,P2_GRADED_ONLY,True,,,,,
ca70dbe9cddc052816af,test,귀금속,T4 구어·문장,q_귀금속_01,금 팔러 가는 곳,패션·잡화 중 '귀금속'을 판매·제공하는 매장,675d34e5-7cde-46fd-8c81-178a33406095,금옥당,"금, 은, 시계",과천제일쇼핑시장,전통시장,경기도,2.0,3.0,,,P2_GRADED_ONLY,True,,,,,
b3522d8b4a5e4bf9fd70,test,귀금속,T4 구어·문장,q_귀금속_01,금 팔러 가는 곳,패션·잡화 중 '귀금속'을 판매·제공하는 매장,97aca676-1a70-42d4-9d8b-625f4446ef79,황금진쥬얼리,금 은 귀금속 악세사리,서부안심길골목형상점가,골목형상점가,서울특별시,3.0,3.0,,,RESOLVED_AGREEMENT,False,3,,,,
7d6561b8786ccbeda1c6,test,귀금속,T4 구어·문장,q_귀금속_01,금 팔러 가는 곳,패션·잡화 중 '귀금속'을 판매·제공하는 매장,19b6e5db-5866-4752-afed-7fa0dc010f81,곳간,한식,태화십리대밭먹거리단지 상점가,자율상권구역,울산광역시,0.0,0.0,,,RESOLVED_AGREEMENT,False,0,,,,
531aad726bcd21d1cff3,test,귀금속,T4 구어·문장,q_귀금속_01,금 팔러 가는 곳,패션·잡화 중 '귀금속'을 판매·제공하는 매장,109f3dad-122a-4cc4-b637-cbc044fc5075,정남사,"금, 은시계",오산오색시장(구 오산중앙시장),전통시장,경기도,2.0,3.0,,,P2_GRADED_ONLY,True,,,,,
abf2d04d81b08acfeb2d,test,귀금속,T4 구어·문장,q_귀금속_01,금 팔러 가는 곳,패션·잡화 중 '귀금속'을 판매·제공하는 매장,03d2f183-77cc-44c8-b4e4-f34ed3bcfa83,다나,"소매업(귀금속,액세서리,모조장신구)",코끼리시장,전통시장,경기도,3.0,3.0,,,RESOLVED_AGREEMENT,False,3,,,,
bc1d2dff26f6bd9998fb,test,귀금속,T4 구어·문장,q_귀금속_01,금 팔러 가는 곳,패션·잡화 중 '귀금속'을 판매·제공하는 매장,00ee1cd3-ec15-467a-86d2-07e596d7d395,금옥당,"귀금속, 시계 소매",골드테마거리,전통시장,부산광역시,3.0,3.0,,,RESOLVED_AGREEMENT,False,3,,,,
44c63829e67b0019a13a,test,귀금속,T4 구어·문장,q_귀금속_01,금 팔러 가는 곳,패션·잡화 중 '귀금속'을 판매·제공하는 매장,2743811c-5e71-4d2b-aa75-1b0147d44f2d,사우 꽃이 피는 곳,꽃,김포 풍년마을 골목형상점가,골목형상점가,경기도,0.0,0.0,,,RESOLVED_AGREEMENT,False,0,,,,
81e072269470b199618b,test,귀금속,T4 구어·문장,q_귀금속_01,금 팔러 가는 곳,패션·잡화 중 '귀금속'을 판매·제공하는 매장,0056f9b4-b953-40f2-b820-71d6e7b46c58,주얼리루비,귀금속,하남 골목형상점가,골목형상점가,광주광역시,3.0,3.0,,,RESOLVED_AGREEMENT,False,3,,,,
00666109738ddb93142b,test,귀금속,T4 구어·문장,q_귀금속_01,금 팔러 가는 곳,패션·잡화 중 '귀금속'을 판매·제공하는 매장,9a5575f9-c99d-4b68-8566-a5463ccc0c88,신보금당,"금, 시계",비래동골목형상점가,골목형상점가,대전광역시,2.0,3.0,,,P2_GRADED_ONLY,True,,,,,
d437315953dabd90a8dc,test,귀금속,T4 구어·문장,q_귀금속_01,금 팔러 가는 곳,패션·잡화 중 '귀금속'을 판매·제공하는 매장,06261986-3eba-4244-b63f-397460d82f4a,이곳,미용,나주혁신도시 골목형상점가,골목형상점가,전라남도,0.0,0.0,,,RESOLVED_AGREEMENT,False,0,,,,
ea2c822ba456ef1f4cd7,test,귀금속,T4 구어·문장,q_귀금속_01,금 팔러 가는 곳,패션·잡화 중 '귀금속'을 판매·제공하는 매장,069cebbe-575a-40b5-9b2f-0a082b552037,별보석금나라,,전통중앙도매상가,전통시장,대전광역시,2.0,3.0,,,P2_GRADED_ONLY,True,,,,,
4ed5bd37fc554f5036ca,test,귀금속,T4 구어·문장,q_귀금속_01,금 팔러 가는 곳,패션·잡화 중 '귀금속'을 판매·제공하는 매장,0043881b-db89-4699-8cc4-29ff178f91ee,국제보석,귀금속,대구패션주얼리특구,자율상권구역,대구광역시,3.0,3.0,,,RESOLVED_AGREEMENT,False,3,,,,
e6b7e8b2b17e6113edf8,test,귀금속,T4 구어·문장,q_귀금속_01,금 팔러 가는 곳,패션·잡화 중 '귀금속'을 판매·제공하는 매장,24456103-f6b8-46af-8655-82e61d7265d8,커피가 머무르는 곳,커피,반드레길골목형상점가,골목형상점가,서울특별시,0.0,0.0,,,RESOLVED_AGREEMENT,False,0,,,,
76aa2f98b28309be483e,test,귀금속,T4 구어·문장,q_귀금속_01,금 팔러 가는 곳,패션·잡화 중 '귀금속'을 판매·제공하는 매장,18dd5715-f963-495d-b161-d7d28772a2ab,현대보석,"금, 은, 보석시계",전통중앙도매상가,전통시장,대전광역시,2.0,3.0,,,P2_GRADED_ONLY,True,,,,,
cbb2ffcfcf7dc770a636,test,귀금속,T4 구어·문장,q_귀금속_01,금 팔러 가는 곳,패션·잡화 중 '귀금속'을 판매·제공하는 매장,be9f8c61-892c-48ed-a49d-b63bd032c025,소곳,의류,고투몰(강남터미널지하도상점가),일반지하상점가,서울특별시,0.0,0.0,,,RESOLVED_AGREEMENT,False,0,,,,
bbe7da06b084c2b9a9a4,test,귀금속,T4 구어·문장,q_귀금속_01,금 팔러 가는 곳,패션·잡화 중 '귀금속'을 판매·제공하는 매장,2ca4d969-1cc5-4778-a52e-5cef6b367a6b,금성당,"금, 은",장성읍 골목형상점가,골목형상점가,전라남도,0.0,0.0,,,RESOLVED_AGREEMENT,False,0,,,,
f58ed5f452d1cedb5169,test,귀금속,T4 구어·문장,q_귀금속_01,금 팔러 가는 곳,패션·잡화 중 '귀금속'을 판매·제공하는 매장,75872f16-c8d6-4300-a58d-b8afb62f81cc,황금당,"시계, 금, 은",도마큰시장,전통시장,대전광역시,2.0,3.0,,,P2_GRADED_ONLY,True,,,,,
47c164d9c4ddeb7a4077,test,귀금속,T4 구어·문장,q_귀금속_01,금 팔러 가는 곳,패션·잡화 중 '귀금속'을 판매·제공하는 매장,0e2e755c-8da6-4a62-a7f2-090761b15e55,가는거야 미용실,두발 미용,광복마을3-4길 골목형상점가,골목형상점가,광주광역시,0.0,0.0,,,RESOLVED_AGREEMENT,False,0,,,,
1af7d1200e5583eccd91,test,귀금속,T4 구어·문장,q_귀금속_01,금 팔러 가는 곳,패션·잡화 중 '귀금속'을 판매·제공하는 매장,10de78d1-e53e-4617-8bf1-5c53e8665faa,경일사,"보석, 시계",송탄시장(송북시장),전통시장,경기도,2.0,3.0,,,P2_GRADED_ONLY,True,,,,,
00c61e3fdc28915d3a23,test,귀금속,T4 구어·문장,q_귀금속_01,금 팔러 가는 곳,패션·잡화 중 '귀금속'을 판매·제공하는 매장,01f2baea-5004-4e8d-a9a5-66c50aaf49e6,머쓱케이스,휴대폰 액세서리,동성로상점가,자율상권구역,대구광역시,1.0,2.0,,,P1_BINARY_THRESHOLD,True,,,,,
18d43bd6c1fc86aceb76,test,귀금속,T4 구어·문장,q_귀금속_01,금 팔러 가는 곳,패션·잡화 중 '귀금속'을 판매·제공하는 매장,6ddb763d-7c2c-49de-899c-981bc042b50a,작금,한식,중앙로골목형상점가,골목형상점가,강원특별자치도,0.0,0.0,,,RESOLVED_AGREEMENT,False,0,,,,
49abc87779aad578bcf6,test,귀금속,T4 구어·문장,q_귀금속_01,금 팔러 가는 곳,패션·잡화 중 '귀금속'을 판매·제공하는 매장,f6eb0505-e761-4efd-ab90-8c56a2bd6b84,한국감정금매입거래소 송도1호점,쥬얼리 금,송도랜드마크시티 센트럴더샵 골목형상점가,골목형상점가,인천광역시,2.0,3.0,,,P2_GRADED_ONLY,True,,,,,
9019c4c9b5e36adec8b8,test,귀금속,T4 구어·문장,q_귀금속_01,금 팔러 가는 곳,패션·잡화 중 '귀금속'을 판매·제공하는 매장,90c0b96d-a710-48dd-b3b3-37e79355541c,찾아가는 고기,축산물,의왕도깨비시장,전통시장,경기도,0.0,0.0,,,RESOLVED_AGREEMENT,False,0,,,,
981f5c59b9cacd200993,test,귀금속,T4 구어·문장,q_귀금속_01,금 팔러 가는 곳,패션·잡화 중 '귀금속'을 판매·제공하는 매장,03d7c59b-0f64-4647-9c85-97eb7310d1cc,세이젬,"악세사리, 장신구, 귀금속, 시계, 지금",경주중심상가,전통시장,경상북도,3.0,3.0,,,RESOLVED_AGREEMENT,False,3,,,,
86581e1cc5abcfcdc3b5,test,귀금속,T4 구어·문장,q_귀금속_01,금 팔러 가는 곳,패션·잡화 중 '귀금속'을 판매·제공하는 매장,273dce22-9145-4347-a5c0-21978ee2ff4f,금당,금,봉일천전통시장,전통시장,경기도,0.0,0.0,,,RESOLVED_AGREEMENT,False,0,,,,
a21d1f6592d8637bc19c,test,귀금속,T4 구어·문장,q_귀금속_01,금 팔러 가는 곳,패션·잡화 중 '귀금속'을 판매·제공하는 매장,5da889f8-ac8d-418f-9e19-ee080aff244d,스피드,의류,정읍새암로상점가,자율상권구역,전북특별자치도,0.0,0.0,,,RESOLVED_AGREEMENT,False,0,,,,
d016e2138cf9fb1fb5fd,test,귀금속,T4 구어·문장,q_귀금속_01,금 팔러 가는 곳,패션·잡화 중 '귀금속'을 판매·제공하는 매장,76a3551b-dae4-4326-92cc-662015aedbfb,쉴 곳,한식,칠성로상점가,자율상권구역,제주특별자치도,0.0,0.0,,,RESOLVED_AGREEMENT,False,0,,,,
4327a935f44b9ec17c78,test,귀금속,T4 구어·문장,q_귀금속_01,금 팔러 가는 곳,패션·잡화 중 '귀금속'을 판매·제공하는 매장,049f8988-fdf6-4dac-acb6-ef8b0af859fa,삼성당,시계,해미읍성전통시장,전통시장,충청남도,2.0,3.0,,,P2_GRADED_ONLY,True,,,,,
30b96f8d143305362aaf,test,귀금속,T4 구어·문장,q_귀금속_01,금 팔러 가는 곳,패션·잡화 중 '귀금속'을 판매·제공하는 매장,af841040-0055-4f95-bbe1-b98bb9cf9b59,밀곳,제과,부평깡통시장(구 부산부평시장),전통시장,부산광역시,0.0,0.0,,,RESOLVED_AGREEMENT,False,0,,,,
416d4f868ad316d66f2f,test,귀금속,T4 구어·문장,q_귀금속_01,금 팔러 가는 곳,패션·잡화 중 '귀금속'을 판매·제공하는 매장,dc9e7dc9-cbea-44eb-8359-0847d103a172,아름보석,금 시계,"일곡동(제4지역:쌍용,호반,청솔2,호반일신,청솔1)",골목형상점가,광주광역시,2.0,3.0,,,P2_GRADED_ONLY,True,,,,,
841aafd275f782aa5c3d,test,귀금속,T4 구어·문장,q_귀금속_01,금 팔러 가는 곳,패션·잡화 중 '귀금속'을 판매·제공하는 매장,1ba7a926-ca56-4030-b559-421422ad6ffd,헤리턴스까페일곡점,자동판매기 운영업,"일곡동(제8지역:롯데,벽산,동아,삼호,월드스파)",골목형상점가,광주광역시,0.0,0.0,,,RESOLVED_AGREEMENT,False,0,,,,
36adc4cfadb2c6812002,test,귀금속,T4 구어·문장,q_귀금속_01,금 팔러 가는 곳,패션·잡화 중 '귀금속'을 판매·제공하는 매장,3c60b8b1-d80f-4932-bde3-f5d843d2a8b7,남평정보통신,,남평읍1로 골목형상점가,골목형상점가,전라남도,,0.0,Y,,P0_UNCERTAIN_OR_MISSING,True,,,,,
f05eb5469e3950a933b7,test,귀금속,T4 구어·문장,q_귀금속_01,금 팔러 가는 곳,패션·잡화 중 '귀금속'을 판매·제공하는 매장,47c87da6-c9d4-4012-88da-8e193367a0a2,라라렌즈 lalalens,안경 및 렌즈 소매업,나운금빛 골목형상점가,골목형상점가,전북특별자치도,0.0,1.0,,,P2_GRADED_ONLY,True,,,,,
a1bf16b4106edf218b39,test,귀금속,T4 구어·문장,q_귀금속_01,금 팔러 가는 곳,패션·잡화 중 '귀금속'을 판매·제공하는 매장,5dceba02-08e9-45ea-bfbe-c443d7fd81f0,서북사,시계 금,지석사거리 골목형상점가,골목형상점가,광주광역시,2.0,3.0,,,P2_GRADED_ONLY,True,,,,,
c2441bcb0039b9f02a8f,test,귀금속,T4 구어·문장,q_귀금속_01,금 팔러 가는 곳,패션·잡화 중 '귀금속'을 판매·제공하는 매장,052ef594-49c5-4a9e-9a8e-22fe36be376a,금옥당,"금, 은",초량전통시장,전통시장,부산광역시,0.0,0.0,,,RESOLVED_AGREEMENT,False,0,,,,
c5fe53bb399d69849e56,test,귀금속,T4 구어·문장,q_귀금속_01,금 팔러 가는 곳,패션·잡화 중 '귀금속'을 판매·제공하는 매장,c0563d68-0f81-4872-8cc5-47594d519241,내가 잘가는 미용실,미용실,김천황금시장,전통시장,경상북도,0.0,0.0,,,RESOLVED_AGREEMENT,False,0,,,,
47231759cc81c063f34a,test,귀금속,T4 구어·문장,q_귀금속_01,금 팔러 가는 곳,패션·잡화 중 '귀금속'을 판매·제공하는 매장,20e990e4-aaf3-4784-9ba0-caad51d06b23,곳간,한식,수완장덕 골목형상점가,골목형상점가,광주광역시,0.0,0.0,,,RESOLVED_AGREEMENT,False,0,,,,
edd40bcefdf4da9647d8,test,귀금속,T4 구어·문장,q_귀금속_01,금 팔러 가는 곳,패션·잡화 중 '귀금속'을 판매·제공하는 매장,0308940f-189d-41bd-9a0c-cae20bfc8b65,실버투유,액세서리,남대문시장,전통시장,서울특별시,1.0,2.0,,,P1_BINARY_THRESHOLD,True,,,,,
ae701117124f392a7b1c,test,귀금속,T4 구어·문장,q_귀금속_01,금 팔러 가는 곳,패션·잡화 중 '귀금속'을 판매·제공하는 매장,38734df9-1aea-49b2-9050-25ba327f052d,호박당,금은방(귀금속),전주모래내시장,전통시장,전북특별자치도,3.0,3.0,,,RESOLVED_AGREEMENT,False,3,,,,
be3013752e3fdb563a43,test,귀금속,T4 구어·문장,q_귀금속_01,금 팔러 가는 곳,패션·잡화 중 '귀금속'을 판매·제공하는 매장,f26ba2b8-8080-4119-a6dd-c5360e73b267,황금당,금,화정로상가상인회 골목형상점가,골목형상점가,광주광역시,0.0,0.0,,,RESOLVED_AGREEMENT,False,0,,,,
4529e3996928815cb608,test,귀금속,T4 구어·문장,q_귀금속_01,금 팔러 가는 곳,패션·잡화 중 '귀금속'을 판매·제공하는 매장,49a3fe9c-bbf7-42a9-a741-99166f39ce92,진보당,금은방,진해중앙시장,전통시장,경상남도,3.0,3.0,,,RESOLVED_AGREEMENT,False,3,,,,
bdc928e7fbaa93f70e21,test,귀금속,T4 구어·문장,q_귀금속_01,금 팔러 가는 곳,패션·잡화 중 '귀금속'을 판매·제공하는 매장,0cf82b2a-71a4-4657-b871-9a52288c43c1,반지만들기공방반지놀이터울산점,반지만들기,성남먹자골목,골목형상점가,울산광역시,2.0,3.0,,,P2_GRADED_ONLY,True,,,,,
5468130966a45cb30390,test,귀금속,T4 구어·문장,q_귀금속_01,금 팔러 가는 곳,패션·잡화 중 '귀금속'을 판매·제공하는 매장,c704f88d-4ea8-40a2-bce2-23af9ac7c7eb,팔방,한식,남이동길골목형상점가,골목형상점가,서울특별시,0.0,0.0,,,RESOLVED_AGREEMENT,False,0,,,,
8478d589b31c97a0825f,test,귀금속,T4 구어·문장,q_귀금속_01,금 팔러 가는 곳,패션·잡화 중 '귀금속'을 판매·제공하는 매장,00ec77a3-3e9a-4a5b-b837-c4014ef84285,은은하당,귀금속소매업,테크노밸리 골목형상점가,골목형상점가,대전광역시,3.0,3.0,,,RESOLVED_AGREEMENT,False,3,,,,
cadfa0e5a0555159a29b,test,귀금속,T4 구어·문장,q_귀금속_01,금 팔러 가는 곳,패션·잡화 중 '귀금속'을 판매·제공하는 매장,016d2bb5-8af2-45c2-8456-33067cd315bb,황금당,"금, 시계",홍성명동상가,자율상권구역,충청남도,2.0,3.0,,,P2_GRADED_ONLY,True,,,,,
10448d687b71ce706939,test,귀금속,T4 구어·문장,q_귀금속_01,금 팔러 가는 곳,패션·잡화 중 '귀금속'을 판매·제공하는 매장,0038905e-d969-4b31-b09f-c35bdc0b9b8b,영보석,귀금속,촬영소사거리골목형상점가,골목형상점가,서울특별시,3.0,3.0,,,RESOLVED_AGREEMENT,False,3,,,,
2377e19ceffcebc61568,test,귀금속,T4 구어·문장,q_귀금속_01,금 팔러 가는 곳,패션·잡화 중 '귀금속'을 판매·제공하는 매장,cf180480-df0a-4e26-b978-d247cd81be6b,커플링마을광주점,은반지 은팔찌,"금남로4,5가 골목형상점가",골목형상점가,광주광역시,2.0,3.0,,,P2_GRADED_ONLY,True,,,,,
6f1bbdd1abe8ed307449,test,귀금속,T4 구어·문장,q_귀금속_01,금 팔러 가는 곳,패션·잡화 중 '귀금속'을 판매·제공하는 매장,8bf1fc9a-d444-4c19-ae30-cf197c6abd03,팔봉각,,여의동2가 골목형상점가,골목형상점가,전북특별자치도,,0.0,Y,,P0_UNCERTAIN_OR_MISSING,True,,,,,
9008f10d260b36a93362,test,귀금속,T4 구어·문장,q_귀금속_01,금 팔러 가는 곳,패션·잡화 중 '귀금속'을 판매·제공하는 매장,842f6cf1-6411-4f4b-be23-746d79e31656,섬곳,한식,플레이사계 지오단길 골목형상점가,골목형상점가,제주특별자치도,0.0,0.0,,,RESOLVED_AGREEMENT,False,0,,,,
92719210084650222dd7,test,귀금속,T4 구어·문장,q_귀금속_01,금 팔러 가는 곳,패션·잡화 중 '귀금속'을 판매·제공하는 매장,3086efe6-0293-476f-a32f-35d8522477d2,산수옥모밀,면요리,동림2 골목형상점가,골목형상점가,광주광역시,0.0,0.0,,,RESOLVED_AGREEMENT,False,0,,,,
3f8cd7b0fadce3dc420e,test,귀금속,T4 구어·문장,q_귀금속_01,금 팔러 가는 곳,패션·잡화 중 '귀금속'을 판매·제공하는 매장,59aa9e28-1b79-4fd0-a424-981ff023ac46,보금당,금 시계 은,대송시장,전통시장,울산광역시,2.0,3.0,,,P2_GRADED_ONLY,True,,,,,
d2ffcc006faddb997460,test,귀금속,T4 구어·문장,q_귀금속_01,금 팔러 가는 곳,패션·잡화 중 '귀금속'을 판매·제공하는 매장,0fc4023c-9fa1-4506-ab4d-ca2c3192746f,잘나가는 멋쟁이,여성읠,신부평지하상가,일반지하상점가,인천광역시,0.0,0.0,,,RESOLVED_AGREEMENT,False,0,,,,
76b7d384752e032e8e7e,test,귀금속,T4 구어·문장,q_귀금속_01,금 팔러 가는 곳,패션·잡화 중 '귀금속'을 판매·제공하는 매장,e94d5ed9-12e0-4bc9-a7dc-d0576958311a,거금,한식,포항 해도새록새로 골목형상점가,골목형상점가,경상북도,0.0,0.0,,,RESOLVED_AGREEMENT,False,0,,,,
314ce2f9e3320e4ab611,test,귀금속,T4 구어·문장,q_귀금속_01,금 팔러 가는 곳,패션·잡화 중 '귀금속'을 판매·제공하는 매장,ed459f76-f67c-40ab-ab41-755ca55e886f,미금사,"금, 은, 시계",마천중앙시장,전통시장,서울특별시,2.0,3.0,,,P2_GRADED_ONLY,True,,,,,
be073233c659be334967,test,귀금속,T4 구어·문장,q_귀금속_01,금 팔러 가는 곳,패션·잡화 중 '귀금속'을 판매·제공하는 매장,085465ef-544c-4898-9421-c8b9babe2186,해와달,소매(준보석),천호로데오거리상점가,자율상권구역,서울특별시,2.0,3.0,,,P2_GRADED_ONLY,True,,,,,
c954424ae2b3fe7f7223,test,귀금속,T4 구어·문장,q_귀금속_01,금 팔러 가는 곳,패션·잡화 중 '귀금속'을 판매·제공하는 매장,f6c7b5ed-f72e-45c9-a4f8-54e2eab9edf0,보금당,시계 금,길동복조리시장,전통시장,서울특별시,2.0,3.0,,,P2_GRADED_ONLY,True,,,,,
91217764f51b241e5b8f,test,귀금속,T4 구어·문장,q_귀금속_01,금 팔러 가는 곳,패션·잡화 중 '귀금속'을 판매·제공하는 매장,c111ac9d-3f3a-405c-a8db-4d127ccda9e2,행복이 있는 곳,잡화,제주로얄쇼핑센터,자율상권구역,제주특별자치도,1.0,0.0,,,P2_GRADED_ONLY,True,,,,,
324a9a489f557fa0a0df,test,귀금속,T4 구어·문장,q_귀금속_01,금 팔러 가는 곳,패션·잡화 중 '귀금속'을 판매·제공하는 매장,c08e7841-8300-47be-a070-9624336572e7,찬금당,금 은 시계,영동전통시장,전통시장,서울특별시,2.0,3.0,,,P2_GRADED_ONLY,True,,,,,
e805fce1cb00dd46e3f8,test,귀금속,T4 구어·문장,q_귀금속_01,금 팔러 가는 곳,패션·잡화 중 '귀금속'을 판매·제공하는 매장,03d999c9-d1ad-4f94-8fa6-a7f9bf1c412d,갱'S쥬얼리,"귀금속, 시계",신림별빛거리골목형상점가,골목형상점가,서울특별시,3.0,3.0,,,RESOLVED_AGREEMENT,False,3,,,,
857a11d533cd88e6a7e1,test,귀금속,T4 구어·문장,q_귀금속_01,금 팔러 가는 곳,패션·잡화 중 '귀금속'을 판매·제공하는 매장,004eaf2b-83b1-4387-9843-85074f3b3f6f,색동보석,보석,충주자유시장,전통시장,충청북도,2.0,3.0,,,P2_GRADED_ONLY,True,,,,,
c57e88fde6668e706577,test,귀금속,T4 구어·문장,q_귀금속_01,금 팔러 가는 곳,패션·잡화 중 '귀금속'을 판매·제공하는 매장,905fdfef-83ca-4ed1-be97-3b0170dabcdb,젬하우스,악세사리 반지공방,신사세로수길골목형상점가,골목형상점가,서울특별시,2.0,3.0,,,P2_GRADED_ONLY,True,,,,,
3f1ad7b2b45573e2eb15,test,귀금속,T4 구어·문장,q_귀금속_01,금 팔러 가는 곳,패션·잡화 중 '귀금속'을 판매·제공하는 매장,1c5e7c39-a265-449a-b66f-fefb1f9a7889,중앙보석,"금, 은",역전지하상가,일반지하상점가,대전광역시,2.0,3.0,,,P2_GRADED_ONLY,True,,,,,
c0ac286efd32cdc06db3,test,귀금속,T4 구어·문장,q_귀금속_01,금 팔러 가는 곳,패션·잡화 중 '귀금속'을 판매·제공하는 매장,7049cdfb-6b69-4364-b573-3167fb75ce3f,오팔하우스,금,은마종합상점가,자율상권구역,서울특별시,0.0,0.0,,,RESOLVED_AGREEMENT,False,0,,,,
7219b3053aeb5bedfc49,test,귀금속,T4 구어·문장,q_귀금속_01,금 팔러 가는 곳,패션·잡화 중 '귀금속'을 판매·제공하는 매장,a5a091bb-8c8b-444e-b325-c6442688313b,삼성전자우림직매장,가전제품,우림맛솜씨길골목형상점가,골목형상점가,서울특별시,0.0,0.0,,,RESOLVED_AGREEMENT,False,0,,,,
0331d1aab2a43324bfd0,test,귀금속,T4 구어·문장,q_귀금속_01,금 팔러 가는 곳,패션·잡화 중 '귀금속'을 판매·제공하는 매장,3e83d8ee-19b6-4f78-bef8-4ccd8a6acda2,동광당,금은방,전주중앙상가시장,전통시장,전북특별자치도,3.0,3.0,,,RESOLVED_AGREEMENT,False,3,,,,
4e522cbb9b5d3dc6288b,test,귀금속,T4 구어·문장,q_귀금속_01,금 팔러 가는 곳,패션·잡화 중 '귀금속'을 판매·제공하는 매장,b8e89e46-66be-42e4-b87d-b605bc3b135a,찾아가는 한우,한식,의왕도깨비시장,전통시장,경기도,0.0,0.0,,,RESOLVED_AGREEMENT,False,0,,,,
e9575d93a51a8f9ea7d5,test,귀금속,T4 구어·문장,q_귀금속_01,금 팔러 가는 곳,패션·잡화 중 '귀금속'을 판매·제공하는 매장,0da63e5c-a9fb-41a1-872c-ff5dc1062a61,보광골드,"금, 은, 시계",군산나운상가 골목형상점가,골목형상점가,전북특별자치도,2.0,3.0,,,P2_GRADED_ONLY,True,,,,,
ebd1aca83aa24971e2c4,test,귀금속,T4 구어·문장,q_귀금속_01,금 팔러 가는 곳,패션·잡화 중 '귀금속'을 판매·제공하는 매장,6e140458-ff7c-403a-a918-9a5f41a1683c,부금당금방,금 은 보석 시계 악세사리,일곡동 골목형상점가,골목형상점가,광주광역시,2.0,3.0,,,P2_GRADED_ONLY,True,,,,,
7916a68fd63115a5f627,test,귀금속,T4 구어·문장,q_귀금속_01,금 팔러 가는 곳,패션·잡화 중 '귀금속'을 판매·제공하는 매장,4af6128c-51b1-4ea8-ae60-2b958126a172,원보석,소매(금은방),우림골목시장,전통시장,서울특별시,3.0,3.0,,,RESOLVED_AGREEMENT,False,3,,,,
d7e40daa54a9e9d14806,test,귀금속,T4 구어·문장,q_귀금속_01,금 팔러 가는 곳,패션·잡화 중 '귀금속'을 판매·제공하는 매장,03425599-9eed-4d3b-8682-d3c2e620325e,초량전통시장 노점매대 54번,액세서리,초량전통시장,전통시장,부산광역시,1.0,2.0,,,P1_BINARY_THRESHOLD,True,,,,,
16d65ada7684e8e243cf,test,귀금속,T4 구어·문장,q_귀금속_01,금 팔러 가는 곳,패션·잡화 중 '귀금속'을 판매·제공하는 매장,38fe00fd-7bd1-4b4e-8cc0-beb918d637b4,원금당,"금, 은",역전지하상가,일반지하상점가,대전광역시,0.0,0.0,,,RESOLVED_AGREEMENT,False,0,,,,
475c0dd9ea823338ffa5,test,귀금속,T1 정확표기,q_귀금속_02,귀금속,패션·잡화 중 '귀금속'을 판매·제공하는 매장,5b626bfd-6a75-4dd1-adeb-ba95302874ce,에쎄귀금속,귀금속,창원 상남시장,전통시장,경상남도,3.0,3.0,,,RESOLVED_AGREEMENT,False,3,,,,
ef836806814039790726,test,귀금속,T1 정확표기,q_귀금속_02,귀금속,패션·잡화 중 '귀금속'을 판매·제공하는 매장,44cb233b-27ed-4c33-94fe-dc2d489981dc,아가페귀금속,귀금속,골드테마거리,전통시장,부산광역시,3.0,3.0,,,RESOLVED_AGREEMENT,False,3,,,,
3f1f59689295889e18e9,test,귀금속,T1 정확표기,q_귀금속_02,귀금속,패션·잡화 중 '귀금속'을 판매·제공하는 매장,5b3678c4-282e-44b0-9926-d949ede6b432,이조참치프리미엄천변점,참치,큰방림길 골목형상점가,골목형상점가,광주광역시,0.0,0.0,,,RESOLVED_AGREEMENT,False,0,,,,
ae8cc89ec6a255b2948a,test,귀금속,T1 정확표기,q_귀금속_02,귀금속,패션·잡화 중 '귀금속'을 판매·제공하는 매장,a2b91ba6-d538-43b5-bdc0-7b3f7df0ede9,흰,귀금속,북촌계동길골목형상점가,골목형상점가,서울특별시,3.0,3.0,,,RESOLVED_AGREEMENT,False,3,,,,
b169c3b3840b30e7f8ad,test,귀금속,T1 정확표기,q_귀금속_02,귀금속,패션·잡화 중 '귀금속'을 판매·제공하는 매장,4f2eeb24-3135-457a-ad76-b0a9bda5e930,상금당,귀금속,개금골목시장,전통시장,부산광역시,3.0,3.0,,,RESOLVED_AGREEMENT,False,3,,,,
4b27dfdd769ecf9c898e,test,귀금속,T1 정확표기,q_귀금속_02,귀금속,패션·잡화 중 '귀금속'을 판매·제공하는 매장,409fe8c3-1560-4d16-bc24-f5781bb345be,종로귀금속,귀금속,전통중앙도매상가,전통시장,대전광역시,3.0,3.0,,,RESOLVED_AGREEMENT,False,3,,,,
d4c7c3341fb69f76d3e4,test,귀금속,T1 정확표기,q_귀금속_02,귀금속,패션·잡화 중 '귀금속'을 판매·제공하는 매장,a93e8364-d222-4449-98b0-e0d0a015aa54,창고1974본점,한식,봉선로19번길 골목형상점가,골목형상점가,광주광역시,0.0,0.0,,,RESOLVED_AGREEMENT,False,0,,,,
a48def11452740d6e591,test,귀금속,T1 정확표기,q_귀금속_02,귀금속,패션·잡화 중 '귀금속'을 판매·제공하는 매장,9cf3c9b7-fd4d-4c0f-93b4-1d78820077e5,향남귀금속,귀금속,향남로 골목형상점가,골목형상점가,경기도,3.0,3.0,,,RESOLVED_AGREEMENT,False,3,,,,
caf2ba9851d739113a68,test,귀금속,T1 정확표기,q_귀금속_02,귀금속,패션·잡화 중 '귀금속'을 판매·제공하는 매장,085465ef-544c-4898-9421-c8b9babe2186,해와달,소매(준보석),천호로데오거리상점가,자율상권구역,서울특별시,3.0,3.0,,,RESOLVED_AGREEMENT,False,3,,,,
a191e882cee0247f6cee,test,귀금속,T1 정확표기,q_귀금속_02,귀금속,패션·잡화 중 '귀금속'을 판매·제공하는 매장,41d1a369-f00a-4d58-8135-66f6f2e80aac,지반,귀금속,대구패션주얼리특구,자율상권구역,대구광역시,3.0,3.0,,,RESOLVED_AGREEMENT,False,3,,,,
b5d0057104df74ecbf23,test,귀금속,T1 정확표기,q_귀금속_02,귀금속,패션·잡화 중 '귀금속'을 판매·제공하는 매장,73ec7fde-e568-490b-b6ff-91787aa3f7cb,쥬엘,귀금속,대구패션주얼리특구,자율상권구역,대구광역시,3.0,3.0,,,RESOLVED_AGREEMENT,False,3,,,,
5f12663ca8ea6cb157eb,test,귀금속,T1 정확표기,q_귀금속_02,귀금속,패션·잡화 중 '귀금속'을 판매·제공하는 매장,595e9f12-9ff0-4c5d-8b49-e0fbb70a816b,하목리,귀금속,골드테마거리,전통시장,부산광역시,3.0,3.0,,,RESOLVED_AGREEMENT,False,3,,,,
8cf0d05d19512d117bd2,test,귀금속,T1 정확표기,q_귀금속_02,귀금속,패션·잡화 중 '귀금속'을 판매·제공하는 매장,c01ef315-5273-480e-a31e-ec2f7509e0cb,금강당,귀금속,남부골목시장,전통시장,서울특별시,3.0,3.0,,,RESOLVED_AGREEMENT,False,3,,,,
a3408a55db3964f5dcac,test,귀금속,T1 정확표기,q_귀금속_02,귀금속,패션·잡화 중 '귀금속'을 판매·제공하는 매장,0056f9b4-b953-40f2-b820-71d6e7b46c58,주얼리루비,귀금속,하남 골목형상점가,골목형상점가,광주광역시,3.0,3.0,,,RESOLVED_AGREEMENT,False,3,,,,
160469b927d5df019cc1,test,귀금속,T1 정확표기,q_귀금속_02,귀금속,패션·잡화 중 '귀금속'을 판매·제공하는 매장,fb28f966-8006-43a5-9c4d-e623b409c83e,보석장,귀금속,창원 가음시장대상가,전통시장,경상남도,3.0,3.0,,,RESOLVED_AGREEMENT,False,3,,,,
4c064eaef1140252962c,test,귀금속,T1 정확표기,q_귀금속_02,귀금속,패션·잡화 중 '귀금속'을 판매·제공하는 매장,a2c182ca-cdcf-453c-a32d-802993ee3091,은백귀금속,귀금속,춘천동부시장,전통시장,강원특별자치도,3.0,3.0,,,RESOLVED_AGREEMENT,False,3,,,,
6e85baeadaf9bcfb9a1c,test,귀금속,T1 정확표기,q_귀금속_02,귀금속,패션·잡화 중 '귀금속'을 판매·제공하는 매장,52e429ee-457c-4de8-84a9-4decf6429cd4,가인,귀금속,골드테마거리,전통시장,부산광역시,3.0,3.0,,,RESOLVED_AGREEMENT,False,3,,,,
de5bf235192b367493ab,test,귀금속,T1 정확표기,q_귀금속_02,귀금속,패션·잡화 중 '귀금속'을 판매·제공하는 매장,53c4c6cc-37b3-4ad8-87d7-a7c97ea1358c,귀금속프라자,귀금속,사강시장,전통시장,경기도,3.0,3.0,,,RESOLVED_AGREEMENT,False,3,,,,
9a229362bdd7e698e1f9,test,귀금속,T1 정확표기,q_귀금속_02,귀금속,패션·잡화 중 '귀금속'을 판매·제공하는 매장,016d2bb5-8af2-45c2-8456-33067cd315bb,황금당,"금, 시계",홍성명동상가,자율상권구역,충청남도,3.0,3.0,,,RESOLVED_AGREEMENT,False,3,,,,
1436c871da94ac4f704e,test,귀금속,T1 정확표기,q_귀금속_02,귀금속,패션·잡화 중 '귀금속'을 판매·제공하는 매장,30bf7d12-c06d-48a4-bcaf-f307725b7ea0,영화귀금속,귀금속,충장로45가 상점가,자율상권구역,광주광역시,3.0,3.0,,,RESOLVED_AGREEMENT,False,3,,,,
d63cdbc37f73203f506e,test,귀금속,T1 정확표기,q_귀금속_02,귀금속,패션·잡화 중 '귀금속'을 판매·제공하는 매장,0cf82b2a-71a4-4657-b871-9a52288c43c1,반지만들기공방반지놀이터울산점,반지만들기,성남먹자골목,골목형상점가,울산광역시,3.0,3.0,,,RESOLVED_AGREEMENT,False,3,,,,
2e5a2053de02975fb3de,test,귀금속,T1 정확표기,q_귀금속_02,귀금속,패션·잡화 중 '귀금속'을 판매·제공하는 매장,0188cda6-6441-4058-82b0-0cb89e035583,친한친구,액세서리,㈜르네시떼,전통시장,부산광역시,1.0,2.0,,,P1_BINARY_THRESHOLD,True,,,,,
4d2f4a1eff247d609b7e,test,귀금속,T1 정확표기,q_귀금속_02,귀금속,패션·잡화 중 '귀금속'을 판매·제공하는 매장,a54a3ab8-d1b5-4844-80b7-ac70fad66dc0,에테르주얼리,반지 및 악세서리,대봉애 골목형상점가,골목형상점가,대구광역시,3.0,3.0,,,RESOLVED_AGREEMENT,False,3,,,,
31cc9cb430de23567f05,test,귀금속,T1 정확표기,q_귀금속_02,귀금속,패션·잡화 중 '귀금속'을 판매·제공하는 매장,03398f1a-7a3f-446a-83bd-af19448c925b,미석,귀금속,창원 성원그랜드쇼핑상가,전통시장,경상남도,3.0,3.0,,,RESOLVED_AGREEMENT,False,3,,,,
272a1ecf1eba66d9f204,test,귀금속,T1 정확표기,q_귀금속_02,귀금속,패션·잡화 중 '귀금속'을 판매·제공하는 매장,07f8b8f4-9040-49c7-8e2b-25cbd6db3f96,서북당,귀금속,전통중앙도매상가,전통시장,대전광역시,3.0,3.0,,,RESOLVED_AGREEMENT,False,3,,,,
b26cb2e134d65857e048,test,귀금속,T1 정확표기,q_귀금속_02,귀금속,패션·잡화 중 '귀금속'을 판매·제공하는 매장,3e83d8ee-19b6-4f78-bef8-4ccd8a6acda2,동광당,금은방,전주중앙상가시장,전통시장,전북특별자치도,3.0,3.0,,,RESOLVED_AGREEMENT,False,3,,,,
63cc3992446a242fd3f3,test,귀금속,T1 정확표기,q_귀금속_02,귀금속,패션·잡화 중 '귀금속'을 판매·제공하는 매장,db8952ed-6668-44db-8f23-39ffc8a05f49,퀸즈,귀금속,대신시장,전통시장,서울특별시,3.0,3.0,,,RESOLVED_AGREEMENT,False,3,,,,
152db8fce47f17449a22,test,귀금속,T1 정확표기,q_귀금속_02,귀금속,패션·잡화 중 '귀금속'을 판매·제공하는 매장,75641842-ea32-434f-acdf-3fcaa3e72c4e,효주네 김밥,김밥,서귀포중심상가번영회,자율상권구역,제주특별자치도,0.0,0.0,,,RESOLVED_AGREEMENT,False,0,,,,
67d6436fb8d3c8482f16,test,귀금속,T1 정확표기,q_귀금속_02,귀금속,패션·잡화 중 '귀금속'을 판매·제공하는 매장,a2421117-3144-4c43-b2f4-e7aaba603ad3,사론,귀금속,골드테마거리,전통시장,부산광역시,3.0,3.0,,,RESOLVED_AGREEMENT,False,3,,,,
ac645e1f80ba5db64b72,test,귀금속,T1 정확표기,q_귀금속_02,귀금속,패션·잡화 중 '귀금속'을 판매·제공하는 매장,95513338-9fca-4a15-b8de-e8ab41ed7a62,케이투귀금속,귀금속,골드테마거리,전통시장,부산광역시,3.0,3.0,,,RESOLVED_AGREEMENT,False,3,,,,
c3540fa0a84e5fb9cb36,test,귀금속,T1 정확표기,q_귀금속_02,귀금속,패션·잡화 중 '귀금속'을 판매·제공하는 매장,ea7c690a-1aab-44de-b7b3-b4319e7717a4,보곡당,귀금속,진해중앙시장,전통시장,경상남도,3.0,3.0,,,RESOLVED_AGREEMENT,False,3,,,,
a9ac57324ad489ccf251,test,귀금속,T1 정확표기,q_귀금속_02,귀금속,패션·잡화 중 '귀금속'을 판매·제공하는 매장,b4cfb455-7051-4bbe-80fc-8f66ccc6ebcd,귀빈,귀금속,명동 지하쇼핑센터,일반지하상점가,서울특별시,3.0,3.0,,,RESOLVED_AGREEMENT,False,3,,,,
85017629141c1316f490,test,귀금속,T1 정확표기,q_귀금속_02,귀금속,패션·잡화 중 '귀금속'을 판매·제공하는 매장,23038801-1e34-4fe1-8207-a0fc4a27b9e1,샤넬,귀금속,골드테마거리,전통시장,부산광역시,3.0,3.0,,,RESOLVED_AGREEMENT,False,3,,,,
ded893ee8c9e3a4ee63b,test,귀금속,T1 정확표기,q_귀금속_02,귀금속,패션·잡화 중 '귀금속'을 판매·제공하는 매장,ebcd82b1-b326-4311-8f22-afcb04c08d5f,글로리귀금속,귀금속,풍암1로상인회 골목형상점가,골목형상점가,광주광역시,3.0,3.0,,,RESOLVED_AGREEMENT,False,3,,,,
d2d222b3604f9145c04c,test,귀금속,T1 정확표기,q_귀금속_02,귀금속,패션·잡화 중 '귀금속'을 판매·제공하는 매장,dd50c1b7-9d47-4917-a2b7-ad6b7e905ca3,명가,귀금속,주안시민지하도상점가,일반지하상점가,인천광역시,3.0,3.0,,,RESOLVED_AGREEMENT,False,3,,,,
9dea68917433b38a6e2a,test,귀금속,T1 정확표기,q_귀금속_02,귀금속,패션·잡화 중 '귀금속'을 판매·제공하는 매장,f9cb26c5-8d3b-44e8-9485-391635810401,쥬벨,귀금속,골드테마거리,전통시장,부산광역시,3.0,3.0,,,RESOLVED_AGREEMENT,False,3,,,,
39d072f9988fe13d0984,test,귀금속,T1 정확표기,q_귀금속_02,귀금속,패션·잡화 중 '귀금속'을 판매·제공하는 매장,370fe534-4763-4278-80e8-09bb0ba40c97,진금당,귀금속,도곡시장,자율상권구역,서울특별시,3.0,3.0,,,RESOLVED_AGREEMENT,False,3,,,,
2c3f537e1c4cd4e64285,test,귀금속,T1 정확표기,q_귀금속_02,귀금속,패션·잡화 중 '귀금속'을 판매·제공하는 매장,cf180480-df0a-4e26-b978-d247cd81be6b,커플링마을광주점,은반지 은팔찌,"금남로4,5가 골목형상점가",골목형상점가,광주광역시,3.0,3.0,,,RESOLVED_AGREEMENT,False,3,,,,
97898837ec44c9c6fa96,test,귀금속,T1 정확표기,q_귀금속_02,귀금속,패션·잡화 중 '귀금속'을 판매·제공하는 매장,4c3c3921-e358-41a7-8ee0-4e43be556b49,황석,귀금속,대구패션주얼리특구,자율상권구역,대구광역시,3.0,3.0,,,RESOLVED_AGREEMENT,False,3,,,,
d4e9ecb244c15ab6b079,test,귀금속,T1 정확표기,q_귀금속_02,귀금속,패션·잡화 중 '귀금속'을 판매·제공하는 매장,045b116c-e7af-48dc-9104-bc56fb91dd7b,정금당(귀금속),귀금속,창원 성원그랜드쇼핑상가,전통시장,경상남도,3.0,3.0,,,RESOLVED_AGREEMENT,False,3,,,,
a10639a53b0aa9ef84b0,test,귀금속,T1 정확표기,q_귀금속_02,귀금속,패션·잡화 중 '귀금속'을 판매·제공하는 매장,905fdfef-83ca-4ed1-be97-3b0170dabcdb,젬하우스,악세사리 반지공방,신사세로수길골목형상점가,골목형상점가,서울특별시,3.0,3.0,,,RESOLVED_AGREEMENT,False,3,,,,
e10ab691162c6773639a,test,귀금속,T1 정확표기,q_귀금속_02,귀금속,패션·잡화 중 '귀금속'을 판매·제공하는 매장,0038905e-d969-4b31-b09f-c35bdc0b9b8b,영보석,귀금속,촬영소사거리골목형상점가,골목형상점가,서울특별시,3.0,3.0,,,RESOLVED_AGREEMENT,False,3,,,,
33acc8b01276e93c3f59,test,귀금속,T1 정확표기,q_귀금속_02,귀금속,패션·잡화 중 '귀금속'을 판매·제공하는 매장,4af6128c-51b1-4ea8-ae60-2b958126a172,원보석,소매(금은방),우림골목시장,전통시장,서울특별시,3.0,3.0,,,RESOLVED_AGREEMENT,False,3,,,,
2b8de58ed02214a82908,test,귀금속,T1 정확표기,q_귀금속_02,귀금속,패션·잡화 중 '귀금속'을 판매·제공하는 매장,d002000d-cca5-4a9c-9a10-143bb2994db9,미라클의원,의료서비스,상무평화상인회 골목형상점가,골목형상점가,광주광역시,0.0,0.0,,,RESOLVED_AGREEMENT,False,0,,,,
beff8f1b2e223612cef8,test,귀금속,T1 정확표기,q_귀금속_02,귀금속,패션·잡화 중 '귀금속'을 판매·제공하는 매장,12110612-1632-4790-b2c8-6aa09a2c18ea,아벨귀금속,귀금속,불당1번가골목형상점가,골목형상점가,충청남도,3.0,3.0,,,RESOLVED_AGREEMENT,False,3,,,,
6a82f03c5e78cedc2122,test,귀금속,T1 정확표기,q_귀금속_02,귀금속,패션·잡화 중 '귀금속'을 판매·제공하는 매장,1dc2eb8f-8868-4676-85dd-dbb291dd43f7,궁전,귀금속,골드테마거리,전통시장,부산광역시,3.0,3.0,,,RESOLVED_AGREEMENT,False,3,,,,
cd52635a4b7eb773d59e,test,귀금속,T1 정확표기,q_귀금속_02,귀금속,패션·잡화 중 '귀금속'을 판매·제공하는 매장,049f8988-fdf6-4dac-acb6-ef8b0af859fa,삼성당,시계,해미읍성전통시장,전통시장,충청남도,3.0,3.0,,,RESOLVED_AGREEMENT,False,3,,,,
3e1b02fc040c445ed517,test,귀금속,T1 정확표기,q_귀금속_02,귀금속,패션·잡화 중 '귀금속'을 판매·제공하는 매장,57ed8e5f-3d34-4037-8b0a-1d34333f739b,금줄,귀금속,대구패션주얼리특구,자율상권구역,대구광역시,3.0,3.0,,,RESOLVED_AGREEMENT,False,3,,,,
3ee3e54a82b1892cb4a8,test,귀금속,T1 정확표기,q_귀금속_02,귀금속,패션·잡화 중 '귀금속'을 판매·제공하는 매장,0308940f-189d-41bd-9a0c-cae20bfc8b65,실버투유,액세서리,남대문시장,전통시장,서울특별시,1.0,2.0,,,P1_BINARY_THRESHOLD,True,,,,,
368c8b0feb74c9808c29,test,귀금속,T1 정확표기,q_귀금속_02,귀금속,패션·잡화 중 '귀금속'을 판매·제공하는 매장,b01b995c-2986-41b9-b04f-1b9fbfee46d0,JMC줄넘기 한숲시티점,줄넘기,남사한숲 골목형상점가,골목형상점가,경기도,0.0,0.0,,,RESOLVED_AGREEMENT,False,0,,,,
40b122596f31010dcbf2,test,귀금속,T1 정확표기,q_귀금속_02,귀금속,패션·잡화 중 '귀금속'을 판매·제공하는 매장,5a079860-70bb-4546-befc-c83b1fbc4cdb,민골드,귀금속,연제동 골목형상점가,골목형상점가,광주광역시,3.0,3.0,,,RESOLVED_AGREEMENT,False,3,,,,
57ca733bb5fbc2740f14,test,귀금속,T1 정확표기,q_귀금속_02,귀금속,패션·잡화 중 '귀금속'을 판매·제공하는 매장,607695d5-67e1-4751-b220-d93cd73d3f21,세금당,귀금속,팔달시장,전통시장,대구광역시,3.0,3.0,,,RESOLVED_AGREEMENT,False,3,,,,
dae607ca6744bf20584d,test,귀금속,T1 정확표기,q_귀금속_02,귀금속,패션·잡화 중 '귀금속'을 판매·제공하는 매장,01f2baea-5004-4e8d-a9a5-66c50aaf49e6,머쓱케이스,휴대폰 액세서리,동성로상점가,자율상권구역,대구광역시,1.0,2.0,,,P1_BINARY_THRESHOLD,True,,,,,
5595d559c2591f753453,test,귀금속,T1 정확표기,q_귀금속_02,귀금속,패션·잡화 중 '귀금속'을 판매·제공하는 매장,b6aa00ab-ee3d-4642-b765-45a2e1634ae2,피코크,귀금속,골드테마거리,전통시장,부산광역시,3.0,3.0,,,RESOLVED_AGREEMENT,False,3,,,,
aa46486bad54ff0e74a9,test,귀금속,T1 정확표기,q_귀금속_02,귀금속,패션·잡화 중 '귀금속'을 판매·제공하는 매장,53de7214-cdf0-4e52-8884-96a2b324ae69,블링걸,장식귀걸이목걸이반지머리핀,신안프라자전통시장,전통시장,경기도,3.0,3.0,,,RESOLVED_AGREEMENT,False,3,,,,
e8063fa61cc5f16ad99a,test,귀금속,T1 정확표기,q_귀금속_02,귀금속,패션·잡화 중 '귀금속'을 판매·제공하는 매장,00ee1cd3-ec15-467a-86d2-07e596d7d395,금옥당,"귀금속, 시계 소매",골드테마거리,전통시장,부산광역시,3.0,3.0,,,RESOLVED_AGREEMENT,False,3,,,,
66ce1bd5a4b2e22a4cf9,test,귀금속,T1 정확표기,q_귀금속_02,귀금속,패션·잡화 중 '귀금속'을 판매·제공하는 매장,d45ee6e1-7298-4149-be02-09472948b8d1,금당,귀금속,백운 대성시장 골목형상점가,골목형상점가,광주광역시,3.0,3.0,,,RESOLVED_AGREEMENT,False,3,,,,
82a4fd7f00a98761828f,test,귀금속,T1 정확표기,q_귀금속_02,귀금속,패션·잡화 중 '귀금속'을 판매·제공하는 매장,022f2fd5-a34e-4313-aad7-e333c361e000,귀금당,귀금속,옥골시장,전통시장,울산광역시,3.0,3.0,,,RESOLVED_AGREEMENT,False,3,,,,
f10b7ea3ff52385f4502,test,귀금속,T1 정확표기,q_귀금속_02,귀금속,패션·잡화 중 '귀금속'을 판매·제공하는 매장,5f90571a-1c68-418a-93af-00cb901c5569,원일귀금속,귀금속,골드테마거리,전통시장,부산광역시,3.0,3.0,,,RESOLVED_AGREEMENT,False,3,,,,
337d6787c2775b4c2771,test,귀금속,T1 정확표기,q_귀금속_02,귀금속,패션·잡화 중 '귀금속'을 판매·제공하는 매장,afc18329-c0be-4574-af6f-17c65dc00519,엘가,귀금속,㈜르네시떼,전통시장,부산광역시,3.0,3.0,,,RESOLVED_AGREEMENT,False,3,,,,
69fb3eccec159c6210bc,test,귀금속,T1 정확표기,q_귀금속_02,귀금속,패션·잡화 중 '귀금속'을 판매·제공하는 매장,5c5ac69e-8378-4bfd-84fc-1d220f384cb1,비안,귀금속,대구패션주얼리특구,자율상권구역,대구광역시,3.0,3.0,,,RESOLVED_AGREEMENT,False,3,,,,
6a7b1e7b3d8fe0393cbc,test,귀금속,T1 정확표기,q_귀금속_02,귀금속,패션·잡화 중 '귀금속'을 판매·제공하는 매장,49a3fe9c-bbf7-42a9-a741-99166f39ce92,진보당,금은방,진해중앙시장,전통시장,경상남도,3.0,3.0,,,RESOLVED_AGREEMENT,False,3,,,,
4bb412d3874c7e8f2ecc,test,귀금속,T1 정확표기,q_귀금속_02,귀금속,패션·잡화 중 '귀금속'을 판매·제공하는 매장,92616544-c786-42b3-877c-b9f12cb7f52c,다혜보석,귀금속,골드테마거리,전통시장,부산광역시,3.0,3.0,,,RESOLVED_AGREEMENT,False,3,,,,
db825a441225b0818959,test,귀금속,T1 정확표기,q_귀금속_02,귀금속,패션·잡화 중 '귀금속'을 판매·제공하는 매장,f92d8805-6fde-43fb-a43c-7ca90a917a70,초록귀금속,귀금속,거제 장평종합시장,전통시장,경상남도,3.0,3.0,,,RESOLVED_AGREEMENT,False,3,,,,
00a06d0f48c586944870,test,귀금속,T1 정확표기,q_귀금속_02,귀금속,패션·잡화 중 '귀금속'을 판매·제공하는 매장,85f6cef5-8a49-447e-bb24-6143d7b60764,예돌젬,귀금속,대구패션주얼리특구,자율상권구역,대구광역시,3.0,3.0,,,RESOLVED_AGREEMENT,False,3,,,,
7d3e8f8aed6af689a4df,test,귀금속,T1 정확표기,q_귀금속_02,귀금속,패션·잡화 중 '귀금속'을 판매·제공하는 매장,bd3a58fd-59e3-43e0-a327-61bfcf64b85f,금맥,귀금속,대구패션주얼리특구,자율상권구역,대구광역시,3.0,3.0,,,RESOLVED_AGREEMENT,False,3,,,,
d7ba08b94d4f98d368f6,test,귀금속,T1 정확표기,q_귀금속_02,귀금속,패션·잡화 중 '귀금속'을 판매·제공하는 매장,03d7c59b-0f64-4647-9c85-97eb7310d1cc,세이젬,"악세사리, 장신구, 귀금속, 시계, 지금",경주중심상가,전통시장,경상북도,3.0,3.0,,,RESOLVED_AGREEMENT,False,3,,,,
4f8352ba690d06ecb949,test,귀금속,T1 정확표기,q_귀금속_02,귀금속,패션·잡화 중 '귀금속'을 판매·제공하는 매장,e1cd936d-6182-424e-b6cb-86813e47f687,창춘,귀금속,대구패션주얼리특구,자율상권구역,대구광역시,3.0,3.0,,,RESOLVED_AGREEMENT,False,3,,,,
5843e137274a961f862b,test,귀금속,T1 정확표기,q_귀금속_02,귀금속,패션·잡화 중 '귀금속'을 판매·제공하는 매장,db90e953-a5ae-4b09-a90d-620d9fb22c8c,부산상회,잡화,대림시장,전통시장,서울특별시,1.0,0.0,,,P2_GRADED_ONLY,True,,,,,
1bfce65151e34b4586d7,test,귀금속,T1 정확표기,q_귀금속_02,귀금속,패션·잡화 중 '귀금속'을 판매·제공하는 매장,06f92a02-db8d-46be-8ee1-213693507a55,오드워치,시계,남대문시장,전통시장,서울특별시,3.0,3.0,,,RESOLVED_AGREEMENT,False,3,,,,
0137a5d7e0e867f9d261,test,귀금속,T1 정확표기,q_귀금속_02,귀금속,패션·잡화 중 '귀금속'을 판매·제공하는 매장,069cebbe-575a-40b5-9b2f-0a082b552037,별보석금나라,,전통중앙도매상가,전통시장,대전광역시,3.0,3.0,,,RESOLVED_AGREEMENT,False,3,,,,
e6946b5a1e10a54bd0b9,test,귀금속,T1 정확표기,q_귀금속_02,귀금속,패션·잡화 중 '귀금속'을 판매·제공하는 매장,72918671-307d-46be-990c-3e84678307e7,골드링시계귀금속,귀금속,창원 성원그랜드쇼핑상가,전통시장,경상남도,3.0,3.0,,,RESOLVED_AGREEMENT,False,3,,,,
fd99f3878ed88f5acfe9,test,귀금속,T1 정확표기,q_귀금속_02,귀금속,패션·잡화 중 '귀금속'을 판매·제공하는 매장,eff4e43f-e0b7-4205-a1c3-004c8748edbb,쇼메,귀금속,골드테마거리,전통시장,부산광역시,3.0,3.0,,,RESOLVED_AGREEMENT,False,3,,,,
5fb450dc7ca23f8da9aa,test,귀금속,T1 정확표기,q_귀금속_02,귀금속,패션·잡화 중 '귀금속'을 판매·제공하는 매장,035c47f3-e0d5-4782-a6a5-0db2aa3f2294,풍정포차,중식당,중앙로상점가,자율상권구역,제주특별자치도,0.0,0.0,,,RESOLVED_AGREEMENT,False,0,,,,
2fd05dadd3eded7ce682,test,귀금속,T1 정확표기,q_귀금속_02,귀금속,패션·잡화 중 '귀금속'을 판매·제공하는 매장,0043881b-db89-4699-8cc4-29ff178f91ee,국제보석,귀금속,대구패션주얼리특구,자율상권구역,대구광역시,3.0,3.0,,,RESOLVED_AGREEMENT,False,3,,,,
a1213cb1b10ce88b77c3,test,귀금속,T1 정확표기,q_귀금속_02,귀금속,패션·잡화 중 '귀금속'을 판매·제공하는 매장,97dce0e8-a756-474e-8624-75b982802335,미쥬보석,귀금속,메트로센터(반월당지하쇼핑),일반지하상점가,대구광역시,3.0,3.0,,,RESOLVED_AGREEMENT,False,3,,,,
351b8ea5e78ecb2583f5,test,귀금속,T1 정확표기,q_귀금속_02,귀금속,패션·잡화 중 '귀금속'을 판매·제공하는 매장,166c9193-005d-4dc3-8637-ed2bfd71be6f,부산금은방 남매금빵,,골드테마거리,전통시장,부산광역시,3.0,3.0,,,RESOLVED_AGREEMENT,False,3,,,,
8af1a73e8af09c5ef607,test,귀금속,T1 정확표기,q_귀금속_02,귀금속,패션·잡화 중 '귀금속'을 판매·제공하는 매장,e63e5b86-a4d6-4094-9877-46941caa0acd,젬코,귀금속,골드테마거리,전통시장,부산광역시,3.0,3.0,,,RESOLVED_AGREEMENT,False,3,,,,
de0b1fb1a7436b0023d4,test,귀금속,T1 정확표기,q_귀금속_02,귀금속,패션·잡화 중 '귀금속'을 판매·제공하는 매장,7ab2921e-3f71-4bc1-9c06-4b6443f443d1,뉴월드 귀금속,귀금속 시계,"온양온천시장(온양재래시장, 전통시장)",전통시장,충청남도,3.0,3.0,,,RESOLVED_AGREEMENT,False,3,,,,
b5d149dc0846bc07c592,test,귀금속,T1 정확표기,q_귀금속_02,귀금속,패션·잡화 중 '귀금속'을 판매·제공하는 매장,03d2f183-77cc-44c8-b4e4-f34ed3bcfa83,다나,"소매업(귀금속,액세서리,모조장신구)",코끼리시장,전통시장,경기도,3.0,3.0,,,RESOLVED_AGREEMENT,False,3,,,,
bcda67bf90591f1b89da,test,귀금속,T1 정확표기,q_귀금속_02,귀금속,패션·잡화 중 '귀금속'을 판매·제공하는 매장,78fd0c56-8e37-4235-9286-55a4db6f65f8,태금당,귀금속,"온양온천시장(온양재래시장, 전통시장)",전통시장,충청남도,3.0,3.0,,,RESOLVED_AGREEMENT,False,3,,,,
b5b2431028ec1ffb1eeb,test,귀금속,T1 정확표기,q_귀금속_02,귀금속,패션·잡화 중 '귀금속'을 판매·제공하는 매장,aac6b3a7-acb7-4ea4-a532-97b4b4fcf8a8,수금당,귀금속,성남프라자,전통시장,울산광역시,3.0,3.0,,,RESOLVED_AGREEMENT,False,3,,,,
750a52e933ad35ca3baa,test,귀금속,T1 정확표기,q_귀금속_02,귀금속,패션·잡화 중 '귀금속'을 판매·제공하는 매장,10de78d1-e53e-4617-8bf1-5c53e8665faa,경일사,"보석, 시계",송탄시장(송북시장),전통시장,경기도,3.0,3.0,,,RESOLVED_AGREEMENT,False,3,,,,
1c65f03f1912f0a653fd,test,귀금속,T1 정확표기,q_귀금속_02,귀금속,패션·잡화 중 '귀금속'을 판매·제공하는 매장,a8697e9b-8a44-432d-9000-48d99ccc1c83,쥬델,귀금속,중앙종합시장,전통시장,대전광역시,3.0,3.0,,,RESOLVED_AGREEMENT,False,3,,,,
2b0e4a28aab1b944bf86,test,귀금속,T1 정확표기,q_귀금속_02,귀금속,패션·잡화 중 '귀금속'을 판매·제공하는 매장,388a73d6-271f-4cdd-9558-abffa5ee1ab4,디오,귀금속,대구패션주얼리특구,자율상권구역,대구광역시,3.0,3.0,,,RESOLVED_AGREEMENT,False,3,,,,
1cd707ad0ecf0cce2ca8,test,귀금속,T1 정확표기,q_귀금속_02,귀금속,패션·잡화 중 '귀금속'을 판매·제공하는 매장,79786f48-9ec9-4d49-9550-2f0c204ab682,주쥬,귀금속,골드테마거리,전통시장,부산광역시,3.0,3.0,,,RESOLVED_AGREEMENT,False,3,,,,
3adae2df3dcbeb0afcb8,test,귀금속,T1 정확표기,q_귀금속_02,귀금속,패션·잡화 중 '귀금속'을 판매·제공하는 매장,03425599-9eed-4d3b-8682-d3c2e620325e,초량전통시장 노점매대 54번,액세서리,초량전통시장,전통시장,부산광역시,1.0,2.0,,,P1_BINARY_THRESHOLD,True,,,,,
9b76630c21fe7869caf9,test,귀금속,T1 정확표기,q_귀금속_02,귀금속,패션·잡화 중 '귀금속'을 판매·제공하는 매장,38734df9-1aea-49b2-9050-25ba327f052d,호박당,금은방(귀금속),전주모래내시장,전통시장,전북특별자치도,3.0,3.0,,,RESOLVED_AGREEMENT,False,3,,,,
20407180cd19fd0b95ae,test,귀금속,T1 정확표기,q_귀금속_02,귀금속,패션·잡화 중 '귀금속'을 판매·제공하는 매장,e818302b-511c-48de-9174-d74315411a2c,金보석,귀금속,밀양 원도심 햇살문화 상권활성화 구역,상권활성화구역,경상남도,3.0,3.0,,,RESOLVED_AGREEMENT,False,3,,,,
fdd1f2a115d458efbac4,test,귀금속,T1 정확표기,q_귀금속_02,귀금속,패션·잡화 중 '귀금속'을 판매·제공하는 매장,c629ece4-02c6-4829-ac0b-da16e1d748b9,정확사,귀금속,구리전통시장,전통시장,경기도,3.0,3.0,,,RESOLVED_AGREEMENT,False,3,,,,
c0485fda1b06a994a589,test,귀금속,T1 정확표기,q_귀금속_02,귀금속,패션·잡화 중 '귀금속'을 판매·제공하는 매장,0361133a-3124-415a-999c-3ca3a41d9a3e,다온,귀금속,골드테마거리,전통시장,부산광역시,3.0,3.0,,,RESOLVED_AGREEMENT,False,3,,,,
2a940ce7521eade30309,test,귀금속,T1 정확표기,q_귀금속_02,귀금속,패션·잡화 중 '귀금속'을 판매·제공하는 매장,7bb7e3e6-0ce2-4a35-8823-9ac6a662534c,루치,귀금속,천안신부문화거리상점가,자율상권구역,충청남도,3.0,3.0,,,RESOLVED_AGREEMENT,False,3,,,,
35c03d1c545e4fff0745,test,귀금속,T1 정확표기,q_귀금속_02,귀금속,패션·잡화 중 '귀금속'을 판매·제공하는 매장,18dd5715-f963-495d-b161-d7d28772a2ab,현대보석,"금, 은, 보석시계",전통중앙도매상가,전통시장,대전광역시,3.0,3.0,,,RESOLVED_AGREEMENT,False,3,,,,
9847ed68f149f8737b7a,test,귀금속,T1 정확표기,q_귀금속_02,귀금속,패션·잡화 중 '귀금속'을 판매·제공하는 매장,004eaf2b-83b1-4387-9843-85074f3b3f6f,색동보석,보석,충주자유시장,전통시장,충청북도,3.0,3.0,,,RESOLVED_AGREEMENT,False,3,,,,
af536c76267609e13f02,test,귀금속,T1 정확표기,q_귀금속_02,귀금속,패션·잡화 중 '귀금속'을 판매·제공하는 매장,9d846251-645f-4e8f-8afe-25d27df2115f,옥신,귀금속,골드테마거리,전통시장,부산광역시,3.0,3.0,,,RESOLVED_AGREEMENT,False,3,,,,
1c8f679a70c23c75a8e6,test,귀금속,T1 정확표기,q_귀금속_02,귀금속,패션·잡화 중 '귀금속'을 판매·제공하는 매장,21f160a0-50a7-4a6a-a9bf-4648b7092b30,금광,귀금속,제주중앙지하상가,일반지하상점가,제주특별자치도,3.0,3.0,,,RESOLVED_AGREEMENT,False,3,,,,
37aeff89e517c8514204,test,귀금속,T1 정확표기,q_귀금속_02,귀금속,패션·잡화 중 '귀금속'을 판매·제공하는 매장,5946fb07-2b3b-49cb-8d2d-46e360a3b6cb,골드박스귀금속,귀금속,충장로45가 상점가,자율상권구역,광주광역시,3.0,3.0,,,RESOLVED_AGREEMENT,False,3,,,,
006cc01544e9c7c85b76,test,귀금속,T1 정확표기,q_귀금속_02,귀금속,패션·잡화 중 '귀금속'을 판매·제공하는 매장,03d999c9-d1ad-4f94-8fa6-a7f9bf1c412d,갱'S쥬얼리,"귀금속, 시계",신림별빛거리골목형상점가,골목형상점가,서울특별시,3.0,3.0,,,RESOLVED_AGREEMENT,False,3,,,,
bbb31d3f056ee33504ef,test,귀금속,T1 정확표기,q_귀금속_02,귀금속,패션·잡화 중 '귀금속'을 판매·제공하는 매장,7f1827f2-b254-429a-9111-501b6622abc7,귀금당,귀금속,진주 논개시장,전통시장,경상남도,3.0,3.0,,,RESOLVED_AGREEMENT,False,3,,,,
859ea13b999a114eca9c,test,귀금속,T1 정확표기,q_귀금속_02,귀금속,패션·잡화 중 '귀금속'을 판매·제공하는 매장,d5733fca-a81d-4f75-91fa-0b9fbe70a48f,카리스귀금속,귀금속,충장로45가 상점가,자율상권구역,광주광역시,3.0,3.0,,,RESOLVED_AGREEMENT,False,3,,,,
c0134224d697e6a0e259,test,귀금속,T1 정확표기,q_귀금속_02,귀금속,패션·잡화 중 '귀금속'을 판매·제공하는 매장,00ec77a3-3e9a-4a5b-b837-c4014ef84285,은은하당,귀금속소매업,테크노밸리 골목형상점가,골목형상점가,대전광역시,3.0,3.0,,,RESOLVED_AGREEMENT,False,3,,,,
9a092e04aadc3d2e9485,test,귀금속,T1 정확표기,q_귀금속_02,귀금속,패션·잡화 중 '귀금속'을 판매·제공하는 매장,371f6fab-9e7e-4cf0-aa20-285c5fdb9440,골드귀금속,귀금속,관고전통시장,전통시장,경기도,3.0,3.0,,,RESOLVED_AGREEMENT,False,3,,,,
cdc6e6e419442264b6f8,test,귀금속,T2 동의어,q_귀금속_03,금은방,패션·잡화 중 '귀금속'을 판매·제공하는 매장,a4336643-0090-48ab-9fb5-910a48547a4c,명보석,"소매(금은방,시계)",군포당동로시장상점가,골목형상점가,경기도,3.0,3.0,,,RESOLVED_AGREEMENT,False,3,,,,
4902d9a8b6c7092817bd,test,귀금속,T2 동의어,q_귀금속_03,금은방,패션·잡화 중 '귀금속'을 판매·제공하는 매장,39bba1c2-ce84-40ba-b69f-27a2666623a7,금은화주단,한복,부산진시장,전통시장,부산광역시,0.0,0.0,,,RESOLVED_AGREEMENT,False,0,,,,
a4abcacaa1469f858890,test,귀금속,T2 동의어,q_귀금속_03,금은방,패션·잡화 중 '귀금속'을 판매·제공하는 매장,18e24926-e1c8-4931-877d-079643547bf4,화성당,금은시계,전주중앙상가시장,전통시장,전북특별자치도,3.0,3.0,,,RESOLVED_AGREEMENT,False,3,,,,
e833030de12feb652c5f,test,귀금속,T2 동의어,q_귀금속_03,금은방,패션·잡화 중 '귀금속'을 판매·제공하는 매장,18df1b65-5a2b-477b-9ba3-e4d5a5d8d6ff,시민당,금은시계,천안중앙시장,전통시장,충청남도,3.0,3.0,,,RESOLVED_AGREEMENT,False,3,,,,
92f48deb27c886f08efa,test,귀금속,T2 동의어,q_귀금속_03,금은방,패션·잡화 중 '귀금속'을 판매·제공하는 매장,3e83d8ee-19b6-4f78-bef8-4ccd8a6acda2,동광당,금은방,전주중앙상가시장,전통시장,전북특별자치도,3.0,3.0,,,RESOLVED_AGREEMENT,False,3,,,,
36cb3abc9e36baea89f7,test,귀금속,T2 동의어,q_귀금속_03,금은방,패션·잡화 중 '귀금속'을 판매·제공하는 매장,03d2f183-77cc-44c8-b4e4-f34ed3bcfa83,다나,"소매업(귀금속,액세서리,모조장신구)",코끼리시장,전통시장,경기도,3.0,3.0,,,RESOLVED_AGREEMENT,False,3,,,,
61a65949d287468bcc41,test,귀금속,T2 동의어,q_귀금속_03,금은방,패션·잡화 중 '귀금속'을 판매·제공하는 매장,bedece87-9405-46f1-a99a-3dd17c138c64,핸드폰성지 프리스모바일 인천부평굴포천,통신기기 휴대폰,효실천거리 골목형상점가,골목형상점가,인천광역시,0.0,0.0,,,RESOLVED_AGREEMENT,False,0,,,,
868106cee279ece5a43f,test,귀금속,T2 동의어,q_귀금속_03,금은방,패션·잡화 중 '귀금속'을 판매·제공하는 매장,0cf82b2a-71a4-4657-b871-9a52288c43c1,반지만들기공방반지놀이터울산점,반지만들기,성남먹자골목,골목형상점가,울산광역시,3.0,3.0,,,RESOLVED_AGREEMENT,False,3,,,,
b4b4292eb9bc023585e1,test,귀금속,T2 동의어,q_귀금속_03,금은방,패션·잡화 중 '귀금속'을 판매·제공하는 매장,18dd5715-f963-495d-b161-d7d28772a2ab,현대보석,"금, 은, 보석시계",전통중앙도매상가,전통시장,대전광역시,3.0,3.0,,,RESOLVED_AGREEMENT,False,3,,,,
80b43152fc04a6551871,test,귀금속,T2 동의어,q_귀금속_03,금은방,패션·잡화 중 '귀금속'을 판매·제공하는 매장,a54a3ab8-d1b5-4844-80b7-ac70fad66dc0,에테르주얼리,반지 및 악세서리,대봉애 골목형상점가,골목형상점가,대구광역시,3.0,3.0,,,RESOLVED_AGREEMENT,False,3,,,,
0ae556825e02b08e4d4b,test,귀금속,T2 동의어,q_귀금속_03,금은방,패션·잡화 중 '귀금속'을 판매·제공하는 매장,0308940f-189d-41bd-9a0c-cae20bfc8b65,실버투유,액세서리,남대문시장,전통시장,서울특별시,1.0,2.0,,,P1_BINARY_THRESHOLD,True,,,,,
071f86a9e62f0d79c0bd,test,귀금속,T2 동의어,q_귀금속_03,금은방,패션·잡화 중 '귀금속'을 판매·제공하는 매장,03425599-9eed-4d3b-8682-d3c2e620325e,초량전통시장 노점매대 54번,액세서리,초량전통시장,전통시장,부산광역시,1.0,2.0,,,P1_BINARY_THRESHOLD,True,,,,,
582cdf64f8f0d60eb880,test,귀금속,T2 동의어,q_귀금속_03,금은방,패션·잡화 중 '귀금속'을 판매·제공하는 매장,a974a887-c02b-4e9c-9635-e4e597a333fa,좋은방,내의판매,신철원시장,전통시장,강원특별자치도,0.0,0.0,,,RESOLVED_AGREEMENT,False,0,,,,
4ec7f287c2ca0383d04b,test,귀금속,T2 동의어,q_귀금속_03,금은방,패션·잡화 중 '귀금속'을 판매·제공하는 매장,03d999c9-d1ad-4f94-8fa6-a7f9bf1c412d,갱'S쥬얼리,"귀금속, 시계",신림별빛거리골목형상점가,골목형상점가,서울특별시,3.0,3.0,,,RESOLVED_AGREEMENT,False,3,,,,
5796e169e94e6cd2c84d,test,귀금속,T2 동의어,q_귀금속_03,금은방,패션·잡화 중 '귀금속'을 판매·제공하는 매장,b5e0fd5f-6c4b-42eb-8c1f-5b81951d2cca,우일사,시계 금은 장신구,현대시장,전통시장,인천광역시,3.0,3.0,,,RESOLVED_AGREEMENT,False,3,,,,
0c3304a458497bf7ba25,test,귀금속,T2 동의어,q_귀금속_03,금은방,패션·잡화 중 '귀금속'을 판매·제공하는 매장,0038905e-d969-4b31-b09f-c35bdc0b9b8b,영보석,귀금속,촬영소사거리골목형상점가,골목형상점가,서울특별시,3.0,3.0,,,RESOLVED_AGREEMENT,False,3,,,,
9c97ed755000a57817d4,test,귀금속,T2 동의어,q_귀금속_03,금은방,패션·잡화 중 '귀금속'을 판매·제공하는 매장,0188cda6-6441-4058-82b0-0cb89e035583,친한친구,액세서리,㈜르네시떼,전통시장,부산광역시,1.0,2.0,,,P1_BINARY_THRESHOLD,True,,,,,
0432f261e1f5a4d551a6,test,귀금속,T2 동의어,q_귀금속_03,금은방,패션·잡화 중 '귀금속'을 판매·제공하는 매장,9725f4ff-7770-48db-a543-e43066795cce,명성당,금은방,남광주시장,전통시장,,3.0,3.0,,,RESOLVED_AGREEMENT,False,3,,,,
e0452324189c9b0ab06f,test,귀금속,T2 동의어,q_귀금속_03,금은방,패션·잡화 중 '귀금속'을 판매·제공하는 매장,00ee1cd3-ec15-467a-86d2-07e596d7d395,금옥당,"귀금속, 시계 소매",골드테마거리,전통시장,부산광역시,3.0,3.0,,,RESOLVED_AGREEMENT,False,3,,,,
b8bb2e8af6bd0d0a9ec8,test,귀금속,T2 동의어,q_귀금속_03,금은방,패션·잡화 중 '귀금속'을 판매·제공하는 매장,2089c76c-c4c4-45e6-a243-22b6e8a432a7,중앙사,금은시계,고산구시장 상점가,자율상권구역,전북특별자치도,3.0,3.0,,,RESOLVED_AGREEMENT,False,3,,,,
8ad657bce2d2cfa49092,test,귀금속,T2 동의어,q_귀금속_03,금은방,패션·잡화 중 '귀금속'을 판매·제공하는 매장,069cebbe-575a-40b5-9b2f-0a082b552037,별보석금나라,,전통중앙도매상가,전통시장,대전광역시,3.0,3.0,,,RESOLVED_AGREEMENT,False,3,,,,
7a94ae102c6f2d1dbe7a,test,귀금속,T2 동의어,q_귀금속_03,금은방,패션·잡화 중 '귀금속'을 판매·제공하는 매장,004eaf2b-83b1-4387-9843-85074f3b3f6f,색동보석,보석,충주자유시장,전통시장,충청북도,3.0,3.0,,,RESOLVED_AGREEMENT,False,3,,,,
b00a401cf5cc01ed60da,test,귀금속,T2 동의어,q_귀금속_03,금은방,패션·잡화 중 '귀금속'을 판매·제공하는 매장,049f8988-fdf6-4dac-acb6-ef8b0af859fa,삼성당,시계,해미읍성전통시장,전통시장,충청남도,3.0,3.0,,,RESOLVED_AGREEMENT,False,3,,,,
d18647ef4453e7562afa,test,귀금속,T2 동의어,q_귀금속_03,금은방,패션·잡화 중 '귀금속'을 판매·제공하는 매장,b1058651-25e6-4b09-a2e9-6d5f86308f57,고은방,도소매(의류),신평화패션타운,전통시장,서울특별시,0.0,0.0,,,RESOLVED_AGREEMENT,False,0,,,,
a05808ae7ce3accc9e49,test,귀금속,T2 동의어,q_귀금속_03,금은방,패션·잡화 중 '귀금속'을 판매·제공하는 매장,3b51455a-1cb0-4be0-a0d0-a7d69a956e3a,행운골드,금은세공,전통중앙도매상가,전통시장,대전광역시,0.0,0.0,,,RESOLVED_AGREEMENT,False,0,,,,
a91bd075a2f4686df010,test,귀금속,T2 동의어,q_귀금속_03,금은방,패션·잡화 중 '귀금속'을 판매·제공하는 매장,70e25fe7-1e3b-4ca0-9655-383670451a36,금시당,금은시계안경,퐁당거리 골목형상점가,골목형상점가,전라남도,3.0,3.0,,,RESOLVED_AGREEMENT,False,3,,,,
6c0e26b3a83a139527a0,test,귀금속,T2 동의어,q_귀금속_03,금은방,패션·잡화 중 '귀금속'을 판매·제공하는 매장,557f8063-2498-4bf1-8ab8-b33089435ec4,종로금거래소,금은귀금속,안양아크로상가골목형상점가,골목형상점가,경기도,3.0,3.0,,,RESOLVED_AGREEMENT,False,3,,,,
ccd565dff97879f8370c,test,귀금속,T2 동의어,q_귀금속_03,금은방,패션·잡화 중 '귀금속'을 판매·제공하는 매장,38734df9-1aea-49b2-9050-25ba327f052d,호박당,금은방(귀금속),전주모래내시장,전통시장,전북특별자치도,3.0,3.0,,,RESOLVED_AGREEMENT,False,3,,,,
8ce1ec503b3ffe8f91ee,test,귀금속,T2 동의어,q_귀금속_03,금은방,패션·잡화 중 '귀금속'을 판매·제공하는 매장,03d7c59b-0f64-4647-9c85-97eb7310d1cc,세이젬,"악세사리, 장신구, 귀금속, 시계, 지금",경주중심상가,전통시장,경상북도,3.0,3.0,,,RESOLVED_AGREEMENT,False,3,,,,
24e327feef58ec31082a,test,귀금속,T2 동의어,q_귀금속_03,금은방,패션·잡화 중 '귀금속'을 판매·제공하는 매장,016d2bb5-8af2-45c2-8456-33067cd315bb,황금당,"금, 시계",홍성명동상가,자율상권구역,충청남도,3.0,3.0,,,RESOLVED_AGREEMENT,False,3,,,,
8d1e5dba7b870780395f,test,귀금속,T2 동의어,q_귀금속_03,금은방,패션·잡화 중 '귀금속'을 판매·제공하는 매장,5f76c41d-31d2-4395-90f7-2e0a47c01605,박씨금은방,귀금속,창원 성원그랜드쇼핑상가,전통시장,경상남도,3.0,3.0,,,RESOLVED_AGREEMENT,False,3,,,,
be429d2b00e81fe17550,test,귀금속,T2 동의어,q_귀금속_03,금은방,패션·잡화 중 '귀금속'을 판매·제공하는 매장,0043881b-db89-4699-8cc4-29ff178f91ee,국제보석,귀금속,대구패션주얼리특구,자율상권구역,대구광역시,3.0,3.0,,,RESOLVED_AGREEMENT,False,3,,,,
24952e71b712667329f5,test,귀금속,T2 동의어,q_귀금속_03,금은방,패션·잡화 중 '귀금속'을 판매·제공하는 매장,e57eb80d-d852-4fc4-8679-8743b040178b,대구한복점,의류,동래시장,전통시장,부산광역시,0.0,0.0,,,RESOLVED_AGREEMENT,False,0,,,,
eff70b4a5a0baa84e956,test,귀금속,T2 동의어,q_귀금속_03,금은방,패션·잡화 중 '귀금속'을 판매·제공하는 매장,00ec77a3-3e9a-4a5b-b837-c4014ef84285,은은하당,귀금속소매업,테크노밸리 골목형상점가,골목형상점가,대전광역시,3.0,3.0,,,RESOLVED_AGREEMENT,False,3,,,,
09a9abe5421bbd379027,test,귀금속,T2 동의어,q_귀금속_03,금은방,패션·잡화 중 '귀금속'을 판매·제공하는 매장,bc8892e5-84bf-4322-afa1-643182a4e1ab,3호상회,잡화,대구교동시장,전통시장,대구광역시,1.0,0.0,,,P2_GRADED_ONLY,True,,,,,
0a3cf9d7b9712271ec13,test,귀금속,T2 동의어,q_귀금속_03,금은방,패션·잡화 중 '귀금속'을 판매·제공하는 매장,1aad65ec-a516-48b5-a24b-cebe00857b5c,파로스,의류,동평화시장(동평화패션타운),전통시장,서울특별시,0.0,0.0,,,RESOLVED_AGREEMENT,False,0,,,,
43b6d51b4cd46523565b,test,귀금속,T2 동의어,q_귀금속_03,금은방,패션·잡화 중 '귀금속'을 판매·제공하는 매장,273e71d0-3dda-4f64-91e2-846fe5ed18b8,칠성당,금은보석시계,화성남양시장,전통시장,경기도,3.0,3.0,,,RESOLVED_AGREEMENT,False,3,,,,
bd9b4cc857aeb91ceafd,test,귀금속,T2 동의어,q_귀금속_03,금은방,패션·잡화 중 '귀금속'을 판매·제공하는 매장,0056f9b4-b953-40f2-b820-71d6e7b46c58,주얼리루비,귀금속,하남 골목형상점가,골목형상점가,광주광역시,3.0,3.0,,,RESOLVED_AGREEMENT,False,3,,,,
d63c67528452921d1727,test,귀금속,T2 동의어,q_귀금속_03,금은방,패션·잡화 중 '귀금속'을 판매·제공하는 매장,0fa79d26-39b6-41ab-bc90-d357ee01afe3,미화금방,금은시계,전주중앙상가시장,전통시장,전북특별자치도,3.0,3.0,,,RESOLVED_AGREEMENT,False,3,,,,
7e2613e69465bccbb2de,test,귀금속,T2 동의어,q_귀금속_03,금은방,패션·잡화 중 '귀금속'을 판매·제공하는 매장,90ca722d-c33f-47cb-8076-38f918299e43,금은장,귀금속,신월7동골목형상점가,골목형상점가,서울특별시,3.0,3.0,,,RESOLVED_AGREEMENT,False,3,,,,
99c69b0a9d8c83c902a4,test,귀금속,T2 동의어,q_귀금속_03,금은방,패션·잡화 중 '귀금속'을 판매·제공하는 매장,49a3fe9c-bbf7-42a9-a741-99166f39ce92,진보당,금은방,진해중앙시장,전통시장,경상남도,3.0,3.0,,,RESOLVED_AGREEMENT,False,3,,,,
48e1692707bddeacc6dd,test,귀금속,T2 동의어,q_귀금속_03,금은방,패션·잡화 중 '귀금속'을 판매·제공하는 매장,166c9193-005d-4dc3-8637-ed2bfd71be6f,부산금은방 남매금빵,,골드테마거리,전통시장,부산광역시,3.0,3.0,,,RESOLVED_AGREEMENT,False,3,,,,
1b54c2d6bf4b5a80c60c,test,귀금속,T2 동의어,q_귀금속_03,금은방,패션·잡화 중 '귀금속'을 판매·제공하는 매장,4af6128c-51b1-4ea8-ae60-2b958126a172,원보석,소매(금은방),우림골목시장,전통시장,서울특별시,3.0,3.0,,,RESOLVED_AGREEMENT,False,3,,,,
58d63de315f428855dfd,test,귀금속,T2 동의어,q_귀금속_03,금은방,패션·잡화 중 '귀금속'을 판매·제공하는 매장,edcc81c8-8997-4975-95c1-197a28e3efeb,팔선,,첨단2동 골목형상점가,골목형상점가,광주광역시,,0.0,Y,,P0_UNCERTAIN_OR_MISSING,True,,,,,
2d6446032c36812b3671,test,귀금속,T2 동의어,q_귀금속_03,금은방,패션·잡화 중 '귀금속'을 판매·제공하는 매장,cf180480-df0a-4e26-b978-d247cd81be6b,커플링마을광주점,은반지 은팔찌,"금남로4,5가 골목형상점가",골목형상점가,광주광역시,3.0,3.0,,,RESOLVED_AGREEMENT,False,3,,,,
240ea4cee2999bee6731,test,귀금속,T2 동의어,q_귀금속_03,금은방,패션·잡화 중 '귀금속'을 판매·제공하는 매장,9a8c7ceb-63bd-4e18-9791-30014f0b3810,명작금은방,귀금속,창원 성원그랜드쇼핑상가,전통시장,경상남도,3.0,3.0,,,RESOLVED_AGREEMENT,False,3,,,,
073c11a36c009b0e96f5,test,귀금속,T2 동의어,q_귀금속_03,금은방,패션·잡화 중 '귀금속'을 판매·제공하는 매장,bb840349-5f48-48a5-8700-46fea0ec2d78,보석사랑,금은방,괴산시장,전통시장,충청북도,3.0,3.0,,,RESOLVED_AGREEMENT,False,3,,,,
ce77a5d025cf2231eb7e,test,귀금속,T2 동의어,q_귀금속_03,금은방,패션·잡화 중 '귀금속'을 판매·제공하는 매장,39abeec8-61c1-4897-9688-df98e8933e55,금은수산,,군산수산물종합센터,전통시장,전북특별자치도,,0.0,Y,,P0_UNCERTAIN_OR_MISSING,True,,,,,
bcb0d774c6589641ad18,test,귀금속,T2 동의어,q_귀금속_03,금은방,패션·잡화 중 '귀금속'을 판매·제공하는 매장,203e224d-9a9c-41c5-ad0f-a2b24d4df66e,앨리스,의류,아트프라자,자율상권구역,서울특별시,0.0,0.0,,,RESOLVED_AGREEMENT,False,0,,,,
6e2eedcd932452ece219,test,귀금속,T2 동의어,q_귀금속_03,금은방,패션·잡화 중 '귀금속'을 판매·제공하는 매장,3ae659f2-92d1-48d2-952e-197bbd368849,금은나라,귀금속,관고전통시장,전통시장,경기도,3.0,3.0,,,RESOLVED_AGREEMENT,False,3,,,,
a353440cd06599b9d95c,test,귀금속,T2 동의어,q_귀금속_03,금은방,패션·잡화 중 '귀금속'을 판매·제공하는 매장,c1ba90d4-227f-4fc8-8ad3-286f126415fb,오복당,금은,신탄진시장,전통시장,대전광역시,0.0,0.0,,,RESOLVED_AGREEMENT,False,0,,,,
86f9fd436c4ce18d1bb4,test,귀금속,T2 동의어,q_귀금속_03,금은방,패션·잡화 중 '귀금속'을 판매·제공하는 매장,61b9773f-879c-443c-a657-2950180e97eb,보석의집,금은귀금속,운천테라스길상인회 골목형상점가,골목형상점가,광주광역시,3.0,3.0,,,RESOLVED_AGREEMENT,False,3,,,,
3f88c8bde4e3c6818515,test,귀금속,T2 동의어,q_귀금속_03,금은방,패션·잡화 중 '귀금속'을 판매·제공하는 매장,a84325be-be8c-465e-93fb-6ae0068b5551,금반지,금은세공,광복마을푸른길 골목형상점가,골목형상점가,광주광역시,2.0,3.0,,,P2_GRADED_ONLY,True,,,,,
e3ff2d745db1104c8e19,test,귀금속,T2 동의어,q_귀금속_03,금은방,패션·잡화 중 '귀금속'을 판매·제공하는 매장,a7644e57-d8d9-42e6-b497-0a72883cac08,황금당,금은보석,영주문화시장,전통시장,경상북도,3.0,3.0,,,RESOLVED_AGREEMENT,False,3,,,,
f07d9c3ee06614180651,test,귀금속,T2 동의어,q_귀금속_03,금은방,패션·잡화 중 '귀금속'을 판매·제공하는 매장,5594e06e-c7f2-490c-afb2-c8eef2b067cd,정명사,금은방,주문진수산시장,전통시장,강원특별자치도,3.0,3.0,,,RESOLVED_AGREEMENT,False,3,,,,
472934cb61ca5d91db95,test,귀금속,T2 동의어,q_귀금속_03,금은방,패션·잡화 중 '귀금속'을 판매·제공하는 매장,e74df0f4-f566-49f0-8f03-da271475f232,정현당,금은시계,전주모래내시장,전통시장,전북특별자치도,3.0,3.0,,,RESOLVED_AGREEMENT,False,3,,,,
6cc8261964a9b06aa682,test,귀금속,T2 동의어,q_귀금속_03,금은방,패션·잡화 중 '귀금속'을 판매·제공하는 매장,01f2baea-5004-4e8d-a9a5-66c50aaf49e6,머쓱케이스,휴대폰 액세서리,동성로상점가,자율상권구역,대구광역시,1.0,2.0,,,P1_BINARY_THRESHOLD,True,,,,,
ba614d8ad29daad4f62a,test,귀금속,T2 동의어,q_귀금속_03,금은방,패션·잡화 중 '귀금속'을 판매·제공하는 매장,db2144ab-0133-4497-bfae-07618e32821d,광덕공예사,금은세공,진주 중앙시장,전통시장,경상남도,0.0,0.0,,,RESOLVED_AGREEMENT,False,0,,,,
1c3d0807fe8697032286,test,귀금속,T2 동의어,q_귀금속_03,금은방,패션·잡화 중 '귀금속'을 판매·제공하는 매장,a0a976ce-bfe9-4704-93fa-35315d9e0770,고은방 이불집,이불,신대방1동온누리길골목형상점가,골목형상점가,서울특별시,0.0,0.0,,,RESOLVED_AGREEMENT,False,0,,,,
95c35852a70750b28196,test,귀금속,T2 동의어,q_귀금속_03,금은방,패션·잡화 중 '귀금속'을 판매·제공하는 매장,57199fb7-d9dd-430f-93ec-126b45f97b89,금은닭계장,한식,연원시장,전통시장,충청북도,0.0,0.0,,,RESOLVED_AGREEMENT,False,0,,,,
a79da22a07f8d38cee4c,test,귀금속,T2 동의어,q_귀금속_03,금은방,패션·잡화 중 '귀금속'을 판매·제공하는 매장,95ab9499-684e-4d5b-827a-bb1bee187544,칠성당,금은시계,전주웨딩거리상점가,자율상권구역,전북특별자치도,3.0,3.0,,,RESOLVED_AGREEMENT,False,3,,,,
82394574bf7e83a912fa,test,귀금속,T2 동의어,q_귀금속_03,금은방,패션·잡화 중 '귀금속'을 판매·제공하는 매장,10de78d1-e53e-4617-8bf1-5c53e8665faa,경일사,"보석, 시계",송탄시장(송북시장),전통시장,경기도,3.0,3.0,,,RESOLVED_AGREEMENT,False,3,,,,
9dd9fb2c37ce9c7dbe55,test,귀금속,T2 동의어,q_귀금속_03,금은방,패션·잡화 중 '귀금속'을 판매·제공하는 매장,905fdfef-83ca-4ed1-be97-3b0170dabcdb,젬하우스,악세사리 반지공방,신사세로수길골목형상점가,골목형상점가,서울특별시,3.0,3.0,,,RESOLVED_AGREEMENT,False,3,,,,
8e2905483739f6f155c7,test,귀금속,T2 동의어,q_귀금속_03,금은방,패션·잡화 중 '귀금속'을 판매·제공하는 매장,085465ef-544c-4898-9421-c8b9babe2186,해와달,소매(준보석),천호로데오거리상점가,자율상권구역,서울특별시,3.0,3.0,,,RESOLVED_AGREEMENT,False,3,,,,
34944e3d4462752440bd,test,귀금속,T2 동의어,q_귀금속_03,금은방,패션·잡화 중 '귀금속'을 판매·제공하는 매장,237b8724-d54e-4896-b7b2-eb4adcbf69fe,금은당,귀금속,오창전통시장,전통시장,충청북도,3.0,3.0,,,RESOLVED_AGREEMENT,False,3,,,,
e296258f63f57d97d08f,test,귀금속,T2 동의어,q_귀금속_03,금은방,패션·잡화 중 '귀금속'을 판매·제공하는 매장,06f92a02-db8d-46be-8ee1-213693507a55,오드워치,시계,남대문시장,전통시장,서울특별시,3.0,3.0,,,RESOLVED_AGREEMENT,False,3,,,,
9a4361d8da8c94ebbff2,test,귀금속,T2 동의어,q_귀금속_03,금은방,패션·잡화 중 '귀금속'을 판매·제공하는 매장,cf93d301-e03e-4693-8afb-9b2426c4b9d2,백금당,금은방,동쪽바다중앙시장(구 동해중앙시장),전통시장,강원특별자치도,3.0,3.0,,,RESOLVED_AGREEMENT,False,3,,,,
83472f34b73554db53f6,test,귀금속,T2 동의어,q_귀금속_03,금은방,패션·잡화 중 '귀금속'을 판매·제공하는 매장,2def96be-e339-4079-824e-4349a9f9732c,금은동축산,정육,부평깡시장,전통시장,인천광역시,0.0,0.0,,,RESOLVED_AGREEMENT,False,0,,,,
08bc76a59eed7a23efaa,test,귀금속,T2 동의어,q_귀금속_03,금은방,패션·잡화 중 '귀금속'을 판매·제공하는 매장,3cd0ffea-effa-4851-b4f4-0f30d3ff024e,일번지보석,금은보석,중마시장,전통시장,전라남도,3.0,3.0,,,RESOLVED_AGREEMENT,False,3,,,,
1bd29d6398b05b679316,test,귀금속,T2 동의어,q_귀금속_03,금은방,패션·잡화 중 '귀금속'을 판매·제공하는 매장,61df6061-c0a9-445e-989f-5154e437fe5c,제주고씨네김치찌개,김치찌개오겹살,별양동상점가,자율상권구역,경기도,0.0,0.0,,,RESOLVED_AGREEMENT,False,0,,,,
6c31b88a53d0e023b39e,test,귀금속,T2 동의어,q_귀금속_03,금은방,패션·잡화 중 '귀금속'을 판매·제공하는 매장,862680ab-103e-4357-a1f0-d727d4f38db2,풍암보석,금은시계,풍암1로상인회 골목형상점가,골목형상점가,광주광역시,3.0,3.0,,,RESOLVED_AGREEMENT,False,3,,,,
eefdac153ef572962f6d,test,귀금속,T2 동의어,q_귀금속_03,금은방,패션·잡화 중 '귀금속'을 판매·제공하는 매장,53de7214-cdf0-4e52-8884-96a2b324ae69,블링걸,장식귀걸이목걸이반지머리핀,신안프라자전통시장,전통시장,경기도,3.0,3.0,,,RESOLVED_AGREEMENT,False,3,,,,
6ee1d65d7ffba72d4ea9,test,귀금속,T2 동의어,q_귀금속_03,금은방,패션·잡화 중 '귀금속'을 판매·제공하는 매장,50f18a26-e088-4e62-9ee4-40a2662673bc,황금사,금은세공품,모래내골목형상점가,골목형상점가,전북특별자치도,0.0,0.0,,,RESOLVED_AGREEMENT,False,0,,,,
40ee7e73c222c26aa5fc,test,귀금속,T2 동의어,q_귀금속_03,금은방,패션·잡화 중 '귀금속'을 판매·제공하는 매장,984688cd-cd46-4095-8d30-47ee49c3efec,형제금방,금은방,보령한내시장,전통시장,충청남도,3.0,3.0,,,RESOLVED_AGREEMENT,False,3,,,,
b6ea2c0a6341094f6a17,test,귀금속,T2 동의어,q_귀금속_03,금은방,패션·잡화 중 '귀금속'을 판매·제공하는 매장,810e625c-8ee0-448b-8708-752930abfb98,싱싱야채과일,"야채, 과일",건리단길 골목형상점가,골목형상점가,서울특별시,0.0,0.0,,,RESOLVED_AGREEMENT,False,0,,,,
cb11a73742202af42246,test,귀금속,T2 동의어,q_귀금속_03,금은방,패션·잡화 중 '귀금속'을 판매·제공하는 매장,7509f57b-97c6-4fff-b18a-77444adacfe7,보광당,금은보석,창동신창시장,전통시장,서울특별시,3.0,3.0,,,RESOLVED_AGREEMENT,False,3,,,,
5f778fc89e286a14307f,test,귀금속,T2 동의어,q_귀금속_03,금은방,패션·잡화 중 '귀금속'을 판매·제공하는 매장,059dc9f6-0880-4cf2-a377-863a1a65aca6,시금당,금은시계,전주중앙상가시장,전통시장,전북특별자치도,3.0,3.0,,,RESOLVED_AGREEMENT,False,3,,,,
9982895d22157fe6d680,test,귀금속,T2 동의어,q_귀금속_04,반지,패션·잡화 중 '귀금속'을 판매·제공하는 매장,049f8988-fdf6-4dac-acb6-ef8b0af859fa,삼성당,시계,해미읍성전통시장,전통시장,충청남도,2.0,3.0,,,P2_GRADED_ONLY,True,,,,,
ec882d6b16d8d013714f,test,귀금속,T2 동의어,q_귀금속_04,반지,패션·잡화 중 '귀금속'을 판매·제공하는 매장,025b097b-3ecb-4738-ab0f-d71bc283e74d,반지점방,공예품 장신구,양림공예거리 골목형상점가,골목형상점가,광주광역시,2.0,3.0,,,P2_GRADED_ONLY,True,,,,,
4f795be063a265d0468e,test,귀금속,T2 동의어,q_귀금속_04,반지,패션·잡화 중 '귀금속'을 판매·제공하는 매장,0cf82b2a-71a4-4657-b871-9a52288c43c1,반지만들기공방반지놀이터울산점,반지만들기,성남먹자골목,골목형상점가,울산광역시,3.0,3.0,,,RESOLVED_AGREEMENT,False,3,,,,
457e59bc1f13b8df5c45,test,귀금속,T2 동의어,q_귀금속_04,반지,패션·잡화 중 '귀금속'을 판매·제공하는 매장,3e83d8ee-19b6-4f78-bef8-4ccd8a6acda2,동광당,금은방,전주중앙상가시장,전통시장,전북특별자치도,2.0,3.0,,,P2_GRADED_ONLY,True,,,,,
39226f8b549c305b2d81,test,귀금속,T2 동의어,q_귀금속_04,반지,패션·잡화 중 '귀금속'을 판매·제공하는 매장,d03c4e5c-adda-4c40-b62e-3588b7d90a12,반지하 불당점,돼지고기,시청앞사거리 골목형상점가,골목형상점가,충청남도,2.0,3.0,,,P2_GRADED_ONLY,True,,,,,
b985818bc27ca16f81a1,test,귀금속,T2 동의어,q_귀금속_04,반지,패션·잡화 중 '귀금속'을 판매·제공하는 매장,02c5ba61-b67f-443e-8887-b4a6097fe0b4,꽃반지,잡화(악세사리),해미읍성전통시장,전통시장,충청남도,2.0,3.0,,,P2_GRADED_ONLY,True,,,,,
c518b69a11b1475c656f,test,귀금속,T2 동의어,q_귀금속_04,반지,패션·잡화 중 '귀금속'을 판매·제공하는 매장,b22b2ed5-65b8-434c-8638-857392dea45d,반계순,한식,동래시장,전통시장,부산광역시,0.0,0.0,,,RESOLVED_AGREEMENT,False,0,,,,
617c40104634cd000978,test,귀금속,T2 동의어,q_귀금속_04,반지,패션·잡화 중 '귀금속'을 판매·제공하는 매장,4377c62f-2ba9-431c-9301-1aec38929ced,반지더하기 신림점,귀금속,서원동상점가,자율상권구역,서울특별시,2.0,3.0,,,P2_GRADED_ONLY,True,,,,,
bc4ab2831881280c1c3b,test,귀금속,T2 동의어,q_귀금속_04,반지,패션·잡화 중 '귀금속'을 판매·제공하는 매장,671a1ea8-60f4-49b6-89a9-2465c4d0e6e4,모아이커피로스터스,커피 브런치,마산 수남상가,자율상권구역,경상남도,0.0,0.0,,,RESOLVED_AGREEMENT,False,0,,,,
98750e9362b7da48ff6d,test,귀금속,T2 동의어,q_귀금속_04,반지,패션·잡화 중 '귀금속'을 판매·제공하는 매장,016d2bb5-8af2-45c2-8456-33067cd315bb,황금당,"금, 시계",홍성명동상가,자율상권구역,충청남도,2.0,3.0,,,P2_GRADED_ONLY,True,,,,,
0529f9d3c3cfc087b7f1,test,귀금속,T2 동의어,q_귀금속_04,반지,패션·잡화 중 '귀금속'을 판매·제공하는 매장,03d7c59b-0f64-4647-9c85-97eb7310d1cc,세이젬,"악세사리, 장신구, 귀금속, 시계, 지금",경주중심상가,전통시장,경상북도,2.0,3.0,,,P2_GRADED_ONLY,True,,,,,
97f7b6a36217352f37dc,test,귀금속,T2 동의어,q_귀금속_04,반지,패션·잡화 중 '귀금속'을 판매·제공하는 매장,71f061b7-f9ae-44f9-b725-f62c36f81873,반찬집,반찬,신월7동골목형상점가,골목형상점가,서울특별시,0.0,0.0,,,RESOLVED_AGREEMENT,False,0,,,,
1fb2a6d9931c0a0e286e,test,귀금속,T2 동의어,q_귀금속_04,반지,패션·잡화 중 '귀금속'을 판매·제공하는 매장,8f4625ab-593d-4854-8c21-c6a1662c0147,반지만들기카페 건대점,여가서비스,건대로데오거리골목형상점가,골목형상점가,서울특별시,2.0,3.0,,,P2_GRADED_ONLY,True,,,,,
fad26bcc1549bd756ef0,test,귀금속,T2 동의어,q_귀금속_04,반지,패션·잡화 중 '귀금속'을 판매·제공하는 매장,38be9d5c-882c-404c-b2ce-cda16d015a86,반찬카페,,관저상가 골목형상점가,골목형상점가,대전광역시,0.0,0.0,,,RESOLVED_AGREEMENT,False,0,,,,
3c3891e6882de10129f1,test,귀금속,T2 동의어,q_귀금속_04,반지,패션·잡화 중 '귀금속'을 판매·제공하는 매장,155e3dce-3d2f-4a58-b7a0-a8e7e9c6f1ee,오늘뭐먹지,반찬,중랑동부시장,전통시장,서울특별시,0.0,0.0,,,RESOLVED_AGREEMENT,False,0,,,,
b4b9315f40ac57846f67,test,귀금속,T2 동의어,q_귀금속_04,반지,패션·잡화 중 '귀금속'을 판매·제공하는 매장,3ce3314b-4f14-4b3b-a787-47652ae62ad3,반상,반찬,공덕시장,전통시장,서울특별시,0.0,0.0,,,RESOLVED_AGREEMENT,False,0,,,,
b0a69ac04a7e3e9ecc13,test,귀금속,T2 동의어,q_귀금속_04,반지,패션·잡화 중 '귀금속'을 판매·제공하는 매장,a7ec59a5-9ab1-4236-9c8e-e03ad8d7f92c,반지공작소,액세서리,원주중앙로문화의거리,자율상권구역,강원특별자치도,2.0,3.0,,,P2_GRADED_ONLY,True,,,,,
9e4fe30fe9d5d21e2cdb,test,귀금속,T2 동의어,q_귀금속_04,반지,패션·잡화 중 '귀금속'을 판매·제공하는 매장,d8e246e3-e270-405b-b922-95935a2cee74,다대지반찬대지 2호점,반찬,중앙상가시장,전통시장,대전광역시,0.0,0.0,,,RESOLVED_AGREEMENT,False,0,,,,
2cdafdbdd63b1b9948c8,test,귀금속,T2 동의어,q_귀금속_04,반지,패션·잡화 중 '귀금속'을 판매·제공하는 매장,a84325be-be8c-465e-93fb-6ae0068b5551,금반지,금은세공,광복마을푸른길 골목형상점가,골목형상점가,광주광역시,2.0,3.0,,,P2_GRADED_ONLY,True,,,,,
7b75e2f45f273f161dd3,test,귀금속,T2 동의어,q_귀금속_04,반지,패션·잡화 중 '귀금속'을 판매·제공하는 매장,d12cc09a-601a-496b-ad8b-1116489e90a3,반찬에 반하다,반찬,팡팡 골목형상점가,골목형상점가,광주광역시,0.0,0.0,,,RESOLVED_AGREEMENT,False,0,,,,
ac875eed787d67adf45f,test,귀금속,T2 동의어,q_귀금속_04,반지,패션·잡화 중 '귀금속'을 판매·제공하는 매장,a4612722-0028-4b08-bd0a-1b2c3e0ed4a1,반지하 나성점,돼지고기,나성동 골목형상점가,골목형상점가,세종특별자치시,2.0,3.0,,,P2_GRADED_ONLY,True,,,,,
df72069ef9faee910959,test,귀금속,T2 동의어,q_귀금속_04,반지,패션·잡화 중 '귀금속'을 판매·제공하는 매장,53de7214-cdf0-4e52-8884-96a2b324ae69,블링걸,장식귀걸이목걸이반지머리핀,신안프라자전통시장,전통시장,경기도,3.0,3.0,,,RESOLVED_AGREEMENT,False,3,,,,
46378ef7317852e765c5,test,귀금속,T2 동의어,q_귀금속_04,반지,패션·잡화 중 '귀금속'을 판매·제공하는 매장,0056f9b4-b953-40f2-b820-71d6e7b46c58,주얼리루비,귀금속,하남 골목형상점가,골목형상점가,광주광역시,2.0,3.0,,,P2_GRADED_ONLY,True,,,,,
90aa00756ea9285cb709,test,귀금속,T2 동의어,q_귀금속_04,반지,패션·잡화 중 '귀금속'을 판매·제공하는 매장,f4eab51c-47fe-49c9-88a2-2e559de9a2b7,아이엔지,꿀 반찬,학마을골목형상점가,골목형상점가,서울특별시,0.0,0.0,,,RESOLVED_AGREEMENT,False,0,,,,
0c56e00a00a81d479212,test,귀금속,T2 동의어,q_귀금속_04,반지,패션·잡화 중 '귀금속'을 판매·제공하는 매장,49a3fe9c-bbf7-42a9-a741-99166f39ce92,진보당,금은방,진해중앙시장,전통시장,경상남도,2.0,3.0,,,P2_GRADED_ONLY,True,,,,,
ae5079ef010a94809a21,test,귀금속,T2 동의어,q_귀금속_04,반지,패션·잡화 중 '귀금속'을 판매·제공하는 매장,004eaf2b-83b1-4387-9843-85074f3b3f6f,색동보석,보석,충주자유시장,전통시장,충청북도,2.0,3.0,,,P2_GRADED_ONLY,True,,,,,
a19e332fbb391ddcca95,test,귀금속,T2 동의어,q_귀금속_04,반지,패션·잡화 중 '귀금속'을 판매·제공하는 매장,8d078916-3053-4d0d-b5c3-e573d4e8990b,김해금방 금반지야,악세사리,김해 외동전통시장,전통시장,경상남도,2.0,3.0,,,P2_GRADED_ONLY,True,,,,,
0db1048f3afe04e61346,test,귀금속,T2 동의어,q_귀금속_04,반지,패션·잡화 중 '귀금속'을 판매·제공하는 매장,db263250-3318-4ca7-b22e-98ddf160bc69,보미당,반지,청주시 소나무길 일원 자율상권구역,상권활성화구역,충청북도,3.0,3.0,,,RESOLVED_AGREEMENT,False,3,,,,
ee68fe7a503b89f0bb87,test,귀금속,T2 동의어,q_귀금속_04,반지,패션·잡화 중 '귀금속'을 판매·제공하는 매장,06f92a02-db8d-46be-8ee1-213693507a55,오드워치,시계,남대문시장,전통시장,서울특별시,2.0,3.0,,,P2_GRADED_ONLY,True,,,,,
51f598a0672798548a40,test,귀금속,T2 동의어,q_귀금속_04,반지,패션·잡화 중 '귀금속'을 판매·제공하는 매장,4304ee55-bc0b-4f66-933a-fd3e086a5c11,꽃반지,귀금속,㈜르네시떼,전통시장,부산광역시,2.0,3.0,,,P2_GRADED_ONLY,True,,,,,
6c75408c4f8cca33ec2f,test,귀금속,T2 동의어,q_귀금속_04,반지,패션·잡화 중 '귀금속'을 판매·제공하는 매장,5013294b-59ed-44d1-8a93-907ab974a8cd,"강아지, 반하다",애견미용,포항 대이상가 골목형상점가,골목형상점가,경상북도,0.0,0.0,,,RESOLVED_AGREEMENT,False,0,,,,
b1d93fa9d42d95d8e074,test,귀금속,T2 동의어,q_귀금속_04,반지,패션·잡화 중 '귀금속'을 판매·제공하는 매장,38734df9-1aea-49b2-9050-25ba327f052d,호박당,금은방(귀금속),전주모래내시장,전통시장,전북특별자치도,2.0,3.0,,,P2_GRADED_ONLY,True,,,,,
269d2af209c93fe0e14a,test,귀금속,T2 동의어,q_귀금속_04,반지,패션·잡화 중 '귀금속'을 판매·제공하는 매장,bbfd4469-1932-4de3-9f40-199e36478fa0,반찬일번지,반찬,경안전통시장,전통시장,경기도,0.0,0.0,,,RESOLVED_AGREEMENT,False,0,,,,
79b434ff1a0b99da6056,test,귀금속,T2 동의어,q_귀금속_04,반지,패션·잡화 중 '귀금속'을 판매·제공하는 매장,ee02b355-dd7b-4d93-855c-244bf8fd6e7d,삼초전강릉중앙시장점,떡갈비,강릉성남시장,전통시장,강원특별자치도,0.0,0.0,,,RESOLVED_AGREEMENT,False,0,,,,
aed57def266c8101e945,test,귀금속,T2 동의어,q_귀금속_04,반지,패션·잡화 중 '귀금속'을 판매·제공하는 매장,98858e1c-b81c-4939-8cce-e57dedc7c06d,미올지,,한들물빛도시 골목형 상점가,골목형상점가,충청남도,,0.0,Y,,P0_UNCERTAIN_OR_MISSING,True,,,,,
f82929c44fb5daf787b6,test,귀금속,T2 동의어,q_귀금속_04,반지,패션·잡화 중 '귀금속'을 판매·제공하는 매장,10de78d1-e53e-4617-8bf1-5c53e8665faa,경일사,"보석, 시계",송탄시장(송북시장),전통시장,경기도,2.0,3.0,,,P2_GRADED_ONLY,True,,,,,
769b996746c58c053d40,test,귀금속,T2 동의어,q_귀금속_04,반지,패션·잡화 중 '귀금속'을 판매·제공하는 매장,e40315b7-ff13-4378-96d3-764034562fb9,꽃반지,잡화,해미읍성전통시장,전통시장,충청남도,2.0,3.0,,,P2_GRADED_ONLY,True,,,,,
442a9e2d14dcce92bc81,test,귀금속,T2 동의어,q_귀금속_04,반지,패션·잡화 중 '귀금속'을 판매·제공하는 매장,0043881b-db89-4699-8cc4-29ff178f91ee,국제보석,귀금속,대구패션주얼리특구,자율상권구역,대구광역시,2.0,3.0,,,P2_GRADED_ONLY,True,,,,,
88f9c355422e568be27d,test,귀금속,T2 동의어,q_귀금속_04,반지,패션·잡화 중 '귀금속'을 판매·제공하는 매장,df7235ed-5926-4d1f-a8b2-d2e969fd0232,버몬지,음식,수완나들목 골목형상점가,골목형상점가,광주광역시,0.0,0.0,,,RESOLVED_AGREEMENT,False,0,,,,
178a63cc5293e5698aa6,test,귀금속,T2 동의어,q_귀금속_04,반지,패션·잡화 중 '귀금속'을 판매·제공하는 매장,0038905e-d969-4b31-b09f-c35bdc0b9b8b,영보석,귀금속,촬영소사거리골목형상점가,골목형상점가,서울특별시,2.0,3.0,,,P2_GRADED_ONLY,True,,,,,
672deded03b8ea0a0c57,test,귀금속,T2 동의어,q_귀금속_04,반지,패션·잡화 중 '귀금속'을 판매·제공하는 매장,d6bdb049-2eeb-49d3-b6a4-fd08a60249ba,문돼지,,양주옥정호수공원3차상점가,골목형상점가,경기도,,0.0,Y,,P0_UNCERTAIN_OR_MISSING,True,,,,,
2628a53bf50bd4858ad3,test,귀금속,T2 동의어,q_귀금속_04,반지,패션·잡화 중 '귀금속'을 판매·제공하는 매장,b8d809d8-1ee5-4bc9-b6c2-ae3be8be6645,꽃반지플라워,생화식물,의정부역지하상가,일반지하상점가,경기도,2.0,3.0,,,P2_GRADED_ONLY,True,,,,,
f8951d2ea329b936010b,test,귀금속,T2 동의어,q_귀금속_04,반지,패션·잡화 중 '귀금속'을 판매·제공하는 매장,7f847992-1881-4f5f-b7be-5a4b0202b23b,반찬통,반찬,안마을 골목형상점가,골목형상점가,서울특별시,0.0,0.0,,,RESOLVED_AGREEMENT,False,0,,,,
018c4281c7a9c6db50ac,test,귀금속,T2 동의어,q_귀금속_04,반지,패션·잡화 중 '귀금속'을 판매·제공하는 매장,8c482f4a-f98c-4c17-9d2d-916e2199fb72,오늘뭐먹지?,반찬,오월첫동네 골목형상점가,골목형상점가,광주광역시,0.0,0.0,,,RESOLVED_AGREEMENT,False,0,,,,
7cc4aa278b89b88d9b9d,test,귀금속,T2 동의어,q_귀금속_04,반지,패션·잡화 중 '귀금속'을 판매·제공하는 매장,03d999c9-d1ad-4f94-8fa6-a7f9bf1c412d,갱'S쥬얼리,"귀금속, 시계",신림별빛거리골목형상점가,골목형상점가,서울특별시,2.0,3.0,,,P2_GRADED_ONLY,True,,,,,
1bd8eda1feabb52faa01,test,귀금속,T2 동의어,q_귀금속_04,반지,패션·잡화 중 '귀금속'을 판매·제공하는 매장,01f2baea-5004-4e8d-a9a5-66c50aaf49e6,머쓱케이스,휴대폰 액세서리,동성로상점가,자율상권구역,대구광역시,1.0,2.0,,,P1_BINARY_THRESHOLD,True,,,,,
fdf39c575aa5384660aa,test,귀금속,T2 동의어,q_귀금속_04,반지,패션·잡화 중 '귀금속'을 판매·제공하는 매장,09e3a824-23c2-4ac1-9710-9e5e2fc11a73,반지하가오점,한식,가오동 골목형상점가,골목형상점가,대전광역시,2.0,3.0,,,P2_GRADED_ONLY,True,,,,,
f4a6e2ef0e0881a6ece5,test,귀금속,T2 동의어,q_귀금속_04,반지,패션·잡화 중 '귀금속'을 판매·제공하는 매장,5a65dba9-31ef-4489-9ec7-d232d601b273,임실치즈,치즈,신포시장,전통시장,인천광역시,0.0,0.0,,,RESOLVED_AGREEMENT,False,0,,,,
e5e28b3ac4f9012fa91a,test,귀금속,T2 동의어,q_귀금속_04,반지,패션·잡화 중 '귀금속'을 판매·제공하는 매장,4af6128c-51b1-4ea8-ae60-2b958126a172,원보석,소매(금은방),우림골목시장,전통시장,서울특별시,2.0,3.0,,,P2_GRADED_ONLY,True,,,,,
ca7b1c4d0622bc432ed4,test,귀금속,T2 동의어,q_귀금속_04,반지,패션·잡화 중 '귀금속'을 판매·제공하는 매장,febb2a94-f5ee-408f-8c00-bea5a86f0b7b,유한회사케이에프실업,육가공식품,오정동상점가,자율상권구역,대전광역시,0.0,0.0,,,RESOLVED_AGREEMENT,False,0,,,,
027a6a3a69c775e3a49b,test,귀금속,T2 동의어,q_귀금속_04,반지,패션·잡화 중 '귀금속'을 판매·제공하는 매장,166c9193-005d-4dc3-8637-ed2bfd71be6f,부산금은방 남매금빵,,골드테마거리,전통시장,부산광역시,2.0,3.0,,,P2_GRADED_ONLY,True,,,,,
48495d9e9e75ec313712,test,귀금속,T2 동의어,q_귀금속_04,반지,패션·잡화 중 '귀금속'을 판매·제공하는 매장,cb08f609-f64b-4fda-ba0e-39cc5df35cf9,반찬투정,반찬과일,토지금고시장,전통시장,인천광역시,0.0,0.0,,,RESOLVED_AGREEMENT,False,0,,,,
93692f22f7d6cac3bef3,test,귀금속,T2 동의어,q_귀금속_04,반지,패션·잡화 중 '귀금속'을 판매·제공하는 매장,0862f2e1-d161-4725-bc99-c2617acfb78b,애지,의류,원주자유시장,전통시장,강원특별자치도,0.0,0.0,,,RESOLVED_AGREEMENT,False,0,,,,
94f1f788121ea7bc7e87,test,귀금속,T2 동의어,q_귀금속_04,반지,패션·잡화 중 '귀금속'을 판매·제공하는 매장,0308940f-189d-41bd-9a0c-cae20bfc8b65,실버투유,액세서리,남대문시장,전통시장,서울특별시,1.0,2.0,,,P1_BINARY_THRESHOLD,True,,,,,
b31129fe807508a9e7df,test,귀금속,T2 동의어,q_귀금속_04,반지,패션·잡화 중 '귀금속'을 판매·제공하는 매장,03425599-9eed-4d3b-8682-d3c2e620325e,초량전통시장 노점매대 54번,액세서리,초량전통시장,전통시장,부산광역시,1.0,2.0,,,P1_BINARY_THRESHOLD,True,,,,,
90b490581c4815790323,test,귀금속,T2 동의어,q_귀금속_04,반지,패션·잡화 중 '귀금속'을 판매·제공하는 매장,00ee1cd3-ec15-467a-86d2-07e596d7d395,금옥당,"귀금속, 시계 소매",골드테마거리,전통시장,부산광역시,2.0,3.0,,,P2_GRADED_ONLY,True,,,,,
531195d4c1533d1535f5,test,귀금속,T2 동의어,q_귀금속_04,반지,패션·잡화 중 '귀금속'을 판매·제공하는 매장,6d2c8ff0-ad00-4861-a570-f33633b9cd96,반한찬,반찬,효자시장,전통시장,경상북도,0.0,0.0,,,RESOLVED_AGREEMENT,False,0,,,,
a3fcba49038f256ce4f7,test,귀금속,T2 동의어,q_귀금속_04,반지,패션·잡화 중 '귀금속'을 판매·제공하는 매장,74d84965-c901-4e3a-818c-0725bcb45313,반지하 천안두정점,육류,두정동상점가,자율상권구역,충청남도,2.0,3.0,,,P2_GRADED_ONLY,True,,,,,
038059efe423db004ef9,test,귀금속,T2 동의어,q_귀금속_04,반지,패션·잡화 중 '귀금속'을 판매·제공하는 매장,fc1d3535-a0d5-487f-8e55-1280673d7615,금부치아,주얼리 반지 목걸이 팔찌 귀걸이 등 귀금속 및 보석,백년소상공인,기타,서울특별시,3.0,3.0,,,RESOLVED_AGREEMENT,False,3,,,,
ce0c28f899de239cdd94,test,귀금속,T2 동의어,q_귀금속_04,반지,패션·잡화 중 '귀금속'을 판매·제공하는 매장,8b9cbc3d-12dd-4b13-ac28-ff2cd897cb1e,월드크리닝창원반지대동점,세탁,창원 대동그린코아상가,전통시장,경상남도,2.0,3.0,,,P2_GRADED_ONLY,True,,,,,
e3397570fce77e507748,test,귀금속,T2 동의어,q_귀금속_04,반지,패션·잡화 중 '귀금속'을 판매·제공하는 매장,03d2f183-77cc-44c8-b4e4-f34ed3bcfa83,다나,"소매업(귀금속,액세서리,모조장신구)",코끼리시장,전통시장,경기도,2.0,3.0,,,P2_GRADED_ONLY,True,,,,,
d4ae5e43c7f19ba88e2b,test,귀금속,T2 동의어,q_귀금속_04,반지,패션·잡화 중 '귀금속'을 판매·제공하는 매장,0188cda6-6441-4058-82b0-0cb89e035583,친한친구,액세서리,㈜르네시떼,전통시장,부산광역시,1.0,2.0,,,P1_BINARY_THRESHOLD,True,,,,,
da7cbe8cd233272fe2aa,test,귀금속,T2 동의어,q_귀금속_04,반지,패션·잡화 중 '귀금속'을 판매·제공하는 매장,63a56588-5bfa-4172-bc75-54f5bcccebce,반찬온,,옥계 600,골목형상점가,경상북도,0.0,0.0,,,RESOLVED_AGREEMENT,False,0,,,,
9dc32538852288eb618b,test,귀금속,T2 동의어,q_귀금속_04,반지,패션·잡화 중 '귀금속'을 판매·제공하는 매장,3179f691-2e35-47ee-87c3-9bed90fe10fb,스마일링 반지공방,원데이클래스,부천 옥길 골목형상점가,골목형상점가,경기도,2.0,3.0,,,P2_GRADED_ONLY,True,,,,,
f4ec483ca1ea5c9467dc,test,귀금속,T2 동의어,q_귀금속_04,반지,패션·잡화 중 '귀금속'을 판매·제공하는 매장,5a546f19-77f8-489d-a3f2-fbb130f97f02,깐지,한식,부천일로 골목형상점가,골목형상점가,경기도,0.0,0.0,,,RESOLVED_AGREEMENT,False,0,,,,
82117b21d158af7da537,test,귀금속,T2 동의어,q_귀금속_04,반지,패션·잡화 중 '귀금속'을 판매·제공하는 매장,085465ef-544c-4898-9421-c8b9babe2186,해와달,소매(준보석),천호로데오거리상점가,자율상권구역,서울특별시,2.0,3.0,,,P2_GRADED_ONLY,True,,,,,
61120e2012bb8c04bd8d,test,귀금속,T2 동의어,q_귀금속_04,반지,패션·잡화 중 '귀금속'을 판매·제공하는 매장,e1e1778d-a2f1-4a9c-861c-7cc508e6cbe5,반지하도안점,한식,목대온기 골목형상점가,골목형상점가,대전광역시,2.0,3.0,,,P2_GRADED_ONLY,True,,,,,
7c4b52f265aa4c7506e9,test,귀금속,T2 동의어,q_귀금속_04,반지,패션·잡화 중 '귀금속'을 판매·제공하는 매장,00ec77a3-3e9a-4a5b-b837-c4014ef84285,은은하당,귀금속소매업,테크노밸리 골목형상점가,골목형상점가,대전광역시,2.0,3.0,,,P2_GRADED_ONLY,True,,,,,
cd646df71ea884b90856,test,귀금속,T2 동의어,q_귀금속_04,반지,패션·잡화 중 '귀금속'을 판매·제공하는 매장,18dd5715-f963-495d-b161-d7d28772a2ab,현대보석,"금, 은, 보석시계",전통중앙도매상가,전통시장,대전광역시,2.0,3.0,,,P2_GRADED_ONLY,True,,,,,
d4db8e8e92ad2495abb5,test,귀금속,T2 동의어,q_귀금속_04,반지,패션·잡화 중 '귀금속'을 판매·제공하는 매장,60158e4f-ce01-4e76-9211-5a0debe50823,새안동코스모스,외의,안동구시장,전통시장,경상북도,0.0,0.0,,,RESOLVED_AGREEMENT,False,0,,,,
9e7cd59bc5cf104d1890,test,귀금속,T2 동의어,q_귀금속_04,반지,패션·잡화 중 '귀금속'을 판매·제공하는 매장,fb1abfce-7993-4105-9194-ff00c184df05,도쿄앤펄,반지,아시아음식문화거리 골목형상점가,골목형상점가,광주광역시,3.0,3.0,,,RESOLVED_AGREEMENT,False,3,,,,
2038f2ad3ac84361a687,test,귀금속,T2 동의어,q_귀금속_04,반지,패션·잡화 중 '귀금속'을 판매·제공하는 매장,67c58890-0d51-480c-9a83-73f86ca23728,가까운약국,의약품,비단길현대시장,전통시장,서울특별시,0.0,0.0,,,RESOLVED_AGREEMENT,False,0,,,,
deb338d52ba3751d63b6,test,귀금속,T2 동의어,q_귀금속_04,반지,패션·잡화 중 '귀금속'을 판매·제공하는 매장,fb82b304-a037-48ea-b98d-87589c51373d,주식회사 반디엘피지 신가점,차량용 엘피지,목련 골목형상점가,골목형상점가,광주광역시,0.0,0.0,,,RESOLVED_AGREEMENT,False,0,,,,
d2086b743e0a454aa64b,test,귀금속,T2 동의어,q_귀금속_04,반지,패션·잡화 중 '귀금속'을 판매·제공하는 매장,cf180480-df0a-4e26-b978-d247cd81be6b,커플링마을광주점,은반지 은팔찌,"금남로4,5가 골목형상점가",골목형상점가,광주광역시,3.0,3.0,,,RESOLVED_AGREEMENT,False,3,,,,
2b44e7dea6a42d218d01,test,귀금속,T2 동의어,q_귀금속_04,반지,패션·잡화 중 '귀금속'을 판매·제공하는 매장,3001684f-07d6-408c-b893-0f8d11140118,코딱지,의류,원주자유시장,전통시장,강원특별자치도,0.0,0.0,,,RESOLVED_AGREEMENT,False,0,,,,
671089aa4fc532c53f86,test,귀금속,T2 동의어,q_귀금속_04,반지,패션·잡화 중 '귀금속'을 판매·제공하는 매장,e287e27f-9101-41ec-b452-55f52ff8fa39,명보쥬얼리,보석류반지목걸이,화성남양시장,전통시장,경기도,3.0,3.0,,,RESOLVED_AGREEMENT,False,3,,,,
03aefe3f3fdfb98c3512,test,귀금속,T2 동의어,q_귀금속_04,반지,패션·잡화 중 '귀금속'을 판매·제공하는 매장,832273fe-7766-4b81-a306-8e81bc2a6818,꽃강아지,반려동물미용,도군머리 골목형상점가,골목형상점가,광주광역시,0.0,0.0,,,RESOLVED_AGREEMENT,False,0,,,,
b587105e0a4017a43913,test,귀금속,T2 동의어,q_귀금속_04,반지,패션·잡화 중 '귀금속'을 판매·제공하는 매장,196709e2-8179-4314-8e6d-868eed73754a,해석벽지,,방산시장 상점가,자율상권구역,서울특별시,0.0,0.0,,,RESOLVED_AGREEMENT,False,0,,,,
1e06cefcbef445103a1c,test,귀금속,T2 동의어,q_귀금속_04,반지,패션·잡화 중 '귀금속'을 판매·제공하는 매장,1d5631fa-ec06-4f91-be13-602ed27d1b7b,반지제작소,공예,BOCA 보카상점가,골목형상점가,경기도,2.0,3.0,,,P2_GRADED_ONLY,True,,,,,
992a05457de0a1db01db,test,귀금속,T2 동의어,q_귀금속_04,반지,패션·잡화 중 '귀금속'을 판매·제공하는 매장,0c0f2fd4-dd64-4b86-a11c-ed97ef89b2d1,언니반지,귀금속,신원권율2 골목형상점가,골목형상점가,경기도,2.0,3.0,,,P2_GRADED_ONLY,True,,,,,
77b3c865e204abf2a994,test,귀금속,T2 동의어,q_귀금속_04,반지,패션·잡화 중 '귀금속'을 판매·제공하는 매장,20674988-7871-48f7-a2bf-d436cee2a0aa,참돼지,,정남진활력의거리 골목형상점가,골목형상점가,,,0.0,Y,,P0_UNCERTAIN_OR_MISSING,True,,,,,
e3cd361d7608943b7ce0,test,귀금속,T2 동의어,q_귀금속_04,반지,패션·잡화 중 '귀금속'을 판매·제공하는 매장,905fdfef-83ca-4ed1-be97-3b0170dabcdb,젬하우스,악세사리 반지공방,신사세로수길골목형상점가,골목형상점가,서울특별시,3.0,3.0,,,RESOLVED_AGREEMENT,False,3,,,,
c3a7419b19013767af46,test,귀금속,T2 동의어,q_귀금속_04,반지,패션·잡화 중 '귀금속'을 판매·제공하는 매장,07c82c2f-f7c2-421d-8928-9df2dca4b0c1,홍경희헤어,미용,산본로데오거리(구 산본중심상가),자율상권구역,경기도,0.0,0.0,,,RESOLVED_AGREEMENT,False,0,,,,
1d90623dc0d17ece0562,test,귀금속,T2 동의어,q_귀금속_04,반지,패션·잡화 중 '귀금속'을 판매·제공하는 매장,b297c0be-6500-4857-bd49-3a7ea80f0f0b,생선백화점,생선,안락오거리골목형상점가,골목형상점가,부산광역시,0.0,0.0,,,RESOLVED_AGREEMENT,False,0,,,,
2f3df8d46d161779611d,test,귀금속,T2 동의어,q_귀금속_04,반지,패션·잡화 중 '귀금속'을 판매·제공하는 매장,a54a3ab8-d1b5-4844-80b7-ac70fad66dc0,에테르주얼리,반지 및 악세서리,대봉애 골목형상점가,골목형상점가,대구광역시,3.0,3.0,,,RESOLVED_AGREEMENT,False,3,,,,
80e4d952f7180ccaa0e3,test,귀금속,T2 동의어,q_귀금속_04,반지,패션·잡화 중 '귀금속'을 판매·제공하는 매장,069cebbe-575a-40b5-9b2f-0a082b552037,별보석금나라,,전통중앙도매상가,전통시장,대전광역시,2.0,3.0,,,P2_GRADED_ONLY,True,,,,,
bf10929d4d8e30d37cf0,test,귀금속,T2 동의어,q_귀금속_04,반지,패션·잡화 중 '귀금속'을 판매·제공하는 매장,f75764d4-4ad8-44c8-ad99-7ccf3eea78de,파지,,중흥자재거리 골목형상점가,골목형상점가,광주광역시,,0.0,Y,,P0_UNCERTAIN_OR_MISSING,True,,,,,
548d3b3a887e34d7c4d4,test,귀금속,T2 동의어,q_귀금속_05,보석,패션·잡화 중 '귀금속'을 판매·제공하는 매장,c8adef1b-2713-44e5-a0c2-799c4046995e,에끌라(ECLAT),"의류, 신발",방림1어린이공원 골목형상점가,골목형상점가,광주광역시,0.0,0.0,,,RESOLVED_AGREEMENT,False,0,,,,
be1dcdd989e990f655f9,test,귀금속,T2 동의어,q_귀금속_05,보석,패션·잡화 중 '귀금속'을 판매·제공하는 매장,18dd5715-f963-495d-b161-d7d28772a2ab,현대보석,"금, 은, 보석시계",전통중앙도매상가,전통시장,대전광역시,3.0,3.0,,,RESOLVED_AGREEMENT,False,3,,,,
8bac8c6db14450fe3be8,test,귀금속,T2 동의어,q_귀금속_05,보석,패션·잡화 중 '귀금속'을 판매·제공하는 매장,049f8988-fdf6-4dac-acb6-ef8b0af859fa,삼성당,시계,해미읍성전통시장,전통시장,충청남도,2.0,3.0,,,P2_GRADED_ONLY,True,,,,,
52c7459a0528e2d0390b,test,귀금속,T2 동의어,q_귀금속_05,보석,패션·잡화 중 '귀금속'을 판매·제공하는 매장,dc001ad8-3368-4879-aa19-2787abcc6960,민트보석,악세사리 시계수리 보석,산성로 상권활성화구역,상권활성화구역,경기도,3.0,3.0,,,RESOLVED_AGREEMENT,False,3,,,,
891db3225a52acc4c45f,test,귀금속,T2 동의어,q_귀금속_05,보석,패션·잡화 중 '귀금속'을 판매·제공하는 매장,03425599-9eed-4d3b-8682-d3c2e620325e,초량전통시장 노점매대 54번,액세서리,초량전통시장,전통시장,부산광역시,1.0,2.0,,,P1_BINARY_THRESHOLD,True,,,,,
aba5c52aa1a9836cfa9e,test,귀금속,T2 동의어,q_귀금속_05,보석,패션·잡화 중 '귀금속'을 판매·제공하는 매장,4c612205-c63f-4715-b8cb-1cdf6d99ee58,권보석,귀금속,민락골목시장,전통시장,부산광역시,3.0,3.0,,,RESOLVED_AGREEMENT,False,3,,,,
66692c91cf47cb0017fe,test,귀금속,T2 동의어,q_귀금속_05,보석,패션·잡화 중 '귀금속'을 판매·제공하는 매장,dc55af39-06a5-461b-91be-f2c9b410c7a5,금우당,"시계, 보석",진주 자유시장,전통시장,경상남도,3.0,3.0,,,RESOLVED_AGREEMENT,False,3,,,,
f0c202810ef47f1eb153,test,귀금속,T2 동의어,q_귀금속_05,보석,패션·잡화 중 '귀금속'을 판매·제공하는 매장,085465ef-544c-4898-9421-c8b9babe2186,해와달,소매(준보석),천호로데오거리상점가,자율상권구역,서울특별시,3.0,3.0,,,RESOLVED_AGREEMENT,False,3,,,,
50b764f79ab7788f3769,test,귀금속,T2 동의어,q_귀금속_05,보석,패션·잡화 중 '귀금속'을 판매·제공하는 매장,70a57915-6a4c-47d5-a0bf-22a96af7feba,보석상회,의류,동산상가,전통시장,대구광역시,2.0,3.0,,,P2_GRADED_ONLY,True,,,,,
fe550458f4878d5c3080,test,귀금속,T2 동의어,q_귀금속_05,보석,패션·잡화 중 '귀금속'을 판매·제공하는 매장,fb28f966-8006-43a5-9c4d-e623b409c83e,보석장,귀금속,창원 가음시장대상가,전통시장,경상남도,3.0,3.0,,,RESOLVED_AGREEMENT,False,3,,,,
034e1a78b23c32baaf8d,test,귀금속,T2 동의어,q_귀금속_05,보석,패션·잡화 중 '귀금속'을 판매·제공하는 매장,a54a3ab8-d1b5-4844-80b7-ac70fad66dc0,에테르주얼리,반지 및 악세서리,대봉애 골목형상점가,골목형상점가,대구광역시,2.0,3.0,,,P2_GRADED_ONLY,True,,,,,
ba4b5039fb75f0e691b6,test,귀금속,T2 동의어,q_귀금속_05,보석,패션·잡화 중 '귀금속'을 판매·제공하는 매장,06f92a02-db8d-46be-8ee1-213693507a55,오드워치,시계,남대문시장,전통시장,서울특별시,2.0,3.0,,,P2_GRADED_ONLY,True,,,,,
a872beeca70a73e40f92,test,귀금속,T2 동의어,q_귀금속_05,보석,패션·잡화 중 '귀금속'을 판매·제공하는 매장,8eb90807-87fc-4164-828f-4b206644bbe8,진보석,보석,범한프라자시장,전통시장,경기도,3.0,3.0,,,RESOLVED_AGREEMENT,False,3,,,,
02579b1a72d3d6f1549e,test,귀금속,T2 동의어,q_귀금속_05,보석,패션·잡화 중 '귀금속'을 판매·제공하는 매장,8dcbb137-b612-43f3-a0cc-42af610c024e,옥보당,"금, 은, 보석, 시계",우정전통시장,전통시장,울산광역시,3.0,3.0,,,RESOLVED_AGREEMENT,False,3,,,,
537d200e70b82bce7d63,test,귀금속,T2 동의어,q_귀금속_05,보석,패션·잡화 중 '귀금속'을 판매·제공하는 매장,9e70052d-9032-4f69-ad00-ed122a79850d,마른애들,의류판매업 식품,군산공설시장,전통시장,전북특별자치도,0.0,0.0,,,RESOLVED_AGREEMENT,False,0,,,,
e3ca8d5967c1f0ae064f,test,귀금속,T2 동의어,q_귀금속_05,보석,패션·잡화 중 '귀금속'을 판매·제공하는 매장,38de5a5d-7f3a-48f0-ba7c-96bab8fc0132,보석당,"보석, 귀금속",오산원동상점가,골목형상점가,경기도,3.0,3.0,,,RESOLVED_AGREEMENT,False,3,,,,
b8ee1e65fc7fa1e8f228,test,귀금속,T2 동의어,q_귀금속_05,보석,패션·잡화 중 '귀금속'을 판매·제공하는 매장,3674b5e8-3d99-4a8d-a961-f7b913ea37ca,서울보석,귀금속,나주혁신도시 골목형상점가,골목형상점가,전라남도,3.0,3.0,,,RESOLVED_AGREEMENT,False,3,,,,
4a94da900cf7b17e5fe3,test,귀금속,T2 동의어,q_귀금속_05,보석,패션·잡화 중 '귀금속'을 판매·제공하는 매장,6e140458-ff7c-403a-a918-9a5f41a1683c,부금당금방,금 은 보석 시계 악세사리,일곡동 골목형상점가,골목형상점가,광주광역시,3.0,3.0,,,RESOLVED_AGREEMENT,False,3,,,,
af27551ba53fe9d5d2a1,test,귀금속,T2 동의어,q_귀금속_05,보석,패션·잡화 중 '귀금속'을 판매·제공하는 매장,d7262610-8261-4e0e-bfa4-afe01a0c6b20,e이보석,귀금속,현대시장(수정구),전통시장,경기도,3.0,3.0,,,RESOLVED_AGREEMENT,False,3,,,,
bebfafab02341cef9d4d,test,귀금속,T2 동의어,q_귀금속_05,보석,패션·잡화 중 '귀금속'을 판매·제공하는 매장,2ff9ae04-ef5e-42a8-8933-8ae8130583f3,우주마켓,의류 보석 쥬얼리 핸드메이드소품,은구비서로사회적협동조합 골목형상점가,골목형상점가,대전광역시,3.0,3.0,,,RESOLVED_AGREEMENT,False,3,,,,
d945c7259864402fce4a,test,귀금속,T2 동의어,q_귀금속_05,보석,패션·잡화 중 '귀금속'을 판매·제공하는 매장,0043881b-db89-4699-8cc4-29ff178f91ee,국제보석,귀금속,대구패션주얼리특구,자율상권구역,대구광역시,3.0,3.0,,,RESOLVED_AGREEMENT,False,3,,,,
72db26e1b1868759bbb6,test,귀금속,T2 동의어,q_귀금속_05,보석,패션·잡화 중 '귀금속'을 판매·제공하는 매장,0e0d01a2-ec9b-4fa5-9fdf-cb08f0d32d9b,금빛보석,귀금속,못골골목시장,전통시장,부산광역시,3.0,3.0,,,RESOLVED_AGREEMENT,False,3,,,,
b9b2badd2f6eb07ade7b,test,귀금속,T2 동의어,q_귀금속_05,보석,패션·잡화 중 '귀금속'을 판매·제공하는 매장,00ec77a3-3e9a-4a5b-b837-c4014ef84285,은은하당,귀금속소매업,테크노밸리 골목형상점가,골목형상점가,대전광역시,3.0,3.0,,,RESOLVED_AGREEMENT,False,3,,,,
50801c45350adfc809ac,test,귀금속,T2 동의어,q_귀금속_05,보석,패션·잡화 중 '귀금속'을 판매·제공하는 매장,0308940f-189d-41bd-9a0c-cae20bfc8b65,실버투유,액세서리,남대문시장,전통시장,서울특별시,1.0,2.0,,,P1_BINARY_THRESHOLD,True,,,,,
8b7ec1a58189c61ebcc4,test,귀금속,T2 동의어,q_귀금속_05,보석,패션·잡화 중 '귀금속'을 판매·제공하는 매장,016d2bb5-8af2-45c2-8456-33067cd315bb,황금당,"금, 시계",홍성명동상가,자율상권구역,충청남도,2.0,3.0,,,P2_GRADED_ONLY,True,,,,,
2d28d333fb17c32cc3c4,test,귀금속,T2 동의어,q_귀금속_05,보석,패션·잡화 중 '귀금속'을 판매·제공하는 매장,7f2d76ed-1d62-46bf-86e5-8917e08ce752,경 보석,귀금속,충장로45가 상점가,자율상권구역,,3.0,3.0,,,RESOLVED_AGREEMENT,False,3,,,,
806c7a78c3ce4d910ac7,test,귀금속,T2 동의어,q_귀금속_05,보석,패션·잡화 중 '귀금속'을 판매·제공하는 매장,004eaf2b-83b1-4387-9843-85074f3b3f6f,색동보석,보석,충주자유시장,전통시장,충청북도,3.0,3.0,,,RESOLVED_AGREEMENT,False,3,,,,
dce5dc92d202c3ef357d,test,귀금속,T2 동의어,q_귀금속_05,보석,패션·잡화 중 '귀금속'을 판매·제공하는 매장,3d2dad2f-f23c-4515-aff7-368efc81889c,보석김밥,,신가동 골목형상점가,골목형상점가,광주광역시,3.0,3.0,,,RESOLVED_AGREEMENT,False,3,,,,
33a042686614f983066a,test,귀금속,T2 동의어,q_귀금속_05,보석,패션·잡화 중 '귀금속'을 판매·제공하는 매장,10de78d1-e53e-4617-8bf1-5c53e8665faa,경일사,"보석, 시계",송탄시장(송북시장),전통시장,경기도,3.0,3.0,,,RESOLVED_AGREEMENT,False,3,,,,
8122d4d7c961da90d96f,test,귀금속,T2 동의어,q_귀금속_05,보석,패션·잡화 중 '귀금속'을 판매·제공하는 매장,1a905676-e3f4-486a-9a92-e558d49b9c8c,천보석,귀금속,창원 가음정시장,전통시장,경상남도,3.0,3.0,,,RESOLVED_AGREEMENT,False,3,,,,
3a8b36b57821f51f3aaf,test,귀금속,T2 동의어,q_귀금속_05,보석,패션·잡화 중 '귀금속'을 판매·제공하는 매장,bf7a5918-0aba-45a3-a28c-7e849b351939,영주얼리,보석,서문시장2지구 종합상가,전통시장,대구광역시,3.0,3.0,,,RESOLVED_AGREEMENT,False,3,,,,
771318f9d2589bd74118,test,귀금속,T2 동의어,q_귀금속_05,보석,패션·잡화 중 '귀금속'을 판매·제공하는 매장,03d999c9-d1ad-4f94-8fa6-a7f9bf1c412d,갱'S쥬얼리,"귀금속, 시계",신림별빛거리골목형상점가,골목형상점가,서울특별시,3.0,3.0,,,RESOLVED_AGREEMENT,False,3,,,,
baa387afc70bd0180639,test,귀금속,T2 동의어,q_귀금속_05,보석,패션·잡화 중 '귀금속'을 판매·제공하는 매장,67f87d56-6dd0-4869-bfc4-0ff663f9e8a6,보석명가,,매곡시장 골목형상점가,골목형상점가,울산광역시,3.0,3.0,,,RESOLVED_AGREEMENT,False,3,,,,
54cb8d915750cbe69d5f,test,귀금속,T2 동의어,q_귀금속_05,보석,패션·잡화 중 '귀금속'을 판매·제공하는 매장,a03c5700-8789-4934-877f-949f992e4b89,닷소,의류,부산평화시장,전통시장,부산광역시,0.0,0.0,,,RESOLVED_AGREEMENT,False,0,,,,
a24943cebb9c50e9ecaa,test,귀금속,T2 동의어,q_귀금속_05,보석,패션·잡화 중 '귀금속'을 판매·제공하는 매장,a2cf1089-05ed-48f4-874d-54db6bc0ec49,민보석,귀금속,은마종합상점가,자율상권구역,서울특별시,3.0,3.0,,,RESOLVED_AGREEMENT,False,3,,,,
920d96082dee51c70580,test,귀금속,T2 동의어,q_귀금속_05,보석,패션·잡화 중 '귀금속'을 판매·제공하는 매장,00ee1cd3-ec15-467a-86d2-07e596d7d395,금옥당,"귀금속, 시계 소매",골드테마거리,전통시장,부산광역시,3.0,3.0,,,RESOLVED_AGREEMENT,False,3,,,,
4b283b03e470b4c395b8,test,귀금속,T2 동의어,q_귀금속_05,보석,패션·잡화 중 '귀금속'을 판매·제공하는 매장,072851b4-8d47-4e6b-a1f4-18ef47490ed1,금빛돌보석,시계,봉덕신시장,전통시장,대구광역시,2.0,3.0,,,P2_GRADED_ONLY,True,,,,,
9a504db39d84773317d7,test,귀금속,T2 동의어,q_귀금속_05,보석,패션·잡화 중 '귀금속'을 판매·제공하는 매장,45521128-91f8-45c1-a6cf-1fcc998e57ca,커피나무 노원역점,,노원역9번출구 골목형상점가,골목형상점가,서울특별시,0.0,0.0,,,RESOLVED_AGREEMENT,False,0,,,,
7f983e1d86b5d51ac475,test,귀금속,T2 동의어,q_귀금속_05,보석,패션·잡화 중 '귀금속'을 판매·제공하는 매장,0188cda6-6441-4058-82b0-0cb89e035583,친한친구,액세서리,㈜르네시떼,전통시장,부산광역시,1.0,2.0,,,P1_BINARY_THRESHOLD,True,,,,,
173c7c01993a0c55297c,test,귀금속,T2 동의어,q_귀금속_05,보석,패션·잡화 중 '귀금속'을 판매·제공하는 매장,3db43f45-141b-4b4a-bb9e-4756ac5484aa,삼도보석,,구리전통시장,전통시장,경기도,3.0,3.0,,,RESOLVED_AGREEMENT,False,3,,,,
263657c0859fdda3632d,test,귀금속,T2 동의어,q_귀금속_05,보석,패션·잡화 중 '귀금속'을 판매·제공하는 매장,01f2baea-5004-4e8d-a9a5-66c50aaf49e6,머쓱케이스,휴대폰 액세서리,동성로상점가,자율상권구역,대구광역시,1.0,2.0,,,P1_BINARY_THRESHOLD,True,,,,,
b5e05be3c10e704f8800,test,귀금속,T2 동의어,q_귀금속_05,보석,패션·잡화 중 '귀금속'을 판매·제공하는 매장,3a072283-4036-49cc-b5e3-63def44e6fab,고려사,"보석, 시계",대송시장,전통시장,울산광역시,3.0,3.0,,,RESOLVED_AGREEMENT,False,3,,,,
11f165c66c73afad3d35,test,귀금속,T2 동의어,q_귀금속_05,보석,패션·잡화 중 '귀금속'을 판매·제공하는 매장,0fc5ff43-46b2-48f3-9c46-5b242ff9bd45,보석식당,한식,광주고인근 골목형상점가,골목형상점가,광주광역시,2.0,3.0,,,P2_GRADED_ONLY,True,,,,,
402433d76ccd69cbf31c,test,귀금속,T2 동의어,q_귀금속_05,보석,패션·잡화 중 '귀금속'을 판매·제공하는 매장,1167c570-83fc-4aec-a9f2-b1635d54f8bd,서닮보석,귀금속,김대중컨벤션상인회 골목형상점가,골목형상점가,광주광역시,3.0,3.0,,,RESOLVED_AGREEMENT,False,3,,,,
5e349a1fc629aa6878c6,test,귀금속,T2 동의어,q_귀금속_05,보석,패션·잡화 중 '귀금속'을 판매·제공하는 매장,f545bcec-ee0a-4ae0-b54e-91c22cc94af7,은혜보석,귀금속,춘천중앙시장,전통시장,강원특별자치도,3.0,3.0,,,RESOLVED_AGREEMENT,False,3,,,,
f810465d82ab373e8793,test,귀금속,T2 동의어,q_귀금속_05,보석,패션·잡화 중 '귀금속'을 판매·제공하는 매장,794fd872-f238-415d-9503-5c3be5981ca5,토파즈,"악세사리, 보석, 시계",익산 다e로움 상권활성화구역,상권활성화구역,전북특별자치도,3.0,3.0,,,RESOLVED_AGREEMENT,False,3,,,,
0d0af6e05e1a130ea252,test,귀금속,T2 동의어,q_귀금속_05,보석,패션·잡화 중 '귀금속'을 판매·제공하는 매장,4f68e3be-67ee-4ce7-bf3c-d9bb024c203f,골드보석,금.보석,하당꽃길2가 골목형상점가,골목형상점가,전라남도,3.0,3.0,,,RESOLVED_AGREEMENT,False,3,,,,
88f2440fc856397aa2cb,test,귀금속,T2 동의어,q_귀금속_05,보석,패션·잡화 중 '귀금속'을 판매·제공하는 매장,0cf82b2a-71a4-4657-b871-9a52288c43c1,반지만들기공방반지놀이터울산점,반지만들기,성남먹자골목,골목형상점가,울산광역시,2.0,3.0,,,P2_GRADED_ONLY,True,,,,,
a32867ea1401638391eb,test,귀금속,T2 동의어,q_귀금속_05,보석,패션·잡화 중 '귀금속'을 판매·제공하는 매장,53de7214-cdf0-4e52-8884-96a2b324ae69,블링걸,장식귀걸이목걸이반지머리핀,신안프라자전통시장,전통시장,경기도,2.0,3.0,,,P2_GRADED_ONLY,True,,,,,
d7fb199627f4fe419843,test,귀금속,T2 동의어,q_귀금속_05,보석,패션·잡화 중 '귀금속'을 판매·제공하는 매장,e818302b-511c-48de-9174-d74315411a2c,金보석,귀금속,밀양 원도심 햇살문화 상권활성화 구역,상권활성화구역,경상남도,3.0,3.0,,,RESOLVED_AGREEMENT,False,3,,,,
f0e0e8da50eb5229732c,test,귀금속,T2 동의어,q_귀금속_05,보석,패션·잡화 중 '귀금속'을 판매·제공하는 매장,97dce0e8-a756-474e-8624-75b982802335,미쥬보석,귀금속,메트로센터(반월당지하쇼핑),일반지하상점가,대구광역시,3.0,3.0,,,RESOLVED_AGREEMENT,False,3,,,,
19e41cc3a971260c2e65,test,귀금속,T2 동의어,q_귀금속_05,보석,패션·잡화 중 '귀금속'을 판매·제공하는 매장,166c9193-005d-4dc3-8637-ed2bfd71be6f,부산금은방 남매금빵,,골드테마거리,전통시장,부산광역시,2.0,3.0,,,P2_GRADED_ONLY,True,,,,,
e2082651b4db0268eecd,test,귀금속,T2 동의어,q_귀금속_05,보석,패션·잡화 중 '귀금속'을 판매·제공하는 매장,76393be6-9382-4d62-a6d8-0195adc272fa,버드내 보석,,버드내코아 골목형상점가,골목형상점가,대전광역시,3.0,3.0,,,RESOLVED_AGREEMENT,False,3,,,,
d39de401f7c5d5bdaa1e,test,귀금속,T2 동의어,q_귀금속_05,보석,패션·잡화 중 '귀금속'을 판매·제공하는 매장,b864eec3-4a20-463c-8d6d-588d53f9b36b,동방보석,"보석, 액세서리",서남신시장,전통시장,대구광역시,3.0,3.0,,,RESOLVED_AGREEMENT,False,3,,,,
81fc223e694cefa216e2,test,귀금속,T2 동의어,q_귀금속_05,보석,패션·잡화 중 '귀금속'을 판매·제공하는 매장,b2afa2d4-8e21-4723-9f51-f22574bebdd5,오!쥬얼리,보석,효자시장,전통시장,경상북도,3.0,3.0,,,RESOLVED_AGREEMENT,False,3,,,,
df847456859035b56c04,test,귀금속,T2 동의어,q_귀금속_05,보석,패션·잡화 중 '귀금속'을 판매·제공하는 매장,79c468d0-8dfc-404c-9fec-0303ce050cfb,보석상자,의류,은구비서로사회적협동조합 골목형상점가,골목형상점가,대전광역시,2.0,3.0,,,P2_GRADED_ONLY,True,,,,,
d3170b8fa9e45489e3eb,test,귀금속,T2 동의어,q_귀금속_05,보석,패션·잡화 중 '귀금속'을 판매·제공하는 매장,b6e122e6-145c-46b6-a8a4-d6857ec819c9,늘꽃,꽃,북부중앙 골목형상점가,골목형상점가,경기도,0.0,0.0,,,RESOLVED_AGREEMENT,False,0,,,,
801020302b6f0c09df71,test,귀금속,T2 동의어,q_귀금속_05,보석,패션·잡화 중 '귀금속'을 판매·제공하는 매장,2aea60d7-b7f4-4a15-b43d-e5d29a5f75a9,황금보석,"금, 은 시계보석",주막거리상점가,자율상권구역,경기도,3.0,3.0,,,RESOLVED_AGREEMENT,False,3,,,,
6f949d5e0db30ca802c6,test,귀금속,T2 동의어,q_귀금속_05,보석,패션·잡화 중 '귀금속'을 판매·제공하는 매장,cf180480-df0a-4e26-b978-d247cd81be6b,커플링마을광주점,은반지 은팔찌,"금남로4,5가 골목형상점가",골목형상점가,광주광역시,2.0,3.0,,,P2_GRADED_ONLY,True,,,,,
71c9c7646b9d6ea04421,test,귀금속,T2 동의어,q_귀금속_05,보석,패션·잡화 중 '귀금속'을 판매·제공하는 매장,cc2d3a5e-7b27-492e-8cd2-a8212d5ae555,성심사,"금, 은, 보석",발안만세시장(구 발안시장),전통시장,경기도,3.0,3.0,,,RESOLVED_AGREEMENT,False,3,,,,
ee217d9d6f6429c91362,test,귀금속,T2 동의어,q_귀금속_05,보석,패션·잡화 중 '귀금속'을 판매·제공하는 매장,835b353a-4413-4c12-beab-81d75ddfded1,너참예쁘다홍성점,악세사리,홍성명동상가,자율상권구역,충청남도,1.0,2.0,,,P1_BINARY_THRESHOLD,True,,,,,
2a6bc895843a692e1291,test,귀금속,T2 동의어,q_귀금속_05,보석,패션·잡화 중 '귀금속'을 판매·제공하는 매장,8fa43204-123c-46fa-b6eb-5c4304d36da0,정금당,"금은, 보석, 시계",수유시장,전통시장,서울특별시,3.0,3.0,,,RESOLVED_AGREEMENT,False,3,,,,
50e7c7cbec0be425c076,test,귀금속,T2 동의어,q_귀금속_05,보석,패션·잡화 중 '귀금속'을 판매·제공하는 매장,0056f9b4-b953-40f2-b820-71d6e7b46c58,주얼리루비,귀금속,하남 골목형상점가,골목형상점가,광주광역시,3.0,3.0,,,RESOLVED_AGREEMENT,False,3,,,,
3d7df433bea63c5047d8,test,귀금속,T2 동의어,q_귀금속_05,보석,패션·잡화 중 '귀금속'을 판매·제공하는 매장,9d21ea10-68d4-4df9-adcb-9f1bfba176c3,엘리 보석,귀금속,삼성명가상가 골목형상점가,골목형상점가,대구광역시,3.0,3.0,,,RESOLVED_AGREEMENT,False,3,,,,
6e6af60fbd3f75603b76,test,귀금속,T2 동의어,q_귀금속_05,보석,패션·잡화 중 '귀금속'을 판매·제공하는 매장,069cebbe-575a-40b5-9b2f-0a082b552037,별보석금나라,,전통중앙도매상가,전통시장,대전광역시,3.0,3.0,,,RESOLVED_AGREEMENT,False,3,,,,
89e4c04feefe80aca677,test,귀금속,T2 동의어,q_귀금속_05,보석,패션·잡화 중 '귀금속'을 판매·제공하는 매장,3cd0ffea-effa-4851-b4f4-0f30d3ff024e,일번지보석,금은보석,중마시장,전통시장,전라남도,3.0,3.0,,,RESOLVED_AGREEMENT,False,3,,,,
58eebba27fd4afd76fd3,test,귀금속,T2 동의어,q_귀금속_05,보석,패션·잡화 중 '귀금속'을 판매·제공하는 매장,0ee862be-a86a-4b59-85a6-f0d0b31d30ec,보석식당,한식,창원 봉곡시장,전통시장,경상남도,2.0,3.0,,,P2_GRADED_ONLY,True,,,,,
bc5c3b670c87f1b7fc81,test,귀금속,T2 동의어,q_귀금속_05,보석,패션·잡화 중 '귀금속'을 판매·제공하는 매장,5a7b8641-cdf9-45f0-9c38-2471d1efedaa,명지보석,"보석, 시계",반딧불이연무시장,전통시장,경기도,3.0,3.0,,,RESOLVED_AGREEMENT,False,3,,,,
9d4ef94575c8cb84ff53,test,귀금속,T2 동의어,q_귀금속_05,보석,패션·잡화 중 '귀금속'을 판매·제공하는 매장,38734df9-1aea-49b2-9050-25ba327f052d,호박당,금은방(귀금속),전주모래내시장,전통시장,전북특별자치도,3.0,3.0,,,RESOLVED_AGREEMENT,False,3,,,,
4359496f68c63ae39866,test,귀금속,T2 동의어,q_귀금속_05,보석,패션·잡화 중 '귀금속'을 판매·제공하는 매장,49a3fe9c-bbf7-42a9-a741-99166f39ce92,진보당,금은방,진해중앙시장,전통시장,경상남도,2.0,3.0,,,P2_GRADED_ONLY,True,,,,,
b0d427690b2320cb620e,test,귀금속,T2 동의어,q_귀금속_05,보석,패션·잡화 중 '귀금속'을 판매·제공하는 매장,fe7704e4-85d2-410a-8598-3e2d3ab991c5,진명사,보석,산본로데오거리(구 산본중심상가),자율상권구역,경기도,3.0,3.0,,,RESOLVED_AGREEMENT,False,3,,,,
3b43666e997aa84f4d90,test,귀금속,T2 동의어,q_귀금속_05,보석,패션·잡화 중 '귀금속'을 판매·제공하는 매장,cfd54502-d1fc-4094-af3e-7fa328f7f191,희 보석십자수,보석십자수,송도역전시장,전통시장,인천광역시,3.0,3.0,,,RESOLVED_AGREEMENT,False,3,,,,
8c88b9d3c00d81be25e8,test,귀금속,T2 동의어,q_귀금속_05,보석,패션·잡화 중 '귀금속'을 판매·제공하는 매장,9b154fd2-ee62-4e33-88b5-5c1ac4a5b649,으뜸보석,"금, 은, 보석",두꺼비시장,전통시장,충청북도,3.0,3.0,,,RESOLVED_AGREEMENT,False,3,,,,
961c7398baca3ff331d3,test,귀금속,T2 동의어,q_귀금속_05,보석,패션·잡화 중 '귀금속'을 판매·제공하는 매장,4af6128c-51b1-4ea8-ae60-2b958126a172,원보석,소매(금은방),우림골목시장,전통시장,서울특별시,2.0,3.0,,,P2_GRADED_ONLY,True,,,,,
1d6b4d92173493d3a072,test,귀금속,T2 동의어,q_귀금속_05,보석,패션·잡화 중 '귀금속'을 판매·제공하는 매장,3e83d8ee-19b6-4f78-bef8-4ccd8a6acda2,동광당,금은방,전주중앙상가시장,전통시장,전북특별자치도,2.0,3.0,,,P2_GRADED_ONLY,True,,,,,
067487934490c188c4a6,test,귀금속,T2 동의어,q_귀금속_05,보석,패션·잡화 중 '귀금속'을 판매·제공하는 매장,9a4c0c40-000c-4c0c-a0ba-326719ba4594,보석당,"금, 보석, 광고, 귀금속",평창올림픽시장(평창전통시장),전통시장,강원특별자치도,3.0,3.0,,,RESOLVED_AGREEMENT,False,3,,,,
b89b69fc85d8e25ffdc2,test,귀금속,T2 동의어,q_귀금속_05,보석,패션·잡화 중 '귀금속'을 판매·제공하는 매장,87cdf98c-5082-4a62-997f-e7d618f0c863,명신당,보석,오정시장,전통시장,경기도,3.0,3.0,,,RESOLVED_AGREEMENT,False,3,,,,
8571c302cddbf602256c,test,귀금속,T2 동의어,q_귀금속_05,보석,패션·잡화 중 '귀금속'을 판매·제공하는 매장,f0853023-f226-4420-8a62-eb492f12e38c,서울보석,귀금속,상무중앙상인회 골목형상점가,골목형상점가,광주광역시,3.0,3.0,,,RESOLVED_AGREEMENT,False,3,,,,
629782e42c9ee0b5eb45,test,귀금속,T2 동의어,q_귀금속_05,보석,패션·잡화 중 '귀금속'을 판매·제공하는 매장,b26d80a9-301a-4ca6-a297-1fa1aabfddd5,임보석,귀금속,골드테마거리,전통시장,부산광역시,3.0,3.0,,,RESOLVED_AGREEMENT,False,3,,,,
fa76b05f70be28ce7d00,test,귀금속,T2 동의어,q_귀금속_05,보석,패션·잡화 중 '귀금속'을 판매·제공하는 매장,bb7dcbd2-544d-4976-ab8f-b51bfb3b0796,보석창고,잡화,간석자유시장,전통시장,인천광역시,2.0,3.0,,,P2_GRADED_ONLY,True,,,,,
30863602129a6bf7d8b6,test,귀금속,T2 동의어,q_귀금속_05,보석,패션·잡화 중 '귀금속'을 판매·제공하는 매장,905fdfef-83ca-4ed1-be97-3b0170dabcdb,젬하우스,악세사리 반지공방,신사세로수길골목형상점가,골목형상점가,서울특별시,2.0,3.0,,,P2_GRADED_ONLY,True,,,,,
0cdffd1ec75f26c7875d,test,귀금속,T2 동의어,q_귀금속_05,보석,패션·잡화 중 '귀금속'을 판매·제공하는 매장,ec6d8057-6e28-4387-98a7-483ff2dbc9df,밤실골국밥,국밥 판매,법원 앞 사과마을 골목형상점가,골목형상점가,광주광역시,0.0,0.0,,,RESOLVED_AGREEMENT,False,0,,,,
a28244e6eaad7e7ab330,test,귀금속,T2 동의어,q_귀금속_05,보석,패션·잡화 중 '귀금속'을 판매·제공하는 매장,6d9af3cd-029f-42d1-89aa-0c4f2d71c106,금성스타보석,,둔산3동근린상가 골목형상점가,골목형상점가,대전광역시,3.0,3.0,,,RESOLVED_AGREEMENT,False,3,,,,
660fcf1cad7d46dbc5ef,test,귀금속,T2 동의어,q_귀금속_05,보석,패션·잡화 중 '귀금속'을 판매·제공하는 매장,41f7f98c-e66b-4782-bd93-dc96db5e24fc,엘지보석,,수원남문패션1번가시장,전통시장,경기도,3.0,3.0,,,RESOLVED_AGREEMENT,False,3,,,,
ade1f2101cef4c949d23,test,귀금속,T2 동의어,q_귀금속_05,보석,패션·잡화 중 '귀금속'을 판매·제공하는 매장,03d7c59b-0f64-4647-9c85-97eb7310d1cc,세이젬,"악세사리, 장신구, 귀금속, 시계, 지금",경주중심상가,전통시장,경상북도,3.0,3.0,,,RESOLVED_AGREEMENT,False,3,,,,
be55b5c1ffc2d1590c57,test,귀금속,T2 동의어,q_귀금속_05,보석,패션·잡화 중 '귀금속'을 판매·제공하는 매장,f76cf246-f567-498a-9c7b-6a22e9c0cd2c,홍보석,,병방부자골목형상점가,골목형상점가,인천광역시,3.0,3.0,,,RESOLVED_AGREEMENT,False,3,,,,
f5ffd1ca81a5a9b93130,test,귀금속,T2 동의어,q_귀금속_05,보석,패션·잡화 중 '귀금속'을 판매·제공하는 매장,3507440c-a07e-4c33-bb7b-da3a205b0f6e,대광당,금.은.보석.시계,당진원시가지상가,자율상권구역,충청남도,3.0,3.0,,,RESOLVED_AGREEMENT,False,3,,,,
ed4e8444ab36a7162bad,test,귀금속,T2 동의어,q_귀금속_05,보석,패션·잡화 중 '귀금속'을 판매·제공하는 매장,7509f57b-97c6-4fff-b18a-77444adacfe7,보광당,금은보석,창동신창시장,전통시장,서울특별시,3.0,3.0,,,RESOLVED_AGREEMENT,False,3,,,,
53bbd227e01510e0d615,test,귀금속,T2 동의어,q_귀금속_05,보석,패션·잡화 중 '귀금속'을 판매·제공하는 매장,0038905e-d969-4b31-b09f-c35bdc0b9b8b,영보석,귀금속,촬영소사거리골목형상점가,골목형상점가,서울특별시,3.0,3.0,,,RESOLVED_AGREEMENT,False,3,,,,
bea6e4131af4ecd04df0,test,귀금속,T2 동의어,q_귀금속_05,보석,패션·잡화 중 '귀금속'을 판매·제공하는 매장,991adb94-8eda-4327-9ca2-6cf87661d134,보석 갤러리,"보석, 악세사리",고도리 장터거리 상점가,골목형상점가,전라남도,3.0,3.0,,,RESOLVED_AGREEMENT,False,3,,,,
e3c4b09a710ab432cc2f,test,귀금속,T2 동의어,q_귀금속_05,보석,패션·잡화 중 '귀금속'을 판매·제공하는 매장,72460a84-2277-4f2d-87e2-fcfe1d1274f7,백련집 남악점,한식,남악사랑 골목형상점가,골목형상점가,전라남도,0.0,0.0,,,RESOLVED_AGREEMENT,False,0,,,,
9d15a9638e3dfda8d089,test,귀금속,T2 동의어,q_귀금속_05,보석,패션·잡화 중 '귀금속'을 판매·제공하는 매장,26bb0fa5-d3a8-4a65-aca0-48c7e2a07d3e,금향보석,귀금속,충장로45가 상점가,자율상권구역,광주광역시,3.0,3.0,,,RESOLVED_AGREEMENT,False,3,,,,
541f783b72d934e2d788,test,귀금속,T2 동의어,q_귀금속_05,보석,패션·잡화 중 '귀금속'을 판매·제공하는 매장,bdda6a07-8f99-4854-9418-ed615d6d9bae,동양보석,,골드테마거리,전통시장,부산광역시,3.0,3.0,,,RESOLVED_AGREEMENT,False,3,,,,
0d3b5928eee9610c8951,test,귀금속,T2 동의어,q_귀금속_05,보석,패션·잡화 중 '귀금속'을 판매·제공하는 매장,03d2f183-77cc-44c8-b4e4-f34ed3bcfa83,다나,"소매업(귀금속,액세서리,모조장신구)",코끼리시장,전통시장,경기도,3.0,3.0,,,RESOLVED_AGREEMENT,False,3,,,,
617db7d9e7c9ab0558da,test,귀금속,T3 개념확장,q_귀금속_06,시계,패션·잡화 중 '귀금속'을 판매·제공하는 매장,d58133be-fe3b-4dfe-81f1-4a1e906ad385,산호당,시계,홍성명동상가,자율상권구역,충청남도,3.0,3.0,,,RESOLVED_AGREEMENT,False,3,,,,
b8ced8ac096605483b95,test,귀금속,T3 개념확장,q_귀금속_06,시계,패션·잡화 중 '귀금속'을 판매·제공하는 매장,738bb2a4-a50a-4e60-b227-a81c5119aac4,타임피아,시계,포항중앙상가,전통시장,경상북도,3.0,3.0,,,RESOLVED_AGREEMENT,False,3,,,,
71ff5def38710adf7fea,test,귀금속,T3 개념확장,q_귀금속_06,시계,패션·잡화 중 '귀금속'을 판매·제공하는 매장,4e1ed8f7-e285-48d4-a367-03e58f2d6876,배곧 당구장,당구장 운영업,배곧상가,골목형상점가,경기도,0.0,0.0,,,RESOLVED_AGREEMENT,False,0,,,,
9b1d52b60dd05393c29e,test,귀금속,T3 개념확장,q_귀금속_06,시계,패션·잡화 중 '귀금속'을 판매·제공하는 매장,0cf82b2a-71a4-4657-b871-9a52288c43c1,반지만들기공방반지놀이터울산점,반지만들기,성남먹자골목,골목형상점가,울산광역시,2.0,3.0,,,P2_GRADED_ONLY,True,,,,,
6880cb124461bd7662be,test,귀금속,T3 개념확장,q_귀금속_06,시계,패션·잡화 중 '귀금속'을 판매·제공하는 매장,072851b4-8d47-4e6b-a1f4-18ef47490ed1,금빛돌보석,시계,봉덕신시장,전통시장,대구광역시,3.0,3.0,,,RESOLVED_AGREEMENT,False,3,,,,
ad69b870082b8c02c585,test,귀금속,T3 개념확장,q_귀금속_06,시계,패션·잡화 중 '귀금속'을 판매·제공하는 매장,d835374f-6917-4744-a71a-364c5ff83ea7,원골드,시계,유진상가,전통시장,서울특별시,3.0,3.0,,,RESOLVED_AGREEMENT,False,3,,,,
6d6c82bd823c446ef6a9,test,귀금속,T3 개념확장,q_귀금속_06,시계,패션·잡화 중 '귀금속'을 판매·제공하는 매장,4ffa510c-73ff-428f-be10-fb1d55be13f4,로이드,시계,은행동상점가(구 으능정이상점가),자율상권구역,대전광역시,3.0,3.0,,,RESOLVED_AGREEMENT,False,3,,,,
75acb29f5439dc8ded6b,test,귀금속,T3 개념확장,q_귀금속_06,시계,패션·잡화 중 '귀금속'을 판매·제공하는 매장,10de78d1-e53e-4617-8bf1-5c53e8665faa,경일사,"보석, 시계",송탄시장(송북시장),전통시장,경기도,3.0,3.0,,,RESOLVED_AGREEMENT,False,3,,,,
d3ff59039b76d012886c,test,귀금속,T3 개념확장,q_귀금속_06,시계,패션·잡화 중 '귀금속'을 판매·제공하는 매장,407678f7-463f-4e2e-a1f4-906364f88bdc,정금당,시계,결초보은시장(구 보은종합시장),전통시장,충청북도,3.0,3.0,,,RESOLVED_AGREEMENT,False,3,,,,
6011ee3018572ab4a2a7,test,귀금속,T3 개념확장,q_귀금속_06,시계,패션·잡화 중 '귀금속'을 판매·제공하는 매장,4af6128c-51b1-4ea8-ae60-2b958126a172,원보석,소매(금은방),우림골목시장,전통시장,서울특별시,2.0,3.0,,,P2_GRADED_ONLY,True,,,,,
0ff00f01af818a20d70c,test,귀금속,T3 개념확장,q_귀금속_06,시계,패션·잡화 중 '귀금속'을 판매·제공하는 매장,d5d66a0c-eab0-40ec-bf5d-0d4a32d9c78b,대운당,시계,제천중앙시장,전통시장,충청북도,3.0,3.0,,,RESOLVED_AGREEMENT,False,3,,,,
7f71422ae017277706d8,test,귀금속,T3 개념확장,q_귀금속_06,시계,패션·잡화 중 '귀금속'을 판매·제공하는 매장,e24e8e77-1b91-4a49-a2b4-8f4517e38769,만화72,커피,순천문화의거리 금꽃예술촌,자율상권구역,전라남도,0.0,0.0,,,RESOLVED_AGREEMENT,False,0,,,,
5d9ab32110090bd58a87,test,귀금속,T3 개념확장,q_귀금속_06,시계,패션·잡화 중 '귀금속'을 판매·제공하는 매장,af8c6723-7093-4693-97b1-5a200af18d2a,중앙사,시계,부평깡통시장(구 부산부평시장),전통시장,부산광역시,3.0,3.0,,,RESOLVED_AGREEMENT,False,3,,,,
1931d3510c64359d5534,test,귀금속,T3 개념확장,q_귀금속_06,시계,패션·잡화 중 '귀금속'을 판매·제공하는 매장,ae483b39-3c64-445b-88dc-3595cef52ac3,이천당,시계,충금지하도상가,일반지하상점가,광주광역시,3.0,3.0,,,RESOLVED_AGREEMENT,False,3,,,,
ccd24dbf1887a0b34975,test,귀금속,T3 개념확장,q_귀금속_06,시계,패션·잡화 중 '귀금속'을 판매·제공하는 매장,f5ce6c02-50fd-45a3-9d2c-6393c7134ba4,금호당,시계,금남지하도상가 1공구,일반지하상점가,광주광역시,3.0,3.0,,,RESOLVED_AGREEMENT,False,3,,,,
4652fa483a6f0ad045dc,test,귀금속,T3 개념확장,q_귀금속_06,시계,패션·잡화 중 '귀금속'을 판매·제공하는 매장,b4bf3d63-7c7f-4551-8bc2-b100cb1edfb5,미금당,시계,다시남목 골목형상점가,골목형상점가,울산광역시,3.0,3.0,,,RESOLVED_AGREEMENT,False,3,,,,
dcd120cffb7aeb29affc,test,귀금속,T3 개념확장,q_귀금속_06,시계,패션·잡화 중 '귀금속'을 판매·제공하는 매장,03425599-9eed-4d3b-8682-d3c2e620325e,초량전통시장 노점매대 54번,액세서리,초량전통시장,전통시장,부산광역시,1.0,2.0,,,P1_BINARY_THRESHOLD,True,,,,,
9de1453c6cced68cb3c2,test,귀금속,T3 개념확장,q_귀금속_06,시계,패션·잡화 중 '귀금속'을 판매·제공하는 매장,ea4dfe62-4d90-42e9-b234-39c263212b08,광명당,시계,전곡전통시장,전통시장,경기도,3.0,3.0,,,RESOLVED_AGREEMENT,False,3,,,,
2d2446fb11d5980ade95,test,귀금속,T3 개념확장,q_귀금속_06,시계,패션·잡화 중 '귀금속'을 판매·제공하는 매장,6564913c-dc87-40ca-b23c-7aebb9a2f1be,오복금방,시계,익산황등시장,전통시장,전북특별자치도,3.0,3.0,,,RESOLVED_AGREEMENT,False,3,,,,
53882c6da81033fb9856,test,귀금속,T3 개념확장,q_귀금속_06,시계,패션·잡화 중 '귀금속'을 판매·제공하는 매장,9c5fe269-8a4c-4dfc-8c1d-ff4a6da73531,황금당,시계,성남먹자골목,골목형상점가,울산광역시,3.0,3.0,,,RESOLVED_AGREEMENT,False,3,,,,
dec424f9b86b91847b93,test,귀금속,T3 개념확장,q_귀금속_06,시계,패션·잡화 중 '귀금속'을 판매·제공하는 매장,bc55186b-8332-43cc-9b23-76a517a8acda,명금당,시계,다시남목 골목형상점가,골목형상점가,울산광역시,3.0,3.0,,,RESOLVED_AGREEMENT,False,3,,,,
27449963a1b31375d278,test,귀금속,T3 개념확장,q_귀금속_06,시계,패션·잡화 중 '귀금속'을 판매·제공하는 매장,4b565137-ef57-412e-b85f-85d0f03ffb3c,신미당,시계,백년소상공인,기타,대전광역시,3.0,3.0,,,RESOLVED_AGREEMENT,False,3,,,,
e7670d1d3b1bd35ede58,test,귀금속,T3 개념확장,q_귀금속_06,시계,패션·잡화 중 '귀금속'을 판매·제공하는 매장,542c2042-454a-4b80-bd2a-b32e53ae8572,금옥장,시계,창신골목시장,자율상권구역,서울특별시,3.0,3.0,,,RESOLVED_AGREEMENT,False,3,,,,
f9817a0cce5147ac1186,test,귀금속,T3 개념확장,q_귀금속_06,시계,패션·잡화 중 '귀금속'을 판매·제공하는 매장,e9894b8d-e8c1-46c5-ac1b-67157db1efcc,부일당,시계,범일골목시장,전통시장,부산광역시,3.0,3.0,,,RESOLVED_AGREEMENT,False,3,,,,
64100ce10d5980dfdfaf,test,귀금속,T3 개념확장,q_귀금속_06,시계,패션·잡화 중 '귀금속'을 판매·제공하는 매장,af059b9b-6557-4837-8d4b-90d30405a602,창민당,시계,영신상가,전통시장,서울특별시,3.0,3.0,,,RESOLVED_AGREEMENT,False,3,,,,
edf5f6c5617e22505740,test,귀금속,T3 개념확장,q_귀금속_06,시계,패션·잡화 중 '귀금속'을 판매·제공하는 매장,49a3fe9c-bbf7-42a9-a741-99166f39ce92,진보당,금은방,진해중앙시장,전통시장,경상남도,2.0,3.0,,,P2_GRADED_ONLY,True,,,,,
9ab3d6a851624a195dd6,test,귀금속,T3 개념확장,q_귀금속_06,시계,패션·잡화 중 '귀금속'을 판매·제공하는 매장,dd0ba528-ca42-4aa0-bd31-8ea8cdb3ef6f,느낌좋은걸,시계,하당꽃길1가 골목형상점가,골목형상점가,전라남도,3.0,3.0,,,RESOLVED_AGREEMENT,False,3,,,,
9cafd72479bbef108b3c,test,귀금속,T3 개념확장,q_귀금속_06,시계,패션·잡화 중 '귀금속'을 판매·제공하는 매장,5b5afea1-8c19-4072-9b04-ee36c0ce04de,금보원,시계,동운고가도로 골목형상점가,골목형상점가,광주광역시,3.0,3.0,,,RESOLVED_AGREEMENT,False,3,,,,
b27c77089b1acc9ece6e,test,귀금속,T3 개념확장,q_귀금속_06,시계,패션·잡화 중 '귀금속'을 판매·제공하는 매장,392d500a-be25-4181-b79d-45cbc47b0878,티파니,시계,464번길 골목형상점가,골목형상점가,부산광역시,3.0,3.0,,,RESOLVED_AGREEMENT,False,3,,,,
5b2cdfa871eadeb73ce9,test,귀금속,T3 개념확장,q_귀금속_06,시계,패션·잡화 중 '귀금속'을 판매·제공하는 매장,23a6e67b-88b8-4bf9-b95f-80bee8e037bd,은아당,시계,포항중앙상가,전통시장,경상북도,3.0,3.0,,,RESOLVED_AGREEMENT,False,3,,,,
9d7a2e7e9b029604b4f2,test,귀금속,T3 개념확장,q_귀금속_06,시계,패션·잡화 중 '귀금속'을 판매·제공하는 매장,00ee1cd3-ec15-467a-86d2-07e596d7d395,금옥당,"귀금속, 시계 소매",골드테마거리,전통시장,부산광역시,3.0,3.0,,,RESOLVED_AGREEMENT,False,3,,,,
a697ff0ee536a9a698c2,test,귀금속,T3 개념확장,q_귀금속_06,시계,패션·잡화 중 '귀금속'을 판매·제공하는 매장,0724e735-862f-4d85-a766-94de4f9cc181,시온공방,시계,포항죽도시장,전통시장,경상북도,3.0,3.0,,,RESOLVED_AGREEMENT,False,3,,,,
9d54c3f92cf5c4f49259,test,귀금속,T3 개념확장,q_귀금속_06,시계,패션·잡화 중 '귀금속'을 판매·제공하는 매장,a54a3ab8-d1b5-4844-80b7-ac70fad66dc0,에테르주얼리,반지 및 악세서리,대봉애 골목형상점가,골목형상점가,대구광역시,2.0,3.0,,,P2_GRADED_ONLY,True,,,,,
32dc3554f0f4c657c2af,test,귀금속,T3 개념확장,q_귀금속_06,시계,패션·잡화 중 '귀금속'을 판매·제공하는 매장,8d6f7b8f-6c40-4bae-82ab-f733189a6f38,보광당,시계,억지춘향시장(구 봉화춘향시장),전통시장,경상북도,3.0,3.0,,,RESOLVED_AGREEMENT,False,3,,,,
c35ed20aec947563c5df,test,귀금속,T3 개념확장,q_귀금속_06,시계,패션·잡화 중 '귀금속'을 판매·제공하는 매장,18a7e907-d255-4652-9dcf-3eec01bfdb38,로컬러플레이스,관광기념품,수원남문로데오시장,전통시장,경기도,0.0,0.0,,,RESOLVED_AGREEMENT,False,0,,,,
1388121c05395b76f4ad,test,귀금속,T3 개념확장,q_귀금속_06,시계,패션·잡화 중 '귀금속'을 판매·제공하는 매장,d5e7e608-a033-43e9-ae87-ff6a3d2d4c34,명금당,시계,관문상가시장,전통시장,대구광역시,3.0,3.0,,,RESOLVED_AGREEMENT,False,3,,,,
3a6e1ec9aad126e6aa3c,test,귀금속,T3 개념확장,q_귀금속_06,시계,패션·잡화 중 '귀금속'을 판매·제공하는 매장,06f92a02-db8d-46be-8ee1-213693507a55,오드워치,시계,남대문시장,전통시장,서울특별시,3.0,3.0,,,RESOLVED_AGREEMENT,False,3,,,,
458abadafd5679f251a1,test,귀금속,T3 개념확장,q_귀금속_06,시계,패션·잡화 중 '귀금속'을 판매·제공하는 매장,37dd294b-8f9b-4ff7-9439-47c61c378286,부름양행,시계,비단길현대시장,전통시장,서울특별시,3.0,3.0,,,RESOLVED_AGREEMENT,False,3,,,,
f9407f3fa395d2b821e3,test,귀금속,T3 개념확장,q_귀금속_06,시계,패션·잡화 중 '귀금속'을 판매·제공하는 매장,905fdfef-83ca-4ed1-be97-3b0170dabcdb,젬하우스,악세사리 반지공방,신사세로수길골목형상점가,골목형상점가,서울특별시,2.0,3.0,,,P2_GRADED_ONLY,True,,,,,
128d6de535ededbd00e0,test,귀금속,T3 개념확장,q_귀금속_06,시계,패션·잡화 중 '귀금속'을 판매·제공하는 매장,bf9203d4-3ca6-4540-b896-2e8e760dc0b8,보경사,시계,충장로45가 상점가,자율상권구역,광주광역시,3.0,3.0,,,RESOLVED_AGREEMENT,False,3,,,,
5af7f6d78e514b14cf6a,test,귀금속,T3 개념확장,q_귀금속_06,시계,패션·잡화 중 '귀금속'을 판매·제공하는 매장,d4171827-052f-4d8a-863e-12a8205d7be1,춘양시계,시계,남광주시장,전통시장,광주광역시,3.0,3.0,,,RESOLVED_AGREEMENT,False,3,,,,
e20c004d9b6085d6368c,test,귀금속,T3 개념확장,q_귀금속_06,시계,패션·잡화 중 '귀금속'을 판매·제공하는 매장,0188cda6-6441-4058-82b0-0cb89e035583,친한친구,액세서리,㈜르네시떼,전통시장,부산광역시,1.0,2.0,,,P1_BINARY_THRESHOLD,True,,,,,
75377854dc26882f9669,test,귀금속,T3 개념확장,q_귀금속_06,시계,패션·잡화 중 '귀금속'을 판매·제공하는 매장,b233df91-8f3c-4871-8ffa-c4513f37068f,커피블루그린,커피,개포동 구마을 골목형상점가,골목형상점가,서울특별시,0.0,0.0,,,RESOLVED_AGREEMENT,False,0,,,,
eb67df6caac22a2b9f33,test,귀금속,T3 개념확장,q_귀금속_06,시계,패션·잡화 중 '귀금속'을 판매·제공하는 매장,507b8a00-5fba-4980-952e-1ad226c9de15,아사라,시계,금남지하도상가 1공구,일반지하상점가,광주광역시,3.0,3.0,,,RESOLVED_AGREEMENT,False,3,,,,
c7de78fafac56d3ddabf,test,귀금속,T3 개념확장,q_귀금속_06,시계,패션·잡화 중 '귀금속'을 판매·제공하는 매장,3e83d8ee-19b6-4f78-bef8-4ccd8a6acda2,동광당,금은방,전주중앙상가시장,전통시장,전북특별자치도,2.0,3.0,,,P2_GRADED_ONLY,True,,,,,
d3fbac0a029a4e2f2184,test,귀금속,T3 개념확장,q_귀금속_06,시계,패션·잡화 중 '귀금속'을 판매·제공하는 매장,166c9193-005d-4dc3-8637-ed2bfd71be6f,부산금은방 남매금빵,,골드테마거리,전통시장,부산광역시,2.0,3.0,,,P2_GRADED_ONLY,True,,,,,
d6ea6b336d353f41096d,test,귀금속,T3 개념확장,q_귀금속_06,시계,패션·잡화 중 '귀금속'을 판매·제공하는 매장,38734df9-1aea-49b2-9050-25ba327f052d,호박당,금은방(귀금속),전주모래내시장,전통시장,전북특별자치도,2.0,3.0,,,P2_GRADED_ONLY,True,,,,,
243284ff81d87a0083a1,test,귀금속,T3 개념확장,q_귀금속_06,시계,패션·잡화 중 '귀금속'을 판매·제공하는 매장,0ebce67a-9623-415d-b313-f7771a4f1558,정원당,시계,계림오거리 골목형상점가,골목형상점가,광주광역시,3.0,3.0,,,RESOLVED_AGREEMENT,False,3,,,,
5c90671b12be36770e7a,test,귀금속,T3 개념확장,q_귀금속_06,시계,패션·잡화 중 '귀금속'을 판매·제공하는 매장,9eb672df-9a02-421c-a865-b0dcf3d94e4b,시계이야기,시계 악세사리,충장로123가 상점가,자율상권구역,광주광역시,3.0,3.0,,,RESOLVED_AGREEMENT,False,3,,,,
a725e8be1f958927e7f7,test,귀금속,T3 개념확장,q_귀금속_06,시계,패션·잡화 중 '귀금속'을 판매·제공하는 매장,d731ef34-70ca-4574-8827-6d606973589c,리빙하우스,생활용품,서천시장거리 골목형상점가,골목형상점가,충청남도,0.0,0.0,,,RESOLVED_AGREEMENT,False,0,,,,
00963dff92449b8ec75b,test,귀금속,T3 개념확장,q_귀금속_06,시계,패션·잡화 중 '귀금속'을 판매·제공하는 매장,f16853cb-fcf8-4e50-bda5-c64a0691acc4,현대사,시계,서면지하도상가 서면몰(대현프리몰),일반지하상점가,부산광역시,3.0,3.0,,,RESOLVED_AGREEMENT,False,3,,,,
aa1c68871a19f67c1cff,test,귀금속,T3 개념확장,q_귀금속_06,시계,패션·잡화 중 '귀금속'을 판매·제공하는 매장,a20088a8-8613-4368-a763-d3564cf39b15,올능이 능이버섯백숙,닭 오리,신용공원 골목형상점가,골목형상점가,광주광역시,0.0,0.0,,,RESOLVED_AGREEMENT,False,0,,,,
f5fc73ff10a72a82109d,test,귀금속,T3 개념확장,q_귀금속_06,시계,패션·잡화 중 '귀금속'을 판매·제공하는 매장,016d2bb5-8af2-45c2-8456-33067cd315bb,황금당,"금, 시계",홍성명동상가,자율상권구역,충청남도,3.0,3.0,,,RESOLVED_AGREEMENT,False,3,,,,
0e38fe17204e25634d6d,test,귀금속,T3 개념확장,q_귀금속_06,시계,패션·잡화 중 '귀금속'을 판매·제공하는 매장,b7a5d4b3-5a17-4987-96c9-6fb50fef5356,하라,시계,골드테마거리,전통시장,부산광역시,3.0,3.0,,,RESOLVED_AGREEMENT,False,3,,,,
95fa2f8506fef9ebf88c,test,귀금속,T3 개념확장,q_귀금속_06,시계,패션·잡화 중 '귀금속'을 판매·제공하는 매장,069cebbe-575a-40b5-9b2f-0a082b552037,별보석금나라,,전통중앙도매상가,전통시장,대전광역시,2.0,3.0,,,P2_GRADED_ONLY,True,,,,,
8ce0f4b79ede4c13bdde,test,귀금속,T3 개념확장,q_귀금속_06,시계,패션·잡화 중 '귀금속'을 판매·제공하는 매장,440ec0ea-734b-44a8-bfd7-2c2df8c50172,순흥당,시계,포항죽도농산물시장,전통시장,경상북도,3.0,3.0,,,RESOLVED_AGREEMENT,False,3,,,,
04dc350fc4ffc47d1da1,test,귀금속,T3 개념확장,q_귀금속_06,시계,패션·잡화 중 '귀금속'을 판매·제공하는 매장,0038905e-d969-4b31-b09f-c35bdc0b9b8b,영보석,귀금속,촬영소사거리골목형상점가,골목형상점가,서울특별시,2.0,3.0,,,P2_GRADED_ONLY,True,,,,,
4a896f497b063b1bf793,test,귀금속,T3 개념확장,q_귀금속_06,시계,패션·잡화 중 '귀금속'을 판매·제공하는 매장,085465ef-544c-4898-9421-c8b9babe2186,해와달,소매(준보석),천호로데오거리상점가,자율상권구역,서울특별시,2.0,3.0,,,P2_GRADED_ONLY,True,,,,,
f1889a7b43447e2b4107,test,귀금속,T3 개념확장,q_귀금속_06,시계,패션·잡화 중 '귀금속'을 판매·제공하는 매장,59fcc4dc-7e09-4ba9-a007-1fac9c30c351,정금당,시계,도마큰시장,전통시장,대전광역시,3.0,3.0,,,RESOLVED_AGREEMENT,False,3,,,,
709e3f0cba5a53416036,test,귀금속,T3 개념확장,q_귀금속_06,시계,패션·잡화 중 '귀금속'을 판매·제공하는 매장,d105614b-1ed4-4446-8983-66a63808f00c,대명당,시계,대조시장,전통시장,서울특별시,3.0,3.0,,,RESOLVED_AGREEMENT,False,3,,,,
8ff1ef0104d478451d95,test,귀금속,T3 개념확장,q_귀금속_06,시계,패션·잡화 중 '귀금속'을 판매·제공하는 매장,2c7c9c42-7c61-4fd8-9aaf-3f40541fe34e,금탑,시계,화정역상인회 골목형상점가,골목형상점가,광주광역시,3.0,3.0,,,RESOLVED_AGREEMENT,False,3,,,,
5936db816173e5d7debb,test,귀금속,T3 개념확장,q_귀금속_06,시계,패션·잡화 중 '귀금속'을 판매·제공하는 매장,6deeb4ab-bbda-458d-a762-e85290e40cf3,현대시계,시계,부산국제시장,전통시장,부산광역시,3.0,3.0,,,RESOLVED_AGREEMENT,False,3,,,,
867b01e0e1d8583da64c,test,귀금속,T3 개념확장,q_귀금속_06,시계,패션·잡화 중 '귀금속'을 판매·제공하는 매장,ac5cc32e-296e-4c13-ae5e-872d9a0f48bb,황옥당,시계,말바우시장,전통시장,광주광역시,3.0,3.0,,,RESOLVED_AGREEMENT,False,3,,,,
b6dacff0a803c30e9081,test,귀금속,T3 개념확장,q_귀금속_06,시계,패션·잡화 중 '귀금속'을 판매·제공하는 매장,1a995b91-222b-4c0e-a5bd-42688fec6e2b,나비,의류및화장품,주안시민지하도상점가,일반지하상점가,인천광역시,0.0,0.0,,,RESOLVED_AGREEMENT,False,0,,,,
52ffb8e32a2a0d70e165,test,귀금속,T3 개념확장,q_귀금속_06,시계,패션·잡화 중 '귀금속'을 판매·제공하는 매장,549865d5-9306-42d7-b4e6-71638e3980f5,원보당,시계,진해중앙시장,전통시장,경상남도,3.0,3.0,,,RESOLVED_AGREEMENT,False,3,,,,
6c9fd9d0202b4c29cd32,test,귀금속,T3 개념확장,q_귀금속_06,시계,패션·잡화 중 '귀금속'을 판매·제공하는 매장,53de7214-cdf0-4e52-8884-96a2b324ae69,블링걸,장식귀걸이목걸이반지머리핀,신안프라자전통시장,전통시장,경기도,2.0,3.0,,,P2_GRADED_ONLY,True,,,,,
51dffdbaa8599975a2fd,test,귀금속,T3 개념확장,q_귀금속_06,시계,패션·잡화 중 '귀금속'을 판매·제공하는 매장,39bfd737-720f-4720-9d38-1d968c2cd152,드림시계,시계,대구교동시장,전통시장,대구광역시,3.0,3.0,,,RESOLVED_AGREEMENT,False,3,,,,
3b9ee7b9473d6a0ad4f4,test,귀금속,T3 개념확장,q_귀금속_06,시계,패션·잡화 중 '귀금속'을 판매·제공하는 매장,a4d2114b-8a40-4d8e-be56-e11755076618,세종당,시계,비단길현대시장,전통시장,서울특별시,3.0,3.0,,,RESOLVED_AGREEMENT,False,3,,,,
21f62cfb670c690fe59b,test,귀금속,T3 개념확장,q_귀금속_06,시계,패션·잡화 중 '귀금속'을 판매·제공하는 매장,accc7586-6436-4ac2-9353-29568ef19616,미광당,시계,만덕시장,전통시장,부산광역시,3.0,3.0,,,RESOLVED_AGREEMENT,False,3,,,,
6c812caa46d6ef7b1ef3,test,귀금속,T3 개념확장,q_귀금속_06,시계,패션·잡화 중 '귀금속'을 판매·제공하는 매장,82cf0a05-1e7e-4d0e-b1f2-5de65c3f8282,울산금방,시계,호계공설시장,전통시장,울산광역시,3.0,3.0,,,RESOLVED_AGREEMENT,False,3,,,,
68f7954f3713c120ee55,test,귀금속,T3 개념확장,q_귀금속_06,시계,패션·잡화 중 '귀금속'을 판매·제공하는 매장,866f4073-63fd-4696-9252-d2ea37d7e802,동양사,시계,건리단길 골목형상점가,골목형상점가,서울특별시,3.0,3.0,,,RESOLVED_AGREEMENT,False,3,,,,
815f781be0f186affd78,test,귀금속,T3 개념확장,q_귀금속_06,시계,패션·잡화 중 '귀금속'을 판매·제공하는 매장,00ec77a3-3e9a-4a5b-b837-c4014ef84285,은은하당,귀금속소매업,테크노밸리 골목형상점가,골목형상점가,대전광역시,2.0,3.0,,,P2_GRADED_ONLY,True,,,,,
2c6b27437c2a12b329f3,test,귀금속,T3 개념확장,q_귀금속_06,시계,패션·잡화 중 '귀금속'을 판매·제공하는 매장,c8642d9d-f65f-46eb-8233-0b6dcdb40b80,서울시계주식회사,시계,은마종합상점가,자율상권구역,서울특별시,3.0,3.0,,,RESOLVED_AGREEMENT,False,3,,,,
a228c5b6cb05eccd3679,test,귀금속,T3 개념확장,q_귀금속_06,시계,패션·잡화 중 '귀금속'을 판매·제공하는 매장,004eaf2b-83b1-4387-9843-85074f3b3f6f,색동보석,보석,충주자유시장,전통시장,충청북도,2.0,3.0,,,P2_GRADED_ONLY,True,,,,,
de9b3df50f201233d23e,test,귀금속,T3 개념확장,q_귀금속_06,시계,패션·잡화 중 '귀금속'을 판매·제공하는 매장,03d2f183-77cc-44c8-b4e4-f34ed3bcfa83,다나,"소매업(귀금속,액세서리,모조장신구)",코끼리시장,전통시장,경기도,2.0,3.0,,,P2_GRADED_ONLY,True,,,,,
45d32e4ad05450f78c84,test,귀금속,T3 개념확장,q_귀금속_06,시계,패션·잡화 중 '귀금속'을 판매·제공하는 매장,19d2cb9a-653f-4aef-bfc3-b1af185e411c,정확당,시계,고도리 장터거리 상점가,골목형상점가,전라남도,3.0,3.0,,,RESOLVED_AGREEMENT,False,3,,,,
7c112dc045ce5b673e16,test,귀금속,T3 개념확장,q_귀금속_06,시계,패션·잡화 중 '귀금속'을 판매·제공하는 매장,0043881b-db89-4699-8cc4-29ff178f91ee,국제보석,귀금속,대구패션주얼리특구,자율상권구역,대구광역시,2.0,3.0,,,P2_GRADED_ONLY,True,,,,,
463e6da199012fb33ef1,test,귀금속,T3 개념확장,q_귀금속_06,시계,패션·잡화 중 '귀금속'을 판매·제공하는 매장,90c3d1b7-ae69-44d8-8cc8-ba30241c1e11,옥수당,시계,제2경주중심상가시장(경주봉황중심상가시장),전통시장,경상북도,3.0,3.0,,,RESOLVED_AGREEMENT,False,3,,,,
1fd64c5e2c8ece1dfc9d,test,귀금속,T3 개념확장,q_귀금속_06,시계,패션·잡화 중 '귀금속'을 판매·제공하는 매장,7252fa62-8401-44f3-b912-0a2396e83944,벤제프골프(메가월드점),스포츠의류 용품,송천메가 골목형상점가,골목형상점가,전북특별자치도,0.0,0.0,,,RESOLVED_AGREEMENT,False,0,,,,
f3568134a66074a7f930,test,귀금속,T3 개념확장,q_귀금속_06,시계,패션·잡화 중 '귀금속'을 판매·제공하는 매장,03d999c9-d1ad-4f94-8fa6-a7f9bf1c412d,갱'S쥬얼리,"귀금속, 시계",신림별빛거리골목형상점가,골목형상점가,서울특별시,3.0,3.0,,,RESOLVED_AGREEMENT,False,3,,,,
e0e4b1f3cd8422fc5afe,test,귀금속,T3 개념확장,q_귀금속_06,시계,패션·잡화 중 '귀금속'을 판매·제공하는 매장,cf180480-df0a-4e26-b978-d247cd81be6b,커플링마을광주점,은반지 은팔찌,"금남로4,5가 골목형상점가",골목형상점가,광주광역시,2.0,3.0,,,P2_GRADED_ONLY,True,,,,,
0ee42e3affa7690dc7fa,test,귀금속,T3 개념확장,q_귀금속_06,시계,패션·잡화 중 '귀금속'을 판매·제공하는 매장,03d7c59b-0f64-4647-9c85-97eb7310d1cc,세이젬,"악세사리, 장신구, 귀금속, 시계, 지금",경주중심상가,전통시장,경상북도,3.0,3.0,,,RESOLVED_AGREEMENT,False,3,,,,
e0accad22407f7f170a9,test,귀금속,T3 개념확장,q_귀금속_06,시계,패션·잡화 중 '귀금속'을 판매·제공하는 매장,3eec5871-f5b1-4e96-9831-3218f5a6a102,칠보와치,시계,여수진남상가,자율상권구역,전라남도,3.0,3.0,,,RESOLVED_AGREEMENT,False,3,,,,
7ec03f01c46974c230f4,test,귀금속,T3 개념확장,q_귀금속_06,시계,패션·잡화 중 '귀금속'을 판매·제공하는 매장,01f2baea-5004-4e8d-a9a5-66c50aaf49e6,머쓱케이스,휴대폰 액세서리,동성로상점가,자율상권구역,대구광역시,1.0,2.0,,,P1_BINARY_THRESHOLD,True,,,,,
fce8c1e0edfa8e792a47,test,귀금속,T3 개념확장,q_귀금속_06,시계,패션·잡화 중 '귀금속'을 판매·제공하는 매장,049f8988-fdf6-4dac-acb6-ef8b0af859fa,삼성당,시계,해미읍성전통시장,전통시장,충청남도,3.0,3.0,,,RESOLVED_AGREEMENT,False,3,,,,
07ec0b3a943a4f903f6e,test,귀금속,T3 개념확장,q_귀금속_06,시계,패션·잡화 중 '귀금속'을 판매·제공하는 매장,0056f9b4-b953-40f2-b820-71d6e7b46c58,주얼리루비,귀금속,하남 골목형상점가,골목형상점가,광주광역시,2.0,3.0,,,P2_GRADED_ONLY,True,,,,,
ffc3f02cc4f2b37d01c5,test,귀금속,T3 개념확장,q_귀금속_06,시계,패션·잡화 중 '귀금속'을 판매·제공하는 매장,24907bbf-689b-4976-b174-a19fb0c9cdcd,천금당,시계,충주자유시장,전통시장,충청북도,3.0,3.0,,,RESOLVED_AGREEMENT,False,3,,,,
fc0d434a40a25af2f5eb,test,귀금속,T3 개념확장,q_귀금속_06,시계,패션·잡화 중 '귀금속'을 판매·제공하는 매장,2dffa3ed-8659-49e5-a995-d5f95da1a16d,광일사,시계,남대문시장,전통시장,서울특별시,3.0,3.0,,,RESOLVED_AGREEMENT,False,3,,,,
d011736113be191b3ee6,test,귀금속,T3 개념확장,q_귀금속_06,시계,패션·잡화 중 '귀금속'을 판매·제공하는 매장,18dd5715-f963-495d-b161-d7d28772a2ab,현대보석,"금, 은, 보석시계",전통중앙도매상가,전통시장,대전광역시,3.0,3.0,,,RESOLVED_AGREEMENT,False,3,,,,
9cbb1d0ec7ebbbaf09d6,test,귀금속,T3 개념확장,q_귀금속_06,시계,패션·잡화 중 '귀금속'을 판매·제공하는 매장,0308940f-189d-41bd-9a0c-cae20bfc8b65,실버투유,액세서리,남대문시장,전통시장,서울특별시,1.0,2.0,,,P1_BINARY_THRESHOLD,True,,,,,
5ff2cf0d1bfb3ac3ad2b,test,귀금속,T3 개념확장,q_귀금속_06,시계,패션·잡화 중 '귀금속'을 판매·제공하는 매장,5dceba02-08e9-45ea-bfbe-c443d7fd81f0,서북사,시계 금,지석사거리 골목형상점가,골목형상점가,광주광역시,3.0,3.0,,,RESOLVED_AGREEMENT,False,3,,,,
0f18facd3e92f73899ea,test,귀금속,T3 개념확장,q_귀금속_06,시계,패션·잡화 중 '귀금속'을 판매·제공하는 매장,a598b5d7-03cb-4ad2-82ad-6c930a183334,보금장,시계,김제전통시장,전통시장,전북특별자치도,3.0,3.0,,,RESOLVED_AGREEMENT,False,3,,,,
187ba5b0149b85aa5e69,test,귀금속,T3 개념확장,q_귀금속_06,시계,패션·잡화 중 '귀금속'을 판매·제공하는 매장,5d277adb-d0f5-4252-b633-c8b8b456559b,태양당,시계,의성중앙상점가(의성읍중앙길상가거리),자율상권구역,경상북도,3.0,3.0,,,RESOLVED_AGREEMENT,False,3,,,,
d2c6d0c51a4992d41798,test,귀금속,T3 개념확장,q_귀금속_06,시계,패션·잡화 중 '귀금속'을 판매·제공하는 매장,10d7de83-7786-4755-9083-4609c328428c,동하사,시계,골드테마거리,전통시장,부산광역시,3.0,3.0,,,RESOLVED_AGREEMENT,False,3,,,,
a3fd1029a6bf52d7f81e,test,귀금속,T4 구어·문장,q_귀금속_07,목걸이 반지 파는 곳,패션·잡화 중 '귀금속'을 판매·제공하는 매장,b70e6ff9-6589-4d1f-9c96-d82a545ec2b2,좋은옷 싸게 파는집,의류,신거북시장,전통시장,인천광역시,0.0,0.0,,,RESOLVED_AGREEMENT,False,0,,,,
a54cda14c39f6c29da10,test,귀금속,T4 구어·문장,q_귀금속_07,목걸이 반지 파는 곳,패션·잡화 중 '귀금속'을 판매·제공하는 매장,a84325be-be8c-465e-93fb-6ae0068b5551,금반지,금은세공,광복마을푸른길 골목형상점가,골목형상점가,광주광역시,2.0,3.0,,,P2_GRADED_ONLY,True,,,,,
ac6009c9b6ece1cb08c8,test,귀금속,T4 구어·문장,q_귀금속_07,목걸이 반지 파는 곳,패션·잡화 중 '귀금속'을 판매·제공하는 매장,c161453d-f2c8-4b97-a2c3-a54e0cbdb7e8,생활용품 싸게 파는 집,잡화,안성중앙시장,전통시장,경기도,1.0,0.0,,,P2_GRADED_ONLY,True,,,,,
a440cca7e89a4f847059,test,귀금속,T4 구어·문장,q_귀금속_07,목걸이 반지 파는 곳,패션·잡화 중 '귀금속'을 판매·제공하는 매장,67f8333f-a173-44a0-a35d-d4c013a28dc2,개밥파는 고양이 송촌점,애완용품,송촌시장,전통시장,대전광역시,0.0,0.0,,,RESOLVED_AGREEMENT,False,0,,,,
c929501f746ceed240e8,test,귀금속,T4 구어·문장,q_귀금속_07,목걸이 반지 파는 곳,패션·잡화 중 '귀금속'을 판매·제공하는 매장,11bf25d9-8703-4be2-a1e8-5c3765ffea8a,서교동귀걸이,악세사리,홍대소상공인 상점가,자율상권구역,서울특별시,1.0,3.0,,,P1_BINARY_THRESHOLD,True,,,,,
c1d569e2aaddf6ef31fa,test,귀금속,T4 구어·문장,q_귀금속_07,목걸이 반지 파는 곳,패션·잡화 중 '귀금속'을 판매·제공하는 매장,166c9193-005d-4dc3-8637-ed2bfd71be6f,부산금은방 남매금빵,,골드테마거리,전통시장,부산광역시,2.0,3.0,,,P2_GRADED_ONLY,True,,,,,
56cc604846dc5dd83e7b,test,귀금속,T4 구어·문장,q_귀금속_07,목걸이 반지 파는 곳,패션·잡화 중 '귀금속'을 판매·제공하는 매장,938b92f8-b2f3-4151-81af-3884e120024e,고기파는 청년들,정육,용호시장,전통시장,부산광역시,0.0,0.0,,,RESOLVED_AGREEMENT,False,0,,,,
9d30ad8eebad70b67181,test,귀금속,T4 구어·문장,q_귀금속_07,목걸이 반지 파는 곳,패션·잡화 중 '귀금속'을 판매·제공하는 매장,fb1abfce-7993-4105-9194-ff00c184df05,도쿄앤펄,반지,아시아음식문화거리 골목형상점가,골목형상점가,광주광역시,3.0,3.0,,,RESOLVED_AGREEMENT,False,3,,,,
40090d7135a84fbc4b40,test,귀금속,T4 구어·문장,q_귀금속_07,목걸이 반지 파는 곳,패션·잡화 중 '귀금속'을 판매·제공하는 매장,2f8f2b6a-9ea3-4b43-8629-fd4f39d086aa,이편한서점,문구 먹걸이,다사역 골목형상점가,골목형상점가,대구광역시,0.0,0.0,,,RESOLVED_AGREEMENT,False,0,,,,
bfca1634c587054e1ca8,test,귀금속,T4 구어·문장,q_귀금속_07,목걸이 반지 파는 곳,패션·잡화 중 '귀금속'을 판매·제공하는 매장,76d1abf1-3feb-4576-a880-f69fe18f5f91,옷걸이,의류,중앙로 지하상가 상점가,일반지하상점가,대전광역시,0.0,0.0,,,RESOLVED_AGREEMENT,False,0,,,,
b6f5ad3a4ff981b72535,test,귀금속,T4 구어·문장,q_귀금속_07,목걸이 반지 파는 곳,패션·잡화 중 '귀금속'을 판매·제공하는 매장,09e3a824-23c2-4ac1-9710-9e5e2fc11a73,반지하가오점,한식,가오동 골목형상점가,골목형상점가,대전광역시,2.0,3.0,,,P2_GRADED_ONLY,True,,,,,
d2cd42db4257f62c163e,test,귀금속,T4 구어·문장,q_귀금속_07,목걸이 반지 파는 곳,패션·잡화 중 '귀금속'을 판매·제공하는 매장,c111ac9d-3f3a-405c-a8db-4d127ccda9e2,행복이 있는 곳,잡화,제주로얄쇼핑센터,자율상권구역,제주특별자치도,1.0,0.0,,,P2_GRADED_ONLY,True,,,,,
11c6775246414a659861,test,귀금속,T4 구어·문장,q_귀금속_07,목걸이 반지 파는 곳,패션·잡화 중 '귀금속'을 판매·제공하는 매장,38e12124-12be-4664-a127-0fa1d2d69561,옷걸이,의류,의정부역지하상가,일반지하상점가,경기도,0.0,0.0,,,RESOLVED_AGREEMENT,False,0,,,,
7357fa4e223f69d27c28,test,귀금속,T4 구어·문장,q_귀금속_07,목걸이 반지 파는 곳,패션·잡화 중 '귀금속'을 판매·제공하는 매장,cb15e2d0-9357-4e06-9f00-880705012933,땅파서 폰파는 집(사직점),,사직거인 골목형상점가,골목형상점가,부산광역시,,0.0,Y,,P0_UNCERTAIN_OR_MISSING,True,,,,,
e5481df90fad020914e1,test,귀금속,T4 구어·문장,q_귀금속_07,목걸이 반지 파는 곳,패션·잡화 중 '귀금속'을 판매·제공하는 매장,016d2bb5-8af2-45c2-8456-33067cd315bb,황금당,"금, 시계",홍성명동상가,자율상권구역,충청남도,2.0,3.0,,,P2_GRADED_ONLY,True,,,,,
ee2f41e485f8fa51fa8c,test,귀금속,T4 구어·문장,q_귀금속_07,목걸이 반지 파는 곳,패션·잡화 중 '귀금속'을 판매·제공하는 매장,e40315b7-ff13-4378-96d3-764034562fb9,꽃반지,잡화,해미읍성전통시장,전통시장,충청남도,2.0,3.0,,,P2_GRADED_ONLY,True,,,,,
4acf390366ca839ff46c,test,귀금속,T4 구어·문장,q_귀금속_07,목걸이 반지 파는 곳,패션·잡화 중 '귀금속'을 판매·제공하는 매장,5063480e-8784-4b63-803c-c57c5ea2064c,에이바헤어전주효자점,일반미용업,봉곡우전로 골목형상점가,골목형상점가,전북특별자치도,0.0,0.0,,,RESOLVED_AGREEMENT,False,0,,,,
16f5309e53c02126117d,test,귀금속,T4 구어·문장,q_귀금속_07,목걸이 반지 파는 곳,패션·잡화 중 '귀금속'을 판매·제공하는 매장,03d7c59b-0f64-4647-9c85-97eb7310d1cc,세이젬,"악세사리, 장신구, 귀금속, 시계, 지금",경주중심상가,전통시장,경상북도,2.0,3.0,,,P2_GRADED_ONLY,True,,,,,
6ec984810595df78ccb3,test,귀금속,T4 구어·문장,q_귀금속_07,목걸이 반지 파는 곳,패션·잡화 중 '귀금속'을 판매·제공하는 매장,06f92a02-db8d-46be-8ee1-213693507a55,오드워치,시계,남대문시장,전통시장,서울특별시,2.0,3.0,,,P2_GRADED_ONLY,True,,,,,
ec58616f568ed44bc135,test,귀금속,T4 구어·문장,q_귀금속_07,목걸이 반지 파는 곳,패션·잡화 중 '귀금속'을 판매·제공하는 매장,03d2f183-77cc-44c8-b4e4-f34ed3bcfa83,다나,"소매업(귀금속,액세서리,모조장신구)",코끼리시장,전통시장,경기도,2.0,3.0,,,P2_GRADED_ONLY,True,,,,,
440172b61207da8eb4a4,test,귀금속,T4 구어·문장,q_귀금속_07,목걸이 반지 파는 곳,패션·잡화 중 '귀금속'을 판매·제공하는 매장,03d999c9-d1ad-4f94-8fa6-a7f9bf1c412d,갱'S쥬얼리,"귀금속, 시계",신림별빛거리골목형상점가,골목형상점가,서울특별시,2.0,3.0,,,P2_GRADED_ONLY,True,,,,,
1e20f5cdb9053fc6fd25,test,귀금속,T4 구어·문장,q_귀금속_07,목걸이 반지 파는 곳,패션·잡화 중 '귀금속'을 판매·제공하는 매장,1a12c50e-dcfe-4cae-82be-4bc1f0d84d35,노스페이스 안산한대점,"스포츠 의류, 용품",안산패션타운전통시장,전통시장,경기도,0.0,0.0,,,RESOLVED_AGREEMENT,False,0,,,,
a71b59a9846c4ef4518a,test,귀금속,T4 구어·문장,q_귀금속_07,목걸이 반지 파는 곳,패션·잡화 중 '귀금속'을 판매·제공하는 매장,02c5ba61-b67f-443e-8887-b4a6097fe0b4,꽃반지,잡화(악세사리),해미읍성전통시장,전통시장,충청남도,2.0,3.0,,,P2_GRADED_ONLY,True,,,,,
94459149f07d27a4d538,test,귀금속,T4 구어·문장,q_귀금속_07,목걸이 반지 파는 곳,패션·잡화 중 '귀금속'을 판매·제공하는 매장,26d825f2-2bcd-4e47-8756-3390d6e52697,고기파는 박군,식육점,창원 명서시장,전통시장,경상남도,0.0,0.0,,,RESOLVED_AGREEMENT,False,0,,,,
b68a783ed448c8f06c95,test,귀금속,T4 구어·문장,q_귀금속_07,목걸이 반지 파는 곳,패션·잡화 중 '귀금속'을 판매·제공하는 매장,24456103-f6b8-46af-8655-82e61d7265d8,커피가 머무르는 곳,커피,반드레길골목형상점가,골목형상점가,서울특별시,0.0,0.0,,,RESOLVED_AGREEMENT,False,0,,,,
1a1eab49e21e2e156c1e,test,귀금속,T4 구어·문장,q_귀금속_07,목걸이 반지 파는 곳,패션·잡화 중 '귀금속'을 판매·제공하는 매장,a7ec59a5-9ab1-4236-9c8e-e03ad8d7f92c,반지공작소,액세서리,원주중앙로문화의거리,자율상권구역,강원특별자치도,2.0,3.0,,,P2_GRADED_ONLY,True,,,,,
72b62ece8dc38a4c6617,test,귀금속,T4 구어·문장,q_귀금속_07,목걸이 반지 파는 곳,패션·잡화 중 '귀금속'을 판매·제공하는 매장,fc1d3535-a0d5-487f-8e55-1280673d7615,금부치아,주얼리 반지 목걸이 팔찌 귀걸이 등 귀금속 및 보석,백년소상공인,기타,서울특별시,3.0,3.0,,,RESOLVED_AGREEMENT,False,3,,,,
e48013481650f7b79027,test,귀금속,T4 구어·문장,q_귀금속_07,목걸이 반지 파는 곳,패션·잡화 중 '귀금속'을 판매·제공하는 매장,069cebbe-575a-40b5-9b2f-0a082b552037,별보석금나라,,전통중앙도매상가,전통시장,대전광역시,2.0,3.0,,,P2_GRADED_ONLY,True,,,,,
03a355cfc94040b9bbd0,test,귀금속,T4 구어·문장,q_귀금속_07,목걸이 반지 파는 곳,패션·잡화 중 '귀금속'을 판매·제공하는 매장,f75764d4-4ad8-44c8-ad99-7ccf3eea78de,파지,,중흥자재거리 골목형상점가,골목형상점가,광주광역시,,0.0,Y,,P0_UNCERTAIN_OR_MISSING,True,,,,,
93578661444fd71609b4,test,귀금속,T4 구어·문장,q_귀금속_07,목걸이 반지 파는 곳,패션·잡화 중 '귀금속'을 판매·제공하는 매장,e1e1778d-a2f1-4a9c-861c-7cc508e6cbe5,반지하도안점,한식,목대온기 골목형상점가,골목형상점가,대전광역시,2.0,3.0,,,P2_GRADED_ONLY,True,,,,,
d872798e8a52b96e67f8,test,귀금속,T4 구어·문장,q_귀금속_07,목걸이 반지 파는 곳,패션·잡화 중 '귀금속'을 판매·제공하는 매장,01f2baea-5004-4e8d-a9a5-66c50aaf49e6,머쓱케이스,휴대폰 액세서리,동성로상점가,자율상권구역,대구광역시,1.0,2.0,,,P1_BINARY_THRESHOLD,True,,,,,
9769a929e33dc415c7c2,test,귀금속,T4 구어·문장,q_귀금속_07,목걸이 반지 파는 곳,패션·잡화 중 '귀금속'을 판매·제공하는 매장,025b097b-3ecb-4738-ab0f-d71bc283e74d,반지점방,공예품 장신구,양림공예거리 골목형상점가,골목형상점가,광주광역시,2.0,3.0,,,P2_GRADED_ONLY,True,,,,,
57cb0ee5383b953ee92d,test,귀금속,T4 구어·문장,q_귀금속_07,목걸이 반지 파는 곳,패션·잡화 중 '귀금속'을 판매·제공하는 매장,db263250-3318-4ca7-b22e-98ddf160bc69,보미당,반지,청주시 소나무길 일원 자율상권구역,상권활성화구역,충청북도,3.0,3.0,,,RESOLVED_AGREEMENT,False,3,,,,
cc0343247598cea65a6c,test,귀금속,T4 구어·문장,q_귀금속_07,목걸이 반지 파는 곳,패션·잡화 중 '귀금속'을 판매·제공하는 매장,082b681f-ebb7-46d3-ac4d-64bd7bcf0cef,리코그릭,디저트,은구비서로사회적협동조합 골목형상점가,골목형상점가,대전광역시,0.0,0.0,,,RESOLVED_AGREEMENT,False,0,,,,
0ceaa791712e40e9cf65,test,귀금속,T4 구어·문장,q_귀금속_07,목걸이 반지 파는 곳,패션·잡화 중 '귀금속'을 판매·제공하는 매장,004eaf2b-83b1-4387-9843-85074f3b3f6f,색동보석,보석,충주자유시장,전통시장,충청북도,2.0,3.0,,,P2_GRADED_ONLY,True,,,,,
3a1871584cf6227b88f6,test,귀금속,T4 구어·문장,q_귀금속_07,목걸이 반지 파는 곳,패션·잡화 중 '귀금속'을 판매·제공하는 매장,00ec77a3-3e9a-4a5b-b837-c4014ef84285,은은하당,귀금속소매업,테크노밸리 골목형상점가,골목형상점가,대전광역시,2.0,3.0,,,P2_GRADED_ONLY,True,,,,,
2fff65c75303c8f86781,test,귀금속,T4 구어·문장,q_귀금속_07,목걸이 반지 파는 곳,패션·잡화 중 '귀금속'을 판매·제공하는 매장,5f59c153-0ca4-4ba4-9f1c-e59663f9e5e2,꽃파는 카페 가배화,꽃가게,맛조이상인회 골목형상점가,골목형상점가,광주광역시,0.0,0.0,,,RESOLVED_AGREEMENT,False,0,,,,
6e519f5bf82979d4e0a1,test,귀금속,T4 구어·문장,q_귀금속_07,목걸이 반지 파는 곳,패션·잡화 중 '귀금속'을 판매·제공하는 매장,53de7214-cdf0-4e52-8884-96a2b324ae69,블링걸,장식귀걸이목걸이반지머리핀,신안프라자전통시장,전통시장,경기도,3.0,3.0,,,RESOLVED_AGREEMENT,False,3,,,,
79dd434bf4977a4bc040,test,귀금속,T4 구어·문장,q_귀금속_07,목걸이 반지 파는 곳,패션·잡화 중 '귀금속'을 판매·제공하는 매장,e287e27f-9101-41ec-b452-55f52ff8fa39,명보쥬얼리,보석류반지목걸이,화성남양시장,전통시장,경기도,3.0,3.0,,,RESOLVED_AGREEMENT,False,3,,,,
77288977af233bb7d154,test,귀금속,T4 구어·문장,q_귀금속_07,목걸이 반지 파는 곳,패션·잡화 중 '귀금속'을 판매·제공하는 매장,a3d697b9-b1d2-4fd2-a787-6468d074b16c,임팩트파크골프 문지점,파크골프,문지동 골목형상점가,골목형상점가,대전광역시,0.0,0.0,,,RESOLVED_AGREEMENT,False,0,,,,
109222ccb7f1915c877d,test,귀금속,T4 구어·문장,q_귀금속_07,목걸이 반지 파는 곳,패션·잡화 중 '귀금속'을 판매·제공하는 매장,0188cda6-6441-4058-82b0-0cb89e035583,친한친구,액세서리,㈜르네시떼,전통시장,부산광역시,1.0,2.0,,,P1_BINARY_THRESHOLD,True,,,,,
6655106a6340b72c2404,test,귀금속,T4 구어·문장,q_귀금속_07,목걸이 반지 파는 곳,패션·잡화 중 '귀금속'을 판매·제공하는 매장,10de78d1-e53e-4617-8bf1-5c53e8665faa,경일사,"보석, 시계",송탄시장(송북시장),전통시장,경기도,2.0,3.0,,,P2_GRADED_ONLY,True,,,,,
143ce4213b061c537e6e,test,귀금속,T4 구어·문장,q_귀금속_07,목걸이 반지 파는 곳,패션·잡화 중 '귀금속'을 판매·제공하는 매장,077196ab-cb6b-4340-9004-183242c27f3c,(주)아이엔 (데상트),스포츠의류 외,김포장기패션아울렛,골목형상점가,경기도,0.0,0.0,,,RESOLVED_AGREEMENT,False,0,,,,
820b88d6dd6c652ab0bb,test,귀금속,T4 구어·문장,q_귀금속_07,목걸이 반지 파는 곳,패션·잡화 중 '귀금속'을 판매·제공하는 매장,18dd5715-f963-495d-b161-d7d28772a2ab,현대보석,"금, 은, 보석시계",전통중앙도매상가,전통시장,대전광역시,2.0,3.0,,,P2_GRADED_ONLY,True,,,,,
c21a8a0824f349b8e0e5,test,귀금속,T4 구어·문장,q_귀금속_07,목걸이 반지 파는 곳,패션·잡화 중 '귀금속'을 판매·제공하는 매장,929d857f-3a8c-4e54-beb8-7c697f744ade,고기파는 형제들,,신영시장,전통시장,서울특별시,0.0,0.0,,,RESOLVED_AGREEMENT,False,0,,,,
753a17d768805c46b751,test,귀금속,T4 구어·문장,q_귀금속_07,목걸이 반지 파는 곳,패션·잡화 중 '귀금속'을 판매·제공하는 매장,4f860117-3701-4de7-bb54-f753ce3044c8,벽걸이TV갈무리,벽걸이 및 시계 설치등,영천10단지 골목형상점가,골목형상점가,광주광역시,2.0,3.0,,,P2_GRADED_ONLY,True,,,,,
e826ce1b5a1421c1fb4a,test,귀금속,T4 구어·문장,q_귀금속_07,목걸이 반지 파는 곳,패션·잡화 중 '귀금속'을 판매·제공하는 매장,06261986-3eba-4244-b63f-397460d82f4a,이곳,미용,나주혁신도시 골목형상점가,골목형상점가,전라남도,0.0,0.0,,,RESOLVED_AGREEMENT,False,0,,,,
fa8a287b613eb73cffc5,test,귀금속,T4 구어·문장,q_귀금속_07,목걸이 반지 파는 곳,패션·잡화 중 '귀금속'을 판매·제공하는 매장,6702c44f-743f-4a82-a486-762c643027a2,야채파는 총각,농산물,구리전통시장,전통시장,경기도,0.0,0.0,,,RESOLVED_AGREEMENT,False,0,,,,
775641beb71b345ed95f,test,귀금속,T4 구어·문장,q_귀금속_07,목걸이 반지 파는 곳,패션·잡화 중 '귀금속'을 판매·제공하는 매장,3e83d8ee-19b6-4f78-bef8-4ccd8a6acda2,동광당,금은방,전주중앙상가시장,전통시장,전북특별자치도,2.0,3.0,,,P2_GRADED_ONLY,True,,,,,
7d3ba67223a425140f0e,test,귀금속,T4 구어·문장,q_귀금속_07,목걸이 반지 파는 곳,패션·잡화 중 '귀금속'을 판매·제공하는 매장,5723d922-e55c-46bc-a5b9-846ba2afdf5d,커피파는 집,,거제 성포 골목형상점가,골목형상점가,경상남도,0.0,0.0,,,RESOLVED_AGREEMENT,False,0,,,,
7235ef19d4b152c21f20,test,귀금속,T4 구어·문장,q_귀금속_07,목걸이 반지 파는 곳,패션·잡화 중 '귀금속'을 판매·제공하는 매장,0c0f2fd4-dd64-4b86-a11c-ed97ef89b2d1,언니반지,귀금속,신원권율2 골목형상점가,골목형상점가,경기도,2.0,3.0,,,P2_GRADED_ONLY,True,,,,,
8c70a63aa0832e941db4,test,귀금속,T4 구어·문장,q_귀금속_07,목걸이 반지 파는 곳,패션·잡화 중 '귀금속'을 판매·제공하는 매장,085465ef-544c-4898-9421-c8b9babe2186,해와달,소매(준보석),천호로데오거리상점가,자율상권구역,서울특별시,2.0,3.0,,,P2_GRADED_ONLY,True,,,,,
683d72e2a6cff8ac9310,test,귀금속,T4 구어·문장,q_귀금속_07,목걸이 반지 파는 곳,패션·잡화 중 '귀금속'을 판매·제공하는 매장,be9f8c61-892c-48ed-a49d-b63bd032c025,소곳,의류,고투몰(강남터미널지하도상점가),일반지하상점가,서울특별시,0.0,0.0,,,RESOLVED_AGREEMENT,False,0,,,,
afac5d028e0c66c43968,test,귀금속,T4 구어·문장,q_귀금속_07,목걸이 반지 파는 곳,패션·잡화 중 '귀금속'을 판매·제공하는 매장,00ee1cd3-ec15-467a-86d2-07e596d7d395,금옥당,"귀금속, 시계 소매",골드테마거리,전통시장,부산광역시,2.0,3.0,,,P2_GRADED_ONLY,True,,,,,
3cab15bdda5dae73539d,test,귀금속,T4 구어·문장,q_귀금속_07,목걸이 반지 파는 곳,패션·잡화 중 '귀금속'을 판매·제공하는 매장,41aba9db-8677-4c0d-8d91-7c7a7198aeab,경희한의원,침치료 한약,여수진남상가,자율상권구역,전라남도,0.0,0.0,,,RESOLVED_AGREEMENT,False,0,,,,
2093171fef197719c1db,test,귀금속,T4 구어·문장,q_귀금속_07,목걸이 반지 파는 곳,패션·잡화 중 '귀금속'을 판매·제공하는 매장,f8a09916-a3e3-4d99-8adc-d1c497d3f60b,the옷걸이,의류,의정부역지하상가,일반지하상점가,경기도,0.0,0.0,,,RESOLVED_AGREEMENT,False,0,,,,
49a9454f1f5ff9ee5d78,test,귀금속,T4 구어·문장,q_귀금속_07,목걸이 반지 파는 곳,패션·잡화 중 '귀금속'을 판매·제공하는 매장,0308940f-189d-41bd-9a0c-cae20bfc8b65,실버투유,액세서리,남대문시장,전통시장,서울특별시,1.0,2.0,,,P1_BINARY_THRESHOLD,True,,,,,
143afc04da83827a8a08,test,귀금속,T4 구어·문장,q_귀금속_07,목걸이 반지 파는 곳,패션·잡화 중 '귀금속'을 판매·제공하는 매장,04953f2e-6237-48ad-bae3-331572b31a5d,미니스피어싱수지점,귀걸이.목걸이.팔찌,풍2동 골목형상점가,골목형상점가,경기도,2.0,3.0,,,P2_GRADED_ONLY,True,,,,,
0b6331e36ded8f5d5149,test,귀금속,T4 구어·문장,q_귀금속_07,목걸이 반지 파는 곳,패션·잡화 중 '귀금속'을 판매·제공하는 매장,4af6128c-51b1-4ea8-ae60-2b958126a172,원보석,소매(금은방),우림골목시장,전통시장,서울특별시,2.0,3.0,,,P2_GRADED_ONLY,True,,,,,
a68507ddd5fca7e9a2c9,test,귀금속,T4 구어·문장,q_귀금속_07,목걸이 반지 파는 곳,패션·잡화 중 '귀금속'을 판매·제공하는 매장,2743811c-5e71-4d2b-aa75-1b0147d44f2d,사우 꽃이 피는 곳,꽃,김포 풍년마을 골목형상점가,골목형상점가,경기도,0.0,0.0,,,RESOLVED_AGREEMENT,False,0,,,,
73a7a0380a4af10dd69b,test,귀금속,T4 구어·문장,q_귀금속_07,목걸이 반지 파는 곳,패션·잡화 중 '귀금속'을 판매·제공하는 매장,049f8988-fdf6-4dac-acb6-ef8b0af859fa,삼성당,시계,해미읍성전통시장,전통시장,충청남도,2.0,3.0,,,P2_GRADED_ONLY,True,,,,,
9a32bb55735e31817fd9,test,귀금속,T4 구어·문장,q_귀금속_07,목걸이 반지 파는 곳,패션·잡화 중 '귀금속'을 판매·제공하는 매장,ad2284ff-8791-453b-b8a9-67654ff94220,폰파는 신사,휴대폰,남해 명품화전길 골목형상점가,골목형상점가,경상남도,0.0,0.0,,,RESOLVED_AGREEMENT,False,0,,,,
063aa4f9be13b4f4859a,test,귀금속,T4 구어·문장,q_귀금속_07,목걸이 반지 파는 곳,패션·잡화 중 '귀금속'을 판매·제공하는 매장,49a3fe9c-bbf7-42a9-a741-99166f39ce92,진보당,금은방,진해중앙시장,전통시장,경상남도,2.0,3.0,,,P2_GRADED_ONLY,True,,,,,
931cb02d67cfba2f131e,test,귀금속,T4 구어·문장,q_귀금속_07,목걸이 반지 파는 곳,패션·잡화 중 '귀금속'을 판매·제공하는 매장,dc5c0ce0-f6c9-4e30-b7ac-b536f2771a50,옷걸이,여성복,망미중앙시장,전통시장,부산광역시,0.0,0.0,,,RESOLVED_AGREEMENT,False,0,,,,
4123a43522ffbbb2c633,test,귀금속,T4 구어·문장,q_귀금속_07,목걸이 반지 파는 곳,패션·잡화 중 '귀금속'을 판매·제공하는 매장,14ff5f1a-9548-4871-916d-1d9503b6e40b,(주)제이원푸드,도소매(식육 및 부산물),마장축산물시장,전통시장,서울특별시,0.0,0.0,,,RESOLVED_AGREEMENT,False,0,,,,
531ad281896fcfe8655e,test,귀금속,T4 구어·문장,q_귀금속_07,목걸이 반지 파는 곳,패션·잡화 중 '귀금속'을 판매·제공하는 매장,5beb6187-2766-4dd5-bcca-3b08cb8c087f,고기파는 총각들,,용마루길 골목형상점가,골목형상점가,서울특별시,0.0,0.0,,,RESOLVED_AGREEMENT,False,0,,,,
bd7d811b809d258aa01d,test,귀금속,T4 구어·문장,q_귀금속_07,목걸이 반지 파는 곳,패션·잡화 중 '귀금속'을 판매·제공하는 매장,38734df9-1aea-49b2-9050-25ba327f052d,호박당,금은방(귀금속),전주모래내시장,전통시장,전북특별자치도,2.0,3.0,,,P2_GRADED_ONLY,True,,,,,
a581b30837d9949de8a7,test,귀금속,T4 구어·문장,q_귀금속_07,목걸이 반지 파는 곳,패션·잡화 중 '귀금속'을 판매·제공하는 매장,1d5631fa-ec06-4f91-be13-602ed27d1b7b,반지제작소,공예,BOCA 보카상점가,골목형상점가,경기도,2.0,3.0,,,P2_GRADED_ONLY,True,,,,,
58b889dd873277b886ca,test,귀금속,T4 구어·문장,q_귀금속_07,목걸이 반지 파는 곳,패션·잡화 중 '귀금속'을 판매·제공하는 매장,905fdfef-83ca-4ed1-be97-3b0170dabcdb,젬하우스,악세사리 반지공방,신사세로수길골목형상점가,골목형상점가,서울특별시,3.0,3.0,,,RESOLVED_AGREEMENT,False,3,,,,
586061f44e419eb31246,test,귀금속,T4 구어·문장,q_귀금속_07,목걸이 반지 파는 곳,패션·잡화 중 '귀금속'을 판매·제공하는 매장,ac373383-b8ae-4d55-96fc-93362464806b,자유장식,행거옷걸이,부산자유시장,전통시장,부산광역시,0.0,0.0,,,RESOLVED_AGREEMENT,False,0,,,,
790194b6f19a813a50d0,test,귀금속,T4 구어·문장,q_귀금속_07,목걸이 반지 파는 곳,패션·잡화 중 '귀금속'을 판매·제공하는 매장,0056f9b4-b953-40f2-b820-71d6e7b46c58,주얼리루비,귀금속,하남 골목형상점가,골목형상점가,광주광역시,2.0,3.0,,,P2_GRADED_ONLY,True,,,,,
4bb0768fc44a3d6c7477,test,귀금속,T4 구어·문장,q_귀금속_07,목걸이 반지 파는 곳,패션·잡화 중 '귀금속'을 판매·제공하는 매장,a46ce65b-3da8-4c23-90b9-802ea2398925,모아분식,분식,전농배봉산맛집거리골목형상점가,골목형상점가,서울특별시,0.0,0.0,,,RESOLVED_AGREEMENT,False,0,,,,
fcb92e51e5e4294cdfa8,test,귀금속,T4 구어·문장,q_귀금속_07,목걸이 반지 파는 곳,패션·잡화 중 '귀금속'을 판매·제공하는 매장,0a3a57d0-e083-4a33-98ca-19e2bba3345b,슈퍼옷걸이,도소매(의류),동평화시장(동평화패션타운),전통시장,서울특별시,0.0,0.0,,,RESOLVED_AGREEMENT,False,0,,,,
b8f8ff5cf1f440ff2f00,test,귀금속,T4 구어·문장,q_귀금속_07,목걸이 반지 파는 곳,패션·잡화 중 '귀금속'을 판매·제공하는 매장,4304ee55-bc0b-4f66-933a-fd3e086a5c11,꽃반지,귀금속,㈜르네시떼,전통시장,부산광역시,2.0,3.0,,,P2_GRADED_ONLY,True,,,,,
84e8c23ca22cc31d0995,test,귀금속,T4 구어·문장,q_귀금속_07,목걸이 반지 파는 곳,패션·잡화 중 '귀금속'을 판매·제공하는 매장,0cf82b2a-71a4-4657-b871-9a52288c43c1,반지만들기공방반지놀이터울산점,반지만들기,성남먹자골목,골목형상점가,울산광역시,3.0,3.0,,,RESOLVED_AGREEMENT,False,3,,,,
4c41231e60d325b43cb4,test,귀금속,T4 구어·문장,q_귀금속_07,목걸이 반지 파는 곳,패션·잡화 중 '귀금속'을 판매·제공하는 매장,0038905e-d969-4b31-b09f-c35bdc0b9b8b,영보석,귀금속,촬영소사거리골목형상점가,골목형상점가,서울특별시,2.0,3.0,,,P2_GRADED_ONLY,True,,,,,
0251162b84aef9a7da22,test,귀금속,T4 구어·문장,q_귀금속_07,목걸이 반지 파는 곳,패션·잡화 중 '귀금속'을 판매·제공하는 매장,a54a3ab8-d1b5-4844-80b7-ac70fad66dc0,에테르주얼리,반지 및 악세서리,대봉애 골목형상점가,골목형상점가,대구광역시,3.0,3.0,,,RESOLVED_AGREEMENT,False,3,,,,
63f92a47e5e63b8371f6,test,귀금속,T4 구어·문장,q_귀금속_07,목걸이 반지 파는 곳,패션·잡화 중 '귀금속'을 판매·제공하는 매장,db501aba-a212-40a0-b824-1fa363a3e7af,국제금다이아거래소,귀걸이 목걸이 등 쥬얼리,별양동상점가,자율상권구역,경기도,2.0,3.0,,,P2_GRADED_ONLY,True,,,,,
28748e32f4e88a2c2be6,test,귀금속,T4 구어·문장,q_귀금속_07,목걸이 반지 파는 곳,패션·잡화 중 '귀금속'을 판매·제공하는 매장,842f6cf1-6411-4f4b-be23-746d79e31656,섬곳,한식,플레이사계 지오단길 골목형상점가,골목형상점가,제주특별자치도,0.0,0.0,,,RESOLVED_AGREEMENT,False,0,,,,
0f04871462c1c4db2a43,test,귀금속,T4 구어·문장,q_귀금속_07,목걸이 반지 파는 곳,패션·잡화 중 '귀금속'을 판매·제공하는 매장,4d94b5a5-cab3-4fde-8e3a-f9f587c0cdc3,옷걸이,의류,보세거리 상점가,자율상권구역,울산광역시,0.0,0.0,,,RESOLVED_AGREEMENT,False,0,,,,
d4b3aa96365b801efa8b,test,귀금속,T4 구어·문장,q_귀금속_07,목걸이 반지 파는 곳,패션·잡화 중 '귀금속'을 판매·제공하는 매장,03425599-9eed-4d3b-8682-d3c2e620325e,초량전통시장 노점매대 54번,액세서리,초량전통시장,전통시장,부산광역시,1.0,2.0,,,P1_BINARY_THRESHOLD,True,,,,,
0778982e892f2b16424e,test,귀금속,T4 구어·문장,q_귀금속_07,목걸이 반지 파는 곳,패션·잡화 중 '귀금속'을 판매·제공하는 매장,76a3551b-dae4-4326-92cc-662015aedbfb,쉴 곳,한식,칠성로상점가,자율상권구역,제주특별자치도,0.0,0.0,,,RESOLVED_AGREEMENT,False,0,,,,
99db5a2d4223ebdcca73,test,귀금속,T4 구어·문장,q_귀금속_07,목걸이 반지 파는 곳,패션·잡화 중 '귀금속'을 판매·제공하는 매장,cf180480-df0a-4e26-b978-d247cd81be6b,커플링마을광주점,은반지 은팔찌,"금남로4,5가 골목형상점가",골목형상점가,광주광역시,3.0,3.0,,,RESOLVED_AGREEMENT,False,3,,,,
9526cb08f21acb0dec0f,test,귀금속,T4 구어·문장,q_귀금속_07,목걸이 반지 파는 곳,패션·잡화 중 '귀금속'을 판매·제공하는 매장,0043881b-db89-4699-8cc4-29ff178f91ee,국제보석,귀금속,대구패션주얼리특구,자율상권구역,대구광역시,2.0,3.0,,,P2_GRADED_ONLY,True,,,,,
e8ddd16dcef7f8f5f85a,test,귀금속,T4 구어·문장,q_귀금속_08,시계 배터리 가는 곳,패션·잡화 중 '귀금속'을 판매·제공하는 매장,3e5d11a5-df3d-43d0-aa3d-b61f2a219228,명진사,시계,청주육거리종합시장,전통시장,충청북도,3.0,3.0,,,RESOLVED_AGREEMENT,False,3,,,,
43d445854b76bd21be03,test,귀금속,T4 구어·문장,q_귀금속_08,시계 배터리 가는 곳,패션·잡화 중 '귀금속'을 판매·제공하는 매장,7e79c0b4-09fd-4fbe-be7b-70c2df2a247f,도도세차장내방점,세차 배터리,늘해랑상인회 골목형상점가,골목형상점가,광주광역시,0.0,0.0,,,RESOLVED_AGREEMENT,False,0,,,,
c022a332a2c5d42daaf9,test,귀금속,T4 구어·문장,q_귀금속_08,시계 배터리 가는 곳,패션·잡화 중 '귀금속'을 판매·제공하는 매장,ac5cc32e-296e-4c13-ae5e-872d9a0f48bb,황옥당,시계,말바우시장,전통시장,광주광역시,3.0,3.0,,,RESOLVED_AGREEMENT,False,3,,,,
0b93080391e8542596b7,test,귀금속,T4 구어·문장,q_귀금속_08,시계 배터리 가는 곳,패션·잡화 중 '귀금속'을 판매·제공하는 매장,19d2cb9a-653f-4aef-bfc3-b1af185e411c,정확당,시계,고도리 장터거리 상점가,골목형상점가,전라남도,3.0,3.0,,,RESOLVED_AGREEMENT,False,3,,,,
78c2e5a0faf8a5303129,test,귀금속,T4 구어·문장,q_귀금속_08,시계 배터리 가는 곳,패션·잡화 중 '귀금속'을 판매·제공하는 매장,6d0e7d9a-5803-4404-8a10-966e7b152d2b,광주 배터리,자동차 배터리,마륵동상인회 골목형상점가,골목형상점가,광주광역시,0.0,0.0,,,RESOLVED_AGREEMENT,False,0,,,,
5f249fabea5890643e9e,test,귀금속,T4 구어·문장,q_귀금속_08,시계 배터리 가는 곳,패션·잡화 중 '귀금속'을 판매·제공하는 매장,8ac4d22a-9800-4667-8f0b-ae5460ee3faf,케이원 밧데리,배터리,오치1동 골목형상점가,골목형상점가,광주광역시,0.0,0.0,,,RESOLVED_AGREEMENT,False,0,,,,
eeda9b68401cee009a78,test,귀금속,T4 구어·문장,q_귀금속_08,시계 배터리 가는 곳,패션·잡화 중 '귀금속'을 판매·제공하는 매장,c111ac9d-3f3a-405c-a8db-4d127ccda9e2,행복이 있는 곳,잡화,제주로얄쇼핑센터,자율상권구역,제주특별자치도,1.0,0.0,,,P2_GRADED_ONLY,True,,,,,
23521d569746d89c7251,test,귀금속,T4 구어·문장,q_귀금속_08,시계 배터리 가는 곳,패션·잡화 중 '귀금속'을 판매·제공하는 매장,a4d2114b-8a40-4d8e-be56-e11755076618,세종당,시계,비단길현대시장,전통시장,서울특별시,3.0,3.0,,,RESOLVED_AGREEMENT,False,3,,,,
d24183718055cb568bb8,test,귀금속,T4 구어·문장,q_귀금속_08,시계 배터리 가는 곳,패션·잡화 중 '귀금속'을 판매·제공하는 매장,5dceba02-08e9-45ea-bfbe-c443d7fd81f0,서북사,시계 금,지석사거리 골목형상점가,골목형상점가,광주광역시,2.0,3.0,,,P2_GRADED_ONLY,True,,,,,
dac55ad893e62921d643,test,귀금속,T4 구어·문장,q_귀금속_08,시계 배터리 가는 곳,패션·잡화 중 '귀금속'을 판매·제공하는 매장,01f2baea-5004-4e8d-a9a5-66c50aaf49e6,머쓱케이스,휴대폰 액세서리,동성로상점가,자율상권구역,대구광역시,1.0,2.0,,,P1_BINARY_THRESHOLD,True,,,,,
f485547506a5bb7848ea,test,귀금속,T4 구어·문장,q_귀금속_08,시계 배터리 가는 곳,패션·잡화 중 '귀금속'을 판매·제공하는 매장,004eaf2b-83b1-4387-9843-85074f3b3f6f,색동보석,보석,충주자유시장,전통시장,충청북도,2.0,3.0,,,P2_GRADED_ONLY,True,,,,,
c036fd0db06c3240d3dd,test,귀금속,T4 구어·문장,q_귀금속_08,시계 배터리 가는 곳,패션·잡화 중 '귀금속'을 판매·제공하는 매장,4af6128c-51b1-4ea8-ae60-2b958126a172,원보석,소매(금은방),우림골목시장,전통시장,서울특별시,2.0,3.0,,,P2_GRADED_ONLY,True,,,,,
83fb07c357bff21290d9,test,귀금속,T4 구어·문장,q_귀금속_08,시계 배터리 가는 곳,패션·잡화 중 '귀금속'을 판매·제공하는 매장,d5e7e608-a033-43e9-ae87-ff6a3d2d4c34,명금당,시계,관문상가시장,전통시장,대구광역시,3.0,3.0,,,RESOLVED_AGREEMENT,False,3,,,,
d022169310d74e9a5564,test,귀금속,T4 구어·문장,q_귀금속_08,시계 배터리 가는 곳,패션·잡화 중 '귀금속'을 판매·제공하는 매장,5b5afea1-8c19-4072-9b04-ee36c0ce04de,금보원,시계,동운고가도로 골목형상점가,골목형상점가,광주광역시,3.0,3.0,,,RESOLVED_AGREEMENT,False,3,,,,
fe317a2dbefca6d77e31,test,귀금속,T4 구어·문장,q_귀금속_08,시계 배터리 가는 곳,패션·잡화 중 '귀금속'을 판매·제공하는 매장,bc55186b-8332-43cc-9b23-76a517a8acda,명금당,시계,다시남목 골목형상점가,골목형상점가,울산광역시,3.0,3.0,,,RESOLVED_AGREEMENT,False,3,,,,
0d75f3b1b229491bee15,test,귀금속,T4 구어·문장,q_귀금속_08,시계 배터리 가는 곳,패션·잡화 중 '귀금속'을 판매·제공하는 매장,a54a3ab8-d1b5-4844-80b7-ac70fad66dc0,에테르주얼리,반지 및 악세서리,대봉애 골목형상점가,골목형상점가,대구광역시,2.0,3.0,,,P2_GRADED_ONLY,True,,,,,
958d52bb4395d648cef7,test,귀금속,T4 구어·문장,q_귀금속_08,시계 배터리 가는 곳,패션·잡화 중 '귀금속'을 판매·제공하는 매장,2a25f13a-8504-4dc0-a869-45c8017290de,파란소리음악학원,음악교육,김녕로 골목형상점가,골목형상점가,제주특별자치도,0.0,0.0,,,RESOLVED_AGREEMENT,False,0,,,,
2335013353bf8cf1b690,test,귀금속,T4 구어·문장,q_귀금속_08,시계 배터리 가는 곳,패션·잡화 중 '귀금속'을 판매·제공하는 매장,18dd5715-f963-495d-b161-d7d28772a2ab,현대보석,"금, 은, 보석시계",전통중앙도매상가,전통시장,대전광역시,2.0,3.0,,,P2_GRADED_ONLY,True,,,,,
89928c264888e9d937f3,test,귀금속,T4 구어·문장,q_귀금속_08,시계 배터리 가는 곳,패션·잡화 중 '귀금속'을 판매·제공하는 매장,fb2951ac-10cb-4789-81e2-fe8848b48a4d,보배반점 하남2지구점,중식,하남 골목형상점가,골목형상점가,광주광역시,0.0,0.0,,,RESOLVED_AGREEMENT,False,0,,,,
fe008f92f055be5fc076,test,귀금속,T4 구어·문장,q_귀금속_08,시계 배터리 가는 곳,패션·잡화 중 '귀금속'을 판매·제공하는 매장,53de7214-cdf0-4e52-8884-96a2b324ae69,블링걸,장식귀걸이목걸이반지머리핀,신안프라자전통시장,전통시장,경기도,2.0,3.0,,,P2_GRADED_ONLY,True,,,,,
c2b99e1568da03ccc34c,test,귀금속,T4 구어·문장,q_귀금속_08,시계 배터리 가는 곳,패션·잡화 중 '귀금속'을 판매·제공하는 매장,049f8988-fdf6-4dac-acb6-ef8b0af859fa,삼성당,시계,해미읍성전통시장,전통시장,충청남도,3.0,3.0,,,RESOLVED_AGREEMENT,False,3,,,,
186e104611000c03f151,test,귀금속,T4 구어·문장,q_귀금속_08,시계 배터리 가는 곳,패션·잡화 중 '귀금속'을 판매·제공하는 매장,31528fae-22a3-4d68-9184-f17f2d74d41a,달인밧데리 신안점,배터리,자동차의거리,자율상권구역,광주광역시,0.0,0.0,,,RESOLVED_AGREEMENT,False,0,,,,
0e51986fb7288c80159d,test,귀금속,T4 구어·문장,q_귀금속_08,시계 배터리 가는 곳,패션·잡화 중 '귀금속'을 판매·제공하는 매장,2c7c9c42-7c61-4fd8-9aaf-3f40541fe34e,금탑,시계,화정역상인회 골목형상점가,골목형상점가,광주광역시,3.0,3.0,,,RESOLVED_AGREEMENT,False,3,,,,
bca37cb6c8e427123a4a,test,귀금속,T4 구어·문장,q_귀금속_08,시계 배터리 가는 곳,패션·잡화 중 '귀금속'을 판매·제공하는 매장,0ebce67a-9623-415d-b313-f7771a4f1558,정원당,시계,계림오거리 골목형상점가,골목형상점가,광주광역시,3.0,3.0,,,RESOLVED_AGREEMENT,False,3,,,,
68b161b2bf39967f0e65,test,귀금속,T4 구어·문장,q_귀금속_08,시계 배터리 가는 곳,패션·잡화 중 '귀금속'을 판매·제공하는 매장,b9f614f1-79f5-406a-9978-6cc0f0f394f1,광주 밧데리 할인점,자동차 배터리,수완이지더원 골목형상점가,골목형상점가,광주광역시,0.0,0.0,,,RESOLVED_AGREEMENT,False,0,,,,
03c18e29ca4b4e15c8a8,test,귀금속,T4 구어·문장,q_귀금속_08,시계 배터리 가는 곳,패션·잡화 중 '귀금속'을 판매·제공하는 매장,03425599-9eed-4d3b-8682-d3c2e620325e,초량전통시장 노점매대 54번,액세서리,초량전통시장,전통시장,부산광역시,1.0,2.0,,,P1_BINARY_THRESHOLD,True,,,,,
21c2ef40a5b9b543ae8b,test,귀금속,T4 구어·문장,q_귀금속_08,시계 배터리 가는 곳,패션·잡화 중 '귀금속'을 판매·제공하는 매장,076133ae-9b49-4a02-962d-a3265a9a2c5d,베리배터리,양식,경대북문 골목형상점가,골목형상점가,대구광역시,0.0,0.0,,,RESOLVED_AGREEMENT,False,0,,,,
df61fac4e3c5a300af89,test,귀금속,T4 구어·문장,q_귀금속_08,시계 배터리 가는 곳,패션·잡화 중 '귀금속'을 판매·제공하는 매장,072851b4-8d47-4e6b-a1f4-18ef47490ed1,금빛돌보석,시계,봉덕신시장,전통시장,대구광역시,3.0,3.0,,,RESOLVED_AGREEMENT,False,3,,,,
18b1b641b3d35eebd797,test,귀금속,T4 구어·문장,q_귀금속_08,시계 배터리 가는 곳,패션·잡화 중 '귀금속'을 판매·제공하는 매장,0c3722b9-49d2-48a5-b6fc-ae7de702d6ef,곰이네식당,,쌍정 골목형상점가,골목형상점가,전라남도,,0.0,Y,,P0_UNCERTAIN_OR_MISSING,True,,,,,
1881df1954f20f501a6a,test,귀금속,T4 구어·문장,q_귀금속_08,시계 배터리 가는 곳,패션·잡화 중 '귀금속'을 판매·제공하는 매장,49a3fe9c-bbf7-42a9-a741-99166f39ce92,진보당,금은방,진해중앙시장,전통시장,경상남도,2.0,3.0,,,P2_GRADED_ONLY,True,,,,,
e361e81720eedca809c1,test,귀금속,T4 구어·문장,q_귀금속_08,시계 배터리 가는 곳,패션·잡화 중 '귀금속'을 판매·제공하는 매장,0cf82b2a-71a4-4657-b871-9a52288c43c1,반지만들기공방반지놀이터울산점,반지만들기,성남먹자골목,골목형상점가,울산광역시,2.0,3.0,,,P2_GRADED_ONLY,True,,,,,
ff3c592861782346272a,test,귀금속,T4 구어·문장,q_귀금속_08,시계 배터리 가는 곳,패션·잡화 중 '귀금속'을 판매·제공하는 매장,871cefc8-dc7a-4fd0-b354-9040c70a9f32,반값밧데리할인마트,배터리 전지,첨단월봉로 골목형상점가,골목형상점가,광주광역시,0.0,0.0,,,RESOLVED_AGREEMENT,False,0,,,,
515c59513675723db082,test,귀금속,T4 구어·문장,q_귀금속_08,시계 배터리 가는 곳,패션·잡화 중 '귀금속'을 판매·제공하는 매장,2e518c2a-083e-4116-8ce8-cc4d12e0b5e9,배터리할인마트,배터리,양산동 행복 골목형상점가,골목형상점가,광주광역시,0.0,0.0,,,RESOLVED_AGREEMENT,False,0,,,,
16a80deb6419bef63d9f,test,귀금속,T4 구어·문장,q_귀금속_08,시계 배터리 가는 곳,패션·잡화 중 '귀금속'을 판매·제공하는 매장,5509a8e1-143b-4174-8d32-a78782f77e88,좋은밧데리,배터리,중문로 골목형상점가,골목형상점가,광주광역시,0.0,0.0,,,RESOLVED_AGREEMENT,False,0,,,,
78592da3c71eed76c5eb,test,귀금속,T4 구어·문장,q_귀금속_08,시계 배터리 가는 곳,패션·잡화 중 '귀금속'을 판매·제공하는 매장,5b2c3133-280c-4159-bcf5-a92aeec643c7,금성당,시계,봉화내성시장,전통시장,경상북도,3.0,3.0,,,RESOLVED_AGREEMENT,False,3,,,,
19d7570780804451e444,test,귀금속,T4 구어·문장,q_귀금속_08,시계 배터리 가는 곳,패션·잡화 중 '귀금속'을 판매·제공하는 매장,2743811c-5e71-4d2b-aa75-1b0147d44f2d,사우 꽃이 피는 곳,꽃,김포 풍년마을 골목형상점가,골목형상점가,경기도,0.0,0.0,,,RESOLVED_AGREEMENT,False,0,,,,
9a1ac206d5c00a8a2f21,test,귀금속,T4 구어·문장,q_귀금속_08,시계 배터리 가는 곳,패션·잡화 중 '귀금속'을 판매·제공하는 매장,10de78d1-e53e-4617-8bf1-5c53e8665faa,경일사,"보석, 시계",송탄시장(송북시장),전통시장,경기도,2.0,3.0,,,P2_GRADED_ONLY,True,,,,,
74a07f6ee19874057201,test,귀금속,T4 구어·문장,q_귀금속_08,시계 배터리 가는 곳,패션·잡화 중 '귀금속'을 판매·제공하는 매장,a094b560-951c-434d-bb74-3fc37c4f9658,변강쇠밧데리,"축전지, 배터리",시화유통상가,전통시장,경기도,0.0,0.0,,,RESOLVED_AGREEMENT,False,0,,,,
111c9798a9610b0d6a7b,test,귀금속,T4 구어·문장,q_귀금속_08,시계 배터리 가는 곳,패션·잡화 중 '귀금속'을 판매·제공하는 매장,069cebbe-575a-40b5-9b2f-0a082b552037,별보석금나라,,전통중앙도매상가,전통시장,대전광역시,2.0,3.0,,,P2_GRADED_ONLY,True,,,,,
bcbc935391fd636038e0,test,귀금속,T4 구어·문장,q_귀금속_08,시계 배터리 가는 곳,패션·잡화 중 '귀금속'을 판매·제공하는 매장,317445e1-154f-4db9-ba60-961401befda4,스타키보청기 성남수정센터,보청기 배터리,성남중앙시장(중앙공설시장),전통시장,경기도,0.0,0.0,,,RESOLVED_AGREEMENT,False,0,,,,
d44e738d25e575487420,test,귀금속,T4 구어·문장,q_귀금속_08,시계 배터리 가는 곳,패션·잡화 중 '귀금속'을 판매·제공하는 매장,6deeb4ab-bbda-458d-a762-e85290e40cf3,현대시계,시계,부산국제시장,전통시장,부산광역시,3.0,3.0,,,RESOLVED_AGREEMENT,False,3,,,,
17ba9cb90a2bd576c571,test,귀금속,T4 구어·문장,q_귀금속_08,시계 배터리 가는 곳,패션·잡화 중 '귀금속'을 판매·제공하는 매장,5c2b824e-6c6c-49d5-8927-60df452d03f4,대전시민자동차출장배터리,전지 배터리,충무자동차거리 상점가,자율상권구역,대전광역시,0.0,0.0,,,RESOLVED_AGREEMENT,False,0,,,,
2a706789581f2559d286,test,귀금속,T4 구어·문장,q_귀금속_08,시계 배터리 가는 곳,패션·잡화 중 '귀금속'을 판매·제공하는 매장,5100d89f-832d-4db5-b272-55faf3225696,금오당,시계,온양온천역 골목형 상점가,골목형상점가,충청남도,3.0,3.0,,,RESOLVED_AGREEMENT,False,3,,,,
b1e2226b240199e1b0f5,test,귀금속,T4 구어·문장,q_귀금속_08,시계 배터리 가는 곳,패션·잡화 중 '귀금속'을 판매·제공하는 매장,03d7c59b-0f64-4647-9c85-97eb7310d1cc,세이젬,"악세사리, 장신구, 귀금속, 시계, 지금",경주중심상가,전통시장,경상북도,2.0,3.0,,,P2_GRADED_ONLY,True,,,,,
1412220d9b5cb0a6ea8a,test,귀금속,T4 구어·문장,q_귀금속_08,시계 배터리 가는 곳,패션·잡화 중 '귀금속'을 판매·제공하는 매장,cd9ebbec-3967-420f-967c-d67e614dcf6f,울산전자담배 하카동구점,배터리 충전기 담배,대왕암사거리 골목형상점가,골목형상점가,울산광역시,0.0,0.0,,,RESOLVED_AGREEMENT,False,0,,,,
89d7ea851f8d6bec303c,test,귀금속,T4 구어·문장,q_귀금속_08,시계 배터리 가는 곳,패션·잡화 중 '귀금속'을 판매·제공하는 매장,d835374f-6917-4744-a71a-364c5ff83ea7,원골드,시계,유진상가,전통시장,서울특별시,3.0,3.0,,,RESOLVED_AGREEMENT,False,3,,,,
7cbabb8ba10439504dbf,test,귀금속,T4 구어·문장,q_귀금속_08,시계 배터리 가는 곳,패션·잡화 중 '귀금속'을 판매·제공하는 매장,3a129743-bb93-4998-a69a-04de022d9e98,멀티커피 연신내점,커피,연신내골목형상점가,골목형상점가,서울특별시,0.0,0.0,,,RESOLVED_AGREEMENT,False,0,,,,
19a134556c4d603fffb8,test,귀금속,T4 구어·문장,q_귀금속_08,시계 배터리 가는 곳,패션·잡화 중 '귀금속'을 판매·제공하는 매장,0635a9e8-fd64-4c4e-8c9f-d77bf89f33dd,월드상사,자동차 배터리,산업용재유통센터 상인회 골목형상점가,골목형상점가,광주광역시,0.0,0.0,,,RESOLVED_AGREEMENT,False,0,,,,
df42649e6bb9389032ae,test,귀금속,T4 구어·문장,q_귀금속_08,시계 배터리 가는 곳,패션·잡화 중 '귀금속'을 판매·제공하는 매장,0188cda6-6441-4058-82b0-0cb89e035583,친한친구,액세서리,㈜르네시떼,전통시장,부산광역시,1.0,2.0,,,P1_BINARY_THRESHOLD,True,,,,,
e2c9194a3dd7b437a64b,test,귀금속,T4 구어·문장,q_귀금속_08,시계 배터리 가는 곳,패션·잡화 중 '귀금속'을 판매·제공하는 매장,166c9193-005d-4dc3-8637-ed2bfd71be6f,부산금은방 남매금빵,,골드테마거리,전통시장,부산광역시,2.0,3.0,,,P2_GRADED_ONLY,True,,,,,
144cc360bcdbae972f9f,test,귀금속,T4 구어·문장,q_귀금속_08,시계 배터리 가는 곳,패션·잡화 중 '귀금속'을 판매·제공하는 매장,6cc30c86-426c-4ff5-a5cc-508e4d97a8a9,한톨상회,,수정전통시장,전통시장,부산광역시,0.0,0.0,,,RESOLVED_AGREEMENT,False,0,,,,
1d4ecf53ebb777675f09,test,귀금속,T4 구어·문장,q_귀금속_08,시계 배터리 가는 곳,패션·잡화 중 '귀금속'을 판매·제공하는 매장,76a3551b-dae4-4326-92cc-662015aedbfb,쉴 곳,한식,칠성로상점가,자율상권구역,제주특별자치도,0.0,0.0,,,RESOLVED_AGREEMENT,False,0,,,,
a798a6a3f69c300c5d38,test,귀금속,T4 구어·문장,q_귀금속_08,시계 배터리 가는 곳,패션·잡화 중 '귀금속'을 판매·제공하는 매장,3e83d8ee-19b6-4f78-bef8-4ccd8a6acda2,동광당,금은방,전주중앙상가시장,전통시장,전북특별자치도,2.0,3.0,,,P2_GRADED_ONLY,True,,,,,
eabfea471c01c78edb22,test,귀금속,T4 구어·문장,q_귀금속_08,시계 배터리 가는 곳,패션·잡화 중 '귀금속'을 판매·제공하는 매장,03d999c9-d1ad-4f94-8fa6-a7f9bf1c412d,갱'S쥬얼리,"귀금속, 시계",신림별빛거리골목형상점가,골목형상점가,서울특별시,2.0,3.0,,,P2_GRADED_ONLY,True,,,,,
e71e4b9d06b58c726d64,test,귀금속,T4 구어·문장,q_귀금속_08,시계 배터리 가는 곳,패션·잡화 중 '귀금속'을 판매·제공하는 매장,4b565137-ef57-412e-b85f-85d0f03ffb3c,신미당,시계,백년소상공인,기타,대전광역시,3.0,3.0,,,RESOLVED_AGREEMENT,False,3,,,,
b7e220ff89b3f14615d2,test,귀금속,T4 구어·문장,q_귀금속_08,시계 배터리 가는 곳,패션·잡화 중 '귀금속'을 판매·제공하는 매장,06f92a02-db8d-46be-8ee1-213693507a55,오드워치,시계,남대문시장,전통시장,서울특별시,3.0,3.0,,,RESOLVED_AGREEMENT,False,3,,,,
291c2ae3de07d0a0ea9b,test,귀금속,T4 구어·문장,q_귀금속_08,시계 배터리 가는 곳,패션·잡화 중 '귀금속'을 판매·제공하는 매장,0056f9b4-b953-40f2-b820-71d6e7b46c58,주얼리루비,귀금속,하남 골목형상점가,골목형상점가,광주광역시,2.0,3.0,,,P2_GRADED_ONLY,True,,,,,
358d500dddb1d8c2b65d,test,귀금속,T4 구어·문장,q_귀금속_08,시계 배터리 가는 곳,패션·잡화 중 '귀금속'을 판매·제공하는 매장,59fcc4dc-7e09-4ba9-a007-1fac9c30c351,정금당,시계,도마큰시장,전통시장,대전광역시,3.0,3.0,,,RESOLVED_AGREEMENT,False,3,,,,
0031c8df685d3f08f7f0,test,귀금속,T4 구어·문장,q_귀금속_08,시계 배터리 가는 곳,패션·잡화 중 '귀금속'을 판매·제공하는 매장,0043881b-db89-4699-8cc4-29ff178f91ee,국제보석,귀금속,대구패션주얼리특구,자율상권구역,대구광역시,2.0,3.0,,,P2_GRADED_ONLY,True,,,,,
f803d9dc43ecbc38152e,test,귀금속,T4 구어·문장,q_귀금속_08,시계 배터리 가는 곳,패션·잡화 중 '귀금속'을 판매·제공하는 매장,5a5dcb3a-574b-46c8-acb3-d6af40613dda,전동앤배터리,자전거,서울약령시장,전통시장,서울특별시,0.0,0.0,,,RESOLVED_AGREEMENT,False,0,,,,
74fdad9cee38a5d676c7,test,귀금속,T4 구어·문장,q_귀금속_08,시계 배터리 가는 곳,패션·잡화 중 '귀금속'을 판매·제공하는 매장,00ec77a3-3e9a-4a5b-b837-c4014ef84285,은은하당,귀금속소매업,테크노밸리 골목형상점가,골목형상점가,대전광역시,2.0,3.0,,,P2_GRADED_ONLY,True,,,,,
d8843f17edf4d3a62924,test,귀금속,T4 구어·문장,q_귀금속_08,시계 배터리 가는 곳,패션·잡화 중 '귀금속'을 판매·제공하는 매장,39bfd737-720f-4720-9d38-1d968c2cd152,드림시계,시계,대구교동시장,전통시장,대구광역시,3.0,3.0,,,RESOLVED_AGREEMENT,False,3,,,,
210d2eb60fda67290076,test,귀금속,T4 구어·문장,q_귀금속_08,시계 배터리 가는 곳,패션·잡화 중 '귀금속'을 판매·제공하는 매장,5d277adb-d0f5-4252-b633-c8b8b456559b,태양당,시계,의성중앙상점가(의성읍중앙길상가거리),자율상권구역,경상북도,3.0,3.0,,,RESOLVED_AGREEMENT,False,3,,,,
488c2b66aa32c9c12465,test,귀금속,T4 구어·문장,q_귀금속_08,시계 배터리 가는 곳,패션·잡화 중 '귀금속'을 판매·제공하는 매장,866f4073-63fd-4696-9252-d2ea37d7e802,동양사,시계,건리단길 골목형상점가,골목형상점가,서울특별시,3.0,3.0,,,RESOLVED_AGREEMENT,False,3,,,,
6b69bf1b374c0e62219b,test,귀금속,T4 구어·문장,q_귀금속_08,시계 배터리 가는 곳,패션·잡화 중 '귀금속'을 판매·제공하는 매장,c216cabc-a49c-468e-b996-d2f92ec871c9,달인밧데리,자동차배터리,도군머리 골목형상점가,골목형상점가,광주광역시,0.0,0.0,,,RESOLVED_AGREEMENT,False,0,,,,
59e3ffcda323de912756,test,귀금속,T4 구어·문장,q_귀금속_08,시계 배터리 가는 곳,패션·잡화 중 '귀금속'을 판매·제공하는 매장,016d2bb5-8af2-45c2-8456-33067cd315bb,황금당,"금, 시계",홍성명동상가,자율상권구역,충청남도,2.0,3.0,,,P2_GRADED_ONLY,True,,,,,
8a5f3762d31ff99ee969,test,귀금속,T4 구어·문장,q_귀금속_08,시계 배터리 가는 곳,패션·잡화 중 '귀금속'을 판매·제공하는 매장,905fdfef-83ca-4ed1-be97-3b0170dabcdb,젬하우스,악세사리 반지공방,신사세로수길골목형상점가,골목형상점가,서울특별시,2.0,3.0,,,P2_GRADED_ONLY,True,,,,,
213e3daa12c02a8a6068,test,귀금속,T4 구어·문장,q_귀금속_08,시계 배터리 가는 곳,패션·잡화 중 '귀금속'을 판매·제공하는 매장,65575662-44fc-4add-9e08-62fe53d56f5c,농장유통,정육,원당시장(구 원당전통시장),전통시장,경기도,0.0,0.0,,,RESOLVED_AGREEMENT,False,0,,,,
71de132f8d8f6ea2a92b,test,귀금속,T4 구어·문장,q_귀금속_08,시계 배터리 가는 곳,패션·잡화 중 '귀금속'을 판매·제공하는 매장,776876f2-011f-4cda-97e6-74e2dd54d63f,명보당,시계,먹자골음식문화의거리(창동먹자골상점가),자율상권구역,경기도,3.0,3.0,,,RESOLVED_AGREEMENT,False,3,,,,
3a2c815fd5795c6cbb51,test,귀금속,T4 구어·문장,q_귀금속_08,시계 배터리 가는 곳,패션·잡화 중 '귀금속'을 판매·제공하는 매장,00ee1cd3-ec15-467a-86d2-07e596d7d395,금옥당,"귀금속, 시계 소매",골드테마거리,전통시장,부산광역시,2.0,3.0,,,P2_GRADED_ONLY,True,,,,,
9687b6f1adf01fe70cb1,test,귀금속,T4 구어·문장,q_귀금속_08,시계 배터리 가는 곳,패션·잡화 중 '귀금속'을 판매·제공하는 매장,b4bf3d63-7c7f-4551-8bc2-b100cb1edfb5,미금당,시계,다시남목 골목형상점가,골목형상점가,울산광역시,3.0,3.0,,,RESOLVED_AGREEMENT,False,3,,,,
51e33f55a19da4a0683c,test,귀금속,T4 구어·문장,q_귀금속_08,시계 배터리 가는 곳,패션·잡화 중 '귀금속'을 판매·제공하는 매장,0038905e-d969-4b31-b09f-c35bdc0b9b8b,영보석,귀금속,촬영소사거리골목형상점가,골목형상점가,서울특별시,2.0,3.0,,,P2_GRADED_ONLY,True,,,,,
cb93e2732b057fb63e95,test,귀금속,T4 구어·문장,q_귀금속_08,시계 배터리 가는 곳,패션·잡화 중 '귀금속'을 판매·제공하는 매장,542c2042-454a-4b80-bd2a-b32e53ae8572,금옥장,시계,창신골목시장,자율상권구역,서울특별시,3.0,3.0,,,RESOLVED_AGREEMENT,False,3,,,,
3aab7d889ce01a6fb879,test,귀금속,T4 구어·문장,q_귀금속_08,시계 배터리 가는 곳,패션·잡화 중 '귀금속'을 판매·제공하는 매장,9eb672df-9a02-421c-a865-b0dcf3d94e4b,시계이야기,시계 악세사리,충장로123가 상점가,자율상권구역,광주광역시,2.0,3.0,,,P2_GRADED_ONLY,True,,,,,
7e3147eac14f750035ad,test,귀금속,T4 구어·문장,q_귀금속_08,시계 배터리 가는 곳,패션·잡화 중 '귀금속'을 판매·제공하는 매장,accc7586-6436-4ac2-9353-29568ef19616,미광당,시계,만덕시장,전통시장,부산광역시,3.0,3.0,,,RESOLVED_AGREEMENT,False,3,,,,
f866503ce922db5ef085,test,귀금속,T4 구어·문장,q_귀금속_08,시계 배터리 가는 곳,패션·잡화 중 '귀금속'을 판매·제공하는 매장,60f34431-6960-42f8-aabb-5d0c39d6f6d4,거꾸로 가는 시간,피부 미용,서산번화2로,자율상권구역,충청남도,0.0,0.0,,,RESOLVED_AGREEMENT,False,0,,,,
a97bf8d6ba6233b47a73,test,귀금속,T4 구어·문장,q_귀금속_08,시계 배터리 가는 곳,패션·잡화 중 '귀금속'을 판매·제공하는 매장,74509433-00ef-4455-abdf-5aa975adaa09,대전 농민자동차 출장 배터리,배터리 전지,석교동 이웃마루 골목형상점가,골목형상점가,대전광역시,0.0,0.0,,,RESOLVED_AGREEMENT,False,0,,,,
40f3ef567ca54622fc6e,test,귀금속,T4 구어·문장,q_귀금속_08,시계 배터리 가는 곳,패션·잡화 중 '귀금속'을 판매·제공하는 매장,0308940f-189d-41bd-9a0c-cae20bfc8b65,실버투유,액세서리,남대문시장,전통시장,서울특별시,1.0,2.0,,,P1_BINARY_THRESHOLD,True,,,,,
d4f55340130c18022ef6,test,귀금속,T4 구어·문장,q_귀금속_08,시계 배터리 가는 곳,패션·잡화 중 '귀금속'을 판매·제공하는 매장,d4171827-052f-4d8a-863e-12a8205d7be1,춘양시계,시계,남광주시장,전통시장,광주광역시,3.0,3.0,,,RESOLVED_AGREEMENT,False,3,,,,
f0f858a34fc0ef6389bd,test,귀금속,T4 구어·문장,q_귀금속_08,시계 배터리 가는 곳,패션·잡화 중 '귀금속'을 판매·제공하는 매장,8d6f7b8f-6c40-4bae-82ab-f733189a6f38,보광당,시계,억지춘향시장(구 봉화춘향시장),전통시장,경상북도,3.0,3.0,,,RESOLVED_AGREEMENT,False,3,,,,
a9add78f1ce31badb0ed,test,귀금속,T4 구어·문장,q_귀금속_08,시계 배터리 가는 곳,패션·잡화 중 '귀금속'을 판매·제공하는 매장,03d2f183-77cc-44c8-b4e4-f34ed3bcfa83,다나,"소매업(귀금속,액세서리,모조장신구)",코끼리시장,전통시장,경기도,2.0,3.0,,,P2_GRADED_ONLY,True,,,,,
6ac3a84fd71bea0b5a44,test,귀금속,T4 구어·문장,q_귀금속_08,시계 배터리 가는 곳,패션·잡화 중 '귀금속'을 판매·제공하는 매장,38734df9-1aea-49b2-9050-25ba327f052d,호박당,금은방(귀금속),전주모래내시장,전통시장,전북특별자치도,2.0,3.0,,,P2_GRADED_ONLY,True,,,,,
bbe39fef2936841ef368,test,귀금속,T4 구어·문장,q_귀금속_08,시계 배터리 가는 곳,패션·잡화 중 '귀금속'을 판매·제공하는 매장,cb8457ba-3994-42ea-a510-1bfc45f7975e,브라운핸즈라키비움진해,가구,진해중앙시장,전통시장,경상남도,0.0,0.0,,,RESOLVED_AGREEMENT,False,0,,,,
af8ae7cb5ecacd92843a,test,귀금속,T4 구어·문장,q_귀금속_08,시계 배터리 가는 곳,패션·잡화 중 '귀금속'을 판매·제공하는 매장,fb9d98e0-50e4-451d-9ce9-d0f2287e63d9,배터리픽스,자동차배터리,하남 골목형상점가,골목형상점가,광주광역시,0.0,0.0,,,RESOLVED_AGREEMENT,False,0,,,,
22919bd19046fb2d9663,test,귀금속,T4 구어·문장,q_귀금속_08,시계 배터리 가는 곳,패션·잡화 중 '귀금속'을 판매·제공하는 매장,14e374fe-70bd-4af1-8697-693af770da73,세종배터리 할인매장,배터리판매,새호반 골목형상점가,골목형상점가,세종특별자치시,0.0,0.0,,,RESOLVED_AGREEMENT,False,0,,,,
23c8f4e631febfee1917,test,귀금속,T4 구어·문장,q_귀금속_08,시계 배터리 가는 곳,패션·잡화 중 '귀금속'을 판매·제공하는 매장,8c100586-762e-45c7-a654-721c5f1bd279,광주밧데리총판,자동차 배터리,학소로 골목형상점가,골목형상점가,광주광역시,0.0,0.0,,,RESOLVED_AGREEMENT,False,0,,,,
01df85300dbe990f717f,test,귀금속,T4 구어·문장,q_귀금속_08,시계 배터리 가는 곳,패션·잡화 중 '귀금속'을 판매·제공하는 매장,085465ef-544c-4898-9421-c8b9babe2186,해와달,소매(준보석),천호로데오거리상점가,자율상권구역,서울특별시,2.0,3.0,,,P2_GRADED_ONLY,True,,,,,
11180e48a3d395454e3b,test,귀금속,T4 구어·문장,q_귀금속_08,시계 배터리 가는 곳,패션·잡화 중 '귀금속'을 판매·제공하는 매장,37dd294b-8f9b-4ff7-9439-47c61c378286,부름양행,시계,비단길현대시장,전통시장,서울특별시,3.0,3.0,,,RESOLVED_AGREEMENT,False,3,,,,
482bbc8832d622e7392b,test,귀금속,T4 구어·문장,q_귀금속_08,시계 배터리 가는 곳,패션·잡화 중 '귀금속'을 판매·제공하는 매장,b7a5d4b3-5a17-4987-96c9-6fb50fef5356,하라,시계,골드테마거리,전통시장,부산광역시,3.0,3.0,,,RESOLVED_AGREEMENT,False,3,,,,
cc260fb8562e6c40c3bd,test,귀금속,T4 구어·문장,q_귀금속_08,시계 배터리 가는 곳,패션·잡화 중 '귀금속'을 판매·제공하는 매장,0724e735-862f-4d85-a766-94de4f9cc181,시온공방,시계,포항죽도시장,전통시장,경상북도,3.0,3.0,,,RESOLVED_AGREEMENT,False,3,,,,
2b5ed6edda0819afeed0,test,귀금속,T4 구어·문장,q_귀금속_08,시계 배터리 가는 곳,패션·잡화 중 '귀금속'을 판매·제공하는 매장,4bbf37b7-93ed-484a-b4f7-3b04096e8f83,굿모닝보청기 광주수완세계로병원점,보청기 및 배터리 등,수영 골목형상점가,골목형상점가,광주광역시,0.0,0.0,,,RESOLVED_AGREEMENT,False,0,,,,
66774795cf6648428288,test,귀금속,T4 구어·문장,q_귀금속_08,시계 배터리 가는 곳,패션·잡화 중 '귀금속'을 판매·제공하는 매장,5f105e71-3b64-4818-b4d6-526e2ffc9219,에스엘파워텍 주식회사,배터리,인천산업유통센터,전통시장,인천광역시,0.0,0.0,,,RESOLVED_AGREEMENT,False,0,,,,
6468095262811a9a8c7e,test,귀금속,T4 구어·문장,q_귀금속_08,시계 배터리 가는 곳,패션·잡화 중 '귀금속'을 판매·제공하는 매장,cf180480-df0a-4e26-b978-d247cd81be6b,커플링마을광주점,은반지 은팔찌,"금남로4,5가 골목형상점가",골목형상점가,광주광역시,2.0,3.0,,,P2_GRADED_ONLY,True,,,,,
acb8ab9ad3bbcd8d4be9,test,귀금속,T4 구어·문장,q_귀금속_08,시계 배터리 가는 곳,패션·잡화 중 '귀금속'을 판매·제공하는 매장,221d627c-5a8c-46de-b374-e38285f73ec1,보성다원 녹차판매장,,보성녹차 골목형상점가,골목형상점가,,,0.0,Y,,P0_UNCERTAIN_OR_MISSING,True,,,,,
e6b064462438241d8645,test,귀금속,T4 구어·문장,q_귀금속_09,주얼리 사는 데,패션·잡화 중 '귀금속'을 판매·제공하는 매장,53de7214-cdf0-4e52-8884-96a2b324ae69,블링걸,장식귀걸이목걸이반지머리핀,신안프라자전통시장,전통시장,경기도,3.0,3.0,,,RESOLVED_AGREEMENT,False,3,,,,
90191b505480a6578705,test,귀금속,T4 구어·문장,q_귀금속_09,주얼리 사는 데,패션·잡화 중 '귀금속'을 판매·제공하는 매장,cf180480-df0a-4e26-b978-d247cd81be6b,커플링마을광주점,은반지 은팔찌,"금남로4,5가 골목형상점가",골목형상점가,광주광역시,3.0,3.0,,,RESOLVED_AGREEMENT,False,3,,,,
ef11940516f688e3e84c,test,귀금속,T4 구어·문장,q_귀금속_09,주얼리 사는 데,패션·잡화 중 '귀금속'을 판매·제공하는 매장,0c03b5af-6bcc-4845-812a-7a7460599260,주얼리 카노,귀금속,계수마을상인회 골목형상점가,골목형상점가,광주광역시,3.0,3.0,,,RESOLVED_AGREEMENT,False,3,,,,
7094f3f580aa90834df8,test,귀금속,T4 구어·문장,q_귀금속_09,주얼리 사는 데,패션·잡화 중 '귀금속'을 판매·제공하는 매장,33e3ea0e-758e-4e3e-bb3c-dd4129212c9d,트윙클,주얼리,부평중앙 지하상가,일반지하상점가,인천광역시,3.0,3.0,,,RESOLVED_AGREEMENT,False,3,,,,
0514f40256b5ca9d861e,test,귀금속,T4 구어·문장,q_귀금속_09,주얼리 사는 데,패션·잡화 중 '귀금속'을 판매·제공하는 매장,f3b93dbe-8392-4adc-bab2-5c1ab589365f,캐럿,주얼리,당진원시가지상가,자율상권구역,충청남도,3.0,3.0,,,RESOLVED_AGREEMENT,False,3,,,,
064b1492b34a9faf015e,test,귀금속,T4 구어·문장,q_귀금속_09,주얼리 사는 데,패션·잡화 중 '귀금속'을 판매·제공하는 매장,644f43ea-8821-4a86-9694-2fa5da055d19,보우귀금속,주얼리,신세계앞상인회 골목형상점가,골목형상점가,광주광역시,3.0,3.0,,,RESOLVED_AGREEMENT,False,3,,,,
0d1225b80b04808bc063,test,귀금속,T4 구어·문장,q_귀금속_09,주얼리 사는 데,패션·잡화 중 '귀금속'을 판매·제공하는 매장,4c2da11f-4773-4358-9f0f-b6ccaf2b89c5,루베제 주얼리,귀금속,치평1230상인회 골목형상점가,골목형상점가,광주광역시,3.0,3.0,,,RESOLVED_AGREEMENT,False,3,,,,
e380e3abff0b82cd584c,test,귀금속,T4 구어·문장,q_귀금속_09,주얼리 사는 데,패션·잡화 중 '귀금속'을 판매·제공하는 매장,82f8a9fb-ec75-4ac4-9763-5794b46a5ac9,주얼리부부(jewelry BUBU),주얼리,전주중앙상가시장,전통시장,전북특별자치도,3.0,3.0,,,RESOLVED_AGREEMENT,False,3,,,,
3900f738cd851226928c,test,귀금속,T4 구어·문장,q_귀금속_09,주얼리 사는 데,패션·잡화 중 '귀금속'을 판매·제공하는 매장,03d7c59b-0f64-4647-9c85-97eb7310d1cc,세이젬,"악세사리, 장신구, 귀금속, 시계, 지금",경주중심상가,전통시장,경상북도,3.0,3.0,,,RESOLVED_AGREEMENT,False,3,,,,
6d8fe63ea4d020c71e45,test,귀금속,T4 구어·문장,q_귀금속_09,주얼리 사는 데,패션·잡화 중 '귀금속'을 판매·제공하는 매장,8b0f03c9-4913-457a-9b94-b2e75de68bf8,대도포목,포목,성호시장 골목형상점가,골목형상점가,경기도,0.0,0.0,,,RESOLVED_AGREEMENT,False,0,,,,
6aba07eb350e32af2cde,test,귀금속,T4 구어·문장,q_귀금속_09,주얼리 사는 데,패션·잡화 중 '귀금속'을 판매·제공하는 매장,069cebbe-575a-40b5-9b2f-0a082b552037,별보석금나라,,전통중앙도매상가,전통시장,대전광역시,3.0,3.0,,,RESOLVED_AGREEMENT,False,3,,,,
01ce17d8b24bbd4ae258,test,귀금속,T4 구어·문장,q_귀금속_09,주얼리 사는 데,패션·잡화 중 '귀금속'을 판매·제공하는 매장,049f8988-fdf6-4dac-acb6-ef8b0af859fa,삼성당,시계,해미읍성전통시장,전통시장,충청남도,3.0,3.0,,,RESOLVED_AGREEMENT,False,3,,,,
14fe369cc79b000e80f9,test,귀금속,T4 구어·문장,q_귀금속_09,주얼리 사는 데,패션·잡화 중 '귀금속'을 판매·제공하는 매장,f22ca4b0-08e5-4fa3-868f-5a814e562c58,가네트,주얼리 악세서리,남대문시장,전통시장,서울특별시,3.0,3.0,,,RESOLVED_AGREEMENT,False,3,,,,
1516e540f4896f5c10ae,test,귀금속,T4 구어·문장,q_귀금속_09,주얼리 사는 데,패션·잡화 중 '귀금속'을 판매·제공하는 매장,8f0183a4-9b7e-4e79-bd2c-cdf56084c1fe,라엘,주얼리,둔산2동 골목형상점가,골목형상점가,대전광역시,3.0,3.0,,,RESOLVED_AGREEMENT,False,3,,,,
28e8dc790fe1a351d014,test,귀금속,T4 구어·문장,q_귀금속_09,주얼리 사는 데,패션·잡화 중 '귀금속'을 판매·제공하는 매장,df1d4d49-f255-43f3-bd6f-95f7ae0f8397,피렌체,주얼리,중앙로상점가,자율상권구역,제주특별자치도,3.0,3.0,,,RESOLVED_AGREEMENT,False,3,,,,
85b4244effd09c6bee30,test,귀금속,T4 구어·문장,q_귀금속_09,주얼리 사는 데,패션·잡화 중 '귀금속'을 판매·제공하는 매장,0043881b-db89-4699-8cc4-29ff178f91ee,국제보석,귀금속,대구패션주얼리특구,자율상권구역,대구광역시,3.0,3.0,,,RESOLVED_AGREEMENT,False,3,,,,
d8bdbfd2a77526d4ed08,test,귀금속,T4 구어·문장,q_귀금속_09,주얼리 사는 데,패션·잡화 중 '귀금속'을 판매·제공하는 매장,f38aea68-99b7-4759-90e3-ea3de2a19bf1,글로리아 주얼리,,이안센트럴D 골목형상점가,골목형상점가,대구광역시,3.0,3.0,,,RESOLVED_AGREEMENT,False,3,,,,
b8de321ffdc61e2a97d4,test,귀금속,T4 구어·문장,q_귀금속_09,주얼리 사는 데,패션·잡화 중 '귀금속'을 판매·제공하는 매장,01f2baea-5004-4e8d-a9a5-66c50aaf49e6,머쓱케이스,휴대폰 액세서리,동성로상점가,자율상권구역,대구광역시,1.0,2.0,,,P1_BINARY_THRESHOLD,True,,,,,
e6586d6766e65714ecf7,test,귀금속,T4 구어·문장,q_귀금속_09,주얼리 사는 데,패션·잡화 중 '귀금속'을 판매·제공하는 매장,00ee1cd3-ec15-467a-86d2-07e596d7d395,금옥당,"귀금속, 시계 소매",골드테마거리,전통시장,부산광역시,3.0,3.0,,,RESOLVED_AGREEMENT,False,3,,,,
1bb02d1433c4825b9220,test,귀금속,T4 구어·문장,q_귀금속_09,주얼리 사는 데,패션·잡화 중 '귀금속'을 판매·제공하는 매장,c2d25272-9000-44f1-ac3c-9d0762a5120a,은정국수,한식,새마을시장,전통시장,서울특별시,0.0,0.0,,,RESOLVED_AGREEMENT,False,0,,,,
600dc9755d70fc49f45d,test,귀금속,T4 구어·문장,q_귀금속_09,주얼리 사는 데,패션·잡화 중 '귀금속'을 판매·제공하는 매장,c39095be-a8a6-4e00-9e88-a86045cbe3a7,금다온 주얼리,,골드테마거리,전통시장,부산광역시,3.0,3.0,,,RESOLVED_AGREEMENT,False,3,,,,
93c4c3632b468cf1e6c4,test,귀금속,T4 구어·문장,q_귀금속_09,주얼리 사는 데,패션·잡화 중 '귀금속'을 판매·제공하는 매장,06f92a02-db8d-46be-8ee1-213693507a55,오드워치,시계,남대문시장,전통시장,서울특별시,3.0,3.0,,,RESOLVED_AGREEMENT,False,3,,,,
3ac55df1a465f04f3753,test,귀금속,T4 구어·문장,q_귀금속_09,주얼리 사는 데,패션·잡화 중 '귀금속'을 판매·제공하는 매장,004eaf2b-83b1-4387-9843-85074f3b3f6f,색동보석,보석,충주자유시장,전통시장,충청북도,3.0,3.0,,,RESOLVED_AGREEMENT,False,3,,,,
bc50603f621edd646c40,test,귀금속,T4 구어·문장,q_귀금속_09,주얼리 사는 데,패션·잡화 중 '귀금속'을 판매·제공하는 매장,31970843-0b7f-4ca7-901e-feae69a91c1e,샵 주얼리,,하리오션시티 골목형상점가,골목형상점가,부산광역시,3.0,3.0,,,RESOLVED_AGREEMENT,False,3,,,,
df933d2a8b8c71c80a34,test,귀금속,T4 구어·문장,q_귀금속_09,주얼리 사는 데,패션·잡화 중 '귀금속'을 판매·제공하는 매장,2256ae40-9020-4539-8b78-4bbe2116c342,업라이트,주얼리,첨단2동 골목형상점가,골목형상점가,광주광역시,3.0,3.0,,,RESOLVED_AGREEMENT,False,3,,,,
4fe28882273a04054e5c,test,귀금속,T4 구어·문장,q_귀금속_09,주얼리 사는 데,패션·잡화 중 '귀금속'을 판매·제공하는 매장,03d2f183-77cc-44c8-b4e4-f34ed3bcfa83,다나,"소매업(귀금속,액세서리,모조장신구)",코끼리시장,전통시장,경기도,3.0,3.0,,,RESOLVED_AGREEMENT,False,3,,,,
0c78b58a2692572a061a,test,귀금속,T4 구어·문장,q_귀금속_09,주얼리 사는 데,패션·잡화 중 '귀금속'을 판매·제공하는 매장,122595ad-ba88-4fe7-9d07-11b1594a905e,현대청과,과일,두암1동 골목형상점가,골목형상점가,광주광역시,0.0,0.0,,,RESOLVED_AGREEMENT,False,0,,,,
2d496bc6d0c27524fb65,test,귀금속,T4 구어·문장,q_귀금속_09,주얼리 사는 데,패션·잡화 중 '귀금속'을 판매·제공하는 매장,bd5491a2-34c2-41b6-9820-3a44bb6c7a5b,해피니스,주얼리,법원단지길골목형상점가,골목형상점가,서울특별시,3.0,3.0,,,RESOLVED_AGREEMENT,False,3,,,,
27a70e55c4172e57e92b,test,귀금속,T4 구어·문장,q_귀금속_09,주얼리 사는 데,패션·잡화 중 '귀금속'을 판매·제공하는 매장,49a3fe9c-bbf7-42a9-a741-99166f39ce92,진보당,금은방,진해중앙시장,전통시장,경상남도,3.0,3.0,,,RESOLVED_AGREEMENT,False,3,,,,
33100e03e8a291c11328,test,귀금속,T4 구어·문장,q_귀금속_09,주얼리 사는 데,패션·잡화 중 '귀금속'을 판매·제공하는 매장,90e5aed7-f1ec-4262-9c89-2a1af6fd7ffb,티파니,주얼리,의정부역지하상가,일반지하상점가,경기도,3.0,3.0,,,RESOLVED_AGREEMENT,False,3,,,,
f02c95c93f4b95f594ae,test,귀금속,T4 구어·문장,q_귀금속_09,주얼리 사는 데,패션·잡화 중 '귀금속'을 판매·제공하는 매장,d9ab5b09-09a9-41d1-b4d0-76845a1c43e0,유니오주얼리,주얼리,삼익패션타운,전통시장,서울특별시,3.0,3.0,,,RESOLVED_AGREEMENT,False,3,,,,
5cf46ebb85a282ad943e,test,귀금속,T4 구어·문장,q_귀금속_09,주얼리 사는 데,패션·잡화 중 '귀금속'을 판매·제공하는 매장,0038905e-d969-4b31-b09f-c35bdc0b9b8b,영보석,귀금속,촬영소사거리골목형상점가,골목형상점가,서울특별시,3.0,3.0,,,RESOLVED_AGREEMENT,False,3,,,,
a6ab5a2f013ab68c9bd7,test,귀금속,T4 구어·문장,q_귀금속_09,주얼리 사는 데,패션·잡화 중 '귀금속'을 판매·제공하는 매장,99853446-9549-40a8-a9a9-6c1585eb069a,주얼리 비원,주얼리,풍암새누리상인회 골목형상점가,골목형상점가,광주광역시,3.0,3.0,,,RESOLVED_AGREEMENT,False,3,,,,
e5d51a3726fb2c9e63bb,test,귀금속,T4 구어·문장,q_귀금속_09,주얼리 사는 데,패션·잡화 중 '귀금속'을 판매·제공하는 매장,03d999c9-d1ad-4f94-8fa6-a7f9bf1c412d,갱'S쥬얼리,"귀금속, 시계",신림별빛거리골목형상점가,골목형상점가,서울특별시,3.0,3.0,,,RESOLVED_AGREEMENT,False,3,,,,
f46df1d0b32dce765662,test,귀금속,T4 구어·문장,q_귀금속_09,주얼리 사는 데,패션·잡화 중 '귀금속'을 판매·제공하는 매장,ab5f9272-a3d4-4784-b6de-a3aa8f12f3ce,오르니크,주얼리,순천원도심상점가,자율상권구역,전라남도,3.0,3.0,,,RESOLVED_AGREEMENT,False,3,,,,
1b42e3d58236461dcda4,test,귀금속,T4 구어·문장,q_귀금속_09,주얼리 사는 데,패션·잡화 중 '귀금속'을 판매·제공하는 매장,3cb4a2bf-e614-4572-9f50-63a8e61ad24f,러뷰보석,주얼리,(포항)법원로 골목형상점가,골목형상점가,경상북도,3.0,3.0,,,RESOLVED_AGREEMENT,False,3,,,,
8043a33c3c84fb7ba851,test,귀금속,T4 구어·문장,q_귀금속_09,주얼리 사는 데,패션·잡화 중 '귀금속'을 판매·제공하는 매장,29dd535c-5a04-4924-8275-85c5a1737d88,금요일,주얼리,갈매광장 골목형상점가,골목형상점가,경기도,3.0,3.0,,,RESOLVED_AGREEMENT,False,3,,,,
2abd5928d9110605e102,test,귀금속,T4 구어·문장,q_귀금속_09,주얼리 사는 데,패션·잡화 중 '귀금속'을 판매·제공하는 매장,7e194087-5a1b-4a6f-b2cd-f0a892445a69,예당귀금속,주얼리,구월시장,전통시장,인천광역시,3.0,3.0,,,RESOLVED_AGREEMENT,False,3,,,,
c6c01fd88b64a36e68f9,test,귀금속,T4 구어·문장,q_귀금속_09,주얼리 사는 데,패션·잡화 중 '귀금속'을 판매·제공하는 매장,4032e577-cabb-401c-be9b-b141b8cb6990,제이나,악세사리 주얼리 잡화,중계 씨앤미 상가,자율상권구역,서울특별시,3.0,3.0,,,RESOLVED_AGREEMENT,False,3,,,,
88a248813abd54d4784d,test,귀금속,T4 구어·문장,q_귀금속_09,주얼리 사는 데,패션·잡화 중 '귀금속'을 판매·제공하는 매장,a54a3ab8-d1b5-4844-80b7-ac70fad66dc0,에테르주얼리,반지 및 악세서리,대봉애 골목형상점가,골목형상점가,대구광역시,3.0,3.0,,,RESOLVED_AGREEMENT,False,3,,,,
0bed2393b65dfb60725d,test,귀금속,T4 구어·문장,q_귀금속_09,주얼리 사는 데,패션·잡화 중 '귀금속'을 판매·제공하는 매장,9e42a89f-db82-4aee-81e9-2247d4e2cd47,립씨엘,주얼리,경동시장,전통시장,서울특별시,3.0,3.0,,,RESOLVED_AGREEMENT,False,3,,,,
fd56bb0df9e4f744c9e7,test,귀금속,T4 구어·문장,q_귀금속_09,주얼리 사는 데,패션·잡화 중 '귀금속'을 판매·제공하는 매장,843d8ceb-bf3e-4cc0-9c90-2d604d40105b,이모네,한식,소사종합시장,전통시장,경기도,0.0,0.0,,,RESOLVED_AGREEMENT,False,0,,,,
c859349a755e29d0b548,test,귀금속,T4 구어·문장,q_귀금속_09,주얼리 사는 데,패션·잡화 중 '귀금속'을 판매·제공하는 매장,a73c81f3-a1cc-4a81-a8b0-0953db4a54e7,홍주,"의류, 주얼리",의정부제일시장,전통시장,경기도,3.0,3.0,,,RESOLVED_AGREEMENT,False,3,,,,
5b3ed0b6ebc46291ec99,test,귀금속,T4 구어·문장,q_귀금속_09,주얼리 사는 데,패션·잡화 중 '귀금속'을 판매·제공하는 매장,905fdfef-83ca-4ed1-be97-3b0170dabcdb,젬하우스,악세사리 반지공방,신사세로수길골목형상점가,골목형상점가,서울특별시,3.0,3.0,,,RESOLVED_AGREEMENT,False,3,,,,
3b63563b4cd0262e1b9b,test,귀금속,T4 구어·문장,q_귀금속_09,주얼리 사는 데,패션·잡화 중 '귀금속'을 판매·제공하는 매장,aecfd023-8d79-4268-bf6a-8efe135a09ba,제이스주얼리,주얼리,천안신부문화거리상점가,자율상권구역,충청남도,3.0,3.0,,,RESOLVED_AGREEMENT,False,3,,,,
f68bf93998b59b10361d,test,귀금속,T4 구어·문장,q_귀금속_09,주얼리 사는 데,패션·잡화 중 '귀금속'을 판매·제공하는 매장,085465ef-544c-4898-9421-c8b9babe2186,해와달,소매(준보석),천호로데오거리상점가,자율상권구역,서울특별시,3.0,3.0,,,RESOLVED_AGREEMENT,False,3,,,,
b483aaaec9e908012898,test,귀금속,T4 구어·문장,q_귀금속_09,주얼리 사는 데,패션·잡화 중 '귀금속'을 판매·제공하는 매장,f41de799-620d-4701-af86-b02d09d2469a,인비저블꼴라주,주얼리,북촌계동길골목형상점가,골목형상점가,서울특별시,3.0,3.0,,,RESOLVED_AGREEMENT,False,3,,,,
3e1d9d4d98fb01a5c898,test,귀금속,T4 구어·문장,q_귀금속_09,주얼리 사는 데,패션·잡화 중 '귀금속'을 판매·제공하는 매장,55fd2cdd-161a-4ba5-b68e-b73668db1f29,주얼리,액세서리,성남중앙지하시장,일반지하상점가,경기도,2.0,3.0,,,P2_GRADED_ONLY,True,,,,,
87f16f96b56c2f834dca,test,귀금속,T4 구어·문장,q_귀금속_09,주얼리 사는 데,패션·잡화 중 '귀금속'을 판매·제공하는 매장,0cf82b2a-71a4-4657-b871-9a52288c43c1,반지만들기공방반지놀이터울산점,반지만들기,성남먹자골목,골목형상점가,울산광역시,3.0,3.0,,,RESOLVED_AGREEMENT,False,3,,,,
62d44a3801b6197c2756,test,귀금속,T4 구어·문장,q_귀금속_09,주얼리 사는 데,패션·잡화 중 '귀금속'을 판매·제공하는 매장,edc97583-d1d8-4b89-9615-b811244fa81b,주식회사 세계로,주얼리,염매시장(구 덕산시장),전통시장,대구광역시,3.0,3.0,,,RESOLVED_AGREEMENT,False,3,,,,
257439a013267da86687,test,귀금속,T4 구어·문장,q_귀금속_09,주얼리 사는 데,패션·잡화 중 '귀금속'을 판매·제공하는 매장,38734df9-1aea-49b2-9050-25ba327f052d,호박당,금은방(귀금속),전주모래내시장,전통시장,전북특별자치도,3.0,3.0,,,RESOLVED_AGREEMENT,False,3,,,,
cb74d7ab2947c663fd16,test,귀금속,T4 구어·문장,q_귀금속_09,주얼리 사는 데,패션·잡화 중 '귀금속'을 판매·제공하는 매장,18dd5715-f963-495d-b161-d7d28772a2ab,현대보석,"금, 은, 보석시계",전통중앙도매상가,전통시장,대전광역시,3.0,3.0,,,RESOLVED_AGREEMENT,False,3,,,,
499ff7d4c70feb18058f,test,귀금속,T4 구어·문장,q_귀금속_09,주얼리 사는 데,패션·잡화 중 '귀금속'을 판매·제공하는 매장,f6226a71-1c88-43d0-b8b9-fd610412d6a3,뤼미에르,주얼리 악세사리,새롬BRT 골목형상점가,골목형상점가,세종특별자치시,3.0,3.0,,,RESOLVED_AGREEMENT,False,3,,,,
6e8ccaa6090cf836b20e,test,귀금속,T4 구어·문장,q_귀금속_09,주얼리 사는 데,패션·잡화 중 '귀금속'을 판매·제공하는 매장,65512988-c89f-4249-be54-fa810d36d11d,연주얼리,,둔산3동상점가,자율상권구역,대전광역시,3.0,3.0,,,RESOLVED_AGREEMENT,False,3,,,,
332eb0bcc93b2928caca,test,귀금속,T4 구어·문장,q_귀금속_09,주얼리 사는 데,패션·잡화 중 '귀금속'을 판매·제공하는 매장,cb5444b4-e936-4bfc-8fd4-dac4602a04fb,네일 샵,네일아트,김해 대우유토피아상가,골목형상점가,경상남도,0.0,0.0,,,RESOLVED_AGREEMENT,False,0,,,,
45fdf0b4fbb1bb10f7c5,test,귀금속,T4 구어·문장,q_귀금속_09,주얼리 사는 데,패션·잡화 중 '귀금속'을 판매·제공하는 매장,4af6128c-51b1-4ea8-ae60-2b958126a172,원보석,소매(금은방),우림골목시장,전통시장,서울특별시,3.0,3.0,,,RESOLVED_AGREEMENT,False,3,,,,
2c93cf2c33d0a14e8ecc,test,귀금속,T4 구어·문장,q_귀금속_09,주얼리 사는 데,패션·잡화 중 '귀금속'을 판매·제공하는 매장,10de78d1-e53e-4617-8bf1-5c53e8665faa,경일사,"보석, 시계",송탄시장(송북시장),전통시장,경기도,3.0,3.0,,,RESOLVED_AGREEMENT,False,3,,,,
6430491ee2fbfeb0142a,test,귀금속,T4 구어·문장,q_귀금속_09,주얼리 사는 데,패션·잡화 중 '귀금속'을 판매·제공하는 매장,7b34a7a0-8abc-4472-a552-a380a349dec8,오르디오르,주얼리,신흥시장,전통시장,서울특별시,3.0,3.0,,,RESOLVED_AGREEMENT,False,3,,,,
b853f3eb6c2fbcbb8726,test,귀금속,T4 구어·문장,q_귀금속_09,주얼리 사는 데,패션·잡화 중 '귀금속'을 판매·제공하는 매장,8176a947-02ba-4534-a273-7942131a1694,밝은안경원,안경소매,제민천 골목형상점가,골목형상점가,충청남도,0.0,1.0,,,P2_GRADED_ONLY,True,,,,,
07c153ee97c65ffd7d8e,test,귀금속,T4 구어·문장,q_귀금속_09,주얼리 사는 데,패션·잡화 중 '귀금속'을 판매·제공하는 매장,302f4279-8179-4419-8425-73c11e7e028d,도쿄앤펄,주얼리,중앙 상권활성화구역,상권활성화구역,울산광역시,3.0,3.0,,,RESOLVED_AGREEMENT,False,3,,,,
ee83ee29e84e735b660c,test,귀금속,T4 구어·문장,q_귀금속_09,주얼리 사는 데,패션·잡화 중 '귀금속'을 판매·제공하는 매장,a754851e-0e1d-4357-acbb-b1dca71ecd3f,업라이트,주얼리,동명동 카페거리 골목형상점가,골목형상점가,광주광역시,3.0,3.0,,,RESOLVED_AGREEMENT,False,3,,,,
ff697851caba07f0f552,test,귀금속,T4 구어·문장,q_귀금속_09,주얼리 사는 데,패션·잡화 중 '귀금속'을 판매·제공하는 매장,73947765-3a97-4a07-9f63-cbc493ec678e,아트J,주얼리,대구패션주얼리특구,자율상권구역,대구광역시,3.0,3.0,,,RESOLVED_AGREEMENT,False,3,,,,
d561541fec767152f23a,test,귀금속,T4 구어·문장,q_귀금속_09,주얼리 사는 데,패션·잡화 중 '귀금속'을 판매·제공하는 매장,4243d89c-b92b-44f4-b1b7-b5166be0deff,프리그 주얼리,,파워존 골목형상점가,골목형상점가,대전광역시,3.0,3.0,,,RESOLVED_AGREEMENT,False,3,,,,
518a9078d53ad160ec66,test,귀금속,T4 구어·문장,q_귀금속_09,주얼리 사는 데,패션·잡화 중 '귀금속'을 판매·제공하는 매장,4234c3dc-659d-4f03-9b56-90ab29de6482,업라이트,주얼리,전남대후문골목형상점가,골목형상점가,광주광역시,3.0,3.0,,,RESOLVED_AGREEMENT,False,3,,,,
7af8ce1043911a19590f,test,귀금속,T4 구어·문장,q_귀금속_09,주얼리 사는 데,패션·잡화 중 '귀금속'을 판매·제공하는 매장,0188cda6-6441-4058-82b0-0cb89e035583,친한친구,액세서리,㈜르네시떼,전통시장,부산광역시,1.0,2.0,,,P1_BINARY_THRESHOLD,True,,,,,
dcd8ab443dd2185a059b,test,귀금속,T4 구어·문장,q_귀금속_09,주얼리 사는 데,패션·잡화 중 '귀금속'을 판매·제공하는 매장,df95dbf6-8904-44fa-b4a8-264d5a541a33,마노,주얼리,부평중앙 지하상가,일반지하상점가,인천광역시,3.0,3.0,,,RESOLVED_AGREEMENT,False,3,,,,
71ba2836ece48aa73a1e,test,귀금속,T4 구어·문장,q_귀금속_09,주얼리 사는 데,패션·잡화 중 '귀금속'을 판매·제공하는 매장,c5c088b7-6721-44b9-ba77-be6c8f8c4b0b,로티주얼리,잡화,중계 씨앤미 상가,자율상권구역,서울특별시,2.0,3.0,,,P2_GRADED_ONLY,True,,,,,
60116f22cdba1852335c,test,귀금속,T4 구어·문장,q_귀금속_09,주얼리 사는 데,패션·잡화 중 '귀금속'을 판매·제공하는 매장,e77f6bd0-cf86-4f9d-888c-6c2badcb406d,(주)주얼리빈,쥬얼리,백년소상공인,기타,대구광역시,2.0,3.0,,,P2_GRADED_ONLY,True,,,,,
1218a76b3f8452704e00,test,귀금속,T4 구어·문장,q_귀금속_09,주얼리 사는 데,패션·잡화 중 '귀금속'을 판매·제공하는 매장,ab08e689-f974-4af6-b4b1-e130bd0b2794,가락지,주얼리,매봉 골목형상점가,골목형상점가,광주광역시,3.0,3.0,,,RESOLVED_AGREEMENT,False,3,,,,
12966b2b2f8bb06bad73,test,귀금속,T4 구어·문장,q_귀금속_09,주얼리 사는 데,패션·잡화 중 '귀금속'을 판매·제공하는 매장,016d2bb5-8af2-45c2-8456-33067cd315bb,황금당,"금, 시계",홍성명동상가,자율상권구역,충청남도,3.0,3.0,,,RESOLVED_AGREEMENT,False,3,,,,
a5dcf151ad955d1d08fe,test,귀금속,T4 구어·문장,q_귀금속_09,주얼리 사는 데,패션·잡화 중 '귀금속'을 판매·제공하는 매장,00ec77a3-3e9a-4a5b-b837-c4014ef84285,은은하당,귀금속소매업,테크노밸리 골목형상점가,골목형상점가,대전광역시,3.0,3.0,,,RESOLVED_AGREEMENT,False,3,,,,
95328e91360cdb9b4906,test,귀금속,T4 구어·문장,q_귀금속_09,주얼리 사는 데,패션·잡화 중 '귀금속'을 판매·제공하는 매장,166c9193-005d-4dc3-8637-ed2bfd71be6f,부산금은방 남매금빵,,골드테마거리,전통시장,부산광역시,3.0,3.0,,,RESOLVED_AGREEMENT,False,3,,,,
bdcf1ca884a812674add,test,귀금속,T4 구어·문장,q_귀금속_09,주얼리 사는 데,패션·잡화 중 '귀금속'을 판매·제공하는 매장,36ff21ca-0e11-4cb9-b41d-a11b2d0550b8,수누주얼리,,대봉모리 골목형상점가,골목형상점가,대구광역시,3.0,3.0,,,RESOLVED_AGREEMENT,False,3,,,,
c57adf265d64e2916a38,test,귀금속,T4 구어·문장,q_귀금속_09,주얼리 사는 데,패션·잡화 중 '귀금속'을 판매·제공하는 매장,710db2d9-9dbb-40f3-ac3a-9b624483b6b0,소예당,주얼리,새롬동 골목형상점가,골목형상점가,세종특별자치시,3.0,3.0,,,RESOLVED_AGREEMENT,False,3,,,,
26df420ac20da2cd39da,test,귀금속,T4 구어·문장,q_귀금속_09,주얼리 사는 데,패션·잡화 중 '귀금속'을 판매·제공하는 매장,6a7ac0e3-2e01-4a89-b390-dbb6fecf6c0b,중도매인76호,수산물,중앙선어시장,전통시장,전라남도,0.0,0.0,,,RESOLVED_AGREEMENT,False,0,,,,
66fa18391cd710774341,test,귀금속,T4 구어·문장,q_귀금속_09,주얼리 사는 데,패션·잡화 중 '귀금속'을 판매·제공하는 매장,0056f9b4-b953-40f2-b820-71d6e7b46c58,주얼리루비,귀금속,하남 골목형상점가,골목형상점가,광주광역시,3.0,3.0,,,RESOLVED_AGREEMENT,False,3,,,,
34a62ffe3bce4794bff1,test,귀금속,T4 구어·문장,q_귀금속_09,주얼리 사는 데,패션·잡화 중 '귀금속'을 판매·제공하는 매장,982c3b37-4bbc-4109-825e-9982094fcc00,동부주얼리,,순천연향패션상가,자율상권구역,,3.0,3.0,,,RESOLVED_AGREEMENT,False,3,,,,
5f2780d12dd35c7a20c3,test,귀금속,T4 구어·문장,q_귀금속_09,주얼리 사는 데,패션·잡화 중 '귀금속'을 판매·제공하는 매장,95d7bb29-1437-43e2-a5c7-09bda4b8d18b,조일호,활어,민락어민활어직판장,자율상권구역,부산광역시,0.0,0.0,,,RESOLVED_AGREEMENT,False,0,,,,
5af0ea2967bfa0c8d16f,test,귀금속,T4 구어·문장,q_귀금속_09,주얼리 사는 데,패션·잡화 중 '귀금속'을 판매·제공하는 매장,eb3fcc1a-f400-429b-afdd-575a8c90ab3b,곤스 주얼리수리센터,주얼리수리,소담마실길 골목형상점가,골목형상점가,세종특별자치시,3.0,3.0,,,RESOLVED_AGREEMENT,False,3,,,,
b4966b0325c4ff80dd85,test,귀금속,T4 구어·문장,q_귀금속_09,주얼리 사는 데,패션·잡화 중 '귀금속'을 판매·제공하는 매장,91d77d49-0158-4313-9dd8-276944259054,아망뜨,"주얼리, 귀금속",서산중앙상가,자율상권구역,충청남도,3.0,3.0,,,RESOLVED_AGREEMENT,False,3,,,,
2964cc58677c097b1a33,test,귀금속,T4 구어·문장,q_귀금속_09,주얼리 사는 데,패션·잡화 중 '귀금속'을 판매·제공하는 매장,f85fcc7d-4404-4f62-8a7b-8f05946b4c9f,삼호골드,주얼리,삼호읍 중앙 골목형상점가,골목형상점가,전라남도,3.0,3.0,,,RESOLVED_AGREEMENT,False,3,,,,
4d4ee11590739a105808,test,귀금속,T4 구어·문장,q_귀금속_09,주얼리 사는 데,패션·잡화 중 '귀금속'을 판매·제공하는 매장,6b19069e-1d57-4555-8b95-047667525f89,레오네 주일리,주얼리,거제 상동 골목형상점가,골목형상점가,경상남도,3.0,3.0,,,RESOLVED_AGREEMENT,False,3,,,,
3fd147947ad3a0c0768d,test,귀금속,T4 구어·문장,q_귀금속_09,주얼리 사는 데,패션·잡화 중 '귀금속'을 판매·제공하는 매장,0308940f-189d-41bd-9a0c-cae20bfc8b65,실버투유,액세서리,남대문시장,전통시장,서울특별시,1.0,2.0,,,P1_BINARY_THRESHOLD,True,,,,,
e3f6657e3fbfc437d753,test,귀금속,T4 구어·문장,q_귀금속_09,주얼리 사는 데,패션·잡화 중 '귀금속'을 판매·제공하는 매장,3e83d8ee-19b6-4f78-bef8-4ccd8a6acda2,동광당,금은방,전주중앙상가시장,전통시장,전북특별자치도,3.0,3.0,,,RESOLVED_AGREEMENT,False,3,,,,
bd28c8493306d8348265,test,귀금속,T4 구어·문장,q_귀금속_09,주얼리 사는 데,패션·잡화 중 '귀금속'을 판매·제공하는 매장,03425599-9eed-4d3b-8682-d3c2e620325e,초량전통시장 노점매대 54번,액세서리,초량전통시장,전통시장,부산광역시,1.0,2.0,,,P1_BINARY_THRESHOLD,True,,,,,
a87334cbad67a0336dcc,test,귀금속,T4 구어·문장,q_귀금속_09,주얼리 사는 데,패션·잡화 중 '귀금속'을 판매·제공하는 매장,e81105a7-36d3-440e-9b78-f92c82fcf615,비에르 주얼리,귀금속,고운마음 골목형상점가,골목형상점가,세종특별자치시,3.0,3.0,,,RESOLVED_AGREEMENT,False,3,,,,
e2106652464eadfb0826,test,귀금속,T6 기계변형,q_귀금속_10,귀금속추천,패션·잡화 중 '귀금속'을 판매·제공하는 매장,fafe171b-5ced-4800-9a6b-968af14089ef,청도추어탕,,효목마을 골목형상점가,골목형상점가,대구광역시,0.0,0.0,,,RESOLVED_AGREEMENT,False,0,,,,
fc6b11d1f7e2ce501459,test,귀금속,T6 기계변형,q_귀금속_10,귀금속추천,패션·잡화 중 '귀금속'을 판매·제공하는 매장,06f92a02-db8d-46be-8ee1-213693507a55,오드워치,시계,남대문시장,전통시장,서울특별시,3.0,3.0,,,RESOLVED_AGREEMENT,False,3,,,,
05be4cd0d3f42b996ea8,test,귀금속,T6 기계변형,q_귀금속_10,귀금속추천,패션·잡화 중 '귀금속'을 판매·제공하는 매장,a2c182ca-cdcf-453c-a32d-802993ee3091,은백귀금속,귀금속,춘천동부시장,전통시장,강원특별자치도,3.0,3.0,,,RESOLVED_AGREEMENT,False,3,,,,
703b7f1f2986c0fba5ec,test,귀금속,T6 기계변형,q_귀금속_10,귀금속추천,패션·잡화 중 '귀금속'을 판매·제공하는 매장,e818302b-511c-48de-9174-d74315411a2c,金보석,귀금속,밀양 원도심 햇살문화 상권활성화 구역,상권활성화구역,경상남도,3.0,3.0,,,RESOLVED_AGREEMENT,False,3,,,,
1b113c9a062dfc4db99f,test,귀금속,T6 기계변형,q_귀금속_10,귀금속추천,패션·잡화 중 '귀금속'을 판매·제공하는 매장,b666fb7a-335f-4504-8447-19e9d46eb360,굳앤굳,귀금속엑사사리,부평역지하상가,일반지하상점가,인천광역시,3.0,3.0,,,RESOLVED_AGREEMENT,False,3,,,,
bb019459d2a52e00c4a0,test,귀금속,T6 기계변형,q_귀금속_10,귀금속추천,패션·잡화 중 '귀금속'을 판매·제공하는 매장,9d846251-645f-4e8f-8afe-25d27df2115f,옥신,귀금속,골드테마거리,전통시장,부산광역시,3.0,3.0,,,RESOLVED_AGREEMENT,False,3,,,,
03e9976eed9fe975ad74,test,귀금속,T6 기계변형,q_귀금속_10,귀금속추천,패션·잡화 중 '귀금속'을 판매·제공하는 매장,03425599-9eed-4d3b-8682-d3c2e620325e,초량전통시장 노점매대 54번,액세서리,초량전통시장,전통시장,부산광역시,1.0,2.0,,,P1_BINARY_THRESHOLD,True,,,,,
c0a3f81bcddcaf271a9a,test,귀금속,T6 기계변형,q_귀금속_10,귀금속추천,패션·잡화 중 '귀금속'을 판매·제공하는 매장,f9cb26c5-8d3b-44e8-9485-391635810401,쥬벨,귀금속,골드테마거리,전통시장,부산광역시,3.0,3.0,,,RESOLVED_AGREEMENT,False,3,,,,
2270583b35010308a25b,test,귀금속,T6 기계변형,q_귀금속_10,귀금속추천,패션·잡화 중 '귀금속'을 판매·제공하는 매장,0043881b-db89-4699-8cc4-29ff178f91ee,국제보석,귀금속,대구패션주얼리특구,자율상권구역,대구광역시,3.0,3.0,,,RESOLVED_AGREEMENT,False,3,,,,
d4b7014263a7f8802c51,test,귀금속,T6 기계변형,q_귀금속_10,귀금속추천,패션·잡화 중 '귀금속'을 판매·제공하는 매장,7ab2921e-3f71-4bc1-9c06-4b6443f443d1,뉴월드 귀금속,귀금속 시계,"온양온천시장(온양재래시장, 전통시장)",전통시장,충청남도,3.0,3.0,,,RESOLVED_AGREEMENT,False,3,,,,
404ed48cd60ddad3b614,test,귀금속,T6 기계변형,q_귀금속_10,귀금속추천,패션·잡화 중 '귀금속'을 판매·제공하는 매장,085465ef-544c-4898-9421-c8b9babe2186,해와달,소매(준보석),천호로데오거리상점가,자율상권구역,서울특별시,3.0,3.0,,,RESOLVED_AGREEMENT,False,3,,,,
0b694650f4376b1d8f8c,test,귀금속,T6 기계변형,q_귀금속_10,귀금속추천,패션·잡화 중 '귀금속'을 판매·제공하는 매장,c0adc4ca-1ebc-41a7-900c-4aece21563c8,본골드,귀금속,산본전통시장(구 군포산본시장),전통시장,경기도,3.0,3.0,,,RESOLVED_AGREEMENT,False,3,,,,
3a9c71598a70a7fd1e53,test,귀금속,T6 기계변형,q_귀금속_10,귀금속추천,패션·잡화 중 '귀금속'을 판매·제공하는 매장,0056f9b4-b953-40f2-b820-71d6e7b46c58,주얼리루비,귀금속,하남 골목형상점가,골목형상점가,광주광역시,3.0,3.0,,,RESOLVED_AGREEMENT,False,3,,,,
2c128de24482cf6dd1fd,test,귀금속,T6 기계변형,q_귀금속_10,귀금속추천,패션·잡화 중 '귀금속'을 판매·제공하는 매장,06bb8840-f403-44b9-85ad-4fe6ff6fc822,에코,귀금속,매곡동 골목형상점가,골목형상점가,광주광역시,3.0,3.0,,,RESOLVED_AGREEMENT,False,3,,,,
a06020d3a588df5476a4,test,귀금속,T6 기계변형,q_귀금속_10,귀금속추천,패션·잡화 중 '귀금속'을 판매·제공하는 매장,03d999c9-d1ad-4f94-8fa6-a7f9bf1c412d,갱'S쥬얼리,"귀금속, 시계",신림별빛거리골목형상점가,골목형상점가,서울특별시,3.0,3.0,,,RESOLVED_AGREEMENT,False,3,,,,
c6abcd4a6d2bd404c594,test,귀금속,T6 기계변형,q_귀금속_10,귀금속추천,패션·잡화 중 '귀금속'을 판매·제공하는 매장,44cb233b-27ed-4c33-94fe-dc2d489981dc,아가페귀금속,귀금속,골드테마거리,전통시장,부산광역시,3.0,3.0,,,RESOLVED_AGREEMENT,False,3,,,,
51ec8ed63a384b3b4c88,test,귀금속,T6 기계변형,q_귀금속_10,귀금속추천,패션·잡화 중 '귀금속'을 판매·제공하는 매장,fb28f966-8006-43a5-9c4d-e623b409c83e,보석장,귀금속,창원 가음시장대상가,전통시장,경상남도,3.0,3.0,,,RESOLVED_AGREEMENT,False,3,,,,
ac86e4af8918bc66134c,test,귀금속,T6 기계변형,q_귀금속_10,귀금속추천,패션·잡화 중 '귀금속'을 판매·제공하는 매장,95513338-9fca-4a15-b8de-e8ab41ed7a62,케이투귀금속,귀금속,골드테마거리,전통시장,부산광역시,3.0,3.0,,,RESOLVED_AGREEMENT,False,3,,,,
45fc2b1b1c482f1a9806,test,귀금속,T6 기계변형,q_귀금속_10,귀금속추천,패션·잡화 중 '귀금속'을 판매·제공하는 매장,03d2f183-77cc-44c8-b4e4-f34ed3bcfa83,다나,"소매업(귀금속,액세서리,모조장신구)",코끼리시장,전통시장,경기도,3.0,3.0,,,RESOLVED_AGREEMENT,False,3,,,,
4b5f79b88f745f51ba1f,test,귀금속,T6 기계변형,q_귀금속_10,귀금속추천,패션·잡화 중 '귀금속'을 판매·제공하는 매장,00ee1cd3-ec15-467a-86d2-07e596d7d395,금옥당,"귀금속, 시계 소매",골드테마거리,전통시장,부산광역시,3.0,3.0,,,RESOLVED_AGREEMENT,False,3,,,,
cb79546fcdc5561cb2e1,test,귀금속,T6 기계변형,q_귀금속_10,귀금속추천,패션·잡화 중 '귀금속'을 판매·제공하는 매장,a926bcc1-dfbf-47af-9785-9c49d1c80628,반석,귀금속,오류버들시장골목형상점가,골목형상점가,서울특별시,3.0,3.0,,,RESOLVED_AGREEMENT,False,3,,,,
eb6e7f080b394bbcecbd,test,귀금속,T6 기계변형,q_귀금속_10,귀금속추천,패션·잡화 중 '귀금속'을 판매·제공하는 매장,4f2eeb24-3135-457a-ad76-b0a9bda5e930,상금당,귀금속,개금골목시장,전통시장,부산광역시,3.0,3.0,,,RESOLVED_AGREEMENT,False,3,,,,
a76968e6d5cd2ea1e659,test,귀금속,T6 기계변형,q_귀금속_10,귀금속추천,패션·잡화 중 '귀금속'을 판매·제공하는 매장,a2421117-3144-4c43-b2f4-e7aaba603ad3,사론,귀금속,골드테마거리,전통시장,부산광역시,3.0,3.0,,,RESOLVED_AGREEMENT,False,3,,,,
c11cc59f9350503f8e6a,test,귀금속,T6 기계변형,q_귀금속_10,귀금속추천,패션·잡화 중 '귀금속'을 판매·제공하는 매장,bd3a58fd-59e3-43e0-a327-61bfcf64b85f,금맥,귀금속,대구패션주얼리특구,자율상권구역,대구광역시,3.0,3.0,,,RESOLVED_AGREEMENT,False,3,,,,
22754374aae1ceb9ed48,test,귀금속,T6 기계변형,q_귀금속_10,귀금속추천,패션·잡화 중 '귀금속'을 판매·제공하는 매장,53f3f231-f508-44be-8372-594d3f2a5131,육곳간,축산물,창동신창시장,전통시장,서울특별시,0.0,0.0,,,RESOLVED_AGREEMENT,False,0,,,,
8732d32499567e024973,test,귀금속,T6 기계변형,q_귀금속_10,귀금속추천,패션·잡화 중 '귀금속'을 판매·제공하는 매장,049f8988-fdf6-4dac-acb6-ef8b0af859fa,삼성당,시계,해미읍성전통시장,전통시장,충청남도,3.0,3.0,,,RESOLVED_AGREEMENT,False,3,,,,
27239dcf052bc643ab4e,test,귀금속,T6 기계변형,q_귀금속_10,귀금속추천,패션·잡화 중 '귀금속'을 판매·제공하는 매장,0188cda6-6441-4058-82b0-0cb89e035583,친한친구,액세서리,㈜르네시떼,전통시장,부산광역시,1.0,2.0,,,P1_BINARY_THRESHOLD,True,,,,,
4e7c102030ca81a5b447,test,귀금속,T6 기계변형,q_귀금속_10,귀금속추천,패션·잡화 중 '귀금속'을 판매·제공하는 매장,535898d1-22e9-4ae1-8e59-87bba1973d22,숯토리 안산고잔점,음식점,도리섬상점가,자율상권구역,경기도,0.0,0.0,,,RESOLVED_AGREEMENT,False,0,,,,
bf1b9b94535ba48cb448,test,귀금속,T6 기계변형,q_귀금속_10,귀금속추천,패션·잡화 중 '귀금속'을 판매·제공하는 매장,84eb8ba1-59c8-4b99-8a74-e38da5dbd792,귀금당,"귀금속, 시계",㈜르네시떼,전통시장,부산광역시,3.0,3.0,,,RESOLVED_AGREEMENT,False,3,,,,
d77b8ef9048473419d9f,test,귀금속,T6 기계변형,q_귀금속_10,귀금속추천,패션·잡화 중 '귀금속'을 판매·제공하는 매장,4af6128c-51b1-4ea8-ae60-2b958126a172,원보석,소매(금은방),우림골목시장,전통시장,서울특별시,3.0,3.0,,,RESOLVED_AGREEMENT,False,3,,,,
8cc5cdbc49f2129189f6,test,귀금속,T6 기계변형,q_귀금속_10,귀금속추천,패션·잡화 중 '귀금속'을 판매·제공하는 매장,0cf82b2a-71a4-4657-b871-9a52288c43c1,반지만들기공방반지놀이터울산점,반지만들기,성남먹자골목,골목형상점가,울산광역시,3.0,3.0,,,RESOLVED_AGREEMENT,False,3,,,,
d245db8cc77e971bad25,test,귀금속,T6 기계변형,q_귀금속_10,귀금속추천,패션·잡화 중 '귀금속'을 판매·제공하는 매장,e1cd936d-6182-424e-b6cb-86813e47f687,창춘,귀금속,대구패션주얼리특구,자율상권구역,대구광역시,3.0,3.0,,,RESOLVED_AGREEMENT,False,3,,,,
5b252b7ee57599d4d9f9,test,귀금속,T6 기계변형,q_귀금속_10,귀금속추천,패션·잡화 중 '귀금속'을 판매·제공하는 매장,f92d8805-6fde-43fb-a43c-7ca90a917a70,초록귀금속,귀금속,거제 장평종합시장,전통시장,경상남도,3.0,3.0,,,RESOLVED_AGREEMENT,False,3,,,,
ccb5c60fa117f102f581,test,귀금속,T6 기계변형,q_귀금속_10,귀금속추천,패션·잡화 중 '귀금속'을 판매·제공하는 매장,dd50c1b7-9d47-4917-a2b7-ad6b7e905ca3,명가,귀금속,주안시민지하도상점가,일반지하상점가,인천광역시,3.0,3.0,,,RESOLVED_AGREEMENT,False,3,,,,
942d517cccc148c99127,test,귀금속,T6 기계변형,q_귀금속_10,귀금속추천,패션·잡화 중 '귀금속'을 판매·제공하는 매장,85f6cef5-8a49-447e-bb24-6143d7b60764,예돌젬,귀금속,대구패션주얼리특구,자율상권구역,대구광역시,3.0,3.0,,,RESOLVED_AGREEMENT,False,3,,,,
cf04c86d571a634dcc49,test,귀금속,T6 기계변형,q_귀금속_10,귀금속추천,패션·잡화 중 '귀금속'을 판매·제공하는 매장,aac6b3a7-acb7-4ea4-a532-97b4b4fcf8a8,수금당,귀금속,성남프라자,전통시장,울산광역시,3.0,3.0,,,RESOLVED_AGREEMENT,False,3,,,,
abc141c77047e5b5fb96,test,귀금속,T6 기계변형,q_귀금속_10,귀금속추천,패션·잡화 중 '귀금속'을 판매·제공하는 매장,03d7c59b-0f64-4647-9c85-97eb7310d1cc,세이젬,"악세사리, 장신구, 귀금속, 시계, 지금",경주중심상가,전통시장,경상북도,3.0,3.0,,,RESOLVED_AGREEMENT,False,3,,,,
af3a3159d515b62d7d60,test,귀금속,T6 기계변형,q_귀금속_10,귀금속추천,패션·잡화 중 '귀금속'을 판매·제공하는 매장,3e83d8ee-19b6-4f78-bef8-4ccd8a6acda2,동광당,금은방,전주중앙상가시장,전통시장,전북특별자치도,3.0,3.0,,,RESOLVED_AGREEMENT,False,3,,,,
7cf5bf444133334f7147,test,귀금속,T6 기계변형,q_귀금속_10,귀금속추천,패션·잡화 중 '귀금속'을 판매·제공하는 매장,fbd0c656-6d53-4ce9-b759-a5df624ad62b,금송,귀금속,골드테마거리,전통시장,부산광역시,3.0,3.0,,,RESOLVED_AGREEMENT,False,3,,,,
a86df19197d54f4210d7,test,귀금속,T6 기계변형,q_귀금속_10,귀금속추천,패션·잡화 중 '귀금속'을 판매·제공하는 매장,a2b91ba6-d538-43b5-bdc0-7b3f7df0ede9,흰,귀금속,북촌계동길골목형상점가,골목형상점가,서울특별시,3.0,3.0,,,RESOLVED_AGREEMENT,False,3,,,,
2eb9a801798552b5a5ef,test,귀금속,T6 기계변형,q_귀금속_10,귀금속추천,패션·잡화 중 '귀금속'을 판매·제공하는 매장,b4cfb455-7051-4bbe-80fc-8f66ccc6ebcd,귀빈,귀금속,명동 지하쇼핑센터,일반지하상점가,서울특별시,3.0,3.0,,,RESOLVED_AGREEMENT,False,3,,,,
4a405a59095008b13ae5,test,귀금속,T6 기계변형,q_귀금속_10,귀금속추천,패션·잡화 중 '귀금속'을 판매·제공하는 매장,53c4c6cc-37b3-4ad8-87d7-a7c97ea1358c,귀금속프라자,귀금속,사강시장,전통시장,경기도,3.0,3.0,,,RESOLVED_AGREEMENT,False,3,,,,
2e2d9561a721112bc433,test,귀금속,T6 기계변형,q_귀금속_10,귀금속추천,패션·잡화 중 '귀금속'을 판매·제공하는 매장,43c75d81-367d-4cd0-a7c1-9d667f6f3689,낙원식품,두부,서동시장(창인시장),전통시장,전북특별자치도,0.0,0.0,,,RESOLVED_AGREEMENT,False,0,,,,
d38d06761008457fa28c,test,귀금속,T6 기계변형,q_귀금속_10,귀금속추천,패션·잡화 중 '귀금속'을 판매·제공하는 매장,a54a3ab8-d1b5-4844-80b7-ac70fad66dc0,에테르주얼리,반지 및 악세서리,대봉애 골목형상점가,골목형상점가,대구광역시,3.0,3.0,,,RESOLVED_AGREEMENT,False,3,,,,
ca4fa0c20c0bcbe18c97,test,귀금속,T6 기계변형,q_귀금속_10,귀금속추천,패션·잡화 중 '귀금속'을 판매·제공하는 매장,045b116c-e7af-48dc-9104-bc56fb91dd7b,정금당(귀금속),귀금속,창원 성원그랜드쇼핑상가,전통시장,경상남도,3.0,3.0,,,RESOLVED_AGREEMENT,False,3,,,,
c7241c3b70333b974c7e,test,귀금속,T6 기계변형,q_귀금속_10,귀금속추천,패션·잡화 중 '귀금속'을 판매·제공하는 매장,03398f1a-7a3f-446a-83bd-af19448c925b,미석,귀금속,창원 성원그랜드쇼핑상가,전통시장,경상남도,3.0,3.0,,,RESOLVED_AGREEMENT,False,3,,,,
5c70c2add71f412b44ac,test,귀금속,T6 기계변형,q_귀금속_10,귀금속추천,패션·잡화 중 '귀금속'을 판매·제공하는 매장,21f160a0-50a7-4a6a-a9bf-4648b7092b30,금광,귀금속,제주중앙지하상가,일반지하상점가,제주특별자치도,3.0,3.0,,,RESOLVED_AGREEMENT,False,3,,,,
df833b5f65a60ff05ddc,test,귀금속,T6 기계변형,q_귀금속_10,귀금속추천,패션·잡화 중 '귀금속'을 판매·제공하는 매장,905fdfef-83ca-4ed1-be97-3b0170dabcdb,젬하우스,악세사리 반지공방,신사세로수길골목형상점가,골목형상점가,서울특별시,3.0,3.0,,,RESOLVED_AGREEMENT,False,3,,,,
603de60cbea357738914,test,귀금속,T6 기계변형,q_귀금속_10,귀금속추천,패션·잡화 중 '귀금속'을 판매·제공하는 매장,c01ef315-5273-480e-a31e-ec2f7509e0cb,금강당,귀금속,남부골목시장,전통시장,서울특별시,3.0,3.0,,,RESOLVED_AGREEMENT,False,3,,,,
e7fb2587c4e45c99225f,test,귀금속,T6 기계변형,q_귀금속_10,귀금속추천,패션·잡화 중 '귀금속'을 판매·제공하는 매장,bfd88ed7-915b-45aa-894b-41dde05ce3af,예금당,귀금속,수유프라자,전통시장,서울특별시,3.0,3.0,,,RESOLVED_AGREEMENT,False,3,,,,
4e078ea0e871095f82dd,test,귀금속,T6 기계변형,q_귀금속_10,귀금속추천,패션·잡화 중 '귀금속'을 판매·제공하는 매장,12110612-1632-4790-b2c8-6aa09a2c18ea,아벨귀금속,귀금속,불당1번가골목형상점가,골목형상점가,충청남도,3.0,3.0,,,RESOLVED_AGREEMENT,False,3,,,,
a68be82182d19bc4d4e8,test,귀금속,T6 기계변형,q_귀금속_10,귀금속추천,패션·잡화 중 '귀금속'을 판매·제공하는 매장,4d83aac3-62bf-4acf-aaf0-109dc9264506,라온,귀금속,골드테마거리,전통시장,부산광역시,3.0,3.0,,,RESOLVED_AGREEMENT,False,3,,,,
8c86a029f44f08fa49d9,test,귀금속,T6 기계변형,q_귀금속_10,귀금속추천,패션·잡화 중 '귀금속'을 판매·제공하는 매장,069cebbe-575a-40b5-9b2f-0a082b552037,별보석금나라,,전통중앙도매상가,전통시장,대전광역시,3.0,3.0,,,RESOLVED_AGREEMENT,False,3,,,,
8ff2fb4390f7590aa09e,test,귀금속,T6 기계변형,q_귀금속_10,귀금속추천,패션·잡화 중 '귀금속'을 판매·제공하는 매장,5b626bfd-6a75-4dd1-adeb-ba95302874ce,에쎄귀금속,귀금속,창원 상남시장,전통시장,경상남도,3.0,3.0,,,RESOLVED_AGREEMENT,False,3,,,,
62c3f7c4e2e081660efe,test,귀금속,T6 기계변형,q_귀금속_10,귀금속추천,패션·잡화 중 '귀금속'을 판매·제공하는 매장,595e9f12-9ff0-4c5d-8b49-e0fbb70a816b,하목리,귀금속,골드테마거리,전통시장,부산광역시,3.0,3.0,,,RESOLVED_AGREEMENT,False,3,,,,
7faeda28a17fbcdf1865,test,귀금속,T6 기계변형,q_귀금속_10,귀금속추천,패션·잡화 중 '귀금속'을 판매·제공하는 매장,0038905e-d969-4b31-b09f-c35bdc0b9b8b,영보석,귀금속,촬영소사거리골목형상점가,골목형상점가,서울특별시,3.0,3.0,,,RESOLVED_AGREEMENT,False,3,,,,
a118d7b271ff7ed96035,test,귀금속,T6 기계변형,q_귀금속_10,귀금속추천,패션·잡화 중 '귀금속'을 판매·제공하는 매장,0308940f-189d-41bd-9a0c-cae20bfc8b65,실버투유,액세서리,남대문시장,전통시장,서울특별시,1.0,2.0,,,P1_BINARY_THRESHOLD,True,,,,,
c6c550eb84d5f09675c6,test,귀금속,T6 기계변형,q_귀금속_10,귀금속추천,패션·잡화 중 '귀금속'을 판매·제공하는 매장,004eaf2b-83b1-4387-9843-85074f3b3f6f,색동보석,보석,충주자유시장,전통시장,충청북도,3.0,3.0,,,RESOLVED_AGREEMENT,False,3,,,,
26aa632780c8079a6129,test,귀금속,T6 기계변형,q_귀금속_10,귀금속추천,패션·잡화 중 '귀금속'을 판매·제공하는 매장,e63e5b86-a4d6-4094-9877-46941caa0acd,젬코,귀금속,골드테마거리,전통시장,부산광역시,3.0,3.0,,,RESOLVED_AGREEMENT,False,3,,,,
66938479fbb1f5b3dad0,test,귀금속,T6 기계변형,q_귀금속_10,귀금속추천,패션·잡화 중 '귀금속'을 판매·제공하는 매장,1b398dde-4fc2-4871-b644-1443310cd037,데일리팡(구포점),제과,정이있는 구포시장,전통시장,부산광역시,0.0,0.0,,,RESOLVED_AGREEMENT,False,0,,,,
b2e034e881968b02b711,test,귀금속,T6 기계변형,q_귀금속_10,귀금속추천,패션·잡화 중 '귀금속'을 판매·제공하는 매장,07f8b8f4-9040-49c7-8e2b-25cbd6db3f96,서북당,귀금속,전통중앙도매상가,전통시장,대전광역시,3.0,3.0,,,RESOLVED_AGREEMENT,False,3,,,,
2234a277463f8c41022e,test,귀금속,T6 기계변형,q_귀금속_10,귀금속추천,패션·잡화 중 '귀금속'을 판매·제공하는 매장,f1236e98-9739-48c7-81e9-d8961a112856,지원,귀금속,골드테마거리,전통시장,부산광역시,3.0,3.0,,,RESOLVED_AGREEMENT,False,3,,,,
1741f1ed3252bf50769c,test,귀금속,T6 기계변형,q_귀금속_10,귀금속추천,패션·잡화 중 '귀금속'을 판매·제공하는 매장,a7df80e5-1baa-41da-ace4-cb1433599c91,은숙이네,생선,소래포구전통어시장,전통시장,인천광역시,0.0,0.0,,,RESOLVED_AGREEMENT,False,0,,,,
460c670d0bb5efff6474,test,귀금속,T6 기계변형,q_귀금속_10,귀금속추천,패션·잡화 중 '귀금속'을 판매·제공하는 매장,c629ece4-02c6-4829-ac0b-da16e1d748b9,정확사,귀금속,구리전통시장,전통시장,경기도,3.0,3.0,,,RESOLVED_AGREEMENT,False,3,,,,
2926c1cd8b88237baf5c,test,귀금속,T6 기계변형,q_귀금속_10,귀금속추천,패션·잡화 중 '귀금속'을 판매·제공하는 매장,00ec77a3-3e9a-4a5b-b837-c4014ef84285,은은하당,귀금속소매업,테크노밸리 골목형상점가,골목형상점가,대전광역시,3.0,3.0,,,RESOLVED_AGREEMENT,False,3,,,,
4f490ffec8d25e12d1a7,test,귀금속,T6 기계변형,q_귀금속_10,귀금속추천,패션·잡화 중 '귀금속'을 판매·제공하는 매장,9cf3c9b7-fd4d-4c0f-93b4-1d78820077e5,향남귀금속,귀금속,향남로 골목형상점가,골목형상점가,경기도,3.0,3.0,,,RESOLVED_AGREEMENT,False,3,,,,
cb6d30599e4342e9c083,test,귀금속,T6 기계변형,q_귀금속_10,귀금속추천,패션·잡화 중 '귀금속'을 판매·제공하는 매장,607695d5-67e1-4751-b220-d93cd73d3f21,세금당,귀금속,팔달시장,전통시장,대구광역시,3.0,3.0,,,RESOLVED_AGREEMENT,False,3,,,,
bc4b8f0a5eb2e713c2eb,test,귀금속,T6 기계변형,q_귀금속_10,귀금속추천,패션·잡화 중 '귀금속'을 판매·제공하는 매장,dfff5a26-801b-4ed0-bceb-d0e4db43007d,셀디스터디카페 나주혁신점,공간임대,"빛가람 스타타워, 메가티움1차, 메가티움2차 골목형상점가",골목형상점가,전라남도,0.0,0.0,,,RESOLVED_AGREEMENT,False,0,,,,
39338751aa1c8d97f509,test,귀금속,T6 기계변형,q_귀금속_10,귀금속추천,패션·잡화 중 '귀금속'을 판매·제공하는 매장,10de78d1-e53e-4617-8bf1-5c53e8665faa,경일사,"보석, 시계",송탄시장(송북시장),전통시장,경기도,3.0,3.0,,,RESOLVED_AGREEMENT,False,3,,,,
342f8f7a26b29c04f0eb,test,귀금속,T6 기계변형,q_귀금속_10,귀금속추천,패션·잡화 중 '귀금속'을 판매·제공하는 매장,6679df8a-f9d0-4611-94af-73d5dd1b36f0,예금당,귀금속,중랑동부시장,전통시장,서울특별시,3.0,3.0,,,RESOLVED_AGREEMENT,False,3,,,,
121cdc05f723c188c5fd,test,귀금속,T6 기계변형,q_귀금속_10,귀금속추천,패션·잡화 중 '귀금속'을 판매·제공하는 매장,ebcd82b1-b326-4311-8f22-afcb04c08d5f,글로리귀금속,귀금속,풍암1로상인회 골목형상점가,골목형상점가,광주광역시,3.0,3.0,,,RESOLVED_AGREEMENT,False,3,,,,
3555ac2cce63e201b599,test,귀금속,T6 기계변형,q_귀금속_10,귀금속추천,패션·잡화 중 '귀금속'을 판매·제공하는 매장,79786f48-9ec9-4d49-9550-2f0c204ab682,주쥬,귀금속,골드테마거리,전통시장,부산광역시,3.0,3.0,,,RESOLVED_AGREEMENT,False,3,,,,
9f059ab40fd488715dea,test,귀금속,T6 기계변형,q_귀금속_10,귀금속추천,패션·잡화 중 '귀금속'을 판매·제공하는 매장,371f6fab-9e7e-4cf0-aa20-285c5fdb9440,골드귀금속,귀금속,관고전통시장,전통시장,경기도,3.0,3.0,,,RESOLVED_AGREEMENT,False,3,,,,
b3c6cd2202423609cfa6,test,귀금속,T6 기계변형,q_귀금속_10,귀금속추천,패션·잡화 중 '귀금속'을 판매·제공하는 매장,ea7c690a-1aab-44de-b7b3-b4319e7717a4,보곡당,귀금속,진해중앙시장,전통시장,경상남도,3.0,3.0,,,RESOLVED_AGREEMENT,False,3,,,,
3b902e0c45364f4c5331,test,귀금속,T6 기계변형,q_귀금속_10,귀금속추천,패션·잡화 중 '귀금속'을 판매·제공하는 매장,52e429ee-457c-4de8-84a9-4decf6429cd4,가인,귀금속,골드테마거리,전통시장,부산광역시,3.0,3.0,,,RESOLVED_AGREEMENT,False,3,,,,
7a2a733e2cd7781bd874,test,귀금속,T6 기계변형,q_귀금속_10,귀금속추천,패션·잡화 중 '귀금속'을 판매·제공하는 매장,78fd0c56-8e37-4235-9286-55a4db6f65f8,태금당,귀금속,"온양온천시장(온양재래시장, 전통시장)",전통시장,충청남도,3.0,3.0,,,RESOLVED_AGREEMENT,False,3,,,,
37563a6d5dcc5f1b7eba,test,귀금속,T6 기계변형,q_귀금속_10,귀금속추천,패션·잡화 중 '귀금속'을 판매·제공하는 매장,409fe8c3-1560-4d16-bc24-f5781bb345be,종로귀금속,귀금속,전통중앙도매상가,전통시장,대전광역시,3.0,3.0,,,RESOLVED_AGREEMENT,False,3,,,,
e17ac5beb6a523391eb0,test,귀금속,T6 기계변형,q_귀금속_10,귀금속추천,패션·잡화 중 '귀금속'을 판매·제공하는 매장,38734df9-1aea-49b2-9050-25ba327f052d,호박당,금은방(귀금속),전주모래내시장,전통시장,전북특별자치도,3.0,3.0,,,RESOLVED_AGREEMENT,False,3,,,,
d87dbb119d0311d28e05,test,귀금속,T6 기계변형,q_귀금속_10,귀금속추천,패션·잡화 중 '귀금속'을 판매·제공하는 매장,166c9193-005d-4dc3-8637-ed2bfd71be6f,부산금은방 남매금빵,,골드테마거리,전통시장,부산광역시,3.0,3.0,,,RESOLVED_AGREEMENT,False,3,,,,
bb2c60cbd0ae0ab26730,test,귀금속,T6 기계변형,q_귀금속_10,귀금속추천,패션·잡화 중 '귀금속'을 판매·제공하는 매장,01f2baea-5004-4e8d-a9a5-66c50aaf49e6,머쓱케이스,휴대폰 액세서리,동성로상점가,자율상권구역,대구광역시,1.0,2.0,,,P1_BINARY_THRESHOLD,True,,,,,
7a8242b019b79598a194,test,귀금속,T6 기계변형,q_귀금속_10,귀금속추천,패션·잡화 중 '귀금속'을 판매·제공하는 매장,73ec7fde-e568-490b-b6ff-91787aa3f7cb,쥬엘,귀금속,대구패션주얼리특구,자율상권구역,대구광역시,3.0,3.0,,,RESOLVED_AGREEMENT,False,3,,,,
5c3a99cfbedbcfb11755,test,귀금속,T6 기계변형,q_귀금속_10,귀금속추천,패션·잡화 중 '귀금속'을 판매·제공하는 매장,7f1827f2-b254-429a-9111-501b6622abc7,귀금당,귀금속,진주 논개시장,전통시장,경상남도,3.0,3.0,,,RESOLVED_AGREEMENT,False,3,,,,
42555011822fe267fa46,test,귀금속,T6 기계변형,q_귀금속_10,귀금속추천,패션·잡화 중 '귀금속'을 판매·제공하는 매장,41d1a369-f00a-4d58-8135-66f6f2e80aac,지반,귀금속,대구패션주얼리특구,자율상권구역,대구광역시,3.0,3.0,,,RESOLVED_AGREEMENT,False,3,,,,
42d332d5e34799ed143b,test,귀금속,T6 기계변형,q_귀금속_10,귀금속추천,패션·잡화 중 '귀금속'을 판매·제공하는 매장,97dce0e8-a756-474e-8624-75b982802335,미쥬보석,귀금속,메트로센터(반월당지하쇼핑),일반지하상점가,대구광역시,3.0,3.0,,,RESOLVED_AGREEMENT,False,3,,,,
00499d202b7dd87e2b0a,test,귀금속,T6 기계변형,q_귀금속_10,귀금속추천,패션·잡화 중 '귀금속'을 판매·제공하는 매장,db8952ed-6668-44db-8f23-39ffc8a05f49,퀸즈,귀금속,대신시장,전통시장,서울특별시,3.0,3.0,,,RESOLVED_AGREEMENT,False,3,,,,
4fea6aaeed4af32e71cf,test,귀금속,T6 기계변형,q_귀금속_10,귀금속추천,패션·잡화 중 '귀금속'을 판매·제공하는 매장,69d418d4-8541-4bf9-bc70-3669fcf773df,보노,귀금속,골드테마거리,전통시장,부산광역시,3.0,3.0,,,RESOLVED_AGREEMENT,False,3,,,,
f4336377b04dc92325c0,test,귀금속,T6 기계변형,q_귀금속_10,귀금속추천,패션·잡화 중 '귀금속'을 판매·제공하는 매장,4c3c3921-e358-41a7-8ee0-4e43be556b49,황석,귀금속,대구패션주얼리특구,자율상권구역,대구광역시,3.0,3.0,,,RESOLVED_AGREEMENT,False,3,,,,
b01f1f621961656bb419,test,귀금속,T6 기계변형,q_귀금속_10,귀금속추천,패션·잡화 중 '귀금속'을 판매·제공하는 매장,80ddd864-e03d-4348-8a58-06960473719f,나들이김밥,한식 분식,부사동 인삼거리 골목형상점가,골목형상점가,대전광역시,0.0,0.0,,,RESOLVED_AGREEMENT,False,0,,,,
ac19d6009ce1fba0ded5,test,귀금속,T6 기계변형,q_귀금속_10,귀금속추천,패션·잡화 중 '귀금속'을 판매·제공하는 매장,022f2fd5-a34e-4313-aad7-e333c361e000,귀금당,귀금속,옥골시장,전통시장,울산광역시,3.0,3.0,,,RESOLVED_AGREEMENT,False,3,,,,
f3ec6ea7cb0f79b2743e,test,귀금속,T6 기계변형,q_귀금속_10,귀금속추천,패션·잡화 중 '귀금속'을 판매·제공하는 매장,370fe534-4763-4278-80e8-09bb0ba40c97,진금당,귀금속,도곡시장,자율상권구역,서울특별시,3.0,3.0,,,RESOLVED_AGREEMENT,False,3,,,,
030232594982f26d5264,test,귀금속,T6 기계변형,q_귀금속_10,귀금속추천,패션·잡화 중 '귀금속'을 판매·제공하는 매장,ea327408-9de7-491a-901a-b015895c7026,호사,귀금속,골드테마거리,전통시장,부산광역시,3.0,3.0,,,RESOLVED_AGREEMENT,False,3,,,,
ff0ea10fdb8ab046a4ee,test,귀금속,T6 기계변형,q_귀금속_10,귀금속추천,패션·잡화 중 '귀금속'을 판매·제공하는 매장,eff4e43f-e0b7-4205-a1c3-004c8748edbb,쇼메,귀금속,골드테마거리,전통시장,부산광역시,3.0,3.0,,,RESOLVED_AGREEMENT,False,3,,,,
00ebb3129b868554a4d4,test,귀금속,T6 기계변형,q_귀금속_10,귀금속추천,패션·잡화 중 '귀금속'을 판매·제공하는 매장,49a3fe9c-bbf7-42a9-a741-99166f39ce92,진보당,금은방,진해중앙시장,전통시장,경상남도,3.0,3.0,,,RESOLVED_AGREEMENT,False,3,,,,
153edc61a653f39a693f,test,귀금속,T6 기계변형,q_귀금속_10,귀금속추천,패션·잡화 중 '귀금속'을 판매·제공하는 매장,30bf7d12-c06d-48a4-bcaf-f307725b7ea0,영화귀금속,귀금속,충장로45가 상점가,자율상권구역,광주광역시,3.0,3.0,,,RESOLVED_AGREEMENT,False,3,,,,
ffc43dfa47cd5b39b519,test,귀금속,T6 기계변형,q_귀금속_10,귀금속추천,패션·잡화 중 '귀금속'을 판매·제공하는 매장,8815cf97-7114-4103-83a6-34cbd5698177,금당,귀금속,창원 성원그랜드쇼핑상가,전통시장,경상남도,3.0,3.0,,,RESOLVED_AGREEMENT,False,3,,,,
43bc2a9989e48ce9519f,test,귀금속,T6 기계변형,q_귀금속_10,귀금속추천,패션·잡화 중 '귀금속'을 판매·제공하는 매장,5a079860-70bb-4546-befc-c83b1fbc4cdb,민골드,귀금속,연제동 골목형상점가,골목형상점가,광주광역시,3.0,3.0,,,RESOLVED_AGREEMENT,False,3,,,,
b800189be2cd98233311,test,귀금속,T6 기계변형,q_귀금속_10,귀금속추천,패션·잡화 중 '귀금속'을 판매·제공하는 매장,d5733fca-a81d-4f75-91fa-0b9fbe70a48f,카리스귀금속,귀금속,충장로45가 상점가,자율상권구역,광주광역시,3.0,3.0,,,RESOLVED_AGREEMENT,False,3,,,,
70692861b318a642d5c6,test,귀금속,T6 기계변형,q_귀금속_10,귀금속추천,패션·잡화 중 '귀금속'을 판매·제공하는 매장,a8697e9b-8a44-432d-9000-48d99ccc1c83,쥬델,귀금속,중앙종합시장,전통시장,대전광역시,3.0,3.0,,,RESOLVED_AGREEMENT,False,3,,,,
282c7aaa0f13758d55f0,test,귀금속,T6 기계변형,q_귀금속_10,귀금속추천,패션·잡화 중 '귀금속'을 판매·제공하는 매장,016d2bb5-8af2-45c2-8456-33067cd315bb,황금당,"금, 시계",홍성명동상가,자율상권구역,충청남도,3.0,3.0,,,RESOLVED_AGREEMENT,False,3,,,,
a6e02a81730ca3dc8250,test,귀금속,T6 기계변형,q_귀금속_10,귀금속추천,패션·잡화 중 '귀금속'을 판매·제공하는 매장,b6aa00ab-ee3d-4642-b765-45a2e1634ae2,피코크,귀금속,골드테마거리,전통시장,부산광역시,3.0,3.0,,,RESOLVED_AGREEMENT,False,3,,,,
c365ed5f88536c46a4f2,test,귀금속,T6 기계변형,q_귀금속_10,귀금속추천,패션·잡화 중 '귀금속'을 판매·제공하는 매장,2d604d3e-cf34-431c-bff6-553b045e0ea1,예당,귀금속,서산중앙상가,자율상권구역,충청남도,3.0,3.0,,,RESOLVED_AGREEMENT,False,3,,,,
1abea959996b8c0fa62d,test,귀금속,T6 기계변형,q_귀금속_10,귀금속추천,패션·잡화 중 '귀금속'을 판매·제공하는 매장,cf180480-df0a-4e26-b978-d247cd81be6b,커플링마을광주점,은반지 은팔찌,"금남로4,5가 골목형상점가",골목형상점가,광주광역시,3.0,3.0,,,RESOLVED_AGREEMENT,False,3,,,,
6aec15a46bcdff762964,test,귀금속,T6 기계변형,q_귀금속_10,귀금속추천,패션·잡화 중 '귀금속'을 판매·제공하는 매장,57ed8e5f-3d34-4037-8b0a-1d34333f739b,금줄,귀금속,대구패션주얼리특구,자율상권구역,대구광역시,3.0,3.0,,,RESOLVED_AGREEMENT,False,3,,,,
12132f670d4b6e6e4d20,test,귀금속,T6 기계변형,q_귀금속_10,귀금속추천,패션·잡화 중 '귀금속'을 판매·제공하는 매장,3ee885ef-acfc-49c5-8692-7ca88c445565,로얄,귀금속,대구패션주얼리특구,자율상권구역,대구광역시,3.0,3.0,,,RESOLVED_AGREEMENT,False,3,,,,
93604c3cc4b6270fe3b4,test,귀금속,T6 기계변형,q_귀금속_10,귀금속추천,패션·잡화 중 '귀금속'을 판매·제공하는 매장,53de7214-cdf0-4e52-8884-96a2b324ae69,블링걸,장식귀걸이목걸이반지머리핀,신안프라자전통시장,전통시장,경기도,3.0,3.0,,,RESOLVED_AGREEMENT,False,3,,,,
c43932d797d151b99b82,test,귀금속,T6 기계변형,q_귀금속_10,귀금속추천,패션·잡화 중 '귀금속'을 판매·제공하는 매장,5f90571a-1c68-418a-93af-00cb901c5569,원일귀금속,귀금속,골드테마거리,전통시장,부산광역시,3.0,3.0,,,RESOLVED_AGREEMENT,False,3,,,,
6ec9337949d351d61745,test,귀금속,T6 기계변형,q_귀금속_10,귀금속추천,패션·잡화 중 '귀금속'을 판매·제공하는 매장,18dd5715-f963-495d-b161-d7d28772a2ab,현대보석,"금, 은, 보석시계",전통중앙도매상가,전통시장,대전광역시,3.0,3.0,,,RESOLVED_AGREEMENT,False,3,,,,
88995ae27a1222c9a051,test,귀금속,T6 기계변형,q_귀금속_10,귀금속추천,패션·잡화 중 '귀금속'을 판매·제공하는 매장,7bb7e3e6-0ce2-4a35-8823-9ac6a662534c,루치,귀금속,천안신부문화거리상점가,자율상권구역,충청남도,3.0,3.0,,,RESOLVED_AGREEMENT,False,3,,,,
7c1f8aadfa0d7571c9d9,test,귀금속,T6 기계변형,q_귀금속_11,귀금솓,패션·잡화 중 '귀금속'을 판매·제공하는 매장,53de7214-cdf0-4e52-8884-96a2b324ae69,블링걸,장식귀걸이목걸이반지머리핀,신안프라자전통시장,전통시장,경기도,3.0,3.0,,,RESOLVED_AGREEMENT,False,3,,,,
2ed4648bd98372d0eaa2,test,귀금속,T6 기계변형,q_귀금속_11,귀금솓,패션·잡화 중 '귀금속'을 판매·제공하는 매장,6679df8a-f9d0-4611-94af-73d5dd1b36f0,예금당,귀금속,중랑동부시장,전통시장,서울특별시,3.0,3.0,,,RESOLVED_AGREEMENT,False,3,,,,
08ecaf621f2bfe008f56,test,귀금속,T6 기계변형,q_귀금속_11,귀금솓,패션·잡화 중 '귀금속'을 판매·제공하는 매장,4af6128c-51b1-4ea8-ae60-2b958126a172,원보석,소매(금은방),우림골목시장,전통시장,서울특별시,3.0,3.0,,,RESOLVED_AGREEMENT,False,3,,,,
f84f9f2af6ac35954d14,test,귀금속,T6 기계변형,q_귀금속_11,귀금솓,패션·잡화 중 '귀금속'을 판매·제공하는 매장,370fe534-4763-4278-80e8-09bb0ba40c97,진금당,귀금속,도곡시장,자율상권구역,서울특별시,3.0,3.0,,,RESOLVED_AGREEMENT,False,3,,,,
334a09be5d062d44bd14,test,귀금속,T6 기계변형,q_귀금속_11,귀금솓,패션·잡화 중 '귀금속'을 판매·제공하는 매장,18e59536-ff54-4e94-aedd-a84ab4e49456,성화,귀금속,대구패션주얼리특구,자율상권구역,대구광역시,3.0,3.0,,,RESOLVED_AGREEMENT,False,3,,,,
daed757b6f34ed354bac,test,귀금속,T6 기계변형,q_귀금속_11,귀금솓,패션·잡화 중 '귀금속'을 판매·제공하는 매장,5b626bfd-6a75-4dd1-adeb-ba95302874ce,에쎄귀금속,귀금속,창원 상남시장,전통시장,경상남도,3.0,3.0,,,RESOLVED_AGREEMENT,False,3,,,,
0fd33ef1a9849eccf076,test,귀금속,T6 기계변형,q_귀금속_11,귀금솓,패션·잡화 중 '귀금속'을 판매·제공하는 매장,7bb7e3e6-0ce2-4a35-8823-9ac6a662534c,루치,귀금속,천안신부문화거리상점가,자율상권구역,충청남도,3.0,3.0,,,RESOLVED_AGREEMENT,False,3,,,,
8d57cdb09916eabaca40,test,귀금속,T6 기계변형,q_귀금속_11,귀금솓,패션·잡화 중 '귀금속'을 판매·제공하는 매장,03425599-9eed-4d3b-8682-d3c2e620325e,초량전통시장 노점매대 54번,액세서리,초량전통시장,전통시장,부산광역시,1.0,2.0,,,P1_BINARY_THRESHOLD,True,,,,,
bb516110daf5bf440771,test,귀금속,T6 기계변형,q_귀금속_11,귀금솓,패션·잡화 중 '귀금속'을 판매·제공하는 매장,03398f1a-7a3f-446a-83bd-af19448c925b,미석,귀금속,창원 성원그랜드쇼핑상가,전통시장,경상남도,3.0,3.0,,,RESOLVED_AGREEMENT,False,3,,,,
600bd5870281243aa241,test,귀금속,T6 기계변형,q_귀금속_11,귀금솓,패션·잡화 중 '귀금속'을 판매·제공하는 매장,0038905e-d969-4b31-b09f-c35bdc0b9b8b,영보석,귀금속,촬영소사거리골목형상점가,골목형상점가,서울특별시,3.0,3.0,,,RESOLVED_AGREEMENT,False,3,,,,
2b5f9818bd5812f2d637,test,귀금속,T6 기계변형,q_귀금속_11,귀금솓,패션·잡화 중 '귀금속'을 판매·제공하는 매장,0887c698-3761-4741-867f-882a70924bca,중앙문구사,"문구, 잡화",삼척중앙시장,전통시장,강원특별자치도,1.0,0.0,,,P2_GRADED_ONLY,True,,,,,
e85c695a606ab114d8a2,test,귀금속,T6 기계변형,q_귀금속_11,귀금솓,패션·잡화 중 '귀금속'을 판매·제공하는 매장,e9793093-0ece-4962-a413-508d5c9f5705,미구스타(me.Gusta),의류,고투몰(강남터미널지하도상점가),일반지하상점가,서울특별시,0.0,0.0,,,RESOLVED_AGREEMENT,False,0,,,,
c3a2db732362f1ca1ff5,test,귀금속,T6 기계변형,q_귀금속_11,귀금솓,패션·잡화 중 '귀금속'을 판매·제공하는 매장,a8697e9b-8a44-432d-9000-48d99ccc1c83,쥬델,귀금속,중앙종합시장,전통시장,대전광역시,3.0,3.0,,,RESOLVED_AGREEMENT,False,3,,,,
4c783c52aebe964f51ff,test,귀금속,T6 기계변형,q_귀금속_11,귀금솓,패션·잡화 중 '귀금속'을 판매·제공하는 매장,c01ef315-5273-480e-a31e-ec2f7509e0cb,금강당,귀금속,남부골목시장,전통시장,서울특별시,3.0,3.0,,,RESOLVED_AGREEMENT,False,3,,,,
a5f4d28020296ef06f41,test,귀금속,T6 기계변형,q_귀금속_11,귀금솓,패션·잡화 중 '귀금속'을 판매·제공하는 매장,5f5fd8ae-3c1b-4b90-830a-42ac3232768e,야드,귀금속,대구패션주얼리특구,자율상권구역,대구광역시,3.0,3.0,,,RESOLVED_AGREEMENT,False,3,,,,
02c958086acc33224888,test,귀금속,T6 기계변형,q_귀금속_11,귀금솓,패션·잡화 중 '귀금속'을 판매·제공하는 매장,bd3a58fd-59e3-43e0-a327-61bfcf64b85f,금맥,귀금속,대구패션주얼리특구,자율상권구역,대구광역시,3.0,3.0,,,RESOLVED_AGREEMENT,False,3,,,,
4071b9a65872d4cb929c,test,귀금속,T6 기계변형,q_귀금속_11,귀금솓,패션·잡화 중 '귀금속'을 판매·제공하는 매장,03cc4ebb-9f3d-41e5-8f6a-4dfc2d05bf88,비쥬,귀금속,상무로자율상권,상권활성화구역,광주광역시,3.0,3.0,,,RESOLVED_AGREEMENT,False,3,,,,
b929e3a627088f18d892,test,귀금속,T6 기계변형,q_귀금속_11,귀금솓,패션·잡화 중 '귀금속'을 판매·제공하는 매장,049f8988-fdf6-4dac-acb6-ef8b0af859fa,삼성당,시계,해미읍성전통시장,전통시장,충청남도,3.0,3.0,,,RESOLVED_AGREEMENT,False,3,,,,
cc1ebf0df242a2693b11,test,귀금속,T6 기계변형,q_귀금속_11,귀금솓,패션·잡화 중 '귀금속'을 판매·제공하는 매장,0043881b-db89-4699-8cc4-29ff178f91ee,국제보석,귀금속,대구패션주얼리특구,자율상권구역,대구광역시,3.0,3.0,,,RESOLVED_AGREEMENT,False,3,,,,
df6758a3aa27870d3169,test,귀금속,T6 기계변형,q_귀금속_11,귀금솓,패션·잡화 중 '귀금속'을 판매·제공하는 매장,4ccd65d2-514a-47a7-9ddc-81e13440d1b8,채널,귀금속,부산평화시장,전통시장,부산광역시,3.0,3.0,,,RESOLVED_AGREEMENT,False,3,,,,
ad3ae8b5008a935e8a05,test,귀금속,T6 기계변형,q_귀금속_11,귀금솓,패션·잡화 중 '귀금속'을 판매·제공하는 매장,045b116c-e7af-48dc-9104-bc56fb91dd7b,정금당(귀금속),귀금속,창원 성원그랜드쇼핑상가,전통시장,경상남도,3.0,3.0,,,RESOLVED_AGREEMENT,False,3,,,,
645f8f4e80168262f003,test,귀금속,T6 기계변형,q_귀금속_11,귀금솓,패션·잡화 중 '귀금속'을 판매·제공하는 매장,a54a3ab8-d1b5-4844-80b7-ac70fad66dc0,에테르주얼리,반지 및 악세서리,대봉애 골목형상점가,골목형상점가,대구광역시,3.0,3.0,,,RESOLVED_AGREEMENT,False,3,,,,
23303aec9b60e0949efb,test,귀금속,T6 기계변형,q_귀금속_11,귀금솓,패션·잡화 중 '귀금속'을 판매·제공하는 매장,84eb8ba1-59c8-4b99-8a74-e38da5dbd792,귀금당,"귀금속, 시계",㈜르네시떼,전통시장,부산광역시,3.0,3.0,,,RESOLVED_AGREEMENT,False,3,,,,
ddbe4b870da1fc9071e1,test,귀금속,T6 기계변형,q_귀금속_11,귀금솓,패션·잡화 중 '귀금속'을 판매·제공하는 매장,4f2eeb24-3135-457a-ad76-b0a9bda5e930,상금당,귀금속,개금골목시장,전통시장,부산광역시,3.0,3.0,,,RESOLVED_AGREEMENT,False,3,,,,
26f85842ddf2e545680a,test,귀금속,T6 기계변형,q_귀금속_11,귀금솓,패션·잡화 중 '귀금속'을 판매·제공하는 매장,038eae21-5cfb-4496-93a1-92e36032c963,무주용이자연약초,약초,무주시장(반딧불장터),전통시장,전북특별자치도,0.0,0.0,,,RESOLVED_AGREEMENT,False,0,,,,
ba487290ed7e15fab7fc,test,귀금속,T6 기계변형,q_귀금속_11,귀금솓,패션·잡화 중 '귀금속'을 판매·제공하는 매장,f1236e98-9739-48c7-81e9-d8961a112856,지원,귀금속,골드테마거리,전통시장,부산광역시,3.0,3.0,,,RESOLVED_AGREEMENT,False,3,,,,
32862b7364b5e1b5f798,test,귀금속,T6 기계변형,q_귀금속_11,귀금솓,패션·잡화 중 '귀금속'을 판매·제공하는 매장,5c5ac69e-8378-4bfd-84fc-1d220f384cb1,비안,귀금속,대구패션주얼리특구,자율상권구역,대구광역시,3.0,3.0,,,RESOLVED_AGREEMENT,False,3,,,,
1df7cef620087d372633,test,귀금속,T6 기계변형,q_귀금속_11,귀금솓,패션·잡화 중 '귀금속'을 판매·제공하는 매장,004eaf2b-83b1-4387-9843-85074f3b3f6f,색동보석,보석,충주자유시장,전통시장,충청북도,3.0,3.0,,,RESOLVED_AGREEMENT,False,3,,,,
e51160f37cbae41227f7,test,귀금속,T6 기계변형,q_귀금속_11,귀금솓,패션·잡화 중 '귀금속'을 판매·제공하는 매장,a2b91ba6-d538-43b5-bdc0-7b3f7df0ede9,흰,귀금속,북촌계동길골목형상점가,골목형상점가,서울특별시,3.0,3.0,,,RESOLVED_AGREEMENT,False,3,,,,
f38e04cc8cb60c1a6dd4,test,귀금속,T6 기계변형,q_귀금속_11,귀금솓,패션·잡화 중 '귀금속'을 판매·제공하는 매장,fb28f966-8006-43a5-9c4d-e623b409c83e,보석장,귀금속,창원 가음시장대상가,전통시장,경상남도,3.0,3.0,,,RESOLVED_AGREEMENT,False,3,,,,
73fefc33b728a64762d2,test,귀금속,T6 기계변형,q_귀금속_11,귀금솓,패션·잡화 중 '귀금속'을 판매·제공하는 매장,0cf82b2a-71a4-4657-b871-9a52288c43c1,반지만들기공방반지놀이터울산점,반지만들기,성남먹자골목,골목형상점가,울산광역시,3.0,3.0,,,RESOLVED_AGREEMENT,False,3,,,,
f84a3fad00653e6f2505,test,귀금속,T6 기계변형,q_귀금속_11,귀금솓,패션·잡화 중 '귀금속'을 판매·제공하는 매장,7236f550-d6f1-4509-95d0-69204ad20f7e,대광,귀금속,광주송정역세권 상권활성화구역,상권활성화구역,광주광역시,3.0,3.0,,,RESOLVED_AGREEMENT,False,3,,,,
225c2ba80b0d7d9a6a34,test,귀금속,T6 기계변형,q_귀금속_11,귀금솓,패션·잡화 중 '귀금속'을 판매·제공하는 매장,18dd5715-f963-495d-b161-d7d28772a2ab,현대보석,"금, 은, 보석시계",전통중앙도매상가,전통시장,대전광역시,3.0,3.0,,,RESOLVED_AGREEMENT,False,3,,,,
c64df8803af0ecbb9af0,test,귀금속,T6 기계변형,q_귀금속_11,귀금솓,패션·잡화 중 '귀금속'을 판매·제공하는 매장,1167c570-83fc-4aec-a9f2-b1635d54f8bd,서닮보석,귀금속,김대중컨벤션상인회 골목형상점가,골목형상점가,광주광역시,3.0,3.0,,,RESOLVED_AGREEMENT,False,3,,,,
604adb586fdbfdf4e6af,test,귀금속,T6 기계변형,q_귀금속_11,귀금솓,패션·잡화 중 '귀금속'을 판매·제공하는 매장,c629ece4-02c6-4829-ac0b-da16e1d748b9,정확사,귀금속,구리전통시장,전통시장,경기도,3.0,3.0,,,RESOLVED_AGREEMENT,False,3,,,,
3c14887a599a4f8524a8,test,귀금속,T6 기계변형,q_귀금속_11,귀금솓,패션·잡화 중 '귀금속'을 판매·제공하는 매장,bfd88ed7-915b-45aa-894b-41dde05ce3af,예금당,귀금속,수유프라자,전통시장,서울특별시,3.0,3.0,,,RESOLVED_AGREEMENT,False,3,,,,
f1f0414809da925f60f1,test,귀금속,T6 기계변형,q_귀금속_11,귀금솓,패션·잡화 중 '귀금속'을 판매·제공하는 매장,0361133a-3124-415a-999c-3ca3a41d9a3e,다온,귀금속,골드테마거리,전통시장,부산광역시,3.0,3.0,,,RESOLVED_AGREEMENT,False,3,,,,
385d35f79ebddb9d61b4,test,귀금속,T6 기계변형,q_귀금속_11,귀금솓,패션·잡화 중 '귀금속'을 판매·제공하는 매장,4c3c3921-e358-41a7-8ee0-4e43be556b49,황석,귀금속,대구패션주얼리특구,자율상권구역,대구광역시,3.0,3.0,,,RESOLVED_AGREEMENT,False,3,,,,
2f2c15e88ffd09a1d930,test,귀금속,T6 기계변형,q_귀금속_11,귀금솓,패션·잡화 중 '귀금속'을 판매·제공하는 매장,eff4e43f-e0b7-4205-a1c3-004c8748edbb,쇼메,귀금속,골드테마거리,전통시장,부산광역시,3.0,3.0,,,RESOLVED_AGREEMENT,False,3,,,,
2e9da90d1f52a6425616,test,귀금속,T6 기계변형,q_귀금속_11,귀금솓,패션·잡화 중 '귀금속'을 판매·제공하는 매장,1df783b0-4b70-4542-a0ce-085b47d08d4a,금빛,귀금속,대구패션주얼리특구,자율상권구역,대구광역시,3.0,3.0,,,RESOLVED_AGREEMENT,False,3,,,,
b5b845fb4b1634b92ede,test,귀금속,T6 기계변형,q_귀금속_11,귀금솓,패션·잡화 중 '귀금속'을 판매·제공하는 매장,79786f48-9ec9-4d49-9550-2f0c204ab682,주쥬,귀금속,골드테마거리,전통시장,부산광역시,3.0,3.0,,,RESOLVED_AGREEMENT,False,3,,,,
4cfd079289c57502e36b,test,귀금속,T6 기계변형,q_귀금속_11,귀금솓,패션·잡화 중 '귀금속'을 판매·제공하는 매장,10de78d1-e53e-4617-8bf1-5c53e8665faa,경일사,"보석, 시계",송탄시장(송북시장),전통시장,경기도,3.0,3.0,,,RESOLVED_AGREEMENT,False,3,,,,
1e8e1ef45b3e2d04076c,test,귀금속,T6 기계변형,q_귀금속_11,귀금솓,패션·잡화 중 '귀금속'을 판매·제공하는 매장,53c4c6cc-37b3-4ad8-87d7-a7c97ea1358c,귀금속프라자,귀금속,사강시장,전통시장,경기도,3.0,3.0,,,RESOLVED_AGREEMENT,False,3,,,,
54ee565a9890ebcc109e,test,귀금속,T6 기계변형,q_귀금속_11,귀금솓,패션·잡화 중 '귀금속'을 판매·제공하는 매장,e63e5b86-a4d6-4094-9877-46941caa0acd,젬코,귀금속,골드테마거리,전통시장,부산광역시,3.0,3.0,,,RESOLVED_AGREEMENT,False,3,,,,
1382c508f1cd480a81d6,test,귀금속,T6 기계변형,q_귀금속_11,귀금솓,패션·잡화 중 '귀금속'을 판매·제공하는 매장,00ee1cd3-ec15-467a-86d2-07e596d7d395,금옥당,"귀금속, 시계 소매",골드테마거리,전통시장,부산광역시,3.0,3.0,,,RESOLVED_AGREEMENT,False,3,,,,
feecef434582e091e3a5,test,귀금속,T6 기계변형,q_귀금속_11,귀금솓,패션·잡화 중 '귀금속'을 판매·제공하는 매장,9d846251-645f-4e8f-8afe-25d27df2115f,옥신,귀금속,골드테마거리,전통시장,부산광역시,3.0,3.0,,,RESOLVED_AGREEMENT,False,3,,,,
37105d97379966138176,test,귀금속,T6 기계변형,q_귀금속_11,귀금솓,패션·잡화 중 '귀금속'을 판매·제공하는 매장,8d2b556f-60b2-4625-9ec6-459f287f44ff,바다스토리 한산도수산,수산물,통영 서호전통시장,전통시장,경상남도,0.0,0.0,,,RESOLVED_AGREEMENT,False,0,,,,
288e6686f2bdcfdbce43,test,귀금속,T6 기계변형,q_귀금속_11,귀금솓,패션·잡화 중 '귀금속'을 판매·제공하는 매장,57ed8e5f-3d34-4037-8b0a-1d34333f739b,금줄,귀금속,대구패션주얼리특구,자율상권구역,대구광역시,3.0,3.0,,,RESOLVED_AGREEMENT,False,3,,,,
4e75b38fce1f1a0a31e6,test,귀금속,T6 기계변형,q_귀금속_11,귀금솓,패션·잡화 중 '귀금속'을 판매·제공하는 매장,38734df9-1aea-49b2-9050-25ba327f052d,호박당,금은방(귀금속),전주모래내시장,전통시장,전북특별자치도,3.0,3.0,,,RESOLVED_AGREEMENT,False,3,,,,
a95fe9494c38fbf880ac,test,귀금속,T6 기계변형,q_귀금속_11,귀금솓,패션·잡화 중 '귀금속'을 판매·제공하는 매장,73ec7fde-e568-490b-b6ff-91787aa3f7cb,쥬엘,귀금속,대구패션주얼리특구,자율상권구역,대구광역시,3.0,3.0,,,RESOLVED_AGREEMENT,False,3,,,,
1098fb9f4ca7e11174c9,test,귀금속,T6 기계변형,q_귀금속_11,귀금솓,패션·잡화 중 '귀금속'을 판매·제공하는 매장,7ab2921e-3f71-4bc1-9c06-4b6443f443d1,뉴월드 귀금속,귀금속 시계,"온양온천시장(온양재래시장, 전통시장)",전통시장,충청남도,3.0,3.0,,,RESOLVED_AGREEMENT,False,3,,,,
bc9e97391651a339fe3f,test,귀금속,T6 기계변형,q_귀금속_11,귀금솓,패션·잡화 중 '귀금속'을 판매·제공하는 매장,0056f9b4-b953-40f2-b820-71d6e7b46c58,주얼리루비,귀금속,하남 골목형상점가,골목형상점가,광주광역시,3.0,3.0,,,RESOLVED_AGREEMENT,False,3,,,,
41862ee0fb3bd01be6e3,test,귀금속,T6 기계변형,q_귀금속_11,귀금솓,패션·잡화 중 '귀금속'을 판매·제공하는 매장,e1cd936d-6182-424e-b6cb-86813e47f687,창춘,귀금속,대구패션주얼리특구,자율상권구역,대구광역시,3.0,3.0,,,RESOLVED_AGREEMENT,False,3,,,,
c00b12f09b87247b15f9,test,귀금속,T6 기계변형,q_귀금속_11,귀금솓,패션·잡화 중 '귀금속'을 판매·제공하는 매장,d07b7619-eedc-4b5e-bd34-8c0c263343bb,귀금사,,전주웨딩거리상점가,자율상권구역,전북특별자치도,,0.0,Y,,P0_UNCERTAIN_OR_MISSING,True,,,,,
7a21eacaef8f385a950b,test,귀금속,T6 기계변형,q_귀금속_11,귀금솓,패션·잡화 중 '귀금속'을 판매·제공하는 매장,03d7c59b-0f64-4647-9c85-97eb7310d1cc,세이젬,"악세사리, 장신구, 귀금속, 시계, 지금",경주중심상가,전통시장,경상북도,3.0,3.0,,,RESOLVED_AGREEMENT,False,3,,,,
6b6d0555bfeb7a3d0022,test,귀금속,T6 기계변형,q_귀금속_11,귀금솓,패션·잡화 중 '귀금속'을 판매·제공하는 매장,085465ef-544c-4898-9421-c8b9babe2186,해와달,소매(준보석),천호로데오거리상점가,자율상권구역,서울특별시,3.0,3.0,,,RESOLVED_AGREEMENT,False,3,,,,
344892b122f08f8c5c09,test,귀금속,T6 기계변형,q_귀금속_11,귀금솓,패션·잡화 중 '귀금속'을 판매·제공하는 매장,af696700-7360-48d3-a028-d544c876b239,유리국밥,"일반음식, 국밥",인천산업유통센터,전통시장,인천광역시,0.0,0.0,,,RESOLVED_AGREEMENT,False,0,,,,
9ed18668c55b171b8f44,test,귀금속,T6 기계변형,q_귀금속_11,귀금솓,패션·잡화 중 '귀금속'을 판매·제공하는 매장,3e83d8ee-19b6-4f78-bef8-4ccd8a6acda2,동광당,금은방,전주중앙상가시장,전통시장,전북특별자치도,3.0,3.0,,,RESOLVED_AGREEMENT,False,3,,,,
4c9a9f53794c24df1ef0,test,귀금속,T6 기계변형,q_귀금속_11,귀금솓,패션·잡화 중 '귀금속'을 판매·제공하는 매장,f322fa0b-f593-4986-9ee4-e6a33345eab2,귀인보석,귀금속,안동시 대안로 골목형상점가,골목형상점가,경상북도,3.0,3.0,,,RESOLVED_AGREEMENT,False,3,,,,
57424ddcd830c0d8fce6,test,귀금속,T6 기계변형,q_귀금속_11,귀금솓,패션·잡화 중 '귀금속'을 판매·제공하는 매장,b6aa00ab-ee3d-4642-b765-45a2e1634ae2,피코크,귀금속,골드테마거리,전통시장,부산광역시,3.0,3.0,,,RESOLVED_AGREEMENT,False,3,,,,
eedf034dcb43f5a73774,test,귀금속,T6 기계변형,q_귀금속_11,귀금솓,패션·잡화 중 '귀금속'을 판매·제공하는 매장,38b262a2-2a9c-4ac5-b514-f69474e7ea38,보배당,귀금속,진주 논개시장,전통시장,경상남도,3.0,3.0,,,RESOLVED_AGREEMENT,False,3,,,,
d4af75b036d84d67e968,test,귀금속,T6 기계변형,q_귀금속_11,귀금솓,패션·잡화 중 '귀금속'을 판매·제공하는 매장,0308940f-189d-41bd-9a0c-cae20bfc8b65,실버투유,액세서리,남대문시장,전통시장,서울특별시,1.0,2.0,,,P1_BINARY_THRESHOLD,True,,,,,
5707f284283d9a0b47d9,test,귀금속,T6 기계변형,q_귀금속_11,귀금솓,패션·잡화 중 '귀금속'을 판매·제공하는 매장,e818302b-511c-48de-9174-d74315411a2c,金보석,귀금속,밀양 원도심 햇살문화 상권활성화 구역,상권활성화구역,경상남도,3.0,3.0,,,RESOLVED_AGREEMENT,False,3,,,,
f5a3e33c9e97c0ce02ca,test,귀금속,T6 기계변형,q_귀금속_11,귀금솓,패션·잡화 중 '귀금속'을 판매·제공하는 매장,b666fb7a-335f-4504-8447-19e9d46eb360,굳앤굳,귀금속엑사사리,부평역지하상가,일반지하상점가,인천광역시,3.0,3.0,,,RESOLVED_AGREEMENT,False,3,,,,
d7fa53ce75dc39b8b02f,test,귀금속,T6 기계변형,q_귀금속_11,귀금솓,패션·잡화 중 '귀금속'을 판매·제공하는 매장,dd50c1b7-9d47-4917-a2b7-ad6b7e905ca3,명가,귀금속,주안시민지하도상점가,일반지하상점가,인천광역시,3.0,3.0,,,RESOLVED_AGREEMENT,False,3,,,,
317ddc6ce5bfb857bd99,test,귀금속,T6 기계변형,q_귀금속_11,귀금솓,패션·잡화 중 '귀금속'을 판매·제공하는 매장,498b0bd6-4120-48cc-911c-89817e7e3dfa,(유)석진농산,,가락몰골목형상점가,골목형상점가,서울특별시,,0.0,Y,,P0_UNCERTAIN_OR_MISSING,True,,,,,
9906bc37118febe00141,test,귀금속,T6 기계변형,q_귀금속_11,귀금솓,패션·잡화 중 '귀금속'을 판매·제공하는 매장,00ec77a3-3e9a-4a5b-b837-c4014ef84285,은은하당,귀금속소매업,테크노밸리 골목형상점가,골목형상점가,대전광역시,3.0,3.0,,,RESOLVED_AGREEMENT,False,3,,,,
62c9461aeb9b567e985d,test,귀금속,T6 기계변형,q_귀금속_11,귀금솓,패션·잡화 중 '귀금속'을 판매·제공하는 매장,0188cda6-6441-4058-82b0-0cb89e035583,친한친구,액세서리,㈜르네시떼,전통시장,부산광역시,1.0,2.0,,,P1_BINARY_THRESHOLD,True,,,,,
daebf526110c123a3353,test,귀금속,T6 기계변형,q_귀금속_11,귀금솓,패션·잡화 중 '귀금속'을 판매·제공하는 매장,d45ee6e1-7298-4149-be02-09472948b8d1,금당,귀금속,백운 대성시장 골목형상점가,골목형상점가,광주광역시,3.0,3.0,,,RESOLVED_AGREEMENT,False,3,,,,
aa857cf88b43de144a69,test,귀금속,T6 기계변형,q_귀금속_11,귀금솓,패션·잡화 중 '귀금속'을 판매·제공하는 매장,cf180480-df0a-4e26-b978-d247cd81be6b,커플링마을광주점,은반지 은팔찌,"금남로4,5가 골목형상점가",골목형상점가,광주광역시,3.0,3.0,,,RESOLVED_AGREEMENT,False,3,,,,
bf6c1a90faae16ed5666,test,귀금속,T6 기계변형,q_귀금속_11,귀금솓,패션·잡화 중 '귀금속'을 판매·제공하는 매장,5a079860-70bb-4546-befc-c83b1fbc4cdb,민골드,귀금속,연제동 골목형상점가,골목형상점가,광주광역시,3.0,3.0,,,RESOLVED_AGREEMENT,False,3,,,,
112bb6c4b7fdc404242a,test,귀금속,T6 기계변형,q_귀금속_11,귀금솓,패션·잡화 중 '귀금속'을 판매·제공하는 매장,f9cb26c5-8d3b-44e8-9485-391635810401,쥬벨,귀금속,골드테마거리,전통시장,부산광역시,3.0,3.0,,,RESOLVED_AGREEMENT,False,3,,,,
dbc899775f671901553a,test,귀금속,T6 기계변형,q_귀금속_11,귀금솓,패션·잡화 중 '귀금속'을 판매·제공하는 매장,20fca4f4-e21b-4b71-87d3-65e331a6aff2,다린,귀금속,대구패션주얼리특구,자율상권구역,대구광역시,3.0,3.0,,,RESOLVED_AGREEMENT,False,3,,,,
19e69cd690c3c1789a02,test,귀금속,T6 기계변형,q_귀금속_11,귀금솓,패션·잡화 중 '귀금속'을 판매·제공하는 매장,b4cfb455-7051-4bbe-80fc-8f66ccc6ebcd,귀빈,귀금속,명동 지하쇼핑센터,일반지하상점가,서울특별시,3.0,3.0,,,RESOLVED_AGREEMENT,False,3,,,,
8bef991385728dab7ef0,test,귀금속,T6 기계변형,q_귀금속_11,귀금솓,패션·잡화 중 '귀금속'을 판매·제공하는 매장,3e6e96bb-75a1-44f1-945c-9731f639c647,보영광고사,간판,낙원동골목형상점가,골목형상점가,강원특별자치도,0.0,0.0,,,RESOLVED_AGREEMENT,False,0,,,,
8b520e9ab4a56ce631ce,test,귀금속,T6 기계변형,q_귀금속_11,귀금솓,패션·잡화 중 '귀금속'을 판매·제공하는 매장,ea7c690a-1aab-44de-b7b3-b4319e7717a4,보곡당,귀금속,진해중앙시장,전통시장,경상남도,3.0,3.0,,,RESOLVED_AGREEMENT,False,3,,,,
d33290deebec4345b468,test,귀금속,T6 기계변형,q_귀금속_11,귀금솓,패션·잡화 중 '귀금속'을 판매·제공하는 매장,069cebbe-575a-40b5-9b2f-0a082b552037,별보석금나라,,전통중앙도매상가,전통시장,대전광역시,3.0,3.0,,,RESOLVED_AGREEMENT,False,3,,,,
9b7db72475743c6cdd82,test,귀금속,T6 기계변형,q_귀금속_11,귀금솓,패션·잡화 중 '귀금속'을 판매·제공하는 매장,03d2f183-77cc-44c8-b4e4-f34ed3bcfa83,다나,"소매업(귀금속,액세서리,모조장신구)",코끼리시장,전통시장,경기도,3.0,3.0,,,RESOLVED_AGREEMENT,False,3,,,,
e9fc90799bbcbfc27fd3,test,귀금속,T6 기계변형,q_귀금속_11,귀금솓,패션·잡화 중 '귀금속'을 판매·제공하는 매장,607695d5-67e1-4751-b220-d93cd73d3f21,세금당,귀금속,팔달시장,전통시장,대구광역시,3.0,3.0,,,RESOLVED_AGREEMENT,False,3,,,,
c1e1cba2adb9dffe8220,test,귀금속,T6 기계변형,q_귀금속_11,귀금솓,패션·잡화 중 '귀금속'을 판매·제공하는 매장,03d999c9-d1ad-4f94-8fa6-a7f9bf1c412d,갱'S쥬얼리,"귀금속, 시계",신림별빛거리골목형상점가,골목형상점가,서울특별시,3.0,3.0,,,RESOLVED_AGREEMENT,False,3,,,,
ba130a7a8e1d5bf51c86,test,귀금속,T6 기계변형,q_귀금속_11,귀금솓,패션·잡화 중 '귀금속'을 판매·제공하는 매장,aac6b3a7-acb7-4ea4-a532-97b4b4fcf8a8,수금당,귀금속,성남프라자,전통시장,울산광역시,3.0,3.0,,,RESOLVED_AGREEMENT,False,3,,,,
41aa21da8a9011d0a71e,test,귀금속,T6 기계변형,q_귀금속_11,귀금솓,패션·잡화 중 '귀금속'을 판매·제공하는 매장,41d1a369-f00a-4d58-8135-66f6f2e80aac,지반,귀금속,대구패션주얼리특구,자율상권구역,대구광역시,3.0,3.0,,,RESOLVED_AGREEMENT,False,3,,,,
b7600553c23d4c3011ea,test,귀금속,T6 기계변형,q_귀금속_11,귀금솓,패션·잡화 중 '귀금속'을 판매·제공하는 매장,07f8b8f4-9040-49c7-8e2b-25cbd6db3f96,서북당,귀금속,전통중앙도매상가,전통시장,대전광역시,3.0,3.0,,,RESOLVED_AGREEMENT,False,3,,,,
134fcec2a4c57dc81ab8,test,귀금속,T6 기계변형,q_귀금속_11,귀금솓,패션·잡화 중 '귀금속'을 판매·제공하는 매장,97aac504-f09f-42ce-8289-b92d74ff239e,비타민휘트니스,,장성읍 골목형상점가,골목형상점가,전라남도,,0.0,Y,,P0_UNCERTAIN_OR_MISSING,True,,,,,
f13f5dfa4f37bc25a709,test,귀금속,T6 기계변형,q_귀금속_11,귀금솓,패션·잡화 중 '귀금속'을 판매·제공하는 매장,a2421117-3144-4c43-b2f4-e7aaba603ad3,사론,귀금속,골드테마거리,전통시장,부산광역시,3.0,3.0,,,RESOLVED_AGREEMENT,False,3,,,,
e8b3efdf8b9252b953ee,test,귀금속,T6 기계변형,q_귀금속_11,귀금솓,패션·잡화 중 '귀금속'을 판매·제공하는 매장,97dce0e8-a756-474e-8624-75b982802335,미쥬보석,귀금속,메트로센터(반월당지하쇼핑),일반지하상점가,대구광역시,3.0,3.0,,,RESOLVED_AGREEMENT,False,3,,,,
3e5f02f442fde665b80e,test,귀금속,T6 기계변형,q_귀금속_11,귀금솓,패션·잡화 중 '귀금속'을 판매·제공하는 매장,69d418d4-8541-4bf9-bc70-3669fcf773df,보노,귀금속,골드테마거리,전통시장,부산광역시,3.0,3.0,,,RESOLVED_AGREEMENT,False,3,,,,
6977f8d44a5aa0c3b579,test,귀금속,T6 기계변형,q_귀금속_11,귀금솓,패션·잡화 중 '귀금속'을 판매·제공하는 매장,85f6cef5-8a49-447e-bb24-6143d7b60764,예돌젬,귀금속,대구패션주얼리특구,자율상권구역,대구광역시,3.0,3.0,,,RESOLVED_AGREEMENT,False,3,,,,
b49607b2a57e9d5aa2a0,test,귀금속,T6 기계변형,q_귀금속_11,귀금솓,패션·잡화 중 '귀금속'을 판매·제공하는 매장,7f1827f2-b254-429a-9111-501b6622abc7,귀금당,귀금속,진주 논개시장,전통시장,경상남도,3.0,3.0,,,RESOLVED_AGREEMENT,False,3,,,,
2b4f04c02c9a929598fa,test,귀금속,T6 기계변형,q_귀금속_11,귀금솓,패션·잡화 중 '귀금속'을 판매·제공하는 매장,3ee885ef-acfc-49c5-8692-7ca88c445565,로얄,귀금속,대구패션주얼리특구,자율상권구역,대구광역시,3.0,3.0,,,RESOLVED_AGREEMENT,False,3,,,,
301b9d457fd2ebb97edd,test,귀금속,T6 기계변형,q_귀금속_11,귀금솓,패션·잡화 중 '귀금속'을 판매·제공하는 매장,022f2fd5-a34e-4313-aad7-e333c361e000,귀금당,귀금속,옥골시장,전통시장,울산광역시,3.0,3.0,,,RESOLVED_AGREEMENT,False,3,,,,
8065d61c6aa71d616062,test,귀금속,T6 기계변형,q_귀금속_11,귀금솓,패션·잡화 중 '귀금속'을 판매·제공하는 매장,06f92a02-db8d-46be-8ee1-213693507a55,오드워치,시계,남대문시장,전통시장,서울특별시,3.0,3.0,,,RESOLVED_AGREEMENT,False,3,,,,
a7288dded1809a479239,test,귀금속,T6 기계변형,q_귀금속_11,귀금솓,패션·잡화 중 '귀금속'을 판매·제공하는 매장,21f160a0-50a7-4a6a-a9bf-4648b7092b30,금광,귀금속,제주중앙지하상가,일반지하상점가,제주특별자치도,3.0,3.0,,,RESOLVED_AGREEMENT,False,3,,,,
672c73aee7d2e98e536e,test,귀금속,T6 기계변형,q_귀금속_11,귀금솓,패션·잡화 중 '귀금속'을 판매·제공하는 매장,595e9f12-9ff0-4c5d-8b49-e0fbb70a816b,하목리,귀금속,골드테마거리,전통시장,부산광역시,3.0,3.0,,,RESOLVED_AGREEMENT,False,3,,,,
5f5020ff6f9b30cb9a92,test,귀금속,T6 기계변형,q_귀금속_11,귀금솓,패션·잡화 중 '귀금속'을 판매·제공하는 매장,a6880438-36d7-4c84-a8e5-34408d63144a,오단,귀금속,골드테마거리,전통시장,부산광역시,3.0,3.0,,,RESOLVED_AGREEMENT,False,3,,,,
581eadbe6630c1a82bd0,test,귀금속,T6 기계변형,q_귀금속_11,귀금솓,패션·잡화 중 '귀금속'을 판매·제공하는 매장,016d2bb5-8af2-45c2-8456-33067cd315bb,황금당,"금, 시계",홍성명동상가,자율상권구역,충청남도,3.0,3.0,,,RESOLVED_AGREEMENT,False,3,,,,
7f4eee0d7cc581640174,test,귀금속,T6 기계변형,q_귀금속_11,귀금솓,패션·잡화 중 '귀금속'을 판매·제공하는 매장,905fdfef-83ca-4ed1-be97-3b0170dabcdb,젬하우스,악세사리 반지공방,신사세로수길골목형상점가,골목형상점가,서울특별시,3.0,3.0,,,RESOLVED_AGREEMENT,False,3,,,,
b8f64e19a21d8740ad82,test,귀금속,T6 기계변형,q_귀금속_11,귀금솓,패션·잡화 중 '귀금속'을 판매·제공하는 매장,01f2baea-5004-4e8d-a9a5-66c50aaf49e6,머쓱케이스,휴대폰 액세서리,동성로상점가,자율상권구역,대구광역시,1.0,2.0,,,P1_BINARY_THRESHOLD,True,,,,,
363faeeb953e24da4a00,test,귀금속,T6 기계변형,q_귀금속_11,귀금솓,패션·잡화 중 '귀금속'을 판매·제공하는 매장,fbd0c656-6d53-4ce9-b759-a5df624ad62b,금송,귀금속,골드테마거리,전통시장,부산광역시,3.0,3.0,,,RESOLVED_AGREEMENT,False,3,,,,
d3cc319b41d65c6cf6ef,test,귀금속,T6 기계변형,q_귀금속_11,귀금솓,패션·잡화 중 '귀금속'을 판매·제공하는 매장,166c9193-005d-4dc3-8637-ed2bfd71be6f,부산금은방 남매금빵,,골드테마거리,전통시장,부산광역시,3.0,3.0,,,RESOLVED_AGREEMENT,False,3,,,,
55b2877f2f7989f86566,test,귀금속,T6 기계변형,q_귀금속_11,귀금솓,패션·잡화 중 '귀금속'을 판매·제공하는 매장,78fd0c56-8e37-4235-9286-55a4db6f65f8,태금당,귀금속,"온양온천시장(온양재래시장, 전통시장)",전통시장,충청남도,3.0,3.0,,,RESOLVED_AGREEMENT,False,3,,,,
2406c6fda9e9650fe04c,test,귀금속,T6 기계변형,q_귀금속_11,귀금솓,패션·잡화 중 '귀금속'을 판매·제공하는 매장,221f94ce-ce47-4cd0-ace6-955a47f70ae5,옥금당,귀금속,초량 이음자율상권,,부산광역시,3.0,3.0,,,RESOLVED_AGREEMENT,False,3,,,,
2ab187276c16d56251f0,test,귀금속,T6 기계변형,q_귀금속_11,귀금솓,패션·잡화 중 '귀금속'을 판매·제공하는 매장,49a3fe9c-bbf7-42a9-a741-99166f39ce92,진보당,금은방,진해중앙시장,전통시장,경상남도,3.0,3.0,,,RESOLVED_AGREEMENT,False,3,,,,
c6f61641bb67f7a2c309,test,귀금속,T6 기계변형,q_귀금속_11,귀금솓,패션·잡화 중 '귀금속'을 판매·제공하는 매장,23038801-1e34-4fe1-8207-a0fc4a27b9e1,샤넬,귀금속,골드테마거리,전통시장,부산광역시,3.0,3.0,,,RESOLVED_AGREEMENT,False,3,,,,
259894ae3397e34e7c73,test,귀금속,T6 기계변형,q_귀금속_11,귀금솓,패션·잡화 중 '귀금속'을 판매·제공하는 매장,c0adc4ca-1ebc-41a7-900c-4aece21563c8,본골드,귀금속,산본전통시장(구 군포산본시장),전통시장,경기도,3.0,3.0,,,RESOLVED_AGREEMENT,False,3,,,,
a97b1fda7d9ab8556184,test,귀금속,T6 기계변형,q_귀금속_11,귀금솓,패션·잡화 중 '귀금속'을 판매·제공하는 매장,2d604d3e-cf34-431c-bff6-553b045e0ea1,예당,귀금속,서산중앙상가,자율상권구역,충청남도,3.0,3.0,,,RESOLVED_AGREEMENT,False,3,,,,
4f767b2a7cda758c2545,test,도시락,T4 구어·문장,q_도시락_01,도시락 사는 곳,음식점 중 '도시락'을 판매·제공하는 매장,96b99e18-02eb-45d8-9027-a0dd059d3609,오봉도시락,도시락,방배역먹자골목 골목형상점가,골목형상점가,서울특별시,3.0,3.0,,,RESOLVED_AGREEMENT,False,3,,,,
0170a35d2458db8adaae,test,도시락,T4 구어·문장,q_도시락_01,도시락 사는 곳,음식점 중 '도시락'을 판매·제공하는 매장,8a82be8b-ec19-4a58-81f7-854fb71985b3,본도시락 대전신탄진점,도시락,용정 골목형상점가,골목형상점가,대전광역시,3.0,3.0,,,RESOLVED_AGREEMENT,False,3,,,,
2a5f9a807e8d4bcade45,test,도시락,T4 구어·문장,q_도시락_01,도시락 사는 곳,음식점 중 '도시락'을 판매·제공하는 매장,659165f9-3c6d-4253-af2c-3bf341ef0ca6,예인도시락,도시락식육,봉화상설시장,전통시장,경상북도,3.0,3.0,,,RESOLVED_AGREEMENT,False,3,,,,
3622cbba9d14600bb78a,test,도시락,T4 구어·문장,q_도시락_01,도시락 사는 곳,음식점 중 '도시락'을 판매·제공하는 매장,19795259-ed1a-4cd2-9cce-41b8fddfdb75,한솥도시락 염주사거리점,도시락,화삼골상인회 골목형상점가,골목형상점가,광주광역시,3.0,3.0,,,RESOLVED_AGREEMENT,False,3,,,,
1901ece08a3a223ad117,test,도시락,T4 구어·문장,q_도시락_01,도시락 사는 곳,음식점 중 '도시락'을 판매·제공하는 매장,cb3d9d5d-0bee-4100-8dc2-b2c35f0827db,한솥수완점,도시락,희담길,골목형상점가,광주광역시,3.0,3.0,,,RESOLVED_AGREEMENT,False,3,,,,
de6f9e718d5adf7de473,test,도시락,T4 구어·문장,q_도시락_01,도시락 사는 곳,음식점 중 '도시락'을 판매·제공하는 매장,f467781f-2d9f-4dda-a7d0-fe5cf9172712,늘봄,도시락,명촌효성해링턴상가 골목형상점가,골목형상점가,울산광역시,3.0,3.0,,,RESOLVED_AGREEMENT,False,3,,,,
5ccb06feefd7089b055a,test,도시락,T4 구어·문장,q_도시락_01,도시락 사는 곳,음식점 중 '도시락'을 판매·제공하는 매장,18585b2d-433e-48ae-8d1e-48e681de672b,본도시락 아주대점,도시락,아주대 대학로 골목형상점가,골목형상점가,경기도,3.0,3.0,,,RESOLVED_AGREEMENT,False,3,,,,
f311280de9e0377a6414,test,도시락,T4 구어·문장,q_도시락_01,도시락 사는 곳,음식점 중 '도시락'을 판매·제공하는 매장,8df6e07c-20a0-4df1-adbb-7bbb2ca5a32a,한솥도시락 울산달천점,도시락,달천상가 골목형상점가,골목형상점가,울산광역시,3.0,3.0,,,RESOLVED_AGREEMENT,False,3,,,,
a6c1219d302bc9007804,test,도시락,T4 구어·문장,q_도시락_01,도시락 사는 곳,음식점 중 '도시락'을 판매·제공하는 매장,f62e4a2d-6c0b-48d7-909a-6c3a2d16d72d,레이디스,속눈썹 연장 속눈썹 펌,부평 문화의거리,전통시장,인천광역시,0.0,0.0,,,RESOLVED_AGREEMENT,False,0,,,,
463547cb9a27a7a3d40b,test,도시락,T4 구어·문장,q_도시락_01,도시락 사는 곳,음식점 중 '도시락'을 판매·제공하는 매장,d2963ba5-2280-453c-a513-acbdda762a88,뚱이네,도시락,예천맛고을시장,전통시장,경상북도,3.0,3.0,,,RESOLVED_AGREEMENT,False,3,,,,
1185201eb6b1ae54928f,test,도시락,T4 구어·문장,q_도시락_01,도시락 사는 곳,음식점 중 '도시락'을 판매·제공하는 매장,f3c5e62d-2811-486b-a30a-71cf04930f12,한솥도시락 세종도담점,도시락,도담동 골목형상점가,골목형상점가,세종특별자치시,3.0,3.0,,,RESOLVED_AGREEMENT,False,3,,,,
a4de48bddb6f4b65ed22,test,도시락,T4 구어·문장,q_도시락_01,도시락 사는 곳,음식점 중 '도시락'을 판매·제공하는 매장,000a95c4-e0a6-4011-86fb-04307bcfae38,황갈비,한식,김천황금시장,전통시장,경상북도,1.0,1.0,,,RESOLVED_AGREEMENT,False,1,,,,
259e83639fc1aa0b9b1e,test,도시락,T4 구어·문장,q_도시락_01,도시락 사는 곳,음식점 중 '도시락'을 판매·제공하는 매장,4f82df74-8e05-40b0-9355-c140e682b8d9,한솥도시락 광주봉선점,도시락,봉선2중앙로 골목형상점가,골목형상점가,광주광역시,3.0,3.0,,,RESOLVED_AGREEMENT,False,3,,,,
df5be8812b47c6d40bdb,test,도시락,T4 구어·문장,q_도시락_01,도시락 사는 곳,음식점 중 '도시락'을 판매·제공하는 매장,2d2a5e1c-1599-4709-86b4-10c6754b5c88,한솥도시락,도시락,명덕마을 골목형상점가,골목형상점가,울산광역시,3.0,3.0,,,RESOLVED_AGREEMENT,False,3,,,,
8774f3d6ca7267b9c803,test,도시락,T4 구어·문장,q_도시락_01,도시락 사는 곳,음식점 중 '도시락'을 판매·제공하는 매장,54b6c760-f5fd-4a21-b3a4-b3c10caab7b6,충남수산,수산물,서산동부전통시장,전통시장,충청남도,0.0,0.0,,,RESOLVED_AGREEMENT,False,0,,,,
afda6f399fe87f5253bc,test,도시락,T4 구어·문장,q_도시락_01,도시락 사는 곳,음식점 중 '도시락'을 판매·제공하는 매장,d5569d7f-a09d-4243-9868-1fa3f28f6777,한솥도시락 대전용산점,도시락,용산동 골목형상점가,골목형상점가,대전광역시,3.0,3.0,,,RESOLVED_AGREEMENT,False,3,,,,
35555ca1b96acb2f0dde,test,도시락,T4 구어·문장,q_도시락_01,도시락 사는 곳,음식점 중 '도시락'을 판매·제공하는 매장,7c739363-fca5-4525-b149-2f82f554242f,맘스애찬,반찬 도시락,전남대 상대 골목형상점가,골목형상점가,광주광역시,3.0,3.0,,,RESOLVED_AGREEMENT,False,3,,,,
c48bc4ed5d8c4cb8c40e,test,도시락,T4 구어·문장,q_도시락_01,도시락 사는 곳,음식점 중 '도시락'을 판매·제공하는 매장,35556fd3-fc16-47d2-8a51-a522043e48eb,한솥도시락,도시락,전남대용봉로 골목형상점가,골목형상점가,광주광역시,3.0,3.0,,,RESOLVED_AGREEMENT,False,3,,,,
b6987a88372708246ad8,test,도시락,T4 구어·문장,q_도시락_01,도시락 사는 곳,음식점 중 '도시락'을 판매·제공하는 매장,fb3053a4-e707-4c84-a6de-825c5ef33fac,남대문도시락맛집,도시락,남대문시장,전통시장,서울특별시,3.0,3.0,,,RESOLVED_AGREEMENT,False,3,,,,
1371f61a6c1e81f46604,test,도시락,T4 구어·문장,q_도시락_01,도시락 사는 곳,음식점 중 '도시락'을 판매·제공하는 매장,86db16cf-7518-495b-b122-305d2a982764,나른한오후도시락,도시락,무등산그린웰로제비앙 골목형상점가,골목형상점가,광주광역시,3.0,3.0,,,RESOLVED_AGREEMENT,False,3,,,,
b65700562f72ea70d27a,test,도시락,T4 구어·문장,q_도시락_01,도시락 사는 곳,음식점 중 '도시락'을 판매·제공하는 매장,b64fa47a-2f33-4f47-b1c7-9533d2af6f17,주미수제도시락,도시락,더테라스골목형상점가,골목형상점가,인천광역시,3.0,3.0,,,RESOLVED_AGREEMENT,False,3,,,,
05185c94ede3072ba292,test,도시락,T4 구어·문장,q_도시락_01,도시락 사는 곳,음식점 중 '도시락'을 판매·제공하는 매장,59beda8c-8bad-4ff5-92fe-db92e4afa7cf,본도시락 충남계룡점,도시락,금암동 골목형상점가,골목형상점가,충청남도,3.0,3.0,,,RESOLVED_AGREEMENT,False,3,,,,
47dc9ae05da7e5b16043,test,도시락,T4 구어·문장,q_도시락_01,도시락 사는 곳,음식점 중 '도시락'을 판매·제공하는 매장,9234708e-d49d-41c1-9c67-b19915720e0c,맛미,도시락,세양청구마을 골목형상점가,골목형상점가,울산광역시,3.0,3.0,,,RESOLVED_AGREEMENT,False,3,,,,
78c7c2628c650aa9cf75,test,도시락,T4 구어·문장,q_도시락_01,도시락 사는 곳,음식점 중 '도시락'을 판매·제공하는 매장,1ec81e17-4fab-4cd5-bec9-26072e4f8860,고고도시락,도시락,안녕마을골목형상점가,골목형상점가,대전광역시,3.0,3.0,,,RESOLVED_AGREEMENT,False,3,,,,
4c91180d4e087344db6c,test,도시락,T4 구어·문장,q_도시락_01,도시락 사는 곳,음식점 중 '도시락'을 판매·제공하는 매장,12d9f3a5-33ea-41c8-857e-8497272a0e8b,아현김밥,도시락,아현시장,전통시장,서울특별시,3.0,3.0,,,RESOLVED_AGREEMENT,False,3,,,,
03fec8f1374c516d86e6,test,도시락,T4 구어·문장,q_도시락_01,도시락 사는 곳,음식점 중 '도시락'을 판매·제공하는 매장,8b8b7a77-d7ed-4ac1-8e6b-192a93c5e10e,본도시락 두류점,도시락,신내당시장 상점가,자율상권구역,대구광역시,3.0,3.0,,,RESOLVED_AGREEMENT,False,3,,,,
beb0bd1c92647cbe243d,test,도시락,T4 구어·문장,q_도시락_01,도시락 사는 곳,음식점 중 '도시락'을 판매·제공하는 매장,d730578b-220e-4043-a699-786866f2249b,한솥도시락,도시락,누리 골목형상점가,골목형상점가,경기도,3.0,3.0,,,RESOLVED_AGREEMENT,False,3,,,,
7e245b723ecb87d0dd8d,test,도시락,T4 구어·문장,q_도시락_01,도시락 사는 곳,음식점 중 '도시락'을 판매·제공하는 매장,57ea948f-12f9-4b98-8723-f3e80c7b4196,네이처컬렉션 월촌역점,,송현로 상가번영회 골목형상점가,골목형상점가,대구광역시,,0.0,Y,,P0_UNCERTAIN_OR_MISSING,True,,,,,
e59669f9485d7e60be1f,test,도시락,T4 구어·문장,q_도시락_01,도시락 사는 곳,음식점 중 '도시락'을 판매·제공하는 매장,212c42a6-3ff1-4067-8ae8-33459b0834fe,밥상이야기,한식,설악눈메골시장,전통시장,경기도,1.0,1.0,,,RESOLVED_AGREEMENT,False,1,,,,
2a6e5d545709f40c921b,test,도시락,T4 구어·문장,q_도시락_01,도시락 사는 곳,음식점 중 '도시락'을 판매·제공하는 매장,f89b03f3-fe97-4c9f-8d26-f948859095e1,본도시락 기흥구청점,도시락,구갈상점가,자율상권구역,경기도,3.0,3.0,,,RESOLVED_AGREEMENT,False,3,,,,
8967cbbfc1eefb86c58c,test,도시락,T4 구어·문장,q_도시락_01,도시락 사는 곳,음식점 중 '도시락'을 판매·제공하는 매장,c1df5fab-8dcc-4ef8-b994-75b89a2f1a12,토마토도시락 천천점,도시락,천천중심상가 골목형상점가,골목형상점가,경기도,3.0,3.0,,,RESOLVED_AGREEMENT,False,3,,,,
321591e18ecbee663445,test,도시락,T4 구어·문장,q_도시락_01,도시락 사는 곳,음식점 중 '도시락'을 판매·제공하는 매장,2ff9af03-d5cb-4aa6-b45b-45ff09a64288,본도시락 광주상무점,도시락,상무연하상인회 골목형상점가,골목형상점가,광주광역시,3.0,3.0,,,RESOLVED_AGREEMENT,False,3,,,,
058efe40b8209bedc68c,test,도시락,T4 구어·문장,q_도시락_01,도시락 사는 곳,음식점 중 '도시락'을 판매·제공하는 매장,08a86f75-956e-490c-8958-6aa74f7503bf,강연우동태찌개 양평점,동태,양평물맑은시장,전통시장,경기도,0.0,0.0,,,RESOLVED_AGREEMENT,False,0,,,,
1401c863e717f5cfc8f7,test,도시락,T4 구어·문장,q_도시락_01,도시락 사는 곳,음식점 중 '도시락'을 판매·제공하는 매장,b6dd2ebd-d763-4070-8305-a74a10712d1c,채움 도시락&반찬,도시락 반찬,진잠 골목형상점가,골목형상점가,대전광역시,3.0,3.0,,,RESOLVED_AGREEMENT,False,3,,,,
b6401da10fb47ac8c7b8,test,도시락,T4 구어·문장,q_도시락_01,도시락 사는 곳,음식점 중 '도시락'을 판매·제공하는 매장,0741bfd3-b940-4386-9f39-8dd006d28352,한솥도시락 부천시청점,도시락,길주로 골목형상점가,골목형상점가,경기도,3.0,3.0,,,RESOLVED_AGREEMENT,False,3,,,,
33a9b3c5eb98252a730e,test,도시락,T4 구어·문장,q_도시락_01,도시락 사는 곳,음식점 중 '도시락'을 판매·제공하는 매장,8f83a404-4e09-463b-ac81-e69e855ea6d4,미래상사,"인테리어필름, 몰딩",건축자재특화의거리,자율상권구역,광주광역시,0.0,0.0,,,RESOLVED_AGREEMENT,False,0,,,,
96496269a8fbd7693631,test,도시락,T4 구어·문장,q_도시락_01,도시락 사는 곳,음식점 중 '도시락'을 판매·제공하는 매장,fd5c88e0-d29a-4c66-97c1-b751c7d59797,한일상회,,광천전통시장,전통시장,충청남도,0.0,0.0,,,RESOLVED_AGREEMENT,False,0,,,,
e43a61cdecf2c3e6e537,test,도시락,T4 구어·문장,q_도시락_01,도시락 사는 곳,음식점 중 '도시락'을 판매·제공하는 매장,0111a38b-8df8-43ae-9c16-778c27352864,본도시락,도시락,배방월천 골목형상점가,골목형상점가,충청남도,3.0,3.0,,,RESOLVED_AGREEMENT,False,3,,,,
1955adf06efc4f33bbc3,test,도시락,T4 구어·문장,q_도시락_01,도시락 사는 곳,음식점 중 '도시락'을 판매·제공하는 매장,260d51cd-8733-46d2-9b00-6163e3e20ab0,본도시락,도시락,임방울거리3구역 골목형상점가,골목형상점가,광주광역시,3.0,3.0,,,RESOLVED_AGREEMENT,False,3,,,,
b62fa32be2adbede2839,test,도시락,T4 구어·문장,q_도시락_01,도시락 사는 곳,음식점 중 '도시락'을 판매·제공하는 매장,13c71909-abe9-4e24-ba09-6e78c4a6a2fa,브라더 한정식 도시락 예천읍점,도시락,예천맛고을시장,전통시장,경상북도,3.0,3.0,,,RESOLVED_AGREEMENT,False,3,,,,
ca111e35cc5dbe66a250,test,도시락,T4 구어·문장,q_도시락_01,도시락 사는 곳,음식점 중 '도시락'을 판매·제공하는 매장,cf35316f-9a3e-4e20-a86b-0529ff5e6922,오예밥먹자,도시락,삼례시장,전통시장,전북특별자치도,3.0,3.0,,,RESOLVED_AGREEMENT,False,3,,,,
ebe4ae4b62e71ddf9424,test,도시락,T4 구어·문장,q_도시락_01,도시락 사는 곳,음식점 중 '도시락'을 판매·제공하는 매장,95ae5bea-af5f-4115-9b91-31da5bf11f27,본도시락 세종도담점,도시락,도담동 골목형상점가,골목형상점가,세종특별자치시,3.0,3.0,,,RESOLVED_AGREEMENT,False,3,,,,
f57bf24599faefc7933e,test,도시락,T4 구어·문장,q_도시락_01,도시락 사는 곳,음식점 중 '도시락'을 판매·제공하는 매장,00181552-6cc5-406b-ac59-bf9816f61398,갓지은밥,한식,남광주시장,전통시장,,1.0,1.0,,,RESOLVED_AGREEMENT,False,1,,,,
56b22cc6476ad343e819,test,도시락,T4 구어·문장,q_도시락_01,도시락 사는 곳,음식점 중 '도시락'을 판매·제공하는 매장,7cc868ff-cf3c-45b8-bfc5-1729352b4fa2,밥톡,도시락,백석청구코아 골목형상점가,골목형상점가,경기도,3.0,3.0,,,RESOLVED_AGREEMENT,False,3,,,,
3600ea71891ebbae6bf8,test,도시락,T4 구어·문장,q_도시락_01,도시락 사는 곳,음식점 중 '도시락'을 판매·제공하는 매장,7d709fca-fc6c-43e7-b5ef-18eb38f3871d,맛지음,도시락 반찬 음료,해들마을 골목형상점가,골목형상점가,세종특별자치시,3.0,3.0,,,RESOLVED_AGREEMENT,False,3,,,,
33e6c821ec01d503c309,test,도시락,T4 구어·문장,q_도시락_01,도시락 사는 곳,음식점 중 '도시락'을 판매·제공하는 매장,14a20ad4-52f5-4c36-84e2-6923f89ef901,바른도시락,도시락,하남 골목형상점가,골목형상점가,광주광역시,3.0,3.0,,,RESOLVED_AGREEMENT,False,3,,,,
d7668b0d5c3004d792ed,test,도시락,T4 구어·문장,q_도시락_01,도시락 사는 곳,음식점 중 '도시락'을 판매·제공하는 매장,478826f4-29ec-4b54-9b01-ec37aad0c6ef,도시락 가,한식,북수원시장( 구 파장시장),전통시장,경기도,2.0,3.0,,,P2_GRADED_ONLY,True,,,,,
ab4405174ea577e10ce8,test,도시락,T4 구어·문장,q_도시락_01,도시락 사는 곳,음식점 중 '도시락'을 판매·제공하는 매장,798e5989-b23a-4be8-a90b-0058d2702d59,본도시락 과천점,도시락,과천중앙동상점가,자율상권구역,경기도,3.0,3.0,,,RESOLVED_AGREEMENT,False,3,,,,
93c7e5107fe706016342,test,도시락,T4 구어·문장,q_도시락_01,도시락 사는 곳,음식점 중 '도시락'을 판매·제공하는 매장,e65724de-fd66-4a57-9cc8-8929d3d83675,고아지,도시락,용산용문시장,전통시장,서울특별시,3.0,3.0,,,RESOLVED_AGREEMENT,False,3,,,,
c15f9eef2f6944cfb345,test,도시락,T4 구어·문장,q_도시락_01,도시락 사는 곳,음식점 중 '도시락'을 판매·제공하는 매장,00118834-a0f4-4127-ba7d-f7908ced2e1d,골목집,한식,대흥낭만거리 골목형상점가,골목형상점가,대전광역시,1.0,1.0,,,RESOLVED_AGREEMENT,False,1,,,,
0dfa2a2c27964d4a3101,test,도시락,T4 구어·문장,q_도시락_01,도시락 사는 곳,음식점 중 '도시락'을 판매·제공하는 매장,1ae690e5-ba67-4523-a303-9b545c7dc8a4,매일샌드,도시락,김해 동상전통시장,전통시장,경상남도,3.0,3.0,,,RESOLVED_AGREEMENT,False,3,,,,
9a8c3c4a9727101cc3c6,test,도시락,T4 구어·문장,q_도시락_01,도시락 사는 곳,음식점 중 '도시락'을 판매·제공하는 매장,27004b76-f3f6-466b-bd09-95c70b80c620,신영상사,양말,서문시장2지구 종합상가,전통시장,대구광역시,0.0,0.0,,,RESOLVED_AGREEMENT,False,0,,,,
2871e42605b93164355f,test,도시락,T4 구어·문장,q_도시락_01,도시락 사는 곳,음식점 중 '도시락'을 판매·제공하는 매장,f5b71cee-8824-4b6a-9971-327e5519f81c,본도시락 세종시청점,도시락,보람동 골목형상점가,골목형상점가,세종특별자치시,3.0,3.0,,,RESOLVED_AGREEMENT,False,3,,,,
307a5e727d7b61c2d646,test,도시락,T4 구어·문장,q_도시락_01,도시락 사는 곳,음식점 중 '도시락'을 판매·제공하는 매장,e213fe0d-9307-468f-9179-aa941f4d99db,본도시락 문지점,도시락,문지동 골목형상점가,골목형상점가,대전광역시,3.0,3.0,,,RESOLVED_AGREEMENT,False,3,,,,
4e8dd0372f8a427bd939,test,도시락,T4 구어·문장,q_도시락_01,도시락 사는 곳,음식점 중 '도시락'을 판매·제공하는 매장,4061ed46-b439-4aeb-be4d-a738d82aa571,한솥도시락,도시락,선부광장로상점가,자율상권구역,경기도,3.0,3.0,,,RESOLVED_AGREEMENT,False,3,,,,
6570dcc550dcf1d8dd92,test,도시락,T4 구어·문장,q_도시락_01,도시락 사는 곳,음식점 중 '도시락'을 판매·제공하는 매장,00066748-bce9-4daa-b881-7902dad46f14,하단맛집,한식,하단자율상권구역,,부산광역시,1.0,1.0,,,RESOLVED_AGREEMENT,False,1,,,,
51c7046f23b76c549828,test,도시락,T4 구어·문장,q_도시락_01,도시락 사는 곳,음식점 중 '도시락'을 판매·제공하는 매장,a016eb65-c639-4179-8cdb-30fbecfbd400,슈슈밀,도시락 반찬,노블레스 골목형상점가,골목형상점가,경기도,3.0,3.0,,,RESOLVED_AGREEMENT,False,3,,,,
87175d99c58c5534d23b,test,도시락,T4 구어·문장,q_도시락_01,도시락 사는 곳,음식점 중 '도시락'을 판매·제공하는 매장,bac5545b-f197-4350-a3e4-91d3e55303f2,치마치마벤또,도시락,안녕마을골목형상점가,골목형상점가,대전광역시,3.0,3.0,,,RESOLVED_AGREEMENT,False,3,,,,
5a33c9eb2cb39c74c9ba,test,도시락,T4 구어·문장,q_도시락_01,도시락 사는 곳,음식점 중 '도시락'을 판매·제공하는 매장,76a3551b-dae4-4326-92cc-662015aedbfb,쉴 곳,한식,칠성로상점가,자율상권구역,제주특별자치도,1.0,1.0,,,RESOLVED_AGREEMENT,False,1,,,,
df8ed398d53b51bb4b27,test,도시락,T4 구어·문장,q_도시락_01,도시락 사는 곳,음식점 중 '도시락'을 판매·제공하는 매장,001053bb-9a4d-431c-8073-f2204c857265,유달식당,한식,노량진수산시장골목형상점가,골목형상점가,서울특별시,1.0,1.0,,,RESOLVED_AGREEMENT,False,1,,,,
a97ba62879a93617751c,test,도시락,T4 구어·문장,q_도시락_01,도시락 사는 곳,음식점 중 '도시락'을 판매·제공하는 매장,061fc089-3c87-42dd-9ec4-c57cbe739270,한솥도시락 남천점,도시락,464번길 골목형상점가,골목형상점가,부산광역시,3.0,3.0,,,RESOLVED_AGREEMENT,False,3,,,,
582025434defe920b6c1,test,도시락,T4 구어·문장,q_도시락_01,도시락 사는 곳,음식점 중 '도시락'을 판매·제공하는 매장,265124b0-be32-4c54-8013-34ddddb1adad,죽원,죽 밥 도시락,진주 논개시장,전통시장,경상남도,3.0,3.0,,,RESOLVED_AGREEMENT,False,3,,,,
3c020ce23c8dc618f1e9,test,도시락,T4 구어·문장,q_도시락_01,도시락 사는 곳,음식점 중 '도시락'을 판매·제공하는 매장,a80f1a22-2dca-4350-9f81-b9b65e614b5b,한솥도시락 노은1지구,도시락,노은상가연합 골목형상점가,골목형상점가,대전광역시,3.0,3.0,,,RESOLVED_AGREEMENT,False,3,,,,
666c120f277b1069ba71,test,도시락,T4 구어·문장,q_도시락_01,도시락 사는 곳,음식점 중 '도시락'을 판매·제공하는 매장,e3ead1a3-ccb0-4614-9325-8ba0c6a07d07,한솥도시락 대전비래점,도시락,비래동골목형상점가,골목형상점가,대전광역시,3.0,3.0,,,RESOLVED_AGREEMENT,False,3,,,,
e9457d6a48345fb236cf,test,도시락,T4 구어·문장,q_도시락_01,도시락 사는 곳,음식점 중 '도시락'을 판매·제공하는 매장,874c030d-9091-4542-a47c-26122fcefed3,한솥도시락 목포대점,도시락,청계면 목대후문 골목형상점가,골목형상점가,전라남도,3.0,3.0,,,RESOLVED_AGREEMENT,False,3,,,,
f3ffdff7f4004d3cbafa,test,도시락,T4 구어·문장,q_도시락_01,도시락 사는 곳,음식점 중 '도시락'을 판매·제공하는 매장,3d0bcb12-d94d-481c-87af-73ef57c849f9,낙원가,도시락,두마면 팥거리골목형상점가,골목형상점가,충청남도,3.0,3.0,,,RESOLVED_AGREEMENT,False,3,,,,
3dbe8b10575aaf75a8e0,test,도시락,T4 구어·문장,q_도시락_01,도시락 사는 곳,음식점 중 '도시락'을 판매·제공하는 매장,81ad6143-6b16-441c-a358-40120f0d7984,한솥도시락 한양대기숙사점,도시락,사근살곶이골목형상점가,골목형상점가,서울특별시,3.0,3.0,,,RESOLVED_AGREEMENT,False,3,,,,
216d089d1e7686f14a54,test,도시락,T4 구어·문장,q_도시락_01,도시락 사는 곳,음식점 중 '도시락'을 판매·제공하는 매장,5f57d3e1-8ec9-497a-bf47-282ee0f1bb88,본도시락,도시락,공주산성 활성화구역,전통시장,충청남도,3.0,3.0,,,RESOLVED_AGREEMENT,False,3,,,,
75da8e80efabf71a0291,test,도시락,T4 구어·문장,q_도시락_01,도시락 사는 곳,음식점 중 '도시락'을 판매·제공하는 매장,797cde3d-5b1d-40c6-b648-ce8825d7723e,한솥구로개봉점,도시락,개봉중앙골목형상점가,골목형상점가,서울특별시,3.0,3.0,,,RESOLVED_AGREEMENT,False,3,,,,
dad2081f9220a9e7f3ab,test,도시락,T4 구어·문장,q_도시락_01,도시락 사는 곳,음식점 중 '도시락'을 판매·제공하는 매장,e93706df-3c4c-41d7-9124-e3696892d29b,도시락형제,도시락,대인시장,전통시장,광주광역시,3.0,3.0,,,RESOLVED_AGREEMENT,False,3,,,,
33616231a374fbf11d13,test,두부,T1 정확표기,q_두부_01,두부,식료품 중 '두부'를 판매·제공하는 매장,3b80a003-4257-4cc1-b39b-11ed041edf74,여포두부,두부,통영중앙전통시장,전통시장,경상남도,3.0,3.0,,,RESOLVED_AGREEMENT,False,3,,,,
9d57a21b06a7a36439d3,test,두부,T1 정확표기,q_두부_01,두부,식료품 중 '두부'를 판매·제공하는 매장,7ffac89b-6738-49f0-b68e-0999b352d78c,신선두부,두부,도봉산옛길골목형상점가,골목형상점가,서울특별시,3.0,3.0,,,RESOLVED_AGREEMENT,False,3,,,,
513bc90aa7a990de5917,test,두부,T1 정확표기,q_두부_01,두부,식료품 중 '두부'를 판매·제공하는 매장,c5febe51-11bf-4ab5-a557-0631a07d495a,거성 즉석 두부,두부,대명시장,전통시장,대구광역시,3.0,3.0,,,RESOLVED_AGREEMENT,False,3,,,,
c100171fdfdae04ef654,test,두부,T1 정확표기,q_두부_01,두부,식료품 중 '두부'를 판매·제공하는 매장,f3c2d3c8-d60e-45b8-8712-e45c5c699309,예전두부,두부,수암상가시장,전통시장,울산광역시,3.0,3.0,,,RESOLVED_AGREEMENT,False,3,,,,
db472d52e219aa366aff,test,두부,T1 정확표기,q_두부_01,두부,식료품 중 '두부'를 판매·제공하는 매장,a505d310-e0a4-4ad8-9263-67554df6e2b7,대경두부,두부,법동시장,전통시장,대전광역시,3.0,3.0,,,RESOLVED_AGREEMENT,False,3,,,,
de804c35506c08a1de4e,test,두부,T1 정확표기,q_두부_01,두부,식료품 중 '두부'를 판매·제공하는 매장,d79c2af0-c7cf-42a9-bdff-b59a47d46d82,앵콜노래방,노래연습,덕산전통시장,전통시장,충청북도,0.0,0.0,,,RESOLVED_AGREEMENT,False,0,,,,
392c8abef11f48540d0d,test,두부,T1 정확표기,q_두부_01,두부,식료품 중 '두부'를 판매·제공하는 매장,48bcb55a-d9de-48c1-be9d-879a3b95fbbc,새두부,두부,원종중앙시장,전통시장,경기도,3.0,3.0,,,RESOLVED_AGREEMENT,False,3,,,,
812998a65a227d580c63,test,두부,T1 정확표기,q_두부_01,두부,식료품 중 '두부'를 판매·제공하는 매장,e449cd7b-a279-465b-8e49-550e12071dae,부부두부,두부,경창시장,전통시장,서울특별시,3.0,3.0,,,RESOLVED_AGREEMENT,False,3,,,,
8d0c5fd15f25d2557ad5,test,두부,T1 정확표기,q_두부_01,두부,식료품 중 '두부'를 판매·제공하는 매장,c2e0c2ff-cfcc-40de-9009-2ef3859711c0,영두부,두부,고리울동굴시장,전통시장,경기도,3.0,3.0,,,RESOLVED_AGREEMENT,False,3,,,,
99ea5d3e80348d7f06b2,test,두부,T1 정확표기,q_두부_01,두부,식료품 중 '두부'를 판매·제공하는 매장,da35828f-3467-4abd-99c0-6461aafb1dbc,소프트치킨,치킨,광명전통시장,전통시장,경기도,0.0,0.0,,,RESOLVED_AGREEMENT,False,0,,,,
8015f1aafefb8d56843a,test,두부,T1 정확표기,q_두부_01,두부,식료품 중 '두부'를 판매·제공하는 매장,07c0f005-828f-4eb1-9137-3a23eba0b761,데일리핏 피트니스 월산점,체력,월산까치고개 골목형상점가,골목형상점가,광주광역시,0.0,0.0,,,RESOLVED_AGREEMENT,False,0,,,,
82be17c73b72d5c15763,test,두부,T1 정확표기,q_두부_01,두부,식료품 중 '두부'를 판매·제공하는 매장,d00b323f-d0e1-49e7-9cde-039ccc4b50bc,별난두부,두부,조원동 펭귄시장,전통시장,서울특별시,3.0,3.0,,,RESOLVED_AGREEMENT,False,3,,,,
c6916c102f02a2325bc1,test,두부,T1 정확표기,q_두부_01,두부,식료품 중 '두부'를 판매·제공하는 매장,b8a53820-000e-42e0-9ec5-88acbcb09761,천수두부,두부,포항 대이상가 골목형상점가,골목형상점가,경상북도,3.0,3.0,,,RESOLVED_AGREEMENT,False,3,,,,
5d2da745324f4543db5b,test,두부,T1 정확표기,q_두부_01,두부,식료품 중 '두부'를 판매·제공하는 매장,df151aff-f1e7-45a4-85bd-fa576b442391,콩심이 두부,두부,벌교매일시장,전통시장,전라남도,3.0,3.0,,,RESOLVED_AGREEMENT,False,3,,,,
b5c40b59588544e4a6e6,test,두부,T1 정확표기,q_두부_01,두부,식료품 중 '두부'를 판매·제공하는 매장,00faf8ae-f86f-4c14-86d8-5a72d4ee0e82,신선식품,두부제조,우리시장,자율상권구역,서울특별시,3.0,3.0,,,RESOLVED_AGREEMENT,False,3,,,,
61dbc4a670eb1b08c607,test,두부,T1 정확표기,q_두부_01,두부,식료품 중 '두부'를 판매·제공하는 매장,6cb0e649-cf8f-4316-b0fc-8165d779ae8b,대림두부,두부,대림중앙시장,전통시장,서울특별시,3.0,3.0,,,RESOLVED_AGREEMENT,False,3,,,,
ef877b27b98688e57f87,test,두부,T1 정확표기,q_두부_01,두부,식료품 중 '두부'를 판매·제공하는 매장,02e6e7b8-1131-401d-b587-fcff8760568b,우영이네,두부,청주북부시장,전통시장,충청북도,3.0,3.0,,,RESOLVED_AGREEMENT,False,3,,,,
f1ea40da2054de2d8ed0,test,두부,T1 정확표기,q_두부_01,두부,식료품 중 '두부'를 판매·제공하는 매장,cd8a07d9-b273-4264-9915-b9a1c6bc2cd4,토석,두부,대림골목시장,전통시장,서울특별시,3.0,3.0,,,RESOLVED_AGREEMENT,False,3,,,,
504f2114a3f79e8ea021,test,두부,T1 정확표기,q_두부_01,두부,식료품 중 '두부'를 판매·제공하는 매장,b972b786-a2b9-4195-9aeb-02fa32432917,천안태초두부,두부,천안중앙시장,전통시장,충청남도,3.0,3.0,,,RESOLVED_AGREEMENT,False,3,,,,
13f7d6e933b7a623435d,test,두부,T1 정확표기,q_두부_01,두부,식료품 중 '두부'를 판매·제공하는 매장,f036eacc-02ab-4e37-b105-88467f31daa0,대인두부,두부,대인시장,전통시장,광주광역시,3.0,3.0,,,RESOLVED_AGREEMENT,False,3,,,,
11edf13e87add61595ea,test,두부,T1 정확표기,q_두부_01,두부,식료품 중 '두부'를 판매·제공하는 매장,0263f33e-0b98-4058-b3f0-068d677af362,북부자연식품,두부,창동신창시장,전통시장,서울특별시,3.0,3.0,,,RESOLVED_AGREEMENT,False,3,,,,
3b752cf59cfc12775ebc,test,두부,T1 정확표기,q_두부_01,두부,식료품 중 '두부'를 판매·제공하는 매장,7c03234b-f3d9-445d-9d91-eb7f33451449,옛날식두부,두부,북구빛나는 골목형상점가,골목형상점가,광주광역시,3.0,3.0,,,RESOLVED_AGREEMENT,False,3,,,,
9af192c41dee95876d64,test,두부,T1 정확표기,q_두부_01,두부,식료품 중 '두부'를 판매·제공하는 매장,d9406998-e5bd-456a-a585-174bdbada603,즉석총각두부,두부,천안중앙시장,전통시장,충청남도,3.0,3.0,,,RESOLVED_AGREEMENT,False,3,,,,
360e6e7ee230e097bad8,test,두부,T1 정확표기,q_두부_01,두부,식료품 중 '두부'를 판매·제공하는 매장,1eb76174-e588-4401-b98a-1b0dc8f2e7e8,정두부,두부,다정중앙 골목형상점가,골목형상점가,세종특별자치시,3.0,3.0,,,RESOLVED_AGREEMENT,False,3,,,,
fd326083f8d6a64b09fc,test,두부,T1 정확표기,q_두부_01,두부,식료품 중 '두부'를 판매·제공하는 매장,69a94f8f-2725-4df2-9d1e-cb4628548927,한뚜부,두부,박달시장,전통시장,경기도,3.0,3.0,,,RESOLVED_AGREEMENT,False,3,,,,
381814c151a6675b5fd5,test,두부,T1 정확표기,q_두부_01,두부,식료품 중 '두부'를 판매·제공하는 매장,63eaad17-e700-4b0b-8b9b-1eb5cb9ba6c7,즉석두부,두부,금산금빛시장(금산시장),전통시장,충청남도,3.0,3.0,,,RESOLVED_AGREEMENT,False,3,,,,
db0531c4aef56953b758,test,두부,T1 정확표기,q_두부_01,두부,식료품 중 '두부'를 판매·제공하는 매장,702fc264-4ba0-4bec-b1aa-b12b8b2a307b,맛촌두부,두부,비단길현대시장,전통시장,서울특별시,3.0,3.0,,,RESOLVED_AGREEMENT,False,3,,,,
a39b490543c3786eb812,test,두부,T1 정확표기,q_두부_01,두부,식료품 중 '두부'를 판매·제공하는 매장,889e86cd-5516-45c8-b45c-d7eff0b80820,삼례두부,두부,삼례상점가,자율상권구역,전북특별자치도,3.0,3.0,,,RESOLVED_AGREEMENT,False,3,,,,
41217b9c16dc4297833e,test,두부,T1 정확표기,q_두부_01,두부,식료품 중 '두부'를 판매·제공하는 매장,faa7efde-792a-4fea-969f-0c75cc607aa7,미소데코,커튼,양동복개상가,전통시장,,0.0,0.0,,,RESOLVED_AGREEMENT,False,0,,,,
c16da94347f93de7f926,test,두부,T1 정확표기,q_두부_01,두부,식료품 중 '두부'를 판매·제공하는 매장,ff645999-5e11-41f5-9848-325dcf5f2be5,건강두부,두부,화서시장,전통시장,경기도,3.0,3.0,,,RESOLVED_AGREEMENT,False,3,,,,
20dfa01b766129726e3a,test,두부,T1 정확표기,q_두부_01,두부,식료품 중 '두부'를 판매·제공하는 매장,54ad8e52-01fe-4f03-b15a-ecb2ea5f217e,민속두부,두부,까치산시장,전통시장,서울특별시,3.0,3.0,,,RESOLVED_AGREEMENT,False,3,,,,
15dad791cb8e8cb3ea7c,test,두부,T1 정확표기,q_두부_01,두부,식료품 중 '두부'를 판매·제공하는 매장,d714d42d-30ee-466c-8225-46ef226bb860,새두부,두부,부천자유시장,전통시장,경기도,3.0,3.0,,,RESOLVED_AGREEMENT,False,3,,,,
124c860fad8e5abff713,test,두부,T1 정확표기,q_두부_01,두부,식료품 중 '두부'를 판매·제공하는 매장,dbd279d8-6c55-4375-a705-a775de3d5977,민속두부,두부,신영시장,전통시장,서울특별시,3.0,3.0,,,RESOLVED_AGREEMENT,False,3,,,,
771fe217d24995983967,test,두부,T1 정확표기,q_두부_01,두부,식료품 중 '두부'를 판매·제공하는 매장,7893cd83-4173-4f62-8f70-979d02d2e321,미성두부,두부,월배시장,전통시장,대구광역시,3.0,3.0,,,RESOLVED_AGREEMENT,False,3,,,,
0d791a3d2c28bb3eb200,test,두부,T1 정확표기,q_두부_01,두부,식료품 중 '두부'를 판매·제공하는 매장,85b81335-c54e-4b9c-bbc8-aef9b57d5833,텐텐두부,두부,대림중앙시장,전통시장,서울특별시,3.0,3.0,,,RESOLVED_AGREEMENT,False,3,,,,
d7e87a80f60d95e62b9e,test,두부,T1 정확표기,q_두부_01,두부,식료품 중 '두부'를 판매·제공하는 매장,63ed6194-b5eb-4780-a784-eb60effa1ad4,즉석두부,두부,태평시장,전통시장,대전광역시,3.0,3.0,,,RESOLVED_AGREEMENT,False,3,,,,
e16642220290d565fb0e,test,두부,T1 정확표기,q_두부_01,두부,식료품 중 '두부'를 판매·제공하는 매장,cf04fcd8-d670-4cfe-bc50-eb4d5e07fa95,거창두부,두부,거창 전통시장,전통시장,경상남도,3.0,3.0,,,RESOLVED_AGREEMENT,False,3,,,,
ab04a77ccbd4a3db805b,test,두부,T1 정확표기,q_두부_01,두부,식료품 중 '두부'를 판매·제공하는 매장,481fc4e7-045b-4fb3-bf0c-eba04e887be9,두붓집,두부,자양15번가골목형상점가,골목형상점가,서울특별시,3.0,3.0,,,RESOLVED_AGREEMENT,False,3,,,,
dff14f62edbc8a2365f9,test,두부,T1 정확표기,q_두부_01,두부,식료품 중 '두부'를 판매·제공하는 매장,1a1cd408-5659-491c-b4f2-e21b3f9847cc,멧돌두부,두부,아랫장,전통시장,전라남도,3.0,3.0,,,RESOLVED_AGREEMENT,False,3,,,,
39296876c17a8e71300c,test,두부,T1 정확표기,q_두부_01,두부,식료품 중 '두부'를 판매·제공하는 매장,4f580439-e2db-485c-ae7f-18d9ee41a805,부자두부,두부,신평리시장,전통시장,대구광역시,3.0,3.0,,,RESOLVED_AGREEMENT,False,3,,,,
89398a26e5fe23ca8045,test,두부,T1 정확표기,q_두부_01,두부,식료품 중 '두부'를 판매·제공하는 매장,ab9c6969-da0a-43e1-be2e-3408a3b83706,서울두부,두부,달서시장,전통시장,대구광역시,3.0,3.0,,,RESOLVED_AGREEMENT,False,3,,,,
fc7482aa490e963dd9f4,test,두부,T1 정확표기,q_두부_01,두부,식료품 중 '두부'를 판매·제공하는 매장,f42cc7b0-44ac-4ff0-947f-eddfc14e47e7,만덕두부,두부,만덕2동제일상가시장,전통시장,부산광역시,3.0,3.0,,,RESOLVED_AGREEMENT,False,3,,,,
f8b3ee5dfa9f8d4770d4,test,두부,T1 정확표기,q_두부_01,두부,식료품 중 '두부'를 판매·제공하는 매장,6de9480c-40e9-4045-988d-d16cf850b6ac,새두부,두부,남부골목시장,전통시장,서울특별시,3.0,3.0,,,RESOLVED_AGREEMENT,False,3,,,,
73df2666f5b87902a886,test,두부,T1 정확표기,q_두부_01,두부,식료품 중 '두부'를 판매·제공하는 매장,00a74c3c-6931-4363-8806-0c064d828485,옛맷돌생즉석두부,두부,성정시장(구 성정5단지시장),전통시장,충청남도,3.0,3.0,,,RESOLVED_AGREEMENT,False,3,,,,
185f4e82b1e725e8b479,test,두부,T1 정확표기,q_두부_01,두부,식료품 중 '두부'를 판매·제공하는 매장,4f2775fb-cf32-47c8-8961-01b00e82cf42,짱두부,두부,의왕예술의거리골목형상점가,골목형상점가,경기도,3.0,3.0,,,RESOLVED_AGREEMENT,False,3,,,,
b9693efaf084280c758c,test,두부,T1 정확표기,q_두부_01,두부,식료품 중 '두부'를 판매·제공하는 매장,dae1d6a1-6523-427e-9f4d-e3ad91073096,더두부,두부 순두부,춘천번개시장,전통시장,강원특별자치도,3.0,3.0,,,RESOLVED_AGREEMENT,False,3,,,,
c3ed0e185514f2ba34a5,test,두부,T1 정확표기,q_두부_01,두부,식료품 중 '두부'를 판매·제공하는 매장,de3c9cc3-c685-4b25-942d-1c13a060b6ad,초원두부,두부,춘천동부시장,전통시장,강원특별자치도,3.0,3.0,,,RESOLVED_AGREEMENT,False,3,,,,
a4271149006a7cd63e4a,test,두부,T1 정확표기,q_두부_01,두부,식료품 중 '두부'를 판매·제공하는 매장,00370e92-787b-44c8-a4cb-e87c3185e811,콩사랑즉석두부,두부,남부시장,전통시장,경상북도,3.0,3.0,,,RESOLVED_AGREEMENT,False,3,,,,
d20db3023cc807ce79d8,test,두부,T1 정확표기,q_두부_01,두부,식료품 중 '두부'를 판매·제공하는 매장,d0740585-92d0-48ff-ad13-e7bdbab24b4a,할배,두부,안양남부시장,전통시장,경기도,3.0,3.0,,,RESOLVED_AGREEMENT,False,3,,,,
b6c612abc43a72d02ec3,test,두부,T1 정확표기,q_두부_01,두부,식료품 중 '두부'를 판매·제공하는 매장,8b10bc5e-2eb8-4158-bde8-275a6f9af44c,하얀두부,두부,옛 경양방죽 골목형상점가,골목형상점가,광주광역시,3.0,3.0,,,RESOLVED_AGREEMENT,False,3,,,,
8c30ea11a72d87a5115a,test,두부,T1 정확표기,q_두부_01,두부,식료품 중 '두부'를 판매·제공하는 매장,ee6b54a3-321e-401e-8f14-1e9502b7b83f,장수두부,두부,원당시장(구 원당전통시장),전통시장,경기도,3.0,3.0,,,RESOLVED_AGREEMENT,False,3,,,,
80f17731caf8264f422b,test,두부,T1 정확표기,q_두부_01,두부,식료품 중 '두부'를 판매·제공하는 매장,6fee5688-d168-49c2-99a3-48ec4c5ef776,온두부,두부,산정상인회 골목형상점가,골목형상점가,,3.0,3.0,,,RESOLVED_AGREEMENT,False,3,,,,
b533a311f87da7a2ac93,test,두부,T1 정확표기,q_두부_01,두부,식료품 중 '두부'를 판매·제공하는 매장,3278b21f-21f9-4430-b66e-aedba50a4201,썬모바일,휴대폰,우산청년골목형상점가,골목형상점가,강원특별자치도,0.0,0.0,,,RESOLVED_AGREEMENT,False,0,,,,
13ec47ad82dc5ac02677,test,두부,T1 정확표기,q_두부_01,두부,식료품 중 '두부'를 판매·제공하는 매장,7be8d4fa-50c1-42a0-ac31-003072575d95,즉석두부,두부,답십리시장,전통시장,서울특별시,3.0,3.0,,,RESOLVED_AGREEMENT,False,3,,,,
1edbadfea4b9b17e6fef,test,두부,T1 정확표기,q_두부_01,두부,식료품 중 '두부'를 판매·제공하는 매장,e1b0c297-7a72-457c-a8ff-1f56da8bbb78,오늘은 두부,두부,새호반 골목형상점가,골목형상점가,세종특별자치시,3.0,3.0,,,RESOLVED_AGREEMENT,False,3,,,,
da172134bcac69269cbf,test,두부,T1 정확표기,q_두부_01,두부,식료품 중 '두부'를 판매·제공하는 매장,3f435949-0508-403d-9d84-e094f2b5e689,철이네 두부,두부,도마큰시장,전통시장,대전광역시,3.0,3.0,,,RESOLVED_AGREEMENT,False,3,,,,
0958bc08cad7abb86db5,test,두부,T1 정확표기,q_두부_01,두부,식료품 중 '두부'를 판매·제공하는 매장,f0bc7d99-f460-4dfc-9344-d6e5986bac5c,해냄식품,두부,고척근린시장,전통시장,서울특별시,3.0,3.0,,,RESOLVED_AGREEMENT,False,3,,,,
87a9a92a05eab45d51ba,test,두부,T1 정확표기,q_두부_01,두부,식료품 중 '두부'를 판매·제공하는 매장,a8842971-713d-461a-a0d6-94f2a4e46abb,한일두부,두부,안양관양시장,전통시장,경기도,3.0,3.0,,,RESOLVED_AGREEMENT,False,3,,,,
7e394fe74e80a8f13fc5,test,두부,T1 정확표기,q_두부_01,두부,식료품 중 '두부'를 판매·제공하는 매장,42e56e42-4cc7-4307-a015-62fec0a0d983,남동두부,두부,간석자유시장,전통시장,인천광역시,3.0,3.0,,,RESOLVED_AGREEMENT,False,3,,,,
e1c97f91b15ce4d89b30,test,두부,T1 정확표기,q_두부_01,두부,식료품 중 '두부'를 판매·제공하는 매장,43325eb1-36cd-4298-b4a2-0836427fcc29,현풍두부,두부,현풍백년도깨비시장,전통시장,대구광역시,3.0,3.0,,,RESOLVED_AGREEMENT,False,3,,,,
e31022a5e49c31bebf38,test,두부,T1 정확표기,q_두부_01,두부,식료품 중 '두부'를 판매·제공하는 매장,ed7b5e51-0ed0-43ae-bca4-46ee3d02a8a0,환스짐휘트니스,휘트니스,첨단하나로,골목형상점가,광주광역시,0.0,0.0,,,RESOLVED_AGREEMENT,False,0,,,,
5ea05c2e1e341da6fcc1,test,두부,T1 정확표기,q_두부_01,두부,식료품 중 '두부'를 판매·제공하는 매장,ee44c794-f8ec-4d6c-b06c-e92d2e8ebb42,고향두부,두부,부평종합시장,전통시장,인천광역시,3.0,3.0,,,RESOLVED_AGREEMENT,False,3,,,,
fb4b463308abaec915b6,test,두부,T1 정확표기,q_두부_01,두부,식료품 중 '두부'를 판매·제공하는 매장,c0289b47-4cd2-4923-ad52-bb7831d71ffd,고고두부,두부,테크노밸리 골목형상점가,골목형상점가,대전광역시,3.0,3.0,,,RESOLVED_AGREEMENT,False,3,,,,
1bf92aa1a196f2a2c3b5,test,두부,T1 정확표기,q_두부_01,두부,식료품 중 '두부'를 판매·제공하는 매장,000cb355-aef1-4aaf-8fb2-cb3f9fd94624,시골즉석두부,두부,신장전통시장,전통시장,경기도,3.0,3.0,,,RESOLVED_AGREEMENT,False,3,,,,
d8a6bac69f2f8baa130d,test,두부,T1 정확표기,q_두부_01,두부,식료품 중 '두부'를 판매·제공하는 매장,efe1e70a-8051-4699-bbca-169b0408595c,두부한모,두부,봉일천전통시장,전통시장,경기도,3.0,3.0,,,RESOLVED_AGREEMENT,False,3,,,,
a51fd3a98916b16b2eae,test,두부,T1 정확표기,q_두부_01,두부,식료품 중 '두부'를 판매·제공하는 매장,89181375-c57b-4535-a442-b1a101db2ed7,향원두부,두부,부천자유시장,전통시장,경기도,3.0,3.0,,,RESOLVED_AGREEMENT,False,3,,,,
e260013e9df3fd4ca750,test,두부,T1 정확표기,q_두부_01,두부,식료품 중 '두부'를 판매·제공하는 매장,014175c9-602a-451f-adb6-d2ae725ab204,맷돌수제두부(콩사랑순두부),,정자시장,전통시장,경기도,3.0,3.0,,,RESOLVED_AGREEMENT,False,3,,,,
3d31ea2b2ced51f6a65b,test,두부,T1 정확표기,q_두부_01,두부,식료품 중 '두부'를 판매·제공하는 매장,5bab75de-06b1-4b59-8d9a-7395f4f0e10c,그린두부,두부,강릉성남시장,전통시장,강원특별자치도,3.0,3.0,,,RESOLVED_AGREEMENT,False,3,,,,
67a7475a1f94edd9bbf5,test,두부,T1 정확표기,q_두부_01,두부,식료품 중 '두부'를 판매·제공하는 매장,36cc5e6d-c336-4062-b59b-76eb34e91dd8,인생두부,두부,까치산시장,전통시장,서울특별시,3.0,3.0,,,RESOLVED_AGREEMENT,False,3,,,,
35ce4e1d38eae651ab15,test,두부,T1 정확표기,q_두부_01,두부,식료품 중 '두부'를 판매·제공하는 매장,05218ab9-95f3-4c7c-bff8-2abd592ab2d6,역전두부,두부,마산역번개시장,전통시장,경상남도,3.0,3.0,,,RESOLVED_AGREEMENT,False,3,,,,
310267519ed0a0530094,test,두부,T1 정확표기,q_두부_01,두부,식료품 중 '두부'를 판매·제공하는 매장,2e9ce3b7-cfab-4b20-8777-691574ba8153,세운(SEWOON),컴퓨터 및 주변기기,대구종합유통단지전자관사업협동조합,전통시장,대구광역시,0.0,0.0,,,RESOLVED_AGREEMENT,False,0,,,,
c3f0bb0dc000e38e2318,test,두부,T1 정확표기,q_두부_01,두부,식료품 중 '두부'를 판매·제공하는 매장,56518e37-15c9-4e7e-8e85-2f02143fac88,옛날두부,두부,온천인정시장,전통시장,부산광역시,3.0,3.0,,,RESOLVED_AGREEMENT,False,3,,,,
81dc3be380ec6cb5d4e2,test,두부,T1 정확표기,q_두부_01,두부,식료품 중 '두부'를 판매·제공하는 매장,2be2ec68-4388-431f-8a2f-a5e57b1b0cc7,두부촌,두부,창원 소계옛길시장,전통시장,경상남도,3.0,3.0,,,RESOLVED_AGREEMENT,False,3,,,,
59abf1b31cf00e7fead0,test,두부,T1 정확표기,q_두부_01,두부,식료품 중 '두부'를 판매·제공하는 매장,dc90a5aa-bfb2-401f-8728-5f220eed1b9b,두부온,두부,"온양온천시장(온양재래시장, 전통시장)",전통시장,충청남도,3.0,3.0,,,RESOLVED_AGREEMENT,False,3,,,,
e382781a6372d16cb4c8,test,두부,T1 정확표기,q_두부_01,두부,식료품 중 '두부'를 판매·제공하는 매장,dfdf037d-4ea0-469e-91d8-b7b0dfad7d7e,즉석총각두부,두부,"온양온천시장(온양재래시장, 전통시장)",전통시장,충청남도,3.0,3.0,,,RESOLVED_AGREEMENT,False,3,,,,
8d4c9f384c099fdd17b5,test,두부,T1 정확표기,q_두부_01,두부,식료품 중 '두부'를 판매·제공하는 매장,48ba07cc-b75b-4b6b-a20c-a230f90c3866,포천두부,두부,남부골목시장,전통시장,서울특별시,3.0,3.0,,,RESOLVED_AGREEMENT,False,3,,,,
e2e3825e1fd20b90c895,test,두부,T1 정확표기,q_두부_01,두부,식료품 중 '두부'를 판매·제공하는 매장,8eb48794-5048-499c-91f1-186c0b85dfb8,신안상회,젓갈류,관고전통시장,전통시장,경기도,0.0,0.0,,,RESOLVED_AGREEMENT,False,0,,,,
c7ed1a828d37eda3f84e,test,두부,T1 정확표기,q_두부_01,두부,식료품 중 '두부'를 판매·제공하는 매장,4927627b-ef9e-4f5f-8d14-7a5808bc405f,텐텐두부,두부,남문시장,전통시장,서울특별시,3.0,3.0,,,RESOLVED_AGREEMENT,False,3,,,,
7d52d8e7794d46fce2c1,test,두부,T1 정확표기,q_두부_01,두부,식료품 중 '두부'를 판매·제공하는 매장,c55243c6-2178-4e06-b34b-25e99367bf86,엄정두부,두부,약수시장골목형상점가,골목형상점가,서울특별시,3.0,3.0,,,RESOLVED_AGREEMENT,False,3,,,,
f848defbeb176ab4a386,test,두부,T1 정확표기,q_두부_01,두부,식료품 중 '두부'를 판매·제공하는 매장,d43529bb-5a2c-474a-8cae-a2101fae1d42,백세두부,두부,대해불빛시장(대해종합시장),전통시장,경상북도,3.0,3.0,,,RESOLVED_AGREEMENT,False,3,,,,
df717a0e85b6db77cf98,test,두부,T1 정확표기,q_두부_01,두부,식료품 중 '두부'를 판매·제공하는 매장,1a4680e0-56b8-48f7-9e7d-951dffb05f6a,소담두부,두부,과천슈르탑 골목형상점가,골목형상점가,경기도,3.0,3.0,,,RESOLVED_AGREEMENT,False,3,,,,
4670bd2b72b1ba6aa269,test,두부,T1 정확표기,q_두부_01,두부,식료품 중 '두부'를 판매·제공하는 매장,7cbb53bf-abf1-4deb-a80f-45ad7bf8b1b7,수아두부,두부,부곡시장,전통시장,부산광역시,3.0,3.0,,,RESOLVED_AGREEMENT,False,3,,,,
59668689dbb768a8b2aa,test,두부,T1 정확표기,q_두부_01,두부,식료품 중 '두부'를 판매·제공하는 매장,098053d6-7aa0-4e83-b933-a36e74b1f2ce,이구두부,두부,관문상가시장,전통시장,대구광역시,3.0,3.0,,,RESOLVED_AGREEMENT,False,3,,,,
b05841a4dc373ab6af31,test,두부,T2 동의어,q_두부_02,두부 가게,식료품 중 '두부'를 판매·제공하는 매장,0b69c684-9b0b-490b-892e-9267cf4662a3,윤수참기름,식용유,진주 청과시장,전통시장,경상남도,0.0,0.0,,,RESOLVED_AGREEMENT,False,0,,,,
cf7c38fe1c4583c8d3ec,test,두부,T2 동의어,q_두부_02,두부 가게,식료품 중 '두부'를 판매·제공하는 매장,f412d1bc-92eb-44df-8e1a-bcea7db1ab4a,모던아트,썬팅 광택 블랙박스 네비게이션,쌍촌명지상인회 골목형상점가,골목형상점가,광주광역시,0.0,0.0,,,RESOLVED_AGREEMENT,False,0,,,,
dec46e57dd0a222ede28,test,두부,T2 동의어,q_두부_02,두부 가게,식료품 중 '두부'를 판매·제공하는 매장,c0289b47-4cd2-4923-ad52-bb7831d71ffd,고고두부,두부,테크노밸리 골목형상점가,골목형상점가,대전광역시,3.0,3.0,,,RESOLVED_AGREEMENT,False,3,,,,
7b8361309bc5ce688620,test,두부,T2 동의어,q_두부_02,두부 가게,식료품 중 '두부'를 판매·제공하는 매장,1eb76174-e588-4401-b98a-1b0dc8f2e7e8,정두부,두부,다정중앙 골목형상점가,골목형상점가,세종특별자치시,3.0,3.0,,,RESOLVED_AGREEMENT,False,3,,,,
50ab05e6910aeac9cf6e,test,두부,T2 동의어,q_두부_02,두부 가게,식료품 중 '두부'를 판매·제공하는 매장,dbd279d8-6c55-4375-a705-a775de3d5977,민속두부,두부,신영시장,전통시장,서울특별시,3.0,3.0,,,RESOLVED_AGREEMENT,False,3,,,,
fdcd250d815e1ea0dbbf,test,두부,T2 동의어,q_두부_02,두부 가게,식료품 중 '두부'를 판매·제공하는 매장,df151aff-f1e7-45a4-85bd-fa576b442391,콩심이 두부,두부,벌교매일시장,전통시장,전라남도,3.0,3.0,,,RESOLVED_AGREEMENT,False,3,,,,
f5f13181f32444450251,test,두부,T2 동의어,q_두부_02,두부 가게,식료품 중 '두부'를 판매·제공하는 매장,889e86cd-5516-45c8-b45c-d7eff0b80820,삼례두부,두부,삼례상점가,자율상권구역,전북특별자치도,3.0,3.0,,,RESOLVED_AGREEMENT,False,3,,,,
33079a272b2a59091218,test,두부,T2 동의어,q_두부_02,두부 가게,식료품 중 '두부'를 판매·제공하는 매장,43325eb1-36cd-4298-b4a2-0836427fcc29,현풍두부,두부,현풍백년도깨비시장,전통시장,대구광역시,3.0,3.0,,,RESOLVED_AGREEMENT,False,3,,,,
6e29374f4fe6a82fb765,test,두부,T2 동의어,q_두부_02,두부 가게,식료품 중 '두부'를 판매·제공하는 매장,4f2775fb-cf32-47c8-8961-01b00e82cf42,짱두부,두부,의왕예술의거리골목형상점가,골목형상점가,경기도,3.0,3.0,,,RESOLVED_AGREEMENT,False,3,,,,
db702a6e26728e5e7325,test,두부,T2 동의어,q_두부_02,두부 가게,식료품 중 '두부'를 판매·제공하는 매장,69a94f8f-2725-4df2-9d1e-cb4628548927,한뚜부,두부,박달시장,전통시장,경기도,3.0,3.0,,,RESOLVED_AGREEMENT,False,3,,,,
904508ab8ca4bd6dc431,test,두부,T2 동의어,q_두부_02,두부 가게,식료품 중 '두부'를 판매·제공하는 매장,6cb0e649-cf8f-4316-b0fc-8165d779ae8b,대림두부,두부,대림중앙시장,전통시장,서울특별시,3.0,3.0,,,RESOLVED_AGREEMENT,False,3,,,,
e2e62428e30283f047c8,test,두부,T2 동의어,q_두부_02,두부 가게,식료품 중 '두부'를 판매·제공하는 매장,2be2ec68-4388-431f-8a2f-a5e57b1b0cc7,두부촌,두부,창원 소계옛길시장,전통시장,경상남도,3.0,3.0,,,RESOLVED_AGREEMENT,False,3,,,,
040b9e0deb52c31b9e76,test,두부,T2 동의어,q_두부_02,두부 가게,식료품 중 '두부'를 판매·제공하는 매장,dc90a5aa-bfb2-401f-8728-5f220eed1b9b,두부온,두부,"온양온천시장(온양재래시장, 전통시장)",전통시장,충청남도,3.0,3.0,,,RESOLVED_AGREEMENT,False,3,,,,
67390455634a3f05efbf,test,두부,T2 동의어,q_두부_02,두부 가게,식료품 중 '두부'를 판매·제공하는 매장,529ab38c-59e5-4fa5-938a-b23d0c9aa3f0,별난두부,두부,미성동도깨비시장,골목형상점가,서울특별시,3.0,3.0,,,RESOLVED_AGREEMENT,False,3,,,,
7446b2d8ee86e3c1d4b9,test,두부,T2 동의어,q_두부_02,두부 가게,식료품 중 '두부'를 판매·제공하는 매장,ee6b54a3-321e-401e-8f14-1e9502b7b83f,장수두부,두부,원당시장(구 원당전통시장),전통시장,경기도,3.0,3.0,,,RESOLVED_AGREEMENT,False,3,,,,
b553466712de788c2da2,test,두부,T2 동의어,q_두부_02,두부 가게,식료품 중 '두부'를 판매·제공하는 매장,5767537e-7f57-4b1e-abcf-7f2bcd74e354,쌍둥이네가게,두부,청주육거리종합시장,전통시장,충청북도,3.0,3.0,,,RESOLVED_AGREEMENT,False,3,,,,
c8405c9525d150d1f93f,test,두부,T2 동의어,q_두부_02,두부 가게,식료품 중 '두부'를 판매·제공하는 매장,f7d01c5a-ed54-4b5b-bf64-802fb02d797b,할머니 두부가게,두부,성황당길골목형상점가,골목형상점가,서울특별시,3.0,3.0,,,RESOLVED_AGREEMENT,False,3,,,,
64053f004cd1a2d1684e,test,두부,T2 동의어,q_두부_02,두부 가게,식료품 중 '두부'를 판매·제공하는 매장,a505d310-e0a4-4ad8-9263-67554df6e2b7,대경두부,두부,법동시장,전통시장,대전광역시,3.0,3.0,,,RESOLVED_AGREEMENT,False,3,,,,
7c31adcc2ca3af39c24e,test,두부,T2 동의어,q_두부_02,두부 가게,식료품 중 '두부'를 판매·제공하는 매장,b8a53820-000e-42e0-9ec5-88acbcb09761,천수두부,두부,포항 대이상가 골목형상점가,골목형상점가,경상북도,3.0,3.0,,,RESOLVED_AGREEMENT,False,3,,,,
19ecce9910ce87326475,test,두부,T2 동의어,q_두부_02,두부 가게,식료품 중 '두부'를 판매·제공하는 매장,e449cd7b-a279-465b-8e49-550e12071dae,부부두부,두부,경창시장,전통시장,서울특별시,3.0,3.0,,,RESOLVED_AGREEMENT,False,3,,,,
e013635388a1b5ac9b54,test,두부,T2 동의어,q_두부_02,두부 가게,식료품 중 '두부'를 판매·제공하는 매장,3f435949-0508-403d-9d84-e094f2b5e689,철이네 두부,두부,도마큰시장,전통시장,대전광역시,3.0,3.0,,,RESOLVED_AGREEMENT,False,3,,,,
9d9a120733ff30b7c12c,test,두부,T2 동의어,q_두부_02,두부 가게,식료품 중 '두부'를 판매·제공하는 매장,5b9ba8aa-bdb4-4a3f-9d4b-f5e3b5d233e2,가마솥순두부,두부,가경터미널시장,전통시장,충청북도,3.0,3.0,,,RESOLVED_AGREEMENT,False,3,,,,
a46de6d9d55866b90ada,test,두부,T2 동의어,q_두부_02,두부 가게,식료품 중 '두부'를 판매·제공하는 매장,56518e37-15c9-4e7e-8e85-2f02143fac88,옛날두부,두부,온천인정시장,전통시장,부산광역시,3.0,3.0,,,RESOLVED_AGREEMENT,False,3,,,,
68a99315cddbff8d9c8d,test,두부,T2 동의어,q_두부_02,두부 가게,식료품 중 '두부'를 판매·제공하는 매장,c2e0c2ff-cfcc-40de-9009-2ef3859711c0,영두부,두부,고리울동굴시장,전통시장,경기도,3.0,3.0,,,RESOLVED_AGREEMENT,False,3,,,,
85dc8df57e775bcdfa92,test,두부,T2 동의어,q_두부_02,두부 가게,식료품 중 '두부'를 판매·제공하는 매장,d0740585-92d0-48ff-ad13-e7bdbab24b4a,할배,두부,안양남부시장,전통시장,경기도,3.0,3.0,,,RESOLVED_AGREEMENT,False,3,,,,
bc317ea7ce34d8abecef,test,두부,T2 동의어,q_두부_02,두부 가게,식료품 중 '두부'를 판매·제공하는 매장,54ad8e52-01fe-4f03-b15a-ecb2ea5f217e,민속두부,두부,까치산시장,전통시장,서울특별시,3.0,3.0,,,RESOLVED_AGREEMENT,False,3,,,,
d728e3bf1183be44f6b3,test,두부,T2 동의어,q_두부_02,두부 가게,식료품 중 '두부'를 판매·제공하는 매장,ff645999-5e11-41f5-9848-325dcf5f2be5,건강두부,두부,화서시장,전통시장,경기도,3.0,3.0,,,RESOLVED_AGREEMENT,False,3,,,,
33d8f1369aaafb7b051e,test,두부,T2 동의어,q_두부_02,두부 가게,식료품 중 '두부'를 판매·제공하는 매장,e1b0c297-7a72-457c-a8ff-1f56da8bbb78,오늘은 두부,두부,새호반 골목형상점가,골목형상점가,세종특별자치시,3.0,3.0,,,RESOLVED_AGREEMENT,False,3,,,,
ece3489a295170cf07a5,test,두부,T2 동의어,q_두부_02,두부 가게,식료품 중 '두부'를 판매·제공하는 매장,f3c2d3c8-d60e-45b8-8712-e45c5c699309,예전두부,두부,수암상가시장,전통시장,울산광역시,3.0,3.0,,,RESOLVED_AGREEMENT,False,3,,,,
be409c64680454324c32,test,두부,T2 동의어,q_두부_02,두부 가게,식료품 중 '두부'를 판매·제공하는 매장,5bab75de-06b1-4b59-8d9a-7395f4f0e10c,그린두부,두부,강릉성남시장,전통시장,강원특별자치도,3.0,3.0,,,RESOLVED_AGREEMENT,False,3,,,,
65bf5eafe1fc437ba4b9,test,두부,T2 동의어,q_두부_02,두부 가게,식료품 중 '두부'를 판매·제공하는 매장,5d34c400-eb9e-4cf4-982d-7a3695e31802,르미,화장품,금암동 골목형상점가,골목형상점가,충청남도,0.0,0.0,,,RESOLVED_AGREEMENT,False,0,,,,
162381abfaf047fd70ae,test,두부,T2 동의어,q_두부_02,두부 가게,식료품 중 '두부'를 판매·제공하는 매장,efe1e70a-8051-4699-bbca-169b0408595c,두부한모,두부,봉일천전통시장,전통시장,경기도,3.0,3.0,,,RESOLVED_AGREEMENT,False,3,,,,
6bef517c64b063596779,test,두부,T2 동의어,q_두부_02,두부 가게,식료품 중 '두부'를 판매·제공하는 매장,63eaad17-e700-4b0b-8b9b-1eb5cb9ba6c7,즉석두부,두부,금산금빛시장(금산시장),전통시장,충청남도,3.0,3.0,,,RESOLVED_AGREEMENT,False,3,,,,
7b1a9a40ff833fa36186,test,두부,T2 동의어,q_두부_02,두부 가게,식료품 중 '두부'를 판매·제공하는 매장,7973b560-9192-4c05-80f5-03ce051a1ae8,가마솥손두부,두부,세종전통시장,전통시장,세종특별자치시,3.0,3.0,,,RESOLVED_AGREEMENT,False,3,,,,
73763441e875c20eb823,test,두부,T2 동의어,q_두부_02,두부 가게,식료품 중 '두부'를 판매·제공하는 매장,f42cc7b0-44ac-4ff0-947f-eddfc14e47e7,만덕두부,두부,만덕2동제일상가시장,전통시장,부산광역시,3.0,3.0,,,RESOLVED_AGREEMENT,False,3,,,,
ce25668786394256695d,test,두부,T2 동의어,q_두부_02,두부 가게,식료품 중 '두부'를 판매·제공하는 매장,d9406998-e5bd-456a-a585-174bdbada603,즉석총각두부,두부,천안중앙시장,전통시장,충청남도,3.0,3.0,,,RESOLVED_AGREEMENT,False,3,,,,
3ff01499c78b3b2fcd28,test,두부,T2 동의어,q_두부_02,두부 가게,식료품 중 '두부'를 판매·제공하는 매장,dae1d6a1-6523-427e-9f4d-e3ad91073096,더두부,두부 순두부,춘천번개시장,전통시장,강원특별자치도,3.0,3.0,,,RESOLVED_AGREEMENT,False,3,,,,
e275cf615a0319e4ed6d,test,두부,T2 동의어,q_두부_02,두부 가게,식료품 중 '두부'를 판매·제공하는 매장,360dadf6-5a0d-4e00-918f-d466e39e7e9a,승일두부,두부,안양관양시장,전통시장,경기도,3.0,3.0,,,RESOLVED_AGREEMENT,False,3,,,,
c79b2a77a934779eea3e,test,두부,T2 동의어,q_두부_02,두부 가게,식료품 중 '두부'를 판매·제공하는 매장,1a1cd408-5659-491c-b4f2-e21b3f9847cc,멧돌두부,두부,아랫장,전통시장,전라남도,3.0,3.0,,,RESOLVED_AGREEMENT,False,3,,,,
a51c30e9680f51070eb3,test,두부,T2 동의어,q_두부_02,두부 가게,식료품 중 '두부'를 판매·제공하는 매장,f0bc7d99-f460-4dfc-9344-d6e5986bac5c,해냄식품,두부,고척근린시장,전통시장,서울특별시,3.0,3.0,,,RESOLVED_AGREEMENT,False,3,,,,
1bc08476b5ae7b9c8ea7,test,두부,T2 동의어,q_두부_02,두부 가게,식료품 중 '두부'를 판매·제공하는 매장,7ffac89b-6738-49f0-b68e-0999b352d78c,신선두부,두부,도봉산옛길골목형상점가,골목형상점가,서울특별시,3.0,3.0,,,RESOLVED_AGREEMENT,False,3,,,,
77b698585b8665e589bd,test,두부,T2 동의어,q_두부_02,두부 가게,식료품 중 '두부'를 판매·제공하는 매장,d43529bb-5a2c-474a-8cae-a2101fae1d42,백세두부,두부,대해불빛시장(대해종합시장),전통시장,경상북도,3.0,3.0,,,RESOLVED_AGREEMENT,False,3,,,,
32592a4d3d1501a55012,test,두부,T2 동의어,q_두부_02,두부 가게,식료품 중 '두부'를 판매·제공하는 매장,57c03554-bdf3-4b55-a09f-352dcb4386af,두부만드는가게,"두부, 콩물",연서시장,전통시장,서울특별시,3.0,3.0,,,RESOLVED_AGREEMENT,False,3,,,,
0ca173b0f58597c7faee,test,두부,T2 동의어,q_두부_02,두부 가게,식료품 중 '두부'를 판매·제공하는 매장,02e6e7b8-1131-401d-b587-fcff8760568b,우영이네,두부,청주북부시장,전통시장,충청북도,3.0,3.0,,,RESOLVED_AGREEMENT,False,3,,,,
3f2496e80466f9b96c73,test,두부,T2 동의어,q_두부_02,두부 가게,식료품 중 '두부'를 판매·제공하는 매장,7893cd83-4173-4f62-8f70-979d02d2e321,미성두부,두부,월배시장,전통시장,대구광역시,3.0,3.0,,,RESOLVED_AGREEMENT,False,3,,,,
fb7c38b5c34e68f2a893,test,두부,T2 동의어,q_두부_02,두부 가게,식료품 중 '두부'를 판매·제공하는 매장,4f580439-e2db-485c-ae7f-18d9ee41a805,부자두부,두부,신평리시장,전통시장,대구광역시,3.0,3.0,,,RESOLVED_AGREEMENT,False,3,,,,
ae5b6d17cd3b8a28a639,test,두부,T2 동의어,q_두부_02,두부 가게,식료품 중 '두부'를 판매·제공하는 매장,481fc4e7-045b-4fb3-bf0c-eba04e887be9,두붓집,두부,자양15번가골목형상점가,골목형상점가,서울특별시,3.0,3.0,,,RESOLVED_AGREEMENT,False,3,,,,
513bf6562ee1734fd44d,test,두부,T2 동의어,q_두부_02,두부 가게,식료품 중 '두부'를 판매·제공하는 매장,ab9c6969-da0a-43e1-be2e-3408a3b83706,서울두부,두부,달서시장,전통시장,대구광역시,3.0,3.0,,,RESOLVED_AGREEMENT,False,3,,,,
4ac5c6bf9653a131adc1,test,두부,T2 동의어,q_두부_02,두부 가게,식료품 중 '두부'를 판매·제공하는 매장,3b80a003-4257-4cc1-b39b-11ed041edf74,여포두부,두부,통영중앙전통시장,전통시장,경상남도,3.0,3.0,,,RESOLVED_AGREEMENT,False,3,,,,
5f6e84df11a877d50c5b,test,두부,T2 동의어,q_두부_02,두부 가게,식료품 중 '두부'를 판매·제공하는 매장,c5febe51-11bf-4ab5-a557-0631a07d495a,거성 즉석 두부,두부,대명시장,전통시장,대구광역시,3.0,3.0,,,RESOLVED_AGREEMENT,False,3,,,,
2b0fd0ecb088e1e99fe8,test,두부,T2 동의어,q_두부_02,두부 가게,식료품 중 '두부'를 판매·제공하는 매장,b9a4b30e-ad06-4028-83b0-253aa0d0be50,청송홈마트,슈퍼마켓,청송전통시장,전통시장,경상북도,0.0,1.0,,,P2_GRADED_ONLY,True,,,,,
04236a5d49561a1d7d4c,test,두부,T2 동의어,q_두부_02,두부 가게,식료품 중 '두부'를 판매·제공하는 매장,dfdf037d-4ea0-469e-91d8-b7b0dfad7d7e,즉석총각두부,두부,"온양온천시장(온양재래시장, 전통시장)",전통시장,충청남도,3.0,3.0,,,RESOLVED_AGREEMENT,False,3,,,,
131084b59725cabee748,test,두부,T2 동의어,q_두부_02,두부 가게,식료품 중 '두부'를 판매·제공하는 매장,c641e679-fba2-4f70-a74a-b633497a04e8,콩아저씨두부가게,"두부, 농산물",무극시장,전통시장,충청북도,3.0,3.0,,,RESOLVED_AGREEMENT,False,3,,,,
23fd69bb7337034d5c9f,test,두부,T2 동의어,q_두부_02,두부 가게,식료품 중 '두부'를 판매·제공하는 매장,00370e92-787b-44c8-a4cb-e87c3185e811,콩사랑즉석두부,두부,남부시장,전통시장,경상북도,3.0,3.0,,,RESOLVED_AGREEMENT,False,3,,,,
1fe60649d995ba136317,test,두부,T2 동의어,q_두부_02,두부 가게,식료품 중 '두부'를 판매·제공하는 매장,63c57c87-3d69-4440-a6e8-8538f5e98efe,남지상회,채소,팔달신시장,전통시장,대구광역시,0.0,0.0,,,RESOLVED_AGREEMENT,False,0,,,,
a21465baa26de40da205,test,두부,T2 동의어,q_두부_02,두부 가게,식료품 중 '두부'를 판매·제공하는 매장,7be8d4fa-50c1-42a0-ac31-003072575d95,즉석두부,두부,답십리시장,전통시장,서울특별시,3.0,3.0,,,RESOLVED_AGREEMENT,False,3,,,,
e6f67a5a90f8daa3a409,test,두부,T2 동의어,q_두부_02,두부 가게,식료품 중 '두부'를 판매·제공하는 매장,098053d6-7aa0-4e83-b933-a36e74b1f2ce,이구두부,두부,관문상가시장,전통시장,대구광역시,3.0,3.0,,,RESOLVED_AGREEMENT,False,3,,,,
52f18cf337f245a208ad,test,두부,T2 동의어,q_두부_02,두부 가게,식료품 중 '두부'를 판매·제공하는 매장,25ea391e-2271-459e-aacc-9eeb17c172b3,아라네마늘가게,젓갈 두부,부평종합시장,전통시장,인천광역시,3.0,3.0,,,RESOLVED_AGREEMENT,False,3,,,,
aacfb3cae8853b15ef7c,test,두부,T2 동의어,q_두부_02,두부 가게,식료품 중 '두부'를 판매·제공하는 매장,00a74c3c-6931-4363-8806-0c064d828485,옛맷돌생즉석두부,두부,성정시장(구 성정5단지시장),전통시장,충청남도,3.0,3.0,,,RESOLVED_AGREEMENT,False,3,,,,
d4386fa7bf3f9c6c16df,test,두부,T2 동의어,q_두부_02,두부 가게,식료품 중 '두부'를 판매·제공하는 매장,000cb355-aef1-4aaf-8fb2-cb3f9fd94624,시골즉석두부,두부,신장전통시장,전통시장,경기도,3.0,3.0,,,RESOLVED_AGREEMENT,False,3,,,,
872f24f8483ce250c2e1,test,두부,T2 동의어,q_두부_02,두부 가게,식료품 중 '두부'를 판매·제공하는 매장,7c03234b-f3d9-445d-9d91-eb7f33451449,옛날식두부,두부,북구빛나는 골목형상점가,골목형상점가,광주광역시,3.0,3.0,,,RESOLVED_AGREEMENT,False,3,,,,
6135e5e4e1808c654cf4,test,두부,T2 동의어,q_두부_02,두부 가게,식료품 중 '두부'를 판매·제공하는 매장,05218ab9-95f3-4c7c-bff8-2abd592ab2d6,역전두부,두부,마산역번개시장,전통시장,경상남도,3.0,3.0,,,RESOLVED_AGREEMENT,False,3,,,,
424eb99cb40a540423ed,test,두부,T2 동의어,q_두부_02,두부 가게,식료품 중 '두부'를 판매·제공하는 매장,cd8a07d9-b273-4264-9915-b9a1c6bc2cd4,토석,두부,대림골목시장,전통시장,서울특별시,3.0,3.0,,,RESOLVED_AGREEMENT,False,3,,,,
c0db6963e525d9f7839c,test,두부,T2 동의어,q_두부_02,두부 가게,식료품 중 '두부'를 판매·제공하는 매장,b972b786-a2b9-4195-9aeb-02fa32432917,천안태초두부,두부,천안중앙시장,전통시장,충청남도,3.0,3.0,,,RESOLVED_AGREEMENT,False,3,,,,
f616b41da9893b1f565b,test,두부,T2 동의어,q_두부_02,두부 가게,식료품 중 '두부'를 판매·제공하는 매장,c641b9f3-b2e1-4220-b1be-7b610e5e16f1,중앙멸치,건어물 등,안양중앙인정시장,전통시장,경기도,0.0,0.0,,,RESOLVED_AGREEMENT,False,0,,,,
00682be0dbac36863dc4,test,두부,T2 동의어,q_두부_02,두부 가게,식료품 중 '두부'를 판매·제공하는 매장,014175c9-602a-451f-adb6-d2ae725ab204,맷돌수제두부(콩사랑순두부),,정자시장,전통시장,경기도,3.0,3.0,,,RESOLVED_AGREEMENT,False,3,,,,
938d11391d564981c392,test,두부,T2 동의어,q_두부_02,두부 가게,식료품 중 '두부'를 판매·제공하는 매장,48bcb55a-d9de-48c1-be9d-879a3b95fbbc,새두부,두부,원종중앙시장,전통시장,경기도,3.0,3.0,,,RESOLVED_AGREEMENT,False,3,,,,
e8b838ab992ee699f2d9,test,두부,T2 동의어,q_두부_02,두부 가게,식료품 중 '두부'를 판매·제공하는 매장,de3c9cc3-c685-4b25-942d-1c13a060b6ad,초원두부,두부,춘천동부시장,전통시장,강원특별자치도,3.0,3.0,,,RESOLVED_AGREEMENT,False,3,,,,
2170d1c3550f9a328f9c,test,두부,T2 동의어,q_두부_02,두부 가게,식료품 중 '두부'를 판매·제공하는 매장,ee6bc692-6f30-49cc-b349-b2ace7f9440b,가마솥두부,두부,신장전통시장,전통시장,경기도,3.0,3.0,,,RESOLVED_AGREEMENT,False,3,,,,
bcace868bb51606b0b11,test,두부,T2 동의어,q_두부_02,두부 가게,식료품 중 '두부'를 판매·제공하는 매장,6fee5688-d168-49c2-99a3-48ec4c5ef776,온두부,두부,산정상인회 골목형상점가,골목형상점가,,3.0,3.0,,,RESOLVED_AGREEMENT,False,3,,,,
06981c567b0751fc878d,test,두부,T2 동의어,q_두부_02,두부 가게,식료품 중 '두부'를 판매·제공하는 매장,34e5b307-1a67-45f3-9020-e0444096bddd,고향두부,두부,당감골목시장,전통시장,부산광역시,3.0,3.0,,,RESOLVED_AGREEMENT,False,3,,,,
682796bcaeee06f60cab,test,두부,T2 동의어,q_두부_02,두부 가게,식료품 중 '두부'를 판매·제공하는 매장,00faf8ae-f86f-4c14-86d8-5a72d4ee0e82,신선식품,두부제조,우리시장,자율상권구역,서울특별시,3.0,3.0,,,RESOLVED_AGREEMENT,False,3,,,,
beeb7b27de926d6b9960,test,두부,T2 동의어,q_두부_02,두부 가게,식료품 중 '두부'를 판매·제공하는 매장,d714d42d-30ee-466c-8225-46ef226bb860,새두부,두부,부천자유시장,전통시장,경기도,3.0,3.0,,,RESOLVED_AGREEMENT,False,3,,,,
704a76b2dd5f3ce9d6dc,test,두부,T2 동의어,q_두부_02,두부 가게,식료품 중 '두부'를 판매·제공하는 매장,0263f33e-0b98-4058-b3f0-068d677af362,북부자연식품,두부,창동신창시장,전통시장,서울특별시,3.0,3.0,,,RESOLVED_AGREEMENT,False,3,,,,
38218ca2ad49a825bfee,test,두부,T2 동의어,q_두부_02,두부 가게,식료품 중 '두부'를 판매·제공하는 매장,6de9480c-40e9-4045-988d-d16cf850b6ac,새두부,두부,남부골목시장,전통시장,서울특별시,3.0,3.0,,,RESOLVED_AGREEMENT,False,3,,,,
065c232b9c166ab3188d,test,두부,T2 동의어,q_두부_02,두부 가게,식료품 중 '두부'를 판매·제공하는 매장,4ba64ee1-e640-492c-9218-acf75c7459a0,우드구움,카페,태봉마을 골목형상점가,골목형상점가,경기도,0.0,0.0,,,RESOLVED_AGREEMENT,False,0,,,,
0361916d0c6cece13fa4,test,두부,T2 동의어,q_두부_02,두부 가게,식료품 중 '두부'를 판매·제공하는 매장,c55243c6-2178-4e06-b34b-25e99367bf86,엄정두부,두부,약수시장골목형상점가,골목형상점가,서울특별시,3.0,3.0,,,RESOLVED_AGREEMENT,False,3,,,,
c20adb87cbba57509aab,test,두부,T2 동의어,q_두부_02,두부 가게,식료품 중 '두부'를 판매·제공하는 매장,c15b7d24-b90f-4edb-a4d7-38d243dad39e,가게,담배,대명시장,전통시장,대구광역시,0.0,0.0,,,RESOLVED_AGREEMENT,False,0,,,,
d1f1b65477ca0adc808e,test,두부,T2 동의어,q_두부_02,두부 가게,식료품 중 '두부'를 판매·제공하는 매장,8b10bc5e-2eb8-4158-bde8-275a6f9af44c,하얀두부,두부,옛 경양방죽 골목형상점가,골목형상점가,광주광역시,3.0,3.0,,,RESOLVED_AGREEMENT,False,3,,,,
5bd67637265147f14a66,test,두부,T2 동의어,q_두부_02,두부 가게,식료품 중 '두부'를 판매·제공하는 매장,cf04fcd8-d670-4cfe-bc50-eb4d5e07fa95,거창두부,두부,거창 전통시장,전통시장,경상남도,3.0,3.0,,,RESOLVED_AGREEMENT,False,3,,,,
01170e8cfe800425cee4,test,두부,T2 동의어,q_두부_02,두부 가게,식료품 중 '두부'를 판매·제공하는 매장,3c9c9fff-c927-4a57-817e-f00ec93aa328,장금이네,한식,지동시장,전통시장,경기도,1.0,1.0,,,RESOLVED_AGREEMENT,False,1,,,,
39a1efe2c4785547e629,test,두부,T4 구어·문장,q_두부_03,두부 사고 싶어,식료품 중 '두부'를 판매·제공하는 매장,1c1ec1e4-5c81-4cb4-9e85-f49779e40603,흄카페,커피및음료,전평제상인회 골목형상점가,골목형상점가,광주광역시,0.0,0.0,,,RESOLVED_AGREEMENT,False,0,,,,
fffc4d6d8fe943bf72ea,test,두부,T4 구어·문장,q_두부_03,두부 사고 싶어,식료품 중 '두부'를 판매·제공하는 매장,6de9480c-40e9-4045-988d-d16cf850b6ac,새두부,두부,남부골목시장,전통시장,서울특별시,3.0,3.0,,,RESOLVED_AGREEMENT,False,3,,,,
863cc289af4b763cd41e,test,두부,T4 구어·문장,q_두부_03,두부 사고 싶어,식료품 중 '두부'를 판매·제공하는 매장,8d647fe3-6a7a-4e70-9b52-45d6d58f0061,가야,잡화,남대문시장,전통시장,서울특별시,0.0,0.0,,,RESOLVED_AGREEMENT,False,0,,,,
26f40756aa9fea998d57,test,두부,T4 구어·문장,q_두부_03,두부 사고 싶어,식료품 중 '두부'를 판매·제공하는 매장,5bab75de-06b1-4b59-8d9a-7395f4f0e10c,그린두부,두부,강릉성남시장,전통시장,강원특별자치도,3.0,3.0,,,RESOLVED_AGREEMENT,False,3,,,,
a46b5f99d87476baf6f8,test,두부,T4 구어·문장,q_두부_03,두부 사고 싶어,식료품 중 '두부'를 판매·제공하는 매장,d0740585-92d0-48ff-ad13-e7bdbab24b4a,할배,두부,안양남부시장,전통시장,경기도,3.0,3.0,,,RESOLVED_AGREEMENT,False,3,,,,
3422c859199150618c97,test,두부,T4 구어·문장,q_두부_03,두부 사고 싶어,식료품 중 '두부'를 판매·제공하는 매장,ab9c6969-da0a-43e1-be2e-3408a3b83706,서울두부,두부,달서시장,전통시장,대구광역시,3.0,3.0,,,RESOLVED_AGREEMENT,False,3,,,,
b5bb71c1fc1a15054815,test,두부,T4 구어·문장,q_두부_03,두부 사고 싶어,식료품 중 '두부'를 판매·제공하는 매장,cf04fcd8-d670-4cfe-bc50-eb4d5e07fa95,거창두부,두부,거창 전통시장,전통시장,경상남도,3.0,3.0,,,RESOLVED_AGREEMENT,False,3,,,,
5fc56020d0af5e0ee49d,test,두부,T4 구어·문장,q_두부_03,두부 사고 싶어,식료품 중 '두부'를 판매·제공하는 매장,dbd279d8-6c55-4375-a705-a775de3d5977,민속두부,두부,신영시장,전통시장,서울특별시,3.0,3.0,,,RESOLVED_AGREEMENT,False,3,,,,
83b0c830dbda4ac43950,test,두부,T4 구어·문장,q_두부_03,두부 사고 싶어,식료품 중 '두부'를 판매·제공하는 매장,098053d6-7aa0-4e83-b933-a36e74b1f2ce,이구두부,두부,관문상가시장,전통시장,대구광역시,3.0,3.0,,,RESOLVED_AGREEMENT,False,3,,,,
175403bb33c821f0f09b,test,두부,T4 구어·문장,q_두부_03,두부 사고 싶어,식료품 중 '두부'를 판매·제공하는 매장,f036eacc-02ab-4e37-b105-88467f31daa0,대인두부,두부,대인시장,전통시장,광주광역시,3.0,3.0,,,RESOLVED_AGREEMENT,False,3,,,,
a86f34eed62824c4a162,test,두부,T4 구어·문장,q_두부_03,두부 사고 싶어,식료품 중 '두부'를 판매·제공하는 매장,481fc4e7-045b-4fb3-bf0c-eba04e887be9,두붓집,두부,자양15번가골목형상점가,골목형상점가,서울특별시,3.0,3.0,,,RESOLVED_AGREEMENT,False,3,,,,
90bd2527f3c46e13124c,test,두부,T4 구어·문장,q_두부_03,두부 사고 싶어,식료품 중 '두부'를 판매·제공하는 매장,56518e37-15c9-4e7e-8e85-2f02143fac88,옛날두부,두부,온천인정시장,전통시장,부산광역시,3.0,3.0,,,RESOLVED_AGREEMENT,False,3,,,,
7c16076e6c5f8f27e436,test,두부,T4 구어·문장,q_두부_03,두부 사고 싶어,식료품 중 '두부'를 판매·제공하는 매장,f0bc7d99-f460-4dfc-9344-d6e5986bac5c,해냄식품,두부,고척근린시장,전통시장,서울특별시,3.0,3.0,,,RESOLVED_AGREEMENT,False,3,,,,
25145423a302ef353a4e,test,두부,T4 구어·문장,q_두부_03,두부 사고 싶어,식료품 중 '두부'를 판매·제공하는 매장,d2f0e99a-e525-496b-b1b2-e4772df0b782,즉석두부,두부,강화풍물시장,전통시장,인천광역시,3.0,3.0,,,RESOLVED_AGREEMENT,False,3,,,,
60a6e007fc69b5e8bb39,test,두부,T4 구어·문장,q_두부_03,두부 사고 싶어,식료품 중 '두부'를 판매·제공하는 매장,cd8a07d9-b273-4264-9915-b9a1c6bc2cd4,토석,두부,대림골목시장,전통시장,서울특별시,3.0,3.0,,,RESOLVED_AGREEMENT,False,3,,,,
763d5fe30b501d87d368,test,두부,T4 구어·문장,q_두부_03,두부 사고 싶어,식료품 중 '두부'를 판매·제공하는 매장,e449cd7b-a279-465b-8e49-550e12071dae,부부두부,두부,경창시장,전통시장,서울특별시,3.0,3.0,,,RESOLVED_AGREEMENT,False,3,,,,
23430df6d584e6b5b54c,test,두부,T4 구어·문장,q_두부_03,두부 사고 싶어,식료품 중 '두부'를 판매·제공하는 매장,57eb7206-4682-4981-9de4-2a54fecd2c98,사고 또 사고,약초,우림골목시장,전통시장,서울특별시,0.0,0.0,,,RESOLVED_AGREEMENT,False,0,,,,
6a7c8162a48e6a278007,test,두부,T4 구어·문장,q_두부_03,두부 사고 싶어,식료품 중 '두부'를 판매·제공하는 매장,c0289b47-4cd2-4923-ad52-bb7831d71ffd,고고두부,두부,테크노밸리 골목형상점가,골목형상점가,대전광역시,3.0,3.0,,,RESOLVED_AGREEMENT,False,3,,,,
242b5a61a28017d835a4,test,두부,T4 구어·문장,q_두부_03,두부 사고 싶어,식료품 중 '두부'를 판매·제공하는 매장,42e56e42-4cc7-4307-a015-62fec0a0d983,남동두부,두부,간석자유시장,전통시장,인천광역시,3.0,3.0,,,RESOLVED_AGREEMENT,False,3,,,,
7b1497d38918d7ce29fd,test,두부,T4 구어·문장,q_두부_03,두부 사고 싶어,식료품 중 '두부'를 판매·제공하는 매장,c2e0c2ff-cfcc-40de-9009-2ef3859711c0,영두부,두부,고리울동굴시장,전통시장,경기도,3.0,3.0,,,RESOLVED_AGREEMENT,False,3,,,,
c514be4f1a631737303d,test,두부,T4 구어·문장,q_두부_03,두부 사고 싶어,식료품 중 '두부'를 판매·제공하는 매장,02e6e7b8-1131-401d-b587-fcff8760568b,우영이네,두부,청주북부시장,전통시장,충청북도,3.0,3.0,,,RESOLVED_AGREEMENT,False,3,,,,
2c63279928dc9a69e636,test,두부,T4 구어·문장,q_두부_03,두부 사고 싶어,식료품 중 '두부'를 판매·제공하는 매장,1a4680e0-56b8-48f7-9e7d-951dffb05f6a,소담두부,두부,과천슈르탑 골목형상점가,골목형상점가,경기도,3.0,3.0,,,RESOLVED_AGREEMENT,False,3,,,,
c56bea602414c89be375,test,두부,T4 구어·문장,q_두부_03,두부 사고 싶어,식료품 중 '두부'를 판매·제공하는 매장,7037ed0a-974e-4944-955a-808b5b19a18d,율스토어,의류,메트로센터(반월당지하쇼핑),일반지하상점가,대구광역시,0.0,0.0,,,RESOLVED_AGREEMENT,False,0,,,,
c4d7ed37dff2eb46eb28,test,두부,T4 구어·문장,q_두부_03,두부 사고 싶어,식료품 중 '두부'를 판매·제공하는 매장,a505d310-e0a4-4ad8-9263-67554df6e2b7,대경두부,두부,법동시장,전통시장,대전광역시,3.0,3.0,,,RESOLVED_AGREEMENT,False,3,,,,
828505ac63612a2bec0d,test,두부,T4 구어·문장,q_두부_03,두부 사고 싶어,식료품 중 '두부'를 판매·제공하는 매장,7886f11b-0494-42be-9c5e-d68b5cc77937,대게클럽,한식(대게),민락수변공원 골목형상점가,골목형상점가,부산광역시,1.0,1.0,,,RESOLVED_AGREEMENT,False,1,,,,
13c45f93857964d4bf9d,test,두부,T4 구어·문장,q_두부_03,두부 사고 싶어,식료품 중 '두부'를 판매·제공하는 매장,00a74c3c-6931-4363-8806-0c064d828485,옛맷돌생즉석두부,두부,성정시장(구 성정5단지시장),전통시장,충청남도,3.0,3.0,,,RESOLVED_AGREEMENT,False,3,,,,
3d1a91d5d229d4f29b52,test,두부,T4 구어·문장,q_두부_03,두부 사고 싶어,식료품 중 '두부'를 판매·제공하는 매장,79a02ca8-fca4-4233-ae0b-5ca42a910e27,매일두부,두부,비단길현대시장,전통시장,서울특별시,3.0,3.0,,,RESOLVED_AGREEMENT,False,3,,,,
fb6cad6c94ba61d81d9b,test,두부,T4 구어·문장,q_두부_03,두부 사고 싶어,식료품 중 '두부'를 판매·제공하는 매장,f3c2d3c8-d60e-45b8-8712-e45c5c699309,예전두부,두부,수암상가시장,전통시장,울산광역시,3.0,3.0,,,RESOLVED_AGREEMENT,False,3,,,,
45e17593a8958385ccab,test,두부,T4 구어·문장,q_두부_03,두부 사고 싶어,식료품 중 '두부'를 판매·제공하는 매장,3f435949-0508-403d-9d84-e094f2b5e689,철이네 두부,두부,도마큰시장,전통시장,대전광역시,3.0,3.0,,,RESOLVED_AGREEMENT,False,3,,,,
86048997fb271e955ee0,test,두부,T4 구어·문장,q_두부_03,두부 사고 싶어,식료품 중 '두부'를 판매·제공하는 매장,360dadf6-5a0d-4e00-918f-d466e39e7e9a,승일두부,두부,안양관양시장,전통시장,경기도,3.0,3.0,,,RESOLVED_AGREEMENT,False,3,,,,
367e5b8ef3d2217919a8,test,두부,T4 구어·문장,q_두부_03,두부 사고 싶어,식료품 중 '두부'를 판매·제공하는 매장,ee6b54a3-321e-401e-8f14-1e9502b7b83f,장수두부,두부,원당시장(구 원당전통시장),전통시장,경기도,3.0,3.0,,,RESOLVED_AGREEMENT,False,3,,,,
df95cb7270c1f34adafe,test,두부,T4 구어·문장,q_두부_03,두부 사고 싶어,식료품 중 '두부'를 판매·제공하는 매장,7734ca82-a418-40fa-8351-e2ea23b58a20,착한두부,두부,대동한마음 골목형상점가,골목형상점가,울산광역시,3.0,3.0,,,RESOLVED_AGREEMENT,False,3,,,,
672da4f49ecc96c49286,test,두부,T4 구어·문장,q_두부_03,두부 사고 싶어,식료품 중 '두부'를 판매·제공하는 매장,889e86cd-5516-45c8-b45c-d7eff0b80820,삼례두부,두부,삼례상점가,자율상권구역,전북특별자치도,3.0,3.0,,,RESOLVED_AGREEMENT,False,3,,,,
0300887a24fca5a44f3c,test,두부,T4 구어·문장,q_두부_03,두부 사고 싶어,식료품 중 '두부'를 판매·제공하는 매장,d714d42d-30ee-466c-8225-46ef226bb860,새두부,두부,부천자유시장,전통시장,경기도,3.0,3.0,,,RESOLVED_AGREEMENT,False,3,,,,
e0b716f9d5aa5d1e4880,test,두부,T4 구어·문장,q_두부_03,두부 사고 싶어,식료품 중 '두부'를 판매·제공하는 매장,de3c9cc3-c685-4b25-942d-1c13a060b6ad,초원두부,두부,춘천동부시장,전통시장,강원특별자치도,3.0,3.0,,,RESOLVED_AGREEMENT,False,3,,,,
68d499eb0724d607c493,test,두부,T4 구어·문장,q_두부_03,두부 사고 싶어,식료품 중 '두부'를 판매·제공하는 매장,1eb76174-e588-4401-b98a-1b0dc8f2e7e8,정두부,두부,다정중앙 골목형상점가,골목형상점가,세종특별자치시,3.0,3.0,,,RESOLVED_AGREEMENT,False,3,,,,
9533d92479a1d2db1462,test,두부,T4 구어·문장,q_두부_03,두부 사고 싶어,식료품 중 '두부'를 판매·제공하는 매장,43325eb1-36cd-4298-b4a2-0836427fcc29,현풍두부,두부,현풍백년도깨비시장,전통시장,대구광역시,3.0,3.0,,,RESOLVED_AGREEMENT,False,3,,,,
9b1c5add02a981db5301,test,두부,T4 구어·문장,q_두부_03,두부 사고 싶어,식료품 중 '두부'를 판매·제공하는 매장,4f580439-e2db-485c-ae7f-18d9ee41a805,부자두부,두부,신평리시장,전통시장,대구광역시,3.0,3.0,,,RESOLVED_AGREEMENT,False,3,,,,
94725bd6f332a4bfb9ec,test,두부,T4 구어·문장,q_두부_03,두부 사고 싶어,식료품 중 '두부'를 판매·제공하는 매장,014175c9-602a-451f-adb6-d2ae725ab204,맷돌수제두부(콩사랑순두부),,정자시장,전통시장,경기도,3.0,3.0,,,RESOLVED_AGREEMENT,False,3,,,,
0b054a5d02670d5bad71,test,두부,T4 구어·문장,q_두부_03,두부 사고 싶어,식료품 중 '두부'를 판매·제공하는 매장,0ea3bd90-9a0c-449d-8d74-360a0a76d94f,사가정두부,두부,사가정시장,전통시장,서울특별시,3.0,3.0,,,RESOLVED_AGREEMENT,False,3,,,,
cde1f181bfba95835bf6,test,두부,T4 구어·문장,q_두부_03,두부 사고 싶어,식료품 중 '두부'를 판매·제공하는 매장,7893cd83-4173-4f62-8f70-979d02d2e321,미성두부,두부,월배시장,전통시장,대구광역시,3.0,3.0,,,RESOLVED_AGREEMENT,False,3,,,,
24c17df10f912e9b69f5,test,두부,T4 구어·문장,q_두부_03,두부 사고 싶어,식료품 중 '두부'를 판매·제공하는 매장,81624cd0-b481-40ba-90fc-837d3b32c49f,금성침대,가구,전주가구거리상점가,자율상권구역,전북특별자치도,0.0,0.0,,,RESOLVED_AGREEMENT,False,0,,,,
44f0aed834d93c3bcf7c,test,두부,T4 구어·문장,q_두부_03,두부 사고 싶어,식료품 중 '두부'를 판매·제공하는 매장,00faf8ae-f86f-4c14-86d8-5a72d4ee0e82,신선식품,두부제조,우리시장,자율상권구역,서울특별시,3.0,3.0,,,RESOLVED_AGREEMENT,False,3,,,,
807d6e393497ab359c18,test,두부,T4 구어·문장,q_두부_03,두부 사고 싶어,식료품 중 '두부'를 판매·제공하는 매장,48bcb55a-d9de-48c1-be9d-879a3b95fbbc,새두부,두부,원종중앙시장,전통시장,경기도,3.0,3.0,,,RESOLVED_AGREEMENT,False,3,,,,
26134b2331b0b9cc8084,test,두부,T4 구어·문장,q_두부_03,두부 사고 싶어,식료품 중 '두부'를 판매·제공하는 매장,efe1e70a-8051-4699-bbca-169b0408595c,두부한모,두부,봉일천전통시장,전통시장,경기도,3.0,3.0,,,RESOLVED_AGREEMENT,False,3,,,,
01b7a06a4ae2d51ee02b,test,두부,T4 구어·문장,q_두부_03,두부 사고 싶어,식료품 중 '두부'를 판매·제공하는 매장,05218ab9-95f3-4c7c-bff8-2abd592ab2d6,역전두부,두부,마산역번개시장,전통시장,경상남도,3.0,3.0,,,RESOLVED_AGREEMENT,False,3,,,,
b3a670643eaace89d116,test,두부,T4 구어·문장,q_두부_03,두부 사고 싶어,식료품 중 '두부'를 판매·제공하는 매장,00370e92-787b-44c8-a4cb-e87c3185e811,콩사랑즉석두부,두부,남부시장,전통시장,경상북도,3.0,3.0,,,RESOLVED_AGREEMENT,False,3,,,,
a8c3525e6b7428ade0f5,test,두부,T4 구어·문장,q_두부_03,두부 사고 싶어,식료품 중 '두부'를 판매·제공하는 매장,df151aff-f1e7-45a4-85bd-fa576b442391,콩심이 두부,두부,벌교매일시장,전통시장,전라남도,3.0,3.0,,,RESOLVED_AGREEMENT,False,3,,,,
272414474ff0d1f76550,test,두부,T4 구어·문장,q_두부_03,두부 사고 싶어,식료품 중 '두부'를 판매·제공하는 매장,e1b0c297-7a72-457c-a8ff-1f56da8bbb78,오늘은 두부,두부,새호반 골목형상점가,골목형상점가,세종특별자치시,3.0,3.0,,,RESOLVED_AGREEMENT,False,3,,,,
2735c549473d7b4a924f,test,두부,T4 구어·문장,q_두부_03,두부 사고 싶어,식료품 중 '두부'를 판매·제공하는 매장,7c03234b-f3d9-445d-9d91-eb7f33451449,옛날식두부,두부,북구빛나는 골목형상점가,골목형상점가,광주광역시,3.0,3.0,,,RESOLVED_AGREEMENT,False,3,,,,
3d418e0fc46bac16bb99,test,두부,T4 구어·문장,q_두부_03,두부 사고 싶어,식료품 중 '두부'를 판매·제공하는 매장,b972b786-a2b9-4195-9aeb-02fa32432917,천안태초두부,두부,천안중앙시장,전통시장,충청남도,3.0,3.0,,,RESOLVED_AGREEMENT,False,3,,,,
5755f004c51a571c6954,test,두부,T4 구어·문장,q_두부_03,두부 사고 싶어,식료품 중 '두부'를 판매·제공하는 매장,d9406998-e5bd-456a-a585-174bdbada603,즉석총각두부,두부,천안중앙시장,전통시장,충청남도,3.0,3.0,,,RESOLVED_AGREEMENT,False,3,,,,
aa1c307e2ac2b8f31271,test,두부,T4 구어·문장,q_두부_03,두부 사고 싶어,식료품 중 '두부'를 판매·제공하는 매장,ffa4aba4-3f50-48ea-adb1-7e0e3f7b35d8,착한두부,두부,북수원시장( 구 파장시장),전통시장,경기도,3.0,3.0,,,RESOLVED_AGREEMENT,False,3,,,,
d408dd965317d7eaca77,test,두부,T4 구어·문장,q_두부_03,두부 사고 싶어,식료품 중 '두부'를 판매·제공하는 매장,7ffac89b-6738-49f0-b68e-0999b352d78c,신선두부,두부,도봉산옛길골목형상점가,골목형상점가,서울특별시,3.0,3.0,,,RESOLVED_AGREEMENT,False,3,,,,
bbc6e3c221bdd906f2d2,test,두부,T4 구어·문장,q_두부_03,두부 사고 싶어,식료품 중 '두부'를 판매·제공하는 매장,c5febe51-11bf-4ab5-a557-0631a07d495a,거성 즉석 두부,두부,대명시장,전통시장,대구광역시,3.0,3.0,,,RESOLVED_AGREEMENT,False,3,,,,
f323f0db7ac02420fcf5,test,두부,T4 구어·문장,q_두부_03,두부 사고 싶어,식료품 중 '두부'를 판매·제공하는 매장,c4826530-1a06-468b-ad0f-af7500117ab3,드오로,여성의류,화정꽃마을상인회 골목형상점가,골목형상점가,광주광역시,0.0,0.0,,,RESOLVED_AGREEMENT,False,0,,,,
b92a73334be2690bb6f3,test,두부,T4 구어·문장,q_두부_03,두부 사고 싶어,식료품 중 '두부'를 판매·제공하는 매장,dae1d6a1-6523-427e-9f4d-e3ad91073096,더두부,두부 순두부,춘천번개시장,전통시장,강원특별자치도,3.0,3.0,,,RESOLVED_AGREEMENT,False,3,,,,
a7c82373eebb25e8c69a,test,두부,T4 구어·문장,q_두부_03,두부 사고 싶어,식료품 중 '두부'를 판매·제공하는 매장,d43529bb-5a2c-474a-8cae-a2101fae1d42,백세두부,두부,대해불빛시장(대해종합시장),전통시장,경상북도,3.0,3.0,,,RESOLVED_AGREEMENT,False,3,,,,
20cac3f0d3aeb639e757,test,두부,T4 구어·문장,q_두부_03,두부 사고 싶어,식료품 중 '두부'를 판매·제공하는 매장,036eaa8b-6dae-40b2-9cf2-a700436aa858,참맛두부,두부,원종고강제일시장(부천제일시장),전통시장,경기도,3.0,3.0,,,RESOLVED_AGREEMENT,False,3,,,,
5fbedc27eb9295085a4d,test,두부,T4 구어·문장,q_두부_03,두부 사고 싶어,식료품 중 '두부'를 판매·제공하는 매장,2be2ec68-4388-431f-8a2f-a5e57b1b0cc7,두부촌,두부,창원 소계옛길시장,전통시장,경상남도,3.0,3.0,,,RESOLVED_AGREEMENT,False,3,,,,
0917d94548f05a575a1e,test,두부,T4 구어·문장,q_두부_03,두부 사고 싶어,식료품 중 '두부'를 판매·제공하는 매장,63ed6194-b5eb-4780-a784-eb60effa1ad4,즉석두부,두부,태평시장,전통시장,대전광역시,3.0,3.0,,,RESOLVED_AGREEMENT,False,3,,,,
8a6ef56c202c8920b991,test,두부,T4 구어·문장,q_두부_03,두부 사고 싶어,식료품 중 '두부'를 판매·제공하는 매장,4f2775fb-cf32-47c8-8961-01b00e82cf42,짱두부,두부,의왕예술의거리골목형상점가,골목형상점가,경기도,3.0,3.0,,,RESOLVED_AGREEMENT,False,3,,,,
fd2b8b4142e83ef90c03,test,두부,T4 구어·문장,q_두부_03,두부 사고 싶어,식료품 중 '두부'를 판매·제공하는 매장,6fee5688-d168-49c2-99a3-48ec4c5ef776,온두부,두부,산정상인회 골목형상점가,골목형상점가,,3.0,3.0,,,RESOLVED_AGREEMENT,False,3,,,,
7584cf85ce67f31531b9,test,두부,T4 구어·문장,q_두부_03,두부 사고 싶어,식료품 중 '두부'를 판매·제공하는 매장,69a94f8f-2725-4df2-9d1e-cb4628548927,한뚜부,두부,박달시장,전통시장,경기도,3.0,3.0,,,RESOLVED_AGREEMENT,False,3,,,,
9781a9d768fcb0a5ba06,test,두부,T4 구어·문장,q_두부_03,두부 사고 싶어,식료품 중 '두부'를 판매·제공하는 매장,000cb355-aef1-4aaf-8fb2-cb3f9fd94624,시골즉석두부,두부,신장전통시장,전통시장,경기도,3.0,3.0,,,RESOLVED_AGREEMENT,False,3,,,,
8f56a614e22fdd0b9b6c,test,두부,T4 구어·문장,q_두부_03,두부 사고 싶어,식료품 중 '두부'를 판매·제공하는 매장,dfdf037d-4ea0-469e-91d8-b7b0dfad7d7e,즉석총각두부,두부,"온양온천시장(온양재래시장, 전통시장)",전통시장,충청남도,3.0,3.0,,,RESOLVED_AGREEMENT,False,3,,,,
744a9098e7d11339b55f,test,두부,T4 구어·문장,q_두부_03,두부 사고 싶어,식료품 중 '두부'를 판매·제공하는 매장,c2ca2f7e-7e0a-4102-a6a8-488faada2284,태백활어,활어,마산어시장,전통시장,경상남도,0.0,0.0,,,RESOLVED_AGREEMENT,False,0,,,,
279fe2c058e655e2885a,test,두부,T4 구어·문장,q_두부_03,두부 사고 싶어,식료품 중 '두부'를 판매·제공하는 매장,ff645999-5e11-41f5-9848-325dcf5f2be5,건강두부,두부,화서시장,전통시장,경기도,3.0,3.0,,,RESOLVED_AGREEMENT,False,3,,,,
b547b9aea1524e9e6bb6,test,두부,T4 구어·문장,q_두부_03,두부 사고 싶어,식료품 중 '두부'를 판매·제공하는 매장,3b80a003-4257-4cc1-b39b-11ed041edf74,여포두부,두부,통영중앙전통시장,전통시장,경상남도,3.0,3.0,,,RESOLVED_AGREEMENT,False,3,,,,
107c4b21378b5e78a8a6,test,두부,T4 구어·문장,q_두부_03,두부 사고 싶어,식료품 중 '두부'를 판매·제공하는 매장,702fc264-4ba0-4bec-b1aa-b12b8b2a307b,맛촌두부,두부,비단길현대시장,전통시장,서울특별시,3.0,3.0,,,RESOLVED_AGREEMENT,False,3,,,,
cbdafc622db9569a7e53,test,두부,T4 구어·문장,q_두부_03,두부 사고 싶어,식료품 중 '두부'를 판매·제공하는 매장,0263f33e-0b98-4058-b3f0-068d677af362,북부자연식품,두부,창동신창시장,전통시장,서울특별시,3.0,3.0,,,RESOLVED_AGREEMENT,False,3,,,,
6ac337caccc5f2ea61de,test,두부,T4 구어·문장,q_두부_03,두부 사고 싶어,식료품 중 '두부'를 판매·제공하는 매장,6cb0e649-cf8f-4316-b0fc-8165d779ae8b,대림두부,두부,대림중앙시장,전통시장,서울특별시,3.0,3.0,,,RESOLVED_AGREEMENT,False,3,,,,
a065b1db6f93f7f69c49,test,두부,T4 구어·문장,q_두부_03,두부 사고 싶어,식료품 중 '두부'를 판매·제공하는 매장,b8a53820-000e-42e0-9ec5-88acbcb09761,천수두부,두부,포항 대이상가 골목형상점가,골목형상점가,경상북도,3.0,3.0,,,RESOLVED_AGREEMENT,False,3,,,,
c82b155876b4bd5b9a7c,test,두부,T4 구어·문장,q_두부_03,두부 사고 싶어,식료품 중 '두부'를 판매·제공하는 매장,dc90a5aa-bfb2-401f-8728-5f220eed1b9b,두부온,두부,"온양온천시장(온양재래시장, 전통시장)",전통시장,충청남도,3.0,3.0,,,RESOLVED_AGREEMENT,False,3,,,,
72a7a4b7ddde1fb8b734,test,두부,T4 구어·문장,q_두부_03,두부 사고 싶어,식료품 중 '두부'를 판매·제공하는 매장,d8bfeb7f-b2b6-4913-a4bd-bd48c4aa88d9,사고 또 사고,과일 외,안양중앙시장,전통시장,경기도,0.0,0.0,,,RESOLVED_AGREEMENT,False,0,,,,
b8d696f9f82ba6808aa4,test,두부,T4 구어·문장,q_두부_03,두부 사고 싶어,식료품 중 '두부'를 판매·제공하는 매장,7cbb53bf-abf1-4deb-a80f-45ad7bf8b1b7,수아두부,두부,부곡시장,전통시장,부산광역시,3.0,3.0,,,RESOLVED_AGREEMENT,False,3,,,,
0806c5bcd290dd543df0,test,두부,T4 구어·문장,q_두부_03,두부 사고 싶어,식료품 중 '두부'를 판매·제공하는 매장,54ad8e52-01fe-4f03-b15a-ecb2ea5f217e,민속두부,두부,까치산시장,전통시장,서울특별시,3.0,3.0,,,RESOLVED_AGREEMENT,False,3,,,,
850df546700cfa29f573,test,두부,T4 구어·문장,q_두부_03,두부 사고 싶어,식료품 중 '두부'를 판매·제공하는 매장,8b10bc5e-2eb8-4158-bde8-275a6f9af44c,하얀두부,두부,옛 경양방죽 골목형상점가,골목형상점가,광주광역시,3.0,3.0,,,RESOLVED_AGREEMENT,False,3,,,,
2f634523b0fbba905f4f,test,두부,T4 구어·문장,q_두부_03,두부 사고 싶어,식료품 중 '두부'를 판매·제공하는 매장,70581383-9116-4df5-84ae-5d6951aa094b,부평복음서점,도서 성경 찬송 기독교 용품 액자 기타 물품,백년소상공인,기타,인천광역시,0.0,0.0,,,RESOLVED_AGREEMENT,False,0,,,,
cc15677763fe85018788,test,두부,T4 구어·문장,q_두부_03,두부 사고 싶어,식료품 중 '두부'를 판매·제공하는 매장,36cc5e6d-c336-4062-b59b-76eb34e91dd8,인생두부,두부,까치산시장,전통시장,서울특별시,3.0,3.0,,,RESOLVED_AGREEMENT,False,3,,,,
65111ee9dc1846c94534,test,두부,T4 구어·문장,q_두부_03,두부 사고 싶어,식료품 중 '두부'를 판매·제공하는 매장,f42cc7b0-44ac-4ff0-947f-eddfc14e47e7,만덕두부,두부,만덕2동제일상가시장,전통시장,부산광역시,3.0,3.0,,,RESOLVED_AGREEMENT,False,3,,,,
edb843d99ae82578545d,test,두부,T4 구어·문장,q_두부_04,두부 살 데,식료품 중 '두부'를 판매·제공하는 매장,1a4680e0-56b8-48f7-9e7d-951dffb05f6a,소담두부,두부,과천슈르탑 골목형상점가,골목형상점가,경기도,3.0,3.0,,,RESOLVED_AGREEMENT,False,3,,,,
1473994b248e02bc0efe,test,두부,T4 구어·문장,q_두부_04,두부 살 데,식료품 중 '두부'를 판매·제공하는 매장,7893cd83-4173-4f62-8f70-979d02d2e321,미성두부,두부,월배시장,전통시장,대구광역시,3.0,3.0,,,RESOLVED_AGREEMENT,False,3,,,,
6e7e44d009de8c638d75,test,두부,T4 구어·문장,q_두부_04,두부 살 데,식료품 중 '두부'를 판매·제공하는 매장,481fc4e7-045b-4fb3-bf0c-eba04e887be9,두붓집,두부,자양15번가골목형상점가,골목형상점가,서울특별시,3.0,3.0,,,RESOLVED_AGREEMENT,False,3,,,,
f6b5ba7eff1b65f29583,test,두부,T4 구어·문장,q_두부_04,두부 살 데,식료품 중 '두부'를 판매·제공하는 매장,8b10bc5e-2eb8-4158-bde8-275a6f9af44c,하얀두부,두부,옛 경양방죽 골목형상점가,골목형상점가,광주광역시,3.0,3.0,,,RESOLVED_AGREEMENT,False,3,,,,
6da54f94e1b1a9f86f7b,test,두부,T4 구어·문장,q_두부_04,두부 살 데,식료품 중 '두부'를 판매·제공하는 매장,3b80a003-4257-4cc1-b39b-11ed041edf74,여포두부,두부,통영중앙전통시장,전통시장,경상남도,3.0,3.0,,,RESOLVED_AGREEMENT,False,3,,,,
8b14b9c8143511df896e,test,두부,T4 구어·문장,q_두부_04,두부 살 데,식료품 중 '두부'를 판매·제공하는 매장,2bb95c2f-8f0a-475d-bb7c-dc28f1a2b0f1,선이네인삼튀김,,금산수삼센터,전통시장,충청남도,0.0,0.0,,,RESOLVED_AGREEMENT,False,0,,,,
8627f333e38e714d76de,test,두부,T4 구어·문장,q_두부_04,두부 살 데,식료품 중 '두부'를 판매·제공하는 매장,d43529bb-5a2c-474a-8cae-a2101fae1d42,백세두부,두부,대해불빛시장(대해종합시장),전통시장,경상북도,3.0,3.0,,,RESOLVED_AGREEMENT,False,3,,,,
e5438421d4e8d679c8f9,test,두부,T4 구어·문장,q_두부_04,두부 살 데,식료품 중 '두부'를 판매·제공하는 매장,dae1d6a1-6523-427e-9f4d-e3ad91073096,더두부,두부 순두부,춘천번개시장,전통시장,강원특별자치도,3.0,3.0,,,RESOLVED_AGREEMENT,False,3,,,,
f217b319d6d3fb2925a6,test,두부,T4 구어·문장,q_두부_04,두부 살 데,식료품 중 '두부'를 판매·제공하는 매장,c43e54d6-4fa8-4477-8fae-98942285f754,맛집두부,두부,용산용문시장,전통시장,서울특별시,3.0,3.0,,,RESOLVED_AGREEMENT,False,3,,,,
15514827632cd71d2a89,test,두부,T4 구어·문장,q_두부_04,두부 살 데,식료품 중 '두부'를 판매·제공하는 매장,63eaad17-e700-4b0b-8b9b-1eb5cb9ba6c7,즉석두부,두부,금산금빛시장(금산시장),전통시장,충청남도,3.0,3.0,,,RESOLVED_AGREEMENT,False,3,,,,
7673d6a39a46fb626e08,test,두부,T4 구어·문장,q_두부_04,두부 살 데,식료품 중 '두부'를 판매·제공하는 매장,df151aff-f1e7-45a4-85bd-fa576b442391,콩심이 두부,두부,벌교매일시장,전통시장,전라남도,3.0,3.0,,,RESOLVED_AGREEMENT,False,3,,,,
bcf6760b098028b95a2c,test,두부,T4 구어·문장,q_두부_04,두부 살 데,식료품 중 '두부'를 판매·제공하는 매장,f42cc7b0-44ac-4ff0-947f-eddfc14e47e7,만덕두부,두부,만덕2동제일상가시장,전통시장,부산광역시,3.0,3.0,,,RESOLVED_AGREEMENT,False,3,,,,
c6f62ecc76f0a8d2b2e6,test,두부,T4 구어·문장,q_두부_04,두부 살 데,식료품 중 '두부'를 판매·제공하는 매장,c0289b47-4cd2-4923-ad52-bb7831d71ffd,고고두부,두부,테크노밸리 골목형상점가,골목형상점가,대전광역시,3.0,3.0,,,RESOLVED_AGREEMENT,False,3,,,,
9df01ae78ada477a6fd7,test,두부,T4 구어·문장,q_두부_04,두부 살 데,식료품 중 '두부'를 판매·제공하는 매장,dfdf037d-4ea0-469e-91d8-b7b0dfad7d7e,즉석총각두부,두부,"온양온천시장(온양재래시장, 전통시장)",전통시장,충청남도,3.0,3.0,,,RESOLVED_AGREEMENT,False,3,,,,
41f3d79d09aaa3b6a475,test,두부,T4 구어·문장,q_두부_04,두부 살 데,식료품 중 '두부'를 판매·제공하는 매장,000cb355-aef1-4aaf-8fb2-cb3f9fd94624,시골즉석두부,두부,신장전통시장,전통시장,경기도,3.0,3.0,,,RESOLVED_AGREEMENT,False,3,,,,
261587b835c5add61f83,test,두부,T4 구어·문장,q_두부_04,두부 살 데,식료품 중 '두부'를 판매·제공하는 매장,23dc11bf-f3a9-4e7c-a33d-16df2dc8ef29,예스카,자동차용품 자동차부분정비업,송천동1가 골목형상점가,골목형상점가,전북특별자치도,0.0,0.0,,,RESOLVED_AGREEMENT,False,0,,,,
a30c541f9606c346baf9,test,두부,T4 구어·문장,q_두부_04,두부 살 데,식료품 중 '두부'를 판매·제공하는 매장,efe1e70a-8051-4699-bbca-169b0408595c,두부한모,두부,봉일천전통시장,전통시장,경기도,3.0,3.0,,,RESOLVED_AGREEMENT,False,3,,,,
265b39b92dba8cbe4a1a,test,두부,T4 구어·문장,q_두부_04,두부 살 데,식료품 중 '두부'를 판매·제공하는 매장,56518e37-15c9-4e7e-8e85-2f02143fac88,옛날두부,두부,온천인정시장,전통시장,부산광역시,3.0,3.0,,,RESOLVED_AGREEMENT,False,3,,,,
253d7692c2bb5716874a,test,두부,T4 구어·문장,q_두부_04,두부 살 데,식료품 중 '두부'를 판매·제공하는 매장,48bcb55a-d9de-48c1-be9d-879a3b95fbbc,새두부,두부,원종중앙시장,전통시장,경기도,3.0,3.0,,,RESOLVED_AGREEMENT,False,3,,,,
7de3c29868e105aa00e4,test,두부,T4 구어·문장,q_두부_04,두부 살 데,식료품 중 '두부'를 판매·제공하는 매장,d714d42d-30ee-466c-8225-46ef226bb860,새두부,두부,부천자유시장,전통시장,경기도,3.0,3.0,,,RESOLVED_AGREEMENT,False,3,,,,
0868d379682a7cb3198d,test,두부,T4 구어·문장,q_두부_04,두부 살 데,식료품 중 '두부'를 판매·제공하는 매장,4f2775fb-cf32-47c8-8961-01b00e82cf42,짱두부,두부,의왕예술의거리골목형상점가,골목형상점가,경기도,3.0,3.0,,,RESOLVED_AGREEMENT,False,3,,,,
d27ac153750fd5d81f85,test,두부,T4 구어·문장,q_두부_04,두부 살 데,식료품 중 '두부'를 판매·제공하는 매장,c2e0c2ff-cfcc-40de-9009-2ef3859711c0,영두부,두부,고리울동굴시장,전통시장,경기도,3.0,3.0,,,RESOLVED_AGREEMENT,False,3,,,,
54458306dddb8d29da0f,test,두부,T4 구어·문장,q_두부_04,두부 살 데,식료품 중 '두부'를 판매·제공하는 매장,0f195f8b-2020-4289-9e3e-de86e49505e0,새영동숯불갈비,소고기 돼지고기,약선음식거리 자율상권구역,,충청북도,0.0,0.0,,,RESOLVED_AGREEMENT,False,0,,,,
b85d26a5ca60dbc1bb21,test,두부,T4 구어·문장,q_두부_04,두부 살 데,식료품 중 '두부'를 판매·제공하는 매장,ca20cf24-f31f-4e23-afdd-4f21ac2b20e7,디어렙 세종보람,애완용 동물 용품소매,보람동 골목형상점가,골목형상점가,세종특별자치시,0.0,0.0,,,RESOLVED_AGREEMENT,False,0,,,,
6a5db4535fe67cb3f939,test,두부,T4 구어·문장,q_두부_04,두부 살 데,식료품 중 '두부'를 판매·제공하는 매장,90e021db-7662-4bbf-a884-9bf19f998cda,설원칡냉면 광명시장점,분식,광명전통시장,전통시장,경기도,0.0,0.0,,,RESOLVED_AGREEMENT,False,0,,,,
70a9f8e6d0f1f36261b3,test,두부,T4 구어·문장,q_두부_04,두부 살 데,식료품 중 '두부'를 판매·제공하는 매장,6cb0e649-cf8f-4316-b0fc-8165d779ae8b,대림두부,두부,대림중앙시장,전통시장,서울특별시,3.0,3.0,,,RESOLVED_AGREEMENT,False,3,,,,
cb75963a5d49778d3d2a,test,두부,T4 구어·문장,q_두부_04,두부 살 데,식료품 중 '두부'를 판매·제공하는 매장,e449cd7b-a279-465b-8e49-550e12071dae,부부두부,두부,경창시장,전통시장,서울특별시,3.0,3.0,,,RESOLVED_AGREEMENT,False,3,,,,
c5f0e782701b5895d9ef,test,두부,T4 구어·문장,q_두부_04,두부 살 데,식료품 중 '두부'를 판매·제공하는 매장,e03a1e96-4ebf-476d-95c2-0c949b643598,제일두부,두부,거창 전통시장,전통시장,경상남도,3.0,3.0,,,RESOLVED_AGREEMENT,False,3,,,,
9a74e4a4b049e6938b7e,test,두부,T4 구어·문장,q_두부_04,두부 살 데,식료품 중 '두부'를 판매·제공하는 매장,b8a53820-000e-42e0-9ec5-88acbcb09761,천수두부,두부,포항 대이상가 골목형상점가,골목형상점가,경상북도,3.0,3.0,,,RESOLVED_AGREEMENT,False,3,,,,
0dce91232255e6a18360,test,두부,T4 구어·문장,q_두부_04,두부 살 데,식료품 중 '두부'를 판매·제공하는 매장,4f580439-e2db-485c-ae7f-18d9ee41a805,부자두부,두부,신평리시장,전통시장,대구광역시,3.0,3.0,,,RESOLVED_AGREEMENT,False,3,,,,
7fc41fd971ce3877b448,test,두부,T4 구어·문장,q_두부_04,두부 살 데,식료품 중 '두부'를 판매·제공하는 매장,00a74c3c-6931-4363-8806-0c064d828485,옛맷돌생즉석두부,두부,성정시장(구 성정5단지시장),전통시장,충청남도,3.0,3.0,,,RESOLVED_AGREEMENT,False,3,,,,
7a88c4dc31c16b603526,test,두부,T4 구어·문장,q_두부_04,두부 살 데,식료품 중 '두부'를 판매·제공하는 매장,e1b0c297-7a72-457c-a8ff-1f56da8bbb78,오늘은 두부,두부,새호반 골목형상점가,골목형상점가,세종특별자치시,3.0,3.0,,,RESOLVED_AGREEMENT,False,3,,,,
78ebe98e49739c8f5e2d,test,두부,T4 구어·문장,q_두부_04,두부 살 데,식료품 중 '두부'를 판매·제공하는 매장,ab9c6969-da0a-43e1-be2e-3408a3b83706,서울두부,두부,달서시장,전통시장,대구광역시,3.0,3.0,,,RESOLVED_AGREEMENT,False,3,,,,
8d8ce2ab55309be3b88b,test,두부,T4 구어·문장,q_두부_04,두부 살 데,식료품 중 '두부'를 판매·제공하는 매장,098053d6-7aa0-4e83-b933-a36e74b1f2ce,이구두부,두부,관문상가시장,전통시장,대구광역시,3.0,3.0,,,RESOLVED_AGREEMENT,False,3,,,,
34468d4d207aeeabb983,test,두부,T4 구어·문장,q_두부_04,두부 살 데,식료품 중 '두부'를 판매·제공하는 매장,7c03234b-f3d9-445d-9d91-eb7f33451449,옛날식두부,두부,북구빛나는 골목형상점가,골목형상점가,광주광역시,3.0,3.0,,,RESOLVED_AGREEMENT,False,3,,,,
933b6d83c907d0c182ae,test,두부,T4 구어·문장,q_두부_04,두부 살 데,식료품 중 '두부'를 판매·제공하는 매장,48ba07cc-b75b-4b6b-a20c-a230f90c3866,포천두부,두부,남부골목시장,전통시장,서울특별시,3.0,3.0,,,RESOLVED_AGREEMENT,False,3,,,,
4bfee3cfdcabe5527c0d,test,두부,T4 구어·문장,q_두부_04,두부 살 데,식료품 중 '두부'를 판매·제공하는 매장,dae924ec-9ecb-4879-871b-e4baa4d381a3,만나두부,두부,중리시장,전통시장,대전광역시,3.0,3.0,,,RESOLVED_AGREEMENT,False,3,,,,
b0637abed64b773a83d1,test,두부,T4 구어·문장,q_두부_04,두부 살 데,식료품 중 '두부'를 판매·제공하는 매장,00faf8ae-f86f-4c14-86d8-5a72d4ee0e82,신선식품,두부제조,우리시장,자율상권구역,서울특별시,3.0,3.0,,,RESOLVED_AGREEMENT,False,3,,,,
853b9b3f344a95b425d0,test,두부,T4 구어·문장,q_두부_04,두부 살 데,식료품 중 '두부'를 판매·제공하는 매장,3f435949-0508-403d-9d84-e094f2b5e689,철이네 두부,두부,도마큰시장,전통시장,대전광역시,3.0,3.0,,,RESOLVED_AGREEMENT,False,3,,,,
d278c1a1bf1c128bb4c0,test,두부,T4 구어·문장,q_두부_04,두부 살 데,식료품 중 '두부'를 판매·제공하는 매장,0263f33e-0b98-4058-b3f0-068d677af362,북부자연식품,두부,창동신창시장,전통시장,서울특별시,3.0,3.0,,,RESOLVED_AGREEMENT,False,3,,,,
81b2fdbdd96966ea9b73,test,두부,T4 구어·문장,q_두부_04,두부 살 데,식료품 중 '두부'를 판매·제공하는 매장,d9406998-e5bd-456a-a585-174bdbada603,즉석총각두부,두부,천안중앙시장,전통시장,충청남도,3.0,3.0,,,RESOLVED_AGREEMENT,False,3,,,,
a7a00a90c2cff89235fc,test,두부,T4 구어·문장,q_두부_04,두부 살 데,식료품 중 '두부'를 판매·제공하는 매장,2be2ec68-4388-431f-8a2f-a5e57b1b0cc7,두부촌,두부,창원 소계옛길시장,전통시장,경상남도,3.0,3.0,,,RESOLVED_AGREEMENT,False,3,,,,
cf9992a74734a5109e8d,test,두부,T4 구어·문장,q_두부_04,두부 살 데,식료품 중 '두부'를 판매·제공하는 매장,ee6b54a3-321e-401e-8f14-1e9502b7b83f,장수두부,두부,원당시장(구 원당전통시장),전통시장,경기도,3.0,3.0,,,RESOLVED_AGREEMENT,False,3,,,,
9431afcdeacf3a87871a,test,두부,T4 구어·문장,q_두부_04,두부 살 데,식료품 중 '두부'를 판매·제공하는 매장,d0740585-92d0-48ff-ad13-e7bdbab24b4a,할배,두부,안양남부시장,전통시장,경기도,3.0,3.0,,,RESOLVED_AGREEMENT,False,3,,,,
da74e60a2d6b624ad118,test,두부,T4 구어·문장,q_두부_04,두부 살 데,식료품 중 '두부'를 판매·제공하는 매장,dc90a5aa-bfb2-401f-8728-5f220eed1b9b,두부온,두부,"온양온천시장(온양재래시장, 전통시장)",전통시장,충청남도,3.0,3.0,,,RESOLVED_AGREEMENT,False,3,,,,
5d879ff794c5173a9f93,test,두부,T4 구어·문장,q_두부_04,두부 살 데,식료품 중 '두부'를 판매·제공하는 매장,dbd279d8-6c55-4375-a705-a775de3d5977,민속두부,두부,신영시장,전통시장,서울특별시,3.0,3.0,,,RESOLVED_AGREEMENT,False,3,,,,
74b8b637ca9e906f5887,test,두부,T4 구어·문장,q_두부_04,두부 살 데,식료품 중 '두부'를 판매·제공하는 매장,85b81335-c54e-4b9c-bbc8-aef9b57d5833,텐텐두부,두부,대림중앙시장,전통시장,서울특별시,3.0,3.0,,,RESOLVED_AGREEMENT,False,3,,,,
472bf16aa3b8236555f4,test,두부,T4 구어·문장,q_두부_04,두부 살 데,식료품 중 '두부'를 판매·제공하는 매장,889e86cd-5516-45c8-b45c-d7eff0b80820,삼례두부,두부,삼례상점가,자율상권구역,전북특별자치도,3.0,3.0,,,RESOLVED_AGREEMENT,False,3,,,,
c916d9ae15467014c8cb,test,두부,T4 구어·문장,q_두부_04,두부 살 데,식료품 중 '두부'를 판매·제공하는 매장,695676e1-6266-4ceb-a304-fe8f771cc2c0,금호상사,메리야스 란제리,서문시장 제5지구,전통시장,대구광역시,0.0,0.0,,,RESOLVED_AGREEMENT,False,0,,,,
f2470daa597eac7f93e1,test,두부,T4 구어·문장,q_두부_04,두부 살 데,식료품 중 '두부'를 판매·제공하는 매장,d2f0e99a-e525-496b-b1b2-e4772df0b782,즉석두부,두부,강화풍물시장,전통시장,인천광역시,3.0,3.0,,,RESOLVED_AGREEMENT,False,3,,,,
9a70ddfb7e42edf64a58,test,두부,T4 구어·문장,q_두부_04,두부 살 데,식료품 중 '두부'를 판매·제공하는 매장,6fee5688-d168-49c2-99a3-48ec4c5ef776,온두부,두부,산정상인회 골목형상점가,골목형상점가,,3.0,3.0,,,RESOLVED_AGREEMENT,False,3,,,,
38cf0c7f775f662bd29e,test,두부,T4 구어·문장,q_두부_04,두부 살 데,식료품 중 '두부'를 판매·제공하는 매장,ff645999-5e11-41f5-9848-325dcf5f2be5,건강두부,두부,화서시장,전통시장,경기도,3.0,3.0,,,RESOLVED_AGREEMENT,False,3,,,,
2b131bdb6c4c505b3316,test,두부,T4 구어·문장,q_두부_04,두부 살 데,식료품 중 '두부'를 판매·제공하는 매장,43325eb1-36cd-4298-b4a2-0836427fcc29,현풍두부,두부,현풍백년도깨비시장,전통시장,대구광역시,3.0,3.0,,,RESOLVED_AGREEMENT,False,3,,,,
f6d7affeb838be3a0d8e,test,두부,T4 구어·문장,q_두부_04,두부 살 데,식료품 중 '두부'를 판매·제공하는 매장,b972b786-a2b9-4195-9aeb-02fa32432917,천안태초두부,두부,천안중앙시장,전통시장,충청남도,3.0,3.0,,,RESOLVED_AGREEMENT,False,3,,,,
06a1d3221879848a151e,test,두부,T4 구어·문장,q_두부_04,두부 살 데,식료품 중 '두부'를 판매·제공하는 매장,1eb76174-e588-4401-b98a-1b0dc8f2e7e8,정두부,두부,다정중앙 골목형상점가,골목형상점가,세종특별자치시,3.0,3.0,,,RESOLVED_AGREEMENT,False,3,,,,
0e2b3d716e8269464842,test,두부,T4 구어·문장,q_두부_04,두부 살 데,식료품 중 '두부'를 판매·제공하는 매장,de3c9cc3-c685-4b25-942d-1c13a060b6ad,초원두부,두부,춘천동부시장,전통시장,강원특별자치도,3.0,3.0,,,RESOLVED_AGREEMENT,False,3,,,,
74dd6439353c93dc4c7d,test,두부,T4 구어·문장,q_두부_04,두부 살 데,식료품 중 '두부'를 판매·제공하는 매장,5bab75de-06b1-4b59-8d9a-7395f4f0e10c,그린두부,두부,강릉성남시장,전통시장,강원특별자치도,3.0,3.0,,,RESOLVED_AGREEMENT,False,3,,,,
9168269cf68ca2a046d8,test,두부,T4 구어·문장,q_두부_04,두부 살 데,식료품 중 '두부'를 판매·제공하는 매장,c5febe51-11bf-4ab5-a557-0631a07d495a,거성 즉석 두부,두부,대명시장,전통시장,대구광역시,3.0,3.0,,,RESOLVED_AGREEMENT,False,3,,,,
39db7077953b6108f5d3,test,두부,T4 구어·문장,q_두부_04,두부 살 데,식료품 중 '두부'를 판매·제공하는 매장,cd8a07d9-b273-4264-9915-b9a1c6bc2cd4,토석,두부,대림골목시장,전통시장,서울특별시,3.0,3.0,,,RESOLVED_AGREEMENT,False,3,,,,
831441a6c99fc8eb7e95,test,두부,T4 구어·문장,q_두부_04,두부 살 데,식료품 중 '두부'를 판매·제공하는 매장,00370e92-787b-44c8-a4cb-e87c3185e811,콩사랑즉석두부,두부,남부시장,전통시장,경상북도,3.0,3.0,,,RESOLVED_AGREEMENT,False,3,,,,
e107243b28b0b41a985d,test,두부,T4 구어·문장,q_두부_04,두부 살 데,식료품 중 '두부'를 판매·제공하는 매장,014175c9-602a-451f-adb6-d2ae725ab204,맷돌수제두부(콩사랑순두부),,정자시장,전통시장,경기도,3.0,3.0,,,RESOLVED_AGREEMENT,False,3,,,,
ea625f962455aedb22fa,test,두부,T4 구어·문장,q_두부_04,두부 살 데,식료품 중 '두부'를 판매·제공하는 매장,34e5b307-1a67-45f3-9020-e0444096bddd,고향두부,두부,당감골목시장,전통시장,부산광역시,3.0,3.0,,,RESOLVED_AGREEMENT,False,3,,,,
2d43a37f0a5135611c54,test,두부,T4 구어·문장,q_두부_04,두부 살 데,식료품 중 '두부'를 판매·제공하는 매장,36cc5e6d-c336-4062-b59b-76eb34e91dd8,인생두부,두부,까치산시장,전통시장,서울특별시,3.0,3.0,,,RESOLVED_AGREEMENT,False,3,,,,
a83d63247f86cb1f0a83,test,두부,T4 구어·문장,q_두부_04,두부 살 데,식료품 중 '두부'를 판매·제공하는 매장,f0bc7d99-f460-4dfc-9344-d6e5986bac5c,해냄식품,두부,고척근린시장,전통시장,서울특별시,3.0,3.0,,,RESOLVED_AGREEMENT,False,3,,,,
05b52d88869bc73d8f8e,test,두부,T4 구어·문장,q_두부_04,두부 살 데,식료품 중 '두부'를 판매·제공하는 매장,265a8be4-9d08-4dc9-885a-3f922af6ac9f,오늘헤어,미용,문화의거리 상점가,자율상권구역,울산광역시,0.0,0.0,,,RESOLVED_AGREEMENT,False,0,,,,
421eff68bb5ee11812db,test,두부,T4 구어·문장,q_두부_04,두부 살 데,식료품 중 '두부'를 판매·제공하는 매장,4927627b-ef9e-4f5f-8d14-7a5808bc405f,텐텐두부,두부,남문시장,전통시장,서울특별시,3.0,3.0,,,RESOLVED_AGREEMENT,False,3,,,,
b6f4bcc8b7648a9f1745,test,두부,T4 구어·문장,q_두부_04,두부 살 데,식료품 중 '두부'를 판매·제공하는 매장,05218ab9-95f3-4c7c-bff8-2abd592ab2d6,역전두부,두부,마산역번개시장,전통시장,경상남도,3.0,3.0,,,RESOLVED_AGREEMENT,False,3,,,,
72d9d85f00b02b776f69,test,두부,T4 구어·문장,q_두부_04,두부 살 데,식료품 중 '두부'를 판매·제공하는 매장,7166be2a-89f1-4287-9695-a0f344169519,77번상회,수산물,진해 용원어시장상점가,자율상권구역,경상남도,0.0,0.0,,,RESOLVED_AGREEMENT,False,0,,,,
32489ef46f3c12758c33,test,두부,T4 구어·문장,q_두부_04,두부 살 데,식료품 중 '두부'를 판매·제공하는 매장,02e6e7b8-1131-401d-b587-fcff8760568b,우영이네,두부,청주북부시장,전통시장,충청북도,3.0,3.0,,,RESOLVED_AGREEMENT,False,3,,,,
52453e84fc9601abcb23,test,두부,T4 구어·문장,q_두부_04,두부 살 데,식료품 중 '두부'를 판매·제공하는 매장,f3c2d3c8-d60e-45b8-8712-e45c5c699309,예전두부,두부,수암상가시장,전통시장,울산광역시,3.0,3.0,,,RESOLVED_AGREEMENT,False,3,,,,
8b976e87137abcea1d46,test,두부,T4 구어·문장,q_두부_04,두부 살 데,식료품 중 '두부'를 판매·제공하는 매장,1a1cd408-5659-491c-b4f2-e21b3f9847cc,멧돌두부,두부,아랫장,전통시장,전라남도,3.0,3.0,,,RESOLVED_AGREEMENT,False,3,,,,
527ad24218fb5f9f958b,test,두부,T4 구어·문장,q_두부_04,두부 살 데,식료품 중 '두부'를 판매·제공하는 매장,cf04fcd8-d670-4cfe-bc50-eb4d5e07fa95,거창두부,두부,거창 전통시장,전통시장,경상남도,3.0,3.0,,,RESOLVED_AGREEMENT,False,3,,,,
829acfc93ff7a434c47b,test,두부,T4 구어·문장,q_두부_04,두부 살 데,식료품 중 '두부'를 판매·제공하는 매장,7be8d4fa-50c1-42a0-ac31-003072575d95,즉석두부,두부,답십리시장,전통시장,서울특별시,3.0,3.0,,,RESOLVED_AGREEMENT,False,3,,,,
00f0aa4f9d004cd408a7,test,두부,T4 구어·문장,q_두부_04,두부 살 데,식료품 중 '두부'를 판매·제공하는 매장,a505d310-e0a4-4ad8-9263-67554df6e2b7,대경두부,두부,법동시장,전통시장,대전광역시,3.0,3.0,,,RESOLVED_AGREEMENT,False,3,,,,
255e1cb2a61ab3bf15d9,test,두부,T4 구어·문장,q_두부_04,두부 살 데,식료품 중 '두부'를 판매·제공하는 매장,42e56e42-4cc7-4307-a015-62fec0a0d983,남동두부,두부,간석자유시장,전통시장,인천광역시,3.0,3.0,,,RESOLVED_AGREEMENT,False,3,,,,
995c745136bd543ca327,test,두부,T4 구어·문장,q_두부_04,두부 살 데,식료품 중 '두부'를 판매·제공하는 매장,79a02ca8-fca4-4233-ae0b-5ca42a910e27,매일두부,두부,비단길현대시장,전통시장,서울특별시,3.0,3.0,,,RESOLVED_AGREEMENT,False,3,,,,
323bb2dbf2c69e1e1e53,test,두부,T4 구어·문장,q_두부_04,두부 살 데,식료품 중 '두부'를 판매·제공하는 매장,d00b323f-d0e1-49e7-9cde-039ccc4b50bc,별난두부,두부,조원동 펭귄시장,전통시장,서울특별시,3.0,3.0,,,RESOLVED_AGREEMENT,False,3,,,,
99abe54686cec1702fc8,test,두부,T4 구어·문장,q_두부_04,두부 살 데,식료품 중 '두부'를 판매·제공하는 매장,69a94f8f-2725-4df2-9d1e-cb4628548927,한뚜부,두부,박달시장,전통시장,경기도,3.0,3.0,,,RESOLVED_AGREEMENT,False,3,,,,
cfacdda2e35e1a89ed94,test,두부,T4 구어·문장,q_두부_04,두부 살 데,식료품 중 '두부'를 판매·제공하는 매장,7ffac89b-6738-49f0-b68e-0999b352d78c,신선두부,두부,도봉산옛길골목형상점가,골목형상점가,서울특별시,3.0,3.0,,,RESOLVED_AGREEMENT,False,3,,,,
a8049f849d1d7d026206,test,두부,T4 구어·문장,q_두부_04,두부 살 데,식료품 중 '두부'를 판매·제공하는 매장,54ad8e52-01fe-4f03-b15a-ecb2ea5f217e,민속두부,두부,까치산시장,전통시장,서울특별시,3.0,3.0,,,RESOLVED_AGREEMENT,False,3,,,,
842e0451df1e4c68ff21,test,두부,T4 구어·문장,q_두부_04,두부 살 데,식료품 중 '두부'를 판매·제공하는 매장,7734ca82-a418-40fa-8351-e2ea23b58a20,착한두부,두부,대동한마음 골목형상점가,골목형상점가,울산광역시,3.0,3.0,,,RESOLVED_AGREEMENT,False,3,,,,
39496c568716bde73ebc,test,두부,T4 구어·문장,q_두부_04,두부 살 데,식료품 중 '두부'를 판매·제공하는 매장,6de9480c-40e9-4045-988d-d16cf850b6ac,새두부,두부,남부골목시장,전통시장,서울특별시,3.0,3.0,,,RESOLVED_AGREEMENT,False,3,,,,
6ad977c590afb9007230,test,두부,T4 구어·문장,q_두부_05,두부 파는 곳,식료품 중 '두부'를 판매·제공하는 매장,b8a53820-000e-42e0-9ec5-88acbcb09761,천수두부,두부,포항 대이상가 골목형상점가,골목형상점가,경상북도,3.0,3.0,,,RESOLVED_AGREEMENT,False,3,,,,
a325a22bbeefece63361,test,두부,T4 구어·문장,q_두부_05,두부 파는 곳,식료품 중 '두부'를 판매·제공하는 매장,4f2775fb-cf32-47c8-8961-01b00e82cf42,짱두부,두부,의왕예술의거리골목형상점가,골목형상점가,경기도,3.0,3.0,,,RESOLVED_AGREEMENT,False,3,,,,
034b2211cf5ecafd8143,test,두부,T4 구어·문장,q_두부_05,두부 파는 곳,식료품 중 '두부'를 판매·제공하는 매장,a505d310-e0a4-4ad8-9263-67554df6e2b7,대경두부,두부,법동시장,전통시장,대전광역시,3.0,3.0,,,RESOLVED_AGREEMENT,False,3,,,,
40afe5ff0a7352a9bab4,test,두부,T4 구어·문장,q_두부_05,두부 파는 곳,식료품 중 '두부'를 판매·제공하는 매장,d0740585-92d0-48ff-ad13-e7bdbab24b4a,할배,두부,안양남부시장,전통시장,경기도,3.0,3.0,,,RESOLVED_AGREEMENT,False,3,,,,
ee92e74119a26c7e09f9,test,두부,T4 구어·문장,q_두부_05,두부 파는 곳,식료품 중 '두부'를 판매·제공하는 매장,cf04fcd8-d670-4cfe-bc50-eb4d5e07fa95,거창두부,두부,거창 전통시장,전통시장,경상남도,3.0,3.0,,,RESOLVED_AGREEMENT,False,3,,,,
efa241dbeb2ea27cb1ec,test,두부,T4 구어·문장,q_두부_05,두부 파는 곳,식료품 중 '두부'를 판매·제공하는 매장,39d9b904-7f82-4dbf-a686-ff80b771332f,고창깨비네방앗간,"곡물제분업, 임가공제분",고창전통시장,전통시장,전북특별자치도,0.0,0.0,,,RESOLVED_AGREEMENT,False,0,,,,
6ecd9fde162a5e72163e,test,두부,T4 구어·문장,q_두부_05,두부 파는 곳,식료품 중 '두부'를 판매·제공하는 매장,889e86cd-5516-45c8-b45c-d7eff0b80820,삼례두부,두부,삼례상점가,자율상권구역,전북특별자치도,3.0,3.0,,,RESOLVED_AGREEMENT,False,3,,,,
6dd91308fd5c25179a38,test,두부,T4 구어·문장,q_두부_05,두부 파는 곳,식료품 중 '두부'를 판매·제공하는 매장,ee6b54a3-321e-401e-8f14-1e9502b7b83f,장수두부,두부,원당시장(구 원당전통시장),전통시장,경기도,3.0,3.0,,,RESOLVED_AGREEMENT,False,3,,,,
783a7c42a4bcedf76c80,test,두부,T4 구어·문장,q_두부_05,두부 파는 곳,식료품 중 '두부'를 판매·제공하는 매장,d2f0e99a-e525-496b-b1b2-e4772df0b782,즉석두부,두부,강화풍물시장,전통시장,인천광역시,3.0,3.0,,,RESOLVED_AGREEMENT,False,3,,,,
ee825dad0bd2e38cf3ac,test,두부,T4 구어·문장,q_두부_05,두부 파는 곳,식료품 중 '두부'를 판매·제공하는 매장,69a94f8f-2725-4df2-9d1e-cb4628548927,한뚜부,두부,박달시장,전통시장,경기도,3.0,3.0,,,RESOLVED_AGREEMENT,False,3,,,,
29d0f03188bcc7f26591,test,두부,T4 구어·문장,q_두부_05,두부 파는 곳,식료품 중 '두부'를 판매·제공하는 매장,9c4bdbd3-2318-41b9-b93e-1176bb6e231c,새시장판집,제삿상 및 제기 밥상,사천 삼천포종합시장,전통시장,경상남도,0.0,0.0,,,RESOLVED_AGREEMENT,False,0,,,,
b069f164f9cc03fe1b71,test,두부,T4 구어·문장,q_두부_05,두부 파는 곳,식료품 중 '두부'를 판매·제공하는 매장,f3c2d3c8-d60e-45b8-8712-e45c5c699309,예전두부,두부,수암상가시장,전통시장,울산광역시,3.0,3.0,,,RESOLVED_AGREEMENT,False,3,,,,
575774d4223184e9c937,test,두부,T4 구어·문장,q_두부_05,두부 파는 곳,식료품 중 '두부'를 판매·제공하는 매장,7cbb53bf-abf1-4deb-a80f-45ad7bf8b1b7,수아두부,두부,부곡시장,전통시장,부산광역시,3.0,3.0,,,RESOLVED_AGREEMENT,False,3,,,,
a72dd6be19aca888b80f,test,두부,T4 구어·문장,q_두부_05,두부 파는 곳,식료품 중 '두부'를 판매·제공하는 매장,05218ab9-95f3-4c7c-bff8-2abd592ab2d6,역전두부,두부,마산역번개시장,전통시장,경상남도,3.0,3.0,,,RESOLVED_AGREEMENT,False,3,,,,
0351b16ca4039a33dd8e,test,두부,T4 구어·문장,q_두부_05,두부 파는 곳,식료품 중 '두부'를 판매·제공하는 매장,000cb355-aef1-4aaf-8fb2-cb3f9fd94624,시골즉석두부,두부,신장전통시장,전통시장,경기도,3.0,3.0,,,RESOLVED_AGREEMENT,False,3,,,,
146a8d406c6900438270,test,두부,T4 구어·문장,q_두부_05,두부 파는 곳,식료품 중 '두부'를 판매·제공하는 매장,6cb0e649-cf8f-4316-b0fc-8165d779ae8b,대림두부,두부,대림중앙시장,전통시장,서울특별시,3.0,3.0,,,RESOLVED_AGREEMENT,False,3,,,,
5db3d92d5f0a0ee60502,test,두부,T4 구어·문장,q_두부_05,두부 파는 곳,식료품 중 '두부'를 판매·제공하는 매장,c8c17556-c41d-4a1a-bf82-745506e8bd16,맛있는 손두부,두부,보령한내시장,전통시장,충청남도,3.0,3.0,,,RESOLVED_AGREEMENT,False,3,,,,
4080c6c620f68d02f03e,test,두부,T4 구어·문장,q_두부_05,두부 파는 곳,식료품 중 '두부'를 판매·제공하는 매장,c2e0c2ff-cfcc-40de-9009-2ef3859711c0,영두부,두부,고리울동굴시장,전통시장,경기도,3.0,3.0,,,RESOLVED_AGREEMENT,False,3,,,,
79be2497b42cfaaf323f,test,두부,T4 구어·문장,q_두부_05,두부 파는 곳,식료품 중 '두부'를 판매·제공하는 매장,e1b0c297-7a72-457c-a8ff-1f56da8bbb78,오늘은 두부,두부,새호반 골목형상점가,골목형상점가,세종특별자치시,3.0,3.0,,,RESOLVED_AGREEMENT,False,3,,,,
d237287ea063a60796ac,test,두부,T4 구어·문장,q_두부_05,두부 파는 곳,식료품 중 '두부'를 판매·제공하는 매장,098053d6-7aa0-4e83-b933-a36e74b1f2ce,이구두부,두부,관문상가시장,전통시장,대구광역시,3.0,3.0,,,RESOLVED_AGREEMENT,False,3,,,,
388bc4a24fc914d6211c,test,두부,T4 구어·문장,q_두부_05,두부 파는 곳,식료품 중 '두부'를 판매·제공하는 매장,d714d42d-30ee-466c-8225-46ef226bb860,새두부,두부,부천자유시장,전통시장,경기도,3.0,3.0,,,RESOLVED_AGREEMENT,False,3,,,,
faf33aba27f21b15bc94,test,두부,T4 구어·문장,q_두부_05,두부 파는 곳,식료품 중 '두부'를 판매·제공하는 매장,d9406998-e5bd-456a-a585-174bdbada603,즉석총각두부,두부,천안중앙시장,전통시장,충청남도,3.0,3.0,,,RESOLVED_AGREEMENT,False,3,,,,
5ff2ea4adc33684266b4,test,두부,T4 구어·문장,q_두부_05,두부 파는 곳,식료품 중 '두부'를 판매·제공하는 매장,c0289b47-4cd2-4923-ad52-bb7831d71ffd,고고두부,두부,테크노밸리 골목형상점가,골목형상점가,대전광역시,3.0,3.0,,,RESOLVED_AGREEMENT,False,3,,,,
5430b2c6228d6d617892,test,두부,T4 구어·문장,q_두부_05,두부 파는 곳,식료품 중 '두부'를 판매·제공하는 매장,ab9c6969-da0a-43e1-be2e-3408a3b83706,서울두부,두부,달서시장,전통시장,대구광역시,3.0,3.0,,,RESOLVED_AGREEMENT,False,3,,,,
d5e6a3d2aea00eca826d,test,두부,T4 구어·문장,q_두부_05,두부 파는 곳,식료품 중 '두부'를 판매·제공하는 매장,8b10bc5e-2eb8-4158-bde8-275a6f9af44c,하얀두부,두부,옛 경양방죽 골목형상점가,골목형상점가,광주광역시,3.0,3.0,,,RESOLVED_AGREEMENT,False,3,,,,
03ee2173478bb87c17d8,test,두부,T4 구어·문장,q_두부_05,두부 파는 곳,식료품 중 '두부'를 판매·제공하는 매장,e449cd7b-a279-465b-8e49-550e12071dae,부부두부,두부,경창시장,전통시장,서울특별시,3.0,3.0,,,RESOLVED_AGREEMENT,False,3,,,,
f59db4126c06f534fc34,test,두부,T4 구어·문장,q_두부_05,두부 파는 곳,식료품 중 '두부'를 판매·제공하는 매장,76a3551b-dae4-4326-92cc-662015aedbfb,쉴 곳,한식,칠성로상점가,자율상권구역,제주특별자치도,1.0,1.0,,,RESOLVED_AGREEMENT,False,1,,,,
d1f7363bb364ee42b52c,test,두부,T4 구어·문장,q_두부_05,두부 파는 곳,식료품 중 '두부'를 판매·제공하는 매장,00a74c3c-6931-4363-8806-0c064d828485,옛맷돌생즉석두부,두부,성정시장(구 성정5단지시장),전통시장,충청남도,3.0,3.0,,,RESOLVED_AGREEMENT,False,3,,,,
27ecf4924c796bd5c1f3,test,두부,T4 구어·문장,q_두부_05,두부 파는 곳,식료품 중 '두부'를 판매·제공하는 매장,3b80a003-4257-4cc1-b39b-11ed041edf74,여포두부,두부,통영중앙전통시장,전통시장,경상남도,3.0,3.0,,,RESOLVED_AGREEMENT,False,3,,,,
7c7352adee3b0b509a89,test,두부,T4 구어·문장,q_두부_05,두부 파는 곳,식료품 중 '두부'를 판매·제공하는 매장,4927627b-ef9e-4f5f-8d14-7a5808bc405f,텐텐두부,두부,남문시장,전통시장,서울특별시,3.0,3.0,,,RESOLVED_AGREEMENT,False,3,,,,
a928bd7a815ea991fada,test,두부,T4 구어·문장,q_두부_05,두부 파는 곳,식료품 중 '두부'를 판매·제공하는 매장,00faf8ae-f86f-4c14-86d8-5a72d4ee0e82,신선식품,두부제조,우리시장,자율상권구역,서울특별시,3.0,3.0,,,RESOLVED_AGREEMENT,False,3,,,,
78cb71d31d117a2362bc,test,두부,T4 구어·문장,q_두부_05,두부 파는 곳,식료품 중 '두부'를 판매·제공하는 매장,d43529bb-5a2c-474a-8cae-a2101fae1d42,백세두부,두부,대해불빛시장(대해종합시장),전통시장,경상북도,3.0,3.0,,,RESOLVED_AGREEMENT,False,3,,,,
6079b697c4c9f494728f,test,두부,T4 구어·문장,q_두부_05,두부 파는 곳,식료품 중 '두부'를 판매·제공하는 매장,cd8a07d9-b273-4264-9915-b9a1c6bc2cd4,토석,두부,대림골목시장,전통시장,서울특별시,3.0,3.0,,,RESOLVED_AGREEMENT,False,3,,,,
9f7726246a23e9f65eec,test,두부,T4 구어·문장,q_두부_05,두부 파는 곳,식료품 중 '두부'를 판매·제공하는 매장,efe1e70a-8051-4699-bbca-169b0408595c,두부한모,두부,봉일천전통시장,전통시장,경기도,3.0,3.0,,,RESOLVED_AGREEMENT,False,3,,,,
a60c5d0bf92033ea85de,test,두부,T4 구어·문장,q_두부_05,두부 파는 곳,식료품 중 '두부'를 판매·제공하는 매장,00370e92-787b-44c8-a4cb-e87c3185e811,콩사랑즉석두부,두부,남부시장,전통시장,경상북도,3.0,3.0,,,RESOLVED_AGREEMENT,False,3,,,,
034f337039fe156f1993,test,두부,T4 구어·문장,q_두부_05,두부 파는 곳,식료품 중 '두부'를 판매·제공하는 매장,43325eb1-36cd-4298-b4a2-0836427fcc29,현풍두부,두부,현풍백년도깨비시장,전통시장,대구광역시,3.0,3.0,,,RESOLVED_AGREEMENT,False,3,,,,
78488acb85240c8d1eda,test,두부,T4 구어·문장,q_두부_05,두부 파는 곳,식료품 중 '두부'를 판매·제공하는 매장,64bd940c-f1ce-4ed6-ae8c-ef92854b6b46,힐링샵,"서비스(운동시설), 도소매(음식료품 등)",팔달시민상가시장,전통시장,경기도,0.0,1.0,,,P2_GRADED_ONLY,True,,,,,
6c76e778e71abc1701f0,test,두부,T4 구어·문장,q_두부_05,두부 파는 곳,식료품 중 '두부'를 판매·제공하는 매장,dae1d6a1-6523-427e-9f4d-e3ad91073096,더두부,두부 순두부,춘천번개시장,전통시장,강원특별자치도,3.0,3.0,,,RESOLVED_AGREEMENT,False,3,,,,
dca7ae345b3e05902e8e,test,두부,T4 구어·문장,q_두부_05,두부 파는 곳,식료품 중 '두부'를 판매·제공하는 매장,f0bc7d99-f460-4dfc-9344-d6e5986bac5c,해냄식품,두부,고척근린시장,전통시장,서울특별시,3.0,3.0,,,RESOLVED_AGREEMENT,False,3,,,,
4e51980113778427df42,test,두부,T4 구어·문장,q_두부_05,두부 파는 곳,식료품 중 '두부'를 판매·제공하는 매장,5b09b5b0-20f7-475b-9ba0-a1904976e4e7,오떡 부안점,분식,진성 골목형상점가,골목형상점가,전북특별자치도,0.0,0.0,,,RESOLVED_AGREEMENT,False,0,,,,
fd0dabcf1bf4d4b78b9e,test,두부,T4 구어·문장,q_두부_05,두부 파는 곳,식료품 중 '두부'를 판매·제공하는 매장,2be2ec68-4388-431f-8a2f-a5e57b1b0cc7,두부촌,두부,창원 소계옛길시장,전통시장,경상남도,3.0,3.0,,,RESOLVED_AGREEMENT,False,3,,,,
90091e7db23d118b419a,test,두부,T4 구어·문장,q_두부_05,두부 파는 곳,식료품 중 '두부'를 판매·제공하는 매장,481fc4e7-045b-4fb3-bf0c-eba04e887be9,두붓집,두부,자양15번가골목형상점가,골목형상점가,서울특별시,3.0,3.0,,,RESOLVED_AGREEMENT,False,3,,,,
a31c06ff253508e6c2f7,test,두부,T4 구어·문장,q_두부_05,두부 파는 곳,식료품 중 '두부'를 판매·제공하는 매장,dc90a5aa-bfb2-401f-8728-5f220eed1b9b,두부온,두부,"온양온천시장(온양재래시장, 전통시장)",전통시장,충청남도,3.0,3.0,,,RESOLVED_AGREEMENT,False,3,,,,
4e6d82c9d528bce2db7c,test,두부,T4 구어·문장,q_두부_05,두부 파는 곳,식료품 중 '두부'를 판매·제공하는 매장,b972b786-a2b9-4195-9aeb-02fa32432917,천안태초두부,두부,천안중앙시장,전통시장,충청남도,3.0,3.0,,,RESOLVED_AGREEMENT,False,3,,,,
4aade98e0d193d1ea23d,test,두부,T4 구어·문장,q_두부_05,두부 파는 곳,식료품 중 '두부'를 판매·제공하는 매장,c5febe51-11bf-4ab5-a557-0631a07d495a,거성 즉석 두부,두부,대명시장,전통시장,대구광역시,3.0,3.0,,,RESOLVED_AGREEMENT,False,3,,,,
0964efd68c9a767c5444,test,두부,T4 구어·문장,q_두부_05,두부 파는 곳,식료품 중 '두부'를 판매·제공하는 매장,5bab75de-06b1-4b59-8d9a-7395f4f0e10c,그린두부,두부,강릉성남시장,전통시장,강원특별자치도,3.0,3.0,,,RESOLVED_AGREEMENT,False,3,,,,
9cbbd49b08b852178e09,test,두부,T4 구어·문장,q_두부_05,두부 파는 곳,식료품 중 '두부'를 판매·제공하는 매장,0263f33e-0b98-4058-b3f0-068d677af362,북부자연식품,두부,창동신창시장,전통시장,서울특별시,3.0,3.0,,,RESOLVED_AGREEMENT,False,3,,,,
63282e2aa7c9ee1da4f0,test,두부,T4 구어·문장,q_두부_05,두부 파는 곳,식료품 중 '두부'를 판매·제공하는 매장,85b81335-c54e-4b9c-bbc8-aef9b57d5833,텐텐두부,두부,대림중앙시장,전통시장,서울특별시,3.0,3.0,,,RESOLVED_AGREEMENT,False,3,,,,
14ee1e89da0430900f54,test,두부,T4 구어·문장,q_두부_05,두부 파는 곳,식료품 중 '두부'를 판매·제공하는 매장,79a02ca8-fca4-4233-ae0b-5ca42a910e27,매일두부,두부,비단길현대시장,전통시장,서울특별시,3.0,3.0,,,RESOLVED_AGREEMENT,False,3,,,,
2921f0e719b5ae27cc94,test,두부,T4 구어·문장,q_두부_05,두부 파는 곳,식료품 중 '두부'를 판매·제공하는 매장,1eb76174-e588-4401-b98a-1b0dc8f2e7e8,정두부,두부,다정중앙 골목형상점가,골목형상점가,세종특별자치시,3.0,3.0,,,RESOLVED_AGREEMENT,False,3,,,,
9c92fd2a404ea6a49df6,test,두부,T4 구어·문장,q_두부_05,두부 파는 곳,식료품 중 '두부'를 판매·제공하는 매장,e03a1e96-4ebf-476d-95c2-0c949b643598,제일두부,두부,거창 전통시장,전통시장,경상남도,3.0,3.0,,,RESOLVED_AGREEMENT,False,3,,,,
20ed4ecf5e1113fa0920,test,두부,T4 구어·문장,q_두부_05,두부 파는 곳,식료품 중 '두부'를 판매·제공하는 매장,89181375-c57b-4535-a442-b1a101db2ed7,향원두부,두부,부천자유시장,전통시장,경기도,3.0,3.0,,,RESOLVED_AGREEMENT,False,3,,,,
0c185db50d1f1c83023f,test,두부,T4 구어·문장,q_두부_05,두부 파는 곳,식료품 중 '두부'를 판매·제공하는 매장,02e6e7b8-1131-401d-b587-fcff8760568b,우영이네,두부,청주북부시장,전통시장,충청북도,3.0,3.0,,,RESOLVED_AGREEMENT,False,3,,,,
35ce4885bda11f85895c,test,두부,T4 구어·문장,q_두부_05,두부 파는 곳,식료품 중 '두부'를 판매·제공하는 매장,54ad8e52-01fe-4f03-b15a-ecb2ea5f217e,민속두부,두부,까치산시장,전통시장,서울특별시,3.0,3.0,,,RESOLVED_AGREEMENT,False,3,,,,
9597591f01aa7f7c06e2,test,두부,T4 구어·문장,q_두부_05,두부 파는 곳,식료품 중 '두부'를 판매·제공하는 매장,dd4ffba3-5c63-4f15-9b8f-13ebf4bc4f5b,민속떡집,떡,사천읍시장,전통시장,경상남도,0.0,0.0,,,RESOLVED_AGREEMENT,False,0,,,,
58b7ba00890564e3218f,test,두부,T4 구어·문장,q_두부_05,두부 파는 곳,식료품 중 '두부'를 판매·제공하는 매장,3f435949-0508-403d-9d84-e094f2b5e689,철이네 두부,두부,도마큰시장,전통시장,대전광역시,3.0,3.0,,,RESOLVED_AGREEMENT,False,3,,,,
dde2b23d71ee6f61109a,test,두부,T4 구어·문장,q_두부_05,두부 파는 곳,식료품 중 '두부'를 판매·제공하는 매장,f42cc7b0-44ac-4ff0-947f-eddfc14e47e7,만덕두부,두부,만덕2동제일상가시장,전통시장,부산광역시,3.0,3.0,,,RESOLVED_AGREEMENT,False,3,,,,
31b990b2ca609bf8524b,test,두부,T4 구어·문장,q_두부_05,두부 파는 곳,식료품 중 '두부'를 판매·제공하는 매장,d00b323f-d0e1-49e7-9cde-039ccc4b50bc,별난두부,두부,조원동 펭귄시장,전통시장,서울특별시,3.0,3.0,,,RESOLVED_AGREEMENT,False,3,,,,
9bf8b0f56ef6a0b95cdb,test,두부,T4 구어·문장,q_두부_05,두부 파는 곳,식료품 중 '두부'를 판매·제공하는 매장,df151aff-f1e7-45a4-85bd-fa576b442391,콩심이 두부,두부,벌교매일시장,전통시장,전라남도,3.0,3.0,,,RESOLVED_AGREEMENT,False,3,,,,
88f19d6619130bd2961f,test,두부,T4 구어·문장,q_두부_05,두부 파는 곳,식료품 중 '두부'를 판매·제공하는 매장,d98b5d59-ba22-4cf3-8ca5-c36b7c7936fe,해뜰장분식,음식,무안읍중심상가상점가,자율상권구역,전라남도,0.0,0.0,,,RESOLVED_AGREEMENT,False,0,,,,
1d8db901bfca511ae49a,test,두부,T4 구어·문장,q_두부_05,두부 파는 곳,식료품 중 '두부'를 판매·제공하는 매장,48bcb55a-d9de-48c1-be9d-879a3b95fbbc,새두부,두부,원종중앙시장,전통시장,경기도,3.0,3.0,,,RESOLVED_AGREEMENT,False,3,,,,
df49047796d2423021d4,test,두부,T4 구어·문장,q_두부_05,두부 파는 곳,식료품 중 '두부'를 판매·제공하는 매장,63eaad17-e700-4b0b-8b9b-1eb5cb9ba6c7,즉석두부,두부,금산금빛시장(금산시장),전통시장,충청남도,3.0,3.0,,,RESOLVED_AGREEMENT,False,3,,,,
7ccf681c58eef04ccd63,test,두부,T4 구어·문장,q_두부_05,두부 파는 곳,식료품 중 '두부'를 판매·제공하는 매장,dbd279d8-6c55-4375-a705-a775de3d5977,민속두부,두부,신영시장,전통시장,서울특별시,3.0,3.0,,,RESOLVED_AGREEMENT,False,3,,,,
9b5fa612a54ee28185d9,test,두부,T4 구어·문장,q_두부_05,두부 파는 곳,식료품 중 '두부'를 판매·제공하는 매장,de3c9cc3-c685-4b25-942d-1c13a060b6ad,초원두부,두부,춘천동부시장,전통시장,강원특별자치도,3.0,3.0,,,RESOLVED_AGREEMENT,False,3,,,,
303ad346dd8f3b1170b3,test,두부,T4 구어·문장,q_두부_05,두부 파는 곳,식료품 중 '두부'를 판매·제공하는 매장,ff645999-5e11-41f5-9848-325dcf5f2be5,건강두부,두부,화서시장,전통시장,경기도,3.0,3.0,,,RESOLVED_AGREEMENT,False,3,,,,
d2116af3ded12ec885b9,test,두부,T4 구어·문장,q_두부_05,두부 파는 곳,식료품 중 '두부'를 판매·제공하는 매장,7cc4d6bb-6c9d-41b8-9270-ad15ce57226c,주희네천집,원단,아랫장,전통시장,,0.0,0.0,,,RESOLVED_AGREEMENT,False,0,,,,
78f499e8b87b39e139d6,test,두부,T4 구어·문장,q_두부_05,두부 파는 곳,식료품 중 '두부'를 판매·제공하는 매장,6de9480c-40e9-4045-988d-d16cf850b6ac,새두부,두부,남부골목시장,전통시장,서울특별시,3.0,3.0,,,RESOLVED_AGREEMENT,False,3,,,,
149f4c61f57ad62c7b4e,test,두부,T4 구어·문장,q_두부_05,두부 파는 곳,식료품 중 '두부'를 판매·제공하는 매장,014175c9-602a-451f-adb6-d2ae725ab204,맷돌수제두부(콩사랑순두부),,정자시장,전통시장,경기도,3.0,3.0,,,RESOLVED_AGREEMENT,False,3,,,,
41a568c5650ad48ab61b,test,두부,T4 구어·문장,q_두부_05,두부 파는 곳,식료품 중 '두부'를 판매·제공하는 매장,98f03ff3-d00f-4560-a725-77313fcee7f8,대한,그릇,부산진시장,전통시장,부산광역시,0.0,0.0,,,RESOLVED_AGREEMENT,False,0,,,,
8da7215b3d2ffb5997e6,test,두부,T4 구어·문장,q_두부_05,두부 파는 곳,식료품 중 '두부'를 판매·제공하는 매장,56518e37-15c9-4e7e-8e85-2f02143fac88,옛날두부,두부,온천인정시장,전통시장,부산광역시,3.0,3.0,,,RESOLVED_AGREEMENT,False,3,,,,
a261db47aaab17abe2ee,test,두부,T4 구어·문장,q_두부_05,두부 파는 곳,식료품 중 '두부'를 판매·제공하는 매장,7c03234b-f3d9-445d-9d91-eb7f33451449,옛날식두부,두부,북구빛나는 골목형상점가,골목형상점가,광주광역시,3.0,3.0,,,RESOLVED_AGREEMENT,False,3,,,,
968a20ea7986fad79c2f,test,두부,T4 구어·문장,q_두부_05,두부 파는 곳,식료품 중 '두부'를 판매·제공하는 매장,6fee5688-d168-49c2-99a3-48ec4c5ef776,온두부,두부,산정상인회 골목형상점가,골목형상점가,,3.0,3.0,,,RESOLVED_AGREEMENT,False,3,,,,
1cce124d411bac361a26,test,두부,T4 구어·문장,q_두부_05,두부 파는 곳,식료품 중 '두부'를 판매·제공하는 매장,7ffac89b-6738-49f0-b68e-0999b352d78c,신선두부,두부,도봉산옛길골목형상점가,골목형상점가,서울특별시,3.0,3.0,,,RESOLVED_AGREEMENT,False,3,,,,
7e90b3701439ae453a9d,test,두부,T4 구어·문장,q_두부_05,두부 파는 곳,식료품 중 '두부'를 판매·제공하는 매장,a8842971-713d-461a-a0d6-94f2a4e46abb,한일두부,두부,안양관양시장,전통시장,경기도,3.0,3.0,,,RESOLVED_AGREEMENT,False,3,,,,
b6ad370a4aa2dc60cc8c,test,두부,T4 구어·문장,q_두부_05,두부 파는 곳,식료품 중 '두부'를 판매·제공하는 매장,dfdf037d-4ea0-469e-91d8-b7b0dfad7d7e,즉석총각두부,두부,"온양온천시장(온양재래시장, 전통시장)",전통시장,충청남도,3.0,3.0,,,RESOLVED_AGREEMENT,False,3,,,,
fdd7eedf88c848fd7826,test,두부,T4 구어·문장,q_두부_05,두부 파는 곳,식료품 중 '두부'를 판매·제공하는 매장,7893cd83-4173-4f62-8f70-979d02d2e321,미성두부,두부,월배시장,전통시장,대구광역시,3.0,3.0,,,RESOLVED_AGREEMENT,False,3,,,,
0a200e0d0d25936b2ba2,test,두부,T4 구어·문장,q_두부_05,두부 파는 곳,식료품 중 '두부'를 판매·제공하는 매장,4f580439-e2db-485c-ae7f-18d9ee41a805,부자두부,두부,신평리시장,전통시장,대구광역시,3.0,3.0,,,RESOLVED_AGREEMENT,False,3,,,,
4ef401f5280224f35220,test,두부,T4 구어·문장,q_두부_06,수제 두부,식료품 중 '두부'를 판매·제공하는 매장,48bcb55a-d9de-48c1-be9d-879a3b95fbbc,새두부,두부,원종중앙시장,전통시장,경기도,3.0,3.0,,,RESOLVED_AGREEMENT,False,3,,,,
33163df8d807e58d56ce,test,두부,T4 구어·문장,q_두부_06,수제 두부,식료품 중 '두부'를 판매·제공하는 매장,cd8a07d9-b273-4264-9915-b9a1c6bc2cd4,토석,두부,대림골목시장,전통시장,서울특별시,3.0,3.0,,,RESOLVED_AGREEMENT,False,3,,,,
4a1425899bdfa1a48918,test,두부,T4 구어·문장,q_두부_06,수제 두부,식료품 중 '두부'를 판매·제공하는 매장,810fb80c-e0fd-4559-8c0b-996867d52537,정민이 수제두부,두부,신매시장,전통시장,대구광역시,3.0,3.0,,,RESOLVED_AGREEMENT,False,3,,,,
22175942068bf87f8c22,test,두부,T4 구어·문장,q_두부_06,수제 두부,식료품 중 '두부'를 판매·제공하는 매장,5bab75de-06b1-4b59-8d9a-7395f4f0e10c,그린두부,두부,강릉성남시장,전통시장,강원특별자치도,3.0,3.0,,,RESOLVED_AGREEMENT,False,3,,,,
b1bf58f8e433d45a0f17,test,두부,T4 구어·문장,q_두부_06,수제 두부,식료품 중 '두부'를 판매·제공하는 매장,4ca5c6ac-5b96-4a72-a11c-2efcbbe5465b,88호떡,호떡,가평잣고을시장,전통시장,경기도,0.0,0.0,,,RESOLVED_AGREEMENT,False,0,,,,
57673dcd32c473dc2c6a,test,두부,T4 구어·문장,q_두부_06,수제 두부,식료품 중 '두부'를 판매·제공하는 매장,c5febe51-11bf-4ab5-a557-0631a07d495a,거성 즉석 두부,두부,대명시장,전통시장,대구광역시,3.0,3.0,,,RESOLVED_AGREEMENT,False,3,,,,
f6defcd25c9c9981ffa4,test,두부,T4 구어·문장,q_두부_06,수제 두부,식료품 중 '두부'를 판매·제공하는 매장,f3c2d3c8-d60e-45b8-8712-e45c5c699309,예전두부,두부,수암상가시장,전통시장,울산광역시,3.0,3.0,,,RESOLVED_AGREEMENT,False,3,,,,
a6d95aa416c6e3f17c11,test,두부,T4 구어·문장,q_두부_06,수제 두부,식료품 중 '두부'를 판매·제공하는 매장,e1b0c297-7a72-457c-a8ff-1f56da8bbb78,오늘은 두부,두부,새호반 골목형상점가,골목형상점가,세종특별자치시,3.0,3.0,,,RESOLVED_AGREEMENT,False,3,,,,
75916b6370116fd56000,test,두부,T4 구어·문장,q_두부_06,수제 두부,식료품 중 '두부'를 판매·제공하는 매장,8b10bc5e-2eb8-4158-bde8-275a6f9af44c,하얀두부,두부,옛 경양방죽 골목형상점가,골목형상점가,광주광역시,3.0,3.0,,,RESOLVED_AGREEMENT,False,3,,,,
fff7924db012e8fac839,test,두부,T4 구어·문장,q_두부_06,수제 두부,식료품 중 '두부'를 판매·제공하는 매장,34e5b307-1a67-45f3-9020-e0444096bddd,고향두부,두부,당감골목시장,전통시장,부산광역시,3.0,3.0,,,RESOLVED_AGREEMENT,False,3,,,,
3a63a3d8c49d06c6668c,test,두부,T4 구어·문장,q_두부_06,수제 두부,식료품 중 '두부'를 판매·제공하는 매장,3b80a003-4257-4cc1-b39b-11ed041edf74,여포두부,두부,통영중앙전통시장,전통시장,경상남도,3.0,3.0,,,RESOLVED_AGREEMENT,False,3,,,,
37e681e6bd5050ca2662,test,두부,T4 구어·문장,q_두부_06,수제 두부,식료품 중 '두부'를 판매·제공하는 매장,3f435949-0508-403d-9d84-e094f2b5e689,철이네 두부,두부,도마큰시장,전통시장,대전광역시,3.0,3.0,,,RESOLVED_AGREEMENT,False,3,,,,
a15838efc6f7300acfab,test,두부,T4 구어·문장,q_두부_06,수제 두부,식료품 중 '두부'를 판매·제공하는 매장,00a74c3c-6931-4363-8806-0c064d828485,옛맷돌생즉석두부,두부,성정시장(구 성정5단지시장),전통시장,충청남도,3.0,3.0,,,RESOLVED_AGREEMENT,False,3,,,,
ad49a3d5a16c01c7ff1f,test,두부,T4 구어·문장,q_두부_06,수제 두부,식료품 중 '두부'를 판매·제공하는 매장,f064c5d5-ac8f-44be-bc54-1e52f1f7a8f0,맷돌수제두부,두부,산본전통시장(구 군포산본시장),전통시장,경기도,3.0,3.0,,,RESOLVED_AGREEMENT,False,3,,,,
b12de6600069e1243b66,test,두부,T4 구어·문장,q_두부_06,수제 두부,식료품 중 '두부'를 판매·제공하는 매장,c4b54bec-cd71-4e81-9a75-a40070a600be,맷돌 수제 두부,콩나물 야채,북수원시장( 구 파장시장),전통시장,경기도,2.0,3.0,,,P2_GRADED_ONLY,True,,,,,
93b1125f60303b34a538,test,두부,T4 구어·문장,q_두부_06,수제 두부,식료품 중 '두부'를 판매·제공하는 매장,e99c4a44-814e-4d77-80a3-82d7ec31b2c9,용상신부반찬,반찬,용상공설시장,전통시장,경상북도,0.0,2.0,,,P1_BINARY_THRESHOLD,True,,,,,
6389caef7f4cbd4a1902,test,두부,T4 구어·문장,q_두부_06,수제 두부,식료품 중 '두부'를 판매·제공하는 매장,b311c2d9-7093-4e31-adf4-4c6e17536444,화계집,,화곡 초록맛거리 골목형상점가,골목형상점가,서울특별시,,0.0,Y,,P0_UNCERTAIN_OR_MISSING,True,,,,,
be5bd3b866bab5498f6f,test,두부,T4 구어·문장,q_두부_06,수제 두부,식료품 중 '두부'를 판매·제공하는 매장,7ffac89b-6738-49f0-b68e-0999b352d78c,신선두부,두부,도봉산옛길골목형상점가,골목형상점가,서울특별시,3.0,3.0,,,RESOLVED_AGREEMENT,False,3,,,,
774d5f408451f1c363c7,test,두부,T4 구어·문장,q_두부_06,수제 두부,식료품 중 '두부'를 판매·제공하는 매장,dbd279d8-6c55-4375-a705-a775de3d5977,민속두부,두부,신영시장,전통시장,서울특별시,3.0,3.0,,,RESOLVED_AGREEMENT,False,3,,,,
259e0f410f16c04b7199,test,두부,T4 구어·문장,q_두부_06,수제 두부,식료품 중 '두부'를 판매·제공하는 매장,f42cc7b0-44ac-4ff0-947f-eddfc14e47e7,만덕두부,두부,만덕2동제일상가시장,전통시장,부산광역시,3.0,3.0,,,RESOLVED_AGREEMENT,False,3,,,,
fe6417d1995a28f8bfa7,test,두부,T4 구어·문장,q_두부_06,수제 두부,식료품 중 '두부'를 판매·제공하는 매장,6de9480c-40e9-4045-988d-d16cf850b6ac,새두부,두부,남부골목시장,전통시장,서울특별시,3.0,3.0,,,RESOLVED_AGREEMENT,False,3,,,,
9a7c053491cd753b8b72,test,두부,T4 구어·문장,q_두부_06,수제 두부,식료품 중 '두부'를 판매·제공하는 매장,c2e0c2ff-cfcc-40de-9009-2ef3859711c0,영두부,두부,고리울동굴시장,전통시장,경기도,3.0,3.0,,,RESOLVED_AGREEMENT,False,3,,,,
a070561d8c425d4e6671,test,두부,T4 구어·문장,q_두부_06,수제 두부,식료품 중 '두부'를 판매·제공하는 매장,481fc4e7-045b-4fb3-bf0c-eba04e887be9,두붓집,두부,자양15번가골목형상점가,골목형상점가,서울특별시,3.0,3.0,,,RESOLVED_AGREEMENT,False,3,,,,
426b8b8f33c149169ba4,test,두부,T4 구어·문장,q_두부_06,수제 두부,식료품 중 '두부'를 판매·제공하는 매장,00370e92-787b-44c8-a4cb-e87c3185e811,콩사랑즉석두부,두부,남부시장,전통시장,경상북도,3.0,3.0,,,RESOLVED_AGREEMENT,False,3,,,,
e1330d225b3e2dda9752,test,두부,T4 구어·문장,q_두부_06,수제 두부,식료품 중 '두부'를 판매·제공하는 매장,0263f33e-0b98-4058-b3f0-068d677af362,북부자연식품,두부,창동신창시장,전통시장,서울특별시,3.0,3.0,,,RESOLVED_AGREEMENT,False,3,,,,
a874d3daa912ae3c7b05,test,두부,T4 구어·문장,q_두부_06,수제 두부,식료품 중 '두부'를 판매·제공하는 매장,014175c9-602a-451f-adb6-d2ae725ab204,맷돌수제두부(콩사랑순두부),,정자시장,전통시장,경기도,3.0,3.0,,,RESOLVED_AGREEMENT,False,3,,,,
279c3047441e6ed50862,test,두부,T4 구어·문장,q_두부_06,수제 두부,식료품 중 '두부'를 판매·제공하는 매장,4f2775fb-cf32-47c8-8961-01b00e82cf42,짱두부,두부,의왕예술의거리골목형상점가,골목형상점가,경기도,3.0,3.0,,,RESOLVED_AGREEMENT,False,3,,,,
c9b7e142dc5407a19729,test,두부,T4 구어·문장,q_두부_06,수제 두부,식료품 중 '두부'를 판매·제공하는 매장,43325eb1-36cd-4298-b4a2-0836427fcc29,현풍두부,두부,현풍백년도깨비시장,전통시장,대구광역시,3.0,3.0,,,RESOLVED_AGREEMENT,False,3,,,,
fd72eb8d6c080221f337,test,두부,T4 구어·문장,q_두부_06,수제 두부,식료품 중 '두부'를 판매·제공하는 매장,ee44c794-f8ec-4d6c-b06c-e92d2e8ebb42,고향두부,두부,부평종합시장,전통시장,인천광역시,3.0,3.0,,,RESOLVED_AGREEMENT,False,3,,,,
879d13b8e854c348d388,test,두부,T4 구어·문장,q_두부_06,수제 두부,식료품 중 '두부'를 판매·제공하는 매장,7be8d4fa-50c1-42a0-ac31-003072575d95,즉석두부,두부,답십리시장,전통시장,서울특별시,3.0,3.0,,,RESOLVED_AGREEMENT,False,3,,,,
212d20f5ea8944ccd76a,test,두부,T4 구어·문장,q_두부_06,수제 두부,식료품 중 '두부'를 판매·제공하는 매장,de3c9cc3-c685-4b25-942d-1c13a060b6ad,초원두부,두부,춘천동부시장,전통시장,강원특별자치도,3.0,3.0,,,RESOLVED_AGREEMENT,False,3,,,,
75831c9fa3bfe878ca85,test,두부,T4 구어·문장,q_두부_06,수제 두부,식료품 중 '두부'를 판매·제공하는 매장,54ad8e52-01fe-4f03-b15a-ecb2ea5f217e,민속두부,두부,까치산시장,전통시장,서울특별시,3.0,3.0,,,RESOLVED_AGREEMENT,False,3,,,,
bb1e857270417c0dcaa0,test,두부,T4 구어·문장,q_두부_06,수제 두부,식료품 중 '두부'를 판매·제공하는 매장,efe1e70a-8051-4699-bbca-169b0408595c,두부한모,두부,봉일천전통시장,전통시장,경기도,3.0,3.0,,,RESOLVED_AGREEMENT,False,3,,,,
ab65a1cb1b2db317a8eb,test,두부,T4 구어·문장,q_두부_06,수제 두부,식료품 중 '두부'를 판매·제공하는 매장,4f4fa835-c533-4fcd-8c16-233a8ba1cdf7,명랑시대광주월곡점,핫도그 떡볶이,월빛 골목형상점가,골목형상점가,광주광역시,0.0,0.0,,,RESOLVED_AGREEMENT,False,0,,,,
cde8ea7a8212236c1e71,test,두부,T4 구어·문장,q_두부_06,수제 두부,식료품 중 '두부'를 판매·제공하는 매장,2be2ec68-4388-431f-8a2f-a5e57b1b0cc7,두부촌,두부,창원 소계옛길시장,전통시장,경상남도,3.0,3.0,,,RESOLVED_AGREEMENT,False,3,,,,
8323b6ecac29bebb5365,test,두부,T4 구어·문장,q_두부_06,수제 두부,식료품 중 '두부'를 판매·제공하는 매장,00faf8ae-f86f-4c14-86d8-5a72d4ee0e82,신선식품,두부제조,우리시장,자율상권구역,서울특별시,3.0,3.0,,,RESOLVED_AGREEMENT,False,3,,,,
e3055d3580678635b99a,test,두부,T4 구어·문장,q_두부_06,수제 두부,식료품 중 '두부'를 판매·제공하는 매장,701bfe45-bb3e-4254-bdc6-9c0894cf184f,수제 담배 잎,,신정역 골목형상점가,골목형상점가,서울특별시,0.0,0.0,,,RESOLVED_AGREEMENT,False,0,,,,
945df86b0c3ae3dcd4c9,test,두부,T4 구어·문장,q_두부_06,수제 두부,식료품 중 '두부'를 판매·제공하는 매장,ffa4aba4-3f50-48ea-adb1-7e0e3f7b35d8,착한두부,두부,북수원시장( 구 파장시장),전통시장,경기도,3.0,3.0,,,RESOLVED_AGREEMENT,False,3,,,,
8aac001884dd3dcdca74,test,두부,T4 구어·문장,q_두부_06,수제 두부,식료품 중 '두부'를 판매·제공하는 매장,ff645999-5e11-41f5-9848-325dcf5f2be5,건강두부,두부,화서시장,전통시장,경기도,3.0,3.0,,,RESOLVED_AGREEMENT,False,3,,,,
6f1bfb83270bacb5970e,test,두부,T4 구어·문장,q_두부_06,수제 두부,식료품 중 '두부'를 판매·제공하는 매장,69a94f8f-2725-4df2-9d1e-cb4628548927,한뚜부,두부,박달시장,전통시장,경기도,3.0,3.0,,,RESOLVED_AGREEMENT,False,3,,,,
6051f1f2664106892e2c,test,두부,T4 구어·문장,q_두부_06,수제 두부,식료품 중 '두부'를 판매·제공하는 매장,6cb0e649-cf8f-4316-b0fc-8165d779ae8b,대림두부,두부,대림중앙시장,전통시장,서울특별시,3.0,3.0,,,RESOLVED_AGREEMENT,False,3,,,,
3b15aad5be627e6ccc62,test,두부,T4 구어·문장,q_두부_06,수제 두부,식료품 중 '두부'를 판매·제공하는 매장,000cb355-aef1-4aaf-8fb2-cb3f9fd94624,시골즉석두부,두부,신장전통시장,전통시장,경기도,3.0,3.0,,,RESOLVED_AGREEMENT,False,3,,,,
8c1be80e87408ea69fc2,test,두부,T4 구어·문장,q_두부_06,수제 두부,식료품 중 '두부'를 판매·제공하는 매장,c0289b47-4cd2-4923-ad52-bb7831d71ffd,고고두부,두부,테크노밸리 골목형상점가,골목형상점가,대전광역시,3.0,3.0,,,RESOLVED_AGREEMENT,False,3,,,,
5d5fee8e6dfef205b255,test,두부,T4 구어·문장,q_두부_06,수제 두부,식료품 중 '두부'를 판매·제공하는 매장,098053d6-7aa0-4e83-b933-a36e74b1f2ce,이구두부,두부,관문상가시장,전통시장,대구광역시,3.0,3.0,,,RESOLVED_AGREEMENT,False,3,,,,
f80b8c38e012f3e6e2ae,test,두부,T4 구어·문장,q_두부_06,수제 두부,식료품 중 '두부'를 판매·제공하는 매장,56518e37-15c9-4e7e-8e85-2f02143fac88,옛날두부,두부,온천인정시장,전통시장,부산광역시,3.0,3.0,,,RESOLVED_AGREEMENT,False,3,,,,
004c8d2bd23d5c9850f5,test,두부,T4 구어·문장,q_두부_06,수제 두부,식료품 중 '두부'를 판매·제공하는 매장,ee6b54a3-321e-401e-8f14-1e9502b7b83f,장수두부,두부,원당시장(구 원당전통시장),전통시장,경기도,3.0,3.0,,,RESOLVED_AGREEMENT,False,3,,,,
70b65483eb30acd7a858,test,두부,T4 구어·문장,q_두부_06,수제 두부,식료품 중 '두부'를 판매·제공하는 매장,a505d310-e0a4-4ad8-9263-67554df6e2b7,대경두부,두부,법동시장,전통시장,대전광역시,3.0,3.0,,,RESOLVED_AGREEMENT,False,3,,,,
f125da256e4c287087e5,test,두부,T4 구어·문장,q_두부_06,수제 두부,식료품 중 '두부'를 판매·제공하는 매장,53b807ed-8aa9-4dda-b789-36ae56d87f5b,만나두부,두부,영천시장,전통시장,서울특별시,3.0,3.0,,,RESOLVED_AGREEMENT,False,3,,,,
268ca0c9ba18b849056e,test,두부,T4 구어·문장,q_두부_06,수제 두부,식료품 중 '두부'를 판매·제공하는 매장,c43e54d6-4fa8-4477-8fae-98942285f754,맛집두부,두부,용산용문시장,전통시장,서울특별시,3.0,3.0,,,RESOLVED_AGREEMENT,False,3,,,,
8046b918bf5f916fb82b,test,두부,T4 구어·문장,q_두부_06,수제 두부,식료품 중 '두부'를 판매·제공하는 매장,f0bc7d99-f460-4dfc-9344-d6e5986bac5c,해냄식품,두부,고척근린시장,전통시장,서울특별시,3.0,3.0,,,RESOLVED_AGREEMENT,False,3,,,,
4e559d6a9e8ce0435158,test,두부,T4 구어·문장,q_두부_06,수제 두부,식료품 중 '두부'를 판매·제공하는 매장,7c03234b-f3d9-445d-9d91-eb7f33451449,옛날식두부,두부,북구빛나는 골목형상점가,골목형상점가,광주광역시,3.0,3.0,,,RESOLVED_AGREEMENT,False,3,,,,
a4b9f61bdc89229b695a,test,두부,T4 구어·문장,q_두부_06,수제 두부,식료품 중 '두부'를 판매·제공하는 매장,7893cd83-4173-4f62-8f70-979d02d2e321,미성두부,두부,월배시장,전통시장,대구광역시,3.0,3.0,,,RESOLVED_AGREEMENT,False,3,,,,
5edf662432f47d681d5f,test,두부,T4 구어·문장,q_두부_06,수제 두부,식료품 중 '두부'를 판매·제공하는 매장,ab9c6969-da0a-43e1-be2e-3408a3b83706,서울두부,두부,달서시장,전통시장,대구광역시,3.0,3.0,,,RESOLVED_AGREEMENT,False,3,,,,
00875222e3ae2e0f26ff,test,두부,T4 구어·문장,q_두부_06,수제 두부,식료품 중 '두부'를 판매·제공하는 매장,dc90a5aa-bfb2-401f-8728-5f220eed1b9b,두부온,두부,"온양온천시장(온양재래시장, 전통시장)",전통시장,충청남도,3.0,3.0,,,RESOLVED_AGREEMENT,False,3,,,,
ab4b7ac007dbdbb9183b,test,두부,T4 구어·문장,q_두부_06,수제 두부,식료품 중 '두부'를 판매·제공하는 매장,cf04fcd8-d670-4cfe-bc50-eb4d5e07fa95,거창두부,두부,거창 전통시장,전통시장,경상남도,3.0,3.0,,,RESOLVED_AGREEMENT,False,3,,,,
ac01c503bbe4f110145a,test,두부,T4 구어·문장,q_두부_06,수제 두부,식료품 중 '두부'를 판매·제공하는 매장,0293be0f-3086-4d15-94fc-45f3b62de717,신원상회,농산물,학성새벽시장,전통시장,울산광역시,1.0,0.0,,,P2_GRADED_ONLY,True,,,,,
7854b32923c34bd379e6,test,두부,T4 구어·문장,q_두부_06,수제 두부,식료품 중 '두부'를 판매·제공하는 매장,7601bf51-c016-49f1-9691-b0a198db2ed0,순백두부,수제두부,오송역파라곤센트럴시티2차골목형상점가,골목형상점가,충청북도,3.0,3.0,,,RESOLVED_AGREEMENT,False,3,,,,
0f9da8399e61a28cea2a,test,두부,T4 구어·문장,q_두부_06,수제 두부,식료품 중 '두부'를 판매·제공하는 매장,63b5dbef-a922-45fd-b6b9-0be17e7da211,베네베네,,홀릭스,골목형상점가,광주광역시,,0.0,Y,,P0_UNCERTAIN_OR_MISSING,True,,,,,
aa50dea2b94612608f7a,test,두부,T4 구어·문장,q_두부_06,수제 두부,식료품 중 '두부'를 판매·제공하는 매장,d9406998-e5bd-456a-a585-174bdbada603,즉석총각두부,두부,천안중앙시장,전통시장,충청남도,3.0,3.0,,,RESOLVED_AGREEMENT,False,3,,,,
563c56937838972b61e1,test,두부,T4 구어·문장,q_두부_06,수제 두부,식료품 중 '두부'를 판매·제공하는 매장,02e6e7b8-1131-401d-b587-fcff8760568b,우영이네,두부,청주북부시장,전통시장,충청북도,3.0,3.0,,,RESOLVED_AGREEMENT,False,3,,,,
68ff2f20587f1e9e4746,test,두부,T4 구어·문장,q_두부_06,수제 두부,식료품 중 '두부'를 판매·제공하는 매장,7c7337ae-4eb3-4c13-bbd9-f0a8d90d3abf,수제 홍만두,만두,빛가람 로데오 골목형상점가,골목형상점가,전라남도,0.0,0.0,,,RESOLVED_AGREEMENT,False,0,,,,
eae5d2adbb935766c50c,test,두부,T4 구어·문장,q_두부_06,수제 두부,식료품 중 '두부'를 판매·제공하는 매장,4f580439-e2db-485c-ae7f-18d9ee41a805,부자두부,두부,신평리시장,전통시장,대구광역시,3.0,3.0,,,RESOLVED_AGREEMENT,False,3,,,,
ccb822fa95ef4ebebb9a,test,두부,T4 구어·문장,q_두부_06,수제 두부,식료품 중 '두부'를 판매·제공하는 매장,d43529bb-5a2c-474a-8cae-a2101fae1d42,백세두부,두부,대해불빛시장(대해종합시장),전통시장,경상북도,3.0,3.0,,,RESOLVED_AGREEMENT,False,3,,,,
e8c6b918f8ccb7f1bf20,test,두부,T4 구어·문장,q_두부_06,수제 두부,식료품 중 '두부'를 판매·제공하는 매장,fd0dab96-690c-41ee-a7ad-966b58965620,왔따쪽갈비,한식,소반시장 골목형상점가,골목형상점가,부산광역시,1.0,1.0,,,RESOLVED_AGREEMENT,False,1,,,,
364ad72369eb6475a092,test,두부,T4 구어·문장,q_두부_06,수제 두부,식료품 중 '두부'를 판매·제공하는 매장,df151aff-f1e7-45a4-85bd-fa576b442391,콩심이 두부,두부,벌교매일시장,전통시장,전라남도,3.0,3.0,,,RESOLVED_AGREEMENT,False,3,,,,
85e1b8e2767c876c569e,test,두부,T4 구어·문장,q_두부_06,수제 두부,식료품 중 '두부'를 판매·제공하는 매장,1eb76174-e588-4401-b98a-1b0dc8f2e7e8,정두부,두부,다정중앙 골목형상점가,골목형상점가,세종특별자치시,3.0,3.0,,,RESOLVED_AGREEMENT,False,3,,,,
d422c665ea2b846f09dd,test,두부,T4 구어·문장,q_두부_06,수제 두부,식료품 중 '두부'를 판매·제공하는 매장,d714d42d-30ee-466c-8225-46ef226bb860,새두부,두부,부천자유시장,전통시장,경기도,3.0,3.0,,,RESOLVED_AGREEMENT,False,3,,,,
8cd9413b0dd97590cdbe,test,두부,T4 구어·문장,q_두부_06,수제 두부,식료품 중 '두부'를 판매·제공하는 매장,b8a53820-000e-42e0-9ec5-88acbcb09761,천수두부,두부,포항 대이상가 골목형상점가,골목형상점가,경상북도,3.0,3.0,,,RESOLVED_AGREEMENT,False,3,,,,
002aef47eae544802ae2,test,두부,T4 구어·문장,q_두부_06,수제 두부,식료품 중 '두부'를 판매·제공하는 매장,889e86cd-5516-45c8-b45c-d7eff0b80820,삼례두부,두부,삼례상점가,자율상권구역,전북특별자치도,3.0,3.0,,,RESOLVED_AGREEMENT,False,3,,,,
7c000b283147afb9382e,test,두부,T4 구어·문장,q_두부_06,수제 두부,식료품 중 '두부'를 판매·제공하는 매장,d0740585-92d0-48ff-ad13-e7bdbab24b4a,할배,두부,안양남부시장,전통시장,경기도,3.0,3.0,,,RESOLVED_AGREEMENT,False,3,,,,
2f3321febf5d1952a12f,test,두부,T4 구어·문장,q_두부_06,수제 두부,식료품 중 '두부'를 판매·제공하는 매장,b972b786-a2b9-4195-9aeb-02fa32432917,천안태초두부,두부,천안중앙시장,전통시장,충청남도,3.0,3.0,,,RESOLVED_AGREEMENT,False,3,,,,
105087749886f7486daf,test,두부,T4 구어·문장,q_두부_06,수제 두부,식료품 중 '두부'를 판매·제공하는 매장,79a02ca8-fca4-4233-ae0b-5ca42a910e27,매일두부,두부,비단길현대시장,전통시장,서울특별시,3.0,3.0,,,RESOLVED_AGREEMENT,False,3,,,,
2e3dc2624ea6deced1db,test,두부,T4 구어·문장,q_두부_06,수제 두부,식료품 중 '두부'를 판매·제공하는 매장,7cbb53bf-abf1-4deb-a80f-45ad7bf8b1b7,수아두부,두부,부곡시장,전통시장,부산광역시,3.0,3.0,,,RESOLVED_AGREEMENT,False,3,,,,
a06d18c81a794c4c466b,test,두부,T4 구어·문장,q_두부_06,수제 두부,식료품 중 '두부'를 판매·제공하는 매장,a0910011-d125-4169-8d11-44ec571365ff,우미주단,한복 이불,대인시장,전통시장,광주광역시,0.0,0.0,,,RESOLVED_AGREEMENT,False,0,,,,
01a093baba80db67544a,test,두부,T4 구어·문장,q_두부_06,수제 두부,식료품 중 '두부'를 판매·제공하는 매장,85b81335-c54e-4b9c-bbc8-aef9b57d5833,텐텐두부,두부,대림중앙시장,전통시장,서울특별시,3.0,3.0,,,RESOLVED_AGREEMENT,False,3,,,,
a5242b88c6f8cddcb111,test,두부,T4 구어·문장,q_두부_06,수제 두부,식료품 중 '두부'를 판매·제공하는 매장,e449cd7b-a279-465b-8e49-550e12071dae,부부두부,두부,경창시장,전통시장,서울특별시,3.0,3.0,,,RESOLVED_AGREEMENT,False,3,,,,
14e3d87dc8c543cafd21,test,두부,T4 구어·문장,q_두부_06,수제 두부,식료품 중 '두부'를 판매·제공하는 매장,dfdf037d-4ea0-469e-91d8-b7b0dfad7d7e,즉석총각두부,두부,"온양온천시장(온양재래시장, 전통시장)",전통시장,충청남도,3.0,3.0,,,RESOLVED_AGREEMENT,False,3,,,,
ee1397ed9bb1c297d8fe,test,두부,T4 구어·문장,q_두부_06,수제 두부,식료품 중 '두부'를 판매·제공하는 매장,14fd4f98-e599-4490-a56a-3ae8c96c312f,이가네 수제두부,두부,당감새시장,전통시장,부산광역시,3.0,3.0,,,RESOLVED_AGREEMENT,False,3,,,,
fddc411fb9f640310081,test,두부,T4 구어·문장,q_두부_06,수제 두부,식료품 중 '두부'를 판매·제공하는 매장,6fee5688-d168-49c2-99a3-48ec4c5ef776,온두부,두부,산정상인회 골목형상점가,골목형상점가,,3.0,3.0,,,RESOLVED_AGREEMENT,False,3,,,,
1392ba5af99c55e7173c,test,두부,T4 구어·문장,q_두부_06,수제 두부,식료품 중 '두부'를 판매·제공하는 매장,05218ab9-95f3-4c7c-bff8-2abd592ab2d6,역전두부,두부,마산역번개시장,전통시장,경상남도,3.0,3.0,,,RESOLVED_AGREEMENT,False,3,,,,
2a4c169dfd7e0fd3061b,test,두부,T4 구어·문장,q_두부_06,수제 두부,식료품 중 '두부'를 판매·제공하는 매장,dae1d6a1-6523-427e-9f4d-e3ad91073096,더두부,두부 순두부,춘천번개시장,전통시장,강원특별자치도,3.0,3.0,,,RESOLVED_AGREEMENT,False,3,,,,
c84f4ef0b9d8605ddafb,test,복합,T3 개념확장,q_복합_01,먹거리,기타 중 '복합'을 판매·제공하는 매장,4dd2a7a5-2a23-44dc-a69a-947496f9eb6c,미가먹거리,한식,거창 전통시장,전통시장,경상남도,2.0,3.0,,,P2_GRADED_ONLY,True,,,,,
297dd002184afa10755f,test,복합,T3 개념확장,q_복합_01,먹거리,기타 중 '복합'을 판매·제공하는 매장,cb75f477-e6fd-4024-a1c5-1a33872fb95b,하당먹거리,한식,달아실 골목형상점가,골목형상점가,광주광역시,2.0,3.0,,,P2_GRADED_ONLY,True,,,,,
cf1d9964146c2ee4e9cf,test,복합,T3 개념확장,q_복합_01,먹거리,기타 중 '복합'을 판매·제공하는 매장,969d771e-7baf-4eb0-9300-ad8ecfc3a565,먹거리1번지,한식,대왕암 월봉시장,전통시장,울산광역시,2.0,3.0,,,P2_GRADED_ONLY,True,,,,,
43635da9a9d40b66a2ce,test,복합,T3 개념확장,q_복합_01,먹거리,기타 중 '복합'을 판매·제공하는 매장,00dcfeff-cf4b-4e7c-a401-fa32451e5aff,시즌글라스 광주 운림점,화장품 등 생활용품,동적골 골목형상점가,골목형상점가,광주광역시,1.0,2.0,,,P1_BINARY_THRESHOLD,True,,,,,
7e67775d9513a85a98ed,test,복합,T3 개념확장,q_복합_01,먹거리,기타 중 '복합'을 판매·제공하는 매장,900bbb99-a5e9-40a1-9f7d-a36326f6be4e,먹거리장터,순대국,현대시장,전통시장,인천광역시,2.0,3.0,,,P2_GRADED_ONLY,True,,,,,
1ef1f5756fe9cef36d91,test,복합,T3 개념확장,q_복합_01,먹거리,기타 중 '복합'을 판매·제공하는 매장,018a1385-dc68-48d1-bfdf-22fa04be4af2,알파문구 광주동강대점,문구 생활용품 전산용품 환경용품 외,말바우지키미 골목형상점가,골목형상점가,광주광역시,1.0,2.0,,,P1_BINARY_THRESHOLD,True,,,,,
833b922152795b556419,test,복합,T3 개념확장,q_복합_01,먹거리,기타 중 '복합'을 판매·제공하는 매장,3eda6a1f-94ce-4160-9365-f7bed49cabab,남문먹거리,분식,전주풍남문상점가,자율상권구역,전북특별자치도,2.0,3.0,,,P2_GRADED_ONLY,True,,,,,
b5a1195c1a301aba8ca8,test,복합,T3 개념확장,q_복합_01,먹거리,기타 중 '복합'을 판매·제공하는 매장,521e8e77-a92a-48fe-ba91-c0dae8d33415,웰빙먹거리,음식,하동 화개장터,전통시장,경상남도,2.0,3.0,,,P2_GRADED_ONLY,True,,,,,
d3046bb8062110216749,test,복합,T3 개념확장,q_복합_01,먹거리,기타 중 '복합'을 판매·제공하는 매장,fc750126-cd99-4541-9bf1-8b905bd0af2b,연이네 먹거리 포차,한식,남양시장골목형상점가,골목형상점가,경기도,2.0,3.0,,,P2_GRADED_ONLY,True,,,,,
4f45005e8818c33df03d,test,복합,T3 개념확장,q_복합_01,먹거리,기타 중 '복합'을 판매·제공하는 매장,38ff9b08-23a4-4c52-8c25-9630142719ad,먹거리과일,과일,계산시장,전통시장,인천광역시,2.0,3.0,,,P2_GRADED_ONLY,True,,,,,
ddb21c86bd48092c8b1f,test,복합,T3 개념확장,q_복합_01,먹거리,기타 중 '복합'을 판매·제공하는 매장,00295b4a-ed81-4dfb-90a3-70fdd5cb27f1,생활용품할인매장,생활용품,계산시장,전통시장,인천광역시,1.0,1.0,,,RESOLVED_AGREEMENT,False,1,,,,
5d2160f49670ae73d0c1,test,복합,T3 개념확장,q_복합_01,먹거리,기타 중 '복합'을 판매·제공하는 매장,85edad6c-a9f0-48f2-ba28-1783cfd8781e,먹거리,한식,문창시장,전통시장,대전광역시,2.0,3.0,,,P2_GRADED_ONLY,True,,,,,
dc8a33177cc05bbbaaf2,test,복합,T3 개념확장,q_복합_01,먹거리,기타 중 '복합'을 판매·제공하는 매장,4007b18a-f0e7-4511-b284-fa271f6ab0b5,먹거리천국식당,한식,창원 상남시장,전통시장,경상남도,2.0,3.0,,,P2_GRADED_ONLY,True,,,,,
042e05dc822b17d1f168,test,복합,T3 개념확장,q_복합_01,먹거리,기타 중 '복합'을 판매·제공하는 매장,3477a3a5-ed5e-477a-8e7c-94609b70c07b,영희네먹거리,,미장사랑 골목형상점가,골목형상점가,전북특별자치도,3.0,3.0,,,RESOLVED_AGREEMENT,False,3,,,,
2e94aecaa89dfb5d93c5,test,복합,T3 개념확장,q_복합_01,먹거리,기타 중 '복합'을 판매·제공하는 매장,a27a77bb-5a4a-4ce0-96d5-7e47529a61ca,화정먹거리,한식,상동 패션거리 골목형상점가,골목형상점가,전라남도,2.0,3.0,,,P2_GRADED_ONLY,True,,,,,
dcacfca2778b393946fa,test,복합,T3 개념확장,q_복합_01,먹거리,기타 중 '복합'을 판매·제공하는 매장,c128b229-9d0b-4640-9935-dea988bf1691,고향먹거리,한식,강릉중앙시장,전통시장,강원특별자치도,2.0,3.0,,,P2_GRADED_ONLY,True,,,,,
273bea5df5413bcbbfdb,test,복합,T3 개념확장,q_복합_01,먹거리,기타 중 '복합'을 판매·제공하는 매장,be2f28df-ffd5-4506-932a-671efbb67b6a,먹거리본부향남2지구,,화성향남2지구상점가,자율상권구역,경기도,3.0,3.0,,,RESOLVED_AGREEMENT,False,3,,,,
4c49b11b62eb9e35e2f2,test,복합,T3 개념확장,q_복합_01,먹거리,기타 중 '복합'을 판매·제공하는 매장,b2a99818-33c7-4726-bb20-e9baad4c69c6,먹거리타운,분식,강진중앙로상가,자율상권구역,전라남도,2.0,3.0,,,P2_GRADED_ONLY,True,,,,,
79160a18a9b5378458c2,test,복합,T3 개념확장,q_복합_01,먹거리,기타 중 '복합'을 판매·제공하는 매장,7cbf7143-327f-45a3-acf7-a65e9861490f,먹거리,한식,동울산종합시장,전통시장,울산광역시,2.0,3.0,,,P2_GRADED_ONLY,True,,,,,
83b3df8c803f5a6414c5,test,복합,T3 개념확장,q_복합_01,먹거리,기타 중 '복합'을 판매·제공하는 매장,77fb6d73-bda0-4b9d-883c-ac4ce3600467,육거리명가전집,먹거리,청주육거리종합시장,전통시장,충청북도,3.0,3.0,,,RESOLVED_AGREEMENT,False,3,,,,
87a5bcb70468d8b38a7c,test,복합,T3 개념확장,q_복합_01,먹거리,기타 중 '복합'을 판매·제공하는 매장,5ef13b10-9784-4915-926e-f42ce95db5f8,신안먹거리,한식,남악시장골목형상점가,골목형상점가,전라남도,2.0,3.0,,,P2_GRADED_ONLY,True,,,,,
d2e3905561b195f87e92,test,복합,T3 개념확장,q_복합_01,먹거리,기타 중 '복합'을 판매·제공하는 매장,4ca08da2-06a4-413d-aeb9-26a573f806e3,송월종합식품,"식품, 잡화, 농수산물",안강공설시장,전통시장,경상북도,3.0,3.0,,,RESOLVED_AGREEMENT,False,3,,,,
35397f8337c1974a0c13,test,복합,T3 개념확장,q_복합_01,먹거리,기타 중 '복합'을 판매·제공하는 매장,7a7eae08-0edf-4688-bf27-f7b6fff5dcdc,먹거리하우스,,분천산타마을 골목형상점가,골목형상점가,경상북도,3.0,3.0,,,RESOLVED_AGREEMENT,False,3,,,,
2c2dbbec52e87a08c1dc,test,복합,T3 개념확장,q_복합_01,먹거리,기타 중 '복합'을 판매·제공하는 매장,d0ffb9dc-0717-48a8-b6d8-f0610a0b4de6,먹거리천국,한식,영동전통시장,전통시장,충청북도,2.0,3.0,,,P2_GRADED_ONLY,True,,,,,
bc2045f0dcfca3de9234,test,복합,T3 개념확장,q_복합_01,먹거리,기타 중 '복합'을 판매·제공하는 매장,e0f9a4eb-3b1a-4b6b-84a8-9ddda6e14c33,송하먹거리,한식,중앙먹거리 상인회 골목형상점가,골목형상점가,전라남도,2.0,3.0,,,P2_GRADED_ONLY,True,,,,,
48e0f6ea0d4507e4542e,test,복합,T3 개념확장,q_복합_01,먹거리,기타 중 '복합'을 판매·제공하는 매장,e39a0e33-d320-47fe-b84f-617cf146d3d3,한성먹거리,한식,포남용마거리골목형상점가,골목형상점가,강원특별자치도,2.0,3.0,,,P2_GRADED_ONLY,True,,,,,
a244689210393ed7231f,test,복합,T3 개념확장,q_복합_01,먹거리,기타 중 '복합'을 판매·제공하는 매장,7c23a58b-1918-4aed-be24-096c510a8d85,나드리먹거리,,동송전통시장,전통시장,강원특별자치도,3.0,3.0,,,RESOLVED_AGREEMENT,False,3,,,,
fcfb27d0bff947b91489,test,복합,T3 개념확장,q_복합_01,먹거리,기타 중 '복합'을 판매·제공하는 매장,068bb349-9b78-43e0-a8df-e8ef31da46a7,먹거리아,식품,진해중앙시장,전통시장,경상남도,3.0,3.0,,,RESOLVED_AGREEMENT,False,3,,,,
4a744ede491a2868255f,test,복합,T3 개념확장,q_복합_01,먹거리,기타 중 '복합'을 판매·제공하는 매장,ce797c83-0de1-4574-9968-dd04fc23db37,승달먹거리,,승달 골목형상점가,골목형상점가,,3.0,3.0,,,RESOLVED_AGREEMENT,False,3,,,,
3b7b2013089c84556582,test,복합,T3 개념확장,q_복합_01,먹거리,기타 중 '복합'을 판매·제공하는 매장,513a0d74-0a8f-455b-926f-34a92a88d2ae,행복먹거리,,강릉성남시장,전통시장,강원특별자치도,3.0,3.0,,,RESOLVED_AGREEMENT,False,3,,,,
328c83d2ae6c2e36c2b4,test,복합,T3 개념확장,q_복합_01,먹거리,기타 중 '복합'을 판매·제공하는 매장,af82171e-823f-4adb-9ca2-26f28ef5f3d5,까치먹거리,한식,단양구경시장(단양인정시장),전통시장,충청북도,2.0,3.0,,,P2_GRADED_ONLY,True,,,,,
8a3171435d0c09be2eb9,test,복합,T3 개념확장,q_복합_01,먹거리,기타 중 '복합'을 판매·제공하는 매장,9e8d1e68-f7c8-4b02-bc9b-4d93b58e896a,북항먹거리,,뒷개로청춘골목상점가,골목형상점가,전라남도,3.0,3.0,,,RESOLVED_AGREEMENT,False,3,,,,
2fce964470eedd215b3e,test,복합,T3 개념확장,q_복합_01,먹거리,기타 중 '복합'을 판매·제공하는 매장,846dc27e-1e79-48bb-b0ad-bbef2455e763,먹거리,분식,괴산시장,전통시장,충청북도,2.0,3.0,,,P2_GRADED_ONLY,True,,,,,
d34899c1b73feea13b8c,test,복합,T3 개념확장,q_복합_01,먹거리,기타 중 '복합'을 판매·제공하는 매장,9b9f48f3-d772-45f5-a9bd-48e508c4193b,먹거리식당,,남원시 원도심 상권활성화 구역,상권활성화구역,전북특별자치도,3.0,3.0,,,RESOLVED_AGREEMENT,False,3,,,,
fd71986878a0b4764bc5,test,복합,T3 개념확장,q_복합_01,먹거리,기타 중 '복합'을 판매·제공하는 매장,60da9db2-7498-4ede-a415-d66834f48dfe,먹거리장터,음식,무안전통시장,전통시장,전라남도,2.0,3.0,,,P2_GRADED_ONLY,True,,,,,
1c57b9095ae2ade1d85f,test,복합,T3 개념확장,q_복합_01,먹거리,기타 중 '복합'을 판매·제공하는 매장,120e46c2-be8a-4f8a-a7d2-c0ad06979411,소주물 경북도청점,,(예천)새움로 골목형상점가,골목형상점가,경상북도,0.0,2.0,,,P1_BINARY_THRESHOLD,True,,,,,
be313c8f20cad0d771c7,test,복합,T3 개념확장,q_복합_01,먹거리,기타 중 '복합'을 판매·제공하는 매장,acb5fee9-66fb-4cf1-b205-d24e8422c9e2,명동길D.C마트,,금촌명동로시장,전통시장,경기도,0.0,3.0,,,P1_BINARY_THRESHOLD,True,,,,,
ef46b2be6c52ae19be91,test,복합,T3 개념확장,q_복합_01,먹거리,기타 중 '복합'을 판매·제공하는 매장,8c641343-8cd9-4db5-bce5-09c251a058d7,용해먹거리,한식,용해동 포미타운 골목형상점가,골목형상점가,전라남도,2.0,3.0,,,P2_GRADED_ONLY,True,,,,,
30d55d97812d1b64cdb3,test,복합,T3 개념확장,q_복합_01,먹거리,기타 중 '복합'을 판매·제공하는 매장,11627d61-6cc3-43e1-ada9-49f258f5a43c,시장먹거리,한식,합덕중앙상점가,자율상권구역,충청남도,2.0,3.0,,,P2_GRADED_ONLY,True,,,,,
f5d31549b18d7975a99a,test,복합,T3 개념확장,q_복합_01,먹거리,기타 중 '복합'을 판매·제공하는 매장,e83a0005-058a-4ec5-ac4c-a97fbcbd4c01,보건당 한약방,한약,오월첫동네 골목형상점가,골목형상점가,광주광역시,0.0,2.0,,,P1_BINARY_THRESHOLD,True,,,,,
cc10ebbc94754aae8a25,test,복합,T3 개념확장,q_복합_01,먹거리,기타 중 '복합'을 판매·제공하는 매장,c98dc137-38d7-4964-8f14-fe73b17f4297,먹거리식당,한식,마산 신마산시장,전통시장,경상남도,2.0,3.0,,,P2_GRADED_ONLY,True,,,,,
841fec4abacfa54a52be,test,복합,T3 개념확장,q_복합_01,먹거리,기타 중 '복합'을 판매·제공하는 매장,1417513c-ef4c-461f-b856-69004f8e2343,호선먹거리,분식,청주육거리종합시장,전통시장,충청북도,2.0,3.0,,,P2_GRADED_ONLY,True,,,,,
09b86790e33c3f8b77af,test,복합,T3 개념확장,q_복합_01,먹거리,기타 중 '복합'을 판매·제공하는 매장,bcf8f2e8-e82f-4966-8806-4822e16cf518,춈춈먹거리,분식,삼환분산상가,골목형상점가,부산광역시,2.0,3.0,,,P2_GRADED_ONLY,True,,,,,
ecb411bb0fb473c58736,test,복합,T3 개념확장,q_복합_01,먹거리,기타 중 '복합'을 판매·제공하는 매장,010721c0-fa4c-4c34-a6f7-f774fd2c9375,자광메디컬CO,도소매(의료용구 생활용품),지동시장,전통시장,경기도,1.0,2.0,,,P1_BINARY_THRESHOLD,True,,,,,
3f6db8f917348fc285e9,test,복합,T3 개념확장,q_복합_01,먹거리,기타 중 '복합'을 판매·제공하는 매장,03daa804-03b2-4db9-a3da-4d804acdc987,먹거리곱창,음식점,정릉시장,전통시장,서울특별시,2.0,3.0,,,P2_GRADED_ONLY,True,,,,,
0297e48a75120a7d41dd,test,복합,T3 개념확장,q_복합_01,먹거리,기타 중 '복합'을 판매·제공하는 매장,56d5fb7c-c4fb-4c80-b5b1-925f733b8efa,먹거리맛집,한식,동원전통종합시장,전통시장,서울특별시,2.0,3.0,,,P2_GRADED_ONLY,True,,,,,
42730e2ea1967da3edf6,test,복합,T3 개념확장,q_복합_01,먹거리,기타 중 '복합'을 판매·제공하는 매장,0a06af20-43fb-46b0-8fe1-a3e5c3b74138,먹거리식당,음식점,인현시장 상점가,자율상권구역,서울특별시,2.0,3.0,,,P2_GRADED_ONLY,True,,,,,
0d283149f624360d965d,test,복합,T3 개념확장,q_복합_01,먹거리,기타 중 '복합'을 판매·제공하는 매장,008d4156-e489-4d1f-9205-b541972d35a8,과일왕,과일 잡화 야채 먹거리,연제동 골목형상점가,골목형상점가,광주광역시,3.0,3.0,,,RESOLVED_AGREEMENT,False,3,,,,
1af7886a44727314fa4d,test,복합,T3 개념확장,q_복합_01,먹거리,기타 중 '복합'을 판매·제공하는 매장,0a1aebb5-73bb-48bc-ad0f-8a67af38592e,먹거리순대국,음식점,사가정시장,전통시장,서울특별시,2.0,3.0,,,P2_GRADED_ONLY,True,,,,,
1b1c7acb2d30c26db626,test,복합,T3 개념확장,q_복합_01,먹거리,기타 중 '복합'을 판매·제공하는 매장,0f3f56ae-bd9d-4347-8bc5-5ee578cc9a10,보니타데이,,쉬고거리제2골목형상점가,골목형상점가,경기도,,2.0,Y,,P0_UNCERTAIN_OR_MISSING,True,,,,,
12042a0849cdb2a557bb,test,복합,T3 개념확장,q_복합_01,먹거리,기타 중 '복합'을 판매·제공하는 매장,5e0faba2-6621-465a-a210-612eb8cb2c9a,관문먹거리,,관문상가시장,전통시장,대구광역시,3.0,3.0,,,RESOLVED_AGREEMENT,False,3,,,,
9360f646dbb0bed5b306,test,복합,T3 개념확장,q_복합_01,먹거리,기타 중 '복합'을 판매·제공하는 매장,e86a2e02-c550-4c36-91da-b045b82cbb46,먹거리천국,음식점,문경중앙시장,전통시장,경상북도,2.0,3.0,,,P2_GRADED_ONLY,True,,,,,
43c0e67eec34b08fe5f0,test,복합,T3 개념확장,q_복합_01,먹거리,기타 중 '복합'을 판매·제공하는 매장,1a7b7dfb-49c5-4a80-b25c-74744d09b282,옥이네 먹거리,한식,서울중앙시장,전통시장,서울특별시,2.0,3.0,,,P2_GRADED_ONLY,True,,,,,
63e741a9cd86fae708ec,test,복합,T3 개념확장,q_복합_01,먹거리,기타 중 '복합'을 판매·제공하는 매장,09c8296c-5767-41c7-a44e-6f43ad9563af,먹거리,한식,익산그린상점가,자율상권구역,전북특별자치도,2.0,3.0,,,P2_GRADED_ONLY,True,,,,,
3e089a75fa46af8836cc,test,복합,T3 개념확장,q_복합_01,먹거리,기타 중 '복합'을 판매·제공하는 매장,47d6418d-b8e2-40e0-95cf-0d97ba343e4e,토탈먹거리,분식,감전시장,전통시장,부산광역시,2.0,3.0,,,P2_GRADED_ONLY,True,,,,,
320597126c5e6750b74f,test,복합,T3 개념확장,q_복합_01,먹거리,기타 중 '복합'을 판매·제공하는 매장,2ea8c99f-1cdb-400c-be88-7e7d7ff1a511,먹거리장터,반찬가게,정자시장,전통시장,경기도,2.0,3.0,,,P2_GRADED_ONLY,True,,,,,
118a8d8061e80248f02e,test,복합,T3 개념확장,q_복합_01,먹거리,기타 중 '복합'을 판매·제공하는 매장,ede5b813-9577-492b-aa97-133a9634fbfa,이정이네 먹거리,한식,남악사랑 골목형상점가,골목형상점가,전라남도,2.0,3.0,,,P2_GRADED_ONLY,True,,,,,
c8074de87a64c17b8b65,test,복합,T3 개념확장,q_복합_01,먹거리,기타 중 '복합'을 판매·제공하는 매장,01f258d2-85d5-4b2e-a9f2-b61b1fc174ce,리빙마트,생활용품,일죽시장,전통시장,경기도,1.0,3.0,,,P1_BINARY_THRESHOLD,True,,,,,
d24110de64249c30978f,test,복합,T3 개념확장,q_복합_01,먹거리,기타 중 '복합'을 판매·제공하는 매장,94b2bcce-4a65-4dc0-b375-dc2c6694a73e,반도약국,약,진주 중앙상점가,자율상권구역,경상남도,0.0,2.0,,,P1_BINARY_THRESHOLD,True,,,,,
00b416eaabfe90997589,test,복합,T3 개념확장,q_복합_01,먹거리,기타 중 '복합'을 판매·제공하는 매장,28d95c61-b067-4781-9434-af330ad4c3ca,먹거리야식,한식,오창전통시장,전통시장,충청북도,2.0,3.0,,,P2_GRADED_ONLY,True,,,,,
a9be5b4b6d8e801e1f37,test,복합,T3 개념확장,q_복합_01,먹거리,기타 중 '복합'을 판매·제공하는 매장,6f15f2f3-0f04-4912-af86-51be075a34b8,올바른 먹거리,한식,배방상점가,자율상권구역,충청남도,2.0,3.0,,,P2_GRADED_ONLY,True,,,,,
75f3457a3a7d058ab412,test,복합,T3 개념확장,q_복합_01,먹거리,기타 중 '복합'을 판매·제공하는 매장,0cc3f2cc-eff5-4f10-91c7-4bc0e1cc4bdb,먹거리국수,음식,부전농수산물새벽시장,전통시장,부산광역시,2.0,3.0,,,P2_GRADED_ONLY,True,,,,,
21f82739582a8334aaf7,test,복합,T3 개념확장,q_복합_01,먹거리,기타 중 '복합'을 판매·제공하는 매장,58615909-586c-40ce-9371-713dd0222ba3,장안먹거리,한식,조원동상인연합회 골목형상점가,골목형상점가,경기도,2.0,3.0,,,P2_GRADED_ONLY,True,,,,,
8c563e245411c058c23f,test,복합,T3 개념확장,q_복합_01,먹거리,기타 중 '복합'을 판매·제공하는 매장,9c91eb35-e753-4b36-a823-f62a1efa7277,웰빙먹거리,한식,두꺼비시장,전통시장,충청북도,2.0,3.0,,,P2_GRADED_ONLY,True,,,,,
c91b017d207e7b972b6b,test,복합,T3 개념확장,q_복합_01,먹거리,기타 중 '복합'을 판매·제공하는 매장,1e871e00-1f21-4439-bfff-97637284b6ed,이슬먹거리,한식,서동시장(창인시장),전통시장,전북특별자치도,2.0,3.0,,,P2_GRADED_ONLY,True,,,,,
39bd2f12fb96ead16880,test,복합,T3 개념확장,q_복합_01,먹거리,기타 중 '복합'을 판매·제공하는 매장,6a819bf3-015f-4cb7-b1c5-734bea7c43b3,먹거리집,한식,행복로골목형상점가,골목형상점가,경기도,2.0,3.0,,,P2_GRADED_ONLY,True,,,,,
adfd6c8031e1e08e654c,test,복합,T3 개념확장,q_복합_01,먹거리,기타 중 '복합'을 판매·제공하는 매장,836286db-d1e7-452f-9a30-f000aa2c7779,먹거리마당,,일산시장(구 일산전통시장),전통시장,경기도,3.0,3.0,,,RESOLVED_AGREEMENT,False,3,,,,
3623caa3362d083523db,test,복합,T3 개념확장,q_복합_01,먹거리,기타 중 '복합'을 판매·제공하는 매장,19738996-6f58-4eff-af87-02b9d190353d,꼬마대통령,서적,금리단길 골목형상점가,골목형상점가,부산광역시,0.0,2.0,,,P1_BINARY_THRESHOLD,True,,,,,
0ef74bd23b64a302be09,test,복합,T3 개념확장,q_복합_01,먹거리,기타 중 '복합'을 판매·제공하는 매장,83759df2-bd81-462b-a5b9-e6b5313222ab,남도먹거리,한식,행복로골목형상점가,골목형상점가,경기도,2.0,3.0,,,P2_GRADED_ONLY,True,,,,,
6949a1b3e898a18138e1,test,복합,T3 개념확장,q_복합_01,먹거리,기타 중 '복합'을 판매·제공하는 매장,35ec23b8-e61b-41c6-bade-a89eaa9dcfcb,넘버원 스크린 골프연습장,스크린 골프 연습 카카오 스크린골프 게임,용봉지구 골목형상점가,골목형상점가,광주광역시,0.0,2.0,,,P1_BINARY_THRESHOLD,True,,,,,
62bd11027d8ebf4b2bd2,test,복합,T3 개념확장,q_복합_01,먹거리,기타 중 '복합'을 판매·제공하는 매장,eab05aae-7c2a-4632-80f7-6cdbbeae9b3f,먹거리식당,음식,창원 봉곡프라자상가,전통시장,경상남도,2.0,3.0,,,P2_GRADED_ONLY,True,,,,,
39a7c618939b470d84bc,test,복합,T3 개념확장,q_복합_01,먹거리,기타 중 '복합'을 판매·제공하는 매장,afadf50b-54f9-4057-ac9f-f43f30f289d9,먹거리식당,한식,의정부역지하상가,일반지하상점가,경기도,2.0,3.0,,,P2_GRADED_ONLY,True,,,,,
c949caa53c27f8c03114,test,복합,T4 구어·문장,q_복합_02,명절 선물세트,기타 중 '복합'을 판매·제공하는 매장,f4f482e4-d6f0-476c-a5a4-62a8e2dcc592,선물코너,잡화,해미읍성전통시장,전통시장,충청남도,1.0,3.0,,,P1_BINARY_THRESHOLD,True,,,,,
5144ee47c6ca1fd27e53,test,복합,T4 구어·문장,q_복합_02,명절 선물세트,기타 중 '복합'을 판매·제공하는 매장,e67744e7-ba71-4bec-ac59-8b419330e382,비러브드 선물가게,,프로방스2번가 골목형상점가,골목형상점가,,,1.0,Y,,P0_UNCERTAIN_OR_MISSING,True,,,,,
ac04f129a4cff19c6be6,test,복합,T4 구어·문장,q_복합_02,명절 선물세트,기타 중 '복합'을 판매·제공하는 매장,683dd5f2-2401-461e-8158-f25ba0cb32a1,마루의 선물가게,,예산상설시장,전통시장,충청남도,,1.0,Y,,P0_UNCERTAIN_OR_MISSING,True,,,,,
0a950f3ebf8bbd5feda2,test,복합,T4 구어·문장,q_복합_02,명절 선물세트,기타 중 '복합'을 판매·제공하는 매장,1598b70a-9430-47f1-93d8-74544ad678a8,선물의집,의류,원미종합시장,전통시장,경기도,0.0,2.0,,,P1_BINARY_THRESHOLD,True,,,,,
8467dfb69fa8928f9bf9,test,복합,T4 구어·문장,q_복합_02,명절 선물세트,기타 중 '복합'을 판매·제공하는 매장,cd133c95-b179-41b0-a890-194fe7d50196,조광사,선물용품,대전도매시장,전통시장,대전광역시,3.0,2.0,,,P2_GRADED_ONLY,True,,,,,
f9d4a88f1864bcafdabe,test,복합,T4 구어·문장,q_복합_02,명절 선물세트,기타 중 '복합'을 판매·제공하는 매장,a24ae40b-7ac1-48f5-a623-7275075e9606,선물백화점,패션잡화,삼승원남시장(원남재래시장),전통시장,충청북도,1.0,3.0,,,P1_BINARY_THRESHOLD,True,,,,,
e91186662f22faad2645,test,복합,T4 구어·문장,q_복합_02,명절 선물세트,기타 중 '복합'을 판매·제공하는 매장,4fef9646-a100-4ad3-8a89-d387b8c53841,선물공작소 란 Ran,,부천역 지하도로 상가,일반지하상점가,경기도,,2.0,Y,,P0_UNCERTAIN_OR_MISSING,True,,,,,
4d00730971ba329ab666,test,복합,T4 구어·문장,q_복합_02,명절 선물세트,기타 중 '복합'을 판매·제공하는 매장,937de7d1-e0c2-47b1-9618-c3918d524e6a,구포식육점,식육,구포축산물도매시장,전통시장,부산광역시,0.0,2.0,,,P1_BINARY_THRESHOLD,True,,,,,
296a46179aee0df8b711,test,복합,T4 구어·문장,q_복합_02,명절 선물세트,기타 중 '복합'을 판매·제공하는 매장,5ad0dcd7-f25e-4b07-ad26-44b9853b2d6d,명절,한식,발안만세시장(구 발안시장),전통시장,경기도,1.0,2.0,,,P1_BINARY_THRESHOLD,True,,,,,
e67b1cdd0197435ace02,test,복합,T4 구어·문장,q_복합_02,명절 선물세트,기타 중 '복합'을 판매·제공하는 매장,2a2ed3db-a16c-40f7-b5de-590b7ff0a46b,밤비,의류,이태원시장,전통시장,서울특별시,0.0,2.0,,,P1_BINARY_THRESHOLD,True,,,,,
90d66187b50c5bc885b2,test,복합,T4 구어·문장,q_복합_02,명절 선물세트,기타 중 '복합'을 판매·제공하는 매장,fa42b768-0b89-48f8-8287-18447776d58a,건어물세상,건어물,토지금고시장,전통시장,인천광역시,0.0,2.0,,,P1_BINARY_THRESHOLD,True,,,,,
8b3a2ba8bbaf75d869e8,test,복합,T4 구어·문장,q_복합_02,명절 선물세트,기타 중 '복합'을 판매·제공하는 매장,f3d45df1-31ce-4de3-ac20-c5c94798f244,선물의집,"소매(선물용품,액세서리)",신안코아,전통시장,경기도,3.0,2.0,,,P2_GRADED_ONLY,True,,,,,
541f5ee739ad46353fdf,test,복합,T4 구어·문장,q_복합_02,명절 선물세트,기타 중 '복합'을 판매·제공하는 매장,00dcfeff-cf4b-4e7c-a401-fa32451e5aff,시즌글라스 광주 운림점,화장품 등 생활용품,동적골 골목형상점가,골목형상점가,광주광역시,1.0,2.0,,,P1_BINARY_THRESHOLD,True,,,,,
c83ce8af4b8cb7472491,test,복합,T4 구어·문장,q_복합_02,명절 선물세트,기타 중 '복합'을 판매·제공하는 매장,7c529746-170e-47d0-9d96-fb0dca4991f0,정육용품총판 (우성),정육자재 선물세트,인천축산물시장,전통시장,인천광역시,3.0,2.0,,,P2_GRADED_ONLY,True,,,,,
f466092754726b2267eb,test,복합,T4 구어·문장,q_복합_02,명절 선물세트,기타 중 '복합'을 판매·제공하는 매장,762f1724-25d1-4611-a845-323cbe30ca33,식사준비,간편조리세트,동천동먹자골목2번가상인회 골목형상점가,골목형상점가,광주광역시,0.0,2.0,,,P1_BINARY_THRESHOLD,True,,,,,
83fd34879a82a04b115f,test,복합,T4 구어·문장,q_복합_02,명절 선물세트,기타 중 '복합'을 판매·제공하는 매장,44cee1c7-b26d-408e-80e7-cbfe5d212f48,비러브드 선물가게,,프로방스2번가 골목형상점가,골목형상점가,,,1.0,Y,,P0_UNCERTAIN_OR_MISSING,True,,,,,
1eece06694cff1785ac1,test,복합,T4 구어·문장,q_복합_02,명절 선물세트,기타 중 '복합'을 판매·제공하는 매장,6f597b47-2e7b-4fd5-be3f-889619b3cafc,선물의 집,건어물,대천항수산시장,전통시장,충청남도,0.0,2.0,,,P1_BINARY_THRESHOLD,True,,,,,
b903741f25d98094e323,test,복합,T4 구어·문장,q_복합_02,명절 선물세트,기타 중 '복합'을 판매·제공하는 매장,3d731003-a9a2-423a-acec-f74ec0360911,소연네의류수선선물의,"의류수선, 선물",북평민속시장(북평민속5일장),전통시장,강원특별자치도,0.0,2.0,,,P1_BINARY_THRESHOLD,True,,,,,
0a7125bb2cab733729e1,test,복합,T4 구어·문장,q_복합_02,명절 선물세트,기타 중 '복합'을 판매·제공하는 매장,fc2eb97b-2f30-48fd-8a2e-3b7dbc7febc6,대경약국,의약품,충무동해안시장,전통시장,부산광역시,0.0,2.0,,,P1_BINARY_THRESHOLD,True,,,,,
02b2c73081b98a12db7a,test,복합,T4 구어·문장,q_복합_02,명절 선물세트,기타 중 '복합'을 판매·제공하는 매장,5b8e7cc3-c8c8-43c9-98de-7f28a772af2a,선물코너,모자가방팻션용품,마산 부림시장,전통시장,경상남도,0.0,2.0,,,P1_BINARY_THRESHOLD,True,,,,,
3d4b92c32b2f5b923bf9,test,복합,T4 구어·문장,q_복합_02,명절 선물세트,기타 중 '복합'을 판매·제공하는 매장,010721c0-fa4c-4c34-a6f7-f774fd2c9375,자광메디컬CO,도소매(의료용구 생활용품),지동시장,전통시장,경기도,1.0,2.0,,,P1_BINARY_THRESHOLD,True,,,,,
1a125a7491103f98bcfb,test,복합,T4 구어·문장,q_복합_02,명절 선물세트,기타 중 '복합'을 판매·제공하는 매장,2df15a02-3c5f-41ef-967d-5afc43b5abbe,나이스가이범계역점,서비스(이용업),평촌1번가 상점가,자율상권구역,경기도,0.0,2.0,,,P1_BINARY_THRESHOLD,True,,,,,
257f635e726574786c33,test,복합,T4 구어·문장,q_복합_02,명절 선물세트,기타 중 '복합'을 판매·제공하는 매장,01a29a1c-e28d-4b21-a627-13a8c8dee1de,화홍농산물,농산물,반딧불이연무시장,전통시장,경기도,0.0,2.0,,,P1_BINARY_THRESHOLD,True,,,,,
2cdd54c3b9319cece073,test,복합,T4 구어·문장,q_복합_02,명절 선물세트,기타 중 '복합'을 판매·제공하는 매장,e70afdb5-083d-4754-9b9a-042fb0d580f7,선물의집,잡화,옥계OK골목형상점가,골목형상점가,강원특별자치도,1.0,3.0,,,P1_BINARY_THRESHOLD,True,,,,,
10496b1cc2d794828c44,test,복합,T4 구어·문장,q_복합_02,명절 선물세트,기타 중 '복합'을 판매·제공하는 매장,1111261b-1800-4177-bcb7-700be065d834,아토,선물 내지의류,해미읍성전통시장,전통시장,충청남도,0.0,2.0,,,P1_BINARY_THRESHOLD,True,,,,,
fc0aa2aad8472f294c07,test,복합,T4 구어·문장,q_복합_02,명절 선물세트,기타 중 '복합'을 판매·제공하는 매장,eb5e98d9-6fed-4d77-9da9-4ff69bf6bdf0,선물유통,기타,칠성원시장,전통시장,대구광역시,0.0,3.0,,,P1_BINARY_THRESHOLD,True,,,,,
44a231e4a2e87c13f196,test,복합,T4 구어·문장,q_복합_02,명절 선물세트,기타 중 '복합'을 판매·제공하는 매장,eb96c1aa-4621-4fdf-92e0-2e360eba5c1e,선물뷰티,피부관리,군분로꽁양상인회 골목형상점가,골목형상점가,광주광역시,0.0,2.0,,,P1_BINARY_THRESHOLD,True,,,,,
2a386be233d192fbb322,test,복합,T4 구어·문장,q_복합_02,명절 선물세트,기타 중 '복합'을 판매·제공하는 매장,07c22ab1-4469-4378-bfe7-5f0ae17217a7,보물세상,잡화,샘골로골목형상점가,골목형상점가,경기도,1.0,3.0,,,P1_BINARY_THRESHOLD,True,,,,,
ce46550c1e328ba4d657,test,복합,T4 구어·문장,q_복합_02,명절 선물세트,기타 중 '복합'을 판매·제공하는 매장,165c6289-ddcb-4d5b-9359-2a255eb6a6bb,선물의집,액세서리,송탄시장(송북시장),전통시장,경기도,0.0,2.0,,,P1_BINARY_THRESHOLD,True,,,,,
67900ffc55187fd930d6,test,복합,T4 구어·문장,q_복합_02,명절 선물세트,기타 중 '복합'을 판매·제공하는 매장,91d85bed-858a-4941-9306-be03c355c04b,선물 창고,"식료품, 잡화",서귀포매일올레시장,전통시장,제주특별자치도,1.0,3.0,,,P1_BINARY_THRESHOLD,True,,,,,
e0008752fc7ff286f53a,test,복합,T4 구어·문장,q_복합_02,명절 선물세트,기타 중 '복합'을 판매·제공하는 매장,683927b9-a167-4605-a525-f03cd8c9a4b0,골드상점,액세서리,팔달문시장,전통시장,경기도,0.0,2.0,,,P1_BINARY_THRESHOLD,True,,,,,
365a243896af55da51fd,test,복합,T4 구어·문장,q_복합_02,명절 선물세트,기타 중 '복합'을 판매·제공하는 매장,00295b4a-ed81-4dfb-90a3-70fdd5cb27f1,생활용품할인매장,생활용품,계산시장,전통시장,인천광역시,1.0,1.0,,,RESOLVED_AGREEMENT,False,1,,,,
8494491012694e883024,test,복합,T4 구어·문장,q_복합_02,명절 선물세트,기타 중 '복합'을 판매·제공하는 매장,a5e200aa-16a0-4ef5-9c7a-cf38f1763c28,선물백화점,시계,주안역지하도상점가,일반지하상점가,인천광역시,0.0,3.0,,,P1_BINARY_THRESHOLD,True,,,,,
3237edeba8e914023e6c,test,복합,T4 구어·문장,q_복합_02,명절 선물세트,기타 중 '복합'을 판매·제공하는 매장,4294083d-ba0c-4506-a18f-85d700687a3e,트레이스 마켓,선물가게,전주남부시장,전통시장,전북특별자치도,0.0,1.0,,,P2_GRADED_ONLY,True,,,,,
75fde3189301b466118c,test,복합,T4 구어·문장,q_복합_02,명절 선물세트,기타 중 '복합'을 판매·제공하는 매장,d458a817-4d8f-4d44-9dcf-540519dfe3d0,선물코너,"양말, 잡화",천안역전시장(구 천안역공설시장),전통시장,충청남도,1.0,3.0,,,P1_BINARY_THRESHOLD,True,,,,,
d856446bbbc4f511e1f3,test,복합,T4 구어·문장,q_복합_02,명절 선물세트,기타 중 '복합'을 판매·제공하는 매장,91deced3-ad47-47ca-b420-6ea2b4709d21,선물의집,인테리어 소품,호계공설시장,전통시장,울산광역시,0.0,2.0,,,P1_BINARY_THRESHOLD,True,,,,,
7529ce877fe32cc8b91d,test,복합,T4 구어·문장,q_복합_02,명절 선물세트,기타 중 '복합'을 판매·제공하는 매장,800bca5f-3fe0-47b5-835f-9cf0750ec649,자연이 준 선물,농산물,대조시장,전통시장,서울특별시,0.0,2.0,,,P1_BINARY_THRESHOLD,True,,,,,
84ed18f5483857b444af,test,복합,T4 구어·문장,q_복합_02,명절 선물세트,기타 중 '복합'을 판매·제공하는 매장,01f258d2-85d5-4b2e-a9f2-b61b1fc174ce,리빙마트,생활용품,일죽시장,전통시장,경기도,1.0,3.0,,,P1_BINARY_THRESHOLD,True,,,,,
0dfcdf75b8e306e399c2,test,복합,T4 구어·문장,q_복합_02,명절 선물세트,기타 중 '복합'을 판매·제공하는 매장,ac8879d0-fb73-4651-a2e5-fe7215c0a44e,선물의집,의류,역전지하상가,일반지하상점가,대전광역시,0.0,2.0,,,P1_BINARY_THRESHOLD,True,,,,,
1f55fe0b7d182471a5d8,test,복합,T4 구어·문장,q_복합_02,명절 선물세트,기타 중 '복합'을 판매·제공하는 매장,4ab18228-2e6c-46d2-8c6d-cb972ab00f06,선물,숙녀복,목련시장,전통시장,대구광역시,0.0,2.0,,,P1_BINARY_THRESHOLD,True,,,,,
8a1f2fb5c97d9fa77412,test,복합,T4 구어·문장,q_복합_02,명절 선물세트,기타 중 '복합'을 판매·제공하는 매장,4c8b2d0d-6771-4c56-83d1-286a54eeaec6,문랩핑,"선물포장, 공예교육",충장로45가 상점가,자율상권구역,광주광역시,0.0,2.0,,,P1_BINARY_THRESHOLD,True,,,,,
90e54ed4ca81b0a43276,test,복합,T4 구어·문장,q_복합_02,명절 선물세트,기타 중 '복합'을 판매·제공하는 매장,f92cfc7f-964d-48a7-99f8-5ef1fab48c64,선물유통,완구,칠성시장,전통시장,대구광역시,0.0,3.0,,,P1_BINARY_THRESHOLD,True,,,,,
bade2e91d2422539cfb3,test,복합,T4 구어·문장,q_복합_02,명절 선물세트,기타 중 '복합'을 판매·제공하는 매장,a6b31ec9-6940-4c0d-8209-0469f572425b,진여아트,관광민예품 및 선물용품,장승백이전통시장(구 만수창대시장),전통시장,인천광역시,3.0,2.0,,,P2_GRADED_ONLY,True,,,,,
25b568cc1daecd50bc0c,test,복합,T4 구어·문장,q_복합_02,명절 선물세트,기타 중 '복합'을 판매·제공하는 매장,5e03a115-69f0-45cb-9a87-bc0a252940f0,예스플랜,"도소매(타올,선물세트)",동탄상가,자율상권구역,경기도,3.0,2.0,,,P2_GRADED_ONLY,True,,,,,
9b7356a6082c5ed7a8cf,test,복합,T4 구어·문장,q_복합_02,명절 선물세트,기타 중 '복합'을 판매·제공하는 매장,4c9beb9b-b2b2-4d40-8f15-b2ef174977e0,선물,"의류, 잡화",수완이지더원 골목형상점가,골목형상점가,광주광역시,1.0,3.0,,,P1_BINARY_THRESHOLD,True,,,,,
c59551917550010c2bf5,test,복합,T4 구어·문장,q_복합_02,명절 선물세트,기타 중 '복합'을 판매·제공하는 매장,09500083-d9e1-4e11-b778-af708c597812,대명고령장날정육점 [한우선물세트],축산,대명시장,전통시장,대구광역시,2.0,2.0,,,RESOLVED_AGREEMENT,False,2,,,,
feba39db5f7e5b4e3f59,test,복합,T4 구어·문장,q_복합_02,명절 선물세트,기타 중 '복합'을 판매·제공하는 매장,81984c3e-a4e0-4baa-bb24-dc50143b56d9,선물백화점,"노트, 연필, 문구류",북수원시장( 구 파장시장),전통시장,경기도,0.0,3.0,,,P1_BINARY_THRESHOLD,True,,,,,
b77076928cea2e0fa246,test,복합,T4 구어·문장,q_복합_02,명절 선물세트,기타 중 '복합'을 판매·제공하는 매장,43da5e61-dbf5-498e-840c-8b538367deb1,케이맛스타,간편조리세트,상도전통시장,전통시장,서울특별시,0.0,2.0,,,P1_BINARY_THRESHOLD,True,,,,,
29892fcef53eeb8cc936,test,복합,T4 구어·문장,q_복합_02,명절 선물세트,기타 중 '복합'을 판매·제공하는 매장,6d329192-2e49-48dc-a3ef-0a93057f82cf,능금농협101번직판장,청과,효자시장,전통시장,경상북도,0.0,2.0,,,P1_BINARY_THRESHOLD,True,,,,,
dbb468df8b2a3208e8b9,test,복합,T4 구어·문장,q_복합_02,명절 선물세트,기타 중 '복합'을 판매·제공하는 매장,018a1385-dc68-48d1-bfdf-22fa04be4af2,알파문구 광주동강대점,문구 생활용품 전산용품 환경용품 외,말바우지키미 골목형상점가,골목형상점가,광주광역시,1.0,2.0,,,P1_BINARY_THRESHOLD,True,,,,,
62073da7aeba52c9ddae,test,복합,T4 구어·문장,q_복합_02,명절 선물세트,기타 중 '복합'을 판매·제공하는 매장,12cbc31c-ffef-4340-9c48-88faba5d514b,선물의집,외의,마산 양덕중앙시장,전통시장,경상남도,0.0,2.0,,,P1_BINARY_THRESHOLD,True,,,,,
e089f352feb706305072,test,복합,T4 구어·문장,q_복합_02,명절 선물세트,기타 중 '복합'을 판매·제공하는 매장,43ec2efa-8490-4bc3-8d3b-7fdad539b2f4,선물코너,잡화,연풍시장(구 연풍전통시장),전통시장,충청북도,1.0,3.0,,,P1_BINARY_THRESHOLD,True,,,,,
419bdba2fb421c1f236e,test,복합,T4 구어·문장,q_복합_02,명절 선물세트,기타 중 '복합'을 판매·제공하는 매장,109cdfa8-8ebe-4353-bb01-2d2135951222,선물코너,악세사리,다모아상가 골목형상점가,골목형상점가,대전광역시,0.0,2.0,,,P1_BINARY_THRESHOLD,True,,,,,
400f0080076dd36e1be6,test,복합,T4 구어·문장,q_복합_02,명절 선물세트,기타 중 '복합'을 판매·제공하는 매장,ffd8bc84-505e-4136-a297-ace42bf0aad4,선물의집,악세사리,인왕시장,전통시장,서울특별시,0.0,2.0,,,P1_BINARY_THRESHOLD,True,,,,,
f2dcd8aef880e350bf36,test,복합,T4 구어·문장,q_복합_02,명절 선물세트,기타 중 '복합'을 판매·제공하는 매장,adf4ec63-2b7d-44fc-a35e-6107b9981ae1,선물백화점,"도서, 문구",마동골목형상점가,골목형상점가,전라남도,0.0,3.0,,,P1_BINARY_THRESHOLD,True,,,,,
71bc8c5ecbf3e95e9281,test,복합,T4 구어·문장,q_복합_02,명절 선물세트,기타 중 '복합'을 판매·제공하는 매장,df858ef5-b6f2-498e-85d8-e0c20b6da5d3,한음한방신경정신과한의원,한의원,본치평상인회 골목형상점가,골목형상점가,광주광역시,0.0,2.0,,,P1_BINARY_THRESHOLD,True,,,,,
464ec517fd95a918b8f4,test,분식,T1 정확표기,q_분식_01,분식,음식점 중 '분식'을 판매·제공하는 매장,1f4ef38d-3b40-4c2e-994d-33ad6bab0d0a,초록분식,분식,서귀포매일올레시장,전통시장,제주특별자치도,3.0,3.0,,,RESOLVED_AGREEMENT,False,3,,,,
41cf2c503f36885cefea,test,분식,T1 정확표기,q_분식_01,분식,음식점 중 '분식'을 판매·제공하는 매장,00719699-eb0c-4473-bda9-7a16eace345e,봉식이옛날왕만두,만두,삼익 골목형상점가,골목형상점가,서울특별시,3.0,3.0,,,RESOLVED_AGREEMENT,False,3,,,,
c7b5308d90ac4f10141d,test,분식,T1 정확표기,q_분식_01,분식,음식점 중 '분식'을 판매·제공하는 매장,04b03558-95d1-4a0e-a9e2-9a9e72bdadb2,배가찐왕만두,만두,문흥2동 골목형상점가,골목형상점가,광주광역시,3.0,3.0,,,RESOLVED_AGREEMENT,False,3,,,,
dd0028b76f4d7876c9fc,test,분식,T1 정확표기,q_분식_01,분식,음식점 중 '분식'을 판매·제공하는 매장,a70ae85b-0454-462c-8db3-bbd7766afdee,다닐목,분식,대산종합시장,전통시장,충청남도,3.0,3.0,,,RESOLVED_AGREEMENT,False,3,,,,
556ada5541aec1b3edd4,test,분식,T1 정확표기,q_분식_01,분식,음식점 중 '분식'을 판매·제공하는 매장,ae27f1d5-4791-43a7-b4d7-104dfcf5a5ed,분식하우스,분식,오정시장,전통시장,경기도,3.0,3.0,,,RESOLVED_AGREEMENT,False,3,,,,
0760426fc217435c5e43,test,분식,T1 정확표기,q_분식_01,분식,음식점 중 '분식'을 판매·제공하는 매장,54452255-d438-404e-93a7-2ba35218552e,동네분식,분식,장위전통시장,전통시장,서울특별시,3.0,3.0,,,RESOLVED_AGREEMENT,False,3,,,,
fee299c01559da0dcbd7,test,분식,T1 정확표기,q_분식_01,분식,음식점 중 '분식'을 판매·제공하는 매장,c6787d2f-964b-42c0-a487-fa3a8fd2c097,아리수 분식,분식,풍암고앞상인회 골목형상점가,골목형상점가,광주광역시,3.0,3.0,,,RESOLVED_AGREEMENT,False,3,,,,
c3c772c22601bf1c4e8c,test,분식,T1 정확표기,q_분식_01,분식,음식점 중 '분식'을 판매·제공하는 매장,00ca89c2-42a8-432d-ba4b-5abd23c18ab0,계란밥,계란밥분식,시청역상가번영회 골목형상점가,골목형상점가,광주광역시,3.0,3.0,,,RESOLVED_AGREEMENT,False,3,,,,
a2b4a309e9d421568c1e,test,분식,T1 정확표기,q_분식_01,분식,음식점 중 '분식'을 판매·제공하는 매장,2d1ed82e-2df0-4410-8510-ccd89594ab49,분식나라,분식,삼호읍 중앙 골목형상점가,골목형상점가,전라남도,3.0,3.0,,,RESOLVED_AGREEMENT,False,3,,,,
74d704f353b31f47bb8d,test,분식,T1 정확표기,q_분식_01,분식,음식점 중 '분식'을 판매·제공하는 매장,6b9a2b26-9295-498c-991e-47c3b403385b,짱맛분식,분식,태화시장,전통시장,울산광역시,3.0,3.0,,,RESOLVED_AGREEMENT,False,3,,,,
8d19af78a6d96d0cf3eb,test,분식,T1 정확표기,q_분식_01,분식,음식점 중 '분식'을 판매·제공하는 매장,017c71f5-48d0-4cce-a370-a84d34d36658,무봉리토종순대국파주운정점,,산내마을 골목형상점가,골목형상점가,경기도,3.0,3.0,,,RESOLVED_AGREEMENT,False,3,,,,
7ffceca13e29e582ce6c,test,분식,T1 정확표기,q_분식_01,분식,음식점 중 '분식'을 판매·제공하는 매장,3dbcfc1a-c288-41f4-8889-e707195917db,붕떡붕떡,분식,거북시장,전통시장,인천광역시,3.0,3.0,,,RESOLVED_AGREEMENT,False,3,,,,
891abc24ada62e1190f7,test,분식,T1 정확표기,q_분식_01,분식,음식점 중 '분식'을 판매·제공하는 매장,055b0501-9678-421c-9b8d-2994754df728,캠토토스트 계룡대실점,토스트,두마면 대실골목형상점가,골목형상점가,충청남도,3.0,0.0,,,P1_BINARY_THRESHOLD,True,,,,,
1a55fdc6c887aa35d6e4,test,분식,T1 정확표기,q_분식_01,분식,음식점 중 '분식'을 판매·제공하는 매장,00b5a007-bb8d-47db-963d-ccc7e93c25ac,장호덕 손만두 백석점,만두,백석한들1번가 골목형상점가,골목형상점가,충청남도,3.0,3.0,,,RESOLVED_AGREEMENT,False,3,,,,
9be7f9039cb55628a694,test,분식,T1 정확표기,q_분식_01,분식,음식점 중 '분식'을 판매·제공하는 매장,2411013e-73bf-4cf8-b65a-3b8512d1a255,또바기 분식,분식,국수거리 골목형상점가,골목형상점가,전라남도,3.0,3.0,,,RESOLVED_AGREEMENT,False,3,,,,
c62a1b6b1a948851cb59,test,분식,T1 정확표기,q_분식_01,분식,음식점 중 '분식'을 판매·제공하는 매장,8915bbe0-9dfb-40d0-9c8f-b847fafc59ee,엘에이(LA)갈비,한식,평촌역 상점가,자율상권구역,경기도,1.0,1.0,,,RESOLVED_AGREEMENT,False,1,,,,
f0570d66dd8682c48e61,test,분식,T1 정확표기,q_분식_01,분식,음식점 중 '분식'을 판매·제공하는 매장,a1b3ef25-45bb-43e0-a0d4-cc56682224b4,다롱분식,분식,상계주공1단지 가상가,자율상권구역,서울특별시,3.0,3.0,,,RESOLVED_AGREEMENT,False,3,,,,
6218fa871b1e5f5ca7b0,test,분식,T1 정확표기,q_분식_01,분식,음식점 중 '분식'을 판매·제공하는 매장,d3c9dcd5-5e39-446b-b598-c4948abd7163,마운틴,,원주중앙로문화의거리,자율상권구역,강원특별자치도,,0.0,Y,,P0_UNCERTAIN_OR_MISSING,True,,,,,
820fa80de906449eefe8,test,분식,T1 정확표기,q_분식_01,분식,음식점 중 '분식'을 판매·제공하는 매장,199250ff-d01b-4ffb-aea7-ab9b2742ee9a,금옥당,귀금속,팔등로기부거리,골목형상점가,울산광역시,0.0,0.0,,,RESOLVED_AGREEMENT,False,0,,,,
31b330b51f93bd3c1d17,test,분식,T1 정확표기,q_분식_01,분식,음식점 중 '분식'을 판매·제공하는 매장,39b92297-99c8-441e-8c20-2723ee9621c7,맘분식,분식,미소상인회 골목형상점가,골목형상점가,서울특별시,3.0,3.0,,,RESOLVED_AGREEMENT,False,3,,,,
7d234a3ad4db1403edc3,test,분식,T1 정확표기,q_분식_01,분식,음식점 중 '분식'을 판매·제공하는 매장,0b8ef6dc-2f6b-4707-bd73-529122d9c97a,하단떡집,떡집,하단오일상설시장,전통시장,부산광역시,1.0,0.0,,,P2_GRADED_ONLY,True,,,,,
af745201d7b27f77cc50,test,분식,T1 정확표기,q_분식_01,분식,음식점 중 '분식'을 판매·제공하는 매장,926f80c7-515f-4f04-ba57-243fc346ba6a,오킴밥,분식,인왕시장,전통시장,서울특별시,3.0,3.0,,,RESOLVED_AGREEMENT,False,3,,,,
74aa975ea13be5497ee7,test,분식,T1 정확표기,q_분식_01,분식,음식점 중 '분식'을 판매·제공하는 매장,4e65eded-139b-422b-a408-8671c0ba9b6c,대발이 분식,분식,동서시장,전통시장,대구광역시,3.0,3.0,,,RESOLVED_AGREEMENT,False,3,,,,
e09bb60ae535915f0e06,test,분식,T1 정확표기,q_분식_01,분식,음식점 중 '분식'을 판매·제공하는 매장,005313c8-dce8-49b6-9841-9143ebb1305a,동원떡집,,박달시장,전통시장,경기도,1.0,0.0,,,P2_GRADED_ONLY,True,,,,,
3375fe090cb10299e831,test,분식,T1 정확표기,q_분식_01,분식,음식점 중 '분식'을 판매·제공하는 매장,01759fbb-0894-481f-9972-0a29a7110da8,토끼분식,분식,포항 쌍사상가 골목형상점가,골목형상점가,경상북도,3.0,3.0,,,RESOLVED_AGREEMENT,False,3,,,,
a0ce9e23153a22e9168a,test,분식,T1 정확표기,q_분식_01,분식,음식점 중 '분식'을 판매·제공하는 매장,00b5a60c-c548-4ac2-8259-9bb788c0fc58,까치김밥,김밥식사류,신림별빛거리골목형상점가,골목형상점가,서울특별시,3.0,3.0,,,RESOLVED_AGREEMENT,False,3,,,,
ca33f4ff2ccf580c278a,test,분식,T1 정확표기,q_분식_01,분식,음식점 중 '분식'을 판매·제공하는 매장,ef2c4051-c355-4b2c-a5fb-66cee43cb35e,달천분식,분식,충주자유시장,전통시장,충청북도,3.0,3.0,,,RESOLVED_AGREEMENT,False,3,,,,
2aaead2d04a69b2fb3c6,test,분식,T1 정확표기,q_분식_01,분식,음식점 중 '분식'을 판매·제공하는 매장,001cb3d4-5441-4963-b517-d5b3904ee312,현창떡집,떡집,목포동부시장,전통시장,전라남도,1.0,0.0,,,P2_GRADED_ONLY,True,,,,,
83209de456caf2cac003,test,분식,T1 정확표기,q_분식_01,분식,음식점 중 '분식'을 판매·제공하는 매장,00ec6d6a-b0c1-4662-b17f-9c9f059a4bcd,백암서울순대국,순대국,강서구청먹자골목골목형상점가,골목형상점가,서울특별시,3.0,3.0,,,RESOLVED_AGREEMENT,False,3,,,,
d26cfe4dd24cd94ab7bb,test,분식,T1 정확표기,q_분식_01,분식,음식점 중 '분식'을 판매·제공하는 매장,65c06f56-f1ac-4edf-8762-17cefd430713,학!땡분식,분식,양지중앙 골목형상점가,골목형상점가,경기도,3.0,3.0,,,RESOLVED_AGREEMENT,False,3,,,,
99b85da9b1dcbc27c114,test,분식,T1 정확표기,q_분식_01,분식,음식점 중 '분식'을 판매·제공하는 매장,a3305d17-57d9-48f2-b4fc-f69b7c4c85f9,미미네 분식,분식,진천혁신골목형상점가,골목형상점가,충청북도,3.0,3.0,,,RESOLVED_AGREEMENT,False,3,,,,
b989a559ea4b6d2ec862,test,분식,T1 정확표기,q_분식_01,분식,음식점 중 '분식'을 판매·제공하는 매장,7feda714-72ec-4a53-9f01-d342528b55a0,정주분식,분식,금암동 골목형상점가,골목형상점가,전북특별자치도,3.0,3.0,,,RESOLVED_AGREEMENT,False,3,,,,
cc8301d02874a872fff1,test,분식,T1 정확표기,q_분식_01,분식,음식점 중 '분식'을 판매·제공하는 매장,7a736fc8-7e84-4cd5-a4d7-f9a5a0238d1f,커피허유,분식,해미읍성전통시장,전통시장,충청남도,3.0,3.0,,,RESOLVED_AGREEMENT,False,3,,,,
0e09d664e2a5e5bfb35e,test,분식,T1 정확표기,q_분식_01,분식,음식점 중 '분식'을 판매·제공하는 매장,1530eb35-e814-4a44-b92a-331fdc85dbd6,분식나라,분식,인천산업유통센터,전통시장,인천광역시,3.0,3.0,,,RESOLVED_AGREEMENT,False,3,,,,
893f2fe33dd718cb4243,test,분식,T1 정확표기,q_분식_01,분식,음식점 중 '분식'을 판매·제공하는 매장,10d6d09e-a90f-4267-a996-4c4bb67dff8c,자유분식,분식,진주 자유시장,전통시장,경상남도,3.0,3.0,,,RESOLVED_AGREEMENT,False,3,,,,
d4aff387160eb52755f4,test,분식,T1 정확표기,q_분식_01,분식,음식점 중 '분식'을 판매·제공하는 매장,faa42f97-f53c-422c-baba-12be7ed2bf90,나들이 분식,분식,반여2동상가시장,전통시장,부산광역시,3.0,3.0,,,RESOLVED_AGREEMENT,False,3,,,,
ad3e5e4f8c8e2e3aad7c,test,분식,T1 정확표기,q_분식_01,분식,음식점 중 '분식'을 판매·제공하는 매장,440e3256-5c56-41e1-8736-091361920933,영광분식,분식,광복마을3-4길 골목형상점가,골목형상점가,광주광역시,3.0,3.0,,,RESOLVED_AGREEMENT,False,3,,,,
0efb4bfc746d227d17bf,test,분식,T1 정확표기,q_분식_01,분식,음식점 중 '분식'을 판매·제공하는 매장,0e9f0ef6-5316-46a8-a066-f4bbb1e4e762,감내분식,분식,감천문화마을 골목형상점가,골목형상점가,부산광역시,3.0,3.0,,,RESOLVED_AGREEMENT,False,3,,,,
48fcc6ea8063ef393f17,test,분식,T1 정확표기,q_분식_01,분식,음식점 중 '분식'을 판매·제공하는 매장,00e9517a-1887-4acf-b072-10c7cadf9512,불닭발 땡초 동대문 엽기 떡볶이,분식,유엔남구 대학로 상권,,부산광역시,3.0,3.0,,,RESOLVED_AGREEMENT,False,3,,,,
93169c96aa1d12e98998,test,분식,T1 정확표기,q_분식_01,분식,음식점 중 '분식'을 판매·제공하는 매장,007d6b63-4e47-47fa-aaa5-6d0b5cc7280b,도토리김밥계룡엄사점,분식,엄사 골목형상점가,골목형상점가,충청남도,3.0,3.0,,,RESOLVED_AGREEMENT,False,3,,,,
4db28dc1ec7876123ae4,test,분식,T1 정확표기,q_분식_01,분식,음식점 중 '분식'을 판매·제공하는 매장,22ec6920-38b7-4d76-ac8c-f8ef74779d55,꿈떡분식,분식,산울림 골목형상점가,골목형상점가,세종특별자치시,3.0,3.0,,,RESOLVED_AGREEMENT,False,3,,,,
d153d3cb8317b3826345,test,분식,T1 정확표기,q_분식_01,분식,음식점 중 '분식'을 판매·제공하는 매장,4dcfbd81-8e8d-426f-b39e-74e1995c3393,끈적국수,분식,월곡1동 골목형상점가,골목형상점가,광주광역시,3.0,3.0,,,RESOLVED_AGREEMENT,False,3,,,,
8cab8186465fce8257e8,test,분식,T1 정확표기,q_분식_01,분식,음식점 중 '분식'을 판매·제공하는 매장,00e30e6c-dde0-49cd-9e3e-95465aa4247e,동해분식,분식,서남신시장,전통시장,대구광역시,3.0,3.0,,,RESOLVED_AGREEMENT,False,3,,,,
35bf9fcce8c77c63b461,test,분식,T1 정확표기,q_분식_01,분식,음식점 중 '분식'을 판매·제공하는 매장,52bae579-263d-479e-a46d-2ec326936756,핫떡,분식,방학동도깨비시장,전통시장,서울특별시,3.0,3.0,,,RESOLVED_AGREEMENT,False,3,,,,
21b4a1d802ead1cec2fd,test,분식,T1 정확표기,q_분식_01,분식,음식점 중 '분식'을 판매·제공하는 매장,0239c4e7-2ae3-4f29-8952-19c6d9d1d9a9,세번째집,순대국밥,성환이화시장,전통시장,충청남도,3.0,3.0,,,RESOLVED_AGREEMENT,False,3,,,,
17d0caea98bfe10923bd,test,분식,T1 정확표기,q_분식_01,분식,음식점 중 '분식'을 판매·제공하는 매장,5f2020b6-aa86-4f18-a592-ab461df6c372,웰츠분식,분식,웰츠타워 골목형상점가,골목형상점가,울산광역시,3.0,3.0,,,RESOLVED_AGREEMENT,False,3,,,,
896132c628b59b57f731,test,분식,T1 정확표기,q_분식_01,분식,음식점 중 '분식'을 판매·제공하는 매장,64bc95d9-623d-4590-b73e-0ce5223d7176,서울수치과의원,치과,혁신도시5구역골목형상점가,골목형상점가,강원특별자치도,0.0,0.0,,,RESOLVED_AGREEMENT,False,0,,,,
0553963ee184d0aa351b,test,분식,T1 정확표기,q_분식_01,분식,음식점 중 '분식'을 판매·제공하는 매장,13d4434f-e7e2-4186-b57e-6c65fb16e6bc,떡뽀이,분식,적성전통시장,전통시장,경기도,3.0,3.0,,,RESOLVED_AGREEMENT,False,3,,,,
c08f69026a7f7c423a81,test,분식,T1 정확표기,q_분식_01,분식,음식점 중 '분식'을 판매·제공하는 매장,dc303945-91d5-43cd-b49e-7d1d86258f18,한닢김밥,분식,이충 중심상가,골목형상점가,경기도,3.0,3.0,,,RESOLVED_AGREEMENT,False,3,,,,
6cb5fb3a54207b1a3a7f,test,분식,T1 정확표기,q_분식_01,분식,음식점 중 '분식'을 판매·제공하는 매장,93896569-1f05-47ad-ae55-34977c81045b,튀겨볶아,분식,신기시장,전통시장,인천광역시,3.0,3.0,,,RESOLVED_AGREEMENT,False,3,,,,
6ea964647d268f5e50c8,test,분식,T1 정확표기,q_분식_01,분식,음식점 중 '분식'을 판매·제공하는 매장,2b1fa51c-ff67-405e-877f-e604db207178,분식나라,분식,담양중앙 골목형상점가,골목형상점가,전라남도,3.0,3.0,,,RESOLVED_AGREEMENT,False,3,,,,
6d56194d62ed065197fc,test,분식,T1 정확표기,q_분식_01,분식,음식점 중 '분식'을 판매·제공하는 매장,fcd1d180-df17-4597-83fd-7bef737a72e5,토이강정/분식,분식,인수로골목형상점가,골목형상점가,서울특별시,3.0,3.0,,,RESOLVED_AGREEMENT,False,3,,,,
52cf7afb8e62714c44ad,test,분식,T1 정확표기,q_분식_01,분식,음식점 중 '분식'을 판매·제공하는 매장,0075dacf-3e3f-47b8-a4af-d3a2ff866348,북툰커피앤카페,찐빵 만두 커피,신창진흥 골목형상점가,골목형상점가,광주광역시,3.0,3.0,,,RESOLVED_AGREEMENT,False,3,,,,
c59ac7181957bd7dc861,test,분식,T1 정확표기,q_분식_01,분식,음식점 중 '분식'을 판매·제공하는 매장,fe3d5003-aa6a-427b-84bc-fe1dcd103df1,두잎김밥,분식,능동상가,자율상권구역,경기도,3.0,3.0,,,RESOLVED_AGREEMENT,False,3,,,,
973f6ce27c6e3bbcd1dc,test,분식,T1 정확표기,q_분식_01,분식,음식점 중 '분식'을 판매·제공하는 매장,89a8afde-c143-4c41-a9c7-d408c9b39569,부흥분식,분식,원미부흥시장,전통시장,경기도,3.0,3.0,,,RESOLVED_AGREEMENT,False,3,,,,
9f3a18dc163bc41c2c93,test,분식,T1 정확표기,q_분식_01,분식,음식점 중 '분식'을 판매·제공하는 매장,e2b22322-7784-4858-8587-35f03db0c09b,산분식,분식,풍암우미상인회 골목형상점가,골목형상점가,광주광역시,3.0,3.0,,,RESOLVED_AGREEMENT,False,3,,,,
94db6ae7b156a977e11b,test,분식,T1 정확표기,q_분식_01,분식,음식점 중 '분식'을 판매·제공하는 매장,12acfe7a-1939-4f43-b78b-4e09bbc595f0,소망분식,분식,임방울거리2구역 골목형상점가,골목형상점가,광주광역시,3.0,3.0,,,RESOLVED_AGREEMENT,False,3,,,,
d2099b651d7788f379c4,test,분식,T1 정확표기,q_분식_01,분식,음식점 중 '분식'을 판매·제공하는 매장,1d0cd062-96df-4398-8d95-8fc74a9eac0b,떽때기,분식,문창시장,전통시장,대전광역시,3.0,3.0,,,RESOLVED_AGREEMENT,False,3,,,,
df2d4b57b50d1a65aac1,test,분식,T1 정확표기,q_분식_01,분식,음식점 중 '분식'을 판매·제공하는 매장,8f7aa24f-f898-4e7d-b03e-9b26136f974c,무등분식,분식,금남로5가 골목형상점가,골목형상점가,광주광역시,3.0,3.0,,,RESOLVED_AGREEMENT,False,3,,,,
779ae1160a58cfde00c6,test,분식,T1 정확표기,q_분식_01,분식,음식점 중 '분식'을 판매·제공하는 매장,75a60a94-d2be-44cf-b81b-502d93d4aede,팡이네 분식,분식,쌍리단길상점가,자율상권구역,서울특별시,3.0,3.0,,,RESOLVED_AGREEMENT,False,3,,,,
b19ebed06b89dc4f2b8d,test,분식,T1 정확표기,q_분식_01,분식,음식점 중 '분식'을 판매·제공하는 매장,52aa21c7-93f0-4310-8077-d8e649c46a94,홍군튀떡,분식,송죽솔대 골목형상점가,골목형상점가,경기도,3.0,3.0,,,RESOLVED_AGREEMENT,False,3,,,,
fca19937561978a8a22a,test,분식,T1 정확표기,q_분식_01,분식,음식점 중 '분식'을 판매·제공하는 매장,008594db-d86c-4014-bf5c-16f6cd40402d,와글와글봄소풍,김밥,다사역 골목형상점가,골목형상점가,대구광역시,3.0,3.0,,,RESOLVED_AGREEMENT,False,3,,,,
8e291294ea9ed9046f18,test,분식,T1 정확표기,q_분식_01,분식,음식점 중 '분식'을 판매·제공하는 매장,4782599a-846d-4d71-a47d-6a5da89849a5,포항농협중도매인 제27호,농산물,영일대북부시장(구 북부시장),전통시장,경상북도,0.0,0.0,,,RESOLVED_AGREEMENT,False,0,,,,
3fe14340d52f904ab679,test,분식,T1 정확표기,q_분식_01,분식,음식점 중 '분식'을 판매·제공하는 매장,e5a6f9f5-d811-46fa-8888-8b89aa1c13be,마띠나,분식,익산 다e로움 상권활성화구역,상권활성화구역,전북특별자치도,3.0,3.0,,,RESOLVED_AGREEMENT,False,3,,,,
ba648520dd4199c5f7db,test,분식,T1 정확표기,q_분식_01,분식,음식점 중 '분식'을 판매·제공하는 매장,ce619091-0b24-4b4e-b648-3fc0764c885e,일곱가지 분식,분식,동구시장,전통시장,대구광역시,3.0,3.0,,,RESOLVED_AGREEMENT,False,3,,,,
b844159df07ead06c5f6,test,분식,T1 정확표기,q_분식_01,분식,음식점 중 '분식'을 판매·제공하는 매장,4a453e11-195f-44df-a3ef-e0795c0fb994,일미분식,분식,공주산성시장,전통시장,충청남도,3.0,3.0,,,RESOLVED_AGREEMENT,False,3,,,,
ef723e61b9585c64bef3,test,분식,T1 정확표기,q_분식_01,분식,음식점 중 '분식'을 판매·제공하는 매장,4a9bdc99-5b4d-4cc4-a7fa-a2bd888b3917,분식마을,분식,배방공수 골목형상점가,골목형상점가,충청남도,3.0,3.0,,,RESOLVED_AGREEMENT,False,3,,,,
74deadf1a101f0bfe318,test,분식,T1 정확표기,q_분식_01,분식,음식점 중 '분식'을 판매·제공하는 매장,0012a3b4-64a1-440c-a76e-f2be12a2f086,튀김집,분식,두암시장주변 골목형상점가,골목형상점가,광주광역시,3.0,3.0,,,RESOLVED_AGREEMENT,False,3,,,,
708d8e7839b1b5cc4194,test,분식,T1 정확표기,q_분식_01,분식,음식점 중 '분식'을 판매·제공하는 매장,a8b9ef14-bdd0-4b00-a948-1ca1b9faa612,모일맨,분식,도군머리 골목형상점가,골목형상점가,광주광역시,3.0,3.0,,,RESOLVED_AGREEMENT,False,3,,,,
7e4428027213e32cdd17,test,분식,T1 정확표기,q_분식_01,분식,음식점 중 '분식'을 판매·제공하는 매장,024c1f10-1fe0-4be3-8bde-6465f5cd8c43,오늘은 떡볶이,"떡볶이, 튀김, 순대 등",석촌시장,전통시장,서울특별시,3.0,3.0,,,RESOLVED_AGREEMENT,False,3,,,,
ba392af5a16f1ee96478,test,분식,T1 정확표기,q_분식_01,분식,음식점 중 '분식'을 판매·제공하는 매장,1a7dc9ec-4251-4532-9fde-76eb94549b69,효정분식,분식,구매탄시장,전통시장,경기도,3.0,3.0,,,RESOLVED_AGREEMENT,False,3,,,,
9bd9d309844524d97c55,test,분식,T1 정확표기,q_분식_01,분식,음식점 중 '분식'을 판매·제공하는 매장,0910caae-ad67-4ef3-934e-fff4c6059206,참토스트 대전학하점,토스트,계산동 골목형상점가,골목형상점가,대전광역시,3.0,0.0,,,P1_BINARY_THRESHOLD,True,,,,,
18eb3fc9a40f5a4ba004,test,분식,T1 정확표기,q_분식_01,분식,음식점 중 '분식'을 판매·제공하는 매장,9448af81-d366-4a52-a1c3-e03df2d14c77,분식나라,분식,울산번개시장,전통시장,울산광역시,3.0,3.0,,,RESOLVED_AGREEMENT,False,3,,,,
a301055ba7ebaf71d104,test,분식,T1 정확표기,q_분식_01,분식,음식점 중 '분식'을 판매·제공하는 매장,9882fd1e-b920-4a4f-b009-c351d616c8e8,으뜸분식,분식,돌고래시장(돌고래종합상가),전통시장,경기도,3.0,3.0,,,RESOLVED_AGREEMENT,False,3,,,,
ba1601e5c80275cdfcb4,test,분식,T1 정확표기,q_분식_01,분식,음식점 중 '분식'을 판매·제공하는 매장,0018c143-a8bd-4461-a8ae-ee348edfad7a,김가네의정부중앙역점,김밥 분식 식사등,의정부시 구도심 상권활성화구역,상권활성화구역,경기도,3.0,3.0,,,RESOLVED_AGREEMENT,False,3,,,,
003f02a43a82e5774dcf,test,분식,T1 정확표기,q_분식_01,분식,음식점 중 '분식'을 판매·제공하는 매장,2298b07d-56a1-42e1-93b1-c3d3a39ce518,정분식,분식,정훈한마음골목시장,골목형상점가,서울특별시,3.0,3.0,,,RESOLVED_AGREEMENT,False,3,,,,
9b5c22e3ae6a142a630b,test,분식,T1 정확표기,q_분식_01,분식,음식점 중 '분식'을 판매·제공하는 매장,0555a982-9411-4a65-9629-e51f7fa1b5c0,소영이네 분식,분식,증산종합시장,전통시장,서울특별시,3.0,3.0,,,RESOLVED_AGREEMENT,False,3,,,,
358f3da33f3044fa2c46,test,분식,T1 정확표기,q_분식_01,분식,음식점 중 '분식'을 판매·제공하는 매장,00e34fb5-e7d3-43aa-b574-400ee31abae5,은혜만두,만두,북동 골목형상점가,골목형상점가,광주광역시,3.0,3.0,,,RESOLVED_AGREEMENT,False,3,,,,
ad2e428c43abdc241264,test,분식,T1 정확표기,q_분식_01,분식,음식점 중 '분식'을 판매·제공하는 매장,08263ee2-3ea0-47e2-b639-ff6944f09a81,춘향이네 분식,분식,남원공설시장,전통시장,전북특별자치도,3.0,3.0,,,RESOLVED_AGREEMENT,False,3,,,,
4e2d6942b22d941866d3,test,분식,T1 정확표기,q_분식_01,분식,음식점 중 '분식'을 판매·제공하는 매장,01853453-69ac-4f55-9cd8-09e40088ab59,가마솥왕만두,만두,울산번개시장,전통시장,울산광역시,3.0,3.0,,,RESOLVED_AGREEMENT,False,3,,,,
8169a71155c6d8844cce,test,분식,T1 정확표기,q_분식_01,분식,음식점 중 '분식'을 판매·제공하는 매장,3bf85144-6b44-4174-a4e4-204032b30b9b,시티분식,분식,효천로 골목형상점가,골목형상점가,광주광역시,3.0,3.0,,,RESOLVED_AGREEMENT,False,3,,,,
4c7e7544a17838f674f8,test,분식,T1 정확표기,q_분식_01,분식,음식점 중 '분식'을 판매·제공하는 매장,4637d6d8-1fa2-487f-aa40-b2151290ef50,고향분식,분식,감포시장,전통시장,경상북도,3.0,3.0,,,RESOLVED_AGREEMENT,False,3,,,,
af83d74abdff6cd7b290,test,분식,T1 정확표기,q_분식_01,분식,음식점 중 '분식'을 판매·제공하는 매장,65e7294c-9af7-46f1-9701-b142e9f7dadf,분식나라,분식,공주산성시장,전통시장,충청남도,3.0,3.0,,,RESOLVED_AGREEMENT,False,3,,,,
93a055354763d030cdb6,test,분식,T1 정확표기,q_분식_01,분식,음식점 중 '분식'을 판매·제공하는 매장,b7e49a2f-6f16-4d24-be3e-403d06c222d5,전주한옥마을하늘기와,한옥체험,전주한옥마을 골목형상점가,골목형상점가,전북특별자치도,0.0,0.0,,,RESOLVED_AGREEMENT,False,0,,,,
0616979f4756a6e91f8c,test,분식,T1 정확표기,q_분식_01,분식,음식점 중 '분식'을 판매·제공하는 매장,02f03161-3a15-416f-bdd6-8ad5bd17781d,시골참순대,,관저동 먹자골목 골목형상점가,골목형상점가,대전광역시,3.0,3.0,,,RESOLVED_AGREEMENT,False,3,,,,
e86079ace775656f4927,test,분식,T1 정확표기,q_분식_01,분식,음식점 중 '분식'을 판매·제공하는 매장,d57d5981-2bd3-439b-b3a8-6b5b4994204f,이분식,분식,무주반딧불상권활성화구역,상권활성화구역,전북특별자치도,3.0,3.0,,,RESOLVED_AGREEMENT,False,3,,,,
62d1b3ffcbc6e7d79de6,test,분식,T1 정확표기,q_분식_01,분식,음식점 중 '분식'을 판매·제공하는 매장,de2cdf93-937c-4615-ab37-474c9e033e9f,까동,분식,전남대 상대 골목형상점가,골목형상점가,광주광역시,3.0,3.0,,,RESOLVED_AGREEMENT,False,3,,,,
e9746f8e7d7a85cda3bd,test,분식,T1 정확표기,q_분식_01,분식,음식점 중 '분식'을 판매·제공하는 매장,22a939a5-dd57-476c-acd5-4c40c7b522a6,어닝바,분식,중랑동부시장,전통시장,서울특별시,3.0,3.0,,,RESOLVED_AGREEMENT,False,3,,,,
6c076209f40520aee4f2,test,분식,T1 정확표기,q_분식_01,분식,음식점 중 '분식'을 판매·제공하는 매장,7c6683f5-862a-4d78-86fd-0543bf8e4450,김분식,분식,장천동상가,자율상권구역,전라남도,3.0,3.0,,,RESOLVED_AGREEMENT,False,3,,,,
d3cf728c96e431e5fa1a,test,분식,T1 정확표기,q_분식_01,분식,음식점 중 '분식'을 판매·제공하는 매장,70a427d1-cc28-4741-ad9c-0aabb27054e8,수제뿐식,분식,문창시장,전통시장,대전광역시,3.0,3.0,,,RESOLVED_AGREEMENT,False,3,,,,
8e9d38d572152af6d81b,test,분식,T1 정확표기,q_분식_01,분식,음식점 중 '분식'을 판매·제공하는 매장,00783b5c-54fd-42fc-8bcf-1ea7fce865d5,쫀득분식,분식,임방울거리3구역 골목형상점가,골목형상점가,광주광역시,3.0,3.0,,,RESOLVED_AGREEMENT,False,3,,,,
2432b75b18b600c54bd4,test,분식,T1 정확표기,q_분식_01,분식,음식점 중 '분식'을 판매·제공하는 매장,04c905ba-3172-4ea4-a6dd-4345d674dea0,덕순이네,제조업(떡집),장터길 골목형상점가,골목형상점가,경기도,1.0,0.0,,,P2_GRADED_ONLY,True,,,,,
ea33b1e6123002df4c0f,test,분식,T1 정확표기,q_분식_01,분식,음식점 중 '분식'을 판매·제공하는 매장,2413e383-8da8-4a92-8f66-394b0dcd0e3c,분식점빵,분식,태화시장,전통시장,울산광역시,3.0,3.0,,,RESOLVED_AGREEMENT,False,3,,,,
fc609e86f0b3fb367d7d,test,분식,T1 정확표기,q_분식_01,분식,음식점 중 '분식'을 판매·제공하는 매장,aea4c836-7dfd-422a-b66a-0ffb9a1e45f9,옛날분식,분식,전통중앙도매상가,전통시장,대전광역시,3.0,3.0,,,RESOLVED_AGREEMENT,False,3,,,,
5f2b0ef56970b8d13c11,test,분식,T1 정확표기,q_분식_01,분식,음식점 중 '분식'을 판매·제공하는 매장,08fd525f-a0ac-4e8c-96f9-bc40a4eaf842,분식맘,분식,금호공설시장,전통시장,경상북도,3.0,3.0,,,RESOLVED_AGREEMENT,False,3,,,,
027f4e0eb416a6fc4e81,test,분식,T1 정확표기,q_분식_01,분식,음식점 중 '분식'을 판매·제공하는 매장,f9356285-5283-48d1-a29b-a5959d996dd6,명품분식,분식,우이골목시장골목형상점가,골목형상점가,서울특별시,3.0,3.0,,,RESOLVED_AGREEMENT,False,3,,,,
b4a3c6f888aaef505a87,test,분식,T1 정확표기,q_분식_01,분식,음식점 중 '분식'을 판매·제공하는 매장,11ab4e10-6de7-441e-903a-c10077a650ad,진분식,분식,법원 앞 사과마을 골목형상점가,골목형상점가,광주광역시,3.0,3.0,,,RESOLVED_AGREEMENT,False,3,,,,
116525ac714af6516d25,test,분식,T1 정확표기,q_분식_01,분식,음식점 중 '분식'을 판매·제공하는 매장,064d899b-c65a-4b75-9a15-9ca1eaf707f4,이삭토스트,토스트 등,매탄중심상가 골목형상점가,골목형상점가,경기도,3.0,0.0,,,P1_BINARY_THRESHOLD,True,,,,,
ca99482278c4be18c0f2,test,분식,T1 정확표기,q_분식_01,분식,음식점 중 '분식'을 판매·제공하는 매장,0a891050-80f2-4423-a5a4-fbd505f1e519,이삭토스트 대전테크노밸리점,토스트,테크노밸리 골목형상점가,골목형상점가,대전광역시,3.0,0.0,,,P1_BINARY_THRESHOLD,True,,,,,
52896637de2391fc2789,test,분식,T1 정확표기,q_분식_01,분식,음식점 중 '분식'을 판매·제공하는 매장,db89eba8-a255-4559-8cd7-57ffeb2af883,떡산,분식,연서시장,전통시장,서울특별시,3.0,3.0,,,RESOLVED_AGREEMENT,False,3,,,,
e4be5582bb9aefea2903,test,분식,T1 정확표기,q_분식_01,분식,음식점 중 '분식'을 판매·제공하는 매장,04a91b86-3405-4f8d-b0b8-eac86f3907c4,연지동토스트,커피토스트,연지시장,전통시장,부산광역시,3.0,0.0,,,P1_BINARY_THRESHOLD,True,,,,,
b8201cbdeb0e598a8ec4,test,분식,T1 정확표기,q_분식_01,분식,음식점 중 '분식'을 판매·제공하는 매장,0ab4b1bd-93f1-4d46-b012-abfc9b1328dc,브라운토스트,"토스트, 음료",구즉 골목형상점가,골목형상점가,대전광역시,3.0,0.0,,,P1_BINARY_THRESHOLD,True,,,,,
d76cea135b412bbf9f80,test,분식,T1 정확표기,q_분식_01,분식,음식점 중 '분식'을 판매·제공하는 매장,0fcc963f-9fc4-4a48-bffb-1c69a5f196e1,효분식,분식,제천중앙시장,전통시장,충청북도,3.0,3.0,,,RESOLVED_AGREEMENT,False,3,,,,
3400fdc2cdb9abe05721,test,분식,T1 정확표기,q_분식_01,분식,음식점 중 '분식'을 판매·제공하는 매장,d90c5bdf-9b76-4833-9aef-c27a1dfc75b6,서도분식,분식,거마평로 골목형상점가,골목형상점가,전북특별자치도,3.0,3.0,,,RESOLVED_AGREEMENT,False,3,,,,
4df19207abb33b60e4c4,test,분식,T1 정확표기,q_분식_01,분식,음식점 중 '분식'을 판매·제공하는 매장,0011cf6d-567e-4c3b-b113-363daa11212a,김밥먹고 닭꼬치,,배방상점가,자율상권구역,충청남도,3.0,3.0,,,RESOLVED_AGREEMENT,False,3,,,,
785c5a197bc852d40195,test,분식,T1 정확표기,q_분식_01,분식,음식점 중 '분식'을 판매·제공하는 매장,69f20b3a-cf74-41ac-be36-9c519eb1470c,오늘도 분식,분식,전농배봉산맛집거리골목형상점가,골목형상점가,서울특별시,3.0,3.0,,,RESOLVED_AGREEMENT,False,3,,,,
f635f5de33d17cccc3f4,test,분식,T1 정확표기,q_분식_01,분식,음식점 중 '분식'을 판매·제공하는 매장,0dae522a-0e6a-47fb-9f72-df1e7610399a,육동백양,속옷,광명새마을시장,전통시장,경기도,0.0,0.0,,,RESOLVED_AGREEMENT,False,0,,,,
b80236102a6ed6c6c99d,test,분식,T1 정확표기,q_분식_01,분식,음식점 중 '분식'을 판매·제공하는 매장,cb94ab18-d6ef-4442-b56a-5303e3278207,골목분식,분식,하단오일상설시장,전통시장,부산광역시,3.0,3.0,,,RESOLVED_AGREEMENT,False,3,,,,
5ad9f2161c84010bf218,test,분식,T1 정확표기,q_분식_01,분식,음식점 중 '분식'을 판매·제공하는 매장,015915e3-2542-4245-b627-0c775b4c5501,한내떡집,,거제 고현시장,전통시장,경상남도,1.0,0.0,,,P2_GRADED_ONLY,True,,,,,
72ff7de7da33ca307613,test,분식,T1 정확표기,q_분식_01,분식,음식점 중 '분식'을 판매·제공하는 매장,cf6335ca-0afa-4f47-8aa2-d00a1546f83e,오늘도 분식,분식,갑천호수 골목형상점가,골목형상점가,대전광역시,3.0,3.0,,,RESOLVED_AGREEMENT,False,3,,,,
7ef44974202b68f3fd5b,test,분식,T1 정확표기,q_분식_01,분식,음식점 중 '분식'을 판매·제공하는 매장,2db612f3-89c9-449a-97dc-3bb910543e6b,리바디재활운동센터,교정운동,문흥1동 골목형상점가,골목형상점가,광주광역시,0.0,0.0,,,RESOLVED_AGREEMENT,False,0,,,,
5e25a41b9379c9ed913a,test,분식,T1 정확표기,q_분식_01,분식,음식점 중 '분식'을 판매·제공하는 매장,045215f0-9db0-4054-8c69-702841941f01,문토스트용호점,카페토스트,용호1동골목시장,전통시장,부산광역시,3.0,0.0,,,P1_BINARY_THRESHOLD,True,,,,,
e379f5fd12fc2b3c43cb,test,분식,T1 정확표기,q_분식_01,분식,음식점 중 '분식'을 판매·제공하는 매장,04c41036-dbe4-4ce1-b514-707473b7ebb3,분식박사,분식,무거현대시장,골목형상점가,울산광역시,3.0,3.0,,,RESOLVED_AGREEMENT,False,3,,,,
1dfdeb85b6da4529d73d,test,분식,T1 정확표기,q_분식_01,분식,음식점 중 '분식'을 판매·제공하는 매장,3dba3423-669d-4435-ba5c-abc10cf079d5,새롬분식,분식,평택국제중앙시장,전통시장,경기도,3.0,3.0,,,RESOLVED_AGREEMENT,False,3,,,,
bfca05b0b3c5d381cea2,test,분식,T1 정확표기,q_분식_01,분식,음식점 중 '분식'을 판매·제공하는 매장,001bda4f-046f-44c5-b084-8de630ac405a,김밥윤,김밥 등,보람동 골목형상점가,골목형상점가,세종특별자치시,3.0,3.0,,,RESOLVED_AGREEMENT,False,3,,,,
23a9dd7a89f9815707be,test,분식,T1 정확표기,q_분식_01,분식,음식점 중 '분식'을 판매·제공하는 매장,650fb1c8-2fb9-4884-9010-f52f0279d69c,담안분식,분식,창원 대동그린코아상가,전통시장,경상남도,3.0,3.0,,,RESOLVED_AGREEMENT,False,3,,,,
ec3e86cebe5441a0d899,test,분식,T1 정확표기,q_분식_01,분식,음식점 중 '분식'을 판매·제공하는 매장,293bbbde-785b-42aa-a178-10aac5ee695d,골목애분식,분식,김천황금시장,전통시장,경상북도,3.0,3.0,,,RESOLVED_AGREEMENT,False,3,,,,
fd74086fe63a69c5e074,test,분식,T1 정확표기,q_분식_01,분식,음식점 중 '분식'을 판매·제공하는 매장,552aa314-9009-4239-91ed-4448345e7b32,땡길때면,분식,엄사 골목형상점가,골목형상점가,충청남도,3.0,3.0,,,RESOLVED_AGREEMENT,False,3,,,,
cc27f48d196e3604f375,test,분식,T1 정확표기,q_분식_01,분식,음식점 중 '분식'을 판매·제공하는 매장,13cc8625-c276-489f-bae7-315b3f241206,종일분식,분식,영천공설시장,전통시장,경상북도,3.0,3.0,,,RESOLVED_AGREEMENT,False,3,,,,
f4ca1b4fd7ed3dba1f11,test,분식,T1 정확표기,q_분식_01,분식,음식점 중 '분식'을 판매·제공하는 매장,2d540484-08bb-412a-b46a-8e6d2d079ce8,필분식,분식,월배신시장,전통시장,대구광역시,3.0,3.0,,,RESOLVED_AGREEMENT,False,3,,,,
c4a3a0c4257773caf609,test,분식,T1 정확표기,q_분식_01,분식,음식점 중 '분식'을 판매·제공하는 매장,96bb68a6-d1a9-4856-831f-039c523986c9,다온분식,분식,카림애비뉴애 골목형상점가,골목형상점가,세종특별자치시,3.0,3.0,,,RESOLVED_AGREEMENT,False,3,,,,
70366c21c2e70abcd033,test,분식,T1 정확표기,q_분식_01,분식,음식점 중 '분식'을 판매·제공하는 매장,4feeee14-bdf6-4a37-9268-d8a119c3e182,찐떡,분식,남성역 골목시장,전통시장,서울특별시,3.0,3.0,,,RESOLVED_AGREEMENT,False,3,,,,
99116c611b95433e89e4,test,분식,T1 정확표기,q_분식_01,분식,음식점 중 '분식'을 판매·제공하는 매장,c91c5e2b-c8db-4e19-9823-4a2b01c7f858,불티나 분식,분식,덕풍전통시장,전통시장,경기도,3.0,3.0,,,RESOLVED_AGREEMENT,False,3,,,,
a454b13b84c25fa157fa,test,분식,T1 정확표기,q_분식_01,분식,음식점 중 '분식'을 판매·제공하는 매장,f8d03d5c-a44f-43e8-b2e6-60e261a78cd2,"오늘도, 분식",분식,새미래 골목형상점가,골목형상점가,대전광역시,3.0,3.0,,,RESOLVED_AGREEMENT,False,3,,,,
4442a1785116d24f8529,test,분식,T1 정확표기,q_분식_01,분식,음식점 중 '분식'을 판매·제공하는 매장,60226811-ef9d-481d-91ff-e75d998d0ea1,심향,분식,충주관아골상가,전통시장,충청북도,3.0,3.0,,,RESOLVED_AGREEMENT,False,3,,,,
6cc0cc73ee35d76718f6,test,분식,T1 정확표기,q_분식_01,분식,음식점 중 '분식'을 판매·제공하는 매장,016f68a3-c16f-467c-af96-22466baf3a6a,쉬즈베이글,토스트,읍내리 원도심 골목형상점가,골목형상점가,전라남도,3.0,0.0,,,P1_BINARY_THRESHOLD,True,,,,,
3d7357a84c1abf445679,test,분식,T1 정확표기,q_분식_01,분식,음식점 중 '분식'을 판매·제공하는 매장,cfe7ac2c-dc78-454f-90a4-3044c8ce4e08,해림분식,분식,선우시장,전통시장,울산광역시,3.0,3.0,,,RESOLVED_AGREEMENT,False,3,,,,
270648bc4afe4140b2aa,test,분식,T1 정확표기,q_분식_01,분식,음식점 중 '분식'을 판매·제공하는 매장,bfbe0599-5d2c-4f07-9790-d6dff987e424,락뽁기,분식,기린전통시장,전통시장,강원특별자치도,3.0,3.0,,,RESOLVED_AGREEMENT,False,3,,,,
094607ae2207870cd787,test,분식,T1 정확표기,q_분식_02,토스트,음식점 중 '분식'을 판매·제공하는 매장,89699db0-c7a6-413d-a6d7-aa9740300d49,토스트클럽,토스트,마산 창동통합상가,자율상권구역,경상남도,3.0,0.0,,,P1_BINARY_THRESHOLD,True,,,,,
8ada447ef2460f12836b,test,분식,T1 정확표기,q_분식_02,토스트,음식점 중 '분식'을 판매·제공하는 매장,723dc3b7-f79f-4866-aea0-86581998a4ee,봉순언니토스트,토스트,창원 명서시장,전통시장,경상남도,3.0,0.0,,,P1_BINARY_THRESHOLD,True,,,,,
ec992da0277e9169d82c,test,분식,T1 정확표기,q_분식_02,토스트,음식점 중 '분식'을 판매·제공하는 매장,008594db-d86c-4014-bf5c-16f6cd40402d,와글와글봄소풍,김밥,다사역 골목형상점가,골목형상점가,대구광역시,2.0,3.0,,,P2_GRADED_ONLY,True,,,,,
b09fd43f29afca00ded4,test,분식,T1 정확표기,q_분식_02,토스트,음식점 중 '분식'을 판매·제공하는 매장,59ad0290-ff96-4043-bc7a-3b09f96f6951,토스트잇,토스트,낙낙별길골목형상점가,골목형상점가,서울특별시,3.0,0.0,,,P1_BINARY_THRESHOLD,True,,,,,
a2cd304428e9f4982f51,test,분식,T1 정확표기,q_분식_02,토스트,음식점 중 '분식'을 판매·제공하는 매장,1e954559-9b4d-42d0-a804-90aa8efbd481,캐롯가구백화점,가구,동림2 골목형상점가,골목형상점가,광주광역시,0.0,0.0,,,RESOLVED_AGREEMENT,False,0,,,,
032468e013861944f7a7,test,분식,T1 정확표기,q_분식_02,토스트,음식점 중 '분식'을 판매·제공하는 매장,005313c8-dce8-49b6-9841-9143ebb1305a,동원떡집,,박달시장,전통시장,경기도,1.0,0.0,,,P2_GRADED_ONLY,True,,,,,
8540c1bdb1f2eb631ea1,test,분식,T1 정확표기,q_분식_02,토스트,음식점 중 '분식'을 판매·제공하는 매장,cb7f488f-df80-422b-8329-0133d6512dd0,이삭토스트,토스트,광교매탄 골목형상점가,골목형상점가,경기도,3.0,0.0,,,P1_BINARY_THRESHOLD,True,,,,,
984441be322bcfefa629,test,분식,T1 정확표기,q_분식_02,토스트,음식점 중 '분식'을 판매·제공하는 매장,f8260db0-d50e-4fcc-91d2-0e043e00ca7f,토스트랑,토스트,개봉중앙골목형상점가,골목형상점가,서울특별시,3.0,0.0,,,P1_BINARY_THRESHOLD,True,,,,,
609cb5ca8431007c03b3,test,분식,T1 정확표기,q_분식_02,토스트,음식점 중 '분식'을 판매·제공하는 매장,25d9e7a8-8d2b-48ac-b3aa-5fe368fcf055,노원토스트,토스트,상계중앙시장,전통시장,서울특별시,3.0,0.0,,,P1_BINARY_THRESHOLD,True,,,,,
c1dc0f341541499b2881,test,분식,T1 정확표기,q_분식_02,토스트,음식점 중 '분식'을 판매·제공하는 매장,abf9b0a8-af7d-4fd8-873c-127805d537b0,이삭토스트,토스트,금촌문화로시장,전통시장,경기도,3.0,0.0,,,P1_BINARY_THRESHOLD,True,,,,,
d58feb9c59db24fa6617,test,분식,T1 정확표기,q_분식_02,토스트,음식점 중 '분식'을 판매·제공하는 매장,0910caae-ad67-4ef3-934e-fff4c6059206,참토스트 대전학하점,토스트,계산동 골목형상점가,골목형상점가,대전광역시,3.0,0.0,,,P1_BINARY_THRESHOLD,True,,,,,
f02b1c942d24594e3c52,test,분식,T1 정확표기,q_분식_02,토스트,음식점 중 '분식'을 판매·제공하는 매장,0e3e29e3-1841-4324-a9ea-88e6bba873d8,봉천토스트,토스트 와플,봉천달빛길골목형상점가,골목형상점가,서울특별시,3.0,0.0,,,P1_BINARY_THRESHOLD,True,,,,,
17e61feb6cf8da9469f7,test,분식,T1 정확표기,q_분식_02,토스트,음식점 중 '분식'을 판매·제공하는 매장,5a16b296-499e-4617-a612-77884dc449c0,이삭토스트,토스트,노원역9번출구 골목형상점가,골목형상점가,서울특별시,3.0,0.0,,,P1_BINARY_THRESHOLD,True,,,,,
ee339419d7196d259e56,test,분식,T1 정확표기,q_분식_02,토스트,음식점 중 '분식'을 판매·제공하는 매장,e14a35ef-257b-4998-9fa3-d997baebd199,캠토토스트,토스트,직산읍삼은1번가골목형상점가,골목형상점가,충청남도,3.0,0.0,,,P1_BINARY_THRESHOLD,True,,,,,
278bed9202a98a47eddc,test,분식,T1 정확표기,q_분식_02,토스트,음식점 중 '분식'을 판매·제공하는 매장,ff6b8626-c069-47f1-98c9-fd4193dbc11a,골목 토스트,토스트,지범골목먹거리타운 골목형상점가,골목형상점가,대구광역시,3.0,0.0,,,P1_BINARY_THRESHOLD,True,,,,,
7589dd52f44d839aacf5,test,분식,T1 정확표기,q_분식_02,토스트,음식점 중 '분식'을 판매·제공하는 매장,0018c143-a8bd-4461-a8ae-ee348edfad7a,김가네의정부중앙역점,김밥 분식 식사등,의정부시 구도심 상권활성화구역,상권활성화구역,경기도,2.0,3.0,,,P2_GRADED_ONLY,True,,,,,
fea30723d310894c9303,test,분식,T1 정확표기,q_분식_02,토스트,음식점 중 '분식'을 판매·제공하는 매장,55c321c5-abd4-4182-99af-1b678b27a6df,정토스트,토스트,청주북부시장,전통시장,충청북도,3.0,0.0,,,P1_BINARY_THRESHOLD,True,,,,,
d59095cfcdf31c3ff596,test,분식,T1 정확표기,q_분식_02,토스트,음식점 중 '분식'을 판매·제공하는 매장,879f1844-fb01-445a-acf0-aa3b0c8d534d,이삭토스트,토스트,서문대로704번길 골목형상점가,골목형상점가,광주광역시,3.0,0.0,,,P1_BINARY_THRESHOLD,True,,,,,
709954f979e1d43fac11,test,분식,T1 정확표기,q_분식_02,토스트,음식점 중 '분식'을 판매·제공하는 매장,571651a7-502f-4ba8-86c5-85ed80fd585c,참토스트,토스트,보은전통시장,전통시장,충청북도,3.0,0.0,,,P1_BINARY_THRESHOLD,True,,,,,
dce9a59871a2ca526d78,test,분식,T1 정확표기,q_분식_02,토스트,음식점 중 '분식'을 판매·제공하는 매장,c539bfc1-2feb-45b1-b0f0-09d9207361e6,하나로 21세기약국,약국,일곡동 골목형상점가,골목형상점가,광주광역시,0.0,0.0,,,RESOLVED_AGREEMENT,False,0,,,,
55ae966a482bfc29c31d,test,분식,T1 정확표기,q_분식_02,토스트,음식점 중 '분식'을 판매·제공하는 매장,04b03558-95d1-4a0e-a9e2-9a9e72bdadb2,배가찐왕만두,만두,문흥2동 골목형상점가,골목형상점가,광주광역시,2.0,3.0,,,P2_GRADED_ONLY,True,,,,,
76741517ab696ad75ba7,test,분식,T1 정확표기,q_분식_02,토스트,음식점 중 '분식'을 판매·제공하는 매장,b753f8b8-41d4-4a7a-9e45-90fbbce7493b,지구토스트,토스트,큰방림길 골목형상점가,골목형상점가,광주광역시,3.0,0.0,,,P1_BINARY_THRESHOLD,True,,,,,
b6bc478bf8819dca0aea,test,분식,T1 정확표기,q_분식_02,토스트,음식점 중 '분식'을 판매·제공하는 매장,001bda4f-046f-44c5-b084-8de630ac405a,김밥윤,김밥 등,보람동 골목형상점가,골목형상점가,세종특별자치시,2.0,3.0,,,P2_GRADED_ONLY,True,,,,,
f0978f154506b9d43a5d,test,분식,T1 정확표기,q_분식_02,토스트,음식점 중 '분식'을 판매·제공하는 매장,f68126ee-7e4f-468a-aefc-ceecde6b5d1e,써니토스트,토스트,주막거리상점가,자율상권구역,경기도,3.0,0.0,,,P1_BINARY_THRESHOLD,True,,,,,
9e571c16e7c09e0dab0a,test,분식,T1 정확표기,q_분식_02,토스트,음식점 중 '분식'을 판매·제공하는 매장,0239c4e7-2ae3-4f29-8952-19c6d9d1d9a9,세번째집,순대국밥,성환이화시장,전통시장,충청남도,2.0,3.0,,,P2_GRADED_ONLY,True,,,,,
744420f8320b75a2da22,test,분식,T1 정확표기,q_분식_02,토스트,음식점 중 '분식'을 판매·제공하는 매장,2fbc0cfc-59e6-483e-a7c1-f934df63eeef,이삭토스트,토스트,풍동온누리 골목형상점가,골목형상점가,경기도,3.0,0.0,,,P1_BINARY_THRESHOLD,True,,,,,
b8fed9a1fb33c2fcbe1e,test,분식,T1 정확표기,q_분식_02,토스트,음식점 중 '분식'을 판매·제공하는 매장,bfaaa2da-e587-4861-aaf1-d37a1ab737b0,이삭토스트,토스트,금촌문화로시장,전통시장,경기도,3.0,0.0,,,P1_BINARY_THRESHOLD,True,,,,,
470bcd2cff15822a762d,test,분식,T1 정확표기,q_분식_02,토스트,음식점 중 '분식'을 판매·제공하는 매장,01853453-69ac-4f55-9cd8-09e40088ab59,가마솥왕만두,만두,울산번개시장,전통시장,울산광역시,2.0,3.0,,,P2_GRADED_ONLY,True,,,,,
6354375e5d9b09d319c2,test,분식,T1 정확표기,q_분식_02,토스트,음식점 중 '분식'을 판매·제공하는 매장,c7c286d3-3448-4277-91ad-8c031c520f72,길거리토스트,토스트,홍천시장(홍천구시장),전통시장,강원특별자치도,3.0,0.0,,,P1_BINARY_THRESHOLD,True,,,,,
92e595df947905440c12,test,분식,T1 정확표기,q_분식_02,토스트,음식점 중 '분식'을 판매·제공하는 매장,0011cf6d-567e-4c3b-b113-363daa11212a,김밥먹고 닭꼬치,,배방상점가,자율상권구역,충청남도,2.0,3.0,,,P2_GRADED_ONLY,True,,,,,
87cea746cee3e861f773,test,분식,T1 정확표기,q_분식_02,토스트,음식점 중 '분식'을 판매·제공하는 매장,bc3ce2ea-c112-4dd8-bfca-40b10f0ab716,이삭토스트,토스트,여수진남상가,자율상권구역,전라남도,3.0,0.0,,,P1_BINARY_THRESHOLD,True,,,,,
4c4e8a00dc2ec2d92c3c,test,분식,T1 정확표기,q_분식_02,토스트,음식점 중 '분식'을 판매·제공하는 매장,0b8ef6dc-2f6b-4707-bd73-529122d9c97a,하단떡집,떡집,하단오일상설시장,전통시장,부산광역시,1.0,0.0,,,P2_GRADED_ONLY,True,,,,,
9ecb21a38701588af1cc,test,분식,T1 정확표기,q_분식_02,토스트,음식점 중 '분식'을 판매·제공하는 매장,02f03161-3a15-416f-bdd6-8ad5bd17781d,시골참순대,,관저동 먹자골목 골목형상점가,골목형상점가,대전광역시,2.0,3.0,,,P2_GRADED_ONLY,True,,,,,
009fa0d18de5b51440f5,test,분식,T1 정확표기,q_분식_02,토스트,음식점 중 '분식'을 판매·제공하는 매장,f0c8a0c8-20b4-429f-bbe6-9949b0985eb6,이삭토스트,토스트,봉일천전통시장,전통시장,경기도,3.0,0.0,,,P1_BINARY_THRESHOLD,True,,,,,
5803e92a512b1a8a596f,test,분식,T1 정확표기,q_분식_02,토스트,음식점 중 '분식'을 판매·제공하는 매장,1cb4bae3-ad95-477f-b007-329832ebd60e,석봉토스트,토스트,다비치복현로 골목형상점가,골목형상점가,대구광역시,3.0,0.0,,,P1_BINARY_THRESHOLD,True,,,,,
a2b3a519834c79f2eccb,test,분식,T1 정확표기,q_분식_02,토스트,음식점 중 '분식'을 판매·제공하는 매장,20353455-b748-4cd5-ab8e-3ca26fe4e560,삼봉통닭,치킨,봉리단길골목형상점가,골목형상점가,서울특별시,0.0,0.0,,,RESOLVED_AGREEMENT,False,0,,,,
c29e56891abc65b5a755,test,분식,T1 정확표기,q_분식_02,토스트,음식점 중 '분식'을 판매·제공하는 매장,064d899b-c65a-4b75-9a15-9ca1eaf707f4,이삭토스트,토스트 등,매탄중심상가 골목형상점가,골목형상점가,경기도,3.0,0.0,,,P1_BINARY_THRESHOLD,True,,,,,
cebaaa258e00e50acb71,test,분식,T1 정확표기,q_분식_02,토스트,음식점 중 '분식'을 판매·제공하는 매장,00783b5c-54fd-42fc-8bcf-1ea7fce865d5,쫀득분식,분식,임방울거리3구역 골목형상점가,골목형상점가,광주광역시,2.0,3.0,,,P2_GRADED_ONLY,True,,,,,
0389b058203efe618b2a,test,분식,T1 정확표기,q_분식_02,토스트,음식점 중 '분식'을 판매·제공하는 매장,a66caa12-d548-45f7-9d03-dd9ca062cdbb,민씨네토스트,토스트,의정부제일시장,전통시장,경기도,3.0,0.0,,,P1_BINARY_THRESHOLD,True,,,,,
e8d35f6948226b07a0f9,test,분식,T1 정확표기,q_분식_02,토스트,음식점 중 '분식'을 판매·제공하는 매장,045215f0-9db0-4054-8c69-702841941f01,문토스트용호점,카페토스트,용호1동골목시장,전통시장,부산광역시,3.0,0.0,,,P1_BINARY_THRESHOLD,True,,,,,
b5a6b646f8966ba184f2,test,분식,T1 정확표기,q_분식_02,토스트,음식점 중 '분식'을 판매·제공하는 매장,e3bc1b64-cd2f-4464-b19b-f84fc0880053,이삭토스트,토스트,효행구봉담상점가,골목형상점가,경기도,3.0,0.0,,,P1_BINARY_THRESHOLD,True,,,,,
23dbea9957f52e029e6a,test,분식,T1 정확표기,q_분식_02,토스트,음식점 중 '분식'을 판매·제공하는 매장,055b0501-9678-421c-9b8d-2994754df728,캠토토스트 계룡대실점,토스트,두마면 대실골목형상점가,골목형상점가,충청남도,3.0,0.0,,,P1_BINARY_THRESHOLD,True,,,,,
7a09fe9d9e7c7f41cf8a,test,분식,T1 정확표기,q_분식_02,토스트,음식점 중 '분식'을 판매·제공하는 매장,3ea1e432-d251-46ec-9999-ef82f5df56bc,최주원의컬펌,미용,포남용마거리골목형상점가,골목형상점가,강원특별자치도,0.0,0.0,,,RESOLVED_AGREEMENT,False,0,,,,
b7b734b6a669afd3d50a,test,분식,T1 정확표기,q_분식_02,토스트,음식점 중 '분식'을 판매·제공하는 매장,6e6af143-774d-4846-ad49-8e8ff1216e8a,이삭토스트,토스트,양북시장,전통시장,경상북도,3.0,0.0,,,P1_BINARY_THRESHOLD,True,,,,,
c9c042f60dee6d32ece1,test,분식,T1 정확표기,q_분식_02,토스트,음식점 중 '분식'을 판매·제공하는 매장,9669d3c3-9aac-4389-82c4-5558ebead83c,입터진토스트,토스트,점촌역전상점가,자율상권구역,경상북도,3.0,0.0,,,P1_BINARY_THRESHOLD,True,,,,,
2ef32d3a3f1269399d16,test,분식,T1 정확표기,q_분식_02,토스트,음식점 중 '분식'을 판매·제공하는 매장,bfa0ca43-a055-4e42-8009-0e73ceeaa43c,이삭토스트,토스트,경주중심상가,전통시장,경상북도,3.0,0.0,,,P1_BINARY_THRESHOLD,True,,,,,
3686382726679e06610a,test,분식,T1 정확표기,q_분식_02,토스트,음식점 중 '분식'을 판매·제공하는 매장,7670dbad-2255-4570-8c5c-28dc32150760,샌토락,토스트,금왕중심골목형상점가,골목형상점가,충청북도,3.0,0.0,,,P1_BINARY_THRESHOLD,True,,,,,
bf19a0e77ebe4dc7ec5b,test,분식,T1 정확표기,q_분식_02,토스트,음식점 중 '분식'을 판매·제공하는 매장,0a891050-80f2-4423-a5a4-fbd505f1e519,이삭토스트 대전테크노밸리점,토스트,테크노밸리 골목형상점가,골목형상점가,대전광역시,3.0,0.0,,,P1_BINARY_THRESHOLD,True,,,,,
1c90b246d19599742f37,test,분식,T1 정확표기,q_분식_02,토스트,음식점 중 '분식'을 판매·제공하는 매장,007d6b63-4e47-47fa-aaa5-6d0b5cc7280b,도토리김밥계룡엄사점,분식,엄사 골목형상점가,골목형상점가,충청남도,2.0,3.0,,,P2_GRADED_ONLY,True,,,,,
0e0163e36f48a1bcb65d,test,분식,T1 정확표기,q_분식_02,토스트,음식점 중 '분식'을 판매·제공하는 매장,016f68a3-c16f-467c-af96-22466baf3a6a,쉬즈베이글,토스트,읍내리 원도심 골목형상점가,골목형상점가,전라남도,3.0,0.0,,,P1_BINARY_THRESHOLD,True,,,,,
c33ef5742fdc45cd2df2,test,분식,T1 정확표기,q_분식_02,토스트,음식점 중 '분식'을 판매·제공하는 매장,0075dacf-3e3f-47b8-a4af-d3a2ff866348,북툰커피앤카페,찐빵 만두 커피,신창진흥 골목형상점가,골목형상점가,광주광역시,2.0,3.0,,,P2_GRADED_ONLY,True,,,,,
26cc404373f3192fd163,test,분식,T1 정확표기,q_분식_02,토스트,음식점 중 '분식'을 판매·제공하는 매장,00ec6d6a-b0c1-4662-b17f-9c9f059a4bcd,백암서울순대국,순대국,강서구청먹자골목골목형상점가,골목형상점가,서울특별시,2.0,3.0,,,P2_GRADED_ONLY,True,,,,,
1487cccc4c0628c33571,test,분식,T1 정확표기,q_분식_02,토스트,음식점 중 '분식'을 판매·제공하는 매장,00b5a007-bb8d-47db-963d-ccc7e93c25ac,장호덕 손만두 백석점,만두,백석한들1번가 골목형상점가,골목형상점가,충청남도,2.0,3.0,,,P2_GRADED_ONLY,True,,,,,
ccdeaa6e7dc9cd29c35e,test,분식,T1 정확표기,q_분식_02,토스트,음식점 중 '분식'을 판매·제공하는 매장,9e396075-9186-403c-b20a-90607e25c053,안심정육점,정육점,박달시장,전통시장,경기도,0.0,0.0,,,RESOLVED_AGREEMENT,False,0,,,,
4dfc4695cc6184275ae1,test,분식,T1 정확표기,q_분식_02,토스트,음식점 중 '분식'을 판매·제공하는 매장,d494ce69-3512-4b13-bf2f-a7048443f7c8,토스트 팜,토스트,담양중앙 골목형상점가,골목형상점가,전라남도,3.0,0.0,,,P1_BINARY_THRESHOLD,True,,,,,
3dec29ab4b8882536e74,test,분식,T1 정확표기,q_분식_02,토스트,음식점 중 '분식'을 판매·제공하는 매장,00719699-eb0c-4473-bda9-7a16eace345e,봉식이옛날왕만두,만두,삼익 골목형상점가,골목형상점가,서울특별시,2.0,3.0,,,P2_GRADED_ONLY,True,,,,,
df0c803042b32c7afef9,test,분식,T1 정확표기,q_분식_02,토스트,음식점 중 '분식'을 판매·제공하는 매장,00ca89c2-42a8-432d-ba4b-5abd23c18ab0,계란밥,계란밥분식,시청역상가번영회 골목형상점가,골목형상점가,광주광역시,2.0,3.0,,,P2_GRADED_ONLY,True,,,,,
b2a71c60a297ed43d57e,test,분식,T1 정확표기,q_분식_02,토스트,음식점 중 '분식'을 판매·제공하는 매장,3ac9d5d9-24a6-4b8f-99c2-bf11e49e1b19,토피,토스트,쌍학로상인회 골목형상점가,골목형상점가,광주광역시,3.0,0.0,,,P1_BINARY_THRESHOLD,True,,,,,
52b0972ba964beb438e7,test,분식,T1 정확표기,q_분식_02,토스트,음식점 중 '분식'을 판매·제공하는 매장,823d6c6a-120d-41d9-8135-b580f252a6fd,이삭토스트,토스트,강진중앙로상가,자율상권구역,전라남도,3.0,0.0,,,P1_BINARY_THRESHOLD,True,,,,,
add90d2428d817a6aae9,test,분식,T1 정확표기,q_분식_02,토스트,음식점 중 '분식'을 판매·제공하는 매장,b41ac99b-b7d9-4ba2-9d20-a7633d66a792,의왕토스트,토스트,의왕도깨비시장,전통시장,경기도,3.0,0.0,,,P1_BINARY_THRESHOLD,True,,,,,
a7b6e396a2b41c81a3c6,test,분식,T1 정확표기,q_분식_02,토스트,음식점 중 '분식'을 판매·제공하는 매장,04c905ba-3172-4ea4-a6dd-4345d674dea0,덕순이네,제조업(떡집),장터길 골목형상점가,골목형상점가,경기도,1.0,0.0,,,P2_GRADED_ONLY,True,,,,,
cb67295a824c175850c7,test,분식,T1 정확표기,q_분식_02,토스트,음식점 중 '분식'을 판매·제공하는 매장,d52b963d-16be-4f1b-8eb7-f272f3b83979,강북토스트,토스트,수유중앙골목시장골목형상점가,골목형상점가,서울특별시,3.0,0.0,,,P1_BINARY_THRESHOLD,True,,,,,
060809ed73f195fcfe60,test,분식,T1 정확표기,q_분식_02,토스트,음식점 중 '분식'을 판매·제공하는 매장,da257990-447d-4171-8f38-ef527039ecc8,유행따라,옷,중앙신시장,전통시장,경상북도,0.0,0.0,,,RESOLVED_AGREEMENT,False,0,,,,
70b40d28b8de0f8a56b7,test,분식,T1 정확표기,q_분식_02,토스트,음식점 중 '분식'을 판매·제공하는 매장,3064c2e9-f131-413e-8804-a1f89662d905,참토스트,토스트,하남 골목형상점가,골목형상점가,광주광역시,3.0,0.0,,,P1_BINARY_THRESHOLD,True,,,,,
09d91f446fc83537515e,test,분식,T1 정확표기,q_분식_02,토스트,음식점 중 '분식'을 판매·제공하는 매장,aada6bd5-f29d-48fd-ab64-369bcc6bc80a,종점토스트,토스트,사근살곶이골목형상점가,골목형상점가,서울특별시,3.0,0.0,,,P1_BINARY_THRESHOLD,True,,,,,
09f3c51d4c5d68862e3d,test,분식,T1 정확표기,q_분식_02,토스트,음식점 중 '분식'을 판매·제공하는 매장,3e702233-f4a9-44a6-9a7b-4cde61cd8602,역전토스트,토스트,정읍연지상점가,자율상권구역,전북특별자치도,3.0,0.0,,,P1_BINARY_THRESHOLD,True,,,,,
5e6c91648635a16b142d,test,분식,T1 정확표기,q_분식_02,토스트,음식점 중 '분식'을 판매·제공하는 매장,34218f54-4b29-4ff5-ada0-dc0f7681ce56,프린스토스트,토스트,세종전통시장,전통시장,세종특별자치시,3.0,0.0,,,P1_BINARY_THRESHOLD,True,,,,,
7bad5acb948b33c3ab98,test,분식,T1 정확표기,q_분식_02,토스트,음식점 중 '분식'을 판매·제공하는 매장,0ab4b1bd-93f1-4d46-b012-abfc9b1328dc,브라운토스트,"토스트, 음료",구즉 골목형상점가,골목형상점가,대전광역시,3.0,0.0,,,P1_BINARY_THRESHOLD,True,,,,,
7f13e5f7852dbd6fd7a8,test,분식,T1 정확표기,q_분식_02,토스트,음식점 중 '분식'을 판매·제공하는 매장,f5ffa8a6-3205-49fc-97a7-2803e1baf8aa,이삭토스트,토스트,조대장미의거리 상점가,자율상권구역,광주광역시,3.0,0.0,,,P1_BINARY_THRESHOLD,True,,,,,
2f92db1fcadfc83f9dc9,test,분식,T1 정확표기,q_분식_02,토스트,음식점 중 '분식'을 판매·제공하는 매장,7c21ff58-1dd9-41a1-b366-50610036b092,이삭토스트,토스트,흥덕 다채움 골목형 상점가,골목형상점가,경기도,3.0,0.0,,,P1_BINARY_THRESHOLD,True,,,,,
17335d748ae39f0a0af0,test,분식,T1 정확표기,q_분식_02,토스트,음식점 중 '분식'을 판매·제공하는 매장,bc05c25c-fcf1-469d-bbc0-f1bdcf26007a,비비큐용봉비엔날레점,치킨,용봉지구 골목형상점가,골목형상점가,광주광역시,0.0,0.0,,,RESOLVED_AGREEMENT,False,0,,,,
d7ecf5340c5f8d74f23c,test,분식,T1 정확표기,q_분식_02,토스트,음식점 중 '분식'을 판매·제공하는 매장,c5f79209-bb6d-47d6-9cfa-0dac0cb53db4,이삭토스트,토스트,탕정미래 골목형상점가,골목형상점가,충청남도,3.0,0.0,,,P1_BINARY_THRESHOLD,True,,,,,
b50108d903b269d944aa,test,분식,T1 정확표기,q_분식_02,토스트,음식점 중 '분식'을 판매·제공하는 매장,34f7b22e-5d0b-4275-a9c0-68b7a056f223,이삭토스트,토스트,건대로데오거리골목형상점가,골목형상점가,서울특별시,3.0,0.0,,,P1_BINARY_THRESHOLD,True,,,,,
1ac5a359300819240937,test,분식,T1 정확표기,q_분식_02,토스트,음식점 중 '분식'을 판매·제공하는 매장,49efea61-51b8-4d68-bc82-027f6529e5aa,캠토토스트,토스트,계림 재미로 골목형상점가,골목형상점가,광주광역시,3.0,0.0,,,P1_BINARY_THRESHOLD,True,,,,,
a29a04236948e83b9935,test,분식,T1 정확표기,q_분식_02,토스트,음식점 중 '분식'을 판매·제공하는 매장,29b05536-85ca-4c29-8a57-81ac12f5cc43,유명토스트,토스트,구서오시게시장,전통시장,부산광역시,3.0,0.0,,,P1_BINARY_THRESHOLD,True,,,,,
e01838fd27d17cafd500,test,분식,T1 정확표기,q_분식_02,토스트,음식점 중 '분식'을 판매·제공하는 매장,1189686a-fb35-443c-a80f-48a967be3b02,신전떡볶이,분식,금호1동상가번영회 골목형상점가,골목형상점가,광주광역시,2.0,3.0,,,P2_GRADED_ONLY,True,,,,,
e86ab871cf984cd86c74,test,분식,T1 정확표기,q_분식_02,토스트,음식점 중 '분식'을 판매·제공하는 매장,a9a5dcef-dfd4-4533-8d9d-1ac236df88a6,다인토스트,토스트,안양중앙인정시장,전통시장,경기도,3.0,0.0,,,P1_BINARY_THRESHOLD,True,,,,,
7ec47371d879a3340def,test,분식,T1 정확표기,q_분식_02,토스트,음식점 중 '분식'을 판매·제공하는 매장,00e30e6c-dde0-49cd-9e3e-95465aa4247e,동해분식,분식,서남신시장,전통시장,대구광역시,2.0,3.0,,,P2_GRADED_ONLY,True,,,,,
a68380f4124b27ab2f96,test,분식,T1 정확표기,q_분식_02,토스트,음식점 중 '분식'을 판매·제공하는 매장,00e34fb5-e7d3-43aa-b574-400ee31abae5,은혜만두,만두,북동 골목형상점가,골목형상점가,광주광역시,2.0,3.0,,,P2_GRADED_ONLY,True,,,,,
b84e77c6bbf4fe2d694d,test,분식,T1 정확표기,q_분식_02,토스트,음식점 중 '분식'을 판매·제공하는 매장,024c1f10-1fe0-4be3-8bde-6465f5cd8c43,오늘은 떡볶이,"떡볶이, 튀김, 순대 등",석촌시장,전통시장,서울특별시,2.0,3.0,,,P2_GRADED_ONLY,True,,,,,
4496e54ff81926f0a4d9,test,분식,T1 정확표기,q_분식_02,토스트,음식점 중 '분식'을 판매·제공하는 매장,4cced14f-0320-44d5-bce2-d70127efa9a3,해피토스트,토스트,구포역세권상점가,자율상권구역,부산광역시,3.0,0.0,,,P1_BINARY_THRESHOLD,True,,,,,
201907a8c8e5c9732ea8,test,분식,T1 정확표기,q_분식_02,토스트,음식점 중 '분식'을 판매·제공하는 매장,017c71f5-48d0-4cce-a370-a84d34d36658,무봉리토종순대국파주운정점,,산내마을 골목형상점가,골목형상점가,경기도,2.0,3.0,,,P2_GRADED_ONLY,True,,,,,
d0f7b79b11d3c8133df0,test,분식,T1 정확표기,q_분식_02,토스트,음식점 중 '분식'을 판매·제공하는 매장,6cf819a2-011a-4ae7-9749-c809f0724291,알찬토스트,토스트,물베기 골목형상점가,골목형상점가,대구광역시,3.0,0.0,,,P1_BINARY_THRESHOLD,True,,,,,
ff96b2109f6c11677510,test,분식,T1 정확표기,q_분식_02,토스트,음식점 중 '분식'을 판매·제공하는 매장,d238fa62-8188-4122-a9b5-a2479f7a841d,석봉토스트,토스트,대현프리몰 대구점,일반지하상점가,대구광역시,3.0,0.0,,,P1_BINARY_THRESHOLD,True,,,,,
5d2446d9a56004700721,test,분식,T1 정확표기,q_분식_02,토스트,음식점 중 '분식'을 판매·제공하는 매장,7d2264da-5ceb-4179-a616-cf9613a693d3,냥냥토스트,토스트,진해 군항상권활성화구역,상권활성화구역,경상남도,3.0,0.0,,,P1_BINARY_THRESHOLD,True,,,,,
803075a6c70afc7bba41,test,분식,T1 정확표기,q_분식_02,토스트,음식점 중 '분식'을 판매·제공하는 매장,001cb3d4-5441-4963-b517-d5b3904ee312,현창떡집,떡집,목포동부시장,전통시장,전라남도,1.0,0.0,,,P2_GRADED_ONLY,True,,,,,
9a50966c0645e7ce6340,test,분식,T1 정확표기,q_분식_02,토스트,음식점 중 '분식'을 판매·제공하는 매장,d10e55c5-2306-43af-9ce7-ec852fe87158,이삭토스트,토스트,안양1번가 상점가,자율상권구역,경기도,3.0,0.0,,,P1_BINARY_THRESHOLD,True,,,,,
1fc6c5c877eb40ad82a5,test,분식,T1 정확표기,q_분식_02,토스트,음식점 중 '분식'을 판매·제공하는 매장,dc9a803e-49d0-4a41-8534-11f889435106,이삭토스트,토스트,마산 구암시장,전통시장,경상남도,3.0,0.0,,,P1_BINARY_THRESHOLD,True,,,,,
ff366de8eb0ea3153288,test,분식,T1 정확표기,q_분식_02,토스트,음식점 중 '분식'을 판매·제공하는 매장,aaef4e51-9e76-45a2-868f-ded4f819e21c,해피토스트,토스트,용두동미르길골목형상점가,골목형상점가,대전광역시,3.0,0.0,,,P1_BINARY_THRESHOLD,True,,,,,
a39a6a3f43870e9b87aa,test,분식,T1 정확표기,q_분식_02,토스트,음식점 중 '분식'을 판매·제공하는 매장,00b5a60c-c548-4ac2-8259-9bb788c0fc58,까치김밥,김밥식사류,신림별빛거리골목형상점가,골목형상점가,서울특별시,2.0,3.0,,,P2_GRADED_ONLY,True,,,,,
fe17c1e0bfc8b7872460,test,분식,T1 정확표기,q_분식_02,토스트,음식점 중 '분식'을 판매·제공하는 매장,7162a8e5-1a46-4423-af77-58bb2ee7e5b1,해피토스트,토스트,아진상가,골목형상점가,울산광역시,3.0,0.0,,,P1_BINARY_THRESHOLD,True,,,,,
8a99ae63714ebebb96cf,test,분식,T1 정확표기,q_분식_02,토스트,음식점 중 '분식'을 판매·제공하는 매장,98fa1cbe-3566-483a-ad8a-0c5014d57659,해피토스트,토스트,안동광석거리 골목형상점가,골목형상점가,경상북도,3.0,0.0,,,P1_BINARY_THRESHOLD,True,,,,,
b9079c2f1ce13665e291,test,분식,T1 정확표기,q_분식_02,토스트,음식점 중 '분식'을 판매·제공하는 매장,015915e3-2542-4245-b627-0c775b4c5501,한내떡집,,거제 고현시장,전통시장,경상남도,1.0,0.0,,,P2_GRADED_ONLY,True,,,,,
914c42934d4da80d837a,test,분식,T1 정확표기,q_분식_02,토스트,음식점 중 '분식'을 판매·제공하는 매장,00e9517a-1887-4acf-b072-10c7cadf9512,불닭발 땡초 동대문 엽기 떡볶이,분식,유엔남구 대학로 상권,,부산광역시,2.0,3.0,,,P2_GRADED_ONLY,True,,,,,
16a106a8afef5f965c1e,test,분식,T1 정확표기,q_분식_02,토스트,음식점 중 '분식'을 판매·제공하는 매장,04a91b86-3405-4f8d-b0b8-eac86f3907c4,연지동토스트,커피토스트,연지시장,전통시장,부산광역시,3.0,0.0,,,P1_BINARY_THRESHOLD,True,,,,,
c5930b6a5885e445cc1b,test,분식,T1 정확표기,q_분식_02,토스트,음식점 중 '분식'을 판매·제공하는 매장,0012a3b4-64a1-440c-a76e-f2be12a2f086,튀김집,분식,두암시장주변 골목형상점가,골목형상점가,광주광역시,2.0,3.0,,,P2_GRADED_ONLY,True,,,,,
4d57c16aefd1d92818dc,test,분식,T2 동의어,q_분식_03,김밥,음식점 중 '분식'을 판매·제공하는 매장,3ea277cd-667b-469f-a9d1-44b10aac2f0a,김밥&닭발,김밥 닭발,성서와룡시장,전통시장,대구광역시,3.0,3.0,,,RESOLVED_AGREEMENT,False,3,,,,
f1050d2e20d1c1ba2fd8,test,분식,T2 동의어,q_분식_03,김밥,음식점 중 '분식'을 판매·제공하는 매장,47c1a991-03dc-43a9-8126-d20026eb6ff3,김밥나라,김밥,제물포골목형상점가,골목형상점가,인천광역시,3.0,3.0,,,RESOLVED_AGREEMENT,False,3,,,,
7b7fdb8f261a36840875,test,분식,T2 동의어,q_분식_03,김밥,음식점 중 '분식'을 판매·제공하는 매장,0a891050-80f2-4423-a5a4-fbd505f1e519,이삭토스트 대전테크노밸리점,토스트,테크노밸리 골목형상점가,골목형상점가,대전광역시,2.0,0.0,,,P1_BINARY_THRESHOLD,True,,,,,
8033641fe2f694febd64,test,분식,T2 동의어,q_분식_03,김밥,음식점 중 '분식'을 판매·제공하는 매장,04c905ba-3172-4ea4-a6dd-4345d674dea0,덕순이네,제조업(떡집),장터길 골목형상점가,골목형상점가,경기도,1.0,0.0,,,P2_GRADED_ONLY,True,,,,,
8c3d81c8d9b40ccc2307,test,분식,T2 동의어,q_분식_03,김밥,음식점 중 '분식'을 판매·제공하는 매장,6091a036-06a6-4bbe-862b-b0dd52151f07,김밥 마는 남자,김밥,풍암순환로상인회 골목형상점가,골목형상점가,광주광역시,3.0,3.0,,,RESOLVED_AGREEMENT,False,3,,,,
c6deb085aaf730699618,test,분식,T2 동의어,q_분식_03,김밥,음식점 중 '분식'을 판매·제공하는 매장,0b8ef6dc-2f6b-4707-bd73-529122d9c97a,하단떡집,떡집,하단오일상설시장,전통시장,부산광역시,1.0,0.0,,,P2_GRADED_ONLY,True,,,,,
31e591ce6a418b4a3825,test,분식,T2 동의어,q_분식_03,김밥,음식점 중 '분식'을 판매·제공하는 매장,00719699-eb0c-4473-bda9-7a16eace345e,봉식이옛날왕만두,만두,삼익 골목형상점가,골목형상점가,서울특별시,2.0,3.0,,,P2_GRADED_ONLY,True,,,,,
0939e6861085b55dda34,test,분식,T2 동의어,q_분식_03,김밥,음식점 중 '분식'을 판매·제공하는 매장,005313c8-dce8-49b6-9841-9143ebb1305a,동원떡집,,박달시장,전통시장,경기도,1.0,0.0,,,P2_GRADED_ONLY,True,,,,,
c755c69a277ae01f743b,test,분식,T2 동의어,q_분식_03,김밥,음식점 중 '분식'을 판매·제공하는 매장,583343a6-091e-4034-9cc3-08473d7c7b22,김밥천국,김밥,결초보은시장(구 보은종합시장),전통시장,충청북도,3.0,3.0,,,RESOLVED_AGREEMENT,False,3,,,,
9746f5218926822036fd,test,분식,T2 동의어,q_분식_03,김밥,음식점 중 '분식'을 판매·제공하는 매장,2a603c29-092a-4faa-8b7a-28bc00529f57,김밥썸,김밥,초지항아리 골목형상점가,골목형상점가,경기도,3.0,3.0,,,RESOLVED_AGREEMENT,False,3,,,,
4663dd33525cbcc97972,test,분식,T2 동의어,q_분식_03,김밥,음식점 중 '분식'을 판매·제공하는 매장,d1730cf8-5491-4db0-9f63-06c8beb4daff,우엉김밥,김밥,여수서시장주변시장,전통시장,전라남도,3.0,3.0,,,RESOLVED_AGREEMENT,False,3,,,,
94cbda063a75bc74fa88,test,분식,T2 동의어,q_분식_03,김밥,음식점 중 '분식'을 판매·제공하는 매장,b0524439-2650-442e-bea3-a9538c9fe21d,김밥공장,김밥,동원전통시장상점가,자율상권구역,서울특별시,3.0,3.0,,,RESOLVED_AGREEMENT,False,3,,,,
52d2ccd1113d2a918a04,test,분식,T2 동의어,q_분식_03,김밥,음식점 중 '분식'을 판매·제공하는 매장,024c1f10-1fe0-4be3-8bde-6465f5cd8c43,오늘은 떡볶이,"떡볶이, 튀김, 순대 등",석촌시장,전통시장,서울특별시,2.0,3.0,,,P2_GRADED_ONLY,True,,,,,
678297dbc3d83329c880,test,분식,T2 동의어,q_분식_03,김밥,음식점 중 '분식'을 판매·제공하는 매장,46e51800-cac9-4fae-9754-ceb443c5f37e,섬김밥,김밥,거제 상동 골목형상점가,골목형상점가,경상남도,3.0,3.0,,,RESOLVED_AGREEMENT,False,3,,,,
6f45dfcf5ad1b919f8d7,test,분식,T2 동의어,q_분식_03,김밥,음식점 중 '분식'을 판매·제공하는 매장,f822ef94-98b2-4370-8e78-9cb2cfd3e4a5,김상미김밥,김밥,챔피언스거리 골목형상점가,골목형상점가,광주광역시,3.0,3.0,,,RESOLVED_AGREEMENT,False,3,,,,
b55a5db512b233d5a853,test,분식,T2 동의어,q_분식_03,김밥,음식점 중 '분식'을 판매·제공하는 매장,1655ca63-6eab-401e-8aa9-b4ce026a7d0a,김밥천국,김밥,시청역상가번영회 골목형상점가,골목형상점가,광주광역시,3.0,3.0,,,RESOLVED_AGREEMENT,False,3,,,,
fb21fec21312ecdc0084,test,분식,T2 동의어,q_분식_03,김밥,음식점 중 '분식'을 판매·제공하는 매장,721f66b1-eaa4-4d8a-ae74-eecaf7b7464b,짱김밥,김밥,금호상인회 골목형상점가,골목형상점가,광주광역시,3.0,3.0,,,RESOLVED_AGREEMENT,False,3,,,,
40e8b650e9ef439e0a2f,test,분식,T2 동의어,q_분식_03,김밥,음식점 중 '분식'을 판매·제공하는 매장,42861958-73f3-47b4-84c2-e6d1e1c9e2fd,빼더,김밥,서울약령시장,전통시장,서울특별시,3.0,3.0,,,RESOLVED_AGREEMENT,False,3,,,,
a0969a4dd7e3295c923e,test,분식,T2 동의어,q_분식_03,김밥,음식점 중 '분식'을 판매·제공하는 매장,0011cf6d-567e-4c3b-b113-363daa11212a,김밥먹고 닭꼬치,,배방상점가,자율상권구역,충청남도,3.0,3.0,,,RESOLVED_AGREEMENT,False,3,,,,
d7aaba999063058d053c,test,분식,T2 동의어,q_분식_03,김밥,음식점 중 '분식'을 판매·제공하는 매장,81fa4259-2d61-4cbd-8bcc-4a0f486500e0,수김밥,김밥,희담길,골목형상점가,광주광역시,3.0,3.0,,,RESOLVED_AGREEMENT,False,3,,,,
b15b050575943fd18b6e,test,분식,T2 동의어,q_분식_03,김밥,음식점 중 '분식'을 판매·제공하는 매장,9f352826-bc9c-4b4a-b0e7-757b7d47cec4,신앙촌상회,잡화,공릉구길골목형상점가,골목형상점가,서울특별시,0.0,0.0,,,RESOLVED_AGREEMENT,False,0,,,,
f8218daf86da3bceae82,test,분식,T2 동의어,q_분식_03,김밥,음식점 중 '분식'을 판매·제공하는 매장,015915e3-2542-4245-b627-0c775b4c5501,한내떡집,,거제 고현시장,전통시장,경상남도,1.0,0.0,,,P2_GRADED_ONLY,True,,,,,
36a83f395a3b81458aaf,test,분식,T2 동의어,q_분식_03,김밥,음식점 중 '분식'을 판매·제공하는 매장,0018c143-a8bd-4461-a8ae-ee348edfad7a,김가네의정부중앙역점,김밥 분식 식사등,의정부시 구도심 상권활성화구역,상권활성화구역,경기도,3.0,3.0,,,RESOLVED_AGREEMENT,False,3,,,,
46c499b62e2b7f411474,test,분식,T2 동의어,q_분식_03,김밥,음식점 중 '분식'을 판매·제공하는 매장,ccae507b-31e0-403f-abd7-fcf2ed1b1383,영심이구제,구제옷,말바우지키미 골목형상점가,골목형상점가,광주광역시,0.0,0.0,,,RESOLVED_AGREEMENT,False,0,,,,
f6a4063c43a2adb42eb8,test,분식,T2 동의어,q_분식_03,김밥,음식점 중 '분식'을 판매·제공하는 매장,75641842-ea32-434f-acdf-3fcaa3e72c4e,효주네 김밥,김밥,서귀포중심상가번영회,자율상권구역,제주특별자치도,3.0,3.0,,,RESOLVED_AGREEMENT,False,3,,,,
10bab3cbd91fd6a80760,test,분식,T2 동의어,q_분식_03,김밥,음식점 중 '분식'을 판매·제공하는 매장,00e9517a-1887-4acf-b072-10c7cadf9512,불닭발 땡초 동대문 엽기 떡볶이,분식,유엔남구 대학로 상권,,부산광역시,2.0,3.0,,,P2_GRADED_ONLY,True,,,,,
cb6ddad4d9c728a784eb,test,분식,T2 동의어,q_분식_03,김밥,음식점 중 '분식'을 판매·제공하는 매장,00ec6d6a-b0c1-4662-b17f-9c9f059a4bcd,백암서울순대국,순대국,강서구청먹자골목골목형상점가,골목형상점가,서울특별시,2.0,3.0,,,P2_GRADED_ONLY,True,,,,,
e67e73bec2fff0c24561,test,분식,T2 동의어,q_분식_03,김밥,음식점 중 '분식'을 판매·제공하는 매장,53572bfd-5bad-4fc6-a058-6c4dff43ef97,김밥임당,김밥,포일중앙 골목형상점가,골목형상점가,경기도,3.0,3.0,,,RESOLVED_AGREEMENT,False,3,,,,
9b8910631714f9789797,test,분식,T2 동의어,q_분식_03,김밥,음식점 중 '분식'을 판매·제공하는 매장,01853453-69ac-4f55-9cd8-09e40088ab59,가마솥왕만두,만두,울산번개시장,전통시장,울산광역시,2.0,3.0,,,P2_GRADED_ONLY,True,,,,,
c539a2b6142d209131b6,test,분식,T2 동의어,q_분식_03,김밥,음식점 중 '분식'을 판매·제공하는 매장,017c71f5-48d0-4cce-a370-a84d34d36658,무봉리토종순대국파주운정점,,산내마을 골목형상점가,골목형상점가,경기도,2.0,3.0,,,P2_GRADED_ONLY,True,,,,,
c2db07e3b221ccd553a3,test,분식,T2 동의어,q_분식_03,김밥,음식점 중 '분식'을 판매·제공하는 매장,a6bd9955-a34b-4756-8830-8490af96df13,김밥천국,김밥,은행나무시장(구시흥중앙시장),전통시장,서울특별시,3.0,3.0,,,RESOLVED_AGREEMENT,False,3,,,,
6345ffb01b2f77c7e3a9,test,분식,T2 동의어,q_분식_03,김밥,음식점 중 '분식'을 판매·제공하는 매장,8c3abee5-2a7c-417b-975c-f3aaf2eaf17f,오분,김밥,부천강남시장,전통시장,경기도,3.0,3.0,,,RESOLVED_AGREEMENT,False,3,,,,
79ee2239ec2f614ac40c,test,분식,T2 동의어,q_분식_03,김밥,음식점 중 '분식'을 판매·제공하는 매장,00e34fb5-e7d3-43aa-b574-400ee31abae5,은혜만두,만두,북동 골목형상점가,골목형상점가,광주광역시,2.0,3.0,,,P2_GRADED_ONLY,True,,,,,
cc7aeb8571487d9127b9,test,분식,T2 동의어,q_분식_03,김밥,음식점 중 '분식'을 판매·제공하는 매장,98f2575e-2bf4-4936-9718-c79728f88b26,김밥나라,김밥,창원 가음정시장,전통시장,경상남도,3.0,3.0,,,RESOLVED_AGREEMENT,False,3,,,,
1442815dfe03e9f3e6f9,test,분식,T2 동의어,q_분식_03,김밥,음식점 중 '분식'을 판매·제공하는 매장,830e5b33-2e53-4972-a31a-a50393f51342,맛나 김밥,김밥,맘모스상가 골목형상점가,골목형상점가,부산광역시,3.0,3.0,,,RESOLVED_AGREEMENT,False,3,,,,
825f77656cbcc1fa06a4,test,분식,T2 동의어,q_분식_03,김밥,음식점 중 '분식'을 판매·제공하는 매장,e516d831-ef2f-40b1-8063-05ac0b58bec4,꿈의 김밥,"김밥, 분식",아름동상점가,자율상권구역,세종특별자치시,3.0,3.0,,,RESOLVED_AGREEMENT,False,3,,,,
e7bedc2e18da281bbb96,test,분식,T2 동의어,q_분식_03,김밥,음식점 중 '분식'을 판매·제공하는 매장,1f6f83cc-4822-4394-afb0-908159814502,김밥천국,김밥,묵동도깨비시장골목형상점가,골목형상점가,서울특별시,3.0,3.0,,,RESOLVED_AGREEMENT,False,3,,,,
7f4c3c760842dc680a05,test,분식,T2 동의어,q_분식_03,김밥,음식점 중 '분식'을 판매·제공하는 매장,62519202-3055-4ab7-9059-357dff481404,김밥천국,김밥,신장대리 자율상권구역,,강원특별자치도,3.0,3.0,,,RESOLVED_AGREEMENT,False,3,,,,
89a65d05327037ec2f13,test,분식,T2 동의어,q_분식_03,김밥,음식점 중 '분식'을 판매·제공하는 매장,343fca24-d335-45bb-b462-5a926079601d,왕김밥,김밥,맷돌모루상점가,자율상권구역,경기도,3.0,3.0,,,RESOLVED_AGREEMENT,False,3,,,,
dc8305151a62218a6c95,test,분식,T2 동의어,q_분식_03,김밥,음식점 중 '분식'을 판매·제공하는 매장,b662932c-8a3f-4d53-b015-414de9041edd,김밥천국,김밥,과천제일쇼핑시장,전통시장,경기도,3.0,3.0,,,RESOLVED_AGREEMENT,False,3,,,,
22324218083e4cdfd9e1,test,분식,T2 동의어,q_분식_03,김밥,음식점 중 '분식'을 판매·제공하는 매장,3614d0ab-478f-42eb-8924-2b7f38bf4c7b,참맛 김밥,김밥,대전정원시장,전통시장,대전광역시,3.0,3.0,,,RESOLVED_AGREEMENT,False,3,,,,
a1e70ee69442d7718652,test,분식,T2 동의어,q_분식_03,김밥,음식점 중 '분식'을 판매·제공하는 매장,89b807ad-8ae2-4392-b771-d3851ee786e2,김밥짱,김밥,양정자동차마을 골목형상점가,골목형상점가,울산광역시,3.0,3.0,,,RESOLVED_AGREEMENT,False,3,,,,
6fdabc741db0a52838b3,test,분식,T2 동의어,q_분식_03,김밥,음식점 중 '분식'을 판매·제공하는 매장,8e53d3a8-4ae1-4631-a774-0b19293a13e9,김밥데이,김밥,첨단중앙로 골목형상점가,골목형상점가,광주광역시,3.0,3.0,,,RESOLVED_AGREEMENT,False,3,,,,
8007351b444e0be01712,test,분식,T2 동의어,q_분식_03,김밥,음식점 중 '분식'을 판매·제공하는 매장,b824d8bf-e4a5-4f5b-b2aa-2c71b918a027,품육 오송점,소갈비살,오송1산단오스코로골목형상점가,골목형상점가,충청북도,0.0,0.0,,,RESOLVED_AGREEMENT,False,0,,,,
a5c2590cf34d5644f1b7,test,분식,T2 동의어,q_분식_03,김밥,음식점 중 '분식'을 판매·제공하는 매장,3167d1b9-35c9-4fab-9dd8-5f76f8212935,김밥애,김밥,첨단호두라 골목형상점가,골목형상점가,광주광역시,3.0,3.0,,,RESOLVED_AGREEMENT,False,3,,,,
6094dd822eaca7c13d4c,test,분식,T2 동의어,q_분식_03,김밥,음식점 중 '분식'을 판매·제공하는 매장,25df588e-d7b6-46c8-9e57-e388237b7686,왕김밥,김밥,부전시장,전통시장,부산광역시,3.0,3.0,,,RESOLVED_AGREEMENT,False,3,,,,
5e53e5b0de340336ec65,test,분식,T2 동의어,q_분식_03,김밥,음식점 중 '분식'을 판매·제공하는 매장,6b96ba75-b272-480c-86b1-8168b01d2a7e,민 김밥,"김밥, 분식",서재소상공인연합회,골목형상점가,대구광역시,3.0,3.0,,,RESOLVED_AGREEMENT,False,3,,,,
6dad72805c0104d5b675,test,분식,T2 동의어,q_분식_03,김밥,음식점 중 '분식'을 판매·제공하는 매장,293796f5-c148-494b-b798-38dce66c40b7,강변김밥,김밥,효자천변1길 골목형상점가,골목형상점가,전북특별자치도,3.0,3.0,,,RESOLVED_AGREEMENT,False,3,,,,
51d46d089325369e948b,test,분식,T2 동의어,q_분식_03,김밥,음식점 중 '분식'을 판매·제공하는 매장,72a1469a-bbac-4f46-8d8e-41ee19b51955,김빠압,김밥,누리 골목형상점가,골목형상점가,경기도,3.0,3.0,,,RESOLVED_AGREEMENT,False,3,,,,
c6c9f1f2211d94e3a418,test,분식,T2 동의어,q_분식_03,김밥,음식점 중 '분식'을 판매·제공하는 매장,69aa9669-643b-4db2-af7a-61c7713b792a,반줄김밥,김밥,공주산성시장,전통시장,충청남도,3.0,3.0,,,RESOLVED_AGREEMENT,False,3,,,,
4c507f4ead34a4896993,test,분식,T2 동의어,q_분식_03,김밥,음식점 중 '분식'을 판매·제공하는 매장,adb12e58-8ef0-4cd8-9fbd-5e891ab774da,봉봉김밥,김밥,전남대 상대 골목형상점가,골목형상점가,광주광역시,3.0,3.0,,,RESOLVED_AGREEMENT,False,3,,,,
e1b6efd906cf1b142e55,test,분식,T2 동의어,q_분식_03,김밥,음식점 중 '분식'을 판매·제공하는 매장,00783b5c-54fd-42fc-8bcf-1ea7fce865d5,쫀득분식,분식,임방울거리3구역 골목형상점가,골목형상점가,광주광역시,2.0,3.0,,,P2_GRADED_ONLY,True,,,,,
54013cac9db622d7f80f,test,분식,T2 동의어,q_분식_03,김밥,음식점 중 '분식'을 판매·제공하는 매장,001cb3d4-5441-4963-b517-d5b3904ee312,현창떡집,떡집,목포동부시장,전통시장,전라남도,1.0,0.0,,,P2_GRADED_ONLY,True,,,,,
a2bf5904bc48810b2cb9,test,분식,T2 동의어,q_분식_03,김밥,음식점 중 '분식'을 판매·제공하는 매장,0910caae-ad67-4ef3-934e-fff4c6059206,참토스트 대전학하점,토스트,계산동 골목형상점가,골목형상점가,대전광역시,2.0,0.0,,,P1_BINARY_THRESHOLD,True,,,,,
2dd3078385dc7d05f263,test,분식,T2 동의어,q_분식_03,김밥,음식점 중 '분식'을 판매·제공하는 매장,001bda4f-046f-44c5-b084-8de630ac405a,김밥윤,김밥 등,보람동 골목형상점가,골목형상점가,세종특별자치시,3.0,3.0,,,RESOLVED_AGREEMENT,False,3,,,,
fd09eb751c6445bfbb75,test,분식,T2 동의어,q_분식_03,김밥,음식점 중 '분식'을 판매·제공하는 매장,2eafbffc-26cc-4bbd-b529-00d4feb9f16b,오늘의 김밥,김밥,노대물빛근린공원 골목형상점가,골목형상점가,광주광역시,3.0,3.0,,,RESOLVED_AGREEMENT,False,3,,,,
af6c46557b47aba3fff4,test,분식,T2 동의어,q_분식_03,김밥,음식점 중 '분식'을 판매·제공하는 매장,04a91b86-3405-4f8d-b0b8-eac86f3907c4,연지동토스트,커피토스트,연지시장,전통시장,부산광역시,2.0,0.0,,,P1_BINARY_THRESHOLD,True,,,,,
bc51d35e30412f5881a1,test,분식,T2 동의어,q_분식_03,김밥,음식점 중 '분식'을 판매·제공하는 매장,1c965ac9-c3d0-4779-9d0d-cd78c7718715,한뼘김밥,김밥,유천택지올림픽길골목형상점가,골목형상점가,강원특별자치도,3.0,3.0,,,RESOLVED_AGREEMENT,False,3,,,,
6c2289710d70d72bcca1,test,분식,T2 동의어,q_분식_03,김밥,음식점 중 '분식'을 판매·제공하는 매장,5b3819dd-481a-4e9d-834d-8aa14f0737d4,김밥광장,김밥,한솔동 6~7단지상점가,자율상권구역,세종특별자치시,3.0,3.0,,,RESOLVED_AGREEMENT,False,3,,,,
d973c8fac96b1c5c7113,test,분식,T2 동의어,q_분식_03,김밥,음식점 중 '분식'을 판매·제공하는 매장,1459e452-789d-40d9-9746-4501dd0ae950,김밥이군,김밥,예산상설시장,전통시장,충청남도,3.0,3.0,,,RESOLVED_AGREEMENT,False,3,,,,
4d4cb039593e9a3ff57e,test,분식,T2 동의어,q_분식_03,김밥,음식점 중 '분식'을 판매·제공하는 매장,af8535a3-4d37-4972-b685-dad5dc1b9798,말앙말앙,김밥,사거리온누리 골목형상점가,골목형상점가,충청남도,3.0,3.0,,,RESOLVED_AGREEMENT,False,3,,,,
3bd02f13106c41b152dd,test,분식,T2 동의어,q_분식_03,김밥,음식점 중 '분식'을 판매·제공하는 매장,6bbb12a8-6f1d-42c6-b2b4-5c6ea1ebeba9,집김밥,김밥,흥해시장,전통시장,경상북도,3.0,3.0,,,RESOLVED_AGREEMENT,False,3,,,,
97faf407dc8028c32ae5,test,분식,T2 동의어,q_분식_03,김밥,음식점 중 '분식'을 판매·제공하는 매장,79deadbb-b417-42ed-8d86-7ff7f998b0a8,미목,김밥,한보라 골목형상점가,골목형상점가,경기도,3.0,3.0,,,RESOLVED_AGREEMENT,False,3,,,,
80f9b8b454b37ae1ce42,test,분식,T2 동의어,q_분식_03,김밥,음식점 중 '분식'을 판매·제공하는 매장,0bde8420-cca4-4eeb-91f3-ed38b4caa07e,김밥니라,김밥,옛 경양방죽 골목형상점가,골목형상점가,광주광역시,3.0,3.0,,,RESOLVED_AGREEMENT,False,3,,,,
267a60a36f10884b0607,test,분식,T2 동의어,q_분식_03,김밥,음식점 중 '분식'을 판매·제공하는 매장,7691c494-6778-47c1-9d29-17a42620c08c,김밥처럼,김밥,선유로운골목형상점가,골목형상점가,서울특별시,3.0,3.0,,,RESOLVED_AGREEMENT,False,3,,,,
365f31dd3b1c73ae75e6,test,분식,T2 동의어,q_분식_03,김밥,음식점 중 '분식'을 판매·제공하는 매장,ead5ea77-4317-4183-8ac8-d6cf57f36b78,김면장,김밥,남천골목시장 골목형상점가,골목형상점가,부산광역시,3.0,3.0,,,RESOLVED_AGREEMENT,False,3,,,,
6e01a13181334de52aec,test,분식,T2 동의어,q_분식_03,김밥,음식점 중 '분식'을 판매·제공하는 매장,fb540a49-68bd-48b6-b978-d35220a4841f,이현김밥,한식,대주먹자골목 골목형상점가,골목형상점가,광주광역시,2.0,3.0,,,P2_GRADED_ONLY,True,,,,,
ab5d073b61bc1d48d834,test,분식,T2 동의어,q_분식_03,김밥,음식점 중 '분식'을 판매·제공하는 매장,0012a3b4-64a1-440c-a76e-f2be12a2f086,튀김집,분식,두암시장주변 골목형상점가,골목형상점가,광주광역시,2.0,3.0,,,P2_GRADED_ONLY,True,,,,,
0e9a7673310c1c499366,test,분식,T2 동의어,q_분식_03,김밥,음식점 중 '분식'을 판매·제공하는 매장,759a0bd8-0989-46c7-bc20-28c69b62117b,감탄김밥,김밥,용인중앙시장,전통시장,경기도,3.0,3.0,,,RESOLVED_AGREEMENT,False,3,,,,
1a09bb315f3ef916bd6f,test,분식,T2 동의어,q_분식_03,김밥,음식점 중 '분식'을 판매·제공하는 매장,007d6b63-4e47-47fa-aaa5-6d0b5cc7280b,도토리김밥계룡엄사점,분식,엄사 골목형상점가,골목형상점가,충청남도,2.0,3.0,,,P2_GRADED_ONLY,True,,,,,
5a02286454334ce38bc7,test,분식,T2 동의어,q_분식_03,김밥,음식점 중 '분식'을 판매·제공하는 매장,6486edce-d6a4-46e7-837d-8fd737472423,참김밥,김밥,진잠 골목형상점가,골목형상점가,대전광역시,3.0,3.0,,,RESOLVED_AGREEMENT,False,3,,,,
585db1b0ec2ef173598b,test,분식,T2 동의어,q_분식_03,김밥,음식점 중 '분식'을 판매·제공하는 매장,00ca89c2-42a8-432d-ba4b-5abd23c18ab0,계란밥,계란밥분식,시청역상가번영회 골목형상점가,골목형상점가,광주광역시,2.0,3.0,,,P2_GRADED_ONLY,True,,,,,
094bca34e37c17050ced,test,분식,T2 동의어,q_분식_03,김밥,음식점 중 '분식'을 판매·제공하는 매장,a87c4391-85c7-4fd9-b9b3-93626a797fbb,통큰김밥,김밥,진주 비봉시장,전통시장,경상남도,3.0,3.0,,,RESOLVED_AGREEMENT,False,3,,,,
e4895f68ac65ff2006a4,test,분식,T2 동의어,q_분식_03,김밥,음식점 중 '분식'을 판매·제공하는 매장,2694f51d-563c-4a25-b6a8-36b821f6a8c1,오방김밥,김밥,문흥초등학교주변 골목형상점가,골목형상점가,광주광역시,3.0,3.0,,,RESOLVED_AGREEMENT,False,3,,,,
387260aabf118a72fb74,test,분식,T2 동의어,q_분식_03,김밥,음식점 중 '분식'을 판매·제공하는 매장,02f03161-3a15-416f-bdd6-8ad5bd17781d,시골참순대,,관저동 먹자골목 골목형상점가,골목형상점가,대전광역시,2.0,3.0,,,P2_GRADED_ONLY,True,,,,,
43a43370eb2832bbbfb5,test,분식,T2 동의어,q_분식_03,김밥,음식점 중 '분식'을 판매·제공하는 매장,9f4562f3-5542-4607-a57b-925a259b6387,고봉김밥,김밥,남천골목시장 골목형상점가,골목형상점가,부산광역시,3.0,3.0,,,RESOLVED_AGREEMENT,False,3,,,,
899c840bb5480224e382,test,분식,T2 동의어,q_분식_03,김밥,음식점 중 '분식'을 판매·제공하는 매장,1b7fd326-7c48-4d02-be35-d5137d58c3e6,김밥집,김밥,성덕마을 골목형상점가,골목형상점가,광주광역시,3.0,3.0,,,RESOLVED_AGREEMENT,False,3,,,,
2cbc8161ed4950ca0c7f,test,분식,T2 동의어,q_분식_03,김밥,음식점 중 '분식'을 판매·제공하는 매장,a654ed04-059f-4106-8fe3-018ab87eb009,시청앞 김밥,김밥,금촌문화로시장,전통시장,경기도,3.0,3.0,,,RESOLVED_AGREEMENT,False,3,,,,
e010e76cbcf357c997d0,test,분식,T2 동의어,q_분식_03,김밥,음식점 중 '분식'을 판매·제공하는 매장,e713f955-e56c-4fb5-88e6-dc05c8b00ed2,김&밥,김밥,후평3동 행복마을 골목형상점가,골목형상점가,강원특별자치도,3.0,3.0,,,RESOLVED_AGREEMENT,False,3,,,,
352256c47e2be6f11588,test,분식,T2 동의어,q_분식_03,김밥,음식점 중 '분식'을 판매·제공하는 매장,2b953b2f-0d92-4409-af3b-05c969533761,김밥나라,김밥,우산상인회 골목형상점가,골목형상점가,광주광역시,3.0,3.0,,,RESOLVED_AGREEMENT,False,3,,,,
a32536679bd280651d02,test,분식,T2 동의어,q_분식_03,김밥,음식점 중 '분식'을 판매·제공하는 매장,b1b1b841-4107-4f1f-81e9-88b27d0c83a0,김김밥밥,김밥,화서1동 소상공인 골목형상점가,골목형상점가,경기도,3.0,3.0,,,RESOLVED_AGREEMENT,False,3,,,,
e66791df8a6e2d39cc4e,test,분식,T2 동의어,q_분식_03,김밥,음식점 중 '분식'을 판매·제공하는 매장,e54702c8-4b01-4d1a-8049-3808e3bad100,부평김밥,김밥,부평깡시장,전통시장,인천광역시,3.0,3.0,,,RESOLVED_AGREEMENT,False,3,,,,
601655d812fb07d4df31,test,분식,T2 동의어,q_분식_03,김밥,음식점 중 '분식'을 판매·제공하는 매장,b98648af-6f95-4788-902e-8d441cdf1592,김밥천국,김밥,조치원중심가로상점가,자율상권구역,세종특별자치시,3.0,3.0,,,RESOLVED_AGREEMENT,False,3,,,,
6c05e79810606b173b83,test,분식,T2 동의어,q_분식_03,김밥,음식점 중 '분식'을 판매·제공하는 매장,044e9ed3-01ea-4389-b0cf-a8bf31fb068b,해성지업사,벽지,서산시장길 골목형상점가,골목형상점가,충청남도,0.0,0.0,,,RESOLVED_AGREEMENT,False,0,,,,
c269c0a78a05b9969b73,test,분식,T2 동의어,q_분식_03,김밥,음식점 중 '분식'을 판매·제공하는 매장,9395f95e-0450-43fa-a097-bb654043ca81,평양김밥,김밥,지산목련시장(구 지산종합시장),전통시장,대구광역시,3.0,3.0,,,RESOLVED_AGREEMENT,False,3,,,,
ac23aee215ffe15b02ef,test,분식,T2 동의어,q_분식_03,김밥,음식점 중 '분식'을 판매·제공하는 매장,064d899b-c65a-4b75-9a15-9ca1eaf707f4,이삭토스트,토스트 등,매탄중심상가 골목형상점가,골목형상점가,경기도,2.0,0.0,,,P1_BINARY_THRESHOLD,True,,,,,
559aa6f9c3a1507960a6,test,분식,T2 동의어,q_분식_03,김밥,음식점 중 '분식'을 판매·제공하는 매장,4e1b47e3-6bc4-4e58-814e-c26caaf0ac93,블랙김밥,김밥,삼정코아 골목형상점가,골목형상점가,부산광역시,3.0,3.0,,,RESOLVED_AGREEMENT,False,3,,,,
b6839b619f6c6d3ac254,test,분식,T2 동의어,q_분식_03,김밥,음식점 중 '분식'을 판매·제공하는 매장,ab649915-7ba4-4fcc-9588-daf4702a4eba,김밥가게,김밥,혁신도시5구역골목형상점가,골목형상점가,강원특별자치도,3.0,3.0,,,RESOLVED_AGREEMENT,False,3,,,,
fc9db9315fa64a53cbfb,test,분식,T2 동의어,q_분식_03,김밥,음식점 중 '분식'을 판매·제공하는 매장,00e30e6c-dde0-49cd-9e3e-95465aa4247e,동해분식,분식,서남신시장,전통시장,대구광역시,2.0,3.0,,,P2_GRADED_ONLY,True,,,,,
6846953589313988269f,test,분식,T2 동의어,q_분식_03,김밥,음식점 중 '분식'을 판매·제공하는 매장,3dda096f-31f6-463b-bfbf-696d7fd1c41b,더김밥,김밥,길주로 골목형상점가,골목형상점가,경기도,3.0,3.0,,,RESOLVED_AGREEMENT,False,3,,,,
c7d89f490291d33e6121,test,분식,T2 동의어,q_분식_03,김밥,음식점 중 '분식'을 판매·제공하는 매장,67640d40-8863-4755-b70d-a935c4c1e4be,하남김밥,김밥,신장전통시장,전통시장,경기도,3.0,3.0,,,RESOLVED_AGREEMENT,False,3,,,,
4e2fda42c45e0eca264d,test,분식,T2 동의어,q_분식_03,김밥,음식점 중 '분식'을 판매·제공하는 매장,5eba2f6f-a3f3-4eea-b19c-5da68baf8b9c,민속김밥,김밥,삼익2차쇼핑 골목형상점가,골목형상점가,서울특별시,3.0,3.0,,,RESOLVED_AGREEMENT,False,3,,,,
19aa90a3118d19093b69,test,분식,T2 동의어,q_분식_03,김밥,음식점 중 '분식'을 판매·제공하는 매장,8685f63e-0425-498f-bc64-701f91c601d0,행복반찬,김치,목사랑시장,전통시장,서울특별시,0.0,0.0,,,RESOLVED_AGREEMENT,False,0,,,,
28efe4303bced95578bd,test,분식,T2 동의어,q_분식_03,김밥,음식점 중 '분식'을 판매·제공하는 매장,9731b325-700b-4131-ae66-cadff4917963,김밥천국,김밥,작전시장,전통시장,인천광역시,3.0,3.0,,,RESOLVED_AGREEMENT,False,3,,,,
f10de80417a533459600,test,분식,T2 동의어,q_분식_03,김밥,음식점 중 '분식'을 판매·제공하는 매장,055b0501-9678-421c-9b8d-2994754df728,캠토토스트 계룡대실점,토스트,두마면 대실골목형상점가,골목형상점가,충청남도,2.0,0.0,,,P1_BINARY_THRESHOLD,True,,,,,
699cb6e33d9669a2212c,test,분식,T2 동의어,q_분식_03,김밥,음식점 중 '분식'을 판매·제공하는 매장,00d4e30b-67ae-498a-a27d-d261aacb3cc9,HANS GOLF STUDIO,골프레슨,나주혁신도시 상가번영회,자율상권구역,전라남도,0.0,0.0,,,RESOLVED_AGREEMENT,False,0,,,,
5da6af61e5efbef35175,test,분식,T2 동의어,q_분식_03,김밥,음식점 중 '분식'을 판매·제공하는 매장,0ab4b1bd-93f1-4d46-b012-abfc9b1328dc,브라운토스트,"토스트, 음료",구즉 골목형상점가,골목형상점가,대전광역시,2.0,0.0,,,P1_BINARY_THRESHOLD,True,,,,,
b43972f00e11886d6c06,test,분식,T2 동의어,q_분식_03,김밥,음식점 중 '분식'을 판매·제공하는 매장,00b5a60c-c548-4ac2-8259-9bb788c0fc58,까치김밥,김밥식사류,신림별빛거리골목형상점가,골목형상점가,서울특별시,3.0,3.0,,,RESOLVED_AGREEMENT,False,3,,,,
e97efcdbcb2b0eec67a3,test,분식,T2 동의어,q_분식_03,김밥,음식점 중 '분식'을 판매·제공하는 매장,5e6c3488-7fa4-4529-8f2b-9c16de9e599b,장홍김밥,김밥,속초종합중앙시장,전통시장,강원특별자치도,3.0,3.0,,,RESOLVED_AGREEMENT,False,3,,,,
2520630b27118076e271,test,분식,T2 동의어,q_분식_03,김밥,음식점 중 '분식'을 판매·제공하는 매장,0239c4e7-2ae3-4f29-8952-19c6d9d1d9a9,세번째집,순대국밥,성환이화시장,전통시장,충청남도,2.0,3.0,,,P2_GRADED_ONLY,True,,,,,
d3ad1b5db4d4f0df02bc,test,분식,T2 동의어,q_분식_03,김밥,음식점 중 '분식'을 판매·제공하는 매장,daf616bc-affe-4a12-bab0-0b5cb269a1c2,이모네 김밥,김밥,여수서시장주변시장,전통시장,전라남도,3.0,3.0,,,RESOLVED_AGREEMENT,False,3,,,,
7b4c3c80accd14477fed,test,분식,T2 동의어,q_분식_03,김밥,음식점 중 '분식'을 판매·제공하는 매장,39705bae-839e-431c-965b-ccdf11790a0b,살롱91,미용실,양지중앙 골목형상점가,골목형상점가,경기도,0.0,0.0,,,RESOLVED_AGREEMENT,False,0,,,,
45d162325e61cc5076b5,test,분식,T2 동의어,q_분식_03,김밥,음식점 중 '분식'을 판매·제공하는 매장,0075dacf-3e3f-47b8-a4af-d3a2ff866348,북툰커피앤카페,찐빵 만두 커피,신창진흥 골목형상점가,골목형상점가,광주광역시,2.0,3.0,,,P2_GRADED_ONLY,True,,,,,
3754e3b9b66933fb5872,test,분식,T2 동의어,q_분식_03,김밥,음식점 중 '분식'을 판매·제공하는 매장,016f68a3-c16f-467c-af96-22466baf3a6a,쉬즈베이글,토스트,읍내리 원도심 골목형상점가,골목형상점가,전라남도,2.0,0.0,,,P1_BINARY_THRESHOLD,True,,,,,
c1cee7b15aa7e603d80d,test,분식,T2 동의어,q_분식_03,김밥,음식점 중 '분식'을 판매·제공하는 매장,04b03558-95d1-4a0e-a9e2-9a9e72bdadb2,배가찐왕만두,만두,문흥2동 골목형상점가,골목형상점가,광주광역시,2.0,3.0,,,P2_GRADED_ONLY,True,,,,,
2c7b336898a24932b581,test,분식,T2 동의어,q_분식_03,김밥,음식점 중 '분식'을 판매·제공하는 매장,30b10580-fc20-4cd1-aadf-692eff9d8ea8,다온김밥,김밥,동원전통시장상점가,자율상권구역,서울특별시,3.0,3.0,,,RESOLVED_AGREEMENT,False,3,,,,
88c6a9230a302d9cc687,test,분식,T2 동의어,q_분식_03,김밥,음식점 중 '분식'을 판매·제공하는 매장,3c722e1b-a8f3-4095-8f45-e4f32af49edd,김밥짱,김밥,백년시장(구 강북종합전통시장),전통시장,서울특별시,3.0,3.0,,,RESOLVED_AGREEMENT,False,3,,,,
2d64d56f267e0bdede17,test,분식,T2 동의어,q_분식_03,김밥,음식점 중 '분식'을 판매·제공하는 매장,1f16a7f6-3adc-466c-a3bd-611fb843d5ea,파닭김밥,김밥,동쪽바다중앙시장(구 동해중앙시장),전통시장,강원특별자치도,3.0,3.0,,,RESOLVED_AGREEMENT,False,3,,,,
bba8dde1fd0525802819,test,분식,T2 동의어,q_분식_03,김밥,음식점 중 '분식'을 판매·제공하는 매장,bd18ceac-9c5b-41a2-ad9e-a3ba9cf6a67d,광판팔뚝김밥,김밥,혁신도시5구역골목형상점가,골목형상점가,강원특별자치도,3.0,3.0,,,RESOLVED_AGREEMENT,False,3,,,,
c08ec611676cfa1689a8,test,분식,T2 동의어,q_분식_03,김밥,음식점 중 '분식'을 판매·제공하는 매장,008594db-d86c-4014-bf5c-16f6cd40402d,와글와글봄소풍,김밥,다사역 골목형상점가,골목형상점가,대구광역시,3.0,3.0,,,RESOLVED_AGREEMENT,False,3,,,,
6cc6a9f0255b897a15cb,test,분식,T2 동의어,q_분식_03,김밥,음식점 중 '분식'을 판매·제공하는 매장,d6e5266f-8049-4f7a-93c2-ac1e5f336c6e,이모김밥,김밥,광교상현역 온누리 골목형상점가,골목형상점가,경기도,3.0,3.0,,,RESOLVED_AGREEMENT,False,3,,,,
29990928eae2de6c3b4d,test,분식,T2 동의어,q_분식_03,김밥,음식점 중 '분식'을 판매·제공하는 매장,104119aa-bd35-480c-8a36-c44d2d392e44,올바른 김밥,김밥,연남동골목형상점가,골목형상점가,서울특별시,3.0,3.0,,,RESOLVED_AGREEMENT,False,3,,,,
08d6a30d4d61ddb25e2c,test,분식,T2 동의어,q_분식_03,김밥,음식점 중 '분식'을 판매·제공하는 매장,9f1398dd-0593-4e45-9cf4-f99c7e54da31,백점김밥,김밥,쌍학로상인회 골목형상점가,골목형상점가,광주광역시,3.0,3.0,,,RESOLVED_AGREEMENT,False,3,,,,
975ed6fc12dd3892a33f,test,분식,T2 동의어,q_분식_03,김밥,음식점 중 '분식'을 판매·제공하는 매장,00b5a007-bb8d-47db-963d-ccc7e93c25ac,장호덕 손만두 백석점,만두,백석한들1번가 골목형상점가,골목형상점가,충청남도,2.0,3.0,,,P2_GRADED_ONLY,True,,,,,
63f9affd7ad1e80130c8,test,분식,T2 동의어,q_분식_03,김밥,음식점 중 '분식'을 판매·제공하는 매장,045215f0-9db0-4054-8c69-702841941f01,문토스트용호점,카페토스트,용호1동골목시장,전통시장,부산광역시,2.0,0.0,,,P1_BINARY_THRESHOLD,True,,,,,
d494fe54a95c64b25505,test,분식,T2 동의어,q_분식_03,김밥,음식점 중 '분식'을 판매·제공하는 매장,700db18c-dffa-455b-a961-4a59121ae19a,한옥김밥,김밥,전주한옥마을 골목형상점가,골목형상점가,전북특별자치도,3.0,3.0,,,RESOLVED_AGREEMENT,False,3,,,,
f57f3d02958f3b48348c,test,분식,T2 동의어,q_분식_03,김밥,음식점 중 '분식'을 판매·제공하는 매장,840e5ed6-836f-4a93-8f47-0c2bd5dd522e,김밥나라,김밥,아시아음식문화거리 골목형상점가,골목형상점가,광주광역시,3.0,3.0,,,RESOLVED_AGREEMENT,False,3,,,,
1a69a9180f9d390f76c4,test,분식,T2 동의어,q_분식_04,만두,음식점 중 '분식'을 판매·제공하는 매장,cdbe8d0e-6d65-452f-86ec-1e65bdf1433e,만두사오,만두,구영로 골목형상점가,골목형상점가,울산광역시,3.0,3.0,,,RESOLVED_AGREEMENT,False,3,,,,
c1653520b8d06d71af44,test,분식,T2 동의어,q_분식_04,만두,음식점 중 '분식'을 판매·제공하는 매장,1cef79c2-d863-4727-bb8f-03bb96f0bcf0,바다명가,,포항죽도시장,전통시장,경상북도,,0.0,Y,,P0_UNCERTAIN_OR_MISSING,True,,,,,
93c535aa51020ff8e181,test,분식,T2 동의어,q_분식_04,만두,음식점 중 '분식'을 판매·제공하는 매장,2d63c0fa-1e70-42bd-ac34-4595f4c6aa30,산동만두,만두,신정상가시장,전통시장,울산광역시,3.0,3.0,,,RESOLVED_AGREEMENT,False,3,,,,
3c4b3b997b76fd87b89a,test,분식,T2 동의어,q_분식_04,만두,음식점 중 '분식'을 판매·제공하는 매장,0239c4e7-2ae3-4f29-8952-19c6d9d1d9a9,세번째집,순대국밥,성환이화시장,전통시장,충청남도,2.0,3.0,,,P2_GRADED_ONLY,True,,,,,
47ab3ce990ddb4d60e1f,test,분식,T2 동의어,q_분식_04,만두,음식점 중 '분식'을 판매·제공하는 매장,0012a3b4-64a1-440c-a76e-f2be12a2f086,튀김집,분식,두암시장주변 골목형상점가,골목형상점가,광주광역시,2.0,3.0,,,P2_GRADED_ONLY,True,,,,,
72a97de5b2a46a97b5ad,test,분식,T2 동의어,q_분식_04,만두,음식점 중 '분식'을 판매·제공하는 매장,0b8ef6dc-2f6b-4707-bd73-529122d9c97a,하단떡집,떡집,하단오일상설시장,전통시장,부산광역시,1.0,0.0,,,P2_GRADED_ONLY,True,,,,,
cdb50794962d9c650260,test,분식,T2 동의어,q_분식_04,만두,음식점 중 '분식'을 판매·제공하는 매장,f12f1f14-4aff-4465-a716-65c90e4239a3,호연만두,만두,초량전통시장,전통시장,부산광역시,3.0,3.0,,,RESOLVED_AGREEMENT,False,3,,,,
f439362ebc520f735db4,test,분식,T2 동의어,q_분식_04,만두,음식점 중 '분식'을 판매·제공하는 매장,a5bd91c5-4340-4423-9695-fd7339c67d0b,기장식품,농산물,기장시장 일원 자율상권구역,,부산광역시,0.0,0.0,,,RESOLVED_AGREEMENT,False,0,,,,
529b0d5f1f528883d7b0,test,분식,T2 동의어,q_분식_04,만두,음식점 중 '분식'을 판매·제공하는 매장,ae01afb6-c6e7-4d14-8e61-6885c1c59f7d,오복떡집,떡,연무안심시장,전통시장,충청남도,1.0,0.0,,,P2_GRADED_ONLY,True,,,,,
fc529fbf8d2a2bd58f3b,test,분식,T2 동의어,q_분식_04,만두,음식점 중 '분식'을 판매·제공하는 매장,415808ce-735f-47c0-a5e1-739be2ae8aed,옵서예만두,만두,연산골목시장상점가,자율상권구역,부산광역시,3.0,3.0,,,RESOLVED_AGREEMENT,False,3,,,,
028d00e43de4b4547b86,test,분식,T2 동의어,q_분식_04,만두,음식점 중 '분식'을 판매·제공하는 매장,055b0501-9678-421c-9b8d-2994754df728,캠토토스트 계룡대실점,토스트,두마면 대실골목형상점가,골목형상점가,충청남도,2.0,0.0,,,P1_BINARY_THRESHOLD,True,,,,,
384a72055db2ec2f9e2c,test,분식,T2 동의어,q_분식_04,만두,음식점 중 '분식'을 판매·제공하는 매장,02f03161-3a15-416f-bdd6-8ad5bd17781d,시골참순대,,관저동 먹자골목 골목형상점가,골목형상점가,대전광역시,2.0,3.0,,,P2_GRADED_ONLY,True,,,,,
bb79e742047baa3b683f,test,분식,T2 동의어,q_분식_04,만두,음식점 중 '분식'을 판매·제공하는 매장,b4704186-5a1b-4ecf-b444-9fc86c8e5b74,신영남만두,만두,칠성본시장,전통시장,대구광역시,3.0,3.0,,,RESOLVED_AGREEMENT,False,3,,,,
3aca700d5aa3b3c2bb0c,test,분식,T2 동의어,q_분식_04,만두,음식점 중 '분식'을 판매·제공하는 매장,b68c105d-fd16-4a58-9349-89e8342795d9,화실만두,만두,원주자유시장,전통시장,강원특별자치도,3.0,3.0,,,RESOLVED_AGREEMENT,False,3,,,,
dad8ce68b2fc95874974,test,분식,T2 동의어,q_분식_04,만두,음식점 중 '분식'을 판매·제공하는 매장,479cf7dd-973e-45e8-a91c-150718469887,철이만두,만두,돌곶이시장,전통시장,서울특별시,3.0,3.0,,,RESOLVED_AGREEMENT,False,3,,,,
af34fcb8acb4bd527d48,test,분식,T2 동의어,q_분식_04,만두,음식점 중 '분식'을 판매·제공하는 매장,0011cf6d-567e-4c3b-b113-363daa11212a,김밥먹고 닭꼬치,,배방상점가,자율상권구역,충청남도,2.0,3.0,,,P2_GRADED_ONLY,True,,,,,
7e65807f626daf92d7a0,test,분식,T2 동의어,q_분식_04,만두,음식점 중 '분식'을 판매·제공하는 매장,1293331e-0946-4848-abc1-712e344a2dc0,만두청년,만두,구리전통시장,전통시장,경기도,3.0,3.0,,,RESOLVED_AGREEMENT,False,3,,,,
17f8287c9491361b8220,test,분식,T2 동의어,q_분식_04,만두,음식점 중 '분식'을 판매·제공하는 매장,001cb3d4-5441-4963-b517-d5b3904ee312,현창떡집,떡집,목포동부시장,전통시장,전라남도,1.0,0.0,,,P2_GRADED_ONLY,True,,,,,
cec0842f3cc7fef6f5f1,test,분식,T2 동의어,q_분식_04,만두,음식점 중 '분식'을 판매·제공하는 매장,00ec6d6a-b0c1-4662-b17f-9c9f059a4bcd,백암서울순대국,순대국,강서구청먹자골목골목형상점가,골목형상점가,서울특별시,2.0,3.0,,,P2_GRADED_ONLY,True,,,,,
a22ba629ada4bbdb54ef,test,분식,T2 동의어,q_분식_04,만두,음식점 중 '분식'을 판매·제공하는 매장,9e0359dd-9273-45e4-81f8-1a13e80d9006,모모만두,만두,화서시장,전통시장,경기도,3.0,3.0,,,RESOLVED_AGREEMENT,False,3,,,,
830c29e57cf71bcc3c3d,test,분식,T2 동의어,q_분식_04,만두,음식점 중 '분식'을 판매·제공하는 매장,0018c143-a8bd-4461-a8ae-ee348edfad7a,김가네의정부중앙역점,김밥 분식 식사등,의정부시 구도심 상권활성화구역,상권활성화구역,경기도,2.0,3.0,,,P2_GRADED_ONLY,True,,,,,
c456d8cd5462df27a931,test,분식,T2 동의어,q_분식_04,만두,음식점 중 '분식'을 판매·제공하는 매장,00e34fb5-e7d3-43aa-b574-400ee31abae5,은혜만두,만두,북동 골목형상점가,골목형상점가,광주광역시,3.0,3.0,,,RESOLVED_AGREEMENT,False,3,,,,
2775e78dec49087c2f3a,test,분식,T2 동의어,q_분식_04,만두,음식점 중 '분식'을 판매·제공하는 매장,93a21205-3c44-40d5-9f2e-f1d03be41509,무아만두,만두,구성언남 골목형상점가,골목형상점가,경기도,3.0,3.0,,,RESOLVED_AGREEMENT,False,3,,,,
7c0b001c94164fc97631,test,분식,T2 동의어,q_분식_04,만두,음식점 중 '분식'을 판매·제공하는 매장,94d2ec71-9ec2-4344-b354-83ed89e054d6,금용만두,만두,구포역세권상점가,자율상권구역,부산광역시,3.0,3.0,,,RESOLVED_AGREEMENT,False,3,,,,
aac901426ce5798b6645,test,분식,T2 동의어,q_분식_04,만두,음식점 중 '분식'을 판매·제공하는 매장,472ef84c-d521-4fd7-9e50-2c489d103e44,대박손만두,만두,청주육거리종합시장,전통시장,충청북도,3.0,3.0,,,RESOLVED_AGREEMENT,False,3,,,,
d92d9dce213a65c7ec34,test,분식,T2 동의어,q_분식_04,만두,음식점 중 '분식'을 판매·제공하는 매장,1c15f73b-c6b0-472e-9485-a7e4a4a50b99,별난만두,만두,남부골목시장,전통시장,서울특별시,3.0,3.0,,,RESOLVED_AGREEMENT,False,3,,,,
5ffced0b257c887bdf7c,test,분식,T2 동의어,q_분식_04,만두,음식점 중 '분식'을 판매·제공하는 매장,9954bf0c-4bb6-43e4-97a7-10ca7dcd8524,통큰만두,만두,퐁당거리 골목형상점가,골목형상점가,전라남도,3.0,3.0,,,RESOLVED_AGREEMENT,False,3,,,,
9d8a43087728ef58a3a9,test,분식,T2 동의어,q_분식_04,만두,음식점 중 '분식'을 판매·제공하는 매장,06a2e1ce-3b99-4e0f-88de-bc4e31d9f439,짱만두,만두,행복상점가,자율상권구역,경상북도,3.0,3.0,,,RESOLVED_AGREEMENT,False,3,,,,
fb53fde8b27be2acf881,test,분식,T2 동의어,q_분식_04,만두,음식점 중 '분식'을 판매·제공하는 매장,d483c4a5-fe54-4b04-b3bf-9e6ad2ffdd04,핸두,만두,효천로 골목형상점가,골목형상점가,광주광역시,3.0,3.0,,,RESOLVED_AGREEMENT,False,3,,,,
e712c48ec2aa37bb636c,test,분식,T2 동의어,q_분식_04,만두,음식점 중 '분식'을 판매·제공하는 매장,9c45ac41-323f-44cd-8901-7b4f9793b583,이석만두,만두,가수원상점가,자율상권구역,대전광역시,3.0,3.0,,,RESOLVED_AGREEMENT,False,3,,,,
c72054b82e0ad269621e,test,분식,T2 동의어,q_분식_04,만두,음식점 중 '분식'을 판매·제공하는 매장,02b05ddb-3724-4a0c-b4ef-b9791576d5a0,산본한의원,한약,산본전통시장(구 군포산본시장),전통시장,경기도,0.0,0.0,,,RESOLVED_AGREEMENT,False,0,,,,
a6610f7e4241e2a4e648,test,분식,T2 동의어,q_분식_04,만두,음식점 중 '분식'을 판매·제공하는 매장,903dc2d4-1384-4c10-be5b-dc4db4c321e9,진미만두,만두,의왕도깨비시장,전통시장,경기도,3.0,3.0,,,RESOLVED_AGREEMENT,False,3,,,,
7c9d97ebdddcce80cfe8,test,분식,T2 동의어,q_분식_04,만두,음식점 중 '분식'을 판매·제공하는 매장,64e5c998-9146-41c6-8bd6-8750f32ad3ca,영선만두,만두,칠성본시장,전통시장,대구광역시,3.0,3.0,,,RESOLVED_AGREEMENT,False,3,,,,
6ad7626ff50ba24eaf18,test,분식,T2 동의어,q_분식_04,만두,음식점 중 '분식'을 판매·제공하는 매장,72daf2fb-92c9-441a-9afc-1ded42c577a6,만두쟁이,만두,"온양온천시장(온양재래시장, 전통시장)",전통시장,충청남도,3.0,3.0,,,RESOLVED_AGREEMENT,False,3,,,,
ff52e7a1c41757a89f0c,test,분식,T2 동의어,q_분식_04,만두,음식점 중 '분식'을 판매·제공하는 매장,3b91ec2a-2606-41d3-9120-a40662269044,호호만두,만두,신창수문 골목형상점가,골목형상점가,광주광역시,3.0,3.0,,,RESOLVED_AGREEMENT,False,3,,,,
86347634b41d1cb63cf4,test,분식,T2 동의어,q_분식_04,만두,음식점 중 '분식'을 판매·제공하는 매장,35b9e8da-b8a6-4851-baf6-2de676c05300,덕보만두,만두,신산격종합시장 골목형상점가,골목형상점가,대구광역시,3.0,3.0,,,RESOLVED_AGREEMENT,False,3,,,,
3305de9e8509af9ad270,test,분식,T2 동의어,q_분식_04,만두,음식점 중 '분식'을 판매·제공하는 매장,5726305e-0723-4eff-84a4-e6c3f120e980,미성당납작만두,만두,지범골목먹거리타운 골목형상점가,골목형상점가,대구광역시,3.0,3.0,,,RESOLVED_AGREEMENT,False,3,,,,
0b66d9bb4fbcfe24604f,test,분식,T2 동의어,q_분식_04,만두,음식점 중 '분식'을 판매·제공하는 매장,007d6b63-4e47-47fa-aaa5-6d0b5cc7280b,도토리김밥계룡엄사점,분식,엄사 골목형상점가,골목형상점가,충청남도,2.0,3.0,,,P2_GRADED_ONLY,True,,,,,
a24a74d33686ddf08094,test,분식,T2 동의어,q_분식_04,만두,음식점 중 '분식'을 판매·제공하는 매장,45d62901-2b61-493a-b793-53e77a2bf233,광수만두,만두,금호상인회 골목형상점가,골목형상점가,광주광역시,3.0,3.0,,,RESOLVED_AGREEMENT,False,3,,,,
3d4542469e74da39d926,test,분식,T2 동의어,q_분식_04,만두,음식점 중 '분식'을 판매·제공하는 매장,0a891050-80f2-4423-a5a4-fbd505f1e519,이삭토스트 대전테크노밸리점,토스트,테크노밸리 골목형상점가,골목형상점가,대전광역시,2.0,0.0,,,P1_BINARY_THRESHOLD,True,,,,,
f6deedc3112fc937dcce,test,분식,T2 동의어,q_분식_04,만두,음식점 중 '분식'을 판매·제공하는 매장,e58bb526-8938-4ead-8609-e56a6f1c95b0,만두마당,만두,금산금빛시장(금산시장),전통시장,충청남도,3.0,3.0,,,RESOLVED_AGREEMENT,False,3,,,,
a52b10073fb0550b6b64,test,분식,T2 동의어,q_분식_04,만두,음식점 중 '분식'을 판매·제공하는 매장,00e30e6c-dde0-49cd-9e3e-95465aa4247e,동해분식,분식,서남신시장,전통시장,대구광역시,2.0,3.0,,,P2_GRADED_ONLY,True,,,,,
b573ae3c1d9d84ac0d91,test,분식,T2 동의어,q_분식_04,만두,음식점 중 '분식'을 판매·제공하는 매장,001bda4f-046f-44c5-b084-8de630ac405a,김밥윤,김밥 등,보람동 골목형상점가,골목형상점가,세종특별자치시,2.0,3.0,,,P2_GRADED_ONLY,True,,,,,
7056dfb5e90e229a2b0d,test,분식,T2 동의어,q_분식_04,만두,음식점 중 '분식'을 판매·제공하는 매장,bd094dcf-9c3c-4893-97e9-d93863adc933,수진상회,의류,부평깡통시장(구 부산부평시장),전통시장,부산광역시,0.0,0.0,,,RESOLVED_AGREEMENT,False,0,,,,
d18698963121fd765ba5,test,분식,T2 동의어,q_분식_04,만두,음식점 중 '분식'을 판매·제공하는 매장,0ab4b1bd-93f1-4d46-b012-abfc9b1328dc,브라운토스트,"토스트, 음료",구즉 골목형상점가,골목형상점가,대전광역시,2.0,0.0,,,P1_BINARY_THRESHOLD,True,,,,,
2c212071867e50c2a76d,test,분식,T2 동의어,q_분식_04,만두,음식점 중 '분식'을 판매·제공하는 매장,50c33794-1cf7-43c3-af29-daf15e63d633,진미만두,만두,칠성본시장,전통시장,대구광역시,3.0,3.0,,,RESOLVED_AGREEMENT,False,3,,,,
c2f5f84a65ec0ae33f56,test,분식,T2 동의어,q_분식_04,만두,음식점 중 '분식'을 판매·제공하는 매장,2c385c7e-5a8b-4f70-b4b4-ef1f215b04ae,생생통만두,만두,계양산전통시장,전통시장,인천광역시,3.0,3.0,,,RESOLVED_AGREEMENT,False,3,,,,
70955d26071a5fe64a35,test,분식,T2 동의어,q_분식_04,만두,음식점 중 '분식'을 판매·제공하는 매장,94e6b864-8ccd-4145-acf1-e285dd293d11,여우비,액세서리,남대문시장,전통시장,서울특별시,0.0,0.0,,,RESOLVED_AGREEMENT,False,0,,,,
052699fb654a08776759,test,분식,T2 동의어,q_분식_04,만두,음식점 중 '분식'을 판매·제공하는 매장,2613f2dc-65bb-4746-b383-dfba0ce85bae,옥연만두,만두,청주사창시장,전통시장,충청북도,3.0,3.0,,,RESOLVED_AGREEMENT,False,3,,,,
f107b5c3498009bb0973,test,분식,T2 동의어,q_분식_04,만두,음식점 중 '분식'을 판매·제공하는 매장,9f32988e-c732-4b7b-a9b0-9c03a8ead883,화정만두,만두,화삼골상인회 골목형상점가,골목형상점가,광주광역시,3.0,3.0,,,RESOLVED_AGREEMENT,False,3,,,,
e9b9969611918e3942fb,test,분식,T2 동의어,q_분식_04,만두,음식점 중 '분식'을 판매·제공하는 매장,0910caae-ad67-4ef3-934e-fff4c6059206,참토스트 대전학하점,토스트,계산동 골목형상점가,골목형상점가,대전광역시,2.0,0.0,,,P1_BINARY_THRESHOLD,True,,,,,
d237b0f2fab1f2c46c5e,test,분식,T2 동의어,q_분식_04,만두,음식점 중 '분식'을 판매·제공하는 매장,00b5a60c-c548-4ac2-8259-9bb788c0fc58,까치김밥,김밥식사류,신림별빛거리골목형상점가,골목형상점가,서울특별시,2.0,3.0,,,P2_GRADED_ONLY,True,,,,,
ebc06d82f51dbcdd2a65,test,분식,T2 동의어,q_분식_04,만두,음식점 중 '분식'을 판매·제공하는 매장,024c1f10-1fe0-4be3-8bde-6465f5cd8c43,오늘은 떡볶이,"떡볶이, 튀김, 순대 등",석촌시장,전통시장,서울특별시,2.0,3.0,,,P2_GRADED_ONLY,True,,,,,
2b21588fc4b51c235623,test,분식,T2 동의어,q_분식_04,만두,음식점 중 '분식'을 판매·제공하는 매장,6147b1d1-9240-417c-9c32-58446a0a1696,영만두,만두,복대시장,전통시장,충청북도,3.0,3.0,,,RESOLVED_AGREEMENT,False,3,,,,
3ceaa0c29c40b345979d,test,분식,T2 동의어,q_분식_04,만두,음식점 중 '분식'을 판매·제공하는 매장,e435c545-6c35-4ec1-a325-8dcd9fa3a504,현아네 만두,만두,충주자유시장,전통시장,충청북도,3.0,3.0,,,RESOLVED_AGREEMENT,False,3,,,,
89aa8577cfe799aac5bb,test,분식,T2 동의어,q_분식_04,만두,음식점 중 '분식'을 판매·제공하는 매장,4984470e-4501-4e34-91b3-7a153e6674d7,울 만두,한식,문정동로데오상점가,자율상권구역,서울특별시,2.0,3.0,,,P2_GRADED_ONLY,True,,,,,
f88300aa349953dabdda,test,분식,T2 동의어,q_분식_04,만두,음식점 중 '분식'을 판매·제공하는 매장,ae7f51ec-722f-4c96-b9aa-7cdd58cc3616,만두와찐빵,만두,이동 골목형상점가,골목형상점가,경기도,3.0,3.0,,,RESOLVED_AGREEMENT,False,3,,,,
1bb0762fc6eb8572fa01,test,분식,T2 동의어,q_분식_04,만두,음식점 중 '분식'을 판매·제공하는 매장,aa67f4c3-219e-4011-a5e9-d1bab54b6820,김여사 만두,만두,맹동혁신골목형상점가,골목형상점가,충청북도,3.0,3.0,,,RESOLVED_AGREEMENT,False,3,,,,
4ab632437281f382e6ce,test,분식,T2 동의어,q_분식_04,만두,음식점 중 '분식'을 판매·제공하는 매장,45225395-481d-48d0-aea9-2f6620231636,우리웰빙만두,만두,대구교동시장,전통시장,대구광역시,3.0,3.0,,,RESOLVED_AGREEMENT,False,3,,,,
6810c211375790889868,test,분식,T2 동의어,q_분식_04,만두,음식점 중 '분식'을 판매·제공하는 매장,00783b5c-54fd-42fc-8bcf-1ea7fce865d5,쫀득분식,분식,임방울거리3구역 골목형상점가,골목형상점가,광주광역시,2.0,3.0,,,P2_GRADED_ONLY,True,,,,,
b19918579ac4ddd07a4e,test,분식,T2 동의어,q_분식_04,만두,음식점 중 '분식'을 판매·제공하는 매장,dc92b2eb-5979-4c3b-8d97-a2778cd127d4,삼촌만두,만두,영월종합상가,전통시장,강원특별자치도,3.0,3.0,,,RESOLVED_AGREEMENT,False,3,,,,
18b9db96d89d0a0a52ff,test,분식,T2 동의어,q_분식_04,만두,음식점 중 '분식'을 판매·제공하는 매장,b712f7b9-8286-4f31-897b-90e9c75b08da,만두마당,만두,금산금빛시장(금산시장),전통시장,충청남도,3.0,3.0,,,RESOLVED_AGREEMENT,False,3,,,,
ce835f7ef62737443d63,test,분식,T2 동의어,q_분식_04,만두,음식점 중 '분식'을 판매·제공하는 매장,f489394a-a57d-48fc-bd75-cf310dc998f2,창민만두,만두,청구시장,전통시장,대구광역시,3.0,3.0,,,RESOLVED_AGREEMENT,False,3,,,,
b9c626bf5219f350fbad,test,분식,T2 동의어,q_분식_04,만두,음식점 중 '분식'을 판매·제공하는 매장,149b1f83-c39e-4767-ba5e-8ff06e10aecc,신삼오식품,젓갈류,광천전통시장,전통시장,충청남도,0.0,0.0,,,RESOLVED_AGREEMENT,False,0,,,,
14e413b4bb8aecf550bc,test,분식,T2 동의어,q_분식_04,만두,음식점 중 '분식'을 판매·제공하는 매장,016f68a3-c16f-467c-af96-22466baf3a6a,쉬즈베이글,토스트,읍내리 원도심 골목형상점가,골목형상점가,전라남도,2.0,0.0,,,P1_BINARY_THRESHOLD,True,,,,,
1e14190ae8fe510bbdde,test,분식,T2 동의어,q_분식_04,만두,음식점 중 '분식'을 판매·제공하는 매장,be674521-7e1b-4b30-8ef8-2ca902b64fbc,본만두,만두,예석 골목형상점가,골목형상점가,충청남도,3.0,3.0,,,RESOLVED_AGREEMENT,False,3,,,,
25aca82068ef31b2f66f,test,분식,T2 동의어,q_분식_04,만두,음식점 중 '분식'을 판매·제공하는 매장,46161106-0e2f-4bdb-8911-3298ab9a7243,오양만두,만두,서둔동 골목형상점가,골목형상점가,경기도,3.0,3.0,,,RESOLVED_AGREEMENT,False,3,,,,
575635b247cbf358cbde,test,분식,T2 동의어,q_분식_04,만두,음식점 중 '분식'을 판매·제공하는 매장,571474ed-6214-45f9-b9e0-197221def111,만두라,만두,백년소상공인,기타,서울특별시,3.0,3.0,,,RESOLVED_AGREEMENT,False,3,,,,
c9b35b47224ceae2e821,test,분식,T2 동의어,q_분식_04,만두,음식점 중 '분식'을 판매·제공하는 매장,064d899b-c65a-4b75-9a15-9ca1eaf707f4,이삭토스트,토스트 등,매탄중심상가 골목형상점가,골목형상점가,경기도,2.0,0.0,,,P1_BINARY_THRESHOLD,True,,,,,
06e7e34042915c0b24ad,test,분식,T2 동의어,q_분식_04,만두,음식점 중 '분식'을 판매·제공하는 매장,1b0032f6-1cc3-4466-ba1f-2fc85261315c,복만두,만두,도마큰시장,전통시장,대전광역시,3.0,3.0,,,RESOLVED_AGREEMENT,False,3,,,,
ceadc2ce651231ffe444,test,분식,T2 동의어,q_분식_04,만두,음식점 중 '분식'을 판매·제공하는 매장,04c905ba-3172-4ea4-a6dd-4345d674dea0,덕순이네,제조업(떡집),장터길 골목형상점가,골목형상점가,경기도,1.0,0.0,,,P2_GRADED_ONLY,True,,,,,
1098121af4e8fe376bc3,test,분식,T2 동의어,q_분식_04,만두,음식점 중 '분식'을 판매·제공하는 매장,3c3dc3b8-2838-4c77-aeda-6bd7b5882dc3,하까오손만두,만두,부사동 인삼거리 골목형상점가,골목형상점가,대전광역시,3.0,3.0,,,RESOLVED_AGREEMENT,False,3,,,,
e2bc621da64cd2a4c444,test,분식,T2 동의어,q_분식_04,만두,음식점 중 '분식'을 판매·제공하는 매장,e2a50e29-ac5b-4c87-bf71-acfca3edcd00,산척순대 만두,한식,충주자유시장,전통시장,충청북도,2.0,3.0,,,P2_GRADED_ONLY,True,,,,,
c591a92b143921235f91,test,분식,T2 동의어,q_분식_04,만두,음식점 중 '분식'을 판매·제공하는 매장,a7b36306-b9cd-4a7b-b0b3-044e82b90810,부흥만두,만두,천안중앙시장,전통시장,충청남도,3.0,3.0,,,RESOLVED_AGREEMENT,False,3,,,,
59cb10b3b8c61791a2de,test,분식,T2 동의어,q_분식_04,만두,음식점 중 '분식'을 판매·제공하는 매장,d29cd065-e326-430d-953e-fb891fb4ea82,만두장성,만두,공릉동도깨비시장,전통시장,서울특별시,3.0,3.0,,,RESOLVED_AGREEMENT,False,3,,,,
95735a592335ebb3cc75,test,분식,T2 동의어,q_분식_04,만두,음식점 중 '분식'을 판매·제공하는 매장,04a91b86-3405-4f8d-b0b8-eac86f3907c4,연지동토스트,커피토스트,연지시장,전통시장,부산광역시,2.0,0.0,,,P1_BINARY_THRESHOLD,True,,,,,
dbc2dbf6f90b7814b79d,test,분식,T2 동의어,q_분식_04,만두,음식점 중 '분식'을 판매·제공하는 매장,00b5a007-bb8d-47db-963d-ccc7e93c25ac,장호덕 손만두 백석점,만두,백석한들1번가 골목형상점가,골목형상점가,충청남도,3.0,3.0,,,RESOLVED_AGREEMENT,False,3,,,,
86967c853d2c51112af3,test,분식,T2 동의어,q_분식_04,만두,음식점 중 '분식'을 판매·제공하는 매장,008594db-d86c-4014-bf5c-16f6cd40402d,와글와글봄소풍,김밥,다사역 골목형상점가,골목형상점가,대구광역시,2.0,3.0,,,P2_GRADED_ONLY,True,,,,,
6fbb509f2c0f610383a0,test,분식,T2 동의어,q_분식_04,만두,음식점 중 '분식'을 판매·제공하는 매장,44ab277e-62ae-49f8-be37-3b462ce37dfb,별난만두,만두,중마시장,전통시장,전라남도,3.0,3.0,,,RESOLVED_AGREEMENT,False,3,,,,
c7882d2d9c9d6e893335,test,분식,T2 동의어,q_분식_04,만두,음식점 중 '분식'을 판매·제공하는 매장,045215f0-9db0-4054-8c69-702841941f01,문토스트용호점,카페토스트,용호1동골목시장,전통시장,부산광역시,2.0,0.0,,,P1_BINARY_THRESHOLD,True,,,,,
dfe04ce387f669930d37,test,분식,T2 동의어,q_분식_04,만두,음식점 중 '분식'을 판매·제공하는 매장,101767d7-2b80-49db-89bd-55c5bbd4a4a1,대호손만두,만두,안양관양시장,전통시장,경기도,3.0,3.0,,,RESOLVED_AGREEMENT,False,3,,,,
f9dfcd4b67533c2dd40b,test,분식,T2 동의어,q_분식_04,만두,음식점 중 '분식'을 판매·제공하는 매장,0075dacf-3e3f-47b8-a4af-d3a2ff866348,북툰커피앤카페,찐빵 만두 커피,신창진흥 골목형상점가,골목형상점가,광주광역시,3.0,3.0,,,RESOLVED_AGREEMENT,False,3,,,,
e01c735447b259638bf6,test,분식,T2 동의어,q_분식_04,만두,음식점 중 '분식'을 판매·제공하는 매장,5db2393c-54a9-4e60-99dc-a3f9fe8303a7,한끼만두,만두,신도봉시장,전통시장,서울특별시,3.0,3.0,,,RESOLVED_AGREEMENT,False,3,,,,
43e8ae1878485b5414ff,test,분식,T2 동의어,q_분식_04,만두,음식점 중 '분식'을 판매·제공하는 매장,7fb27403-28ca-4cc0-b090-7ff99007c830,아담만두,만두,부평문화인의거리골목형상점가,골목형상점가,인천광역시,3.0,3.0,,,RESOLVED_AGREEMENT,False,3,,,,
f8d8993d31154c4559c1,test,분식,T2 동의어,q_분식_04,만두,음식점 중 '분식'을 판매·제공하는 매장,005313c8-dce8-49b6-9841-9143ebb1305a,동원떡집,,박달시장,전통시장,경기도,1.0,0.0,,,P2_GRADED_ONLY,True,,,,,
636375e880ad4d7f3fa0,test,분식,T2 동의어,q_분식_04,만두,음식점 중 '분식'을 판매·제공하는 매장,015915e3-2542-4245-b627-0c775b4c5501,한내떡집,,거제 고현시장,전통시장,경상남도,1.0,0.0,,,P2_GRADED_ONLY,True,,,,,
276ef7085362347ac2ff,test,분식,T2 동의어,q_분식_04,만두,음식점 중 '분식'을 판매·제공하는 매장,d1075d91-769e-48d8-ace0-b0081423b8b5,모아만두,만두,청주사창시장,전통시장,충청북도,3.0,3.0,,,RESOLVED_AGREEMENT,False,3,,,,
856d1d108bf2b8d62b72,test,분식,T2 동의어,q_분식_04,만두,음식점 중 '분식'을 판매·제공하는 매장,017c71f5-48d0-4cce-a370-a84d34d36658,무봉리토종순대국파주운정점,,산내마을 골목형상점가,골목형상점가,경기도,2.0,3.0,,,P2_GRADED_ONLY,True,,,,,
c67cbfa05243aef82ec5,test,분식,T2 동의어,q_분식_04,만두,음식점 중 '분식'을 판매·제공하는 매장,178b9363-1bdb-40d4-951e-f6d97ddef34c,부산만두,만두,경주중앙시장,전통시장,경상북도,3.0,3.0,,,RESOLVED_AGREEMENT,False,3,,,,
1813b2bc21c9668137a1,test,분식,T2 동의어,q_분식_04,만두,음식점 중 '분식'을 판매·제공하는 매장,8d10d3b6-2dad-4572-8752-f523a8471dad,오빠만두,만두,양주옥정호수공원상점가,골목형상점가,경기도,3.0,3.0,,,RESOLVED_AGREEMENT,False,3,,,,
b32eb67617110d53cb28,test,분식,T2 동의어,q_분식_04,만두,음식점 중 '분식'을 판매·제공하는 매장,eb4c0a8b-6e42-416a-903e-ed0d4ea076ae,그럴만두,만두,참샘상인회 골목형상점가,골목형상점가,광주광역시,3.0,3.0,,,RESOLVED_AGREEMENT,False,3,,,,
62618de0df30c8297c1a,test,분식,T2 동의어,q_분식_04,만두,음식점 중 '분식'을 판매·제공하는 매장,abcc7cbc-f5bd-4367-bc39-17dbc3212bda,진심만두,만두,대전정원시장,전통시장,대전광역시,3.0,3.0,,,RESOLVED_AGREEMENT,False,3,,,,
709854d25397a3462853,test,분식,T2 동의어,q_분식_04,만두,음식점 중 '분식'을 판매·제공하는 매장,41f7e55d-ee69-431a-b571-6156eed34b3e,감자만두,만두,두호1시장,전통시장,경상북도,3.0,3.0,,,RESOLVED_AGREEMENT,False,3,,,,
e699ecf0a09fdfb0161f,test,분식,T2 동의어,q_분식_04,만두,음식점 중 '분식'을 판매·제공하는 매장,00ca89c2-42a8-432d-ba4b-5abd23c18ab0,계란밥,계란밥분식,시청역상가번영회 골목형상점가,골목형상점가,광주광역시,2.0,3.0,,,P2_GRADED_ONLY,True,,,,,
5878f0888540eb9a6da4,test,분식,T2 동의어,q_분식_04,만두,음식점 중 '분식'을 판매·제공하는 매장,04b03558-95d1-4a0e-a9e2-9a9e72bdadb2,배가찐왕만두,만두,문흥2동 골목형상점가,골목형상점가,광주광역시,3.0,3.0,,,RESOLVED_AGREEMENT,False,3,,,,
889846f14e32c0a4da28,test,분식,T2 동의어,q_분식_04,만두,음식점 중 '분식'을 판매·제공하는 매장,00e9517a-1887-4acf-b072-10c7cadf9512,불닭발 땡초 동대문 엽기 떡볶이,분식,유엔남구 대학로 상권,,부산광역시,2.0,3.0,,,P2_GRADED_ONLY,True,,,,,
5a4537a39f54eadfc453,test,분식,T2 동의어,q_분식_04,만두,음식점 중 '분식'을 판매·제공하는 매장,cfa1eaef-d8ec-48b6-9bc6-75cfc54de1d1,명동만두,만두,부천자유시장,전통시장,경기도,3.0,3.0,,,RESOLVED_AGREEMENT,False,3,,,,
95848efb8e165427d701,test,분식,T2 동의어,q_분식_04,만두,음식점 중 '분식'을 판매·제공하는 매장,01853453-69ac-4f55-9cd8-09e40088ab59,가마솥왕만두,만두,울산번개시장,전통시장,울산광역시,3.0,3.0,,,RESOLVED_AGREEMENT,False,3,,,,
eb08e3c14d73b9a72d82,test,분식,T2 동의어,q_분식_04,만두,음식점 중 '분식'을 판매·제공하는 매장,d66745b3-2063-4a23-9bc9-1c435dcb8d69,고향만두,만두,원주자유시장,전통시장,강원특별자치도,3.0,3.0,,,RESOLVED_AGREEMENT,False,3,,,,
0ee32662fb0420aff25e,test,분식,T2 동의어,q_분식_04,만두,음식점 중 '분식'을 판매·제공하는 매장,efb9495c-d324-4eed-b77e-3ba87b25a21f,만두나라,만두,박달시장,전통시장,경기도,3.0,3.0,,,RESOLVED_AGREEMENT,False,3,,,,
99444cc2316e27a786ed,test,분식,T2 동의어,q_분식_04,만두,음식점 중 '분식'을 판매·제공하는 매장,8f8ccf5b-09da-40c5-bdd4-1c588f364930,명당만두,만두,수정전통시장,전통시장,부산광역시,3.0,3.0,,,RESOLVED_AGREEMENT,False,3,,,,
38ade161d4701c1bee60,test,분식,T2 동의어,q_분식_04,만두,음식점 중 '분식'을 판매·제공하는 매장,828a831a-4b3f-48b7-b408-c4b028f8d4a9,GS25 용해중앙점,생활용품및 가공및신선식품,용해동 포미타운 골목형상점가,골목형상점가,전라남도,0.0,0.0,,,RESOLVED_AGREEMENT,False,0,,,,
ff1eff258d36a84b423a,test,분식,T2 동의어,q_분식_04,만두,음식점 중 '분식'을 판매·제공하는 매장,be81d247-2f6e-4668-9231-3123bfc315a7,임계만두,만두,동쪽바다중앙시장(구 동해중앙시장),전통시장,강원특별자치도,3.0,3.0,,,RESOLVED_AGREEMENT,False,3,,,,
a98b0bdc2d4a0aa7558f,test,분식,T2 동의어,q_분식_04,만두,음식점 중 '분식'을 판매·제공하는 매장,00719699-eb0c-4473-bda9-7a16eace345e,봉식이옛날왕만두,만두,삼익 골목형상점가,골목형상점가,서울특별시,3.0,3.0,,,RESOLVED_AGREEMENT,False,3,,,,
70e2981f2062a0bfe876,test,분식,T2 동의어,q_분식_04,만두,음식점 중 '분식'을 판매·제공하는 매장,d77ff04d-e52c-47db-9c1e-b91316af79c3,만두가,만두,효자시장,전통시장,경상북도,3.0,3.0,,,RESOLVED_AGREEMENT,False,3,,,,
057426977a402d3c473a,test,분식,T2 동의어,q_분식_05,만두집,음식점 중 '분식'을 판매·제공하는 매장,017c71f5-48d0-4cce-a370-a84d34d36658,무봉리토종순대국파주운정점,,산내마을 골목형상점가,골목형상점가,경기도,2.0,3.0,,,P2_GRADED_ONLY,True,,,,,
1d4e4b0b14b0e045f25d,test,분식,T2 동의어,q_분식_05,만두집,음식점 중 '분식'을 판매·제공하는 매장,dc92b2eb-5979-4c3b-8d97-a2778cd127d4,삼촌만두,만두,영월종합상가,전통시장,강원특별자치도,3.0,3.0,,,RESOLVED_AGREEMENT,False,3,,,,
444b77513506ea993496,test,분식,T2 동의어,q_분식_05,만두집,음식점 중 '분식'을 판매·제공하는 매장,d77ff04d-e52c-47db-9c1e-b91316af79c3,만두가,만두,효자시장,전통시장,경상북도,3.0,3.0,,,RESOLVED_AGREEMENT,False,3,,,,
1e7fa7f78dbdcd0679ca,test,분식,T2 동의어,q_분식_05,만두집,음식점 중 '분식'을 판매·제공하는 매장,e73659d1-e350-45c3-85f0-40c14b45fcf9,동방만두집,한식,울산번개시장,전통시장,울산광역시,2.0,3.0,,,P2_GRADED_ONLY,True,,,,,
095c039b5d5f86ad02de,test,분식,T2 동의어,q_분식_05,만두집,음식점 중 '분식'을 판매·제공하는 매장,aa927c51-8143-4e88-92c8-53ff51ad56ce,만두가,,효우로130번길 골목형상점가,골목형상점가,,3.0,3.0,,,RESOLVED_AGREEMENT,False,3,,,,
8569bffd7c40a4d9c29d,test,분식,T2 동의어,q_분식_05,만두집,음식점 중 '분식'을 판매·제공하는 매장,cdbe8d0e-6d65-452f-86ec-1e65bdf1433e,만두사오,만두,구영로 골목형상점가,골목형상점가,울산광역시,3.0,3.0,,,RESOLVED_AGREEMENT,False,3,,,,
fc3b7bef39844288aa95,test,분식,T2 동의어,q_분식_05,만두집,음식점 중 '분식'을 판매·제공하는 매장,45225395-481d-48d0-aea9-2f6620231636,우리웰빙만두,만두,대구교동시장,전통시장,대구광역시,3.0,3.0,,,RESOLVED_AGREEMENT,False,3,,,,
7c8efc33b4c15161a9d9,test,분식,T2 동의어,q_분식_05,만두집,음식점 중 '분식'을 판매·제공하는 매장,0ab4b1bd-93f1-4d46-b012-abfc9b1328dc,브라운토스트,"토스트, 음료",구즉 골목형상점가,골목형상점가,대전광역시,2.0,0.0,,,P1_BINARY_THRESHOLD,True,,,,,
f97425c95aa3af9b5be1,test,분식,T2 동의어,q_분식_05,만두집,음식점 중 '분식'을 판매·제공하는 매장,da50e53b-e81b-4b60-acc7-2baf1c4a94cb,만두의정석,만두,성대전통시장,전통시장,서울특별시,3.0,3.0,,,RESOLVED_AGREEMENT,False,3,,,,
65c8ae46eb805a39d926,test,분식,T2 동의어,q_분식_05,만두집,음식점 중 '분식'을 판매·제공하는 매장,be674521-7e1b-4b30-8ef8-2ca902b64fbc,본만두,만두,예석 골목형상점가,골목형상점가,충청남도,3.0,3.0,,,RESOLVED_AGREEMENT,False,3,,,,
625813d40c6214c17e45,test,분식,T2 동의어,q_분식_05,만두집,음식점 중 '분식'을 판매·제공하는 매장,055b0501-9678-421c-9b8d-2994754df728,캠토토스트 계룡대실점,토스트,두마면 대실골목형상점가,골목형상점가,충청남도,2.0,0.0,,,P1_BINARY_THRESHOLD,True,,,,,
4756e0ece10c8e69d85a,test,분식,T2 동의어,q_분식_05,만두집,음식점 중 '분식'을 판매·제공하는 매장,0910caae-ad67-4ef3-934e-fff4c6059206,참토스트 대전학하점,토스트,계산동 골목형상점가,골목형상점가,대전광역시,2.0,0.0,,,P1_BINARY_THRESHOLD,True,,,,,
aedaf6ff26d402bffd39,test,분식,T2 동의어,q_분식_05,만두집,음식점 중 '분식'을 판매·제공하는 매장,85a1e41e-e9c9-414d-8a3b-6e82528f9ecf,호두집,,청구시장,전통시장,대구광역시,,0.0,Y,,P0_UNCERTAIN_OR_MISSING,True,,,,,
3dfefa8f5e9ba3d9d789,test,분식,T2 동의어,q_분식_05,만두집,음식점 중 '분식'을 판매·제공하는 매장,0011cf6d-567e-4c3b-b113-363daa11212a,김밥먹고 닭꼬치,,배방상점가,자율상권구역,충청남도,2.0,3.0,,,P2_GRADED_ONLY,True,,,,,
2930bbbe4f5fd748ccca,test,분식,T2 동의어,q_분식_05,만두집,음식점 중 '분식'을 판매·제공하는 매장,04c905ba-3172-4ea4-a6dd-4345d674dea0,덕순이네,제조업(떡집),장터길 골목형상점가,골목형상점가,경기도,1.0,0.0,,,P2_GRADED_ONLY,True,,,,,
1ff02b29032f3506396d,test,분식,T2 동의어,q_분식_05,만두집,음식점 중 '분식'을 판매·제공하는 매장,01853453-69ac-4f55-9cd8-09e40088ab59,가마솥왕만두,만두,울산번개시장,전통시장,울산광역시,3.0,3.0,,,RESOLVED_AGREEMENT,False,3,,,,
ef896ea955f29c212034,test,분식,T2 동의어,q_분식_05,만두집,음식점 중 '분식'을 판매·제공하는 매장,91fc6cdf-5c61-4606-bb7d-5fe060ebc682,생강밭대추나무,,신정상가시장,전통시장,울산광역시,0.0,0.0,,,RESOLVED_AGREEMENT,False,0,,,,
3cec3a0f44ead838f26a,test,분식,T2 동의어,q_분식_05,만두집,음식점 중 '분식'을 판매·제공하는 매장,ae7f51ec-722f-4c96-b9aa-7cdd58cc3616,만두와찐빵,만두,이동 골목형상점가,골목형상점가,경기도,3.0,3.0,,,RESOLVED_AGREEMENT,False,3,,,,
164d92b23c535c23449b,test,분식,T2 동의어,q_분식_05,만두집,음식점 중 '분식'을 판매·제공하는 매장,571474ed-6214-45f9-b9e0-197221def111,만두라,만두,백년소상공인,기타,서울특별시,3.0,3.0,,,RESOLVED_AGREEMENT,False,3,,,,
7670b1dbd740f5421388,test,분식,T2 동의어,q_분식_05,만두집,음식점 중 '분식'을 판매·제공하는 매장,aa67f4c3-219e-4011-a5e9-d1bab54b6820,김여사 만두,만두,맹동혁신골목형상점가,골목형상점가,충청북도,3.0,3.0,,,RESOLVED_AGREEMENT,False,3,,,,
b9da6ee800c44816742c,test,분식,T2 동의어,q_분식_05,만두집,음식점 중 '분식'을 판매·제공하는 매장,438010ed-dc20-4ed7-a10e-6ffc74dfc653,빙화만두집,음식(분식),산본로데오거리(구 산본중심상가),자율상권구역,경기도,2.0,3.0,,,P2_GRADED_ONLY,True,,,,,
67d08366d8709dd8fe05,test,분식,T2 동의어,q_분식_05,만두집,음식점 중 '분식'을 판매·제공하는 매장,64e5c998-9146-41c6-8bd6-8750f32ad3ca,영선만두,만두,칠성본시장,전통시장,대구광역시,3.0,3.0,,,RESOLVED_AGREEMENT,False,3,,,,
22c87969aba7957014cc,test,분식,T2 동의어,q_분식_05,만두집,음식점 중 '분식'을 판매·제공하는 매장,00ec6d6a-b0c1-4662-b17f-9c9f059a4bcd,백암서울순대국,순대국,강서구청먹자골목골목형상점가,골목형상점가,서울특별시,2.0,3.0,,,P2_GRADED_ONLY,True,,,,,
c40da45c7f188c524839,test,분식,T2 동의어,q_분식_05,만두집,음식점 중 '분식'을 판매·제공하는 매장,4984470e-4501-4e34-91b3-7a153e6674d7,울 만두,한식,문정동로데오상점가,자율상권구역,서울특별시,2.0,3.0,,,P2_GRADED_ONLY,True,,,,,
2bc8a6bf75a0f4feb73e,test,분식,T2 동의어,q_분식_05,만두집,음식점 중 '분식'을 판매·제공하는 매장,001bda4f-046f-44c5-b084-8de630ac405a,김밥윤,김밥 등,보람동 골목형상점가,골목형상점가,세종특별자치시,2.0,3.0,,,P2_GRADED_ONLY,True,,,,,
fe19a5c6c86da34bee0a,test,분식,T2 동의어,q_분식_05,만두집,음식점 중 '분식'을 판매·제공하는 매장,456f33f9-972a-4262-8555-d88f15671df7,만두뱅크,음식,원주중앙로문화의거리,자율상권구역,강원특별자치도,2.0,3.0,,,P2_GRADED_ONLY,True,,,,,
1b59496bda336ccdfb08,test,분식,T2 동의어,q_분식_05,만두집,음식점 중 '분식'을 판매·제공하는 매장,045215f0-9db0-4054-8c69-702841941f01,문토스트용호점,카페토스트,용호1동골목시장,전통시장,부산광역시,2.0,0.0,,,P1_BINARY_THRESHOLD,True,,,,,
cf9b9e012cb3913c044c,test,분식,T2 동의어,q_분식_05,만두집,음식점 중 '분식'을 판매·제공하는 매장,5bf9d347-d388-48ef-9dff-8b5ba8f03603,88푸드,건어물,경산공설시장,전통시장,경상북도,0.0,0.0,,,RESOLVED_AGREEMENT,False,0,,,,
f7114e32ea0e28b870f0,test,분식,T2 동의어,q_분식_05,만두집,음식점 중 '분식'을 판매·제공하는 매장,06a2e1ce-3b99-4e0f-88de-bc4e31d9f439,짱만두,만두,행복상점가,자율상권구역,경상북도,3.0,3.0,,,RESOLVED_AGREEMENT,False,3,,,,
07494402070e7e61cbad,test,분식,T2 동의어,q_분식_05,만두집,음식점 중 '분식'을 판매·제공하는 매장,00e30e6c-dde0-49cd-9e3e-95465aa4247e,동해분식,분식,서남신시장,전통시장,대구광역시,2.0,3.0,,,P2_GRADED_ONLY,True,,,,,
9f3b3cc72068195be646,test,분식,T2 동의어,q_분식_05,만두집,음식점 중 '분식'을 판매·제공하는 매장,fcb3909b-e9bd-478b-8550-a61e0d1d83a6,"소문난집(찐빵,만두)","찐빵, 만두",비아도천 골목형상점가,골목형상점가,광주광역시,3.0,3.0,,,RESOLVED_AGREEMENT,False,3,,,,
256d4f14eb86af6c584e,test,분식,T2 동의어,q_분식_05,만두집,음식점 중 '분식'을 판매·제공하는 매장,71ca8024-7882-4918-bae4-191c43bd2fae,주미용실,,문산자유시장,전통시장,경기도,0.0,0.0,,,RESOLVED_AGREEMENT,False,0,,,,
d769f39aed86a70626f2,test,분식,T2 동의어,q_분식_05,만두집,음식점 중 '분식'을 판매·제공하는 매장,977f2506-a8db-414e-a72e-1fd1bd47b581,박순자 녹두집,수제비,대인동예술담길 골목형상점가,골목형상점가,광주광역시,0.0,2.0,,,P1_BINARY_THRESHOLD,True,,,,,
8ee17463792b1d6dd63b,test,분식,T2 동의어,q_분식_05,만두집,음식점 중 '분식'을 판매·제공하는 매장,b712f7b9-8286-4f31-897b-90e9c75b08da,만두마당,만두,금산금빛시장(금산시장),전통시장,충청남도,3.0,3.0,,,RESOLVED_AGREEMENT,False,3,,,,
57d13b9a2549751c0dc4,test,분식,T2 동의어,q_분식_05,만두집,음식점 중 '분식'을 판매·제공하는 매장,00b5a007-bb8d-47db-963d-ccc7e93c25ac,장호덕 손만두 백석점,만두,백석한들1번가 골목형상점가,골목형상점가,충청남도,3.0,3.0,,,RESOLVED_AGREEMENT,False,3,,,,
bc996fa9edff849bd0b6,test,분식,T2 동의어,q_분식_05,만두집,음식점 중 '분식'을 판매·제공하는 매장,015915e3-2542-4245-b627-0c775b4c5501,한내떡집,,거제 고현시장,전통시장,경상남도,1.0,0.0,,,P2_GRADED_ONLY,True,,,,,
15a05927c5bfd4113698,test,분식,T2 동의어,q_분식_05,만두집,음식점 중 '분식'을 판매·제공하는 매장,82280989-efaf-4556-b672-d13da23b8ed3,두두집,,정이있는 구포시장,전통시장,부산광역시,,0.0,Y,,P0_UNCERTAIN_OR_MISSING,True,,,,,
090c36f8536cbdbe0999,test,분식,T2 동의어,q_분식_05,만두집,음식점 중 '분식'을 판매·제공하는 매장,5ed17e15-701d-4757-a148-4d7cf6e7b74c,만두향,분식,동원전통시장상점가,자율상권구역,서울특별시,2.0,3.0,,,P2_GRADED_ONLY,True,,,,,
74c44e773d0854539863,test,분식,T2 동의어,q_분식_05,만두집,음식점 중 '분식'을 판매·제공하는 매장,00719699-eb0c-4473-bda9-7a16eace345e,봉식이옛날왕만두,만두,삼익 골목형상점가,골목형상점가,서울특별시,3.0,3.0,,,RESOLVED_AGREEMENT,False,3,,,,
7514f2e175d37e78558d,test,분식,T2 동의어,q_분식_05,만두집,음식점 중 '분식'을 판매·제공하는 매장,35a61a9a-3ed2-4530-af94-1e432bf19307,만두먹고 찐빵먹고,만두,여수서시장주변시장,전통시장,전라남도,3.0,3.0,,,RESOLVED_AGREEMENT,False,3,,,,
fecd53b8864b1e050086,test,분식,T2 동의어,q_분식_05,만두집,음식점 중 '분식'을 판매·제공하는 매장,00e34fb5-e7d3-43aa-b574-400ee31abae5,은혜만두,만두,북동 골목형상점가,골목형상점가,광주광역시,3.0,3.0,,,RESOLVED_AGREEMENT,False,3,,,,
02962ce94c79bb9fb8cb,test,분식,T2 동의어,q_분식_05,만두집,음식점 중 '분식'을 판매·제공하는 매장,382cc567-e02e-48b1-8e0c-a8f06685b6ae,봄자싸롱,음식,비래동골목형상점가,골목형상점가,대전광역시,0.0,0.0,,,RESOLVED_AGREEMENT,False,0,,,,
f83fcdc06a506146ca7d,test,분식,T2 동의어,q_분식_05,만두집,음식점 중 '분식'을 판매·제공하는 매장,f60e0a79-010a-4866-92d0-c3f69443dcf6,"속많이 만두,빵","만두, 빵",평택통복시장,전통시장,경기도,3.0,3.0,,,RESOLVED_AGREEMENT,False,3,,,,
1bb28b42f9980adee3df,test,분식,T2 동의어,q_분식_05,만두집,음식점 중 '분식'을 판매·제공하는 매장,6147b1d1-9240-417c-9c32-58446a0a1696,영만두,만두,복대시장,전통시장,충청북도,3.0,3.0,,,RESOLVED_AGREEMENT,False,3,,,,
f77279819e28cc761709,test,분식,T2 동의어,q_분식_05,만두집,음식점 중 '분식'을 판매·제공하는 매장,b68c105d-fd16-4a58-9349-89e8342795d9,화실만두,만두,원주자유시장,전통시장,강원특별자치도,3.0,3.0,,,RESOLVED_AGREEMENT,False,3,,,,
b48c067578b8eb44e2b3,test,분식,T2 동의어,q_분식_05,만두집,음식점 중 '분식'을 판매·제공하는 매장,02f03161-3a15-416f-bdd6-8ad5bd17781d,시골참순대,,관저동 먹자골목 골목형상점가,골목형상점가,대전광역시,2.0,3.0,,,P2_GRADED_ONLY,True,,,,,
8f8cbfedc12a97414a98,test,분식,T2 동의어,q_분식_05,만두집,음식점 중 '분식'을 판매·제공하는 매장,1b0032f6-1cc3-4466-ba1f-2fc85261315c,복만두,만두,도마큰시장,전통시장,대전광역시,3.0,3.0,,,RESOLVED_AGREEMENT,False,3,,,,
320e7277a9e17d643a7b,test,분식,T2 동의어,q_분식_05,만두집,음식점 중 '분식'을 판매·제공하는 매장,efb9495c-d324-4eed-b77e-3ba87b25a21f,만두나라,만두,박달시장,전통시장,경기도,3.0,3.0,,,RESOLVED_AGREEMENT,False,3,,,,
ad4d5da01a870fa3a2b9,test,분식,T2 동의어,q_분식_05,만두집,음식점 중 '분식'을 판매·제공하는 매장,355c0cb7-619d-4010-aa01-f3151a37852c,꿀꿀이식당,국밥,범어식주가무명인골목 골목형상점가,골목형상점가,대구광역시,0.0,1.0,,,P2_GRADED_ONLY,True,,,,,
67955804dd57ef6d1879,test,분식,T2 동의어,q_분식_05,만두집,음식점 중 '분식'을 판매·제공하는 매장,6fc18b68-c121-428b-bc86-c8b4218c5a5a,불티나만두집,분식,한민시장,전통시장,대전광역시,2.0,3.0,,,P2_GRADED_ONLY,True,,,,,
a70ecd637eba53b7f3de,test,분식,T2 동의어,q_분식_05,만두집,음식점 중 '분식'을 판매·제공하는 매장,1293331e-0946-4848-abc1-712e344a2dc0,만두청년,만두,구리전통시장,전통시장,경기도,3.0,3.0,,,RESOLVED_AGREEMENT,False,3,,,,
25746225434d3c10ac42,test,분식,T2 동의어,q_분식_05,만두집,음식점 중 '분식'을 판매·제공하는 매장,0075dacf-3e3f-47b8-a4af-d3a2ff866348,북툰커피앤카페,찐빵 만두 커피,신창진흥 골목형상점가,골목형상점가,광주광역시,3.0,3.0,,,RESOLVED_AGREEMENT,False,3,,,,
3dae2340983a42f82888,test,분식,T2 동의어,q_분식_05,만두집,음식점 중 '분식'을 판매·제공하는 매장,00e9517a-1887-4acf-b072-10c7cadf9512,불닭발 땡초 동대문 엽기 떡볶이,분식,유엔남구 대학로 상권,,부산광역시,2.0,3.0,,,P2_GRADED_ONLY,True,,,,,
598da6ad0e501de7f90b,test,분식,T2 동의어,q_분식_05,만두집,음식점 중 '분식'을 판매·제공하는 매장,d29cd065-e326-430d-953e-fb891fb4ea82,만두장성,만두,공릉동도깨비시장,전통시장,서울특별시,3.0,3.0,,,RESOLVED_AGREEMENT,False,3,,,,
e5848f997dffb20255a1,test,분식,T2 동의어,q_분식_05,만두집,음식점 중 '분식'을 판매·제공하는 매장,57297573-c256-4bf6-b428-8ac2e3536ab9,갓튀긴후라이드 울산무거점,,울산대바보사거리 골목형상점가,골목형상점가,울산광역시,0.0,0.0,,,RESOLVED_AGREEMENT,False,0,,,,
58448be5856489f5b9b6,test,분식,T2 동의어,q_분식_05,만두집,음식점 중 '분식'을 판매·제공하는 매장,9c45ac41-323f-44cd-8901-7b4f9793b583,이석만두,만두,가수원상점가,자율상권구역,대전광역시,3.0,3.0,,,RESOLVED_AGREEMENT,False,3,,,,
f790b0614fefaea4d6fa,test,분식,T2 동의어,q_분식_05,만두집,음식점 중 '분식'을 판매·제공하는 매장,008594db-d86c-4014-bf5c-16f6cd40402d,와글와글봄소풍,김밥,다사역 골목형상점가,골목형상점가,대구광역시,2.0,3.0,,,P2_GRADED_ONLY,True,,,,,
2fc015195c30de3989e3,test,분식,T2 동의어,q_분식_05,만두집,음식점 중 '분식'을 판매·제공하는 매장,1fd43d34-2537-457b-817f-3e6bb73637f6,통만두집,일반음식,여수진남상가,자율상권구역,전라남도,2.0,3.0,,,P2_GRADED_ONLY,True,,,,,
d68f2159e216934a5662,test,분식,T2 동의어,q_분식_05,만두집,음식점 중 '분식'을 판매·제공하는 매장,4d2a1f31-508c-47a3-a97e-ebe7d01f06fa,만두향,한식,강북북부골목시장 골목형상점가,골목형상점가,서울특별시,2.0,3.0,,,P2_GRADED_ONLY,True,,,,,
e760e6371ce7ed8ae84e,test,분식,T2 동의어,q_분식_05,만두집,음식점 중 '분식'을 판매·제공하는 매장,0b8ef6dc-2f6b-4707-bd73-529122d9c97a,하단떡집,떡집,하단오일상설시장,전통시장,부산광역시,1.0,0.0,,,P2_GRADED_ONLY,True,,,,,
22f101157ada7216e725,test,분식,T2 동의어,q_분식_05,만두집,음식점 중 '분식'을 판매·제공하는 매장,9e0359dd-9273-45e4-81f8-1a13e80d9006,모모만두,만두,화서시장,전통시장,경기도,3.0,3.0,,,RESOLVED_AGREEMENT,False,3,,,,
8d4b12a1db8a23b65b83,test,분식,T2 동의어,q_분식_05,만두집,음식점 중 '분식'을 판매·제공하는 매장,13df0160-b540-49b3-a9bf-6747e4db86c0,만두쟁이의 하루,만두,봉덕신시장,전통시장,대구광역시,3.0,3.0,,,RESOLVED_AGREEMENT,False,3,,,,
f863c8ea52a40a1b3b2d,test,분식,T2 동의어,q_분식_05,만두집,음식점 중 '분식'을 판매·제공하는 매장,2613f2dc-65bb-4746-b383-dfba0ce85bae,옥연만두,만두,청주사창시장,전통시장,충청북도,3.0,3.0,,,RESOLVED_AGREEMENT,False,3,,,,
dea802113f2af2609d85,test,분식,T2 동의어,q_분식_05,만두집,음식점 중 '분식'을 판매·제공하는 매장,8d10d3b6-2dad-4572-8752-f523a8471dad,오빠만두,만두,양주옥정호수공원상점가,골목형상점가,경기도,3.0,3.0,,,RESOLVED_AGREEMENT,False,3,,,,
a1fdd38c98684ef22ce6,test,분식,T2 동의어,q_분식_05,만두집,음식점 중 '분식'을 판매·제공하는 매장,bdcc030f-a6d3-42cb-9a1d-7333994eee27,만두명가,,동문동 골목형상점가,골목형상점가,충청남도,3.0,3.0,,,RESOLVED_AGREEMENT,False,3,,,,
1d5a8b7fcc3a62e8ad27,test,분식,T2 동의어,q_분식_05,만두집,음식점 중 '분식'을 판매·제공하는 매장,3ff65f10-3c1c-4f65-acaf-3521fc073fd8,만두야만두,한식,엄사 골목형상점가,골목형상점가,충청남도,2.0,3.0,,,P2_GRADED_ONLY,True,,,,,
a40790f74ea65815f78b,test,분식,T2 동의어,q_분식_05,만두집,음식점 중 '분식'을 판매·제공하는 매장,c07afe1a-b25c-4a3a-9ecd-6cab37a7a80b,부두집,쭈꾸미,선화동 골목형상점가,골목형상점가,대전광역시,0.0,0.0,,,RESOLVED_AGREEMENT,False,0,,,,
9192781963f5d9edfd78,test,분식,T2 동의어,q_분식_05,만두집,음식점 중 '분식'을 판매·제공하는 매장,04a91b86-3405-4f8d-b0b8-eac86f3907c4,연지동토스트,커피토스트,연지시장,전통시장,부산광역시,2.0,0.0,,,P1_BINARY_THRESHOLD,True,,,,,
e6c6b5c92520e14a368a,test,분식,T2 동의어,q_분식_05,만두집,음식점 중 '분식'을 판매·제공하는 매장,7a934506-5caa-4ff3-92be-c8f37162e514,타향만두집,중식,대림중앙시장,전통시장,서울특별시,2.0,3.0,,,P2_GRADED_ONLY,True,,,,,
5e4c4755b6cb290ec890,test,분식,T2 동의어,q_분식_05,만두집,음식점 중 '분식'을 판매·제공하는 매장,9f32988e-c732-4b7b-a9b0-9c03a8ead883,화정만두,만두,화삼골상인회 골목형상점가,골목형상점가,광주광역시,3.0,3.0,,,RESOLVED_AGREEMENT,False,3,,,,
a18d87e8868821a91136,test,분식,T2 동의어,q_분식_05,만두집,음식점 중 '분식'을 판매·제공하는 매장,00ca89c2-42a8-432d-ba4b-5abd23c18ab0,계란밥,계란밥분식,시청역상가번영회 골목형상점가,골목형상점가,광주광역시,2.0,3.0,,,P2_GRADED_ONLY,True,,,,,
c92493bb57c83fdfdcba,test,분식,T2 동의어,q_분식_05,만두집,음식점 중 '분식'을 판매·제공하는 매장,35b9e8da-b8a6-4851-baf6-2de676c05300,덕보만두,만두,신산격종합시장 골목형상점가,골목형상점가,대구광역시,3.0,3.0,,,RESOLVED_AGREEMENT,False,3,,,,
c2c3d5baa78addd1732a,test,분식,T2 동의어,q_분식_05,만두집,음식점 중 '분식'을 판매·제공하는 매장,005313c8-dce8-49b6-9841-9143ebb1305a,동원떡집,,박달시장,전통시장,경기도,1.0,0.0,,,P2_GRADED_ONLY,True,,,,,
aad7d3cbac02439edf76,test,분식,T2 동의어,q_분식_05,만두집,음식점 중 '분식'을 판매·제공하는 매장,e22d5aa1-5309-49c0-b0ab-e0f5ce748b9b,코펜하겐,홍차,송도 아트포레 판매시설 골목형상점가,골목형상점가,인천광역시,0.0,0.0,,,RESOLVED_AGREEMENT,False,0,,,,
3e2b32bdd4acdc52172e,test,분식,T2 동의어,q_분식_05,만두집,음식점 중 '분식'을 판매·제공하는 매장,d483c4a5-fe54-4b04-b3bf-9e6ad2ffdd04,핸두,만두,효천로 골목형상점가,골목형상점가,광주광역시,3.0,3.0,,,RESOLVED_AGREEMENT,False,3,,,,
6f769837f48f446f3cdb,test,분식,T2 동의어,q_분식_05,만두집,음식점 중 '분식'을 판매·제공하는 매장,001cb3d4-5441-4963-b517-d5b3904ee312,현창떡집,떡집,목포동부시장,전통시장,전라남도,1.0,0.0,,,P2_GRADED_ONLY,True,,,,,
1aef9b556001bedb1a8e,test,분식,T2 동의어,q_분식_05,만두집,음식점 중 '분식'을 판매·제공하는 매장,00783b5c-54fd-42fc-8bcf-1ea7fce865d5,쫀득분식,분식,임방울거리3구역 골목형상점가,골목형상점가,광주광역시,2.0,3.0,,,P2_GRADED_ONLY,True,,,,,
31f43f3d82e3617006c9,test,분식,T2 동의어,q_분식_05,만두집,음식점 중 '분식'을 판매·제공하는 매장,007d6b63-4e47-47fa-aaa5-6d0b5cc7280b,도토리김밥계룡엄사점,분식,엄사 골목형상점가,골목형상점가,충청남도,2.0,3.0,,,P2_GRADED_ONLY,True,,,,,
1ebca740bb271c1b81a2,test,분식,T2 동의어,q_분식_05,만두집,음식점 중 '분식'을 판매·제공하는 매장,cadd5f0a-1af2-493b-865f-028cfdeeb66c,새우꼬랑지가 보이는 만두집,만두,양산 덕계종합상설시장,전통시장,경상남도,3.0,3.0,,,RESOLVED_AGREEMENT,False,3,,,,
364977342b9abaa03a21,test,분식,T2 동의어,q_분식_05,만두집,음식점 중 '분식'을 판매·제공하는 매장,0a891050-80f2-4423-a5a4-fbd505f1e519,이삭토스트 대전테크노밸리점,토스트,테크노밸리 골목형상점가,골목형상점가,대전광역시,2.0,0.0,,,P1_BINARY_THRESHOLD,True,,,,,
c09868095887c0b230c6,test,분식,T2 동의어,q_분식_05,만두집,음식점 중 '분식'을 판매·제공하는 매장,5db2393c-54a9-4e60-99dc-a3f9fe8303a7,한끼만두,만두,신도봉시장,전통시장,서울특별시,3.0,3.0,,,RESOLVED_AGREEMENT,False,3,,,,
a2395965ebeeaeeaef9e,test,분식,T2 동의어,q_분식_05,만두집,음식점 중 '분식'을 판매·제공하는 매장,0239c4e7-2ae3-4f29-8952-19c6d9d1d9a9,세번째집,순대국밥,성환이화시장,전통시장,충청남도,2.0,3.0,,,P2_GRADED_ONLY,True,,,,,
d6e1b760d23ae5f441cd,test,분식,T2 동의어,q_분식_05,만두집,음식점 중 '분식'을 판매·제공하는 매장,be81d247-2f6e-4668-9231-3123bfc315a7,임계만두,만두,동쪽바다중앙시장(구 동해중앙시장),전통시장,강원특별자치도,3.0,3.0,,,RESOLVED_AGREEMENT,False,3,,,,
5580c0653db9eb29c643,test,분식,T2 동의어,q_분식_05,만두집,음식점 중 '분식'을 판매·제공하는 매장,0018c143-a8bd-4461-a8ae-ee348edfad7a,김가네의정부중앙역점,김밥 분식 식사등,의정부시 구도심 상권활성화구역,상권활성화구역,경기도,2.0,3.0,,,P2_GRADED_ONLY,True,,,,,
42a7a0ccd8dfd4b8fe69,test,분식,T2 동의어,q_분식_05,만두집,음식점 중 '분식'을 판매·제공하는 매장,fdfe5543-5694-4c18-96ed-5304f870e60f,만두박사,분식,제천시 원도심 상권활성화구역,상권활성화구역,충청북도,2.0,3.0,,,P2_GRADED_ONLY,True,,,,,
a3e2a89ec6329fa40206,test,분식,T2 동의어,q_분식_05,만두집,음식점 중 '분식'을 판매·제공하는 매장,0012a3b4-64a1-440c-a76e-f2be12a2f086,튀김집,분식,두암시장주변 골목형상점가,골목형상점가,광주광역시,2.0,3.0,,,P2_GRADED_ONLY,True,,,,,
4bfc82bc7de67ff51096,test,분식,T2 동의어,q_분식_05,만두집,음식점 중 '분식'을 판매·제공하는 매장,064d899b-c65a-4b75-9a15-9ca1eaf707f4,이삭토스트,토스트 등,매탄중심상가 골목형상점가,골목형상점가,경기도,2.0,0.0,,,P1_BINARY_THRESHOLD,True,,,,,
b199f90ec3bb737fda15,test,분식,T2 동의어,q_분식_05,만두집,음식점 중 '분식'을 판매·제공하는 매장,e435c545-6c35-4ec1-a325-8dcd9fa3a504,현아네 만두,만두,충주자유시장,전통시장,충청북도,3.0,3.0,,,RESOLVED_AGREEMENT,False,3,,,,
f5084b3ba84fc3bf7361,test,분식,T2 동의어,q_분식_05,만두집,음식점 중 '분식'을 판매·제공하는 매장,00b5a60c-c548-4ac2-8259-9bb788c0fc58,까치김밥,김밥식사류,신림별빛거리골목형상점가,골목형상점가,서울특별시,2.0,3.0,,,P2_GRADED_ONLY,True,,,,,
85902cb7ee5aab4c23a2,test,분식,T2 동의어,q_분식_05,만두집,음식점 중 '분식'을 판매·제공하는 매장,024c1f10-1fe0-4be3-8bde-6465f5cd8c43,오늘은 떡볶이,"떡볶이, 튀김, 순대 등",석촌시장,전통시장,서울특별시,2.0,3.0,,,P2_GRADED_ONLY,True,,,,,
e6dedeb92fdb1ed7fdff,test,분식,T2 동의어,q_분식_05,만두집,음식점 중 '분식'을 판매·제공하는 매장,016f68a3-c16f-467c-af96-22466baf3a6a,쉬즈베이글,토스트,읍내리 원도심 골목형상점가,골목형상점가,전라남도,2.0,0.0,,,P1_BINARY_THRESHOLD,True,,,,,
01172ce7eec02cc35e99,test,분식,T2 동의어,q_분식_05,만두집,음식점 중 '분식'을 판매·제공하는 매장,93815ca3-9608-43cf-89d9-ee309fa3a2a7,옥전만두국집,만두국,동문시장,전통시장,충청북도,3.0,3.0,,,RESOLVED_AGREEMENT,False,3,,,,
aa5a82de260d3a2c64b1,test,분식,T2 동의어,q_분식_05,만두집,음식점 중 '분식'을 판매·제공하는 매장,72daf2fb-92c9-441a-9afc-1ded42c577a6,만두쟁이,만두,"온양온천시장(온양재래시장, 전통시장)",전통시장,충청남도,3.0,3.0,,,RESOLVED_AGREEMENT,False,3,,,,
8227a48a3b1c8f1dcb64,test,분식,T2 동의어,q_분식_05,만두집,음식점 중 '분식'을 판매·제공하는 매장,04b03558-95d1-4a0e-a9e2-9a9e72bdadb2,배가찐왕만두,만두,문흥2동 골목형상점가,골목형상점가,광주광역시,3.0,3.0,,,RESOLVED_AGREEMENT,False,3,,,,
4d4d004e891e4c0c7a44,test,분식,T2 동의어,q_분식_05,만두집,음식점 중 '분식'을 판매·제공하는 매장,2e343660-4718-4d0f-8e0b-a965a0959004,영신젓갈,젓갈,속초종합중앙시장,전통시장,강원특별자치도,0.0,0.0,,,RESOLVED_AGREEMENT,False,0,,,,
ab2d18136b67c7e8314e,test,분식,T2 동의어,q_분식_05,만두집,음식점 중 '분식'을 판매·제공하는 매장,1c1864aa-b052-4d45-8943-be4108ca4f89,만두먹고찐빵먹고,만두,광양5일시장,전통시장,전라남도,3.0,3.0,,,RESOLVED_AGREEMENT,False,3,,,,
5c79c7e209558af6c288,test,분식,T2 동의어,q_분식_05,만두집,음식점 중 '분식'을 판매·제공하는 매장,4bb8247c-61c6-4bdc-b25a-14b543943a00,"반찬아,만두야!",만두,홍천시장(홍천구시장),전통시장,강원특별자치도,3.0,3.0,,,RESOLVED_AGREEMENT,False,3,,,,
17ebdd5c33b296535c5b,test,분식,T2 동의어,q_분식_05,만두집,음식점 중 '분식'을 판매·제공하는 매장,e58bb526-8938-4ead-8609-e56a6f1c95b0,만두마당,만두,금산금빛시장(금산시장),전통시장,충청남도,3.0,3.0,,,RESOLVED_AGREEMENT,False,3,,,,
216176fdaabc2adaa379,test,분식,T2 동의어,q_분식_06,분식집,음식점 중 '분식'을 판매·제공하는 매장,a70ae85b-0454-462c-8db3-bbd7766afdee,다닐목,분식,대산종합시장,전통시장,충청남도,3.0,3.0,,,RESOLVED_AGREEMENT,False,3,,,,
94a38b067f696559513d,test,분식,T2 동의어,q_분식_06,분식집,음식점 중 '분식'을 판매·제공하는 매장,24fcc920-7b8f-45d5-9882-c50479c61982,우정집,분식,원주자유시장,전통시장,강원특별자치도,3.0,3.0,,,RESOLVED_AGREEMENT,False,3,,,,
f0ba6b355c1a93df1655,test,분식,T2 동의어,q_분식_06,분식집,음식점 중 '분식'을 판매·제공하는 매장,7c868081-65db-4620-8975-474a6a28db74,분식은내운명,분식,명지국제 골목형상점가,골목형상점가,부산광역시,3.0,3.0,,,RESOLVED_AGREEMENT,False,3,,,,
801bab38dc0f3a6dcb4e,test,분식,T2 동의어,q_분식_06,분식집,음식점 중 '분식'을 판매·제공하는 매장,58507418-7577-4895-b49e-3b4ab6ba501c,스시오,일식집,수원역로데오거리상점가(매산로테마거리),자율상권구역,경기도,0.0,0.0,,,RESOLVED_AGREEMENT,False,0,,,,
7a0f468ce2a4ac87a22c,test,분식,T2 동의어,q_분식_06,분식집,음식점 중 '분식'을 판매·제공하는 매장,0011cf6d-567e-4c3b-b113-363daa11212a,김밥먹고 닭꼬치,,배방상점가,자율상권구역,충청남도,3.0,3.0,,,RESOLVED_AGREEMENT,False,3,,,,
a1dfe9814545373dda8e,test,분식,T2 동의어,q_분식_06,분식집,음식점 중 '분식'을 판매·제공하는 매장,63fe5f1d-f6c6-49f8-82f9-f78f61dad67f,간식집,한식,공주산성시장,전통시장,충청남도,1.0,1.0,,,RESOLVED_AGREEMENT,False,1,,,,
e73f2a99a373535d3791,test,분식,T2 동의어,q_분식_06,분식집,음식점 중 '분식'을 판매·제공하는 매장,005313c8-dce8-49b6-9841-9143ebb1305a,동원떡집,,박달시장,전통시장,경기도,1.0,0.0,,,P2_GRADED_ONLY,True,,,,,
dce2f30caa97a37b1f62,test,분식,T2 동의어,q_분식_06,분식집,음식점 중 '분식'을 판매·제공하는 매장,bfbe0599-5d2c-4f07-9790-d6dff987e424,락뽁기,분식,기린전통시장,전통시장,강원특별자치도,3.0,3.0,,,RESOLVED_AGREEMENT,False,3,,,,
d06121576e2af6777d6f,test,분식,T2 동의어,q_분식_06,분식집,음식점 중 '분식'을 판매·제공하는 매장,00b5a60c-c548-4ac2-8259-9bb788c0fc58,까치김밥,김밥식사류,신림별빛거리골목형상점가,골목형상점가,서울특별시,3.0,3.0,,,RESOLVED_AGREEMENT,False,3,,,,
dcb24434087a699e81ca,test,분식,T2 동의어,q_분식_06,분식집,음식점 중 '분식'을 판매·제공하는 매장,3dbcfc1a-c288-41f4-8889-e707195917db,붕떡붕떡,분식,거북시장,전통시장,인천광역시,3.0,3.0,,,RESOLVED_AGREEMENT,False,3,,,,
856c7339e059d74d89d7,test,분식,T2 동의어,q_분식_06,분식집,음식점 중 '분식'을 판매·제공하는 매장,00e34fb5-e7d3-43aa-b574-400ee31abae5,은혜만두,만두,북동 골목형상점가,골목형상점가,광주광역시,3.0,3.0,,,RESOLVED_AGREEMENT,False,3,,,,
bbf328ac436acd44448e,test,분식,T2 동의어,q_분식_06,분식집,음식점 중 '분식'을 판매·제공하는 매장,de2cdf93-937c-4615-ab37-474c9e033e9f,까동,분식,전남대 상대 골목형상점가,골목형상점가,광주광역시,3.0,3.0,,,RESOLVED_AGREEMENT,False,3,,,,
126804eb61ca7a985644,test,분식,T2 동의어,q_분식_06,분식집,음식점 중 '분식'을 판매·제공하는 매장,39b92297-99c8-441e-8c20-2723ee9621c7,맘분식,분식,미소상인회 골목형상점가,골목형상점가,서울특별시,3.0,3.0,,,RESOLVED_AGREEMENT,False,3,,,,
8803c427b9794451ee8f,test,분식,T2 동의어,q_분식_06,분식집,음식점 중 '분식'을 판매·제공하는 매장,db89eba8-a255-4559-8cd7-57ffeb2af883,떡산,분식,연서시장,전통시장,서울특별시,3.0,3.0,,,RESOLVED_AGREEMENT,False,3,,,,
2a72a68537b5ec177baa,test,분식,T2 동의어,q_분식_06,분식집,음식점 중 '분식'을 판매·제공하는 매장,5f2020b6-aa86-4f18-a592-ab461df6c372,웰츠분식,분식,웰츠타워 골목형상점가,골목형상점가,울산광역시,3.0,3.0,,,RESOLVED_AGREEMENT,False,3,,,,
2d6492474bcf453db4cb,test,분식,T2 동의어,q_분식_06,분식집,음식점 중 '분식'을 판매·제공하는 매장,04a91b86-3405-4f8d-b0b8-eac86f3907c4,연지동토스트,커피토스트,연지시장,전통시장,부산광역시,3.0,0.0,,,P1_BINARY_THRESHOLD,True,,,,,
320ef942d4144f4c15ac,test,분식,T2 동의어,q_분식_06,분식집,음식점 중 '분식'을 판매·제공하는 매장,2d1ed82e-2df0-4410-8510-ccd89594ab49,분식나라,분식,삼호읍 중앙 골목형상점가,골목형상점가,전라남도,3.0,3.0,,,RESOLVED_AGREEMENT,False,3,,,,
eea84d1674a135b99771,test,분식,T2 동의어,q_분식_06,분식집,음식점 중 '분식'을 판매·제공하는 매장,00ca89c2-42a8-432d-ba4b-5abd23c18ab0,계란밥,계란밥분식,시청역상가번영회 골목형상점가,골목형상점가,광주광역시,3.0,3.0,,,RESOLVED_AGREEMENT,False,3,,,,
1a4da6fd1e023cbb8e70,test,분식,T2 동의어,q_분식_06,분식집,음식점 중 '분식'을 판매·제공하는 매장,4feeee14-bdf6-4a37-9268-d8a119c3e182,찐떡,분식,남성역 골목시장,전통시장,서울특별시,3.0,3.0,,,RESOLVED_AGREEMENT,False,3,,,,
b3a204a84deafd50257a,test,분식,T2 동의어,q_분식_06,분식집,음식점 중 '분식'을 판매·제공하는 매장,01853453-69ac-4f55-9cd8-09e40088ab59,가마솥왕만두,만두,울산번개시장,전통시장,울산광역시,3.0,3.0,,,RESOLVED_AGREEMENT,False,3,,,,
27c3a4dd558042b32ffa,test,분식,T2 동의어,q_분식_06,분식집,음식점 중 '분식'을 판매·제공하는 매장,c103aa57-47a3-4bcf-81ae-14aacd518ffe,이모집,분식,중앙상가시장,전통시장,대전광역시,3.0,3.0,,,RESOLVED_AGREEMENT,False,3,,,,
001049e8f433d22419b7,test,분식,T2 동의어,q_분식_06,분식집,음식점 중 '분식'을 판매·제공하는 매장,3c01a915-f385-4618-b86f-3d5de8f3b56f,분식킹,분식치킨,성덕중사거리,골목형상점가,광주광역시,3.0,3.0,,,RESOLVED_AGREEMENT,False,3,,,,
03bd97256cb6dd0c61b8,test,분식,T2 동의어,q_분식_06,분식집,음식점 중 '분식'을 판매·제공하는 매장,a7668254-80a7-4e94-a98b-00eb57b83320,물음표분식집,분식,용현시장,전통시장,인천광역시,3.0,3.0,,,RESOLVED_AGREEMENT,False,3,,,,
1aa0555f5d2fd366927e,test,분식,T2 동의어,q_분식_06,분식집,음식점 중 '분식'을 판매·제공하는 매장,65e7294c-9af7-46f1-9701-b142e9f7dadf,분식나라,분식,공주산성시장,전통시장,충청남도,3.0,3.0,,,RESOLVED_AGREEMENT,False,3,,,,
5d32520a3a865c9f61ba,test,분식,T2 동의어,q_분식_06,분식집,음식점 중 '분식'을 판매·제공하는 매장,fb0dffaa-b927-47f4-8b89-6a3ecbb1ee70,오헤어,,안흥초교 사거리 골목형상점가,골목형상점가,경기도,0.0,0.0,,,RESOLVED_AGREEMENT,False,0,,,,
0763b4445410339fdace,test,분식,T2 동의어,q_분식_06,분식집,음식점 중 '분식'을 판매·제공하는 매장,f36d1f03-ca2b-4f3d-aeb3-e2e2f26c4b28,낙원떡집,떡,둔촌역전통시장,전통시장,서울특별시,1.0,0.0,,,P2_GRADED_ONLY,True,,,,,
4206ace7e92cb3f0f7a2,test,분식,T2 동의어,q_분식_06,분식집,음식점 중 '분식'을 판매·제공하는 매장,757fb664-f5cc-446e-824a-898ab8a487bb,명동귀금속도매센터,귀금속,전통중앙도매상가,전통시장,대전광역시,0.0,0.0,,,RESOLVED_AGREEMENT,False,0,,,,
93f4f35e8bb57cdff4f9,test,분식,T2 동의어,q_분식_06,분식집,음식점 중 '분식'을 판매·제공하는 매장,00b5a007-bb8d-47db-963d-ccc7e93c25ac,장호덕 손만두 백석점,만두,백석한들1번가 골목형상점가,골목형상점가,충청남도,3.0,3.0,,,RESOLVED_AGREEMENT,False,3,,,,
7e786d24770aae0dc0d6,test,분식,T2 동의어,q_분식_06,분식집,음식점 중 '분식'을 판매·제공하는 매장,0b8ef6dc-2f6b-4707-bd73-529122d9c97a,하단떡집,떡집,하단오일상설시장,전통시장,부산광역시,1.0,0.0,,,P2_GRADED_ONLY,True,,,,,
e4b48d78036e5866946f,test,분식,T2 동의어,q_분식_06,분식집,음식점 중 '분식'을 판매·제공하는 매장,b96a3e14-b352-4936-b6c8-c30169fec54f,동미네 분식집,분식,광탄전통시장,전통시장,경기도,3.0,3.0,,,RESOLVED_AGREEMENT,False,3,,,,
cdb089e5dc5bb79d6a3d,test,분식,T2 동의어,q_분식_06,분식집,음식점 중 '분식'을 판매·제공하는 매장,cf82f373-6244-4a20-9da1-80008e63b3e9,분식방위대,,소촌골 골목형상점가,골목형상점가,,3.0,3.0,,,RESOLVED_AGREEMENT,False,3,,,,
6edc91c46acf454baee8,test,분식,T2 동의어,q_분식_06,분식집,음식점 중 '분식'을 판매·제공하는 매장,65c06f56-f1ac-4edf-8762-17cefd430713,학!땡분식,분식,양지중앙 골목형상점가,골목형상점가,경기도,3.0,3.0,,,RESOLVED_AGREEMENT,False,3,,,,
bd3f8d2a7f58607ef658,test,분식,T2 동의어,q_분식_06,분식집,음식점 중 '분식'을 판매·제공하는 매장,831a66d0-e48c-4914-b91f-da5783c1220d,떡반집,분식,은행동상점가(구 으능정이상점가),자율상권구역,대전광역시,3.0,3.0,,,RESOLVED_AGREEMENT,False,3,,,,
28118249183f713a9741,test,분식,T2 동의어,q_분식_06,분식집,음식점 중 '분식'을 판매·제공하는 매장,a7097fec-1457-4493-88b8-5330c026d8f8,초가집,분식,진해중앙시장,전통시장,경상남도,3.0,3.0,,,RESOLVED_AGREEMENT,False,3,,,,
dbb4482352b3cdd666f7,test,분식,T2 동의어,q_분식_06,분식집,음식점 중 '분식'을 판매·제공하는 매장,cf6335ca-0afa-4f47-8aa2-d00a1546f83e,오늘도 분식,분식,갑천호수 골목형상점가,골목형상점가,대전광역시,3.0,3.0,,,RESOLVED_AGREEMENT,False,3,,,,
5b099203d03b0972bb15,test,분식,T2 동의어,q_분식_06,분식집,음식점 중 '분식'을 판매·제공하는 매장,4e65eded-139b-422b-a408-8671c0ba9b6c,대발이 분식,분식,동서시장,전통시장,대구광역시,3.0,3.0,,,RESOLVED_AGREEMENT,False,3,,,,
2d618426d002c97219b8,test,분식,T2 동의어,q_분식_06,분식집,음식점 중 '분식'을 판매·제공하는 매장,93421838-6964-49c2-8723-8017fca415ab,맛있는 분식집,,구리전통시장,전통시장,경기도,3.0,3.0,,,RESOLVED_AGREEMENT,False,3,,,,
5ecd2399906992c10352,test,분식,T2 동의어,q_분식_06,분식집,음식점 중 '분식'을 판매·제공하는 매장,33855c72-8b08-4ce1-94ab-8b5fb8e5a6e3,왕대박분식집밥,,동광주 골목형상점가,골목형상점가,,3.0,3.0,,,RESOLVED_AGREEMENT,False,3,,,,
9221998e26b530d2ec1f,test,분식,T2 동의어,q_분식_06,분식집,음식점 중 '분식'을 판매·제공하는 매장,60226811-ef9d-481d-91ff-e75d998d0ea1,심향,분식,충주관아골상가,전통시장,충청북도,3.0,3.0,,,RESOLVED_AGREEMENT,False,3,,,,
0fe42a580b2539bc53ae,test,분식,T2 동의어,q_분식_06,분식집,음식점 중 '분식'을 판매·제공하는 매장,001cb3d4-5441-4963-b517-d5b3904ee312,현창떡집,떡집,목포동부시장,전통시장,전라남도,1.0,0.0,,,P2_GRADED_ONLY,True,,,,,
afc9f2960dde6760765a,test,분식,T2 동의어,q_분식_06,분식집,음식점 중 '분식'을 판매·제공하는 매장,1530eb35-e814-4a44-b92a-331fdc85dbd6,분식나라,분식,인천산업유통센터,전통시장,인천광역시,3.0,3.0,,,RESOLVED_AGREEMENT,False,3,,,,
74b8786abdb336d733ab,test,분식,T2 동의어,q_분식_06,분식집,음식점 중 '분식'을 판매·제공하는 매장,c3622608-71d1-476a-b28a-2936e4f36e81,명품고로케NO.1,고로케,소촌중앙 골목형상점가,골목형상점가,광주광역시,0.0,0.0,,,RESOLVED_AGREEMENT,False,0,,,,
5a31d5513dc8575117a9,test,분식,T2 동의어,q_분식_06,분식집,음식점 중 '분식'을 판매·제공하는 매장,6b9a2b26-9295-498c-991e-47c3b403385b,짱맛분식,분식,태화시장,전통시장,울산광역시,3.0,3.0,,,RESOLVED_AGREEMENT,False,3,,,,
1fc9d11dfaa0cbddb450,test,분식,T2 동의어,q_분식_06,분식집,음식점 중 '분식'을 판매·제공하는 매장,e5a6f9f5-d811-46fa-8888-8b89aa1c13be,마띠나,분식,익산 다e로움 상권활성화구역,상권활성화구역,전북특별자치도,3.0,3.0,,,RESOLVED_AGREEMENT,False,3,,,,
797e6f85b25467663b08,test,분식,T2 동의어,q_분식_06,분식집,음식점 중 '분식'을 판매·제공하는 매장,32c2a844-db69-437c-b05b-14a8f088d5e6,월곡분식집,분식,월곡시장,전통시장,광주광역시,3.0,3.0,,,RESOLVED_AGREEMENT,False,3,,,,
137046ce853e7be17375,test,분식,T2 동의어,q_분식_06,분식집,음식점 중 '분식'을 판매·제공하는 매장,2eacc24d-82e8-43c6-9374-6bbee3c49a87,여기분식집이여,휴게음식,앰코로 골목형상점가,골목형상점가,광주광역시,2.0,3.0,,,P2_GRADED_ONLY,True,,,,,
ac5565148a318c147e33,test,분식,T2 동의어,q_분식_06,분식집,음식점 중 '분식'을 판매·제공하는 매장,959544ee-a68b-4274-9802-9eea577c2473,아지트,의류신발양말,우림골목시장,전통시장,서울특별시,0.0,0.0,,,RESOLVED_AGREEMENT,False,0,,,,
9f73d9e61fe0c8b74335,test,분식,T2 동의어,q_분식_06,분식집,음식점 중 '분식'을 판매·제공하는 매장,2413e383-8da8-4a92-8f66-394b0dcd0e3c,분식점빵,분식,태화시장,전통시장,울산광역시,3.0,3.0,,,RESOLVED_AGREEMENT,False,3,,,,
6bffa3512306f63648d5,test,분식,T2 동의어,q_분식_06,분식집,음식점 중 '분식'을 판매·제공하는 매장,055b0501-9678-421c-9b8d-2994754df728,캠토토스트 계룡대실점,토스트,두마면 대실골목형상점가,골목형상점가,충청남도,3.0,0.0,,,P1_BINARY_THRESHOLD,True,,,,,
2bae40feb5fab36a0520,test,분식,T2 동의어,q_분식_06,분식집,음식점 중 '분식'을 판매·제공하는 매장,0239c4e7-2ae3-4f29-8952-19c6d9d1d9a9,세번째집,순대국밥,성환이화시장,전통시장,충청남도,3.0,3.0,,,RESOLVED_AGREEMENT,False,3,,,,
7bbec2fb165e7dc89891,test,분식,T2 동의어,q_분식_06,분식집,음식점 중 '분식'을 판매·제공하는 매장,ee140e33-12a8-45ca-a6c9-507ee89f1e36,분식집,,남평읍1로 골목형상점가,골목형상점가,,3.0,3.0,,,RESOLVED_AGREEMENT,False,3,,,,
289fd47e9432a53d37c1,test,분식,T2 동의어,q_분식_06,분식집,음식점 중 '분식'을 판매·제공하는 매장,9448af81-d366-4a52-a1c3-e03df2d14c77,분식나라,분식,울산번개시장,전통시장,울산광역시,3.0,3.0,,,RESOLVED_AGREEMENT,False,3,,,,
a50bcaaeda1982d8a7fa,test,분식,T2 동의어,q_분식_06,분식집,음식점 중 '분식'을 판매·제공하는 매장,0012a3b4-64a1-440c-a76e-f2be12a2f086,튀김집,분식,두암시장주변 골목형상점가,골목형상점가,광주광역시,3.0,3.0,,,RESOLVED_AGREEMENT,False,3,,,,
f530fdfaeef17eacecc7,test,분식,T2 동의어,q_분식_06,분식집,음식점 중 '분식'을 판매·제공하는 매장,2d540484-08bb-412a-b46a-8e6d2d079ce8,필분식,분식,월배신시장,전통시장,대구광역시,3.0,3.0,,,RESOLVED_AGREEMENT,False,3,,,,
1bf23d51849f9369fb6b,test,분식,T2 동의어,q_분식_06,분식집,음식점 중 '분식'을 판매·제공하는 매장,f2308484-80cf-45ec-92be-990bcc5a317f,양식집,파스타 돈까스,행복 북문대로2 골목형상점가,골목형상점가,광주광역시,0.0,2.0,,,P1_BINARY_THRESHOLD,True,,,,,
e0eafb891b88d5dbdde4,test,분식,T2 동의어,q_분식_06,분식집,음식점 중 '분식'을 판매·제공하는 매장,13d4434f-e7e2-4186-b57e-6c65fb16e6bc,떡뽀이,분식,적성전통시장,전통시장,경기도,3.0,3.0,,,RESOLVED_AGREEMENT,False,3,,,,
3493df85b64115ce8834,test,분식,T2 동의어,q_분식_06,분식집,음식점 중 '분식'을 판매·제공하는 매장,22ec6920-38b7-4d76-ac8c-f8ef74779d55,꿈떡분식,분식,산울림 골목형상점가,골목형상점가,세종특별자치시,3.0,3.0,,,RESOLVED_AGREEMENT,False,3,,,,
199cbbcc64983b585d55,test,분식,T2 동의어,q_분식_06,분식집,음식점 중 '분식'을 판매·제공하는 매장,00783b5c-54fd-42fc-8bcf-1ea7fce865d5,쫀득분식,분식,임방울거리3구역 골목형상점가,골목형상점가,광주광역시,3.0,3.0,,,RESOLVED_AGREEMENT,False,3,,,,
5bcdc84da866a058331a,test,분식,T2 동의어,q_분식_06,분식집,음식점 중 '분식'을 판매·제공하는 매장,0fcc963f-9fc4-4a48-bffb-1c69a5f196e1,효분식,분식,제천중앙시장,전통시장,충청북도,3.0,3.0,,,RESOLVED_AGREEMENT,False,3,,,,
65c73a470ad2862ad3b7,test,분식,T2 동의어,q_분식_06,분식집,음식점 중 '분식'을 판매·제공하는 매장,0ab4b1bd-93f1-4d46-b012-abfc9b1328dc,브라운토스트,"토스트, 음료",구즉 골목형상점가,골목형상점가,대전광역시,3.0,0.0,,,P1_BINARY_THRESHOLD,True,,,,,
8203b478295bdedcee32,test,분식,T2 동의어,q_분식_06,분식집,음식점 중 '분식'을 판매·제공하는 매장,7c6683f5-862a-4d78-86fd-0543bf8e4450,김분식,분식,장천동상가,자율상권구역,전라남도,3.0,3.0,,,RESOLVED_AGREEMENT,False,3,,,,
7d429807095b0172d3a9,test,분식,T2 동의어,q_분식_06,분식집,음식점 중 '분식'을 판매·제공하는 매장,08fd525f-a0ac-4e8c-96f9-bc40a4eaf842,분식맘,분식,금호공설시장,전통시장,경상북도,3.0,3.0,,,RESOLVED_AGREEMENT,False,3,,,,
84c7d72873fde7f8b086,test,분식,T2 동의어,q_분식_06,분식집,음식점 중 '분식'을 판매·제공하는 매장,024c1f10-1fe0-4be3-8bde-6465f5cd8c43,오늘은 떡볶이,"떡볶이, 튀김, 순대 등",석촌시장,전통시장,서울특별시,3.0,3.0,,,RESOLVED_AGREEMENT,False,3,,,,
25aeede9df01ca5af6e3,test,분식,T2 동의어,q_분식_06,분식집,음식점 중 '분식'을 판매·제공하는 매장,0910caae-ad67-4ef3-934e-fff4c6059206,참토스트 대전학하점,토스트,계산동 골목형상점가,골목형상점가,대전광역시,3.0,0.0,,,P1_BINARY_THRESHOLD,True,,,,,
47ff0dc81cfc6f835fb6,test,분식,T2 동의어,q_분식_06,분식집,음식점 중 '분식'을 판매·제공하는 매장,00719699-eb0c-4473-bda9-7a16eace345e,봉식이옛날왕만두,만두,삼익 골목형상점가,골목형상점가,서울특별시,3.0,3.0,,,RESOLVED_AGREEMENT,False,3,,,,
1096d5a863c4c55f1528,test,분식,T2 동의어,q_분식_06,분식집,음식점 중 '분식'을 판매·제공하는 매장,0075dacf-3e3f-47b8-a4af-d3a2ff866348,북툰커피앤카페,찐빵 만두 커피,신창진흥 골목형상점가,골목형상점가,광주광역시,3.0,3.0,,,RESOLVED_AGREEMENT,False,3,,,,
3a445fb73134b1bfbdf0,test,분식,T2 동의어,q_분식_06,분식집,음식점 중 '분식'을 판매·제공하는 매장,04b03558-95d1-4a0e-a9e2-9a9e72bdadb2,배가찐왕만두,만두,문흥2동 골목형상점가,골목형상점가,광주광역시,3.0,3.0,,,RESOLVED_AGREEMENT,False,3,,,,
1cba5cc7e628df211ed6,test,분식,T2 동의어,q_분식_06,분식집,음식점 중 '분식'을 판매·제공하는 매장,1d0cd062-96df-4398-8d95-8fc74a9eac0b,떽때기,분식,문창시장,전통시장,대전광역시,3.0,3.0,,,RESOLVED_AGREEMENT,False,3,,,,
57b34599ccc8f175604c,test,분식,T2 동의어,q_분식_06,분식집,음식점 중 '분식'을 판매·제공하는 매장,04c905ba-3172-4ea4-a6dd-4345d674dea0,덕순이네,제조업(떡집),장터길 골목형상점가,골목형상점가,경기도,1.0,0.0,,,P2_GRADED_ONLY,True,,,,,
bf8975df3ebd3fd82241,test,분식,T2 동의어,q_분식_06,분식집,음식점 중 '분식'을 판매·제공하는 매장,015915e3-2542-4245-b627-0c775b4c5501,한내떡집,,거제 고현시장,전통시장,경상남도,1.0,0.0,,,P2_GRADED_ONLY,True,,,,,
2a81d790d1f1888b9c08,test,분식,T2 동의어,q_분식_06,분식집,음식점 중 '분식'을 판매·제공하는 매장,00e30e6c-dde0-49cd-9e3e-95465aa4247e,동해분식,분식,서남신시장,전통시장,대구광역시,3.0,3.0,,,RESOLVED_AGREEMENT,False,3,,,,
aa02c7de0b2d6d5de98a,test,분식,T2 동의어,q_분식_06,분식집,음식점 중 '분식'을 판매·제공하는 매장,007d6b63-4e47-47fa-aaa5-6d0b5cc7280b,도토리김밥계룡엄사점,분식,엄사 골목형상점가,골목형상점가,충청남도,3.0,3.0,,,RESOLVED_AGREEMENT,False,3,,,,
33546a615e13dd325212,test,분식,T2 동의어,q_분식_06,분식집,음식점 중 '분식'을 판매·제공하는 매장,f74574d3-a7d1-4d34-a2be-8f85758a2575,강남집,분식,후암시장,전통시장,서울특별시,3.0,3.0,,,RESOLVED_AGREEMENT,False,3,,,,
2e1a7e4a084b28ddc9c6,test,분식,T2 동의어,q_분식_06,분식집,음식점 중 '분식'을 판매·제공하는 매장,0018c143-a8bd-4461-a8ae-ee348edfad7a,김가네의정부중앙역점,김밥 분식 식사등,의정부시 구도심 상권활성화구역,상권활성화구역,경기도,3.0,3.0,,,RESOLVED_AGREEMENT,False,3,,,,
bb66a3e9c9c0d5108a57,test,분식,T2 동의어,q_분식_06,분식집,음식점 중 '분식'을 판매·제공하는 매장,e452f529-3373-4cb8-a397-b250f8302aba,진맛집,분식,부평깡통시장(구 부산부평시장),전통시장,부산광역시,3.0,3.0,,,RESOLVED_AGREEMENT,False,3,,,,
fd573e6ebe31e90d14a0,test,분식,T2 동의어,q_분식_06,분식집,음식점 중 '분식'을 판매·제공하는 매장,4dcfbd81-8e8d-426f-b39e-74e1995c3393,끈적국수,분식,월곡1동 골목형상점가,골목형상점가,광주광역시,3.0,3.0,,,RESOLVED_AGREEMENT,False,3,,,,
cd4bf9165f448bee2231,test,분식,T2 동의어,q_분식_06,분식집,음식점 중 '분식'을 판매·제공하는 매장,25e17541-8ea1-4716-a373-a5cc54844c71,청년다방연제점,분식집,연제동 골목형상점가,골목형상점가,광주광역시,3.0,3.0,,,RESOLVED_AGREEMENT,False,3,,,,
2703ca305b3183386513,test,분식,T2 동의어,q_분식_06,분식집,음식점 중 '분식'을 판매·제공하는 매장,d0a3e8c9-abec-4077-bc28-35605cce5d3e,분식집,한식,방천시장,전통시장,대구광역시,2.0,3.0,,,P2_GRADED_ONLY,True,,,,,
3fee49ce64e0448e5750,test,분식,T2 동의어,q_분식_06,분식집,음식점 중 '분식'을 판매·제공하는 매장,9520aa6a-89a5-432d-802c-88d01797ffcb,엄마손분식,분식집,송강동 골목형상점가,골목형상점가,대전광역시,3.0,3.0,,,RESOLVED_AGREEMENT,False,3,,,,
b521902d3bc8391e68d8,test,분식,T2 동의어,q_분식_06,분식집,음식점 중 '분식'을 판매·제공하는 매장,0e9f0ef6-5316-46a8-a066-f4bbb1e4e762,감내분식,분식,감천문화마을 골목형상점가,골목형상점가,부산광역시,3.0,3.0,,,RESOLVED_AGREEMENT,False,3,,,,
31a3a921bccdffaa024c,test,분식,T2 동의어,q_분식_06,분식집,음식점 중 '분식'을 판매·제공하는 매장,552aa314-9009-4239-91ed-4448345e7b32,땡길때면,분식,엄사 골목형상점가,골목형상점가,충청남도,3.0,3.0,,,RESOLVED_AGREEMENT,False,3,,,,
9b334fc0a8011ed4f1a7,test,분식,T2 동의어,q_분식_06,분식집,음식점 중 '분식'을 판매·제공하는 매장,045215f0-9db0-4054-8c69-702841941f01,문토스트용호점,카페토스트,용호1동골목시장,전통시장,부산광역시,3.0,0.0,,,P1_BINARY_THRESHOLD,True,,,,,
f5bd89e0570ca0e53f08,test,분식,T2 동의어,q_분식_06,분식집,음식점 중 '분식'을 판매·제공하는 매장,75a60a94-d2be-44cf-b81b-502d93d4aede,팡이네 분식,분식,쌍리단길상점가,자율상권구역,서울특별시,3.0,3.0,,,RESOLVED_AGREEMENT,False,3,,,,
d6ae9eb4efe804001b60,test,분식,T2 동의어,q_분식_06,분식집,음식점 중 '분식'을 판매·제공하는 매장,a8b9ef14-bdd0-4b00-a948-1ca1b9faa612,모일맨,분식,도군머리 골목형상점가,골목형상점가,광주광역시,3.0,3.0,,,RESOLVED_AGREEMENT,False,3,,,,
7a0b201bb1b3fa718378,test,분식,T2 동의어,q_분식_06,분식집,음식점 중 '분식'을 판매·제공하는 매장,b43a219c-7289-4348-bb10-3893982a07b9,다리집,분식,464번길 골목형상점가,골목형상점가,부산광역시,3.0,3.0,,,RESOLVED_AGREEMENT,False,3,,,,
b1fd575a5bf6f42f325e,test,분식,T2 동의어,q_분식_06,분식집,음식점 중 '분식'을 판매·제공하는 매장,0a891050-80f2-4423-a5a4-fbd505f1e519,이삭토스트 대전테크노밸리점,토스트,테크노밸리 골목형상점가,골목형상점가,대전광역시,3.0,0.0,,,P1_BINARY_THRESHOLD,True,,,,,
f635e66a5b2d87d76925,test,분식,T2 동의어,q_분식_06,분식집,음식점 중 '분식'을 판매·제공하는 매장,650fb1c8-2fb9-4884-9010-f52f0279d69c,담안분식,분식,창원 대동그린코아상가,전통시장,경상남도,3.0,3.0,,,RESOLVED_AGREEMENT,False,3,,,,
bc36244d745ce3712788,test,분식,T2 동의어,q_분식_06,분식집,음식점 중 '분식'을 판매·제공하는 매장,001bda4f-046f-44c5-b084-8de630ac405a,김밥윤,김밥 등,보람동 골목형상점가,골목형상점가,세종특별자치시,3.0,3.0,,,RESOLVED_AGREEMENT,False,3,,,,
d818b859c5c35f0b5163,test,분식,T2 동의어,q_분식_06,분식집,음식점 중 '분식'을 판매·제공하는 매장,4a9bdc99-5b4d-4cc4-a7fa-a2bd888b3917,분식마을,분식,배방공수 골목형상점가,골목형상점가,충청남도,3.0,3.0,,,RESOLVED_AGREEMENT,False,3,,,,
35fb7cd967a8096b2853,test,분식,T2 동의어,q_분식_06,분식집,음식점 중 '분식'을 판매·제공하는 매장,ae27f1d5-4791-43a7-b4d7-104dfcf5a5ed,분식하우스,분식,오정시장,전통시장,경기도,3.0,3.0,,,RESOLVED_AGREEMENT,False,3,,,,
0c87dad059a0e93fe16d,test,분식,T2 동의어,q_분식_06,분식집,음식점 중 '분식'을 판매·제공하는 매장,017c71f5-48d0-4cce-a370-a84d34d36658,무봉리토종순대국파주운정점,,산내마을 골목형상점가,골목형상점가,경기도,3.0,3.0,,,RESOLVED_AGREEMENT,False,3,,,,
82df352c39f8a29555e7,test,분식,T2 동의어,q_분식_06,분식집,음식점 중 '분식'을 판매·제공하는 매장,2b1fa51c-ff67-405e-877f-e604db207178,분식나라,분식,담양중앙 골목형상점가,골목형상점가,전라남도,3.0,3.0,,,RESOLVED_AGREEMENT,False,3,,,,
0d2cd261fb228c6267b9,test,분식,T2 동의어,q_분식_06,분식집,음식점 중 '분식'을 판매·제공하는 매장,c14533dc-681d-420b-8be1-9da3f9082473,만남집,분식,의정부제일시장,전통시장,경기도,3.0,3.0,,,RESOLVED_AGREEMENT,False,3,,,,
e7551f273684fc8f3014,test,분식,T2 동의어,q_분식_06,분식집,음식점 중 '분식'을 판매·제공하는 매장,926f80c7-515f-4f04-ba57-243fc346ba6a,오킴밥,분식,인왕시장,전통시장,서울특별시,3.0,3.0,,,RESOLVED_AGREEMENT,False,3,,,,
3169c3d07d9fc3734bfc,test,분식,T2 동의어,q_분식_06,분식집,음식점 중 '분식'을 판매·제공하는 매장,22a939a5-dd57-476c-acd5-4c40c7b522a6,어닝바,분식,중랑동부시장,전통시장,서울특별시,3.0,3.0,,,RESOLVED_AGREEMENT,False,3,,,,
72cad8a4edab283e81ee,test,분식,T2 동의어,q_분식_06,분식집,음식점 중 '분식'을 판매·제공하는 매장,8b7d85e4-6855-41c5-a671-db26804fbadb,월드크리닝거제읍내로점,세탁,거제 읍내시장,전통시장,경상남도,0.0,0.0,,,RESOLVED_AGREEMENT,False,0,,,,
b2afbe4474563a2f398e,test,분식,T2 동의어,q_분식_06,분식집,음식점 중 '분식'을 판매·제공하는 매장,2851d067-7443-4868-9248-11055bcb70ae,김밥집,분식,나주혁신도시 골목형상점가,골목형상점가,전라남도,3.0,3.0,,,RESOLVED_AGREEMENT,False,3,,,,
f85c97758c152af4a8dc,test,분식,T2 동의어,q_분식_06,분식집,음식점 중 '분식'을 판매·제공하는 매장,1fec92dc-32d9-4ca6-ae6f-d34f4b8fa387,데이문헤어,미용업,고잔뜰 상점가,자율상권구역,경기도,0.0,0.0,,,RESOLVED_AGREEMENT,False,0,,,,
a7ed49bc572fa9953c76,test,분식,T2 동의어,q_분식_06,분식집,음식점 중 '분식'을 판매·제공하는 매장,a3285e8f-e5a3-4b98-8c45-5ea3761e131f,한대감댁,한식,신중부시장,전통시장,서울특별시,1.0,1.0,,,RESOLVED_AGREEMENT,False,1,,,,
ff4280912447e4659349,test,분식,T2 동의어,q_분식_06,분식집,음식점 중 '분식'을 판매·제공하는 매장,064d899b-c65a-4b75-9a15-9ca1eaf707f4,이삭토스트,토스트 등,매탄중심상가 골목형상점가,골목형상점가,경기도,3.0,0.0,,,P1_BINARY_THRESHOLD,True,,,,,
09119bdd1c26a4d87cbd,test,분식,T2 동의어,q_분식_06,분식집,음식점 중 '분식'을 판매·제공하는 매장,2334d7dd-296c-4d56-8435-cce3efc78b50,통닭집,분식,송화벽화시장,자율상권구역,서울특별시,3.0,3.0,,,RESOLVED_AGREEMENT,False,3,,,,
367d11d4214361d1bf45,test,분식,T2 동의어,q_분식_06,분식집,음식점 중 '분식'을 판매·제공하는 매장,52aa21c7-93f0-4310-8077-d8e649c46a94,홍군튀떡,분식,송죽솔대 골목형상점가,골목형상점가,경기도,3.0,3.0,,,RESOLVED_AGREEMENT,False,3,,,,
05b7f96e38e7946725e7,test,분식,T2 동의어,q_분식_06,분식집,음식점 중 '분식'을 판매·제공하는 매장,dc303945-91d5-43cd-b49e-7d1d86258f18,한닢김밥,분식,이충 중심상가,골목형상점가,경기도,3.0,3.0,,,RESOLVED_AGREEMENT,False,3,,,,
b54a5d98f499259a60f7,test,분식,T2 동의어,q_분식_06,분식집,음식점 중 '분식'을 판매·제공하는 매장,a525b81e-01c5-498e-91ac-1f8bb7a51cd4,동해집,분식,의정부제일시장,전통시장,경기도,3.0,3.0,,,RESOLVED_AGREEMENT,False,3,,,,
2c1fc7b3c36a2828726c,test,분식,T2 동의어,q_분식_06,분식집,음식점 중 '분식'을 판매·제공하는 매장,016f68a3-c16f-467c-af96-22466baf3a6a,쉬즈베이글,토스트,읍내리 원도심 골목형상점가,골목형상점가,전라남도,3.0,0.0,,,P1_BINARY_THRESHOLD,True,,,,,
2d952c25ed2a4ca4e330,test,분식,T2 동의어,q_분식_06,분식집,음식점 중 '분식'을 판매·제공하는 매장,00e9517a-1887-4acf-b072-10c7cadf9512,불닭발 땡초 동대문 엽기 떡볶이,분식,유엔남구 대학로 상권,,부산광역시,3.0,3.0,,,RESOLVED_AGREEMENT,False,3,,,,
9f3d09fa71d2033d81b2,test,분식,T2 동의어,q_분식_06,분식집,음식점 중 '분식'을 판매·제공하는 매장,00ec6d6a-b0c1-4662-b17f-9c9f059a4bcd,백암서울순대국,순대국,강서구청먹자골목골목형상점가,골목형상점가,서울특별시,3.0,3.0,,,RESOLVED_AGREEMENT,False,3,,,,
c4e542b629e4846d4664,test,분식,T2 동의어,q_분식_06,분식집,음식점 중 '분식'을 판매·제공하는 매장,008594db-d86c-4014-bf5c-16f6cd40402d,와글와글봄소풍,김밥,다사역 골목형상점가,골목형상점가,대구광역시,3.0,3.0,,,RESOLVED_AGREEMENT,False,3,,,,
7bd270f07fa75bf84741,test,분식,T2 동의어,q_분식_06,분식집,음식점 중 '분식'을 판매·제공하는 매장,b0525944-c980-4d0b-804b-de8c397c6ab5,진시황,중식집,담양중앙2번가 골목형상점가,골목형상점가,전라남도,0.0,1.0,,,P2_GRADED_ONLY,True,,,,,
e5f7923af79e3c3fcec4,test,분식,T2 동의어,q_분식_06,분식집,음식점 중 '분식'을 판매·제공하는 매장,02f03161-3a15-416f-bdd6-8ad5bd17781d,시골참순대,,관저동 먹자골목 골목형상점가,골목형상점가,대전광역시,3.0,3.0,,,RESOLVED_AGREEMENT,False,3,,,,
f29460ad001404f9c7e4,test,분식,T2 동의어,q_분식_06,분식집,음식점 중 '분식'을 판매·제공하는 매장,04c41036-dbe4-4ce1-b514-707473b7ebb3,분식박사,분식,무거현대시장,골목형상점가,울산광역시,3.0,3.0,,,RESOLVED_AGREEMENT,False,3,,,,
65706bd54f625d5c00e5,test,분식,T2 동의어,q_분식_06,분식집,음식점 중 '분식'을 판매·제공하는 매장,02c8af43-a38c-4000-b698-61c2b24d0b0b,할매집,분식,진주 자유시장,전통시장,경상남도,3.0,3.0,,,RESOLVED_AGREEMENT,False,3,,,,
b7286bb42fb5a5463d75,test,분식,T2 동의어,q_분식_07,순대,음식점 중 '분식'을 판매·제공하는 매장,00e30e6c-dde0-49cd-9e3e-95465aa4247e,동해분식,분식,서남신시장,전통시장,대구광역시,2.0,3.0,,,P2_GRADED_ONLY,True,,,,,
2d6bb17817ac01d0ef1e,test,분식,T2 동의어,q_분식_07,순대,음식점 중 '분식'을 판매·제공하는 매장,23ada280-6c0c-46ae-be8d-0ee3955f7061,중원순대,순대,충주자유시장,전통시장,충청북도,3.0,3.0,,,RESOLVED_AGREEMENT,False,3,,,,
67ac3d70051fe8f0826f,test,분식,T2 동의어,q_분식_07,순대,음식점 중 '분식'을 판매·제공하는 매장,045215f0-9db0-4054-8c69-702841941f01,문토스트용호점,카페토스트,용호1동골목시장,전통시장,부산광역시,2.0,0.0,,,P1_BINARY_THRESHOLD,True,,,,,
562fcc2250c866dda0d5,test,분식,T2 동의어,q_분식_07,순대,음식점 중 '분식'을 판매·제공하는 매장,0239c4e7-2ae3-4f29-8952-19c6d9d1d9a9,세번째집,순대국밥,성환이화시장,전통시장,충청남도,3.0,3.0,,,RESOLVED_AGREEMENT,False,3,,,,
4e0ec19ae903ba030806,test,분식,T2 동의어,q_분식_07,순대,음식점 중 '분식'을 판매·제공하는 매장,016f68a3-c16f-467c-af96-22466baf3a6a,쉬즈베이글,토스트,읍내리 원도심 골목형상점가,골목형상점가,전라남도,2.0,0.0,,,P1_BINARY_THRESHOLD,True,,,,,
1768399b960a925f7ce0,test,분식,T2 동의어,q_분식_07,순대,음식점 중 '분식'을 판매·제공하는 매장,72f4eee4-4547-4168-97e1-55659bd25274,번영 순대,순대,청주직지시장(구 청주운천시장),전통시장,충청북도,3.0,3.0,,,RESOLVED_AGREEMENT,False,3,,,,
adaf3192d588610abd88,test,분식,T2 동의어,q_분식_07,순대,음식점 중 '분식'을 판매·제공하는 매장,3dff8583-ab53-4da5-8d74-9210dcf49e56,금백만식품,순대,구로시장,전통시장,서울특별시,3.0,3.0,,,RESOLVED_AGREEMENT,False,3,,,,
c2c95080499f1772f2ba,test,분식,T2 동의어,q_분식_07,순대,음식점 중 '분식'을 판매·제공하는 매장,ccfc50b6-a937-415d-9a54-182ad20a2dd3,원진순대,순대,경주성동공설시장,전통시장,경상북도,3.0,3.0,,,RESOLVED_AGREEMENT,False,3,,,,
51230de4365913b98d7c,test,분식,T2 동의어,q_분식_07,순대,음식점 중 '분식'을 판매·제공하는 매장,cbd2689b-850b-4c72-8040-dd9c9091614d,한민순대,순대,문창시장,전통시장,대전광역시,3.0,3.0,,,RESOLVED_AGREEMENT,False,3,,,,
602d901697c677749386,test,분식,T2 동의어,q_분식_07,순대,음식점 중 '분식'을 판매·제공하는 매장,0bc31865-515a-4122-a8ce-2fd9a4d12e6e,신포순대,순대 순대국,신포시장,전통시장,인천광역시,3.0,3.0,,,RESOLVED_AGREEMENT,False,3,,,,
a5aefc5334c0d776df38,test,분식,T2 동의어,q_분식_07,순대,음식점 중 '분식'을 판매·제공하는 매장,015915e3-2542-4245-b627-0c775b4c5501,한내떡집,,거제 고현시장,전통시장,경상남도,1.0,0.0,,,P2_GRADED_ONLY,True,,,,,
4960bb347816b55bb1ab,test,분식,T2 동의어,q_분식_07,순대,음식점 중 '분식'을 판매·제공하는 매장,b78209fa-59d8-40da-850a-d4a567e6b846,여주순대,순대,청량리청과물시장,전통시장,서울특별시,3.0,3.0,,,RESOLVED_AGREEMENT,False,3,,,,
6746c92ee9961bea9e2f,test,분식,T2 동의어,q_분식_07,순대,음식점 중 '분식'을 판매·제공하는 매장,001cb3d4-5441-4963-b517-d5b3904ee312,현창떡집,떡집,목포동부시장,전통시장,전라남도,1.0,0.0,,,P2_GRADED_ONLY,True,,,,,
38775806e03c3d65e210,test,분식,T2 동의어,q_분식_07,순대,음식점 중 '분식'을 판매·제공하는 매장,0e5d7ff6-22e9-4c51-b7b3-82f6f048df07,터미널순대,순대,영광터미널 골목형상점가,골목형상점가,전라남도,3.0,3.0,,,RESOLVED_AGREEMENT,False,3,,,,
9a8a8d4777cf11689ca7,test,분식,T2 동의어,q_분식_07,순대,음식점 중 '분식'을 판매·제공하는 매장,ed9ed5e4-b557-469d-8272-acfbd98ada28,모리삼겹,냉동삼겹살,정림동 골목형상점가,골목형상점가,대전광역시,0.0,0.0,,,RESOLVED_AGREEMENT,False,0,,,,
156f4f214e2932f3c5a3,test,분식,T2 동의어,q_분식_07,순대,음식점 중 '분식'을 판매·제공하는 매장,0012a3b4-64a1-440c-a76e-f2be12a2f086,튀김집,분식,두암시장주변 골목형상점가,골목형상점가,광주광역시,2.0,3.0,,,P2_GRADED_ONLY,True,,,,,
552d6d16c0b2c33eb04d,test,분식,T2 동의어,q_분식_07,순대,음식점 중 '분식'을 판매·제공하는 매장,f920711a-d101-4e54-8678-6733b7ee509e,아포순대,순대,구미새마을중앙시장,전통시장,경상북도,3.0,3.0,,,RESOLVED_AGREEMENT,False,3,,,,
7c009472d3f1e835a69e,test,분식,T2 동의어,q_분식_07,순대,음식점 중 '분식'을 판매·제공하는 매장,55155325-b77f-4be9-98f2-7102b74fa99f,초롱순대,순대,논산화지중앙시장,전통시장,충청남도,3.0,3.0,,,RESOLVED_AGREEMENT,False,3,,,,
d4f798970e0422cd75f2,test,분식,T2 동의어,q_분식_07,순대,음식점 중 '분식'을 판매·제공하는 매장,0910caae-ad67-4ef3-934e-fff4c6059206,참토스트 대전학하점,토스트,계산동 골목형상점가,골목형상점가,대전광역시,2.0,0.0,,,P1_BINARY_THRESHOLD,True,,,,,
ff64edc8d8d15f3bbb1d,test,분식,T2 동의어,q_분식_07,순대,음식점 중 '분식'을 판매·제공하는 매장,d8507db5-852b-4fac-b4d0-e3e5bdffd2ac,장군순대국,순대,왜관시장,전통시장,경상북도,3.0,3.0,,,RESOLVED_AGREEMENT,False,3,,,,
4272b998b525024d1f04,test,분식,T2 동의어,q_분식_07,순대,음식점 중 '분식'을 판매·제공하는 매장,34e268d3-fa05-40bb-86e8-c56b2330f12e,부흥,순대,청량리종합시장,전통시장,서울특별시,3.0,3.0,,,RESOLVED_AGREEMENT,False,3,,,,
a90194eb53470769dbb2,test,분식,T2 동의어,q_분식_07,순대,음식점 중 '분식'을 판매·제공하는 매장,6256552c-236d-44c4-b491-cd8c14a2980c,정화순대,순대,통영중앙전통시장,전통시장,경상남도,3.0,3.0,,,RESOLVED_AGREEMENT,False,3,,,,
441e75fd33398a6c46db,test,분식,T2 동의어,q_분식_07,순대,음식점 중 '분식'을 판매·제공하는 매장,00e34fb5-e7d3-43aa-b574-400ee31abae5,은혜만두,만두,북동 골목형상점가,골목형상점가,광주광역시,2.0,3.0,,,P2_GRADED_ONLY,True,,,,,
d76bb547ac66a260daf7,test,분식,T2 동의어,q_분식_07,순대,음식점 중 '분식'을 판매·제공하는 매장,7b8f8558-69fc-4812-914a-929063f1f4de,진잠순대,순대,진잠 골목형상점가,골목형상점가,대전광역시,3.0,3.0,,,RESOLVED_AGREEMENT,False,3,,,,
7d70d3cf0cd649799d13,test,분식,T2 동의어,q_분식_07,순대,음식점 중 '분식'을 판매·제공하는 매장,00b5a60c-c548-4ac2-8259-9bb788c0fc58,까치김밥,김밥식사류,신림별빛거리골목형상점가,골목형상점가,서울특별시,2.0,3.0,,,P2_GRADED_ONLY,True,,,,,
dabbe77aa97a2c1206b5,test,분식,T2 동의어,q_분식_07,순대,음식점 중 '분식'을 판매·제공하는 매장,e7e33384-e384-4c0d-85cd-f5b0d896c62c,고모순대,순대,영해만세시장(구 영해시장),전통시장,경상북도,3.0,3.0,,,RESOLVED_AGREEMENT,False,3,,,,
65ec7e580a60218f2d6e,test,분식,T2 동의어,q_분식_07,순대,음식점 중 '분식'을 판매·제공하는 매장,41110078-6a74-4157-9a8e-f9711a2ea426,한양순대,순대,하당꽃길1가 골목형상점가,골목형상점가,전라남도,3.0,3.0,,,RESOLVED_AGREEMENT,False,3,,,,
f25144314956236975f7,test,분식,T2 동의어,q_분식_07,순대,음식점 중 '분식'을 판매·제공하는 매장,008594db-d86c-4014-bf5c-16f6cd40402d,와글와글봄소풍,김밥,다사역 골목형상점가,골목형상점가,대구광역시,2.0,3.0,,,P2_GRADED_ONLY,True,,,,,
0cefba5bfe5c4e26c58e,test,분식,T2 동의어,q_분식_07,순대,음식점 중 '분식'을 판매·제공하는 매장,0ab4b1bd-93f1-4d46-b012-abfc9b1328dc,브라운토스트,"토스트, 음료",구즉 골목형상점가,골목형상점가,대전광역시,2.0,0.0,,,P1_BINARY_THRESHOLD,True,,,,,
a51a751acda2488b8ee4,test,분식,T2 동의어,q_분식_07,순대,음식점 중 '분식'을 판매·제공하는 매장,751db7b1-3ab8-4daa-94d3-4eb910e80109,장터순대,순대,남문골목형상점가,골목형상점가,강원특별자치도,3.0,3.0,,,RESOLVED_AGREEMENT,False,3,,,,
a91901236cb913566c36,test,분식,T2 동의어,q_분식_07,순대,음식점 중 '분식'을 판매·제공하는 매장,69dc3d15-9102-4026-8841-adf44cfff7e1,올레과일가게,과일,서귀포매일올레시장,전통시장,제주특별자치도,0.0,0.0,,,RESOLVED_AGREEMENT,False,0,,,,
13528a4e903c62f7208e,test,분식,T2 동의어,q_분식_07,순대,음식점 중 '분식'을 판매·제공하는 매장,005313c8-dce8-49b6-9841-9143ebb1305a,동원떡집,,박달시장,전통시장,경기도,1.0,0.0,,,P2_GRADED_ONLY,True,,,,,
14a3b60da9235e6e0b8e,test,분식,T2 동의어,q_분식_07,순대,음식점 중 '분식'을 판매·제공하는 매장,00ca89c2-42a8-432d-ba4b-5abd23c18ab0,계란밥,계란밥분식,시청역상가번영회 골목형상점가,골목형상점가,광주광역시,2.0,3.0,,,P2_GRADED_ONLY,True,,,,,
1f4746c07ad7e73eb4cb,test,분식,T2 동의어,q_분식_07,순대,음식점 중 '분식'을 판매·제공하는 매장,81a9b738-a53c-4d07-a069-8a481929a335,명가순대,순대,구미형곡중앙시장,전통시장,경상북도,3.0,3.0,,,RESOLVED_AGREEMENT,False,3,,,,
4a64430f05b31be3870f,test,분식,T2 동의어,q_분식_07,순대,음식점 중 '분식'을 판매·제공하는 매장,2e826196-8fbc-484f-a966-1fada61befdd,헤어 칼리아,미용,공주산성 활성화구역,전통시장,충청남도,0.0,0.0,,,RESOLVED_AGREEMENT,False,0,,,,
9dfddb4bee7ba065ee79,test,분식,T2 동의어,q_분식_07,순대,음식점 중 '분식'을 판매·제공하는 매장,8af83c01-8371-4ef5-9a3c-49ce16245fdc,신성순대,순대,용현시장,전통시장,인천광역시,3.0,3.0,,,RESOLVED_AGREEMENT,False,3,,,,
b3373193eeae4c8ec211,test,분식,T2 동의어,q_분식_07,순대,음식점 중 '분식'을 판매·제공하는 매장,00783b5c-54fd-42fc-8bcf-1ea7fce865d5,쫀득분식,분식,임방울거리3구역 골목형상점가,골목형상점가,광주광역시,2.0,3.0,,,P2_GRADED_ONLY,True,,,,,
a8801bbf073adf5843be,test,분식,T2 동의어,q_분식_07,순대,음식점 중 '분식'을 판매·제공하는 매장,00e9517a-1887-4acf-b072-10c7cadf9512,불닭발 땡초 동대문 엽기 떡볶이,분식,유엔남구 대학로 상권,,부산광역시,2.0,3.0,,,P2_GRADED_ONLY,True,,,,,
d669b5705fde4a8054a7,test,분식,T2 동의어,q_분식_07,순대,음식점 중 '분식'을 판매·제공하는 매장,064d899b-c65a-4b75-9a15-9ca1eaf707f4,이삭토스트,토스트 등,매탄중심상가 골목형상점가,골목형상점가,경기도,2.0,0.0,,,P1_BINARY_THRESHOLD,True,,,,,
3a217d93589bf3cb7f68,test,분식,T2 동의어,q_분식_07,순대,음식점 중 '분식'을 판매·제공하는 매장,f5ed8344-c18d-4f0a-9a85-b3954a2580a4,김연자순대,순대,엄사 골목형상점가,골목형상점가,충청남도,3.0,3.0,,,RESOLVED_AGREEMENT,False,3,,,,
576f4f53fb2a8bb99f62,test,분식,T2 동의어,q_분식_07,순대,음식점 중 '분식'을 판매·제공하는 매장,1de5b1ee-5a42-4b4c-9b35-041c2a11721f,제일순대,순대,내수전통시장,전통시장,충청북도,3.0,3.0,,,RESOLVED_AGREEMENT,False,3,,,,
9635825d5bc89cd69a10,test,분식,T2 동의어,q_분식_07,순대,음식점 중 '분식'을 판매·제공하는 매장,1f5c45c0-f3d0-4d9e-9811-1e8a64a0bdb9,오대양식당,횟집,창동골목시장,전통시장,서울특별시,0.0,1.0,,,P2_GRADED_ONLY,True,,,,,
33ededa4febb19467bdb,test,분식,T2 동의어,q_분식_07,순대,음식점 중 '분식'을 판매·제공하는 매장,4761adbb-b594-4d11-8ae6-070003951834,순대,음식(순대),비단길현대시장,전통시장,서울특별시,3.0,3.0,,,RESOLVED_AGREEMENT,False,3,,,,
b0e5cf09b967f5a17d82,test,분식,T2 동의어,q_분식_07,순대,음식점 중 '분식'을 판매·제공하는 매장,e2b62025-0865-4bac-a4d2-17176168f4be,나라순대,순대,목포동부시장,전통시장,전라남도,3.0,3.0,,,RESOLVED_AGREEMENT,False,3,,,,
374731d8bed1ce710ea6,test,분식,T2 동의어,q_분식_07,순대,음식점 중 '분식'을 판매·제공하는 매장,2fc56c58-7f90-4545-ac15-d3511ca779fc,우일순대,순대,청주사창시장,전통시장,충청북도,3.0,3.0,,,RESOLVED_AGREEMENT,False,3,,,,
817c679da921fcb55d2c,test,분식,T2 동의어,q_분식_07,순대,음식점 중 '분식'을 판매·제공하는 매장,0075dacf-3e3f-47b8-a4af-d3a2ff866348,북툰커피앤카페,찐빵 만두 커피,신창진흥 골목형상점가,골목형상점가,광주광역시,2.0,3.0,,,P2_GRADED_ONLY,True,,,,,
c32233c520b409b3155b,test,분식,T2 동의어,q_분식_07,순대,음식점 중 '분식'을 판매·제공하는 매장,05e4ee5a-a821-4e0a-ba8f-8d056cde6f6b,정성순대,순대,봉선로2 골목형상점가,골목형상점가,광주광역시,3.0,3.0,,,RESOLVED_AGREEMENT,False,3,,,,
7ee293a11bce1da2fbcb,test,분식,T2 동의어,q_분식_07,순대,음식점 중 '분식'을 판매·제공하는 매장,60a62caf-e6f0-4519-a808-7206ab9d6a79,개성순대,순대,태화시장,전통시장,울산광역시,3.0,3.0,,,RESOLVED_AGREEMENT,False,3,,,,
960a6ebcb22797c456f9,test,분식,T2 동의어,q_분식_07,순대,음식점 중 '분식'을 판매·제공하는 매장,9260050a-bfa7-4d7e-bb8a-b56cfb0bbf8c,해맛장,순대,속초중앙전통시장,전통시장,강원특별자치도,3.0,3.0,,,RESOLVED_AGREEMENT,False,3,,,,
b8264863ab89d7fd1743,test,분식,T2 동의어,q_분식_07,순대,음식점 중 '분식'을 판매·제공하는 매장,04b03558-95d1-4a0e-a9e2-9a9e72bdadb2,배가찐왕만두,만두,문흥2동 골목형상점가,골목형상점가,광주광역시,2.0,3.0,,,P2_GRADED_ONLY,True,,,,,
ced3b4ee5effd9a7bceb,test,분식,T2 동의어,q_분식_07,순대,음식점 중 '분식'을 판매·제공하는 매장,777360bb-e29a-4ef4-a983-0fd920b3b1b3,시장순대,순대,청주사창시장,전통시장,충청북도,3.0,3.0,,,RESOLVED_AGREEMENT,False,3,,,,
307ce9b45ecea3baf8ec,test,분식,T2 동의어,q_분식_07,순대,음식점 중 '분식'을 판매·제공하는 매장,017c71f5-48d0-4cce-a370-a84d34d36658,무봉리토종순대국파주운정점,,산내마을 골목형상점가,골목형상점가,경기도,3.0,3.0,,,RESOLVED_AGREEMENT,False,3,,,,
653df967e8de37fc478f,test,분식,T2 동의어,q_분식_07,순대,음식점 중 '분식'을 판매·제공하는 매장,de1ace71-da7e-4f1a-880a-0f2c20147227,호남순대,순대,인왕시장,전통시장,서울특별시,3.0,3.0,,,RESOLVED_AGREEMENT,False,3,,,,
bb3c105b92b014aff4f6,test,분식,T2 동의어,q_분식_07,순대,음식점 중 '분식'을 판매·제공하는 매장,5d199829-3269-4ea5-9c15-8df9c68e6d16,시장순대,순대,용인중앙시장,전통시장,경기도,3.0,3.0,,,RESOLVED_AGREEMENT,False,3,,,,
464e515c9e842bc32db6,test,분식,T2 동의어,q_분식_07,순대,음식점 중 '분식'을 판매·제공하는 매장,024c1f10-1fe0-4be3-8bde-6465f5cd8c43,오늘은 떡볶이,"떡볶이, 튀김, 순대 등",석촌시장,전통시장,서울특별시,3.0,3.0,,,RESOLVED_AGREEMENT,False,3,,,,
0b1ec6081a3844527eb8,test,분식,T2 동의어,q_분식_07,순대,음식점 중 '분식'을 판매·제공하는 매장,ce094e91-7fda-445c-a638-29ac8a10cd75,태영,생활용유리잡화,숭례문수입상가,전통시장,서울특별시,0.0,0.0,,,RESOLVED_AGREEMENT,False,0,,,,
c02da79c941c7c652883,test,분식,T2 동의어,q_분식_07,순대,음식점 중 '분식'을 판매·제공하는 매장,9376fdac-7238-45cd-a776-d94245db85b4,동부억순이순대,순대,목포동부시장,전통시장,전라남도,3.0,3.0,,,RESOLVED_AGREEMENT,False,3,,,,
fd877d4fdf0537161e84,test,분식,T2 동의어,q_분식_07,순대,음식점 중 '분식'을 판매·제공하는 매장,7bf1b4f5-a38e-4356-b6c6-0ca1f71d6fc3,소망순대,순대,청주서문시장,전통시장,충청북도,3.0,3.0,,,RESOLVED_AGREEMENT,False,3,,,,
a88fed1eb8230cad05c7,test,분식,T2 동의어,q_분식_07,순대,음식점 중 '분식'을 판매·제공하는 매장,a9a444ba-a47a-491d-b868-5c4cdd01bd9e,상주순대,순대,상주남성시장,전통시장,경상북도,3.0,3.0,,,RESOLVED_AGREEMENT,False,3,,,,
00d3c39b6927ec2dc88f,test,분식,T2 동의어,q_분식_07,순대,음식점 중 '분식'을 판매·제공하는 매장,437f00e6-6826-45cd-bf97-1f1f12c97ceb,서울순대,순대,대구교동시장,전통시장,대구광역시,3.0,3.0,,,RESOLVED_AGREEMENT,False,3,,,,
93f1df160db83c2fa939,test,분식,T2 동의어,q_분식_07,순대,음식점 중 '분식'을 판매·제공하는 매장,001bda4f-046f-44c5-b084-8de630ac405a,김밥윤,김밥 등,보람동 골목형상점가,골목형상점가,세종특별자치시,2.0,3.0,,,P2_GRADED_ONLY,True,,,,,
f40a31ca111ce45890df,test,분식,T2 동의어,q_분식_07,순대,음식점 중 '분식'을 판매·제공하는 매장,fe6585dd-3a63-4c60-9934-fd5d1d514c14,소지신찰순대,순대,마장축산물시장,전통시장,서울특별시,3.0,3.0,,,RESOLVED_AGREEMENT,False,3,,,,
5b429fe5a9cce34d537b,test,분식,T2 동의어,q_분식_07,순대,음식점 중 '분식'을 판매·제공하는 매장,ca3b0b19-d54e-49a3-a5d8-146941b4c22a,병천순대,순대,뒤뜰골목형상점가,골목형상점가,강원특별자치도,3.0,3.0,,,RESOLVED_AGREEMENT,False,3,,,,
ffa8e5014d0b962ba64f,test,분식,T2 동의어,q_분식_07,순대,음식점 중 '분식'을 판매·제공하는 매장,8c44b6f0-ffc6-452a-a061-af95c1f98ae5,평화순대,순대,통영중앙전통시장,전통시장,경상남도,3.0,3.0,,,RESOLVED_AGREEMENT,False,3,,,,
3ea4db50967d0444c66f,test,분식,T2 동의어,q_분식_07,순대,음식점 중 '분식'을 판매·제공하는 매장,5944bbdc-15d7-4856-a8f5-daef6ce580be,형제순대국,순대,신원시장,전통시장,서울특별시,3.0,3.0,,,RESOLVED_AGREEMENT,False,3,,,,
8a28ad866c33fc555388,test,분식,T2 동의어,q_분식_07,순대,음식점 중 '분식'을 판매·제공하는 매장,9249aed1-bae8-4c34-80f9-4b65b11aec2b,네일스테이,네일,신창동가구의거리일번국도상점가,자율상권구역,광주광역시,0.0,0.0,,,RESOLVED_AGREEMENT,False,0,,,,
8e1cdfa1f8bd2a480da7,test,분식,T2 동의어,q_분식_07,순대,음식점 중 '분식'을 판매·제공하는 매장,a2a472c2-fa4d-4f61-8b29-6755e1914d5d,서울순대,순대,목포원도심상점가,자율상권구역,전라남도,3.0,3.0,,,RESOLVED_AGREEMENT,False,3,,,,
2b47563f17ba9c180223,test,분식,T2 동의어,q_분식_07,순대,음식점 중 '분식'을 판매·제공하는 매장,b76e1653-5e21-499b-b3cc-8b7b43376538,덕성순대,순대,말바우시장,전통시장,광주광역시,3.0,3.0,,,RESOLVED_AGREEMENT,False,3,,,,
116c2f9d9ac37dadc32c,test,분식,T2 동의어,q_분식_07,순대,음식점 중 '분식'을 판매·제공하는 매장,93e3d6ef-a7c5-40a3-8cb8-2d7d587cf5a0,공앤공,순대,구포축산물도매시장,전통시장,부산광역시,3.0,3.0,,,RESOLVED_AGREEMENT,False,3,,,,
822416606af092bb3d26,test,분식,T2 동의어,q_분식_07,순대,음식점 중 '분식'을 판매·제공하는 매장,00ec6d6a-b0c1-4662-b17f-9c9f059a4bcd,백암서울순대국,순대국,강서구청먹자골목골목형상점가,골목형상점가,서울특별시,3.0,3.0,,,RESOLVED_AGREEMENT,False,3,,,,
523e15c5895fcb1b1558,test,분식,T2 동의어,q_분식_07,순대,음식점 중 '분식'을 판매·제공하는 매장,1eda4a42-0d35-4962-a8f9-fdb4f0d936ed,건방진순대,순대,태백중앙로상점가,자율상권구역,강원특별자치도,3.0,3.0,,,RESOLVED_AGREEMENT,False,3,,,,
3d9a42f09268f528e7d8,test,분식,T2 동의어,q_분식_07,순대,음식점 중 '분식'을 판매·제공하는 매장,53d5a6f4-1eb6-455b-96cc-6ec810f13ed4,하남 순대,순대,신장전통시장,전통시장,경기도,3.0,3.0,,,RESOLVED_AGREEMENT,False,3,,,,
c1b8007781f7f19c1ff2,test,분식,T2 동의어,q_분식_07,순대,음식점 중 '분식'을 판매·제공하는 매장,1e35c75a-c64e-4bbe-a649-0bf2b407da56,순대촌,순대,관저동 먹거리 골목형상점가,골목형상점가,대전광역시,3.0,3.0,,,RESOLVED_AGREEMENT,False,3,,,,
46a6585b64b4933e20a0,test,분식,T2 동의어,q_분식_07,순대,음식점 중 '분식'을 판매·제공하는 매장,f2d8455e-3809-441c-bf24-1fd754def842,병천순대,순대,청주중앙시장,전통시장,충청북도,3.0,3.0,,,RESOLVED_AGREEMENT,False,3,,,,
4b7c8bddcfa45d514899,test,분식,T2 동의어,q_분식_07,순대,음식점 중 '분식'을 판매·제공하는 매장,04a91b86-3405-4f8d-b0b8-eac86f3907c4,연지동토스트,커피토스트,연지시장,전통시장,부산광역시,2.0,0.0,,,P1_BINARY_THRESHOLD,True,,,,,
56e9befe7c69d912ec2c,test,분식,T2 동의어,q_분식_07,순대,음식점 중 '분식'을 판매·제공하는 매장,0a891050-80f2-4423-a5a4-fbd505f1e519,이삭토스트 대전테크노밸리점,토스트,테크노밸리 골목형상점가,골목형상점가,대전광역시,2.0,0.0,,,P1_BINARY_THRESHOLD,True,,,,,
de075a2d225c46ea3167,test,분식,T2 동의어,q_분식_07,순대,음식점 중 '분식'을 판매·제공하는 매장,01853453-69ac-4f55-9cd8-09e40088ab59,가마솥왕만두,만두,울산번개시장,전통시장,울산광역시,2.0,3.0,,,P2_GRADED_ONLY,True,,,,,
dabf141f0c3ef14daa6f,test,분식,T2 동의어,q_분식_07,순대,음식점 중 '분식'을 판매·제공하는 매장,0011cf6d-567e-4c3b-b113-363daa11212a,김밥먹고 닭꼬치,,배방상점가,자율상권구역,충청남도,2.0,3.0,,,P2_GRADED_ONLY,True,,,,,
bedafa8bf821f51cced8,test,분식,T2 동의어,q_분식_07,순대,음식점 중 '분식'을 판매·제공하는 매장,7f00de2d-a6cd-4506-8472-f659f389b65e,보광순대,순대,구월시장,전통시장,인천광역시,3.0,3.0,,,RESOLVED_AGREEMENT,False,3,,,,
e183be0590f1fd8495b1,test,분식,T2 동의어,q_분식_07,순대,음식점 중 '분식'을 판매·제공하는 매장,db788702-a21c-4ab7-8191-df2636fb3d08,복천순대,순대,부전상가시장,전통시장,부산광역시,3.0,3.0,,,RESOLVED_AGREEMENT,False,3,,,,
a248a0a8f5b839063743,test,분식,T2 동의어,q_분식_07,순대,음식점 중 '분식'을 판매·제공하는 매장,c76fee85-1d7a-408b-b7f5-7505b6746225,호남순대,순대,지동시장,전통시장,경기도,3.0,3.0,,,RESOLVED_AGREEMENT,False,3,,,,
b796ebfd5eea7e21fbdc,test,분식,T2 동의어,q_분식_07,순대,음식점 중 '분식'을 판매·제공하는 매장,6bebcb5f-18b1-4417-a8ff-85deffd743b0,충남순대,순대,구미새마을중앙시장,전통시장,경상북도,3.0,3.0,,,RESOLVED_AGREEMENT,False,3,,,,
e578fc888aead0e4bc8c,test,분식,T2 동의어,q_분식_07,순대,음식점 중 '분식'을 판매·제공하는 매장,9e58c5ba-ca7f-4989-92c2-ce61d3e3a748,엄마순대,순대,대명시장,전통시장,대구광역시,3.0,3.0,,,RESOLVED_AGREEMENT,False,3,,,,
ac47aefe0c8db74039fa,test,분식,T2 동의어,q_분식_07,순대,음식점 중 '분식'을 판매·제공하는 매장,04c905ba-3172-4ea4-a6dd-4345d674dea0,덕순이네,제조업(떡집),장터길 골목형상점가,골목형상점가,경기도,1.0,0.0,,,P2_GRADED_ONLY,True,,,,,
b69b56577a996865b27d,test,분식,T2 동의어,q_분식_07,순대,음식점 중 '분식'을 판매·제공하는 매장,00719699-eb0c-4473-bda9-7a16eace345e,봉식이옛날왕만두,만두,삼익 골목형상점가,골목형상점가,서울특별시,2.0,3.0,,,P2_GRADED_ONLY,True,,,,,
7983995a80bc840c0d89,test,분식,T2 동의어,q_분식_07,순대,음식점 중 '분식'을 판매·제공하는 매장,211324ca-12f2-4666-ba0b-210f0839ffab,일로순대,순대,중앙식료시장(중앙먹통시장),전통시장,전라남도,3.0,3.0,,,RESOLVED_AGREEMENT,False,3,,,,
c17c106ce3e417c6fae5,test,분식,T2 동의어,q_분식_07,순대,음식점 중 '분식'을 판매·제공하는 매장,055b0501-9678-421c-9b8d-2994754df728,캠토토스트 계룡대실점,토스트,두마면 대실골목형상점가,골목형상점가,충청남도,2.0,0.0,,,P1_BINARY_THRESHOLD,True,,,,,
7cc272d7a4aa7e6494c1,test,분식,T2 동의어,q_분식_07,순대,음식점 중 '분식'을 판매·제공하는 매장,89ae0bd6-6ef3-46a9-a919-30c892706617,예쁜글씨,POP광고,메트로프라자,일반지하상점가,대구광역시,0.0,0.0,,,RESOLVED_AGREEMENT,False,0,,,,
0cf851a1e2b072cd53ea,test,분식,T2 동의어,q_분식_07,순대,음식점 중 '분식'을 판매·제공하는 매장,0018c143-a8bd-4461-a8ae-ee348edfad7a,김가네의정부중앙역점,김밥 분식 식사등,의정부시 구도심 상권활성화구역,상권활성화구역,경기도,2.0,3.0,,,P2_GRADED_ONLY,True,,,,,
0ff0ba1edea62d76ae07,test,분식,T2 동의어,q_분식_07,순대,음식점 중 '분식'을 판매·제공하는 매장,0b8ef6dc-2f6b-4707-bd73-529122d9c97a,하단떡집,떡집,하단오일상설시장,전통시장,부산광역시,1.0,0.0,,,P2_GRADED_ONLY,True,,,,,
9f16414c9a0ad7d0b611,test,분식,T2 동의어,q_분식_07,순대,음식점 중 '분식'을 판매·제공하는 매장,00b5a007-bb8d-47db-963d-ccc7e93c25ac,장호덕 손만두 백석점,만두,백석한들1번가 골목형상점가,골목형상점가,충청남도,2.0,3.0,,,P2_GRADED_ONLY,True,,,,,
37b0808c5681b3ac4bec,test,분식,T2 동의어,q_분식_07,순대,음식점 중 '분식'을 판매·제공하는 매장,02f03161-3a15-416f-bdd6-8ad5bd17781d,시골참순대,,관저동 먹자골목 골목형상점가,골목형상점가,대전광역시,3.0,3.0,,,RESOLVED_AGREEMENT,False,3,,,,
ca1f8638ba88dfa4a1b8,test,분식,T2 동의어,q_분식_07,순대,음식점 중 '분식'을 판매·제공하는 매장,5d036fa3-c4b2-4304-934e-c3a54e234a69,정순대,"순대, 순대국밥",태평시장,전통시장,대전광역시,3.0,3.0,,,RESOLVED_AGREEMENT,False,3,,,,
27753feb510a25919675,test,분식,T2 동의어,q_분식_07,순대,음식점 중 '분식'을 판매·제공하는 매장,bb5af61f-d6d8-4bdc-bafb-2cfc49ea8362,산동찰순대,순대,예천상설시장,전통시장,경상북도,3.0,3.0,,,RESOLVED_AGREEMENT,False,3,,,,
fc06c424a21782524349,test,분식,T2 동의어,q_분식_07,순대,음식점 중 '분식'을 판매·제공하는 매장,a3860486-f95b-4ffc-a4a8-5bd1d9752e80,시장순대,순대,부평종합시장,전통시장,인천광역시,3.0,3.0,,,RESOLVED_AGREEMENT,False,3,,,,
da14903fb696cb01c62c,test,분식,T2 동의어,q_분식_07,순대,음식점 중 '분식'을 판매·제공하는 매장,31516ecb-8b60-447e-b549-b310a89dac3a,도심속수산시장,활어 및 수산,매곡드림 골목형상점가,골목형상점가,울산광역시,0.0,0.0,,,RESOLVED_AGREEMENT,False,0,,,,
efcb3c7d983945f0d915,test,분식,T2 동의어,q_분식_07,순대,음식점 중 '분식'을 판매·제공하는 매장,75d9805d-c706-4380-b810-7b8cef38c2b2,무심천순대,순대,청주서문시장,전통시장,충청북도,3.0,3.0,,,RESOLVED_AGREEMENT,False,3,,,,
2c6cd4ad792b1cdbcd4d,test,분식,T2 동의어,q_분식_07,순대,음식점 중 '분식'을 판매·제공하는 매장,007d6b63-4e47-47fa-aaa5-6d0b5cc7280b,도토리김밥계룡엄사점,분식,엄사 골목형상점가,골목형상점가,충청남도,2.0,3.0,,,P2_GRADED_ONLY,True,,,,,
e46186322fe0f273a9ea,test,분식,T2 동의어,q_분식_07,순대,음식점 중 '분식'을 판매·제공하는 매장,6066fd58-e559-4065-8673-dd3ecb82ac70,우리집순대,순대,김천평화시장,전통시장,경상북도,3.0,3.0,,,RESOLVED_AGREEMENT,False,3,,,,
6af6253fa949be5348cf,test,분식,T2 동의어,q_분식_07,순대,음식점 중 '분식'을 판매·제공하는 매장,4b1ed271-ba7d-4d73-bfcc-d9c1bf3870c3,은지순대,순대,별양동상점가,자율상권구역,경기도,3.0,3.0,,,RESOLVED_AGREEMENT,False,3,,,,
536b98610d8d318d1454,test,분식,T2 동의어,q_분식_08,토스트 가게,음식점 중 '분식'을 판매·제공하는 매장,571651a7-502f-4ba8-86c5-85ed80fd585c,참토스트,토스트,보은전통시장,전통시장,충청북도,3.0,0.0,,,P1_BINARY_THRESHOLD,True,,,,,
eeec34cd654fde404c77,test,분식,T2 동의어,q_분식_08,토스트 가게,음식점 중 '분식'을 판매·제공하는 매장,4cced14f-0320-44d5-bce2-d70127efa9a3,해피토스트,토스트,구포역세권상점가,자율상권구역,부산광역시,3.0,0.0,,,P1_BINARY_THRESHOLD,True,,,,,
c8d5d5d60785ba16cce7,test,분식,T2 동의어,q_분식_08,토스트 가게,음식점 중 '분식'을 판매·제공하는 매장,00e34fb5-e7d3-43aa-b574-400ee31abae5,은혜만두,만두,북동 골목형상점가,골목형상점가,광주광역시,2.0,3.0,,,P2_GRADED_ONLY,True,,,,,
4499537a1c756e66e57c,test,분식,T2 동의어,q_분식_08,토스트 가게,음식점 중 '분식'을 판매·제공하는 매장,d494ce69-3512-4b13-bf2f-a7048443f7c8,토스트 팜,토스트,담양중앙 골목형상점가,골목형상점가,전라남도,3.0,0.0,,,P1_BINARY_THRESHOLD,True,,,,,
05a771e5c1a09ae44c36,test,분식,T2 동의어,q_분식_08,토스트 가게,음식점 중 '분식'을 판매·제공하는 매장,bfa0ca43-a055-4e42-8009-0e73ceeaa43c,이삭토스트,토스트,경주중심상가,전통시장,경상북도,3.0,0.0,,,P1_BINARY_THRESHOLD,True,,,,,
f352a76f19b93a4d8259,test,분식,T2 동의어,q_분식_08,토스트 가게,음식점 중 '분식'을 판매·제공하는 매장,d52b963d-16be-4f1b-8eb7-f272f3b83979,강북토스트,토스트,수유중앙골목시장골목형상점가,골목형상점가,서울특별시,3.0,0.0,,,P1_BINARY_THRESHOLD,True,,,,,
e0644c1a365056fca152,test,분식,T2 동의어,q_분식_08,토스트 가게,음식점 중 '분식'을 판매·제공하는 매장,7c21ff58-1dd9-41a1-b366-50610036b092,이삭토스트,토스트,흥덕 다채움 골목형 상점가,골목형상점가,경기도,3.0,0.0,,,P1_BINARY_THRESHOLD,True,,,,,
9407c4084176b044bfc6,test,분식,T2 동의어,q_분식_08,토스트 가게,음식점 중 '분식'을 판매·제공하는 매장,dc9a803e-49d0-4a41-8534-11f889435106,이삭토스트,토스트,마산 구암시장,전통시장,경상남도,3.0,0.0,,,P1_BINARY_THRESHOLD,True,,,,,
94e1068ad759d8c9f584,test,분식,T2 동의어,q_분식_08,토스트 가게,음식점 중 '분식'을 판매·제공하는 매장,0012a3b4-64a1-440c-a76e-f2be12a2f086,튀김집,분식,두암시장주변 골목형상점가,골목형상점가,광주광역시,2.0,3.0,,,P2_GRADED_ONLY,True,,,,,
0a81055fddd3aa9a7787,test,분식,T2 동의어,q_분식_08,토스트 가게,음식점 중 '분식'을 판매·제공하는 매장,ff6b8626-c069-47f1-98c9-fd4193dbc11a,골목 토스트,토스트,지범골목먹거리타운 골목형상점가,골목형상점가,대구광역시,3.0,0.0,,,P1_BINARY_THRESHOLD,True,,,,,
2470f6d83150c5e6741a,test,분식,T2 동의어,q_분식_08,토스트 가게,음식점 중 '분식'을 판매·제공하는 매장,879f1844-fb01-445a-acf0-aa3b0c8d534d,이삭토스트,토스트,서문대로704번길 골목형상점가,골목형상점가,광주광역시,3.0,0.0,,,P1_BINARY_THRESHOLD,True,,,,,
e6a1dda1761c192edffd,test,분식,T2 동의어,q_분식_08,토스트 가게,음식점 중 '분식'을 판매·제공하는 매장,aaef4e51-9e76-45a2-868f-ded4f819e21c,해피토스트,토스트,용두동미르길골목형상점가,골목형상점가,대전광역시,3.0,0.0,,,P1_BINARY_THRESHOLD,True,,,,,
a7454abbc2510b19718e,test,분식,T2 동의어,q_분식_08,토스트 가게,음식점 중 '분식'을 판매·제공하는 매장,59ad0290-ff96-4043-bc7a-3b09f96f6951,토스트잇,토스트,낙낙별길골목형상점가,골목형상점가,서울특별시,3.0,0.0,,,P1_BINARY_THRESHOLD,True,,,,,
794454941667f06e6bb6,test,분식,T2 동의어,q_분식_08,토스트 가게,음식점 중 '분식'을 판매·제공하는 매장,fffa064e-53c7-4da7-a4ce-ff8a83b68b61,서현탁구클럽,탁구장,효자촌 골목형상점가,골목형상점가,경기도,0.0,0.0,,,RESOLVED_AGREEMENT,False,0,,,,
64543615ee4ccb0f2b37,test,분식,T2 동의어,q_분식_08,토스트 가게,음식점 중 '분식'을 판매·제공하는 매장,008594db-d86c-4014-bf5c-16f6cd40402d,와글와글봄소풍,김밥,다사역 골목형상점가,골목형상점가,대구광역시,2.0,3.0,,,P2_GRADED_ONLY,True,,,,,
68fa7f86e347c8ba838e,test,분식,T2 동의어,q_분식_08,토스트 가게,음식점 중 '분식'을 판매·제공하는 매장,c5f79209-bb6d-47d6-9cfa-0dac0cb53db4,이삭토스트,토스트,탕정미래 골목형상점가,골목형상점가,충청남도,3.0,0.0,,,P1_BINARY_THRESHOLD,True,,,,,
7c79a9336c4c31f21986,test,분식,T2 동의어,q_분식_08,토스트 가게,음식점 중 '분식'을 판매·제공하는 매장,f0c8a0c8-20b4-429f-bbe6-9949b0985eb6,이삭토스트,토스트,봉일천전통시장,전통시장,경기도,3.0,0.0,,,P1_BINARY_THRESHOLD,True,,,,,
0986a32398beed49ae8b,test,분식,T2 동의어,q_분식_08,토스트 가게,음식점 중 '분식'을 판매·제공하는 매장,559154fd-7979-49d5-ad60-890898c12377,정다운약국,,황금수정 골목형상점가,골목형상점가,부산광역시,0.0,0.0,,,RESOLVED_AGREEMENT,False,0,,,,
bc902c850297ff585422,test,분식,T2 동의어,q_분식_08,토스트 가게,음식점 중 '분식'을 판매·제공하는 매장,bfaaa2da-e587-4861-aaf1-d37a1ab737b0,이삭토스트,토스트,금촌문화로시장,전통시장,경기도,3.0,0.0,,,P1_BINARY_THRESHOLD,True,,,,,
2ca2ac6bc8a4c6bf3965,test,분식,T2 동의어,q_분식_08,토스트 가게,음식점 중 '분식'을 판매·제공하는 매장,a66caa12-d548-45f7-9d03-dd9ca062cdbb,민씨네토스트,토스트,의정부제일시장,전통시장,경기도,3.0,0.0,,,P1_BINARY_THRESHOLD,True,,,,,
7493149fe4d09e161ac4,test,분식,T2 동의어,q_분식_08,토스트 가게,음식점 중 '분식'을 판매·제공하는 매장,045215f0-9db0-4054-8c69-702841941f01,문토스트용호점,카페토스트,용호1동골목시장,전통시장,부산광역시,3.0,0.0,,,P1_BINARY_THRESHOLD,True,,,,,
0815929d8405fca2be12,test,분식,T2 동의어,q_분식_08,토스트 가게,음식점 중 '분식'을 판매·제공하는 매장,e641e98e-0a5d-4efd-8aa3-3ba6b41a24af,도야짬뽕 쌍촌점,중식,참샘상인회 골목형상점가,골목형상점가,광주광역시,0.0,1.0,,,P2_GRADED_ONLY,True,,,,,
945cb9cfcaa492c7fa6f,test,분식,T2 동의어,q_분식_08,토스트 가게,음식점 중 '분식'을 판매·제공하는 매장,001bda4f-046f-44c5-b084-8de630ac405a,김밥윤,김밥 등,보람동 골목형상점가,골목형상점가,세종특별자치시,2.0,3.0,,,P2_GRADED_ONLY,True,,,,,
a459b3c51011a22afdba,test,분식,T2 동의어,q_분식_08,토스트 가게,음식점 중 '분식'을 판매·제공하는 매장,18d4d63a-b5ce-4f82-b01a-e8c2fa7df0ef,청담네일,미용,풍암신암상인회 골목형상점가,골목형상점가,광주광역시,0.0,0.0,,,RESOLVED_AGREEMENT,False,0,,,,
fcbf5248b3513d97cfc4,test,분식,T2 동의어,q_분식_08,토스트 가게,음식점 중 '분식'을 판매·제공하는 매장,3ac9d5d9-24a6-4b8f-99c2-bf11e49e1b19,토피,토스트,쌍학로상인회 골목형상점가,골목형상점가,광주광역시,3.0,0.0,,,P1_BINARY_THRESHOLD,True,,,,,
50aa26172bad5b67068e,test,분식,T2 동의어,q_분식_08,토스트 가게,음식점 중 '분식'을 판매·제공하는 매장,aada6bd5-f29d-48fd-ab64-369bcc6bc80a,종점토스트,토스트,사근살곶이골목형상점가,골목형상점가,서울특별시,3.0,0.0,,,P1_BINARY_THRESHOLD,True,,,,,
706f948778897ed687a0,test,분식,T2 동의어,q_분식_08,토스트 가게,음식점 중 '분식'을 판매·제공하는 매장,9669d3c3-9aac-4389-82c4-5558ebead83c,입터진토스트,토스트,점촌역전상점가,자율상권구역,경상북도,3.0,0.0,,,P1_BINARY_THRESHOLD,True,,,,,
916141b611b8ac0e0be6,test,분식,T2 동의어,q_분식_08,토스트 가게,음식점 중 '분식'을 판매·제공하는 매장,005313c8-dce8-49b6-9841-9143ebb1305a,동원떡집,,박달시장,전통시장,경기도,1.0,0.0,,,P2_GRADED_ONLY,True,,,,,
b1f2e00c835e027f3a7a,test,분식,T2 동의어,q_분식_08,토스트 가게,음식점 중 '분식'을 판매·제공하는 매장,0018c143-a8bd-4461-a8ae-ee348edfad7a,김가네의정부중앙역점,김밥 분식 식사등,의정부시 구도심 상권활성화구역,상권활성화구역,경기도,2.0,3.0,,,P2_GRADED_ONLY,True,,,,,
76aa5004b35100ce1790,test,분식,T2 동의어,q_분식_08,토스트 가게,음식점 중 '분식'을 판매·제공하는 매장,823d6c6a-120d-41d9-8135-b580f252a6fd,이삭토스트,토스트,강진중앙로상가,자율상권구역,전라남도,3.0,0.0,,,P1_BINARY_THRESHOLD,True,,,,,
705d474499abd116d24d,test,분식,T2 동의어,q_분식_08,토스트 가게,음식점 중 '분식'을 판매·제공하는 매장,bc3ce2ea-c112-4dd8-bfca-40b10f0ab716,이삭토스트,토스트,여수진남상가,자율상권구역,전라남도,3.0,0.0,,,P1_BINARY_THRESHOLD,True,,,,,
67a68063facf58333e84,test,분식,T2 동의어,q_분식_08,토스트 가게,음식점 중 '분식'을 판매·제공하는 매장,b41ac99b-b7d9-4ba2-9d20-a7633d66a792,의왕토스트,토스트,의왕도깨비시장,전통시장,경기도,3.0,0.0,,,P1_BINARY_THRESHOLD,True,,,,,
d9d2025b7a47f958b759,test,분식,T2 동의어,q_분식_08,토스트 가게,음식점 중 '분식'을 판매·제공하는 매장,02f03161-3a15-416f-bdd6-8ad5bd17781d,시골참순대,,관저동 먹자골목 골목형상점가,골목형상점가,대전광역시,2.0,3.0,,,P2_GRADED_ONLY,True,,,,,
24f42b9e663f3d646a28,test,분식,T2 동의어,q_분식_08,토스트 가게,음식점 중 '분식'을 판매·제공하는 매장,2fbc0cfc-59e6-483e-a7c1-f934df63eeef,이삭토스트,토스트,풍동온누리 골목형상점가,골목형상점가,경기도,3.0,0.0,,,P1_BINARY_THRESHOLD,True,,,,,
869a0796910fd6c4ba76,test,분식,T2 동의어,q_분식_08,토스트 가게,음식점 중 '분식'을 판매·제공하는 매장,0b8ef6dc-2f6b-4707-bd73-529122d9c97a,하단떡집,떡집,하단오일상설시장,전통시장,부산광역시,1.0,0.0,,,P2_GRADED_ONLY,True,,,,,
43212af45ee464b69873,test,분식,T2 동의어,q_분식_08,토스트 가게,음식점 중 '분식'을 판매·제공하는 매장,5a16b296-499e-4617-a612-77884dc449c0,이삭토스트,토스트,노원역9번출구 골목형상점가,골목형상점가,서울특별시,3.0,0.0,,,P1_BINARY_THRESHOLD,True,,,,,
c279d40a90c8ccdec474,test,분식,T2 동의어,q_분식_08,토스트 가게,음식점 중 '분식'을 판매·제공하는 매장,34218f54-4b29-4ff5-ada0-dc0f7681ce56,프린스토스트,토스트,세종전통시장,전통시장,세종특별자치시,3.0,0.0,,,P1_BINARY_THRESHOLD,True,,,,,
c281b20b592a4ba22457,test,분식,T2 동의어,q_분식_08,토스트 가게,음식점 중 '분식'을 판매·제공하는 매장,6cf819a2-011a-4ae7-9749-c809f0724291,알찬토스트,토스트,물베기 골목형상점가,골목형상점가,대구광역시,3.0,0.0,,,P1_BINARY_THRESHOLD,True,,,,,
bffe1807ea692b0d790b,test,분식,T2 동의어,q_분식_08,토스트 가게,음식점 중 '분식'을 판매·제공하는 매장,04b03558-95d1-4a0e-a9e2-9a9e72bdadb2,배가찐왕만두,만두,문흥2동 골목형상점가,골목형상점가,광주광역시,2.0,3.0,,,P2_GRADED_ONLY,True,,,,,
b177f9bdc7f20f9296fb,test,분식,T2 동의어,q_분식_08,토스트 가게,음식점 중 '분식'을 판매·제공하는 매장,e14a35ef-257b-4998-9fa3-d997baebd199,캠토토스트,토스트,직산읍삼은1번가골목형상점가,골목형상점가,충청남도,3.0,0.0,,,P1_BINARY_THRESHOLD,True,,,,,
9e5cdff176926dcc16cb,test,분식,T2 동의어,q_분식_08,토스트 가게,음식점 중 '분식'을 판매·제공하는 매장,00783b5c-54fd-42fc-8bcf-1ea7fce865d5,쫀득분식,분식,임방울거리3구역 골목형상점가,골목형상점가,광주광역시,2.0,3.0,,,P2_GRADED_ONLY,True,,,,,
9567f8621c2b56378037,test,분식,T2 동의어,q_분식_08,토스트 가게,음식점 중 '분식'을 판매·제공하는 매장,b753f8b8-41d4-4a7a-9e45-90fbbce7493b,지구토스트,토스트,큰방림길 골목형상점가,골목형상점가,광주광역시,3.0,0.0,,,P1_BINARY_THRESHOLD,True,,,,,
7c4180beadd05d618edb,test,분식,T2 동의어,q_분식_08,토스트 가게,음식점 중 '분식'을 판매·제공하는 매장,04c905ba-3172-4ea4-a6dd-4345d674dea0,덕순이네,제조업(떡집),장터길 골목형상점가,골목형상점가,경기도,1.0,0.0,,,P2_GRADED_ONLY,True,,,,,
91f90e56237f8cc3c6de,test,분식,T2 동의어,q_분식_08,토스트 가게,음식점 중 '분식'을 판매·제공하는 매장,0e3e29e3-1841-4324-a9ea-88e6bba873d8,봉천토스트,토스트 와플,봉천달빛길골목형상점가,골목형상점가,서울특별시,3.0,0.0,,,P1_BINARY_THRESHOLD,True,,,,,
3b19949855e61a800401,test,분식,T2 동의어,q_분식_08,토스트 가게,음식점 중 '분식'을 판매·제공하는 매장,007d6b63-4e47-47fa-aaa5-6d0b5cc7280b,도토리김밥계룡엄사점,분식,엄사 골목형상점가,골목형상점가,충청남도,2.0,3.0,,,P2_GRADED_ONLY,True,,,,,
6ae929be08c16d0c3c1e,test,분식,T2 동의어,q_분식_08,토스트 가게,음식점 중 '분식'을 판매·제공하는 매장,0a891050-80f2-4423-a5a4-fbd505f1e519,이삭토스트 대전테크노밸리점,토스트,테크노밸리 골목형상점가,골목형상점가,대전광역시,3.0,0.0,,,P1_BINARY_THRESHOLD,True,,,,,
88c617620f0f0318e3cf,test,분식,T2 동의어,q_분식_08,토스트 가게,음식점 중 '분식'을 판매·제공하는 매장,0ab4b1bd-93f1-4d46-b012-abfc9b1328dc,브라운토스트,"토스트, 음료",구즉 골목형상점가,골목형상점가,대전광역시,3.0,0.0,,,P1_BINARY_THRESHOLD,True,,,,,
1ea57b5fa2b36ff37394,test,분식,T2 동의어,q_분식_08,토스트 가게,음식점 중 '분식'을 판매·제공하는 매장,04a91b86-3405-4f8d-b0b8-eac86f3907c4,연지동토스트,커피토스트,연지시장,전통시장,부산광역시,3.0,0.0,,,P1_BINARY_THRESHOLD,True,,,,,
7cf5b352fb5cb89e3b4e,test,분식,T2 동의어,q_분식_08,토스트 가게,음식점 중 '분식'을 판매·제공하는 매장,6e6af143-774d-4846-ad49-8e8ff1216e8a,이삭토스트,토스트,양북시장,전통시장,경상북도,3.0,0.0,,,P1_BINARY_THRESHOLD,True,,,,,
ee5f625accb1271317d5,test,분식,T2 동의어,q_분식_08,토스트 가게,음식점 중 '분식'을 판매·제공하는 매장,015915e3-2542-4245-b627-0c775b4c5501,한내떡집,,거제 고현시장,전통시장,경상남도,1.0,0.0,,,P2_GRADED_ONLY,True,,,,,
1dc432e09a4e81815a7f,test,분식,T2 동의어,q_분식_08,토스트 가게,음식점 중 '분식'을 판매·제공하는 매장,f68126ee-7e4f-468a-aefc-ceecde6b5d1e,써니토스트,토스트,주막거리상점가,자율상권구역,경기도,3.0,0.0,,,P1_BINARY_THRESHOLD,True,,,,,
bbd1377c3dd5ed2dbe57,test,분식,T2 동의어,q_분식_08,토스트 가게,음식점 중 '분식'을 판매·제공하는 매장,0239c4e7-2ae3-4f29-8952-19c6d9d1d9a9,세번째집,순대국밥,성환이화시장,전통시장,충청남도,2.0,3.0,,,P2_GRADED_ONLY,True,,,,,
f94ec1a1f33ee9145f73,test,분식,T2 동의어,q_분식_08,토스트 가게,음식점 중 '분식'을 판매·제공하는 매장,c7c286d3-3448-4277-91ad-8c031c520f72,길거리토스트,토스트,홍천시장(홍천구시장),전통시장,강원특별자치도,3.0,0.0,,,P1_BINARY_THRESHOLD,True,,,,,
1a6f0d727a357b5abfe5,test,분식,T2 동의어,q_분식_08,토스트 가게,음식점 중 '분식'을 판매·제공하는 매장,00b5a007-bb8d-47db-963d-ccc7e93c25ac,장호덕 손만두 백석점,만두,백석한들1번가 골목형상점가,골목형상점가,충청남도,2.0,3.0,,,P2_GRADED_ONLY,True,,,,,
898cf35ae093feb06062,test,분식,T2 동의어,q_분식_08,토스트 가게,음식점 중 '분식'을 판매·제공하는 매장,cb7f488f-df80-422b-8329-0133d6512dd0,이삭토스트,토스트,광교매탄 골목형상점가,골목형상점가,경기도,3.0,0.0,,,P1_BINARY_THRESHOLD,True,,,,,
a261bdfcb309c75a61c0,test,분식,T2 동의어,q_분식_08,토스트 가게,음식점 중 '분식'을 판매·제공하는 매장,055b0501-9678-421c-9b8d-2994754df728,캠토토스트 계룡대실점,토스트,두마면 대실골목형상점가,골목형상점가,충청남도,3.0,0.0,,,P1_BINARY_THRESHOLD,True,,,,,
1a1e6ac46df47d805a9a,test,분식,T2 동의어,q_분식_08,토스트 가게,음식점 중 '분식'을 판매·제공하는 매장,abf9b0a8-af7d-4fd8-873c-127805d537b0,이삭토스트,토스트,금촌문화로시장,전통시장,경기도,3.0,0.0,,,P1_BINARY_THRESHOLD,True,,,,,
d2dae42a42749f2ed573,test,분식,T2 동의어,q_분식_08,토스트 가게,음식점 중 '분식'을 판매·제공하는 매장,00e9517a-1887-4acf-b072-10c7cadf9512,불닭발 땡초 동대문 엽기 떡볶이,분식,유엔남구 대학로 상권,,부산광역시,2.0,3.0,,,P2_GRADED_ONLY,True,,,,,
5de3a86c95e6294fd46e,test,분식,T2 동의어,q_분식_08,토스트 가게,음식점 중 '분식'을 판매·제공하는 매장,01853453-69ac-4f55-9cd8-09e40088ab59,가마솥왕만두,만두,울산번개시장,전통시장,울산광역시,2.0,3.0,,,P2_GRADED_ONLY,True,,,,,
f5e2a09b18852b3956e6,test,분식,T2 동의어,q_분식_08,토스트 가게,음식점 중 '분식'을 판매·제공하는 매장,53c62e04-00f6-4ee5-a01c-3f3bb5690597,할매국시,일반음식,거제 고현 골목형상점가,골목형상점가,경상남도,0.0,0.0,,,RESOLVED_AGREEMENT,False,0,,,,
96cf41bd84a83c9ba302,test,분식,T2 동의어,q_분식_08,토스트 가게,음식점 중 '분식'을 판매·제공하는 매장,00719699-eb0c-4473-bda9-7a16eace345e,봉식이옛날왕만두,만두,삼익 골목형상점가,골목형상점가,서울특별시,2.0,3.0,,,P2_GRADED_ONLY,True,,,,,
3ec8dfaacc9b7e99bcbb,test,분식,T2 동의어,q_분식_08,토스트 가게,음식점 중 '분식'을 판매·제공하는 매장,00ca89c2-42a8-432d-ba4b-5abd23c18ab0,계란밥,계란밥분식,시청역상가번영회 골목형상점가,골목형상점가,광주광역시,2.0,3.0,,,P2_GRADED_ONLY,True,,,,,
41ee53fc3c7a2946170d,test,분식,T2 동의어,q_분식_08,토스트 가게,음식점 중 '분식'을 판매·제공하는 매장,772aaee5-cb59-4878-ae34-430f0d3ecf11,단골식품,식잡화류,용현시장,전통시장,인천광역시,0.0,0.0,,,RESOLVED_AGREEMENT,False,0,,,,
19b661c29da5968fc9e4,test,분식,T2 동의어,q_분식_08,토스트 가게,음식점 중 '분식'을 판매·제공하는 매장,0011cf6d-567e-4c3b-b113-363daa11212a,김밥먹고 닭꼬치,,배방상점가,자율상권구역,충청남도,2.0,3.0,,,P2_GRADED_ONLY,True,,,,,
74b151c3529cd57e8d4d,test,분식,T2 동의어,q_분식_08,토스트 가게,음식점 중 '분식'을 판매·제공하는 매장,00e30e6c-dde0-49cd-9e3e-95465aa4247e,동해분식,분식,서남신시장,전통시장,대구광역시,2.0,3.0,,,P2_GRADED_ONLY,True,,,,,
150213c4d8781df926c9,test,분식,T2 동의어,q_분식_08,토스트 가게,음식점 중 '분식'을 판매·제공하는 매장,f5ffa8a6-3205-49fc-97a7-2803e1baf8aa,이삭토스트,토스트,조대장미의거리 상점가,자율상권구역,광주광역시,3.0,0.0,,,P1_BINARY_THRESHOLD,True,,,,,
587e35055c77fa8b7765,test,분식,T2 동의어,q_분식_08,토스트 가게,음식점 중 '분식'을 판매·제공하는 매장,0910caae-ad67-4ef3-934e-fff4c6059206,참토스트 대전학하점,토스트,계산동 골목형상점가,골목형상점가,대전광역시,3.0,0.0,,,P1_BINARY_THRESHOLD,True,,,,,
d3a01b8d17416d307f70,test,분식,T2 동의어,q_분식_08,토스트 가게,음식점 중 '분식'을 판매·제공하는 매장,d8dac4f2-ae73-4708-8110-6cfb90bc3ce1,봉평산골메밀촌,한식,수락산디자인거리 골목형상점가,골목형상점가,서울특별시,1.0,1.0,,,RESOLVED_AGREEMENT,False,1,,,,
78a9e9417a1c276d67cb,test,분식,T2 동의어,q_분식_08,토스트 가게,음식점 중 '분식'을 판매·제공하는 매장,e3bc1b64-cd2f-4464-b19b-f84fc0880053,이삭토스트,토스트,효행구봉담상점가,골목형상점가,경기도,3.0,0.0,,,P1_BINARY_THRESHOLD,True,,,,,
77afeca7d0f12915d858,test,분식,T2 동의어,q_분식_08,토스트 가게,음식점 중 '분식'을 판매·제공하는 매장,7162a8e5-1a46-4423-af77-58bb2ee7e5b1,해피토스트,토스트,아진상가,골목형상점가,울산광역시,3.0,0.0,,,P1_BINARY_THRESHOLD,True,,,,,
0926d2c292ef3cdda016,test,분식,T2 동의어,q_분식_08,토스트 가게,음식점 중 '분식'을 판매·제공하는 매장,d10e55c5-2306-43af-9ce7-ec852fe87158,이삭토스트,토스트,안양1번가 상점가,자율상권구역,경기도,3.0,0.0,,,P1_BINARY_THRESHOLD,True,,,,,
81088f3eb52bf3b83462,test,분식,T2 동의어,q_분식_08,토스트 가게,음식점 중 '분식'을 판매·제공하는 매장,a9a5dcef-dfd4-4533-8d9d-1ac236df88a6,다인토스트,토스트,안양중앙인정시장,전통시장,경기도,3.0,0.0,,,P1_BINARY_THRESHOLD,True,,,,,
2e6a00403ff618b2617a,test,분식,T2 동의어,q_분식_08,토스트 가게,음식점 중 '분식'을 판매·제공하는 매장,3e702233-f4a9-44a6-9a7b-4cde61cd8602,역전토스트,토스트,정읍연지상점가,자율상권구역,전북특별자치도,3.0,0.0,,,P1_BINARY_THRESHOLD,True,,,,,
469aeb8c6a37e73a2c62,test,분식,T2 동의어,q_분식_08,토스트 가게,음식점 중 '분식'을 판매·제공하는 매장,34f7b22e-5d0b-4275-a9c0-68b7a056f223,이삭토스트,토스트,건대로데오거리골목형상점가,골목형상점가,서울특별시,3.0,0.0,,,P1_BINARY_THRESHOLD,True,,,,,
b0ea467773efbb16438f,test,분식,T2 동의어,q_분식_08,토스트 가게,음식점 중 '분식'을 판매·제공하는 매장,89699db0-c7a6-413d-a6d7-aa9740300d49,토스트클럽,토스트,마산 창동통합상가,자율상권구역,경상남도,3.0,0.0,,,P1_BINARY_THRESHOLD,True,,,,,
5d0745b848801d9efd8f,test,분식,T2 동의어,q_분식_08,토스트 가게,음식점 중 '분식'을 판매·제공하는 매장,024c1f10-1fe0-4be3-8bde-6465f5cd8c43,오늘은 떡볶이,"떡볶이, 튀김, 순대 등",석촌시장,전통시장,서울특별시,2.0,3.0,,,P2_GRADED_ONLY,True,,,,,
87311855f00b5d8f1920,test,분식,T2 동의어,q_분식_08,토스트 가게,음식점 중 '분식'을 판매·제공하는 매장,29b05536-85ca-4c29-8a57-81ac12f5cc43,유명토스트,토스트,구서오시게시장,전통시장,부산광역시,3.0,0.0,,,P1_BINARY_THRESHOLD,True,,,,,
9b2eeb4370956c6bca00,test,분식,T2 동의어,q_분식_08,토스트 가게,음식점 중 '분식'을 판매·제공하는 매장,00ec6d6a-b0c1-4662-b17f-9c9f059a4bcd,백암서울순대국,순대국,강서구청먹자골목골목형상점가,골목형상점가,서울특별시,2.0,3.0,,,P2_GRADED_ONLY,True,,,,,
ed21d79ebe62bfffdf9e,test,분식,T2 동의어,q_분식_08,토스트 가게,음식점 중 '분식'을 판매·제공하는 매장,25d9e7a8-8d2b-48ac-b3aa-5fe368fcf055,노원토스트,토스트,상계중앙시장,전통시장,서울특별시,3.0,0.0,,,P1_BINARY_THRESHOLD,True,,,,,
25d2b0afccf95d7fb069,test,분식,T2 동의어,q_분식_08,토스트 가게,음식점 중 '분식'을 판매·제공하는 매장,3064c2e9-f131-413e-8804-a1f89662d905,참토스트,토스트,하남 골목형상점가,골목형상점가,광주광역시,3.0,0.0,,,P1_BINARY_THRESHOLD,True,,,,,
6f2084d761bf801cf1b2,test,분식,T2 동의어,q_분식_08,토스트 가게,음식점 중 '분식'을 판매·제공하는 매장,0075dacf-3e3f-47b8-a4af-d3a2ff866348,북툰커피앤카페,찐빵 만두 커피,신창진흥 골목형상점가,골목형상점가,광주광역시,2.0,3.0,,,P2_GRADED_ONLY,True,,,,,
73cbe3579fdc8fac4ea3,test,분식,T2 동의어,q_분식_08,토스트 가게,음식점 중 '분식'을 판매·제공하는 매장,f8260db0-d50e-4fcc-91d2-0e043e00ca7f,토스트랑,토스트,개봉중앙골목형상점가,골목형상점가,서울특별시,3.0,0.0,,,P1_BINARY_THRESHOLD,True,,,,,
481b6f10d9b069c0af0a,test,분식,T2 동의어,q_분식_08,토스트 가게,음식점 중 '분식'을 판매·제공하는 매장,7d2264da-5ceb-4179-a616-cf9613a693d3,냥냥토스트,토스트,진해 군항상권활성화구역,상권활성화구역,경상남도,3.0,0.0,,,P1_BINARY_THRESHOLD,True,,,,,
084b52140c4e0a412a2b,test,분식,T2 동의어,q_분식_08,토스트 가게,음식점 중 '분식'을 판매·제공하는 매장,723dc3b7-f79f-4866-aea0-86581998a4ee,봉순언니토스트,토스트,창원 명서시장,전통시장,경상남도,3.0,0.0,,,P1_BINARY_THRESHOLD,True,,,,,
e2645516234eceffc7fa,test,분식,T2 동의어,q_분식_08,토스트 가게,음식점 중 '분식'을 판매·제공하는 매장,55c321c5-abd4-4182-99af-1b678b27a6df,정토스트,토스트,청주북부시장,전통시장,충청북도,3.0,0.0,,,P1_BINARY_THRESHOLD,True,,,,,
5d8f8bd4e90333c2e22e,test,분식,T2 동의어,q_분식_08,토스트 가게,음식점 중 '분식'을 판매·제공하는 매장,d238fa62-8188-4122-a9b5-a2479f7a841d,석봉토스트,토스트,대현프리몰 대구점,일반지하상점가,대구광역시,3.0,0.0,,,P1_BINARY_THRESHOLD,True,,,,,
9d992e7c1c039996918f,test,분식,T2 동의어,q_분식_08,토스트 가게,음식점 중 '분식'을 판매·제공하는 매장,064d899b-c65a-4b75-9a15-9ca1eaf707f4,이삭토스트,토스트 등,매탄중심상가 골목형상점가,골목형상점가,경기도,3.0,0.0,,,P1_BINARY_THRESHOLD,True,,,,,
f539aa50a12a819eddf5,test,분식,T2 동의어,q_분식_08,토스트 가게,음식점 중 '분식'을 판매·제공하는 매장,98fa1cbe-3566-483a-ad8a-0c5014d57659,해피토스트,토스트,안동광석거리 골목형상점가,골목형상점가,경상북도,3.0,0.0,,,P1_BINARY_THRESHOLD,True,,,,,
21fa5140af40737e269b,test,분식,T2 동의어,q_분식_08,토스트 가게,음식점 중 '분식'을 판매·제공하는 매장,18981922-65de-449b-a737-62f8f6152e7a,그린라이프,도소매(란제리),신원시장,전통시장,서울특별시,0.0,0.0,,,RESOLVED_AGREEMENT,False,0,,,,
30235a7562ba2736e295,test,분식,T2 동의어,q_분식_08,토스트 가게,음식점 중 '분식'을 판매·제공하는 매장,016f68a3-c16f-467c-af96-22466baf3a6a,쉬즈베이글,토스트,읍내리 원도심 골목형상점가,골목형상점가,전라남도,3.0,0.0,,,P1_BINARY_THRESHOLD,True,,,,,
0e402a5011dca1f2359b,test,분식,T2 동의어,q_분식_08,토스트 가게,음식점 중 '분식'을 판매·제공하는 매장,017c71f5-48d0-4cce-a370-a84d34d36658,무봉리토종순대국파주운정점,,산내마을 골목형상점가,골목형상점가,경기도,2.0,3.0,,,P2_GRADED_ONLY,True,,,,,
96ff6e36191a40e47ae9,test,분식,T2 동의어,q_분식_08,토스트 가게,음식점 중 '분식'을 판매·제공하는 매장,001cb3d4-5441-4963-b517-d5b3904ee312,현창떡집,떡집,목포동부시장,전통시장,전라남도,1.0,0.0,,,P2_GRADED_ONLY,True,,,,,
23659d8c63708752a81f,test,분식,T2 동의어,q_분식_08,토스트 가게,음식점 중 '분식'을 판매·제공하는 매장,49efea61-51b8-4d68-bc82-027f6529e5aa,캠토토스트,토스트,계림 재미로 골목형상점가,골목형상점가,광주광역시,3.0,0.0,,,P1_BINARY_THRESHOLD,True,,,,,
ab4c88fecbbdb18053ed,test,분식,T2 동의어,q_분식_08,토스트 가게,음식점 중 '분식'을 판매·제공하는 매장,7670dbad-2255-4570-8c5c-28dc32150760,샌토락,토스트,금왕중심골목형상점가,골목형상점가,충청북도,3.0,0.0,,,P1_BINARY_THRESHOLD,True,,,,,
3a0ade58599c6f982b21,test,분식,T2 동의어,q_분식_08,토스트 가게,음식점 중 '분식'을 판매·제공하는 매장,00b5a60c-c548-4ac2-8259-9bb788c0fc58,까치김밥,김밥식사류,신림별빛거리골목형상점가,골목형상점가,서울특별시,2.0,3.0,,,P2_GRADED_ONLY,True,,,,,
606afb941061c8bfaa91,test,분식,T4 구어·문장,q_분식_09,간단히 분식 먹을 데,음식점 중 '분식'을 판매·제공하는 매장,846dc27e-1e79-48bb-b0ad-bbef2455e763,먹거리,분식,괴산시장,전통시장,충청북도,3.0,3.0,,,RESOLVED_AGREEMENT,False,3,,,,
c84a0ec173e8eaf65647,test,분식,T4 구어·문장,q_분식_09,간단히 분식 먹을 데,음식점 중 '분식'을 판매·제공하는 매장,00e9517a-1887-4acf-b072-10c7cadf9512,불닭발 땡초 동대문 엽기 떡볶이,분식,유엔남구 대학로 상권,,부산광역시,3.0,3.0,,,RESOLVED_AGREEMENT,False,3,,,,
c8284a90be689f7a284e,test,분식,T4 구어·문장,q_분식_09,간단히 분식 먹을 데,음식점 중 '분식'을 판매·제공하는 매장,7a990f9f-3e45-479c-a1a0-34ea0e7eadb7,나리네분식,간단먹거리,남대문시장,전통시장,서울특별시,2.0,3.0,,,P2_GRADED_ONLY,True,,,,,
c065c8a64287d2f8f9b7,test,분식,T4 구어·문장,q_분식_09,간단히 분식 먹을 데,음식점 중 '분식'을 판매·제공하는 매장,b095fabc-58ab-43ed-a143-7c930ab86019,서울왕만두,분식,제천중앙시장,전통시장,충청북도,3.0,3.0,,,RESOLVED_AGREEMENT,False,3,,,,
5eda7fd6cb9ffbd52885,test,분식,T4 구어·문장,q_분식_09,간단히 분식 먹을 데,음식점 중 '분식'을 판매·제공하는 매장,93896569-1f05-47ad-ae55-34977c81045b,튀겨볶아,분식,신기시장,전통시장,인천광역시,3.0,3.0,,,RESOLVED_AGREEMENT,False,3,,,,
636fcd537bf75b28012a,test,분식,T4 구어·문장,q_분식_09,간단히 분식 먹을 데,음식점 중 '분식'을 판매·제공하는 매장,650fb1c8-2fb9-4884-9010-f52f0279d69c,담안분식,분식,창원 대동그린코아상가,전통시장,경상남도,3.0,3.0,,,RESOLVED_AGREEMENT,False,3,,,,
8557b81f741c68a5f16a,test,분식,T4 구어·문장,q_분식_09,간단히 분식 먹을 데,음식점 중 '분식'을 판매·제공하는 매장,0018c143-a8bd-4461-a8ae-ee348edfad7a,김가네의정부중앙역점,김밥 분식 식사등,의정부시 구도심 상권활성화구역,상권활성화구역,경기도,3.0,3.0,,,RESOLVED_AGREEMENT,False,3,,,,
cf3297b761e58af1a28a,test,분식,T4 구어·문장,q_분식_09,간단히 분식 먹을 데,음식점 중 '분식'을 판매·제공하는 매장,c91c5e2b-c8db-4e19-9823-4a2b01c7f858,불티나 분식,분식,덕풍전통시장,전통시장,경기도,3.0,3.0,,,RESOLVED_AGREEMENT,False,3,,,,
cddb51e9e1deaaa2621f,test,분식,T4 구어·문장,q_분식_09,간단히 분식 먹을 데,음식점 중 '분식'을 판매·제공하는 매장,b804cf3f-f859-49e9-ac04-446dea87c7ef,먹을래싸갈래,분식,국민시장,전통시장,부산광역시,3.0,3.0,,,RESOLVED_AGREEMENT,False,3,,,,
9f68b0413b82f70d4140,test,분식,T4 구어·문장,q_분식_09,간단히 분식 먹을 데,음식점 중 '분식'을 판매·제공하는 매장,3c499d93-8014-40c7-9c5e-81bb25cb215a,반찬백화점,반찬,동두천큰시장,전통시장,경기도,0.0,0.0,,,RESOLVED_AGREEMENT,False,0,,,,
8a81312f3d66b478c07e,test,분식,T4 구어·문장,q_분식_09,간단히 분식 먹을 데,음식점 중 '분식'을 판매·제공하는 매장,70a427d1-cc28-4741-ad9c-0aabb27054e8,수제뿐식,분식,문창시장,전통시장,대전광역시,3.0,3.0,,,RESOLVED_AGREEMENT,False,3,,,,
f591ca7bbb2025df5b30,test,분식,T4 구어·문장,q_분식_09,간단히 분식 먹을 데,음식점 중 '분식'을 판매·제공하는 매장,3dbcfc1a-c288-41f4-8889-e707195917db,붕떡붕떡,분식,거북시장,전통시장,인천광역시,3.0,3.0,,,RESOLVED_AGREEMENT,False,3,,,,
6c355f4450699adbab6a,test,분식,T4 구어·문장,q_분식_09,간단히 분식 먹을 데,음식점 중 '분식'을 판매·제공하는 매장,14eddfdd-d8cd-450e-a6c0-8e24736768f9,먹자분식,분식,양곡오라니장터시장(양곡장터시장),전통시장,경기도,3.0,3.0,,,RESOLVED_AGREEMENT,False,3,,,,
3fe066c4ab03b123fdaf,test,분식,T4 구어·문장,q_분식_09,간단히 분식 먹을 데,음식점 중 '분식'을 판매·제공하는 매장,9882fd1e-b920-4a4f-b009-c351d616c8e8,으뜸분식,분식,돌고래시장(돌고래종합상가),전통시장,경기도,3.0,3.0,,,RESOLVED_AGREEMENT,False,3,,,,
8dc8966e0f9001c8880b,test,분식,T4 구어·문장,q_분식_09,간단히 분식 먹을 데,음식점 중 '분식'을 판매·제공하는 매장,0011cf6d-567e-4c3b-b113-363daa11212a,김밥먹고 닭꼬치,,배방상점가,자율상권구역,충청남도,3.0,3.0,,,RESOLVED_AGREEMENT,False,3,,,,
e0f18ef4eecdc5c89d32,test,분식,T4 구어·문장,q_분식_09,간단히 분식 먹을 데,음식점 중 '분식'을 판매·제공하는 매장,a3305d17-57d9-48f2-b4fc-f69b7c4c85f9,미미네 분식,분식,진천혁신골목형상점가,골목형상점가,충청북도,3.0,3.0,,,RESOLVED_AGREEMENT,False,3,,,,
cd6f04be62e1930c12d3,test,분식,T4 구어·문장,q_분식_09,간단히 분식 먹을 데,음식점 중 '분식'을 판매·제공하는 매장,a7a6a329-5b44-4bea-a216-fd50b04f2075,송광축산,축산물,임방울거리1구역 골목형상점가,골목형상점가,광주광역시,0.0,0.0,,,RESOLVED_AGREEMENT,False,0,,,,
2dbdb0d1a75ce8248ab7,test,분식,T4 구어·문장,q_분식_09,간단히 분식 먹을 데,음식점 중 '분식'을 판매·제공하는 매장,48ae1217-dc05-4298-8826-e6d30ca382d2,먹자튀김,분식,읍내리 원도심 골목형상점가,골목형상점가,전라남도,3.0,3.0,,,RESOLVED_AGREEMENT,False,3,,,,
28755059a8575c97315f,test,분식,T4 구어·문장,q_분식_09,간단히 분식 먹을 데,음식점 중 '분식'을 판매·제공하는 매장,00b5a60c-c548-4ac2-8259-9bb788c0fc58,까치김밥,김밥식사류,신림별빛거리골목형상점가,골목형상점가,서울특별시,3.0,3.0,,,RESOLVED_AGREEMENT,False,3,,,,
cf36919ac83f137d9ca1,test,분식,T4 구어·문장,q_분식_09,간단히 분식 먹을 데,음식점 중 '분식'을 판매·제공하는 매장,d57d5981-2bd3-439b-b3a8-6b5b4994204f,이분식,분식,무주반딧불상권활성화구역,상권활성화구역,전북특별자치도,3.0,3.0,,,RESOLVED_AGREEMENT,False,3,,,,
79ed57599004411d573d,test,분식,T4 구어·문장,q_분식_09,간단히 분식 먹을 데,음식점 중 '분식'을 판매·제공하는 매장,7e8b5abd-6765-4a5a-b0ff-db9d3ace2a2d,간식시간,분식,중앙로2 골목형상점가,골목형상점가,충청남도,3.0,3.0,,,RESOLVED_AGREEMENT,False,3,,,,
f204264ad551c5a7c421,test,분식,T4 구어·문장,q_분식_09,간단히 분식 먹을 데,음식점 중 '분식'을 판매·제공하는 매장,0910caae-ad67-4ef3-934e-fff4c6059206,참토스트 대전학하점,토스트,계산동 골목형상점가,골목형상점가,대전광역시,3.0,0.0,,,P1_BINARY_THRESHOLD,True,,,,,
9e11985dbd080d3b3174,test,분식,T4 구어·문장,q_분식_09,간단히 분식 먹을 데,음식점 중 '분식'을 판매·제공하는 매장,001cb3d4-5441-4963-b517-d5b3904ee312,현창떡집,떡집,목포동부시장,전통시장,전라남도,1.0,0.0,,,P2_GRADED_ONLY,True,,,,,
93dfef1c95f97e15a0eb,test,분식,T4 구어·문장,q_분식_09,간단히 분식 먹을 데,음식점 중 '분식'을 판매·제공하는 매장,10d6d09e-a90f-4267-a996-4c4bb67dff8c,자유분식,분식,진주 자유시장,전통시장,경상남도,3.0,3.0,,,RESOLVED_AGREEMENT,False,3,,,,
a4111087d7b5e4056268,test,분식,T4 구어·문장,q_분식_09,간단히 분식 먹을 데,음식점 중 '분식'을 판매·제공하는 매장,08fd525f-a0ac-4e8c-96f9-bc40a4eaf842,분식맘,분식,금호공설시장,전통시장,경상북도,3.0,3.0,,,RESOLVED_AGREEMENT,False,3,,,,
45816f3e5b4a8e851986,test,분식,T4 구어·문장,q_분식_09,간단히 분식 먹을 데,음식점 중 '분식'을 판매·제공하는 매장,5a365053-ba4c-4e4d-8e89-cfb39549c1e6,만다린,중식,연무 골목형상점가,골목형상점가,경기도,0.0,1.0,,,P2_GRADED_ONLY,True,,,,,
8a3aae60cc92d79dceba,test,분식,T4 구어·문장,q_분식_09,간단히 분식 먹을 데,음식점 중 '분식'을 판매·제공하는 매장,00783b5c-54fd-42fc-8bcf-1ea7fce865d5,쫀득분식,분식,임방울거리3구역 골목형상점가,골목형상점가,광주광역시,3.0,3.0,,,RESOLVED_AGREEMENT,False,3,,,,
8d85ee71508eb5692561,test,분식,T4 구어·문장,q_분식_09,간단히 분식 먹을 데,음식점 중 '분식'을 판매·제공하는 매장,faa42f97-f53c-422c-baba-12be7ed2bf90,나들이 분식,분식,반여2동상가시장,전통시장,부산광역시,3.0,3.0,,,RESOLVED_AGREEMENT,False,3,,,,
f79b6ea93b4b35647144,test,분식,T4 구어·문장,q_분식_09,간단히 분식 먹을 데,음식점 중 '분식'을 판매·제공하는 매장,a8b9ef14-bdd0-4b00-a948-1ca1b9faa612,모일맨,분식,도군머리 골목형상점가,골목형상점가,광주광역시,3.0,3.0,,,RESOLVED_AGREEMENT,False,3,,,,
f58031236271caf87e9d,test,분식,T4 구어·문장,q_분식_09,간단히 분식 먹을 데,음식점 중 '분식'을 판매·제공하는 매장,90376d82-87fd-4a8d-99b7-9c03ee2815b1,먹을래싸갈래,,사직거인 골목형상점가,골목형상점가,부산광역시,,0.0,Y,,P0_UNCERTAIN_OR_MISSING,True,,,,,
852c83fd790258543453,test,분식,T4 구어·문장,q_분식_09,간단히 분식 먹을 데,음식점 중 '분식'을 판매·제공하는 매장,0e9f0ef6-5316-46a8-a066-f4bbb1e4e762,감내분식,분식,감천문화마을 골목형상점가,골목형상점가,부산광역시,3.0,3.0,,,RESOLVED_AGREEMENT,False,3,,,,
06476db389ea5054319b,test,분식,T4 구어·문장,q_분식_09,간단히 분식 먹을 데,음식점 중 '분식'을 판매·제공하는 매장,cb94ab18-d6ef-4442-b56a-5303e3278207,골목분식,분식,하단오일상설시장,전통시장,부산광역시,3.0,3.0,,,RESOLVED_AGREEMENT,False,3,,,,
38f3615ca4c392bf2a4a,test,분식,T4 구어·문장,q_분식_09,간단히 분식 먹을 데,음식점 중 '분식'을 판매·제공하는 매장,13d4434f-e7e2-4186-b57e-6c65fb16e6bc,떡뽀이,분식,적성전통시장,전통시장,경기도,3.0,3.0,,,RESOLVED_AGREEMENT,False,3,,,,
1ba9a384c2e345ca8fbc,test,분식,T4 구어·문장,q_분식_09,간단히 분식 먹을 데,음식점 중 '분식'을 판매·제공하는 매장,a1b3ef25-45bb-43e0-a0d4-cc56682224b4,다롱분식,분식,상계주공1단지 가상가,자율상권구역,서울특별시,3.0,3.0,,,RESOLVED_AGREEMENT,False,3,,,,
28af99f3949051671fb4,test,분식,T4 구어·문장,q_분식_09,간단히 분식 먹을 데,음식점 중 '분식'을 판매·제공하는 매장,a70ae85b-0454-462c-8db3-bbd7766afdee,다닐목,분식,대산종합시장,전통시장,충청남도,3.0,3.0,,,RESOLVED_AGREEMENT,False,3,,,,
89e4fca9c5d5d762cc8f,test,분식,T4 구어·문장,q_분식_09,간단히 분식 먹을 데,음식점 중 '분식'을 판매·제공하는 매장,65c06f56-f1ac-4edf-8762-17cefd430713,학!땡분식,분식,양지중앙 골목형상점가,골목형상점가,경기도,3.0,3.0,,,RESOLVED_AGREEMENT,False,3,,,,
12f0369cfca45f6b3bf0,test,분식,T4 구어·문장,q_분식_09,간단히 분식 먹을 데,음식점 중 '분식'을 판매·제공하는 매장,75a60a94-d2be-44cf-b81b-502d93d4aede,팡이네 분식,분식,쌍리단길상점가,자율상권구역,서울특별시,3.0,3.0,,,RESOLVED_AGREEMENT,False,3,,,,
53cff240457acfbdefec,test,분식,T4 구어·문장,q_분식_09,간단히 분식 먹을 데,음식점 중 '분식'을 판매·제공하는 매장,2056c69e-64b4-4b28-8ce2-800cbcec3e25,먹을꼬얌,음식,산본로데오거리(구 산본중심상가),자율상권구역,경기도,0.0,0.0,,,RESOLVED_AGREEMENT,False,0,,,,
9580276adc765796f379,test,분식,T4 구어·문장,q_분식_09,간단히 분식 먹을 데,음식점 중 '분식'을 판매·제공하는 매장,6b9a2b26-9295-498c-991e-47c3b403385b,짱맛분식,분식,태화시장,전통시장,울산광역시,3.0,3.0,,,RESOLVED_AGREEMENT,False,3,,,,
005332e7cd36b3613640,test,분식,T4 구어·문장,q_분식_09,간단히 분식 먹을 데,음식점 중 '분식'을 판매·제공하는 매장,04c905ba-3172-4ea4-a6dd-4345d674dea0,덕순이네,제조업(떡집),장터길 골목형상점가,골목형상점가,경기도,1.0,0.0,,,P2_GRADED_ONLY,True,,,,,
9aeaf2f7350cb84ed9d7,test,분식,T4 구어·문장,q_분식_09,간단히 분식 먹을 데,음식점 중 '분식'을 판매·제공하는 매장,f8d03d5c-a44f-43e8-b2e6-60e261a78cd2,"오늘도, 분식",분식,새미래 골목형상점가,골목형상점가,대전광역시,3.0,3.0,,,RESOLVED_AGREEMENT,False,3,,,,
fe99892d5355ae81bf04,test,분식,T4 구어·문장,q_분식_09,간단히 분식 먹을 데,음식점 중 '분식'을 판매·제공하는 매장,c6787d2f-964b-42c0-a487-fa3a8fd2c097,아리수 분식,분식,풍암고앞상인회 골목형상점가,골목형상점가,광주광역시,3.0,3.0,,,RESOLVED_AGREEMENT,False,3,,,,
df141118da7f9198d893,test,분식,T4 구어·문장,q_분식_09,간단히 분식 먹을 데,음식점 중 '분식'을 판매·제공하는 매장,52bae579-263d-479e-a46d-2ec326936756,핫떡,분식,방학동도깨비시장,전통시장,서울특별시,3.0,3.0,,,RESOLVED_AGREEMENT,False,3,,,,
4272c395db60d6912594,test,분식,T4 구어·문장,q_분식_09,간단히 분식 먹을 데,음식점 중 '분식'을 판매·제공하는 매장,045215f0-9db0-4054-8c69-702841941f01,문토스트용호점,카페토스트,용호1동골목시장,전통시장,부산광역시,3.0,0.0,,,P1_BINARY_THRESHOLD,True,,,,,
ab7e4e9bd2a698cf4b4a,test,분식,T4 구어·문장,q_분식_09,간단히 분식 먹을 데,음식점 중 '분식'을 판매·제공하는 매장,211c59b2-afc0-4fe0-8c6f-bb7d8be557e3,먹보분식,분식,전주모래내시장,전통시장,전북특별자치도,3.0,3.0,,,RESOLVED_AGREEMENT,False,3,,,,
42aa8970c8e383066107,test,분식,T4 구어·문장,q_분식_09,간단히 분식 먹을 데,음식점 중 '분식'을 판매·제공하는 매장,00e30e6c-dde0-49cd-9e3e-95465aa4247e,동해분식,분식,서남신시장,전통시장,대구광역시,3.0,3.0,,,RESOLVED_AGREEMENT,False,3,,,,
db2d533e770bc6fb0990,test,분식,T4 구어·문장,q_분식_09,간단히 분식 먹을 데,음식점 중 '분식'을 판매·제공하는 매장,b71c5e42-f72a-413c-9fb8-49b8e0a7b52b,먹깨비집,분식,방림로 골목형상점가,골목형상점가,광주광역시,3.0,3.0,,,RESOLVED_AGREEMENT,False,3,,,,
e9cc3f69252fd20f6cb6,test,분식,T4 구어·문장,q_분식_09,간단히 분식 먹을 데,음식점 중 '분식'을 판매·제공하는 매장,04b03558-95d1-4a0e-a9e2-9a9e72bdadb2,배가찐왕만두,만두,문흥2동 골목형상점가,골목형상점가,광주광역시,3.0,3.0,,,RESOLVED_AGREEMENT,False,3,,,,
7b6bf0c64e0ecd6f8a49,test,분식,T4 구어·문장,q_분식_09,간단히 분식 먹을 데,음식점 중 '분식'을 판매·제공하는 매장,5f2020b6-aa86-4f18-a592-ab461df6c372,웰츠분식,분식,웰츠타워 골목형상점가,골목형상점가,울산광역시,3.0,3.0,,,RESOLVED_AGREEMENT,False,3,,,,
2bc43e9cc417540f21b8,test,분식,T4 구어·문장,q_분식_09,간단히 분식 먹을 데,음식점 중 '분식'을 판매·제공하는 매장,00ec6d6a-b0c1-4662-b17f-9c9f059a4bcd,백암서울순대국,순대국,강서구청먹자골목골목형상점가,골목형상점가,서울특별시,3.0,3.0,,,RESOLVED_AGREEMENT,False,3,,,,
f5fac318e45fc8bf7eac,test,분식,T4 구어·문장,q_분식_09,간단히 분식 먹을 데,음식점 중 '분식'을 판매·제공하는 매장,008594db-d86c-4014-bf5c-16f6cd40402d,와글와글봄소풍,김밥,다사역 골목형상점가,골목형상점가,대구광역시,3.0,3.0,,,RESOLVED_AGREEMENT,False,3,,,,
e4c8690e0193f5e44338,test,분식,T4 구어·문장,q_분식_09,간단히 분식 먹을 데,음식점 중 '분식'을 판매·제공하는 매장,0075dacf-3e3f-47b8-a4af-d3a2ff866348,북툰커피앤카페,찐빵 만두 커피,신창진흥 골목형상점가,골목형상점가,광주광역시,3.0,3.0,,,RESOLVED_AGREEMENT,False,3,,,,
a4e730c9fae82b0ec035,test,분식,T4 구어·문장,q_분식_09,간단히 분식 먹을 데,음식점 중 '분식'을 판매·제공하는 매장,52aa21c7-93f0-4310-8077-d8e649c46a94,홍군튀떡,분식,송죽솔대 골목형상점가,골목형상점가,경기도,3.0,3.0,,,RESOLVED_AGREEMENT,False,3,,,,
d156f6fc7b24495b0022,test,분식,T4 구어·문장,q_분식_09,간단히 분식 먹을 데,음식점 중 '분식'을 판매·제공하는 매장,0b8ef6dc-2f6b-4707-bd73-529122d9c97a,하단떡집,떡집,하단오일상설시장,전통시장,부산광역시,1.0,0.0,,,P2_GRADED_ONLY,True,,,,,
dde90a5bff419bbb96a1,test,분식,T4 구어·문장,q_분식_09,간단히 분식 먹을 데,음식점 중 '분식'을 판매·제공하는 매장,e2b22322-7784-4858-8587-35f03db0c09b,산분식,분식,풍암우미상인회 골목형상점가,골목형상점가,광주광역시,3.0,3.0,,,RESOLVED_AGREEMENT,False,3,,,,
43c9319e23dc779cfa79,test,분식,T4 구어·문장,q_분식_09,간단히 분식 먹을 데,음식점 중 '분식'을 판매·제공하는 매장,9e26aed7-76f9-4ded-8e50-f3b4cc21acb2,녹두골,한식,오류골먹자골목 골목형상점가,골목형상점가,서울특별시,1.0,1.0,,,RESOLVED_AGREEMENT,False,1,,,,
521d4ec22653296da793,test,분식,T4 구어·문장,q_분식_09,간단히 분식 먹을 데,음식점 중 '분식'을 판매·제공하는 매장,3017a875-1d07-4b16-acf6-198e4807e6a0,평택고깃간,축산물,소사벌 에듀타운 상인회 골목형상점가,골목형상점가,경기도,0.0,0.0,,,RESOLVED_AGREEMENT,False,0,,,,
7543552515620ea5becd,test,분식,T4 구어·문장,q_분식_09,간단히 분식 먹을 데,음식점 중 '분식'을 판매·제공하는 매장,926f80c7-515f-4f04-ba57-243fc346ba6a,오킴밥,분식,인왕시장,전통시장,서울특별시,3.0,3.0,,,RESOLVED_AGREEMENT,False,3,,,,
8f896a3951abffe61e7d,test,분식,T4 구어·문장,q_분식_09,간단히 분식 먹을 데,음식점 중 '분식'을 판매·제공하는 매장,d90c5bdf-9b76-4833-9aef-c27a1dfc75b6,서도분식,분식,거마평로 골목형상점가,골목형상점가,전북특별자치도,3.0,3.0,,,RESOLVED_AGREEMENT,False,3,,,,
505bbda8842c9b3f39d7,test,분식,T4 구어·문장,q_분식_09,간단히 분식 먹을 데,음식점 중 '분식'을 판매·제공하는 매장,aea4c836-7dfd-422a-b66a-0ffb9a1e45f9,옛날분식,분식,전통중앙도매상가,전통시장,대전광역시,3.0,3.0,,,RESOLVED_AGREEMENT,False,3,,,,
fda947b37f2878dbc6fb,test,분식,T4 구어·문장,q_분식_09,간단히 분식 먹을 데,음식점 중 '분식'을 판매·제공하는 매장,7fde034b-96e4-455a-83e2-7b5692b96a17,먹을터,한식,화성행궁골목형상점가,골목형상점가,경기도,1.0,1.0,,,RESOLVED_AGREEMENT,False,1,,,,
69d073ec0b61484fa69a,test,분식,T4 구어·문장,q_분식_09,간단히 분식 먹을 데,음식점 중 '분식'을 판매·제공하는 매장,017c71f5-48d0-4cce-a370-a84d34d36658,무봉리토종순대국파주운정점,,산내마을 골목형상점가,골목형상점가,경기도,3.0,3.0,,,RESOLVED_AGREEMENT,False,3,,,,
cb465fe40a8d5fb78eb0,test,분식,T4 구어·문장,q_분식_09,간단히 분식 먹을 데,음식점 중 '분식'을 판매·제공하는 매장,001bda4f-046f-44c5-b084-8de630ac405a,김밥윤,김밥 등,보람동 골목형상점가,골목형상점가,세종특별자치시,3.0,3.0,,,RESOLVED_AGREEMENT,False,3,,,,
d7c5f768172fb217e5e0,test,분식,T4 구어·문장,q_분식_09,간단히 분식 먹을 데,음식점 중 '분식'을 판매·제공하는 매장,b2a99818-33c7-4726-bb20-e9baad4c69c6,먹거리타운,분식,강진중앙로상가,자율상권구역,전라남도,3.0,3.0,,,RESOLVED_AGREEMENT,False,3,,,,
266f9e83e96666f5669a,test,분식,T4 구어·문장,q_분식_09,간단히 분식 먹을 데,음식점 중 '분식'을 판매·제공하는 매장,4dcfbd81-8e8d-426f-b39e-74e1995c3393,끈적국수,분식,월곡1동 골목형상점가,골목형상점가,광주광역시,3.0,3.0,,,RESOLVED_AGREEMENT,False,3,,,,
b23ea1c3d7b8c7289b10,test,분식,T4 구어·문장,q_분식_09,간단히 분식 먹을 데,음식점 중 '분식'을 판매·제공하는 매장,0fcc963f-9fc4-4a48-bffb-1c69a5f196e1,효분식,분식,제천중앙시장,전통시장,충청북도,3.0,3.0,,,RESOLVED_AGREEMENT,False,3,,,,
af490166b7e46c1637ac,test,분식,T4 구어·문장,q_분식_09,간단히 분식 먹을 데,음식점 중 '분식'을 판매·제공하는 매장,60226811-ef9d-481d-91ff-e75d998d0ea1,심향,분식,충주관아골상가,전통시장,충청북도,3.0,3.0,,,RESOLVED_AGREEMENT,False,3,,,,
aedcdf33d72b8669175e,test,분식,T4 구어·문장,q_분식_09,간단히 분식 먹을 데,음식점 중 '분식'을 판매·제공하는 매장,00719699-eb0c-4473-bda9-7a16eace345e,봉식이옛날왕만두,만두,삼익 골목형상점가,골목형상점가,서울특별시,3.0,3.0,,,RESOLVED_AGREEMENT,False,3,,,,
d6e35ed5ad7f73f3a24a,test,분식,T4 구어·문장,q_분식_09,간단히 분식 먹을 데,음식점 중 '분식'을 판매·제공하는 매장,0a891050-80f2-4423-a5a4-fbd505f1e519,이삭토스트 대전테크노밸리점,토스트,테크노밸리 골목형상점가,골목형상점가,대전광역시,3.0,0.0,,,P1_BINARY_THRESHOLD,True,,,,,
0b46519ff632686142dd,test,분식,T4 구어·문장,q_분식_09,간단히 분식 먹을 데,음식점 중 '분식'을 판매·제공하는 매장,22a939a5-dd57-476c-acd5-4c40c7b522a6,어닝바,분식,중랑동부시장,전통시장,서울특별시,3.0,3.0,,,RESOLVED_AGREEMENT,False,3,,,,
5758f9ae2f33b7f4e07b,test,분식,T4 구어·문장,q_분식_09,간단히 분식 먹을 데,음식점 중 '분식'을 판매·제공하는 매장,0012a3b4-64a1-440c-a76e-f2be12a2f086,튀김집,분식,두암시장주변 골목형상점가,골목형상점가,광주광역시,3.0,3.0,,,RESOLVED_AGREEMENT,False,3,,,,
c05d9a618c0f08234981,test,분식,T4 구어·문장,q_분식_09,간단히 분식 먹을 데,음식점 중 '분식'을 판매·제공하는 매장,08263ee2-3ea0-47e2-b639-ff6944f09a81,춘향이네 분식,분식,남원공설시장,전통시장,전북특별자치도,3.0,3.0,,,RESOLVED_AGREEMENT,False,3,,,,
fc9df769a15bfb8ad0e1,test,분식,T4 구어·문장,q_분식_09,간단히 분식 먹을 데,음식점 중 '분식'을 판매·제공하는 매장,016f68a3-c16f-467c-af96-22466baf3a6a,쉬즈베이글,토스트,읍내리 원도심 골목형상점가,골목형상점가,전라남도,3.0,0.0,,,P1_BINARY_THRESHOLD,True,,,,,
cace463324e4f3dbb469,test,분식,T4 구어·문장,q_분식_09,간단히 분식 먹을 데,음식점 중 '분식'을 판매·제공하는 매장,2298b07d-56a1-42e1-93b1-c3d3a39ce518,정분식,분식,정훈한마음골목시장,골목형상점가,서울특별시,3.0,3.0,,,RESOLVED_AGREEMENT,False,3,,,,
395f7d680a219a7d27c4,test,분식,T4 구어·문장,q_분식_09,간단히 분식 먹을 데,음식점 중 '분식'을 판매·제공하는 매장,fcd1d180-df17-4597-83fd-7bef737a72e5,토이강정/분식,분식,인수로골목형상점가,골목형상점가,서울특별시,3.0,3.0,,,RESOLVED_AGREEMENT,False,3,,,,
e8ca0d9c83b91c17f60f,test,분식,T4 구어·문장,q_분식_09,간단히 분식 먹을 데,음식점 중 '분식'을 판매·제공하는 매장,4637d6d8-1fa2-487f-aa40-b2151290ef50,고향분식,분식,감포시장,전통시장,경상북도,3.0,3.0,,,RESOLVED_AGREEMENT,False,3,,,,
db0d1fa763584a4dd725,test,분식,T4 구어·문장,q_분식_09,간단히 분식 먹을 데,음식점 중 '분식'을 판매·제공하는 매장,2cbbc1df-39d4-4b58-b152-b83b99648429,양지마을,분식,내토전통시장,전통시장,충청북도,3.0,3.0,,,RESOLVED_AGREEMENT,False,3,,,,
849e863086b4cb7fce14,test,분식,T4 구어·문장,q_분식_09,간단히 분식 먹을 데,음식점 중 '분식'을 판매·제공하는 매장,de2cdf93-937c-4615-ab37-474c9e033e9f,까동,분식,전남대 상대 골목형상점가,골목형상점가,광주광역시,3.0,3.0,,,RESOLVED_AGREEMENT,False,3,,,,
d4f886c830ff284fc9f4,test,분식,T4 구어·문장,q_분식_09,간단히 분식 먹을 데,음식점 중 '분식'을 판매·제공하는 매장,024c1f10-1fe0-4be3-8bde-6465f5cd8c43,오늘은 떡볶이,"떡볶이, 튀김, 순대 등",석촌시장,전통시장,서울특별시,3.0,3.0,,,RESOLVED_AGREEMENT,False,3,,,,
e87fc8231d1833177109,test,분식,T4 구어·문장,q_분식_09,간단히 분식 먹을 데,음식점 중 '분식'을 판매·제공하는 매장,01853453-69ac-4f55-9cd8-09e40088ab59,가마솥왕만두,만두,울산번개시장,전통시장,울산광역시,3.0,3.0,,,RESOLVED_AGREEMENT,False,3,,,,
63908be03475d091b1e0,test,분식,T4 구어·문장,q_분식_09,간단히 분식 먹을 데,음식점 중 '분식'을 판매·제공하는 매장,2411013e-73bf-4cf8-b65a-3b8512d1a255,또바기 분식,분식,국수거리 골목형상점가,골목형상점가,전라남도,3.0,3.0,,,RESOLVED_AGREEMENT,False,3,,,,
958689902289fab9f88b,test,분식,T4 구어·문장,q_분식_09,간단히 분식 먹을 데,음식점 중 '분식'을 판매·제공하는 매장,02f03161-3a15-416f-bdd6-8ad5bd17781d,시골참순대,,관저동 먹자골목 골목형상점가,골목형상점가,대전광역시,3.0,3.0,,,RESOLVED_AGREEMENT,False,3,,,,
ac02af853b93d05074ee,test,분식,T4 구어·문장,q_분식_09,간단히 분식 먹을 데,음식점 중 '분식'을 판매·제공하는 매장,00b5a007-bb8d-47db-963d-ccc7e93c25ac,장호덕 손만두 백석점,만두,백석한들1번가 골목형상점가,골목형상점가,충청남도,3.0,3.0,,,RESOLVED_AGREEMENT,False,3,,,,
61b221459e43f1282e6d,test,분식,T4 구어·문장,q_분식_09,간단히 분식 먹을 데,음식점 중 '분식'을 판매·제공하는 매장,293bbbde-785b-42aa-a178-10aac5ee695d,골목애분식,분식,김천황금시장,전통시장,경상북도,3.0,3.0,,,RESOLVED_AGREEMENT,False,3,,,,
31d83f5633d961165884,test,분식,T4 구어·문장,q_분식_09,간단히 분식 먹을 데,음식점 중 '분식'을 판매·제공하는 매장,440e3256-5c56-41e1-8736-091361920933,영광분식,분식,광복마을3-4길 골목형상점가,골목형상점가,광주광역시,3.0,3.0,,,RESOLVED_AGREEMENT,False,3,,,,
f72ce3581a2d64945eb3,test,분식,T4 구어·문장,q_분식_09,간단히 분식 먹을 데,음식점 중 '분식'을 판매·제공하는 매장,2d540484-08bb-412a-b46a-8e6d2d079ce8,필분식,분식,월배신시장,전통시장,대구광역시,3.0,3.0,,,RESOLVED_AGREEMENT,False,3,,,,
59e377277dcab654736c,test,분식,T4 구어·문장,q_분식_09,간단히 분식 먹을 데,음식점 중 '분식'을 판매·제공하는 매장,cf6335ca-0afa-4f47-8aa2-d00a1546f83e,오늘도 분식,분식,갑천호수 골목형상점가,골목형상점가,대전광역시,3.0,3.0,,,RESOLVED_AGREEMENT,False,3,,,,
63a41cacf159e4281389,test,분식,T4 구어·문장,q_분식_09,간단히 분식 먹을 데,음식점 중 '분식'을 판매·제공하는 매장,dc303945-91d5-43cd-b49e-7d1d86258f18,한닢김밥,분식,이충 중심상가,골목형상점가,경기도,3.0,3.0,,,RESOLVED_AGREEMENT,False,3,,,,
786cb888ec1582a45d19,test,분식,T4 구어·문장,q_분식_09,간단히 분식 먹을 데,음식점 중 '분식'을 판매·제공하는 매장,007d6b63-4e47-47fa-aaa5-6d0b5cc7280b,도토리김밥계룡엄사점,분식,엄사 골목형상점가,골목형상점가,충청남도,3.0,3.0,,,RESOLVED_AGREEMENT,False,3,,,,
ee1fc8eef2b0046a69f5,test,분식,T4 구어·문장,q_분식_09,간단히 분식 먹을 데,음식점 중 '분식'을 판매·제공하는 매장,4feeee14-bdf6-4a37-9268-d8a119c3e182,찐떡,분식,남성역 골목시장,전통시장,서울특별시,3.0,3.0,,,RESOLVED_AGREEMENT,False,3,,,,
c0f085c1d0b7b0ed2dc8,test,분식,T4 구어·문장,q_분식_09,간단히 분식 먹을 데,음식점 중 '분식'을 판매·제공하는 매장,4a9bdc99-5b4d-4cc4-a7fa-a2bd888b3917,분식마을,분식,배방공수 골목형상점가,골목형상점가,충청남도,3.0,3.0,,,RESOLVED_AGREEMENT,False,3,,,,
4f8478c0dca2fa9b0f70,test,분식,T4 구어·문장,q_분식_09,간단히 분식 먹을 데,음식점 중 '분식'을 판매·제공하는 매장,015915e3-2542-4245-b627-0c775b4c5501,한내떡집,,거제 고현시장,전통시장,경상남도,1.0,0.0,,,P2_GRADED_ONLY,True,,,,,
9ae448580e0b87eaa221,test,분식,T4 구어·문장,q_분식_09,간단히 분식 먹을 데,음식점 중 '분식'을 판매·제공하는 매장,0239c4e7-2ae3-4f29-8952-19c6d9d1d9a9,세번째집,순대국밥,성환이화시장,전통시장,충청남도,3.0,3.0,,,RESOLVED_AGREEMENT,False,3,,,,
62ff9c8afd97d0278aa3,test,분식,T4 구어·문장,q_분식_09,간단히 분식 먹을 데,음식점 중 '분식'을 판매·제공하는 매장,0555a982-9411-4a65-9629-e51f7fa1b5c0,소영이네 분식,분식,증산종합시장,전통시장,서울특별시,3.0,3.0,,,RESOLVED_AGREEMENT,False,3,,,,
01a243bd44ac35d34d1b,test,분식,T4 구어·문장,q_분식_09,간단히 분식 먹을 데,음식점 중 '분식'을 판매·제공하는 매장,00e34fb5-e7d3-43aa-b574-400ee31abae5,은혜만두,만두,북동 골목형상점가,골목형상점가,광주광역시,3.0,3.0,,,RESOLVED_AGREEMENT,False,3,,,,
7f300598deee18128533,test,분식,T4 구어·문장,q_분식_09,간단히 분식 먹을 데,음식점 중 '분식'을 판매·제공하는 매장,96bb68a6-d1a9-4856-831f-039c523986c9,다온분식,분식,카림애비뉴애 골목형상점가,골목형상점가,세종특별자치시,3.0,3.0,,,RESOLVED_AGREEMENT,False,3,,,,
0279599c04b3754d81f1,test,분식,T4 구어·문장,q_분식_09,간단히 분식 먹을 데,음식점 중 '분식'을 판매·제공하는 매장,00ca89c2-42a8-432d-ba4b-5abd23c18ab0,계란밥,계란밥분식,시청역상가번영회 골목형상점가,골목형상점가,광주광역시,3.0,3.0,,,RESOLVED_AGREEMENT,False,3,,,,
7dc9c580a5f16f822ea3,test,분식,T4 구어·문장,q_분식_09,간단히 분식 먹을 데,음식점 중 '분식'을 판매·제공하는 매장,055b0501-9678-421c-9b8d-2994754df728,캠토토스트 계룡대실점,토스트,두마면 대실골목형상점가,골목형상점가,충청남도,3.0,0.0,,,P1_BINARY_THRESHOLD,True,,,,,
f378ba41598635bc429c,test,분식,T4 구어·문장,q_분식_09,간단히 분식 먹을 데,음식점 중 '분식'을 판매·제공하는 매장,005313c8-dce8-49b6-9841-9143ebb1305a,동원떡집,,박달시장,전통시장,경기도,1.0,0.0,,,P2_GRADED_ONLY,True,,,,,
54ef1aa3fd55d0dac640,test,분식,T4 구어·문장,q_분식_09,간단히 분식 먹을 데,음식점 중 '분식'을 판매·제공하는 매장,318aadc5-0d01-4fac-8fa2-8303e7978f23,비너스(교동점),속옷 및 잠옷,여수진남상가,자율상권구역,전라남도,0.0,0.0,,,RESOLVED_AGREEMENT,False,0,,,,
752d1a2150a5e920d8e5,test,분식,T4 구어·문장,q_분식_09,간단히 분식 먹을 데,음식점 중 '분식'을 판매·제공하는 매장,4e65eded-139b-422b-a408-8671c0ba9b6c,대발이 분식,분식,동서시장,전통시장,대구광역시,3.0,3.0,,,RESOLVED_AGREEMENT,False,3,,,,
df669253a5b9baead1f3,test,분식,T4 구어·문장,q_분식_09,간단히 분식 먹을 데,음식점 중 '분식'을 판매·제공하는 매장,04a91b86-3405-4f8d-b0b8-eac86f3907c4,연지동토스트,커피토스트,연지시장,전통시장,부산광역시,3.0,0.0,,,P1_BINARY_THRESHOLD,True,,,,,
8d99f173075090cd557d,test,분식,T4 구어·문장,q_분식_09,간단히 분식 먹을 데,음식점 중 '분식'을 판매·제공하는 매장,bfbe0599-5d2c-4f07-9790-d6dff987e424,락뽁기,분식,기린전통시장,전통시장,강원특별자치도,3.0,3.0,,,RESOLVED_AGREEMENT,False,3,,,,
3a3a777b06f51d1ae3cb,test,분식,T4 구어·문장,q_분식_09,간단히 분식 먹을 데,음식점 중 '분식'을 판매·제공하는 매장,12acfe7a-1939-4f43-b78b-4e09bbc595f0,소망분식,분식,임방울거리2구역 골목형상점가,골목형상점가,광주광역시,3.0,3.0,,,RESOLVED_AGREEMENT,False,3,,,,
212b68a9506556c15585,test,분식,T4 구어·문장,q_분식_09,간단히 분식 먹을 데,음식점 중 '분식'을 판매·제공하는 매장,f9356285-5283-48d1-a29b-a5959d996dd6,명품분식,분식,우이골목시장골목형상점가,골목형상점가,서울특별시,3.0,3.0,,,RESOLVED_AGREEMENT,False,3,,,,
5bb27f7d0b209556a724,test,분식,T4 구어·문장,q_분식_09,간단히 분식 먹을 데,음식점 중 '분식'을 판매·제공하는 매장,22ec6920-38b7-4d76-ac8c-f8ef74779d55,꿈떡분식,분식,산울림 골목형상점가,골목형상점가,세종특별자치시,3.0,3.0,,,RESOLVED_AGREEMENT,False,3,,,,
0025cedd2d270edbe656,test,분식,T4 구어·문장,q_분식_09,간단히 분식 먹을 데,음식점 중 '분식'을 판매·제공하는 매장,f6a377ff-d54d-413e-8981-82d8b75ebe8d,분식을 품다 방배점,분식,방배역먹자골목 골목형상점가,골목형상점가,서울특별시,3.0,3.0,,,RESOLVED_AGREEMENT,False,3,,,,
a6b4994f1ce26109074f,test,분식,T4 구어·문장,q_분식_09,간단히 분식 먹을 데,음식점 중 '분식'을 판매·제공하는 매장,69f20b3a-cf74-41ac-be36-9c519eb1470c,오늘도 분식,분식,전농배봉산맛집거리골목형상점가,골목형상점가,서울특별시,3.0,3.0,,,RESOLVED_AGREEMENT,False,3,,,,
dbf73076a077a50e94f9,test,분식,T4 구어·문장,q_분식_09,간단히 분식 먹을 데,음식점 중 '분식'을 판매·제공하는 매장,ce619091-0b24-4b4e-b648-3fc0764c885e,일곱가지 분식,분식,동구시장,전통시장,대구광역시,3.0,3.0,,,RESOLVED_AGREEMENT,False,3,,,,
1de43934f5c091371285,test,분식,T4 구어·문장,q_분식_09,간단히 분식 먹을 데,음식점 중 '분식'을 판매·제공하는 매장,db89eba8-a255-4559-8cd7-57ffeb2af883,떡산,분식,연서시장,전통시장,서울특별시,3.0,3.0,,,RESOLVED_AGREEMENT,False,3,,,,
de371c94c03b47784b2f,test,분식,T4 구어·문장,q_분식_09,간단히 분식 먹을 데,음식점 중 '분식'을 판매·제공하는 매장,7a736fc8-7e84-4cd5-a4d7-f9a5a0238d1f,커피허유,분식,해미읍성전통시장,전통시장,충청남도,3.0,3.0,,,RESOLVED_AGREEMENT,False,3,,,,
59c6a18a62c13feac719,test,분식,T4 구어·문장,q_분식_09,간단히 분식 먹을 데,음식점 중 '분식'을 판매·제공하는 매장,7c6683f5-862a-4d78-86fd-0543bf8e4450,김분식,분식,장천동상가,자율상권구역,전라남도,3.0,3.0,,,RESOLVED_AGREEMENT,False,3,,,,
a3427a5a8bf6b1721c56,test,분식,T4 구어·문장,q_분식_09,간단히 분식 먹을 데,음식점 중 '분식'을 판매·제공하는 매장,89a8afde-c143-4c41-a9c7-d408c9b39569,부흥분식,분식,원미부흥시장,전통시장,경기도,3.0,3.0,,,RESOLVED_AGREEMENT,False,3,,,,
d74134422055550c8a0a,test,분식,T4 구어·문장,q_분식_09,간단히 분식 먹을 데,음식점 중 '분식'을 판매·제공하는 매장,11ab4e10-6de7-441e-903a-c10077a650ad,진분식,분식,법원 앞 사과마을 골목형상점가,골목형상점가,광주광역시,3.0,3.0,,,RESOLVED_AGREEMENT,False,3,,,,
19c9938ba855750cafa1,test,분식,T4 구어·문장,q_분식_09,간단히 분식 먹을 데,음식점 중 '분식'을 판매·제공하는 매장,39b92297-99c8-441e-8c20-2723ee9621c7,맘분식,분식,미소상인회 골목형상점가,골목형상점가,서울특별시,3.0,3.0,,,RESOLVED_AGREEMENT,False,3,,,,
2bcceb6abe9443088c46,test,분식,T4 구어·문장,q_분식_09,간단히 분식 먹을 데,음식점 중 '분식'을 판매·제공하는 매장,8fdabafc-89e5-4327-b7e7-b0df5dcc1b86,진분식,분식(간이음식),남해전통시장,전통시장,경상남도,3.0,3.0,,,RESOLVED_AGREEMENT,False,3,,,,
8a37f50f26f299a3d77a,test,분식,T4 구어·문장,q_분식_09,간단히 분식 먹을 데,음식점 중 '분식'을 판매·제공하는 매장,e5a6f9f5-d811-46fa-8888-8b89aa1c13be,마띠나,분식,익산 다e로움 상권활성화구역,상권활성화구역,전북특별자치도,3.0,3.0,,,RESOLVED_AGREEMENT,False,3,,,,
fa06eb3a6d687338066d,test,분식,T4 구어·문장,q_분식_09,간단히 분식 먹을 데,음식점 중 '분식'을 판매·제공하는 매장,c45830a3-f6db-43dc-9e1c-bb38fcab54df,먹어보까,분식,해남매일시장,전통시장,전라남도,3.0,3.0,,,RESOLVED_AGREEMENT,False,3,,,,
bccfdcd3584898729b01,test,분식,T4 구어·문장,q_분식_09,간단히 분식 먹을 데,음식점 중 '분식'을 판매·제공하는 매장,04c41036-dbe4-4ce1-b514-707473b7ebb3,분식박사,분식,무거현대시장,골목형상점가,울산광역시,3.0,3.0,,,RESOLVED_AGREEMENT,False,3,,,,
66360ed8105b6cc2b27c,test,분식,T4 구어·문장,q_분식_09,간단히 분식 먹을 데,음식점 중 '분식'을 판매·제공하는 매장,064d899b-c65a-4b75-9a15-9ca1eaf707f4,이삭토스트,토스트 등,매탄중심상가 골목형상점가,골목형상점가,경기도,3.0,0.0,,,P1_BINARY_THRESHOLD,True,,,,,
9ab7901c2662f992aa9c,test,분식,T4 구어·문장,q_분식_09,간단히 분식 먹을 데,음식점 중 '분식'을 판매·제공하는 매장,8ffafcfa-88e1-4884-9aa2-751fbc868201,리틀꼬마김밥 구로항동점,한식,항동 골목형상점가,골목형상점가,서울특별시,2.0,3.0,,,P2_GRADED_ONLY,True,,,,,
aa0823baec36434441f9,test,분식,T4 구어·문장,q_분식_09,간단히 분식 먹을 데,음식점 중 '분식'을 판매·제공하는 매장,1d0cd062-96df-4398-8d95-8fc74a9eac0b,떽때기,분식,문창시장,전통시장,대전광역시,3.0,3.0,,,RESOLVED_AGREEMENT,False,3,,,,
097b3c9b77367999ccdf,test,분식,T4 구어·문장,q_분식_09,간단히 분식 먹을 데,음식점 중 '분식'을 판매·제공하는 매장,0ab4b1bd-93f1-4d46-b012-abfc9b1328dc,브라운토스트,"토스트, 음료",구즉 골목형상점가,골목형상점가,대전광역시,3.0,0.0,,,P1_BINARY_THRESHOLD,True,,,,,
d90bab998d36b47689e3,test,분식,T4 구어·문장,q_분식_10,떡볶이 김밥 파는 곳,음식점 중 '분식'을 판매·제공하는 매장,00b5a60c-c548-4ac2-8259-9bb788c0fc58,까치김밥,김밥식사류,신림별빛거리골목형상점가,골목형상점가,서울특별시,2.0,3.0,,,P2_GRADED_ONLY,True,,,,,
fa9e5e7f415688a394d1,test,분식,T4 구어·문장,q_분식_10,떡볶이 김밥 파는 곳,음식점 중 '분식'을 판매·제공하는 매장,045215f0-9db0-4054-8c69-702841941f01,문토스트용호점,카페토스트,용호1동골목시장,전통시장,부산광역시,2.0,0.0,,,P1_BINARY_THRESHOLD,True,,,,,
9f836147e8103716fb9b,test,분식,T4 구어·문장,q_분식_10,떡볶이 김밥 파는 곳,음식점 중 '분식'을 판매·제공하는 매장,d6b88a38-f66e-4f32-90b1-c26c72ccbe4e,미미떡볶이,떡볶이,용산용문시장,전통시장,서울특별시,3.0,3.0,,,RESOLVED_AGREEMENT,False,3,,,,
8268c856412be30bbc1e,test,분식,T4 구어·문장,q_분식_10,떡볶이 김밥 파는 곳,음식점 중 '분식'을 판매·제공하는 매장,c37d6b7a-d1ce-4005-8313-eb47eb598e07,참건강한이야기,견과류 건어물,성정시장(구 성정5단지시장),전통시장,충청남도,0.0,0.0,,,RESOLVED_AGREEMENT,False,0,,,,
e928b053d84e5aca6414,test,분식,T4 구어·문장,q_분식_10,떡볶이 김밥 파는 곳,음식점 중 '분식'을 판매·제공하는 매장,817124e1-2597-4a8a-8b73-7ce1b03c7f2e,신전떡볶이 효천점,떡볶이 튀김 김밥 컵밥,효천로 골목형상점가,골목형상점가,광주광역시,3.0,3.0,,,RESOLVED_AGREEMENT,False,3,,,,
a82b2aa5eba7b8468ec1,test,분식,T4 구어·문장,q_분식_10,떡볶이 김밥 파는 곳,음식점 중 '분식'을 판매·제공하는 매장,0badcdea-0ad3-4358-aab0-2570e7e02eaf,도라무통떡볶이,떡볶이,고척골목시장상점가,전통시장,서울특별시,3.0,3.0,,,RESOLVED_AGREEMENT,False,3,,,,
36471efccf00a44b8b95,test,분식,T4 구어·문장,q_분식_10,떡볶이 김밥 파는 곳,음식점 중 '분식'을 판매·제공하는 매장,0c5c2ea1-277b-43bc-bb0d-adefbd2a0e9a,빠사시,김밥 떡볶이,월산상가 골목형 상점가,골목형상점가,충청남도,3.0,3.0,,,RESOLVED_AGREEMENT,False,3,,,,
71fce02fb121576b5b7c,test,분식,T4 구어·문장,q_분식_10,떡볶이 김밥 파는 곳,음식점 중 '분식'을 판매·제공하는 매장,04152499-1e7f-451f-8393-4986be4bd671,신전떡볶이,떡볶이,행복상점가,자율상권구역,경상북도,3.0,3.0,,,RESOLVED_AGREEMENT,False,3,,,,
5a0d6cb64fb6a176db94,test,분식,T4 구어·문장,q_분식_10,떡볶이 김밥 파는 곳,음식점 중 '분식'을 판매·제공하는 매장,eeee4c6c-b716-49c4-a263-34678e26f406,오뚜기분식,김밥 떡볶이 튀김,원주남부시장,전통시장,강원특별자치도,3.0,3.0,,,RESOLVED_AGREEMENT,False,3,,,,
8469c4e7f4cbd643d914,test,분식,T4 구어·문장,q_분식_10,떡볶이 김밥 파는 곳,음식점 중 '분식'을 판매·제공하는 매장,76a3551b-dae4-4326-92cc-662015aedbfb,쉴 곳,한식,칠성로상점가,자율상권구역,제주특별자치도,1.0,1.0,,,RESOLVED_AGREEMENT,False,1,,,,
dcd8f8b46c9cd7fe5cfe,test,분식,T4 구어·문장,q_분식_10,떡볶이 김밥 파는 곳,음식점 중 '분식'을 판매·제공하는 매장,c81ad118-b343-4e24-b880-22b534f4cc5f,인디안 상설 김포모아아울렛,의류,모아패션아울렛 골목형상점가,골목형상점가,경기도,0.0,0.0,,,RESOLVED_AGREEMENT,False,0,,,,
3e2d83ac2898b78c2109,test,분식,T4 구어·문장,q_분식_10,떡볶이 김밥 파는 곳,음식점 중 '분식'을 판매·제공하는 매장,54210511-c272-4f01-bdda-6ee1b2cc3d5c,베스킨라빈스마동점,아이스크림,마동골목형상점가,골목형상점가,전라남도,0.0,0.0,,,RESOLVED_AGREEMENT,False,0,,,,
62ffd4c2fc8f7c60907e,test,분식,T4 구어·문장,q_분식_10,떡볶이 김밥 파는 곳,음식점 중 '분식'을 판매·제공하는 매장,0e53e871-e3c4-4ec3-8ddf-e1dfffedd517,신전떡볶이,떡볶이,풍암중앙상인회 골목형상점가,골목형상점가,광주광역시,3.0,3.0,,,RESOLVED_AGREEMENT,False,3,,,,
87c5fd4d0a2d61412a2d,test,분식,T4 구어·문장,q_분식_10,떡볶이 김밥 파는 곳,음식점 중 '분식'을 판매·제공하는 매장,41141106-89e9-41b4-93b0-34be9ee54a94,신전떡볶이,떡볶이,무꽃등 골목형상점가,골목형상점가,광주광역시,3.0,3.0,,,RESOLVED_AGREEMENT,False,3,,,,
09b2c236a326d915f107,test,분식,T4 구어·문장,q_분식_10,떡볶이 김밥 파는 곳,음식점 중 '분식'을 판매·제공하는 매장,007d6b63-4e47-47fa-aaa5-6d0b5cc7280b,도토리김밥계룡엄사점,분식,엄사 골목형상점가,골목형상점가,충청남도,2.0,3.0,,,P2_GRADED_ONLY,True,,,,,
d40d29d35a5ddda16808,test,분식,T4 구어·문장,q_분식_10,떡볶이 김밥 파는 곳,음식점 중 '분식'을 판매·제공하는 매장,04a91b86-3405-4f8d-b0b8-eac86f3907c4,연지동토스트,커피토스트,연지시장,전통시장,부산광역시,2.0,0.0,,,P1_BINARY_THRESHOLD,True,,,,,
07262d0839c70fad57ca,test,분식,T4 구어·문장,q_분식_10,떡볶이 김밥 파는 곳,음식점 중 '분식'을 판매·제공하는 매장,9f4fc8c6-f156-4759-bfe2-8ab5cf10b303,한결떡볶이,떡볶이,율곡동메타스퀘어 골목형상점가,골목형상점가,경상북도,3.0,3.0,,,RESOLVED_AGREEMENT,False,3,,,,
0f4a2a1aade72b820f39,test,분식,T4 구어·문장,q_분식_10,떡볶이 김밥 파는 곳,음식점 중 '분식'을 판매·제공하는 매장,d9e37b20-09f7-462c-9f14-93234bc40f3f,용두,떡볶이,중동사랑시장,전통시장,경기도,3.0,3.0,,,RESOLVED_AGREEMENT,False,3,,,,
14758226bde421b3d218,test,분식,T4 구어·문장,q_분식_10,떡볶이 김밥 파는 곳,음식점 중 '분식'을 판매·제공하는 매장,5a157cf2-712b-4d71-8147-c0627fcc784e,주전부리,김밥 및 떡볶이 등,세종전통시장,전통시장,세종특별자치시,3.0,3.0,,,RESOLVED_AGREEMENT,False,3,,,,
632737df04015b08bc24,test,분식,T4 구어·문장,q_분식_10,떡볶이 김밥 파는 곳,음식점 중 '분식'을 판매·제공하는 매장,001bda4f-046f-44c5-b084-8de630ac405a,김밥윤,김밥 등,보람동 골목형상점가,골목형상점가,세종특별자치시,2.0,3.0,,,P2_GRADED_ONLY,True,,,,,
7a7337d8ced2314d23c5,test,분식,T4 구어·문장,q_분식_10,떡볶이 김밥 파는 곳,음식점 중 '분식'을 판매·제공하는 매장,5d2350ee-2e30-43c2-8425-12deda06c68a,정말맛있는떡볶이,떡볶이,산격종합시장,전통시장,대구광역시,3.0,3.0,,,RESOLVED_AGREEMENT,False,3,,,,
432d5971d55df4703b5d,test,분식,T4 구어·문장,q_분식_10,떡볶이 김밥 파는 곳,음식점 중 '분식'을 판매·제공하는 매장,8f7736a8-2994-4436-b21e-b38e77a15f87,엽기떡볶이,떡볶이,뒷개로청춘골목상점가,골목형상점가,전라남도,3.0,3.0,,,RESOLVED_AGREEMENT,False,3,,,,
2ca865fe23bc7c6c8f64,test,분식,T4 구어·문장,q_분식_10,떡볶이 김밥 파는 곳,음식점 중 '분식'을 판매·제공하는 매장,4ab5beec-5662-4224-8270-f796a01595db,옛날맛떡볶이,떡볶이,대왕암 월봉시장,전통시장,울산광역시,3.0,3.0,,,RESOLVED_AGREEMENT,False,3,,,,
2189239da64d41e116ad,test,분식,T4 구어·문장,q_분식_10,떡볶이 김밥 파는 곳,음식점 중 '분식'을 판매·제공하는 매장,8df456bb-6f1a-4f52-9c9a-6b259531219c,수라김밥,김밥떡볶이,은마종합상점가,자율상권구역,서울특별시,3.0,3.0,,,RESOLVED_AGREEMENT,False,3,,,,
3d90db62e4f590ec255e,test,분식,T4 구어·문장,q_분식_10,떡볶이 김밥 파는 곳,음식점 중 '분식'을 판매·제공하는 매장,8e27495c-5602-4fec-8078-c50388975988,현대종합육절기,"육절기, 육절기수리",칠성전자주방시장,전통시장,대구광역시,0.0,0.0,,,RESOLVED_AGREEMENT,False,0,,,,
b8e8232ca743392ef551,test,분식,T4 구어·문장,q_분식_10,떡볶이 김밥 파는 곳,음식점 중 '분식'을 판매·제공하는 매장,00e34fb5-e7d3-43aa-b574-400ee31abae5,은혜만두,만두,북동 골목형상점가,골목형상점가,광주광역시,2.0,3.0,,,P2_GRADED_ONLY,True,,,,,
18a00ccde45e9dbd9e8f,test,분식,T4 구어·문장,q_분식_10,떡볶이 김밥 파는 곳,음식점 중 '분식'을 판매·제공하는 매장,b273d4a7-b227-4b90-9b4c-0438306ad924,오늘에 떡볶이,분식,메트로센터(반월당지하쇼핑),일반지하상점가,대구광역시,2.0,3.0,,,P2_GRADED_ONLY,True,,,,,
3f5a5ea9efdf510c8ea8,test,분식,T4 구어·문장,q_분식_10,떡볶이 김밥 파는 곳,음식점 중 '분식'을 판매·제공하는 매장,80184af3-549b-41e2-9efe-b8ca994b0de0,이모네김밥,"김밥, 떡볶이, 튀김 등",신철원시장,전통시장,강원특별자치도,3.0,3.0,,,RESOLVED_AGREEMENT,False,3,,,,
c5f6030112f55f7f6a06,test,분식,T4 구어·문장,q_분식_10,떡볶이 김밥 파는 곳,음식점 중 '분식'을 판매·제공하는 매장,a2bb4546-f8a2-4463-8613-05d48394bd67,한솔아동발달센터,상담,길주로 골목형상점가,골목형상점가,경기도,0.0,0.0,,,RESOLVED_AGREEMENT,False,0,,,,
2f119493191fd443e9a1,test,분식,T4 구어·문장,q_분식_10,떡볶이 김밥 파는 곳,음식점 중 '분식'을 판매·제공하는 매장,14e3d0d5-7d7f-430f-9cb8-5caa598cfd68,유성양꼬치,한식,양수리전통시장(양평양수리시장),전통시장,경기도,1.0,1.0,,,RESOLVED_AGREEMENT,False,1,,,,
246cfd36d3e382f9d27f,test,분식,T4 구어·문장,q_분식_10,떡볶이 김밥 파는 곳,음식점 중 '분식'을 판매·제공하는 매장,366ca53e-784c-451d-9fbc-d08616cc6a65,통 떡볶이,떡볶이 오뎅,상도약수골목형상점가,골목형상점가,서울특별시,3.0,3.0,,,RESOLVED_AGREEMENT,False,3,,,,
e2dacb7efc0ed5051748,test,분식,T4 구어·문장,q_분식_10,떡볶이 김밥 파는 곳,음식점 중 '분식'을 판매·제공하는 매장,447d62d7-01a6-428d-98d3-c536c70e544f,마포매운쌀떡볶이,떡볶이,수원역세권활성화구역,상권활성화구역,경기도,3.0,3.0,,,RESOLVED_AGREEMENT,False,3,,,,
f3fba560eb5025a8cc3c,test,분식,T4 구어·문장,q_분식_10,떡볶이 김밥 파는 곳,음식점 중 '분식'을 판매·제공하는 매장,6825e207-6612-42ca-80fd-b6466d73274c,볼빨간 떡볶이,,부안마실 상권활성화구역,상권활성화구역,전북특별자치도,3.0,3.0,,,RESOLVED_AGREEMENT,False,3,,,,
3a65e3edacd8796055e3,test,분식,T4 구어·문장,q_분식_10,떡볶이 김밥 파는 곳,음식점 중 '분식'을 판매·제공하는 매장,84fc36e0-460b-4ef2-a5a1-2cba747f4ea1,신전떡볶이,떡볶이 튀김 컵밥 김밥 순대 오뎅탕,광복마을5길 골목형상점가,골목형상점가,광주광역시,3.0,3.0,,,RESOLVED_AGREEMENT,False,3,,,,
8f8859c6355dda9fdfb0,test,분식,T4 구어·문장,q_분식_10,떡볶이 김밥 파는 곳,음식점 중 '분식'을 판매·제공하는 매장,ea98412a-0437-4b95-a30e-5b7d96b634b9,조원떡볶이,떡볶이김밥,조원시장,전통시장,경기도,3.0,3.0,,,RESOLVED_AGREEMENT,False,3,,,,
1335898e4da4f5464ac0,test,분식,T4 구어·문장,q_분식_10,떡볶이 김밥 파는 곳,음식점 중 '분식'을 판매·제공하는 매장,6247169f-31a8-4c51-8d42-aab5e19c8b11,부전떡볶이,떡볶이,부전상가시장,전통시장,부산광역시,3.0,3.0,,,RESOLVED_AGREEMENT,False,3,,,,
ac52e600522125da88b3,test,분식,T4 구어·문장,q_분식_10,떡볶이 김밥 파는 곳,음식점 중 '분식'을 판매·제공하는 매장,00ca89c2-42a8-432d-ba4b-5abd23c18ab0,계란밥,계란밥분식,시청역상가번영회 골목형상점가,골목형상점가,광주광역시,2.0,3.0,,,P2_GRADED_ONLY,True,,,,,
bd290882e28aa2184a2e,test,분식,T4 구어·문장,q_분식_10,떡볶이 김밥 파는 곳,음식점 중 '분식'을 판매·제공하는 매장,ab29e0a3-54ba-43d6-8d06-774d05760fd4,명동김밥,김밥 떡볶이,까치산시장,전통시장,서울특별시,3.0,3.0,,,RESOLVED_AGREEMENT,False,3,,,,
29bfd27bdcd480d20ec0,test,분식,T4 구어·문장,q_분식_10,떡볶이 김밥 파는 곳,음식점 중 '분식'을 판매·제공하는 매장,d4d96fd3-1106-439f-83d7-573789969e9e,신떡,떡볶이,혁신도시5구역골목형상점가,골목형상점가,강원특별자치도,3.0,3.0,,,RESOLVED_AGREEMENT,False,3,,,,
d317496fb2373ca0164e,test,분식,T4 구어·문장,q_분식_10,떡볶이 김밥 파는 곳,음식점 중 '분식'을 판매·제공하는 매장,008594db-d86c-4014-bf5c-16f6cd40402d,와글와글봄소풍,김밥,다사역 골목형상점가,골목형상점가,대구광역시,2.0,3.0,,,P2_GRADED_ONLY,True,,,,,
d9f58e166e6f994d642b,test,분식,T4 구어·문장,q_분식_10,떡볶이 김밥 파는 곳,음식점 중 '분식'을 판매·제공하는 매장,20b40099-91ac-46f9-992d-a966c1d17a38,또또꼬마김밥 혁신점,김밥 떡볶이,나주혁신도시 골목형상점가,골목형상점가,전라남도,3.0,3.0,,,RESOLVED_AGREEMENT,False,3,,,,
b5357657e6274ddba471,test,분식,T4 구어·문장,q_분식_10,떡볶이 김밥 파는 곳,음식점 중 '분식'을 판매·제공하는 매장,bb9657e5-4478-486f-ad4e-512feddd6fd2,부산떡볶이,떡볶이,창원 명서시장,전통시장,경상남도,3.0,3.0,,,RESOLVED_AGREEMENT,False,3,,,,
4e36495d4c9152622628,test,분식,T4 구어·문장,q_분식_10,떡볶이 김밥 파는 곳,음식점 중 '분식'을 판매·제공하는 매장,e7d340b6-c235-4697-b866-d64ca891fa01,왕자떡볶이,떡볶이,포방터시장,전통시장,서울특별시,3.0,3.0,,,RESOLVED_AGREEMENT,False,3,,,,
8b6046041e78c9db9a1a,test,분식,T4 구어·문장,q_분식_10,떡볶이 김밥 파는 곳,음식점 중 '분식'을 판매·제공하는 매장,0b8ef6dc-2f6b-4707-bd73-529122d9c97a,하단떡집,떡집,하단오일상설시장,전통시장,부산광역시,1.0,0.0,,,P2_GRADED_ONLY,True,,,,,
d20a4a1876513da624e9,test,분식,T4 구어·문장,q_분식_10,떡볶이 김밥 파는 곳,음식점 중 '분식'을 판매·제공하는 매장,da670fa3-2148-4109-960c-42607176f477,세종떡볶이,김밥,가재마을 골목형상점가,골목형상점가,세종특별자치시,2.0,3.0,,,P2_GRADED_ONLY,True,,,,,
073d55324c966a21ebc4,test,분식,T4 구어·문장,q_분식_10,떡볶이 김밥 파는 곳,음식점 중 '분식'을 판매·제공하는 매장,00e30e6c-dde0-49cd-9e3e-95465aa4247e,동해분식,분식,서남신시장,전통시장,대구광역시,2.0,3.0,,,P2_GRADED_ONLY,True,,,,,
671e5cb3321efa0aa676,test,분식,T4 구어·문장,q_분식_10,떡볶이 김밥 파는 곳,음식점 중 '분식'을 판매·제공하는 매장,8f90ec67-5ed8-4ae8-a390-3bd207b4c8ed,김밥카페,김밥 떡볶이,반곡동행복 골목형상점가,골목형상점가,세종특별자치시,3.0,3.0,,,RESOLVED_AGREEMENT,False,3,,,,
c21cc2c6bac56fc1381f,test,분식,T4 구어·문장,q_분식_10,떡볶이 김밥 파는 곳,음식점 중 '분식'을 판매·제공하는 매장,064d899b-c65a-4b75-9a15-9ca1eaf707f4,이삭토스트,토스트 등,매탄중심상가 골목형상점가,골목형상점가,경기도,2.0,0.0,,,P1_BINARY_THRESHOLD,True,,,,,
2ea7d09f24f589ef8b7c,test,분식,T4 구어·문장,q_분식_10,떡볶이 김밥 파는 곳,음식점 중 '분식'을 판매·제공하는 매장,00e9517a-1887-4acf-b072-10c7cadf9512,불닭발 땡초 동대문 엽기 떡볶이,분식,유엔남구 대학로 상권,,부산광역시,2.0,3.0,,,P2_GRADED_ONLY,True,,,,,
21699156e0d1e10c3671,test,분식,T4 구어·문장,q_분식_10,떡볶이 김밥 파는 곳,음식점 중 '분식'을 판매·제공하는 매장,fad37cf2-b0fb-4658-b08e-be7cd9392220,진미즉석떡볶이,떡볶이,이천중앙로상가,자율상권구역,경기도,3.0,3.0,,,RESOLVED_AGREEMENT,False,3,,,,
ef6d90c3e0f07295d1c7,test,분식,T4 구어·문장,q_분식_10,떡볶이 김밥 파는 곳,음식점 중 '분식'을 판매·제공하는 매장,001cb3d4-5441-4963-b517-d5b3904ee312,현창떡집,떡집,목포동부시장,전통시장,전라남도,1.0,0.0,,,P2_GRADED_ONLY,True,,,,,
81ed30a142705894e982,test,분식,T4 구어·문장,q_분식_10,떡볶이 김밥 파는 곳,음식점 중 '분식'을 판매·제공하는 매장,00783b5c-54fd-42fc-8bcf-1ea7fce865d5,쫀득분식,분식,임방울거리3구역 골목형상점가,골목형상점가,광주광역시,2.0,3.0,,,P2_GRADED_ONLY,True,,,,,
e2044b66d5bd8cfa1a44,test,분식,T4 구어·문장,q_분식_10,떡볶이 김밥 파는 곳,음식점 중 '분식'을 판매·제공하는 매장,015915e3-2542-4245-b627-0c775b4c5501,한내떡집,,거제 고현시장,전통시장,경상남도,1.0,0.0,,,P2_GRADED_ONLY,True,,,,,
2fc05f541428b6fdcbf6,test,분식,T4 구어·문장,q_분식_10,떡볶이 김밥 파는 곳,음식점 중 '분식'을 판매·제공하는 매장,01853453-69ac-4f55-9cd8-09e40088ab59,가마솥왕만두,만두,울산번개시장,전통시장,울산광역시,2.0,3.0,,,P2_GRADED_ONLY,True,,,,,
c2c32c3c79f064decf06,test,분식,T4 구어·문장,q_분식_10,떡볶이 김밥 파는 곳,음식점 중 '분식'을 판매·제공하는 매장,8999b2f3-923c-4484-8b1f-4fe276ee5594,철길 떡볶이,한식,망원시장,전통시장,서울특별시,2.0,3.0,,,P2_GRADED_ONLY,True,,,,,
e101a26b1eb9b94e1c66,test,분식,T4 구어·문장,q_분식_10,떡볶이 김밥 파는 곳,음식점 중 '분식'을 판매·제공하는 매장,0a891050-80f2-4423-a5a4-fbd505f1e519,이삭토스트 대전테크노밸리점,토스트,테크노밸리 골목형상점가,골목형상점가,대전광역시,2.0,0.0,,,P1_BINARY_THRESHOLD,True,,,,,
05b2f3b1a13e783295cb,test,분식,T4 구어·문장,q_분식_10,떡볶이 김밥 파는 곳,음식점 중 '분식'을 판매·제공하는 매장,ac903aa0-4b41-4857-8469-3fc5d4b9404d,죠스떡볶이,떡볶이,풍암1로상인회 골목형상점가,골목형상점가,광주광역시,3.0,3.0,,,RESOLVED_AGREEMENT,False,3,,,,
6dd2687816fef893305b,test,분식,T4 구어·문장,q_분식_10,떡볶이 김밥 파는 곳,음식점 중 '분식'을 판매·제공하는 매장,de05d917-8992-4480-a6cf-d5909c056c8f,돼지콩,떡볶이,해남읍 원도심 상권활성화구역,상권활성화구역,전라남도,3.0,3.0,,,RESOLVED_AGREEMENT,False,3,,,,
efd6941ed0183286c606,test,분식,T4 구어·문장,q_분식_10,떡볶이 김밥 파는 곳,음식점 중 '분식'을 판매·제공하는 매장,a7896d17-b33d-4b41-b130-f3dd63f00c03,국물떡볶이,떡볶이,동작구 LINK 상권활성화구역,상권활성화구역,서울특별시,3.0,3.0,,,RESOLVED_AGREEMENT,False,3,,,,
b3cb709e2e701c3b650d,test,분식,T4 구어·문장,q_분식_10,떡볶이 김밥 파는 곳,음식점 중 '분식'을 판매·제공하는 매장,a416ecbc-edc2-44a2-82ca-39e355d5f2ee,꼬김빱안산고잔신도시점,분식 김밥 떡볶이,사리골상점가,자율상권구역,경기도,3.0,3.0,,,RESOLVED_AGREEMENT,False,3,,,,
37c2161763f8015b15c1,test,분식,T4 구어·문장,q_분식_10,떡볶이 김밥 파는 곳,음식점 중 '분식'을 판매·제공하는 매장,04b03558-95d1-4a0e-a9e2-9a9e72bdadb2,배가찐왕만두,만두,문흥2동 골목형상점가,골목형상점가,광주광역시,2.0,3.0,,,P2_GRADED_ONLY,True,,,,,
183beb8ff593f280deaa,test,분식,T4 구어·문장,q_분식_10,떡볶이 김밥 파는 곳,음식점 중 '분식'을 판매·제공하는 매장,a44cae70-8c24-43fa-baa3-2aebf532e47e,갤러리분식,한식 떡볶이 김밥,안성맞춤시장,전통시장,경기도,3.0,3.0,,,RESOLVED_AGREEMENT,False,3,,,,
1d734fc4dafd9446989a,test,분식,T4 구어·문장,q_분식_10,떡볶이 김밥 파는 곳,음식점 중 '분식'을 판매·제공하는 매장,016f68a3-c16f-467c-af96-22466baf3a6a,쉬즈베이글,토스트,읍내리 원도심 골목형상점가,골목형상점가,전라남도,2.0,0.0,,,P1_BINARY_THRESHOLD,True,,,,,
5c2cf6c0e7e0061a190b,test,분식,T4 구어·문장,q_분식_10,떡볶이 김밥 파는 곳,음식점 중 '분식'을 판매·제공하는 매장,0075dacf-3e3f-47b8-a4af-d3a2ff866348,북툰커피앤카페,찐빵 만두 커피,신창진흥 골목형상점가,골목형상점가,광주광역시,2.0,3.0,,,P2_GRADED_ONLY,True,,,,,
eb07764b04e70cf03b98,test,분식,T4 구어·문장,q_분식_10,떡볶이 김밥 파는 곳,음식점 중 '분식'을 판매·제공하는 매장,23cf5255-56e3-45a5-bd6a-b7203dddfcc1,홍천떡볶이,떡볶이,신장대리 자율상권구역,,강원특별자치도,3.0,3.0,,,RESOLVED_AGREEMENT,False,3,,,,
c9f375e97d38dc6f42a6,test,분식,T4 구어·문장,q_분식_10,떡볶이 김밥 파는 곳,음식점 중 '분식'을 판매·제공하는 매장,7a7cf641-2ee9-4f37-a48f-a68df22e2680,신전 떡볶이,분식,안마을 골목형상점가,골목형상점가,서울특별시,2.0,3.0,,,P2_GRADED_ONLY,True,,,,,
24189a71eb4b00810cfd,test,분식,T4 구어·문장,q_분식_10,떡볶이 김밥 파는 곳,음식점 중 '분식'을 판매·제공하는 매장,bd6eff03-6504-4e47-967f-970e5a99a67d,신전떡볶이,떡볶이,은행동상점가(구 으능정이상점가),자율상권구역,대전광역시,3.0,3.0,,,RESOLVED_AGREEMENT,False,3,,,,
5cc4d3cd9cd9de560696,test,분식,T4 구어·문장,q_분식_10,떡볶이 김밥 파는 곳,음식점 중 '분식'을 판매·제공하는 매장,005313c8-dce8-49b6-9841-9143ebb1305a,동원떡집,,박달시장,전통시장,경기도,1.0,0.0,,,P2_GRADED_ONLY,True,,,,,
a8b278a364824368076d,test,분식,T4 구어·문장,q_분식_10,떡볶이 김밥 파는 곳,음식점 중 '분식'을 판매·제공하는 매장,0018c143-a8bd-4461-a8ae-ee348edfad7a,김가네의정부중앙역점,김밥 분식 식사등,의정부시 구도심 상권활성화구역,상권활성화구역,경기도,2.0,3.0,,,P2_GRADED_ONLY,True,,,,,
fa8b93b628cca3e6b718,test,분식,T4 구어·문장,q_분식_10,떡볶이 김밥 파는 곳,음식점 중 '분식'을 판매·제공하는 매장,00719699-eb0c-4473-bda9-7a16eace345e,봉식이옛날왕만두,만두,삼익 골목형상점가,골목형상점가,서울특별시,2.0,3.0,,,P2_GRADED_ONLY,True,,,,,
7677591c568e4c3854d2,test,분식,T4 구어·문장,q_분식_10,떡볶이 김밥 파는 곳,음식점 중 '분식'을 판매·제공하는 매장,16fb62a7-d353-440e-bb63-9cfbd49b28ca,맛있는 김밥,"김밥, 떡볶이, 라면",안성맞춤시장,전통시장,경기도,3.0,3.0,,,RESOLVED_AGREEMENT,False,3,,,,
790c4d30ab27e6946ea7,test,분식,T4 구어·문장,q_분식_10,떡볶이 김밥 파는 곳,음식점 중 '분식'을 판매·제공하는 매장,31584541-5628-4723-9020-47600806b8b6,또와 떡볶이,떡볶이,포수말 골목형상점가,골목형상점가,서울특별시,3.0,3.0,,,RESOLVED_AGREEMENT,False,3,,,,
043452f7ef5d2584b08f,test,분식,T4 구어·문장,q_분식_10,떡볶이 김밥 파는 곳,음식점 중 '분식'을 판매·제공하는 매장,f8a076eb-d69c-4a69-8c59-7910d97370c7,신전떡볶이,떡볶이,해남읍 원도심 상권활성화구역,상권활성화구역,전라남도,3.0,3.0,,,RESOLVED_AGREEMENT,False,3,,,,
e1da6f56a316760c4c72,test,분식,T4 구어·문장,q_분식_10,떡볶이 김밥 파는 곳,음식점 중 '분식'을 판매·제공하는 매장,928e85a3-d850-4a5b-ae3b-a9cbc5827cc5,응급실떡볶이,떡볶이,상암마을상인회 골목형상점가,골목형상점가,광주광역시,3.0,3.0,,,RESOLVED_AGREEMENT,False,3,,,,
7e301e7bb4b86e98d1b3,test,분식,T4 구어·문장,q_분식_10,떡볶이 김밥 파는 곳,음식점 중 '분식'을 판매·제공하는 매장,fe6d9159-d053-4090-8f62-c60342515674,대왕 판 떡볶이,떡볶이,더테라스골목형상점가,골목형상점가,인천광역시,3.0,3.0,,,RESOLVED_AGREEMENT,False,3,,,,
77d85581e1179b831f07,test,분식,T4 구어·문장,q_분식_10,떡볶이 김밥 파는 곳,음식점 중 '분식'을 판매·제공하는 매장,fa34b7c5-260f-4689-9492-01a37029d680,도노떡볶이,떡볶이,모현 청경채 골목형상점가,골목형상점가,경기도,3.0,3.0,,,RESOLVED_AGREEMENT,False,3,,,,
fa182f8e290e3efa34f4,test,분식,T4 구어·문장,q_분식_10,떡볶이 김밥 파는 곳,음식점 중 '분식'을 판매·제공하는 매장,00b5a007-bb8d-47db-963d-ccc7e93c25ac,장호덕 손만두 백석점,만두,백석한들1번가 골목형상점가,골목형상점가,충청남도,2.0,3.0,,,P2_GRADED_ONLY,True,,,,,
2d2c81aeeef3b2dee8c6,test,분식,T4 구어·문장,q_분식_10,떡볶이 김밥 파는 곳,음식점 중 '분식'을 판매·제공하는 매장,0ab4b1bd-93f1-4d46-b012-abfc9b1328dc,브라운토스트,"토스트, 음료",구즉 골목형상점가,골목형상점가,대전광역시,2.0,0.0,,,P1_BINARY_THRESHOLD,True,,,,,
a4784ada2fe422b41aad,test,분식,T4 구어·문장,q_분식_10,떡볶이 김밥 파는 곳,음식점 중 '분식'을 판매·제공하는 매장,055b0501-9678-421c-9b8d-2994754df728,캠토토스트 계룡대실점,토스트,두마면 대실골목형상점가,골목형상점가,충청남도,2.0,0.0,,,P1_BINARY_THRESHOLD,True,,,,,
27584bda9f18162dd15e,test,분식,T4 구어·문장,q_분식_10,떡볶이 김밥 파는 곳,음식점 중 '분식'을 판매·제공하는 매장,017c71f5-48d0-4cce-a370-a84d34d36658,무봉리토종순대국파주운정점,,산내마을 골목형상점가,골목형상점가,경기도,2.0,3.0,,,P2_GRADED_ONLY,True,,,,,
17267ae79a48b168442c,test,분식,T4 구어·문장,q_분식_10,떡볶이 김밥 파는 곳,음식점 중 '분식'을 판매·제공하는 매장,55cadf2e-ffbf-4100-8f3d-8c195d075a17,청년떡볶이,떡볶이,왕지상가,자율상권구역,전라남도,3.0,3.0,,,RESOLVED_AGREEMENT,False,3,,,,
21a9fefac4ab6eb6b591,test,분식,T4 구어·문장,q_분식_10,떡볶이 김밥 파는 곳,음식점 중 '분식'을 판매·제공하는 매장,32bdf209-1b0a-4a58-8fde-4ad9741ba394,금동봉자순대국밥 상무점,한식,상무연하상인회 골목형상점가,골목형상점가,광주광역시,2.0,3.0,,,P2_GRADED_ONLY,True,,,,,
05e88aa241610bd71776,test,분식,T4 구어·문장,q_분식_10,떡볶이 김밥 파는 곳,음식점 중 '분식'을 판매·제공하는 매장,0f488307-5995-4336-ad14-d83e5752db9c,현대이모 떡볶이,떡볶이 순대 김밥 어묵,중곡제일골목시장(중곡제일전통시장),전통시장,서울특별시,3.0,3.0,,,RESOLVED_AGREEMENT,False,3,,,,
f7f70eaa320d636f370d,test,분식,T4 구어·문장,q_분식_10,떡볶이 김밥 파는 곳,음식점 중 '분식'을 판매·제공하는 매장,578742a5-3268-4341-8554-7faadfbee8e0,금치미김치찌개,김치찌게두루치기,북수원시장( 구 파장시장),전통시장,경기도,0.0,0.0,,,RESOLVED_AGREEMENT,False,0,,,,
66ce4b87bba5719a7641,test,분식,T4 구어·문장,q_분식_10,떡볶이 김밥 파는 곳,음식점 중 '분식'을 판매·제공하는 매장,a2dfe8bc-d78c-473d-9055-daeee6f74583,똘이떡볶이,떡볶이,원주자유시장,전통시장,강원특별자치도,3.0,3.0,,,RESOLVED_AGREEMENT,False,3,,,,
34bc8544560529830872,test,분식,T4 구어·문장,q_분식_10,떡볶이 김밥 파는 곳,음식점 중 '분식'을 판매·제공하는 매장,00ec6d6a-b0c1-4662-b17f-9c9f059a4bcd,백암서울순대국,순대국,강서구청먹자골목골목형상점가,골목형상점가,서울특별시,2.0,3.0,,,P2_GRADED_ONLY,True,,,,,
6a9067f0e43915db6557,test,분식,T4 구어·문장,q_분식_10,떡볶이 김밥 파는 곳,음식점 중 '분식'을 판매·제공하는 매장,f886ec88-fa78-4680-8b92-0b8d772a0db2,얌볶이,떡볶이,사리골상점가,자율상권구역,경기도,3.0,3.0,,,RESOLVED_AGREEMENT,False,3,,,,
f9ee3af39fcee3bf924d,test,분식,T4 구어·문장,q_분식_10,떡볶이 김밥 파는 곳,음식점 중 '분식'을 판매·제공하는 매장,882d4ad8-8684-4b73-9efd-1947013293a3,섹시한떡볶이,떡볶이순대김밥,인천모래내전통시장,전통시장,인천광역시,3.0,3.0,,,RESOLVED_AGREEMENT,False,3,,,,
a4dda7b11ecbabdf13b9,test,분식,T4 구어·문장,q_분식_10,떡볶이 김밥 파는 곳,음식점 중 '분식'을 판매·제공하는 매장,bc67615a-5ff4-42f5-b17c-a9ba8d81d38c,참 떡볶이,,청주대중앙로골목형상점가,골목형상점가,충청북도,3.0,3.0,,,RESOLVED_AGREEMENT,False,3,,,,
710d00ce5d6814b0f22a,test,분식,T4 구어·문장,q_분식_10,떡볶이 김밥 파는 곳,음식점 중 '분식'을 판매·제공하는 매장,02f03161-3a15-416f-bdd6-8ad5bd17781d,시골참순대,,관저동 먹자골목 골목형상점가,골목형상점가,대전광역시,2.0,3.0,,,P2_GRADED_ONLY,True,,,,,
1400eeb55936568c4355,test,분식,T4 구어·문장,q_분식_10,떡볶이 김밥 파는 곳,음식점 중 '분식'을 판매·제공하는 매장,99d46f06-315a-4fe1-800f-2de6c8ffb1a6,김밥천국 주월점,"김밥, 떡볶이 등",세은 골목형상점가,골목형상점가,광주광역시,3.0,3.0,,,RESOLVED_AGREEMENT,False,3,,,,
5fb4e2b4496d37f07162,test,분식,T4 구어·문장,q_분식_10,떡볶이 김밥 파는 곳,음식점 중 '분식'을 판매·제공하는 매장,04c905ba-3172-4ea4-a6dd-4345d674dea0,덕순이네,제조업(떡집),장터길 골목형상점가,골목형상점가,경기도,1.0,0.0,,,P2_GRADED_ONLY,True,,,,,
27efe30c0dcd911f5426,test,분식,T4 구어·문장,q_분식_10,떡볶이 김밥 파는 곳,음식점 중 '분식'을 판매·제공하는 매장,0011cf6d-567e-4c3b-b113-363daa11212a,김밥먹고 닭꼬치,,배방상점가,자율상권구역,충청남도,2.0,3.0,,,P2_GRADED_ONLY,True,,,,,
dab911b323ac5b105131,test,분식,T4 구어·문장,q_분식_10,떡볶이 김밥 파는 곳,음식점 중 '분식'을 판매·제공하는 매장,f4ad88be-da19-41cc-a634-6b0eeb7f097f,다솜이네,떡볶이,정선아리랑시장,전통시장,강원특별자치도,3.0,3.0,,,RESOLVED_AGREEMENT,False,3,,,,
02c8edbe7ff8c6dcc8cc,test,분식,T4 구어·문장,q_분식_10,떡볶이 김밥 파는 곳,음식점 중 '분식'을 판매·제공하는 매장,0910caae-ad67-4ef3-934e-fff4c6059206,참토스트 대전학하점,토스트,계산동 골목형상점가,골목형상점가,대전광역시,2.0,0.0,,,P1_BINARY_THRESHOLD,True,,,,,
edfc0321e72aa30cfbe8,test,분식,T4 구어·문장,q_분식_10,떡볶이 김밥 파는 곳,음식점 중 '분식'을 판매·제공하는 매장,8984f55c-4843-417a-8dfc-c50e03d0c74b,누나김밥,"김밥, 떡볶이",운남7단지먹자거리 골목형상점가,골목형상점가,광주광역시,3.0,3.0,,,RESOLVED_AGREEMENT,False,3,,,,
3d6bc34f48ba22e29e6c,test,분식,T4 구어·문장,q_분식_10,떡볶이 김밥 파는 곳,음식점 중 '분식'을 판매·제공하는 매장,44def3b6-8b36-4c47-909c-c6c0ce341d34,부산 떡볶이,,범리단길 골목형상점가,골목형상점가,부산광역시,3.0,3.0,,,RESOLVED_AGREEMENT,False,3,,,,
7ac2c2ccad7f6dfce5b7,test,분식,T4 구어·문장,q_분식_10,떡볶이 김밥 파는 곳,음식점 중 '분식'을 판매·제공하는 매장,b3ada2ad-908f-40ad-945e-1be1f5a37b9b,오셔유 떡볶이,,안산다농마트전통시장,전통시장,경기도,3.0,3.0,,,RESOLVED_AGREEMENT,False,3,,,,
06af24d61aa40674bdbd,test,분식,T4 구어·문장,q_분식_10,떡볶이 김밥 파는 곳,음식점 중 '분식'을 판매·제공하는 매장,c92cbfda-2358-487c-9ce2-ec9f56f97293,산타떡볶이,김밥,쌍학로상인회 골목형상점가,골목형상점가,광주광역시,2.0,3.0,,,P2_GRADED_ONLY,True,,,,,
c00bda9a10c046d8e03e,test,분식,T4 구어·문장,q_분식_10,떡볶이 김밥 파는 곳,음식점 중 '분식'을 판매·제공하는 매장,03c24ed1-1000-4d0a-9167-76e24e042340,신전떡볶이,떡볶이,전북대대학로상점가,자율상권구역,전북특별자치도,3.0,3.0,,,RESOLVED_AGREEMENT,False,3,,,,
a4a45e4cc45294ade4d8,test,분식,T4 구어·문장,q_분식_10,떡볶이 김밥 파는 곳,음식점 중 '분식'을 판매·제공하는 매장,024c1f10-1fe0-4be3-8bde-6465f5cd8c43,오늘은 떡볶이,"떡볶이, 튀김, 순대 등",석촌시장,전통시장,서울특별시,3.0,3.0,,,RESOLVED_AGREEMENT,False,3,,,,
5db2224d5bece76cd433,test,분식,T4 구어·문장,q_분식_10,떡볶이 김밥 파는 곳,음식점 중 '분식'을 판매·제공하는 매장,0596cc53-c95b-47a3-b8a5-b6ebe1b396ea,신전 떡볶이 논공점,떡볶이 튀김 등,평광청구상가 골목형상점가,골목형상점가,대구광역시,3.0,3.0,,,RESOLVED_AGREEMENT,False,3,,,,
9a03a663ebbca737ecd3,test,분식,T4 구어·문장,q_분식_10,떡볶이 김밥 파는 곳,음식점 중 '분식'을 판매·제공하는 매장,0012a3b4-64a1-440c-a76e-f2be12a2f086,튀김집,분식,두암시장주변 골목형상점가,골목형상점가,광주광역시,2.0,3.0,,,P2_GRADED_ONLY,True,,,,,
41e160b34106d7cc5af1,test,분식,T4 구어·문장,q_분식_10,떡볶이 김밥 파는 곳,음식점 중 '분식'을 판매·제공하는 매장,fe10c3ae-2d71-4ce3-bdc6-4058d5b0f724,신전떡볶이,떡볶이,고촌역 골목형상점가,골목형상점가,경기도,3.0,3.0,,,RESOLVED_AGREEMENT,False,3,,,,
c7a8e48ddf9da8888cec,test,분식,T4 구어·문장,q_분식_10,떡볶이 김밥 파는 곳,음식점 중 '분식'을 판매·제공하는 매장,66b27451-9407-4167-ac29-887821fd3c43,김밥천국송산점,"김밥, 떡볶이, 분식",사강시장,전통시장,경기도,3.0,3.0,,,RESOLVED_AGREEMENT,False,3,,,,
316b2a45a5cd056d0f0d,test,분식,T4 구어·문장,q_분식_10,떡볶이 김밥 파는 곳,음식점 중 '분식'을 판매·제공하는 매장,0239c4e7-2ae3-4f29-8952-19c6d9d1d9a9,세번째집,순대국밥,성환이화시장,전통시장,충청남도,2.0,3.0,,,P2_GRADED_ONLY,True,,,,,
8b550dce6631f69fef04,test,분식,T4 구어·문장,q_분식_10,떡볶이 김밥 파는 곳,음식점 중 '분식'을 판매·제공하는 매장,bb26911d-8390-4ccf-b1d2-f69fd30777b3,죠스떡볶이,떡볶이,산본로데오거리(구 산본중심상가),자율상권구역,경기도,3.0,3.0,,,RESOLVED_AGREEMENT,False,3,,,,
ad52eddd278a511c1505,test,분식,T4 구어·문장,q_분식_11,떡볶이 먹을 곳,음식점 중 '분식'을 판매·제공하는 매장,31584541-5628-4723-9020-47600806b8b6,또와 떡볶이,떡볶이,포수말 골목형상점가,골목형상점가,서울특별시,3.0,3.0,,,RESOLVED_AGREEMENT,False,3,,,,
e2f53ec87d6df48bde18,test,분식,T4 구어·문장,q_분식_11,떡볶이 먹을 곳,음식점 중 '분식'을 판매·제공하는 매장,00e34fb5-e7d3-43aa-b574-400ee31abae5,은혜만두,만두,북동 골목형상점가,골목형상점가,광주광역시,2.0,3.0,,,P2_GRADED_ONLY,True,,,,,
8539afa8ed7a81ee7e62,test,분식,T4 구어·문장,q_분식_11,떡볶이 먹을 곳,음식점 중 '분식'을 판매·제공하는 매장,fe10c3ae-2d71-4ce3-bdc6-4058d5b0f724,신전떡볶이,떡볶이,고촌역 골목형상점가,골목형상점가,경기도,3.0,3.0,,,RESOLVED_AGREEMENT,False,3,,,,
add34abfe33f6d84303b,test,분식,T4 구어·문장,q_분식_11,떡볶이 먹을 곳,음식점 중 '분식'을 판매·제공하는 매장,0075dacf-3e3f-47b8-a4af-d3a2ff866348,북툰커피앤카페,찐빵 만두 커피,신창진흥 골목형상점가,골목형상점가,광주광역시,2.0,3.0,,,P2_GRADED_ONLY,True,,,,,
b7f8d3fa5f6702b0d9b7,test,분식,T4 구어·문장,q_분식_11,떡볶이 먹을 곳,음식점 중 '분식'을 판매·제공하는 매장,fe6d9159-d053-4090-8f62-c60342515674,대왕 판 떡볶이,떡볶이,더테라스골목형상점가,골목형상점가,인천광역시,3.0,3.0,,,RESOLVED_AGREEMENT,False,3,,,,
019e652cf0d40e9b7fab,test,분식,T4 구어·문장,q_분식_11,떡볶이 먹을 곳,음식점 중 '분식'을 판매·제공하는 매장,86d23af4-44da-47e8-a80a-5b858b72a312,빨간자전거 떡볶이,"분식, 떡볶이",안성명동거리 골목형상점가,골목형상점가,경기도,3.0,3.0,,,RESOLVED_AGREEMENT,False,3,,,,
9cd5580cedc7a47b15ac,test,분식,T4 구어·문장,q_분식_11,떡볶이 먹을 곳,음식점 중 '분식'을 판매·제공하는 매장,c641e679-fba2-4f70-a74a-b633497a04e8,콩아저씨두부가게,"두부, 농산물",무극시장,전통시장,충청북도,0.0,0.0,,,RESOLVED_AGREEMENT,False,0,,,,
780228f6869cb3727268,test,분식,T4 구어·문장,q_분식_11,떡볶이 먹을 곳,음식점 중 '분식'을 판매·제공하는 매장,4948e6c6-27c1-42e2-8a8d-6f7fc89a19ae,굽스토랑,고기,완도전통시장(완도5일시장),전통시장,전라남도,0.0,0.0,,,RESOLVED_AGREEMENT,False,0,,,,
9f42296a550c05d2648a,test,분식,T4 구어·문장,q_분식_11,떡볶이 먹을 곳,음식점 중 '분식'을 판매·제공하는 매장,045215f0-9db0-4054-8c69-702841941f01,문토스트용호점,카페토스트,용호1동골목시장,전통시장,부산광역시,2.0,0.0,,,P1_BINARY_THRESHOLD,True,,,,,
77bd99de2504fac629e7,test,분식,T4 구어·문장,q_분식_11,떡볶이 먹을 곳,음식점 중 '분식'을 판매·제공하는 매장,928e85a3-d850-4a5b-ae3b-a9cbc5827cc5,응급실떡볶이,떡볶이,상암마을상인회 골목형상점가,골목형상점가,광주광역시,3.0,3.0,,,RESOLVED_AGREEMENT,False,3,,,,
9c61e8168849a0dc903a,test,분식,T4 구어·문장,q_분식_11,떡볶이 먹을 곳,음식점 중 '분식'을 판매·제공하는 매장,bb26911d-8390-4ccf-b1d2-f69fd30777b3,죠스떡볶이,떡볶이,산본로데오거리(구 산본중심상가),자율상권구역,경기도,3.0,3.0,,,RESOLVED_AGREEMENT,False,3,,,,
ff80b51b8353e4c8b572,test,분식,T4 구어·문장,q_분식_11,떡볶이 먹을 곳,음식점 중 '분식'을 판매·제공하는 매장,c57a5a12-5d6a-40cb-b5bf-b7e13e6b9f81,떡볶이팩토리,떡볶이,바람골골목형상점가,골목형상점가,충청북도,3.0,3.0,,,RESOLVED_AGREEMENT,False,3,,,,
ab9703ae6808c786c0f0,test,분식,T4 구어·문장,q_분식_11,떡볶이 먹을 곳,음식점 중 '분식'을 판매·제공하는 매장,0239c4e7-2ae3-4f29-8952-19c6d9d1d9a9,세번째집,순대국밥,성환이화시장,전통시장,충청남도,2.0,3.0,,,P2_GRADED_ONLY,True,,,,,
6c501718d502a54df1f2,test,분식,T4 구어·문장,q_분식_11,떡볶이 먹을 곳,음식점 중 '분식'을 판매·제공하는 매장,5d2350ee-2e30-43c2-8425-12deda06c68a,정말맛있는떡볶이,떡볶이,산격종합시장,전통시장,대구광역시,3.0,3.0,,,RESOLVED_AGREEMENT,False,3,,,,
a359a5c3a8ac2779dab0,test,분식,T4 구어·문장,q_분식_11,떡볶이 먹을 곳,음식점 중 '분식'을 판매·제공하는 매장,04b03558-95d1-4a0e-a9e2-9a9e72bdadb2,배가찐왕만두,만두,문흥2동 골목형상점가,골목형상점가,광주광역시,2.0,3.0,,,P2_GRADED_ONLY,True,,,,,
a2ad9c3c87238fef2233,test,분식,T4 구어·문장,q_분식_11,떡볶이 먹을 곳,음식점 중 '분식'을 판매·제공하는 매장,04c905ba-3172-4ea4-a6dd-4345d674dea0,덕순이네,제조업(떡집),장터길 골목형상점가,골목형상점가,경기도,1.0,0.0,,,P2_GRADED_ONLY,True,,,,,
c43fbb7818d692c9f795,test,분식,T4 구어·문장,q_분식_11,떡볶이 먹을 곳,음식점 중 '분식'을 판매·제공하는 매장,00e30e6c-dde0-49cd-9e3e-95465aa4247e,동해분식,분식,서남신시장,전통시장,대구광역시,2.0,3.0,,,P2_GRADED_ONLY,True,,,,,
0864bcc8233098d32203,test,분식,T4 구어·문장,q_분식_11,떡볶이 먹을 곳,음식점 중 '분식'을 판매·제공하는 매장,001bda4f-046f-44c5-b084-8de630ac405a,김밥윤,김밥 등,보람동 골목형상점가,골목형상점가,세종특별자치시,2.0,3.0,,,P2_GRADED_ONLY,True,,,,,
6f97d8de320a18e59904,test,분식,T4 구어·문장,q_분식_11,떡볶이 먹을 곳,음식점 중 '분식'을 판매·제공하는 매장,024c1f10-1fe0-4be3-8bde-6465f5cd8c43,오늘은 떡볶이,"떡볶이, 튀김, 순대 등",석촌시장,전통시장,서울특별시,3.0,3.0,,,RESOLVED_AGREEMENT,False,3,,,,
4b883c86e644f2e577a3,test,분식,T4 구어·문장,q_분식_11,떡볶이 먹을 곳,음식점 중 '분식'을 판매·제공하는 매장,c0f0bf51-9e8c-4cfc-9f50-f11bf80db023,쑥이네떡볶이,떡볶이,행당시장상점가,자율상권구역,서울특별시,3.0,3.0,,,RESOLVED_AGREEMENT,False,3,,,,
bda5897b6677dc024263,test,분식,T4 구어·문장,q_분식_11,떡볶이 먹을 곳,음식점 중 '분식'을 판매·제공하는 매장,6247169f-31a8-4c51-8d42-aab5e19c8b11,부전떡볶이,떡볶이,부전상가시장,전통시장,부산광역시,3.0,3.0,,,RESOLVED_AGREEMENT,False,3,,,,
c6b564de4e4ccb2aabae,test,분식,T4 구어·문장,q_분식_11,떡볶이 먹을 곳,음식점 중 '분식'을 판매·제공하는 매장,005313c8-dce8-49b6-9841-9143ebb1305a,동원떡집,,박달시장,전통시장,경기도,1.0,0.0,,,P2_GRADED_ONLY,True,,,,,
177ff73deb9383c2aea1,test,분식,T4 구어·문장,q_분식_11,떡볶이 먹을 곳,음식점 중 '분식'을 판매·제공하는 매장,e7d340b6-c235-4697-b866-d64ca891fa01,왕자떡볶이,떡볶이,포방터시장,전통시장,서울특별시,3.0,3.0,,,RESOLVED_AGREEMENT,False,3,,,,
28aebc7084672c740e1a,test,분식,T4 구어·문장,q_분식_11,떡볶이 먹을 곳,음식점 중 '분식'을 판매·제공하는 매장,ebe41542-2710-4e65-b5a9-27ae87be6b27,우리할매떡볶이,떡볶이,신용동 대성빌딩 골목형상점가,골목형상점가,광주광역시,3.0,3.0,,,RESOLVED_AGREEMENT,False,3,,,,
2df0f6cd26bd0eeafd91,test,분식,T4 구어·문장,q_분식_11,떡볶이 먹을 곳,음식점 중 '분식'을 판매·제공하는 매장,40ba81b3-5554-4fd5-a2e8-ff1165666314,버무리떡볶이,떡볶이,아름동상점가,자율상권구역,세종특별자치시,3.0,3.0,,,RESOLVED_AGREEMENT,False,3,,,,
66ff927f9ed57a7e126d,test,분식,T4 구어·문장,q_분식_11,떡볶이 먹을 곳,음식점 중 '분식'을 판매·제공하는 매장,04152499-1e7f-451f-8393-4986be4bd671,신전떡볶이,떡볶이,행복상점가,자율상권구역,경상북도,3.0,3.0,,,RESOLVED_AGREEMENT,False,3,,,,
69f797d712ae4833fe89,test,분식,T4 구어·문장,q_분식_11,떡볶이 먹을 곳,음식점 중 '분식'을 판매·제공하는 매장,f886ec88-fa78-4680-8b92-0b8d772a0db2,얌볶이,떡볶이,사리골상점가,자율상권구역,경기도,3.0,3.0,,,RESOLVED_AGREEMENT,False,3,,,,
8af24a6e77830119ddcb,test,분식,T4 구어·문장,q_분식_11,떡볶이 먹을 곳,음식점 중 '분식'을 판매·제공하는 매장,41141106-89e9-41b4-93b0-34be9ee54a94,신전떡볶이,떡볶이,무꽃등 골목형상점가,골목형상점가,광주광역시,3.0,3.0,,,RESOLVED_AGREEMENT,False,3,,,,
de06a743e0307ae37d01,test,분식,T4 구어·문장,q_분식_11,떡볶이 먹을 곳,음식점 중 '분식'을 판매·제공하는 매장,800ab30d-4ab3-495b-accb-5b14b686f69c,맛나즉석떡볶이,떡볶이,가양역사거리골목형상점가,골목형상점가,서울특별시,3.0,3.0,,,RESOLVED_AGREEMENT,False,3,,,,
292e6fbccea8e355db73,test,분식,T4 구어·문장,q_분식_11,떡볶이 먹을 곳,음식점 중 '분식'을 판매·제공하는 매장,55cadf2e-ffbf-4100-8f3d-8c195d075a17,청년떡볶이,떡볶이,왕지상가,자율상권구역,전라남도,3.0,3.0,,,RESOLVED_AGREEMENT,False,3,,,,
4cd3e41c74bad2ca10ea,test,분식,T4 구어·문장,q_분식_11,떡볶이 먹을 곳,음식점 중 '분식'을 판매·제공하는 매장,01853453-69ac-4f55-9cd8-09e40088ab59,가마솥왕만두,만두,울산번개시장,전통시장,울산광역시,2.0,3.0,,,P2_GRADED_ONLY,True,,,,,
6fbaf1a66229d586b06f,test,분식,T4 구어·문장,q_분식_11,떡볶이 먹을 곳,음식점 중 '분식'을 판매·제공하는 매장,bd0e3873-e4b8-4534-bca4-211d379f7ad4,신참떡볶이,떡볶이,전농로터리시장,전통시장,서울특별시,3.0,3.0,,,RESOLVED_AGREEMENT,False,3,,,,
9c3217ef7eb0c1d99915,test,분식,T4 구어·문장,q_분식_11,떡볶이 먹을 곳,음식점 중 '분식'을 판매·제공하는 매장,0596cc53-c95b-47a3-b8a5-b6ebe1b396ea,신전 떡볶이 논공점,떡볶이 튀김 등,평광청구상가 골목형상점가,골목형상점가,대구광역시,3.0,3.0,,,RESOLVED_AGREEMENT,False,3,,,,
bebefaf8e43effd96bf5,test,분식,T4 구어·문장,q_분식_11,떡볶이 먹을 곳,음식점 중 '분식'을 판매·제공하는 매장,de05d917-8992-4480-a6cf-d5909c056c8f,돼지콩,떡볶이,해남읍 원도심 상권활성화구역,상권활성화구역,전라남도,3.0,3.0,,,RESOLVED_AGREEMENT,False,3,,,,
58e925f668d1a6661bf3,test,분식,T4 구어·문장,q_분식_11,떡볶이 먹을 곳,음식점 중 '분식'을 판매·제공하는 매장,bc67615a-5ff4-42f5-b17c-a9ba8d81d38c,참 떡볶이,,청주대중앙로골목형상점가,골목형상점가,충청북도,3.0,3.0,,,RESOLVED_AGREEMENT,False,3,,,,
b0c88395a20d04302d7f,test,분식,T4 구어·문장,q_분식_11,떡볶이 먹을 곳,음식점 중 '분식'을 판매·제공하는 매장,cfe8e528-4ee3-490a-9a9a-5db983f50015,우아한떡볶이,떡볶이,송강동 골목형상점가,골목형상점가,대전광역시,3.0,3.0,,,RESOLVED_AGREEMENT,False,3,,,,
e3971386c65259080a90,test,분식,T4 구어·문장,q_분식_11,떡볶이 먹을 곳,음식점 중 '분식'을 판매·제공하는 매장,d9108a89-0a1c-4ba5-92fc-a189f36dccdd,영천할매떡볶이,떡볶이,백년시장(구 강북종합전통시장),전통시장,서울특별시,3.0,3.0,,,RESOLVED_AGREEMENT,False,3,,,,
4f1b697a4ea2fd3c7334,test,분식,T4 구어·문장,q_분식_11,떡볶이 먹을 곳,음식점 중 '분식'을 판매·제공하는 매장,9f4fc8c6-f156-4759-bfe2-8ab5cf10b303,한결떡볶이,떡볶이,율곡동메타스퀘어 골목형상점가,골목형상점가,경상북도,3.0,3.0,,,RESOLVED_AGREEMENT,False,3,,,,
8eeee5b7bb58d93a5ba6,test,분식,T4 구어·문장,q_분식_11,떡볶이 먹을 곳,음식점 중 '분식'을 판매·제공하는 매장,0e53e871-e3c4-4ec3-8ddf-e1dfffedd517,신전떡볶이,떡볶이,풍암중앙상인회 골목형상점가,골목형상점가,광주광역시,3.0,3.0,,,RESOLVED_AGREEMENT,False,3,,,,
cebf65b1c24d269544fb,test,분식,T4 구어·문장,q_분식_11,떡볶이 먹을 곳,음식점 중 '분식'을 판매·제공하는 매장,373dbb8c-9f17-4bae-95c1-3c25df4fdee8,소풍,떡볶이,용산용문시장,전통시장,서울특별시,3.0,3.0,,,RESOLVED_AGREEMENT,False,3,,,,
cc85c9f66fdb794202a5,test,분식,T4 구어·문장,q_분식_11,떡볶이 먹을 곳,음식점 중 '분식'을 판매·제공하는 매장,bd6eff03-6504-4e47-967f-970e5a99a67d,신전떡볶이,떡볶이,은행동상점가(구 으능정이상점가),자율상권구역,대전광역시,3.0,3.0,,,RESOLVED_AGREEMENT,False,3,,,,
cda4872b8998cc9a8a4f,test,분식,T4 구어·문장,q_분식_11,떡볶이 먹을 곳,음식점 중 '분식'을 판매·제공하는 매장,c96af08c-c9dc-4d2e-947d-b1903f29c863,영자네곱창,음식점,쌍문역둘리상점가,자율상권구역,서울특별시,0.0,0.0,,,RESOLVED_AGREEMENT,False,0,,,,
f8675e164feb6218229e,test,분식,T4 구어·문장,q_분식_11,떡볶이 먹을 곳,음식점 중 '분식'을 판매·제공하는 매장,c8ce9526-9f2b-44bc-9c91-a1b6bcbb5ae0,먹방이야기,떡볶이 분식,목포동부시장,전통시장,전라남도,3.0,3.0,,,RESOLVED_AGREEMENT,False,3,,,,
32012d50942667111da9,test,분식,T4 구어·문장,q_분식_11,떡볶이 먹을 곳,음식점 중 '분식'을 판매·제공하는 매장,087715fb-f305-4ac4-8c75-e5cf8c4c5bdb,부라더떡볶이,분식 한식 떡볶이,송천동1가 골목형상점가,골목형상점가,전북특별자치도,3.0,3.0,,,RESOLVED_AGREEMENT,False,3,,,,
d968e5f4fbdd13389bb6,test,분식,T4 구어·문장,q_분식_11,떡볶이 먹을 곳,음식점 중 '분식'을 판매·제공하는 매장,00b5a007-bb8d-47db-963d-ccc7e93c25ac,장호덕 손만두 백석점,만두,백석한들1번가 골목형상점가,골목형상점가,충청남도,2.0,3.0,,,P2_GRADED_ONLY,True,,,,,
6c723e12d91dfd02a6e2,test,분식,T4 구어·문장,q_분식_11,떡볶이 먹을 곳,음식점 중 '분식'을 판매·제공하는 매장,0badcdea-0ad3-4358-aab0-2570e7e02eaf,도라무통떡볶이,떡볶이,고척골목시장상점가,전통시장,서울특별시,3.0,3.0,,,RESOLVED_AGREEMENT,False,3,,,,
e55f7f44a32026b0f81b,test,분식,T4 구어·문장,q_분식_11,떡볶이 먹을 곳,음식점 중 '분식'을 판매·제공하는 매장,447d62d7-01a6-428d-98d3-c536c70e544f,마포매운쌀떡볶이,떡볶이,수원역세권활성화구역,상권활성화구역,경기도,3.0,3.0,,,RESOLVED_AGREEMENT,False,3,,,,
046c212196958b781e8e,test,분식,T4 구어·문장,q_분식_11,떡볶이 먹을 곳,음식점 중 '분식'을 판매·제공하는 매장,0012a3b4-64a1-440c-a76e-f2be12a2f086,튀김집,분식,두암시장주변 골목형상점가,골목형상점가,광주광역시,2.0,3.0,,,P2_GRADED_ONLY,True,,,,,
d7e7b2c7c8d99867cb09,test,분식,T4 구어·문장,q_분식_11,떡볶이 먹을 곳,음식점 중 '분식'을 판매·제공하는 매장,d6b88a38-f66e-4f32-90b1-c26c72ccbe4e,미미떡볶이,떡볶이,용산용문시장,전통시장,서울특별시,3.0,3.0,,,RESOLVED_AGREEMENT,False,3,,,,
5e140ca4c51ce092ef80,test,분식,T4 구어·문장,q_분식_11,떡볶이 먹을 곳,음식점 중 '분식'을 판매·제공하는 매장,ac903aa0-4b41-4857-8469-3fc5d4b9404d,죠스떡볶이,떡볶이,풍암1로상인회 골목형상점가,골목형상점가,광주광역시,3.0,3.0,,,RESOLVED_AGREEMENT,False,3,,,,
eadc09c3be846f5d6453,test,분식,T4 구어·문장,q_분식_11,떡볶이 먹을 곳,음식점 중 '분식'을 판매·제공하는 매장,dc90a491-9c15-41ac-aeb1-d94715113572,더블유(W) 노래연습장,노래방,반드레길골목형상점가,골목형상점가,서울특별시,0.0,0.0,,,RESOLVED_AGREEMENT,False,0,,,,
051983726857e59c2c6a,test,분식,T4 구어·문장,q_분식_11,떡볶이 먹을 곳,음식점 중 '분식'을 판매·제공하는 매장,76a3551b-dae4-4326-92cc-662015aedbfb,쉴 곳,한식,칠성로상점가,자율상권구역,제주특별자치도,1.0,1.0,,,RESOLVED_AGREEMENT,False,1,,,,
ac16b511ecf2a0d005ee,test,분식,T4 구어·문장,q_분식_11,떡볶이 먹을 곳,음식점 중 '분식'을 판매·제공하는 매장,001cb3d4-5441-4963-b517-d5b3904ee312,현창떡집,떡집,목포동부시장,전통시장,전라남도,1.0,0.0,,,P2_GRADED_ONLY,True,,,,,
1426923e3faa60bef844,test,분식,T4 구어·문장,q_분식_11,떡볶이 먹을 곳,음식점 중 '분식'을 판매·제공하는 매장,8999b2f3-923c-4484-8b1f-4fe276ee5594,철길 떡볶이,한식,망원시장,전통시장,서울특별시,2.0,3.0,,,P2_GRADED_ONLY,True,,,,,
28ef556b21558d2be32d,test,분식,T4 구어·문장,q_분식_11,떡볶이 먹을 곳,음식점 중 '분식'을 판매·제공하는 매장,007d6b63-4e47-47fa-aaa5-6d0b5cc7280b,도토리김밥계룡엄사점,분식,엄사 골목형상점가,골목형상점가,충청남도,2.0,3.0,,,P2_GRADED_ONLY,True,,,,,
7a5200a7af7bfc7ac496,test,분식,T4 구어·문장,q_분식_11,떡볶이 먹을 곳,음식점 중 '분식'을 판매·제공하는 매장,064d899b-c65a-4b75-9a15-9ca1eaf707f4,이삭토스트,토스트 등,매탄중심상가 골목형상점가,골목형상점가,경기도,2.0,0.0,,,P1_BINARY_THRESHOLD,True,,,,,
e0961a6c00b996038086,test,분식,T4 구어·문장,q_분식_11,떡볶이 먹을 곳,음식점 중 '분식'을 판매·제공하는 매장,00719699-eb0c-4473-bda9-7a16eace345e,봉식이옛날왕만두,만두,삼익 골목형상점가,골목형상점가,서울특별시,2.0,3.0,,,P2_GRADED_ONLY,True,,,,,
139bd301992446d6444e,test,분식,T4 구어·문장,q_분식_11,떡볶이 먹을 곳,음식점 중 '분식'을 판매·제공하는 매장,0910caae-ad67-4ef3-934e-fff4c6059206,참토스트 대전학하점,토스트,계산동 골목형상점가,골목형상점가,대전광역시,2.0,0.0,,,P1_BINARY_THRESHOLD,True,,,,,
af61983a7589cbe03e5f,test,분식,T4 구어·문장,q_분식_11,떡볶이 먹을 곳,음식점 중 '분식'을 판매·제공하는 매장,055b0501-9678-421c-9b8d-2994754df728,캠토토스트 계룡대실점,토스트,두마면 대실골목형상점가,골목형상점가,충청남도,2.0,0.0,,,P1_BINARY_THRESHOLD,True,,,,,
7a283bcc64d3bf3a826c,test,분식,T4 구어·문장,q_분식_11,떡볶이 먹을 곳,음식점 중 '분식'을 판매·제공하는 매장,fad37cf2-b0fb-4658-b08e-be7cd9392220,진미즉석떡볶이,떡볶이,이천중앙로상가,자율상권구역,경기도,3.0,3.0,,,RESOLVED_AGREEMENT,False,3,,,,
d2ad8907aa592ad85c42,test,분식,T4 구어·문장,q_분식_11,떡볶이 먹을 곳,음식점 중 '분식'을 판매·제공하는 매장,8f7736a8-2994-4436-b21e-b38e77a15f87,엽기떡볶이,떡볶이,뒷개로청춘골목상점가,골목형상점가,전라남도,3.0,3.0,,,RESOLVED_AGREEMENT,False,3,,,,
97721209432296825cd7,test,분식,T4 구어·문장,q_분식_11,떡볶이 먹을 곳,음식점 중 '분식'을 판매·제공하는 매장,008594db-d86c-4014-bf5c-16f6cd40402d,와글와글봄소풍,김밥,다사역 골목형상점가,골목형상점가,대구광역시,2.0,3.0,,,P2_GRADED_ONLY,True,,,,,
846658ada98b800be66c,test,분식,T4 구어·문장,q_분식_11,떡볶이 먹을 곳,음식점 중 '분식'을 판매·제공하는 매장,f4ad88be-da19-41cc-a634-6b0eeb7f097f,다솜이네,떡볶이,정선아리랑시장,전통시장,강원특별자치도,3.0,3.0,,,RESOLVED_AGREEMENT,False,3,,,,
e340c3adc8b7587b59c7,test,분식,T4 구어·문장,q_분식_11,떡볶이 먹을 곳,음식점 중 '분식'을 판매·제공하는 매장,0a891050-80f2-4423-a5a4-fbd505f1e519,이삭토스트 대전테크노밸리점,토스트,테크노밸리 골목형상점가,골목형상점가,대전광역시,2.0,0.0,,,P1_BINARY_THRESHOLD,True,,,,,
d73963f6568c4319b4db,test,분식,T4 구어·문장,q_분식_11,떡볶이 먹을 곳,음식점 중 '분식'을 판매·제공하는 매장,2056c69e-64b4-4b28-8ce2-800cbcec3e25,먹을꼬얌,음식,산본로데오거리(구 산본중심상가),자율상권구역,경기도,0.0,0.0,,,RESOLVED_AGREEMENT,False,0,,,,
920391b0b91e91d0daa8,test,분식,T4 구어·문장,q_분식_11,떡볶이 먹을 곳,음식점 중 '분식'을 판매·제공하는 매장,366ca53e-784c-451d-9fbc-d08616cc6a65,통 떡볶이,떡볶이 오뎅,상도약수골목형상점가,골목형상점가,서울특별시,3.0,3.0,,,RESOLVED_AGREEMENT,False,3,,,,
a45e7b75bbab938415bf,test,분식,T4 구어·문장,q_분식_11,떡볶이 먹을 곳,음식점 중 '분식'을 판매·제공하는 매장,e063229a-cfa1-4853-b3bc-1149c3fe5b12,컴퍼니랄라라이프,스타킹 양말 시즌 잡화 악세서리,부천상동시장,전통시장,경기도,0.0,0.0,,,RESOLVED_AGREEMENT,False,0,,,,
e5f15ebc96929bc9bc2e,test,분식,T4 구어·문장,q_분식_11,떡볶이 먹을 곳,음식점 중 '분식'을 판매·제공하는 매장,4ab5beec-5662-4224-8270-f796a01595db,옛날맛떡볶이,떡볶이,대왕암 월봉시장,전통시장,울산광역시,3.0,3.0,,,RESOLVED_AGREEMENT,False,3,,,,
153eec5c79ce969e9f39,test,분식,T4 구어·문장,q_분식_11,떡볶이 먹을 곳,음식점 중 '분식'을 판매·제공하는 매장,017c71f5-48d0-4cce-a370-a84d34d36658,무봉리토종순대국파주운정점,,산내마을 골목형상점가,골목형상점가,경기도,2.0,3.0,,,P2_GRADED_ONLY,True,,,,,
63b7d3a800d921441e30,test,분식,T4 구어·문장,q_분식_11,떡볶이 먹을 곳,음식점 중 '분식'을 판매·제공하는 매장,d4d96fd3-1106-439f-83d7-573789969e9e,신떡,떡볶이,혁신도시5구역골목형상점가,골목형상점가,강원특별자치도,3.0,3.0,,,RESOLVED_AGREEMENT,False,3,,,,
08e0fca8062f7c1b67b4,test,분식,T4 구어·문장,q_분식_11,떡볶이 먹을 곳,음식점 중 '분식'을 판매·제공하는 매장,2945a2e0-f036-48c0-899c-71171d8db240,맘떡볶이,,퀸덤3단지골목형상점가,골목형상점가,부산광역시,3.0,3.0,,,RESOLVED_AGREEMENT,False,3,,,,
fd2081a537046dc89a16,test,분식,T4 구어·문장,q_분식_11,떡볶이 먹을 곳,음식점 중 '분식'을 판매·제공하는 매장,ea635e29-f55f-45f1-8aad-0222805fff6f,신성종합상사,"청소도구, 매트등",대전정원시장,전통시장,대전광역시,0.0,0.0,,,RESOLVED_AGREEMENT,False,0,,,,
c240da1d59b5bde16da5,test,분식,T4 구어·문장,q_분식_11,떡볶이 먹을 곳,음식점 중 '분식'을 판매·제공하는 매장,3b58df7e-3112-4c9d-97a4-b29468f9f9ad,완플란트치과의원,치과,치평상무역상인회 골목형상점가,골목형상점가,광주광역시,0.0,0.0,,,RESOLVED_AGREEMENT,False,0,,,,
043645f8212831c3221f,test,분식,T4 구어·문장,q_분식_11,떡볶이 먹을 곳,음식점 중 '분식'을 판매·제공하는 매장,0ab4b1bd-93f1-4d46-b012-abfc9b1328dc,브라운토스트,"토스트, 음료",구즉 골목형상점가,골목형상점가,대전광역시,2.0,0.0,,,P1_BINARY_THRESHOLD,True,,,,,
ccce48e32e50337b1852,test,분식,T4 구어·문장,q_분식_11,떡볶이 먹을 곳,음식점 중 '분식'을 판매·제공하는 매장,00e9517a-1887-4acf-b072-10c7cadf9512,불닭발 땡초 동대문 엽기 떡볶이,분식,유엔남구 대학로 상권,,부산광역시,2.0,3.0,,,P2_GRADED_ONLY,True,,,,,
35cd29bc3c265ead5b6e,test,분식,T4 구어·문장,q_분식_11,떡볶이 먹을 곳,음식점 중 '분식'을 판매·제공하는 매장,a7896d17-b33d-4b41-b130-f3dd63f00c03,국물떡볶이,떡볶이,동작구 LINK 상권활성화구역,상권활성화구역,서울특별시,3.0,3.0,,,RESOLVED_AGREEMENT,False,3,,,,
bc975f563e30eb9490fb,test,분식,T4 구어·문장,q_분식_11,떡볶이 먹을 곳,음식점 중 '분식'을 판매·제공하는 매장,b3ada2ad-908f-40ad-945e-1be1f5a37b9b,오셔유 떡볶이,,안산다농마트전통시장,전통시장,경기도,3.0,3.0,,,RESOLVED_AGREEMENT,False,3,,,,
114d1ee14bdb58d930c5,test,분식,T4 구어·문장,q_분식_11,떡볶이 먹을 곳,음식점 중 '분식'을 판매·제공하는 매장,bb9657e5-4478-486f-ad4e-512feddd6fd2,부산떡볶이,떡볶이,창원 명서시장,전통시장,경상남도,3.0,3.0,,,RESOLVED_AGREEMENT,False,3,,,,
ee1a1a0eed697e471f62,test,분식,T4 구어·문장,q_분식_11,떡볶이 먹을 곳,음식점 중 '분식'을 판매·제공하는 매장,016f68a3-c16f-467c-af96-22466baf3a6a,쉬즈베이글,토스트,읍내리 원도심 골목형상점가,골목형상점가,전라남도,2.0,0.0,,,P1_BINARY_THRESHOLD,True,,,,,
21045b012447d729244a,test,분식,T4 구어·문장,q_분식_11,떡볶이 먹을 곳,음식점 중 '분식'을 판매·제공하는 매장,b273d4a7-b227-4b90-9b4c-0438306ad924,오늘에 떡볶이,분식,메트로센터(반월당지하쇼핑),일반지하상점가,대구광역시,2.0,3.0,,,P2_GRADED_ONLY,True,,,,,
66ffc5208d5fee19f80a,test,분식,T4 구어·문장,q_분식_11,떡볶이 먹을 곳,음식점 중 '분식'을 판매·제공하는 매장,0c5c2ea1-277b-43bc-bb0d-adefbd2a0e9a,빠사시,김밥 떡볶이,월산상가 골목형 상점가,골목형상점가,충청남도,3.0,3.0,,,RESOLVED_AGREEMENT,False,3,,,,
d22e3d203dea936231bf,test,분식,T4 구어·문장,q_분식_11,떡볶이 먹을 곳,음식점 중 '분식'을 판매·제공하는 매장,00783b5c-54fd-42fc-8bcf-1ea7fce865d5,쫀득분식,분식,임방울거리3구역 골목형상점가,골목형상점가,광주광역시,2.0,3.0,,,P2_GRADED_ONLY,True,,,,,
3adc897d07d82594c004,test,분식,T4 구어·문장,q_분식_11,떡볶이 먹을 곳,음식점 중 '분식'을 판매·제공하는 매장,0018c143-a8bd-4461-a8ae-ee348edfad7a,김가네의정부중앙역점,김밥 분식 식사등,의정부시 구도심 상권활성화구역,상권활성화구역,경기도,2.0,3.0,,,P2_GRADED_ONLY,True,,,,,
5bd1eae5beeb2c92df88,test,분식,T4 구어·문장,q_분식_11,떡볶이 먹을 곳,음식점 중 '분식'을 판매·제공하는 매장,d3a11aca-ca46-4f34-abe3-6168a6443703,고양이눈,"카레, 돈카츠",인하문화의거리 골목형상점가,골목형상점가,인천광역시,0.0,0.0,,,RESOLVED_AGREEMENT,False,0,,,,
4d803cd3fd31e0ec0bef,test,분식,T4 구어·문장,q_분식_11,떡볶이 먹을 곳,음식점 중 '분식'을 판매·제공하는 매장,d9e37b20-09f7-462c-9f14-93234bc40f3f,용두,떡볶이,중동사랑시장,전통시장,경기도,3.0,3.0,,,RESOLVED_AGREEMENT,False,3,,,,
0838f8591e1ce61be5af,test,분식,T4 구어·문장,q_분식_11,떡볶이 먹을 곳,음식점 중 '분식'을 판매·제공하는 매장,f87f92f5-79a7-48a7-8029-560eab0acc68,섹시한떡볶이,떡볶이,동대구신시장,전통시장,대구광역시,3.0,3.0,,,RESOLVED_AGREEMENT,False,3,,,,
591a729cd2716f993f1a,test,분식,T4 구어·문장,q_분식_11,떡볶이 먹을 곳,음식점 중 '분식'을 판매·제공하는 매장,015915e3-2542-4245-b627-0c775b4c5501,한내떡집,,거제 고현시장,전통시장,경상남도,1.0,0.0,,,P2_GRADED_ONLY,True,,,,,
746d9649c1c2fd19caf6,test,분식,T4 구어·문장,q_분식_11,떡볶이 먹을 곳,음식점 중 '분식'을 판매·제공하는 매장,a2dfe8bc-d78c-473d-9055-daeee6f74583,똘이떡볶이,떡볶이,원주자유시장,전통시장,강원특별자치도,3.0,3.0,,,RESOLVED_AGREEMENT,False,3,,,,
e432b38abcfe2051a062,test,분식,T4 구어·문장,q_분식_11,떡볶이 먹을 곳,음식점 중 '분식'을 판매·제공하는 매장,3c42de3a-60a8-4f65-a844-bbb3ee048022,스텔라떡볶이,떡볶이,노은역 골목형상점가,골목형상점가,대전광역시,3.0,3.0,,,RESOLVED_AGREEMENT,False,3,,,,
3430e9e9f36204b946cc,test,분식,T4 구어·문장,q_분식_11,떡볶이 먹을 곳,음식점 중 '분식'을 판매·제공하는 매장,5f9d8f1f-2b4e-4145-bcaf-7f247251f1fa,유수식품,떡볶이,칠성원시장,전통시장,대구광역시,3.0,3.0,,,RESOLVED_AGREEMENT,False,3,,,,
d8b118a52b91f91023da,test,분식,T4 구어·문장,q_분식_11,떡볶이 먹을 곳,음식점 중 '분식'을 판매·제공하는 매장,f8a076eb-d69c-4a69-8c59-7910d97370c7,신전떡볶이,떡볶이,해남읍 원도심 상권활성화구역,상권활성화구역,전라남도,3.0,3.0,,,RESOLVED_AGREEMENT,False,3,,,,
914404461ed19b497d16,test,분식,T4 구어·문장,q_분식_11,떡볶이 먹을 곳,음식점 중 '분식'을 판매·제공하는 매장,0011cf6d-567e-4c3b-b113-363daa11212a,김밥먹고 닭꼬치,,배방상점가,자율상권구역,충청남도,2.0,3.0,,,P2_GRADED_ONLY,True,,,,,
84f6bef6900e6cb81348,test,분식,T4 구어·문장,q_분식_11,떡볶이 먹을 곳,음식점 중 '분식'을 판매·제공하는 매장,0b8ef6dc-2f6b-4707-bd73-529122d9c97a,하단떡집,떡집,하단오일상설시장,전통시장,부산광역시,1.0,0.0,,,P2_GRADED_ONLY,True,,,,,
8240f40f662cb8c83a81,test,분식,T4 구어·문장,q_분식_11,떡볶이 먹을 곳,음식점 중 '분식'을 판매·제공하는 매장,03c24ed1-1000-4d0a-9167-76e24e042340,신전떡볶이,떡볶이,전북대대학로상점가,자율상권구역,전북특별자치도,3.0,3.0,,,RESOLVED_AGREEMENT,False,3,,,,
32c97987d12951ee7477,test,분식,T4 구어·문장,q_분식_11,떡볶이 먹을 곳,음식점 중 '분식'을 판매·제공하는 매장,44def3b6-8b36-4c47-909c-c6c0ce341d34,부산 떡볶이,,범리단길 골목형상점가,골목형상점가,부산광역시,3.0,3.0,,,RESOLVED_AGREEMENT,False,3,,,,
ff2721d3597b62493913,test,분식,T4 구어·문장,q_분식_11,떡볶이 먹을 곳,음식점 중 '분식'을 판매·제공하는 매장,5638e5b6-1726-4763-bffb-1edc40907035,섹시한떡볶이,떡볶이,녹색거리상점가,자율상권구역,경기도,3.0,3.0,,,RESOLVED_AGREEMENT,False,3,,,,
9c0df6dfe75a8a53bed8,test,분식,T4 구어·문장,q_분식_11,떡볶이 먹을 곳,음식점 중 '분식'을 판매·제공하는 매장,00ec6d6a-b0c1-4662-b17f-9c9f059a4bcd,백암서울순대국,순대국,강서구청먹자골목골목형상점가,골목형상점가,서울특별시,2.0,3.0,,,P2_GRADED_ONLY,True,,,,,
ee97455fa120aa2c8493,test,분식,T4 구어·문장,q_분식_11,떡볶이 먹을 곳,음식점 중 '분식'을 판매·제공하는 매장,fa34b7c5-260f-4689-9492-01a37029d680,도노떡볶이,떡볶이,모현 청경채 골목형상점가,골목형상점가,경기도,3.0,3.0,,,RESOLVED_AGREEMENT,False,3,,,,
4f2fe86cb752fc0adbc4,test,분식,T4 구어·문장,q_분식_11,떡볶이 먹을 곳,음식점 중 '분식'을 판매·제공하는 매장,00ca89c2-42a8-432d-ba4b-5abd23c18ab0,계란밥,계란밥분식,시청역상가번영회 골목형상점가,골목형상점가,광주광역시,2.0,3.0,,,P2_GRADED_ONLY,True,,,,,
297df9bdc99903f1f7ff,test,분식,T4 구어·문장,q_분식_11,떡볶이 먹을 곳,음식점 중 '분식'을 판매·제공하는 매장,7fde034b-96e4-455a-83e2-7b5692b96a17,먹을터,한식,화성행궁골목형상점가,골목형상점가,경기도,1.0,1.0,,,RESOLVED_AGREEMENT,False,1,,,,
e33822f312b1a9f9a3d4,test,분식,T4 구어·문장,q_분식_11,떡볶이 먹을 곳,음식점 중 '분식'을 판매·제공하는 매장,00b5a60c-c548-4ac2-8259-9bb788c0fc58,까치김밥,김밥식사류,신림별빛거리골목형상점가,골목형상점가,서울특별시,2.0,3.0,,,P2_GRADED_ONLY,True,,,,,
c6a6481e6482a4abdd34,test,분식,T4 구어·문장,q_분식_11,떡볶이 먹을 곳,음식점 중 '분식'을 판매·제공하는 매장,23cf5255-56e3-45a5-bd6a-b7203dddfcc1,홍천떡볶이,떡볶이,신장대리 자율상권구역,,강원특별자치도,3.0,3.0,,,RESOLVED_AGREEMENT,False,3,,,,
59cafef7559130a6c0fd,test,분식,T4 구어·문장,q_분식_11,떡볶이 먹을 곳,음식점 중 '분식'을 판매·제공하는 매장,6825e207-6612-42ca-80fd-b6466d73274c,볼빨간 떡볶이,,부안마실 상권활성화구역,상권활성화구역,전북특별자치도,3.0,3.0,,,RESOLVED_AGREEMENT,False,3,,,,
aa41304f12cbc2bf1993,test,분식,T4 구어·문장,q_분식_11,떡볶이 먹을 곳,음식점 중 '분식'을 판매·제공하는 매장,04a91b86-3405-4f8d-b0b8-eac86f3907c4,연지동토스트,커피토스트,연지시장,전통시장,부산광역시,2.0,0.0,,,P1_BINARY_THRESHOLD,True,,,,,
086bb27ed81550511fc2,test,분식,T4 구어·문장,q_분식_11,떡볶이 먹을 곳,음식점 중 '분식'을 판매·제공하는 매장,02f03161-3a15-416f-bdd6-8ad5bd17781d,시골참순대,,관저동 먹자골목 골목형상점가,골목형상점가,대전광역시,2.0,3.0,,,P2_GRADED_ONLY,True,,,,,
68908180a050b36878e5,test,분식,T4 구어·문장,q_분식_11,떡볶이 먹을 곳,음식점 중 '분식'을 판매·제공하는 매장,7a7cf641-2ee9-4f37-a48f-a68df22e2680,신전 떡볶이,분식,안마을 골목형상점가,골목형상점가,서울특별시,2.0,3.0,,,P2_GRADED_ONLY,True,,,,,
fa43cfcfca092498f184,test,분식,T4 구어·문장,q_분식_12,만두 먹을 데,음식점 중 '분식'을 판매·제공하는 매장,be674521-7e1b-4b30-8ef8-2ca902b64fbc,본만두,만두,예석 골목형상점가,골목형상점가,충청남도,3.0,3.0,,,RESOLVED_AGREEMENT,False,3,,,,
e81b2c76fae1d67f9f75,test,분식,T4 구어·문장,q_분식_12,만두 먹을 데,음식점 중 '분식'을 판매·제공하는 매장,b4704186-5a1b-4ecf-b444-9fc86c8e5b74,신영남만두,만두,칠성본시장,전통시장,대구광역시,3.0,3.0,,,RESOLVED_AGREEMENT,False,3,,,,
e467946225aa853af6db,test,분식,T4 구어·문장,q_분식_12,만두 먹을 데,음식점 중 '분식'을 판매·제공하는 매장,0b8ef6dc-2f6b-4707-bd73-529122d9c97a,하단떡집,떡집,하단오일상설시장,전통시장,부산광역시,1.0,0.0,,,P2_GRADED_ONLY,True,,,,,
e8906afbc54dcffc7437,test,분식,T4 구어·문장,q_분식_12,만두 먹을 데,음식점 중 '분식'을 판매·제공하는 매장,0a891050-80f2-4423-a5a4-fbd505f1e519,이삭토스트 대전테크노밸리점,토스트,테크노밸리 골목형상점가,골목형상점가,대전광역시,2.0,0.0,,,P1_BINARY_THRESHOLD,True,,,,,
26876e2c53a5a3143775,test,분식,T4 구어·문장,q_분식_12,만두 먹을 데,음식점 중 '분식'을 판매·제공하는 매장,e58bb526-8938-4ead-8609-e56a6f1c95b0,만두마당,만두,금산금빛시장(금산시장),전통시장,충청남도,3.0,3.0,,,RESOLVED_AGREEMENT,False,3,,,,
f9a1bce3743c31b2d169,test,분식,T4 구어·문장,q_분식_12,만두 먹을 데,음식점 중 '분식'을 판매·제공하는 매장,9b31a36d-42ac-4e11-9194-754359a0a6a5,주식회사행임제주지점,의류,칠성로상점가,자율상권구역,제주특별자치도,0.0,0.0,,,RESOLVED_AGREEMENT,False,0,,,,
0fa07077e113d09d9f6e,test,분식,T4 구어·문장,q_분식_12,만두 먹을 데,음식점 중 '분식'을 판매·제공하는 매장,1293331e-0946-4848-abc1-712e344a2dc0,만두청년,만두,구리전통시장,전통시장,경기도,3.0,3.0,,,RESOLVED_AGREEMENT,False,3,,,,
39672e47d26edc0f4011,test,분식,T4 구어·문장,q_분식_12,만두 먹을 데,음식점 중 '분식'을 판매·제공하는 매장,045215f0-9db0-4054-8c69-702841941f01,문토스트용호점,카페토스트,용호1동골목시장,전통시장,부산광역시,2.0,0.0,,,P1_BINARY_THRESHOLD,True,,,,,
2ad9126773e9f085cf40,test,분식,T4 구어·문장,q_분식_12,만두 먹을 데,음식점 중 '분식'을 판매·제공하는 매장,00783b5c-54fd-42fc-8bcf-1ea7fce865d5,쫀득분식,분식,임방울거리3구역 골목형상점가,골목형상점가,광주광역시,2.0,3.0,,,P2_GRADED_ONLY,True,,,,,
ed6aa0d67ab5b8bf4fd5,test,분식,T4 구어·문장,q_분식_12,만두 먹을 데,음식점 중 '분식'을 판매·제공하는 매장,75409d4b-2718-43b2-9041-f32bfde39176,아이더,"도매및소매업(의류,내의,스포츠의류)",덕이동메인타운상점가(구 덕이동로데오메인타운),자율상권구역,경기도,0.0,0.0,,,RESOLVED_AGREEMENT,False,0,,,,
acbf67447dae7e37701a,test,분식,T4 구어·문장,q_분식_12,만두 먹을 데,음식점 중 '분식'을 판매·제공하는 매장,46161106-0e2f-4bdb-8911-3298ab9a7243,오양만두,만두,서둔동 골목형상점가,골목형상점가,경기도,3.0,3.0,,,RESOLVED_AGREEMENT,False,3,,,,
aafe2e195bc88fafbeb9,test,분식,T4 구어·문장,q_분식_12,만두 먹을 데,음식점 중 '분식'을 판매·제공하는 매장,8f8ccf5b-09da-40c5-bdd4-1c588f364930,명당만두,만두,수정전통시장,전통시장,부산광역시,3.0,3.0,,,RESOLVED_AGREEMENT,False,3,,,,
8eaa40be7a08024a5e1d,test,분식,T4 구어·문장,q_분식_12,만두 먹을 데,음식점 중 '분식'을 판매·제공하는 매장,efb9495c-d324-4eed-b77e-3ba87b25a21f,만두나라,만두,박달시장,전통시장,경기도,3.0,3.0,,,RESOLVED_AGREEMENT,False,3,,,,
6dfaec95546019a80a41,test,분식,T4 구어·문장,q_분식_12,만두 먹을 데,음식점 중 '분식'을 판매·제공하는 매장,f12f1f14-4aff-4465-a716-65c90e4239a3,호연만두,만두,초량전통시장,전통시장,부산광역시,3.0,3.0,,,RESOLVED_AGREEMENT,False,3,,,,
2d773451258826f88aa2,test,분식,T4 구어·문장,q_분식_12,만두 먹을 데,음식점 중 '분식'을 판매·제공하는 매장,a3aaee09-8a16-4288-a267-c0c055a94a07,도담만두,만두,신봉동 온누리 골목형상점가,골목형상점가,경기도,3.0,3.0,,,RESOLVED_AGREEMENT,False,3,,,,
4a7c29cee7d3a7f3b572,test,분식,T4 구어·문장,q_분식_12,만두 먹을 데,음식점 중 '분식'을 판매·제공하는 매장,d483c4a5-fe54-4b04-b3bf-9e6ad2ffdd04,핸두,만두,효천로 골목형상점가,골목형상점가,광주광역시,3.0,3.0,,,RESOLVED_AGREEMENT,False,3,,,,
6d47d1e19aee219ccf16,test,분식,T4 구어·문장,q_분식_12,만두 먹을 데,음식점 중 '분식'을 판매·제공하는 매장,00ca89c2-42a8-432d-ba4b-5abd23c18ab0,계란밥,계란밥분식,시청역상가번영회 골목형상점가,골목형상점가,광주광역시,2.0,3.0,,,P2_GRADED_ONLY,True,,,,,
5d56c276d5a3ec682246,test,분식,T4 구어·문장,q_분식_12,만두 먹을 데,음식점 중 '분식'을 판매·제공하는 매장,055b0501-9678-421c-9b8d-2994754df728,캠토토스트 계룡대실점,토스트,두마면 대실골목형상점가,골목형상점가,충청남도,2.0,0.0,,,P1_BINARY_THRESHOLD,True,,,,,
e891497b0186d0460eb8,test,분식,T4 구어·문장,q_분식_12,만두 먹을 데,음식점 중 '분식'을 판매·제공하는 매장,b68c105d-fd16-4a58-9349-89e8342795d9,화실만두,만두,원주자유시장,전통시장,강원특별자치도,3.0,3.0,,,RESOLVED_AGREEMENT,False,3,,,,
ac56e635cb0f636b669a,test,분식,T4 구어·문장,q_분식_12,만두 먹을 데,음식점 중 '분식'을 판매·제공하는 매장,1e9851d7-118e-4886-93af-659bc55ea4e3,동일유통,건어물,남포동건어물도매시장,전통시장,부산광역시,0.0,0.0,,,RESOLVED_AGREEMENT,False,0,,,,
37bc4a150ea7953b697e,test,분식,T4 구어·문장,q_분식_12,만두 먹을 데,음식점 중 '분식'을 판매·제공하는 매장,8d10d3b6-2dad-4572-8752-f523a8471dad,오빠만두,만두,양주옥정호수공원상점가,골목형상점가,경기도,3.0,3.0,,,RESOLVED_AGREEMENT,False,3,,,,
51e6d65dff41bf66092d,test,분식,T4 구어·문장,q_분식_12,만두 먹을 데,음식점 중 '분식'을 판매·제공하는 매장,007d6b63-4e47-47fa-aaa5-6d0b5cc7280b,도토리김밥계룡엄사점,분식,엄사 골목형상점가,골목형상점가,충청남도,2.0,3.0,,,P2_GRADED_ONLY,True,,,,,
292542768b038d6a3cdf,test,분식,T4 구어·문장,q_분식_12,만두 먹을 데,음식점 중 '분식'을 판매·제공하는 매장,00b5a007-bb8d-47db-963d-ccc7e93c25ac,장호덕 손만두 백석점,만두,백석한들1번가 골목형상점가,골목형상점가,충청남도,3.0,3.0,,,RESOLVED_AGREEMENT,False,3,,,,
0d5a957794a72104cac7,test,분식,T4 구어·문장,q_분식_12,만두 먹을 데,음식점 중 '분식'을 판매·제공하는 매장,9954bf0c-4bb6-43e4-97a7-10ca7dcd8524,통큰만두,만두,퐁당거리 골목형상점가,골목형상점가,전라남도,3.0,3.0,,,RESOLVED_AGREEMENT,False,3,,,,
423f318c99180d237cbe,test,분식,T4 구어·문장,q_분식_12,만두 먹을 데,음식점 중 '분식'을 판매·제공하는 매장,2d63c0fa-1e70-42bd-ac34-4595f4c6aa30,산동만두,만두,신정상가시장,전통시장,울산광역시,3.0,3.0,,,RESOLVED_AGREEMENT,False,3,,,,
3bd7ac3ccdbda5fc25b7,test,분식,T4 구어·문장,q_분식_12,만두 먹을 데,음식점 중 '분식'을 판매·제공하는 매장,b5cde6f7-d102-49da-a75a-cb92d0a4588a,수제만두,만두,복이있는덕포시장,전통시장,부산광역시,3.0,3.0,,,RESOLVED_AGREEMENT,False,3,,,,
7ba636a3a0b567f13189,test,분식,T4 구어·문장,q_분식_12,만두 먹을 데,음식점 중 '분식'을 판매·제공하는 매장,01853453-69ac-4f55-9cd8-09e40088ab59,가마솥왕만두,만두,울산번개시장,전통시장,울산광역시,3.0,3.0,,,RESOLVED_AGREEMENT,False,3,,,,
9be25177c680958262b3,test,분식,T4 구어·문장,q_분식_12,만두 먹을 데,음식점 중 '분식'을 판매·제공하는 매장,cc183367-f254-40c2-8746-7921c677c73f,그럴만두,만두,용봉지구 골목형상점가,골목형상점가,광주광역시,3.0,3.0,,,RESOLVED_AGREEMENT,False,3,,,,
de2c2a752718bb8f3175,test,분식,T4 구어·문장,q_분식_12,만두 먹을 데,음식점 중 '분식'을 판매·제공하는 매장,001bda4f-046f-44c5-b084-8de630ac405a,김밥윤,김밥 등,보람동 골목형상점가,골목형상점가,세종특별자치시,2.0,3.0,,,P2_GRADED_ONLY,True,,,,,
abfe784ed2cb8c4aaf0f,test,분식,T4 구어·문장,q_분식_12,만두 먹을 데,음식점 중 '분식'을 판매·제공하는 매장,d66745b3-2063-4a23-9bc9-1c435dcb8d69,고향만두,만두,원주자유시장,전통시장,강원특별자치도,3.0,3.0,,,RESOLVED_AGREEMENT,False,3,,,,
01c5b5acd26cbb941f2f,test,분식,T4 구어·문장,q_분식_12,만두 먹을 데,음식점 중 '분식'을 판매·제공하는 매장,69073e4f-39a1-4bb2-9d42-ca57b18cb03a,은서과일,과일,달서시장,전통시장,대구광역시,0.0,0.0,,,RESOLVED_AGREEMENT,False,0,,,,
82795268a3936c065a91,test,분식,T4 구어·문장,q_분식_12,만두 먹을 데,음식점 중 '분식'을 판매·제공하는 매장,0910caae-ad67-4ef3-934e-fff4c6059206,참토스트 대전학하점,토스트,계산동 골목형상점가,골목형상점가,대전광역시,2.0,0.0,,,P1_BINARY_THRESHOLD,True,,,,,
4eb05e1f0b1bb8d2a270,test,분식,T4 구어·문장,q_분식_12,만두 먹을 데,음식점 중 '분식'을 판매·제공하는 매장,64e5c998-9146-41c6-8bd6-8750f32ad3ca,영선만두,만두,칠성본시장,전통시장,대구광역시,3.0,3.0,,,RESOLVED_AGREEMENT,False,3,,,,
01aebd531e7b2d6b2a50,test,분식,T4 구어·문장,q_분식_12,만두 먹을 데,음식점 중 '분식'을 판매·제공하는 매장,21242617-3cad-4c66-bfc0-0898c8bd7c0a,찐이야,의류,서면지하도상가 부전몰,일반지하상점가,부산광역시,0.0,0.0,,,RESOLVED_AGREEMENT,False,0,,,,
a28fd21d7eb1289da2bf,test,분식,T4 구어·문장,q_분식_12,만두 먹을 데,음식점 중 '분식'을 판매·제공하는 매장,6147b1d1-9240-417c-9c32-58446a0a1696,영만두,만두,복대시장,전통시장,충청북도,3.0,3.0,,,RESOLVED_AGREEMENT,False,3,,,,
529cedd0ab356f825b99,test,분식,T4 구어·문장,q_분식_12,만두 먹을 데,음식점 중 '분식'을 판매·제공하는 매장,4984470e-4501-4e34-91b3-7a153e6674d7,울 만두,한식,문정동로데오상점가,자율상권구역,서울특별시,2.0,3.0,,,P2_GRADED_ONLY,True,,,,,
a34f765f3ead08415ddb,test,분식,T4 구어·문장,q_분식_12,만두 먹을 데,음식점 중 '분식'을 판매·제공하는 매장,a7b36306-b9cd-4a7b-b0b3-044e82b90810,부흥만두,만두,천안중앙시장,전통시장,충청남도,3.0,3.0,,,RESOLVED_AGREEMENT,False,3,,,,
5f444dfc84e330e85e9b,test,분식,T4 구어·문장,q_분식_12,만두 먹을 데,음식점 중 '분식'을 판매·제공하는 매장,eb4c0a8b-6e42-416a-903e-ed0d4ea076ae,그럴만두,만두,참샘상인회 골목형상점가,골목형상점가,광주광역시,3.0,3.0,,,RESOLVED_AGREEMENT,False,3,,,,
aed119e56226e5c55f65,test,분식,T4 구어·문장,q_분식_12,만두 먹을 데,음식점 중 '분식'을 판매·제공하는 매장,0011cf6d-567e-4c3b-b113-363daa11212a,김밥먹고 닭꼬치,,배방상점가,자율상권구역,충청남도,2.0,3.0,,,P2_GRADED_ONLY,True,,,,,
0175acbfc090b218bfe6,test,분식,T4 구어·문장,q_분식_12,만두 먹을 데,음식점 중 '분식'을 판매·제공하는 매장,00719699-eb0c-4473-bda9-7a16eace345e,봉식이옛날왕만두,만두,삼익 골목형상점가,골목형상점가,서울특별시,3.0,3.0,,,RESOLVED_AGREEMENT,False,3,,,,
19eab2b699b815c8709b,test,분식,T4 구어·문장,q_분식_12,만두 먹을 데,음식점 중 '분식'을 판매·제공하는 매장,2056c69e-64b4-4b28-8ce2-800cbcec3e25,먹을꼬얌,음식,산본로데오거리(구 산본중심상가),자율상권구역,경기도,0.0,0.0,,,RESOLVED_AGREEMENT,False,0,,,,
1b1566732a009d3651c8,test,분식,T4 구어·문장,q_분식_12,만두 먹을 데,음식점 중 '분식'을 판매·제공하는 매장,008594db-d86c-4014-bf5c-16f6cd40402d,와글와글봄소풍,김밥,다사역 골목형상점가,골목형상점가,대구광역시,2.0,3.0,,,P2_GRADED_ONLY,True,,,,,
d23113762faa0f2eca42,test,분식,T4 구어·문장,q_분식_12,만두 먹을 데,음식점 중 '분식'을 판매·제공하는 매장,f489394a-a57d-48fc-bd75-cf310dc998f2,창민만두,만두,청구시장,전통시장,대구광역시,3.0,3.0,,,RESOLVED_AGREEMENT,False,3,,,,
2205f8aa118ff3f1ffea,test,분식,T4 구어·문장,q_분식_12,만두 먹을 데,음식점 중 '분식'을 판매·제공하는 매장,479cf7dd-973e-45e8-a91c-150718469887,철이만두,만두,돌곶이시장,전통시장,서울특별시,3.0,3.0,,,RESOLVED_AGREEMENT,False,3,,,,
26c851725b6554cfc27f,test,분식,T4 구어·문장,q_분식_12,만두 먹을 데,음식점 중 '분식'을 판매·제공하는 매장,ae7f51ec-722f-4c96-b9aa-7cdd58cc3616,만두와찐빵,만두,이동 골목형상점가,골목형상점가,경기도,3.0,3.0,,,RESOLVED_AGREEMENT,False,3,,,,
a0c5cddbc734a86add60,test,분식,T4 구어·문장,q_분식_12,만두 먹을 데,음식점 중 '분식'을 판매·제공하는 매장,472ef84c-d521-4fd7-9e50-2c489d103e44,대박손만두,만두,청주육거리종합시장,전통시장,충청북도,3.0,3.0,,,RESOLVED_AGREEMENT,False,3,,,,
e7f4c834daedebf0a56b,test,분식,T4 구어·문장,q_분식_12,만두 먹을 데,음식점 중 '분식'을 판매·제공하는 매장,3c3dc3b8-2838-4c77-aeda-6bd7b5882dc3,하까오손만두,만두,부사동 인삼거리 골목형상점가,골목형상점가,대전광역시,3.0,3.0,,,RESOLVED_AGREEMENT,False,3,,,,
9b573f652fbb31a5f858,test,분식,T4 구어·문장,q_분식_12,만두 먹을 데,음식점 중 '분식'을 판매·제공하는 매장,9e0359dd-9273-45e4-81f8-1a13e80d9006,모모만두,만두,화서시장,전통시장,경기도,3.0,3.0,,,RESOLVED_AGREEMENT,False,3,,,,
7b75c890eeafd662bb92,test,분식,T4 구어·문장,q_분식_12,만두 먹을 데,음식점 중 '분식'을 판매·제공하는 매장,024c1f10-1fe0-4be3-8bde-6465f5cd8c43,오늘은 떡볶이,"떡볶이, 튀김, 순대 등",석촌시장,전통시장,서울특별시,2.0,3.0,,,P2_GRADED_ONLY,True,,,,,
0cfb36f70e9b05df13bd,test,분식,T4 구어·문장,q_분식_12,만두 먹을 데,음식점 중 '분식'을 판매·제공하는 매장,d29cd065-e326-430d-953e-fb891fb4ea82,만두장성,만두,공릉동도깨비시장,전통시장,서울특별시,3.0,3.0,,,RESOLVED_AGREEMENT,False,3,,,,
8cf400839a56dcf19e92,test,분식,T4 구어·문장,q_분식_12,만두 먹을 데,음식점 중 '분식'을 판매·제공하는 매장,7fde034b-96e4-455a-83e2-7b5692b96a17,먹을터,한식,화성행궁골목형상점가,골목형상점가,경기도,1.0,1.0,,,RESOLVED_AGREEMENT,False,1,,,,
7185791775958261ae8d,test,분식,T4 구어·문장,q_분식_12,만두 먹을 데,음식점 중 '분식'을 판매·제공하는 매장,101767d7-2b80-49db-89bd-55c5bbd4a4a1,대호손만두,만두,안양관양시장,전통시장,경기도,3.0,3.0,,,RESOLVED_AGREEMENT,False,3,,,,
2c8a205821401e29ed4d,test,분식,T4 구어·문장,q_분식_12,만두 먹을 데,음식점 중 '분식'을 판매·제공하는 매장,064d899b-c65a-4b75-9a15-9ca1eaf707f4,이삭토스트,토스트 등,매탄중심상가 골목형상점가,골목형상점가,경기도,2.0,0.0,,,P1_BINARY_THRESHOLD,True,,,,,
de823fa9b5a180645945,test,분식,T4 구어·문장,q_분식_12,만두 먹을 데,음식점 중 '분식'을 판매·제공하는 매장,e435c545-6c35-4ec1-a325-8dcd9fa3a504,현아네 만두,만두,충주자유시장,전통시장,충청북도,3.0,3.0,,,RESOLVED_AGREEMENT,False,3,,,,
d4bbd06ac5db81b52c79,test,분식,T4 구어·문장,q_분식_12,만두 먹을 데,음식점 중 '분식'을 판매·제공하는 매장,9c45ac41-323f-44cd-8901-7b4f9793b583,이석만두,만두,가수원상점가,자율상권구역,대전광역시,3.0,3.0,,,RESOLVED_AGREEMENT,False,3,,,,
4f31d8d3a2543bc99e6e,test,분식,T4 구어·문장,q_분식_12,만두 먹을 데,음식점 중 '분식'을 판매·제공하는 매장,d77ff04d-e52c-47db-9c1e-b91316af79c3,만두가,만두,효자시장,전통시장,경상북도,3.0,3.0,,,RESOLVED_AGREEMENT,False,3,,,,
7dbf33d0ed6a3b4758a9,test,분식,T4 구어·문장,q_분식_12,만두 먹을 데,음식점 중 '분식'을 판매·제공하는 매장,2613f2dc-65bb-4746-b383-dfba0ce85bae,옥연만두,만두,청주사창시장,전통시장,충청북도,3.0,3.0,,,RESOLVED_AGREEMENT,False,3,,,,
9da88cc05371709e4ccc,test,분식,T4 구어·문장,q_분식_12,만두 먹을 데,음식점 중 '분식'을 판매·제공하는 매장,50c33794-1cf7-43c3-af29-daf15e63d633,진미만두,만두,칠성본시장,전통시장,대구광역시,3.0,3.0,,,RESOLVED_AGREEMENT,False,3,,,,
ca57b9048dcc16b9ea25,test,분식,T4 구어·문장,q_분식_12,만두 먹을 데,음식점 중 '분식'을 판매·제공하는 매장,cdbe8d0e-6d65-452f-86ec-1e65bdf1433e,만두사오,만두,구영로 골목형상점가,골목형상점가,울산광역시,3.0,3.0,,,RESOLVED_AGREEMENT,False,3,,,,
4eb2450dbc99f964e215,test,분식,T4 구어·문장,q_분식_12,만두 먹을 데,음식점 중 '분식'을 판매·제공하는 매장,005313c8-dce8-49b6-9841-9143ebb1305a,동원떡집,,박달시장,전통시장,경기도,1.0,0.0,,,P2_GRADED_ONLY,True,,,,,
209dca35afe7d300b0e5,test,분식,T4 구어·문장,q_분식_12,만두 먹을 데,음식점 중 '분식'을 판매·제공하는 매장,aa67f4c3-219e-4011-a5e9-d1bab54b6820,김여사 만두,만두,맹동혁신골목형상점가,골목형상점가,충청북도,3.0,3.0,,,RESOLVED_AGREEMENT,False,3,,,,
6e5c4c1a8f7ba6219a03,test,분식,T4 구어·문장,q_분식_12,만두 먹을 데,음식점 중 '분식'을 판매·제공하는 매장,0012a3b4-64a1-440c-a76e-f2be12a2f086,튀김집,분식,두암시장주변 골목형상점가,골목형상점가,광주광역시,2.0,3.0,,,P2_GRADED_ONLY,True,,,,,
d1cd42b8d9f2c0ff1125,test,분식,T4 구어·문장,q_분식_12,만두 먹을 데,음식점 중 '분식'을 판매·제공하는 매장,571474ed-6214-45f9-b9e0-197221def111,만두라,만두,백년소상공인,기타,서울특별시,3.0,3.0,,,RESOLVED_AGREEMENT,False,3,,,,
1dc64baaba14d17171f5,test,분식,T4 구어·문장,q_분식_12,만두 먹을 데,음식점 중 '분식'을 판매·제공하는 매장,04c905ba-3172-4ea4-a6dd-4345d674dea0,덕순이네,제조업(떡집),장터길 골목형상점가,골목형상점가,경기도,1.0,0.0,,,P2_GRADED_ONLY,True,,,,,
a0dde166789174687575,test,분식,T4 구어·문장,q_분식_12,만두 먹을 데,음식점 중 '분식'을 판매·제공하는 매장,b712f7b9-8286-4f31-897b-90e9c75b08da,만두마당,만두,금산금빛시장(금산시장),전통시장,충청남도,3.0,3.0,,,RESOLVED_AGREEMENT,False,3,,,,
479c6de243e94a819f22,test,분식,T4 구어·문장,q_분식_12,만두 먹을 데,음식점 중 '분식'을 판매·제공하는 매장,45225395-481d-48d0-aea9-2f6620231636,우리웰빙만두,만두,대구교동시장,전통시장,대구광역시,3.0,3.0,,,RESOLVED_AGREEMENT,False,3,,,,
d829bc39c1ffd13c5c3e,test,분식,T4 구어·문장,q_분식_12,만두 먹을 데,음식점 중 '분식'을 판매·제공하는 매장,06a2e1ce-3b99-4e0f-88de-bc4e31d9f439,짱만두,만두,행복상점가,자율상권구역,경상북도,3.0,3.0,,,RESOLVED_AGREEMENT,False,3,,,,
266166c68a5e85b2d0d2,test,분식,T4 구어·문장,q_분식_12,만두 먹을 데,음식점 중 '분식'을 판매·제공하는 매장,dc92b2eb-5979-4c3b-8d97-a2778cd127d4,삼촌만두,만두,영월종합상가,전통시장,강원특별자치도,3.0,3.0,,,RESOLVED_AGREEMENT,False,3,,,,
bc6981c03b05abd1f32c,test,분식,T4 구어·문장,q_분식_12,만두 먹을 데,음식점 중 '분식'을 판매·제공하는 매장,415808ce-735f-47c0-a5e1-739be2ae8aed,옵서예만두,만두,연산골목시장상점가,자율상권구역,부산광역시,3.0,3.0,,,RESOLVED_AGREEMENT,False,3,,,,
c089adbddef1ffbdd291,test,분식,T4 구어·문장,q_분식_12,만두 먹을 데,음식점 중 '분식'을 판매·제공하는 매장,3f4df234-0983-45e8-9516-09a6aa997761,우리만두,만두,두암2동참판골 골목형상점가,골목형상점가,광주광역시,3.0,3.0,,,RESOLVED_AGREEMENT,False,3,,,,
5bb3be20d44c11dd1543,test,분식,T4 구어·문장,q_분식_12,만두 먹을 데,음식점 중 '분식'을 판매·제공하는 매장,00e34fb5-e7d3-43aa-b574-400ee31abae5,은혜만두,만두,북동 골목형상점가,골목형상점가,광주광역시,3.0,3.0,,,RESOLVED_AGREEMENT,False,3,,,,
1a844fbc5592436b9eaf,test,분식,T4 구어·문장,q_분식_12,만두 먹을 데,음식점 중 '분식'을 판매·제공하는 매장,00e9517a-1887-4acf-b072-10c7cadf9512,불닭발 땡초 동대문 엽기 떡볶이,분식,유엔남구 대학로 상권,,부산광역시,2.0,3.0,,,P2_GRADED_ONLY,True,,,,,
5fb06065507270793388,test,분식,T4 구어·문장,q_분식_12,만두 먹을 데,음식점 중 '분식'을 판매·제공하는 매장,04a91b86-3405-4f8d-b0b8-eac86f3907c4,연지동토스트,커피토스트,연지시장,전통시장,부산광역시,2.0,0.0,,,P1_BINARY_THRESHOLD,True,,,,,
0b09af778f4d571725ba,test,분식,T4 구어·문장,q_분식_12,만두 먹을 데,음식점 중 '분식'을 판매·제공하는 매장,00b5a60c-c548-4ac2-8259-9bb788c0fc58,까치김밥,김밥식사류,신림별빛거리골목형상점가,골목형상점가,서울특별시,2.0,3.0,,,P2_GRADED_ONLY,True,,,,,
1e23a359da8cadf1ec32,test,분식,T4 구어·문장,q_분식_12,만두 먹을 데,음식점 중 '분식'을 판매·제공하는 매장,04b03558-95d1-4a0e-a9e2-9a9e72bdadb2,배가찐왕만두,만두,문흥2동 골목형상점가,골목형상점가,광주광역시,3.0,3.0,,,RESOLVED_AGREEMENT,False,3,,,,
ab19ae6ab405f223634d,test,분식,T4 구어·문장,q_분식_12,만두 먹을 데,음식점 중 '분식'을 판매·제공하는 매장,015915e3-2542-4245-b627-0c775b4c5501,한내떡집,,거제 고현시장,전통시장,경상남도,1.0,0.0,,,P2_GRADED_ONLY,True,,,,,
4d5e83a82185e07e3b40,test,분식,T4 구어·문장,q_분식_12,만두 먹을 데,음식점 중 '분식'을 판매·제공하는 매장,35b9e8da-b8a6-4851-baf6-2de676c05300,덕보만두,만두,신산격종합시장 골목형상점가,골목형상점가,대구광역시,3.0,3.0,,,RESOLVED_AGREEMENT,False,3,,,,
b1bbb51d15807874d355,test,분식,T4 구어·문장,q_분식_12,만두 먹을 데,음식점 중 '분식'을 판매·제공하는 매장,be81d247-2f6e-4668-9231-3123bfc315a7,임계만두,만두,동쪽바다중앙시장(구 동해중앙시장),전통시장,강원특별자치도,3.0,3.0,,,RESOLVED_AGREEMENT,False,3,,,,
4ec23aa6c37393c9177b,test,분식,T4 구어·문장,q_분식_12,만두 먹을 데,음식점 중 '분식'을 판매·제공하는 매장,02f03161-3a15-416f-bdd6-8ad5bd17781d,시골참순대,,관저동 먹자골목 골목형상점가,골목형상점가,대전광역시,2.0,3.0,,,P2_GRADED_ONLY,True,,,,,
008073e66645b026e24b,test,분식,T4 구어·문장,q_분식_12,만두 먹을 데,음식점 중 '분식'을 판매·제공하는 매장,72daf2fb-92c9-441a-9afc-1ded42c577a6,만두쟁이,만두,"온양온천시장(온양재래시장, 전통시장)",전통시장,충청남도,3.0,3.0,,,RESOLVED_AGREEMENT,False,3,,,,
6d524accedf285355821,test,분식,T4 구어·문장,q_분식_12,만두 먹을 데,음식점 중 '분식'을 판매·제공하는 매장,d1075d91-769e-48d8-ace0-b0081423b8b5,모아만두,만두,청주사창시장,전통시장,충청북도,3.0,3.0,,,RESOLVED_AGREEMENT,False,3,,,,
9e209a883a0e54326c68,test,분식,T4 구어·문장,q_분식_12,만두 먹을 데,음식점 중 '분식'을 판매·제공하는 매장,44ab277e-62ae-49f8-be37-3b462ce37dfb,별난만두,만두,중마시장,전통시장,전라남도,3.0,3.0,,,RESOLVED_AGREEMENT,False,3,,,,
050476c6113e811d67e3,test,분식,T4 구어·문장,q_분식_12,만두 먹을 데,음식점 중 '분식'을 판매·제공하는 매장,97f510d4-ab8e-47d2-ad42-c7cdcaf93808,농민유통센터,생활필수품,송정사랑 골목형상점가,골목형상점가,광주광역시,0.0,0.0,,,RESOLVED_AGREEMENT,False,0,,,,
fed7499c3d453ddef232,test,분식,T4 구어·문장,q_분식_12,만두 먹을 데,음식점 중 '분식'을 판매·제공하는 매장,00e30e6c-dde0-49cd-9e3e-95465aa4247e,동해분식,분식,서남신시장,전통시장,대구광역시,2.0,3.0,,,P2_GRADED_ONLY,True,,,,,
d145db903a87da260885,test,분식,T4 구어·문장,q_분식_12,만두 먹을 데,음식점 중 '분식'을 판매·제공하는 매장,86177d0d-993b-49ed-b720-5b4b5b9035d9,미담떡방앗간,떡,구미파크시장,전통시장,경상북도,0.0,0.0,,,RESOLVED_AGREEMENT,False,0,,,,
ad7d76a79b99e61033dc,test,분식,T4 구어·문장,q_분식_12,만두 먹을 데,음식점 중 '분식'을 판매·제공하는 매장,7fb27403-28ca-4cc0-b090-7ff99007c830,아담만두,만두,부평문화인의거리골목형상점가,골목형상점가,인천광역시,3.0,3.0,,,RESOLVED_AGREEMENT,False,3,,,,
67b6ccb9930a2e2972b4,test,분식,T4 구어·문장,q_분식_12,만두 먹을 데,음식점 중 '분식'을 판매·제공하는 매장,3b91ec2a-2606-41d3-9120-a40662269044,호호만두,만두,신창수문 골목형상점가,골목형상점가,광주광역시,3.0,3.0,,,RESOLVED_AGREEMENT,False,3,,,,
42a1f3aa74fe46f21fc0,test,분식,T4 구어·문장,q_분식_12,만두 먹을 데,음식점 중 '분식'을 판매·제공하는 매장,1b0032f6-1cc3-4466-ba1f-2fc85261315c,복만두,만두,도마큰시장,전통시장,대전광역시,3.0,3.0,,,RESOLVED_AGREEMENT,False,3,,,,
d9586c638992bf62e20f,test,분식,T4 구어·문장,q_분식_12,만두 먹을 데,음식점 중 '분식'을 판매·제공하는 매장,00ec6d6a-b0c1-4662-b17f-9c9f059a4bcd,백암서울순대국,순대국,강서구청먹자골목골목형상점가,골목형상점가,서울특별시,2.0,3.0,,,P2_GRADED_ONLY,True,,,,,
3a162fac71f02330d983,test,분식,T4 구어·문장,q_분식_12,만두 먹을 데,음식점 중 '분식'을 판매·제공하는 매장,2c385c7e-5a8b-4f70-b4b4-ef1f215b04ae,생생통만두,만두,계양산전통시장,전통시장,인천광역시,3.0,3.0,,,RESOLVED_AGREEMENT,False,3,,,,
f83ca0394454e4fee2ae,test,분식,T4 구어·문장,q_분식_12,만두 먹을 데,음식점 중 '분식'을 판매·제공하는 매장,001cb3d4-5441-4963-b517-d5b3904ee312,현창떡집,떡집,목포동부시장,전통시장,전라남도,1.0,0.0,,,P2_GRADED_ONLY,True,,,,,
3d53e52a678598e52f95,test,분식,T4 구어·문장,q_분식_12,만두 먹을 데,음식점 중 '분식'을 판매·제공하는 매장,93a21205-3c44-40d5-9f2e-f1d03be41509,무아만두,만두,구성언남 골목형상점가,골목형상점가,경기도,3.0,3.0,,,RESOLVED_AGREEMENT,False,3,,,,
aedfcfaf91fc75374ea0,test,분식,T4 구어·문장,q_분식_12,만두 먹을 데,음식점 중 '분식'을 판매·제공하는 매장,5726305e-0723-4eff-84a4-e6c3f120e980,미성당납작만두,만두,지범골목먹거리타운 골목형상점가,골목형상점가,대구광역시,3.0,3.0,,,RESOLVED_AGREEMENT,False,3,,,,
497b3b7d7a5af5b57aa8,test,분식,T4 구어·문장,q_분식_12,만두 먹을 데,음식점 중 '분식'을 판매·제공하는 매장,178b9363-1bdb-40d4-951e-f6d97ddef34c,부산만두,만두,경주중앙시장,전통시장,경상북도,3.0,3.0,,,RESOLVED_AGREEMENT,False,3,,,,
31deef4498a226bd090b,test,분식,T4 구어·문장,q_분식_12,만두 먹을 데,음식점 중 '분식'을 판매·제공하는 매장,0018c143-a8bd-4461-a8ae-ee348edfad7a,김가네의정부중앙역점,김밥 분식 식사등,의정부시 구도심 상권활성화구역,상권활성화구역,경기도,2.0,3.0,,,P2_GRADED_ONLY,True,,,,,
32dc7ae7235ad3d352d8,test,분식,T4 구어·문장,q_분식_12,만두 먹을 데,음식점 중 '분식'을 판매·제공하는 매장,017c71f5-48d0-4cce-a370-a84d34d36658,무봉리토종순대국파주운정점,,산내마을 골목형상점가,골목형상점가,경기도,2.0,3.0,,,P2_GRADED_ONLY,True,,,,,
d71ae5c2b8de4fb0db6f,test,분식,T4 구어·문장,q_분식_12,만두 먹을 데,음식점 중 '분식'을 판매·제공하는 매장,abcc7cbc-f5bd-4367-bc39-17dbc3212bda,진심만두,만두,대전정원시장,전통시장,대전광역시,3.0,3.0,,,RESOLVED_AGREEMENT,False,3,,,,
054a04c1a90ff59dba67,test,분식,T4 구어·문장,q_분식_12,만두 먹을 데,음식점 중 '분식'을 판매·제공하는 매장,5db2393c-54a9-4e60-99dc-a3f9fe8303a7,한끼만두,만두,신도봉시장,전통시장,서울특별시,3.0,3.0,,,RESOLVED_AGREEMENT,False,3,,,,
22a9e8961bc9aabca85f,test,분식,T4 구어·문장,q_분식_12,만두 먹을 데,음식점 중 '분식'을 판매·제공하는 매장,016f68a3-c16f-467c-af96-22466baf3a6a,쉬즈베이글,토스트,읍내리 원도심 골목형상점가,골목형상점가,전라남도,2.0,0.0,,,P1_BINARY_THRESHOLD,True,,,,,
a18511a7318881d73e49,test,분식,T4 구어·문장,q_분식_12,만두 먹을 데,음식점 중 '분식'을 판매·제공하는 매장,0075dacf-3e3f-47b8-a4af-d3a2ff866348,북툰커피앤카페,찐빵 만두 커피,신창진흥 골목형상점가,골목형상점가,광주광역시,3.0,3.0,,,RESOLVED_AGREEMENT,False,3,,,,
e94f87ba44d3265e1934,test,분식,T4 구어·문장,q_분식_12,만두 먹을 데,음식점 중 '분식'을 판매·제공하는 매장,0239c4e7-2ae3-4f29-8952-19c6d9d1d9a9,세번째집,순대국밥,성환이화시장,전통시장,충청남도,2.0,3.0,,,P2_GRADED_ONLY,True,,,,,
8722249ccef8b1aaf542,test,분식,T4 구어·문장,q_분식_12,만두 먹을 데,음식점 중 '분식'을 판매·제공하는 매장,94d2ec71-9ec2-4344-b354-83ed89e054d6,금용만두,만두,구포역세권상점가,자율상권구역,부산광역시,3.0,3.0,,,RESOLVED_AGREEMENT,False,3,,,,
285933ba1f663f12c3bf,test,분식,T4 구어·문장,q_분식_12,만두 먹을 데,음식점 중 '분식'을 판매·제공하는 매장,b438c94c-11d4-423b-ae71-169fa46e3cd9,하나마트,소매(슈퍼),가리봉시장,전통시장,서울특별시,0.0,0.0,,,RESOLVED_AGREEMENT,False,0,,,,
d766b5f74ccc45321322,test,분식,T4 구어·문장,q_분식_12,만두 먹을 데,음식점 중 '분식'을 판매·제공하는 매장,41f7e55d-ee69-431a-b571-6156eed34b3e,감자만두,만두,두호1시장,전통시장,경상북도,3.0,3.0,,,RESOLVED_AGREEMENT,False,3,,,,
4ac3522445825e1af805,test,분식,T4 구어·문장,q_분식_12,만두 먹을 데,음식점 중 '분식'을 판매·제공하는 매장,9f32988e-c732-4b7b-a9b0-9c03a8ead883,화정만두,만두,화삼골상인회 골목형상점가,골목형상점가,광주광역시,3.0,3.0,,,RESOLVED_AGREEMENT,False,3,,,,
f37dfa40080658bf3cb2,test,분식,T4 구어·문장,q_분식_12,만두 먹을 데,음식점 중 '분식'을 판매·제공하는 매장,0ab4b1bd-93f1-4d46-b012-abfc9b1328dc,브라운토스트,"토스트, 음료",구즉 골목형상점가,골목형상점가,대전광역시,2.0,0.0,,,P1_BINARY_THRESHOLD,True,,,,,
82fe6d84a32e74273101,test,분식,T4 구어·문장,q_분식_13,만두 파는 곳,음식점 중 '분식'을 판매·제공하는 매장,ae7f51ec-722f-4c96-b9aa-7cdd58cc3616,만두와찐빵,만두,이동 골목형상점가,골목형상점가,경기도,3.0,3.0,,,RESOLVED_AGREEMENT,False,3,,,,
e0784c99e1e5b45a17c1,test,분식,T4 구어·문장,q_분식_13,만두 파는 곳,음식점 중 '분식'을 판매·제공하는 매장,101767d7-2b80-49db-89bd-55c5bbd4a4a1,대호손만두,만두,안양관양시장,전통시장,경기도,3.0,3.0,,,RESOLVED_AGREEMENT,False,3,,,,
6f8d846003b21be1736b,test,분식,T4 구어·문장,q_분식_13,만두 파는 곳,음식점 중 '분식'을 판매·제공하는 매장,b4704186-5a1b-4ecf-b444-9fc86c8e5b74,신영남만두,만두,칠성본시장,전통시장,대구광역시,3.0,3.0,,,RESOLVED_AGREEMENT,False,3,,,,
5ccfc16794e625426b2a,test,분식,T4 구어·문장,q_분식_13,만두 파는 곳,음식점 중 '분식'을 판매·제공하는 매장,d29cd065-e326-430d-953e-fb891fb4ea82,만두장성,만두,공릉동도깨비시장,전통시장,서울특별시,3.0,3.0,,,RESOLVED_AGREEMENT,False,3,,,,
578d9cac9605cd947701,test,분식,T4 구어·문장,q_분식_13,만두 파는 곳,음식점 중 '분식'을 판매·제공하는 매장,1b0032f6-1cc3-4466-ba1f-2fc85261315c,복만두,만두,도마큰시장,전통시장,대전광역시,3.0,3.0,,,RESOLVED_AGREEMENT,False,3,,,,
ea4247fb01b6c577a9d3,test,분식,T4 구어·문장,q_분식_13,만두 파는 곳,음식점 중 '분식'을 판매·제공하는 매장,9954bf0c-4bb6-43e4-97a7-10ca7dcd8524,통큰만두,만두,퐁당거리 골목형상점가,골목형상점가,전라남도,3.0,3.0,,,RESOLVED_AGREEMENT,False,3,,,,
85cff13207fef86d2995,test,분식,T4 구어·문장,q_분식_13,만두 파는 곳,음식점 중 '분식'을 판매·제공하는 매장,b5cde6f7-d102-49da-a75a-cb92d0a4588a,수제만두,만두,복이있는덕포시장,전통시장,부산광역시,3.0,3.0,,,RESOLVED_AGREEMENT,False,3,,,,
beb6342be96b975fa54b,test,분식,T4 구어·문장,q_분식_13,만두 파는 곳,음식점 중 '분식'을 판매·제공하는 매장,94d2ec71-9ec2-4344-b354-83ed89e054d6,금용만두,만두,구포역세권상점가,자율상권구역,부산광역시,3.0,3.0,,,RESOLVED_AGREEMENT,False,3,,,,
19891cbf7d74b797916d,test,분식,T4 구어·문장,q_분식_13,만두 파는 곳,음식점 중 '분식'을 판매·제공하는 매장,41f7e55d-ee69-431a-b571-6156eed34b3e,감자만두,만두,두호1시장,전통시장,경상북도,3.0,3.0,,,RESOLVED_AGREEMENT,False,3,,,,
c1865229ef6a4c26ecb9,test,분식,T4 구어·문장,q_분식_13,만두 파는 곳,음식점 중 '분식'을 판매·제공하는 매장,571474ed-6214-45f9-b9e0-197221def111,만두라,만두,백년소상공인,기타,서울특별시,3.0,3.0,,,RESOLVED_AGREEMENT,False,3,,,,
7b13a3ad300ab3894cce,test,분식,T4 구어·문장,q_분식_13,만두 파는 곳,음식점 중 '분식'을 판매·제공하는 매장,efb9495c-d324-4eed-b77e-3ba87b25a21f,만두나라,만두,박달시장,전통시장,경기도,3.0,3.0,,,RESOLVED_AGREEMENT,False,3,,,,
0cbe5dcd44259e8319a4,test,분식,T4 구어·문장,q_분식_13,만두 파는 곳,음식점 중 '분식'을 판매·제공하는 매장,8d10d3b6-2dad-4572-8752-f523a8471dad,오빠만두,만두,양주옥정호수공원상점가,골목형상점가,경기도,3.0,3.0,,,RESOLVED_AGREEMENT,False,3,,,,
a6dd5613dd22d3b072a8,test,분식,T4 구어·문장,q_분식_13,만두 파는 곳,음식점 중 '분식'을 판매·제공하는 매장,1b055d64-60a9-49ee-bf4d-e691bb83dcd1,가영,의류,진주 중앙상점가,자율상권구역,경상남도,0.0,0.0,,,RESOLVED_AGREEMENT,False,0,,,,
db27c7fa4f91bc2a033a,test,분식,T4 구어·문장,q_분식_13,만두 파는 곳,음식점 중 '분식'을 판매·제공하는 매장,479cf7dd-973e-45e8-a91c-150718469887,철이만두,만두,돌곶이시장,전통시장,서울특별시,3.0,3.0,,,RESOLVED_AGREEMENT,False,3,,,,
3f02bb97f324b9dc1163,test,분식,T4 구어·문장,q_분식_13,만두 파는 곳,음식점 중 '분식'을 판매·제공하는 매장,3a4890ad-ac8e-403b-bd40-dbfb481d16e0,피자스쿨 인천선학역점,피자,선학동음식특화거리골목형상점가,골목형상점가,인천광역시,0.0,0.0,,,RESOLVED_AGREEMENT,False,0,,,,
081987866a6cd7624d2a,test,분식,T4 구어·문장,q_분식_13,만두 파는 곳,음식점 중 '분식'을 판매·제공하는 매장,0018c143-a8bd-4461-a8ae-ee348edfad7a,김가네의정부중앙역점,김밥 분식 식사등,의정부시 구도심 상권활성화구역,상권활성화구역,경기도,2.0,3.0,,,P2_GRADED_ONLY,True,,,,,
0067e1357a5d272e6f95,test,분식,T4 구어·문장,q_분식_13,만두 파는 곳,음식점 중 '분식'을 판매·제공하는 매장,809f2043-7879-4366-b669-a481b51f2794,흥아약국,약,당진원시가지상가,자율상권구역,충청남도,0.0,0.0,,,RESOLVED_AGREEMENT,False,0,,,,
0e9f12a40278e59fa00a,test,분식,T4 구어·문장,q_분식_13,만두 파는 곳,음식점 중 '분식'을 판매·제공하는 매장,cdbe8d0e-6d65-452f-86ec-1e65bdf1433e,만두사오,만두,구영로 골목형상점가,골목형상점가,울산광역시,3.0,3.0,,,RESOLVED_AGREEMENT,False,3,,,,
46218481528780753789,test,분식,T4 구어·문장,q_분식_13,만두 파는 곳,음식점 중 '분식'을 판매·제공하는 매장,0a891050-80f2-4423-a5a4-fbd505f1e519,이삭토스트 대전테크노밸리점,토스트,테크노밸리 골목형상점가,골목형상점가,대전광역시,2.0,0.0,,,P1_BINARY_THRESHOLD,True,,,,,
bf8ff61f42cd48532141,test,분식,T4 구어·문장,q_분식_13,만두 파는 곳,음식점 중 '분식'을 판매·제공하는 매장,00783b5c-54fd-42fc-8bcf-1ea7fce865d5,쫀득분식,분식,임방울거리3구역 골목형상점가,골목형상점가,광주광역시,2.0,3.0,,,P2_GRADED_ONLY,True,,,,,
3cce0b490b1db54c16d5,test,분식,T4 구어·문장,q_분식_13,만두 파는 곳,음식점 중 '분식'을 판매·제공하는 매장,0b8ef6dc-2f6b-4707-bd73-529122d9c97a,하단떡집,떡집,하단오일상설시장,전통시장,부산광역시,1.0,0.0,,,P2_GRADED_ONLY,True,,,,,
5bc5e6d9a813546069d2,test,분식,T4 구어·문장,q_분식_13,만두 파는 곳,음식점 중 '분식'을 판매·제공하는 매장,abcc7cbc-f5bd-4367-bc39-17dbc3212bda,진심만두,만두,대전정원시장,전통시장,대전광역시,3.0,3.0,,,RESOLVED_AGREEMENT,False,3,,,,
badc1aec9c22ab2d0017,test,분식,T4 구어·문장,q_분식_13,만두 파는 곳,음식점 중 '분식'을 판매·제공하는 매장,bad733f9-e20c-4ea9-b74a-18ea8da754da,오두막집,한식,공항시장,전통시장,대구광역시,1.0,1.0,,,RESOLVED_AGREEMENT,False,1,,,,
51696d82abd31b172930,test,분식,T4 구어·문장,q_분식_13,만두 파는 곳,음식점 중 '분식'을 판매·제공하는 매장,aa67f4c3-219e-4011-a5e9-d1bab54b6820,김여사 만두,만두,맹동혁신골목형상점가,골목형상점가,충청북도,3.0,3.0,,,RESOLVED_AGREEMENT,False,3,,,,
7fa874721e0048e889bc,test,분식,T4 구어·문장,q_분식_13,만두 파는 곳,음식점 중 '분식'을 판매·제공하는 매장,be81d247-2f6e-4668-9231-3123bfc315a7,임계만두,만두,동쪽바다중앙시장(구 동해중앙시장),전통시장,강원특별자치도,3.0,3.0,,,RESOLVED_AGREEMENT,False,3,,,,
c8199655966eb6a59b8b,test,분식,T4 구어·문장,q_분식_13,만두 파는 곳,음식점 중 '분식'을 판매·제공하는 매장,9c45ac41-323f-44cd-8901-7b4f9793b583,이석만두,만두,가수원상점가,자율상권구역,대전광역시,3.0,3.0,,,RESOLVED_AGREEMENT,False,3,,,,
085b279761f0ebfe0a2b,test,분식,T4 구어·문장,q_분식_13,만두 파는 곳,음식점 중 '분식'을 판매·제공하는 매장,055b0501-9678-421c-9b8d-2994754df728,캠토토스트 계룡대실점,토스트,두마면 대실골목형상점가,골목형상점가,충청남도,2.0,0.0,,,P1_BINARY_THRESHOLD,True,,,,,
0078f6ff82d840af2871,test,분식,T4 구어·문장,q_분식_13,만두 파는 곳,음식점 중 '분식'을 판매·제공하는 매장,93a21205-3c44-40d5-9f2e-f1d03be41509,무아만두,만두,구성언남 골목형상점가,골목형상점가,경기도,3.0,3.0,,,RESOLVED_AGREEMENT,False,3,,,,
be6a53f87de356ef9843,test,분식,T4 구어·문장,q_분식_13,만두 파는 곳,음식점 중 '분식'을 판매·제공하는 매장,04c905ba-3172-4ea4-a6dd-4345d674dea0,덕순이네,제조업(떡집),장터길 골목형상점가,골목형상점가,경기도,1.0,0.0,,,P2_GRADED_ONLY,True,,,,,
61a82f0dbf56d9c25794,test,분식,T4 구어·문장,q_분식_13,만두 파는 곳,음식점 중 '분식'을 판매·제공하는 매장,007d6b63-4e47-47fa-aaa5-6d0b5cc7280b,도토리김밥계룡엄사점,분식,엄사 골목형상점가,골목형상점가,충청남도,2.0,3.0,,,P2_GRADED_ONLY,True,,,,,
3f7fc7a7ded7f6d41d01,test,분식,T4 구어·문장,q_분식_13,만두 파는 곳,음식점 중 '분식'을 판매·제공하는 매장,d66745b3-2063-4a23-9bc9-1c435dcb8d69,고향만두,만두,원주자유시장,전통시장,강원특별자치도,3.0,3.0,,,RESOLVED_AGREEMENT,False,3,,,,
c0fa76c53bcf65e6d30d,test,분식,T4 구어·문장,q_분식_13,만두 파는 곳,음식점 중 '분식'을 판매·제공하는 매장,e2a50e29-ac5b-4c87-bf71-acfca3edcd00,산척순대 만두,한식,충주자유시장,전통시장,충청북도,2.0,3.0,,,P2_GRADED_ONLY,True,,,,,
d2dbbb3de3b73d8cef5d,test,분식,T4 구어·문장,q_분식_13,만두 파는 곳,음식점 중 '분식'을 판매·제공하는 매장,00ca89c2-42a8-432d-ba4b-5abd23c18ab0,계란밥,계란밥분식,시청역상가번영회 골목형상점가,골목형상점가,광주광역시,2.0,3.0,,,P2_GRADED_ONLY,True,,,,,
a416556dfdc13954597c,test,분식,T4 구어·문장,q_분식_13,만두 파는 곳,음식점 중 '분식'을 판매·제공하는 매장,0ab4b1bd-93f1-4d46-b012-abfc9b1328dc,브라운토스트,"토스트, 음료",구즉 골목형상점가,골목형상점가,대전광역시,2.0,0.0,,,P1_BINARY_THRESHOLD,True,,,,,
6a44620fb8cbeb8c8c9e,test,분식,T4 구어·문장,q_분식_13,만두 파는 곳,음식점 중 '분식'을 판매·제공하는 매장,b712f7b9-8286-4f31-897b-90e9c75b08da,만두마당,만두,금산금빛시장(금산시장),전통시장,충청남도,3.0,3.0,,,RESOLVED_AGREEMENT,False,3,,,,
087ac11b6f9ee2c47f00,test,분식,T4 구어·문장,q_분식_13,만두 파는 곳,음식점 중 '분식'을 판매·제공하는 매장,d1075d91-769e-48d8-ace0-b0081423b8b5,모아만두,만두,청주사창시장,전통시장,충청북도,3.0,3.0,,,RESOLVED_AGREEMENT,False,3,,,,
215ebc2cddfcaba6d561,test,분식,T4 구어·문장,q_분식_13,만두 파는 곳,음식점 중 '분식'을 판매·제공하는 매장,00e9517a-1887-4acf-b072-10c7cadf9512,불닭발 땡초 동대문 엽기 떡볶이,분식,유엔남구 대학로 상권,,부산광역시,2.0,3.0,,,P2_GRADED_ONLY,True,,,,,
8b86014a6a3557543527,test,분식,T4 구어·문장,q_분식_13,만두 파는 곳,음식점 중 '분식'을 판매·제공하는 매장,0012a3b4-64a1-440c-a76e-f2be12a2f086,튀김집,분식,두암시장주변 골목형상점가,골목형상점가,광주광역시,2.0,3.0,,,P2_GRADED_ONLY,True,,,,,
29240221129129288638,test,분식,T4 구어·문장,q_분식_13,만두 파는 곳,음식점 중 '분식'을 판매·제공하는 매장,26ba9f4f-748d-47ea-97e2-74ac483ff388,미니만두,만두,흥해시장,전통시장,경상북도,3.0,3.0,,,RESOLVED_AGREEMENT,False,3,,,,
7ad2e7120b6d3719a716,test,분식,T4 구어·문장,q_분식_13,만두 파는 곳,음식점 중 '분식'을 판매·제공하는 매장,9f32988e-c732-4b7b-a9b0-9c03a8ead883,화정만두,만두,화삼골상인회 골목형상점가,골목형상점가,광주광역시,3.0,3.0,,,RESOLVED_AGREEMENT,False,3,,,,
75e7db9e187d58951b48,test,분식,T4 구어·문장,q_분식_13,만두 파는 곳,음식점 중 '분식'을 판매·제공하는 매장,51497553-205e-4d24-84b0-bcb7f90a897b,태평양등산레져,등산용품,인천중앙로지하상가,일반지하상점가,인천광역시,0.0,0.0,,,RESOLVED_AGREEMENT,False,0,,,,
252476eafb885e03524a,test,분식,T4 구어·문장,q_분식_13,만두 파는 곳,음식점 중 '분식'을 판매·제공하는 매장,00b5a007-bb8d-47db-963d-ccc7e93c25ac,장호덕 손만두 백석점,만두,백석한들1번가 골목형상점가,골목형상점가,충청남도,3.0,3.0,,,RESOLVED_AGREEMENT,False,3,,,,
ab5b6a0ad10483fc3e5a,test,분식,T4 구어·문장,q_분식_13,만두 파는 곳,음식점 중 '분식'을 판매·제공하는 매장,d6a1f694-0466-4f83-9c24-e7a5bd51a8b4,별난만두,만두,목포동부시장,전통시장,전라남도,3.0,3.0,,,RESOLVED_AGREEMENT,False,3,,,,
d8c48b7a99f8b51813a9,test,분식,T4 구어·문장,q_분식_13,만두 파는 곳,음식점 중 '분식'을 판매·제공하는 매장,001cb3d4-5441-4963-b517-d5b3904ee312,현창떡집,떡집,목포동부시장,전통시장,전라남도,1.0,0.0,,,P2_GRADED_ONLY,True,,,,,
d5787d0907b3816dd50b,test,분식,T4 구어·문장,q_분식_13,만두 파는 곳,음식점 중 '분식'을 판매·제공하는 매장,46161106-0e2f-4bdb-8911-3298ab9a7243,오양만두,만두,서둔동 골목형상점가,골목형상점가,경기도,3.0,3.0,,,RESOLVED_AGREEMENT,False,3,,,,
0c6d2ca299ba22676124,test,분식,T4 구어·문장,q_분식_13,만두 파는 곳,음식점 중 '분식'을 판매·제공하는 매장,f489394a-a57d-48fc-bd75-cf310dc998f2,창민만두,만두,청구시장,전통시장,대구광역시,3.0,3.0,,,RESOLVED_AGREEMENT,False,3,,,,
d8963e4848ee25a0fb4f,test,분식,T4 구어·문장,q_분식_13,만두 파는 곳,음식점 중 '분식'을 판매·제공하는 매장,00b5a60c-c548-4ac2-8259-9bb788c0fc58,까치김밥,김밥식사류,신림별빛거리골목형상점가,골목형상점가,서울특별시,2.0,3.0,,,P2_GRADED_ONLY,True,,,,,
2b5d43add103dbd769e3,test,분식,T4 구어·문장,q_분식_13,만두 파는 곳,음식점 중 '분식'을 판매·제공하는 매장,e435c545-6c35-4ec1-a325-8dcd9fa3a504,현아네 만두,만두,충주자유시장,전통시장,충청북도,3.0,3.0,,,RESOLVED_AGREEMENT,False,3,,,,
6e32eaf4fc1eaf07a88d,test,분식,T4 구어·문장,q_분식_13,만두 파는 곳,음식점 중 '분식'을 판매·제공하는 매장,00e30e6c-dde0-49cd-9e3e-95465aa4247e,동해분식,분식,서남신시장,전통시장,대구광역시,2.0,3.0,,,P2_GRADED_ONLY,True,,,,,
0e088cd1e4a4c7ae3e4a,test,분식,T4 구어·문장,q_분식_13,만두 파는 곳,음식점 중 '분식'을 판매·제공하는 매장,72daf2fb-92c9-441a-9afc-1ded42c577a6,만두쟁이,만두,"온양온천시장(온양재래시장, 전통시장)",전통시장,충청남도,3.0,3.0,,,RESOLVED_AGREEMENT,False,3,,,,
cb75a595b47a32af327c,test,분식,T4 구어·문장,q_분식_13,만두 파는 곳,음식점 중 '분식'을 판매·제공하는 매장,5db2393c-54a9-4e60-99dc-a3f9fe8303a7,한끼만두,만두,신도봉시장,전통시장,서울특별시,3.0,3.0,,,RESOLVED_AGREEMENT,False,3,,,,
c137dbae4d049720edf6,test,분식,T4 구어·문장,q_분식_13,만두 파는 곳,음식점 중 '분식'을 판매·제공하는 매장,0011cf6d-567e-4c3b-b113-363daa11212a,김밥먹고 닭꼬치,,배방상점가,자율상권구역,충청남도,2.0,3.0,,,P2_GRADED_ONLY,True,,,,,
b5bcf23df8d744f8849e,test,분식,T4 구어·문장,q_분식_13,만두 파는 곳,음식점 중 '분식'을 판매·제공하는 매장,9e0359dd-9273-45e4-81f8-1a13e80d9006,모모만두,만두,화서시장,전통시장,경기도,3.0,3.0,,,RESOLVED_AGREEMENT,False,3,,,,
2231d4ba328e2c78e8f6,test,분식,T4 구어·문장,q_분식_13,만두 파는 곳,음식점 중 '분식'을 판매·제공하는 매장,001bda4f-046f-44c5-b084-8de630ac405a,김밥윤,김밥 등,보람동 골목형상점가,골목형상점가,세종특별자치시,2.0,3.0,,,P2_GRADED_ONLY,True,,,,,
eadc193a2c416563e8d9,test,분식,T4 구어·문장,q_분식_13,만두 파는 곳,음식점 중 '분식'을 판매·제공하는 매장,0075dacf-3e3f-47b8-a4af-d3a2ff866348,북툰커피앤카페,찐빵 만두 커피,신창진흥 골목형상점가,골목형상점가,광주광역시,3.0,3.0,,,RESOLVED_AGREEMENT,False,3,,,,
dffffcd4ad3ed78a61ef,test,분식,T4 구어·문장,q_분식_13,만두 파는 곳,음식점 중 '분식'을 판매·제공하는 매장,00ec6d6a-b0c1-4662-b17f-9c9f059a4bcd,백암서울순대국,순대국,강서구청먹자골목골목형상점가,골목형상점가,서울특별시,2.0,3.0,,,P2_GRADED_ONLY,True,,,,,
de9102a4e21ead28340a,test,분식,T4 구어·문장,q_분식_13,만두 파는 곳,음식점 중 '분식'을 판매·제공하는 매장,015915e3-2542-4245-b627-0c775b4c5501,한내떡집,,거제 고현시장,전통시장,경상남도,1.0,0.0,,,P2_GRADED_ONLY,True,,,,,
d79b6ca7822486a41c52,test,분식,T4 구어·문장,q_분식_13,만두 파는 곳,음식점 중 '분식'을 판매·제공하는 매장,0239c4e7-2ae3-4f29-8952-19c6d9d1d9a9,세번째집,순대국밥,성환이화시장,전통시장,충청남도,2.0,3.0,,,P2_GRADED_ONLY,True,,,,,
fa1797efbfabcd6b1c07,test,분식,T4 구어·문장,q_분식_13,만두 파는 곳,음식점 중 '분식'을 판매·제공하는 매장,1293331e-0946-4848-abc1-712e344a2dc0,만두청년,만두,구리전통시장,전통시장,경기도,3.0,3.0,,,RESOLVED_AGREEMENT,False,3,,,,
be746a266000cb9df7c0,test,분식,T4 구어·문장,q_분식_13,만두 파는 곳,음식점 중 '분식'을 판매·제공하는 매장,6147b1d1-9240-417c-9c32-58446a0a1696,영만두,만두,복대시장,전통시장,충청북도,3.0,3.0,,,RESOLVED_AGREEMENT,False,3,,,,
d0115be868fc4ab45145,test,분식,T4 구어·문장,q_분식_13,만두 파는 곳,음식점 중 '분식'을 판매·제공하는 매장,dc92b2eb-5979-4c3b-8d97-a2778cd127d4,삼촌만두,만두,영월종합상가,전통시장,강원특별자치도,3.0,3.0,,,RESOLVED_AGREEMENT,False,3,,,,
74cfc8e6ad7510469eb5,test,분식,T4 구어·문장,q_분식_13,만두 파는 곳,음식점 중 '분식'을 판매·제공하는 매장,2c385c7e-5a8b-4f70-b4b4-ef1f215b04ae,생생통만두,만두,계양산전통시장,전통시장,인천광역시,3.0,3.0,,,RESOLVED_AGREEMENT,False,3,,,,
d63ecbd7dcb98e783ca6,test,분식,T4 구어·문장,q_분식_13,만두 파는 곳,음식점 중 '분식'을 판매·제공하는 매장,017c71f5-48d0-4cce-a370-a84d34d36658,무봉리토종순대국파주운정점,,산내마을 골목형상점가,골목형상점가,경기도,2.0,3.0,,,P2_GRADED_ONLY,True,,,,,
9ded5f220ed87fd756f3,test,분식,T4 구어·문장,q_분식_13,만두 파는 곳,음식점 중 '분식'을 판매·제공하는 매장,d483c4a5-fe54-4b04-b3bf-9e6ad2ffdd04,핸두,만두,효천로 골목형상점가,골목형상점가,광주광역시,3.0,3.0,,,RESOLVED_AGREEMENT,False,3,,,,
27e26960be77af1becae,test,분식,T4 구어·문장,q_분식_13,만두 파는 곳,음식점 중 '분식'을 판매·제공하는 매장,be674521-7e1b-4b30-8ef8-2ca902b64fbc,본만두,만두,예석 골목형상점가,골목형상점가,충청남도,3.0,3.0,,,RESOLVED_AGREEMENT,False,3,,,,
a4cf566a6d7dbea7bdd8,test,분식,T4 구어·문장,q_분식_13,만두 파는 곳,음식점 중 '분식'을 판매·제공하는 매장,024c1f10-1fe0-4be3-8bde-6465f5cd8c43,오늘은 떡볶이,"떡볶이, 튀김, 순대 등",석촌시장,전통시장,서울특별시,2.0,3.0,,,P2_GRADED_ONLY,True,,,,,
8682d7477cbbe3634111,test,분식,T4 구어·문장,q_분식_13,만두 파는 곳,음식점 중 '분식'을 판매·제공하는 매장,04b03558-95d1-4a0e-a9e2-9a9e72bdadb2,배가찐왕만두,만두,문흥2동 골목형상점가,골목형상점가,광주광역시,3.0,3.0,,,RESOLVED_AGREEMENT,False,3,,,,
7a322e4adc3fdbc6804c,test,분식,T4 구어·문장,q_분식_13,만두 파는 곳,음식점 중 '분식'을 판매·제공하는 매장,6e9fd52b-c74d-4d79-9488-cfa33b4f5224,찐도리도리,음식점,양산 나래메트로시티 골목형상점가,골목형상점가,경상남도,0.0,0.0,,,RESOLVED_AGREEMENT,False,0,,,,
6bd7c6fe64192bf3dfbb,test,분식,T4 구어·문장,q_분식_13,만두 파는 곳,음식점 중 '분식'을 판매·제공하는 매장,2613f2dc-65bb-4746-b383-dfba0ce85bae,옥연만두,만두,청주사창시장,전통시장,충청북도,3.0,3.0,,,RESOLVED_AGREEMENT,False,3,,,,
afc4b2812dd61528e73b,test,분식,T4 구어·문장,q_분식_13,만두 파는 곳,음식점 중 '분식'을 판매·제공하는 매장,5726305e-0723-4eff-84a4-e6c3f120e980,미성당납작만두,만두,지범골목먹거리타운 골목형상점가,골목형상점가,대구광역시,3.0,3.0,,,RESOLVED_AGREEMENT,False,3,,,,
f5f4ceca362ae26bb9ab,test,분식,T4 구어·문장,q_분식_13,만두 파는 곳,음식점 중 '분식'을 판매·제공하는 매장,005313c8-dce8-49b6-9841-9143ebb1305a,동원떡집,,박달시장,전통시장,경기도,1.0,0.0,,,P2_GRADED_ONLY,True,,,,,
b9f52c2269f8b835dbf4,test,분식,T4 구어·문장,q_분식_13,만두 파는 곳,음식점 중 '분식'을 판매·제공하는 매장,b68c105d-fd16-4a58-9349-89e8342795d9,화실만두,만두,원주자유시장,전통시장,강원특별자치도,3.0,3.0,,,RESOLVED_AGREEMENT,False,3,,,,
b2ce993b73f62848b01b,test,분식,T4 구어·문장,q_분식_13,만두 파는 곳,음식점 중 '분식'을 판매·제공하는 매장,903dc2d4-1384-4c10-be5b-dc4db4c321e9,진미만두,만두,의왕도깨비시장,전통시장,경기도,3.0,3.0,,,RESOLVED_AGREEMENT,False,3,,,,
69e09ce9a5cfd6b8b3cc,test,분식,T4 구어·문장,q_분식_13,만두 파는 곳,음식점 중 '분식'을 판매·제공하는 매장,178b9363-1bdb-40d4-951e-f6d97ddef34c,부산만두,만두,경주중앙시장,전통시장,경상북도,3.0,3.0,,,RESOLVED_AGREEMENT,False,3,,,,
920a80d39daf026713d4,test,분식,T4 구어·문장,q_분식_13,만두 파는 곳,음식점 중 '분식'을 판매·제공하는 매장,cfa1eaef-d8ec-48b6-9bc6-75cfc54de1d1,명동만두,만두,부천자유시장,전통시장,경기도,3.0,3.0,,,RESOLVED_AGREEMENT,False,3,,,,
c1364dbb42e3940121c3,test,분식,T4 구어·문장,q_분식_13,만두 파는 곳,음식점 중 '분식'을 판매·제공하는 매장,f12f1f14-4aff-4465-a716-65c90e4239a3,호연만두,만두,초량전통시장,전통시장,부산광역시,3.0,3.0,,,RESOLVED_AGREEMENT,False,3,,,,
38e084b206a613c9dc2f,test,분식,T4 구어·문장,q_분식_13,만두 파는 곳,음식점 중 '분식'을 판매·제공하는 매장,eb4c0a8b-6e42-416a-903e-ed0d4ea076ae,그럴만두,만두,참샘상인회 골목형상점가,골목형상점가,광주광역시,3.0,3.0,,,RESOLVED_AGREEMENT,False,3,,,,
0bc015ac414aa7af49a2,test,분식,T4 구어·문장,q_분식_13,만두 파는 곳,음식점 중 '분식'을 판매·제공하는 매장,e58bb526-8938-4ead-8609-e56a6f1c95b0,만두마당,만두,금산금빛시장(금산시장),전통시장,충청남도,3.0,3.0,,,RESOLVED_AGREEMENT,False,3,,,,
439683ba782801956c43,test,분식,T4 구어·문장,q_분식_13,만두 파는 곳,음식점 중 '분식'을 판매·제공하는 매장,3c3dc3b8-2838-4c77-aeda-6bd7b5882dc3,하까오손만두,만두,부사동 인삼거리 골목형상점가,골목형상점가,대전광역시,3.0,3.0,,,RESOLVED_AGREEMENT,False,3,,,,
8bd27ce8d2ec0c3a8011,test,분식,T4 구어·문장,q_분식_13,만두 파는 곳,음식점 중 '분식'을 판매·제공하는 매장,45225395-481d-48d0-aea9-2f6620231636,우리웰빙만두,만두,대구교동시장,전통시장,대구광역시,3.0,3.0,,,RESOLVED_AGREEMENT,False,3,,,,
cef61534d759b6d7d424,test,분식,T4 구어·문장,q_분식_13,만두 파는 곳,음식점 중 '분식'을 판매·제공하는 매장,64e5c998-9146-41c6-8bd6-8750f32ad3ca,영선만두,만두,칠성본시장,전통시장,대구광역시,3.0,3.0,,,RESOLVED_AGREEMENT,False,3,,,,
5b49230bd89156731877,test,분식,T4 구어·문장,q_분식_13,만두 파는 곳,음식점 중 '분식'을 판매·제공하는 매장,01853453-69ac-4f55-9cd8-09e40088ab59,가마솥왕만두,만두,울산번개시장,전통시장,울산광역시,3.0,3.0,,,RESOLVED_AGREEMENT,False,3,,,,
d0ebedda77b335737b8c,test,분식,T4 구어·문장,q_분식_13,만두 파는 곳,음식점 중 '분식'을 판매·제공하는 매장,04a91b86-3405-4f8d-b0b8-eac86f3907c4,연지동토스트,커피토스트,연지시장,전통시장,부산광역시,2.0,0.0,,,P1_BINARY_THRESHOLD,True,,,,,
b6015512480cf6de450b,test,분식,T4 구어·문장,q_분식_13,만두 파는 곳,음식점 중 '분식'을 판매·제공하는 매장,0910caae-ad67-4ef3-934e-fff4c6059206,참토스트 대전학하점,토스트,계산동 골목형상점가,골목형상점가,대전광역시,2.0,0.0,,,P1_BINARY_THRESHOLD,True,,,,,
267134913b2b0940c4a6,test,분식,T4 구어·문장,q_분식_13,만두 파는 곳,음식점 중 '분식'을 판매·제공하는 매장,02f03161-3a15-416f-bdd6-8ad5bd17781d,시골참순대,,관저동 먹자골목 골목형상점가,골목형상점가,대전광역시,2.0,3.0,,,P2_GRADED_ONLY,True,,,,,
5adfae2155b5418650e9,test,분식,T4 구어·문장,q_분식_13,만두 파는 곳,음식점 중 '분식'을 판매·제공하는 매장,00719699-eb0c-4473-bda9-7a16eace345e,봉식이옛날왕만두,만두,삼익 골목형상점가,골목형상점가,서울특별시,3.0,3.0,,,RESOLVED_AGREEMENT,False,3,,,,
cfdcd3d2463bbb7d8eac,test,분식,T4 구어·문장,q_분식_13,만두 파는 곳,음식점 중 '분식'을 판매·제공하는 매장,35b9e8da-b8a6-4851-baf6-2de676c05300,덕보만두,만두,신산격종합시장 골목형상점가,골목형상점가,대구광역시,3.0,3.0,,,RESOLVED_AGREEMENT,False,3,,,,
90151bfff0b6d0c5c8e4,test,분식,T4 구어·문장,q_분식_13,만두 파는 곳,음식점 중 '분식'을 판매·제공하는 매장,045215f0-9db0-4054-8c69-702841941f01,문토스트용호점,카페토스트,용호1동골목시장,전통시장,부산광역시,2.0,0.0,,,P1_BINARY_THRESHOLD,True,,,,,
a86bf25ad4177594bbb9,test,분식,T4 구어·문장,q_분식_13,만두 파는 곳,음식점 중 '분식'을 판매·제공하는 매장,06a2e1ce-3b99-4e0f-88de-bc4e31d9f439,짱만두,만두,행복상점가,자율상권구역,경상북도,3.0,3.0,,,RESOLVED_AGREEMENT,False,3,,,,
81a053e1737ad129fab2,test,분식,T4 구어·문장,q_분식_13,만두 파는 곳,음식점 중 '분식'을 판매·제공하는 매장,064d899b-c65a-4b75-9a15-9ca1eaf707f4,이삭토스트,토스트 등,매탄중심상가 골목형상점가,골목형상점가,경기도,2.0,0.0,,,P1_BINARY_THRESHOLD,True,,,,,
d14a5a785625080c4e40,test,분식,T4 구어·문장,q_분식_13,만두 파는 곳,음식점 중 '분식'을 판매·제공하는 매장,4984470e-4501-4e34-91b3-7a153e6674d7,울 만두,한식,문정동로데오상점가,자율상권구역,서울특별시,2.0,3.0,,,P2_GRADED_ONLY,True,,,,,
197230e7af77204705fa,test,분식,T4 구어·문장,q_분식_13,만두 파는 곳,음식점 중 '분식'을 판매·제공하는 매장,415808ce-735f-47c0-a5e1-739be2ae8aed,옵서예만두,만두,연산골목시장상점가,자율상권구역,부산광역시,3.0,3.0,,,RESOLVED_AGREEMENT,False,3,,,,
d6e7c07c048998f0e3bd,test,분식,T4 구어·문장,q_분식_13,만두 파는 곳,음식점 중 '분식'을 판매·제공하는 매장,016f68a3-c16f-467c-af96-22466baf3a6a,쉬즈베이글,토스트,읍내리 원도심 골목형상점가,골목형상점가,전라남도,2.0,0.0,,,P1_BINARY_THRESHOLD,True,,,,,
bddb29842fe107c2b915,test,분식,T4 구어·문장,q_분식_13,만두 파는 곳,음식점 중 '분식'을 판매·제공하는 매장,a7b36306-b9cd-4a7b-b0b3-044e82b90810,부흥만두,만두,천안중앙시장,전통시장,충청남도,3.0,3.0,,,RESOLVED_AGREEMENT,False,3,,,,
47e35b294ab573cad5e7,test,분식,T4 구어·문장,q_분식_13,만두 파는 곳,음식점 중 '분식'을 판매·제공하는 매장,008594db-d86c-4014-bf5c-16f6cd40402d,와글와글봄소풍,김밥,다사역 골목형상점가,골목형상점가,대구광역시,2.0,3.0,,,P2_GRADED_ONLY,True,,,,,
9ccea7514499308a6484,test,분식,T4 구어·문장,q_분식_13,만두 파는 곳,음식점 중 '분식'을 판매·제공하는 매장,d77ff04d-e52c-47db-9c1e-b91316af79c3,만두가,만두,효자시장,전통시장,경상북도,3.0,3.0,,,RESOLVED_AGREEMENT,False,3,,,,
5ab1c95946ac235bca69,test,분식,T4 구어·문장,q_분식_13,만두 파는 곳,음식점 중 '분식'을 판매·제공하는 매장,472ef84c-d521-4fd7-9e50-2c489d103e44,대박손만두,만두,청주육거리종합시장,전통시장,충청북도,3.0,3.0,,,RESOLVED_AGREEMENT,False,3,,,,
2bb5647f2a02261259d9,test,분식,T4 구어·문장,q_분식_13,만두 파는 곳,음식점 중 '분식'을 판매·제공하는 매장,76a3551b-dae4-4326-92cc-662015aedbfb,쉴 곳,한식,칠성로상점가,자율상권구역,제주특별자치도,1.0,1.0,,,RESOLVED_AGREEMENT,False,1,,,,
47665b2fc01a08164ae3,test,분식,T4 구어·문장,q_분식_13,만두 파는 곳,음식점 중 '분식'을 판매·제공하는 매장,3f4df234-0983-45e8-9516-09a6aa997761,우리만두,만두,두암2동참판골 골목형상점가,골목형상점가,광주광역시,3.0,3.0,,,RESOLVED_AGREEMENT,False,3,,,,
4ba98eeeffcf690a5ffe,test,분식,T4 구어·문장,q_분식_13,만두 파는 곳,음식점 중 '분식'을 판매·제공하는 매장,614e4622-bebd-44c0-8af2-f4d475a0f693,그늘집,한식,효덕마을 골목형상점가,골목형상점가,광주광역시,1.0,1.0,,,RESOLVED_AGREEMENT,False,1,,,,
d0945dc0bb27bc606010,test,분식,T4 구어·문장,q_분식_13,만두 파는 곳,음식점 중 '분식'을 판매·제공하는 매장,00e34fb5-e7d3-43aa-b574-400ee31abae5,은혜만두,만두,북동 골목형상점가,골목형상점가,광주광역시,3.0,3.0,,,RESOLVED_AGREEMENT,False,3,,,,
58c265d43d3b2580a5d8,test,분식,T4 구어·문장,q_분식_13,만두 파는 곳,음식점 중 '분식'을 판매·제공하는 매장,44ab277e-62ae-49f8-be37-3b462ce37dfb,별난만두,만두,중마시장,전통시장,전라남도,3.0,3.0,,,RESOLVED_AGREEMENT,False,3,,,,
ab9aca5b5a776ea1a580,test,분식,T4 구어·문장,q_분식_13,만두 파는 곳,음식점 중 '분식'을 판매·제공하는 매장,7e0f4797-38bc-428d-8bea-8322ea704032,프랭크버거 나주혁신,버거,나주혁신도시 골목형상점가,골목형상점가,전라남도,0.0,0.0,,,RESOLVED_AGREEMENT,False,0,,,,
2e75ebed06d800299231,test,분식,T4 구어·문장,q_분식_13,만두 파는 곳,음식점 중 '분식'을 판매·제공하는 매장,3b91ec2a-2606-41d3-9120-a40662269044,호호만두,만두,신창수문 골목형상점가,골목형상점가,광주광역시,3.0,3.0,,,RESOLVED_AGREEMENT,False,3,,,,
0b0214a5c0b57a522c26,test,분식,T4 구어·문장,q_분식_14,어묵,음식점 중 '분식'을 판매·제공하는 매장,6a0158fb-c4d0-4bd1-b852-d7397dcbeb96,부산어묵,어묵,도곡시장,자율상권구역,서울특별시,3.0,3.0,,,RESOLVED_AGREEMENT,False,3,,,,
a0bab7f5f83ee554fa9a,test,분식,T4 구어·문장,q_분식_14,어묵,음식점 중 '분식'을 판매·제공하는 매장,eff05d35-ebc4-44c1-b7be-47b33a74a50b,진어묵,어묵,원종고강제일시장(부천제일시장),전통시장,경기도,3.0,3.0,,,RESOLVED_AGREEMENT,False,3,,,,
6ecabca6d254c550b5f4,test,분식,T4 구어·문장,q_분식_14,어묵,음식점 중 '분식'을 판매·제공하는 매장,8bd944d7-13cc-4336-a790-b1573151db3b,부산어묵,어묵,원종고강제일시장(부천제일시장),전통시장,경기도,3.0,3.0,,,RESOLVED_AGREEMENT,False,3,,,,
75e75f67af4922f2a7f4,test,분식,T4 구어·문장,q_분식_14,어묵,음식점 중 '분식'을 판매·제공하는 매장,30380264-31ad-4863-ad1b-e8459f78f274,포레스힐 피트니스,체력단련,운암동 행복한 길 골목형상점가,골목형상점가,광주광역시,0.0,0.0,,,RESOLVED_AGREEMENT,False,0,,,,
b1999aaa8ebc27631a6f,test,분식,T4 구어·문장,q_분식_14,어묵,음식점 중 '분식'을 판매·제공하는 매장,2b5f05a6-d6f9-4351-b65d-c3865d5376eb,부산용호어묵,어묵,용호골목시장,전통시장,부산광역시,3.0,3.0,,,RESOLVED_AGREEMENT,False,3,,,,
0b4ed4b433c46f4e1c20,test,분식,T4 구어·문장,q_분식_14,어묵,음식점 중 '분식'을 판매·제공하는 매장,8b3feadd-0d56-4986-b37c-4b9015e2456d,영진어묵,어묵,초량전통시장,전통시장,부산광역시,3.0,3.0,,,RESOLVED_AGREEMENT,False,3,,,,
74beafe48efb0986c561,test,분식,T4 구어·문장,q_분식_14,어묵,음식점 중 '분식'을 판매·제공하는 매장,8fc17794-eb07-4724-8262-6d377d068576,모래내어묵,어묵,전주모래내시장,전통시장,전북특별자치도,3.0,3.0,,,RESOLVED_AGREEMENT,False,3,,,,
c9cbb8365468bb7e8e57,test,분식,T4 구어·문장,q_분식_14,어묵,음식점 중 '분식'을 판매·제공하는 매장,7b8b45b4-9b94-427f-a546-c9cb31bc1f76,어묵집,어묵 김밥,풍납시장,전통시장,서울특별시,3.0,3.0,,,RESOLVED_AGREEMENT,False,3,,,,
ce61aa55dda5ea9b70d3,test,분식,T4 구어·문장,q_분식_14,어묵,음식점 중 '분식'을 판매·제공하는 매장,064d899b-c65a-4b75-9a15-9ca1eaf707f4,이삭토스트,토스트 등,매탄중심상가 골목형상점가,골목형상점가,경기도,2.0,0.0,,,P1_BINARY_THRESHOLD,True,,,,,
005be678dda9526bea16,test,분식,T4 구어·문장,q_분식_14,어묵,음식점 중 '분식'을 판매·제공하는 매장,b176b817-e2fc-43f6-bcb4-8f5fe33e40ff,부산어묵,어묵,녹색거리상점가,자율상권구역,경기도,3.0,3.0,,,RESOLVED_AGREEMENT,False,3,,,,
6aed6757a0e6c4353a3b,test,분식,T4 구어·문장,q_분식_14,어묵,음식점 중 '분식'을 판매·제공하는 매장,016f68a3-c16f-467c-af96-22466baf3a6a,쉬즈베이글,토스트,읍내리 원도심 골목형상점가,골목형상점가,전라남도,2.0,0.0,,,P1_BINARY_THRESHOLD,True,,,,,
62b41a7710c0e90ee543,test,분식,T4 구어·문장,q_분식_14,어묵,음식점 중 '분식'을 판매·제공하는 매장,00ec6d6a-b0c1-4662-b17f-9c9f059a4bcd,백암서울순대국,순대국,강서구청먹자골목골목형상점가,골목형상점가,서울특별시,2.0,3.0,,,P2_GRADED_ONLY,True,,,,,
d6daf94914b73e7a22da,test,분식,T4 구어·문장,q_분식_14,어묵,음식점 중 '분식'을 판매·제공하는 매장,8baf585f-2134-4bb3-ab9b-973f13c706ed,어묵하우스,어묵,연동골목시장,자율상권구역,부산광역시,3.0,3.0,,,RESOLVED_AGREEMENT,False,3,,,,
6fe9cfd9cdde1a8cc44a,test,분식,T4 구어·문장,q_분식_14,어묵,음식점 중 '분식'을 판매·제공하는 매장,c7990076-2ac6-45f6-80f1-b813183cd6f1,부산어묵,어묵,남대문시장,전통시장,서울특별시,3.0,3.0,,,RESOLVED_AGREEMENT,False,3,,,,
b3d383e80164d6a5d1c9,test,분식,T4 구어·문장,q_분식_14,어묵,음식점 중 '분식'을 판매·제공하는 매장,01853453-69ac-4f55-9cd8-09e40088ab59,가마솥왕만두,만두,울산번개시장,전통시장,울산광역시,2.0,3.0,,,P2_GRADED_ONLY,True,,,,,
ac983db03bcbac5590de,test,분식,T4 구어·문장,q_분식_14,어묵,음식점 중 '분식'을 판매·제공하는 매장,00e9517a-1887-4acf-b072-10c7cadf9512,불닭발 땡초 동대문 엽기 떡볶이,분식,유엔남구 대학로 상권,,부산광역시,2.0,3.0,,,P2_GRADED_ONLY,True,,,,,
6aabceff15b85a986e95,test,분식,T4 구어·문장,q_분식_14,어묵,음식점 중 '분식'을 판매·제공하는 매장,6f0caa42-5f13-452b-a4a0-355a81409840,진심어묵,어묵,전주남부시장,전통시장,전북특별자치도,3.0,3.0,,,RESOLVED_AGREEMENT,False,3,,,,
e30a86cdd2dac2ee81b5,test,분식,T4 구어·문장,q_분식_14,어묵,음식점 중 '분식'을 판매·제공하는 매장,52f3a422-7b4c-4bd0-b4a1-6170a6a40944,대신주단,"일반한복지, 직물",광장시장,전통시장,서울특별시,0.0,0.0,,,RESOLVED_AGREEMENT,False,0,,,,
86dc88f2dd438d0b7d5c,test,분식,T4 구어·문장,q_분식_14,어묵,음식점 중 '분식'을 판매·제공하는 매장,f60236ea-59d9-4e97-8258-b4ef68ca0764,부산참어묵,어묵,좌동재래시장,전통시장,부산광역시,3.0,3.0,,,RESOLVED_AGREEMENT,False,3,,,,
845335e319a2b60e9189,test,분식,T4 구어·문장,q_분식_14,어묵,음식점 중 '분식'을 판매·제공하는 매장,d9a84075-d62a-46a6-bacc-1ef6b47fc051,부산어묵,어묵,"온양온천시장(온양재래시장, 전통시장)",전통시장,충청남도,3.0,3.0,,,RESOLVED_AGREEMENT,False,3,,,,
001c79967aae63145222,test,분식,T4 구어·문장,q_분식_14,어묵,음식점 중 '분식'을 판매·제공하는 매장,2f22642e-26a9-4dac-b8e1-562ad79b957b,부산어묵,어묵,칠성종합 상권활성화구역,상권활성화구역,대구광역시,3.0,3.0,,,RESOLVED_AGREEMENT,False,3,,,,
2f3cf5546f3da73a07f8,test,분식,T4 구어·문장,q_분식_14,어묵,음식점 중 '분식'을 판매·제공하는 매장,6df70aa8-58c6-4cb7-97f2-088275658f3c,미소어묵,어묵,장기동 먹거리상가 골목형상점가,골목형상점가,대구광역시,3.0,3.0,,,RESOLVED_AGREEMENT,False,3,,,,
952b033a2b3ef6e7ab66,test,분식,T4 구어·문장,q_분식_14,어묵,음식점 중 '분식'을 판매·제공하는 매장,4f579390-90bb-4392-a27b-ec169d721d8b,부산어묵,어묵,봉덕신시장,전통시장,대구광역시,3.0,3.0,,,RESOLVED_AGREEMENT,False,3,,,,
c6ebf0932bce0fae236c,test,분식,T4 구어·문장,q_분식_14,어묵,음식점 중 '분식'을 판매·제공하는 매장,f42a0349-693a-45fc-8aeb-e0824c0691f7,울산어묵상회,어묵,자인공설시장,전통시장,경상북도,3.0,3.0,,,RESOLVED_AGREEMENT,False,3,,,,
7d96c73f159bb856d820,test,분식,T4 구어·문장,q_분식_14,어묵,음식점 중 '분식'을 판매·제공하는 매장,3614103b-be23-47b3-9030-929f693ec0fa,미소어묵,어묵,남항시장,전통시장,부산광역시,3.0,3.0,,,RESOLVED_AGREEMENT,False,3,,,,
484a360f8f9cfba29250,test,분식,T4 구어·문장,q_분식_14,어묵,음식점 중 '분식'을 판매·제공하는 매장,b29127c6-692b-4810-a1a9-3bdb34ac8c81,삼화어묵,어묵,구역전시장,전통시장,울산광역시,3.0,3.0,,,RESOLVED_AGREEMENT,False,3,,,,
80c5b36e53e6dc47bd3d,test,분식,T4 구어·문장,q_분식_14,어묵,음식점 중 '분식'을 판매·제공하는 매장,0011cf6d-567e-4c3b-b113-363daa11212a,김밥먹고 닭꼬치,,배방상점가,자율상권구역,충청남도,2.0,3.0,,,P2_GRADED_ONLY,True,,,,,
4188301c1352cb99ef45,test,분식,T4 구어·문장,q_분식_14,어묵,음식점 중 '분식'을 판매·제공하는 매장,dd17c671-983d-4ebd-8d0b-f75de2d6eaf2,돌고래어묵,어묵,신금정시장 골목형 상점가,골목형상점가,부산광역시,3.0,3.0,,,RESOLVED_AGREEMENT,False,3,,,,
23e283c8e81616290c11,test,분식,T4 구어·문장,q_분식_14,어묵,음식점 중 '분식'을 판매·제공하는 매장,621ca389-e4c1-4483-8ce6-4ff210159051,해성어묵,어묵,부전상가시장,전통시장,부산광역시,3.0,3.0,,,RESOLVED_AGREEMENT,False,3,,,,
95a83b4ddf6f0619d0e3,test,분식,T4 구어·문장,q_분식_14,어묵,음식점 중 '분식'을 판매·제공하는 매장,7911246f-1c1d-4977-b866-1943a3618785,어묵방앗간,어묵,쌍봉시장,전통시장,전라남도,3.0,3.0,,,RESOLVED_AGREEMENT,False,3,,,,
8dd1d6c08d6e066d4b21,test,분식,T4 구어·문장,q_분식_14,어묵,음식점 중 '분식'을 판매·제공하는 매장,0a891050-80f2-4423-a5a4-fbd505f1e519,이삭토스트 대전테크노밸리점,토스트,테크노밸리 골목형상점가,골목형상점가,대전광역시,2.0,0.0,,,P1_BINARY_THRESHOLD,True,,,,,
a322ff362d081181cd58,test,분식,T4 구어·문장,q_분식_14,어묵,음식점 중 '분식'을 판매·제공하는 매장,9ac37cc3-c321-4c00-937d-0b67d3c7838d,어묵선생,어묵,역곡상상시장(구 역곡북부시장),전통시장,경기도,3.0,3.0,,,RESOLVED_AGREEMENT,False,3,,,,
afc82c30b30cd319393f,test,분식,T4 구어·문장,q_분식_14,어묵,음식점 중 '분식'을 판매·제공하는 매장,597db81c-17a5-4d01-b8c0-4fbefe501b3b,남수어,어묵,광주송정역세권 상권활성화구역,상권활성화구역,광주광역시,3.0,3.0,,,RESOLVED_AGREEMENT,False,3,,,,
94664da4ffbdede8a73a,test,분식,T4 구어·문장,q_분식_14,어묵,음식점 중 '분식'을 판매·제공하는 매장,04b03558-95d1-4a0e-a9e2-9a9e72bdadb2,배가찐왕만두,만두,문흥2동 골목형상점가,골목형상점가,광주광역시,2.0,3.0,,,P2_GRADED_ONLY,True,,,,,
383f45365b6be1addc57,test,분식,T4 구어·문장,q_분식_14,어묵,음식점 중 '분식'을 판매·제공하는 매장,03ffb9f1-bfe0-403a-8e7b-ddd821c9ce1b,글라스박스안경원,안경,남대문시장,전통시장,서울특별시,0.0,0.0,,,RESOLVED_AGREEMENT,False,0,,,,
f4aed7c5343c6a650398,test,분식,T4 구어·문장,q_분식_14,어묵,음식점 중 '분식'을 판매·제공하는 매장,16744acc-1952-4618-8eaa-1c7ba90386e7,부산어묵,어묵,동원전통시장상점가,자율상권구역,서울특별시,3.0,3.0,,,RESOLVED_AGREEMENT,False,3,,,,
cf3c1449fa5750cdea19,test,분식,T4 구어·문장,q_분식_14,어묵,음식점 중 '분식'을 판매·제공하는 매장,5e555e8d-7fab-42fb-8188-62507d402bfc,만복어묵,어묵,안양관양시장,전통시장,경기도,3.0,3.0,,,RESOLVED_AGREEMENT,False,3,,,,
ea074ebeb2cda46edc75,test,분식,T4 구어·문장,q_분식_14,어묵,음식점 중 '분식'을 판매·제공하는 매장,0018c143-a8bd-4461-a8ae-ee348edfad7a,김가네의정부중앙역점,김밥 분식 식사등,의정부시 구도심 상권활성화구역,상권활성화구역,경기도,2.0,3.0,,,P2_GRADED_ONLY,True,,,,,
f264650c53c7a53f8a6c,test,분식,T4 구어·문장,q_분식_14,어묵,음식점 중 '분식'을 판매·제공하는 매장,dd960a30-d7dd-4af5-bf2a-dcc2d0b860ec,부산어묵,어묵,산본전통시장(구 군포산본시장),전통시장,경기도,3.0,3.0,,,RESOLVED_AGREEMENT,False,3,,,,
9c22af581605244fed23,test,분식,T4 구어·문장,q_분식_14,어묵,음식점 중 '분식'을 판매·제공하는 매장,ac383103-c2f2-469e-9287-a04b1aec5bf0,연성어묵,어묵,서동향토시장,전통시장,부산광역시,3.0,3.0,,,RESOLVED_AGREEMENT,False,3,,,,
cf49e8f002844699c0ce,test,분식,T4 구어·문장,q_분식_14,어묵,음식점 중 '분식'을 판매·제공하는 매장,fb99c48f-6930-4977-ac09-20ad6041e146,온천어묵,어묵,양산 남부시장,전통시장,경상남도,3.0,3.0,,,RESOLVED_AGREEMENT,False,3,,,,
b36f1034a0317764c3d4,test,분식,T4 구어·문장,q_분식_14,어묵,음식점 중 '분식'을 판매·제공하는 매장,50333a78-a101-40c7-87ac-767776d037c8,어묵공장,어묵,연서시장,전통시장,서울특별시,3.0,3.0,,,RESOLVED_AGREEMENT,False,3,,,,
906e035cf2679532cdd2,test,분식,T4 구어·문장,q_분식_14,어묵,음식점 중 '분식'을 판매·제공하는 매장,d406f826-bf4d-4d71-a5d4-eb212bd1d011,장돌이어묵,어묵,남성사계시장,전통시장,서울특별시,3.0,3.0,,,RESOLVED_AGREEMENT,False,3,,,,
da8740c81d028c366440,test,분식,T4 구어·문장,q_분식_14,어묵,음식점 중 '분식'을 판매·제공하는 매장,00ca89c2-42a8-432d-ba4b-5abd23c18ab0,계란밥,계란밥분식,시청역상가번영회 골목형상점가,골목형상점가,광주광역시,2.0,3.0,,,P2_GRADED_ONLY,True,,,,,
666b4b6325893f06bfe5,test,분식,T4 구어·문장,q_분식_14,어묵,음식점 중 '분식'을 판매·제공하는 매장,b1ee9092-e83f-41ee-a642-445d3805358b,일삼어묵,어묵,당감새시장,전통시장,부산광역시,3.0,3.0,,,RESOLVED_AGREEMENT,False,3,,,,
03c7613b1051a8168ce4,test,분식,T4 구어·문장,q_분식_14,어묵,음식점 중 '분식'을 판매·제공하는 매장,0bcd7e0a-2f8f-4639-9bd2-08f9206d4355,길 목 즉석 어묵,어묵,진해중앙시장,전통시장,경상남도,3.0,3.0,,,RESOLVED_AGREEMENT,False,3,,,,
7d859230bffc66644dfb,test,분식,T4 구어·문장,q_분식_14,어묵,음식점 중 '분식'을 판매·제공하는 매장,0075dacf-3e3f-47b8-a4af-d3a2ff866348,북툰커피앤카페,찐빵 만두 커피,신창진흥 골목형상점가,골목형상점가,광주광역시,2.0,3.0,,,P2_GRADED_ONLY,True,,,,,
a3aacfb36409e5dd97a7,test,분식,T4 구어·문장,q_분식_14,어묵,음식점 중 '분식'을 판매·제공하는 매장,6296926a-657b-4795-9bb6-93d08f4a15df,어서김밥,분식,화정동 서부시장,전통시장,광주광역시,2.0,3.0,,,P2_GRADED_ONLY,True,,,,,
2dc3e0547490b4f6d4ae,test,분식,T4 구어·문장,q_분식_14,어묵,음식점 중 '분식'을 판매·제공하는 매장,d780488d-1385-4bf4-a05f-243ad4e242a9,어묵공작소,어묵,부전시장,전통시장,부산광역시,3.0,3.0,,,RESOLVED_AGREEMENT,False,3,,,,
c2a3d9b7af898335cd31,test,분식,T4 구어·문장,q_분식_14,어묵,음식점 중 '분식'을 판매·제공하는 매장,04c905ba-3172-4ea4-a6dd-4345d674dea0,덕순이네,제조업(떡집),장터길 골목형상점가,골목형상점가,경기도,1.0,0.0,,,P2_GRADED_ONLY,True,,,,,
86819fc8161feac7c5a3,test,분식,T4 구어·문장,q_분식_14,어묵,음식점 중 '분식'을 판매·제공하는 매장,0b8ef6dc-2f6b-4707-bd73-529122d9c97a,하단떡집,떡집,하단오일상설시장,전통시장,부산광역시,1.0,0.0,,,P2_GRADED_ONLY,True,,,,,
b35091dab9dee819f2f5,test,분식,T4 구어·문장,q_분식_14,어묵,음식점 중 '분식'을 판매·제공하는 매장,0393b5c0-045b-4a23-bed8-0da7ca9ebd43,초량어묵상회,어묵,정이있는 구포시장,전통시장,부산광역시,3.0,3.0,,,RESOLVED_AGREEMENT,False,3,,,,
6f9f6ca89cb42ed55b0d,test,분식,T4 구어·문장,q_분식_14,어묵,음식점 중 '분식'을 판매·제공하는 매장,be82b3e8-2b3a-40cd-b358-032cb6c41597,부산어묵,어묵,양산 남부시장상가,전통시장,경상남도,3.0,3.0,,,RESOLVED_AGREEMENT,False,3,,,,
10d5c004296b64155762,test,분식,T4 구어·문장,q_분식_14,어묵,음식점 중 '분식'을 판매·제공하는 매장,017c71f5-48d0-4cce-a370-a84d34d36658,무봉리토종순대국파주운정점,,산내마을 골목형상점가,골목형상점가,경기도,2.0,3.0,,,P2_GRADED_ONLY,True,,,,,
9676a9daa5f8a9a12e32,test,분식,T4 구어·문장,q_분식_14,어묵,음식점 중 '분식'을 판매·제공하는 매장,00719699-eb0c-4473-bda9-7a16eace345e,봉식이옛날왕만두,만두,삼익 골목형상점가,골목형상점가,서울특별시,2.0,3.0,,,P2_GRADED_ONLY,True,,,,,
63e58867da2968964287,test,분식,T4 구어·문장,q_분식_14,어묵,음식점 중 '분식'을 판매·제공하는 매장,0910caae-ad67-4ef3-934e-fff4c6059206,참토스트 대전학하점,토스트,계산동 골목형상점가,골목형상점가,대전광역시,2.0,0.0,,,P1_BINARY_THRESHOLD,True,,,,,
eff8d27fe44fa8f0ec02,test,분식,T4 구어·문장,q_분식_14,어묵,음식점 중 '분식'을 판매·제공하는 매장,0012a3b4-64a1-440c-a76e-f2be12a2f086,튀김집,분식,두암시장주변 골목형상점가,골목형상점가,광주광역시,2.0,3.0,,,P2_GRADED_ONLY,True,,,,,
8621bb1cf4e23e157a97,test,분식,T4 구어·문장,q_분식_14,어묵,음식점 중 '분식'을 판매·제공하는 매장,43669960-e606-4940-b2f8-d3a122b0b497,시민본두부,어묵,통영 북신전통시장,전통시장,경상남도,3.0,3.0,,,RESOLVED_AGREEMENT,False,3,,,,
e244535e04c1a02c810a,test,분식,T4 구어·문장,q_분식_14,어묵,음식점 중 '분식'을 판매·제공하는 매장,04a91b86-3405-4f8d-b0b8-eac86f3907c4,연지동토스트,커피토스트,연지시장,전통시장,부산광역시,2.0,0.0,,,P1_BINARY_THRESHOLD,True,,,,,
9e3b738142e569c9553b,test,분식,T4 구어·문장,q_분식_14,어묵,음식점 중 '분식'을 판매·제공하는 매장,0239c4e7-2ae3-4f29-8952-19c6d9d1d9a9,세번째집,순대국밥,성환이화시장,전통시장,충청남도,2.0,3.0,,,P2_GRADED_ONLY,True,,,,,
b1cbc016c18c67f07c5f,test,분식,T4 구어·문장,q_분식_14,어묵,음식점 중 '분식'을 판매·제공하는 매장,024c1f10-1fe0-4be3-8bde-6465f5cd8c43,오늘은 떡볶이,"떡볶이, 튀김, 순대 등",석촌시장,전통시장,서울특별시,2.0,3.0,,,P2_GRADED_ONLY,True,,,,,
e7ec3c3d4457cbd645d3,test,분식,T4 구어·문장,q_분식_14,어묵,음식점 중 '분식'을 판매·제공하는 매장,bdba9f10-8273-4c59-b783-1083b8c10a30,쫑네,어묵,옥천먹자골목형상점가,골목형상점가,충청북도,3.0,3.0,,,RESOLVED_AGREEMENT,False,3,,,,
6bc59f017c43b32e8105,test,분식,T4 구어·문장,q_분식_14,어묵,음식점 중 '분식'을 판매·제공하는 매장,00e34fb5-e7d3-43aa-b574-400ee31abae5,은혜만두,만두,북동 골목형상점가,골목형상점가,광주광역시,2.0,3.0,,,P2_GRADED_ONLY,True,,,,,
25117a042556d5e08533,test,분식,T4 구어·문장,q_분식_14,어묵,음식점 중 '분식'을 판매·제공하는 매장,4b98494a-be27-452d-8c2c-21bc9ca60463,부산어묵,어묵,대조시장,전통시장,서울특별시,3.0,3.0,,,RESOLVED_AGREEMENT,False,3,,,,
f7230d148944abae4f25,test,분식,T4 구어·문장,q_분식_14,어묵,음식점 중 '분식'을 판매·제공하는 매장,df2b07e4-3b09-4e21-ae66-b9cdf1a25450,부산어묵,어묵,인헌시장,전통시장,서울특별시,3.0,3.0,,,RESOLVED_AGREEMENT,False,3,,,,
44ce19cd9d62b54aa5cc,test,분식,T4 구어·문장,q_분식_14,어묵,음식점 중 '분식'을 판매·제공하는 매장,02f03161-3a15-416f-bdd6-8ad5bd17781d,시골참순대,,관저동 먹자골목 골목형상점가,골목형상점가,대전광역시,2.0,3.0,,,P2_GRADED_ONLY,True,,,,,
d65becb093c74881f912,test,분식,T4 구어·문장,q_분식_14,어묵,음식점 중 '분식'을 판매·제공하는 매장,008594db-d86c-4014-bf5c-16f6cd40402d,와글와글봄소풍,김밥,다사역 골목형상점가,골목형상점가,대구광역시,2.0,3.0,,,P2_GRADED_ONLY,True,,,,,
aa3de48a0cf3663882d1,test,분식,T4 구어·문장,q_분식_14,어묵,음식점 중 '분식'을 판매·제공하는 매장,7d61f85e-4ad0-4f94-b139-c70104af481a,잘생긴 어묵,어묵,일신시장(舊 부일종합시장),전통시장,인천광역시,3.0,3.0,,,RESOLVED_AGREEMENT,False,3,,,,
8b62d99d27991344503f,test,분식,T4 구어·문장,q_분식_14,어묵,음식점 중 '분식'을 판매·제공하는 매장,923eb055-03c7-4384-b6fd-3fe63ee737f7,광천,어묵,대해불빛시장(대해종합시장),전통시장,경상북도,3.0,3.0,,,RESOLVED_AGREEMENT,False,3,,,,
6d371662b9be1589aff4,test,분식,T4 구어·문장,q_분식_14,어묵,음식점 중 '분식'을 판매·제공하는 매장,045215f0-9db0-4054-8c69-702841941f01,문토스트용호점,카페토스트,용호1동골목시장,전통시장,부산광역시,2.0,0.0,,,P1_BINARY_THRESHOLD,True,,,,,
6241069ae8f98c7fd6e9,test,분식,T4 구어·문장,q_분식_14,어묵,음식점 중 '분식'을 판매·제공하는 매장,b88d3edf-0046-4acd-bacf-db2e2662a5f1,지희네,어묵,광안시장,전통시장,부산광역시,3.0,3.0,,,RESOLVED_AGREEMENT,False,3,,,,
d36cde3db1efe2955091,test,분식,T4 구어·문장,q_분식_14,어묵,음식점 중 '분식'을 판매·제공하는 매장,ca67f767-99db-4794-a08d-778db16defbc,남원추어탕,한식,행당시장상점가,자율상권구역,서울특별시,1.0,1.0,,,RESOLVED_AGREEMENT,False,1,,,,
9203aa2339222008ea93,test,분식,T4 구어·문장,q_분식_14,어묵,음식점 중 '분식'을 판매·제공하는 매장,c64dd6d3-3a14-41f3-b064-c3646cb03160,닥터모락 산본점,미용,산본로데오거리(구 산본중심상가),자율상권구역,경기도,0.0,0.0,,,RESOLVED_AGREEMENT,False,0,,,,
0feda1863fd5cc976064,test,분식,T4 구어·문장,q_분식_14,어묵,음식점 중 '분식'을 판매·제공하는 매장,41b9761f-ab5f-4197-929a-c8ff9a194a2b,어묵마을,어묵,구역전시장,전통시장,울산광역시,3.0,3.0,,,RESOLVED_AGREEMENT,False,3,,,,
dc8028ac2decf8eb20d8,test,분식,T4 구어·문장,q_분식_14,어묵,음식점 중 '분식'을 판매·제공하는 매장,c65bbe90-5d99-4299-9873-eb8b7c0935f7,로로,의류,동산상가,전통시장,대구광역시,0.0,0.0,,,RESOLVED_AGREEMENT,False,0,,,,
1dd45f11dd361149bb77,test,분식,T4 구어·문장,q_분식_14,어묵,음식점 중 '분식'을 판매·제공하는 매장,007d6b63-4e47-47fa-aaa5-6d0b5cc7280b,도토리김밥계룡엄사점,분식,엄사 골목형상점가,골목형상점가,충청남도,2.0,3.0,,,P2_GRADED_ONLY,True,,,,,
356d0868917417616f00,test,분식,T4 구어·문장,q_분식_14,어묵,음식점 중 '분식'을 판매·제공하는 매장,0eca6b5c-87f3-4fa8-b491-65a781eaf8bc,야미어묵,어묵,정서진중앙시장(구 서구중앙시장),전통시장,인천광역시,3.0,3.0,,,RESOLVED_AGREEMENT,False,3,,,,
6efa0d4aa7920a518c0b,test,분식,T4 구어·문장,q_분식_14,어묵,음식점 중 '분식'을 판매·제공하는 매장,e40e6bcb-2d4b-40b8-aad5-ad671b18fdb1,수유대장어묵,어묵,수유재래시장,전통시장,서울특별시,3.0,3.0,,,RESOLVED_AGREEMENT,False,3,,,,
81cdeafd0bd02ae2f487,test,분식,T4 구어·문장,q_분식_14,어묵,음식점 중 '분식'을 판매·제공하는 매장,5d5ecf0f-9b5d-4b53-b1d4-43f4460010ad,3번상회,채소,김제중앙시장,전통시장,전북특별자치도,0.0,0.0,,,RESOLVED_AGREEMENT,False,0,,,,
0ff28cba080e0a8eae47,test,분식,T4 구어·문장,q_분식_14,어묵,음식점 중 '분식'을 판매·제공하는 매장,2594a302-20e1-4531-9e07-b2b595eedfc1,영양어묵,어묵,부천한신시장,전통시장,경기도,3.0,3.0,,,RESOLVED_AGREEMENT,False,3,,,,
eb8857e5836546a33c80,test,분식,T4 구어·문장,q_분식_14,어묵,음식점 중 '분식'을 판매·제공하는 매장,aa02ced4-3d3a-4b86-ab19-b7569e498eb3,부산어묵,어묵,부평깡통시장(구 부산부평시장),전통시장,부산광역시,3.0,3.0,,,RESOLVED_AGREEMENT,False,3,,,,
8bcfed8cc96cdb4e5471,test,분식,T4 구어·문장,q_분식_14,어묵,음식점 중 '분식'을 판매·제공하는 매장,0b1dd2b5-9050-44f4-bfe1-e9f522058040,나나원조어묵,어묵,반여2동상가시장,전통시장,부산광역시,3.0,3.0,,,RESOLVED_AGREEMENT,False,3,,,,
6bec4369bba7bfad6868,test,분식,T4 구어·문장,q_분식_14,어묵,음식점 중 '분식'을 판매·제공하는 매장,684f15a5-c01f-4637-b43c-e7d45a517443,부산어묵,어묵,자양15번가골목형상점가,골목형상점가,서울특별시,3.0,3.0,,,RESOLVED_AGREEMENT,False,3,,,,
d4c1f1b6e6deb2eebde3,test,분식,T4 구어·문장,q_분식_14,어묵,음식점 중 '분식'을 판매·제공하는 매장,163a5e87-8487-4233-b622-b260a51d9b08,부산강씨네어묵,어묵,장림골목시장,전통시장,부산광역시,3.0,3.0,,,RESOLVED_AGREEMENT,False,3,,,,
7ae79108f467cf360fb9,test,분식,T4 구어·문장,q_분식_14,어묵,음식점 중 '분식'을 판매·제공하는 매장,699a332c-8d7e-4985-af26-0e658c760673,부산어묵,어묵,용산용문시장,전통시장,서울특별시,3.0,3.0,,,RESOLVED_AGREEMENT,False,3,,,,
b5adab65797a1ff6502f,test,분식,T4 구어·문장,q_분식_14,어묵,음식점 중 '분식'을 판매·제공하는 매장,2d60a93a-b4d8-49f0-8500-fc6e089f11f9,온천어묵,어묵,서동향토시장,전통시장,부산광역시,3.0,3.0,,,RESOLVED_AGREEMENT,False,3,,,,
592e14443623409cf7d9,test,분식,T4 구어·문장,q_분식_14,어묵,음식점 중 '분식'을 판매·제공하는 매장,005313c8-dce8-49b6-9841-9143ebb1305a,동원떡집,,박달시장,전통시장,경기도,1.0,0.0,,,P2_GRADED_ONLY,True,,,,,
46ac8545934250ed883b,test,분식,T4 구어·문장,q_분식_14,어묵,음식점 중 '분식'을 판매·제공하는 매장,6718a07f-e6a6-491b-95b0-01d22831ad32,효성어묵,어묵,길동복조리시장,전통시장,서울특별시,3.0,3.0,,,RESOLVED_AGREEMENT,False,3,,,,
0efbcd91cdbe1efd36d8,test,분식,T4 구어·문장,q_분식_14,어묵,음식점 중 '분식'을 판매·제공하는 매장,9ddcdae3-fd7e-4aeb-95ad-496a65b368f7,대원어묵,어묵,중동사랑시장,전통시장,경기도,3.0,3.0,,,RESOLVED_AGREEMENT,False,3,,,,
5dcff4d948295fe26ad7,test,분식,T4 구어·문장,q_분식_14,어묵,음식점 중 '분식'을 판매·제공하는 매장,0ab4b1bd-93f1-4d46-b012-abfc9b1328dc,브라운토스트,"토스트, 음료",구즉 골목형상점가,골목형상점가,대전광역시,2.0,0.0,,,P1_BINARY_THRESHOLD,True,,,,,
68f0072d358aa3e29925,test,분식,T4 구어·문장,q_분식_14,어묵,음식점 중 '분식'을 판매·제공하는 매장,327d39bf-978e-41cf-8fed-b69a79f8ebbe,오뎅천국,어묵,대전정원시장,전통시장,대전광역시,3.0,3.0,,,RESOLVED_AGREEMENT,False,3,,,,
d2a6792c52d0c6c60349,test,분식,T4 구어·문장,q_분식_14,어묵,음식점 중 '분식'을 판매·제공하는 매장,0b8d2045-2600-496b-8205-55b96fe4a3e0,어묵대장,어묵,의정부시장,전통시장,경기도,3.0,3.0,,,RESOLVED_AGREEMENT,False,3,,,,
84b3325207f25e8787b4,test,분식,T4 구어·문장,q_분식_14,어묵,음식점 중 '분식'을 판매·제공하는 매장,00783b5c-54fd-42fc-8bcf-1ea7fce865d5,쫀득분식,분식,임방울거리3구역 골목형상점가,골목형상점가,광주광역시,2.0,3.0,,,P2_GRADED_ONLY,True,,,,,
8e9aeb1849d44b7d32cc,test,분식,T4 구어·문장,q_분식_14,어묵,음식점 중 '분식'을 판매·제공하는 매장,001cb3d4-5441-4963-b517-d5b3904ee312,현창떡집,떡집,목포동부시장,전통시장,전라남도,1.0,0.0,,,P2_GRADED_ONLY,True,,,,,
ae06b336607c80cf353a,test,분식,T4 구어·문장,q_분식_14,어묵,음식점 중 '분식'을 판매·제공하는 매장,00b5a007-bb8d-47db-963d-ccc7e93c25ac,장호덕 손만두 백석점,만두,백석한들1번가 골목형상점가,골목형상점가,충청남도,2.0,3.0,,,P2_GRADED_ONLY,True,,,,,
13e878b3d1d6320a24cc,test,분식,T4 구어·문장,q_분식_14,어묵,음식점 중 '분식'을 판매·제공하는 매장,00b5a60c-c548-4ac2-8259-9bb788c0fc58,까치김밥,김밥식사류,신림별빛거리골목형상점가,골목형상점가,서울특별시,2.0,3.0,,,P2_GRADED_ONLY,True,,,,,
43060ff8d05e75c292c4,test,분식,T4 구어·문장,q_분식_14,어묵,음식점 중 '분식'을 판매·제공하는 매장,055b0501-9678-421c-9b8d-2994754df728,캠토토스트 계룡대실점,토스트,두마면 대실골목형상점가,골목형상점가,충청남도,2.0,0.0,,,P1_BINARY_THRESHOLD,True,,,,,
52e0bc59c530e6df2a2f,test,분식,T4 구어·문장,q_분식_14,어묵,음식점 중 '분식'을 판매·제공하는 매장,015915e3-2542-4245-b627-0c775b4c5501,한내떡집,,거제 고현시장,전통시장,경상남도,1.0,0.0,,,P2_GRADED_ONLY,True,,,,,
c15e1dad6b79189f833a,test,분식,T4 구어·문장,q_분식_14,어묵,음식점 중 '분식'을 판매·제공하는 매장,001bda4f-046f-44c5-b084-8de630ac405a,김밥윤,김밥 등,보람동 골목형상점가,골목형상점가,세종특별자치시,2.0,3.0,,,P2_GRADED_ONLY,True,,,,,
f44db47e0549778be2ac,test,분식,T4 구어·문장,q_분식_14,어묵,음식점 중 '분식'을 판매·제공하는 매장,662cadab-d814-4c91-a235-2e6d4dbcfd96,부산이삭어묵,어묵,반여2동상가시장,전통시장,부산광역시,3.0,3.0,,,RESOLVED_AGREEMENT,False,3,,,,
bf85e24bbbf2211fd60f,test,분식,T4 구어·문장,q_분식_14,어묵,음식점 중 '분식'을 판매·제공하는 매장,00e30e6c-dde0-49cd-9e3e-95465aa4247e,동해분식,분식,서남신시장,전통시장,대구광역시,2.0,3.0,,,P2_GRADED_ONLY,True,,,,,
a8319ef45767ac602e4d,test,분식,T4 구어·문장,q_분식_14,어묵,음식점 중 '분식'을 판매·제공하는 매장,9f2f4437-2a6b-4dfc-b062-4f085477298f,범표어묵,어묵,부평깡통시장(구 부산부평시장),전통시장,부산광역시,3.0,3.0,,,RESOLVED_AGREEMENT,False,3,,,,
a96ab015f01d50bace44,test,분식,T4 구어·문장,q_분식_14,어묵,음식점 중 '분식'을 판매·제공하는 매장,15857cbb-ce08-4229-8c74-4dbc551bde8a,본맛,어묵,익산중앙시장,전통시장,전북특별자치도,3.0,3.0,,,RESOLVED_AGREEMENT,False,3,,,,
6a1a5daebf1dd7c71c96,test,분식,T4 구어·문장,q_분식_15,토스트 먹을 데,음식점 중 '분식'을 판매·제공하는 매장,04a91b86-3405-4f8d-b0b8-eac86f3907c4,연지동토스트,커피토스트,연지시장,전통시장,부산광역시,3.0,0.0,,,P1_BINARY_THRESHOLD,True,,,,,
6c5480d388d009f78c15,test,분식,T4 구어·문장,q_분식_15,토스트 먹을 데,음식점 중 '분식'을 판매·제공하는 매장,0012a3b4-64a1-440c-a76e-f2be12a2f086,튀김집,분식,두암시장주변 골목형상점가,골목형상점가,광주광역시,2.0,3.0,,,P2_GRADED_ONLY,True,,,,,
d17587f1a02865a02b13,test,분식,T4 구어·문장,q_분식_15,토스트 먹을 데,음식점 중 '분식'을 판매·제공하는 매장,29b05536-85ca-4c29-8a57-81ac12f5cc43,유명토스트,토스트,구서오시게시장,전통시장,부산광역시,3.0,0.0,,,P1_BINARY_THRESHOLD,True,,,,,
51a2f621006c1e059df2,test,분식,T4 구어·문장,q_분식_15,토스트 먹을 데,음식점 중 '분식'을 판매·제공하는 매장,59ad0290-ff96-4043-bc7a-3b09f96f6951,토스트잇,토스트,낙낙별길골목형상점가,골목형상점가,서울특별시,3.0,0.0,,,P1_BINARY_THRESHOLD,True,,,,,
3aab3aadbcbed01710de,test,분식,T4 구어·문장,q_분식_15,토스트 먹을 데,음식점 중 '분식'을 판매·제공하는 매장,f68126ee-7e4f-468a-aefc-ceecde6b5d1e,써니토스트,토스트,주막거리상점가,자율상권구역,경기도,3.0,0.0,,,P1_BINARY_THRESHOLD,True,,,,,
622b0812e4feec36e1df,test,분식,T4 구어·문장,q_분식_15,토스트 먹을 데,음식점 중 '분식'을 판매·제공하는 매장,5a16b296-499e-4617-a612-77884dc449c0,이삭토스트,토스트,노원역9번출구 골목형상점가,골목형상점가,서울특별시,3.0,0.0,,,P1_BINARY_THRESHOLD,True,,,,,
449cc5373de0a1fb4375,test,분식,T4 구어·문장,q_분식_15,토스트 먹을 데,음식점 중 '분식'을 판매·제공하는 매장,25d9e7a8-8d2b-48ac-b3aa-5fe368fcf055,노원토스트,토스트,상계중앙시장,전통시장,서울특별시,3.0,0.0,,,P1_BINARY_THRESHOLD,True,,,,,
c522da961ba405c3c975,test,분식,T4 구어·문장,q_분식_15,토스트 먹을 데,음식점 중 '분식'을 판매·제공하는 매장,9669d3c3-9aac-4389-82c4-5558ebead83c,입터진토스트,토스트,점촌역전상점가,자율상권구역,경상북도,3.0,0.0,,,P1_BINARY_THRESHOLD,True,,,,,
c4eea49d6b3ae7bfb43d,test,분식,T4 구어·문장,q_분식_15,토스트 먹을 데,음식점 중 '분식'을 판매·제공하는 매장,d10e55c5-2306-43af-9ce7-ec852fe87158,이삭토스트,토스트,안양1번가 상점가,자율상권구역,경기도,3.0,0.0,,,P1_BINARY_THRESHOLD,True,,,,,
7b6f7c57f2f5815cc26d,test,분식,T4 구어·문장,q_분식_15,토스트 먹을 데,음식점 중 '분식'을 판매·제공하는 매장,e3bc1b64-cd2f-4464-b19b-f84fc0880053,이삭토스트,토스트,효행구봉담상점가,골목형상점가,경기도,3.0,0.0,,,P1_BINARY_THRESHOLD,True,,,,,
c181535954a4fba14697,test,분식,T4 구어·문장,q_분식_15,토스트 먹을 데,음식점 중 '분식'을 판매·제공하는 매장,cb7f488f-df80-422b-8329-0133d6512dd0,이삭토스트,토스트,광교매탄 골목형상점가,골목형상점가,경기도,3.0,0.0,,,P1_BINARY_THRESHOLD,True,,,,,
011e9c9a97d5080d691c,test,분식,T4 구어·문장,q_분식_15,토스트 먹을 데,음식점 중 '분식'을 판매·제공하는 매장,0239c4e7-2ae3-4f29-8952-19c6d9d1d9a9,세번째집,순대국밥,성환이화시장,전통시장,충청남도,2.0,3.0,,,P2_GRADED_ONLY,True,,,,,
a14bd18849d515b327fe,test,분식,T4 구어·문장,q_분식_15,토스트 먹을 데,음식점 중 '분식'을 판매·제공하는 매장,c5f79209-bb6d-47d6-9cfa-0dac0cb53db4,이삭토스트,토스트,탕정미래 골목형상점가,골목형상점가,충청남도,3.0,0.0,,,P1_BINARY_THRESHOLD,True,,,,,
364ad8ab080b1e9f3420,test,분식,T4 구어·문장,q_분식_15,토스트 먹을 데,음식점 중 '분식'을 판매·제공하는 매장,00e9517a-1887-4acf-b072-10c7cadf9512,불닭발 땡초 동대문 엽기 떡볶이,분식,유엔남구 대학로 상권,,부산광역시,2.0,3.0,,,P2_GRADED_ONLY,True,,,,,
13cdb8579521e35c0d0c,test,분식,T4 구어·문장,q_분식_15,토스트 먹을 데,음식점 중 '분식'을 판매·제공하는 매장,4b26e808-84c0-4cb7-bb97-e0087f7c599d,다원카페,전통차 커피,본촌진아 골목형상점가,골목형상점가,광주광역시,1.0,0.0,,,P2_GRADED_ONLY,True,,,,,
33d7f65852162fbe28fe,test,분식,T4 구어·문장,q_분식_15,토스트 먹을 데,음식점 중 '분식'을 판매·제공하는 매장,7670dbad-2255-4570-8c5c-28dc32150760,샌토락,토스트,금왕중심골목형상점가,골목형상점가,충청북도,3.0,0.0,,,P1_BINARY_THRESHOLD,True,,,,,
54fb2d87e3dec6bb804a,test,분식,T4 구어·문장,q_분식_15,토스트 먹을 데,음식점 중 '분식'을 판매·제공하는 매장,d238fa62-8188-4122-a9b5-a2479f7a841d,석봉토스트,토스트,대현프리몰 대구점,일반지하상점가,대구광역시,3.0,0.0,,,P1_BINARY_THRESHOLD,True,,,,,
2797f475e836e6051c88,test,분식,T4 구어·문장,q_분식_15,토스트 먹을 데,음식점 중 '분식'을 판매·제공하는 매장,00783b5c-54fd-42fc-8bcf-1ea7fce865d5,쫀득분식,분식,임방울거리3구역 골목형상점가,골목형상점가,광주광역시,2.0,3.0,,,P2_GRADED_ONLY,True,,,,,
712e41c5c64705ca1b51,test,분식,T4 구어·문장,q_분식_15,토스트 먹을 데,음식점 중 '분식'을 판매·제공하는 매장,3064c2e9-f131-413e-8804-a1f89662d905,참토스트,토스트,하남 골목형상점가,골목형상점가,광주광역시,3.0,0.0,,,P1_BINARY_THRESHOLD,True,,,,,
438503ba6db54b6b5baa,test,분식,T4 구어·문장,q_분식_15,토스트 먹을 데,음식점 중 '분식'을 판매·제공하는 매장,007d6b63-4e47-47fa-aaa5-6d0b5cc7280b,도토리김밥계룡엄사점,분식,엄사 골목형상점가,골목형상점가,충청남도,2.0,3.0,,,P2_GRADED_ONLY,True,,,,,
609a3e22a10551236821,test,분식,T4 구어·문장,q_분식_15,토스트 먹을 데,음식점 중 '분식'을 판매·제공하는 매장,c7c286d3-3448-4277-91ad-8c031c520f72,길거리토스트,토스트,홍천시장(홍천구시장),전통시장,강원특별자치도,3.0,0.0,,,P1_BINARY_THRESHOLD,True,,,,,
264a05e11da604d0e15b,test,분식,T4 구어·문장,q_분식_15,토스트 먹을 데,음식점 중 '분식'을 판매·제공하는 매장,e9427e94-fa49-4be0-be1d-b2a22e92e99c,금호침구,도소매(이불),광장시장,전통시장,서울특별시,0.0,0.0,,,RESOLVED_AGREEMENT,False,0,,,,
b5c0b564619cacff3ce1,test,분식,T4 구어·문장,q_분식_15,토스트 먹을 데,음식점 중 '분식'을 판매·제공하는 매장,00719699-eb0c-4473-bda9-7a16eace345e,봉식이옛날왕만두,만두,삼익 골목형상점가,골목형상점가,서울특별시,2.0,3.0,,,P2_GRADED_ONLY,True,,,,,
8185f970df9318b73f32,test,분식,T4 구어·문장,q_분식_15,토스트 먹을 데,음식점 중 '분식'을 판매·제공하는 매장,024c1f10-1fe0-4be3-8bde-6465f5cd8c43,오늘은 떡볶이,"떡볶이, 튀김, 순대 등",석촌시장,전통시장,서울특별시,2.0,3.0,,,P2_GRADED_ONLY,True,,,,,
b2117c54870837e371b3,test,분식,T4 구어·문장,q_분식_15,토스트 먹을 데,음식점 중 '분식'을 판매·제공하는 매장,00e34fb5-e7d3-43aa-b574-400ee31abae5,은혜만두,만두,북동 골목형상점가,골목형상점가,광주광역시,2.0,3.0,,,P2_GRADED_ONLY,True,,,,,
bb9141ec21d586d3f414,test,분식,T4 구어·문장,q_분식_15,토스트 먹을 데,음식점 중 '분식'을 판매·제공하는 매장,ff6b8626-c069-47f1-98c9-fd4193dbc11a,골목 토스트,토스트,지범골목먹거리타운 골목형상점가,골목형상점가,대구광역시,3.0,0.0,,,P1_BINARY_THRESHOLD,True,,,,,
f9041c4ab5cb4597e08c,test,분식,T4 구어·문장,q_분식_15,토스트 먹을 데,음식점 중 '분식'을 판매·제공하는 매장,f0c8a0c8-20b4-429f-bbe6-9949b0985eb6,이삭토스트,토스트,봉일천전통시장,전통시장,경기도,3.0,0.0,,,P1_BINARY_THRESHOLD,True,,,,,
e3bab70f86917a5d55d1,test,분식,T4 구어·문장,q_분식_15,토스트 먹을 데,음식점 중 '분식'을 판매·제공하는 매장,01853453-69ac-4f55-9cd8-09e40088ab59,가마솥왕만두,만두,울산번개시장,전통시장,울산광역시,2.0,3.0,,,P2_GRADED_ONLY,True,,,,,
ab1d28995a8d6edf41ef,test,분식,T4 구어·문장,q_분식_15,토스트 먹을 데,음식점 중 '분식'을 판매·제공하는 매장,045215f0-9db0-4054-8c69-702841941f01,문토스트용호점,카페토스트,용호1동골목시장,전통시장,부산광역시,3.0,0.0,,,P1_BINARY_THRESHOLD,True,,,,,
7e000fa15e87a5007b3c,test,분식,T4 구어·문장,q_분식_15,토스트 먹을 데,음식점 중 '분식'을 판매·제공하는 매장,008594db-d86c-4014-bf5c-16f6cd40402d,와글와글봄소풍,김밥,다사역 골목형상점가,골목형상점가,대구광역시,2.0,3.0,,,P2_GRADED_ONLY,True,,,,,
3c7954403aac4182c228,test,분식,T4 구어·문장,q_분식_15,토스트 먹을 데,음식점 중 '분식'을 판매·제공하는 매장,a66caa12-d548-45f7-9d03-dd9ca062cdbb,민씨네토스트,토스트,의정부제일시장,전통시장,경기도,3.0,0.0,,,P1_BINARY_THRESHOLD,True,,,,,
a5aff77bc46538df2b4e,test,분식,T4 구어·문장,q_분식_15,토스트 먹을 데,음식점 중 '분식'을 판매·제공하는 매장,b41ac99b-b7d9-4ba2-9d20-a7633d66a792,의왕토스트,토스트,의왕도깨비시장,전통시장,경기도,3.0,0.0,,,P1_BINARY_THRESHOLD,True,,,,,
1d22034196a3e190d4a7,test,분식,T4 구어·문장,q_분식_15,토스트 먹을 데,음식점 중 '분식'을 판매·제공하는 매장,bfaaa2da-e587-4861-aaf1-d37a1ab737b0,이삭토스트,토스트,금촌문화로시장,전통시장,경기도,3.0,0.0,,,P1_BINARY_THRESHOLD,True,,,,,
55b7865c80298350b7ff,test,분식,T4 구어·문장,q_분식_15,토스트 먹을 데,음식점 중 '분식'을 판매·제공하는 매장,055b0501-9678-421c-9b8d-2994754df728,캠토토스트 계룡대실점,토스트,두마면 대실골목형상점가,골목형상점가,충청남도,3.0,0.0,,,P1_BINARY_THRESHOLD,True,,,,,
33d39f627879b5f96721,test,분식,T4 구어·문장,q_분식_15,토스트 먹을 데,음식점 중 '분식'을 판매·제공하는 매장,f8406071-aaa7-4ef8-92af-59a935f247d9,이뿐이주단,의류,포항죽도시장,전통시장,경상북도,0.0,0.0,,,RESOLVED_AGREEMENT,False,0,,,,
acddb08639a54a331252,test,분식,T4 구어·문장,q_분식_15,토스트 먹을 데,음식점 중 '분식'을 판매·제공하는 매장,064d899b-c65a-4b75-9a15-9ca1eaf707f4,이삭토스트,토스트 등,매탄중심상가 골목형상점가,골목형상점가,경기도,3.0,0.0,,,P1_BINARY_THRESHOLD,True,,,,,
3fb109acacb505b1a218,test,분식,T4 구어·문장,q_분식_15,토스트 먹을 데,음식점 중 '분식'을 판매·제공하는 매장,aaef4e51-9e76-45a2-868f-ded4f819e21c,해피토스트,토스트,용두동미르길골목형상점가,골목형상점가,대전광역시,3.0,0.0,,,P1_BINARY_THRESHOLD,True,,,,,
6a6a7638bf931bf25b51,test,분식,T4 구어·문장,q_분식_15,토스트 먹을 데,음식점 중 '분식'을 판매·제공하는 매장,017c71f5-48d0-4cce-a370-a84d34d36658,무봉리토종순대국파주운정점,,산내마을 골목형상점가,골목형상점가,경기도,2.0,3.0,,,P2_GRADED_ONLY,True,,,,,
375e1060ef7895cd876e,test,분식,T4 구어·문장,q_분식_15,토스트 먹을 데,음식점 중 '분식'을 판매·제공하는 매장,89699db0-c7a6-413d-a6d7-aa9740300d49,토스트클럽,토스트,마산 창동통합상가,자율상권구역,경상남도,3.0,0.0,,,P1_BINARY_THRESHOLD,True,,,,,
c22d0b594b1fc362b25a,test,분식,T4 구어·문장,q_분식_15,토스트 먹을 데,음식점 중 '분식'을 판매·제공하는 매장,0e3e29e3-1841-4324-a9ea-88e6bba873d8,봉천토스트,토스트 와플,봉천달빛길골목형상점가,골목형상점가,서울특별시,3.0,0.0,,,P1_BINARY_THRESHOLD,True,,,,,
7146ac326e29b1d5ad03,test,분식,T4 구어·문장,q_분식_15,토스트 먹을 데,음식점 중 '분식'을 판매·제공하는 매장,7d2264da-5ceb-4179-a616-cf9613a693d3,냥냥토스트,토스트,진해 군항상권활성화구역,상권활성화구역,경상남도,3.0,0.0,,,P1_BINARY_THRESHOLD,True,,,,,
bf8c88f04a1d143ebcab,test,분식,T4 구어·문장,q_분식_15,토스트 먹을 데,음식점 중 '분식'을 판매·제공하는 매장,3ac9d5d9-24a6-4b8f-99c2-bf11e49e1b19,토피,토스트,쌍학로상인회 골목형상점가,골목형상점가,광주광역시,3.0,0.0,,,P1_BINARY_THRESHOLD,True,,,,,
fc234ff71726d0376b62,test,분식,T4 구어·문장,q_분식_15,토스트 먹을 데,음식점 중 '분식'을 판매·제공하는 매장,5169cb51-7ab0-42f0-80c2-b2e08c319638,광명하우징,벽지,학운 골목형상점가,골목형상점가,광주광역시,0.0,0.0,,,RESOLVED_AGREEMENT,False,0,,,,
fe9c113f9b1f2d3d5840,test,분식,T4 구어·문장,q_분식_15,토스트 먹을 데,음식점 중 '분식'을 판매·제공하는 매장,aada6bd5-f29d-48fd-ab64-369bcc6bc80a,종점토스트,토스트,사근살곶이골목형상점가,골목형상점가,서울특별시,3.0,0.0,,,P1_BINARY_THRESHOLD,True,,,,,
49f0705b5a6108d210a7,test,분식,T4 구어·문장,q_분식_15,토스트 먹을 데,음식점 중 '분식'을 판매·제공하는 매장,3885beaf-84d4-45e0-8e05-a4a1fdb35314,지에스 더프레시 권선아이파크점,슈퍼마켓,수원아이파크시티8단지상가 골목형상점가,골목형상점가,경기도,0.0,0.0,,,RESOLVED_AGREEMENT,False,0,,,,
00c2a35d0cd4bf97be7c,test,분식,T4 구어·문장,q_분식_15,토스트 먹을 데,음식점 중 '분식'을 판매·제공하는 매장,04c905ba-3172-4ea4-a6dd-4345d674dea0,덕순이네,제조업(떡집),장터길 골목형상점가,골목형상점가,경기도,1.0,0.0,,,P2_GRADED_ONLY,True,,,,,
655b95833b83b61dc1e5,test,분식,T4 구어·문장,q_분식_15,토스트 먹을 데,음식점 중 '분식'을 판매·제공하는 매장,55c321c5-abd4-4182-99af-1b678b27a6df,정토스트,토스트,청주북부시장,전통시장,충청북도,3.0,0.0,,,P1_BINARY_THRESHOLD,True,,,,,
d5f37722d6e67ef2e6a3,test,분식,T4 구어·문장,q_분식_15,토스트 먹을 데,음식점 중 '분식'을 판매·제공하는 매장,54f879fc-4dd6-4866-bbb5-524f2a2d3410,농업회사법인영창물류,농산물,오정동상점가,자율상권구역,대전광역시,0.0,0.0,,,RESOLVED_AGREEMENT,False,0,,,,
5bcbcd75de1336da84e9,test,분식,T4 구어·문장,q_분식_15,토스트 먹을 데,음식점 중 '분식'을 판매·제공하는 매장,723dc3b7-f79f-4866-aea0-86581998a4ee,봉순언니토스트,토스트,창원 명서시장,전통시장,경상남도,3.0,0.0,,,P1_BINARY_THRESHOLD,True,,,,,
849e1a7c7019650bc002,test,분식,T4 구어·문장,q_분식_15,토스트 먹을 데,음식점 중 '분식'을 판매·제공하는 매장,02f03161-3a15-416f-bdd6-8ad5bd17781d,시골참순대,,관저동 먹자골목 골목형상점가,골목형상점가,대전광역시,2.0,3.0,,,P2_GRADED_ONLY,True,,,,,
6ca7bb10364eabcddd2b,test,분식,T4 구어·문장,q_분식_15,토스트 먹을 데,음식점 중 '분식'을 판매·제공하는 매장,823d6c6a-120d-41d9-8135-b580f252a6fd,이삭토스트,토스트,강진중앙로상가,자율상권구역,전라남도,3.0,0.0,,,P1_BINARY_THRESHOLD,True,,,,,
8b6ec65dad66f538c83e,test,분식,T4 구어·문장,q_분식_15,토스트 먹을 데,음식점 중 '분식'을 판매·제공하는 매장,f5ffa8a6-3205-49fc-97a7-2803e1baf8aa,이삭토스트,토스트,조대장미의거리 상점가,자율상권구역,광주광역시,3.0,0.0,,,P1_BINARY_THRESHOLD,True,,,,,
b580b66b151df4241e72,test,분식,T4 구어·문장,q_분식_15,토스트 먹을 데,음식점 중 '분식'을 판매·제공하는 매장,dc9a803e-49d0-4a41-8534-11f889435106,이삭토스트,토스트,마산 구암시장,전통시장,경상남도,3.0,0.0,,,P1_BINARY_THRESHOLD,True,,,,,
b6412f47f6cca90c0c20,test,분식,T4 구어·문장,q_분식_15,토스트 먹을 데,음식점 중 '분식'을 판매·제공하는 매장,016f68a3-c16f-467c-af96-22466baf3a6a,쉬즈베이글,토스트,읍내리 원도심 골목형상점가,골목형상점가,전라남도,3.0,0.0,,,P1_BINARY_THRESHOLD,True,,,,,
95d12b8e1b744088a799,test,분식,T4 구어·문장,q_분식_15,토스트 먹을 데,음식점 중 '분식'을 판매·제공하는 매장,0011cf6d-567e-4c3b-b113-363daa11212a,김밥먹고 닭꼬치,,배방상점가,자율상권구역,충청남도,2.0,3.0,,,P2_GRADED_ONLY,True,,,,,
a993147ac6493212f4b9,test,분식,T4 구어·문장,q_분식_15,토스트 먹을 데,음식점 중 '분식'을 판매·제공하는 매장,a9a5dcef-dfd4-4533-8d9d-1ac236df88a6,다인토스트,토스트,안양중앙인정시장,전통시장,경기도,3.0,0.0,,,P1_BINARY_THRESHOLD,True,,,,,
1d03f6d4b12c90455e13,test,분식,T4 구어·문장,q_분식_15,토스트 먹을 데,음식점 중 '분식'을 판매·제공하는 매장,00ca89c2-42a8-432d-ba4b-5abd23c18ab0,계란밥,계란밥분식,시청역상가번영회 골목형상점가,골목형상점가,광주광역시,2.0,3.0,,,P2_GRADED_ONLY,True,,,,,
67c68a605b25dbabfeba,test,분식,T4 구어·문장,q_분식_15,토스트 먹을 데,음식점 중 '분식'을 판매·제공하는 매장,961a768a-e239-4f4c-b60f-007bef92f1aa,장터국밥,한식,안강공설시장,전통시장,경상북도,1.0,1.0,,,RESOLVED_AGREEMENT,False,1,,,,
8143aa7f416111f36058,test,분식,T4 구어·문장,q_분식_15,토스트 먹을 데,음식점 중 '분식'을 판매·제공하는 매장,0a891050-80f2-4423-a5a4-fbd505f1e519,이삭토스트 대전테크노밸리점,토스트,테크노밸리 골목형상점가,골목형상점가,대전광역시,3.0,0.0,,,P1_BINARY_THRESHOLD,True,,,,,
37d421c91248b993b1ba,test,분식,T4 구어·문장,q_분식_15,토스트 먹을 데,음식점 중 '분식'을 판매·제공하는 매장,14fd09ed-3144-4268-9e04-1105d8c1e682,다오포차,음식,쌍용먹자패션거리 골목형상점가,골목형상점가,충청남도,0.0,0.0,,,RESOLVED_AGREEMENT,False,0,,,,
d6ec11c3aedc98810731,test,분식,T4 구어·문장,q_분식_15,토스트 먹을 데,음식점 중 '분식'을 판매·제공하는 매장,879f1844-fb01-445a-acf0-aa3b0c8d534d,이삭토스트,토스트,서문대로704번길 골목형상점가,골목형상점가,광주광역시,3.0,0.0,,,P1_BINARY_THRESHOLD,True,,,,,
bbb7b33eab216a2e12d6,test,분식,T4 구어·문장,q_분식_15,토스트 먹을 데,음식점 중 '분식'을 판매·제공하는 매장,34f7b22e-5d0b-4275-a9c0-68b7a056f223,이삭토스트,토스트,건대로데오거리골목형상점가,골목형상점가,서울특별시,3.0,0.0,,,P1_BINARY_THRESHOLD,True,,,,,
9c19beb4ad42af2f8ec2,test,분식,T4 구어·문장,q_분식_15,토스트 먹을 데,음식점 중 '분식'을 판매·제공하는 매장,d494ce69-3512-4b13-bf2f-a7048443f7c8,토스트 팜,토스트,담양중앙 골목형상점가,골목형상점가,전라남도,3.0,0.0,,,P1_BINARY_THRESHOLD,True,,,,,
de7b0e0e462fdad1423b,test,분식,T4 구어·문장,q_분식_15,토스트 먹을 데,음식점 중 '분식'을 판매·제공하는 매장,34218f54-4b29-4ff5-ada0-dc0f7681ce56,프린스토스트,토스트,세종전통시장,전통시장,세종특별자치시,3.0,0.0,,,P1_BINARY_THRESHOLD,True,,,,,
7e5cab42e8b090a98452,test,분식,T4 구어·문장,q_분식_15,토스트 먹을 데,음식점 중 '분식'을 판매·제공하는 매장,3e702233-f4a9-44a6-9a7b-4cde61cd8602,역전토스트,토스트,정읍연지상점가,자율상권구역,전북특별자치도,3.0,0.0,,,P1_BINARY_THRESHOLD,True,,,,,
5d9f78dd6088b50aa730,test,분식,T4 구어·문장,q_분식_15,토스트 먹을 데,음식점 중 '분식'을 판매·제공하는 매장,bfa0ca43-a055-4e42-8009-0e73ceeaa43c,이삭토스트,토스트,경주중심상가,전통시장,경상북도,3.0,0.0,,,P1_BINARY_THRESHOLD,True,,,,,
fb5ddb4c9c58f6cc686d,test,분식,T4 구어·문장,q_분식_15,토스트 먹을 데,음식점 중 '분식'을 판매·제공하는 매장,2fbc0cfc-59e6-483e-a7c1-f934df63eeef,이삭토스트,토스트,풍동온누리 골목형상점가,골목형상점가,경기도,3.0,0.0,,,P1_BINARY_THRESHOLD,True,,,,,
ab168152803bf8dc0d51,test,분식,T4 구어·문장,q_분식_15,토스트 먹을 데,음식점 중 '분식'을 판매·제공하는 매장,005313c8-dce8-49b6-9841-9143ebb1305a,동원떡집,,박달시장,전통시장,경기도,1.0,0.0,,,P2_GRADED_ONLY,True,,,,,
01fe4f8a6568d5af479a,test,분식,T4 구어·문장,q_분식_15,토스트 먹을 데,음식점 중 '분식'을 판매·제공하는 매장,6e6af143-774d-4846-ad49-8e8ff1216e8a,이삭토스트,토스트,양북시장,전통시장,경상북도,3.0,0.0,,,P1_BINARY_THRESHOLD,True,,,,,
f07d6e8986f32990a34c,test,분식,T4 구어·문장,q_분식_15,토스트 먹을 데,음식점 중 '분식'을 판매·제공하는 매장,4cced14f-0320-44d5-bce2-d70127efa9a3,해피토스트,토스트,구포역세권상점가,자율상권구역,부산광역시,3.0,0.0,,,P1_BINARY_THRESHOLD,True,,,,,
652dd68fbdb4fa309316,test,분식,T4 구어·문장,q_분식_15,토스트 먹을 데,음식점 중 '분식'을 판매·제공하는 매장,7c21ff58-1dd9-41a1-b366-50610036b092,이삭토스트,토스트,흥덕 다채움 골목형 상점가,골목형상점가,경기도,3.0,0.0,,,P1_BINARY_THRESHOLD,True,,,,,
1fa626a6a2b1d2e4faf9,test,분식,T4 구어·문장,q_분식_15,토스트 먹을 데,음식점 중 '분식'을 판매·제공하는 매장,1cb4bae3-ad95-477f-b007-329832ebd60e,석봉토스트,토스트,다비치복현로 골목형상점가,골목형상점가,대구광역시,3.0,0.0,,,P1_BINARY_THRESHOLD,True,,,,,
35a52fd7c025a778e27a,test,분식,T4 구어·문장,q_분식_15,토스트 먹을 데,음식점 중 '분식'을 판매·제공하는 매장,f8260db0-d50e-4fcc-91d2-0e043e00ca7f,토스트랑,토스트,개봉중앙골목형상점가,골목형상점가,서울특별시,3.0,0.0,,,P1_BINARY_THRESHOLD,True,,,,,
886fd3297449040f84c2,test,분식,T4 구어·문장,q_분식_15,토스트 먹을 데,음식점 중 '분식'을 판매·제공하는 매장,d52b963d-16be-4f1b-8eb7-f272f3b83979,강북토스트,토스트,수유중앙골목시장골목형상점가,골목형상점가,서울특별시,3.0,0.0,,,P1_BINARY_THRESHOLD,True,,,,,
632746c61a2631bf37df,test,분식,T4 구어·문장,q_분식_15,토스트 먹을 데,음식점 중 '분식'을 판매·제공하는 매장,001bda4f-046f-44c5-b084-8de630ac405a,김밥윤,김밥 등,보람동 골목형상점가,골목형상점가,세종특별자치시,2.0,3.0,,,P2_GRADED_ONLY,True,,,,,
6ac6774a5a77ebc6de5d,test,분식,T4 구어·문장,q_분식_15,토스트 먹을 데,음식점 중 '분식'을 판매·제공하는 매장,001cb3d4-5441-4963-b517-d5b3904ee312,현창떡집,떡집,목포동부시장,전통시장,전라남도,1.0,0.0,,,P2_GRADED_ONLY,True,,,,,
ce32b9b9ce3cbaa89440,test,분식,T4 구어·문장,q_분식_15,토스트 먹을 데,음식점 중 '분식'을 판매·제공하는 매장,7162a8e5-1a46-4423-af77-58bb2ee7e5b1,해피토스트,토스트,아진상가,골목형상점가,울산광역시,3.0,0.0,,,P1_BINARY_THRESHOLD,True,,,,,
43d90568954269624524,test,분식,T4 구어·문장,q_분식_15,토스트 먹을 데,음식점 중 '분식'을 판매·제공하는 매장,04b03558-95d1-4a0e-a9e2-9a9e72bdadb2,배가찐왕만두,만두,문흥2동 골목형상점가,골목형상점가,광주광역시,2.0,3.0,,,P2_GRADED_ONLY,True,,,,,
e5e5471cc6a12eeb462b,test,분식,T4 구어·문장,q_분식_15,토스트 먹을 데,음식점 중 '분식'을 판매·제공하는 매장,0018c143-a8bd-4461-a8ae-ee348edfad7a,김가네의정부중앙역점,김밥 분식 식사등,의정부시 구도심 상권활성화구역,상권활성화구역,경기도,2.0,3.0,,,P2_GRADED_ONLY,True,,,,,
a830380fdeacedbf68fc,test,분식,T4 구어·문장,q_분식_15,토스트 먹을 데,음식점 중 '분식'을 판매·제공하는 매장,bc3ce2ea-c112-4dd8-bfca-40b10f0ab716,이삭토스트,토스트,여수진남상가,자율상권구역,전라남도,3.0,0.0,,,P1_BINARY_THRESHOLD,True,,,,,
0ac933238adac7f97d1e,test,분식,T4 구어·문장,q_분식_15,토스트 먹을 데,음식점 중 '분식'을 판매·제공하는 매장,571651a7-502f-4ba8-86c5-85ed80fd585c,참토스트,토스트,보은전통시장,전통시장,충청북도,3.0,0.0,,,P1_BINARY_THRESHOLD,True,,,,,
c2748f7f4f6f4e325869,test,분식,T4 구어·문장,q_분식_15,토스트 먹을 데,음식점 중 '분식'을 판매·제공하는 매장,0b8ef6dc-2f6b-4707-bd73-529122d9c97a,하단떡집,떡집,하단오일상설시장,전통시장,부산광역시,1.0,0.0,,,P2_GRADED_ONLY,True,,,,,
1d747d73216d89b0b137,test,분식,T4 구어·문장,q_분식_15,토스트 먹을 데,음식점 중 '분식'을 판매·제공하는 매장,b753f8b8-41d4-4a7a-9e45-90fbbce7493b,지구토스트,토스트,큰방림길 골목형상점가,골목형상점가,광주광역시,3.0,0.0,,,P1_BINARY_THRESHOLD,True,,,,,
8e50f5a6298d9d69c5c8,test,분식,T4 구어·문장,q_분식_15,토스트 먹을 데,음식점 중 '분식'을 판매·제공하는 매장,00ec6d6a-b0c1-4662-b17f-9c9f059a4bcd,백암서울순대국,순대국,강서구청먹자골목골목형상점가,골목형상점가,서울특별시,2.0,3.0,,,P2_GRADED_ONLY,True,,,,,
385391e74d0a31c9a0cb,test,분식,T4 구어·문장,q_분식_15,토스트 먹을 데,음식점 중 '분식'을 판매·제공하는 매장,abf9b0a8-af7d-4fd8-873c-127805d537b0,이삭토스트,토스트,금촌문화로시장,전통시장,경기도,3.0,0.0,,,P1_BINARY_THRESHOLD,True,,,,,
2d7860601c576c92bc04,test,분식,T4 구어·문장,q_분식_15,토스트 먹을 데,음식점 중 '분식'을 판매·제공하는 매장,6cf819a2-011a-4ae7-9749-c809f0724291,알찬토스트,토스트,물베기 골목형상점가,골목형상점가,대구광역시,3.0,0.0,,,P1_BINARY_THRESHOLD,True,,,,,
0b75aeefa2c7f1e1c3d7,test,분식,T4 구어·문장,q_분식_15,토스트 먹을 데,음식점 중 '분식'을 판매·제공하는 매장,0ab4b1bd-93f1-4d46-b012-abfc9b1328dc,브라운토스트,"토스트, 음료",구즉 골목형상점가,골목형상점가,대전광역시,3.0,0.0,,,P1_BINARY_THRESHOLD,True,,,,,
51d11c2ae1ae6513545e,test,분식,T4 구어·문장,q_분식_15,토스트 먹을 데,음식점 중 '분식'을 판매·제공하는 매장,00b5a007-bb8d-47db-963d-ccc7e93c25ac,장호덕 손만두 백석점,만두,백석한들1번가 골목형상점가,골목형상점가,충청남도,2.0,3.0,,,P2_GRADED_ONLY,True,,,,,
024ff50fed6e914fcda5,test,분식,T4 구어·문장,q_분식_15,토스트 먹을 데,음식점 중 '분식'을 판매·제공하는 매장,015915e3-2542-4245-b627-0c775b4c5501,한내떡집,,거제 고현시장,전통시장,경상남도,1.0,0.0,,,P2_GRADED_ONLY,True,,,,,
db9c65fac921ce7be93a,test,분식,T4 구어·문장,q_분식_15,토스트 먹을 데,음식점 중 '분식'을 판매·제공하는 매장,0075dacf-3e3f-47b8-a4af-d3a2ff866348,북툰커피앤카페,찐빵 만두 커피,신창진흥 골목형상점가,골목형상점가,광주광역시,2.0,3.0,,,P2_GRADED_ONLY,True,,,,,
b8c1c3bb4b3cf30fc87c,test,분식,T4 구어·문장,q_분식_15,토스트 먹을 데,음식점 중 '분식'을 판매·제공하는 매장,00e30e6c-dde0-49cd-9e3e-95465aa4247e,동해분식,분식,서남신시장,전통시장,대구광역시,2.0,3.0,,,P2_GRADED_ONLY,True,,,,,
8adea6bb5f6ec8121621,test,분식,T4 구어·문장,q_분식_15,토스트 먹을 데,음식점 중 '분식'을 판매·제공하는 매장,0910caae-ad67-4ef3-934e-fff4c6059206,참토스트 대전학하점,토스트,계산동 골목형상점가,골목형상점가,대전광역시,3.0,0.0,,,P1_BINARY_THRESHOLD,True,,,,,
5962f65f16894721c2ba,test,분식,T4 구어·문장,q_분식_15,토스트 먹을 데,음식점 중 '분식'을 판매·제공하는 매장,00b5a60c-c548-4ac2-8259-9bb788c0fc58,까치김밥,김밥식사류,신림별빛거리골목형상점가,골목형상점가,서울특별시,2.0,3.0,,,P2_GRADED_ONLY,True,,,,,
0e761fc749636a9c1f38,test,분식,T4 구어·문장,q_분식_16,토스트 파는 곳,음식점 중 '분식'을 판매·제공하는 매장,24240b6f-7ea7-4ac3-b71a-db4d1e64668a,대구모자,모자,서문시장아진상가,전통시장,대구광역시,0.0,0.0,,,RESOLVED_AGREEMENT,False,0,,,,
874004a3dc561d321eb4,test,분식,T4 구어·문장,q_분식_16,토스트 파는 곳,음식점 중 '분식'을 판매·제공하는 매장,df862210-a226-4317-ad24-75139ebc155d,제일보석제일안경,시계 및 귀금속,안동시 대안로 골목형상점가,골목형상점가,경상북도,0.0,0.0,,,RESOLVED_AGREEMENT,False,0,,,,
8c9080bdce94467b48ec,test,분식,T4 구어·문장,q_분식_16,토스트 파는 곳,음식점 중 '분식'을 판매·제공하는 매장,7162a8e5-1a46-4423-af77-58bb2ee7e5b1,해피토스트,토스트,아진상가,골목형상점가,울산광역시,3.0,0.0,,,P1_BINARY_THRESHOLD,True,,,,,
7dc93ca19573f8cb3a7c,test,분식,T4 구어·문장,q_분식_16,토스트 파는 곳,음식점 중 '분식'을 판매·제공하는 매장,001bda4f-046f-44c5-b084-8de630ac405a,김밥윤,김밥 등,보람동 골목형상점가,골목형상점가,세종특별자치시,2.0,3.0,,,P2_GRADED_ONLY,True,,,,,
dd9e675c3d24106476c9,test,분식,T4 구어·문장,q_분식_16,토스트 파는 곳,음식점 중 '분식'을 판매·제공하는 매장,0011cf6d-567e-4c3b-b113-363daa11212a,김밥먹고 닭꼬치,,배방상점가,자율상권구역,충청남도,2.0,3.0,,,P2_GRADED_ONLY,True,,,,,
d197673db96748f6b789,test,분식,T4 구어·문장,q_분식_16,토스트 파는 곳,음식점 중 '분식'을 판매·제공하는 매장,3064c2e9-f131-413e-8804-a1f89662d905,참토스트,토스트,하남 골목형상점가,골목형상점가,광주광역시,3.0,0.0,,,P1_BINARY_THRESHOLD,True,,,,,
13d9c54dcb203aa359ee,test,분식,T4 구어·문장,q_분식_16,토스트 파는 곳,음식점 중 '분식'을 판매·제공하는 매장,00b5a007-bb8d-47db-963d-ccc7e93c25ac,장호덕 손만두 백석점,만두,백석한들1번가 골목형상점가,골목형상점가,충청남도,2.0,3.0,,,P2_GRADED_ONLY,True,,,,,
ebfa529f774c7a87fb23,test,분식,T4 구어·문장,q_분식_16,토스트 파는 곳,음식점 중 '분식'을 판매·제공하는 매장,5a16b296-499e-4617-a612-77884dc449c0,이삭토스트,토스트,노원역9번출구 골목형상점가,골목형상점가,서울특별시,3.0,0.0,,,P1_BINARY_THRESHOLD,True,,,,,
a151a24bf461f18229cc,test,분식,T4 구어·문장,q_분식_16,토스트 파는 곳,음식점 중 '분식'을 판매·제공하는 매장,0018c143-a8bd-4461-a8ae-ee348edfad7a,김가네의정부중앙역점,김밥 분식 식사등,의정부시 구도심 상권활성화구역,상권활성화구역,경기도,2.0,3.0,,,P2_GRADED_ONLY,True,,,,,
8e62c7df1d79ad8fe433,test,분식,T4 구어·문장,q_분식_16,토스트 파는 곳,음식점 중 '분식'을 판매·제공하는 매장,29b05536-85ca-4c29-8a57-81ac12f5cc43,유명토스트,토스트,구서오시게시장,전통시장,부산광역시,3.0,0.0,,,P1_BINARY_THRESHOLD,True,,,,,
85c769c2a906b12b98f1,test,분식,T4 구어·문장,q_분식_16,토스트 파는 곳,음식점 중 '분식'을 판매·제공하는 매장,55c321c5-abd4-4182-99af-1b678b27a6df,정토스트,토스트,청주북부시장,전통시장,충청북도,3.0,0.0,,,P1_BINARY_THRESHOLD,True,,,,,
8d5805f3d24cf8140580,test,분식,T4 구어·문장,q_분식_16,토스트 파는 곳,음식점 중 '분식'을 판매·제공하는 매장,0e3e29e3-1841-4324-a9ea-88e6bba873d8,봉천토스트,토스트 와플,봉천달빛길골목형상점가,골목형상점가,서울특별시,3.0,0.0,,,P1_BINARY_THRESHOLD,True,,,,,
dde9f2ddb636db5e3bb1,test,분식,T4 구어·문장,q_분식_16,토스트 파는 곳,음식점 중 '분식'을 판매·제공하는 매장,008594db-d86c-4014-bf5c-16f6cd40402d,와글와글봄소풍,김밥,다사역 골목형상점가,골목형상점가,대구광역시,2.0,3.0,,,P2_GRADED_ONLY,True,,,,,
5098a5ebdee4253a7d36,test,분식,T4 구어·문장,q_분식_16,토스트 파는 곳,음식점 중 '분식'을 판매·제공하는 매장,7c21ff58-1dd9-41a1-b366-50610036b092,이삭토스트,토스트,흥덕 다채움 골목형 상점가,골목형상점가,경기도,3.0,0.0,,,P1_BINARY_THRESHOLD,True,,,,,
c1bd95f892e9f83fd211,test,분식,T4 구어·문장,q_분식_16,토스트 파는 곳,음식점 중 '분식'을 판매·제공하는 매장,c7c286d3-3448-4277-91ad-8c031c520f72,길거리토스트,토스트,홍천시장(홍천구시장),전통시장,강원특별자치도,3.0,0.0,,,P1_BINARY_THRESHOLD,True,,,,,
6379783a5bf61d04ed9f,test,분식,T4 구어·문장,q_분식_16,토스트 파는 곳,음식점 중 '분식'을 판매·제공하는 매장,b753f8b8-41d4-4a7a-9e45-90fbbce7493b,지구토스트,토스트,큰방림길 골목형상점가,골목형상점가,광주광역시,3.0,0.0,,,P1_BINARY_THRESHOLD,True,,,,,
75d977d9a92c9ec406df,test,분식,T4 구어·문장,q_분식_16,토스트 파는 곳,음식점 중 '분식'을 판매·제공하는 매장,823d6c6a-120d-41d9-8135-b580f252a6fd,이삭토스트,토스트,강진중앙로상가,자율상권구역,전라남도,3.0,0.0,,,P1_BINARY_THRESHOLD,True,,,,,
34d7e83179d987d08413,test,분식,T4 구어·문장,q_분식_16,토스트 파는 곳,음식점 중 '분식'을 판매·제공하는 매장,017c71f5-48d0-4cce-a370-a84d34d36658,무봉리토종순대국파주운정점,,산내마을 골목형상점가,골목형상점가,경기도,2.0,3.0,,,P2_GRADED_ONLY,True,,,,,
49d2c5982f65e4bb86b6,test,분식,T4 구어·문장,q_분식_16,토스트 파는 곳,음식점 중 '분식'을 판매·제공하는 매장,007d6b63-4e47-47fa-aaa5-6d0b5cc7280b,도토리김밥계룡엄사점,분식,엄사 골목형상점가,골목형상점가,충청남도,2.0,3.0,,,P2_GRADED_ONLY,True,,,,,
4661dd64ab2b701f6fc2,test,분식,T4 구어·문장,q_분식_16,토스트 파는 곳,음식점 중 '분식'을 판매·제공하는 매장,3ac9d5d9-24a6-4b8f-99c2-bf11e49e1b19,토피,토스트,쌍학로상인회 골목형상점가,골목형상점가,광주광역시,3.0,0.0,,,P1_BINARY_THRESHOLD,True,,,,,
c3ff3d5a5dfa9b7c1d1b,test,분식,T4 구어·문장,q_분식_16,토스트 파는 곳,음식점 중 '분식'을 판매·제공하는 매장,34f7b22e-5d0b-4275-a9c0-68b7a056f223,이삭토스트,토스트,건대로데오거리골목형상점가,골목형상점가,서울특별시,3.0,0.0,,,P1_BINARY_THRESHOLD,True,,,,,
a60d35a60d00f7f36be8,test,분식,T4 구어·문장,q_분식_16,토스트 파는 곳,음식점 중 '분식'을 판매·제공하는 매장,d10e55c5-2306-43af-9ce7-ec852fe87158,이삭토스트,토스트,안양1번가 상점가,자율상권구역,경기도,3.0,0.0,,,P1_BINARY_THRESHOLD,True,,,,,
eb501101eab5d94d961e,test,분식,T4 구어·문장,q_분식_16,토스트 파는 곳,음식점 중 '분식'을 판매·제공하는 매장,723dc3b7-f79f-4866-aea0-86581998a4ee,봉순언니토스트,토스트,창원 명서시장,전통시장,경상남도,3.0,0.0,,,P1_BINARY_THRESHOLD,True,,,,,
545d7a1f9d36e5c1c740,test,분식,T4 구어·문장,q_분식_16,토스트 파는 곳,음식점 중 '분식'을 판매·제공하는 매장,bfaaa2da-e587-4861-aaf1-d37a1ab737b0,이삭토스트,토스트,금촌문화로시장,전통시장,경기도,3.0,0.0,,,P1_BINARY_THRESHOLD,True,,,,,
29ec0e3ef3adbade0f4f,test,분식,T4 구어·문장,q_분식_16,토스트 파는 곳,음식점 중 '분식'을 판매·제공하는 매장,1cb4bae3-ad95-477f-b007-329832ebd60e,석봉토스트,토스트,다비치복현로 골목형상점가,골목형상점가,대구광역시,3.0,0.0,,,P1_BINARY_THRESHOLD,True,,,,,
e71678189f7889f0a79f,test,분식,T4 구어·문장,q_분식_16,토스트 파는 곳,음식점 중 '분식'을 판매·제공하는 매장,016f68a3-c16f-467c-af96-22466baf3a6a,쉬즈베이글,토스트,읍내리 원도심 골목형상점가,골목형상점가,전라남도,3.0,0.0,,,P1_BINARY_THRESHOLD,True,,,,,
109993783f01149c32cc,test,분식,T4 구어·문장,q_분식_16,토스트 파는 곳,음식점 중 '분식'을 판매·제공하는 매장,dc9a803e-49d0-4a41-8534-11f889435106,이삭토스트,토스트,마산 구암시장,전통시장,경상남도,3.0,0.0,,,P1_BINARY_THRESHOLD,True,,,,,
15766e64d37f95e5a485,test,분식,T4 구어·문장,q_분식_16,토스트 파는 곳,음식점 중 '분식'을 판매·제공하는 매장,aaef4e51-9e76-45a2-868f-ded4f819e21c,해피토스트,토스트,용두동미르길골목형상점가,골목형상점가,대전광역시,3.0,0.0,,,P1_BINARY_THRESHOLD,True,,,,,
a6d7621e348b27882f1a,test,분식,T4 구어·문장,q_분식_16,토스트 파는 곳,음식점 중 '분식'을 판매·제공하는 매장,0614c5e2-4860-4dd0-b552-7b0758506dcb,카페 만월경,커피,롯데 리치빌골목형상점가,골목형상점가,대전광역시,1.0,0.0,,,P2_GRADED_ONLY,True,,,,,
47df55ec8c44120df683,test,분식,T4 구어·문장,q_분식_16,토스트 파는 곳,음식점 중 '분식'을 판매·제공하는 매장,3cf4bef0-a818-47e4-a649-6bcb5d3c5382,벗퍼스트커피,커피,잠원하길골목형상점가,골목형상점가,서울특별시,0.0,0.0,,,RESOLVED_AGREEMENT,False,0,,,,
dc95bef8df6be73f7ec6,test,분식,T4 구어·문장,q_분식_16,토스트 파는 곳,음식점 중 '분식'을 판매·제공하는 매장,00783b5c-54fd-42fc-8bcf-1ea7fce865d5,쫀득분식,분식,임방울거리3구역 골목형상점가,골목형상점가,광주광역시,2.0,3.0,,,P2_GRADED_ONLY,True,,,,,
e7d2baf2e5ed3e2aa513,test,분식,T4 구어·문장,q_분식_16,토스트 파는 곳,음식점 중 '분식'을 판매·제공하는 매장,00ec6d6a-b0c1-4662-b17f-9c9f059a4bcd,백암서울순대국,순대국,강서구청먹자골목골목형상점가,골목형상점가,서울특별시,2.0,3.0,,,P2_GRADED_ONLY,True,,,,,
eaa01dc2174c5742a4fa,test,분식,T4 구어·문장,q_분식_16,토스트 파는 곳,음식점 중 '분식'을 판매·제공하는 매장,6cf819a2-011a-4ae7-9749-c809f0724291,알찬토스트,토스트,물베기 골목형상점가,골목형상점가,대구광역시,3.0,0.0,,,P1_BINARY_THRESHOLD,True,,,,,
75539ebd2e11fe300dfb,test,분식,T4 구어·문장,q_분식_16,토스트 파는 곳,음식점 중 '분식'을 판매·제공하는 매장,34218f54-4b29-4ff5-ada0-dc0f7681ce56,프린스토스트,토스트,세종전통시장,전통시장,세종특별자치시,3.0,0.0,,,P1_BINARY_THRESHOLD,True,,,,,
21dbed34a2ea49978bcc,test,분식,T4 구어·문장,q_분식_16,토스트 파는 곳,음식점 중 '분식'을 판매·제공하는 매장,b41ac99b-b7d9-4ba2-9d20-a7633d66a792,의왕토스트,토스트,의왕도깨비시장,전통시장,경기도,3.0,0.0,,,P1_BINARY_THRESHOLD,True,,,,,
3303a1e74501a1b38bf7,test,분식,T4 구어·문장,q_분식_16,토스트 파는 곳,음식점 중 '분식'을 판매·제공하는 매장,d494ce69-3512-4b13-bf2f-a7048443f7c8,토스트 팜,토스트,담양중앙 골목형상점가,골목형상점가,전라남도,3.0,0.0,,,P1_BINARY_THRESHOLD,True,,,,,
1d69b640f322a88059c0,test,분식,T4 구어·문장,q_분식_16,토스트 파는 곳,음식점 중 '분식'을 판매·제공하는 매장,06f6577e-5fd7-4b7a-ac6c-efd79c986f16,바른 치킨 하남 시청역점.,치킨 떡볶이,덕풍전통시장,전통시장,경기도,2.0,3.0,,,P2_GRADED_ONLY,True,,,,,
4cb9d8e69d73141ddee5,test,분식,T4 구어·문장,q_분식_16,토스트 파는 곳,음식점 중 '분식'을 판매·제공하는 매장,49efea61-51b8-4d68-bc82-027f6529e5aa,캠토토스트,토스트,계림 재미로 골목형상점가,골목형상점가,광주광역시,3.0,0.0,,,P1_BINARY_THRESHOLD,True,,,,,
2238249cccfed7fbd655,test,분식,T4 구어·문장,q_분식_16,토스트 파는 곳,음식점 중 '분식'을 판매·제공하는 매장,25d9e7a8-8d2b-48ac-b3aa-5fe368fcf055,노원토스트,토스트,상계중앙시장,전통시장,서울특별시,3.0,0.0,,,P1_BINARY_THRESHOLD,True,,,,,
b2a7008a584b842744f7,test,분식,T4 구어·문장,q_분식_16,토스트 파는 곳,음식점 중 '분식'을 판매·제공하는 매장,00e9517a-1887-4acf-b072-10c7cadf9512,불닭발 땡초 동대문 엽기 떡볶이,분식,유엔남구 대학로 상권,,부산광역시,2.0,3.0,,,P2_GRADED_ONLY,True,,,,,
a266bc7d0d416de3eb25,test,분식,T4 구어·문장,q_분식_16,토스트 파는 곳,음식점 중 '분식'을 판매·제공하는 매장,a66caa12-d548-45f7-9d03-dd9ca062cdbb,민씨네토스트,토스트,의정부제일시장,전통시장,경기도,3.0,0.0,,,P1_BINARY_THRESHOLD,True,,,,,
e46584e45cebfa270dc2,test,분식,T4 구어·문장,q_분식_16,토스트 파는 곳,음식점 중 '분식'을 판매·제공하는 매장,bc3ce2ea-c112-4dd8-bfca-40b10f0ab716,이삭토스트,토스트,여수진남상가,자율상권구역,전라남도,3.0,0.0,,,P1_BINARY_THRESHOLD,True,,,,,
e083c9a96ba85e71abc7,test,분식,T4 구어·문장,q_분식_16,토스트 파는 곳,음식점 중 '분식'을 판매·제공하는 매장,3e702233-f4a9-44a6-9a7b-4cde61cd8602,역전토스트,토스트,정읍연지상점가,자율상권구역,전북특별자치도,3.0,0.0,,,P1_BINARY_THRESHOLD,True,,,,,
c97332f0584601b7ef7a,test,분식,T4 구어·문장,q_분식_16,토스트 파는 곳,음식점 중 '분식'을 판매·제공하는 매장,015915e3-2542-4245-b627-0c775b4c5501,한내떡집,,거제 고현시장,전통시장,경상남도,1.0,0.0,,,P2_GRADED_ONLY,True,,,,,
f818a215d980ef22e7a1,test,분식,T4 구어·문장,q_분식_16,토스트 파는 곳,음식점 중 '분식'을 판매·제공하는 매장,aada6bd5-f29d-48fd-ab64-369bcc6bc80a,종점토스트,토스트,사근살곶이골목형상점가,골목형상점가,서울특별시,3.0,0.0,,,P1_BINARY_THRESHOLD,True,,,,,
44bad178e6a2c37052a0,test,분식,T4 구어·문장,q_분식_16,토스트 파는 곳,음식점 중 '분식'을 판매·제공하는 매장,00e30e6c-dde0-49cd-9e3e-95465aa4247e,동해분식,분식,서남신시장,전통시장,대구광역시,2.0,3.0,,,P2_GRADED_ONLY,True,,,,,
9089902e2d1a21bdc4f9,test,분식,T4 구어·문장,q_분식_16,토스트 파는 곳,음식점 중 '분식'을 판매·제공하는 매장,f68126ee-7e4f-468a-aefc-ceecde6b5d1e,써니토스트,토스트,주막거리상점가,자율상권구역,경기도,3.0,0.0,,,P1_BINARY_THRESHOLD,True,,,,,
92437d26a1fce3e99f7c,test,분식,T4 구어·문장,q_분식_16,토스트 파는 곳,음식점 중 '분식'을 판매·제공하는 매장,c5f79209-bb6d-47d6-9cfa-0dac0cb53db4,이삭토스트,토스트,탕정미래 골목형상점가,골목형상점가,충청남도,3.0,0.0,,,P1_BINARY_THRESHOLD,True,,,,,
6834fa41f9b83de41aef,test,분식,T4 구어·문장,q_분식_16,토스트 파는 곳,음식점 중 '분식'을 판매·제공하는 매장,064d899b-c65a-4b75-9a15-9ca1eaf707f4,이삭토스트,토스트 등,매탄중심상가 골목형상점가,골목형상점가,경기도,3.0,0.0,,,P1_BINARY_THRESHOLD,True,,,,,
426d7abc7a4c0c6c8f16,test,분식,T4 구어·문장,q_분식_16,토스트 파는 곳,음식점 중 '분식'을 판매·제공하는 매장,9669d3c3-9aac-4389-82c4-5558ebead83c,입터진토스트,토스트,점촌역전상점가,자율상권구역,경상북도,3.0,0.0,,,P1_BINARY_THRESHOLD,True,,,,,
69a8c4df1391a32795e4,test,분식,T4 구어·문장,q_분식_16,토스트 파는 곳,음식점 중 '분식'을 판매·제공하는 매장,f5ffa8a6-3205-49fc-97a7-2803e1baf8aa,이삭토스트,토스트,조대장미의거리 상점가,자율상권구역,광주광역시,3.0,0.0,,,P1_BINARY_THRESHOLD,True,,,,,
dfed3bf49131a320d5bf,test,분식,T4 구어·문장,q_분식_16,토스트 파는 곳,음식점 중 '분식'을 판매·제공하는 매장,6e6af143-774d-4846-ad49-8e8ff1216e8a,이삭토스트,토스트,양북시장,전통시장,경상북도,3.0,0.0,,,P1_BINARY_THRESHOLD,True,,,,,
3661ced91b58cc924700,test,분식,T4 구어·문장,q_분식_16,토스트 파는 곳,음식점 중 '분식'을 판매·제공하는 매장,00ca89c2-42a8-432d-ba4b-5abd23c18ab0,계란밥,계란밥분식,시청역상가번영회 골목형상점가,골목형상점가,광주광역시,2.0,3.0,,,P2_GRADED_ONLY,True,,,,,
acb475dd8e0a6a7bbada,test,분식,T4 구어·문장,q_분식_16,토스트 파는 곳,음식점 중 '분식'을 판매·제공하는 매장,e3bc1b64-cd2f-4464-b19b-f84fc0880053,이삭토스트,토스트,효행구봉담상점가,골목형상점가,경기도,3.0,0.0,,,P1_BINARY_THRESHOLD,True,,,,,
a5e7e772a8f2efc9fd5d,test,분식,T4 구어·문장,q_분식_16,토스트 파는 곳,음식점 중 '분식'을 판매·제공하는 매장,cb7f488f-df80-422b-8329-0133d6512dd0,이삭토스트,토스트,광교매탄 골목형상점가,골목형상점가,경기도,3.0,0.0,,,P1_BINARY_THRESHOLD,True,,,,,
741416d76b0c40d89157,test,분식,T4 구어·문장,q_분식_16,토스트 파는 곳,음식점 중 '분식'을 판매·제공하는 매장,abf9b0a8-af7d-4fd8-873c-127805d537b0,이삭토스트,토스트,금촌문화로시장,전통시장,경기도,3.0,0.0,,,P1_BINARY_THRESHOLD,True,,,,,
5edd06e944bb0c62f553,test,분식,T4 구어·문장,q_분식_16,토스트 파는 곳,음식점 중 '분식'을 판매·제공하는 매장,e14a35ef-257b-4998-9fa3-d997baebd199,캠토토스트,토스트,직산읍삼은1번가골목형상점가,골목형상점가,충청남도,3.0,0.0,,,P1_BINARY_THRESHOLD,True,,,,,
b91a17d4bbc0df209e85,test,분식,T4 구어·문장,q_분식_16,토스트 파는 곳,음식점 중 '분식'을 판매·제공하는 매장,f8260db0-d50e-4fcc-91d2-0e043e00ca7f,토스트랑,토스트,개봉중앙골목형상점가,골목형상점가,서울특별시,3.0,0.0,,,P1_BINARY_THRESHOLD,True,,,,,
ff79dcacb991b7df4e7a,test,분식,T4 구어·문장,q_분식_16,토스트 파는 곳,음식점 중 '분식'을 판매·제공하는 매장,571651a7-502f-4ba8-86c5-85ed80fd585c,참토스트,토스트,보은전통시장,전통시장,충청북도,3.0,0.0,,,P1_BINARY_THRESHOLD,True,,,,,
fefae12a4df043f06def,test,분식,T4 구어·문장,q_분식_16,토스트 파는 곳,음식점 중 '분식'을 판매·제공하는 매장,2fbc0cfc-59e6-483e-a7c1-f934df63eeef,이삭토스트,토스트,풍동온누리 골목형상점가,골목형상점가,경기도,3.0,0.0,,,P1_BINARY_THRESHOLD,True,,,,,
4bf365e2f32636328775,test,분식,T4 구어·문장,q_분식_16,토스트 파는 곳,음식점 중 '분식'을 판매·제공하는 매장,59ad0290-ff96-4043-bc7a-3b09f96f6951,토스트잇,토스트,낙낙별길골목형상점가,골목형상점가,서울특별시,3.0,0.0,,,P1_BINARY_THRESHOLD,True,,,,,
0a60eb2e32b5bac22de1,test,분식,T4 구어·문장,q_분식_16,토스트 파는 곳,음식점 중 '분식'을 판매·제공하는 매장,89699db0-c7a6-413d-a6d7-aa9740300d49,토스트클럽,토스트,마산 창동통합상가,자율상권구역,경상남도,3.0,0.0,,,P1_BINARY_THRESHOLD,True,,,,,
b15814f3af40faaff49f,test,분식,T4 구어·문장,q_분식_16,토스트 파는 곳,음식점 중 '분식'을 판매·제공하는 매장,0239c4e7-2ae3-4f29-8952-19c6d9d1d9a9,세번째집,순대국밥,성환이화시장,전통시장,충청남도,2.0,3.0,,,P2_GRADED_ONLY,True,,,,,
1af0907105578bd7c034,test,분식,T4 구어·문장,q_분식_16,토스트 파는 곳,음식점 중 '분식'을 판매·제공하는 매장,0b8ef6dc-2f6b-4707-bd73-529122d9c97a,하단떡집,떡집,하단오일상설시장,전통시장,부산광역시,1.0,0.0,,,P2_GRADED_ONLY,True,,,,,
ae559eef28b5181cce2a,test,분식,T4 구어·문장,q_분식_16,토스트 파는 곳,음식점 중 '분식'을 판매·제공하는 매장,04c905ba-3172-4ea4-a6dd-4345d674dea0,덕순이네,제조업(떡집),장터길 골목형상점가,골목형상점가,경기도,1.0,0.0,,,P2_GRADED_ONLY,True,,,,,
17eb3bbc2987daeb4e66,test,분식,T4 구어·문장,q_분식_16,토스트 파는 곳,음식점 중 '분식'을 판매·제공하는 매장,f0c8a0c8-20b4-429f-bbe6-9949b0985eb6,이삭토스트,토스트,봉일천전통시장,전통시장,경기도,3.0,0.0,,,P1_BINARY_THRESHOLD,True,,,,,
5d304c74116e5f8fb4bc,test,분식,T4 구어·문장,q_분식_16,토스트 파는 곳,음식점 중 '분식'을 판매·제공하는 매장,005313c8-dce8-49b6-9841-9143ebb1305a,동원떡집,,박달시장,전통시장,경기도,1.0,0.0,,,P2_GRADED_ONLY,True,,,,,
8e563628a63d8164187a,test,분식,T4 구어·문장,q_분식_16,토스트 파는 곳,음식점 중 '분식'을 판매·제공하는 매장,01853453-69ac-4f55-9cd8-09e40088ab59,가마솥왕만두,만두,울산번개시장,전통시장,울산광역시,2.0,3.0,,,P2_GRADED_ONLY,True,,,,,
dae57f22319b8b28d2d3,test,분식,T4 구어·문장,q_분식_16,토스트 파는 곳,음식점 중 '분식'을 판매·제공하는 매장,75cb475f-397f-411d-86ad-a9188a03d8ed,동명주단,의류,광장전통시장,자율상권구역,서울특별시,0.0,0.0,,,RESOLVED_AGREEMENT,False,0,,,,
a20f49b7856b91899086,test,분식,T4 구어·문장,q_분식_16,토스트 파는 곳,음식점 중 '분식'을 판매·제공하는 매장,00e34fb5-e7d3-43aa-b574-400ee31abae5,은혜만두,만두,북동 골목형상점가,골목형상점가,광주광역시,2.0,3.0,,,P2_GRADED_ONLY,True,,,,,
7ee52947183d61b52148,test,분식,T4 구어·문장,q_분식_16,토스트 파는 곳,음식점 중 '분식'을 판매·제공하는 매장,00719699-eb0c-4473-bda9-7a16eace345e,봉식이옛날왕만두,만두,삼익 골목형상점가,골목형상점가,서울특별시,2.0,3.0,,,P2_GRADED_ONLY,True,,,,,
c3dfc5500ce5e4b709b5,test,분식,T4 구어·문장,q_분식_16,토스트 파는 곳,음식점 중 '분식'을 판매·제공하는 매장,00b5a60c-c548-4ac2-8259-9bb788c0fc58,까치김밥,김밥식사류,신림별빛거리골목형상점가,골목형상점가,서울특별시,2.0,3.0,,,P2_GRADED_ONLY,True,,,,,
a01ee35afd0a8e8ceb9f,test,분식,T4 구어·문장,q_분식_16,토스트 파는 곳,음식점 중 '분식'을 판매·제공하는 매장,0075dacf-3e3f-47b8-a4af-d3a2ff866348,북툰커피앤카페,찐빵 만두 커피,신창진흥 골목형상점가,골목형상점가,광주광역시,2.0,3.0,,,P2_GRADED_ONLY,True,,,,,
0a23babba8a78cbe4f15,test,분식,T4 구어·문장,q_분식_16,토스트 파는 곳,음식점 중 '분식'을 판매·제공하는 매장,879f1844-fb01-445a-acf0-aa3b0c8d534d,이삭토스트,토스트,서문대로704번길 골목형상점가,골목형상점가,광주광역시,3.0,0.0,,,P1_BINARY_THRESHOLD,True,,,,,
0a9a3ab277551d6b2519,test,분식,T4 구어·문장,q_분식_16,토스트 파는 곳,음식점 중 '분식'을 판매·제공하는 매장,bfa0ca43-a055-4e42-8009-0e73ceeaa43c,이삭토스트,토스트,경주중심상가,전통시장,경상북도,3.0,0.0,,,P1_BINARY_THRESHOLD,True,,,,,
88b0e19d86411357a632,test,분식,T4 구어·문장,q_분식_16,토스트 파는 곳,음식점 중 '분식'을 판매·제공하는 매장,04a91b86-3405-4f8d-b0b8-eac86f3907c4,연지동토스트,커피토스트,연지시장,전통시장,부산광역시,3.0,0.0,,,P1_BINARY_THRESHOLD,True,,,,,
711555dec2c7b2039191,test,분식,T4 구어·문장,q_분식_16,토스트 파는 곳,음식점 중 '분식'을 판매·제공하는 매장,02f03161-3a15-416f-bdd6-8ad5bd17781d,시골참순대,,관저동 먹자골목 골목형상점가,골목형상점가,대전광역시,2.0,3.0,,,P2_GRADED_ONLY,True,,,,,
4a670cc557425b37be82,test,분식,T4 구어·문장,q_분식_16,토스트 파는 곳,음식점 중 '분식'을 판매·제공하는 매장,d238fa62-8188-4122-a9b5-a2479f7a841d,석봉토스트,토스트,대현프리몰 대구점,일반지하상점가,대구광역시,3.0,0.0,,,P1_BINARY_THRESHOLD,True,,,,,
cb8f90c342a5be610fb1,test,분식,T4 구어·문장,q_분식_16,토스트 파는 곳,음식점 중 '분식'을 판매·제공하는 매장,055b0501-9678-421c-9b8d-2994754df728,캠토토스트 계룡대실점,토스트,두마면 대실골목형상점가,골목형상점가,충청남도,3.0,0.0,,,P1_BINARY_THRESHOLD,True,,,,,
a26120f13deac1479206,test,분식,T4 구어·문장,q_분식_16,토스트 파는 곳,음식점 중 '분식'을 판매·제공하는 매장,d52b963d-16be-4f1b-8eb7-f272f3b83979,강북토스트,토스트,수유중앙골목시장골목형상점가,골목형상점가,서울특별시,3.0,0.0,,,P1_BINARY_THRESHOLD,True,,,,,
7db49c3771d66187767d,test,분식,T4 구어·문장,q_분식_16,토스트 파는 곳,음식점 중 '분식'을 판매·제공하는 매장,98fa1cbe-3566-483a-ad8a-0c5014d57659,해피토스트,토스트,안동광석거리 골목형상점가,골목형상점가,경상북도,3.0,0.0,,,P1_BINARY_THRESHOLD,True,,,,,
37ba3a992a23c15ab740,test,분식,T4 구어·문장,q_분식_16,토스트 파는 곳,음식점 중 '분식'을 판매·제공하는 매장,024c1f10-1fe0-4be3-8bde-6465f5cd8c43,오늘은 떡볶이,"떡볶이, 튀김, 순대 등",석촌시장,전통시장,서울특별시,2.0,3.0,,,P2_GRADED_ONLY,True,,,,,
9b2ae1d2bca3343b9293,test,분식,T4 구어·문장,q_분식_16,토스트 파는 곳,음식점 중 '분식'을 판매·제공하는 매장,7670dbad-2255-4570-8c5c-28dc32150760,샌토락,토스트,금왕중심골목형상점가,골목형상점가,충청북도,3.0,0.0,,,P1_BINARY_THRESHOLD,True,,,,,
9de202007cb3b61345d4,test,분식,T4 구어·문장,q_분식_16,토스트 파는 곳,음식점 중 '분식'을 판매·제공하는 매장,001cb3d4-5441-4963-b517-d5b3904ee312,현창떡집,떡집,목포동부시장,전통시장,전라남도,1.0,0.0,,,P2_GRADED_ONLY,True,,,,,
663e07d0ce51f1706e0f,test,분식,T4 구어·문장,q_분식_16,토스트 파는 곳,음식점 중 '분식'을 판매·제공하는 매장,7d2264da-5ceb-4179-a616-cf9613a693d3,냥냥토스트,토스트,진해 군항상권활성화구역,상권활성화구역,경상남도,3.0,0.0,,,P1_BINARY_THRESHOLD,True,,,,,
233b52540d83894c8b31,test,분식,T4 구어·문장,q_분식_16,토스트 파는 곳,음식점 중 '분식'을 판매·제공하는 매장,5270f0d9-af98-4f6d-89a4-46ae94aec68b,부전의료기,의료용품,부전시장,전통시장,부산광역시,0.0,0.0,,,RESOLVED_AGREEMENT,False,0,,,,
9bafdcf5776bd72e97df,test,분식,T4 구어·문장,q_분식_16,토스트 파는 곳,음식점 중 '분식'을 판매·제공하는 매장,045215f0-9db0-4054-8c69-702841941f01,문토스트용호점,카페토스트,용호1동골목시장,전통시장,부산광역시,3.0,0.0,,,P1_BINARY_THRESHOLD,True,,,,,
751cdec526e2182a0e28,test,분식,T4 구어·문장,q_분식_16,토스트 파는 곳,음식점 중 '분식'을 판매·제공하는 매장,04b03558-95d1-4a0e-a9e2-9a9e72bdadb2,배가찐왕만두,만두,문흥2동 골목형상점가,골목형상점가,광주광역시,2.0,3.0,,,P2_GRADED_ONLY,True,,,,,
ad53f7ba024e14206efc,test,분식,T4 구어·문장,q_분식_16,토스트 파는 곳,음식점 중 '분식'을 판매·제공하는 매장,0ab4b1bd-93f1-4d46-b012-abfc9b1328dc,브라운토스트,"토스트, 음료",구즉 골목형상점가,골목형상점가,대전광역시,3.0,0.0,,,P1_BINARY_THRESHOLD,True,,,,,
d034abba038924cdcc09,test,분식,T4 구어·문장,q_분식_16,토스트 파는 곳,음식점 중 '분식'을 판매·제공하는 매장,ff6b8626-c069-47f1-98c9-fd4193dbc11a,골목 토스트,토스트,지범골목먹거리타운 골목형상점가,골목형상점가,대구광역시,3.0,0.0,,,P1_BINARY_THRESHOLD,True,,,,,
9ec3a3d309e0764b1a81,test,분식,T4 구어·문장,q_분식_16,토스트 파는 곳,음식점 중 '분식'을 판매·제공하는 매장,0910caae-ad67-4ef3-934e-fff4c6059206,참토스트 대전학하점,토스트,계산동 골목형상점가,골목형상점가,대전광역시,3.0,0.0,,,P1_BINARY_THRESHOLD,True,,,,,
249fddbb55f6cc799ba8,test,분식,T4 구어·문장,q_분식_16,토스트 파는 곳,음식점 중 '분식'을 판매·제공하는 매장,0a891050-80f2-4423-a5a4-fbd505f1e519,이삭토스트 대전테크노밸리점,토스트,테크노밸리 골목형상점가,골목형상점가,대전광역시,3.0,0.0,,,P1_BINARY_THRESHOLD,True,,,,,
323675995bafca026a7d,test,분식,T4 구어·문장,q_분식_16,토스트 파는 곳,음식점 중 '분식'을 판매·제공하는 매장,25c23caf-9b44-4498-aedc-b4e2e87995e7,GS25동천호반점,편의식품,동천동먹자골목1번가상인회 골목형상점가,골목형상점가,광주광역시,0.0,0.0,,,RESOLVED_AGREEMENT,False,0,,,,
dbe61abcc503fa5308b1,test,분식,T4 구어·문장,q_분식_16,토스트 파는 곳,음식점 중 '분식'을 판매·제공하는 매장,0012a3b4-64a1-440c-a76e-f2be12a2f086,튀김집,분식,두암시장주변 골목형상점가,골목형상점가,광주광역시,2.0,3.0,,,P2_GRADED_ONLY,True,,,,,
938800e332d238ff6702,test,분식,T4 구어·문장,q_분식_16,토스트 파는 곳,음식점 중 '분식'을 판매·제공하는 매장,a9a5dcef-dfd4-4533-8d9d-1ac236df88a6,다인토스트,토스트,안양중앙인정시장,전통시장,경기도,3.0,0.0,,,P1_BINARY_THRESHOLD,True,,,,,
8176313e0faf348ab387,test,분식,T6 기계변형,q_분식_17,분식추천,음식점 중 '분식'을 판매·제공하는 매장,02f03161-3a15-416f-bdd6-8ad5bd17781d,시골참순대,,관저동 먹자골목 골목형상점가,골목형상점가,대전광역시,3.0,3.0,,,RESOLVED_AGREEMENT,False,3,,,,
b180cc442d34114ed72d,test,분식,T6 기계변형,q_분식_17,분식추천,음식점 중 '분식'을 판매·제공하는 매장,12acfe7a-1939-4f43-b78b-4e09bbc595f0,소망분식,분식,임방울거리2구역 골목형상점가,골목형상점가,광주광역시,3.0,3.0,,,RESOLVED_AGREEMENT,False,3,,,,
023a0c7b2c589c4a4872,test,분식,T6 기계변형,q_분식_17,분식추천,음식점 중 '분식'을 판매·제공하는 매장,005313c8-dce8-49b6-9841-9143ebb1305a,동원떡집,,박달시장,전통시장,경기도,1.0,0.0,,,P2_GRADED_ONLY,True,,,,,
8830fb29e6395b94533e,test,분식,T6 기계변형,q_분식_17,분식추천,음식점 중 '분식'을 판매·제공하는 매장,0555a982-9411-4a65-9629-e51f7fa1b5c0,소영이네 분식,분식,증산종합시장,전통시장,서울특별시,3.0,3.0,,,RESOLVED_AGREEMENT,False,3,,,,
75a658c45dd1e2afed65,test,분식,T6 기계변형,q_분식_17,분식추천,음식점 중 '분식'을 판매·제공하는 매장,b96a3e14-b352-4936-b6c8-c30169fec54f,동미네 분식집,분식,광탄전통시장,전통시장,경기도,3.0,3.0,,,RESOLVED_AGREEMENT,False,3,,,,
6c6e2d7f23e57d160cab,test,분식,T6 기계변형,q_분식_17,분식추천,음식점 중 '분식'을 판매·제공하는 매장,00ca89c2-42a8-432d-ba4b-5abd23c18ab0,계란밥,계란밥분식,시청역상가번영회 골목형상점가,골목형상점가,광주광역시,3.0,3.0,,,RESOLVED_AGREEMENT,False,3,,,,
7c4e2b9b85a306aaa073,test,분식,T6 기계변형,q_분식_17,분식추천,음식점 중 '분식'을 판매·제공하는 매장,52aa21c7-93f0-4310-8077-d8e649c46a94,홍군튀떡,분식,송죽솔대 골목형상점가,골목형상점가,경기도,3.0,3.0,,,RESOLVED_AGREEMENT,False,3,,,,
ff33f33ff64a85dadf65,test,분식,T6 기계변형,q_분식_17,분식추천,음식점 중 '분식'을 판매·제공하는 매장,0239c4e7-2ae3-4f29-8952-19c6d9d1d9a9,세번째집,순대국밥,성환이화시장,전통시장,충청남도,3.0,3.0,,,RESOLVED_AGREEMENT,False,3,,,,
6305410d0ea6ecc734a1,test,분식,T6 기계변형,q_분식_17,분식추천,음식점 중 '분식'을 판매·제공하는 매장,08263ee2-3ea0-47e2-b639-ff6944f09a81,춘향이네 분식,분식,남원공설시장,전통시장,전북특별자치도,3.0,3.0,,,RESOLVED_AGREEMENT,False,3,,,,
d0bac4ff507bd88c09d9,test,분식,T6 기계변형,q_분식_17,분식추천,음식점 중 '분식'을 판매·제공하는 매장,064d899b-c65a-4b75-9a15-9ca1eaf707f4,이삭토스트,토스트 등,매탄중심상가 골목형상점가,골목형상점가,경기도,3.0,0.0,,,P1_BINARY_THRESHOLD,True,,,,,
e84b68911cece92a9744,test,분식,T6 기계변형,q_분식_17,분식추천,음식점 중 '분식'을 판매·제공하는 매장,650fb1c8-2fb9-4884-9010-f52f0279d69c,담안분식,분식,창원 대동그린코아상가,전통시장,경상남도,3.0,3.0,,,RESOLVED_AGREEMENT,False,3,,,,
d7dc58dc86a10b39b681,test,분식,T6 기계변형,q_분식_17,분식추천,음식점 중 '분식'을 판매·제공하는 매장,83824d05-86bf-43c3-bd8f-254f86c8603a,분식친구 월산점,분식,반도유보라더퍼스트상가 골목형상점가,골목형상점가,광주광역시,3.0,3.0,,,RESOLVED_AGREEMENT,False,3,,,,
6d004f01a08bfee3f4b0,test,분식,T6 기계변형,q_분식_17,분식추천,음식점 중 '분식'을 판매·제공하는 매장,3dbcfc1a-c288-41f4-8889-e707195917db,붕떡붕떡,분식,거북시장,전통시장,인천광역시,3.0,3.0,,,RESOLVED_AGREEMENT,False,3,,,,
82c3860456f3e523fd28,test,분식,T6 기계변형,q_분식_17,분식추천,음식점 중 '분식'을 판매·제공하는 매장,dc303945-91d5-43cd-b49e-7d1d86258f18,한닢김밥,분식,이충 중심상가,골목형상점가,경기도,3.0,3.0,,,RESOLVED_AGREEMENT,False,3,,,,
85ce5e02804014f3c144,test,분식,T6 기계변형,q_분식_17,분식추천,음식점 중 '분식'을 판매·제공하는 매장,61c037b0-4230-4293-a51a-fa00b17f1249,로데오 분식마트,분식,성동용답상가시장,전통시장,서울특별시,3.0,3.0,,,RESOLVED_AGREEMENT,False,3,,,,
1a24f77a9df57f1f3961,test,분식,T6 기계변형,q_분식_17,분식추천,음식점 중 '분식'을 판매·제공하는 매장,00b5a60c-c548-4ac2-8259-9bb788c0fc58,까치김밥,김밥식사류,신림별빛거리골목형상점가,골목형상점가,서울특별시,3.0,3.0,,,RESOLVED_AGREEMENT,False,3,,,,
25af59af4fca4029da9b,test,분식,T6 기계변형,q_분식_17,분식추천,음식점 중 '분식'을 판매·제공하는 매장,93896569-1f05-47ad-ae55-34977c81045b,튀겨볶아,분식,신기시장,전통시장,인천광역시,3.0,3.0,,,RESOLVED_AGREEMENT,False,3,,,,
0e79767ebd5f77d8d792,test,분식,T6 기계변형,q_분식_17,분식추천,음식점 중 '분식'을 판매·제공하는 매장,0fcc963f-9fc4-4a48-bffb-1c69a5f196e1,효분식,분식,제천중앙시장,전통시장,충청북도,3.0,3.0,,,RESOLVED_AGREEMENT,False,3,,,,
84b7a613db06d6aa7fa3,test,분식,T6 기계변형,q_분식_17,분식추천,음식점 중 '분식'을 판매·제공하는 매장,017c71f5-48d0-4cce-a370-a84d34d36658,무봉리토종순대국파주운정점,,산내마을 골목형상점가,골목형상점가,경기도,3.0,3.0,,,RESOLVED_AGREEMENT,False,3,,,,
14cc2adaa839a68dffcd,test,분식,T6 기계변형,q_분식_17,분식추천,음식점 중 '분식'을 판매·제공하는 매장,00783b5c-54fd-42fc-8bcf-1ea7fce865d5,쫀득분식,분식,임방울거리3구역 골목형상점가,골목형상점가,광주광역시,3.0,3.0,,,RESOLVED_AGREEMENT,False,3,,,,
8688df745b3ebd5a477b,test,분식,T6 기계변형,q_분식_17,분식추천,음식점 중 '분식'을 판매·제공하는 매장,de2cdf93-937c-4615-ab37-474c9e033e9f,까동,분식,전남대 상대 골목형상점가,골목형상점가,광주광역시,3.0,3.0,,,RESOLVED_AGREEMENT,False,3,,,,
c53c05cab9b7bf68a1d5,test,분식,T6 기계변형,q_분식_17,분식추천,음식점 중 '분식'을 판매·제공하는 매장,cf82f373-6244-4a20-9da1-80008e63b3e9,분식방위대,,소촌골 골목형상점가,골목형상점가,,3.0,3.0,,,RESOLVED_AGREEMENT,False,3,,,,
fc3bbca603355155a0b3,test,분식,T6 기계변형,q_분식_17,분식추천,음식점 중 '분식'을 판매·제공하는 매장,04a91b86-3405-4f8d-b0b8-eac86f3907c4,연지동토스트,커피토스트,연지시장,전통시장,부산광역시,3.0,0.0,,,P1_BINARY_THRESHOLD,True,,,,,
6c2374f084bfe62d41b2,test,분식,T6 기계변형,q_분식_17,분식추천,음식점 중 '분식'을 판매·제공하는 매장,00e34fb5-e7d3-43aa-b574-400ee31abae5,은혜만두,만두,북동 골목형상점가,골목형상점가,광주광역시,3.0,3.0,,,RESOLVED_AGREEMENT,False,3,,,,
b7fdb8875dc2f4bc97e0,test,분식,T6 기계변형,q_분식_17,분식추천,음식점 중 '분식'을 판매·제공하는 매장,e9e1526d-84e2-47f8-8a8a-a4b1a196efd9,광판팔뚝김밥,분식,태영타운 골목형상점가,골목형상점가,경기도,3.0,3.0,,,RESOLVED_AGREEMENT,False,3,,,,
84d1484bd3bcb111e932,test,분식,T6 기계변형,q_분식_17,분식추천,음식점 중 '분식'을 판매·제공하는 매장,22ec6920-38b7-4d76-ac8c-f8ef74779d55,꿈떡분식,분식,산울림 골목형상점가,골목형상점가,세종특별자치시,3.0,3.0,,,RESOLVED_AGREEMENT,False,3,,,,
fdc2d7ccbbd322ecfdab,test,분식,T6 기계변형,q_분식_17,분식추천,음식점 중 '분식'을 판매·제공하는 매장,055b0501-9678-421c-9b8d-2994754df728,캠토토스트 계룡대실점,토스트,두마면 대실골목형상점가,골목형상점가,충청남도,3.0,0.0,,,P1_BINARY_THRESHOLD,True,,,,,
8576d2c6488aa2d376e9,test,분식,T6 기계변형,q_분식_17,분식추천,음식점 중 '분식'을 판매·제공하는 매장,dcf3de81-ca7b-457d-82ee-dc9e01dc3211,아이엠,의류,㈜르네시떼,전통시장,부산광역시,0.0,0.0,,,RESOLVED_AGREEMENT,False,0,,,,
59109df1c6b748691eb3,test,분식,T6 기계변형,q_분식_17,분식추천,음식점 중 '분식'을 판매·제공하는 매장,aea4c836-7dfd-422a-b66a-0ffb9a1e45f9,옛날분식,분식,전통중앙도매상가,전통시장,대전광역시,3.0,3.0,,,RESOLVED_AGREEMENT,False,3,,,,
1ad5671f684de665f857,test,분식,T6 기계변형,q_분식_17,분식추천,음식점 중 '분식'을 판매·제공하는 매장,89a8afde-c143-4c41-a9c7-d408c9b39569,부흥분식,분식,원미부흥시장,전통시장,경기도,3.0,3.0,,,RESOLVED_AGREEMENT,False,3,,,,
bad57919340d64d5a6bb,test,분식,T6 기계변형,q_분식_17,분식추천,음식점 중 '분식'을 판매·제공하는 매장,7a950a58-9f0f-49a6-8b77-73deeff0eb84,꾼떡,분식,신가동 골목형상점가,골목형상점가,광주광역시,3.0,3.0,,,RESOLVED_AGREEMENT,False,3,,,,
0134ab64d7b9c6dd13ec,test,분식,T6 기계변형,q_분식_17,분식추천,음식점 중 '분식'을 판매·제공하는 매장,22a939a5-dd57-476c-acd5-4c40c7b522a6,어닝바,분식,중랑동부시장,전통시장,서울특별시,3.0,3.0,,,RESOLVED_AGREEMENT,False,3,,,,
b84c7a5ab7869a2312ac,test,분식,T6 기계변형,q_분식_17,분식추천,음식점 중 '분식'을 판매·제공하는 매장,c6787d2f-964b-42c0-a487-fa3a8fd2c097,아리수 분식,분식,풍암고앞상인회 골목형상점가,골목형상점가,광주광역시,3.0,3.0,,,RESOLVED_AGREEMENT,False,3,,,,
861bce20f7055ea36b8b,test,분식,T6 기계변형,q_분식_17,분식추천,음식점 중 '분식'을 판매·제공하는 매장,01853453-69ac-4f55-9cd8-09e40088ab59,가마솥왕만두,만두,울산번개시장,전통시장,울산광역시,3.0,3.0,,,RESOLVED_AGREEMENT,False,3,,,,
c51eee18f9b475e2fd14,test,분식,T6 기계변형,q_분식_17,분식추천,음식점 중 '분식'을 판매·제공하는 매장,faa42f97-f53c-422c-baba-12be7ed2bf90,나들이 분식,분식,반여2동상가시장,전통시장,부산광역시,3.0,3.0,,,RESOLVED_AGREEMENT,False,3,,,,
9f2fd78dfe56d3161dbb,test,분식,T6 기계변형,q_분식_17,분식추천,음식점 중 '분식'을 판매·제공하는 매장,a1b3ef25-45bb-43e0-a0d4-cc56682224b4,다롱분식,분식,상계주공1단지 가상가,자율상권구역,서울특별시,3.0,3.0,,,RESOLVED_AGREEMENT,False,3,,,,
c9b1d7b4438f68ac84a5,test,분식,T6 기계변형,q_분식_17,분식추천,음식점 중 '분식'을 판매·제공하는 매장,ae27f1d5-4791-43a7-b4d7-104dfcf5a5ed,분식하우스,분식,오정시장,전통시장,경기도,3.0,3.0,,,RESOLVED_AGREEMENT,False,3,,,,
86d30e84ac485751d4e0,test,분식,T6 기계변형,q_분식_17,분식추천,음식점 중 '분식'을 판매·제공하는 매장,2413e383-8da8-4a92-8f66-394b0dcd0e3c,분식점빵,분식,태화시장,전통시장,울산광역시,3.0,3.0,,,RESOLVED_AGREEMENT,False,3,,,,
88289c2a6c15107c8e04,test,분식,T6 기계변형,q_분식_17,분식추천,음식점 중 '분식'을 판매·제공하는 매장,5b28f734-a672-4dc0-8a09-d1651459439c,밀터김밥,분식,남현동예술인마을골목형상점가,골목형상점가,서울특별시,3.0,3.0,,,RESOLVED_AGREEMENT,False,3,,,,
40a3c4dd1f34527696ac,test,분식,T6 기계변형,q_분식_17,분식추천,음식점 중 '분식'을 판매·제공하는 매장,08fd525f-a0ac-4e8c-96f9-bc40a4eaf842,분식맘,분식,금호공설시장,전통시장,경상북도,3.0,3.0,,,RESOLVED_AGREEMENT,False,3,,,,
e0a94eab62a43b68b68e,test,분식,T6 기계변형,q_분식_17,분식추천,음식점 중 '분식'을 판매·제공하는 매장,9448af81-d366-4a52-a1c3-e03df2d14c77,분식나라,분식,울산번개시장,전통시장,울산광역시,3.0,3.0,,,RESOLVED_AGREEMENT,False,3,,,,
307b3e010088e1349a74,test,분식,T6 기계변형,q_분식_17,분식추천,음식점 중 '분식'을 판매·제공하는 매장,65e7294c-9af7-46f1-9701-b142e9f7dadf,분식나라,분식,공주산성시장,전통시장,충청남도,3.0,3.0,,,RESOLVED_AGREEMENT,False,3,,,,
3e2cf7ae116ea4c6138e,test,분식,T6 기계변형,q_분식_17,분식추천,음식점 중 '분식'을 판매·제공하는 매장,df015364-597c-44c7-8021-b5b992e7cc69,요가그린움,요가,용두마을길 골목형상점가,골목형상점가,광주광역시,0.0,0.0,,,RESOLVED_AGREEMENT,False,0,,,,
1d56ae3f7b7c6864cbc6,test,분식,T6 기계변형,q_분식_17,분식추천,음식점 중 '분식'을 판매·제공하는 매장,016f68a3-c16f-467c-af96-22466baf3a6a,쉬즈베이글,토스트,읍내리 원도심 골목형상점가,골목형상점가,전라남도,3.0,0.0,,,P1_BINARY_THRESHOLD,True,,,,,
5ac4b98af411e2b8da96,test,분식,T6 기계변형,q_분식_17,분식추천,음식점 중 '분식'을 판매·제공하는 매장,5f2020b6-aa86-4f18-a592-ab461df6c372,웰츠분식,분식,웰츠타워 골목형상점가,골목형상점가,울산광역시,3.0,3.0,,,RESOLVED_AGREEMENT,False,3,,,,
7fcc50e6de31fe72b8de,test,분식,T6 기계변형,q_분식_17,분식추천,음식점 중 '분식'을 판매·제공하는 매장,52bae579-263d-479e-a46d-2ec326936756,핫떡,분식,방학동도깨비시장,전통시장,서울특별시,3.0,3.0,,,RESOLVED_AGREEMENT,False,3,,,,
09c400cdb41203f34193,test,분식,T6 기계변형,q_분식_17,분식추천,음식점 중 '분식'을 판매·제공하는 매장,7a736fc8-7e84-4cd5-a4d7-f9a5a0238d1f,커피허유,분식,해미읍성전통시장,전통시장,충청남도,3.0,3.0,,,RESOLVED_AGREEMENT,False,3,,,,
49951bdd1ee703d5baff,test,분식,T6 기계변형,q_분식_17,분식추천,음식점 중 '분식'을 판매·제공하는 매장,0018c143-a8bd-4461-a8ae-ee348edfad7a,김가네의정부중앙역점,김밥 분식 식사등,의정부시 구도심 상권활성화구역,상권활성화구역,경기도,3.0,3.0,,,RESOLVED_AGREEMENT,False,3,,,,
04b878f67b7da1d87543,test,분식,T6 기계변형,q_분식_17,분식추천,음식점 중 '분식'을 판매·제공하는 매장,a3305d17-57d9-48f2-b4fc-f69b7c4c85f9,미미네 분식,분식,진천혁신골목형상점가,골목형상점가,충청북도,3.0,3.0,,,RESOLVED_AGREEMENT,False,3,,,,
8071514ae44e86e71b37,test,분식,T6 기계변형,q_분식_17,분식추천,음식점 중 '분식'을 판매·제공하는 매장,bfbe0599-5d2c-4f07-9790-d6dff987e424,락뽁기,분식,기린전통시장,전통시장,강원특별자치도,3.0,3.0,,,RESOLVED_AGREEMENT,False,3,,,,
6162a884da90b63bf3c0,test,분식,T6 기계변형,q_분식_17,분식추천,음식점 중 '분식'을 판매·제공하는 매장,00e30e6c-dde0-49cd-9e3e-95465aa4247e,동해분식,분식,서남신시장,전통시장,대구광역시,3.0,3.0,,,RESOLVED_AGREEMENT,False,3,,,,
0e740feca676af28352e,test,분식,T6 기계변형,q_분식_17,분식추천,음식점 중 '분식'을 판매·제공하는 매장,e5a6f9f5-d811-46fa-8888-8b89aa1c13be,마띠나,분식,익산 다e로움 상권활성화구역,상권활성화구역,전북특별자치도,3.0,3.0,,,RESOLVED_AGREEMENT,False,3,,,,
09ac124126b43a7b95ed,test,분식,T6 기계변형,q_분식_17,분식추천,음식점 중 '분식'을 판매·제공하는 매장,f9356285-5283-48d1-a29b-a5959d996dd6,명품분식,분식,우이골목시장골목형상점가,골목형상점가,서울특별시,3.0,3.0,,,RESOLVED_AGREEMENT,False,3,,,,
c528fd404608b9c37ada,test,분식,T6 기계변형,q_분식_17,분식추천,음식점 중 '분식'을 판매·제공하는 매장,024c1f10-1fe0-4be3-8bde-6465f5cd8c43,오늘은 떡볶이,"떡볶이, 튀김, 순대 등",석촌시장,전통시장,서울특별시,3.0,3.0,,,RESOLVED_AGREEMENT,False,3,,,,
e61d66d7bcf3a2773f68,test,분식,T6 기계변형,q_분식_17,분식추천,음식점 중 '분식'을 판매·제공하는 매장,e2b22322-7784-4858-8587-35f03db0c09b,산분식,분식,풍암우미상인회 골목형상점가,골목형상점가,광주광역시,3.0,3.0,,,RESOLVED_AGREEMENT,False,3,,,,
e797e74641992bcd73f0,test,분식,T6 기계변형,q_분식_17,분식추천,음식점 중 '분식'을 판매·제공하는 매장,1d0cd062-96df-4398-8d95-8fc74a9eac0b,떽때기,분식,문창시장,전통시장,대전광역시,3.0,3.0,,,RESOLVED_AGREEMENT,False,3,,,,
45189dd7d98c4ef1d25e,test,분식,T6 기계변형,q_분식_17,분식추천,음식점 중 '분식'을 판매·제공하는 매장,bc44b1d9-66f5-4780-8cf1-ec7fa8377e0e,교동분식 주식회사 진미당,,전주동문상점가,자율상권구역,전북특별자치도,3.0,3.0,,,RESOLVED_AGREEMENT,False,3,,,,
21edc77e0dc7714be88b,test,분식,T6 기계변형,q_분식_17,분식추천,음식점 중 '분식'을 판매·제공하는 매장,00b5a007-bb8d-47db-963d-ccc7e93c25ac,장호덕 손만두 백석점,만두,백석한들1번가 골목형상점가,골목형상점가,충청남도,3.0,3.0,,,RESOLVED_AGREEMENT,False,3,,,,
dfdce5cb6b4c7cb19de6,test,분식,T6 기계변형,q_분식_17,분식추천,음식점 중 '분식'을 판매·제공하는 매장,8333e850-8383-4ce0-ab3d-69b74054bf4e,엘드림,,안정리 상인회 골목형상점가,골목형상점가,경기도,,0.0,Y,,P0_UNCERTAIN_OR_MISSING,True,,,,,
41e2bed0e9f8b43f15a9,test,분식,T6 기계변형,q_분식_17,분식추천,음식점 중 '분식'을 판매·제공하는 매장,70a427d1-cc28-4741-ad9c-0aabb27054e8,수제뿐식,분식,문창시장,전통시장,대전광역시,3.0,3.0,,,RESOLVED_AGREEMENT,False,3,,,,
1abdf70bf5eb2f0159dd,test,분식,T6 기계변형,q_분식_17,분식추천,음식점 중 '분식'을 판매·제공하는 매장,4637d6d8-1fa2-487f-aa40-b2151290ef50,고향분식,분식,감포시장,전통시장,경상북도,3.0,3.0,,,RESOLVED_AGREEMENT,False,3,,,,
293803a0759f580e541b,test,분식,T6 기계변형,q_분식_17,분식추천,음식점 중 '분식'을 판매·제공하는 매장,007d6b63-4e47-47fa-aaa5-6d0b5cc7280b,도토리김밥계룡엄사점,분식,엄사 골목형상점가,골목형상점가,충청남도,3.0,3.0,,,RESOLVED_AGREEMENT,False,3,,,,
a17b112488ed68d80e2e,test,분식,T6 기계변형,q_분식_17,분식추천,음식점 중 '분식'을 판매·제공하는 매장,045215f0-9db0-4054-8c69-702841941f01,문토스트용호점,카페토스트,용호1동골목시장,전통시장,부산광역시,3.0,0.0,,,P1_BINARY_THRESHOLD,True,,,,,
f12a3a99d319adbd9141,test,분식,T6 기계변형,q_분식_17,분식추천,음식점 중 '분식'을 판매·제공하는 매장,80c4738a-934b-4b41-9de9-a82a5967a614,천외천,한식,상봉먹자골목형상점가,골목형상점가,서울특별시,1.0,1.0,,,RESOLVED_AGREEMENT,False,1,,,,
6faf16924c798f1ac577,test,분식,T6 기계변형,q_분식_17,분식추천,음식점 중 '분식'을 판매·제공하는 매장,365a166e-8c2e-4113-b7c9-a2e19500b23a,라밥(LABAB)봉천,분식,봉천달빛길골목형상점가,골목형상점가,서울특별시,3.0,3.0,,,RESOLVED_AGREEMENT,False,3,,,,
75441e9e61ee917946ba,test,분식,T6 기계변형,q_분식_17,분식추천,음식점 중 '분식'을 판매·제공하는 매장,00e9517a-1887-4acf-b072-10c7cadf9512,불닭발 땡초 동대문 엽기 떡볶이,분식,유엔남구 대학로 상권,,부산광역시,3.0,3.0,,,RESOLVED_AGREEMENT,False,3,,,,
0dea07b242609003b6ba,test,분식,T6 기계변형,q_분식_17,분식추천,음식점 중 '분식'을 판매·제공하는 매장,0910caae-ad67-4ef3-934e-fff4c6059206,참토스트 대전학하점,토스트,계산동 골목형상점가,골목형상점가,대전광역시,3.0,0.0,,,P1_BINARY_THRESHOLD,True,,,,,
1c41a8f6ac62e9bd90fc,test,분식,T6 기계변형,q_분식_17,분식추천,음식점 중 '분식'을 판매·제공하는 매장,0a891050-80f2-4423-a5a4-fbd505f1e519,이삭토스트 대전테크노밸리점,토스트,테크노밸리 골목형상점가,골목형상점가,대전광역시,3.0,0.0,,,P1_BINARY_THRESHOLD,True,,,,,
a654500a19c5eb37e5ce,test,분식,T6 기계변형,q_분식_17,분식추천,음식점 중 '분식'을 판매·제공하는 매장,640ddb0b-9c20-4d18-87aa-c1efff3c7c86,페트로동물의료원,동물병원,촬영소사거리골목형상점가,골목형상점가,서울특별시,0.0,0.0,,,RESOLVED_AGREEMENT,False,0,,,,
8c3a36d5fb3cffc41d06,test,분식,T6 기계변형,q_분식_17,분식추천,음식점 중 '분식'을 판매·제공하는 매장,0b8ef6dc-2f6b-4707-bd73-529122d9c97a,하단떡집,떡집,하단오일상설시장,전통시장,부산광역시,1.0,0.0,,,P2_GRADED_ONLY,True,,,,,
0e7b7d73a9202ae68f2f,test,분식,T6 기계변형,q_분식_17,분식추천,음식점 중 '분식'을 판매·제공하는 매장,fcd1d180-df17-4597-83fd-7bef737a72e5,토이강정/분식,분식,인수로골목형상점가,골목형상점가,서울특별시,3.0,3.0,,,RESOLVED_AGREEMENT,False,3,,,,
10e593a54243823acd27,test,분식,T6 기계변형,q_분식_17,분식추천,음식점 중 '분식'을 판매·제공하는 매장,552aa314-9009-4239-91ed-4448345e7b32,땡길때면,분식,엄사 골목형상점가,골목형상점가,충청남도,3.0,3.0,,,RESOLVED_AGREEMENT,False,3,,,,
901f3728f979ae323862,test,분식,T6 기계변형,q_분식_17,분식추천,음식점 중 '분식'을 판매·제공하는 매장,001bda4f-046f-44c5-b084-8de630ac405a,김밥윤,김밥 등,보람동 골목형상점가,골목형상점가,세종특별자치시,3.0,3.0,,,RESOLVED_AGREEMENT,False,3,,,,
280608deb0034e20abba,test,분식,T6 기계변형,q_분식_17,분식추천,음식점 중 '분식'을 판매·제공하는 매장,00719699-eb0c-4473-bda9-7a16eace345e,봉식이옛날왕만두,만두,삼익 골목형상점가,골목형상점가,서울특별시,3.0,3.0,,,RESOLVED_AGREEMENT,False,3,,,,
4663333b2edb944ed5b2,test,분식,T6 기계변형,q_분식_17,분식추천,음식점 중 '분식'을 판매·제공하는 매장,a8b9ef14-bdd0-4b00-a948-1ca1b9faa612,모일맨,분식,도군머리 골목형상점가,골목형상점가,광주광역시,3.0,3.0,,,RESOLVED_AGREEMENT,False,3,,,,
00921a48b30428c7395d,test,분식,T6 기계변형,q_분식_17,분식추천,음식점 중 '분식'을 판매·제공하는 매장,4e65eded-139b-422b-a408-8671c0ba9b6c,대발이 분식,분식,동서시장,전통시장,대구광역시,3.0,3.0,,,RESOLVED_AGREEMENT,False,3,,,,
05f63a93277addfee296,test,분식,T6 기계변형,q_분식_17,분식추천,음식점 중 '분식'을 판매·제공하는 매장,96bb68a6-d1a9-4856-831f-039c523986c9,다온분식,분식,카림애비뉴애 골목형상점가,골목형상점가,세종특별자치시,3.0,3.0,,,RESOLVED_AGREEMENT,False,3,,,,
0c12b4abb32e4dbfd722,test,분식,T6 기계변형,q_분식_17,분식추천,음식점 중 '분식'을 판매·제공하는 매장,0012a3b4-64a1-440c-a76e-f2be12a2f086,튀김집,분식,두암시장주변 골목형상점가,골목형상점가,광주광역시,3.0,3.0,,,RESOLVED_AGREEMENT,False,3,,,,
f8844f270d385ec4a939,test,분식,T6 기계변형,q_분식_17,분식추천,음식점 중 '분식'을 판매·제공하는 매장,71265d57-64bd-4f82-a4e9-0c3badc9f6a0,금강세차장,세차,두암2동광신맨션주변 골목형상점가,골목형상점가,광주광역시,0.0,0.0,,,RESOLVED_AGREEMENT,False,0,,,,
01f71f1457cafbda01a0,test,분식,T6 기계변형,q_분식_17,분식추천,음식점 중 '분식'을 판매·제공하는 매장,926f80c7-515f-4f04-ba57-243fc346ba6a,오킴밥,분식,인왕시장,전통시장,서울특별시,3.0,3.0,,,RESOLVED_AGREEMENT,False,3,,,,
0965c4ded15f3a230fce,test,분식,T6 기계변형,q_분식_17,분식추천,음식점 중 '분식'을 판매·제공하는 매장,d57d5981-2bd3-439b-b3a8-6b5b4994204f,이분식,분식,무주반딧불상권활성화구역,상권활성화구역,전북특별자치도,3.0,3.0,,,RESOLVED_AGREEMENT,False,3,,,,
39feeab8b6164def70f6,test,분식,T6 기계변형,q_분식_17,분식추천,음식점 중 '분식'을 판매·제공하는 매장,0075dacf-3e3f-47b8-a4af-d3a2ff866348,북툰커피앤카페,찐빵 만두 커피,신창진흥 골목형상점가,골목형상점가,광주광역시,3.0,3.0,,,RESOLVED_AGREEMENT,False,3,,,,
d9c2e8b219b99e8aa3f4,test,분식,T6 기계변형,q_분식_17,분식추천,음식점 중 '분식'을 판매·제공하는 매장,0011cf6d-567e-4c3b-b113-363daa11212a,김밥먹고 닭꼬치,,배방상점가,자율상권구역,충청남도,3.0,3.0,,,RESOLVED_AGREEMENT,False,3,,,,
9fb0e474377732c68186,test,분식,T6 기계변형,q_분식_17,분식추천,음식점 중 '분식'을 판매·제공하는 매장,001cb3d4-5441-4963-b517-d5b3904ee312,현창떡집,떡집,목포동부시장,전통시장,전라남도,1.0,0.0,,,P2_GRADED_ONLY,True,,,,,
be76a0bc0bc8c81702c0,test,분식,T6 기계변형,q_분식_17,분식추천,음식점 중 '분식'을 판매·제공하는 매장,fe3d5003-aa6a-427b-84bc-fe1dcd103df1,두잎김밥,분식,능동상가,자율상권구역,경기도,3.0,3.0,,,RESOLVED_AGREEMENT,False,3,,,,
05a534d38aa1b33e4a3f,test,분식,T6 기계변형,q_분식_17,분식추천,음식점 중 '분식'을 판매·제공하는 매장,04c41036-dbe4-4ce1-b514-707473b7ebb3,분식박사,분식,무거현대시장,골목형상점가,울산광역시,3.0,3.0,,,RESOLVED_AGREEMENT,False,3,,,,
a947dc8f84f2e863c1f4,test,분식,T6 기계변형,q_분식_17,분식추천,음식점 중 '분식'을 판매·제공하는 매장,c91c5e2b-c8db-4e19-9823-4a2b01c7f858,불티나 분식,분식,덕풍전통시장,전통시장,경기도,3.0,3.0,,,RESOLVED_AGREEMENT,False,3,,,,
66e5bb75fa0aeaf80072,test,분식,T6 기계변형,q_분식_17,분식추천,음식점 중 '분식'을 판매·제공하는 매장,13d4434f-e7e2-4186-b57e-6c65fb16e6bc,떡뽀이,분식,적성전통시장,전통시장,경기도,3.0,3.0,,,RESOLVED_AGREEMENT,False,3,,,,
4039e3e2cf104c0be9a4,test,분식,T6 기계변형,q_분식_17,분식추천,음식점 중 '분식'을 판매·제공하는 매장,f8d03d5c-a44f-43e8-b2e6-60e261a78cd2,"오늘도, 분식",분식,새미래 골목형상점가,골목형상점가,대전광역시,3.0,3.0,,,RESOLVED_AGREEMENT,False,3,,,,
b2b713cd0ee48955e8b7,test,분식,T6 기계변형,q_분식_17,분식추천,음식점 중 '분식'을 판매·제공하는 매장,2d540484-08bb-412a-b46a-8e6d2d079ce8,필분식,분식,월배신시장,전통시장,대구광역시,3.0,3.0,,,RESOLVED_AGREEMENT,False,3,,,,
a2d7a16bd9183bd8c7b0,test,분식,T6 기계변형,q_분식_17,분식추천,음식점 중 '분식'을 판매·제공하는 매장,e11eace1-6911-472b-8996-1969b0d04a5f,분식점빵,"분식, 빵",언양알프스시장,전통시장,울산광역시,3.0,3.0,,,RESOLVED_AGREEMENT,False,3,,,,
fd1ef48816a3d3bc808c,test,분식,T6 기계변형,q_분식_17,분식추천,음식점 중 '분식'을 판매·제공하는 매장,485426e8-088f-48be-bf74-c13649ce3265,뉴지헤어,미용실,원신흥어울림길 골목형상점가,골목형상점가,대전광역시,0.0,0.0,,,RESOLVED_AGREEMENT,False,0,,,,
b25e4ad5ba037237007c,test,분식,T6 기계변형,q_분식_17,분식추천,음식점 중 '분식'을 판매·제공하는 매장,3c01a915-f385-4618-b86f-3d5de8f3b56f,분식킹,분식치킨,성덕중사거리,골목형상점가,광주광역시,3.0,3.0,,,RESOLVED_AGREEMENT,False,3,,,,
608d2e0fa25639a871c8,test,분식,T6 기계변형,q_분식_17,분식추천,음식점 중 '분식'을 판매·제공하는 매장,65c06f56-f1ac-4edf-8762-17cefd430713,학!땡분식,분식,양지중앙 골목형상점가,골목형상점가,경기도,3.0,3.0,,,RESOLVED_AGREEMENT,False,3,,,,
f0d614267f0c2647b200,test,분식,T6 기계변형,q_분식_17,분식추천,음식점 중 '분식'을 판매·제공하는 매장,ee140e33-12a8-45ca-a6c9-507ee89f1e36,분식집,,남평읍1로 골목형상점가,골목형상점가,,3.0,3.0,,,RESOLVED_AGREEMENT,False,3,,,,
3061e384c0e67357ee1a,test,분식,T6 기계변형,q_분식_17,분식추천,음식점 중 '분식'을 판매·제공하는 매장,ce619091-0b24-4b4e-b648-3fc0764c885e,일곱가지 분식,분식,동구시장,전통시장,대구광역시,3.0,3.0,,,RESOLVED_AGREEMENT,False,3,,,,
7063eb9c7469df5bfe99,test,분식,T6 기계변형,q_분식_17,분식추천,음식점 중 '분식'을 판매·제공하는 매장,04c905ba-3172-4ea4-a6dd-4345d674dea0,덕순이네,제조업(떡집),장터길 골목형상점가,골목형상점가,경기도,1.0,0.0,,,P2_GRADED_ONLY,True,,,,,
3eabd6257e1238342291,test,분식,T6 기계변형,q_분식_17,분식추천,음식점 중 '분식'을 판매·제공하는 매장,2298b07d-56a1-42e1-93b1-c3d3a39ce518,정분식,분식,정훈한마음골목시장,골목형상점가,서울특별시,3.0,3.0,,,RESOLVED_AGREEMENT,False,3,,,,
7c183e27358fb0a306bf,test,분식,T6 기계변형,q_분식_17,분식추천,음식점 중 '분식'을 판매·제공하는 매장,c194efd0-876d-4093-bf9e-845239178c1e,동궁찜닭,,동천세븐로데오 골목형상점가,골목형상점가,대구광역시,0.0,0.0,,,RESOLVED_AGREEMENT,False,0,,,,
9a5faeb8e662fab09dd6,test,분식,T6 기계변형,q_분식_17,분식추천,음식점 중 '분식'을 판매·제공하는 매장,04b03558-95d1-4a0e-a9e2-9a9e72bdadb2,배가찐왕만두,만두,문흥2동 골목형상점가,골목형상점가,광주광역시,3.0,3.0,,,RESOLVED_AGREEMENT,False,3,,,,
8537838c0377f0bc5a66,test,분식,T6 기계변형,q_분식_17,분식추천,음식점 중 '분식'을 판매·제공하는 매장,9882fd1e-b920-4a4f-b009-c351d616c8e8,으뜸분식,분식,돌고래시장(돌고래종합상가),전통시장,경기도,3.0,3.0,,,RESOLVED_AGREEMENT,False,3,,,,
d2a48e468e1ce8cf0e4a,test,분식,T6 기계변형,q_분식_17,분식추천,음식점 중 '분식'을 판매·제공하는 매장,cf6335ca-0afa-4f47-8aa2-d00a1546f83e,오늘도 분식,분식,갑천호수 골목형상점가,골목형상점가,대전광역시,3.0,3.0,,,RESOLVED_AGREEMENT,False,3,,,,
d1d29e28e62f4eaf0b6a,test,분식,T6 기계변형,q_분식_17,분식추천,음식점 중 '분식'을 판매·제공하는 매장,2b1fa51c-ff67-405e-877f-e604db207178,분식나라,분식,담양중앙 골목형상점가,골목형상점가,전라남도,3.0,3.0,,,RESOLVED_AGREEMENT,False,3,,,,
39ab3585aa88b66b622f,test,분식,T6 기계변형,q_분식_17,분식추천,음식점 중 '분식'을 판매·제공하는 매장,3d7b4738-1f19-4bae-b1f7-a9f4d45136b3,짱,분식,원주자유시장,전통시장,강원특별자치도,3.0,3.0,,,RESOLVED_AGREEMENT,False,3,,,,
0145d4eb617ecaee21fc,test,분식,T6 기계변형,q_분식_17,분식추천,음식점 중 '분식'을 판매·제공하는 매장,008594db-d86c-4014-bf5c-16f6cd40402d,와글와글봄소풍,김밥,다사역 골목형상점가,골목형상점가,대구광역시,3.0,3.0,,,RESOLVED_AGREEMENT,False,3,,,,
26aac9db61e87c688f93,test,분식,T6 기계변형,q_분식_17,분식추천,음식점 중 '분식'을 판매·제공하는 매장,1530eb35-e814-4a44-b92a-331fdc85dbd6,분식나라,분식,인천산업유통센터,전통시장,인천광역시,3.0,3.0,,,RESOLVED_AGREEMENT,False,3,,,,
434a3275e1baec2e6f63,test,분식,T6 기계변형,q_분식_17,분식추천,음식점 중 '분식'을 판매·제공하는 매장,69f20b3a-cf74-41ac-be36-9c519eb1470c,오늘도 분식,분식,전농배봉산맛집거리골목형상점가,골목형상점가,서울특별시,3.0,3.0,,,RESOLVED_AGREEMENT,False,3,,,,
9f98fb577ea3dc3f958e,test,분식,T6 기계변형,q_분식_17,분식추천,음식점 중 '분식'을 판매·제공하는 매장,75a60a94-d2be-44cf-b81b-502d93d4aede,팡이네 분식,분식,쌍리단길상점가,자율상권구역,서울특별시,3.0,3.0,,,RESOLVED_AGREEMENT,False,3,,,,
4c7217a0c6b01b7dcaad,test,분식,T6 기계변형,q_분식_17,분식추천,음식점 중 '분식'을 판매·제공하는 매장,7c6683f5-862a-4d78-86fd-0543bf8e4450,김분식,분식,장천동상가,자율상권구역,전라남도,3.0,3.0,,,RESOLVED_AGREEMENT,False,3,,,,
8db512909e3df18cd511,test,분식,T6 기계변형,q_분식_17,분식추천,음식점 중 '분식'을 판매·제공하는 매장,db89eba8-a255-4559-8cd7-57ffeb2af883,떡산,분식,연서시장,전통시장,서울특별시,3.0,3.0,,,RESOLVED_AGREEMENT,False,3,,,,
1a5f1220dab82c63889f,test,분식,T6 기계변형,q_분식_17,분식추천,음식점 중 '분식'을 판매·제공하는 매장,6b9a2b26-9295-498c-991e-47c3b403385b,짱맛분식,분식,태화시장,전통시장,울산광역시,3.0,3.0,,,RESOLVED_AGREEMENT,False,3,,,,
46c1c4dfe3ada549e829,test,분식,T6 기계변형,q_분식_17,분식추천,음식점 중 '분식'을 판매·제공하는 매장,2d1ed82e-2df0-4410-8510-ccd89594ab49,분식나라,분식,삼호읍 중앙 골목형상점가,골목형상점가,전라남도,3.0,3.0,,,RESOLVED_AGREEMENT,False,3,,,,
1150d10bfe224b87604f,test,분식,T6 기계변형,q_분식_17,분식추천,음식점 중 '분식'을 판매·제공하는 매장,015915e3-2542-4245-b627-0c775b4c5501,한내떡집,,거제 고현시장,전통시장,경상남도,1.0,0.0,,,P2_GRADED_ONLY,True,,,,,
41934a72dcbc5aa0d6a2,test,분식,T6 기계변형,q_분식_17,분식추천,음식점 중 '분식'을 판매·제공하는 매장,0ab4b1bd-93f1-4d46-b012-abfc9b1328dc,브라운토스트,"토스트, 음료",구즉 골목형상점가,골목형상점가,대전광역시,3.0,0.0,,,P1_BINARY_THRESHOLD,True,,,,,
971bc63dd4d03533637f,test,분식,T6 기계변형,q_분식_17,분식추천,음식점 중 '분식'을 판매·제공하는 매장,8db74731-a1d9-4d29-b963-fe088df271f9,콩,분식,천상천 골목형상점가,골목형상점가,울산광역시,3.0,3.0,,,RESOLVED_AGREEMENT,False,3,,,,
22e84dafaccb423e7f5e,test,분식,T6 기계변형,q_분식_17,분식추천,음식점 중 '분식'을 판매·제공하는 매장,39b92297-99c8-441e-8c20-2723ee9621c7,맘분식,분식,미소상인회 골목형상점가,골목형상점가,서울특별시,3.0,3.0,,,RESOLVED_AGREEMENT,False,3,,,,
09a51722bfb64715af9f,test,분식,T6 기계변형,q_분식_17,분식추천,음식점 중 '분식'을 판매·제공하는 매장,00ec6d6a-b0c1-4662-b17f-9c9f059a4bcd,백암서울순대국,순대국,강서구청먹자골목골목형상점가,골목형상점가,서울특별시,3.0,3.0,,,RESOLVED_AGREEMENT,False,3,,,,
9bd1eec0688c4e4a6978,test,분식,T6 기계변형,q_분식_17,분식추천,음식점 중 '분식'을 판매·제공하는 매장,2411013e-73bf-4cf8-b65a-3b8512d1a255,또바기 분식,분식,국수거리 골목형상점가,골목형상점가,전라남도,3.0,3.0,,,RESOLVED_AGREEMENT,False,3,,,,
c2e28debbee228e8ab3a,test,분식,T6 기계변형,q_분식_17,분식추천,음식점 중 '분식'을 판매·제공하는 매장,7839058c-d714-41e9-b7e6-ede167bde59e,삭,분식,"이화여대 3,5,7 상점가",자율상권구역,서울특별시,3.0,3.0,,,RESOLVED_AGREEMENT,False,3,,,,
67b415f9811d7db7602a,test,분식,T6 기계변형,q_분식_17,분식추천,음식점 중 '분식'을 판매·제공하는 매장,4feeee14-bdf6-4a37-9268-d8a119c3e182,찐떡,분식,남성역 골목시장,전통시장,서울특별시,3.0,3.0,,,RESOLVED_AGREEMENT,False,3,,,,
33142c011c9e20c8b26c,test,분식,T6 기계변형,q_분식_17,분식추천,음식점 중 '분식'을 판매·제공하는 매장,60226811-ef9d-481d-91ff-e75d998d0ea1,심향,분식,충주관아골상가,전통시장,충청북도,3.0,3.0,,,RESOLVED_AGREEMENT,False,3,,,,
5c024a3b8ab5c487ab4f,test,분식,T6 기계변형,q_분식_17,분식추천,음식점 중 '분식'을 판매·제공하는 매장,4a9bdc99-5b4d-4cc4-a7fa-a2bd888b3917,분식마을,분식,배방공수 골목형상점가,골목형상점가,충청남도,3.0,3.0,,,RESOLVED_AGREEMENT,False,3,,,,
bf3cfc9706aea6e6a258,test,분식,T6 기계변형,q_분식_17,분식추천,음식점 중 '분식'을 판매·제공하는 매장,7c868081-65db-4620-8975-474a6a28db74,분식은내운명,분식,명지국제 골목형상점가,골목형상점가,부산광역시,3.0,3.0,,,RESOLVED_AGREEMENT,False,3,,,,
1d116a9a14056d10ee73,test,분식,T6 기계변형,q_분식_17,분식추천,음식점 중 '분식'을 판매·제공하는 매장,0e9f0ef6-5316-46a8-a066-f4bbb1e4e762,감내분식,분식,감천문화마을 골목형상점가,골목형상점가,부산광역시,3.0,3.0,,,RESOLVED_AGREEMENT,False,3,,,,
901ff93e8133cb5b88f1,test,분식,T6 기계변형,q_분식_17,분식추천,음식점 중 '분식'을 판매·제공하는 매장,a70ae85b-0454-462c-8db3-bbd7766afdee,다닐목,분식,대산종합시장,전통시장,충청남도,3.0,3.0,,,RESOLVED_AGREEMENT,False,3,,,,
5937172ca3b63eb4a8a1,test,분식,T6 기계변형,q_분식_17,분식추천,음식점 중 '분식'을 판매·제공하는 매장,4dcfbd81-8e8d-426f-b39e-74e1995c3393,끈적국수,분식,월곡1동 골목형상점가,골목형상점가,광주광역시,3.0,3.0,,,RESOLVED_AGREEMENT,False,3,,,,
2304c746161255ee9d8e,test,분식,T6 기계변형,q_분식_18,분싣,음식점 중 '분식'을 판매·제공하는 매장,011400a1-5326-46ef-9e42-af0d9fb8e774,피자스쿨 수원영통점,피자,롯데프라자 골목형상점가,골목형상점가,경기도,0.0,0.0,,,RESOLVED_AGREEMENT,False,0,,,,
7a7dabca8e68e8f11d0d,test,분식,T6 기계변형,q_분식_18,분싣,음식점 중 '분식'을 판매·제공하는 매장,66949b22-611d-4650-b074-e5d9cf6c5b24,메이지,분싣,진주 로데오거리상점가,자율상권구역,경상남도,0.0,0.0,,,RESOLVED_AGREEMENT,False,0,,,,
affe669c167c927c2df8,test,분식,T6 기계변형,q_분식_18,분싣,음식점 중 '분식'을 판매·제공하는 매장,552aa314-9009-4239-91ed-4448345e7b32,땡길때면,분식,엄사 골목형상점가,골목형상점가,충청남도,3.0,3.0,,,RESOLVED_AGREEMENT,False,3,,,,
72dfe5ce239d0ba71c10,test,분식,T6 기계변형,q_분식_18,분싣,음식점 중 '분식'을 판매·제공하는 매장,9b205f11-b0df-4772-82b7-ba642d138d6f,역전 할머니 맥주 천상점,음싣,천상천 골목형상점가,골목형상점가,울산광역시,0.0,0.0,,,RESOLVED_AGREEMENT,False,0,,,,
ad9c300ba20098517ff6,test,분식,T6 기계변형,q_분식_18,분싣,음식점 중 '분식'을 판매·제공하는 매장,0910caae-ad67-4ef3-934e-fff4c6059206,참토스트 대전학하점,토스트,계산동 골목형상점가,골목형상점가,대전광역시,3.0,0.0,,,P1_BINARY_THRESHOLD,True,,,,,
513e861e1723f28a307f,test,분식,T6 기계변형,q_분식_18,분싣,음식점 중 '분식'을 판매·제공하는 매장,005313c8-dce8-49b6-9841-9143ebb1305a,동원떡집,,박달시장,전통시장,경기도,1.0,0.0,,,P2_GRADED_ONLY,True,,,,,
bcb8cb0f81d9cf6a1577,test,분식,T6 기계변형,q_분식_18,분싣,음식점 중 '분식'을 판매·제공하는 매장,5b28f734-a672-4dc0-8a09-d1651459439c,밀터김밥,분식,남현동예술인마을골목형상점가,골목형상점가,서울특별시,3.0,3.0,,,RESOLVED_AGREEMENT,False,3,,,,
d1e8ee023d6bfe8c05f7,test,분식,T6 기계변형,q_분식_18,분싣,음식점 중 '분식'을 판매·제공하는 매장,02f03161-3a15-416f-bdd6-8ad5bd17781d,시골참순대,,관저동 먹자골목 골목형상점가,골목형상점가,대전광역시,3.0,3.0,,,RESOLVED_AGREEMENT,False,3,,,,
0d238118d91caa7ab19b,test,분식,T6 기계변형,q_분식_18,분싣,음식점 중 '분식'을 판매·제공하는 매장,2411013e-73bf-4cf8-b65a-3b8512d1a255,또바기 분식,분식,국수거리 골목형상점가,골목형상점가,전라남도,3.0,3.0,,,RESOLVED_AGREEMENT,False,3,,,,
06e9bb82d125406fa1a9,test,분식,T6 기계변형,q_분식_18,분싣,음식점 중 '분식'을 판매·제공하는 매장,0c1fea45-e416-4616-8cad-2379b68394fe,상무철물,철물점,쌍촌로상인회 골목형상점가,골목형상점가,광주광역시,0.0,0.0,,,RESOLVED_AGREEMENT,False,0,,,,
6a97a8cbafddf7c2b640,test,분식,T6 기계변형,q_분식_18,분싣,음식점 중 '분식'을 판매·제공하는 매장,db89eba8-a255-4559-8cd7-57ffeb2af883,떡산,분식,연서시장,전통시장,서울특별시,3.0,3.0,,,RESOLVED_AGREEMENT,False,3,,,,
eed36ca247b00be195eb,test,분식,T6 기계변형,q_분식_18,분싣,음식점 중 '분식'을 판매·제공하는 매장,1d0cd062-96df-4398-8d95-8fc74a9eac0b,떽때기,분식,문창시장,전통시장,대전광역시,3.0,3.0,,,RESOLVED_AGREEMENT,False,3,,,,
9cfbd817c47badb38f12,test,분식,T6 기계변형,q_분식_18,분싣,음식점 중 '분식'을 판매·제공하는 매장,dc2ee35d-c05a-4e9d-8bb3-fd25612b600b,분나테투,커피,진주 중앙지하도상가,일반지하상점가,경상남도,0.0,0.0,,,RESOLVED_AGREEMENT,False,0,,,,
6e626b732618ff170219,test,분식,T6 기계변형,q_분식_18,분싣,음식점 중 '분식'을 판매·제공하는 매장,fab70339-2441-4a57-8316-e4546c732690,봄김밥,분식,나성동 골목형상점가,골목형상점가,세종특별자치시,3.0,3.0,,,RESOLVED_AGREEMENT,False,3,,,,
214e89bb78f8e651accb,test,분식,T6 기계변형,q_분식_18,분싣,음식점 중 '분식'을 판매·제공하는 매장,22a939a5-dd57-476c-acd5-4c40c7b522a6,어닝바,분식,중랑동부시장,전통시장,서울특별시,3.0,3.0,,,RESOLVED_AGREEMENT,False,3,,,,
c0cf5a92d5e8b3a40f15,test,분식,T6 기계변형,q_분식_18,분싣,음식점 중 '분식'을 판매·제공하는 매장,017c71f5-48d0-4cce-a370-a84d34d36658,무봉리토종순대국파주운정점,,산내마을 골목형상점가,골목형상점가,경기도,3.0,3.0,,,RESOLVED_AGREEMENT,False,3,,,,
bbe8466ce1cc3a8961fe,test,분식,T6 기계변형,q_분식_18,분싣,음식점 중 '분식'을 판매·제공하는 매장,926f80c7-515f-4f04-ba57-243fc346ba6a,오킴밥,분식,인왕시장,전통시장,서울특별시,3.0,3.0,,,RESOLVED_AGREEMENT,False,3,,,,
3d6697cf5786535f6ce7,test,분식,T6 기계변형,q_분식_18,분싣,음식점 중 '분식'을 판매·제공하는 매장,0011cf6d-567e-4c3b-b113-363daa11212a,김밥먹고 닭꼬치,,배방상점가,자율상권구역,충청남도,3.0,3.0,,,RESOLVED_AGREEMENT,False,3,,,,
cd0723abd5379db29279,test,분식,T6 기계변형,q_분식_18,분싣,음식점 중 '분식'을 판매·제공하는 매장,ae27f1d5-4791-43a7-b4d7-104dfcf5a5ed,분식하우스,분식,오정시장,전통시장,경기도,3.0,3.0,,,RESOLVED_AGREEMENT,False,3,,,,
67e91a8e1d8c6f8d1deb,test,분식,T6 기계변형,q_분식_18,분싣,음식점 중 '분식'을 판매·제공하는 매장,2d1ed82e-2df0-4410-8510-ccd89594ab49,분식나라,분식,삼호읍 중앙 골목형상점가,골목형상점가,전라남도,3.0,3.0,,,RESOLVED_AGREEMENT,False,3,,,,
2d3eb2f78b4b2d5b9d6d,test,분식,T6 기계변형,q_분식_18,분싣,음식점 중 '분식'을 판매·제공하는 매장,7a950a58-9f0f-49a6-8b77-73deeff0eb84,꾼떡,분식,신가동 골목형상점가,골목형상점가,광주광역시,3.0,3.0,,,RESOLVED_AGREEMENT,False,3,,,,
458d27f375382c90ab2d,test,분식,T6 기계변형,q_분식_18,분싣,음식점 중 '분식'을 판매·제공하는 매장,0239c4e7-2ae3-4f29-8952-19c6d9d1d9a9,세번째집,순대국밥,성환이화시장,전통시장,충청남도,3.0,3.0,,,RESOLVED_AGREEMENT,False,3,,,,
02a85dd54bef25c6b165,test,분식,T6 기계변형,q_분식_18,분싣,음식점 중 '분식'을 판매·제공하는 매장,26fcf63b-90e7-4f18-aab1-436d3896658b,시네마,한싣,서원동상점가,자율상권구역,서울특별시,0.0,0.0,,,RESOLVED_AGREEMENT,False,0,,,,
68517194cd684d8c134b,test,분식,T6 기계변형,q_분식_18,분싣,음식점 중 '분식'을 판매·제공하는 매장,5abd2cc6-ab5d-4787-84fa-12ddb2fe95d5,예가,한싣,화정한울타리상인회 골목형상점가,골목형상점가,광주광역시,0.0,0.0,,,RESOLVED_AGREEMENT,False,0,,,,
44b5bc3f16e30bff779f,test,분식,T6 기계변형,q_분식_18,분싣,음식점 중 '분식'을 판매·제공하는 매장,001cb3d4-5441-4963-b517-d5b3904ee312,현창떡집,떡집,목포동부시장,전통시장,전라남도,1.0,0.0,,,P2_GRADED_ONLY,True,,,,,
885b78fe35c36678d3cf,test,분식,T6 기계변형,q_분식_18,분싣,음식점 중 '분식'을 판매·제공하는 매장,7c868081-65db-4620-8975-474a6a28db74,분식은내운명,분식,명지국제 골목형상점가,골목형상점가,부산광역시,3.0,3.0,,,RESOLVED_AGREEMENT,False,3,,,,
f3164fc6a80afd4827ca,test,분식,T6 기계변형,q_분식_18,분싣,음식점 중 '분식'을 판매·제공하는 매장,08263ee2-3ea0-47e2-b639-ff6944f09a81,춘향이네 분식,분식,남원공설시장,전통시장,전북특별자치도,3.0,3.0,,,RESOLVED_AGREEMENT,False,3,,,,
bee5d77324f59d2918e3,test,분식,T6 기계변형,q_분식_18,분싣,음식점 중 '분식'을 판매·제공하는 매장,531de7e0-5f57-42af-b714-4ddfed00a10a,해피포토,사진,남포지하도상가,일반지하상점가,부산광역시,0.0,0.0,,,RESOLVED_AGREEMENT,False,0,,,,
420e27c5328a582c1537,test,분식,T6 기계변형,q_분식_18,분싣,음식점 중 '분식'을 판매·제공하는 매장,a3305d17-57d9-48f2-b4fc-f69b7c4c85f9,미미네 분식,분식,진천혁신골목형상점가,골목형상점가,충청북도,3.0,3.0,,,RESOLVED_AGREEMENT,False,3,,,,
dd0d17fe96f09ea1d98d,test,분식,T6 기계변형,q_분식_18,분싣,음식점 중 '분식'을 판매·제공하는 매장,f8d03d5c-a44f-43e8-b2e6-60e261a78cd2,"오늘도, 분식",분식,새미래 골목형상점가,골목형상점가,대전광역시,3.0,3.0,,,RESOLVED_AGREEMENT,False,3,,,,
4c9568a5862f208e32df,test,분식,T6 기계변형,q_분식_18,분싣,음식점 중 '분식'을 판매·제공하는 매장,a8b9ef14-bdd0-4b00-a948-1ca1b9faa612,모일맨,분식,도군머리 골목형상점가,골목형상점가,광주광역시,3.0,3.0,,,RESOLVED_AGREEMENT,False,3,,,,
0ff717cb21091f5c55f7,test,분식,T6 기계변형,q_분식_18,분싣,음식점 중 '분식'을 판매·제공하는 매장,dc303945-91d5-43cd-b49e-7d1d86258f18,한닢김밥,분식,이충 중심상가,골목형상점가,경기도,3.0,3.0,,,RESOLVED_AGREEMENT,False,3,,,,
901d63dbc7cadac175fe,test,분식,T6 기계변형,q_분식_18,분싣,음식점 중 '분식'을 판매·제공하는 매장,544e65f2-aa64-4630-8cea-b0a22ad8d77f,분,,전주한옥마을 골목형상점가,골목형상점가,전북특별자치도,,0.0,Y,,P0_UNCERTAIN_OR_MISSING,True,,,,,
f45acbf9c5efe71ed99d,test,분식,T6 기계변형,q_분식_18,분싣,음식점 중 '분식'을 판매·제공하는 매장,0555a982-9411-4a65-9629-e51f7fa1b5c0,소영이네 분식,분식,증산종합시장,전통시장,서울특별시,3.0,3.0,,,RESOLVED_AGREEMENT,False,3,,,,
dcaff7fb3873e2187439,test,분식,T6 기계변형,q_분식_18,분싣,음식점 중 '분식'을 판매·제공하는 매장,0075dacf-3e3f-47b8-a4af-d3a2ff866348,북툰커피앤카페,찐빵 만두 커피,신창진흥 골목형상점가,골목형상점가,광주광역시,3.0,3.0,,,RESOLVED_AGREEMENT,False,3,,,,
ed69b06f50782e3c1a1a,test,분식,T6 기계변형,q_분식_18,분싣,음식점 중 '분식'을 판매·제공하는 매장,de2cdf93-937c-4615-ab37-474c9e033e9f,까동,분식,전남대 상대 골목형상점가,골목형상점가,광주광역시,3.0,3.0,,,RESOLVED_AGREEMENT,False,3,,,,
114ccac59a06ae14ec27,test,분식,T6 기계변형,q_분식_18,분싣,음식점 중 '분식'을 판매·제공하는 매장,52bae579-263d-479e-a46d-2ec326936756,핫떡,분식,방학동도깨비시장,전통시장,서울특별시,3.0,3.0,,,RESOLVED_AGREEMENT,False,3,,,,
4a461e55c8bdf50fa1e2,test,분식,T6 기계변형,q_분식_18,분싣,음식점 중 '분식'을 판매·제공하는 매장,00783b5c-54fd-42fc-8bcf-1ea7fce865d5,쫀득분식,분식,임방울거리3구역 골목형상점가,골목형상점가,광주광역시,3.0,3.0,,,RESOLVED_AGREEMENT,False,3,,,,
6ed22ba94f22554a4419,test,분식,T6 기계변형,q_분식_18,분싣,음식점 중 '분식'을 판매·제공하는 매장,cf6335ca-0afa-4f47-8aa2-d00a1546f83e,오늘도 분식,분식,갑천호수 골목형상점가,골목형상점가,대전광역시,3.0,3.0,,,RESOLVED_AGREEMENT,False,3,,,,
12c7c091c3c78b5b8058,test,분식,T6 기계변형,q_분식_18,분싣,음식점 중 '분식'을 판매·제공하는 매장,4dcfbd81-8e8d-426f-b39e-74e1995c3393,끈적국수,분식,월곡1동 골목형상점가,골목형상점가,광주광역시,3.0,3.0,,,RESOLVED_AGREEMENT,False,3,,,,
52b2b35e7caf1be1c15d,test,분식,T6 기계변형,q_분식_18,분싣,음식점 중 '분식'을 판매·제공하는 매장,0018c143-a8bd-4461-a8ae-ee348edfad7a,김가네의정부중앙역점,김밥 분식 식사등,의정부시 구도심 상권활성화구역,상권활성화구역,경기도,3.0,3.0,,,RESOLVED_AGREEMENT,False,3,,,,
7e5f7b7fa2735b24d1e6,test,분식,T6 기계변형,q_분식_18,분싣,음식점 중 '분식'을 판매·제공하는 매장,9448af81-d366-4a52-a1c3-e03df2d14c77,분식나라,분식,울산번개시장,전통시장,울산광역시,3.0,3.0,,,RESOLVED_AGREEMENT,False,3,,,,
df8685c6a7799a9fb6ba,test,분식,T6 기계변형,q_분식_18,분싣,음식점 중 '분식'을 판매·제공하는 매장,015915e3-2542-4245-b627-0c775b4c5501,한내떡집,,거제 고현시장,전통시장,경상남도,1.0,0.0,,,P2_GRADED_ONLY,True,,,,,
215d2216edafa6df47cd,test,분식,T6 기계변형,q_분식_18,분싣,음식점 중 '분식'을 판매·제공하는 매장,a70ae85b-0454-462c-8db3-bbd7766afdee,다닐목,분식,대산종합시장,전통시장,충청남도,3.0,3.0,,,RESOLVED_AGREEMENT,False,3,,,,
3206d6c2e8755263f4db,test,분식,T6 기계변형,q_분식_18,분싣,음식점 중 '분식'을 판매·제공하는 매장,89af175c-3bc0-421f-b02b-5d955a288a40,대가시장활어,활어,거제 고현시장,전통시장,경상남도,0.0,0.0,,,RESOLVED_AGREEMENT,False,0,,,,
96b2bb7a6fa8aaf620d6,test,분식,T6 기계변형,q_분식_18,분싣,음식점 중 '분식'을 판매·제공하는 매장,04c905ba-3172-4ea4-a6dd-4345d674dea0,덕순이네,제조업(떡집),장터길 골목형상점가,골목형상점가,경기도,1.0,0.0,,,P2_GRADED_ONLY,True,,,,,
96215c5bade79e08b27d,test,분식,T6 기계변형,q_분식_18,분싣,음식점 중 '분식'을 판매·제공하는 매장,cf82f373-6244-4a20-9da1-80008e63b3e9,분식방위대,,소촌골 골목형상점가,골목형상점가,,3.0,3.0,,,RESOLVED_AGREEMENT,False,3,,,,
bb0e69b095cf7914b0b7,test,분식,T6 기계변형,q_분식_18,분싣,음식점 중 '분식'을 판매·제공하는 매장,7a736fc8-7e84-4cd5-a4d7-f9a5a0238d1f,커피허유,분식,해미읍성전통시장,전통시장,충청남도,3.0,3.0,,,RESOLVED_AGREEMENT,False,3,,,,
2a379d183b865770b3df,test,분식,T6 기계변형,q_분식_18,분싣,음식점 중 '분식'을 판매·제공하는 매장,0565399d-19fe-4186-8618-36ed15201618,동막골,한식,동묘시장,자율상권구역,서울특별시,1.0,1.0,,,RESOLVED_AGREEMENT,False,1,,,,
128a235fd89703fd8468,test,분식,T6 기계변형,q_분식_18,분싣,음식점 중 '분식'을 판매·제공하는 매장,52aa21c7-93f0-4310-8077-d8e649c46a94,홍군튀떡,분식,송죽솔대 골목형상점가,골목형상점가,경기도,3.0,3.0,,,RESOLVED_AGREEMENT,False,3,,,,
199df80a34242cb10b85,test,분식,T6 기계변형,q_분식_18,분싣,음식점 중 '분식'을 판매·제공하는 매장,ce619091-0b24-4b4e-b648-3fc0764c885e,일곱가지 분식,분식,동구시장,전통시장,대구광역시,3.0,3.0,,,RESOLVED_AGREEMENT,False,3,,,,
d340312f8666cb03b551,test,분식,T6 기계변형,q_분식_18,분싣,음식점 중 '분식'을 판매·제공하는 매장,00b5a60c-c548-4ac2-8259-9bb788c0fc58,까치김밥,김밥식사류,신림별빛거리골목형상점가,골목형상점가,서울특별시,3.0,3.0,,,RESOLVED_AGREEMENT,False,3,,,,
7d8a8c8e6623cbc9d3d4,test,분식,T6 기계변형,q_분식_18,분싣,음식점 중 '분식'을 판매·제공하는 매장,ee140e33-12a8-45ca-a6c9-507ee89f1e36,분식집,,남평읍1로 골목형상점가,골목형상점가,,3.0,3.0,,,RESOLVED_AGREEMENT,False,3,,,,
1ec5d92b80f016b51d1a,test,분식,T6 기계변형,q_분식_18,분싣,음식점 중 '분식'을 판매·제공하는 매장,00719699-eb0c-4473-bda9-7a16eace345e,봉식이옛날왕만두,만두,삼익 골목형상점가,골목형상점가,서울특별시,3.0,3.0,,,RESOLVED_AGREEMENT,False,3,,,,
4b3176cd9019db22165f,test,분식,T6 기계변형,q_분식_18,분싣,음식점 중 '분식'을 판매·제공하는 매장,faa42f97-f53c-422c-baba-12be7ed2bf90,나들이 분식,분식,반여2동상가시장,전통시장,부산광역시,3.0,3.0,,,RESOLVED_AGREEMENT,False,3,,,,
f9bcd924d9cb29db4bd6,test,분식,T6 기계변형,q_분식_18,분싣,음식점 중 '분식'을 판매·제공하는 매장,04a91b86-3405-4f8d-b0b8-eac86f3907c4,연지동토스트,커피토스트,연지시장,전통시장,부산광역시,3.0,0.0,,,P1_BINARY_THRESHOLD,True,,,,,
4afdaf343a4d82c55e2e,test,분식,T6 기계변형,q_분식_18,분싣,음식점 중 '분식'을 판매·제공하는 매장,045215f0-9db0-4054-8c69-702841941f01,문토스트용호점,카페토스트,용호1동골목시장,전통시장,부산광역시,3.0,0.0,,,P1_BINARY_THRESHOLD,True,,,,,
001bf3503dec826246a6,test,분식,T6 기계변형,q_분식_18,분싣,음식점 중 '분식'을 판매·제공하는 매장,00e30e6c-dde0-49cd-9e3e-95465aa4247e,동해분식,분식,서남신시장,전통시장,대구광역시,3.0,3.0,,,RESOLVED_AGREEMENT,False,3,,,,
e02c342a1cfb630d070a,test,분식,T6 기계변형,q_분식_18,분싣,음식점 중 '분식'을 판매·제공하는 매장,75a60a94-d2be-44cf-b81b-502d93d4aede,팡이네 분식,분식,쌍리단길상점가,자율상권구역,서울특별시,3.0,3.0,,,RESOLVED_AGREEMENT,False,3,,,,
4ad8431acfa0bf371c88,test,분식,T6 기계변형,q_분식_18,분싣,음식점 중 '분식'을 판매·제공하는 매장,60226811-ef9d-481d-91ff-e75d998d0ea1,심향,분식,충주관아골상가,전통시장,충청북도,3.0,3.0,,,RESOLVED_AGREEMENT,False,3,,,,
1278c5f9ff405cb43720,test,분식,T6 기계변형,q_분식_18,분싣,음식점 중 '분식'을 판매·제공하는 매장,01853453-69ac-4f55-9cd8-09e40088ab59,가마솥왕만두,만두,울산번개시장,전통시장,울산광역시,3.0,3.0,,,RESOLVED_AGREEMENT,False,3,,,,
0fca32f6c0c7ec79c585,test,분식,T6 기계변형,q_분식_18,분싣,음식점 중 '분식'을 판매·제공하는 매장,4e65eded-139b-422b-a408-8671c0ba9b6c,대발이 분식,분식,동서시장,전통시장,대구광역시,3.0,3.0,,,RESOLVED_AGREEMENT,False,3,,,,
65f41714b51bda47da3b,test,분식,T6 기계변형,q_분식_18,분싣,음식점 중 '분식'을 판매·제공하는 매장,9d9a0ad5-d00d-4324-b823-ff6e92b0daa2,낙원복떡,,월곡달빛오거리골목형상점가,골목형상점가,서울특별시,0.0,0.0,,,RESOLVED_AGREEMENT,False,0,,,,
25de265322e00ad909f7,test,분식,T6 기계변형,q_분식_18,분싣,음식점 중 '분식'을 판매·제공하는 매장,016f68a3-c16f-467c-af96-22466baf3a6a,쉬즈베이글,토스트,읍내리 원도심 골목형상점가,골목형상점가,전라남도,3.0,0.0,,,P1_BINARY_THRESHOLD,True,,,,,
2c7ed2c937d2b6722f5c,test,분식,T6 기계변형,q_분식_18,분싣,음식점 중 '분식'을 판매·제공하는 매장,94cc17bc-6d07-4e12-b26b-0a3a7d242cc3,도야짬뽕 효천점,중식,효천로 골목형상점가,골목형상점가,광주광역시,0.0,1.0,,,P2_GRADED_ONLY,True,,,,,
81462c96641037498d50,test,분식,T6 기계변형,q_분식_18,분싣,음식점 중 '분식'을 판매·제공하는 매장,fe3d5003-aa6a-427b-84bc-fe1dcd103df1,두잎김밥,분식,능동상가,자율상권구역,경기도,3.0,3.0,,,RESOLVED_AGREEMENT,False,3,,,,
664d3d702d6d1cd1207c,test,분식,T6 기계변형,q_분식_18,분싣,음식점 중 '분식'을 판매·제공하는 매장,2413e383-8da8-4a92-8f66-394b0dcd0e3c,분식점빵,분식,태화시장,전통시장,울산광역시,3.0,3.0,,,RESOLVED_AGREEMENT,False,3,,,,
1909ad668696e2c287a3,test,분식,T6 기계변형,q_분식_18,분싣,음식점 중 '분식'을 판매·제공하는 매장,13d4434f-e7e2-4186-b57e-6c65fb16e6bc,떡뽀이,분식,적성전통시장,전통시장,경기도,3.0,3.0,,,RESOLVED_AGREEMENT,False,3,,,,
92f62b970bba3bc0a81f,test,분식,T6 기계변형,q_분식_18,분싣,음식점 중 '분식'을 판매·제공하는 매장,2b1fa51c-ff67-405e-877f-e604db207178,분식나라,분식,담양중앙 골목형상점가,골목형상점가,전라남도,3.0,3.0,,,RESOLVED_AGREEMENT,False,3,,,,
539aaa97268e8c03af4c,test,분식,T6 기계변형,q_분식_18,분싣,음식점 중 '분식'을 판매·제공하는 매장,04b03558-95d1-4a0e-a9e2-9a9e72bdadb2,배가찐왕만두,만두,문흥2동 골목형상점가,골목형상점가,광주광역시,3.0,3.0,,,RESOLVED_AGREEMENT,False,3,,,,
8c1172a15b0114c79516,test,분식,T6 기계변형,q_분식_18,분싣,음식점 중 '분식'을 판매·제공하는 매장,e5a6f9f5-d811-46fa-8888-8b89aa1c13be,마띠나,분식,익산 다e로움 상권활성화구역,상권활성화구역,전북특별자치도,3.0,3.0,,,RESOLVED_AGREEMENT,False,3,,,,
b5f43438a79de40498b0,test,분식,T6 기계변형,q_분식_18,분싣,음식점 중 '분식'을 판매·제공하는 매장,e9e1526d-84e2-47f8-8a8a-a4b1a196efd9,광판팔뚝김밥,분식,태영타운 골목형상점가,골목형상점가,경기도,3.0,3.0,,,RESOLVED_AGREEMENT,False,3,,,,
2a2b661a11196200293b,test,분식,T6 기계변형,q_분식_18,분싣,음식점 중 '분식'을 판매·제공하는 매장,001bda4f-046f-44c5-b084-8de630ac405a,김밥윤,김밥 등,보람동 골목형상점가,골목형상점가,세종특별자치시,3.0,3.0,,,RESOLVED_AGREEMENT,False,3,,,,
cf941431441ccb0de172,test,분식,T6 기계변형,q_분식_18,분싣,음식점 중 '분식'을 판매·제공하는 매장,c6787d2f-964b-42c0-a487-fa3a8fd2c097,아리수 분식,분식,풍암고앞상인회 골목형상점가,골목형상점가,광주광역시,3.0,3.0,,,RESOLVED_AGREEMENT,False,3,,,,
48c668add3b32546f606,test,분식,T6 기계변형,q_분식_18,분싣,음식점 중 '분식'을 판매·제공하는 매장,00ca89c2-42a8-432d-ba4b-5abd23c18ab0,계란밥,계란밥분식,시청역상가번영회 골목형상점가,골목형상점가,광주광역시,3.0,3.0,,,RESOLVED_AGREEMENT,False,3,,,,
259ca2a2cf7b7003be65,test,분식,T6 기계변형,q_분식_18,분싣,음식점 중 '분식'을 판매·제공하는 매장,61c037b0-4230-4293-a51a-fa00b17f1249,로데오 분식마트,분식,성동용답상가시장,전통시장,서울특별시,3.0,3.0,,,RESOLVED_AGREEMENT,False,3,,,,
15a2479356a9c9731d5a,test,분식,T6 기계변형,q_분식_18,분싣,음식점 중 '분식'을 판매·제공하는 매장,908d20ac-1835-4645-b6a5-692c1535aa3d,별김밥,분식,개봉중앙골목형상점가,골목형상점가,서울특별시,3.0,3.0,,,RESOLVED_AGREEMENT,False,3,,,,
03544caa5d413eb03237,test,분식,T6 기계변형,q_분식_18,분싣,음식점 중 '분식'을 판매·제공하는 매장,4feeee14-bdf6-4a37-9268-d8a119c3e182,찐떡,분식,남성역 골목시장,전통시장,서울특별시,3.0,3.0,,,RESOLVED_AGREEMENT,False,3,,,,
f91c153b3dcb9afd2747,test,분식,T6 기계변형,q_분식_18,분싣,음식점 중 '분식'을 판매·제공하는 매장,08fd525f-a0ac-4e8c-96f9-bc40a4eaf842,분식맘,분식,금호공설시장,전통시장,경상북도,3.0,3.0,,,RESOLVED_AGREEMENT,False,3,,,,
d16b1dc888d9f40b83c9,test,분식,T6 기계변형,q_분식_18,분싣,음식점 중 '분식'을 판매·제공하는 매장,fcd1d180-df17-4597-83fd-7bef737a72e5,토이강정/분식,분식,인수로골목형상점가,골목형상점가,서울특별시,3.0,3.0,,,RESOLVED_AGREEMENT,False,3,,,,
d9d7073c554c1e46f521,test,분식,T6 기계변형,q_분식_18,분싣,음식점 중 '분식'을 판매·제공하는 매장,1530eb35-e814-4a44-b92a-331fdc85dbd6,분식나라,분식,인천산업유통센터,전통시장,인천광역시,3.0,3.0,,,RESOLVED_AGREEMENT,False,3,,,,
7000d97c181c13916566,test,분식,T6 기계변형,q_분식_18,분싣,음식점 중 '분식'을 판매·제공하는 매장,22920764-5c09-41b3-9666-699f4282d313,당진길은수산,생선,당진전통시장,전통시장,충청남도,0.0,0.0,,,RESOLVED_AGREEMENT,False,0,,,,
0eddc12396c0166c8795,test,분식,T6 기계변형,q_분식_18,분싣,음식점 중 '분식'을 판매·제공하는 매장,83824d05-86bf-43c3-bd8f-254f86c8603a,분식친구 월산점,분식,반도유보라더퍼스트상가 골목형상점가,골목형상점가,광주광역시,3.0,3.0,,,RESOLVED_AGREEMENT,False,3,,,,
96da57aee9c18f765d88,test,분식,T6 기계변형,q_분식_18,분싣,음식점 중 '분식'을 판매·제공하는 매장,0ab4b1bd-93f1-4d46-b012-abfc9b1328dc,브라운토스트,"토스트, 음료",구즉 골목형상점가,골목형상점가,대전광역시,3.0,0.0,,,P1_BINARY_THRESHOLD,True,,,,,
d55d431a840fa04a770a,test,분식,T6 기계변형,q_분식_18,분싣,음식점 중 '분식'을 판매·제공하는 매장,c91c5e2b-c8db-4e19-9823-4a2b01c7f858,불티나 분식,분식,덕풍전통시장,전통시장,경기도,3.0,3.0,,,RESOLVED_AGREEMENT,False,3,,,,
f1fe13dfdae8e870e5b4,test,분식,T6 기계변형,q_분식_18,분싣,음식점 중 '분식'을 판매·제공하는 매장,b96a3e14-b352-4936-b6c8-c30169fec54f,동미네 분식집,분식,광탄전통시장,전통시장,경기도,3.0,3.0,,,RESOLVED_AGREEMENT,False,3,,,,
6034f001d707f9626439,test,분식,T6 기계변형,q_분식_18,분싣,음식점 중 '분식'을 판매·제공하는 매장,0031210e-c891-4d74-9298-96a0f6723a26,분신술,한식,안동시옥동 골목형상점가,골목형상점가,경상북도,1.0,1.0,,,RESOLVED_AGREEMENT,False,1,,,,
9d81d29572e7ab83c1b4,test,분식,T6 기계변형,q_분식_18,분싣,음식점 중 '분식'을 판매·제공하는 매장,69f20b3a-cf74-41ac-be36-9c519eb1470c,오늘도 분식,분식,전농배봉산맛집거리골목형상점가,골목형상점가,서울특별시,3.0,3.0,,,RESOLVED_AGREEMENT,False,3,,,,
3350cd014ec471859485,test,분식,T6 기계변형,q_분식_18,분싣,음식점 중 '분식'을 판매·제공하는 매장,024c1f10-1fe0-4be3-8bde-6465f5cd8c43,오늘은 떡볶이,"떡볶이, 튀김, 순대 등",석촌시장,전통시장,서울특별시,3.0,3.0,,,RESOLVED_AGREEMENT,False,3,,,,
a0081f6d1b545058d933,test,분식,T6 기계변형,q_분식_18,분싣,음식점 중 '분식'을 판매·제공하는 매장,00ec6d6a-b0c1-4662-b17f-9c9f059a4bcd,백암서울순대국,순대국,강서구청먹자골목골목형상점가,골목형상점가,서울특별시,3.0,3.0,,,RESOLVED_AGREEMENT,False,3,,,,
a8a97dfbcd40f2e99c16,test,분식,T6 기계변형,q_분식_18,분싣,음식점 중 '분식'을 판매·제공하는 매장,70a427d1-cc28-4741-ad9c-0aabb27054e8,수제뿐식,분식,문창시장,전통시장,대전광역시,3.0,3.0,,,RESOLVED_AGREEMENT,False,3,,,,
96adb4b639f863db1ff6,test,분식,T6 기계변형,q_분식_18,분싣,음식점 중 '분식'을 판매·제공하는 매장,0a891050-80f2-4423-a5a4-fbd505f1e519,이삭토스트 대전테크노밸리점,토스트,테크노밸리 골목형상점가,골목형상점가,대전광역시,3.0,0.0,,,P1_BINARY_THRESHOLD,True,,,,,
7c0947584d5a917522f6,test,분식,T6 기계변형,q_분식_18,분싣,음식점 중 '분식'을 판매·제공하는 매장,00e9517a-1887-4acf-b072-10c7cadf9512,불닭발 땡초 동대문 엽기 떡볶이,분식,유엔남구 대학로 상권,,부산광역시,3.0,3.0,,,RESOLVED_AGREEMENT,False,3,,,,
6cff041e4b210deed0a6,test,분식,T6 기계변형,q_분식_18,분싣,음식점 중 '분식'을 판매·제공하는 매장,93896569-1f05-47ad-ae55-34977c81045b,튀겨볶아,분식,신기시장,전통시장,인천광역시,3.0,3.0,,,RESOLVED_AGREEMENT,False,3,,,,
e0698139e88c48f656e4,test,분식,T6 기계변형,q_분식_18,분싣,음식점 중 '분식'을 판매·제공하는 매장,ddd95d5e-095a-44f8-96d6-fc76ff92c8cd,그때그집,한싣,양산상생하는하서로 골목형상점가,골목형상점가,광주광역시,0.0,0.0,,,RESOLVED_AGREEMENT,False,0,,,,
d9ced25f6fff3c73c108,test,분식,T6 기계변형,q_분식_18,분싣,음식점 중 '분식'을 판매·제공하는 매장,00e34fb5-e7d3-43aa-b574-400ee31abae5,은혜만두,만두,북동 골목형상점가,골목형상점가,광주광역시,3.0,3.0,,,RESOLVED_AGREEMENT,False,3,,,,
586186d2187af4739b74,test,분식,T6 기계변형,q_분식_18,분싣,음식점 중 '분식'을 판매·제공하는 매장,bfbe0599-5d2c-4f07-9790-d6dff987e424,락뽁기,분식,기린전통시장,전통시장,강원특별자치도,3.0,3.0,,,RESOLVED_AGREEMENT,False,3,,,,
cd47dcf650fac0cadf0d,test,분식,T6 기계변형,q_분식_18,분싣,음식점 중 '분식'을 판매·제공하는 매장,0198bbe4-b7a1-41ed-9d61-ee75953551a1,분이네,,분천산타마을 골목형상점가,골목형상점가,경상북도,,0.0,Y,,P0_UNCERTAIN_OR_MISSING,True,,,,,
88a92988a76e74f23386,test,분식,T6 기계변형,q_분식_18,분싣,음식점 중 '분식'을 판매·제공하는 매장,4a9bdc99-5b4d-4cc4-a7fa-a2bd888b3917,분식마을,분식,배방공수 골목형상점가,골목형상점가,충청남도,3.0,3.0,,,RESOLVED_AGREEMENT,False,3,,,,
76e435fbac2f5c685582,test,분식,T6 기계변형,q_분식_18,분싣,음식점 중 '분식'을 판매·제공하는 매장,3dbcfc1a-c288-41f4-8889-e707195917db,붕떡붕떡,분식,거북시장,전통시장,인천광역시,3.0,3.0,,,RESOLVED_AGREEMENT,False,3,,,,
8a3751c91ab0bda8f10f,test,분식,T6 기계변형,q_분식_18,분싣,음식점 중 '분식'을 판매·제공하는 매장,0b8ef6dc-2f6b-4707-bd73-529122d9c97a,하단떡집,떡집,하단오일상설시장,전통시장,부산광역시,1.0,0.0,,,P2_GRADED_ONLY,True,,,,,
01ceedcf8df0a3e05906,test,분식,T6 기계변형,q_분식_18,분싣,음식점 중 '분식'을 판매·제공하는 매장,ec7217e6-b5eb-4cda-a09e-46ab6dbcf77c,홍윤이,분식,양산 덕계종합상설시장,전통시장,경상남도,3.0,3.0,,,RESOLVED_AGREEMENT,False,3,,,,
f3fd9725f91ddd5665c5,test,분식,T6 기계변형,q_분식_18,분싣,음식점 중 '분식'을 판매·제공하는 매장,eb6a6873-dd3c-4c35-a5fd-04f435690e03,신맛과멋순대,분식,목포동부시장,전통시장,전라남도,3.0,3.0,,,RESOLVED_AGREEMENT,False,3,,,,
2f74d0b56af5ddfabb6b,test,분식,T6 기계변형,q_분식_18,분싣,음식점 중 '분식'을 판매·제공하는 매장,00b5a007-bb8d-47db-963d-ccc7e93c25ac,장호덕 손만두 백석점,만두,백석한들1번가 골목형상점가,골목형상점가,충청남도,3.0,3.0,,,RESOLVED_AGREEMENT,False,3,,,,
d01509cb6c0e2de60fb7,test,분식,T6 기계변형,q_분식_18,분싣,음식점 중 '분식'을 판매·제공하는 매장,f13d789e-866a-4579-a22f-67f30594b599,기시맹,분식,어은누리 골목형상점가,골목형상점가,대전광역시,3.0,3.0,,,RESOLVED_AGREEMENT,False,3,,,,
7a9f2e2e789144b649b2,test,분식,T6 기계변형,q_분식_18,분싣,음식점 중 '분식'을 판매·제공하는 매장,04c41036-dbe4-4ce1-b514-707473b7ebb3,분식박사,분식,무거현대시장,골목형상점가,울산광역시,3.0,3.0,,,RESOLVED_AGREEMENT,False,3,,,,
f2c19325bf001204828c,test,분식,T6 기계변형,q_분식_18,분싣,음식점 중 '분식'을 판매·제공하는 매장,e11eace1-6911-472b-8996-1969b0d04a5f,분식점빵,"분식, 빵",언양알프스시장,전통시장,울산광역시,3.0,3.0,,,RESOLVED_AGREEMENT,False,3,,,,
9bc4b82775a25cbf1045,test,분식,T6 기계변형,q_분식_18,분싣,음식점 중 '분식'을 판매·제공하는 매장,055b0501-9678-421c-9b8d-2994754df728,캠토토스트 계룡대실점,토스트,두마면 대실골목형상점가,골목형상점가,충청남도,3.0,0.0,,,P1_BINARY_THRESHOLD,True,,,,,
60480570a36355a7019b,test,분식,T6 기계변형,q_분식_18,분싣,음식점 중 '분식'을 판매·제공하는 매장,7839058c-d714-41e9-b7e6-ede167bde59e,삭,분식,"이화여대 3,5,7 상점가",자율상권구역,서울특별시,3.0,3.0,,,RESOLVED_AGREEMENT,False,3,,,,
08605e48ac0e0529d5e9,test,분식,T6 기계변형,q_분식_18,분싣,음식점 중 '분식'을 판매·제공하는 매장,008594db-d86c-4014-bf5c-16f6cd40402d,와글와글봄소풍,김밥,다사역 골목형상점가,골목형상점가,대구광역시,3.0,3.0,,,RESOLVED_AGREEMENT,False,3,,,,
d3c8b48f7743a45dc0c9,test,분식,T6 기계변형,q_분식_18,분싣,음식점 중 '분식'을 판매·제공하는 매장,3c01a915-f385-4618-b86f-3d5de8f3b56f,분식킹,분식치킨,성덕중사거리,골목형상점가,광주광역시,3.0,3.0,,,RESOLVED_AGREEMENT,False,3,,,,
3110ebb5973be29e820e,test,분식,T6 기계변형,q_분식_18,분싣,음식점 중 '분식'을 판매·제공하는 매장,0012a3b4-64a1-440c-a76e-f2be12a2f086,튀김집,분식,두암시장주변 골목형상점가,골목형상점가,광주광역시,3.0,3.0,,,RESOLVED_AGREEMENT,False,3,,,,
74d795739fdc2defb564,test,분식,T6 기계변형,q_분식_18,분싣,음식점 중 '분식'을 판매·제공하는 매장,a3f86936-c439-460f-9629-41c67f76c131,분월당,,분향리 골목형상점가,골목형상점가,,,0.0,Y,,P0_UNCERTAIN_OR_MISSING,True,,,,,
f00456aacada46b6b825,test,분식,T6 기계변형,q_분식_18,분싣,음식점 중 '분식'을 판매·제공하는 매장,007d6b63-4e47-47fa-aaa5-6d0b5cc7280b,도토리김밥계룡엄사점,분식,엄사 골목형상점가,골목형상점가,충청남도,3.0,3.0,,,RESOLVED_AGREEMENT,False,3,,,,
258d00210520e0213ec4,test,분식,T6 기계변형,q_분식_18,분싣,음식점 중 '분식'을 판매·제공하는 매장,064d899b-c65a-4b75-9a15-9ca1eaf707f4,이삭토스트,토스트 등,매탄중심상가 골목형상점가,골목형상점가,경기도,3.0,0.0,,,P1_BINARY_THRESHOLD,True,,,,,
7affaa31a43d96a4bd68,test,분식,T6 기계변형,q_분식_18,분싣,음식점 중 '분식'을 판매·제공하는 매장,65e7294c-9af7-46f1-9701-b142e9f7dadf,분식나라,분식,공주산성시장,전통시장,충청남도,3.0,3.0,,,RESOLVED_AGREEMENT,False,3,,,,
b90182cb917e22885c0f,test,사진,T5 서비스,q_사진_01,증명사진 찍는 곳,생활서비스 중 '사진'을 판매·제공하는 매장,a0add09f-d9c3-44da-9dd2-ad83a3ceeb10,허바허바사진관,증명사진,신용공원 골목형상점가,골목형상점가,광주광역시,3.0,3.0,,,RESOLVED_AGREEMENT,False,3,,,,
7160319498a8640e2a97,test,사진,T5 서비스,q_사진_01,증명사진 찍는 곳,생활서비스 중 '사진'을 판매·제공하는 매장,ea232bd0-f802-4cf0-a740-5c466b6b945f,아름사진관,사진,인공폭포상가,자율상권구역,강원특별자치도,3.0,3.0,,,RESOLVED_AGREEMENT,False,3,,,,
4723b6074fbdf0416022,test,사진,T5 서비스,q_사진_01,증명사진 찍는 곳,생활서비스 중 '사진'을 판매·제공하는 매장,be9f8c61-892c-48ed-a49d-b63bd032c025,소곳,의류,고투몰(강남터미널지하도상점가),일반지하상점가,서울특별시,0.0,0.0,,,RESOLVED_AGREEMENT,False,0,,,,
e5c744aebcfe0f002068,test,사진,T5 서비스,q_사진_01,증명사진 찍는 곳,생활서비스 중 '사진'을 판매·제공하는 매장,19c530cd-492d-4302-902b-d0bc6681ee07,유화사진관,"사진 촬영(증명사진,가족사진,취업사진 등)",반석동 골목형상점가,골목형상점가,대전광역시,3.0,3.0,,,RESOLVED_AGREEMENT,False,3,,,,
cb1c47969d57aefee9b0,test,사진,T5 서비스,q_사진_01,증명사진 찍는 곳,생활서비스 중 '사진'을 판매·제공하는 매장,1a238899-6d1a-4baa-b015-302a61b07b31,자람사진관,"인상사진, 가족사진",느다리 골목형상점가,골목형상점가,대전광역시,3.0,3.0,,,RESOLVED_AGREEMENT,False,3,,,,
a2895a4fac43e4fb409f,test,사진,T5 서비스,q_사진_01,증명사진 찍는 곳,생활서비스 중 '사진'을 판매·제공하는 매장,ee4ada4e-d7bb-42f8-9ce6-6492b229e90a,명사진관,사진,오창전통시장,전통시장,충청북도,3.0,3.0,,,RESOLVED_AGREEMENT,False,3,,,,
929e15dbffc761056b6f,test,사진,T5 서비스,q_사진_01,증명사진 찍는 곳,생활서비스 중 '사진'을 판매·제공하는 매장,0364f7d7-b320-4755-9e1f-89150e389efd,"91제이스튜디오, 오늘의 굿즈",사진,소촌중앙 골목형상점가,골목형상점가,광주광역시,3.0,3.0,,,RESOLVED_AGREEMENT,False,3,,,,
1eda024643b6450e06bf,test,사진,T5 서비스,q_사진_01,증명사진 찍는 곳,생활서비스 중 '사진'을 판매·제공하는 매장,842f6cf1-6411-4f4b-be23-746d79e31656,섬곳,한식,플레이사계 지오단길 골목형상점가,골목형상점가,제주특별자치도,0.0,0.0,,,RESOLVED_AGREEMENT,False,0,,,,
53efb07ddc18e35b8c60,test,사진,T5 서비스,q_사진_01,증명사진 찍는 곳,생활서비스 중 '사진'을 판매·제공하는 매장,4ca091f9-3b4f-4154-be1f-83c49ce7710c,마산사진관 기억나무 가족 증명,사진촬영,마산 창동통합상가,자율상권구역,경상남도,3.0,3.0,,,RESOLVED_AGREEMENT,False,3,,,,
e055637406e40bdb4f4d,test,사진,T5 서비스,q_사진_01,증명사진 찍는 곳,생활서비스 중 '사진'을 판매·제공하는 매장,5dddaa2c-2a16-48f7-8b57-cb69833f94c0,해피컴,컴퓨터 및 주변기기,전주전자상가(구 전주기린로전자상가),자율상권구역,전북특별자치도,0.0,0.0,,,RESOLVED_AGREEMENT,False,0,,,,
af206180f4289bbcdaaa,test,사진,T5 서비스,q_사진_01,증명사진 찍는 곳,생활서비스 중 '사진'을 판매·제공하는 매장,542992d0-742c-4c45-862d-c46d9aabf504,새서울사진,사진,과천새서울프라자시장,전통시장,경기도,3.0,3.0,,,RESOLVED_AGREEMENT,False,3,,,,
fdc3c6ed0424658025c2,test,사진,T5 서비스,q_사진_01,증명사진 찍는 곳,생활서비스 중 '사진'을 판매·제공하는 매장,96097adc-215d-4099-8366-5869240e3be2,아노프스튜디오,증명사진,수완은빛마을,골목형상점가,광주광역시,3.0,3.0,,,RESOLVED_AGREEMENT,False,3,,,,
7cb688068ce88fa7ea49,test,사진,T5 서비스,q_사진_01,증명사진 찍는 곳,생활서비스 중 '사진'을 판매·제공하는 매장,c56e0a1a-f692-45ba-a5cb-978ba7325ac8,분당비타민약국,,"서현레이디파크, 굿모닝 상점가",골목형상점가,경기도,0.0,0.0,,,RESOLVED_AGREEMENT,False,0,,,,
fb0c81c5aa08dcce3e6a,test,사진,T5 서비스,q_사진_01,증명사진 찍는 곳,생활서비스 중 '사진'을 판매·제공하는 매장,76a3551b-dae4-4326-92cc-662015aedbfb,쉴 곳,한식,칠성로상점가,자율상권구역,제주특별자치도,0.0,0.0,,,RESOLVED_AGREEMENT,False,0,,,,
957efaa9e212d729fd48,test,사진,T5 서비스,q_사진_01,증명사진 찍는 곳,생활서비스 중 '사진'을 판매·제공하는 매장,ce4bd0e0-6291-416d-b66f-8cc081acd53c,광교식당,한식,연무 골목형상점가,골목형상점가,경기도,0.0,0.0,,,RESOLVED_AGREEMENT,False,0,,,,
20d2abbdf77fc5d311cf,test,사진,T5 서비스,q_사진_01,증명사진 찍는 곳,생활서비스 중 '사진'을 판매·제공하는 매장,bcbcbbe1-6569-4f42-bc3e-391b5bfb0239,굿사진 스튜디오,사진,대구 삼익 골목형상점가,골목형상점가,대구광역시,3.0,3.0,,,RESOLVED_AGREEMENT,False,3,,,,
e1db43ef5df52b643c4f,test,사진,T5 서비스,q_사진_01,증명사진 찍는 곳,생활서비스 중 '사진'을 판매·제공하는 매장,f57fe2fe-1281-4221-87fe-86b043b02e6c,행복한추억좋은사진,사진,월곡대반 골목형상점가,골목형상점가,광주광역시,3.0,3.0,,,RESOLVED_AGREEMENT,False,3,,,,
06240a5dc51a05e5cffd,test,사진,T5 서비스,q_사진_01,증명사진 찍는 곳,생활서비스 중 '사진'을 판매·제공하는 매장,78a6fd1d-269c-42b9-a154-bb58dc9aa43f,증명하다사진관 풍암동본점,사진촬영,풍암벚꽃길상인회 골목형상점가,골목형상점가,광주광역시,3.0,3.0,,,RESOLVED_AGREEMENT,False,3,,,,
bdbd48430ce928242173,test,사진,T5 서비스,q_사진_01,증명사진 찍는 곳,생활서비스 중 '사진'을 판매·제공하는 매장,06261986-3eba-4244-b63f-397460d82f4a,이곳,미용,나주혁신도시 골목형상점가,골목형상점가,전라남도,0.0,0.0,,,RESOLVED_AGREEMENT,False,0,,,,
48f27973244aef7ec0de,test,사진,T5 서비스,q_사진_01,증명사진 찍는 곳,생활서비스 중 '사진'을 판매·제공하는 매장,cc2f27d7-7600-4eef-b55f-fd85951a91af,입체사진관,사진,정읍연지상점가,자율상권구역,전북특별자치도,3.0,3.0,,,RESOLVED_AGREEMENT,False,3,,,,
248ac69189c00f4c3712,test,사진,T5 서비스,q_사진_01,증명사진 찍는 곳,생활서비스 중 '사진'을 판매·제공하는 매장,5f129bfe-7fae-4452-a013-eccbbfcb5772,사진소년,사진,궁동 골목형상점가,골목형상점가,대전광역시,3.0,3.0,,,RESOLVED_AGREEMENT,False,3,,,,
888284af7052775ed727,test,사진,T5 서비스,q_사진_01,증명사진 찍는 곳,생활서비스 중 '사진'을 판매·제공하는 매장,931107e9-6c18-4d65-a03c-c3473949e851,유명사진관,,안양중앙시장,전통시장,경기도,3.0,3.0,,,RESOLVED_AGREEMENT,False,3,,,,
990e68b69f351f532be3,test,사진,T5 서비스,q_사진_01,증명사진 찍는 곳,생활서비스 중 '사진'을 판매·제공하는 매장,588a9063-9a97-4e51-8a6f-fdf74815f79b,서봄사진관,사진,1913송정역시장,전통시장,광주광역시,3.0,3.0,,,RESOLVED_AGREEMENT,False,3,,,,
63d7677fca9edef0e37e,test,사진,T5 서비스,q_사진_01,증명사진 찍는 곳,생활서비스 중 '사진'을 판매·제공하는 매장,ea4686bf-b231-4b4b-b839-ac1549ad1fb3,사진병원,사진,계림아이파크SK뷰 골목형상점가,골목형상점가,광주광역시,3.0,3.0,,,RESOLVED_AGREEMENT,False,3,,,,
bc8964fdf557bc5ccfa6,test,사진,T5 서비스,q_사진_01,증명사진 찍는 곳,생활서비스 중 '사진'을 판매·제공하는 매장,32f76e36-28cd-425e-a282-b1a0620dea02,대신사,잡화,마전교지하쇼핑센터,일반지하상점가,서울특별시,0.0,0.0,,,RESOLVED_AGREEMENT,False,0,,,,
842da284c4b8ee084b46,test,사진,T5 서비스,q_사진_01,증명사진 찍는 곳,생활서비스 중 '사진'을 판매·제공하는 매장,19dbcd1a-2a21-4d1f-ab67-e881217988d9,미니,사진,제일시장,전통시장,서울특별시,3.0,3.0,,,RESOLVED_AGREEMENT,False,3,,,,
0c680838bac4521d3607,test,사진,T5 서비스,q_사진_01,증명사진 찍는 곳,생활서비스 중 '사진'을 판매·제공하는 매장,00647455-7222-4215-9690-7f83a5fbe7b5,쌍마스튜디오,사진,백년소상공인,기타,서울특별시,3.0,3.0,,,RESOLVED_AGREEMENT,False,3,,,,
d76c604713e622def4a3,test,사진,T5 서비스,q_사진_01,증명사진 찍는 곳,생활서비스 중 '사진'을 판매·제공하는 매장,623a9625-5c11-4a2d-a405-8ca1411020c2,썬스튜디오,"여권사진, 증명사진, 비자사진, 사진복원, 가족사진, 사진출력, 액자제작",망원동십자로길골목형상점가,골목형상점가,서울특별시,3.0,3.0,,,RESOLVED_AGREEMENT,False,3,,,,
e98275d6a57abba70ad3,test,사진,T5 서비스,q_사진_01,증명사진 찍는 곳,생활서비스 중 '사진'을 판매·제공하는 매장,2ac8d13d-223d-4067-844b-7b12249506fd,시안사진관 천안불당점,증명사진 여권사진 프로필사진 이미지사진 커플사진 가족사진 반려동물�,시청앞사거리 골목형상점가,골목형상점가,충청남도,3.0,3.0,,,RESOLVED_AGREEMENT,False,3,,,,
204045d0fd40e8860fa9,test,사진,T5 서비스,q_사진_01,증명사진 찍는 곳,생활서비스 중 '사진'을 판매·제공하는 매장,07d1cac8-f022-46da-bdc6-036d200f532f,봄사진관,사진,계림 재미로 골목형상점가,골목형상점가,광주광역시,3.0,3.0,,,RESOLVED_AGREEMENT,False,3,,,,
dc9602b743e7c90371e4,test,사진,T5 서비스,q_사진_01,증명사진 찍는 곳,생활서비스 중 '사진'을 판매·제공하는 매장,fb3f214a-8eaa-49c1-ba32-d8f7212343e4,레아사진관,증명사진,초록거리 골목형상점가,골목형상점가,경기도,3.0,3.0,,,RESOLVED_AGREEMENT,False,3,,,,
4bcb527b584a65c062c3,test,사진,T5 서비스,q_사진_01,증명사진 찍는 곳,생활서비스 중 '사진'을 판매·제공하는 매장,bcdf7917-afa6-4f23-bbe6-96e3e2c73ff9,스타문구사,문구,감전시장,전통시장,부산광역시,0.0,0.0,,,RESOLVED_AGREEMENT,False,0,,,,
1d61ec783da2b1d4380b,test,사진,T5 서비스,q_사진_01,증명사진 찍는 곳,생활서비스 중 '사진'을 판매·제공하는 매장,92a76a96-a2f5-43df-a877-4f4c17cda4d0,담다,사진,두암1동행정복지센터주변 골목형상점가,골목형상점가,광주광역시,3.0,3.0,,,RESOLVED_AGREEMENT,False,3,,,,
796e55fd8b0f1c2ad7fc,test,사진,T5 서비스,q_사진_01,증명사진 찍는 곳,생활서비스 중 '사진'을 판매·제공하는 매장,1c5104dd-02d0-4997-af73-0cdc975e7d2c,연사진관,사진,새치마을 골목형상점가,골목형상점가,울산광역시,3.0,3.0,,,RESOLVED_AGREEMENT,False,3,,,,
b2780591e376c8e83ea5,test,사진,T5 서비스,q_사진_01,증명사진 찍는 곳,생활서비스 중 '사진'을 판매·제공하는 매장,f4c0cca5-8fae-4c5b-aef1-f001356b8811,스튜디오 안즈,증명사진 여권사진 가족사진,보람동 골목형상점가,골목형상점가,세종특별자치시,3.0,3.0,,,RESOLVED_AGREEMENT,False,3,,,,
831bd7ea39aa5d275f0c,test,사진,T5 서비스,q_사진_01,증명사진 찍는 곳,생활서비스 중 '사진'을 판매·제공하는 매장,7bc75f4d-2b26-42c0-9265-f53e6b38f31a,민승근사진관,사진,첨단동행 골목형상점가,골목형상점가,광주광역시,3.0,3.0,,,RESOLVED_AGREEMENT,False,3,,,,
fbd6a9e49546c4a4006a,test,사진,T5 서비스,q_사진_01,증명사진 찍는 곳,생활서비스 중 '사진'을 판매·제공하는 매장,a2307144-5cdb-434e-8d99-2cf1e98d327e,성주미디어,증명사진 여권사진 제품촬영,성주시장,전통시장,경상북도,3.0,3.0,,,RESOLVED_AGREEMENT,False,3,,,,
330e6ece8a472c393d5e,test,사진,T5 서비스,q_사진_01,증명사진 찍는 곳,생활서비스 중 '사진'을 판매·제공하는 매장,c0ce9104-dc15-4f98-bbe8-91b4f48c7f9b,사진관 온김에 은행점,증명사진,은행동상점가(구 으능정이상점가),자율상권구역,대전광역시,3.0,3.0,,,RESOLVED_AGREEMENT,False,3,,,,
7ee58b975bf2d7a775a1,test,사진,T5 서비스,q_사진_01,증명사진 찍는 곳,생활서비스 중 '사진'을 판매·제공하는 매장,8dba4a74-f95f-4032-b864-86f948e54af8,빈이네사진관,증명 여권사진,단국대 앞 골목형상점가,골목형상점가,경기도,3.0,3.0,,,RESOLVED_AGREEMENT,False,3,,,,
18092c2874662a2a8d2c,test,사진,T5 서비스,q_사진_01,증명사진 찍는 곳,생활서비스 중 '사진'을 판매·제공하는 매장,c111ac9d-3f3a-405c-a8db-4d127ccda9e2,행복이 있는 곳,잡화,제주로얄쇼핑센터,자율상권구역,제주특별자치도,0.0,0.0,,,RESOLVED_AGREEMENT,False,0,,,,
16a1fa8b8845f5f93ac0,test,사진,T5 서비스,q_사진_01,증명사진 찍는 곳,생활서비스 중 '사진'을 판매·제공하는 매장,0cfcba2a-3f3a-4ff0-ae73-cef300cbfc1b,내모습사진관,사진,사거리온누리 골목형상점가,골목형상점가,충청남도,3.0,3.0,,,RESOLVED_AGREEMENT,False,3,,,,
d1644a86347658347ef2,test,사진,T5 서비스,q_사진_01,증명사진 찍는 곳,생활서비스 중 '사진'을 판매·제공하는 매장,a5201b35-71aa-495d-b997-22e9f32f7033,루미에르스튜디오,사진 아기사진 가족사진 증명 프로필,맛조이상인회 골목형상점가,골목형상점가,광주광역시,3.0,3.0,,,RESOLVED_AGREEMENT,False,3,,,,
2fbb7875f0ad06ec77d7,test,사진,T5 서비스,q_사진_01,증명사진 찍는 곳,생활서비스 중 '사진'을 판매·제공하는 매장,01a4c030-7c2c-4604-90aa-c83344fb5081,포토펀,사진,메트로센터(반월당지하쇼핑),일반지하상점가,대구광역시,3.0,3.0,,,RESOLVED_AGREEMENT,False,3,,,,
10471f9b666126d4ffb2,test,사진,T5 서비스,q_사진_01,증명사진 찍는 곳,생활서비스 중 '사진'을 판매·제공하는 매장,4c79284f-7933-4474-8d15-5e7ef2f19660,바우사진,사진,신가동 골목형상점가,골목형상점가,광주광역시,3.0,3.0,,,RESOLVED_AGREEMENT,False,3,,,,
9d795d0c6e9bd2935fb4,test,사진,T5 서비스,q_사진_01,증명사진 찍는 곳,생활서비스 중 '사진'을 판매·제공하는 매장,fe574242-6d3c-4739-abe7-b4834dfef87e,동화피앤씨(삼화페인트총판),페인트,방림로 골목형상점가,골목형상점가,광주광역시,0.0,0.0,,,RESOLVED_AGREEMENT,False,0,,,,
d26d70c9c1af5bb7ae8b,test,사진,T5 서비스,q_사진_01,증명사진 찍는 곳,생활서비스 중 '사진'을 판매·제공하는 매장,3ee4833d-6dd8-43b7-a001-752e74fba97b,사진쟁이,사진,여주한글시장(여주중앙로상점가),전통시장,경기도,3.0,3.0,,,RESOLVED_AGREEMENT,False,3,,,,
6a307da659eeabac5794,test,사진,T5 서비스,q_사진_01,증명사진 찍는 곳,생활서비스 중 '사진'을 판매·제공하는 매장,e6cac9c1-0b7a-4faf-9359-0d273b83d9f7,윤가네 야채과일,농산물,석계역 골목형상점가,골목형상점가,서울특별시,0.0,0.0,,,RESOLVED_AGREEMENT,False,0,,,,
c7337c5961538cd1fff4,test,사진,T5 서비스,q_사진_01,증명사진 찍는 곳,생활서비스 중 '사진'을 판매·제공하는 매장,84ec4f4f-be78-4bdf-be7b-d16b6450e3c2,찍어,사진,영주로상권,자율상권구역,경상북도,3.0,3.0,,,RESOLVED_AGREEMENT,False,3,,,,
9b36c39bdcd34c208409,test,사진,T5 서비스,q_사진_01,증명사진 찍는 곳,생활서비스 중 '사진'을 판매·제공하는 매장,01b7ccfd-1900-4495-a681-13dbfbbe6624,사진찍는아빠,사진 촬영,수암종합시장,전통시장,울산광역시,3.0,3.0,,,RESOLVED_AGREEMENT,False,3,,,,
370713352a9a9c4e32ab,test,사진,T5 서비스,q_사진_01,증명사진 찍는 곳,생활서비스 중 '사진'을 판매·제공하는 매장,063ecc5d-dabc-4041-8a98-95a5363017f3,젊은사진관,사진,엄사 골목형상점가,골목형상점가,충청남도,3.0,3.0,,,RESOLVED_AGREEMENT,False,3,,,,
f68faef331a46de7b8e4,test,사진,T5 서비스,q_사진_01,증명사진 찍는 곳,생활서비스 중 '사진'을 판매·제공하는 매장,6feef8bd-f1db-47d6-9d82-f2290fa4efc7,스튜디오호감 광주전대점,증명사진,전남대후문골목형상점가,골목형상점가,광주광역시,3.0,3.0,,,RESOLVED_AGREEMENT,False,3,,,,
0cc00f212f4c4ba4de06,test,사진,T5 서비스,q_사진_01,증명사진 찍는 곳,생활서비스 중 '사진'을 판매·제공하는 매장,2743811c-5e71-4d2b-aa75-1b0147d44f2d,사우 꽃이 피는 곳,꽃,김포 풍년마을 골목형상점가,골목형상점가,경기도,0.0,0.0,,,RESOLVED_AGREEMENT,False,0,,,,
bf7bb7ecac0c2abdcc09,test,사진,T5 서비스,q_사진_01,증명사진 찍는 곳,생활서비스 중 '사진'을 판매·제공하는 매장,672361e9-7462-46c6-af5c-de175f626c01,쌍광사진관,사진,계림오거리 골목형상점가,골목형상점가,광주광역시,3.0,3.0,,,RESOLVED_AGREEMENT,False,3,,,,
faef93dd044402f79d90,test,사진,T5 서비스,q_사진_01,증명사진 찍는 곳,생활서비스 중 '사진'을 판매·제공하는 매장,9cbc3b48-d7ff-4215-bbb6-9e90744caeb8,워너비스튜디오,증명사진 여권사진 가족사진,동구청앞 골목형상점가,골목형상점가,광주광역시,3.0,3.0,,,RESOLVED_AGREEMENT,False,3,,,,
930f521c55cf63adb041,test,사진,T5 서비스,q_사진_01,증명사진 찍는 곳,생활서비스 중 '사진'을 판매·제공하는 매장,c4d73b75-6fda-4547-870a-8de27b35d11f,상무사진,,치평상무역상인회 골목형상점가,골목형상점가,광주광역시,3.0,3.0,,,RESOLVED_AGREEMENT,False,3,,,,
bc19e2aa52cf1f1b870f,test,사진,T5 서비스,q_사진_01,증명사진 찍는 곳,생활서비스 중 '사진'을 판매·제공하는 매장,2ac52ba8-b27c-403c-8b33-391b490062be,루나사진관,"증명사진, 프로필, 가족사진, 사진인화",반곡동행복 골목형상점가,골목형상점가,세종특별자치시,3.0,3.0,,,RESOLVED_AGREEMENT,False,3,,,,
623f9f2f468ece36e874,test,사진,T5 서비스,q_사진_01,증명사진 찍는 곳,생활서비스 중 '사진'을 판매·제공하는 매장,1e0a9834-ac2c-4d66-9cb0-87330969799d,세종 365 믿음정형외과,의료용품,고운동상점가,자율상권구역,세종특별자치시,0.0,0.0,,,RESOLVED_AGREEMENT,False,0,,,,
aeeccef377e562a0e40f,test,사진,T5 서비스,q_사진_01,증명사진 찍는 곳,생활서비스 중 '사진'을 판매·제공하는 매장,24456103-f6b8-46af-8655-82e61d7265d8,커피가 머무르는 곳,커피,반드레길골목형상점가,골목형상점가,서울특별시,0.0,0.0,,,RESOLVED_AGREEMENT,False,0,,,,
552cbf1822f6d3cf3ec8,test,사진,T5 서비스,q_사진_01,증명사진 찍는 곳,생활서비스 중 '사진'을 판매·제공하는 매장,b3d5c454-27cb-49c8-aaba-6628bf9569e5,스튜디오마이시즌,증명여권 취업사원증사진 커플사진 프로필사진 가족사진,첨단이웃사랑 골목형상점가,골목형상점가,광주광역시,3.0,3.0,,,RESOLVED_AGREEMENT,False,3,,,,
91a4423ab785e6fc9f12,test,사진,T5 서비스,q_사진_01,증명사진 찍는 곳,생활서비스 중 '사진'을 판매·제공하는 매장,dc1b369d-f16c-4a12-b38a-42f47b3c4737,증명프로필 사진관 레드셔터 청당점,,청당4번가 골목형상점가,골목형상점가,충청남도,3.0,3.0,,,RESOLVED_AGREEMENT,False,3,,,,
c2c3e559ca7691e7f43f,test,사진,T5 서비스,q_사진_01,증명사진 찍는 곳,생활서비스 중 '사진'을 판매·제공하는 매장,5c3106c7-3779-4503-8905-2208ac1602af,동성,사진,동성타워프라자,전통시장,서울특별시,3.0,3.0,,,RESOLVED_AGREEMENT,False,3,,,,
56994ae2ee133046d212,test,속옷,T1 정확표기,q_속옷_01,속옷,패션·잡화 중 '속옷'을 판매·제공하는 매장,55b32668-f467-477f-9ddd-8593d0abb5c3,바닷가사람들,잡화,석바위시장,전통시장,인천광역시,1.0,1.0,,,RESOLVED_AGREEMENT,False,1,,,,
4c6f391d5e430e360177,test,속옷,T1 정확표기,q_속옷_01,속옷,패션·잡화 중 '속옷'을 판매·제공하는 매장,b0541931-ec9d-4d4d-a05a-69f590ccb91a,하복,속옷,조암시장,전통시장,경기도,3.0,3.0,,,RESOLVED_AGREEMENT,False,3,,,,
7c758274bb0cbbb9a32e,test,속옷,T1 정확표기,q_속옷_01,속옷,패션·잡화 중 '속옷'을 판매·제공하는 매장,01459610-611f-4516-aa05-19e8e4a11b6d,양평상회,내의,제천중앙시장,전통시장,충청북도,3.0,3.0,,,RESOLVED_AGREEMENT,False,3,,,,
d417f1b84cc65af86320,test,속옷,T1 정확표기,q_속옷_01,속옷,패션·잡화 중 '속옷'을 판매·제공하는 매장,3ea29911-00a4-46b2-9e67-541972c207f2,속옷갑부,속옷,진해중앙시장,전통시장,경상남도,3.0,3.0,,,RESOLVED_AGREEMENT,False,3,,,,
ffeaff7578d171c42b98,test,속옷,T1 정확표기,q_속옷_01,속옷,패션·잡화 중 '속옷'을 판매·제공하는 매장,fe46f1b7-0454-4f04-9859-48d776599515,이레속옷,속옷,원주남부시장,전통시장,강원특별자치도,3.0,3.0,,,RESOLVED_AGREEMENT,False,3,,,,
da27eff2f8d408d14883,test,속옷,T1 정확표기,q_속옷_01,속옷,패션·잡화 중 '속옷'을 판매·제공하는 매장,b2a11dac-02b9-4f34-b171-8412fdaa37b3,조은속옷,속옷,익산황등시장,전통시장,전북특별자치도,3.0,3.0,,,RESOLVED_AGREEMENT,False,3,,,,
7ffa1e7cb453ef9e4385,test,속옷,T1 정확표기,q_속옷_01,속옷,패션·잡화 중 '속옷'을 판매·제공하는 매장,8d3c913e-ad7c-487a-aa6e-4f7abfe8d1fe,창평한우암소고깃집,,슬로시티창평 골목형상점가,골목형상점가,전라남도,0.0,0.0,,,RESOLVED_AGREEMENT,False,0,,,,
a322b8a3b975a88b9144,test,속옷,T1 정확표기,q_속옷_01,속옷,패션·잡화 중 '속옷'을 판매·제공하는 매장,119a7508-7a6c-4258-84bb-4fdab1d604c7,퀸,속옷,주안시민지하도상점가,일반지하상점가,인천광역시,3.0,3.0,,,RESOLVED_AGREEMENT,False,3,,,,
c4e6e2218996bb9bc87f,test,속옷,T1 정확표기,q_속옷_01,속옷,패션·잡화 중 '속옷'을 판매·제공하는 매장,e396a8da-9fff-404d-bfc0-da8a08e8a84c,속옷할인매장,속옷,신남네거리상점가,자율상권구역,대구광역시,3.0,3.0,,,RESOLVED_AGREEMENT,False,3,,,,
422002efff7ce3f57d81,test,속옷,T1 정확표기,q_속옷_01,속옷,패션·잡화 중 '속옷'을 판매·제공하는 매장,f945719d-240f-4d89-bb62-4e7e1b9ec17b,개나리속옷,속옷,개나리종합상가 골목형상점가,골목형상점가,경상북도,3.0,3.0,,,RESOLVED_AGREEMENT,False,3,,,,
2d465540c5ef3021fe86,test,속옷,T1 정확표기,q_속옷_01,속옷,패션·잡화 중 '속옷'을 판매·제공하는 매장,79238343-ca2f-40cd-8c16-80ccb8ddb3cc,속옷천국,속옷 의류,대남숨길 골목형상점가,골목형상점가,광주광역시,3.0,3.0,,,RESOLVED_AGREEMENT,False,3,,,,
10612a1434204c408c52,test,속옷,T1 정확표기,q_속옷_01,속옷,패션·잡화 중 '속옷'을 판매·제공하는 매장,92805d3d-930d-44ec-8b00-986a2f9b20f2,리썬샵,속옷,금화로상인회 골목형상점가,골목형상점가,광주광역시,3.0,3.0,,,RESOLVED_AGREEMENT,False,3,,,,
65e2ffe9558fefa2d4a8,test,속옷,T1 정확표기,q_속옷_01,속옷,패션·잡화 중 '속옷'을 판매·제공하는 매장,006c0196-bbe9-41db-b76c-01cc834078d8,BYC전문점당감점,속옷,당감골목시장,전통시장,부산광역시,3.0,3.0,,,RESOLVED_AGREEMENT,False,3,,,,
48595c3ace6860afd501,test,속옷,T1 정확표기,q_속옷_01,속옷,패션·잡화 중 '속옷'을 판매·제공하는 매장,00660911-d1ad-4623-b1da-ec818e3dd2c8,하얀느낌,란제리 양말 속옷,한빛프라자 골목형상점가,골목형상점가,대전광역시,3.0,3.0,,,RESOLVED_AGREEMENT,False,3,,,,
70c59b8eea94867a6c2a,test,속옷,T1 정확표기,q_속옷_01,속옷,패션·잡화 중 '속옷'을 판매·제공하는 매장,cf856efa-5e32-4cbb-a09f-de9fa3e82886,계성치킨,한식,남현동예술인마을골목형상점가,골목형상점가,서울특별시,0.0,0.0,,,RESOLVED_AGREEMENT,False,0,,,,
388992de4e92c5b0cbd3,test,속옷,T1 정확표기,q_속옷_01,속옷,패션·잡화 중 '속옷'을 판매·제공하는 매장,f0a09953-77b0-4b69-8e8f-777732cde9c3,익진상회,속옷,은행나무시장(구시흥중앙시장),전통시장,서울특별시,3.0,3.0,,,RESOLVED_AGREEMENT,False,3,,,,
26e887e1d0bd95b32ece,test,속옷,T1 정확표기,q_속옷_01,속옷,패션·잡화 중 '속옷'을 판매·제공하는 매장,f6753d9d-7c4f-40c0-ae4d-26b47cbccdc5,속옷전문샤샤,속옷,함평천지전통시장(함평5일시장),전통시장,,3.0,3.0,,,RESOLVED_AGREEMENT,False,3,,,,
06d96bcaf9434eb3afb8,test,속옷,T1 정확표기,q_속옷_01,속옷,패션·잡화 중 '속옷'을 판매·제공하는 매장,00158f51-4d3a-4ac0-9e38-b37552f5e097,지지배,의류,나주금빛상점가,자율상권구역,전라남도,1.0,2.0,,,P1_BINARY_THRESHOLD,True,,,,,
44dfc5dbc456631839dc,test,속옷,T1 정확표기,q_속옷_01,속옷,패션·잡화 중 '속옷'을 판매·제공하는 매장,04984c64-4bed-4e8d-9ef4-0958c38d6695,담꾹,즉석판매제조가공업,전곡전통시장,전통시장,경기도,0.0,0.0,,,RESOLVED_AGREEMENT,False,0,,,,
2db145990ead4dc1adc9,test,속옷,T1 정확표기,q_속옷_01,속옷,패션·잡화 중 '속옷'을 판매·제공하는 매장,4b86ced3-3fa6-4452-aa39-7d0ff12ba74d,이수,속옷,광명전통시장,전통시장,경기도,3.0,3.0,,,RESOLVED_AGREEMENT,False,3,,,,
c67249907e60ab14122d,test,속옷,T1 정확표기,q_속옷_01,속옷,패션·잡화 중 '속옷'을 판매·제공하는 매장,0114f51c-6520-431d-85c7-c34ff7795c7e,브라운앤보그,,퀸덤3단지골목형상점가,골목형상점가,부산광역시,3.0,0.0,,,P1_BINARY_THRESHOLD,True,,,,,
0350f7a10414c3f1ba11,test,속옷,T1 정확표기,q_속옷_01,속옷,패션·잡화 중 '속옷'을 판매·제공하는 매장,75373402-8e75-40bc-97d3-1c8261ccff6f,빠자빠,속옷,동산상가,전통시장,대구광역시,3.0,3.0,,,RESOLVED_AGREEMENT,False,3,,,,
545e97c6dbd5d7356222,test,속옷,T1 정확표기,q_속옷_01,속옷,패션·잡화 중 '속옷'을 판매·제공하는 매장,cf4380b3-000a-4d93-9477-2addbf11afb0,BYC속옷,속옷,남구로시장,전통시장,서울특별시,3.0,3.0,,,RESOLVED_AGREEMENT,False,3,,,,
4d75a167ae60f2ebb991,test,속옷,T1 정확표기,q_속옷_01,속옷,패션·잡화 중 '속옷'을 판매·제공하는 매장,eca76fc6-7b8f-4157-a305-23c7496c7f5c,영필상회,속옷,부산남문시장,전통시장,부산광역시,3.0,3.0,,,RESOLVED_AGREEMENT,False,3,,,,
84fa676ccf7f50cfb5e3,test,속옷,T1 정확표기,q_속옷_01,속옷,패션·잡화 중 '속옷'을 판매·제공하는 매장,01638941-6206-4662-b5d9-0e2cae1a4133,하마유통,속옷,서구청먹자골목상인회 골목형상점가,골목형상점가,광주광역시,3.0,3.0,,,RESOLVED_AGREEMENT,False,3,,,,
4cf1318af97ab8ad7ba0,test,속옷,T1 정확표기,q_속옷_01,속옷,패션·잡화 중 '속옷'을 판매·제공하는 매장,0c60eda8-8c25-4459-a568-de69315c9459,일리,속옷,금호행복시장(금호시장),전통시장,경기도,3.0,3.0,,,RESOLVED_AGREEMENT,False,3,,,,
2daac11ef19aa83a4ef4,test,속옷,T1 정확표기,q_속옷_01,속옷,패션·잡화 중 '속옷'을 판매·제공하는 매장,01ca0e12-5e9f-4cc8-a090-1d2535c35fcb,중앙란제리,내의판매점,문경중앙시장,전통시장,경상북도,3.0,3.0,,,RESOLVED_AGREEMENT,False,3,,,,
e51df193fd22f2754abb,test,속옷,T1 정확표기,q_속옷_01,속옷,패션·잡화 중 '속옷'을 판매·제공하는 매장,e6d0e32b-95da-4381-a210-e87fffddee6c,에띠엠,속옷,일산시장(구 일산전통시장),전통시장,경기도,3.0,3.0,,,RESOLVED_AGREEMENT,False,3,,,,
339235e488779230b182,test,속옷,T1 정확표기,q_속옷_01,속옷,패션·잡화 중 '속옷'을 판매·제공하는 매장,0a2b55d0-03da-4657-907b-758f53bdbe60,효제브라이덜(Hyoje Bridal),,대봉동 대백 골목형상점가,골목형상점가,대구광역시,3.0,0.0,,,P1_BINARY_THRESHOLD,True,,,,,
d7aa4c31a36566ccbec9,test,속옷,T1 정확표기,q_속옷_01,속옷,패션·잡화 중 '속옷'을 판매·제공하는 매장,5c1dc313-5672-4fa3-9487-0c6283893aee,속옷할인매장,속옷,메트로센터(반월당지하쇼핑),일반지하상점가,대구광역시,3.0,3.0,,,RESOLVED_AGREEMENT,False,3,,,,
7d6b9f480a37aa6a2ee5,test,속옷,T1 정확표기,q_속옷_01,속옷,패션·잡화 중 '속옷'을 판매·제공하는 매장,3c679feb-e600-4adb-8ee6-77130d60ea13,속옷세상,속옷,상원시장,전통시장,대구광역시,3.0,3.0,,,RESOLVED_AGREEMENT,False,3,,,,
03f59c1c3c99b52261cf,test,속옷,T1 정확표기,q_속옷_01,속옷,패션·잡화 중 '속옷'을 판매·제공하는 매장,2f304256-22bb-474e-94d2-d7bcd3ab6b31,속옷아울렛,속옷,광명전통시장,전통시장,경기도,3.0,3.0,,,RESOLVED_AGREEMENT,False,3,,,,
a1955a42666ee51cb345,test,속옷,T1 정확표기,q_속옷_01,속옷,패션·잡화 중 '속옷'을 판매·제공하는 매장,302eb82b-9fff-44e9-a9ee-183ecc322f57,속옷할인매장,속옷,대소시장,전통시장,충청북도,3.0,3.0,,,RESOLVED_AGREEMENT,False,3,,,,
f7234ea64ab33fdd6615,test,속옷,T1 정확표기,q_속옷_01,속옷,패션·잡화 중 '속옷'을 판매·제공하는 매장,43e92e6f-71b6-489d-b94f-9decbd52bf50,언민사,속옷,부평깡통시장(구 부산부평시장),전통시장,부산광역시,3.0,3.0,,,RESOLVED_AGREEMENT,False,3,,,,
9312f3b14ebaf002f6a7,test,속옷,T1 정확표기,q_속옷_01,속옷,패션·잡화 중 '속옷'을 판매·제공하는 매장,002213bf-7f70-4e62-8df9-0c11e9f4d38d,에띠임,속옷,목포원도심상점가,자율상권구역,전라남도,3.0,3.0,,,RESOLVED_AGREEMENT,False,3,,,,
0508b498f0f75b12c423,test,속옷,T1 정확표기,q_속옷_01,속옷,패션·잡화 중 '속옷'을 판매·제공하는 매장,8b47ff95-9902-48d5-a6f9-3cfbfbf23837,착한속옷,속옷,노은역 골목형상점가,골목형상점가,대전광역시,3.0,3.0,,,RESOLVED_AGREEMENT,False,3,,,,
ba907b3b769bbafe9a6a,test,속옷,T1 정확표기,q_속옷_01,속옷,패션·잡화 중 '속옷'을 판매·제공하는 매장,b17be00b-c03c-4707-bd16-68e925afea5a,속옷스토리,속옷 의류,효덕마을 골목형상점가,골목형상점가,광주광역시,3.0,3.0,,,RESOLVED_AGREEMENT,False,3,,,,
6c585d149c36baac7724,test,속옷,T1 정확표기,q_속옷_01,속옷,패션·잡화 중 '속옷'을 판매·제공하는 매장,002fded9-56a2-42e6-ad4e-06dab5ab6c83,못골메리야스,내의류,못골골목시장,전통시장,부산광역시,3.0,3.0,,,RESOLVED_AGREEMENT,False,3,,,,
8565016d2efc888b07a4,test,속옷,T1 정확표기,q_속옷_01,속옷,패션·잡화 중 '속옷'을 판매·제공하는 매장,00054f1d-4cae-4345-9975-1423bc49e4dc,착한아이들,의류,중앙전통시장,전통시장,울산광역시,1.0,2.0,,,P1_BINARY_THRESHOLD,True,,,,,
19e89d34fa8147d1931c,test,속옷,T1 정확표기,q_속옷_01,속옷,패션·잡화 중 '속옷'을 판매·제공하는 매장,7e4adcc4-c9ea-4cdc-9432-73864860d20b,속옷아울렛,속옷,예천상설시장,전통시장,경상북도,3.0,3.0,,,RESOLVED_AGREEMENT,False,3,,,,
2738405d59ddb0cdcda5,test,속옷,T1 정확표기,q_속옷_01,속옷,패션·잡화 중 '속옷'을 판매·제공하는 매장,00172c94-61f0-4197-afeb-d7e8187c79b5,옷이예쁘다,의류,메트로센터(반월당지하쇼핑),일반지하상점가,대구광역시,1.0,2.0,,,P1_BINARY_THRESHOLD,True,,,,,
e2658b4c74f699225b2c,test,속옷,T1 정확표기,q_속옷_01,속옷,패션·잡화 중 '속옷'을 판매·제공하는 매장,4d5d6454-0961-4cf8-a79d-c4369d088afe,담쓰뮤직복싱,스포츠 서비스,수송누리 골목형상점가,골목형상점가,전북특별자치도,0.0,0.0,,,RESOLVED_AGREEMENT,False,0,,,,
4abb1a71afafc6aebf0c,test,속옷,T1 정확표기,q_속옷_01,속옷,패션·잡화 중 '속옷'을 판매·제공하는 매장,0144c6bd-f905-4ee2-9acf-1d86a5327a86,승리상회,"일반내의, 양말",두류종합시장,전통시장,대구광역시,3.0,3.0,,,RESOLVED_AGREEMENT,False,3,,,,
f76f3dd2e804dc8c8cd4,test,속옷,T1 정확표기,q_속옷_01,속옷,패션·잡화 중 '속옷'을 판매·제공하는 매장,022eed00-e4e9-46d1-b6ea-3b9ff6e46458,동아양말,양말,㈜르네시떼,전통시장,부산광역시,3.0,2.0,,,P2_GRADED_ONLY,True,,,,,
f42be83fc1ec00101160,test,속옷,T1 정확표기,q_속옷_01,속옷,패션·잡화 중 '속옷'을 판매·제공하는 매장,5d3d54cf-e844-4772-962d-8252f12302c0,아슈레,속옷,동산상가,전통시장,대구광역시,3.0,3.0,,,RESOLVED_AGREEMENT,False,3,,,,
4aba386308b438bcf253,test,속옷,T1 정확표기,q_속옷_01,속옷,패션·잡화 중 '속옷'을 판매·제공하는 매장,0ed51232-b0e1-4727-a8c1-7faa47770f38,속옷나라,속옷,화정로상인회 골목형상점가,골목형상점가,광주광역시,3.0,3.0,,,RESOLVED_AGREEMENT,False,3,,,,
9a3879e276fa38101120,test,속옷,T1 정확표기,q_속옷_01,속옷,패션·잡화 중 '속옷'을 판매·제공하는 매장,07de5ee5-20cd-4a5c-b82c-6e1ca1476595,속옷종합란제리,속옷,관악신사시장,전통시장,서울특별시,3.0,3.0,,,RESOLVED_AGREEMENT,False,3,,,,
8aa3b26dfd6997f2cc8a,test,속옷,T1 정확표기,q_속옷_01,속옷,패션·잡화 중 '속옷'을 판매·제공하는 매장,3da2d7d1-b78a-40f1-abc1-73297f58fc41,속옷전문점,속옷,월산4동 골목형상점가,골목형상점가,광주광역시,3.0,3.0,,,RESOLVED_AGREEMENT,False,3,,,,
08dc0b2ef73b699035b7,test,속옷,T1 정확표기,q_속옷_01,속옷,패션·잡화 중 '속옷'을 판매·제공하는 매장,0b2de4e7-0eea-42cd-aafe-aa8aa298ac82,꾸브라꼬 숯불치킨 첨단점,,첨단아미 골목형상점가,골목형상점가,,3.0,0.0,,,P1_BINARY_THRESHOLD,True,,,,,
1b16b099863747ecf4a7,test,속옷,T1 정확표기,q_속옷_01,속옷,패션·잡화 중 '속옷'을 판매·제공하는 매장,35068fd0-1ed8-4d85-979c-22fd3423f6d8,속옷여행,속옷,진주 새서부시장,전통시장,경상남도,3.0,3.0,,,RESOLVED_AGREEMENT,False,3,,,,
5511d59e64e071b19d70,test,속옷,T1 정확표기,q_속옷_01,속옷,패션·잡화 중 '속옷'을 판매·제공하는 매장,c63e4f75-09f0-4e3b-84af-e8240f30424f,속옷나라,속옷,무안읍중심상가상점가,자율상권구역,전라남도,3.0,3.0,,,RESOLVED_AGREEMENT,False,3,,,,
a16a3060764ae24f81ee,test,속옷,T1 정확표기,q_속옷_01,속옷,패션·잡화 중 '속옷'을 판매·제공하는 매장,a8fbfcc3-dea3-4b84-b12c-7ad89e4be9d0,맘스속옷,속옷,의왕가구거리 골목형상점가,골목형상점가,경기도,3.0,3.0,,,RESOLVED_AGREEMENT,False,3,,,,
2f983642ed13b8e0cfd6,test,속옷,T1 정확표기,q_속옷_01,속옷,패션·잡화 중 '속옷'을 판매·제공하는 매장,11c68baa-0df2-453a-953c-b4b20be2dfd9,보림,셔츠 및 블라우스 소매업,안양일번가 지하쇼핑몰,일반지하상점가,경기도,0.0,0.0,,,RESOLVED_AGREEMENT,False,0,,,,
0e1cf8b4516945ac1dce,test,속옷,T1 정확표기,q_속옷_01,속옷,패션·잡화 중 '속옷'을 판매·제공하는 매장,28a91f5c-f140-430c-b1cb-37bc3b6c0e9d,섹쉬쿠키,속옷,밀양 내일전통시장,전통시장,경상남도,3.0,3.0,,,RESOLVED_AGREEMENT,False,3,,,,
086b1599b648dd30cb82,test,속옷,T1 정확표기,q_속옷_01,속옷,패션·잡화 중 '속옷'을 판매·제공하는 매장,9aa0d00b-f867-4b06-ac3f-d70a7d77a65a,속옷백화점,속옷,정읍우암로상점가,자율상권구역,전북특별자치도,3.0,3.0,,,RESOLVED_AGREEMENT,False,3,,,,
a963edfa87571706d69e,test,속옷,T1 정확표기,q_속옷_01,속옷,패션·잡화 중 '속옷'을 판매·제공하는 매장,3111a852-d694-4bc8-90a6-934aba56a497,속옷나라,속옷,군산역전종합시장,전통시장,전북특별자치도,3.0,3.0,,,RESOLVED_AGREEMENT,False,3,,,,
e1771b3decfb24af0a29,test,속옷,T1 정확표기,q_속옷_01,속옷,패션·잡화 중 '속옷'을 판매·제공하는 매장,d6ec976b-5c79-4008-8d04-97555ffc742a,행복한속옷,속옷,신정상가시장,전통시장,울산광역시,3.0,3.0,,,RESOLVED_AGREEMENT,False,3,,,,
c34224c9c148ab2cd047,test,속옷,T1 정확표기,q_속옷_01,속옷,패션·잡화 중 '속옷'을 판매·제공하는 매장,9b93091e-6ae0-499b-869e-307b8a06f514,속옷사랑,속옷,진주 중앙시장,전통시장,경상남도,3.0,3.0,,,RESOLVED_AGREEMENT,False,3,,,,
c4755dddbe0c444b613e,test,속옷,T1 정확표기,q_속옷_01,속옷,패션·잡화 중 '속옷'을 판매·제공하는 매장,cd00ad11-b2f1-4394-b1a9-d42a3246aef9,속옷가게,속옷,메트로센터(반월당지하쇼핑),일반지하상점가,대구광역시,3.0,3.0,,,RESOLVED_AGREEMENT,False,3,,,,
7031c17a685e15306cd9,test,속옷,T1 정확표기,q_속옷_01,속옷,패션·잡화 중 '속옷'을 판매·제공하는 매장,aa37c7cd-3e6c-4cd6-9259-6e8d6f4a21f2,아리술래,속옷,충주자유시장,전통시장,충청북도,3.0,3.0,,,RESOLVED_AGREEMENT,False,3,,,,
d77b41f57d09d685a5f7,test,속옷,T1 정확표기,q_속옷_01,속옷,패션·잡화 중 '속옷'을 판매·제공하는 매장,09b1e448-7a9a-4f85-976c-71cefed054f9,윈도우스토리,"브라인드, 커텐",광탄전통시장,전통시장,경기도,3.0,0.0,,,P1_BINARY_THRESHOLD,True,,,,,
cf70f5af08740d403122,test,속옷,T1 정확표기,q_속옷_01,속옷,패션·잡화 중 '속옷'을 판매·제공하는 매장,1528f1d8-51ff-477f-99f3-ac56075b41ce,속옷천국,속옷,춘천지하상가,일반지하상점가,강원특별자치도,3.0,3.0,,,RESOLVED_AGREEMENT,False,3,,,,
e66d2a1218f8af9a5f72,test,속옷,T1 정확표기,q_속옷_01,속옷,패션·잡화 중 '속옷'을 판매·제공하는 매장,ac928dc4-c67e-4515-9f2f-1a497d2651e2,한민속옷,속옷,한민시장,전통시장,대전광역시,3.0,3.0,,,RESOLVED_AGREEMENT,False,3,,,,
c09524a0b45e99d1510b,test,속옷,T1 정확표기,q_속옷_01,속옷,패션·잡화 중 '속옷'을 판매·제공하는 매장,2c49c66b-6c68-4f1f-8ba5-aed318c5ae16,나윤이속옷,속옷,의정부역지하상가,일반지하상점가,경기도,3.0,3.0,,,RESOLVED_AGREEMENT,False,3,,,,
01b1bcc9e20b250c940f,test,속옷,T1 정확표기,q_속옷_01,속옷,패션·잡화 중 '속옷'을 판매·제공하는 매장,eac641e5-1fd2-4aa3-9236-9fcfaee21836,해양수산,일식,남부종합시장,전통시장,인천광역시,0.0,0.0,,,RESOLVED_AGREEMENT,False,0,,,,
88119507807bd7f707bb,test,속옷,T1 정확표기,q_속옷_01,속옷,패션·잡화 중 '속옷'을 판매·제공하는 매장,011903e1-651a-425b-9942-46880c0b0ccc,체리핑크,"소매(속옷,란제리)",미금현대벤처빌시장,전통시장,경기도,3.0,3.0,,,RESOLVED_AGREEMENT,False,3,,,,
55ba22485edc9d30106e,test,속옷,T1 정확표기,q_속옷_01,속옷,패션·잡화 중 '속옷'을 판매·제공하는 매장,01e84813-fc68-4e23-81c9-9e743cdd4bc0,서울상회,"양말, 잡화",부산남문시장,전통시장,부산광역시,3.0,2.0,,,P2_GRADED_ONLY,True,,,,,
883219173d7aecccceeb,test,속옷,T1 정확표기,q_속옷_01,속옷,패션·잡화 중 '속옷'을 판매·제공하는 매장,e8b39ab1-9703-4863-af30-35e937a28180,속옷나라,속옷,우산상인회 골목형상점가,골목형상점가,광주광역시,3.0,3.0,,,RESOLVED_AGREEMENT,False,3,,,,
9768a0702ce8db228893,test,속옷,T1 정확표기,q_속옷_01,속옷,패션·잡화 중 '속옷'을 판매·제공하는 매장,980c50e0-3ffa-40d7-b7d7-5bd3c1095890,패티패션,속옷,담양중앙 골목형상점가,골목형상점가,전라남도,3.0,3.0,,,RESOLVED_AGREEMENT,False,3,,,,
d27d5a47d17d91bad4d2,test,속옷,T1 정확표기,q_속옷_01,속옷,패션·잡화 중 '속옷'을 판매·제공하는 매장,011a3d49-59b4-4598-a6ff-668f578f5094,그린브라우니내동점,,내동서부 골목형상점가,골목형상점가,대전광역시,3.0,0.0,,,P1_BINARY_THRESHOLD,True,,,,,
fe8c4923776a67159974,test,속옷,T1 정확표기,q_속옷_01,속옷,패션·잡화 중 '속옷'을 판매·제공하는 매장,3329d388-3ec4-40c4-b6dc-f03be1aba3c2,무료입장,속옷,속초중앙전통시장,전통시장,강원특별자치도,3.0,3.0,,,RESOLVED_AGREEMENT,False,3,,,,
8dab4193be9ed954222b,test,속옷,T1 정확표기,q_속옷_01,속옷,패션·잡화 중 '속옷'을 판매·제공하는 매장,af56ec76-b5c6-407d-9732-1187302314cb,한독상회,속옷,광장시장,전통시장,서울특별시,3.0,3.0,,,RESOLVED_AGREEMENT,False,3,,,,
a84d3707af8b81f64e43,test,속옷,T1 정확표기,q_속옷_01,속옷,패션·잡화 중 '속옷'을 판매·제공하는 매장,a91f3b67-839c-47ac-81d5-971497417bdf,속옷나라,속옷,금촌전통시장,전통시장,경기도,3.0,3.0,,,RESOLVED_AGREEMENT,False,3,,,,
b3cb1ef7880b617d6463,test,속옷,T1 정확표기,q_속옷_01,속옷,패션·잡화 중 '속옷'을 판매·제공하는 매장,01725ea8-909a-45e7-86dc-3983579c9c4d,이강상사(트라이),내의,신대방1동온누리길골목형상점가,골목형상점가,서울특별시,3.0,3.0,,,RESOLVED_AGREEMENT,False,3,,,,
744f7194952c320f3365,test,속옷,T1 정확표기,q_속옷_01,속옷,패션·잡화 중 '속옷'을 판매·제공하는 매장,8d226b9d-e677-456c-8a31-4bda8500757e,남영상회(속옷),"속옷, 잡화",창원 명서시장,전통시장,경상남도,3.0,3.0,,,RESOLVED_AGREEMENT,False,3,,,,
5fab870233e677c8e8d3,test,속옷,T1 정확표기,q_속옷_01,속옷,패션·잡화 중 '속옷'을 판매·제공하는 매장,de52c2bd-b933-42c5-9ea1-4791784dece1,엄마런닝구,속옷,양산 서창시장,전통시장,경상남도,3.0,3.0,,,RESOLVED_AGREEMENT,False,3,,,,
70704207dcc967b657a7,test,속옷,T1 정확표기,q_속옷_01,속옷,패션·잡화 중 '속옷'을 판매·제공하는 매장,238f1e8d-79f6-4722-a401-a8a150952f98,속옷이야기,속옷,의정부제일시장,전통시장,경기도,3.0,3.0,,,RESOLVED_AGREEMENT,False,3,,,,
9b3b06eb287d5b40c9e3,test,속옷,T1 정확표기,q_속옷_01,속옷,패션·잡화 중 '속옷'을 판매·제공하는 매장,156236f1-5b3a-411f-9fa7-59cdeb5d9689,진범통상,속옷,성환1번가 골목형상점가,골목형상점가,충청남도,3.0,3.0,,,RESOLVED_AGREEMENT,False,3,,,,
9c82221e700814b327ef,test,속옷,T1 정확표기,q_속옷_01,속옷,패션·잡화 중 '속옷'을 판매·제공하는 매장,9ba5de28-9af5-4f23-a8be-e4e9a2557d23,속옷나라,속옷,공주산성 활성화구역,전통시장,충청남도,3.0,3.0,,,RESOLVED_AGREEMENT,False,3,,,,
cf93322a2120e7e660c3,test,속옷,T1 정확표기,q_속옷_01,속옷,패션·잡화 중 '속옷'을 판매·제공하는 매장,018f4157-7354-4b1a-85eb-b9da2435df9d,뻥어물24 성원양말,"양말, 계란, 뻥튀기 등",당감골목시장,전통시장,부산광역시,3.0,2.0,,,P2_GRADED_ONLY,True,,,,,
251152ca04c37a6c8703,test,속옷,T1 정확표기,q_속옷_01,속옷,패션·잡화 중 '속옷'을 판매·제공하는 매장,cf4971d7-198a-48ef-8cc4-5f5f8077bb95,속옷나라,속옷,㈜여수중앙시장,전통시장,전라남도,3.0,3.0,,,RESOLVED_AGREEMENT,False,3,,,,
63e464042b4440359786,test,속옷,T1 정확표기,q_속옷_01,속옷,패션·잡화 중 '속옷'을 판매·제공하는 매장,ae828983-4af5-4253-b97a-01856a27360b,반송속옷랜드,속옷,반송큰시장,전통시장,부산광역시,3.0,3.0,,,RESOLVED_AGREEMENT,False,3,,,,
d981535b8dd6559276ff,test,속옷,T1 정확표기,q_속옷_01,속옷,패션·잡화 중 '속옷'을 판매·제공하는 매장,8b2fbdc8-3112-4586-b9e9-34e07e989177,루비속옷,속옷 잡화,구미역중앙 골목형상점가,골목형상점가,경상북도,3.0,3.0,,,RESOLVED_AGREEMENT,False,3,,,,
4c254686f26d2d6e14db,test,속옷,T1 정확표기,q_속옷_01,속옷,패션·잡화 중 '속옷'을 판매·제공하는 매장,a0fa6c4d-c720-4f3f-8314-504888726303,해왕건어물,건어물,서동향토시장,전통시장,부산광역시,0.0,0.0,,,RESOLVED_AGREEMENT,False,0,,,,
b05412d2aa60d77f2901,test,속옷,T1 정확표기,q_속옷_01,속옷,패션·잡화 중 '속옷'을 판매·제공하는 매장,467b2eae-8b6d-48a3-b15d-190f733a257b,선미속옷,속옷,양산 남부시장상가,전통시장,경상남도,3.0,3.0,,,RESOLVED_AGREEMENT,False,3,,,,
5c39a211d8488189e953,test,속옷,T1 정확표기,q_속옷_01,속옷,패션·잡화 중 '속옷'을 판매·제공하는 매장,000a92b3-0b5e-429e-af00-f86e3570e24b,클로버,의류,관문상가시장,전통시장,대구광역시,1.0,2.0,,,P1_BINARY_THRESHOLD,True,,,,,
ecb701b203ac635d267e,test,속옷,T1 정확표기,q_속옷_01,속옷,패션·잡화 중 '속옷'을 판매·제공하는 매장,61428829-b4f1-471f-81a3-6e2f2a35c56e,속옷나라,속옷,문창시장,전통시장,대전광역시,3.0,3.0,,,RESOLVED_AGREEMENT,False,3,,,,
32b61146abbc83164a9e,test,속옷,T1 정확표기,q_속옷_01,속옷,패션·잡화 중 '속옷'을 판매·제공하는 매장,63468b5d-2de4-46aa-918f-b85d7fa6376c,은혜속옷,속옷,서천특화시장,전통시장,충청남도,3.0,3.0,,,RESOLVED_AGREEMENT,False,3,,,,
d40f2a0ac87834df94cb,test,속옷,T1 정확표기,q_속옷_01,속옷,패션·잡화 중 '속옷'을 판매·제공하는 매장,00124602-ef4e-472c-91ee-de53b28d7530,화이트,의류,울산번개시장,전통시장,울산광역시,1.0,2.0,,,P1_BINARY_THRESHOLD,True,,,,,
7f55db04ea76d46adb34,test,속옷,T1 정확표기,q_속옷_01,속옷,패션·잡화 중 '속옷'을 판매·제공하는 매장,03609092-418f-4601-876c-e60ee0a1c4fa,어필,속옷,부여도심 상권활성화구역,상권활성화구역,충청남도,3.0,3.0,,,RESOLVED_AGREEMENT,False,3,,,,
83a1eb65991e735bffac,test,속옷,T1 정확표기,q_속옷_01,속옷,패션·잡화 중 '속옷'을 판매·제공하는 매장,515930ba-b784-435c-a036-b60a9be62a0a,속옷나라,속옷,소사종합시장,전통시장,경기도,3.0,3.0,,,RESOLVED_AGREEMENT,False,3,,,,
e8d3ac8e23e054054ffa,test,속옷,T1 정확표기,q_속옷_01,속옷,패션·잡화 중 '속옷'을 판매·제공하는 매장,3c7ad0db-75e6-4a0c-bb5d-2ccaf0bb7c19,속옷나라,속옷,음성시장,전통시장,충청북도,3.0,3.0,,,RESOLVED_AGREEMENT,False,3,,,,
2626574cae4f9662c94d,test,속옷,T1 정확표기,q_속옷_01,속옷,패션·잡화 중 '속옷'을 판매·제공하는 매장,61d62e21-a7a5-4e27-8c99-eb01e184ad49,예지속옷,속옷,안산다농마트전통시장,전통시장,경기도,3.0,3.0,,,RESOLVED_AGREEMENT,False,3,,,,
680e18c868cea61dcaee,test,속옷,T1 정확표기,q_속옷_01,속옷,패션·잡화 중 '속옷'을 판매·제공하는 매장,96e5b3ba-aacd-4e7d-a4c4-7c19d237529a,예쓰,속옷,성서중심시장(성서시장문화의거리 통합),전통시장,충청북도,3.0,3.0,,,RESOLVED_AGREEMENT,False,3,,,,
29dbafa9624d8e3e4d62,test,속옷,T1 정확표기,q_속옷_01,속옷,패션·잡화 중 '속옷'을 판매·제공하는 매장,eb463197-f3f4-44e1-beeb-34aa2907c0d4,사우나속옷,속옷,부천자유시장,전통시장,경기도,3.0,3.0,,,RESOLVED_AGREEMENT,False,3,,,,
3a6e07aa0d988752655d,test,속옷,T2 동의어,q_속옷_02,내의,패션·잡화 중 '속옷'을 판매·제공하는 매장,002213bf-7f70-4e62-8df9-0c11e9f4d38d,에띠임,속옷,목포원도심상점가,자율상권구역,전라남도,3.0,3.0,,,RESOLVED_AGREEMENT,False,3,,,,
d84bafd5d075f99ff2b4,test,속옷,T2 동의어,q_속옷_02,내의,패션·잡화 중 '속옷'을 판매·제공하는 매장,b7d707bd-2d15-47da-90f9-2678b4aa0631,멋쟁이,내의,동대구역전시장,전통시장,대구광역시,3.0,3.0,,,RESOLVED_AGREEMENT,False,3,,,,
59c4e24cb3d3e8cf0293,test,속옷,T2 동의어,q_속옷_02,내의,패션·잡화 중 '속옷'을 판매·제공하는 매장,3c166483-d8b6-407d-961f-d686b71a2b61,트라이,내의,경주중심상가,전통시장,경상북도,3.0,3.0,,,RESOLVED_AGREEMENT,False,3,,,,
f67080b0b2cc00e50171,test,속옷,T2 동의어,q_속옷_02,내의,패션·잡화 중 '속옷'을 판매·제공하는 매장,85305915-3ed9-4cc8-9b92-4017fb079f3a,ESP마트,내의,광명전통시장,전통시장,경기도,3.0,3.0,,,RESOLVED_AGREEMENT,False,3,,,,
76cce8cc5faa242536ab,test,속옷,T2 동의어,q_속옷_02,내의,패션·잡화 중 '속옷'을 판매·제공하는 매장,804f6153-5d04-4854-ade9-0a2fb7ff1296,중앙1호점,내의,전주신중앙시장(구 중앙버드나무시장),전통시장,전북특별자치도,3.0,3.0,,,RESOLVED_AGREEMENT,False,3,,,,
6dd4e50544fa108ffca0,test,속옷,T2 동의어,q_속옷_02,내의,패션·잡화 중 '속옷'을 판매·제공하는 매장,734bb225-2ee1-4c9e-8b43-3eda641a79f7,석산상회,내의,서문시장2지구 종합상가,전통시장,대구광역시,3.0,3.0,,,RESOLVED_AGREEMENT,False,3,,,,
302382bc7791f2d0b5d9,test,속옷,T2 동의어,q_속옷_02,내의,패션·잡화 중 '속옷'을 판매·제공하는 매장,03395d48-32fa-4017-a31a-5d0e79526d15,삼미사,내의,경주성동공설시장,전통시장,경상북도,3.0,3.0,,,RESOLVED_AGREEMENT,False,3,,,,
da34d6af63f39fa73fa3,test,속옷,T2 동의어,q_속옷_02,내의,패션·잡화 중 '속옷'을 판매·제공하는 매장,054dde1c-49d1-4b40-bea6-e313a8163eca,쌍방울,내의,서산중심상가,자율상권구역,충청남도,3.0,3.0,,,RESOLVED_AGREEMENT,False,3,,,,
5f4073913deb6a1826fa,test,속옷,T2 동의어,q_속옷_02,내의,패션·잡화 중 '속옷'을 판매·제공하는 매장,4cfb184b-a6dd-4afa-9f42-e1e6dad3f3e7,비비안,내의,조치원중심가로상점가,자율상권구역,세종특별자치시,3.0,3.0,,,RESOLVED_AGREEMENT,False,3,,,,
8a9077a12cfc8ed73991,test,속옷,T2 동의어,q_속옷_02,내의,패션·잡화 중 '속옷'을 판매·제공하는 매장,0b2de4e7-0eea-42cd-aafe-aa8aa298ac82,꾸브라꼬 숯불치킨 첨단점,,첨단아미 골목형상점가,골목형상점가,,2.0,0.0,,,P1_BINARY_THRESHOLD,True,,,,,
3b26febd10cde56a9d37,test,속옷,T2 동의어,q_속옷_02,내의,패션·잡화 중 '속옷'을 판매·제공하는 매장,b8bc6342-4a34-49d3-bccd-76f1fd51e0e1,BYC,내의,구서오시게시장,전통시장,부산광역시,3.0,3.0,,,RESOLVED_AGREEMENT,False,3,,,,
a457c9e7afb9714b61a3,test,속옷,T2 동의어,q_속옷_02,내의,패션·잡화 중 '속옷'을 판매·제공하는 매장,7a6f09fc-3ed4-4cb4-8fea-73e6c1c2a814,미자샵,내의,포항죽도시장,전통시장,경상북도,3.0,3.0,,,RESOLVED_AGREEMENT,False,3,,,,
1f6b40c707dbaefa5b12,test,속옷,T2 동의어,q_속옷_02,내의,패션·잡화 중 '속옷'을 판매·제공하는 매장,07484573-ae2a-4cbd-8509-39b144c330ef,나무,도매(의류),신평화패션타운,전통시장,서울특별시,1.0,2.0,,,P1_BINARY_THRESHOLD,True,,,,,
f8893fc0998b292335cf,test,속옷,T2 동의어,q_속옷_02,내의,패션·잡화 중 '속옷'을 판매·제공하는 매장,b1b63ded-f055-4907-bd68-c98da0610ed5,대원딥스,내의,만물의거리시장,전통시장,부산광역시,3.0,3.0,,,RESOLVED_AGREEMENT,False,3,,,,
a8d0ac51140e6ccd0a82,test,속옷,T2 동의어,q_속옷_02,내의,패션·잡화 중 '속옷'을 판매·제공하는 매장,00054f1d-4cae-4345-9975-1423bc49e4dc,착한아이들,의류,중앙전통시장,전통시장,울산광역시,1.0,2.0,,,P1_BINARY_THRESHOLD,True,,,,,
2da98c2fe58d8e0d09d7,test,속옷,T2 동의어,q_속옷_02,내의,패션·잡화 중 '속옷'을 판매·제공하는 매장,0114f51c-6520-431d-85c7-c34ff7795c7e,브라운앤보그,,퀸덤3단지골목형상점가,골목형상점가,부산광역시,2.0,0.0,,,P1_BINARY_THRESHOLD,True,,,,,
585c84c7c959a00a0a6e,test,속옷,T2 동의어,q_속옷_02,내의,패션·잡화 중 '속옷'을 판매·제공하는 매장,000a92b3-0b5e-429e-af00-f86e3570e24b,클로버,의류,관문상가시장,전통시장,대구광역시,1.0,2.0,,,P1_BINARY_THRESHOLD,True,,,,,
ee6a2f7114068a9cbef1,test,속옷,T2 동의어,q_속옷_02,내의,패션·잡화 중 '속옷'을 판매·제공하는 매장,492f851f-b594-47ab-a33e-cf932e08e2a6,현준네,내의,신안프라자전통시장,전통시장,경기도,3.0,3.0,,,RESOLVED_AGREEMENT,False,3,,,,
6fef1c14258e66f0e377,test,속옷,T2 동의어,q_속옷_02,내의,패션·잡화 중 '속옷'을 판매·제공하는 매장,f04b4e0d-bc55-4f70-9a98-ff7a9a93eab9,중앙속옷,내의,부여중앙시장,전통시장,충청남도,3.0,3.0,,,RESOLVED_AGREEMENT,False,3,,,,
c966898e0206c46888e7,test,속옷,T2 동의어,q_속옷_02,내의,패션·잡화 중 '속옷'을 판매·제공하는 매장,022eed00-e4e9-46d1-b6ea-3b9ff6e46458,동아양말,양말,㈜르네시떼,전통시장,부산광역시,2.0,2.0,,,RESOLVED_AGREEMENT,False,2,,,,
49bce751a48125765fd4,test,속옷,T2 동의어,q_속옷_02,내의,패션·잡화 중 '속옷'을 판매·제공하는 매장,c82be465-ad06-44e3-973b-07f4e407d8a2,새로나,내의,김천평화시장,전통시장,경상북도,3.0,3.0,,,RESOLVED_AGREEMENT,False,3,,,,
86cd5800be1b1748c80c,test,속옷,T2 동의어,q_속옷_02,내의,패션·잡화 중 '속옷'을 판매·제공하는 매장,00158f51-4d3a-4ac0-9e38-b37552f5e097,지지배,의류,나주금빛상점가,자율상권구역,전라남도,1.0,2.0,,,P1_BINARY_THRESHOLD,True,,,,,
c262403841b3a500ccc1,test,속옷,T2 동의어,q_속옷_02,내의,패션·잡화 중 '속옷'을 판매·제공하는 매장,8c34cf3f-f453-4de4-b346-a6bf977fdc4f,시티상회,내의,창녕 남지시장,전통시장,경상남도,3.0,3.0,,,RESOLVED_AGREEMENT,False,3,,,,
3590db82eaac3c328a1b,test,속옷,T2 동의어,q_속옷_02,내의,패션·잡화 중 '속옷'을 판매·제공하는 매장,bb046856-ea13-48e3-89e9-a293f557fa44,아베카,내의,평화로상가,자율상권구역,경상북도,3.0,3.0,,,RESOLVED_AGREEMENT,False,3,,,,
34e779808a452bd612f1,test,속옷,T2 동의어,q_속옷_02,내의,패션·잡화 중 '속옷'을 판매·제공하는 매장,c4cef2d0-24d7-4317-a5a1-a752401b2510,쌍방울,내의,엑스포코아 골목형상점가,골목형상점가,대전광역시,3.0,3.0,,,RESOLVED_AGREEMENT,False,3,,,,
b21f04271ad7ad92b46a,test,속옷,T2 동의어,q_속옷_02,내의,패션·잡화 중 '속옷'을 판매·제공하는 매장,faef3f1b-8ab0-4d5f-a5cd-42cf010ca0f0,유명양품,내의,영도봉래시장,전통시장,부산광역시,3.0,3.0,,,RESOLVED_AGREEMENT,False,3,,,,
2d8c76761f36ff833baa,test,속옷,T2 동의어,q_속옷_02,내의,패션·잡화 중 '속옷'을 판매·제공하는 매장,b9218592-8eed-4920-9e92-d31eade74fd2,경수사,내의,팔달시민상가시장,전통시장,경기도,3.0,3.0,,,RESOLVED_AGREEMENT,False,3,,,,
e6d17d687ee51f2a85d7,test,속옷,T2 동의어,q_속옷_02,내의,패션·잡화 중 '속옷'을 판매·제공하는 매장,e21b135a-799a-4e5a-91aa-01d6d543d0a1,비너스,내의,주문진종합시장,전통시장,강원특별자치도,3.0,3.0,,,RESOLVED_AGREEMENT,False,3,,,,
db8cc77d2e628a647c9d,test,속옷,T2 동의어,q_속옷_02,내의,패션·잡화 중 '속옷'을 판매·제공하는 매장,127d7806-0718-4367-aa72-f2815133ddea,BYC,내의,태릉골목형상점가,골목형상점가,서울특별시,3.0,3.0,,,RESOLVED_AGREEMENT,False,3,,,,
7e338975211ccd7025ae,test,속옷,T2 동의어,q_속옷_02,내의,패션·잡화 중 '속옷'을 판매·제공하는 매장,c38a3a9d-d95c-432e-8b0e-e289b0ce73d6,은혜사,내의,영월종합상가,전통시장,강원특별자치도,3.0,3.0,,,RESOLVED_AGREEMENT,False,3,,,,
9ccf71a2d683521ebb66,test,속옷,T2 동의어,q_속옷_02,내의,패션·잡화 중 '속옷'을 판매·제공하는 매장,da9e2e28-c47c-4f68-88df-0b534dedee82,덕광사,내의,서문시장2지구 종합상가,전통시장,대구광역시,3.0,3.0,,,RESOLVED_AGREEMENT,False,3,,,,
0db7b91491affdb181d7,test,속옷,T2 동의어,q_속옷_02,내의,패션·잡화 중 '속옷'을 판매·제공하는 매장,006c0196-bbe9-41db-b76c-01cc834078d8,BYC전문점당감점,속옷,당감골목시장,전통시장,부산광역시,3.0,3.0,,,RESOLVED_AGREEMENT,False,3,,,,
3da6d3571bce7ce20af5,test,속옷,T2 동의어,q_속옷_02,내의,패션·잡화 중 '속옷'을 판매·제공하는 매장,011903e1-651a-425b-9942-46880c0b0ccc,체리핑크,"소매(속옷,란제리)",미금현대벤처빌시장,전통시장,경기도,3.0,3.0,,,RESOLVED_AGREEMENT,False,3,,,,
338067b93927e1090c91,test,속옷,T2 동의어,q_속옷_02,내의,패션·잡화 중 '속옷'을 판매·제공하는 매장,09b1e448-7a9a-4f85-976c-71cefed054f9,윈도우스토리,"브라인드, 커텐",광탄전통시장,전통시장,경기도,2.0,0.0,,,P1_BINARY_THRESHOLD,True,,,,,
8f57028630267a63309a,test,속옷,T2 동의어,q_속옷_02,내의,패션·잡화 중 '속옷'을 판매·제공하는 매장,41ecdad9-acae-4b9b-b592-23cad0aa2959,금상,내의,서문시장2지구 종합상가,전통시장,대구광역시,3.0,3.0,,,RESOLVED_AGREEMENT,False,3,,,,
9ccd9cceae656dc59ece,test,속옷,T2 동의어,q_속옷_02,내의,패션·잡화 중 '속옷'을 판매·제공하는 매장,8b1d262f-d086-48d1-bf35-9dca9647c631,여성내의류,내의,월성청구시장,전통시장,대구광역시,3.0,3.0,,,RESOLVED_AGREEMENT,False,3,,,,
93d917c986f3622e39ed,test,속옷,T2 동의어,q_속옷_02,내의,패션·잡화 중 '속옷'을 판매·제공하는 매장,a4fd7966-12f9-43b0-b369-59b36dd975ef,다모아,내의,중앙로상점가,자율상권구역,제주특별자치도,3.0,3.0,,,RESOLVED_AGREEMENT,False,3,,,,
710994c87f5432b9d03a,test,속옷,T2 동의어,q_속옷_02,내의,패션·잡화 중 '속옷'을 판매·제공하는 매장,15c6e912-c516-488e-a610-49249f555f3b,이영,내의,남대문시장,전통시장,서울특별시,3.0,3.0,,,RESOLVED_AGREEMENT,False,3,,,,
6faf255005f5d9cbfc71,test,속옷,T2 동의어,q_속옷_02,내의,패션·잡화 중 '속옷'을 판매·제공하는 매장,a5e4a4a7-2cf1-4515-b61e-0f5268c2e618,서울속옷,내의,함평천지 골목형상점가,골목형상점가,전라남도,3.0,3.0,,,RESOLVED_AGREEMENT,False,3,,,,
11c0bece5bdc95541fe6,test,속옷,T2 동의어,q_속옷_02,내의,패션·잡화 중 '속옷'을 판매·제공하는 매장,abd43cb6-82e2-44d7-811d-1a9a8fc10bdc,이브,내의,인천중앙로지하상가,일반지하상점가,인천광역시,3.0,3.0,,,RESOLVED_AGREEMENT,False,3,,,,
54e1d1768e43c96b73fc,test,속옷,T2 동의어,q_속옷_02,내의,패션·잡화 중 '속옷'을 판매·제공하는 매장,5d8c90c8-5f7c-46e3-a20a-45f3e5883339,신일,내의,옥골시장,전통시장,울산광역시,3.0,3.0,,,RESOLVED_AGREEMENT,False,3,,,,
8f6ea3b24bc9261912df,test,속옷,T2 동의어,q_속옷_02,내의,패션·잡화 중 '속옷'을 판매·제공하는 매장,0144c6bd-f905-4ee2-9acf-1d86a5327a86,승리상회,"일반내의, 양말",두류종합시장,전통시장,대구광역시,3.0,3.0,,,RESOLVED_AGREEMENT,False,3,,,,
b0443172f383494cda26,test,속옷,T2 동의어,q_속옷_02,내의,패션·잡화 중 '속옷'을 판매·제공하는 매장,01e84813-fc68-4e23-81c9-9e743cdd4bc0,서울상회,"양말, 잡화",부산남문시장,전통시장,부산광역시,2.0,2.0,,,RESOLVED_AGREEMENT,False,2,,,,
aaadbb536b283f2b8e8a,test,속옷,T2 동의어,q_속옷_02,내의,패션·잡화 중 '속옷'을 판매·제공하는 매장,aa54692f-d751-41ef-8432-dec331618713,스코파 더 쉐프,양식,청담동골목형상점가,골목형상점가,서울특별시,0.0,0.0,,,RESOLVED_AGREEMENT,False,0,,,,
24bb6246530937b0cb35,test,속옷,T2 동의어,q_속옷_02,내의,패션·잡화 중 '속옷'을 판매·제공하는 매장,e46eda19-f48f-4f2c-b181-402e23796aae,아빠코,내의,서문시장(명품프라자상가),전통시장,대구광역시,3.0,3.0,,,RESOLVED_AGREEMENT,False,3,,,,
416ce9fd0521196ca7cf,test,속옷,T2 동의어,q_속옷_02,내의,패션·잡화 중 '속옷'을 판매·제공하는 매장,58c59699-e265-4153-96b3-1d01d6dc75f2,부원냉삼집 거제레이카운티점,,쌍용레이단길 골목형상점가,골목형상점가,부산광역시,,0.0,Y,,P0_UNCERTAIN_OR_MISSING,True,,,,,
ed38b1a47eb1bc5b6285,test,속옷,T2 동의어,q_속옷_02,내의,패션·잡화 중 '속옷'을 판매·제공하는 매장,8c8a365b-99f1-4fc6-a2cf-8667300673f2,에블린,내의,서면지하도상가 서면몰(대현프리몰),일반지하상점가,부산광역시,3.0,3.0,,,RESOLVED_AGREEMENT,False,3,,,,
172c32d5fd4f18c3ab88,test,속옷,T2 동의어,q_속옷_02,내의,패션·잡화 중 '속옷'을 판매·제공하는 매장,25ea282a-deea-423d-b565-4aeb0d72b53a,BYC,내의,도량3주공상점가,골목형상점가,경상북도,3.0,3.0,,,RESOLVED_AGREEMENT,False,3,,,,
9ec7d0f0e9ac334bc9b6,test,속옷,T2 동의어,q_속옷_02,내의,패션·잡화 중 '속옷'을 판매·제공하는 매장,65c8ff30-5bd9-40fe-9831-cccc18ac604b,조일상회,내의,서문시장2지구 종합상가,전통시장,대구광역시,3.0,3.0,,,RESOLVED_AGREEMENT,False,3,,,,
235ff292b71ca8a0d114,test,속옷,T2 동의어,q_속옷_02,내의,패션·잡화 중 '속옷'을 판매·제공하는 매장,01ca0e12-5e9f-4cc8-a090-1d2535c35fcb,중앙란제리,내의판매점,문경중앙시장,전통시장,경상북도,3.0,3.0,,,RESOLVED_AGREEMENT,False,3,,,,
a7a635627609f7e9e521,test,속옷,T2 동의어,q_속옷_02,내의,패션·잡화 중 '속옷'을 판매·제공하는 매장,29332dac-28da-4a5c-b5fc-517676934ac6,강여사명인전,음식점,남부골목시장,전통시장,서울특별시,0.0,0.0,,,RESOLVED_AGREEMENT,False,0,,,,
98123db33ab56c0d6489,test,속옷,T2 동의어,q_속옷_02,내의,패션·잡화 중 '속옷'을 판매·제공하는 매장,c1f72d42-6bcd-4928-a536-0f731b98f6a0,빨간내복,내의,문경중앙시장,전통시장,경상북도,3.0,3.0,,,RESOLVED_AGREEMENT,False,3,,,,
410022f41ad896d7fb02,test,속옷,T2 동의어,q_속옷_02,내의,패션·잡화 중 '속옷'을 판매·제공하는 매장,e8ac14cd-6c0b-433c-84c4-1ac3aeff260c,화창레스,내의,경주성동공설시장,전통시장,경상북도,3.0,3.0,,,RESOLVED_AGREEMENT,False,3,,,,
ed3ccfcfd05d492e8e2a,test,속옷,T2 동의어,q_속옷_02,내의,패션·잡화 중 '속옷'을 판매·제공하는 매장,00124602-ef4e-472c-91ee-de53b28d7530,화이트,의류,울산번개시장,전통시장,울산광역시,1.0,2.0,,,P1_BINARY_THRESHOLD,True,,,,,
8e7b7d24a9424388b1fd,test,속옷,T2 동의어,q_속옷_02,내의,패션·잡화 중 '속옷'을 판매·제공하는 매장,19b25d01-5070-4f96-8768-8775a7d9eac5,국제양말,내의,갈마프라자 골목형상점가,골목형상점가,대전광역시,3.0,3.0,,,RESOLVED_AGREEMENT,False,3,,,,
564d8a12ee3f723539ff,test,속옷,T2 동의어,q_속옷_02,내의,패션·잡화 중 '속옷'을 판매·제공하는 매장,db674104-a3c7-471f-a796-5cf89246a5ed,기준네,내의,신포시장,전통시장,인천광역시,3.0,3.0,,,RESOLVED_AGREEMENT,False,3,,,,
0c6e4c28fdeeb1e9b1e2,test,속옷,T2 동의어,q_속옷_02,내의,패션·잡화 중 '속옷'을 판매·제공하는 매장,3bb4903c-51a1-4778-a474-332aab9219d1,BYC,내의,신아타운,전통시장,서울특별시,3.0,3.0,,,RESOLVED_AGREEMENT,False,3,,,,
3a310f8c774c7fad6763,test,속옷,T2 동의어,q_속옷_02,내의,패션·잡화 중 '속옷'을 판매·제공하는 매장,00172c94-61f0-4197-afeb-d7e8187c79b5,옷이예쁘다,의류,메트로센터(반월당지하쇼핑),일반지하상점가,대구광역시,1.0,2.0,,,P1_BINARY_THRESHOLD,True,,,,,
b4140f43338f245d7750,test,속옷,T2 동의어,q_속옷_02,내의,패션·잡화 중 '속옷'을 판매·제공하는 매장,6a25287e-186a-4be0-be83-5666f065ceb3,죽장상회,내의,신금정시장 골목형 상점가,골목형상점가,부산광역시,3.0,3.0,,,RESOLVED_AGREEMENT,False,3,,,,
8375efed13c1128b68cd,test,속옷,T2 동의어,q_속옷_02,내의,패션·잡화 중 '속옷'을 판매·제공하는 매장,002fded9-56a2-42e6-ad4e-06dab5ab6c83,못골메리야스,내의류,못골골목시장,전통시장,부산광역시,3.0,3.0,,,RESOLVED_AGREEMENT,False,3,,,,
603b74fd6e36ecba2fe7,test,속옷,T2 동의어,q_속옷_02,내의,패션·잡화 중 '속옷'을 판매·제공하는 매장,01459610-611f-4516-aa05-19e8e4a11b6d,양평상회,내의,제천중앙시장,전통시장,충청북도,3.0,3.0,,,RESOLVED_AGREEMENT,False,3,,,,
59b5f03b5019ebd1630a,test,속옷,T2 동의어,q_속옷_02,내의,패션·잡화 중 '속옷'을 판매·제공하는 매장,f6e39fa1-e560-4545-8d4c-51c4e9ded8aa,. 주식회사 정직한정육,정육,한솔센터 골목형상점가,골목형상점가,세종특별자치시,0.0,0.0,,,RESOLVED_AGREEMENT,False,0,,,,
868c51f2c767f9fea5a9,test,속옷,T2 동의어,q_속옷_02,내의,패션·잡화 중 '속옷'을 판매·제공하는 매장,266fba44-69db-400d-969f-6eab0cddeaa2,쌍방울,내의,용호골목시장,전통시장,부산광역시,3.0,3.0,,,RESOLVED_AGREEMENT,False,3,,,,
18e5d16afbbca2fb712d,test,속옷,T2 동의어,q_속옷_02,내의,패션·잡화 중 '속옷'을 판매·제공하는 매장,8bf3f125-96cd-44ce-a35d-427914dad6aa,성우쇼핑,내의,산격종합시장,전통시장,대구광역시,3.0,3.0,,,RESOLVED_AGREEMENT,False,3,,,,
362e0713ab8bf06c2e1f,test,속옷,T2 동의어,q_속옷_02,내의,패션·잡화 중 '속옷'을 판매·제공하는 매장,1b1c0359-fa68-427b-8578-935eb90ca2e2,아주상회,내의,영등포전통시장,자율상권구역,서울특별시,3.0,3.0,,,RESOLVED_AGREEMENT,False,3,,,,
f3947b4c4350154a0161,test,속옷,T2 동의어,q_속옷_02,내의,패션·잡화 중 '속옷'을 판매·제공하는 매장,ae7639a1-584e-4842-91b4-27bf97f571d5,엄마방,내의,강진읍 상권활성화구역,상권활성화구역,전라남도,3.0,3.0,,,RESOLVED_AGREEMENT,False,3,,,,
35fb7bb150618a21268b,test,속옷,T2 동의어,q_속옷_02,내의,패션·잡화 중 '속옷'을 판매·제공하는 매장,0814ee58-d9d2-4c03-8bf2-5b3793d6d188,경진상회,청과물,부전농수산물새벽시장,전통시장,부산광역시,0.0,0.0,,,RESOLVED_AGREEMENT,False,0,,,,
1f1d2efb8708d4b9db09,test,속옷,T2 동의어,q_속옷_02,내의,패션·잡화 중 '속옷'을 판매·제공하는 매장,aa584cb6-9d49-424e-8e86-01a2aabb536c,정화사,내의,제2경주중심상가시장(경주봉황중심상가시장),전통시장,경상북도,3.0,3.0,,,RESOLVED_AGREEMENT,False,3,,,,
bfc11971625027cbcfb6,test,속옷,T2 동의어,q_속옷_02,내의,패션·잡화 중 '속옷'을 판매·제공하는 매장,01725ea8-909a-45e7-86dc-3983579c9c4d,이강상사(트라이),내의,신대방1동온누리길골목형상점가,골목형상점가,서울특별시,3.0,3.0,,,RESOLVED_AGREEMENT,False,3,,,,
829ea8436d2c65a1813a,test,속옷,T2 동의어,q_속옷_02,내의,패션·잡화 중 '속옷'을 판매·제공하는 매장,52bd3720-4598-49e4-883f-e8b1917f2372,K.D유통,내의,정이있는 구포시장,전통시장,부산광역시,3.0,3.0,,,RESOLVED_AGREEMENT,False,3,,,,
d16f9c90be0512e82406,test,속옷,T2 동의어,q_속옷_02,내의,패션·잡화 중 '속옷'을 판매·제공하는 매장,00660911-d1ad-4623-b1da-ec818e3dd2c8,하얀느낌,란제리 양말 속옷,한빛프라자 골목형상점가,골목형상점가,대전광역시,3.0,3.0,,,RESOLVED_AGREEMENT,False,3,,,,
caf121b951d712799806,test,속옷,T2 동의어,q_속옷_02,내의,패션·잡화 중 '속옷'을 판매·제공하는 매장,c863d155-0efc-4378-b49f-16c7eac676fa,쌍방울,내의,포항죽도농산물시장,전통시장,경상북도,3.0,3.0,,,RESOLVED_AGREEMENT,False,3,,,,
0ae8b572e93aff760257,test,속옷,T2 동의어,q_속옷_02,내의,패션·잡화 중 '속옷'을 판매·제공하는 매장,ecfd2a4f-e119-47da-bcbd-96a4510805c9,토호,내의,금남지하도상가 1공구,일반지하상점가,광주광역시,3.0,3.0,,,RESOLVED_AGREEMENT,False,3,,,,
0e8d864ae9c4825e2703,test,속옷,T2 동의어,q_속옷_02,내의,패션·잡화 중 '속옷'을 판매·제공하는 매장,986bef7f-4e22-4c06-aaf7-8a404c7906a6,팔결상회,내의,청주육거리종합시장,전통시장,충청북도,3.0,3.0,,,RESOLVED_AGREEMENT,False,3,,,,
24a39176dbea80a4da7f,test,속옷,T2 동의어,q_속옷_02,내의,패션·잡화 중 '속옷'을 판매·제공하는 매장,011a3d49-59b4-4598-a6ff-668f578f5094,그린브라우니내동점,,내동서부 골목형상점가,골목형상점가,대전광역시,2.0,0.0,,,P1_BINARY_THRESHOLD,True,,,,,
3290c86763faf79e5d19,test,속옷,T2 동의어,q_속옷_02,내의,패션·잡화 중 '속옷'을 판매·제공하는 매장,f3d8aa4b-d1cf-450d-9284-f6e1d4ca176b,정국상회,내의,충주자유시장,전통시장,충청북도,3.0,3.0,,,RESOLVED_AGREEMENT,False,3,,,,
e7b053d567c71ceef114,test,속옷,T2 동의어,q_속옷_02,내의,패션·잡화 중 '속옷'을 판매·제공하는 매장,bff53cda-b2b7-4559-abfa-4749c9d54e48,쌍방울,내의,중앙로 지하상가 상점가,일반지하상점가,대전광역시,3.0,3.0,,,RESOLVED_AGREEMENT,False,3,,,,
6b06e993fde07cc991d8,test,속옷,T2 동의어,q_속옷_02,내의,패션·잡화 중 '속옷'을 판매·제공하는 매장,19a00a0e-4d2b-4c23-b26f-8d8d5affc715,학상회,내의,도마큰시장,전통시장,대전광역시,3.0,3.0,,,RESOLVED_AGREEMENT,False,3,,,,
bfc959406c8800f416cc,test,속옷,T2 동의어,q_속옷_02,내의,패션·잡화 중 '속옷'을 판매·제공하는 매장,0a2b55d0-03da-4657-907b-758f53bdbe60,효제브라이덜(Hyoje Bridal),,대봉동 대백 골목형상점가,골목형상점가,대구광역시,2.0,0.0,,,P1_BINARY_THRESHOLD,True,,,,,
aff7ce8119b89325cb39,test,속옷,T2 동의어,q_속옷_02,내의,패션·잡화 중 '속옷'을 판매·제공하는 매장,71cfa64b-dc11-4099-b60f-96f119359e64,BYC,내의,스타프라자전통시장,전통시장,경기도,3.0,3.0,,,RESOLVED_AGREEMENT,False,3,,,,
beaa1c9a00636dc49efe,test,속옷,T2 동의어,q_속옷_02,내의,패션·잡화 중 '속옷'을 판매·제공하는 매장,ec06910f-0fec-419c-a7da-10254be65ba2,TRY,내의,김해 중앙상점가,자율상권구역,경상남도,3.0,3.0,,,RESOLVED_AGREEMENT,False,3,,,,
1d39e227646e108e03a4,test,속옷,T2 동의어,q_속옷_02,내의,패션·잡화 중 '속옷'을 판매·제공하는 매장,7a65a183-4adf-42d0-a456-8777c5e5feef,서울란제리,내의,부산국제시장,전통시장,부산광역시,3.0,3.0,,,RESOLVED_AGREEMENT,False,3,,,,
03f1178a01cffbae65b6,test,속옷,T2 동의어,q_속옷_02,내의,패션·잡화 중 '속옷'을 판매·제공하는 매장,740ef2cb-02db-44ba-820a-1ee9b1439c83,BYC,내의,호계공설시장,전통시장,울산광역시,3.0,3.0,,,RESOLVED_AGREEMENT,False,3,,,,
e3cdfd9c1890045fed3f,test,속옷,T2 동의어,q_속옷_02,내의,패션·잡화 중 '속옷'을 판매·제공하는 매장,d07f3537-5e66-4c37-9c63-c1cf159f4556,영패션,내의,강화버스터미널시장,전통시장,인천광역시,3.0,3.0,,,RESOLVED_AGREEMENT,False,3,,,,
1dba8d2c3f842a4812aa,test,속옷,T2 동의어,q_속옷_02,내의,패션·잡화 중 '속옷'을 판매·제공하는 매장,df7e2e5b-92ed-4834-99c4-8acb9b660b32,모성,내의,부산진시장,전통시장,부산광역시,3.0,3.0,,,RESOLVED_AGREEMENT,False,3,,,,
514f785dda732d706edc,test,속옷,T2 동의어,q_속옷_02,내의,패션·잡화 중 '속옷'을 판매·제공하는 매장,d432195a-cd14-4f3f-a098-2ed94699c0a4,구경상회,내의,부산남문시장,전통시장,부산광역시,3.0,3.0,,,RESOLVED_AGREEMENT,False,3,,,,
2a01e80892d3c86bd20a,test,속옷,T2 동의어,q_속옷_02,내의,패션·잡화 중 '속옷'을 판매·제공하는 매장,9c6ec9e2-fe4e-4237-9537-f1d7eebc9c36,대성약국,소매 양약,문창동 보물찾(Chat)길 골목형상점가,골목형상점가,대전광역시,0.0,0.0,,,RESOLVED_AGREEMENT,False,0,,,,
a16faf02f11869d63b1c,test,속옷,T2 동의어,q_속옷_02,내의,패션·잡화 중 '속옷'을 판매·제공하는 매장,01638941-6206-4662-b5d9-0e2cae1a4133,하마유통,속옷,서구청먹자골목상인회 골목형상점가,골목형상점가,광주광역시,3.0,3.0,,,RESOLVED_AGREEMENT,False,3,,,,
5d3880e99fa05ab3a6ee,test,속옷,T2 동의어,q_속옷_02,내의,패션·잡화 중 '속옷'을 판매·제공하는 매장,c6896eba-66e6-4f50-844c-0e315322da9a,예스,내의,젊음의거리 상점가,자율상권구역,울산광역시,3.0,3.0,,,RESOLVED_AGREEMENT,False,3,,,,
5a2e312cdcfab1826468,test,속옷,T2 동의어,q_속옷_02,내의,패션·잡화 중 '속옷'을 판매·제공하는 매장,fe3a0c92-0c75-4e14-9708-965716232135,동일사,내의,남원공설시장,전통시장,전북특별자치도,3.0,3.0,,,RESOLVED_AGREEMENT,False,3,,,,
b46d479fcf4b32baa359,test,속옷,T2 동의어,q_속옷_02,내의,패션·잡화 중 '속옷'을 판매·제공하는 매장,5891342f-50d2-4478-ae86-6511f5fda62c,신창사,내의,동문시장㈜,전통시장,제주특별자치도,3.0,3.0,,,RESOLVED_AGREEMENT,False,3,,,,
7b9b4173f6a52f5e8343,test,속옷,T2 동의어,q_속옷_02,내의,패션·잡화 중 '속옷'을 판매·제공하는 매장,65f14945-853b-42d0-aaf9-65b0ec109cdc,부평속옷패션,내의,음성시장,전통시장,충청북도,3.0,3.0,,,RESOLVED_AGREEMENT,False,3,,,,
b98b4a8cd7814c5f0992,test,속옷,T2 동의어,q_속옷_02,내의,패션·잡화 중 '속옷'을 판매·제공하는 매장,1bae3cf1-3d7f-4dd1-8cf3-1acf134870ac,폴드베이커리(FOLD BAKERY),제과,합정하늘길골목형상점가,골목형상점가,서울특별시,0.0,0.0,,,RESOLVED_AGREEMENT,False,0,,,,
8b437b99399e1d597949,test,속옷,T2 동의어,q_속옷_02,내의,패션·잡화 중 '속옷'을 판매·제공하는 매장,bb5d99ef-2e03-4057-9ab7-ed3a55d8d254,현대코너,내의,문산자유시장,전통시장,경기도,3.0,3.0,,,RESOLVED_AGREEMENT,False,3,,,,
6db73f691ad7b48d0b88,test,속옷,T2 동의어,q_속옷_02,내의,패션·잡화 중 '속옷'을 판매·제공하는 매장,fa1c0f52-54ec-494c-a215-81aba2f7951d,이브,내의,영등포시장지하도상점가,일반지하상점가,서울특별시,3.0,3.0,,,RESOLVED_AGREEMENT,False,3,,,,
84c6f96d3cc1257ef327,test,속옷,T2 동의어,q_속옷_02,내의,패션·잡화 중 '속옷'을 판매·제공하는 매장,51aa1e74-e5a4-43bf-9041-1d18bd637836,다연,내의,초량전통시장,전통시장,부산광역시,3.0,3.0,,,RESOLVED_AGREEMENT,False,3,,,,
8f530e8391ab5c53bc63,test,속옷,T2 동의어,q_속옷_02,내의,패션·잡화 중 '속옷'을 판매·제공하는 매장,018f4157-7354-4b1a-85eb-b9da2435df9d,뻥어물24 성원양말,"양말, 계란, 뻥튀기 등",당감골목시장,전통시장,부산광역시,2.0,2.0,,,RESOLVED_AGREEMENT,False,2,,,,
31835ae56a7c79db6a10,test,속옷,T2 동의어,q_속옷_03,브라,패션·잡화 중 '속옷'을 판매·제공하는 매장,848450a2-929f-402d-9ba3-91e8f96a45e1,브라운면,한식,증평군 중앙로 골목형상점가,골목형상점가,충청북도,2.0,0.0,,,P1_BINARY_THRESHOLD,True,,,,,
5e7f98b90cd27eca4540,test,속옷,T2 동의어,q_속옷_03,브라,패션·잡화 중 '속옷'을 판매·제공하는 매장,c0f45014-2374-4520-ba70-f27370d78915,브라이드마리,웨딩드레스,백석역 골목형상점가,골목형상점가,경기도,2.0,0.0,,,P1_BINARY_THRESHOLD,True,,,,,
3ba85440da8ef74916e3,test,속옷,T2 동의어,q_속옷_03,브라,패션·잡화 중 '속옷'을 판매·제공하는 매장,5fc57a87-f797-4053-bcf5-707ad66c29c4,브라더스,분식,서문시장2지구 종합상가,전통시장,대구광역시,2.0,0.0,,,P1_BINARY_THRESHOLD,True,,,,,
38bde033448b6f72e7bd,test,속옷,T2 동의어,q_속옷_03,브라,패션·잡화 중 '속옷'을 판매·제공하는 매장,e4a6611c-6d6f-4788-9238-5e619e154404,은성제분,식품 제분,서울약령시장,전통시장,서울특별시,0.0,0.0,,,RESOLVED_AGREEMENT,False,0,,,,
f9653bdb128182362b2b,test,속옷,T2 동의어,q_속옷_03,브라,패션·잡화 중 '속옷'을 판매·제공하는 매장,ea8b3196-81aa-4ea6-9ee6-4c66b1ad6201,컴포즈커피 김포사우점,커피,김포 풍년마을 골목형상점가,골목형상점가,경기도,0.0,0.0,,,RESOLVED_AGREEMENT,False,0,,,,
8a3aba03aebe9d66332a,test,속옷,T2 동의어,q_속옷_03,브라,패션·잡화 중 '속옷'을 판매·제공하는 매장,5d8fc0d2-a150-4666-bd59-938dd60393cf,브라비PC카페,피씨방,순헌황귀비길 골목형상점가,골목형상점가,서울특별시,2.0,0.0,,,P1_BINARY_THRESHOLD,True,,,,,
7f8225d408162b7fdf27,test,속옷,T2 동의어,q_속옷_03,브라,패션·잡화 중 '속옷'을 판매·제공하는 매장,9e46c73d-fd85-450f-a91f-b5c3d4628a3e,브라운우드,브런치카페,전주혁신사랑 골목형상점가,골목형상점가,전북특별자치도,2.0,0.0,,,P1_BINARY_THRESHOLD,True,,,,,
6d6d2118cc8492d32605,test,속옷,T2 동의어,q_속옷_03,브라,패션·잡화 중 '속옷'을 판매·제공하는 매장,01725ea8-909a-45e7-86dc-3983579c9c4d,이강상사(트라이),내의,신대방1동온누리길골목형상점가,골목형상점가,서울특별시,2.0,3.0,,,P2_GRADED_ONLY,True,,,,,
221ed595a945e8465365,test,속옷,T2 동의어,q_속옷_03,브라,패션·잡화 중 '속옷'을 판매·제공하는 매장,0144c6bd-f905-4ee2-9acf-1d86a5327a86,승리상회,"일반내의, 양말",두류종합시장,전통시장,대구광역시,2.0,3.0,,,P2_GRADED_ONLY,True,,,,,
3324a3cf97089d2fcc85,test,속옷,T2 동의어,q_속옷_03,브라,패션·잡화 중 '속옷'을 판매·제공하는 매장,000a92b3-0b5e-429e-af00-f86e3570e24b,클로버,의류,관문상가시장,전통시장,대구광역시,1.0,2.0,,,P1_BINARY_THRESHOLD,True,,,,,
d245d9623c428b939d00,test,속옷,T2 동의어,q_속옷_03,브라,패션·잡화 중 '속옷'을 판매·제공하는 매장,0b4edd79-aa94-45d2-b962-fb092faa540d,유한회사 브라운컴퍼니,의류,전주원도심 골목형상점가,골목형상점가,전북특별자치도,2.0,3.0,,,P2_GRADED_ONLY,True,,,,,
9d48d557b4e5c007e5b3,test,속옷,T2 동의어,q_속옷_03,브라,패션·잡화 중 '속옷'을 판매·제공하는 매장,01e84813-fc68-4e23-81c9-9e743cdd4bc0,서울상회,"양말, 잡화",부산남문시장,전통시장,부산광역시,2.0,2.0,,,RESOLVED_AGREEMENT,False,2,,,,
f479e2d0a6157da66d98,test,속옷,T2 동의어,q_속옷_03,브라,패션·잡화 중 '속옷'을 판매·제공하는 매장,0a2b55d0-03da-4657-907b-758f53bdbe60,효제브라이덜(Hyoje Bridal),,대봉동 대백 골목형상점가,골목형상점가,대구광역시,3.0,0.0,,,P1_BINARY_THRESHOLD,True,,,,,
7e975d628456454c1928,test,속옷,T2 동의어,q_속옷_03,브라,패션·잡화 중 '속옷'을 판매·제공하는 매장,28ef7668-579f-48d0-93f2-bd416a347c46,체리 브라운,의류,두텁바위 골목형상점가,골목형상점가,서울특별시,2.0,3.0,,,P2_GRADED_ONLY,True,,,,,
dbbdcc50de1424148828,test,속옷,T2 동의어,q_속옷_03,브라,패션·잡화 중 '속옷'을 판매·제공하는 매장,00660911-d1ad-4623-b1da-ec818e3dd2c8,하얀느낌,란제리 양말 속옷,한빛프라자 골목형상점가,골목형상점가,대전광역시,3.0,3.0,,,RESOLVED_AGREEMENT,False,3,,,,
89fafa4223b9522aff00,test,속옷,T2 동의어,q_속옷_03,브라,패션·잡화 중 '속옷'을 판매·제공하는 매장,55a33aac-edc4-409b-83b9-598c66759fd4,브라운베어,휴게음식점,법리단길 골목형상점가,골목형상점가,전북특별자치도,2.0,0.0,,,P1_BINARY_THRESHOLD,True,,,,,
454a0274e8df2fff610a,test,속옷,T2 동의어,q_속옷_03,브라,패션·잡화 중 '속옷'을 판매·제공하는 매장,3862937b-b0d3-48a2-a32a-947772fcea3e,브라운돈까스,돈까스,소담마실길 골목형상점가,골목형상점가,세종특별자치시,2.0,0.0,,,P1_BINARY_THRESHOLD,True,,,,,
a62d3b853ff953aeabc7,test,속옷,T2 동의어,q_속옷_03,브라,패션·잡화 중 '속옷'을 판매·제공하는 매장,60635d48-1844-4ead-a376-2119e6da61b9,닭갈비 제작소,닭갈비,빛가람 로데오 골목형상점가,골목형상점가,전라남도,0.0,0.0,,,RESOLVED_AGREEMENT,False,0,,,,
165ec826332031e52f7a,test,속옷,T2 동의어,q_속옷_03,브라,패션·잡화 중 '속옷'을 판매·제공하는 매장,6fdba180-dd8c-4be6-babf-7b8c058ec0c1,원더브라,속옷,메트로센터(반월당지하쇼핑),일반지하상점가,대구광역시,3.0,3.0,,,RESOLVED_AGREEMENT,False,3,,,,
1b7d83149d411ac9a907,test,속옷,T2 동의어,q_속옷_03,브라,패션·잡화 중 '속옷'을 판매·제공하는 매장,ca84ab2f-20a3-4ed0-a608-7993f0482019,브라더,야채과일,자양전통시장,전통시장,서울특별시,2.0,0.0,,,P1_BINARY_THRESHOLD,True,,,,,
ee26ae8f0a2c5b3529dc,test,속옷,T2 동의어,q_속옷_03,브라,패션·잡화 중 '속옷'을 판매·제공하는 매장,69194ac3-a734-4acc-b5c0-4efa26fbdda5,브라보수산,수산물,명일전통시장,전통시장,서울특별시,2.0,0.0,,,P1_BINARY_THRESHOLD,True,,,,,
a10d30b2af3340bf7fc0,test,속옷,T2 동의어,q_속옷_03,브라,패션·잡화 중 '속옷'을 판매·제공하는 매장,002fded9-56a2-42e6-ad4e-06dab5ab6c83,못골메리야스,내의류,못골골목시장,전통시장,부산광역시,2.0,3.0,,,P2_GRADED_ONLY,True,,,,,
f3e38aa3dd161eef4557,test,속옷,T2 동의어,q_속옷_03,브라,패션·잡화 중 '속옷'을 판매·제공하는 매장,00172c94-61f0-4197-afeb-d7e8187c79b5,옷이예쁘다,의류,메트로센터(반월당지하쇼핑),일반지하상점가,대구광역시,1.0,2.0,,,P1_BINARY_THRESHOLD,True,,,,,
724b8b584afe5eacac98,test,속옷,T2 동의어,q_속옷_03,브라,패션·잡화 중 '속옷'을 판매·제공하는 매장,006c0196-bbe9-41db-b76c-01cc834078d8,BYC전문점당감점,속옷,당감골목시장,전통시장,부산광역시,3.0,3.0,,,RESOLVED_AGREEMENT,False,3,,,,
0fb003b29fcb7c0f038d,test,속옷,T2 동의어,q_속옷_03,브라,패션·잡화 중 '속옷'을 판매·제공하는 매장,002213bf-7f70-4e62-8df9-0c11e9f4d38d,에띠임,속옷,목포원도심상점가,자율상권구역,전라남도,3.0,3.0,,,RESOLVED_AGREEMENT,False,3,,,,
54b08402e5fff650a52e,test,속옷,T2 동의어,q_속옷_03,브라,패션·잡화 중 '속옷'을 판매·제공하는 매장,00124602-ef4e-472c-91ee-de53b28d7530,화이트,의류,울산번개시장,전통시장,울산광역시,1.0,2.0,,,P1_BINARY_THRESHOLD,True,,,,,
94728ebd9e8a8f62a92c,test,속옷,T2 동의어,q_속옷_03,브라,패션·잡화 중 '속옷'을 판매·제공하는 매장,de38da0f-8b4b-4ac0-af44-11280346d993,쟌디의상실,의류,쌍리단길상점가,자율상권구역,서울특별시,1.0,2.0,,,P1_BINARY_THRESHOLD,True,,,,,
5c9b157d256979d8f6df,test,속옷,T2 동의어,q_속옷_03,브라,패션·잡화 중 '속옷'을 판매·제공하는 매장,01459610-611f-4516-aa05-19e8e4a11b6d,양평상회,내의,제천중앙시장,전통시장,충청북도,2.0,3.0,,,P2_GRADED_ONLY,True,,,,,
2ad315dcce6df0e53fa7,test,속옷,T2 동의어,q_속옷_03,브라,패션·잡화 중 '속옷'을 판매·제공하는 매장,07a7c4c8-dc1b-4aeb-b8d6-1cf63d01228b,브릳,,풍무동1 골목형상점가,골목형상점가,경기도,,0.0,Y,,P0_UNCERTAIN_OR_MISSING,True,,,,,
1491d8331bc416eee439,test,속옷,T2 동의어,q_속옷_03,브라,패션·잡화 중 '속옷'을 판매·제공하는 매장,979b0ab4-18b4-41d9-aa1b-099eb621dd09,브라운필투,커피,상도전통시장,전통시장,서울특별시,2.0,0.0,,,P1_BINARY_THRESHOLD,True,,,,,
8d3ccb313ee42b734627,test,속옷,T2 동의어,q_속옷_03,브라,패션·잡화 중 '속옷'을 판매·제공하는 매장,afbd41e8-1947-4fce-9f45-b65f780cf6d2,주식회사 브라이덜온유,,사직중앙로 골목형상점가,골목형상점가,광주광역시,3.0,0.0,,,P1_BINARY_THRESHOLD,True,,,,,
282c84ae3b6360df0ee4,test,속옷,T2 동의어,q_속옷_03,브라,패션·잡화 중 '속옷'을 판매·제공하는 매장,c3374e47-62c7-43e3-9338-cbaf782cc071,브라더족발,족발,작전시장,전통시장,인천광역시,2.0,0.0,,,P1_BINARY_THRESHOLD,True,,,,,
30a97a7bffd6c7ee2e2c,test,속옷,T2 동의어,q_속옷_03,브라,패션·잡화 중 '속옷'을 판매·제공하는 매장,2b2efd22-554f-4e63-a881-a37882320419,아름다운 동행 마실,한식,칠성로상점가,자율상권구역,제주특별자치도,0.0,0.0,,,RESOLVED_AGREEMENT,False,0,,,,
ced6c215747724ac7577,test,속옷,T2 동의어,q_속옷_03,브라,패션·잡화 중 '속옷'을 판매·제공하는 매장,98c1a0da-2868-4aa9-9fb4-37311062fde6,브라더코스메틱,잡화 화장품,금촌문화로시장,전통시장,경기도,2.0,3.0,,,P2_GRADED_ONLY,True,,,,,
0bb3aff8bef224d85264,test,속옷,T2 동의어,q_속옷_03,브라,패션·잡화 중 '속옷'을 판매·제공하는 매장,011a3d49-59b4-4598-a6ff-668f578f5094,그린브라우니내동점,,내동서부 골목형상점가,골목형상점가,대전광역시,3.0,0.0,,,P1_BINARY_THRESHOLD,True,,,,,
f74aae53350d14847f6e,test,속옷,T2 동의어,q_속옷_03,브라,패션·잡화 중 '속옷'을 판매·제공하는 매장,ff20b526-42b4-4705-9fe7-02f03394aed3,디씨데코,"커튼, 브라인드",상동 패션거리 골목형상점가,골목형상점가,전라남도,3.0,0.0,,,P1_BINARY_THRESHOLD,True,,,,,
9fb77c926b4812fb15f1,test,속옷,T2 동의어,q_속옷_03,브라,패션·잡화 중 '속옷'을 판매·제공하는 매장,be4bb5db-12a4-43bc-abe9-101958794086,브라더스,한식,신용동 골목형상점가,골목형상점가,광주광역시,2.0,0.0,,,P1_BINARY_THRESHOLD,True,,,,,
f03368bf5efa93d9f678,test,속옷,T2 동의어,q_속옷_03,브라,패션·잡화 중 '속옷'을 판매·제공하는 매장,022eed00-e4e9-46d1-b6ea-3b9ff6e46458,동아양말,양말,㈜르네시떼,전통시장,부산광역시,2.0,2.0,,,RESOLVED_AGREEMENT,False,2,,,,
fd5f15cdd7174ca4e10b,test,속옷,T2 동의어,q_속옷_03,브라,패션·잡화 중 '속옷'을 판매·제공하는 매장,6fc67463-c0ed-46f7-b970-badc3478af61,브라보툴,공구 외,전남대 상대 골목형상점가,골목형상점가,광주광역시,2.0,0.0,,,P1_BINARY_THRESHOLD,True,,,,,
206c8e51ddb7dd99f299,test,속옷,T2 동의어,q_속옷_03,브라,패션·잡화 중 '속옷'을 판매·제공하는 매장,00ae4fd3-cbf9-40fb-8a1b-1e6a0b5ac38b,브라운워크룸,음식점,동문공설시장,전통시장,제주특별자치도,2.0,0.0,,,P1_BINARY_THRESHOLD,True,,,,,
2bbdb31f014d69c36e86,test,속옷,T2 동의어,q_속옷_03,브라,패션·잡화 중 '속옷'을 판매·제공하는 매장,e67dbad4-4606-49da-b7f2-dd9f24666575,브라보,한식,임방울거리1구역 골목형상점가,골목형상점가,광주광역시,2.0,0.0,,,P1_BINARY_THRESHOLD,True,,,,,
364abc88c4e5886c0371,test,속옷,T2 동의어,q_속옷_03,브라,패션·잡화 중 '속옷'을 판매·제공하는 매장,11b55e1e-37e3-48df-9975-ce7172f6ff1b,야호식품,채소,남원용남시장,전통시장,전북특별자치도,0.0,0.0,,,RESOLVED_AGREEMENT,False,0,,,,
aaf13e2744cd8a48a1bf,test,속옷,T2 동의어,q_속옷_03,브라,패션·잡화 중 '속옷'을 판매·제공하는 매장,8c4d9b33-c25d-41da-9b8d-53cf50bf1812,브라더 신양꼬치,중식,신월7동골목형상점가,골목형상점가,서울특별시,2.0,0.0,,,P1_BINARY_THRESHOLD,True,,,,,
96f2810797d4bfca1323,test,속옷,T2 동의어,q_속옷_03,브라,패션·잡화 중 '속옷'을 판매·제공하는 매장,011903e1-651a-425b-9942-46880c0b0ccc,체리핑크,"소매(속옷,란제리)",미금현대벤처빌시장,전통시장,경기도,3.0,3.0,,,RESOLVED_AGREEMENT,False,3,,,,
2fb534e426d8cf6a2580,test,속옷,T2 동의어,q_속옷_03,브라,패션·잡화 중 '속옷'을 판매·제공하는 매장,38b68628-83f0-4ae0-bb49-8f24a7a69ee8,브라우니,의류,신창상가,전통시장,부산광역시,2.0,3.0,,,P2_GRADED_ONLY,True,,,,,
8422f24e00e835037ecc,test,속옷,T2 동의어,q_속옷_03,브라,패션·잡화 중 '속옷'을 판매·제공하는 매장,5369f1c6-4c98-42a0-9017-3c21c08a9982,민스,셔츠 브라우스 가방,동산상가,전통시장,대구광역시,3.0,0.0,,,P1_BINARY_THRESHOLD,True,,,,,
dbe01eae91776c5c501f,test,속옷,T2 동의어,q_속옷_03,브라,패션·잡화 중 '속옷'을 판매·제공하는 매장,35e339ad-48e9-42a6-9c70-3d16c65f25a9,브라더 족발,족발,오창전통시장,전통시장,충청북도,2.0,0.0,,,P1_BINARY_THRESHOLD,True,,,,,
20749c81e823bde3a1db,test,속옷,T2 동의어,q_속옷_03,브라,패션·잡화 중 '속옷'을 판매·제공하는 매장,0b2de4e7-0eea-42cd-aafe-aa8aa298ac82,꾸브라꼬 숯불치킨 첨단점,,첨단아미 골목형상점가,골목형상점가,,3.0,0.0,,,P1_BINARY_THRESHOLD,True,,,,,
0b7d059f6b71600f2f79,test,속옷,T2 동의어,q_속옷_03,브라,패션·잡화 중 '속옷'을 판매·제공하는 매장,9110570f-6df0-46b3-a34c-5acf621fc10e,브라이트어학원,,산본사거리 골목형상점가,골목형상점가,경기도,3.0,0.0,,,P1_BINARY_THRESHOLD,True,,,,,
40f4ecacadb6e3c37b8c,test,속옷,T2 동의어,q_속옷_03,브라,패션·잡화 중 '속옷'을 판매·제공하는 매장,018f4157-7354-4b1a-85eb-b9da2435df9d,뻥어물24 성원양말,"양말, 계란, 뻥튀기 등",당감골목시장,전통시장,부산광역시,2.0,2.0,,,RESOLVED_AGREEMENT,False,2,,,,
f96a2c85bd898ddbe971,test,속옷,T2 동의어,q_속옷_03,브라,패션·잡화 중 '속옷'을 판매·제공하는 매장,eae67306-2113-498b-87ed-cf4469295b95,내사랑닭발,음식점,둔촌역전통시장,전통시장,서울특별시,0.0,0.0,,,RESOLVED_AGREEMENT,False,0,,,,
a56b2078f731c775e8c0,test,속옷,T2 동의어,q_속옷_03,브라,패션·잡화 중 '속옷'을 판매·제공하는 매장,9b3c0a01-ead0-4007-b712-26416e743e64,브라보수산,수산물,노량진수산시장골목형상점가,골목형상점가,서울특별시,2.0,0.0,,,P1_BINARY_THRESHOLD,True,,,,,
490564d4624c35cd3647,test,속옷,T2 동의어,q_속옷_03,브라,패션·잡화 중 '속옷'을 판매·제공하는 매장,01ca0e12-5e9f-4cc8-a090-1d2535c35fcb,중앙란제리,내의판매점,문경중앙시장,전통시장,경상북도,2.0,3.0,,,P2_GRADED_ONLY,True,,,,,
868b31b4c3d83e4192f7,test,속옷,T2 동의어,q_속옷_03,브라,패션·잡화 중 '속옷'을 판매·제공하는 매장,0114f51c-6520-431d-85c7-c34ff7795c7e,브라운앤보그,,퀸덤3단지골목형상점가,골목형상점가,부산광역시,3.0,0.0,,,P1_BINARY_THRESHOLD,True,,,,,
b481afe799f11e898f9e,test,속옷,T2 동의어,q_속옷_03,브라,패션·잡화 중 '속옷'을 판매·제공하는 매장,cb8457ba-3994-42ea-a510-1bfc45f7975e,브라운핸즈라키비움진해,가구,진해중앙시장,전통시장,경상남도,2.0,0.0,,,P1_BINARY_THRESHOLD,True,,,,,
48f30fe709889b82f5b6,test,속옷,T2 동의어,q_속옷_03,브라,패션·잡화 중 '속옷'을 판매·제공하는 매장,a42b209b-1a06-42ce-8f83-f87c6626bcef,브라보당구장,당구장,대주먹자골목 골목형상점가,골목형상점가,광주광역시,2.0,0.0,,,P1_BINARY_THRESHOLD,True,,,,,
df3a33e0fa854e39f528,test,속옷,T2 동의어,q_속옷_03,브라,패션·잡화 중 '속옷'을 판매·제공하는 매장,cea55554-98bf-4dda-b3f4-49ffaff90df4,원더브라 강남역점,속옷,강남역지하도상점가,일반지하상점가,서울특별시,3.0,3.0,,,RESOLVED_AGREEMENT,False,3,,,,
54aec0aa085c4f706564,test,속옷,T2 동의어,q_속옷_03,브라,패션·잡화 중 '속옷'을 판매·제공하는 매장,26345e47-fdb0-4b83-badd-3b091cf5e8b1,브라마파크골프,골프,양산 덕계종합상설시장,전통시장,경상남도,2.0,0.0,,,P1_BINARY_THRESHOLD,True,,,,,
dbf25eb368b239b3cabb,test,속옷,T2 동의어,q_속옷_03,브라,패션·잡화 중 '속옷'을 판매·제공하는 매장,2f8472b8-c95c-47ca-8dbc-7e63647c9814,대성버티칼,브라인드커튼,신안교 골목형상점가,골목형상점가,광주광역시,3.0,0.0,,,P1_BINARY_THRESHOLD,True,,,,,
8097107fc8767ddddcaf,test,속옷,T2 동의어,q_속옷_03,브라,패션·잡화 중 '속옷'을 판매·제공하는 매장,f31f70ad-11b4-470c-9e2d-22c539b20f39,브라운 보니,의류 및 소품 잡화,중앙상가시장,전통시장,대전광역시,2.0,3.0,,,P2_GRADED_ONLY,True,,,,,
235059b9418b00596b7d,test,속옷,T2 동의어,q_속옷_03,브라,패션·잡화 중 '속옷'을 판매·제공하는 매장,08098037-095f-4a8c-bcea-059ed4b9250f,브라우니제과,빵,화정한울타리상인회 골목형상점가,골목형상점가,광주광역시,2.0,0.0,,,P1_BINARY_THRESHOLD,True,,,,,
8708a4450e7df622c136,test,속옷,T2 동의어,q_속옷_03,브라,패션·잡화 중 '속옷'을 판매·제공하는 매장,cb07e3cc-2060-4eb4-9536-8384a1fbcb5b,브라운돈가스(반포점),한식,반드레길골목형상점가,골목형상점가,서울특별시,2.0,0.0,,,P1_BINARY_THRESHOLD,True,,,,,
595036c209a33343f8f8,test,속옷,T2 동의어,q_속옷_03,브라,패션·잡화 중 '속옷'을 판매·제공하는 매장,00054f1d-4cae-4345-9975-1423bc49e4dc,착한아이들,의류,중앙전통시장,전통시장,울산광역시,1.0,2.0,,,P1_BINARY_THRESHOLD,True,,,,,
7d60680c16dda0dabf74,test,속옷,T2 동의어,q_속옷_03,브라,패션·잡화 중 '속옷'을 판매·제공하는 매장,b8d4c4e7-7dea-41d2-92cd-e5c50ee9ca0f,브라더스 당구클럽,당구,우치서하로 골목형상점가,골목형상점가,광주광역시,2.0,0.0,,,P1_BINARY_THRESHOLD,True,,,,,
9f00f3a167a56539e553,test,속옷,T2 동의어,q_속옷_03,브라,패션·잡화 중 '속옷'을 판매·제공하는 매장,01638941-6206-4662-b5d9-0e2cae1a4133,하마유통,속옷,서구청먹자골목상인회 골목형상점가,골목형상점가,광주광역시,3.0,3.0,,,RESOLVED_AGREEMENT,False,3,,,,
e93d82afec935c5f9d3d,test,속옷,T2 동의어,q_속옷_03,브라,패션·잡화 중 '속옷'을 판매·제공하는 매장,59b6ae9d-a812-4cde-82c3-5a79cc64a668,브라운브레스 제주칠성,의류,칠성로상점가,자율상권구역,제주특별자치도,2.0,3.0,,,P2_GRADED_ONLY,True,,,,,
52b8e08b40ce924f93ae,test,속옷,T2 동의어,q_속옷_03,브라,패션·잡화 중 '속옷'을 판매·제공하는 매장,ba39bcd8-777e-4467-9230-6df0169d47fe,아크 브라운,가향제,명동대흥로상점가,자율상권구역,충청남도,2.0,0.0,,,P1_BINARY_THRESHOLD,True,,,,,
12cd505f358e889fbbf4,test,속옷,T2 동의어,q_속옷_03,브라,패션·잡화 중 '속옷'을 판매·제공하는 매장,3fbc80ab-7f63-4866-9c11-e4bd7582f2d2,핑크브라,메리야스,중앙전통시장,전통시장,울산광역시,2.0,0.0,,,P1_BINARY_THRESHOLD,True,,,,,
28004aaa34c987e5c576,test,속옷,T2 동의어,q_속옷_03,브라,패션·잡화 중 '속옷'을 판매·제공하는 매장,de23016a-acee-486d-98eb-6ba1b0d27e8d,원더브라,속옷 내의 스포츠의류,군산수송 골목형상점가,골목형상점가,전북특별자치도,3.0,3.0,,,RESOLVED_AGREEMENT,False,3,,,,
b690bed312a6a02cbf0d,test,속옷,T2 동의어,q_속옷_03,브라,패션·잡화 중 '속옷'을 판매·제공하는 매장,611fc898-5c7d-4aca-ad6c-f883cf8e9fb2,브라운앤블랙,커피원두,일곡동(제10지역:자연마을 전용주택단지) 골목형상점가,골목형상점가,광주광역시,2.0,0.0,,,P1_BINARY_THRESHOLD,True,,,,,
86cec221212068fc525a,test,속옷,T2 동의어,q_속옷_03,브라,패션·잡화 중 '속옷'을 판매·제공하는 매장,1f812954-3336-4c46-8093-e9917d928540,브라더미싱,미싱,중앙전통시장,전통시장,울산광역시,2.0,0.0,,,P1_BINARY_THRESHOLD,True,,,,,
fb55e07e06a84de13489,test,속옷,T2 동의어,q_속옷_03,브라,패션·잡화 중 '속옷'을 판매·제공하는 매장,3d1c12c7-27b0-4f10-b884-ff56087588bc,브라질떡볶이,한식,청림마을골목형상점가,골목형상점가,서울특별시,2.0,0.0,,,P1_BINARY_THRESHOLD,True,,,,,
3c0c5b3c64dec74c629b,test,속옷,T2 동의어,q_속옷_03,브라,패션·잡화 중 '속옷'을 판매·제공하는 매장,09b1e448-7a9a-4f85-976c-71cefed054f9,윈도우스토리,"브라인드, 커텐",광탄전통시장,전통시장,경기도,3.0,0.0,,,P1_BINARY_THRESHOLD,True,,,,,
75c6643aaf4f9d0452b6,test,속옷,T2 동의어,q_속옷_03,브라,패션·잡화 중 '속옷'을 판매·제공하는 매장,c53ca00c-320b-414f-a206-a6f16a9e6b1f,엘레나영,양식,청담동골목형상점가,골목형상점가,서울특별시,0.0,0.0,,,RESOLVED_AGREEMENT,False,0,,,,
1e58e7e22b451983fab5,test,속옷,T2 동의어,q_속옷_03,브라,패션·잡화 중 '속옷'을 판매·제공하는 매장,8906f595-5ec1-4a62-9e9f-cf5b659fec08,원더브라,"의류, 신발, 양말",두류1번가,일반지하상점가,대구광역시,2.0,3.0,,,P2_GRADED_ONLY,True,,,,,
3ee86dfe3bda1c3bc6db,test,속옷,T2 동의어,q_속옷_03,브라,패션·잡화 중 '속옷'을 판매·제공하는 매장,00158f51-4d3a-4ac0-9e38-b37552f5e097,지지배,의류,나주금빛상점가,자율상권구역,전라남도,1.0,2.0,,,P1_BINARY_THRESHOLD,True,,,,,
25a9e626b310e4ac37be,test,속옷,T2 동의어,q_속옷_03,브라,패션·잡화 중 '속옷'을 판매·제공하는 매장,c733d008-50cf-404e-9e18-d925e18f27f7,브라더수산,수산물,법원단지길골목형상점가,골목형상점가,서울특별시,2.0,0.0,,,P1_BINARY_THRESHOLD,True,,,,,
30b0c439ae2f9776b747,test,속옷,T2 동의어,q_속옷_03,브라,패션·잡화 중 '속옷'을 판매·제공하는 매장,3d749c38-7afd-4316-a724-b4cfba163744,브라더프레시,과일,가름로 골목형상점가,골목형상점가,세종특별자치시,2.0,0.0,,,P1_BINARY_THRESHOLD,True,,,,,
9c0702c8ce2a6c661a3e,test,속옷,T2 동의어,q_속옷_04,양말,패션·잡화 중 '속옷'을 판매·제공하는 매장,0b2de4e7-0eea-42cd-aafe-aa8aa298ac82,꾸브라꼬 숯불치킨 첨단점,,첨단아미 골목형상점가,골목형상점가,,2.0,0.0,,,P1_BINARY_THRESHOLD,True,,,,,
2a81e3b932319012f702,test,속옷,T2 동의어,q_속옷_04,양말,패션·잡화 중 '속옷'을 판매·제공하는 매장,01725ea8-909a-45e7-86dc-3983579c9c4d,이강상사(트라이),내의,신대방1동온누리길골목형상점가,골목형상점가,서울특별시,2.0,3.0,,,P2_GRADED_ONLY,True,,,,,
ca1a8718e0e6f5cc2eec,test,속옷,T2 동의어,q_속옷_04,양말,패션·잡화 중 '속옷'을 판매·제공하는 매장,9c85094b-fa94-443a-855e-b14cac0b432f,대왕양말,양말,한민시장,전통시장,대전광역시,3.0,3.0,,,RESOLVED_AGREEMENT,False,3,,,,
a16f06c80bddb24b8050,test,속옷,T2 동의어,q_속옷_04,양말,패션·잡화 중 '속옷'을 판매·제공하는 매장,5acd1f3c-7b27-45f1-9681-6f9aaae76677,양말나라,양말,서문시장아진상가,전통시장,대구광역시,3.0,3.0,,,RESOLVED_AGREEMENT,False,3,,,,
ca1fc60c712dfeeae192,test,속옷,T2 동의어,q_속옷_04,양말,패션·잡화 중 '속옷'을 판매·제공하는 매장,3f83f7f0-4883-4ded-9f98-18d99748e5fa,양말백화점,양말,정읍연지상점가,자율상권구역,전북특별자치도,3.0,3.0,,,RESOLVED_AGREEMENT,False,3,,,,
dfa578a1518d18475f6b,test,속옷,T2 동의어,q_속옷_04,양말,패션·잡화 중 '속옷'을 판매·제공하는 매장,d0a2ba8a-8433-46cc-8c57-a8d009e66b8c,미지양말,양말,서문시장2지구 종합상가,전통시장,대구광역시,3.0,3.0,,,RESOLVED_AGREEMENT,False,3,,,,
2d315d75c9d5489d0996,test,속옷,T2 동의어,q_속옷_04,양말,패션·잡화 중 '속옷'을 판매·제공하는 매장,011a3d49-59b4-4598-a6ff-668f578f5094,그린브라우니내동점,,내동서부 골목형상점가,골목형상점가,대전광역시,2.0,0.0,,,P1_BINARY_THRESHOLD,True,,,,,
6f13c304aa7fa3a09039,test,속옷,T2 동의어,q_속옷_04,양말,패션·잡화 중 '속옷'을 판매·제공하는 매장,9ec35468-fe3f-4d4f-992c-f67da990d018,장터&그집,한식,충주자유시장,전통시장,충청북도,0.0,0.0,,,RESOLVED_AGREEMENT,False,0,,,,
6ba11671de906cadffb2,test,속옷,T2 동의어,q_속옷_04,양말,패션·잡화 중 '속옷'을 판매·제공하는 매장,01e84813-fc68-4e23-81c9-9e743cdd4bc0,서울상회,"양말, 잡화",부산남문시장,전통시장,부산광역시,3.0,3.0,,,RESOLVED_AGREEMENT,False,3,,,,
6806710d2d87df332e65,test,속옷,T2 동의어,q_속옷_04,양말,패션·잡화 중 '속옷'을 판매·제공하는 매장,01638941-6206-4662-b5d9-0e2cae1a4133,하마유통,속옷,서구청먹자골목상인회 골목형상점가,골목형상점가,광주광역시,2.0,3.0,,,P2_GRADED_ONLY,True,,,,,
6ade63b52a8ec0fa7334,test,속옷,T2 동의어,q_속옷_04,양말,패션·잡화 중 '속옷'을 판매·제공하는 매장,6157783b-f70a-4cf0-a4cf-c1ef987b385d,마르코양말,양말,전주동문상점가,자율상권구역,전북특별자치도,3.0,3.0,,,RESOLVED_AGREEMENT,False,3,,,,
3838d3fcf1bea495ff59,test,속옷,T2 동의어,q_속옷_04,양말,패션·잡화 중 '속옷'을 판매·제공하는 매장,002213bf-7f70-4e62-8df9-0c11e9f4d38d,에띠임,속옷,목포원도심상점가,자율상권구역,전라남도,2.0,3.0,,,P2_GRADED_ONLY,True,,,,,
7ff1732115beb667a7e5,test,속옷,T2 동의어,q_속옷_04,양말,패션·잡화 중 '속옷'을 판매·제공하는 매장,6a059526-b974-49cc-979f-690b40e7cad4,한우리축산,소 돼지,수정로 상권활성화구역,상권활성화구역,경기도,0.0,0.0,,,RESOLVED_AGREEMENT,False,0,,,,
ca4d7a9aed976a057cf8,test,속옷,T2 동의어,q_속옷_04,양말,패션·잡화 중 '속옷'을 판매·제공하는 매장,022eed00-e4e9-46d1-b6ea-3b9ff6e46458,동아양말,양말,㈜르네시떼,전통시장,부산광역시,3.0,3.0,,,RESOLVED_AGREEMENT,False,3,,,,
5c9ea2660178c1290e6b,test,속옷,T2 동의어,q_속옷_04,양말,패션·잡화 중 '속옷'을 판매·제공하는 매장,0ca3d48d-a072-4d88-bab6-69a918586de5,양말크루,양말,중앙로 지하상가 상점가,일반지하상점가,대전광역시,3.0,3.0,,,RESOLVED_AGREEMENT,False,3,,,,
948e2257009c2f30e62e,test,속옷,T2 동의어,q_속옷_04,양말,패션·잡화 중 '속옷'을 판매·제공하는 매장,3d6875cc-93a9-40ea-9972-94f2cf3b68af,양말이랑,양말,평화시장,전통시장,서울특별시,3.0,3.0,,,RESOLVED_AGREEMENT,False,3,,,,
7970068bfb984928cf42,test,속옷,T2 동의어,q_속옷_04,양말,패션·잡화 중 '속옷'을 판매·제공하는 매장,01ca0e12-5e9f-4cc8-a090-1d2535c35fcb,중앙란제리,내의판매점,문경중앙시장,전통시장,경상북도,2.0,3.0,,,P2_GRADED_ONLY,True,,,,,
d94a93ff3fb2b22b1a33,test,속옷,T2 동의어,q_속옷_04,양말,패션·잡화 중 '속옷'을 판매·제공하는 매장,285d26aa-1dbd-48be-a2b0-90028a12aa97,대박양말,양말,은구비서로사회적협동조합 골목형상점가,골목형상점가,대전광역시,3.0,3.0,,,RESOLVED_AGREEMENT,False,3,,,,
6f2c75433fbb03f14791,test,속옷,T2 동의어,q_속옷_04,양말,패션·잡화 중 '속옷'을 판매·제공하는 매장,1d2668c1-896d-4566-b328-ac7f3265fca5,아이스24,아이스크림 음료수 과자 장난감,용산지구 골목형상점가,골목형상점가,광주광역시,0.0,0.0,,,RESOLVED_AGREEMENT,False,0,,,,
ed8912765ac1569b5613,test,속옷,T2 동의어,q_속옷_04,양말,패션·잡화 중 '속옷'을 판매·제공하는 매장,3b58378b-4040-4a6a-ae16-94692f989d05,보세양말,양말,엑스포코아 골목형상점가,골목형상점가,대전광역시,3.0,3.0,,,RESOLVED_AGREEMENT,False,3,,,,
2c820da9d0f2a5b765bf,test,속옷,T2 동의어,q_속옷_04,양말,패션·잡화 중 '속옷'을 판매·제공하는 매장,e0319a90-9d1c-4f79-8f1b-9439e75d8c8a,다농양말,양말,안산다농마트전통시장,전통시장,경기도,3.0,3.0,,,RESOLVED_AGREEMENT,False,3,,,,
5f3cf49514d6de6e3c90,test,속옷,T2 동의어,q_속옷_04,양말,패션·잡화 중 '속옷'을 판매·제공하는 매장,e2e39489-96d7-4f7f-98a6-fcae4ea1197f,양말,의류,서산중심상가,자율상권구역,충청남도,2.0,3.0,,,P2_GRADED_ONLY,True,,,,,
6f02a4d99a5e8fb9a470,test,속옷,T2 동의어,q_속옷_04,양말,패션·잡화 중 '속옷'을 판매·제공하는 매장,01459610-611f-4516-aa05-19e8e4a11b6d,양평상회,내의,제천중앙시장,전통시장,충청북도,2.0,3.0,,,P2_GRADED_ONLY,True,,,,,
3c47e3b8c5ff267ebcb6,test,속옷,T2 동의어,q_속옷_04,양말,패션·잡화 중 '속옷'을 판매·제공하는 매장,632cd266-1bee-4f65-83b8-df4c258b9c7d,만사형통,양말,㈜르네시떼,전통시장,부산광역시,3.0,3.0,,,RESOLVED_AGREEMENT,False,3,,,,
7983ef1c360c71632084,test,속옷,T2 동의어,q_속옷_04,양말,패션·잡화 중 '속옷'을 판매·제공하는 매장,063cdc67-06e0-4379-aaf5-7e659fa63c83,포포,양말,부천역 지하도로 상가,일반지하상점가,경기도,3.0,3.0,,,RESOLVED_AGREEMENT,False,3,,,,
2cf1d52e354edee026b2,test,속옷,T2 동의어,q_속옷_04,양말,패션·잡화 중 '속옷'을 판매·제공하는 매장,808d8ce7-3bd4-410d-b36a-e1b8619f4812,박군양말,양말,학마을골목형상점가,골목형상점가,서울특별시,3.0,3.0,,,RESOLVED_AGREEMENT,False,3,,,,
4fb7284938cdaba295d5,test,속옷,T2 동의어,q_속옷_04,양말,패션·잡화 중 '속옷'을 판매·제공하는 매장,ad878a05-f94c-495f-996c-b9f781b788ef,희망양말,양말 잡화,부평깡통시장(구 부산부평시장),전통시장,부산광역시,3.0,3.0,,,RESOLVED_AGREEMENT,False,3,,,,
40980d40977ac62c712a,test,속옷,T2 동의어,q_속옷_04,양말,패션·잡화 중 '속옷'을 판매·제공하는 매장,876cb291-27d1-46c2-a1c7-2d342b79323d,두계절,양말,우림골목시장,전통시장,서울특별시,3.0,3.0,,,RESOLVED_AGREEMENT,False,3,,,,
535b300c468f8e3c380b,test,속옷,T2 동의어,q_속옷_04,양말,패션·잡화 중 '속옷'을 판매·제공하는 매장,4cd9070f-a23c-430f-ab75-36a0ac27ecff,믿음양말,양말,암사종합시장,전통시장,서울특별시,3.0,3.0,,,RESOLVED_AGREEMENT,False,3,,,,
e4031904ee1017ec3092,test,속옷,T2 동의어,q_속옷_04,양말,패션·잡화 중 '속옷'을 판매·제공하는 매장,0114f51c-6520-431d-85c7-c34ff7795c7e,브라운앤보그,,퀸덤3단지골목형상점가,골목형상점가,부산광역시,2.0,0.0,,,P1_BINARY_THRESHOLD,True,,,,,
49418a26edeca91d3c9e,test,속옷,T2 동의어,q_속옷_04,양말,패션·잡화 중 '속옷'을 판매·제공하는 매장,fb013eae-a510-4953-8847-3fff4a6a7ed4,양말천국,양말,만물의거리시장,전통시장,부산광역시,3.0,3.0,,,RESOLVED_AGREEMENT,False,3,,,,
4f14429b86e6953421f8,test,속옷,T2 동의어,q_속옷_04,양말,패션·잡화 중 '속옷'을 판매·제공하는 매장,c31510b4-a00a-46bf-815d-7735757cf5f2,창원양말,양말,창원 상남시장,전통시장,경상남도,3.0,3.0,,,RESOLVED_AGREEMENT,False,3,,,,
e437bcfe65dc24277638,test,속옷,T2 동의어,q_속옷_04,양말,패션·잡화 중 '속옷'을 판매·제공하는 매장,00124602-ef4e-472c-91ee-de53b28d7530,화이트,의류,울산번개시장,전통시장,울산광역시,1.0,2.0,,,P1_BINARY_THRESHOLD,True,,,,,
1280069fed00b5efab92,test,속옷,T2 동의어,q_속옷_04,양말,패션·잡화 중 '속옷'을 판매·제공하는 매장,00172c94-61f0-4197-afeb-d7e8187c79b5,옷이예쁘다,의류,메트로센터(반월당지하쇼핑),일반지하상점가,대구광역시,1.0,2.0,,,P1_BINARY_THRESHOLD,True,,,,,
688cc4a6c8cdaf1c0c4b,test,속옷,T2 동의어,q_속옷_04,양말,패션·잡화 중 '속옷'을 판매·제공하는 매장,00158f51-4d3a-4ac0-9e38-b37552f5e097,지지배,의류,나주금빛상점가,자율상권구역,전라남도,1.0,2.0,,,P1_BINARY_THRESHOLD,True,,,,,
ecc249c7a32995828a9c,test,속옷,T2 동의어,q_속옷_04,양말,패션·잡화 중 '속옷'을 판매·제공하는 매장,84e7bf18-55ca-4fac-ac65-e9191c3d2a08,양말할인매장,양말,도마큰시장,전통시장,대전광역시,3.0,3.0,,,RESOLVED_AGREEMENT,False,3,,,,
299e9ad9e2ce8408c02a,test,속옷,T2 동의어,q_속옷_04,양말,패션·잡화 중 '속옷'을 판매·제공하는 매장,1d18819d-9c29-4e53-ab8a-6e9dc7ceef73,우리들 양말,양말,우산골 골목형상점가,골목형상점가,광주광역시,3.0,3.0,,,RESOLVED_AGREEMENT,False,3,,,,
bdd90e4310c503ad1675,test,속옷,T2 동의어,q_속옷_04,양말,패션·잡화 중 '속옷'을 판매·제공하는 매장,094be15d-5840-4cd8-8081-df44c537e203,양말공방,양말,의정부역지하상가,일반지하상점가,경기도,3.0,3.0,,,RESOLVED_AGREEMENT,False,3,,,,
8cf39a80450df9cbe835,test,속옷,T2 동의어,q_속옷_04,양말,패션·잡화 중 '속옷'을 판매·제공하는 매장,018f4157-7354-4b1a-85eb-b9da2435df9d,뻥어물24 성원양말,"양말, 계란, 뻥튀기 등",당감골목시장,전통시장,부산광역시,3.0,3.0,,,RESOLVED_AGREEMENT,False,3,,,,
7c517da042a85fcee617,test,속옷,T2 동의어,q_속옷_04,양말,패션·잡화 중 '속옷'을 판매·제공하는 매장,947aef59-e22b-4fd2-92c0-1d51ff9070b7,올리브약국,의약품및 의료기기,백서로 골목형상점가,골목형상점가,광주광역시,0.0,0.0,,,RESOLVED_AGREEMENT,False,0,,,,
7037ec93f6ba9b392bf8,test,속옷,T2 동의어,q_속옷_04,양말,패션·잡화 중 '속옷'을 판매·제공하는 매장,255b0b37-1ee9-4e20-b9fa-3786a2ea2add,양말천국,양말,서문시장 제1지구1층(직물시장),전통시장,대구광역시,3.0,3.0,,,RESOLVED_AGREEMENT,False,3,,,,
28a48039dabbad8433ab,test,속옷,T2 동의어,q_속옷_04,양말,패션·잡화 중 '속옷'을 판매·제공하는 매장,6701df62-bd14-442d-92c4-05dc29d4ee93,양말천국,양말,서남신시장,전통시장,대구광역시,3.0,3.0,,,RESOLVED_AGREEMENT,False,3,,,,
0eea9661b29a15d9ae4d,test,속옷,T2 동의어,q_속옷_04,양말,패션·잡화 중 '속옷'을 판매·제공하는 매장,2e051112-3f23-4f79-887f-ce91af68eb1e,신기양말,양말,신기시장,전통시장,인천광역시,3.0,3.0,,,RESOLVED_AGREEMENT,False,3,,,,
47f1e6a7c31342122793,test,속옷,T2 동의어,q_속옷_04,양말,패션·잡화 중 '속옷'을 판매·제공하는 매장,d2c9fcf5-eb48-4cf7-8f8c-2824204df43a,패션양말,양말,서문시장아진상가,전통시장,대구광역시,3.0,3.0,,,RESOLVED_AGREEMENT,False,3,,,,
f3cc1f1781a565226b41,test,속옷,T2 동의어,q_속옷_04,양말,패션·잡화 중 '속옷'을 판매·제공하는 매장,d2c8654a-b4a2-416f-aa00-1ffc420e8022,경북양말,양말,신남네거리상점가,자율상권구역,대구광역시,3.0,3.0,,,RESOLVED_AGREEMENT,False,3,,,,
3367ea0bbc97fcdb86f5,test,속옷,T2 동의어,q_속옷_04,양말,패션·잡화 중 '속옷'을 판매·제공하는 매장,340a52eb-ab64-4cf0-9c85-a514ba13a791,천국양말,양말,강릉성남시장,전통시장,강원특별자치도,3.0,3.0,,,RESOLVED_AGREEMENT,False,3,,,,
2044bf87c42ce74cc6dd,test,속옷,T2 동의어,q_속옷_04,양말,패션·잡화 중 '속옷'을 판매·제공하는 매장,0319b413-a96d-4074-9a89-ed9d4a7facd5,히포양말,양말,천안신부문화거리상점가,자율상권구역,충청남도,3.0,3.0,,,RESOLVED_AGREEMENT,False,3,,,,
6c1f7995975a4e7eedd6,test,속옷,T2 동의어,q_속옷_04,양말,패션·잡화 중 '속옷'을 판매·제공하는 매장,a6226c19-5d7c-45d8-b7db-43cb58f9984d,판다양말,양말,운암 서암대로1 골목형상점가,골목형상점가,광주광역시,3.0,3.0,,,RESOLVED_AGREEMENT,False,3,,,,
96256a4518653e948caf,test,속옷,T2 동의어,q_속옷_04,양말,패션·잡화 중 '속옷'을 판매·제공하는 매장,00660911-d1ad-4623-b1da-ec818e3dd2c8,하얀느낌,란제리 양말 속옷,한빛프라자 골목형상점가,골목형상점가,대전광역시,3.0,3.0,,,RESOLVED_AGREEMENT,False,3,,,,
b645f79229834916f163,test,속옷,T2 동의어,q_속옷_04,양말,패션·잡화 중 '속옷'을 판매·제공하는 매장,08ea0db8-dca6-462c-b8bd-544c69c6604c,양말스토어,양말,수원역전지하도상가,일반지하상점가,경기도,3.0,3.0,,,RESOLVED_AGREEMENT,False,3,,,,
ebb5b2ebe0106a48bf19,test,속옷,T2 동의어,q_속옷_04,양말,패션·잡화 중 '속옷'을 판매·제공하는 매장,03010bab-c620-4176-b8d1-aa44fe2aaf5f,양말할인매장,양말,중리시장,전통시장,대전광역시,3.0,3.0,,,RESOLVED_AGREEMENT,False,3,,,,
6d8b2d4d8d7b94de6f72,test,속옷,T2 동의어,q_속옷_04,양말,패션·잡화 중 '속옷'을 판매·제공하는 매장,00054f1d-4cae-4345-9975-1423bc49e4dc,착한아이들,의류,중앙전통시장,전통시장,울산광역시,1.0,2.0,,,P1_BINARY_THRESHOLD,True,,,,,
11d7d55bd5341414564f,test,속옷,T2 동의어,q_속옷_04,양말,패션·잡화 중 '속옷'을 판매·제공하는 매장,5f24cb74-4dd8-4cb4-8941-046a37d06eee,패션양말,양말,금남지하도상가 1공구,일반지하상점가,광주광역시,3.0,3.0,,,RESOLVED_AGREEMENT,False,3,,,,
f1da793b4e870c991af8,test,속옷,T2 동의어,q_속옷_04,양말,패션·잡화 중 '속옷'을 판매·제공하는 매장,011903e1-651a-425b-9942-46880c0b0ccc,체리핑크,"소매(속옷,란제리)",미금현대벤처빌시장,전통시장,경기도,2.0,3.0,,,P2_GRADED_ONLY,True,,,,,
ff5387c9e00a80a736af,test,속옷,T2 동의어,q_속옷_04,양말,패션·잡화 중 '속옷'을 판매·제공하는 매장,ae228ab6-4a20-4cbc-989d-7a002005f648,양말양말,양말,롯데 리치빌골목형상점가,골목형상점가,대전광역시,3.0,3.0,,,RESOLVED_AGREEMENT,False,3,,,,
c8c38e8063a3baf1eb3e,test,속옷,T2 동의어,q_속옷_04,양말,패션·잡화 중 '속옷'을 판매·제공하는 매장,756357f2-6705-433f-9d9b-be977373b3dc,스칼랫,모자,속초종합중앙시장,전통시장,강원특별자치도,0.0,0.0,,,RESOLVED_AGREEMENT,False,0,,,,
ff38b5e2fe8496df88e6,test,속옷,T2 동의어,q_속옷_04,양말,패션·잡화 중 '속옷'을 판매·제공하는 매장,c891ce89-169a-44b7-9273-db6041b5fee8,선산양말,양말,신남네거리상점가,자율상권구역,대구광역시,3.0,3.0,,,RESOLVED_AGREEMENT,False,3,,,,
fb30e8fce1177d682d15,test,속옷,T2 동의어,q_속옷_04,양말,패션·잡화 중 '속옷'을 판매·제공하는 매장,67938efb-9142-4b16-8079-214e92a78935,독산양말,양말,남문시장,전통시장,서울특별시,3.0,3.0,,,RESOLVED_AGREEMENT,False,3,,,,
29f8edcdec9801f800cb,test,속옷,T2 동의어,q_속옷_04,양말,패션·잡화 중 '속옷'을 판매·제공하는 매장,73ab3f82-6d4c-476e-8221-ecfe5d6b48c6,양말백화점,양말,말바우시장,전통시장,광주광역시,3.0,3.0,,,RESOLVED_AGREEMENT,False,3,,,,
66461358edc9ca14b249,test,속옷,T2 동의어,q_속옷_04,양말,패션·잡화 중 '속옷'을 판매·제공하는 매장,176764b9-6877-4a70-8572-78b1c19a5a35,마치,양말,남대문시장,전통시장,서울특별시,3.0,3.0,,,RESOLVED_AGREEMENT,False,3,,,,
4fc4c54cfae214138ed8,test,속옷,T2 동의어,q_속옷_04,양말,패션·잡화 중 '속옷'을 판매·제공하는 매장,006c0196-bbe9-41db-b76c-01cc834078d8,BYC전문점당감점,속옷,당감골목시장,전통시장,부산광역시,2.0,3.0,,,P2_GRADED_ONLY,True,,,,,
bf398d978dd2accdf7a8,test,속옷,T2 동의어,q_속옷_04,양말,패션·잡화 중 '속옷'을 판매·제공하는 매장,918f141d-4b49-4d21-a426-d392be808c72,굿삭스,양말,남대문시장,전통시장,서울특별시,3.0,3.0,,,RESOLVED_AGREEMENT,False,3,,,,
c51ae302fe0fb5555f17,test,속옷,T2 동의어,q_속옷_04,양말,패션·잡화 중 '속옷'을 판매·제공하는 매장,09b1e448-7a9a-4f85-976c-71cefed054f9,윈도우스토리,"브라인드, 커텐",광탄전통시장,전통시장,경기도,2.0,0.0,,,P1_BINARY_THRESHOLD,True,,,,,
ee4aaa844b790f16809a,test,속옷,T2 동의어,q_속옷_04,양말,패션·잡화 중 '속옷'을 판매·제공하는 매장,29389455-598b-4059-9dc5-9be0e3e7c9df,서울양말,"내의, 양말",영주소백쇼핑몰,전통시장,경상북도,3.0,3.0,,,RESOLVED_AGREEMENT,False,3,,,,
bbe4e2fbc452f013d3c3,test,속옷,T2 동의어,q_속옷_04,양말,패션·잡화 중 '속옷'을 판매·제공하는 매장,a16eb77e-b672-47ab-b7d1-7277e2e5239c,발 편한 양말,양말,거북시장,전통시장,인천광역시,3.0,3.0,,,RESOLVED_AGREEMENT,False,3,,,,
d8f4d1cee1b759354d58,test,속옷,T2 동의어,q_속옷_04,양말,패션·잡화 중 '속옷'을 판매·제공하는 매장,2c1db041-8055-42e5-8a70-ec9ee9f51341,혜수패션,양말,㈜르네시떼,전통시장,부산광역시,3.0,3.0,,,RESOLVED_AGREEMENT,False,3,,,,
6d5ea9fc65382e2cc755,test,속옷,T2 동의어,q_속옷_04,양말,패션·잡화 중 '속옷'을 판매·제공하는 매장,002fded9-56a2-42e6-ad4e-06dab5ab6c83,못골메리야스,내의류,못골골목시장,전통시장,부산광역시,2.0,3.0,,,P2_GRADED_ONLY,True,,,,,
6a1fd773a4c05f9fb490,test,속옷,T2 동의어,q_속옷_04,양말,패션·잡화 중 '속옷'을 판매·제공하는 매장,000a92b3-0b5e-429e-af00-f86e3570e24b,클로버,의류,관문상가시장,전통시장,대구광역시,1.0,2.0,,,P1_BINARY_THRESHOLD,True,,,,,
515419ab53f76e1f7b56,test,속옷,T2 동의어,q_속옷_04,양말,패션·잡화 중 '속옷'을 판매·제공하는 매장,9d97db2f-9f23-41be-a3fb-c35fd4e1ab36,촌놈양말,양말,성북천골목형상점가,골목형상점가,서울특별시,3.0,3.0,,,RESOLVED_AGREEMENT,False,3,,,,
2600d07d9c3cb81977c4,test,속옷,T2 동의어,q_속옷_04,양말,패션·잡화 중 '속옷'을 판매·제공하는 매장,b240092c-63e8-4278-be68-9ace0bb89036,도야짬뽕 신내직영점,짬뽕,신내구길 골목형상점가,골목형상점가,서울특별시,0.0,0.0,,,RESOLVED_AGREEMENT,False,0,,,,
fb0f46c3cec81b548672,test,속옷,T2 동의어,q_속옷_04,양말,패션·잡화 중 '속옷'을 판매·제공하는 매장,099c873f-bdab-45ad-8f0e-6e8a6aa6ed29,토탈싹스,양말,Team204,전통시장,서울특별시,3.0,3.0,,,RESOLVED_AGREEMENT,False,3,,,,
f138ac0067c6e5c20ef1,test,속옷,T2 동의어,q_속옷_04,양말,패션·잡화 중 '속옷'을 판매·제공하는 매장,ee7cd0f0-fa99-4d58-9494-545dd92d8eb3,한방명의선인한의원,한의원,과천슈르탑 골목형상점가,골목형상점가,경기도,0.0,0.0,,,RESOLVED_AGREEMENT,False,0,,,,
5eff6395de06119c3de1,test,속옷,T2 동의어,q_속옷_04,양말,패션·잡화 중 '속옷'을 판매·제공하는 매장,96b99b8f-1018-4978-8fc5-29c281a21904,고강제일양말,양말,원종고강제일시장(부천제일시장),전통시장,경기도,3.0,3.0,,,RESOLVED_AGREEMENT,False,3,,,,
b014c160f66295117783,test,속옷,T2 동의어,q_속옷_04,양말,패션·잡화 중 '속옷'을 판매·제공하는 매장,0144c6bd-f905-4ee2-9acf-1d86a5327a86,승리상회,"일반내의, 양말",두류종합시장,전통시장,대구광역시,3.0,3.0,,,RESOLVED_AGREEMENT,False,3,,,,
d31ca36ac558bbdd2e1d,test,속옷,T2 동의어,q_속옷_04,양말,패션·잡화 중 '속옷'을 판매·제공하는 매장,a915a7c7-247c-4a89-b507-4c74202a7682,보현양말,양말,부산남문시장,전통시장,부산광역시,3.0,3.0,,,RESOLVED_AGREEMENT,False,3,,,,
b9b039e4f664fc277dd2,test,속옷,T2 동의어,q_속옷_04,양말,패션·잡화 중 '속옷'을 판매·제공하는 매장,f79c4c53-5052-43e5-8c41-9652247a1784,금강산양말,양말,구리전통시장,전통시장,경기도,3.0,3.0,,,RESOLVED_AGREEMENT,False,3,,,,
8e572446423e3fd5a1e6,test,속옷,T2 동의어,q_속옷_04,양말,패션·잡화 중 '속옷'을 판매·제공하는 매장,e066d4cb-d977-4d47-81f2-fac1f0f7b387,양말&빤쮸,"양말, 속옷",인천중앙로지하상가,일반지하상점가,인천광역시,3.0,3.0,,,RESOLVED_AGREEMENT,False,3,,,,
20e9d042759d15cd3fe2,test,속옷,T2 동의어,q_속옷_04,양말,패션·잡화 중 '속옷'을 판매·제공하는 매장,f87c6136-1503-4a0c-bf7c-07db7750e747,김가네 첨단2지구점,한식,신용동 골목형상점가,골목형상점가,광주광역시,0.0,0.0,,,RESOLVED_AGREEMENT,False,0,,,,
73a586b9be3572bae159,test,속옷,T2 동의어,q_속옷_04,양말,패션·잡화 중 '속옷'을 판매·제공하는 매장,588179ec-816d-492f-9c4a-3728ab731439,은하양말,양말,부산자유시장,전통시장,부산광역시,3.0,3.0,,,RESOLVED_AGREEMENT,False,3,,,,
ab48be6d86d39546123d,test,속옷,T2 동의어,q_속옷_04,양말,패션·잡화 중 '속옷'을 판매·제공하는 매장,0a2b55d0-03da-4657-907b-758f53bdbe60,효제브라이덜(Hyoje Bridal),,대봉동 대백 골목형상점가,골목형상점가,대구광역시,2.0,0.0,,,P1_BINARY_THRESHOLD,True,,,,,
ce490fa1af00461b1ad3,test,속옷,T4 구어·문장,q_속옷_05,속옷 파는 데,패션·잡화 중 '속옷'을 판매·제공하는 매장,ac928dc4-c67e-4515-9f2f-1a497d2651e2,한민속옷,속옷,한민시장,전통시장,대전광역시,3.0,3.0,,,RESOLVED_AGREEMENT,False,3,,,,
ac3512916f6cd2dd2ae2,test,속옷,T4 구어·문장,q_속옷_05,속옷 파는 데,패션·잡화 중 '속옷'을 판매·제공하는 매장,f1acd4f2-6fec-4b85-869d-9ea92761c574,홍삼친구,홍삼,풍기토종인삼시장,전통시장,경상북도,0.0,0.0,,,RESOLVED_AGREEMENT,False,0,,,,
473d1e4d8928d15142a1,test,속옷,T4 구어·문장,q_속옷_05,속옷 파는 데,패션·잡화 중 '속옷'을 판매·제공하는 매장,00124602-ef4e-472c-91ee-de53b28d7530,화이트,의류,울산번개시장,전통시장,울산광역시,1.0,2.0,,,P1_BINARY_THRESHOLD,True,,,,,
0d705c51827068984ea3,test,속옷,T4 구어·문장,q_속옷_05,속옷 파는 데,패션·잡화 중 '속옷'을 판매·제공하는 매장,8b2fbdc8-3112-4586-b9e9-34e07e989177,루비속옷,속옷 잡화,구미역중앙 골목형상점가,골목형상점가,경상북도,3.0,3.0,,,RESOLVED_AGREEMENT,False,3,,,,
a5a9e179d850a1a5dcd6,test,속옷,T4 구어·문장,q_속옷_05,속옷 파는 데,패션·잡화 중 '속옷'을 판매·제공하는 매장,7e4adcc4-c9ea-4cdc-9432-73864860d20b,속옷아울렛,속옷,예천상설시장,전통시장,경상북도,3.0,3.0,,,RESOLVED_AGREEMENT,False,3,,,,
818ca658b3e32dc2c200,test,속옷,T4 구어·문장,q_속옷_05,속옷 파는 데,패션·잡화 중 '속옷'을 판매·제공하는 매장,01ca0e12-5e9f-4cc8-a090-1d2535c35fcb,중앙란제리,내의판매점,문경중앙시장,전통시장,경상북도,3.0,3.0,,,RESOLVED_AGREEMENT,False,3,,,,
667a4c408d4691d6d25d,test,속옷,T4 구어·문장,q_속옷_05,속옷 파는 데,패션·잡화 중 '속옷'을 판매·제공하는 매장,0c60eda8-8c25-4459-a568-de69315c9459,일리,속옷,금호행복시장(금호시장),전통시장,경기도,3.0,3.0,,,RESOLVED_AGREEMENT,False,3,,,,
5031dd6684382b176e53,test,속옷,T4 구어·문장,q_속옷_05,속옷 파는 데,패션·잡화 중 '속옷'을 판매·제공하는 매장,00054f1d-4cae-4345-9975-1423bc49e4dc,착한아이들,의류,중앙전통시장,전통시장,울산광역시,1.0,2.0,,,P1_BINARY_THRESHOLD,True,,,,,
0a692d7f67ff5a540e7b,test,속옷,T4 구어·문장,q_속옷_05,속옷 파는 데,패션·잡화 중 '속옷'을 판매·제공하는 매장,ae828983-4af5-4253-b97a-01856a27360b,반송속옷랜드,속옷,반송큰시장,전통시장,부산광역시,3.0,3.0,,,RESOLVED_AGREEMENT,False,3,,,,
dc6f34f45429451f8510,test,속옷,T4 구어·문장,q_속옷_05,속옷 파는 데,패션·잡화 중 '속옷'을 판매·제공하는 매장,fe46f1b7-0454-4f04-9859-48d776599515,이레속옷,속옷,원주남부시장,전통시장,강원특별자치도,3.0,3.0,,,RESOLVED_AGREEMENT,False,3,,,,
e0c8e5507d33e31e0315,test,속옷,T4 구어·문장,q_속옷_05,속옷 파는 데,패션·잡화 중 '속옷'을 판매·제공하는 매장,c63e4f75-09f0-4e3b-84af-e8240f30424f,속옷나라,속옷,무안읍중심상가상점가,자율상권구역,전라남도,3.0,3.0,,,RESOLVED_AGREEMENT,False,3,,,,
59d91bf4f512c15cf472,test,속옷,T4 구어·문장,q_속옷_05,속옷 파는 데,패션·잡화 중 '속옷'을 판매·제공하는 매장,3c7ad0db-75e6-4a0c-bb5d-2ccaf0bb7c19,속옷나라,속옷,음성시장,전통시장,충청북도,3.0,3.0,,,RESOLVED_AGREEMENT,False,3,,,,
90ae4667139f21e1d455,test,속옷,T4 구어·문장,q_속옷_05,속옷 파는 데,패션·잡화 중 '속옷'을 판매·제공하는 매장,9ba5de28-9af5-4f23-a8be-e4e9a2557d23,속옷나라,속옷,공주산성 활성화구역,전통시장,충청남도,3.0,3.0,,,RESOLVED_AGREEMENT,False,3,,,,
3cbb0f9af8e333fee5b9,test,속옷,T4 구어·문장,q_속옷_05,속옷 파는 데,패션·잡화 중 '속옷'을 판매·제공하는 매장,00172c94-61f0-4197-afeb-d7e8187c79b5,옷이예쁘다,의류,메트로센터(반월당지하쇼핑),일반지하상점가,대구광역시,1.0,2.0,,,P1_BINARY_THRESHOLD,True,,,,,
90110054dc34559bdb40,test,속옷,T4 구어·문장,q_속옷_05,속옷 파는 데,패션·잡화 중 '속옷'을 판매·제공하는 매장,119a7508-7a6c-4258-84bb-4fdab1d604c7,퀸,속옷,주안시민지하도상점가,일반지하상점가,인천광역시,3.0,3.0,,,RESOLVED_AGREEMENT,False,3,,,,
650208c77fd9a55863eb,test,속옷,T4 구어·문장,q_속옷_05,속옷 파는 데,패션·잡화 중 '속옷'을 판매·제공하는 매장,da127063-8ae7-409a-833f-a533f6e333a9,다모아중고매장,중고가전가구 건물시설유지관리,오치1동 골목형상점가,골목형상점가,광주광역시,0.0,0.0,,,RESOLVED_AGREEMENT,False,0,,,,
dcb97862fa2b7cdb58be,test,속옷,T4 구어·문장,q_속옷_05,속옷 파는 데,패션·잡화 중 '속옷'을 판매·제공하는 매장,79238343-ca2f-40cd-8c16-80ccb8ddb3cc,속옷천국,속옷 의류,대남숨길 골목형상점가,골목형상점가,광주광역시,3.0,3.0,,,RESOLVED_AGREEMENT,False,3,,,,
ffc206304ac4579ea6d2,test,속옷,T4 구어·문장,q_속옷_05,속옷 파는 데,패션·잡화 중 '속옷'을 판매·제공하는 매장,0b2de4e7-0eea-42cd-aafe-aa8aa298ac82,꾸브라꼬 숯불치킨 첨단점,,첨단아미 골목형상점가,골목형상점가,,3.0,0.0,,,P1_BINARY_THRESHOLD,True,,,,,
89be0f8943f016f01f99,test,속옷,T4 구어·문장,q_속옷_05,속옷 파는 데,패션·잡화 중 '속옷'을 판매·제공하는 매장,3ea29911-00a4-46b2-9e67-541972c207f2,속옷갑부,속옷,진해중앙시장,전통시장,경상남도,3.0,3.0,,,RESOLVED_AGREEMENT,False,3,,,,
2745f8ba0c63a81177c0,test,속옷,T4 구어·문장,q_속옷_05,속옷 파는 데,패션·잡화 중 '속옷'을 판매·제공하는 매장,cf4380b3-000a-4d93-9477-2addbf11afb0,BYC속옷,속옷,남구로시장,전통시장,서울특별시,3.0,3.0,,,RESOLVED_AGREEMENT,False,3,,,,
53ca1cc004a5a22c492a,test,속옷,T4 구어·문장,q_속옷_05,속옷 파는 데,패션·잡화 중 '속옷'을 판매·제공하는 매장,cf4971d7-198a-48ef-8cc4-5f5f8077bb95,속옷나라,속옷,㈜여수중앙시장,전통시장,전라남도,3.0,3.0,,,RESOLVED_AGREEMENT,False,3,,,,
6c0003f3dd0bcaba8563,test,속옷,T4 구어·문장,q_속옷_05,속옷 파는 데,패션·잡화 중 '속옷'을 판매·제공하는 매장,aa37c7cd-3e6c-4cd6-9259-6e8d6f4a21f2,아리술래,속옷,충주자유시장,전통시장,충청북도,3.0,3.0,,,RESOLVED_AGREEMENT,False,3,,,,
655d4a35ddf7f8813618,test,속옷,T4 구어·문장,q_속옷_05,속옷 파는 데,패션·잡화 중 '속옷'을 판매·제공하는 매장,eca76fc6-7b8f-4157-a305-23c7496c7f5c,영필상회,속옷,부산남문시장,전통시장,부산광역시,3.0,3.0,,,RESOLVED_AGREEMENT,False,3,,,,
22222fc199c8447dfd17,test,속옷,T4 구어·문장,q_속옷_05,속옷 파는 데,패션·잡화 중 '속옷'을 판매·제공하는 매장,3329d388-3ec4-40c4-b6dc-f03be1aba3c2,무료입장,속옷,속초중앙전통시장,전통시장,강원특별자치도,3.0,3.0,,,RESOLVED_AGREEMENT,False,3,,,,
4d0608104599109ec526,test,속옷,T4 구어·문장,q_속옷_05,속옷 파는 데,패션·잡화 중 '속옷'을 판매·제공하는 매장,de52c2bd-b933-42c5-9ea1-4791784dece1,엄마런닝구,속옷,양산 서창시장,전통시장,경상남도,3.0,3.0,,,RESOLVED_AGREEMENT,False,3,,,,
bc25cd4f06a0a11ba30b,test,속옷,T4 구어·문장,q_속옷_05,속옷 파는 데,패션·잡화 중 '속옷'을 판매·제공하는 매장,515930ba-b784-435c-a036-b60a9be62a0a,속옷나라,속옷,소사종합시장,전통시장,경기도,3.0,3.0,,,RESOLVED_AGREEMENT,False,3,,,,
4182326f3a2972e1c605,test,속옷,T4 구어·문장,q_속옷_05,속옷 파는 데,패션·잡화 중 '속옷'을 판매·제공하는 매장,011903e1-651a-425b-9942-46880c0b0ccc,체리핑크,"소매(속옷,란제리)",미금현대벤처빌시장,전통시장,경기도,3.0,3.0,,,RESOLVED_AGREEMENT,False,3,,,,
32ed88518351a073e778,test,속옷,T4 구어·문장,q_속옷_05,속옷 파는 데,패션·잡화 중 '속옷'을 판매·제공하는 매장,00660911-d1ad-4623-b1da-ec818e3dd2c8,하얀느낌,란제리 양말 속옷,한빛프라자 골목형상점가,골목형상점가,대전광역시,3.0,3.0,,,RESOLVED_AGREEMENT,False,3,,,,
bbe9cb805eb22f07b656,test,속옷,T4 구어·문장,q_속옷_05,속옷 파는 데,패션·잡화 중 '속옷'을 판매·제공하는 매장,e8b39ab1-9703-4863-af30-35e937a28180,속옷나라,속옷,우산상인회 골목형상점가,골목형상점가,광주광역시,3.0,3.0,,,RESOLVED_AGREEMENT,False,3,,,,
7cc027cdf28db9f6cd90,test,속옷,T4 구어·문장,q_속옷_05,속옷 파는 데,패션·잡화 중 '속옷'을 판매·제공하는 매장,e6d0e32b-95da-4381-a210-e87fffddee6c,에띠엠,속옷,일산시장(구 일산전통시장),전통시장,경기도,3.0,3.0,,,RESOLVED_AGREEMENT,False,3,,,,
980a2ac4504e184398e7,test,속옷,T4 구어·문장,q_속옷_05,속옷 파는 데,패션·잡화 중 '속옷'을 판매·제공하는 매장,9b93091e-6ae0-499b-869e-307b8a06f514,속옷사랑,속옷,진주 중앙시장,전통시장,경상남도,3.0,3.0,,,RESOLVED_AGREEMENT,False,3,,,,
89e09fb1d23d8449dc03,test,속옷,T4 구어·문장,q_속옷_05,속옷 파는 데,패션·잡화 중 '속옷'을 판매·제공하는 매장,e446e422-2a31-41c3-ad0d-ef67766e1656,해피&해피,구제의류,오류버들시장골목형상점가,골목형상점가,서울특별시,1.0,2.0,,,P1_BINARY_THRESHOLD,True,,,,,
4415eda1ca66b7a79a79,test,속옷,T4 구어·문장,q_속옷_05,속옷 파는 데,패션·잡화 중 '속옷'을 판매·제공하는 매장,61428829-b4f1-471f-81a3-6e2f2a35c56e,속옷나라,속옷,문창시장,전통시장,대전광역시,3.0,3.0,,,RESOLVED_AGREEMENT,False,3,,,,
99c61689240be28e9e6b,test,속옷,T4 구어·문장,q_속옷_05,속옷 파는 데,패션·잡화 중 '속옷'을 판매·제공하는 매장,cd00ad11-b2f1-4394-b1a9-d42a3246aef9,속옷가게,속옷,메트로센터(반월당지하쇼핑),일반지하상점가,대구광역시,3.0,3.0,,,RESOLVED_AGREEMENT,False,3,,,,
6390e50ba9a926e0c75c,test,속옷,T4 구어·문장,q_속옷_05,속옷 파는 데,패션·잡화 중 '속옷'을 판매·제공하는 매장,000a92b3-0b5e-429e-af00-f86e3570e24b,클로버,의류,관문상가시장,전통시장,대구광역시,1.0,2.0,,,P1_BINARY_THRESHOLD,True,,,,,
4f97f57cbb9a9583a2b9,test,속옷,T4 구어·문장,q_속옷_05,속옷 파는 데,패션·잡화 중 '속옷'을 판매·제공하는 매장,5d3d54cf-e844-4772-962d-8252f12302c0,아슈레,속옷,동산상가,전통시장,대구광역시,3.0,3.0,,,RESOLVED_AGREEMENT,False,3,,,,
a62ba352bda607eefe14,test,속옷,T4 구어·문장,q_속옷_05,속옷 파는 데,패션·잡화 중 '속옷'을 판매·제공하는 매장,f6753d9d-7c4f-40c0-ae4d-26b47cbccdc5,속옷전문샤샤,속옷,함평천지전통시장(함평5일시장),전통시장,,3.0,3.0,,,RESOLVED_AGREEMENT,False,3,,,,
096e6a0f01fac88e1cdf,test,속옷,T4 구어·문장,q_속옷_05,속옷 파는 데,패션·잡화 중 '속옷'을 판매·제공하는 매장,4b86ced3-3fa6-4452-aa39-7d0ff12ba74d,이수,속옷,광명전통시장,전통시장,경기도,3.0,3.0,,,RESOLVED_AGREEMENT,False,3,,,,
5539db8e2facfb922a13,test,속옷,T4 구어·문장,q_속옷_05,속옷 파는 데,패션·잡화 중 '속옷'을 판매·제공하는 매장,b2a11dac-02b9-4f34-b171-8412fdaa37b3,조은속옷,속옷,익산황등시장,전통시장,전북특별자치도,3.0,3.0,,,RESOLVED_AGREEMENT,False,3,,,,
e84f05a50d014520e5b4,test,속옷,T4 구어·문장,q_속옷_05,속옷 파는 데,패션·잡화 중 '속옷'을 판매·제공하는 매장,01638941-6206-4662-b5d9-0e2cae1a4133,하마유통,속옷,서구청먹자골목상인회 골목형상점가,골목형상점가,광주광역시,3.0,3.0,,,RESOLVED_AGREEMENT,False,3,,,,
9982d7e99bec3a3a4df1,test,속옷,T4 구어·문장,q_속옷_05,속옷 파는 데,패션·잡화 중 '속옷'을 판매·제공하는 매장,a91f3b67-839c-47ac-81d5-971497417bdf,속옷나라,속옷,금촌전통시장,전통시장,경기도,3.0,3.0,,,RESOLVED_AGREEMENT,False,3,,,,
076649ec266c29276cfe,test,속옷,T4 구어·문장,q_속옷_05,속옷 파는 데,패션·잡화 중 '속옷'을 판매·제공하는 매장,467b2eae-8b6d-48a3-b15d-190f733a257b,선미속옷,속옷,양산 남부시장상가,전통시장,경상남도,3.0,3.0,,,RESOLVED_AGREEMENT,False,3,,,,
e2843b7fdce8bb9f3644,test,속옷,T4 구어·문장,q_속옷_05,속옷 파는 데,패션·잡화 중 '속옷'을 판매·제공하는 매장,3c679feb-e600-4adb-8ee6-77130d60ea13,속옷세상,속옷,상원시장,전통시장,대구광역시,3.0,3.0,,,RESOLVED_AGREEMENT,False,3,,,,
e6165acef12988e0c83c,test,속옷,T4 구어·문장,q_속옷_05,속옷 파는 데,패션·잡화 중 '속옷'을 판매·제공하는 매장,2f304256-22bb-474e-94d2-d7bcd3ab6b31,속옷아울렛,속옷,광명전통시장,전통시장,경기도,3.0,3.0,,,RESOLVED_AGREEMENT,False,3,,,,
67c1a5dba4f270886c17,test,속옷,T4 구어·문장,q_속옷_05,속옷 파는 데,패션·잡화 중 '속옷'을 판매·제공하는 매장,f945719d-240f-4d89-bb62-4e7e1b9ec17b,개나리속옷,속옷,개나리종합상가 골목형상점가,골목형상점가,경상북도,3.0,3.0,,,RESOLVED_AGREEMENT,False,3,,,,
645d00c4ae529958a661,test,속옷,T4 구어·문장,q_속옷_05,속옷 파는 데,패션·잡화 중 '속옷'을 판매·제공하는 매장,af56ec76-b5c6-407d-9732-1187302314cb,한독상회,속옷,광장시장,전통시장,서울특별시,3.0,3.0,,,RESOLVED_AGREEMENT,False,3,,,,
4e28cd897277c2624f78,test,속옷,T4 구어·문장,q_속옷_05,속옷 파는 데,패션·잡화 중 '속옷'을 판매·제공하는 매장,1528f1d8-51ff-477f-99f3-ac56075b41ce,속옷천국,속옷,춘천지하상가,일반지하상점가,강원특별자치도,3.0,3.0,,,RESOLVED_AGREEMENT,False,3,,,,
bf91fb1a9393aa6a86f3,test,속옷,T4 구어·문장,q_속옷_05,속옷 파는 데,패션·잡화 중 '속옷'을 판매·제공하는 매장,61d62e21-a7a5-4e27-8c99-eb01e184ad49,예지속옷,속옷,안산다농마트전통시장,전통시장,경기도,3.0,3.0,,,RESOLVED_AGREEMENT,False,3,,,,
8b66b0fffd8c68901a80,test,속옷,T4 구어·문장,q_속옷_05,속옷 파는 데,패션·잡화 중 '속옷'을 판매·제공하는 매장,3da2d7d1-b78a-40f1-abc1-73297f58fc41,속옷전문점,속옷,월산4동 골목형상점가,골목형상점가,광주광역시,3.0,3.0,,,RESOLVED_AGREEMENT,False,3,,,,
2e61ff8e7b5489604618,test,속옷,T4 구어·문장,q_속옷_05,속옷 파는 데,패션·잡화 중 '속옷'을 판매·제공하는 매장,5c1dc313-5672-4fa3-9487-0c6283893aee,속옷할인매장,속옷,메트로센터(반월당지하쇼핑),일반지하상점가,대구광역시,3.0,3.0,,,RESOLVED_AGREEMENT,False,3,,,,
0215a62e6ce8f4f70cd2,test,속옷,T4 구어·문장,q_속옷_05,속옷 파는 데,패션·잡화 중 '속옷'을 판매·제공하는 매장,92805d3d-930d-44ec-8b00-986a2f9b20f2,리썬샵,속옷,금화로상인회 골목형상점가,골목형상점가,광주광역시,3.0,3.0,,,RESOLVED_AGREEMENT,False,3,,,,
2edff41211e9e4fdc814,test,속옷,T4 구어·문장,q_속옷_05,속옷 파는 데,패션·잡화 중 '속옷'을 판매·제공하는 매장,002fded9-56a2-42e6-ad4e-06dab5ab6c83,못골메리야스,내의류,못골골목시장,전통시장,부산광역시,3.0,3.0,,,RESOLVED_AGREEMENT,False,3,,,,
ba67502da036087d07fd,test,속옷,T4 구어·문장,q_속옷_05,속옷 파는 데,패션·잡화 중 '속옷'을 판매·제공하는 매장,011a3d49-59b4-4598-a6ff-668f578f5094,그린브라우니내동점,,내동서부 골목형상점가,골목형상점가,대전광역시,3.0,0.0,,,P1_BINARY_THRESHOLD,True,,,,,
f64046daac1510357aeb,test,속옷,T4 구어·문장,q_속옷_05,속옷 파는 데,패션·잡화 중 '속옷'을 판매·제공하는 매장,75373402-8e75-40bc-97d3-1c8261ccff6f,빠자빠,속옷,동산상가,전통시장,대구광역시,3.0,3.0,,,RESOLVED_AGREEMENT,False,3,,,,
7e48c990b20ff3a28121,test,속옷,T4 구어·문장,q_속옷_05,속옷 파는 데,패션·잡화 중 '속옷'을 판매·제공하는 매장,63468b5d-2de4-46aa-918f-b85d7fa6376c,은혜속옷,속옷,서천특화시장,전통시장,충청남도,3.0,3.0,,,RESOLVED_AGREEMENT,False,3,,,,
d4c23a59fda9479f2473,test,속옷,T4 구어·문장,q_속옷_05,속옷 파는 데,패션·잡화 중 '속옷'을 판매·제공하는 매장,becf8fd6-bf7e-4b6b-8ee0-a55a95b10cf1,내친구 고양이,,사가정면목로골목형상점가,골목형상점가,서울특별시,,0.0,Y,,P0_UNCERTAIN_OR_MISSING,True,,,,,
6ab626235f8df5543021,test,속옷,T4 구어·문장,q_속옷_05,속옷 파는 데,패션·잡화 중 '속옷'을 판매·제공하는 매장,006c0196-bbe9-41db-b76c-01cc834078d8,BYC전문점당감점,속옷,당감골목시장,전통시장,부산광역시,3.0,3.0,,,RESOLVED_AGREEMENT,False,3,,,,
e7962755d9cb46c1c657,test,속옷,T4 구어·문장,q_속옷_05,속옷 파는 데,패션·잡화 중 '속옷'을 판매·제공하는 매장,8d226b9d-e677-456c-8a31-4bda8500757e,남영상회(속옷),"속옷, 잡화",창원 명서시장,전통시장,경상남도,3.0,3.0,,,RESOLVED_AGREEMENT,False,3,,,,
aee6c140fd7a1d804807,test,속옷,T4 구어·문장,q_속옷_05,속옷 파는 데,패션·잡화 중 '속옷'을 판매·제공하는 매장,0144c6bd-f905-4ee2-9acf-1d86a5327a86,승리상회,"일반내의, 양말",두류종합시장,전통시장,대구광역시,3.0,3.0,,,RESOLVED_AGREEMENT,False,3,,,,
4badd03e8b70abe63d58,test,속옷,T4 구어·문장,q_속옷_05,속옷 파는 데,패션·잡화 중 '속옷'을 판매·제공하는 매장,0ed51232-b0e1-4727-a8c1-7faa47770f38,속옷나라,속옷,화정로상인회 골목형상점가,골목형상점가,광주광역시,3.0,3.0,,,RESOLVED_AGREEMENT,False,3,,,,
f7450e62621d165097a9,test,속옷,T4 구어·문장,q_속옷_05,속옷 파는 데,패션·잡화 중 '속옷'을 판매·제공하는 매장,01725ea8-909a-45e7-86dc-3983579c9c4d,이강상사(트라이),내의,신대방1동온누리길골목형상점가,골목형상점가,서울특별시,3.0,3.0,,,RESOLVED_AGREEMENT,False,3,,,,
8fa67a7a27336483d37d,test,속옷,T4 구어·문장,q_속옷_05,속옷 파는 데,패션·잡화 중 '속옷'을 판매·제공하는 매장,07de5ee5-20cd-4a5c-b82c-6e1ca1476595,속옷종합란제리,속옷,관악신사시장,전통시장,서울특별시,3.0,3.0,,,RESOLVED_AGREEMENT,False,3,,,,
ee8ea76bb785476dd89e,test,속옷,T4 구어·문장,q_속옷_05,속옷 파는 데,패션·잡화 중 '속옷'을 판매·제공하는 매장,f0a09953-77b0-4b69-8e8f-777732cde9c3,익진상회,속옷,은행나무시장(구시흥중앙시장),전통시장,서울특별시,3.0,3.0,,,RESOLVED_AGREEMENT,False,3,,,,
d4daffed64b93dde644d,test,속옷,T4 구어·문장,q_속옷_05,속옷 파는 데,패션·잡화 중 '속옷'을 판매·제공하는 매장,9ef86589-f7b2-469f-86b3-1b1531680d9a,자야야채,"농산물(배추, 무)",감천문화시장,전통시장,부산광역시,0.0,0.0,,,RESOLVED_AGREEMENT,False,0,,,,
a9f386c2a651b37826db,test,속옷,T4 구어·문장,q_속옷_05,속옷 파는 데,패션·잡화 중 '속옷'을 판매·제공하는 매장,3111a852-d694-4bc8-90a6-934aba56a497,속옷나라,속옷,군산역전종합시장,전통시장,전북특별자치도,3.0,3.0,,,RESOLVED_AGREEMENT,False,3,,,,
17dcb9a56fa34b82748a,test,속옷,T4 구어·문장,q_속옷_05,속옷 파는 데,패션·잡화 중 '속옷'을 판매·제공하는 매장,09b1e448-7a9a-4f85-976c-71cefed054f9,윈도우스토리,"브라인드, 커텐",광탄전통시장,전통시장,경기도,3.0,0.0,,,P1_BINARY_THRESHOLD,True,,,,,
b87ab122e0797926b119,test,속옷,T4 구어·문장,q_속옷_05,속옷 파는 데,패션·잡화 중 '속옷'을 판매·제공하는 매장,156236f1-5b3a-411f-9fa7-59cdeb5d9689,진범통상,속옷,성환1번가 골목형상점가,골목형상점가,충청남도,3.0,3.0,,,RESOLVED_AGREEMENT,False,3,,,,
d093ad801e5f67808934,test,속옷,T4 구어·문장,q_속옷_05,속옷 파는 데,패션·잡화 중 '속옷'을 판매·제공하는 매장,d6ec976b-5c79-4008-8d04-97555ffc742a,행복한속옷,속옷,신정상가시장,전통시장,울산광역시,3.0,3.0,,,RESOLVED_AGREEMENT,False,3,,,,
b7ad19917b711da36f9b,test,속옷,T4 구어·문장,q_속옷_05,속옷 파는 데,패션·잡화 중 '속옷'을 판매·제공하는 매장,03609092-418f-4601-876c-e60ee0a1c4fa,어필,속옷,부여도심 상권활성화구역,상권활성화구역,충청남도,3.0,3.0,,,RESOLVED_AGREEMENT,False,3,,,,
7e85511a0471ded0bf88,test,속옷,T4 구어·문장,q_속옷_05,속옷 파는 데,패션·잡화 중 '속옷'을 판매·제공하는 매장,35068fd0-1ed8-4d85-979c-22fd3423f6d8,속옷여행,속옷,진주 새서부시장,전통시장,경상남도,3.0,3.0,,,RESOLVED_AGREEMENT,False,3,,,,
00c7a5533ce7441001c2,test,속옷,T4 구어·문장,q_속옷_05,속옷 파는 데,패션·잡화 중 '속옷'을 판매·제공하는 매장,01e84813-fc68-4e23-81c9-9e743cdd4bc0,서울상회,"양말, 잡화",부산남문시장,전통시장,부산광역시,3.0,2.0,,,P2_GRADED_ONLY,True,,,,,
3a229f50a24f18a762b3,test,속옷,T4 구어·문장,q_속옷_05,속옷 파는 데,패션·잡화 중 '속옷'을 판매·제공하는 매장,28a91f5c-f140-430c-b1cb-37bc3b6c0e9d,섹쉬쿠키,속옷,밀양 내일전통시장,전통시장,경상남도,3.0,3.0,,,RESOLVED_AGREEMENT,False,3,,,,
4e3e562f0ae424b189e0,test,속옷,T4 구어·문장,q_속옷_05,속옷 파는 데,패션·잡화 중 '속옷'을 판매·제공하는 매장,002213bf-7f70-4e62-8df9-0c11e9f4d38d,에띠임,속옷,목포원도심상점가,자율상권구역,전라남도,3.0,3.0,,,RESOLVED_AGREEMENT,False,3,,,,
82f35cbd8d88580c8070,test,속옷,T4 구어·문장,q_속옷_05,속옷 파는 데,패션·잡화 중 '속옷'을 판매·제공하는 매장,0114f51c-6520-431d-85c7-c34ff7795c7e,브라운앤보그,,퀸덤3단지골목형상점가,골목형상점가,부산광역시,3.0,0.0,,,P1_BINARY_THRESHOLD,True,,,,,
48d11d8efbc7ca1da3c9,test,속옷,T4 구어·문장,q_속옷_05,속옷 파는 데,패션·잡화 중 '속옷'을 판매·제공하는 매장,43e92e6f-71b6-489d-b94f-9decbd52bf50,언민사,속옷,부평깡통시장(구 부산부평시장),전통시장,부산광역시,3.0,3.0,,,RESOLVED_AGREEMENT,False,3,,,,
ba4e886edb7aa1117426,test,속옷,T4 구어·문장,q_속옷_05,속옷 파는 데,패션·잡화 중 '속옷'을 판매·제공하는 매장,302eb82b-9fff-44e9-a9ee-183ecc322f57,속옷할인매장,속옷,대소시장,전통시장,충청북도,3.0,3.0,,,RESOLVED_AGREEMENT,False,3,,,,
9df5898c88144bb21f68,test,속옷,T4 구어·문장,q_속옷_05,속옷 파는 데,패션·잡화 중 '속옷'을 판매·제공하는 매장,00158f51-4d3a-4ac0-9e38-b37552f5e097,지지배,의류,나주금빛상점가,자율상권구역,전라남도,1.0,2.0,,,P1_BINARY_THRESHOLD,True,,,,,
85061d1727ec921f1385,test,속옷,T4 구어·문장,q_속옷_05,속옷 파는 데,패션·잡화 중 '속옷'을 판매·제공하는 매장,b0541931-ec9d-4d4d-a05a-69f590ccb91a,하복,속옷,조암시장,전통시장,경기도,3.0,3.0,,,RESOLVED_AGREEMENT,False,3,,,,
810607c2899a3825dd7f,test,속옷,T4 구어·문장,q_속옷_05,속옷 파는 데,패션·잡화 중 '속옷'을 판매·제공하는 매장,8b47ff95-9902-48d5-a6f9-3cfbfbf23837,착한속옷,속옷,노은역 골목형상점가,골목형상점가,대전광역시,3.0,3.0,,,RESOLVED_AGREEMENT,False,3,,,,
5b0a57a9292fd158196d,test,속옷,T4 구어·문장,q_속옷_05,속옷 파는 데,패션·잡화 중 '속옷'을 판매·제공하는 매장,022eed00-e4e9-46d1-b6ea-3b9ff6e46458,동아양말,양말,㈜르네시떼,전통시장,부산광역시,3.0,2.0,,,P2_GRADED_ONLY,True,,,,,
50672788b1b469aa6df8,test,속옷,T4 구어·문장,q_속옷_05,속옷 파는 데,패션·잡화 중 '속옷'을 판매·제공하는 매장,96e5b3ba-aacd-4e7d-a4c4-7c19d237529a,예쓰,속옷,성서중심시장(성서시장문화의거리 통합),전통시장,충청북도,3.0,3.0,,,RESOLVED_AGREEMENT,False,3,,,,
3c11dc2393ec426051b3,test,속옷,T4 구어·문장,q_속옷_05,속옷 파는 데,패션·잡화 중 '속옷'을 판매·제공하는 매장,e396a8da-9fff-404d-bfc0-da8a08e8a84c,속옷할인매장,속옷,신남네거리상점가,자율상권구역,대구광역시,3.0,3.0,,,RESOLVED_AGREEMENT,False,3,,,,
d3c28b7f7a56a0a8801d,test,속옷,T4 구어·문장,q_속옷_05,속옷 파는 데,패션·잡화 중 '속옷'을 판매·제공하는 매장,2c49c66b-6c68-4f1f-8ba5-aed318c5ae16,나윤이속옷,속옷,의정부역지하상가,일반지하상점가,경기도,3.0,3.0,,,RESOLVED_AGREEMENT,False,3,,,,
55786d50d79a51167dd6,test,속옷,T4 구어·문장,q_속옷_05,속옷 파는 데,패션·잡화 중 '속옷'을 판매·제공하는 매장,01459610-611f-4516-aa05-19e8e4a11b6d,양평상회,내의,제천중앙시장,전통시장,충청북도,3.0,3.0,,,RESOLVED_AGREEMENT,False,3,,,,
9036dcfa100f2d585450,test,속옷,T4 구어·문장,q_속옷_05,속옷 파는 데,패션·잡화 중 '속옷'을 판매·제공하는 매장,31ec020a-ed78-4be6-8df1-ce77c4d68348,빽다방 해남군청점,커피,해남읍 원도심 상권활성화구역,상권활성화구역,전라남도,0.0,0.0,,,RESOLVED_AGREEMENT,False,0,,,,
03bd3eac4f3afcad95cc,test,속옷,T4 구어·문장,q_속옷_05,속옷 파는 데,패션·잡화 중 '속옷'을 판매·제공하는 매장,0a2b55d0-03da-4657-907b-758f53bdbe60,효제브라이덜(Hyoje Bridal),,대봉동 대백 골목형상점가,골목형상점가,대구광역시,3.0,0.0,,,P1_BINARY_THRESHOLD,True,,,,,
8db11a204fbf536b91c4,test,속옷,T4 구어·문장,q_속옷_05,속옷 파는 데,패션·잡화 중 '속옷'을 판매·제공하는 매장,9b1d2fae-5e6a-447d-bd03-81412b91433c,체러티원,잡화,남포지하도상가,일반지하상점가,부산광역시,1.0,1.0,,,RESOLVED_AGREEMENT,False,1,,,,
06515448be2a84239825,test,속옷,T4 구어·문장,q_속옷_05,속옷 파는 데,패션·잡화 중 '속옷'을 판매·제공하는 매장,e1262230-df4f-4502-a2cf-14cb80cb8c32,솔른(solen),,용마루길 골목형상점가,골목형상점가,서울특별시,,0.0,Y,,P0_UNCERTAIN_OR_MISSING,True,,,,,
94d71dbdc5383ef8eacc,test,속옷,T4 구어·문장,q_속옷_05,속옷 파는 데,패션·잡화 중 '속옷'을 판매·제공하는 매장,eb463197-f3f4-44e1-beeb-34aa2907c0d4,사우나속옷,속옷,부천자유시장,전통시장,경기도,3.0,3.0,,,RESOLVED_AGREEMENT,False,3,,,,
b21d2e107fd5b2e5455d,test,속옷,T4 구어·문장,q_속옷_05,속옷 파는 데,패션·잡화 중 '속옷'을 판매·제공하는 매장,9aa0d00b-f867-4b06-ac3f-d70a7d77a65a,속옷백화점,속옷,정읍우암로상점가,자율상권구역,전북특별자치도,3.0,3.0,,,RESOLVED_AGREEMENT,False,3,,,,
cfb501ba0034ea1f6684,test,속옷,T4 구어·문장,q_속옷_05,속옷 파는 데,패션·잡화 중 '속옷'을 판매·제공하는 매장,b17be00b-c03c-4707-bd16-68e925afea5a,속옷스토리,속옷 의류,효덕마을 골목형상점가,골목형상점가,광주광역시,3.0,3.0,,,RESOLVED_AGREEMENT,False,3,,,,
d1f0deb13943f46f48b4,test,속옷,T4 구어·문장,q_속옷_05,속옷 파는 데,패션·잡화 중 '속옷'을 판매·제공하는 매장,238f1e8d-79f6-4722-a401-a8a150952f98,속옷이야기,속옷,의정부제일시장,전통시장,경기도,3.0,3.0,,,RESOLVED_AGREEMENT,False,3,,,,
57dbb475105d1beba957,test,속옷,T4 구어·문장,q_속옷_05,속옷 파는 데,패션·잡화 중 '속옷'을 판매·제공하는 매장,980c50e0-3ffa-40d7-b7d7-5bd3c1095890,패티패션,속옷,담양중앙 골목형상점가,골목형상점가,전라남도,3.0,3.0,,,RESOLVED_AGREEMENT,False,3,,,,
84270d32961a554b425f,test,속옷,T4 구어·문장,q_속옷_05,속옷 파는 데,패션·잡화 중 '속옷'을 판매·제공하는 매장,a8fbfcc3-dea3-4b84-b12c-7ad89e4be9d0,맘스속옷,속옷,의왕가구거리 골목형상점가,골목형상점가,경기도,3.0,3.0,,,RESOLVED_AGREEMENT,False,3,,,,
2cae6a67fbf2727c4c8d,test,속옷,T4 구어·문장,q_속옷_05,속옷 파는 데,패션·잡화 중 '속옷'을 판매·제공하는 매장,018f4157-7354-4b1a-85eb-b9da2435df9d,뻥어물24 성원양말,"양말, 계란, 뻥튀기 등",당감골목시장,전통시장,부산광역시,3.0,2.0,,,P2_GRADED_ONLY,True,,,,,
eefe570573bf0c87933c,test,속옷,T6 기계변형,q_속옷_06,속옥,패션·잡화 중 '속옷'을 판매·제공하는 매장,095b87cd-f81b-46fd-852f-ac763e7b0406,영신사,속옥,김천중앙시장,전통시장,경상북도,0.0,0.0,,,RESOLVED_AGREEMENT,False,0,,,,
eb8ca66783c00771221b,test,속옷,T6 기계변형,q_속옷_06,속옥,패션·잡화 중 '속옷'을 판매·제공하는 매장,33e8e6e0-f87a-4998-a0cb-2eb8188e1912,평남옥,한식,부천상동시장,전통시장,경기도,0.0,0.0,,,RESOLVED_AGREEMENT,False,0,,,,
16acc9107d930542e8af,test,속옷,T6 기계변형,q_속옷_06,속옥,패션·잡화 중 '속옷'을 판매·제공하는 매장,d0251300-38be-486f-aadb-1731cdabc7fc,누수탐지하수구싱크대변기막힘 월드설비,누수탐지하수구싱크대변기막힘,신매시장,전통시장,대구광역시,0.0,0.0,,,RESOLVED_AGREEMENT,False,0,,,,
b468c90717aac23d3874,test,속옷,T6 기계변형,q_속옷_06,속옥,패션·잡화 중 '속옷'을 판매·제공하는 매장,de6bb74f-e5b8-4e1d-aaed-0f90f2a44886,영동옥,한식,영동교골목시장(영동교시장),전통시장,서울특별시,0.0,0.0,,,RESOLVED_AGREEMENT,False,0,,,,
45b424aa5e9d2ba04073,test,속옷,T6 기계변형,q_속옷_06,속옥,패션·잡화 중 '속옷'을 판매·제공하는 매장,00660911-d1ad-4623-b1da-ec818e3dd2c8,하얀느낌,란제리 양말 속옷,한빛프라자 골목형상점가,골목형상점가,대전광역시,3.0,3.0,,,RESOLVED_AGREEMENT,False,3,,,,
58ee76d44356d7f497f9,test,속옷,T6 기계변형,q_속옷_06,속옥,패션·잡화 중 '속옷'을 판매·제공하는 매장,002213bf-7f70-4e62-8df9-0c11e9f4d38d,에띠임,속옷,목포원도심상점가,자율상권구역,전라남도,3.0,3.0,,,RESOLVED_AGREEMENT,False,3,,,,
b13c7c5bf7a0ff6fa133,test,속옷,T6 기계변형,q_속옷_06,속옥,패션·잡화 중 '속옷'을 판매·제공하는 매장,569d2e4c-6cf3-4382-b8d6-d1879fef2dd5,한성면옥,,백년소상공인,,강원특별자치도,,0.0,Y,,P0_UNCERTAIN_OR_MISSING,True,,,,,
75d0f584eb15449532d7,test,속옷,T6 기계변형,q_속옷_06,속옥,패션·잡화 중 '속옷'을 판매·제공하는 매장,6b8d7524-21ba-4cc2-a76b-529bd2f423b7,소육옥,한식,석계음식문화거리골목형상점가,골목형상점가,서울특별시,0.0,0.0,,,RESOLVED_AGREEMENT,False,0,,,,
4670bfc7e3a8d4305b08,test,속옷,T6 기계변형,q_속옷_06,속옥,패션·잡화 중 '속옷'을 판매·제공하는 매장,7108163c-7eba-4e5a-988e-c402be2a9760,쭈옥,한식,첨단이웃사랑 골목형상점가,골목형상점가,광주광역시,0.0,0.0,,,RESOLVED_AGREEMENT,False,0,,,,
4fd264f377922c5d18e7,test,속옷,T6 기계변형,q_속옷_06,속옥,패션·잡화 중 '속옷'을 판매·제공하는 매장,d5e5400d-8b6a-4dbc-a409-8e78f0d40825,본죽&비빔밥 광주충장로점,한식,충장로123가 상점가,자율상권구역,광주광역시,0.0,0.0,,,RESOLVED_AGREEMENT,False,0,,,,
e32a108b9e87c7274619,test,속옷,T6 기계변형,q_속옷_06,속옥,패션·잡화 중 '속옷'을 판매·제공하는 매장,6d46f922-ab98-4140-9a2e-32f2f29f96f0,양옥,한식,온택트 괴정스마트 상권활성화구역,상권활성화구역,부산광역시,0.0,0.0,,,RESOLVED_AGREEMENT,False,0,,,,
55663fdc677a94d1fff2,test,속옷,T6 기계변형,q_속옷_06,속옥,패션·잡화 중 '속옷'을 판매·제공하는 매장,006c0196-bbe9-41db-b76c-01cc834078d8,BYC전문점당감점,속옷,당감골목시장,전통시장,부산광역시,3.0,3.0,,,RESOLVED_AGREEMENT,False,3,,,,
3542e76cb2354d424a44,test,속옷,T6 기계변형,q_속옷_06,속옥,패션·잡화 중 '속옷'을 판매·제공하는 매장,9a2cf47d-18d4-435f-afeb-11517107201e,신신옥,,신포시장,전통시장,인천광역시,,0.0,Y,,P0_UNCERTAIN_OR_MISSING,True,,,,,
c64671800f6a18bafa87,test,속옷,T6 기계변형,q_속옷_06,속옥,패션·잡화 중 '속옷'을 판매·제공하는 매장,ff47c3bc-fe69-47fc-bad4-913214cfc911,와인(wine),의류 속옥,충장로123가 상점가,자율상권구역,광주광역시,1.0,3.0,,,P1_BINARY_THRESHOLD,True,,,,,
68aef523505a0869b06f,test,속옷,T6 기계변형,q_속옷_06,속옥,패션·잡화 중 '속옷'을 판매·제공하는 매장,814ea20e-abb5-4065-a82c-0392f72ac18f,금강옥,한식,백년소상공인,기타,경상북도,0.0,0.0,,,RESOLVED_AGREEMENT,False,0,,,,
651848774a52fc859c9d,test,속옷,T6 기계변형,q_속옷_06,속옥,패션·잡화 중 '속옷'을 판매·제공하는 매장,01638941-6206-4662-b5d9-0e2cae1a4133,하마유통,속옷,서구청먹자골목상인회 골목형상점가,골목형상점가,광주광역시,3.0,3.0,,,RESOLVED_AGREEMENT,False,3,,,,
81f9fd1b126fa600a564,test,속옷,T6 기계변형,q_속옷_06,속옥,패션·잡화 중 '속옷'을 판매·제공하는 매장,011a3d49-59b4-4598-a6ff-668f578f5094,그린브라우니내동점,,내동서부 골목형상점가,골목형상점가,대전광역시,3.0,0.0,,,P1_BINARY_THRESHOLD,True,,,,,
2063b8f0ccee73d36b3e,test,속옷,T6 기계변형,q_속옷_06,속옥,패션·잡화 중 '속옷'을 판매·제공하는 매장,5811e905-c29b-4b13-a0d4-b42c25377720,현대옥,한식,하남 골목형상점가,골목형상점가,광주광역시,0.0,0.0,,,RESOLVED_AGREEMENT,False,0,,,,
db922b2a3f7b7ffb2b7c,test,속옷,T6 기계변형,q_속옷_06,속옥,패션·잡화 중 '속옷'을 판매·제공하는 매장,00054f1d-4cae-4345-9975-1423bc49e4dc,착한아이들,의류,중앙전통시장,전통시장,울산광역시,1.0,2.0,,,P1_BINARY_THRESHOLD,True,,,,,
44161e3be53b6e69163a,test,속옷,T6 기계변형,q_속옷_06,속옥,패션·잡화 중 '속옷'을 판매·제공하는 매장,4c68247c-cee4-4d3e-963a-993858458608,중교옥,한식,대전중앙활성화구역,상권활성화구역,대전광역시,0.0,0.0,,,RESOLVED_AGREEMENT,False,0,,,,
3bf10edc04b83a7a1414,test,속옷,T6 기계변형,q_속옷_06,속옥,패션·잡화 중 '속옷'을 판매·제공하는 매장,b6b2d9e6-859e-46b0-b688-78b3e9e849f7,아리수면옥,,북수리 골목형상점가,골목형상점가,충청남도,,0.0,Y,,P0_UNCERTAIN_OR_MISSING,True,,,,,
6c9b9f31c2da57f20317,test,속옷,T6 기계변형,q_속옷_06,속옥,패션·잡화 중 '속옷'을 판매·제공하는 매장,97392f02-7989-4555-8210-87931a1d35d2,영은수산,생선,서귀포매일올레시장,전통시장,제주특별자치도,0.0,0.0,,,RESOLVED_AGREEMENT,False,0,,,,
3adeb12d72669aa619ae,test,속옷,T6 기계변형,q_속옷_06,속옥,패션·잡화 중 '속옷'을 판매·제공하는 매장,1c1eb8a4-cd76-44fe-b5de-f35bddbd3698,벽옥,한식,군분로 골목형상점가,골목형상점가,광주광역시,0.0,0.0,,,RESOLVED_AGREEMENT,False,0,,,,
d598e92e37be32497a54,test,속옷,T6 기계변형,q_속옷_06,속옥,패션·잡화 중 '속옷'을 판매·제공하는 매장,00172c94-61f0-4197-afeb-d7e8187c79b5,옷이예쁘다,의류,메트로센터(반월당지하쇼핑),일반지하상점가,대구광역시,1.0,2.0,,,P1_BINARY_THRESHOLD,True,,,,,
af85600efefc54dab0d9,test,속옷,T6 기계변형,q_속옷_06,속옥,패션·잡화 중 '속옷'을 판매·제공하는 매장,011903e1-651a-425b-9942-46880c0b0ccc,체리핑크,"소매(속옷,란제리)",미금현대벤처빌시장,전통시장,경기도,3.0,3.0,,,RESOLVED_AGREEMENT,False,3,,,,
ab5cfdee645af2726b97,test,속옷,T6 기계변형,q_속옷_06,속옥,패션·잡화 중 '속옷'을 판매·제공하는 매장,0144c6bd-f905-4ee2-9acf-1d86a5327a86,승리상회,"일반내의, 양말",두류종합시장,전통시장,대구광역시,3.0,3.0,,,RESOLVED_AGREEMENT,False,3,,,,
73140147d2474bf6dc0a,test,속옷,T6 기계변형,q_속옷_06,속옥,패션·잡화 중 '속옷'을 판매·제공하는 매장,d5112012-24fb-4841-8d0b-9393f3b12cc2,마산옥,한식,신사세로수길골목형상점가,골목형상점가,서울특별시,0.0,0.0,,,RESOLVED_AGREEMENT,False,0,,,,
f4683599422b18a5ca90,test,속옷,T6 기계변형,q_속옷_06,속옥,패션·잡화 중 '속옷'을 판매·제공하는 매장,79720647-dbca-4673-a45b-959864fb0fb1,일출옥,한식,맛의거리 맛리단길 골목형상점가,골목형상점가,전북특별자치도,0.0,0.0,,,RESOLVED_AGREEMENT,False,0,,,,
8771b82d9e42386c1212,test,속옷,T6 기계변형,q_속옷_06,속옥,패션·잡화 중 '속옷'을 판매·제공하는 매장,319d65b4-a017-4c2e-acc9-85049b0246a2,인만면옥,한식,도마큰시장,전통시장,대전광역시,0.0,0.0,,,RESOLVED_AGREEMENT,False,0,,,,
527c8869c19997968be6,test,속옷,T6 기계변형,q_속옷_06,속옥,패션·잡화 중 '속옷'을 판매·제공하는 매장,00158f51-4d3a-4ac0-9e38-b37552f5e097,지지배,의류,나주금빛상점가,자율상권구역,전라남도,1.0,2.0,,,P1_BINARY_THRESHOLD,True,,,,,
ddd05d140e285eff7d45,test,속옷,T6 기계변형,q_속옷_06,속옥,패션·잡화 중 '속옷'을 판매·제공하는 매장,d57bfdc0-8aae-4227-adde-bd7108452302,주옥,한식,고성동벚꽃 골목형상점가,골목형상점가,대구광역시,0.0,0.0,,,RESOLVED_AGREEMENT,False,0,,,,
aeed47ac14abb0c8d426,test,속옷,T6 기계변형,q_속옷_06,속옥,패션·잡화 중 '속옷'을 판매·제공하는 매장,eacf7f5f-6924-4f89-bd67-269e5110ae2c,춘운서옥,,다향보성 골목형상점가,골목형상점가,,,0.0,Y,,P0_UNCERTAIN_OR_MISSING,True,,,,,
5a622ec44b0c1dfa03aa,test,속옷,T6 기계변형,q_속옷_06,속옥,패션·잡화 중 '속옷'을 판매·제공하는 매장,c1c53fd5-574c-4bf0-be2f-02788b76255b,만정옥,한식,반곡동 골목형상점가,골목형상점가,세종특별자치시,0.0,0.0,,,RESOLVED_AGREEMENT,False,0,,,,
2e906719d8155b73d855,test,속옷,T6 기계변형,q_속옷_06,속옥,패션·잡화 중 '속옷'을 판매·제공하는 매장,018f4157-7354-4b1a-85eb-b9da2435df9d,뻥어물24 성원양말,"양말, 계란, 뻥튀기 등",당감골목시장,전통시장,부산광역시,3.0,2.0,,,P2_GRADED_ONLY,True,,,,,
481b7f9508cc593d7da7,test,속옷,T6 기계변형,q_속옷_06,속옥,패션·잡화 중 '속옷'을 판매·제공하는 매장,0a2b55d0-03da-4657-907b-758f53bdbe60,효제브라이덜(Hyoje Bridal),,대봉동 대백 골목형상점가,골목형상점가,대구광역시,3.0,0.0,,,P1_BINARY_THRESHOLD,True,,,,,
119cc99bbe70dacedfc0,test,속옷,T6 기계변형,q_속옷_06,속옥,패션·잡화 중 '속옷'을 판매·제공하는 매장,ead14f58-4c89-4c6f-875d-2d86383e7da5,고려옥,한식,맛의거리 맛리단길 골목형상점가,골목형상점가,전북특별자치도,0.0,0.0,,,RESOLVED_AGREEMENT,False,0,,,,
d164eca167380d62e7fc,test,속옷,T6 기계변형,q_속옷_06,속옥,패션·잡화 중 '속옷'을 판매·제공하는 매장,8cf49a81-0aeb-4998-97d6-fb3ac3657196,금옥,의류,신평화패션타운,전통시장,서울특별시,1.0,2.0,,,P1_BINARY_THRESHOLD,True,,,,,
f394169e72d9621d4e57,test,속옷,T6 기계변형,q_속옷_06,속옥,패션·잡화 중 '속옷'을 판매·제공하는 매장,93503574-0ba5-4187-907b-072a0dc098db,소육옥,한식,상봉먹자골목형상점가,골목형상점가,서울특별시,0.0,0.0,,,RESOLVED_AGREEMENT,False,0,,,,
14ca030485d3cd50f35d,test,속옷,T6 기계변형,q_속옷_06,속옥,패션·잡화 중 '속옷'을 판매·제공하는 매장,4699b911-bf54-4b51-9857-9eb5679ad16d,오늘반찬,음식점,남성역 골목시장,전통시장,서울특별시,0.0,0.0,,,RESOLVED_AGREEMENT,False,0,,,,
60b7846cb2dd6a77db7e,test,속옷,T6 기계변형,q_속옷_06,속옥,패션·잡화 중 '속옷'을 판매·제공하는 매장,01e84813-fc68-4e23-81c9-9e743cdd4bc0,서울상회,"양말, 잡화",부산남문시장,전통시장,부산광역시,3.0,2.0,,,P2_GRADED_ONLY,True,,,,,
33608ec19fcaab2ccde1,test,속옷,T6 기계변형,q_속옷_06,속옥,패션·잡화 중 '속옷'을 판매·제공하는 매장,97f4091f-1933-4aa6-9788-7cf2a7e285b1,유원옥,한식,하남대로,골목형상점가,광주광역시,0.0,0.0,,,RESOLVED_AGREEMENT,False,0,,,,
4c2bde9db8a5fc7d2557,test,속옷,T6 기계변형,q_속옷_06,속옥,패션·잡화 중 '속옷'을 판매·제공하는 매장,7c2a5258-4340-4b67-a5fc-fd33cb25d0c9,류경면옥,한식,커낼워크상점가,골목형상점가,인천광역시,0.0,0.0,,,RESOLVED_AGREEMENT,False,0,,,,
c6ddc57634f4873a2418,test,속옷,T6 기계변형,q_속옷_06,속옥,패션·잡화 중 '속옷'을 판매·제공하는 매장,84d9a97c-a862-4bbb-a1c1-6fbc10bbec12,풍년옥,한식,고성 공룡시장,전통시장,경상남도,0.0,0.0,,,RESOLVED_AGREEMENT,False,0,,,,
5341a753b8d3a62ed08b,test,속옷,T6 기계변형,q_속옷_06,속옥,패션·잡화 중 '속옷'을 판매·제공하는 매장,573867d2-5624-4374-b233-7246d321c7ce,성심,한옥,전주한옥마을 골목형상점가,골목형상점가,전북특별자치도,0.0,0.0,,,RESOLVED_AGREEMENT,False,0,,,,
14d246dc2155a414baa2,test,속옷,T6 기계변형,q_속옷_06,속옥,패션·잡화 중 '속옷'을 판매·제공하는 매장,f04d6a4f-9232-48ca-9669-3d7a3a2b88b8,정둔면옥,분식,금암동 골목형상점가,골목형상점가,전북특별자치도,0.0,0.0,,,RESOLVED_AGREEMENT,False,0,,,,
ba8437ae854655c10929,test,속옷,T6 기계변형,q_속옷_06,속옥,패션·잡화 중 '속옷'을 판매·제공하는 매장,b36bf368-0095-42e9-8671-e2f133360d41,이설옥,한식,문창시장,전통시장,대전광역시,0.0,0.0,,,RESOLVED_AGREEMENT,False,0,,,,
c7dafb7e3eea0c6babd6,test,속옷,T6 기계변형,q_속옷_06,속옥,패션·잡화 중 '속옷'을 판매·제공하는 매장,0114f51c-6520-431d-85c7-c34ff7795c7e,브라운앤보그,,퀸덤3단지골목형상점가,골목형상점가,부산광역시,3.0,0.0,,,P1_BINARY_THRESHOLD,True,,,,,
a757766a20101a9d5af0,test,속옷,T6 기계변형,q_속옷_06,속옥,패션·잡화 중 '속옷'을 판매·제공하는 매장,0ce9b9e1-8f61-4616-9271-9d5326adaf94,역전옥,한식,전통중앙도매상가,전통시장,대전광역시,0.0,0.0,,,RESOLVED_AGREEMENT,False,0,,,,
9aa79f7ae6e5e6c72523,test,속옷,T6 기계변형,q_속옷_06,속옥,패션·잡화 중 '속옷'을 판매·제공하는 매장,00124602-ef4e-472c-91ee-de53b28d7530,화이트,의류,울산번개시장,전통시장,울산광역시,1.0,2.0,,,P1_BINARY_THRESHOLD,True,,,,,
f9169a4de54057927212,test,속옷,T6 기계변형,q_속옷_06,속옥,패션·잡화 중 '속옷'을 판매·제공하는 매장,510538cb-26ab-4020-bff4-e9e6f468f97f,엘리트의상실,옷수선,㈜여수서시장,전통시장,전라남도,0.0,2.0,,,P1_BINARY_THRESHOLD,True,,,,,
6798d2f6c1eabe46ebfc,test,속옷,T6 기계변형,q_속옷_06,속옥,패션·잡화 중 '속옷'을 판매·제공하는 매장,de9db77d-489b-4cff-8241-d7c70cb6dd1f,조옥,한식,수암종합시장,전통시장,울산광역시,0.0,0.0,,,RESOLVED_AGREEMENT,False,0,,,,
b4b7979bc3c36112f82c,test,속옷,T6 기계변형,q_속옷_06,속옥,패션·잡화 중 '속옷'을 판매·제공하는 매장,43b59380-bb2e-4b5a-94f1-1ed190bfcd96,참빛,발마사지기,창원 상남시장,전통시장,경상남도,0.0,0.0,,,RESOLVED_AGREEMENT,False,0,,,,
26307f5a8de0d82a7448,test,속옷,T6 기계변형,q_속옷_06,속옥,패션·잡화 중 '속옷'을 판매·제공하는 매장,149bde69-d9e8-453f-b5bd-d9228c0c774c,절굿대떡옥,떡,나주목사고을시장,전통시장,전라남도,0.0,0.0,,,RESOLVED_AGREEMENT,False,0,,,,
81a98937c0b644fb1fe5,test,속옷,T6 기계변형,q_속옷_06,속옥,패션·잡화 중 '속옷'을 판매·제공하는 매장,c2832e22-376a-4b7d-bd67-1ccd17bdf4a5,설미옥,한식,황동길 골목형상점가,골목형상점가,전라남도,0.0,0.0,,,RESOLVED_AGREEMENT,False,0,,,,
105986b47687ab299aa7,test,속옷,T6 기계변형,q_속옷_06,속옥,패션·잡화 중 '속옷'을 판매·제공하는 매장,ca15d1b5-3248-499a-b499-7f2263703f9a,미진옥,한식,동적골 골목형상점가,골목형상점가,광주광역시,0.0,0.0,,,RESOLVED_AGREEMENT,False,0,,,,
c42854da8f539677eaf9,test,속옷,T6 기계변형,q_속옷_06,속옥,패션·잡화 중 '속옷'을 판매·제공하는 매장,cce6ef73-b11b-4754-9c71-d5830856ddbe,평안면옥,,백년소상공인,,서울특별시,,0.0,Y,,P0_UNCERTAIN_OR_MISSING,True,,,,,
5fe94bf81130808723cd,test,속옷,T6 기계변형,q_속옷_06,속옥,패션·잡화 중 '속옷'을 판매·제공하는 매장,aaf8895d-2c42-4583-b5ae-8fe5b8404347,나드리,"의류, 잡화",송정매일시장,전통시장,광주광역시,1.0,2.0,,,P1_BINARY_THRESHOLD,True,,,,,
47a9654d4b7aabd4e921,test,속옷,T6 기계변형,q_속옷_06,속옥,패션·잡화 중 '속옷'을 판매·제공하는 매장,a90a7cb2-3a07-4d75-8c48-aa04bc915d5f,해옥,,통영 중앙동 강구안 상권활성화 구역,상권활성화구역,경상남도,,0.0,Y,,P0_UNCERTAIN_OR_MISSING,True,,,,,
7f7f915b0df9e079ce32,test,속옷,T6 기계변형,q_속옷_06,속옥,패션·잡화 중 '속옷'을 판매·제공하는 매장,09a38942-56ca-4b51-ae63-c10591a05bf0,청춘옥,한식,역곡상상시장(구 역곡북부시장),전통시장,경기도,0.0,0.0,,,RESOLVED_AGREEMENT,False,0,,,,
ee648c0da5c3df3be088,test,속옷,T6 기계변형,q_속옷_06,속옥,패션·잡화 중 '속옷'을 판매·제공하는 매장,6e411d5e-1f39-40ec-bb45-b32e83b31cec,파크랜드칠곡점,의류,태전패션거리 골목형상점가,골목형상점가,대구광역시,1.0,2.0,,,P1_BINARY_THRESHOLD,True,,,,,
dac73fdf7e2250e73b98,test,속옷,T6 기계변형,q_속옷_06,속옥,패션·잡화 중 '속옷'을 판매·제공하는 매장,000a92b3-0b5e-429e-af00-f86e3570e24b,클로버,의류,관문상가시장,전통시장,대구광역시,1.0,2.0,,,P1_BINARY_THRESHOLD,True,,,,,
709cd360dcbbedf800c7,test,속옷,T6 기계변형,q_속옷_06,속옥,패션·잡화 중 '속옷'을 판매·제공하는 매장,e91b90ed-c90f-44a6-99b9-3b9265d9a2f9,배울면옥,,혁신도시3구역 골목형상점가,골목형상점가,강원특별자치도,,0.0,Y,,P0_UNCERTAIN_OR_MISSING,True,,,,,
240cd3221538c785d4f9,test,속옷,T6 기계변형,q_속옷_06,속옥,패션·잡화 중 '속옷'을 판매·제공하는 매장,b49e3e01-44b9-4cf4-b582-f7b7099a38f9,일흥옥,한식,맛의거리 맛리단길 골목형상점가,골목형상점가,전북특별자치도,0.0,0.0,,,RESOLVED_AGREEMENT,False,0,,,,
5220bff7a21e65c7d006,test,속옷,T6 기계변형,q_속옷_06,속옥,패션·잡화 중 '속옷'을 판매·제공하는 매장,4bae059c-d8cb-4ce5-afcd-4ffa5d61cca3,중앙옥,한식,옥천공설시장,전통시장,충청북도,0.0,0.0,,,RESOLVED_AGREEMENT,False,0,,,,
546139878b893b55a8b6,test,속옷,T6 기계변형,q_속옷_06,속옥,패션·잡화 중 '속옷'을 판매·제공하는 매장,28bbe5f1-6fb3-4338-bd19-6bc862b38872,한옥,한식,미소상인회 골목형상점가,골목형상점가,서울특별시,0.0,0.0,,,RESOLVED_AGREEMENT,False,0,,,,
f9c4e68f3f23a2343c61,test,속옷,T6 기계변형,q_속옷_06,속옥,패션·잡화 중 '속옷'을 판매·제공하는 매장,b73fb50f-be72-42e6-ac87-20ab81475764,경옥,가방,마산 (주)대현프리몰 지하도상점가,일반지하상점가,경상남도,0.0,0.0,,,RESOLVED_AGREEMENT,False,0,,,,
d2f0aff521e28940bf1e,test,속옷,T6 기계변형,q_속옷_06,속옥,패션·잡화 중 '속옷'을 판매·제공하는 매장,a517a1e6-0428-4ea3-bc82-d9ee83043c8d,생생면옥,,솔내이음골목형상점가,골목형상점가,전북특별자치도,,0.0,Y,,P0_UNCERTAIN_OR_MISSING,True,,,,,
37be7abebc3b9ded8a36,test,속옷,T6 기계변형,q_속옷_06,속옥,패션·잡화 중 '속옷'을 판매·제공하는 매장,cea734bd-c9ba-46f2-b755-3341e5c58e6d,제주옥,,중앙동 문화골목 골목형상점가,골목형상점가,제주특별자치도,,0.0,Y,,P0_UNCERTAIN_OR_MISSING,True,,,,,
d6478a0ce6ca64436085,test,속옷,T6 기계변형,q_속옷_06,속옥,패션·잡화 중 '속옷'을 판매·제공하는 매장,8e49adcb-58c0-4a23-999a-27b2ee95dc4e,선비옥,,선비골전통시장,전통시장,경상북도,,0.0,Y,,P0_UNCERTAIN_OR_MISSING,True,,,,,
6f5afeef41d53f2b989a,test,속옷,T6 기계변형,q_속옷_06,속옥,패션·잡화 중 '속옷'을 판매·제공하는 매장,6dc1c7d2-716a-474e-9f4e-06a3dc923fb0,문옥,한식,일곡동(제9지역:커피의 거리),골목형상점가,광주광역시,0.0,0.0,,,RESOLVED_AGREEMENT,False,0,,,,
a6c352cc7f5621e57fb2,test,속옷,T6 기계변형,q_속옷_06,속옥,패션·잡화 중 '속옷'을 판매·제공하는 매장,022eed00-e4e9-46d1-b6ea-3b9ff6e46458,동아양말,양말,㈜르네시떼,전통시장,부산광역시,3.0,2.0,,,P2_GRADED_ONLY,True,,,,,
72b6f89f9ea63b3af52b,test,속옷,T6 기계변형,q_속옷_06,속옥,패션·잡화 중 '속옷'을 판매·제공하는 매장,30e56287-7c6b-4011-8d52-606f05eeeee9,정무옥,한식,오산원동상점가,골목형상점가,경기도,0.0,0.0,,,RESOLVED_AGREEMENT,False,0,,,,
9d3513504d75aef75d95,test,속옷,T6 기계변형,q_속옷_06,속옥,패션·잡화 중 '속옷'을 판매·제공하는 매장,24f090de-1451-4428-97b0-fc7eb38bf82b,목돈옥,한식,대남마주길 골목형상점가,골목형상점가,광주광역시,0.0,0.0,,,RESOLVED_AGREEMENT,False,0,,,,
5550545c0d7e97ae8607,test,속옷,T6 기계변형,q_속옷_06,속옥,패션·잡화 중 '속옷'을 판매·제공하는 매장,0b2de4e7-0eea-42cd-aafe-aa8aa298ac82,꾸브라꼬 숯불치킨 첨단점,,첨단아미 골목형상점가,골목형상점가,,3.0,0.0,,,P1_BINARY_THRESHOLD,True,,,,,
c1c3f04967e004648ed0,test,속옷,T6 기계변형,q_속옷_06,속옥,패션·잡화 중 '속옷'을 판매·제공하는 매장,002fded9-56a2-42e6-ad4e-06dab5ab6c83,못골메리야스,내의류,못골골목시장,전통시장,부산광역시,3.0,3.0,,,RESOLVED_AGREEMENT,False,3,,,,
a87e80b251ba7804ba8b,test,속옷,T6 기계변형,q_속옷_06,속옥,패션·잡화 중 '속옷'을 판매·제공하는 매장,8c13875a-0177-4ef3-a4a8-d9f172be2e1b,신림면옥,,황둔캠핑로 골목형상점가,골목형상점가,강원특별자치도,,0.0,Y,,P0_UNCERTAIN_OR_MISSING,True,,,,,
e0b203469b28b2df3fc1,test,속옷,T6 기계변형,q_속옷_06,속옥,패션·잡화 중 '속옷'을 판매·제공하는 매장,985b3244-52b2-486e-8f67-7df2687487fd,일신옥,한식,맛의거리 맛리단길 골목형상점가,골목형상점가,전북특별자치도,0.0,0.0,,,RESOLVED_AGREEMENT,False,0,,,,
7ee1fed44568ff4c10f6,test,속옷,T6 기계변형,q_속옷_06,속옥,패션·잡화 중 '속옷'을 판매·제공하는 매장,d554ec9b-8bdb-43ec-a95f-513800c5aced,일해옥,한식,맛의거리 맛리단길 골목형상점가,골목형상점가,전북특별자치도,0.0,0.0,,,RESOLVED_AGREEMENT,False,0,,,,
462dec8bf6e3ffd7c933,test,속옷,T6 기계변형,q_속옷_06,속옥,패션·잡화 중 '속옷'을 판매·제공하는 매장,88ced1eb-777d-40d6-a680-09257298c2b7,청산옥,,나주읍성 골목형상점가,골목형상점가,,,0.0,Y,,P0_UNCERTAIN_OR_MISSING,True,,,,,
5d9fa12764786589421b,test,속옷,T6 기계변형,q_속옷_06,속옥,패션·잡화 중 '속옷'을 판매·제공하는 매장,984e668e-47d1-4916-bad5-1f097820b8d1,장단옥,한식,평촌1번가 상점가,자율상권구역,경기도,0.0,0.0,,,RESOLVED_AGREEMENT,False,0,,,,
23fc002fe457a922740e,test,속옷,T6 기계변형,q_속옷_06,속옥,패션·잡화 중 '속옷'을 판매·제공하는 매장,0b145df3-a176-4fd4-8017-99d62d6c3793,만옥,한식,법원 앞 사과마을 골목형상점가,골목형상점가,광주광역시,0.0,0.0,,,RESOLVED_AGREEMENT,False,0,,,,
15786b66388c8025e4ed,test,속옷,T6 기계변형,q_속옷_06,속옥,패션·잡화 중 '속옷'을 판매·제공하는 매장,01459610-611f-4516-aa05-19e8e4a11b6d,양평상회,내의,제천중앙시장,전통시장,충청북도,3.0,3.0,,,RESOLVED_AGREEMENT,False,3,,,,
dd32d23a3a9a9467a36c,test,속옷,T6 기계변형,q_속옷_06,속옥,패션·잡화 중 '속옷'을 판매·제공하는 매장,efb24247-0856-4e66-9101-677df02580e3,만경옥,중식,우치로231번길 골목형상점가,골목형상점가,광주광역시,0.0,0.0,,,RESOLVED_AGREEMENT,False,0,,,,
469f4fb257fb0ca80604,test,속옷,T6 기계변형,q_속옷_06,속옥,패션·잡화 중 '속옷'을 판매·제공하는 매장,28127da7-a15c-4366-b962-72aedd1ad7b8,희가옥,,양산 물금백호마을 골목형상점가,골목형상점가,경상남도,,0.0,Y,,P0_UNCERTAIN_OR_MISSING,True,,,,,
5dad5615fffaf5268248,test,속옷,T6 기계변형,q_속옷_06,속옥,패션·잡화 중 '속옷'을 판매·제공하는 매장,64dff7f1-9d8d-4477-97d6-35c5d5da066c,신비면옥,,문화길 골목형상점가,골목형상점가,세종특별자치시,,0.0,Y,,P0_UNCERTAIN_OR_MISSING,True,,,,,
74e8bd7d5f51a4e8fd64,test,속옷,T6 기계변형,q_속옷_06,속옥,패션·잡화 중 '속옷'을 판매·제공하는 매장,c0ef245d-a599-4226-b392-988d77178d56,합정옥,한식,합정동먹자골목골목형상점가,골목형상점가,서울특별시,0.0,0.0,,,RESOLVED_AGREEMENT,False,0,,,,
1be3579b5f046a295c2d,test,속옷,T6 기계변형,q_속옷_06,속옥,패션·잡화 중 '속옷'을 판매·제공하는 매장,09b1e448-7a9a-4f85-976c-71cefed054f9,윈도우스토리,"브라인드, 커텐",광탄전통시장,전통시장,경기도,3.0,0.0,,,P1_BINARY_THRESHOLD,True,,,,,
3a7c92713245ccaad772,test,속옷,T6 기계변형,q_속옷_06,속옥,패션·잡화 중 '속옷'을 판매·제공하는 매장,580098e6-8039-4844-9d9a-4280df36c1c0,류경면옥,한식,커낼워크상점가,골목형상점가,인천광역시,0.0,0.0,,,RESOLVED_AGREEMENT,False,0,,,,
08fa4c7b410509c45720,test,속옷,T6 기계변형,q_속옷_06,속옥,패션·잡화 중 '속옷'을 판매·제공하는 매장,01725ea8-909a-45e7-86dc-3983579c9c4d,이강상사(트라이),내의,신대방1동온누리길골목형상점가,골목형상점가,서울특별시,3.0,3.0,,,RESOLVED_AGREEMENT,False,3,,,,
451bed283ce777d1c3a1,test,속옷,T6 기계변형,q_속옷_06,속옥,패션·잡화 중 '속옷'을 판매·제공하는 매장,02cebcf5-9e57-4988-adb9-85afcb577ccd,백미옥,국밥,한마음,골목형상점가,광주광역시,0.0,0.0,,,RESOLVED_AGREEMENT,False,0,,,,
5e0c8507cb2c911ddc31,test,속옷,T6 기계변형,q_속옷_06,속옥,패션·잡화 중 '속옷'을 판매·제공하는 매장,01ca0e12-5e9f-4cc8-a090-1d2535c35fcb,중앙란제리,내의판매점,문경중앙시장,전통시장,경상북도,3.0,3.0,,,RESOLVED_AGREEMENT,False,3,,,,
9f3a05c178b7255487f5,test,속옷,T6 기계변형,q_속옷_06,속옥,패션·잡화 중 '속옷'을 판매·제공하는 매장,5cdd10ef-ac57-470f-92f3-227e7c5d3af7,세창옥,한식,평택통복시장,전통시장,경기도,0.0,0.0,,,RESOLVED_AGREEMENT,False,0,,,,
d0d081e6bf50a7301737,test,속옷,T6 기계변형,q_속옷_06,속옥,패션·잡화 중 '속옷'을 판매·제공하는 매장,7287451e-017d-44e9-a753-ee498f44818f,중앙면옥,한식,중앙상가시장,전통시장,대전광역시,0.0,0.0,,,RESOLVED_AGREEMENT,False,0,,,,
3a56d569ba3b9c38a08c,test,속옷,T6 기계변형,q_속옷_06,속옥,패션·잡화 중 '속옷'을 판매·제공하는 매장,fc1681e5-68fd-4f7b-b549-9f4cd0a3984a,진주옥,,루원행복한거리 골목형상점가,골목형상점가,인천광역시,,0.0,Y,,P0_UNCERTAIN_OR_MISSING,True,,,,,
d6f05270fb5f4b76272c,test,속옷,T6 기계변형,q_속옷_06,속옥,패션·잡화 중 '속옷'을 판매·제공하는 매장,f574c4ce-8641-466e-aa47-62cbf4952afc,평창면옥,,대화전통시장,전통시장,강원특별자치도,,0.0,Y,,P0_UNCERTAIN_OR_MISSING,True,,,,,
cc9ab683e40eebd1e8cc,test,속옷,T6 기계변형,q_속옷_06,속옥,패션·잡화 중 '속옷'을 판매·제공하는 매장,b76ffa0a-3a30-4116-bc2e-2ef57c78b4e4,우정옥,한식,전남대후문골목형상점가,골목형상점가,광주광역시,0.0,0.0,,,RESOLVED_AGREEMENT,False,0,,,,
ab4a6d1043edcfbff141,test,속옷,T6 기계변형,q_속옷_07,속옷추천,패션·잡화 중 '속옷'을 판매·제공하는 매장,3da2d7d1-b78a-40f1-abc1-73297f58fc41,속옷전문점,속옷,월산4동 골목형상점가,골목형상점가,광주광역시,3.0,3.0,,,RESOLVED_AGREEMENT,False,3,,,,
c58046c89a483190443b,test,속옷,T6 기계변형,q_속옷_07,속옷추천,패션·잡화 중 '속옷'을 판매·제공하는 매장,fe46f1b7-0454-4f04-9859-48d776599515,이레속옷,속옷,원주남부시장,전통시장,강원특별자치도,3.0,3.0,,,RESOLVED_AGREEMENT,False,3,,,,
906cc557c384317b2643,test,속옷,T6 기계변형,q_속옷_07,속옷추천,패션·잡화 중 '속옷'을 판매·제공하는 매장,b17be00b-c03c-4707-bd16-68e925afea5a,속옷스토리,속옷 의류,효덕마을 골목형상점가,골목형상점가,광주광역시,3.0,3.0,,,RESOLVED_AGREEMENT,False,3,,,,
5468ece22ed3127723a0,test,속옷,T6 기계변형,q_속옷_07,속옷추천,패션·잡화 중 '속옷'을 판매·제공하는 매장,302eb82b-9fff-44e9-a9ee-183ecc322f57,속옷할인매장,속옷,대소시장,전통시장,충청북도,3.0,3.0,,,RESOLVED_AGREEMENT,False,3,,,,
21f105d11e1e8a44c0a8,test,속옷,T6 기계변형,q_속옷_07,속옷추천,패션·잡화 중 '속옷'을 판매·제공하는 매장,3111a852-d694-4bc8-90a6-934aba56a497,속옷나라,속옷,군산역전종합시장,전통시장,전북특별자치도,3.0,3.0,,,RESOLVED_AGREEMENT,False,3,,,,
5eb6af2738023ff02cb4,test,속옷,T6 기계변형,q_속옷_07,속옷추천,패션·잡화 중 '속옷'을 판매·제공하는 매장,75373402-8e75-40bc-97d3-1c8261ccff6f,빠자빠,속옷,동산상가,전통시장,대구광역시,3.0,3.0,,,RESOLVED_AGREEMENT,False,3,,,,
c89789e4c59dfdf73fb8,test,속옷,T6 기계변형,q_속옷_07,속옷추천,패션·잡화 중 '속옷'을 판매·제공하는 매장,79238343-ca2f-40cd-8c16-80ccb8ddb3cc,속옷천국,속옷 의류,대남숨길 골목형상점가,골목형상점가,광주광역시,3.0,3.0,,,RESOLVED_AGREEMENT,False,3,,,,
10fe2e39730016ffce4f,test,속옷,T6 기계변형,q_속옷_07,속옷추천,패션·잡화 중 '속옷'을 판매·제공하는 매장,5bb717e5-e168-42f0-835b-08888dc3fc08,속옷나라,란제리(속옷),신 강남시장,전통시장,인천광역시,3.0,3.0,,,RESOLVED_AGREEMENT,False,3,,,,
82588ef60acfabc89240,test,속옷,T6 기계변형,q_속옷_07,속옷추천,패션·잡화 중 '속옷'을 판매·제공하는 매장,0144c6bd-f905-4ee2-9acf-1d86a5327a86,승리상회,"일반내의, 양말",두류종합시장,전통시장,대구광역시,3.0,3.0,,,RESOLVED_AGREEMENT,False,3,,,,
3de2e0d8382c3dc0a9bc,test,속옷,T6 기계변형,q_속옷_07,속옷추천,패션·잡화 중 '속옷'을 판매·제공하는 매장,1cba85ac-dc45-4656-87a6-719f84ef4284,속옷할인매장,소매(속옷),성내전통시장,전통시장,서울특별시,3.0,3.0,,,RESOLVED_AGREEMENT,False,3,,,,
f9987c03cc81d3f223b3,test,속옷,T6 기계변형,q_속옷_07,속옷추천,패션·잡화 중 '속옷'을 판매·제공하는 매장,8b47ff95-9902-48d5-a6f9-3cfbfbf23837,착한속옷,속옷,노은역 골목형상점가,골목형상점가,대전광역시,3.0,3.0,,,RESOLVED_AGREEMENT,False,3,,,,
89d295ac73adde82de2f,test,속옷,T6 기계변형,q_속옷_07,속옷추천,패션·잡화 중 '속옷'을 판매·제공하는 매장,3c7ad0db-75e6-4a0c-bb5d-2ccaf0bb7c19,속옷나라,속옷,음성시장,전통시장,충청북도,3.0,3.0,,,RESOLVED_AGREEMENT,False,3,,,,
e2b29ae90c889dccbd0a,test,속옷,T6 기계변형,q_속옷_07,속옷추천,패션·잡화 중 '속옷'을 판매·제공하는 매장,980c50e0-3ffa-40d7-b7d7-5bd3c1095890,패티패션,속옷,담양중앙 골목형상점가,골목형상점가,전라남도,3.0,3.0,,,RESOLVED_AGREEMENT,False,3,,,,
4304ef7c37b4493fbab4,test,속옷,T6 기계변형,q_속옷_07,속옷추천,패션·잡화 중 '속옷'을 판매·제공하는 매장,cd00ad11-b2f1-4394-b1a9-d42a3246aef9,속옷가게,속옷,메트로센터(반월당지하쇼핑),일반지하상점가,대구광역시,3.0,3.0,,,RESOLVED_AGREEMENT,False,3,,,,
d0de9996520f2ceeb8d4,test,속옷,T6 기계변형,q_속옷_07,속옷추천,패션·잡화 중 '속옷'을 판매·제공하는 매장,00172c94-61f0-4197-afeb-d7e8187c79b5,옷이예쁘다,의류,메트로센터(반월당지하쇼핑),일반지하상점가,대구광역시,1.0,2.0,,,P1_BINARY_THRESHOLD,True,,,,,
d7450832be2877a1d06d,test,속옷,T6 기계변형,q_속옷_07,속옷추천,패션·잡화 중 '속옷'을 판매·제공하는 매장,de52c2bd-b933-42c5-9ea1-4791784dece1,엄마런닝구,속옷,양산 서창시장,전통시장,경상남도,3.0,3.0,,,RESOLVED_AGREEMENT,False,3,,,,
2e2137ae2b3d810a5667,test,속옷,T6 기계변형,q_속옷_07,속옷추천,패션·잡화 중 '속옷'을 판매·제공하는 매장,9850f176-4375-4455-8b6a-b589e0e98dfa,회 포장하시 게,활어,세종전통시장,전통시장,세종특별자치시,0.0,0.0,,,RESOLVED_AGREEMENT,False,0,,,,
4acade58aa2d3dec001e,test,속옷,T6 기계변형,q_속옷_07,속옷추천,패션·잡화 중 '속옷'을 판매·제공하는 매장,00124602-ef4e-472c-91ee-de53b28d7530,화이트,의류,울산번개시장,전통시장,울산광역시,1.0,2.0,,,P1_BINARY_THRESHOLD,True,,,,,
6e8594e7333c53261c34,test,속옷,T6 기계변형,q_속옷_07,속옷추천,패션·잡화 중 '속옷'을 판매·제공하는 매장,95f1f6be-2a0c-4839-9a62-d830d7650179,정관장 광교점,홍삼제품 판매,광교상현역 온누리 골목형상점가,골목형상점가,경기도,0.0,0.0,,,RESOLVED_AGREEMENT,False,0,,,,
06d290b980b03f5e1798,test,속옷,T6 기계변형,q_속옷_07,속옷추천,패션·잡화 중 '속옷'을 판매·제공하는 매장,238f1e8d-79f6-4722-a401-a8a150952f98,속옷이야기,속옷,의정부제일시장,전통시장,경기도,3.0,3.0,,,RESOLVED_AGREEMENT,False,3,,,,
a89a82d431e90f70e198,test,속옷,T6 기계변형,q_속옷_07,속옷추천,패션·잡화 중 '속옷'을 판매·제공하는 매장,0a2b55d0-03da-4657-907b-758f53bdbe60,효제브라이덜(Hyoje Bridal),,대봉동 대백 골목형상점가,골목형상점가,대구광역시,3.0,0.0,,,P1_BINARY_THRESHOLD,True,,,,,
5429c3a7375f8dc89153,test,속옷,T6 기계변형,q_속옷_07,속옷추천,패션·잡화 중 '속옷'을 판매·제공하는 매장,9ba5de28-9af5-4f23-a8be-e4e9a2557d23,속옷나라,속옷,공주산성 활성화구역,전통시장,충청남도,3.0,3.0,,,RESOLVED_AGREEMENT,False,3,,,,
1c6616318f103361cfbe,test,속옷,T6 기계변형,q_속옷_07,속옷추천,패션·잡화 중 '속옷'을 판매·제공하는 매장,1b1f87ec-493e-4618-9572-9691087da134,양말 속옷나라,속옷,금왕중심골목형상점가,골목형상점가,충청북도,3.0,3.0,,,RESOLVED_AGREEMENT,False,3,,,,
668e70194303a9d6b3cd,test,속옷,T6 기계변형,q_속옷_07,속옷추천,패션·잡화 중 '속옷'을 판매·제공하는 매장,63468b5d-2de4-46aa-918f-b85d7fa6376c,은혜속옷,속옷,서천특화시장,전통시장,충청남도,3.0,3.0,,,RESOLVED_AGREEMENT,False,3,,,,
fbdb29a271ed96381ff3,test,속옷,T6 기계변형,q_속옷_07,속옷추천,패션·잡화 중 '속옷'을 판매·제공하는 매장,33e3df24-86bd-41f3-a671-96a2cccc6aef,속옷상설할인매장,속옷,신도봉시장,전통시장,서울특별시,3.0,3.0,,,RESOLVED_AGREEMENT,False,3,,,,
0e1c7e73537511bdb1e9,test,속옷,T6 기계변형,q_속옷_07,속옷추천,패션·잡화 중 '속옷'을 판매·제공하는 매장,09b1e448-7a9a-4f85-976c-71cefed054f9,윈도우스토리,"브라인드, 커텐",광탄전통시장,전통시장,경기도,3.0,0.0,,,P1_BINARY_THRESHOLD,True,,,,,
68a38c51be333d787a82,test,속옷,T6 기계변형,q_속옷_07,속옷추천,패션·잡화 중 '속옷'을 판매·제공하는 매장,ac9fe03a-613e-441e-8c6d-753e0667c468,속옷전문할인매장,속옷,신영시장,전통시장,서울특별시,3.0,3.0,,,RESOLVED_AGREEMENT,False,3,,,,
7a7e677bb973f69d617f,test,속옷,T6 기계변형,q_속옷_07,속옷추천,패션·잡화 중 '속옷'을 판매·제공하는 매장,2f304256-22bb-474e-94d2-d7bcd3ab6b31,속옷아울렛,속옷,광명전통시장,전통시장,경기도,3.0,3.0,,,RESOLVED_AGREEMENT,False,3,,,,
717fd71e085de2358fa8,test,속옷,T6 기계변형,q_속옷_07,속옷추천,패션·잡화 중 '속옷'을 판매·제공하는 매장,01725ea8-909a-45e7-86dc-3983579c9c4d,이강상사(트라이),내의,신대방1동온누리길골목형상점가,골목형상점가,서울특별시,3.0,3.0,,,RESOLVED_AGREEMENT,False,3,,,,
bec53b44c8dacd233304,test,속옷,T6 기계변형,q_속옷_07,속옷추천,패션·잡화 중 '속옷'을 판매·제공하는 매장,156236f1-5b3a-411f-9fa7-59cdeb5d9689,진범통상,속옷,성환1번가 골목형상점가,골목형상점가,충청남도,3.0,3.0,,,RESOLVED_AGREEMENT,False,3,,,,
10326f980783ba0892cf,test,속옷,T6 기계변형,q_속옷_07,속옷추천,패션·잡화 중 '속옷'을 판매·제공하는 매장,e396a8da-9fff-404d-bfc0-da8a08e8a84c,속옷할인매장,속옷,신남네거리상점가,자율상권구역,대구광역시,3.0,3.0,,,RESOLVED_AGREEMENT,False,3,,,,
35190fa5101af6680548,test,속옷,T6 기계변형,q_속옷_07,속옷추천,패션·잡화 중 '속옷'을 판매·제공하는 매장,01ca0e12-5e9f-4cc8-a090-1d2535c35fcb,중앙란제리,내의판매점,문경중앙시장,전통시장,경상북도,3.0,3.0,,,RESOLVED_AGREEMENT,False,3,,,,
824311d5f73dd3b7309a,test,속옷,T6 기계변형,q_속옷_07,속옷추천,패션·잡화 중 '속옷'을 판매·제공하는 매장,619e0311-0472-40af-b542-61217e100ae3,속옷할인매장,의류(속옷),답십리현대시장,전통시장,서울특별시,3.0,3.0,,,RESOLVED_AGREEMENT,False,3,,,,
c65ee2a68b7815c3a74f,test,속옷,T6 기계변형,q_속옷_07,속옷추천,패션·잡화 중 '속옷'을 판매·제공하는 매장,00158f51-4d3a-4ac0-9e38-b37552f5e097,지지배,의류,나주금빛상점가,자율상권구역,전라남도,1.0,2.0,,,P1_BINARY_THRESHOLD,True,,,,,
b7c18b1d836ebcc61176,test,속옷,T6 기계변형,q_속옷_07,속옷추천,패션·잡화 중 '속옷'을 판매·제공하는 매장,018f4157-7354-4b1a-85eb-b9da2435df9d,뻥어물24 성원양말,"양말, 계란, 뻥튀기 등",당감골목시장,전통시장,부산광역시,3.0,2.0,,,P2_GRADED_ONLY,True,,,,,
5ca1010e26dc08511640,test,속옷,T6 기계변형,q_속옷_07,속옷추천,패션·잡화 중 '속옷'을 판매·제공하는 매장,bc5a34a5-f0de-4c73-9788-28c5c6c5054c,속옷백화점,의류,의왕도깨비시장,전통시장,경기도,2.0,3.0,,,P2_GRADED_ONLY,True,,,,,
6fabf5df8f7d4e1bd98d,test,속옷,T6 기계변형,q_속옷_07,속옷추천,패션·잡화 중 '속옷'을 판매·제공하는 매장,3b12e4d9-ca2d-4be3-90e6-cb19051e0dd4,샐리브,,녹두S밸리골목형상점가,골목형상점가,서울특별시,,0.0,Y,,P0_UNCERTAIN_OR_MISSING,True,,,,,
41daab997a62b61e6052,test,속옷,T6 기계변형,q_속옷_07,속옷추천,패션·잡화 중 '속옷'을 판매·제공하는 매장,00054f1d-4cae-4345-9975-1423bc49e4dc,착한아이들,의류,중앙전통시장,전통시장,울산광역시,1.0,2.0,,,P1_BINARY_THRESHOLD,True,,,,,
53c6eca453476d4a70db,test,속옷,T6 기계변형,q_속옷_07,속옷추천,패션·잡화 중 '속옷'을 판매·제공하는 매장,0cb36398-da5f-4fe6-a700-ddb2b3151033,안가네대추빵,,전주송천동골목형상점가,골목형상점가,전북특별자치도,0.0,0.0,,,RESOLVED_AGREEMENT,False,0,,,,
bd5a0efa2ccf73c11de8,test,속옷,T6 기계변형,q_속옷_07,속옷추천,패션·잡화 중 '속옷'을 판매·제공하는 매장,7e4adcc4-c9ea-4cdc-9432-73864860d20b,속옷아울렛,속옷,예천상설시장,전통시장,경상북도,3.0,3.0,,,RESOLVED_AGREEMENT,False,3,,,,
c5191047b04621465fd3,test,속옷,T6 기계변형,q_속옷_07,속옷추천,패션·잡화 중 '속옷'을 판매·제공하는 매장,011a3d49-59b4-4598-a6ff-668f578f5094,그린브라우니내동점,,내동서부 골목형상점가,골목형상점가,대전광역시,3.0,0.0,,,P1_BINARY_THRESHOLD,True,,,,,
b9949ba742bdbc7aec4d,test,속옷,T6 기계변형,q_속옷_07,속옷추천,패션·잡화 중 '속옷'을 판매·제공하는 매장,c3a3ae3c-2c83-495f-9bb2-83261ccb4023,도운유통,식품,칠성전자주방시장,전통시장,대구광역시,0.0,0.0,,,RESOLVED_AGREEMENT,False,0,,,,
39e07527ea2f5cbb4202,test,속옷,T6 기계변형,q_속옷_07,속옷추천,패션·잡화 중 '속옷'을 판매·제공하는 매장,e8b39ab1-9703-4863-af30-35e937a28180,속옷나라,속옷,우산상인회 골목형상점가,골목형상점가,광주광역시,3.0,3.0,,,RESOLVED_AGREEMENT,False,3,,,,
efe863edcd9a1eec409d,test,속옷,T6 기계변형,q_속옷_07,속옷추천,패션·잡화 중 '속옷'을 판매·제공하는 매장,5c1dc313-5672-4fa3-9487-0c6283893aee,속옷할인매장,속옷,메트로센터(반월당지하쇼핑),일반지하상점가,대구광역시,3.0,3.0,,,RESOLVED_AGREEMENT,False,3,,,,
78fdd85f9402472e3a42,test,속옷,T6 기계변형,q_속옷_07,속옷추천,패션·잡화 중 '속옷'을 판매·제공하는 매장,ac928dc4-c67e-4515-9f2f-1a497d2651e2,한민속옷,속옷,한민시장,전통시장,대전광역시,3.0,3.0,,,RESOLVED_AGREEMENT,False,3,,,,
5ad94028d7fb1e4439bc,test,속옷,T6 기계변형,q_속옷_07,속옷추천,패션·잡화 중 '속옷'을 판매·제공하는 매장,515930ba-b784-435c-a036-b60a9be62a0a,속옷나라,속옷,소사종합시장,전통시장,경기도,3.0,3.0,,,RESOLVED_AGREEMENT,False,3,,,,
52cc95374fe69bf582e2,test,속옷,T6 기계변형,q_속옷_07,속옷추천,패션·잡화 중 '속옷'을 판매·제공하는 매장,01459610-611f-4516-aa05-19e8e4a11b6d,양평상회,내의,제천중앙시장,전통시장,충청북도,3.0,3.0,,,RESOLVED_AGREEMENT,False,3,,,,
b86ebaad811c9006c10d,test,속옷,T6 기계변형,q_속옷_07,속옷추천,패션·잡화 중 '속옷'을 판매·제공하는 매장,c63e4f75-09f0-4e3b-84af-e8240f30424f,속옷나라,속옷,무안읍중심상가상점가,자율상권구역,전라남도,3.0,3.0,,,RESOLVED_AGREEMENT,False,3,,,,
04982f65e791442b38b8,test,속옷,T6 기계변형,q_속옷_07,속옷추천,패션·잡화 중 '속옷'을 판매·제공하는 매장,0a6c929b-8794-42bc-bd17-b0e12f01d200,속옷나라,의류(속옷),동울산종합시장,전통시장,울산광역시,3.0,3.0,,,RESOLVED_AGREEMENT,False,3,,,,
a28727a33bb668dff836,test,속옷,T6 기계변형,q_속옷_07,속옷추천,패션·잡화 중 '속옷'을 판매·제공하는 매장,a6137cd6-5628-4ab9-a072-ae26c8800378,꿈드림카페&사진관,커피,사거리온누리 골목형상점가,골목형상점가,충청남도,0.0,0.0,,,RESOLVED_AGREEMENT,False,0,,,,
c83fa17833260df6add9,test,속옷,T6 기계변형,q_속옷_07,속옷추천,패션·잡화 중 '속옷'을 판매·제공하는 매장,002213bf-7f70-4e62-8df9-0c11e9f4d38d,에띠임,속옷,목포원도심상점가,자율상권구역,전라남도,3.0,3.0,,,RESOLVED_AGREEMENT,False,3,,,,
1987823c9b4256a6e5c6,test,속옷,T6 기계변형,q_속옷_07,속옷추천,패션·잡화 중 '속옷'을 판매·제공하는 매장,3329d388-3ec4-40c4-b6dc-f03be1aba3c2,무료입장,속옷,속초중앙전통시장,전통시장,강원특별자치도,3.0,3.0,,,RESOLVED_AGREEMENT,False,3,,,,
14e99f1bdf55939db6b9,test,속옷,T6 기계변형,q_속옷_07,속옷추천,패션·잡화 중 '속옷'을 판매·제공하는 매장,01e84813-fc68-4e23-81c9-9e743cdd4bc0,서울상회,"양말, 잡화",부산남문시장,전통시장,부산광역시,3.0,2.0,,,P2_GRADED_ONLY,True,,,,,
df5c127fcb3922ac4293,test,속옷,T6 기계변형,q_속옷_07,속옷추천,패션·잡화 중 '속옷'을 판매·제공하는 매장,96e5b3ba-aacd-4e7d-a4c4-7c19d237529a,예쓰,속옷,성서중심시장(성서시장문화의거리 통합),전통시장,충청북도,3.0,3.0,,,RESOLVED_AGREEMENT,False,3,,,,
36ceecdb117ad8468803,test,속옷,T6 기계변형,q_속옷_07,속옷추천,패션·잡화 중 '속옷'을 판매·제공하는 매장,3ea29911-00a4-46b2-9e67-541972c207f2,속옷갑부,속옷,진해중앙시장,전통시장,경상남도,3.0,3.0,,,RESOLVED_AGREEMENT,False,3,,,,
b8c7b34a61b417a94f0a,test,속옷,T6 기계변형,q_속옷_07,속옷추천,패션·잡화 중 '속옷'을 판매·제공하는 매장,28fe9284-29ea-4b2d-9b08-2776b7902e4f,(주) 성우시스템,가전제품,대구종합유통단지전자관사업협동조합,전통시장,대구광역시,0.0,0.0,,,RESOLVED_AGREEMENT,False,0,,,,
eeecca3c92e60b581734,test,속옷,T6 기계변형,q_속옷_07,속옷추천,패션·잡화 중 '속옷'을 판매·제공하는 매장,0b2de4e7-0eea-42cd-aafe-aa8aa298ac82,꾸브라꼬 숯불치킨 첨단점,,첨단아미 골목형상점가,골목형상점가,,3.0,0.0,,,P1_BINARY_THRESHOLD,True,,,,,
12f1a43946ad7b4b6839,test,속옷,T6 기계변형,q_속옷_07,속옷추천,패션·잡화 중 '속옷'을 판매·제공하는 매장,9aa0d00b-f867-4b06-ac3f-d70a7d77a65a,속옷백화점,속옷,정읍우암로상점가,자율상권구역,전북특별자치도,3.0,3.0,,,RESOLVED_AGREEMENT,False,3,,,,
d8094ef723424ba9db00,test,속옷,T6 기계변형,q_속옷_07,속옷추천,패션·잡화 중 '속옷'을 판매·제공하는 매장,61d62e21-a7a5-4e27-8c99-eb01e184ad49,예지속옷,속옷,안산다농마트전통시장,전통시장,경기도,3.0,3.0,,,RESOLVED_AGREEMENT,False,3,,,,
ce426cf1c1c91a60f65c,test,속옷,T6 기계변형,q_속옷_07,속옷추천,패션·잡화 중 '속옷'을 판매·제공하는 매장,4b71ae90-be55-4af7-9e39-1ee65af6af51,속옷나라,"속옷, 란제리",대평리시장,전통시장,대구광역시,3.0,3.0,,,RESOLVED_AGREEMENT,False,3,,,,
98e1c5f7b47bd6c21aae,test,속옷,T6 기계변형,q_속옷_07,속옷추천,패션·잡화 중 '속옷'을 판매·제공하는 매장,1528f1d8-51ff-477f-99f3-ac56075b41ce,속옷천국,속옷,춘천지하상가,일반지하상점가,강원특별자치도,3.0,3.0,,,RESOLVED_AGREEMENT,False,3,,,,
6eb0746d2d5ab968bdd1,test,속옷,T6 기계변형,q_속옷_07,속옷추천,패션·잡화 중 '속옷'을 판매·제공하는 매장,f6753d9d-7c4f-40c0-ae4d-26b47cbccdc5,속옷전문샤샤,속옷,함평천지전통시장(함평5일시장),전통시장,,3.0,3.0,,,RESOLVED_AGREEMENT,False,3,,,,
0c18ed03a5ca3e948f88,test,속옷,T6 기계변형,q_속옷_07,속옷추천,패션·잡화 중 '속옷'을 판매·제공하는 매장,00660911-d1ad-4623-b1da-ec818e3dd2c8,하얀느낌,란제리 양말 속옷,한빛프라자 골목형상점가,골목형상점가,대전광역시,3.0,3.0,,,RESOLVED_AGREEMENT,False,3,,,,
a1ac17003e3f4e7aa992,test,속옷,T6 기계변형,q_속옷_07,속옷추천,패션·잡화 중 '속옷'을 판매·제공하는 매장,92805d3d-930d-44ec-8b00-986a2f9b20f2,리썬샵,속옷,금화로상인회 골목형상점가,골목형상점가,광주광역시,3.0,3.0,,,RESOLVED_AGREEMENT,False,3,,,,
f560a01dc72d59876647,test,속옷,T6 기계변형,q_속옷_07,속옷추천,패션·잡화 중 '속옷'을 판매·제공하는 매장,01638941-6206-4662-b5d9-0e2cae1a4133,하마유통,속옷,서구청먹자골목상인회 골목형상점가,골목형상점가,광주광역시,3.0,3.0,,,RESOLVED_AGREEMENT,False,3,,,,
4d2486338e5eeaa18ff0,test,속옷,T6 기계변형,q_속옷_07,속옷추천,패션·잡화 중 '속옷'을 판매·제공하는 매장,3c679feb-e600-4adb-8ee6-77130d60ea13,속옷세상,속옷,상원시장,전통시장,대구광역시,3.0,3.0,,,RESOLVED_AGREEMENT,False,3,,,,
65761bac23959bc54fe0,test,속옷,T6 기계변형,q_속옷_07,속옷추천,패션·잡화 중 '속옷'을 판매·제공하는 매장,006c0196-bbe9-41db-b76c-01cc834078d8,BYC전문점당감점,속옷,당감골목시장,전통시장,부산광역시,3.0,3.0,,,RESOLVED_AGREEMENT,False,3,,,,
f10ba09a31d9fc036a2d,test,속옷,T6 기계변형,q_속옷_07,속옷추천,패션·잡화 중 '속옷'을 판매·제공하는 매장,ee5b54b3-6b2a-4200-9c99-4439bfc3c318,엔틱바늘정원,"재봉실, 바늘",마산 대동씨코아상가시장,전통시장,경상남도,0.0,0.0,,,RESOLVED_AGREEMENT,False,0,,,,
0ae5a45381b03e1e06ab,test,속옷,T6 기계변형,q_속옷_07,속옷추천,패션·잡화 중 '속옷'을 판매·제공하는 매장,35068fd0-1ed8-4d85-979c-22fd3423f6d8,속옷여행,속옷,진주 새서부시장,전통시장,경상남도,3.0,3.0,,,RESOLVED_AGREEMENT,False,3,,,,
fab26cd3f40e2bb74dca,test,속옷,T6 기계변형,q_속옷_07,속옷추천,패션·잡화 중 '속옷'을 판매·제공하는 매장,119a7508-7a6c-4258-84bb-4fdab1d604c7,퀸,속옷,주안시민지하도상점가,일반지하상점가,인천광역시,3.0,3.0,,,RESOLVED_AGREEMENT,False,3,,,,
80fa2c1c5a45fb543581,test,속옷,T6 기계변형,q_속옷_07,속옷추천,패션·잡화 중 '속옷'을 판매·제공하는 매장,022eed00-e4e9-46d1-b6ea-3b9ff6e46458,동아양말,양말,㈜르네시떼,전통시장,부산광역시,3.0,2.0,,,P2_GRADED_ONLY,True,,,,,
9c5e2d379502bfe66c1d,test,속옷,T6 기계변형,q_속옷_07,속옷추천,패션·잡화 중 '속옷'을 판매·제공하는 매장,b0541931-ec9d-4d4d-a05a-69f590ccb91a,하복,속옷,조암시장,전통시장,경기도,3.0,3.0,,,RESOLVED_AGREEMENT,False,3,,,,
56aba0b87d4c997f06a9,test,속옷,T6 기계변형,q_속옷_07,속옷추천,패션·잡화 중 '속옷'을 판매·제공하는 매장,9b93091e-6ae0-499b-869e-307b8a06f514,속옷사랑,속옷,진주 중앙시장,전통시장,경상남도,3.0,3.0,,,RESOLVED_AGREEMENT,False,3,,,,
cfec4354e3edb72f14ea,test,속옷,T6 기계변형,q_속옷_07,속옷추천,패션·잡화 중 '속옷'을 판매·제공하는 매장,0ed51232-b0e1-4727-a8c1-7faa47770f38,속옷나라,속옷,화정로상인회 골목형상점가,골목형상점가,광주광역시,3.0,3.0,,,RESOLVED_AGREEMENT,False,3,,,,
435c3998fd891249cc23,test,속옷,T6 기계변형,q_속옷_07,속옷추천,패션·잡화 중 '속옷'을 판매·제공하는 매장,000a92b3-0b5e-429e-af00-f86e3570e24b,클로버,의류,관문상가시장,전통시장,대구광역시,1.0,2.0,,,P1_BINARY_THRESHOLD,True,,,,,
cadf064019184b573b13,test,속옷,T6 기계변형,q_속옷_07,속옷추천,패션·잡화 중 '속옷'을 판매·제공하는 매장,b00e1d1d-5b63-416d-8723-b7ca6cfa1956,속옷나라BYC,속옷,돌곶이시장,전통시장,서울특별시,3.0,3.0,,,RESOLVED_AGREEMENT,False,3,,,,
3f08727f8a821f69f7e7,test,속옷,T6 기계변형,q_속옷_07,속옷추천,패션·잡화 중 '속옷'을 판매·제공하는 매장,eca76fc6-7b8f-4157-a305-23c7496c7f5c,영필상회,속옷,부산남문시장,전통시장,부산광역시,3.0,3.0,,,RESOLVED_AGREEMENT,False,3,,,,
5ef49250fc7d0e4c2eba,test,속옷,T6 기계변형,q_속옷_07,속옷추천,패션·잡화 중 '속옷'을 판매·제공하는 매장,ae828983-4af5-4253-b97a-01856a27360b,반송속옷랜드,속옷,반송큰시장,전통시장,부산광역시,3.0,3.0,,,RESOLVED_AGREEMENT,False,3,,,,
35f13e9154642ed70746,test,속옷,T6 기계변형,q_속옷_07,속옷추천,패션·잡화 중 '속옷'을 판매·제공하는 매장,b2a11dac-02b9-4f34-b171-8412fdaa37b3,조은속옷,속옷,익산황등시장,전통시장,전북특별자치도,3.0,3.0,,,RESOLVED_AGREEMENT,False,3,,,,
6e64ff801d8b62e1441c,test,속옷,T6 기계변형,q_속옷_07,속옷추천,패션·잡화 중 '속옷'을 판매·제공하는 매장,61428829-b4f1-471f-81a3-6e2f2a35c56e,속옷나라,속옷,문창시장,전통시장,대전광역시,3.0,3.0,,,RESOLVED_AGREEMENT,False,3,,,,
a362a47af69977e71ed5,test,속옷,T6 기계변형,q_속옷_07,속옷추천,패션·잡화 중 '속옷'을 판매·제공하는 매장,a91f3b67-839c-47ac-81d5-971497417bdf,속옷나라,속옷,금촌전통시장,전통시장,경기도,3.0,3.0,,,RESOLVED_AGREEMENT,False,3,,,,
b7debdf9f76898157deb,test,속옷,T6 기계변형,q_속옷_07,속옷추천,패션·잡화 중 '속옷'을 판매·제공하는 매장,0114f51c-6520-431d-85c7-c34ff7795c7e,브라운앤보그,,퀸덤3단지골목형상점가,골목형상점가,부산광역시,3.0,0.0,,,P1_BINARY_THRESHOLD,True,,,,,
4116b5452ea17155b652,test,속옷,T6 기계변형,q_속옷_07,속옷추천,패션·잡화 중 '속옷'을 판매·제공하는 매장,002fded9-56a2-42e6-ad4e-06dab5ab6c83,못골메리야스,내의류,못골골목시장,전통시장,부산광역시,3.0,3.0,,,RESOLVED_AGREEMENT,False,3,,,,
d395bf61030b17c73781,test,속옷,T6 기계변형,q_속옷_07,속옷추천,패션·잡화 중 '속옷'을 판매·제공하는 매장,611cc339-e4a3-469d-bce2-918a3fd4469a,속옷할인매장,"속옷, 내의",대동시장,전통시장,대구광역시,3.0,3.0,,,RESOLVED_AGREEMENT,False,3,,,,
53b25f9422025953f987,test,속옷,T6 기계변형,q_속옷_07,속옷추천,패션·잡화 중 '속옷'을 판매·제공하는 매장,011903e1-651a-425b-9942-46880c0b0ccc,체리핑크,"소매(속옷,란제리)",미금현대벤처빌시장,전통시장,경기도,3.0,3.0,,,RESOLVED_AGREEMENT,False,3,,,,
a7158f73c6027030f892,test,속옷,T6 기계변형,q_속옷_07,속옷추천,패션·잡화 중 '속옷'을 판매·제공하는 매장,cf4971d7-198a-48ef-8cc4-5f5f8077bb95,속옷나라,속옷,㈜여수중앙시장,전통시장,전라남도,3.0,3.0,,,RESOLVED_AGREEMENT,False,3,,,,
7cbc6822fb63ee83ec1d,test,속옷,T6 기계변형,q_속옷_07,속옷추천,패션·잡화 중 '속옷'을 판매·제공하는 매장,1c0ea240-ecd2-4045-aec0-c061a91cfeae,속옷나라(BYC),속옷,신포시장,전통시장,인천광역시,3.0,3.0,,,RESOLVED_AGREEMENT,False,3,,,,
7402a94f302c9e6992b3,test,속옷,T6 기계변형,q_속옷_07,속옷추천,패션·잡화 중 '속옷'을 판매·제공하는 매장,07de5ee5-20cd-4a5c-b82c-6e1ca1476595,속옷종합란제리,속옷,관악신사시장,전통시장,서울특별시,3.0,3.0,,,RESOLVED_AGREEMENT,False,3,,,,
df0334e7c428bb1dfe20,test,수선,T5 서비스,q_수선_01,바지 기장 줄이는 곳,생활서비스 중 '수선'을 판매·제공하는 매장,dac8cbbe-813b-4441-b148-6a8c961a2856,토기장,주방용품,동산상가,전통시장,대구광역시,2.0,0.0,,,P1_BINARY_THRESHOLD,True,,,,,
dacbfdf5a97153beb5e3,test,수선,T5 서비스,q_수선_01,바지 기장 줄이는 곳,생활서비스 중 '수선'을 판매·제공하는 매장,24456103-f6b8-46af-8655-82e61d7265d8,커피가 머무르는 곳,커피,반드레길골목형상점가,골목형상점가,서울특별시,0.0,0.0,,,RESOLVED_AGREEMENT,False,0,,,,
9d05d17014d3cca35d5f,test,수선,T5 서비스,q_수선_01,바지 기장 줄이는 곳,생활서비스 중 '수선'을 판매·제공하는 매장,c29d9b1f-6b35-4ec1-b78d-22ed219c3724,기장타올할인마트,,기장차성로,골목형상점가,부산광역시,3.0,0.0,,,P1_BINARY_THRESHOLD,True,,,,,
9c158aade42264fdb0ed,test,수선,T5 서비스,q_수선_01,바지 기장 줄이는 곳,생활서비스 중 '수선'을 판매·제공하는 매장,c6844015-7888-449c-a4b8-4aed194d65dc,핫바지,,신곡시장 골목형상점가,골목형상점가,서울특별시,1.0,0.0,,,P2_GRADED_ONLY,True,,,,,
39b60d21246ec4997b97,test,수선,T5 서비스,q_수선_01,바지 기장 줄이는 곳,생활서비스 중 '수선'을 판매·제공하는 매장,0a54d968-5fce-42be-b1c3-83e9e2bbf180,현대청과,농산물,마포농수산물시장,전통시장,서울특별시,0.0,0.0,,,RESOLVED_AGREEMENT,False,0,,,,
3384c58c3a7b1148ff87,test,수선,T5 서비스,q_수선_01,바지 기장 줄이는 곳,생활서비스 중 '수선'을 판매·제공하는 매장,00158f51-4d3a-4ac0-9e38-b37552f5e097,지지배,의류,나주금빛상점가,자율상권구역,전라남도,1.0,1.0,,,RESOLVED_AGREEMENT,False,1,,,,
3fbb8c7c1061ce321eff,test,수선,T5 서비스,q_수선_01,바지 기장 줄이는 곳,생활서비스 중 '수선'을 판매·제공하는 매장,df04dfde-1a70-444e-949b-f04ed2d41f99,미리내,바지,삼익패션타운,전통시장,서울특별시,1.0,0.0,,,P2_GRADED_ONLY,True,,,,,
7139ce252e0054440a51,test,수선,T5 서비스,q_수선_01,바지 기장 줄이는 곳,생활서비스 중 '수선'을 판매·제공하는 매장,20be8953-117c-4485-860d-53a7b6197895,정말맛있는족발,바지,자양전통시장,전통시장,서울특별시,1.0,0.0,,,P2_GRADED_ONLY,True,,,,,
d1df18958d0a562cd2f8,test,수선,T5 서비스,q_수선_01,바지 기장 줄이는 곳,생활서비스 중 '수선'을 판매·제공하는 매장,721a16cc-86e9-44a7-a0ee-7a48bb4d3e0d,기장 베이비하우스,유아용품,기장시장 일원 자율상권구역,,부산광역시,2.0,0.0,,,P1_BINARY_THRESHOLD,True,,,,,
d4c08227911d33aaec1e,test,수선,T5 서비스,q_수선_01,바지 기장 줄이는 곳,생활서비스 중 '수선'을 판매·제공하는 매장,023821e8-c092-426a-aaf3-3f1d79d747a9,진짜바지,의류,태백중앙로상점가,자율상권구역,강원특별자치도,1.0,1.0,,,RESOLVED_AGREEMENT,False,1,,,,
df3c6266b9fa2a7500b7,test,수선,T5 서비스,q_수선_01,바지 기장 줄이는 곳,생활서비스 중 '수선'을 판매·제공하는 매장,d3f87049-bc02-4930-9802-852da9b548ce,불티바지,의류,순천 원도심 상권,상권활성화구역,,1.0,1.0,,,RESOLVED_AGREEMENT,False,1,,,,
27a60450e875f698e3b6,test,수선,T5 서비스,q_수선_01,바지 기장 줄이는 곳,생활서비스 중 '수선'을 판매·제공하는 매장,4c787a99-4b1c-4386-82c7-811f19ea1345,뱅뱅,청바지,설악로데오거리상점가,자율상권구역,강원특별자치도,1.0,0.0,,,P2_GRADED_ONLY,True,,,,,
1ba4102f2d07fe6c3ceb,test,수선,T5 서비스,q_수선_01,바지 기장 줄이는 곳,생활서비스 중 '수선'을 판매·제공하는 매장,76a3551b-dae4-4326-92cc-662015aedbfb,쉴 곳,한식,칠성로상점가,자율상권구역,제주특별자치도,0.0,0.0,,,RESOLVED_AGREEMENT,False,0,,,,
2058f458d7f9cbd6f5c2,test,수선,T5 서비스,q_수선_01,바지 기장 줄이는 곳,생활서비스 중 '수선'을 판매·제공하는 매장,d6859192-d9b8-4113-bdb0-f26d44478ed7,기장떡집(기장시장내),떡 제조업,기장시장 일원 자율상권구역,상권활성화구역,부산광역시,2.0,0.0,,,P1_BINARY_THRESHOLD,True,,,,,
5a0a96bb93bc22976ee9,test,수선,T5 서비스,q_수선_01,바지 기장 줄이는 곳,생활서비스 중 '수선'을 판매·제공하는 매장,a7c38e57-3548-4fbf-baac-9b1ee3551fc3,민속지물포,벽지등,산본전통시장(구 군포산본시장),전통시장,경기도,0.0,0.0,,,RESOLVED_AGREEMENT,False,0,,,,
54a4a2174111a34c3c97,test,수선,T5 서비스,q_수선_01,바지 기장 줄이는 곳,생활서비스 중 '수선'을 판매·제공하는 매장,2385085d-b1ec-47e2-87a6-db83cfccd620,치코치코,유아동복 및 용품,㈜르네시떼,전통시장,부산광역시,0.0,0.0,,,RESOLVED_AGREEMENT,False,0,,,,
fe81117b08455b403dea,test,수선,T5 서비스,q_수선_01,바지 기장 줄이는 곳,생활서비스 중 '수선'을 판매·제공하는 매장,abc05c45-b4fb-4bf7-87f4-6ff5909fbc5b,태광사,바지,평화시장,전통시장,서울특별시,1.0,0.0,,,P2_GRADED_ONLY,True,,,,,
bea254bbfff83d939883,test,수선,T5 서비스,q_수선_01,바지 기장 줄이는 곳,생활서비스 중 '수선'을 판매·제공하는 매장,e2fddf30-febd-4772-a5ea-dab8c4b08cc3,핫바지,의류,목사랑시장,전통시장,서울특별시,1.0,1.0,,,RESOLVED_AGREEMENT,False,1,,,,
de74a17d69aa169054bd,test,수선,T5 서비스,q_수선_01,바지 기장 줄이는 곳,생활서비스 중 '수선'을 판매·제공하는 매장,ea5f6cfb-c362-45ae-883a-bb53d182d0aa,에스더,바지,아트프라자,자율상권구역,서울특별시,1.0,0.0,,,P2_GRADED_ONLY,True,,,,,
da40292e0e9fd7562340,test,수선,T5 서비스,q_수선_01,바지 기장 줄이는 곳,생활서비스 중 '수선'을 판매·제공하는 매장,2743811c-5e71-4d2b-aa75-1b0147d44f2d,사우 꽃이 피는 곳,꽃,김포 풍년마을 골목형상점가,골목형상점가,경기도,0.0,0.0,,,RESOLVED_AGREEMENT,False,0,,,,
41bcc1c3821c6f9c743f,test,수선,T5 서비스,q_수선_01,바지 기장 줄이는 곳,생활서비스 중 '수선'을 판매·제공하는 매장,61052ec1-8e53-41cd-9269-48c970a683d6,아라식품,젓갈절임,구역전시장,전통시장,울산광역시,0.0,0.0,,,RESOLVED_AGREEMENT,False,0,,,,
346d7a2e8b3d5f983775,test,수선,T5 서비스,q_수선_01,바지 기장 줄이는 곳,생활서비스 중 '수선'을 판매·제공하는 매장,37906c48-a5c5-48d1-ab53-8f0c5b8490b5,바지입는날,의류,중앙전통시장,전통시장,울산광역시,1.0,1.0,,,RESOLVED_AGREEMENT,False,1,,,,
24dc4c08fe03915c9cd3,test,수선,T5 서비스,q_수선_01,바지 기장 줄이는 곳,생활서비스 중 '수선'을 판매·제공하는 매장,fb2a0106-7088-42e2-b6f6-07d12de33cf3,기장복국,,백년소상공인,,경상남도,3.0,0.0,,,P1_BINARY_THRESHOLD,True,,,,,
b4ac7d1dc6e230402679,test,수선,T5 서비스,q_수선_01,바지 기장 줄이는 곳,생활서비스 중 '수선'을 판매·제공하는 매장,c111ac9d-3f3a-405c-a8db-4d127ccda9e2,행복이 있는 곳,잡화,제주로얄쇼핑센터,자율상권구역,제주특별자치도,0.0,0.0,,,RESOLVED_AGREEMENT,False,0,,,,
c32a159870f06eab4df4,test,수선,T5 서비스,q_수선_01,바지 기장 줄이는 곳,생활서비스 중 '수선'을 판매·제공하는 매장,aca3a7c0-9586-4cde-8653-9a9398764b77,오줌싼바지,,마산 (주)대현프리몰 지하도상점가,일반지하상점가,경상남도,1.0,0.0,,,P2_GRADED_ONLY,True,,,,,
22a23dd274bffef01735,test,수선,T5 서비스,q_수선_01,바지 기장 줄이는 곳,생활서비스 중 '수선'을 판매·제공하는 매장,01fb4713-ad3f-425b-a6f5-ce0993979e63,기장,회,범어식주가무명인골목 골목형상점가,골목형상점가,대구광역시,2.0,0.0,,,P1_BINARY_THRESHOLD,True,,,,,
1aa550ad06637dc78cf8,test,수선,T5 서비스,q_수선_01,바지 기장 줄이는 곳,생활서비스 중 '수선'을 판매·제공하는 매장,c012738c-9dbe-4f74-a2be-55b5ef2f02fa,기장갈매기,,기장시장 일원 자율상권구역,,부산광역시,3.0,0.0,,,P1_BINARY_THRESHOLD,True,,,,,
f7c293ddeaa1420a6909,test,수선,T5 서비스,q_수선_01,바지 기장 줄이는 곳,생활서비스 중 '수선'을 판매·제공하는 매장,43bd5c09-5b78-4634-a19b-7942c13014c9,꽃샘바지,의류,전주모래내시장,전통시장,전북특별자치도,1.0,1.0,,,RESOLVED_AGREEMENT,False,1,,,,
f1875536b0dc33174bb2,test,수선,T5 서비스,q_수선_01,바지 기장 줄이는 곳,생활서비스 중 '수선'을 판매·제공하는 매장,cd4c9025-379c-470f-9d16-f5dd42cc8eba,바지방,의류,원주자유시장,전통시장,강원특별자치도,1.0,1.0,,,RESOLVED_AGREEMENT,False,1,,,,
ba1b27c8f92c505df185,test,수선,T5 서비스,q_수선_01,바지 기장 줄이는 곳,생활서비스 중 '수선'을 판매·제공하는 매장,00054f1d-4cae-4345-9975-1423bc49e4dc,착한아이들,의류,중앙전통시장,전통시장,울산광역시,1.0,1.0,,,RESOLVED_AGREEMENT,False,1,,,,
f6499891dd9e44637741,test,수선,T5 서비스,q_수선_01,바지 기장 줄이는 곳,생활서비스 중 '수선'을 판매·제공하는 매장,1735f74a-0d22-438f-8bb7-bd88ce95fdc8,기장북마트,,기장차성로,골목형상점가,부산광역시,3.0,0.0,,,P1_BINARY_THRESHOLD,True,,,,,
63dfd3858840debc2e13,test,수선,T5 서비스,q_수선_01,바지 기장 줄이는 곳,생활서비스 중 '수선'을 판매·제공하는 매장,a4c00cfb-b8de-4469-8eed-543af2688841,연이네,한식,송정벚꽃골목형상점가,골목형상점가,서울특별시,0.0,0.0,,,RESOLVED_AGREEMENT,False,0,,,,
7f2cce4efa4564b8a1c7,test,수선,T5 서비스,q_수선_01,바지 기장 줄이는 곳,생활서비스 중 '수선'을 판매·제공하는 매장,00172c94-61f0-4197-afeb-d7e8187c79b5,옷이예쁘다,의류,메트로센터(반월당지하쇼핑),일반지하상점가,대구광역시,1.0,1.0,,,RESOLVED_AGREEMENT,False,1,,,,
594e709653ab62523754,test,수선,T5 서비스,q_수선_01,바지 기장 줄이는 곳,생활서비스 중 '수선'을 판매·제공하는 매장,7d32f729-d8cd-4db2-81f6-78f432c46c87,하와이(Hawaii),티셔츠 바지 점퍼,서면지하도상가 서면몰(대현프리몰),일반지하상점가,부산광역시,1.0,0.0,,,P2_GRADED_ONLY,True,,,,,
93a4cdffdafa44240485,test,수선,T5 서비스,q_수선_01,바지 기장 줄이는 곳,생활서비스 중 '수선'을 판매·제공하는 매장,40795a3d-a379-45eb-bb2f-43a40ca43fb4,홰바지,회,거제시장,전통시장,부산광역시,1.0,0.0,,,P2_GRADED_ONLY,True,,,,,
edbdbc1c9f1ada50e47d,test,수선,T5 서비스,q_수선_01,바지 기장 줄이는 곳,생활서비스 중 '수선'을 판매·제공하는 매장,a74fba94-6ba3-499e-9480-103c0ad32a0e,기장미역집,건어물,마산 진동전통시장,전통시장,경상남도,2.0,0.0,,,P1_BINARY_THRESHOLD,True,,,,,
ade366fe8d3271694ab2,test,수선,T5 서비스,q_수선_01,바지 기장 줄이는 곳,생활서비스 중 '수선'을 판매·제공하는 매장,be9f8c61-892c-48ed-a49d-b63bd032c025,소곳,의류,고투몰(강남터미널지하도상점가),일반지하상점가,서울특별시,1.0,1.0,,,RESOLVED_AGREEMENT,False,1,,,,
25e30130b1e760edd1f4,test,수선,T5 서비스,q_수선_01,바지 기장 줄이는 곳,생활서비스 중 '수선'을 판매·제공하는 매장,000a92b3-0b5e-429e-af00-f86e3570e24b,클로버,의류,관문상가시장,전통시장,대구광역시,1.0,1.0,,,RESOLVED_AGREEMENT,False,1,,,,
4861f79bb415c22d8c27,test,수선,T5 서비스,q_수선_01,바지 기장 줄이는 곳,생활서비스 중 '수선'을 판매·제공하는 매장,6d1273e4-fc0a-485c-9384-fdf70a1955f7,강능청바지,의류,제천중앙시장,전통시장,충청북도,1.0,1.0,,,RESOLVED_AGREEMENT,False,1,,,,
e04348b5e67d2a09ff72,test,수선,T5 서비스,q_수선_01,바지 기장 줄이는 곳,생활서비스 중 '수선'을 판매·제공하는 매장,1fb1e602-75bb-4293-b9f2-a99d1293c93d,황금,"겉옷, 셔츠, 블라우스, 바지",평화시장,전통시장,서울특별시,1.0,0.0,,,P2_GRADED_ONLY,True,,,,,
f1921be1eaf2c92a61d7,test,수선,T5 서비스,q_수선_01,바지 기장 줄이는 곳,생활서비스 중 '수선'을 판매·제공하는 매장,b6f41a15-1234-4718-b5dd-0973d98ad27e,기장 장어,장어,창원 봉곡시장,전통시장,경상남도,2.0,0.0,,,P1_BINARY_THRESHOLD,True,,,,,
6b6afbd7d287823cdfd3,test,수선,T5 서비스,q_수선_01,바지 기장 줄이는 곳,생활서비스 중 '수선'을 판매·제공하는 매장,1dcc6657-d923-48db-acfe-18c77c60a002,똥싼바지,,안양일번가 지하쇼핑몰,일반지하상점가,경기도,1.0,0.0,,,P2_GRADED_ONLY,True,,,,,
3dbcfed6809b42659dd9,test,수선,T5 서비스,q_수선_01,바지 기장 줄이는 곳,생활서비스 중 '수선'을 판매·제공하는 매장,f572f171-e1a9-4818-bd21-4c7601eea9ed,청바지,치킨,직산읍삼은1번가골목형상점가,골목형상점가,충청남도,1.0,0.0,,,P2_GRADED_ONLY,True,,,,,
1cddc2db05f9371ddf1b,test,수선,T5 서비스,q_수선_01,바지 기장 줄이는 곳,생활서비스 중 '수선'을 판매·제공하는 매장,9f4626f0-9d1a-411e-a605-c016410beb04,청바지코너,의류(바지),양동복개상가,전통시장,,1.0,1.0,,,RESOLVED_AGREEMENT,False,1,,,,
19271c49fdb86eeee5ed,test,수선,T5 서비스,q_수선_01,바지 기장 줄이는 곳,생활서비스 중 '수선'을 판매·제공하는 매장,de541363-24e4-4c22-8899-d67cf616fd57,기장꼼장어,,관저상가 골목형상점가,골목형상점가,대전광역시,3.0,0.0,,,P1_BINARY_THRESHOLD,True,,,,,
27702c31f69ff6d90e94,test,수선,T5 서비스,q_수선_01,바지 기장 줄이는 곳,생활서비스 중 '수선'을 판매·제공하는 매장,218ee65d-2712-48a5-bfc7-91e8fe4294a7,하야로비,신발,부산자유시장,전통시장,부산광역시,0.0,1.0,,,P2_GRADED_ONLY,True,,,,,
509af904aff35182ed98,test,수선,T5 서비스,q_수선_01,바지 기장 줄이는 곳,생활서비스 중 '수선'을 판매·제공하는 매장,f59a2437-a062-4384-ba9a-ece3ce474fb4,바지타운,바지,행복상점가,자율상권구역,경상북도,1.0,0.0,,,P2_GRADED_ONLY,True,,,,,
31b47c02f0d988256400,test,수선,T5 서비스,q_수선_01,바지 기장 줄이는 곳,생활서비스 중 '수선'을 판매·제공하는 매장,3b9ec935-50b8-4c83-be6c-c87b42e78a37,빽바지,한식,치평동중흥상가상인회 골목형상점가,골목형상점가,광주광역시,1.0,0.0,,,P2_GRADED_ONLY,True,,,,,
8b511d52c13c855b0977,test,수선,T5 서비스,q_수선_01,바지 기장 줄이는 곳,생활서비스 중 '수선'을 판매·제공하는 매장,d6958a4c-9524-43a1-8735-b856064085fc,빨강바지,의류,동인천지하상가(동인천지하아케이드),일반지하상점가,인천광역시,1.0,1.0,,,RESOLVED_AGREEMENT,False,1,,,,
c86da6bef91f01772a43,test,수선,T5 서비스,q_수선_01,바지 기장 줄이는 곳,생활서비스 중 '수선'을 판매·제공하는 매장,8b597be4-43c1-4835-b914-7d2840a314ff,궁,의류 바지,신창상가,전통시장,부산광역시,1.0,1.0,,,RESOLVED_AGREEMENT,False,1,,,,
c26141ae1b41173bc1f9,test,수선,T5 서비스,q_수선_01,바지 기장 줄이는 곳,생활서비스 중 '수선'을 판매·제공하는 매장,00124602-ef4e-472c-91ee-de53b28d7530,화이트,의류,울산번개시장,전통시장,울산광역시,1.0,1.0,,,RESOLVED_AGREEMENT,False,1,,,,
11c036e0fb538a5d9be6,test,수선,T5 서비스,q_수선_01,바지 기장 줄이는 곳,생활서비스 중 '수선'을 판매·제공하는 매장,d7d11316-5ace-4e5b-907e-a4f1b38680b2,핫바지,의류,신영시장,전통시장,서울특별시,1.0,1.0,,,RESOLVED_AGREEMENT,False,1,,,,
4408d55301df301422e5,test,수선,T5 서비스,q_수선_01,바지 기장 줄이는 곳,생활서비스 중 '수선'을 판매·제공하는 매장,3dd05d5d-9189-4878-b27a-28d25c1ba841,기장식품,음식,거제시장,전통시장,부산광역시,2.0,0.0,,,P1_BINARY_THRESHOLD,True,,,,,
599dc1bf661b3e6cab07,test,수선,T5 서비스,q_수선_01,바지 기장 줄이는 곳,생활서비스 중 '수선'을 판매·제공하는 매장,7fdc13ae-235e-4f25-8379-ceef899a50e3,핫바지,의류,남부골목시장,전통시장,서울특별시,1.0,1.0,,,RESOLVED_AGREEMENT,False,1,,,,
3cf04a8abf486b5e9758,test,수선,T5 서비스,q_수선_01,바지 기장 줄이는 곳,생활서비스 중 '수선'을 판매·제공하는 매장,6b796f41-6f3b-4539-a8a5-6c5dad7b0721,꽉낀청바지,의류,오산오색시장(구 오산중앙시장),전통시장,경기도,1.0,1.0,,,RESOLVED_AGREEMENT,False,1,,,,
20c37c20f0b43660bd05,test,수선,T5 서비스,q_수선_01,바지 기장 줄이는 곳,생활서비스 중 '수선'을 판매·제공하는 매장,7f52588e-0d87-4535-ae87-f8df6d0129a0,원에이스,바지,평화시장,전통시장,서울특별시,1.0,0.0,,,P2_GRADED_ONLY,True,,,,,
7370e803d941dc062fef,test,수선,T5 서비스,q_수선_01,바지 기장 줄이는 곳,생활서비스 중 '수선'을 판매·제공하는 매장,2313bb0f-435c-439d-bade-ecdcf64afa2a,젬마(YS_jemma),"니트, 바지",제일평화시장,전통시장,서울특별시,1.0,0.0,,,P2_GRADED_ONLY,True,,,,,
d0e4f8ce1c8402930352,test,수선,T5 서비스,q_수선_01,바지 기장 줄이는 곳,생활서비스 중 '수선'을 판매·제공하는 매장,f53ffa69-67b3-4105-ac9a-0bf7fac7e361,신대구막창 나상점,막창,나성동 골목형상점가,골목형상점가,세종특별자치시,0.0,0.0,,,RESOLVED_AGREEMENT,False,0,,,,
98e438e5c75d24a99c9d,test,수선,T5 서비스,q_수선_01,바지 기장 줄이는 곳,생활서비스 중 '수선'을 판매·제공하는 매장,e3cd75cd-d9bb-4e9c-8451-6b876756d11b,기장 총각수산,수산물,기장시장 일원 자율상권구역,상권활성화구역,부산광역시,2.0,0.0,,,P1_BINARY_THRESHOLD,True,,,,,
3de8f3348ad6bfe09823,test,수선,T5 서비스,q_수선_01,바지 기장 줄이는 곳,생활서비스 중 '수선'을 판매·제공하는 매장,44cb233b-27ed-4c33-94fe-dc2d489981dc,아가페귀금속,귀금속,골드테마거리,전통시장,부산광역시,0.0,0.0,,,RESOLVED_AGREEMENT,False,0,,,,
f96b3412e0ce7266851a,test,수선,T5 서비스,q_수선_01,바지 기장 줄이는 곳,생활서비스 중 '수선'을 판매·제공하는 매장,eea03a1f-770d-414a-91a5-970ca0713243,기장시장 대왕대게,기타,기장시장,전통시장,부산광역시,2.0,0.0,,,P1_BINARY_THRESHOLD,True,,,,,
a6f91e33077092353405,test,수선,T5 서비스,q_수선_01,바지 기장 줄이는 곳,생활서비스 중 '수선'을 판매·제공하는 매장,fdc3dff7-102d-417d-a47d-34aec66d1c8a,기장앵글진열대,,기장차성로,골목형상점가,부산광역시,3.0,0.0,,,P1_BINARY_THRESHOLD,True,,,,,
98b34977afd4311cab4a,test,수선,T5 서비스,q_수선_01,바지 기장 줄이는 곳,생활서비스 중 '수선'을 판매·제공하는 매장,8a06ed6f-04f7-4f90-bf34-4c1c3648559f,레드청바지,청바지,대현프리몰 대구점,일반지하상점가,대구광역시,1.0,0.0,,,P2_GRADED_ONLY,True,,,,,
47fab3db046e7dda71b2,test,수선,T5 서비스,q_수선_01,바지 기장 줄이는 곳,생활서비스 중 '수선'을 판매·제공하는 매장,2ff75c74-19b7-4e25-bd84-8adaacc1aa9d,바지쟁이,의류,나주금빛상점가,자율상권구역,전라남도,1.0,1.0,,,RESOLVED_AGREEMENT,False,1,,,,
7affad39e93bccbbeab2,test,수선,T5 서비스,q_수선_01,바지 기장 줄이는 곳,생활서비스 중 '수선'을 판매·제공하는 매장,be65f31e-3715-483c-a9a6-ada560e4eb37,21세기,의류 바지,신창상가,전통시장,부산광역시,1.0,1.0,,,RESOLVED_AGREEMENT,False,1,,,,
9b10e6bfa637b0e16071,test,수선,T5 서비스,q_수선_01,바지 기장 줄이는 곳,생활서비스 중 '수선'을 판매·제공하는 매장,03159423-3cb1-401e-af77-89751a639bb8,주홍,바지,아트프라자,자율상권구역,서울특별시,1.0,0.0,,,P2_GRADED_ONLY,True,,,,,
c4e9fae4529834fe04f3,test,수선,T5 서비스,q_수선_01,바지 기장 줄이는 곳,생활서비스 중 '수선'을 판매·제공하는 매장,4f949eba-b350-4d58-8222-ec011ce450eb,영바지,의류,역전지하상가,일반지하상점가,대전광역시,1.0,1.0,,,RESOLVED_AGREEMENT,False,1,,,,
db4ba97c25ebc6325fde,test,수선,T5 서비스,q_수선_02,옷 수선하는 곳,생활서비스 중 '수선'을 판매·제공하는 매장,1c48ef6c-d475-4858-8aab-0ee9b8033fdb,면도하는 총각,,순천원도심상점가,자율상권구역,,,0.0,Y,,P0_UNCERTAIN_OR_MISSING,True,,,,,
df98a4835ed8e5d29b72,test,수선,T5 서비스,q_수선_02,옷 수선하는 곳,생활서비스 중 '수선'을 판매·제공하는 매장,00054f1d-4cae-4345-9975-1423bc49e4dc,착한아이들,의류,중앙전통시장,전통시장,울산광역시,1.0,1.0,,,RESOLVED_AGREEMENT,False,1,,,,
f81b521d7316f341b157,test,수선,T5 서비스,q_수선_02,옷 수선하는 곳,생활서비스 중 '수선'을 판매·제공하는 매장,70e92b81-7465-4c3b-a4ab-18555f4c9eda,레베카,옷,사가정시장,전통시장,서울특별시,1.0,0.0,,,P2_GRADED_ONLY,True,,,,,
4585303f690d42e6183f,test,수선,T5 서비스,q_수선_02,옷 수선하는 곳,생활서비스 중 '수선'을 판매·제공하는 매장,26220224-2c69-49c4-998f-cf019e71f136,토야,옷,중앙전통시장,전통시장,울산광역시,1.0,0.0,,,P2_GRADED_ONLY,True,,,,,
586fec4544ba645197fa,test,수선,T5 서비스,q_수선_02,옷 수선하는 곳,생활서비스 중 '수선'을 판매·제공하는 매장,76a3551b-dae4-4326-92cc-662015aedbfb,쉴 곳,한식,칠성로상점가,자율상권구역,제주특별자치도,0.0,0.0,,,RESOLVED_AGREEMENT,False,0,,,,
d5f6a23bf5a6cd05adf2,test,수선,T5 서비스,q_수선_02,옷 수선하는 곳,생활서비스 중 '수선'을 판매·제공하는 매장,95e31b93-7753-4803-ab44-edea0ca7fdd4,드림 옷 수선,수선,장대동패션상가 골목형상점가,골목형상점가,대전광역시,3.0,3.0,,,RESOLVED_AGREEMENT,False,3,,,,
87729c6d0f38e5cbd0a5,test,수선,T5 서비스,q_수선_02,옷 수선하는 곳,생활서비스 중 '수선'을 판매·제공하는 매장,2a1a27b5-6e8b-44a1-8971-a48abe0305fb,핑,옷,덕이동메인타운상점가(구 덕이동로데오메인타운),자율상권구역,경기도,1.0,0.0,,,P2_GRADED_ONLY,True,,,,,
589098606761fa2ac3df,test,수선,T5 서비스,q_수선_02,옷 수선하는 곳,생활서비스 중 '수선'을 판매·제공하는 매장,2b0d6a08-b76b-4c29-a692-80a15ab9f12e,그랏츠,옷,부평깡통시장(구 부산부평시장),전통시장,부산광역시,1.0,0.0,,,P2_GRADED_ONLY,True,,,,,
d645acb2ea8239a2f29c,test,수선,T5 서비스,q_수선_02,옷 수선하는 곳,생활서비스 중 '수선'을 판매·제공하는 매장,373ef690-073c-4fc6-8f9e-cd4ed44d8178,수선하는옷가게in,여성복,강동산하 골목형상점가,골목형상점가,울산광역시,2.0,3.0,,,P2_GRADED_ONLY,True,,,,,
77261a3bcbdaf8d99ea6,test,수선,T5 서비스,q_수선_02,옷 수선하는 곳,생활서비스 중 '수선'을 판매·제공하는 매장,413c17c7-cc44-4734-8980-f13b631b9629,옷수선,옷,대왕암사거리 골목형상점가,골목형상점가,울산광역시,3.0,3.0,,,RESOLVED_AGREEMENT,False,3,,,,
5d2241eb9ccddc25808a,test,수선,T5 서비스,q_수선_02,옷 수선하는 곳,생활서비스 중 '수선'을 판매·제공하는 매장,ce67be49-74fa-40d0-ab08-43589d820ae7,멋내기옷수선,옷 수선,성서와룡시장,전통시장,대구광역시,3.0,3.0,,,RESOLVED_AGREEMENT,False,3,,,,
80a4d899e81d07992d6b,test,수선,T5 서비스,q_수선_02,옷 수선하는 곳,생활서비스 중 '수선'을 판매·제공하는 매장,7d4799cd-2ba1-4e3d-ba22-ed54e203b49a,그랑프리 패션,옷 수선,대인시장,전통시장,,3.0,3.0,,,RESOLVED_AGREEMENT,False,3,,,,
b70816abcfb2c0568fc5,test,수선,T5 서비스,q_수선_02,옷 수선하는 곳,생활서비스 중 '수선'을 판매·제공하는 매장,cbdd3bc2-54aa-4a46-9cd7-24767ff5d2de,수선짱,수선,시장로타리지하상가,일반지하상점가,인천광역시,3.0,3.0,,,RESOLVED_AGREEMENT,False,3,,,,
a167e3e03975ff0ae4b0,test,수선,T5 서비스,q_수선_02,옷 수선하는 곳,생활서비스 중 '수선'을 판매·제공하는 매장,05ffe3a1-7c08-4959-a59d-d3de5a35fd27,부림제과,제과,오월첫동네 골목형상점가,골목형상점가,광주광역시,0.0,0.0,,,RESOLVED_AGREEMENT,False,0,,,,
e8769a8731025c9242a9,test,수선,T5 서비스,q_수선_02,옷 수선하는 곳,생활서비스 중 '수선'을 판매·제공하는 매장,52d06a42-81f7-43c2-8751-bd22c78a5c1c,리폼샵,옷수선 옷,정읍샘고을정다운상권,상권활성화구역,전북특별자치도,3.0,3.0,,,RESOLVED_AGREEMENT,False,3,,,,
71d95bad3c03b4dfe7cf,test,수선,T5 서비스,q_수선_02,옷 수선하는 곳,생활서비스 중 '수선'을 판매·제공하는 매장,781b91f6-5912-4574-9859-a2f6882ee691,독일렉스톤보청기,보청기,달아실 골목형상점가,골목형상점가,광주광역시,0.0,0.0,,,RESOLVED_AGREEMENT,False,0,,,,
d1a59617425aeb9875cf,test,수선,T5 서비스,q_수선_02,옷 수선하는 곳,생활서비스 중 '수선'을 판매·제공하는 매장,24456103-f6b8-46af-8655-82e61d7265d8,커피가 머무르는 곳,커피,반드레길골목형상점가,골목형상점가,서울특별시,0.0,0.0,,,RESOLVED_AGREEMENT,False,0,,,,
2620f237c840ecfc91d2,test,수선,T5 서비스,q_수선_02,옷 수선하는 곳,생활서비스 중 '수선'을 판매·제공하는 매장,9e5a4c9e-1230-40fd-8813-0b5798a46648,수,옷,황지자유시장,전통시장,강원특별자치도,1.0,0.0,,,P2_GRADED_ONLY,True,,,,,
cae33a61b4863875cf09,test,수선,T5 서비스,q_수선_02,옷 수선하는 곳,생활서비스 중 '수선'을 판매·제공하는 매장,68331905-ce0e-4544-a338-03c530ceef03,수블리,옷,양주신산시장마을상점가,골목형상점가,경기도,1.0,0.0,,,P2_GRADED_ONLY,True,,,,,
83b85777453e0ee57561,test,수선,T5 서비스,q_수선_02,옷 수선하는 곳,생활서비스 중 '수선'을 판매·제공하는 매장,b8708f64-3f4c-4472-928e-922ed9e147da,맑은 바느질세상,옷 수선,태평시장,전통시장,대전광역시,3.0,3.0,,,RESOLVED_AGREEMENT,False,3,,,,
f1ef54336971081a4c80,test,수선,T5 서비스,q_수선_02,옷 수선하는 곳,생활서비스 중 '수선'을 판매·제공하는 매장,77ea2c60-2f05-46cd-8449-7e5a16f40416,옷&소품,옷,신매시장,전통시장,대구광역시,1.0,0.0,,,P2_GRADED_ONLY,True,,,,,
c913a4da1e761adb6473,test,수선,T5 서비스,q_수선_02,옷 수선하는 곳,생활서비스 중 '수선'을 판매·제공하는 매장,b7f43b03-a76b-4bbd-9d7c-a059e1e19e0d,수연옷집,옷,감천문화시장,전통시장,부산광역시,1.0,0.0,,,P2_GRADED_ONLY,True,,,,,
9da72334c723cebc0d7d,test,수선,T5 서비스,q_수선_02,옷 수선하는 곳,생활서비스 중 '수선'을 판매·제공하는 매장,cfad3883-5ed0-4847-b638-5e20d56e8947,초크,옷,㈜르네시떼,전통시장,부산광역시,1.0,0.0,,,P2_GRADED_ONLY,True,,,,,
aa191fcb2b4309ee347d,test,수선,T5 서비스,q_수선_02,옷 수선하는 곳,생활서비스 중 '수선'을 판매·제공하는 매장,98532d58-8fd0-407e-b42b-f4adb31211ed,서라벌 옷수선,옷 수선,경주성동공설시장,전통시장,경상북도,3.0,3.0,,,RESOLVED_AGREEMENT,False,3,,,,
503377513f3aa0ea21f3,test,수선,T5 서비스,q_수선_02,옷 수선하는 곳,생활서비스 중 '수선'을 판매·제공하는 매장,849086c1-6a46-488d-8ee5-376a5fe2d7d1,킹콩,옷 수선,주안시민지하도상점가,일반지하상점가,인천광역시,3.0,3.0,,,RESOLVED_AGREEMENT,False,3,,,,
adf8d09e982aa2bb2d47,test,수선,T5 서비스,q_수선_02,옷 수선하는 곳,생활서비스 중 '수선'을 판매·제공하는 매장,00172c94-61f0-4197-afeb-d7e8187c79b5,옷이예쁘다,의류,메트로센터(반월당지하쇼핑),일반지하상점가,대구광역시,1.0,1.0,,,RESOLVED_AGREEMENT,False,1,,,,
f2a171e5293fc7742bbb,test,수선,T5 서비스,q_수선_02,옷 수선하는 곳,생활서비스 중 '수선'을 판매·제공하는 매장,c28803d0-620a-4764-b1d7-fa90cf444412,린수선,옷 수선,원주미로예술중앙시장(원주중앙시장),전통시장,강원특별자치도,3.0,3.0,,,RESOLVED_AGREEMENT,False,3,,,,
2db09da8eedece0f6b8d,test,수선,T5 서비스,q_수선_02,옷 수선하는 곳,생활서비스 중 '수선'을 판매·제공하는 매장,916dd581-9795-44a6-a044-e206709803a4,센띠미엔또,옷,문화의거리 상점가,자율상권구역,울산광역시,1.0,0.0,,,P2_GRADED_ONLY,True,,,,,
a75174a483f579e99d0c,test,수선,T5 서비스,q_수선_02,옷 수선하는 곳,생활서비스 중 '수선'을 판매·제공하는 매장,bd165bc3-a60b-481b-8760-5bce00a3cf4f,흥국옷수선,옷,흥국상가,자율상권구역,전라남도,3.0,3.0,,,RESOLVED_AGREEMENT,False,3,,,,
6ab39f1355b08cee5b5b,test,수선,T5 서비스,q_수선_02,옷 수선하는 곳,생활서비스 중 '수선'을 판매·제공하는 매장,ca19708b-7053-4507-8510-389561291ea9,서울족발,족발,반여3동초록시장,전통시장,부산광역시,0.0,0.0,,,RESOLVED_AGREEMENT,False,0,,,,
0a4066fb7a725375d825,test,수선,T5 서비스,q_수선_02,옷 수선하는 곳,생활서비스 중 '수선'을 판매·제공하는 매장,8f9fd714-3570-4167-acdc-708e4cccae43,오일장수선집,"수선, 옷, 스카프",북평민속시장(북평민속5일장),전통시장,강원특별자치도,3.0,3.0,,,RESOLVED_AGREEMENT,False,3,,,,
96cca2cfff7adaa42344,test,수선,T5 서비스,q_수선_02,옷 수선하는 곳,생활서비스 중 '수선'을 판매·제공하는 매장,6ef9edd7-938c-4678-8ae7-8f80abc0e8c4,니끼다,옷,서문시장2지구 종합상가,전통시장,대구광역시,1.0,0.0,,,P2_GRADED_ONLY,True,,,,,
28b923309c64e14098d5,test,수선,T5 서비스,q_수선_02,옷 수선하는 곳,생활서비스 중 '수선'을 판매·제공하는 매장,ec654657-84b8-4136-989b-56fde433d61d,멋내는 집,"옷, 소품",김포중앙시장,전통시장,경기도,1.0,0.0,,,P2_GRADED_ONLY,True,,,,,
b716d15fcc2ba25017bc,test,수선,T5 서비스,q_수선_02,옷 수선하는 곳,생활서비스 중 '수선'을 판매·제공하는 매장,8c470ffc-8f1a-4794-b837-dd59bb2e86ee,바이혀니,옷,조암시장,전통시장,경기도,1.0,0.0,,,P2_GRADED_ONLY,True,,,,,
d3f6a0a9e928b8802d19,test,수선,T5 서비스,q_수선_02,옷 수선하는 곳,생활서비스 중 '수선'을 판매·제공하는 매장,44f0ae81-bd1f-489f-a26b-f17eae7ea79d,미용하는 강아지,,관저상가 골목형상점가,골목형상점가,대전광역시,0.0,0.0,,,RESOLVED_AGREEMENT,False,0,,,,
e9ae7344aa00ef71bb37,test,수선,T5 서비스,q_수선_02,옷 수선하는 곳,생활서비스 중 '수선'을 판매·제공하는 매장,be9f8c61-892c-48ed-a49d-b63bd032c025,소곳,의류,고투몰(강남터미널지하도상점가),일반지하상점가,서울특별시,1.0,1.0,,,RESOLVED_AGREEMENT,False,1,,,,
c4bc8768df4be9eda11b,test,수선,T5 서비스,q_수선_02,옷 수선하는 곳,생활서비스 중 '수선'을 판매·제공하는 매장,aa62ddd1-79d1-4a90-84e0-36120de14b2d,노빵,옷,창원 가음정시장,전통시장,경상남도,1.0,0.0,,,P2_GRADED_ONLY,True,,,,,
36b7a12ea5a6d3ad161d,test,수선,T5 서비스,q_수선_02,옷 수선하는 곳,생활서비스 중 '수선'을 판매·제공하는 매장,000a92b3-0b5e-429e-af00-f86e3570e24b,클로버,의류,관문상가시장,전통시장,대구광역시,1.0,1.0,,,RESOLVED_AGREEMENT,False,1,,,,
27062ee625f93b4d5bd6,test,수선,T5 서비스,q_수선_02,옷 수선하는 곳,생활서비스 중 '수선'을 판매·제공하는 매장,4af7e749-68e5-4139-9e0e-0e56d4472a23,수선,수선,말바우시장,전통시장,광주광역시,3.0,3.0,,,RESOLVED_AGREEMENT,False,3,,,,
f8728dee983d8523d522,test,수선,T5 서비스,q_수선_02,옷 수선하는 곳,생활서비스 중 '수선'을 판매·제공하는 매장,ea3bfbf0-e112-4888-9a78-51da7eb5edbf,정호두,호두과자,탕정미래 골목형상점가,골목형상점가,충청남도,0.0,0.0,,,RESOLVED_AGREEMENT,False,0,,,,
c9c2794e0c54ae44ff2d,test,수선,T5 서비스,q_수선_02,옷 수선하는 곳,생활서비스 중 '수선'을 판매·제공하는 매장,3d5956d4-0ca8-4f79-be24-a0e2c9286c9e,더곱따,옷,장성읍 골목형상점가,골목형상점가,전라남도,1.0,0.0,,,P2_GRADED_ONLY,True,,,,,
5255220b48bf1d7381dc,test,수선,T5 서비스,q_수선_02,옷 수선하는 곳,생활서비스 중 '수선'을 판매·제공하는 매장,4a10655a-ca92-413a-8ade-7ea466ab0505,화미,옷,팔달시민상가시장,전통시장,경기도,1.0,0.0,,,P2_GRADED_ONLY,True,,,,,
f54f93037ddc807c5670,test,수선,T5 서비스,q_수선_02,옷 수선하는 곳,생활서비스 중 '수선'을 판매·제공하는 매장,930cd9a6-39f2-4378-8e87-0fdbb7d2f425,실과바늘,옷 수선,주안시민지하도상점가,일반지하상점가,인천광역시,3.0,3.0,,,RESOLVED_AGREEMENT,False,3,,,,
04a7bd0d794abc3bb1ac,test,수선,T5 서비스,q_수선_02,옷 수선하는 곳,생활서비스 중 '수선'을 판매·제공하는 매장,2e55e903-b5c5-4e92-99e4-a4e403dba32a,수선전문점,옷수선,일산시장(구 일산전통시장),전통시장,경기도,3.0,3.0,,,RESOLVED_AGREEMENT,False,3,,,,
0967bea2c8c2eb24aa4c,test,수선,T5 서비스,q_수선_02,옷 수선하는 곳,생활서비스 중 '수선'을 판매·제공하는 매장,83fdd8e7-c981-44e4-9b77-460bac35d2ad,스타수선,수선품,스타프라자전통시장,전통시장,경기도,3.0,3.0,,,RESOLVED_AGREEMENT,False,3,,,,
623e17d5d9c74ae0918c,test,수선,T5 서비스,q_수선_02,옷 수선하는 곳,생활서비스 중 '수선'을 판매·제공하는 매장,6e53fda4-9a0f-412d-82ea-f959a532e5f0,수선전문,옷수선,산본전통시장(구 군포산본시장),전통시장,경기도,3.0,3.0,,,RESOLVED_AGREEMENT,False,3,,,,
75adabfb10989670a426,test,수선,T5 서비스,q_수선_02,옷 수선하는 곳,생활서비스 중 '수선'을 판매·제공하는 매장,d70383ce-8bf3-4b8e-b6ab-9bc16252c068,종촌 옷수선,옷 수선,가재마을 골목형상점가,골목형상점가,세종특별자치시,3.0,3.0,,,RESOLVED_AGREEMENT,False,3,,,,
dbae6ebbd6720655e754,test,수선,T5 서비스,q_수선_02,옷 수선하는 곳,생활서비스 중 '수선'을 판매·제공하는 매장,ac7b2f5d-646b-44e2-a850-a869cbb8fcc0,요조숙녀,옷,우치서하로 골목형상점가,골목형상점가,광주광역시,1.0,0.0,,,P2_GRADED_ONLY,True,,,,,
7615e9dc5e88b84a211c,test,수선,T5 서비스,q_수선_02,옷 수선하는 곳,생활서비스 중 '수선'을 판매·제공하는 매장,e2e910be-fa82-4c1f-b752-07237b5fbec0,수선나라,수선,단국대 앞 골목형상점가,골목형상점가,경기도,3.0,3.0,,,RESOLVED_AGREEMENT,False,3,,,,
20f1e7681fbd18b58efd,test,수선,T5 서비스,q_수선_02,옷 수선하는 곳,생활서비스 중 '수선'을 판매·제공하는 매장,a69be704-f0e1-48d2-8b51-4f95fbf285a9,뽀솜이,옷,가재마을 골목형상점가,골목형상점가,세종특별자치시,1.0,0.0,,,P2_GRADED_ONLY,True,,,,,
7920220fd2faa2c10a9c,test,수선,T5 서비스,q_수선_02,옷 수선하는 곳,생활서비스 중 '수선'을 판매·제공하는 매장,4970d7b8-7690-442c-b313-562fee75b83e,자연동물병원,사료간식,벽산황계로 골목형상점가,골목형상점가,광주광역시,0.0,0.0,,,RESOLVED_AGREEMENT,False,0,,,,
0f97d9e45f111b533587,test,수선,T5 서비스,q_수선_02,옷 수선하는 곳,생활서비스 중 '수선'을 판매·제공하는 매장,5f7a9931-6680-4fcb-882a-78cddd3ad0f3,실브,옷,부평깡통시장(구 부산부평시장),전통시장,부산광역시,1.0,0.0,,,P2_GRADED_ONLY,True,,,,,
5ecd1f98cf5135b8cd13,test,수선,T5 서비스,q_수선_02,옷 수선하는 곳,생활서비스 중 '수선'을 판매·제공하는 매장,2743811c-5e71-4d2b-aa75-1b0147d44f2d,사우 꽃이 피는 곳,꽃,김포 풍년마을 골목형상점가,골목형상점가,경기도,0.0,0.0,,,RESOLVED_AGREEMENT,False,0,,,,
8f90e6c75d211f677c46,test,수선,T5 서비스,q_수선_02,옷 수선하는 곳,생활서비스 중 '수선'을 판매·제공하는 매장,d055269c-b0d4-4666-95cc-3db3f91aa34a,꼼꼼이홈패션,옷 수선,신정현대홈타운상가,골목형상점가,울산광역시,3.0,3.0,,,RESOLVED_AGREEMENT,False,3,,,,
b9f1bc0d146c85cd1377,test,수선,T5 서비스,q_수선_02,옷 수선하는 곳,생활서비스 중 '수선'을 판매·제공하는 매장,b7b3a948-d86d-45e1-afb8-c2791b7bd118,샵오구이,옷,상무연하상인회 골목형상점가,골목형상점가,광주광역시,1.0,0.0,,,P2_GRADED_ONLY,True,,,,,
802a25c5df5965e26418,test,수선,T5 서비스,q_수선_02,옷 수선하는 곳,생활서비스 중 '수선'을 판매·제공하는 매장,39434529-eb47-4140-9964-bf209688321c,수선하는남자,옷수선,포방터시장,전통시장,서울특별시,3.0,3.0,,,RESOLVED_AGREEMENT,False,3,,,,
db4392b4c3812f99bc55,test,수선,T5 서비스,q_수선_02,옷 수선하는 곳,생활서비스 중 '수선'을 판매·제공하는 매장,6b54bde2-0a2d-43e8-85d3-e063fd9cde76,초희 옷 수선,서비스업(의복수선),오산오색시장(구 오산중앙시장),전통시장,경기도,3.0,3.0,,,RESOLVED_AGREEMENT,False,3,,,,
cae212be07fde6a67cd6,test,수선,T5 서비스,q_수선_02,옷 수선하는 곳,생활서비스 중 '수선'을 판매·제공하는 매장,41d2eed7-fa42-4098-a978-a778f2aa0f33,현대 옷 수선,옷수선,중앙로 동문 상점가 골목형상점가,골목형상점가,경상북도,3.0,3.0,,,RESOLVED_AGREEMENT,False,3,,,,
5049c92037df7381be44,test,수선,T5 서비스,q_수선_02,옷 수선하는 곳,생활서비스 중 '수선'을 판매·제공하는 매장,c111ac9d-3f3a-405c-a8db-4d127ccda9e2,행복이 있는 곳,잡화,제주로얄쇼핑센터,자율상권구역,제주특별자치도,0.0,0.0,,,RESOLVED_AGREEMENT,False,0,,,,
989a1b72a477bbb2c4d0,test,수선,T5 서비스,q_수선_02,옷 수선하는 곳,생활서비스 중 '수선'을 판매·제공하는 매장,4c546b34-7c09-46f9-8497-0159279082aa,이태리 옷 수선실,서비스(옷수선),미래그린시장,전통시장,경기도,3.0,3.0,,,RESOLVED_AGREEMENT,False,3,,,,
82ca9f34c14dc7e15af3,test,수선,T5 서비스,q_수선_02,옷 수선하는 곳,생활서비스 중 '수선'을 판매·제공하는 매장,b59b9921-a1c3-4d2a-8014-6e5ee9e60d38,행복2,옷,새동인천지하상가,일반지하상점가,인천광역시,1.0,0.0,,,P2_GRADED_ONLY,True,,,,,
78b07d562d519c336510,test,수선,T5 서비스,q_수선_02,옷 수선하는 곳,생활서비스 중 '수선'을 판매·제공하는 매장,00124602-ef4e-472c-91ee-de53b28d7530,화이트,의류,울산번개시장,전통시장,울산광역시,1.0,1.0,,,RESOLVED_AGREEMENT,False,1,,,,
13ffedee64fd72b702bb,test,수선,T5 서비스,q_수선_02,옷 수선하는 곳,생활서비스 중 '수선'을 판매·제공하는 매장,1eaf6dc3-f0f0-4350-8341-9f6f4334b965,다소곳,옷,전주모래내시장,전통시장,전북특별자치도,1.0,0.0,,,P2_GRADED_ONLY,True,,,,,
686649cb23170ee63ae5,test,수선,T5 서비스,q_수선_02,옷 수선하는 곳,생활서비스 중 '수선'을 판매·제공하는 매장,a0f9f4ef-7074-489d-b751-f9f69f85338e,썬,옷,서문시장2지구 종합상가,전통시장,대구광역시,1.0,0.0,,,P2_GRADED_ONLY,True,,,,,
cd09e5a6c8787f83d653,test,수선,T5 서비스,q_수선_02,옷 수선하는 곳,생활서비스 중 '수선'을 판매·제공하는 매장,71968e0e-03dc-4418-969b-afb4ce60dcb4,얀,옷,동산상가,전통시장,대구광역시,1.0,0.0,,,P2_GRADED_ONLY,True,,,,,
ef3918ff6fd6c6beb712,test,수선,T5 서비스,q_수선_02,옷 수선하는 곳,생활서비스 중 '수선'을 판매·제공하는 매장,c6632115-c541-4159-ad9d-db8adc47eba8,계동방앗간,방앗간,북촌계동길골목형상점가,골목형상점가,서울특별시,0.0,0.0,,,RESOLVED_AGREEMENT,False,0,,,,
7b29e9f93d1b0782fb63,test,수선,T5 서비스,q_수선_02,옷 수선하는 곳,생활서비스 중 '수선'을 판매·제공하는 매장,062825c6-663e-4371-ae63-57ed7f98b23d,수선코너,옷수선,수원역전시장,전통시장,경기도,3.0,3.0,,,RESOLVED_AGREEMENT,False,3,,,,
01e2f02e5e6d1a9c01f8,test,수선,T5 서비스,q_수선_02,옷 수선하는 곳,생활서비스 중 '수선'을 판매·제공하는 매장,90463be8-3f9d-44f6-b3dd-58dd1a953acd,명동 옷수선,수선,구월시장,전통시장,인천광역시,3.0,3.0,,,RESOLVED_AGREEMENT,False,3,,,,
81554fcb80fa763cb989,test,수선,T5 서비스,q_수선_02,옷 수선하는 곳,생활서비스 중 '수선'을 판매·제공하는 매장,bfe5a5ee-cba0-43ef-9886-01e5673af6cb,광주상회,생선,노량진수산시장골목형상점가,골목형상점가,서울특별시,0.0,0.0,,,RESOLVED_AGREEMENT,False,0,,,,
32416ff6872a238d67ba,test,수선,T5 서비스,q_수선_02,옷 수선하는 곳,생활서비스 중 '수선'을 판매·제공하는 매장,a82b0806-ede7-4f56-82bf-73c681b34283,S패션,옷,창동골목시장,전통시장,서울특별시,1.0,1.0,,,RESOLVED_AGREEMENT,False,1,,,,
4f0ba8779380d19ea25a,test,수선,T5 서비스,q_수선_02,옷 수선하는 곳,생활서비스 중 '수선'을 판매·제공하는 매장,00158f51-4d3a-4ac0-9e38-b37552f5e097,지지배,의류,나주금빛상점가,자율상권구역,전라남도,1.0,1.0,,,RESOLVED_AGREEMENT,False,1,,,,
33537d0f5d8b5d9311f6,test,수선,T5 서비스,q_수선_02,옷 수선하는 곳,생활서비스 중 '수선'을 판매·제공하는 매장,303fd1c7-7152-4ae5-ab57-a4bc81dd303d,약선당한의원,한의원,방이시장,전통시장,서울특별시,0.0,0.0,,,RESOLVED_AGREEMENT,False,0,,,,
ea3bfa46196946f8a452,test,아이스크림,T1 정확표기,q_아이스크림_01,아이스크림,카페·디저트 중 '아이스크림'을 판매·제공하는 매장,b0741ffd-d17f-4ee1-ac61-46842169ec76,달시 아이스크림,아이스크림,세종 반딧불 골목형상점가,골목형상점가,세종특별자치시,3.0,3.0,,,RESOLVED_AGREEMENT,False,3,,,,
eb7bd8cb0418913225e2,test,아이스크림,T1 정확표기,q_아이스크림_01,아이스크림,카페·디저트 중 '아이스크림'을 판매·제공하는 매장,93fe52d4-464d-408c-a8ae-65701581baac,아이스크림저장소 본점,아이스크림,백석한들1번가 골목형상점가,골목형상점가,충청남도,3.0,3.0,,,RESOLVED_AGREEMENT,False,3,,,,
0e451350538e3affc8b0,test,아이스크림,T1 정확표기,q_아이스크림_01,아이스크림,카페·디저트 중 '아이스크림'을 판매·제공하는 매장,74e54046-106b-47cf-9f20-a9cd94bd1b06,승진이네,분식류,화정꽃마을상인회 골목형상점가,골목형상점가,광주광역시,0.0,0.0,,,RESOLVED_AGREEMENT,False,0,,,,
dd0681601d377fd63a8e,test,아이스크림,T1 정확표기,q_아이스크림_01,아이스크림,카페·디저트 중 '아이스크림'을 판매·제공하는 매장,b1e72c5c-3483-4476-b88e-6461ff5842ea,아이러브 아이스크림,"아이스크림, 문구",매봉 골목형상점가,골목형상점가,광주광역시,3.0,3.0,,,RESOLVED_AGREEMENT,False,3,,,,
c9e6e9c23649ff1e80c1,test,아이스크림,T1 정확표기,q_아이스크림_01,아이스크림,카페·디저트 중 '아이스크림'을 판매·제공하는 매장,1997870e-cfbc-4cc1-977d-d5a57b5c0944,아크죠 아이스크림 할인점,아이스크림 과자,청량리수산시장,전통시장,서울특별시,3.0,3.0,,,RESOLVED_AGREEMENT,False,3,,,,
816f9f76e7c3449261d5,test,아이스크림,T1 정확표기,q_아이스크림_01,아이스크림,카페·디저트 중 '아이스크림'을 판매·제공하는 매장,65b80261-f2cf-4710-95fc-effd63ee610e,아로카,아이스크림,단양구경시장(단양인정시장),전통시장,충청북도,3.0,3.0,,,RESOLVED_AGREEMENT,False,3,,,,
9f2db7309b257c3b3be0,test,아이스크림,T1 정확표기,q_아이스크림_01,아이스크림,카페·디저트 중 '아이스크림'을 판매·제공하는 매장,dfddbbae-1a14-4eba-a74d-4707c3831cb3,우촌정육,육류,반여농산물도매시장 관련상품동,골목형상점가,부산광역시,0.0,0.0,,,RESOLVED_AGREEMENT,False,0,,,,
dac21101311d95395e03,test,아이스크림,T1 정확표기,q_아이스크림_01,아이스크림,카페·디저트 중 '아이스크림'을 판매·제공하는 매장,c6af48f6-ce10-4aa6-afd6-6a168b2f9276,노마진아이스크림,아이스크림,결초보은시장(구 보은종합시장),전통시장,충청북도,3.0,3.0,,,RESOLVED_AGREEMENT,False,3,,,,
1f3648a32df30bfaeb3b,test,아이스크림,T1 정확표기,q_아이스크림_01,아이스크림,카페·디저트 중 '아이스크림'을 판매·제공하는 매장,a6f3546c-a91c-474a-9b0a-8a10f2fdb7a2,삼거리상회,,진주 청과시장,전통시장,경상남도,0.0,0.0,,,RESOLVED_AGREEMENT,False,0,,,,
46e88127fb59306213a8,test,아이스크림,T1 정확표기,q_아이스크림_01,아이스크림,카페·디저트 중 '아이스크림'을 판매·제공하는 매장,141d4a90-41cc-4fd8-9f2b-fe8f91b8540b,서빙고 아이스크림,아이스크림,선교지구 골목형상점가,골목형상점가,광주광역시,3.0,3.0,,,RESOLVED_AGREEMENT,False,3,,,,
38abc41a9601a30b99dc,test,아이스크림,T1 정확표기,q_아이스크림_01,아이스크림,카페·디저트 중 '아이스크림'을 판매·제공하는 매장,480d24c1-b219-4717-86a1-06c24a02cd2b,아이스크림하우스,과자 아이스크림,별양동상점가,자율상권구역,경기도,3.0,3.0,,,RESOLVED_AGREEMENT,False,3,,,,
896e00f06a90fd28cc77,test,아이스크림,T1 정확표기,q_아이스크림_01,아이스크림,카페·디저트 중 '아이스크림'을 판매·제공하는 매장,f8e25b75-c770-4f5e-bed6-933a59fda475,달시24무인아이스크림,아이스크림,새롬BRT 골목형상점가,골목형상점가,세종특별자치시,3.0,3.0,,,RESOLVED_AGREEMENT,False,3,,,,
54de1970a61ad2b99117,test,아이스크림,T1 정확표기,q_아이스크림_01,아이스크림,카페·디저트 중 '아이스크림'을 판매·제공하는 매장,35d4161b-3516-4041-9e33-ef4f2687b86e,아이스랜드,아이스크림,아름다운별장거리골목형상점가,골목형상점가,서울특별시,3.0,3.0,,,RESOLVED_AGREEMENT,False,3,,,,
4ac8dc9e23a06140271b,test,아이스크림,T1 정확표기,q_아이스크림_01,아이스크림,카페·디저트 중 '아이스크림'을 판매·제공하는 매장,337ff432-40f8-4a74-8e85-822cb2973097,요맛,아이스크림,늘솔길상인회 골목형상점가,골목형상점가,광주광역시,3.0,3.0,,,RESOLVED_AGREEMENT,False,3,,,,
f6940b334244bda9135c,test,아이스크림,T1 정확표기,q_아이스크림_01,아이스크림,카페·디저트 중 '아이스크림'을 판매·제공하는 매장,fc022989-e5f9-45bb-98ed-414169839722,햄즈,아이스크림,불당지웰4블럭 골목형상점가,골목형상점가,충청남도,3.0,3.0,,,RESOLVED_AGREEMENT,False,3,,,,
498ca9c30073f2d00d5d,test,아이스크림,T1 정확표기,q_아이스크림_01,아이스크림,카페·디저트 중 '아이스크림'을 판매·제공하는 매장,82556a5d-dd06-4bae-9852-4d5d28137ad2,별별마트,아이스크림,솔샘시장 골목형상점가,골목형상점가,서울특별시,3.0,3.0,,,RESOLVED_AGREEMENT,False,3,,,,
dbf9a7ddd345952dbd42,test,아이스크림,T1 정확표기,q_아이스크림_01,아이스크림,카페·디저트 중 '아이스크림'을 판매·제공하는 매장,0151a644-5334-41e3-9673-7fba6e1e423d,베스킨라빈스 양평시장점,아이스크림,양평물맑은시장,전통시장,경기도,3.0,3.0,,,RESOLVED_AGREEMENT,False,3,,,,
34ed2edda09044951755,test,아이스크림,T1 정확표기,q_아이스크림_01,아이스크림,카페·디저트 중 '아이스크림'을 판매·제공하는 매장,02c6f507-3bec-4c43-9d26-d6ef79c1226b,애니타임 선부역점,아이스크림 등,선부광장로상점가,자율상권구역,경기도,3.0,3.0,,,RESOLVED_AGREEMENT,False,3,,,,
5f6ba28e948dfa33829e,test,아이스크림,T1 정확표기,q_아이스크림_01,아이스크림,카페·디저트 중 '아이스크림'을 판매·제공하는 매장,da0e6196-3ceb-4b2d-a236-5877024635b1,메리엘스 아이스크림,아이스크림,대전아이파크시티 골목형상점가,골목형상점가,대전광역시,3.0,3.0,,,RESOLVED_AGREEMENT,False,3,,,,
34e04e8a2484739bb285,test,아이스크림,T1 정확표기,q_아이스크림_01,아이스크림,카페·디저트 중 '아이스크림'을 판매·제공하는 매장,d8a4d6a8-fa34-47b5-a25f-3d818a44e257,컵앤콘,아이스크림,충주무학시장,전통시장,충청북도,3.0,3.0,,,RESOLVED_AGREEMENT,False,3,,,,
ff5ed691dd4ba8da2dc7,test,아이스크림,T1 정확표기,q_아이스크림_01,아이스크림,카페·디저트 중 '아이스크림'을 판매·제공하는 매장,f6578ffe-35d3-4159-825c-f5c59a3d83b5,아이스 빙과,아이스크림,금호사랑 상인회 골목형상점가,골목형상점가,전라남도,3.0,3.0,,,RESOLVED_AGREEMENT,False,3,,,,
5fb94d49b1f34e4e312d,test,아이스크림,T1 정확표기,q_아이스크림_01,아이스크림,카페·디저트 중 '아이스크림'을 판매·제공하는 매장,d77ec76a-1d48-4f5e-a619-e949ec940289,아이스크림,아이스크림 과자 음료수,나릿재마크원 골목형상점가,골목형상점가,세종특별자치시,3.0,3.0,,,RESOLVED_AGREEMENT,False,3,,,,
395af74e06f144b64cae,test,아이스크림,T1 정확표기,q_아이스크림_01,아이스크림,카페·디저트 중 '아이스크림'을 판매·제공하는 매장,87a1345d-cd8f-4c19-81b8-0e8f70fcf866,아이스크림 할인점,아이스크림 및 과자,매곡 가인 골목형상점가,골목형상점가,광주광역시,3.0,3.0,,,RESOLVED_AGREEMENT,False,3,,,,
0602163a67d5b558ba95,test,아이스크림,T1 정확표기,q_아이스크림_01,아이스크림,카페·디저트 중 '아이스크림'을 판매·제공하는 매장,67456652-ae37-413f-be89-46afd2a6094f,치치퐁,아이스크림,모슬포 중앙시장,전통시장,제주특별자치도,3.0,3.0,,,RESOLVED_AGREEMENT,False,3,,,,
7ab3958022c6c1a54de9,test,아이스크림,T1 정확표기,q_아이스크림_01,아이스크림,카페·디저트 중 '아이스크림'을 판매·제공하는 매장,2be44ed2-b665-402c-8379-53f07827949f,아이스크림의유래,아이스크림,새호반 골목형상점가,골목형상점가,세종특별자치시,3.0,3.0,,,RESOLVED_AGREEMENT,False,3,,,,
d93ed57087b483254961,test,아이스크림,T1 정확표기,q_아이스크림_01,아이스크림,카페·디저트 중 '아이스크림'을 판매·제공하는 매장,fa0fb8c4-2d68-4160-90e8-7fa7a5698c12,커피 앤 아이스크림,,승달 골목형상점가,골목형상점가,,3.0,3.0,,,RESOLVED_AGREEMENT,False,3,,,,
95ccea25b5d71b6b057b,test,아이스크림,T1 정확표기,q_아이스크림_01,아이스크림,카페·디저트 중 '아이스크림'을 판매·제공하는 매장,e225cf72-f2ae-4b03-9580-834488c0c7d3,카페모카,커피,선운별 골목형상점가,골목형상점가,광주광역시,1.0,2.0,,,P1_BINARY_THRESHOLD,True,,,,,
4a4c66956736ec8c8b05,test,아이스크림,T1 정확표기,q_아이스크림_01,아이스크림,카페·디저트 중 '아이스크림'을 판매·제공하는 매장,c2d31cd0-84de-41b0-be1b-a5b3906e603a,빙점강하력,아이스크림,신흥시장,전통시장,서울특별시,3.0,3.0,,,RESOLVED_AGREEMENT,False,3,,,,
20147c74a2ebc6a3f145,test,아이스크림,T1 정확표기,q_아이스크림_01,아이스크림,카페·디저트 중 '아이스크림'을 판매·제공하는 매장,61c325c4-259e-479e-8bad-2d342f0df064,아이스따봉,아이스크림,왕십리무학봉상점가,자율상권구역,서울특별시,3.0,3.0,,,RESOLVED_AGREEMENT,False,3,,,,
9192960b8926fb1984b7,test,아이스크림,T1 정확표기,q_아이스크림_01,아이스크림,카페·디저트 중 '아이스크림'을 판매·제공하는 매장,7aed6ccd-a6a8-455e-a720-2052bf5e9ec3,부부복떡집,떡,산본전통시장(구 군포산본시장),전통시장,경기도,0.0,0.0,,,RESOLVED_AGREEMENT,False,0,,,,
1508ba2b841cb0ab6ac1,test,아이스크림,T1 정확표기,q_아이스크림_01,아이스크림,카페·디저트 중 '아이스크림'을 판매·제공하는 매장,218814ce-cb51-4ca1-a546-3f300f732170,아이스크림 할인점,아이스크림 과자류,쌍촌로상인회 골목형상점가,골목형상점가,광주광역시,3.0,3.0,,,RESOLVED_AGREEMENT,False,3,,,,
f3ceceadb43fff750ee0,test,아이스크림,T1 정확표기,q_아이스크림_01,아이스크림,카페·디저트 중 '아이스크림'을 판매·제공하는 매장,47092f59-c059-44b7-8798-3176e569cfd0,아이스천국아이스크림,아이스크림 과자 문구 완구,엄사 골목형상점가,골목형상점가,충청남도,3.0,3.0,,,RESOLVED_AGREEMENT,False,3,,,,
b2db9ab15d0ad4abaf9a,test,아이스크림,T1 정확표기,q_아이스크림_01,아이스크림,카페·디저트 중 '아이스크림'을 판매·제공하는 매장,05cea7ed-8a4b-4841-b0b1-eb89858f5560,꿀벌 아이스크림,아이스크림 과자 음료수,팡팡 골목형상점가,골목형상점가,광주광역시,3.0,3.0,,,RESOLVED_AGREEMENT,False,3,,,,
d4d8d9a0e2ded8ed4cb1,test,아이스크림,T1 정확표기,q_아이스크림_01,아이스크림,카페·디저트 중 '아이스크림'을 판매·제공하는 매장,5eb43fac-babe-474c-af6c-41cdd7e1731c,아이스베리,아이스크림,천호로데오거리상점가,자율상권구역,서울특별시,3.0,3.0,,,RESOLVED_AGREEMENT,False,3,,,,
ad01396b4cbba137700c,test,아이스크림,T1 정확표기,q_아이스크림_01,아이스크림,카페·디저트 중 '아이스크림'을 판매·제공하는 매장,ac6d572a-6bca-4846-aa80-d75db51e57b7,뉴아이스께끼공장,아이스크림,성대시장골목형상점가,골목형상점가,서울특별시,3.0,3.0,,,RESOLVED_AGREEMENT,False,3,,,,
eea8598249d6cab26794,test,아이스크림,T1 정확표기,q_아이스크림_01,아이스크림,카페·디저트 중 '아이스크림'을 판매·제공하는 매장,6110aa0a-07c6-4a8d-9313-9c2ea5427a29,601삼겹살,삼겹살청국장,동구책정원 골목형상점가,골목형상점가,광주광역시,0.0,0.0,,,RESOLVED_AGREEMENT,False,0,,,,
6faaf474ca89f5340d1c,test,아이스크림,T1 정확표기,q_아이스크림_01,아이스크림,카페·디저트 중 '아이스크림'을 판매·제공하는 매장,9f1419c5-cafd-4a37-b822-858437911d26,아이스마트,아이스크림,창원 대동중앙상가,전통시장,경상남도,3.0,3.0,,,RESOLVED_AGREEMENT,False,3,,,,
1f91d5fe2c78b9f6ed23,test,아이스크림,T1 정확표기,q_아이스크림_01,아이스크림,카페·디저트 중 '아이스크림'을 판매·제공하는 매장,118805a0-52c8-42d1-bf26-664b5312c3e6,아이스크림 할인점,아이스크림 과자,우미린상가,골목형상점가,전라남도,3.0,3.0,,,RESOLVED_AGREEMENT,False,3,,,,
56fa5d4194a526742791,test,아이스크림,T1 정확표기,q_아이스크림_01,아이스크림,카페·디저트 중 '아이스크림'을 판매·제공하는 매장,0d7a6368-982e-44b8-b4bb-1bea82c5a338,아이스크림 마을,아이스크림,호매실역중심상가 골목형상점가,골목형상점가,경기도,3.0,3.0,,,RESOLVED_AGREEMENT,False,3,,,,
2c217bf6f4a51391b59a,test,아이스크림,T1 정확표기,q_아이스크림_01,아이스크림,카페·디저트 중 '아이스크림'을 판매·제공하는 매장,aefacf1e-f73e-4555-b81f-5df7ccdd0f5f,글라쇼,아이스크림,더센트럴 골목형상점가,골목형상점가,세종특별자치시,3.0,3.0,,,RESOLVED_AGREEMENT,False,3,,,,
6bb478d1676e357941fa,test,아이스크림,T1 정확표기,q_아이스크림_01,아이스크림,카페·디저트 중 '아이스크림'을 판매·제공하는 매장,f25de404-93ad-4133-bf62-c74cc15a372c,광주상회,젓갈,소래포구전통어시장,전통시장,인천광역시,0.0,0.0,,,RESOLVED_AGREEMENT,False,0,,,,
830ca2612421e5f80e05,test,아이스크림,T1 정확표기,q_아이스크림_01,아이스크림,카페·디저트 중 '아이스크림'을 판매·제공하는 매장,6a30c197-27e0-4af5-8577-f8c169c49c78,아짱,아이스크림,오치서산초 골목형상점가,골목형상점가,광주광역시,3.0,3.0,,,RESOLVED_AGREEMENT,False,3,,,,
6bad0b8d016ebf36d0d3,test,아이스크림,T1 정확표기,q_아이스크림_01,아이스크림,카페·디저트 중 '아이스크림'을 판매·제공하는 매장,3bf47607-965f-4657-867c-62774bf9933b,아붕,아이스크림,북촌계동길골목형상점가,골목형상점가,서울특별시,3.0,3.0,,,RESOLVED_AGREEMENT,False,3,,,,
9d4cdcf329c76088944f,test,아이스크림,T1 정확표기,q_아이스크림_01,아이스크림,카페·디저트 중 '아이스크림'을 판매·제공하는 매장,c47df20f-3861-41f3-b8f9-5a5581275449,통쿨,아이스크림,중리시장,전통시장,대전광역시,3.0,3.0,,,RESOLVED_AGREEMENT,False,3,,,,
1d56597f2ecc30436bb4,test,아이스크림,T1 정확표기,q_아이스크림_01,아이스크림,카페·디저트 중 '아이스크림'을 판매·제공하는 매장,84f5b05e-99ce-48f2-adc9-d796e7f99c58,누리스크림,아이스크림,누리종합상가 골목형상점가,골목형상점가,대전광역시,3.0,3.0,,,RESOLVED_AGREEMENT,False,3,,,,
a1867cca7ee5ca451d86,test,아이스크림,T1 정확표기,q_아이스크림_01,아이스크림,카페·디저트 중 '아이스크림'을 판매·제공하는 매장,fb920894-12bc-4843-b272-508c9c06dd4a,푸우 아이스크림,아이스크림 붕어빵,금암중심상가 골목형상점가,골목형상점가,경기도,3.0,3.0,,,RESOLVED_AGREEMENT,False,3,,,,
92760bc22aed48449a61,test,아이스크림,T1 정확표기,q_아이스크림_01,아이스크림,카페·디저트 중 '아이스크림'을 판매·제공하는 매장,c5ca47aa-6daa-4729-b59d-6a40e7942bae,아이스크림에 빠진 날,아이스크림,공주산성 활성화구역,전통시장,충청남도,3.0,3.0,,,RESOLVED_AGREEMENT,False,3,,,,
07945c1b595393b2171e,test,아이스크림,T1 정확표기,q_아이스크림_01,아이스크림,카페·디저트 중 '아이스크림'을 판매·제공하는 매장,00bf15c0-0f81-4da4-b79f-86e400e010d2,아이스크림스토리 미사효성해링턴점,아이스크림,미사강변 골목형상점가,골목형상점가,경기도,3.0,3.0,,,RESOLVED_AGREEMENT,False,3,,,,
a96a953a4abca1dca461,test,아이스크림,T1 정확표기,q_아이스크림_01,아이스크림,카페·디저트 중 '아이스크림'을 판매·제공하는 매장,dae43f6e-a99c-45f9-bbd8-54ba99b950f7,아이스까까,아이스크림 등,하남시동석바대상점가,자율상권구역,경기도,3.0,3.0,,,RESOLVED_AGREEMENT,False,3,,,,
66d08b272fb5bb31dcfd,test,아이스크림,T1 정확표기,q_아이스크림_01,아이스크림,카페·디저트 중 '아이스크림'을 판매·제공하는 매장,b6319b64-8f3f-4170-81eb-3bf115b1cbc9,주월문빵구,아이스크림,주월1동서문대로 골목형상점가,골목형상점가,광주광역시,3.0,3.0,,,RESOLVED_AGREEMENT,False,3,,,,
9786fa324e17e3a396bb,test,아이스크림,T1 정확표기,q_아이스크림_01,아이스크림,카페·디저트 중 '아이스크림'을 판매·제공하는 매장,b257eb6d-e965-4d67-8232-642ed3f3d66c,아이스크림전문점,아이스크림,상주남성시장,전통시장,경상북도,3.0,3.0,,,RESOLVED_AGREEMENT,False,3,,,,
dc6bc77368942f6ec4f3,test,아이스크림,T1 정확표기,q_아이스크림_01,아이스크림,카페·디저트 중 '아이스크림'을 판매·제공하는 매장,16a3e56a-76ca-4f22-863f-133e6bc33679,아이스크림,음식점,하동 화개장터,전통시장,경상남도,2.0,3.0,,,P2_GRADED_ONLY,True,,,,,
803e9e79080c46224cef,test,아이스크림,T1 정확표기,q_아이스크림_01,아이스크림,카페·디저트 중 '아이스크림'을 판매·제공하는 매장,264db792-8a16-481e-82c3-5ad89795fd51,아이스월드,아이스크림,송죽솔대 골목형상점가,골목형상점가,경기도,3.0,3.0,,,RESOLVED_AGREEMENT,False,3,,,,
9969ee215d589811dbca,test,아이스크림,T1 정확표기,q_아이스크림_01,아이스크림,카페·디저트 중 '아이스크림'을 판매·제공하는 매장,d9a89d5f-2df9-4701-99ff-691e0cc643f3,노마진 아이스크림 통영점,아이스크림,통영 북신전통시장,전통시장,경상남도,3.0,3.0,,,RESOLVED_AGREEMENT,False,3,,,,
5322b90f88299073fed6,test,아이스크림,T1 정확표기,q_아이스크림_01,아이스크림,카페·디저트 중 '아이스크림'을 판매·제공하는 매장,b181af84-5425-464b-b608-6037fc841e99,플랑크톤,아이스크림,LC타워거리 골목형상점가,골목형상점가,광주광역시,3.0,3.0,,,RESOLVED_AGREEMENT,False,3,,,,
4bd8d19952453ce00f5f,test,아이스크림,T1 정확표기,q_아이스크림_01,아이스크림,카페·디저트 중 '아이스크림'을 판매·제공하는 매장,3f80c305-5f41-4cb1-8eaa-7cdac8967b13,어나더데케이드,의류,나릿재 골목형상점가,골목형상점가,세종특별자치시,0.0,0.0,,,RESOLVED_AGREEMENT,False,0,,,,
59626ccd028aeca8ebc1,test,아이스크림,T1 정확표기,q_아이스크림_01,아이스크림,카페·디저트 중 '아이스크림'을 판매·제공하는 매장,2b947da4-fa95-41fd-8905-53dff2db4a7b,라하네아이스크림,아이스크림 및 과자류,우산행복주택,골목형상점가,광주광역시,3.0,3.0,,,RESOLVED_AGREEMENT,False,3,,,,
6d985c8b652053cfe7d4,test,아이스크림,T1 정확표기,q_아이스크림_01,아이스크림,카페·디저트 중 '아이스크림'을 판매·제공하는 매장,20440c05-0f5c-478e-98b1-ffe252282c5c,얼음왕국 아이스크림 할인점,아이스크림,은구비서로사회적협동조합 골목형상점가,골목형상점가,대전광역시,3.0,3.0,,,RESOLVED_AGREEMENT,False,3,,,,
d58f2e64732b86d9817f,test,아이스크림,T1 정확표기,q_아이스크림_01,아이스크림,카페·디저트 중 '아이스크림'을 판매·제공하는 매장,00e24176-795e-4e89-826c-c440bb158010,요거트퍼플 고양화정점,아이스크림,화정문화의거리 골목형상점가,골목형상점가,경기도,3.0,3.0,,,RESOLVED_AGREEMENT,False,3,,,,
fd49317ff07f6754362e,test,아이스크림,T1 정확표기,q_아이스크림_01,아이스크림,카페·디저트 중 '아이스크림'을 판매·제공하는 매장,0313ac7b-2bcf-483f-8f18-e2257086c876,더까까주까,아이스크림,나성BRT 골목형상점가,골목형상점가,세종특별자치시,3.0,3.0,,,RESOLVED_AGREEMENT,False,3,,,,
d72bcc6e31a11e14ae4c,test,아이스크림,T1 정확표기,q_아이스크림_01,아이스크림,카페·디저트 중 '아이스크림'을 판매·제공하는 매장,09a44913-e98f-4dc0-9cbe-4913f4bdaa32,아스(아이스크림스토리),아이스크림,삼호읍 중앙 골목형상점가,골목형상점가,전라남도,3.0,3.0,,,RESOLVED_AGREEMENT,False,3,,,,
8bcca2b5a75cc76bc5e6,test,아이스크림,T1 정확표기,q_아이스크림_01,아이스크림,카페·디저트 중 '아이스크림'을 판매·제공하는 매장,035d8e83-4955-46ed-9364-7287170ef899,(주)대장종합상사,"키링, 아이스크림, 과자, 생활잡화",나주 영산포 자율상권구역,,전라남도,3.0,3.0,,,RESOLVED_AGREEMENT,False,3,,,,
90e67b5dae25818a45f1,test,아이스크림,T1 정확표기,q_아이스크림_01,아이스크림,카페·디저트 중 '아이스크림'을 판매·제공하는 매장,1532f8f0-10b9-42d7-922d-c5fb2be269bf,아이스크림 다있어,"아이스크림, 과자",양산동일신아파트 골목형상점가,골목형상점가,광주광역시,3.0,3.0,,,RESOLVED_AGREEMENT,False,3,,,,
32f2ec785c4e85e2c4c5,test,아이스크림,T1 정확표기,q_아이스크림_01,아이스크림,카페·디저트 중 '아이스크림'을 판매·제공하는 매장,1a4ca19d-1be3-42ab-ab42-4b6f164cdfc3,요거저거,아이스크림,송죽솔대 골목형상점가,골목형상점가,경기도,3.0,3.0,,,RESOLVED_AGREEMENT,False,3,,,,
b6f55e1c7b5585567547,test,아이스크림,T1 정확표기,q_아이스크림_01,아이스크림,카페·디저트 중 '아이스크림'을 판매·제공하는 매장,ce9f61db-1ee7-445e-9840-fc60aaad7e50,아이스크림 할인매장,아이스크림 및 잡화,풍암신암상인회 골목형상점가,골목형상점가,광주광역시,3.0,3.0,,,RESOLVED_AGREEMENT,False,3,,,,
37371ee1d5d154753bf4,test,아이스크림,T1 정확표기,q_아이스크림_01,아이스크림,카페·디저트 중 '아이스크림'을 판매·제공하는 매장,46f2fefd-cbf5-45a0-b5e7-bc40a8d89b6d,아이스크림할인점,아이스크림,매탄 임광상가 골목형상점가,골목형상점가,경기도,3.0,3.0,,,RESOLVED_AGREEMENT,False,3,,,,
ef3bc08cbd818893dbca,test,아이스크림,T1 정확표기,q_아이스크림_01,아이스크림,카페·디저트 중 '아이스크림'을 판매·제공하는 매장,e048d001-ece8-4fe6-9022-ad7ca47826e9,아이스크림 마트,아이스크림,문흥2동 골목형상점가,골목형상점가,광주광역시,3.0,3.0,,,RESOLVED_AGREEMENT,False,3,,,,
2a63c089ee783c48d63f,test,아이스크림,T1 정확표기,q_아이스크림_01,아이스크림,카페·디저트 중 '아이스크림'을 판매·제공하는 매장,c6cd7e6d-b8f4-41d3-8d34-711d12318944,아이스크림 990원 빵,아이스크림 빵 과자,대신시장,전통시장,서울특별시,3.0,3.0,,,RESOLVED_AGREEMENT,False,3,,,,
2114d27ddcfb1220df77,test,아이스크림,T1 정확표기,q_아이스크림_01,아이스크림,카페·디저트 중 '아이스크림'을 판매·제공하는 매장,0dc582ff-8c3c-4996-91a2-458bc7a563f4,아이스크림 러버,,방배카페골목 골목형상점가,골목형상점가,서울특별시,3.0,3.0,,,RESOLVED_AGREEMENT,False,3,,,,
2303e36ed2513f6d7d9d,test,아이스크림,T1 정확표기,q_아이스크림_01,아이스크림,카페·디저트 중 '아이스크림'을 판매·제공하는 매장,491c98c4-f88c-403f-8e25-0d7fa8d559cb,전주한옥마을아이스크림,아이스크림,전주한옥마을 골목형상점가,골목형상점가,전북특별자치도,3.0,3.0,,,RESOLVED_AGREEMENT,False,3,,,,
486f0d30b6d37aad89fd,test,아이스크림,T1 정확표기,q_아이스크림_01,아이스크림,카페·디저트 중 '아이스크림'을 판매·제공하는 매장,1485d0e0-084e-42a9-80d0-c98820d3e20f,드림식자재아이스크림,아이스크림,화정동 서부시장,전통시장,광주광역시,3.0,3.0,,,RESOLVED_AGREEMENT,False,3,,,,
72b8f8622eaf7a694a8f,test,아이스크림,T2 동의어,q_아이스크림_02,아이스크림 가게,카페·디저트 중 '아이스크림'을 판매·제공하는 매장,062f649a-5a9a-4ba7-be0f-8964ca1fa3e8,연세세브란스치과,치과의료서비스,다정중앙 골목형상점가,골목형상점가,세종특별자치시,0.0,0.0,,,RESOLVED_AGREEMENT,False,0,,,,
4b49612a83d708a0dc53,test,아이스크림,T2 동의어,q_아이스크림_02,아이스크림 가게,카페·디저트 중 '아이스크림'을 판매·제공하는 매장,fa0fb8c4-2d68-4160-90e8-7fa7a5698c12,커피 앤 아이스크림,,승달 골목형상점가,골목형상점가,,3.0,3.0,,,RESOLVED_AGREEMENT,False,3,,,,
08956d8dfb62b7b98fb0,test,아이스크림,T2 동의어,q_아이스크림_02,아이스크림 가게,카페·디저트 중 '아이스크림'을 판매·제공하는 매장,ac6d572a-6bca-4846-aa80-d75db51e57b7,뉴아이스께끼공장,아이스크림,성대시장골목형상점가,골목형상점가,서울특별시,3.0,3.0,,,RESOLVED_AGREEMENT,False,3,,,,
1e7aede78ac40599ff9f,test,아이스크림,T2 동의어,q_아이스크림_02,아이스크림 가게,카페·디저트 중 '아이스크림'을 판매·제공하는 매장,82556a5d-dd06-4bae-9852-4d5d28137ad2,별별마트,아이스크림,솔샘시장 골목형상점가,골목형상점가,서울특별시,3.0,3.0,,,RESOLVED_AGREEMENT,False,3,,,,
cdbe72f2e7c10406f247,test,아이스크림,T2 동의어,q_아이스크림_02,아이스크림 가게,카페·디저트 중 '아이스크림'을 판매·제공하는 매장,d77ec76a-1d48-4f5e-a619-e949ec940289,아이스크림,아이스크림 과자 음료수,나릿재마크원 골목형상점가,골목형상점가,세종특별자치시,3.0,3.0,,,RESOLVED_AGREEMENT,False,3,,,,
098d065ed86e3372aa10,test,아이스크림,T2 동의어,q_아이스크림_02,아이스크림 가게,카페·디저트 중 '아이스크림'을 판매·제공하는 매장,67456652-ae37-413f-be89-46afd2a6094f,치치퐁,아이스크림,모슬포 중앙시장,전통시장,제주특별자치도,3.0,3.0,,,RESOLVED_AGREEMENT,False,3,,,,
febcca93d2bb7abd29cc,test,아이스크림,T2 동의어,q_아이스크림_02,아이스크림 가게,카페·디저트 중 '아이스크림'을 판매·제공하는 매장,c2d31cd0-84de-41b0-be1b-a5b3906e603a,빙점강하력,아이스크림,신흥시장,전통시장,서울특별시,3.0,3.0,,,RESOLVED_AGREEMENT,False,3,,,,
1dce93c919c168de0196,test,아이스크림,T2 동의어,q_아이스크림_02,아이스크림 가게,카페·디저트 중 '아이스크림'을 판매·제공하는 매장,e048d001-ece8-4fe6-9022-ad7ca47826e9,아이스크림 마트,아이스크림,문흥2동 골목형상점가,골목형상점가,광주광역시,3.0,3.0,,,RESOLVED_AGREEMENT,False,3,,,,
04a7f6be757399801a8b,test,아이스크림,T2 동의어,q_아이스크림_02,아이스크림 가게,카페·디저트 중 '아이스크림'을 판매·제공하는 매장,b1e72c5c-3483-4476-b88e-6461ff5842ea,아이러브 아이스크림,"아이스크림, 문구",매봉 골목형상점가,골목형상점가,광주광역시,3.0,3.0,,,RESOLVED_AGREEMENT,False,3,,,,
d7572cf2e834ce9f410d,test,아이스크림,T2 동의어,q_아이스크림_02,아이스크림 가게,카페·디저트 중 '아이스크림'을 판매·제공하는 매장,da0e6196-3ceb-4b2d-a236-5877024635b1,메리엘스 아이스크림,아이스크림,대전아이파크시티 골목형상점가,골목형상점가,대전광역시,3.0,3.0,,,RESOLVED_AGREEMENT,False,3,,,,
938725f475233144bdde,test,아이스크림,T2 동의어,q_아이스크림_02,아이스크림 가게,카페·디저트 중 '아이스크림'을 판매·제공하는 매장,337ff432-40f8-4a74-8e85-822cb2973097,요맛,아이스크림,늘솔길상인회 골목형상점가,골목형상점가,광주광역시,3.0,3.0,,,RESOLVED_AGREEMENT,False,3,,,,
304c6e50470ecf4a8186,test,아이스크림,T2 동의어,q_아이스크림_02,아이스크림 가게,카페·디저트 중 '아이스크림'을 판매·제공하는 매장,fb920894-12bc-4843-b272-508c9c06dd4a,푸우 아이스크림,아이스크림 붕어빵,금암중심상가 골목형상점가,골목형상점가,경기도,3.0,3.0,,,RESOLVED_AGREEMENT,False,3,,,,
00a9abbb30029a290580,test,아이스크림,T2 동의어,q_아이스크림_02,아이스크림 가게,카페·디저트 중 '아이스크림'을 판매·제공하는 매장,554d3817-212e-48c0-8db7-b2cbf930202b,해동건어물,건어물,강경대흥시장,전통시장,충청남도,0.0,0.0,,,RESOLVED_AGREEMENT,False,0,,,,
acb9e664a520bd63fd19,test,아이스크림,T2 동의어,q_아이스크림_02,아이스크림 가게,카페·디저트 중 '아이스크림'을 판매·제공하는 매장,218814ce-cb51-4ca1-a546-3f300f732170,아이스크림 할인점,아이스크림 과자류,쌍촌로상인회 골목형상점가,골목형상점가,광주광역시,3.0,3.0,,,RESOLVED_AGREEMENT,False,3,,,,
c72a36fd1d0951c15443,test,아이스크림,T2 동의어,q_아이스크림_02,아이스크림 가게,카페·디저트 중 '아이스크림'을 판매·제공하는 매장,1997870e-cfbc-4cc1-977d-d5a57b5c0944,아크죠 아이스크림 할인점,아이스크림 과자,청량리수산시장,전통시장,서울특별시,3.0,3.0,,,RESOLVED_AGREEMENT,False,3,,,,
16b53c44572e2cd45383,test,아이스크림,T2 동의어,q_아이스크림_02,아이스크림 가게,카페·디저트 중 '아이스크림'을 판매·제공하는 매장,00bf15c0-0f81-4da4-b79f-86e400e010d2,아이스크림스토리 미사효성해링턴점,아이스크림,미사강변 골목형상점가,골목형상점가,경기도,3.0,3.0,,,RESOLVED_AGREEMENT,False,3,,,,
37f04c2fa43d729a4df1,test,아이스크림,T2 동의어,q_아이스크림_02,아이스크림 가게,카페·디저트 중 '아이스크림'을 판매·제공하는 매장,20440c05-0f5c-478e-98b1-ffe252282c5c,얼음왕국 아이스크림 할인점,아이스크림,은구비서로사회적협동조합 골목형상점가,골목형상점가,대전광역시,3.0,3.0,,,RESOLVED_AGREEMENT,False,3,,,,
3abbc5f9d37827cb893a,test,아이스크림,T2 동의어,q_아이스크림_02,아이스크림 가게,카페·디저트 중 '아이스크림'을 판매·제공하는 매장,c47df20f-3861-41f3-b8f9-5a5581275449,통쿨,아이스크림,중리시장,전통시장,대전광역시,3.0,3.0,,,RESOLVED_AGREEMENT,False,3,,,,
c846f660642f1cb2158f,test,아이스크림,T2 동의어,q_아이스크림_02,아이스크림 가게,카페·디저트 중 '아이스크림'을 판매·제공하는 매장,5eb43fac-babe-474c-af6c-41cdd7e1731c,아이스베리,아이스크림,천호로데오거리상점가,자율상권구역,서울특별시,3.0,3.0,,,RESOLVED_AGREEMENT,False,3,,,,
f4cdf6d98a74e3576f30,test,아이스크림,T2 동의어,q_아이스크림_02,아이스크림 가게,카페·디저트 중 '아이스크림'을 판매·제공하는 매장,09a44913-e98f-4dc0-9cbe-4913f4bdaa32,아스(아이스크림스토리),아이스크림,삼호읍 중앙 골목형상점가,골목형상점가,전라남도,3.0,3.0,,,RESOLVED_AGREEMENT,False,3,,,,
520f702726b9c6692f0d,test,아이스크림,T2 동의어,q_아이스크림_02,아이스크림 가게,카페·디저트 중 '아이스크림'을 판매·제공하는 매장,93fe52d4-464d-408c-a8ae-65701581baac,아이스크림저장소 본점,아이스크림,백석한들1번가 골목형상점가,골목형상점가,충청남도,3.0,3.0,,,RESOLVED_AGREEMENT,False,3,,,,
06087026e75239f1507b,test,아이스크림,T2 동의어,q_아이스크림_02,아이스크림 가게,카페·디저트 중 '아이스크림'을 판매·제공하는 매장,aefacf1e-f73e-4555-b81f-5df7ccdd0f5f,글라쇼,아이스크림,더센트럴 골목형상점가,골목형상점가,세종특별자치시,3.0,3.0,,,RESOLVED_AGREEMENT,False,3,,,,
f6318fb2ca92c3e7381c,test,아이스크림,T2 동의어,q_아이스크림_02,아이스크림 가게,카페·디저트 중 '아이스크림'을 판매·제공하는 매장,1a4ca19d-1be3-42ab-ab42-4b6f164cdfc3,요거저거,아이스크림,송죽솔대 골목형상점가,골목형상점가,경기도,3.0,3.0,,,RESOLVED_AGREEMENT,False,3,,,,
734710ff0b47694130e6,test,아이스크림,T2 동의어,q_아이스크림_02,아이스크림 가게,카페·디저트 중 '아이스크림'을 판매·제공하는 매장,1485d0e0-084e-42a9-80d0-c98820d3e20f,드림식자재아이스크림,아이스크림,화정동 서부시장,전통시장,광주광역시,3.0,3.0,,,RESOLVED_AGREEMENT,False,3,,,,
51ec71f1d22c68b5b234,test,아이스크림,T2 동의어,q_아이스크림_02,아이스크림 가게,카페·디저트 중 '아이스크림'을 판매·제공하는 매장,93b70bc5-86a2-4436-a828-8ef64d3b4c77,문화패션,의류,신림중앙시장,전통시장,서울특별시,0.0,0.0,,,RESOLVED_AGREEMENT,False,0,,,,
56bdbf8d1b4877387227,test,아이스크림,T2 동의어,q_아이스크림_02,아이스크림 가게,카페·디저트 중 '아이스크림'을 판매·제공하는 매장,714d601f-5604-4248-8df5-acaa4a2d071d,전주집,한식,격포어촌계 골목형상점가,골목형상점가,전북특별자치도,0.0,0.0,,,RESOLVED_AGREEMENT,False,0,,,,
41a5bac0d01563978b31,test,아이스크림,T2 동의어,q_아이스크림_02,아이스크림 가게,카페·디저트 중 '아이스크림'을 판매·제공하는 매장,113f1055-f1a2-4dd4-b7fa-fe513b5e0cf6,세종 스노우의원,의료서비스,퍼스트원 골목형상점가,골목형상점가,세종특별자치시,0.0,0.0,,,RESOLVED_AGREEMENT,False,0,,,,
da2795b829eab1efcfd1,test,아이스크림,T2 동의어,q_아이스크림_02,아이스크림 가게,카페·디저트 중 '아이스크림'을 판매·제공하는 매장,2b947da4-fa95-41fd-8905-53dff2db4a7b,라하네아이스크림,아이스크림 및 과자류,우산행복주택,골목형상점가,광주광역시,3.0,3.0,,,RESOLVED_AGREEMENT,False,3,,,,
cf72ff11b7aa1240ba62,test,아이스크림,T2 동의어,q_아이스크림_02,아이스크림 가게,카페·디저트 중 '아이스크림'을 판매·제공하는 매장,d9a89d5f-2df9-4701-99ff-691e0cc643f3,노마진 아이스크림 통영점,아이스크림,통영 북신전통시장,전통시장,경상남도,3.0,3.0,,,RESOLVED_AGREEMENT,False,3,,,,
4aa8154c139575f77b1e,test,아이스크림,T2 동의어,q_아이스크림_02,아이스크림 가게,카페·디저트 중 '아이스크림'을 판매·제공하는 매장,ce9f61db-1ee7-445e-9840-fc60aaad7e50,아이스크림 할인매장,아이스크림 및 잡화,풍암신암상인회 골목형상점가,골목형상점가,광주광역시,3.0,3.0,,,RESOLVED_AGREEMENT,False,3,,,,
60da7e46afcda75b63f1,test,아이스크림,T2 동의어,q_아이스크림_02,아이스크림 가게,카페·디저트 중 '아이스크림'을 판매·제공하는 매장,d8a4d6a8-fa34-47b5-a25f-3d818a44e257,컵앤콘,아이스크림,충주무학시장,전통시장,충청북도,3.0,3.0,,,RESOLVED_AGREEMENT,False,3,,,,
d8db5af406a75f2a9410,test,아이스크림,T2 동의어,q_아이스크림_02,아이스크림 가게,카페·디저트 중 '아이스크림'을 판매·제공하는 매장,65b80261-f2cf-4710-95fc-effd63ee610e,아로카,아이스크림,단양구경시장(단양인정시장),전통시장,충청북도,3.0,3.0,,,RESOLVED_AGREEMENT,False,3,,,,
aacc80aba29060884df4,test,아이스크림,T2 동의어,q_아이스크림_02,아이스크림 가게,카페·디저트 중 '아이스크림'을 판매·제공하는 매장,264db792-8a16-481e-82c3-5ad89795fd51,아이스월드,아이스크림,송죽솔대 골목형상점가,골목형상점가,경기도,3.0,3.0,,,RESOLVED_AGREEMENT,False,3,,,,
205aa433b9741bf051eb,test,아이스크림,T2 동의어,q_아이스크림_02,아이스크림 가게,카페·디저트 중 '아이스크림'을 판매·제공하는 매장,6a30c197-27e0-4af5-8577-f8c169c49c78,아짱,아이스크림,오치서산초 골목형상점가,골목형상점가,광주광역시,3.0,3.0,,,RESOLVED_AGREEMENT,False,3,,,,
bfdfdcf43151d54d13d8,test,아이스크림,T2 동의어,q_아이스크림_02,아이스크림 가게,카페·디저트 중 '아이스크림'을 판매·제공하는 매장,05cea7ed-8a4b-4841-b0b1-eb89858f5560,꿀벌 아이스크림,아이스크림 과자 음료수,팡팡 골목형상점가,골목형상점가,광주광역시,3.0,3.0,,,RESOLVED_AGREEMENT,False,3,,,,
bd9a42287e081e7ea186,test,아이스크림,T2 동의어,q_아이스크림_02,아이스크림 가게,카페·디저트 중 '아이스크림'을 판매·제공하는 매장,c5ca47aa-6daa-4729-b59d-6a40e7942bae,아이스크림에 빠진 날,아이스크림,공주산성 활성화구역,전통시장,충청남도,3.0,3.0,,,RESOLVED_AGREEMENT,False,3,,,,
6ebaa2835bc95e2862fb,test,아이스크림,T2 동의어,q_아이스크림_02,아이스크림 가게,카페·디저트 중 '아이스크림'을 판매·제공하는 매장,84f5b05e-99ce-48f2-adc9-d796e7f99c58,누리스크림,아이스크림,누리종합상가 골목형상점가,골목형상점가,대전광역시,3.0,3.0,,,RESOLVED_AGREEMENT,False,3,,,,
d10d0b96e08d68b9847c,test,아이스크림,T2 동의어,q_아이스크림_02,아이스크림 가게,카페·디저트 중 '아이스크림'을 판매·제공하는 매장,035d8e83-4955-46ed-9364-7287170ef899,(주)대장종합상사,"키링, 아이스크림, 과자, 생활잡화",나주 영산포 자율상권구역,,전라남도,3.0,3.0,,,RESOLVED_AGREEMENT,False,3,,,,
c5b74e2d21271f7b1a33,test,아이스크림,T2 동의어,q_아이스크림_02,아이스크림 가게,카페·디저트 중 '아이스크림'을 판매·제공하는 매장,118805a0-52c8-42d1-bf26-664b5312c3e6,아이스크림 할인점,아이스크림 과자,우미린상가,골목형상점가,전라남도,3.0,3.0,,,RESOLVED_AGREEMENT,False,3,,,,
263fd22b8cb6a476a353,test,아이스크림,T2 동의어,q_아이스크림_02,아이스크림 가게,카페·디저트 중 '아이스크림'을 판매·제공하는 매장,f8e25b75-c770-4f5e-bed6-933a59fda475,달시24무인아이스크림,아이스크림,새롬BRT 골목형상점가,골목형상점가,세종특별자치시,3.0,3.0,,,RESOLVED_AGREEMENT,False,3,,,,
bc67ad03a83cf22bf046,test,아이스크림,T2 동의어,q_아이스크림_02,아이스크림 가게,카페·디저트 중 '아이스크림'을 판매·제공하는 매장,f6578ffe-35d3-4159-825c-f5c59a3d83b5,아이스 빙과,아이스크림,금호사랑 상인회 골목형상점가,골목형상점가,전라남도,3.0,3.0,,,RESOLVED_AGREEMENT,False,3,,,,
f1974a1eaea8257bbe2e,test,아이스크림,T2 동의어,q_아이스크림_02,아이스크림 가게,카페·디저트 중 '아이스크림'을 판매·제공하는 매장,0dc582ff-8c3c-4996-91a2-458bc7a563f4,아이스크림 러버,,방배카페골목 골목형상점가,골목형상점가,서울특별시,3.0,3.0,,,RESOLVED_AGREEMENT,False,3,,,,
0280689ca08cdad14c70,test,아이스크림,T2 동의어,q_아이스크림_02,아이스크림 가게,카페·디저트 중 '아이스크림'을 판매·제공하는 매장,c6cd7e6d-b8f4-41d3-8d34-711d12318944,아이스크림 990원 빵,아이스크림 빵 과자,대신시장,전통시장,서울특별시,3.0,3.0,,,RESOLVED_AGREEMENT,False,3,,,,
3dda96e999bb199f3c55,test,아이스크림,T2 동의어,q_아이스크림_02,아이스크림 가게,카페·디저트 중 '아이스크림'을 판매·제공하는 매장,b0741ffd-d17f-4ee1-ac61-46842169ec76,달시 아이스크림,아이스크림,세종 반딧불 골목형상점가,골목형상점가,세종특별자치시,3.0,3.0,,,RESOLVED_AGREEMENT,False,3,,,,
c2ab9eb7e08b5d9738be,test,아이스크림,T2 동의어,q_아이스크림_02,아이스크림 가게,카페·디저트 중 '아이스크림'을 판매·제공하는 매장,0313ac7b-2bcf-483f-8f18-e2257086c876,더까까주까,아이스크림,나성BRT 골목형상점가,골목형상점가,세종특별자치시,3.0,3.0,,,RESOLVED_AGREEMENT,False,3,,,,
372ac2a986cc9668a42a,test,아이스크림,T2 동의어,q_아이스크림_02,아이스크림 가게,카페·디저트 중 '아이스크림'을 판매·제공하는 매장,b181af84-5425-464b-b608-6037fc841e99,플랑크톤,아이스크림,LC타워거리 골목형상점가,골목형상점가,광주광역시,3.0,3.0,,,RESOLVED_AGREEMENT,False,3,,,,
fdeea9871958a85f92d4,test,아이스크림,T2 동의어,q_아이스크림_02,아이스크림 가게,카페·디저트 중 '아이스크림'을 판매·제공하는 매장,47092f59-c059-44b7-8798-3176e569cfd0,아이스천국아이스크림,아이스크림 과자 문구 완구,엄사 골목형상점가,골목형상점가,충청남도,3.0,3.0,,,RESOLVED_AGREEMENT,False,3,,,,
d282355ac6b682c6a64b,test,아이스크림,T2 동의어,q_아이스크림_02,아이스크림 가게,카페·디저트 중 '아이스크림'을 판매·제공하는 매장,18809d5f-0f61-4f49-bc7a-1738d4f49949,전주전집,전,수유전통시장(구 수유골목시장),전통시장,서울특별시,0.0,0.0,,,RESOLVED_AGREEMENT,False,0,,,,
789ab735673ab0bdc3b5,test,아이스크림,T2 동의어,q_아이스크림_02,아이스크림 가게,카페·디저트 중 '아이스크림'을 판매·제공하는 매장,480d24c1-b219-4717-86a1-06c24a02cd2b,아이스크림하우스,과자 아이스크림,별양동상점가,자율상권구역,경기도,3.0,3.0,,,RESOLVED_AGREEMENT,False,3,,,,
2dcc492c56450c7d77ce,test,아이스크림,T2 동의어,q_아이스크림_02,아이스크림 가게,카페·디저트 중 '아이스크림'을 판매·제공하는 매장,00e24176-795e-4e89-826c-c440bb158010,요거트퍼플 고양화정점,아이스크림,화정문화의거리 골목형상점가,골목형상점가,경기도,3.0,3.0,,,RESOLVED_AGREEMENT,False,3,,,,
80d1144282102bfdd2b9,test,아이스크림,T2 동의어,q_아이스크림_02,아이스크림 가게,카페·디저트 중 '아이스크림'을 판매·제공하는 매장,3bf47607-965f-4657-867c-62774bf9933b,아붕,아이스크림,북촌계동길골목형상점가,골목형상점가,서울특별시,3.0,3.0,,,RESOLVED_AGREEMENT,False,3,,,,
93d42484530beca4d896,test,아이스크림,T2 동의어,q_아이스크림_02,아이스크림 가게,카페·디저트 중 '아이스크림'을 판매·제공하는 매장,02c6f507-3bec-4c43-9d26-d6ef79c1226b,애니타임 선부역점,아이스크림 등,선부광장로상점가,자율상권구역,경기도,3.0,3.0,,,RESOLVED_AGREEMENT,False,3,,,,
7feb4431d6d73440f692,test,아이스크림,T2 동의어,q_아이스크림_02,아이스크림 가게,카페·디저트 중 '아이스크림'을 판매·제공하는 매장,dae43f6e-a99c-45f9-bbd8-54ba99b950f7,아이스까까,아이스크림 등,하남시동석바대상점가,자율상권구역,경기도,3.0,3.0,,,RESOLVED_AGREEMENT,False,3,,,,
c55286e54e062a041017,test,아이스크림,T2 동의어,q_아이스크림_02,아이스크림 가게,카페·디저트 중 '아이스크림'을 판매·제공하는 매장,93bd5528-9d37-4b89-b9fa-0e8d0199cfc8,gs25광주역점,,중흥동광주역 골목형상점가,골목형상점가,,,0.0,Y,,P0_UNCERTAIN_OR_MISSING,True,,,,,
c0fb28a6bb40dbd0b39c,test,아이스크림,T2 동의어,q_아이스크림_02,아이스크림 가게,카페·디저트 중 '아이스크림'을 판매·제공하는 매장,9f1419c5-cafd-4a37-b822-858437911d26,아이스마트,아이스크림,창원 대동중앙상가,전통시장,경상남도,3.0,3.0,,,RESOLVED_AGREEMENT,False,3,,,,
43eb4935da8b16699ae9,test,아이스크림,T2 동의어,q_아이스크림_02,아이스크림 가게,카페·디저트 중 '아이스크림'을 판매·제공하는 매장,2be44ed2-b665-402c-8379-53f07827949f,아이스크림의유래,아이스크림,새호반 골목형상점가,골목형상점가,세종특별자치시,3.0,3.0,,,RESOLVED_AGREEMENT,False,3,,,,
5ff23054c579bac3d427,test,아이스크림,T2 동의어,q_아이스크림_02,아이스크림 가게,카페·디저트 중 '아이스크림'을 판매·제공하는 매장,fc022989-e5f9-45bb-98ed-414169839722,햄즈,아이스크림,불당지웰4블럭 골목형상점가,골목형상점가,충청남도,3.0,3.0,,,RESOLVED_AGREEMENT,False,3,,,,
25aaede92562e16c5db2,test,아이스크림,T2 동의어,q_아이스크림_02,아이스크림 가게,카페·디저트 중 '아이스크림'을 판매·제공하는 매장,141d4a90-41cc-4fd8-9f2b-fe8f91b8540b,서빙고 아이스크림,아이스크림,선교지구 골목형상점가,골목형상점가,광주광역시,3.0,3.0,,,RESOLVED_AGREEMENT,False,3,,,,
3e809150b82045873e2f,test,아이스크림,T2 동의어,q_아이스크림_02,아이스크림 가게,카페·디저트 중 '아이스크림'을 판매·제공하는 매장,16a3e56a-76ca-4f22-863f-133e6bc33679,아이스크림,음식점,하동 화개장터,전통시장,경상남도,2.0,3.0,,,P2_GRADED_ONLY,True,,,,,
5acd0fe02475d6b774b1,test,아이스크림,T2 동의어,q_아이스크림_02,아이스크림 가게,카페·디저트 중 '아이스크림'을 판매·제공하는 매장,35d4161b-3516-4041-9e33-ef4f2687b86e,아이스랜드,아이스크림,아름다운별장거리골목형상점가,골목형상점가,서울특별시,3.0,3.0,,,RESOLVED_AGREEMENT,False,3,,,,
d0486cdc484d9ee8f200,test,아이스크림,T2 동의어,q_아이스크림_02,아이스크림 가게,카페·디저트 중 '아이스크림'을 판매·제공하는 매장,1532f8f0-10b9-42d7-922d-c5fb2be269bf,아이스크림 다있어,"아이스크림, 과자",양산동일신아파트 골목형상점가,골목형상점가,광주광역시,3.0,3.0,,,RESOLVED_AGREEMENT,False,3,,,,
95f5ff6b1e67105b37bb,test,아이스크림,T2 동의어,q_아이스크림_02,아이스크림 가게,카페·디저트 중 '아이스크림'을 판매·제공하는 매장,46f2fefd-cbf5-45a0-b5e7-bc40a8d89b6d,아이스크림할인점,아이스크림,매탄 임광상가 골목형상점가,골목형상점가,경기도,3.0,3.0,,,RESOLVED_AGREEMENT,False,3,,,,
df3b4a5bacdd7bb42dd0,test,아이스크림,T2 동의어,q_아이스크림_02,아이스크림 가게,카페·디저트 중 '아이스크림'을 판매·제공하는 매장,0d7a6368-982e-44b8-b4bb-1bea82c5a338,아이스크림 마을,아이스크림,호매실역중심상가 골목형상점가,골목형상점가,경기도,3.0,3.0,,,RESOLVED_AGREEMENT,False,3,,,,
c5e1e92049fe6a58a589,test,아이스크림,T2 동의어,q_아이스크림_02,아이스크림 가게,카페·디저트 중 '아이스크림'을 판매·제공하는 매장,b257eb6d-e965-4d67-8232-642ed3f3d66c,아이스크림전문점,아이스크림,상주남성시장,전통시장,경상북도,3.0,3.0,,,RESOLVED_AGREEMENT,False,3,,,,
3b9932db383396f8e17f,test,아이스크림,T2 동의어,q_아이스크림_02,아이스크림 가게,카페·디저트 중 '아이스크림'을 판매·제공하는 매장,61c325c4-259e-479e-8bad-2d342f0df064,아이스따봉,아이스크림,왕십리무학봉상점가,자율상권구역,서울특별시,3.0,3.0,,,RESOLVED_AGREEMENT,False,3,,,,
c126ad966e282fd1d788,test,아이스크림,T2 동의어,q_아이스크림_02,아이스크림 가게,카페·디저트 중 '아이스크림'을 판매·제공하는 매장,491c98c4-f88c-403f-8e25-0d7fa8d559cb,전주한옥마을아이스크림,아이스크림,전주한옥마을 골목형상점가,골목형상점가,전북특별자치도,3.0,3.0,,,RESOLVED_AGREEMENT,False,3,,,,
d86d90a0bec7dbe965fd,test,아이스크림,T2 동의어,q_아이스크림_02,아이스크림 가게,카페·디저트 중 '아이스크림'을 판매·제공하는 매장,87a1345d-cd8f-4c19-81b8-0e8f70fcf866,아이스크림 할인점,아이스크림 및 과자,매곡 가인 골목형상점가,골목형상점가,광주광역시,3.0,3.0,,,RESOLVED_AGREEMENT,False,3,,,,
e967e20ca30c2172df99,test,아이스크림,T2 동의어,q_아이스크림_02,아이스크림 가게,카페·디저트 중 '아이스크림'을 판매·제공하는 매장,0151a644-5334-41e3-9673-7fba6e1e423d,베스킨라빈스 양평시장점,아이스크림,양평물맑은시장,전통시장,경기도,3.0,3.0,,,RESOLVED_AGREEMENT,False,3,,,,
7c6d7219f71981e4ed6e,test,아이스크림,T2 동의어,q_아이스크림_02,아이스크림 가게,카페·디저트 중 '아이스크림'을 판매·제공하는 매장,c6af48f6-ce10-4aa6-afd6-6a168b2f9276,노마진아이스크림,아이스크림,결초보은시장(구 보은종합시장),전통시장,충청북도,3.0,3.0,,,RESOLVED_AGREEMENT,False,3,,,,
0a7d62344337fe2ebf09,test,아이스크림,T2 동의어,q_아이스크림_02,아이스크림 가게,카페·디저트 중 '아이스크림'을 판매·제공하는 매장,03419b62-36b4-424a-80c8-d112b7488d26,네일리예,네일,쌍촌골상인회 골목형상점가,골목형상점가,광주광역시,0.0,0.0,,,RESOLVED_AGREEMENT,False,0,,,,
2e3146d2bc8349e736db,test,아이스크림,T2 동의어,q_아이스크림_02,아이스크림 가게,카페·디저트 중 '아이스크림'을 판매·제공하는 매장,b6319b64-8f3f-4170-81eb-3bf115b1cbc9,주월문빵구,아이스크림,주월1동서문대로 골목형상점가,골목형상점가,광주광역시,3.0,3.0,,,RESOLVED_AGREEMENT,False,3,,,,
997a7f039ca6452327e5,test,아이스크림,T4 구어·문장,q_아이스크림_03,아이스크림 먹을 데,카페·디저트 중 '아이스크림'을 판매·제공하는 매장,46f2fefd-cbf5-45a0-b5e7-bc40a8d89b6d,아이스크림할인점,아이스크림,매탄 임광상가 골목형상점가,골목형상점가,경기도,3.0,3.0,,,RESOLVED_AGREEMENT,False,3,,,,
2732cd0654de8bc30903,test,아이스크림,T4 구어·문장,q_아이스크림_03,아이스크림 먹을 데,카페·디저트 중 '아이스크림'을 판매·제공하는 매장,035d8e83-4955-46ed-9364-7287170ef899,(주)대장종합상사,"키링, 아이스크림, 과자, 생활잡화",나주 영산포 자율상권구역,,전라남도,3.0,3.0,,,RESOLVED_AGREEMENT,False,3,,,,
f7df37e4404eaf04d4b0,test,아이스크림,T4 구어·문장,q_아이스크림_03,아이스크림 먹을 데,카페·디저트 중 '아이스크림'을 판매·제공하는 매장,1a4ca19d-1be3-42ab-ab42-4b6f164cdfc3,요거저거,아이스크림,송죽솔대 골목형상점가,골목형상점가,경기도,3.0,3.0,,,RESOLVED_AGREEMENT,False,3,,,,
91f48764198e31ceabd2,test,아이스크림,T4 구어·문장,q_아이스크림_03,아이스크림 먹을 데,카페·디저트 중 '아이스크림'을 판매·제공하는 매장,c47df20f-3861-41f3-b8f9-5a5581275449,통쿨,아이스크림,중리시장,전통시장,대전광역시,3.0,3.0,,,RESOLVED_AGREEMENT,False,3,,,,
a745ace6fc951c24c642,test,아이스크림,T4 구어·문장,q_아이스크림_03,아이스크림 먹을 데,카페·디저트 중 '아이스크림'을 판매·제공하는 매장,218814ce-cb51-4ca1-a546-3f300f732170,아이스크림 할인점,아이스크림 과자류,쌍촌로상인회 골목형상점가,골목형상점가,광주광역시,3.0,3.0,,,RESOLVED_AGREEMENT,False,3,,,,
ac8e4cbd48904880aef3,test,아이스크림,T4 구어·문장,q_아이스크림_03,아이스크림 먹을 데,카페·디저트 중 '아이스크림'을 판매·제공하는 매장,c2d31cd0-84de-41b0-be1b-a5b3906e603a,빙점강하력,아이스크림,신흥시장,전통시장,서울특별시,3.0,3.0,,,RESOLVED_AGREEMENT,False,3,,,,
3958ed9d9222f395c892,test,아이스크림,T4 구어·문장,q_아이스크림_03,아이스크림 먹을 데,카페·디저트 중 '아이스크림'을 판매·제공하는 매장,337ff432-40f8-4a74-8e85-822cb2973097,요맛,아이스크림,늘솔길상인회 골목형상점가,골목형상점가,광주광역시,3.0,3.0,,,RESOLVED_AGREEMENT,False,3,,,,
ac2423a46e7f367678a6,test,아이스크림,T4 구어·문장,q_아이스크림_03,아이스크림 먹을 데,카페·디저트 중 '아이스크림'을 판매·제공하는 매장,dae43f6e-a99c-45f9-bbd8-54ba99b950f7,아이스까까,아이스크림 등,하남시동석바대상점가,자율상권구역,경기도,3.0,3.0,,,RESOLVED_AGREEMENT,False,3,,,,
014166e41c6c6101a65d,test,아이스크림,T4 구어·문장,q_아이스크림_03,아이스크림 먹을 데,카페·디저트 중 '아이스크림'을 판매·제공하는 매장,82556a5d-dd06-4bae-9852-4d5d28137ad2,별별마트,아이스크림,솔샘시장 골목형상점가,골목형상점가,서울특별시,3.0,3.0,,,RESOLVED_AGREEMENT,False,3,,,,
7c0cdc0152e5b4bddb26,test,아이스크림,T4 구어·문장,q_아이스크림_03,아이스크림 먹을 데,카페·디저트 중 '아이스크림'을 판매·제공하는 매장,09a44913-e98f-4dc0-9cbe-4913f4bdaa32,아스(아이스크림스토리),아이스크림,삼호읍 중앙 골목형상점가,골목형상점가,전라남도,3.0,3.0,,,RESOLVED_AGREEMENT,False,3,,,,
e7bf27c28c128c7f42a3,test,아이스크림,T4 구어·문장,q_아이스크림_03,아이스크림 먹을 데,카페·디저트 중 '아이스크림'을 판매·제공하는 매장,49340a0b-ce22-4f98-b6de-2c0fdbd9b348,미앤헤어,두발,매봉 골목형상점가,골목형상점가,광주광역시,0.0,0.0,,,RESOLVED_AGREEMENT,False,0,,,,
9234fe811a8993def49c,test,아이스크림,T4 구어·문장,q_아이스크림_03,아이스크림 먹을 데,카페·디저트 중 '아이스크림'을 판매·제공하는 매장,5eb43fac-babe-474c-af6c-41cdd7e1731c,아이스베리,아이스크림,천호로데오거리상점가,자율상권구역,서울특별시,3.0,3.0,,,RESOLVED_AGREEMENT,False,3,,,,
0f47ba7e03566dbbcda6,test,아이스크림,T4 구어·문장,q_아이스크림_03,아이스크림 먹을 데,카페·디저트 중 '아이스크림'을 판매·제공하는 매장,b1e72c5c-3483-4476-b88e-6461ff5842ea,아이러브 아이스크림,"아이스크림, 문구",매봉 골목형상점가,골목형상점가,광주광역시,3.0,3.0,,,RESOLVED_AGREEMENT,False,3,,,,
34bd9286976e162cc369,test,아이스크림,T4 구어·문장,q_아이스크림_03,아이스크림 먹을 데,카페·디저트 중 '아이스크림'을 판매·제공하는 매장,aefacf1e-f73e-4555-b81f-5df7ccdd0f5f,글라쇼,아이스크림,더센트럴 골목형상점가,골목형상점가,세종특별자치시,3.0,3.0,,,RESOLVED_AGREEMENT,False,3,,,,
84c0974e9fe9bd91024c,test,아이스크림,T4 구어·문장,q_아이스크림_03,아이스크림 먹을 데,카페·디저트 중 '아이스크림'을 판매·제공하는 매장,3bf47607-965f-4657-867c-62774bf9933b,아붕,아이스크림,북촌계동길골목형상점가,골목형상점가,서울특별시,3.0,3.0,,,RESOLVED_AGREEMENT,False,3,,,,
298ad67449f877659370,test,아이스크림,T4 구어·문장,q_아이스크림_03,아이스크림 먹을 데,카페·디저트 중 '아이스크림'을 판매·제공하는 매장,1485d0e0-084e-42a9-80d0-c98820d3e20f,드림식자재아이스크림,아이스크림,화정동 서부시장,전통시장,광주광역시,3.0,3.0,,,RESOLVED_AGREEMENT,False,3,,,,
698867e33ddf0df939ec,test,아이스크림,T4 구어·문장,q_아이스크림_03,아이스크림 먹을 데,카페·디저트 중 '아이스크림'을 판매·제공하는 매장,47092f59-c059-44b7-8798-3176e569cfd0,아이스천국아이스크림,아이스크림 과자 문구 완구,엄사 골목형상점가,골목형상점가,충청남도,3.0,3.0,,,RESOLVED_AGREEMENT,False,3,,,,
f4711e878c9e8e58430a,test,아이스크림,T4 구어·문장,q_아이스크림_03,아이스크림 먹을 데,카페·디저트 중 '아이스크림'을 판매·제공하는 매장,65b80261-f2cf-4710-95fc-effd63ee610e,아로카,아이스크림,단양구경시장(단양인정시장),전통시장,충청북도,3.0,3.0,,,RESOLVED_AGREEMENT,False,3,,,,
56a6f2bd84e6678bc4dc,test,아이스크림,T4 구어·문장,q_아이스크림_03,아이스크림 먹을 데,카페·디저트 중 '아이스크림'을 판매·제공하는 매장,b257eb6d-e965-4d67-8232-642ed3f3d66c,아이스크림전문점,아이스크림,상주남성시장,전통시장,경상북도,3.0,3.0,,,RESOLVED_AGREEMENT,False,3,,,,
e4ab85c3ecaa119b7202,test,아이스크림,T4 구어·문장,q_아이스크림_03,아이스크림 먹을 데,카페·디저트 중 '아이스크림'을 판매·제공하는 매장,61c325c4-259e-479e-8bad-2d342f0df064,아이스따봉,아이스크림,왕십리무학봉상점가,자율상권구역,서울특별시,3.0,3.0,,,RESOLVED_AGREEMENT,False,3,,,,
efae1ca1d7f269363628,test,아이스크림,T4 구어·문장,q_아이스크림_03,아이스크림 먹을 데,카페·디저트 중 '아이스크림'을 판매·제공하는 매장,02c6f507-3bec-4c43-9d26-d6ef79c1226b,애니타임 선부역점,아이스크림 등,선부광장로상점가,자율상권구역,경기도,3.0,3.0,,,RESOLVED_AGREEMENT,False,3,,,,
b8b60a3eefea1de96cfa,test,아이스크림,T4 구어·문장,q_아이스크림_03,아이스크림 먹을 데,카페·디저트 중 '아이스크림'을 판매·제공하는 매장,c6af48f6-ce10-4aa6-afd6-6a168b2f9276,노마진아이스크림,아이스크림,결초보은시장(구 보은종합시장),전통시장,충청북도,3.0,3.0,,,RESOLVED_AGREEMENT,False,3,,,,
83a04d4e8411d7624348,test,아이스크림,T4 구어·문장,q_아이스크림_03,아이스크림 먹을 데,카페·디저트 중 '아이스크림'을 판매·제공하는 매장,84f5b05e-99ce-48f2-adc9-d796e7f99c58,누리스크림,아이스크림,누리종합상가 골목형상점가,골목형상점가,대전광역시,3.0,3.0,,,RESOLVED_AGREEMENT,False,3,,,,
e8b9aaf4254008f09b1e,test,아이스크림,T4 구어·문장,q_아이스크림_03,아이스크림 먹을 데,카페·디저트 중 '아이스크림'을 판매·제공하는 매장,fc022989-e5f9-45bb-98ed-414169839722,햄즈,아이스크림,불당지웰4블럭 골목형상점가,골목형상점가,충청남도,3.0,3.0,,,RESOLVED_AGREEMENT,False,3,,,,
c6a41ec6eeeef6737b1f,test,아이스크림,T4 구어·문장,q_아이스크림_03,아이스크림 먹을 데,카페·디저트 중 '아이스크림'을 판매·제공하는 매장,9f1419c5-cafd-4a37-b822-858437911d26,아이스마트,아이스크림,창원 대동중앙상가,전통시장,경상남도,3.0,3.0,,,RESOLVED_AGREEMENT,False,3,,,,
5a067008146843aa03bc,test,아이스크림,T4 구어·문장,q_아이스크림_03,아이스크림 먹을 데,카페·디저트 중 '아이스크림'을 판매·제공하는 매장,264db792-8a16-481e-82c3-5ad89795fd51,아이스월드,아이스크림,송죽솔대 골목형상점가,골목형상점가,경기도,3.0,3.0,,,RESOLVED_AGREEMENT,False,3,,,,
7f96e66547ab0ce3a0d7,test,아이스크림,T4 구어·문장,q_아이스크림_03,아이스크림 먹을 데,카페·디저트 중 '아이스크림'을 판매·제공하는 매장,ac6d572a-6bca-4846-aa80-d75db51e57b7,뉴아이스께끼공장,아이스크림,성대시장골목형상점가,골목형상점가,서울특별시,3.0,3.0,,,RESOLVED_AGREEMENT,False,3,,,,
21106a6f65a204f778bc,test,아이스크림,T4 구어·문장,q_아이스크림_03,아이스크림 먹을 데,카페·디저트 중 '아이스크림'을 판매·제공하는 매장,c3b31c1e-2d33-4e28-9074-708291dab5be,모자나라2,모자,㈜르네시떼,전통시장,부산광역시,0.0,0.0,,,RESOLVED_AGREEMENT,False,0,,,,
086acd856e26ce5ff064,test,아이스크림,T4 구어·문장,q_아이스크림_03,아이스크림 먹을 데,카페·디저트 중 '아이스크림'을 판매·제공하는 매장,32c9c390-a95c-47b6-9003-61dcbcc26112,뷰티앙스킨케어,피부관리업,유동 경열로 골목형상점가,골목형상점가,광주광역시,0.0,0.0,,,RESOLVED_AGREEMENT,False,0,,,,
f76ca92f17ceff7ae453,test,아이스크림,T4 구어·문장,q_아이스크림_03,아이스크림 먹을 데,카페·디저트 중 '아이스크림'을 판매·제공하는 매장,0151a644-5334-41e3-9673-7fba6e1e423d,베스킨라빈스 양평시장점,아이스크림,양평물맑은시장,전통시장,경기도,3.0,3.0,,,RESOLVED_AGREEMENT,False,3,,,,
0d80285253790302468c,test,아이스크림,T4 구어·문장,q_아이스크림_03,아이스크림 먹을 데,카페·디저트 중 '아이스크림'을 판매·제공하는 매장,7ff13c3a-14d1-498c-bdea-0a81e00cdda4,송정금호축산식육,한우 한돈,첨단강변로 골목형상점가,골목형상점가,광주광역시,0.0,0.0,,,RESOLVED_AGREEMENT,False,0,,,,
c1d8022f27c30409d939,test,아이스크림,T4 구어·문장,q_아이스크림_03,아이스크림 먹을 데,카페·디저트 중 '아이스크림'을 판매·제공하는 매장,c5ca47aa-6daa-4729-b59d-6a40e7942bae,아이스크림에 빠진 날,아이스크림,공주산성 활성화구역,전통시장,충청남도,3.0,3.0,,,RESOLVED_AGREEMENT,False,3,,,,
c0e22a9b377e54d687cf,test,아이스크림,T4 구어·문장,q_아이스크림_03,아이스크림 먹을 데,카페·디저트 중 '아이스크림'을 판매·제공하는 매장,141d4a90-41cc-4fd8-9f2b-fe8f91b8540b,서빙고 아이스크림,아이스크림,선교지구 골목형상점가,골목형상점가,광주광역시,3.0,3.0,,,RESOLVED_AGREEMENT,False,3,,,,
e020c09bde629e6aeb39,test,아이스크림,T4 구어·문장,q_아이스크림_03,아이스크림 먹을 데,카페·디저트 중 '아이스크림'을 판매·제공하는 매장,480d24c1-b219-4717-86a1-06c24a02cd2b,아이스크림하우스,과자 아이스크림,별양동상점가,자율상권구역,경기도,3.0,3.0,,,RESOLVED_AGREEMENT,False,3,,,,
6bb73ed97bf7f8dcd25e,test,아이스크림,T4 구어·문장,q_아이스크림_03,아이스크림 먹을 데,카페·디저트 중 '아이스크림'을 판매·제공하는 매장,2be44ed2-b665-402c-8379-53f07827949f,아이스크림의유래,아이스크림,새호반 골목형상점가,골목형상점가,세종특별자치시,3.0,3.0,,,RESOLVED_AGREEMENT,False,3,,,,
24e9645516820f1cd6b5,test,아이스크림,T4 구어·문장,q_아이스크림_03,아이스크림 먹을 데,카페·디저트 중 '아이스크림'을 판매·제공하는 매장,6a30c197-27e0-4af5-8577-f8c169c49c78,아짱,아이스크림,오치서산초 골목형상점가,골목형상점가,광주광역시,3.0,3.0,,,RESOLVED_AGREEMENT,False,3,,,,
8cefaa6d59393fc9b6c1,test,아이스크림,T4 구어·문장,q_아이스크림_03,아이스크림 먹을 데,카페·디저트 중 '아이스크림'을 판매·제공하는 매장,2b947da4-fa95-41fd-8905-53dff2db4a7b,라하네아이스크림,아이스크림 및 과자류,우산행복주택,골목형상점가,광주광역시,3.0,3.0,,,RESOLVED_AGREEMENT,False,3,,,,
9f715b648a9f9b9ed3b0,test,아이스크림,T4 구어·문장,q_아이스크림_03,아이스크림 먹을 데,카페·디저트 중 '아이스크림'을 판매·제공하는 매장,05cea7ed-8a4b-4841-b0b1-eb89858f5560,꿀벌 아이스크림,아이스크림 과자 음료수,팡팡 골목형상점가,골목형상점가,광주광역시,3.0,3.0,,,RESOLVED_AGREEMENT,False,3,,,,
7e81e3c282404df1c931,test,아이스크림,T4 구어·문장,q_아이스크림_03,아이스크림 먹을 데,카페·디저트 중 '아이스크림'을 판매·제공하는 매장,b0741ffd-d17f-4ee1-ac61-46842169ec76,달시 아이스크림,아이스크림,세종 반딧불 골목형상점가,골목형상점가,세종특별자치시,3.0,3.0,,,RESOLVED_AGREEMENT,False,3,,,,
31f719549be4b6434b09,test,아이스크림,T4 구어·문장,q_아이스크림_03,아이스크림 먹을 데,카페·디저트 중 '아이스크림'을 판매·제공하는 매장,d8a4d6a8-fa34-47b5-a25f-3d818a44e257,컵앤콘,아이스크림,충주무학시장,전통시장,충청북도,3.0,3.0,,,RESOLVED_AGREEMENT,False,3,,,,
741a6987366b913c5be3,test,아이스크림,T4 구어·문장,q_아이스크림_03,아이스크림 먹을 데,카페·디저트 중 '아이스크림'을 판매·제공하는 매장,118805a0-52c8-42d1-bf26-664b5312c3e6,아이스크림 할인점,아이스크림 과자,우미린상가,골목형상점가,전라남도,3.0,3.0,,,RESOLVED_AGREEMENT,False,3,,,,
ef516f74f4e05493d0f5,test,아이스크림,T4 구어·문장,q_아이스크림_03,아이스크림 먹을 데,카페·디저트 중 '아이스크림'을 판매·제공하는 매장,dd126228-8815-4ce2-b592-3df3c6f22fbd,안나양품,의류,대전도매시장,전통시장,대전광역시,0.0,0.0,,,RESOLVED_AGREEMENT,False,0,,,,
f93380fdcffa9a6936af,test,아이스크림,T4 구어·문장,q_아이스크림_03,아이스크림 먹을 데,카페·디저트 중 '아이스크림'을 판매·제공하는 매장,f8e25b75-c770-4f5e-bed6-933a59fda475,달시24무인아이스크림,아이스크림,새롬BRT 골목형상점가,골목형상점가,세종특별자치시,3.0,3.0,,,RESOLVED_AGREEMENT,False,3,,,,
dab7160fa52ad69fd46a,test,아이스크림,T4 구어·문장,q_아이스크림_03,아이스크림 먹을 데,카페·디저트 중 '아이스크림'을 판매·제공하는 매장,b6319b64-8f3f-4170-81eb-3bf115b1cbc9,주월문빵구,아이스크림,주월1동서문대로 골목형상점가,골목형상점가,광주광역시,3.0,3.0,,,RESOLVED_AGREEMENT,False,3,,,,
a65c28159b8807c8bfad,test,아이스크림,T4 구어·문장,q_아이스크림_03,아이스크림 먹을 데,카페·디저트 중 '아이스크림'을 판매·제공하는 매장,4785c4e7-ea0c-4928-abf6-01c6b32b65c9,부림화장품,화장품,서면지하도상가 부전몰,일반지하상점가,부산광역시,0.0,0.0,,,RESOLVED_AGREEMENT,False,0,,,,
e1b9101774bf58152bec,test,아이스크림,T4 구어·문장,q_아이스크림_03,아이스크림 먹을 데,카페·디저트 중 '아이스크림'을 판매·제공하는 매장,20440c05-0f5c-478e-98b1-ffe252282c5c,얼음왕국 아이스크림 할인점,아이스크림,은구비서로사회적협동조합 골목형상점가,골목형상점가,대전광역시,3.0,3.0,,,RESOLVED_AGREEMENT,False,3,,,,
788113109bcf0aece4d8,test,아이스크림,T4 구어·문장,q_아이스크림_03,아이스크림 먹을 데,카페·디저트 중 '아이스크림'을 판매·제공하는 매장,ce9f61db-1ee7-445e-9840-fc60aaad7e50,아이스크림 할인매장,아이스크림 및 잡화,풍암신암상인회 골목형상점가,골목형상점가,광주광역시,3.0,3.0,,,RESOLVED_AGREEMENT,False,3,,,,
9908ea8de139d6bb3728,test,아이스크림,T4 구어·문장,q_아이스크림_03,아이스크림 먹을 데,카페·디저트 중 '아이스크림'을 판매·제공하는 매장,1532f8f0-10b9-42d7-922d-c5fb2be269bf,아이스크림 다있어,"아이스크림, 과자",양산동일신아파트 골목형상점가,골목형상점가,광주광역시,3.0,3.0,,,RESOLVED_AGREEMENT,False,3,,,,
f0ce22a3b5d2a8de521b,test,아이스크림,T4 구어·문장,q_아이스크림_03,아이스크림 먹을 데,카페·디저트 중 '아이스크림'을 판매·제공하는 매장,d77ec76a-1d48-4f5e-a619-e949ec940289,아이스크림,아이스크림 과자 음료수,나릿재마크원 골목형상점가,골목형상점가,세종특별자치시,3.0,3.0,,,RESOLVED_AGREEMENT,False,3,,,,
cdbd0ff45c2b91ffc67b,test,아이스크림,T4 구어·문장,q_아이스크림_03,아이스크림 먹을 데,카페·디저트 중 '아이스크림'을 판매·제공하는 매장,c6cd7e6d-b8f4-41d3-8d34-711d12318944,아이스크림 990원 빵,아이스크림 빵 과자,대신시장,전통시장,서울특별시,3.0,3.0,,,RESOLVED_AGREEMENT,False,3,,,,
c015736d994eec7fcf8f,test,아이스크림,T4 구어·문장,q_아이스크림_03,아이스크림 먹을 데,카페·디저트 중 '아이스크림'을 판매·제공하는 매장,d9a89d5f-2df9-4701-99ff-691e0cc643f3,노마진 아이스크림 통영점,아이스크림,통영 북신전통시장,전통시장,경상남도,3.0,3.0,,,RESOLVED_AGREEMENT,False,3,,,,
b13fbfa532964b962b96,test,아이스크림,T4 구어·문장,q_아이스크림_03,아이스크림 먹을 데,카페·디저트 중 '아이스크림'을 판매·제공하는 매장,93fe52d4-464d-408c-a8ae-65701581baac,아이스크림저장소 본점,아이스크림,백석한들1번가 골목형상점가,골목형상점가,충청남도,3.0,3.0,,,RESOLVED_AGREEMENT,False,3,,,,
404c156fa49d1c637405,test,아이스크림,T4 구어·문장,q_아이스크림_03,아이스크림 먹을 데,카페·디저트 중 '아이스크림'을 판매·제공하는 매장,0d7a6368-982e-44b8-b4bb-1bea82c5a338,아이스크림 마을,아이스크림,호매실역중심상가 골목형상점가,골목형상점가,경기도,3.0,3.0,,,RESOLVED_AGREEMENT,False,3,,,,
56c0b1a4f202ca634f7e,test,아이스크림,T4 구어·문장,q_아이스크림_03,아이스크림 먹을 데,카페·디저트 중 '아이스크림'을 판매·제공하는 매장,0dc582ff-8c3c-4996-91a2-458bc7a563f4,아이스크림 러버,,방배카페골목 골목형상점가,골목형상점가,서울특별시,3.0,3.0,,,RESOLVED_AGREEMENT,False,3,,,,
e1af7a95f1107d087741,test,아이스크림,T4 구어·문장,q_아이스크림_03,아이스크림 먹을 데,카페·디저트 중 '아이스크림'을 판매·제공하는 매장,35d4161b-3516-4041-9e33-ef4f2687b86e,아이스랜드,아이스크림,아름다운별장거리골목형상점가,골목형상점가,서울특별시,3.0,3.0,,,RESOLVED_AGREEMENT,False,3,,,,
57a58461599fa6e63a07,test,아이스크림,T4 구어·문장,q_아이스크림_03,아이스크림 먹을 데,카페·디저트 중 '아이스크림'을 판매·제공하는 매장,00e24176-795e-4e89-826c-c440bb158010,요거트퍼플 고양화정점,아이스크림,화정문화의거리 골목형상점가,골목형상점가,경기도,3.0,3.0,,,RESOLVED_AGREEMENT,False,3,,,,
4f7ffc309564926f27d4,test,아이스크림,T4 구어·문장,q_아이스크림_03,아이스크림 먹을 데,카페·디저트 중 '아이스크림'을 판매·제공하는 매장,fa0fb8c4-2d68-4160-90e8-7fa7a5698c12,커피 앤 아이스크림,,승달 골목형상점가,골목형상점가,,3.0,3.0,,,RESOLVED_AGREEMENT,False,3,,,,
e08bb971984f2683cafe,test,아이스크림,T4 구어·문장,q_아이스크림_03,아이스크림 먹을 데,카페·디저트 중 '아이스크림'을 판매·제공하는 매장,b181af84-5425-464b-b608-6037fc841e99,플랑크톤,아이스크림,LC타워거리 골목형상점가,골목형상점가,광주광역시,3.0,3.0,,,RESOLVED_AGREEMENT,False,3,,,,
5650f0a26023e6df4a65,test,아이스크림,T4 구어·문장,q_아이스크림_03,아이스크림 먹을 데,카페·디저트 중 '아이스크림'을 판매·제공하는 매장,00bf15c0-0f81-4da4-b79f-86e400e010d2,아이스크림스토리 미사효성해링턴점,아이스크림,미사강변 골목형상점가,골목형상점가,경기도,3.0,3.0,,,RESOLVED_AGREEMENT,False,3,,,,
6f04f5c0485f25b6591b,test,아이스크림,T4 구어·문장,q_아이스크림_03,아이스크림 먹을 데,카페·디저트 중 '아이스크림'을 판매·제공하는 매장,16a3e56a-76ca-4f22-863f-133e6bc33679,아이스크림,음식점,하동 화개장터,전통시장,경상남도,2.0,3.0,,,P2_GRADED_ONLY,True,,,,,
70d2af26599d024e94c4,test,아이스크림,T4 구어·문장,q_아이스크림_03,아이스크림 먹을 데,카페·디저트 중 '아이스크림'을 판매·제공하는 매장,1997870e-cfbc-4cc1-977d-d5a57b5c0944,아크죠 아이스크림 할인점,아이스크림 과자,청량리수산시장,전통시장,서울특별시,3.0,3.0,,,RESOLVED_AGREEMENT,False,3,,,,
02cc581c3830c639c4d7,test,아이스크림,T4 구어·문장,q_아이스크림_03,아이스크림 먹을 데,카페·디저트 중 '아이스크림'을 판매·제공하는 매장,87a1345d-cd8f-4c19-81b8-0e8f70fcf866,아이스크림 할인점,아이스크림 및 과자,매곡 가인 골목형상점가,골목형상점가,광주광역시,3.0,3.0,,,RESOLVED_AGREEMENT,False,3,,,,
3924c85fadf74ce8a709,test,아이스크림,T4 구어·문장,q_아이스크림_03,아이스크림 먹을 데,카페·디저트 중 '아이스크림'을 판매·제공하는 매장,f6578ffe-35d3-4159-825c-f5c59a3d83b5,아이스 빙과,아이스크림,금호사랑 상인회 골목형상점가,골목형상점가,전라남도,3.0,3.0,,,RESOLVED_AGREEMENT,False,3,,,,
88cd5b05bb3ccdb8782d,test,아이스크림,T4 구어·문장,q_아이스크림_03,아이스크림 먹을 데,카페·디저트 중 '아이스크림'을 판매·제공하는 매장,67456652-ae37-413f-be89-46afd2a6094f,치치퐁,아이스크림,모슬포 중앙시장,전통시장,제주특별자치도,3.0,3.0,,,RESOLVED_AGREEMENT,False,3,,,,
0f4e2ea852660f2d2a7b,test,아이스크림,T4 구어·문장,q_아이스크림_03,아이스크림 먹을 데,카페·디저트 중 '아이스크림'을 판매·제공하는 매장,e048d001-ece8-4fe6-9022-ad7ca47826e9,아이스크림 마트,아이스크림,문흥2동 골목형상점가,골목형상점가,광주광역시,3.0,3.0,,,RESOLVED_AGREEMENT,False,3,,,,
2ac1fe7a0122d5d5173e,test,아이스크림,T4 구어·문장,q_아이스크림_03,아이스크림 먹을 데,카페·디저트 중 '아이스크림'을 판매·제공하는 매장,491c98c4-f88c-403f-8e25-0d7fa8d559cb,전주한옥마을아이스크림,아이스크림,전주한옥마을 골목형상점가,골목형상점가,전북특별자치도,3.0,3.0,,,RESOLVED_AGREEMENT,False,3,,,,
6a34840eeae610d28adf,test,아이스크림,T4 구어·문장,q_아이스크림_03,아이스크림 먹을 데,카페·디저트 중 '아이스크림'을 판매·제공하는 매장,2594b65d-a1b8-4865-99f9-b01b4d07bb65,송도화장품,화장품,송도역전시장,전통시장,인천광역시,0.0,0.0,,,RESOLVED_AGREEMENT,False,0,,,,
5e03543b3ac1d0e7d7ab,test,아이스크림,T4 구어·문장,q_아이스크림_03,아이스크림 먹을 데,카페·디저트 중 '아이스크림'을 판매·제공하는 매장,da0e6196-3ceb-4b2d-a236-5877024635b1,메리엘스 아이스크림,아이스크림,대전아이파크시티 골목형상점가,골목형상점가,대전광역시,3.0,3.0,,,RESOLVED_AGREEMENT,False,3,,,,
b9828387645f3016103f,test,아이스크림,T4 구어·문장,q_아이스크림_03,아이스크림 먹을 데,카페·디저트 중 '아이스크림'을 판매·제공하는 매장,0313ac7b-2bcf-483f-8f18-e2257086c876,더까까주까,아이스크림,나성BRT 골목형상점가,골목형상점가,세종특별자치시,3.0,3.0,,,RESOLVED_AGREEMENT,False,3,,,,
972b52156b29e1edefcb,test,아이스크림,T4 구어·문장,q_아이스크림_03,아이스크림 먹을 데,카페·디저트 중 '아이스크림'을 판매·제공하는 매장,fb920894-12bc-4843-b272-508c9c06dd4a,푸우 아이스크림,아이스크림 붕어빵,금암중심상가 골목형상점가,골목형상점가,경기도,3.0,3.0,,,RESOLVED_AGREEMENT,False,3,,,,
daf403f584876b806c15,test,아이스크림,T4 구어·문장,q_아이스크림_03,아이스크림 먹을 데,카페·디저트 중 '아이스크림'을 판매·제공하는 매장,2a40f421-c1f9-42a6-ab0c-5680fd7cfe60,비나이다,"커피, 디저트",대구예전우시장,전통시장,대구광역시,1.0,2.0,,,P1_BINARY_THRESHOLD,True,,,,,
8107f28d16a4a1f1805e,test,아이스크림,T4 구어·문장,q_아이스크림_04,아이스크림 파는 곳,카페·디저트 중 '아이스크림'을 판매·제공하는 매장,480d24c1-b219-4717-86a1-06c24a02cd2b,아이스크림하우스,과자 아이스크림,별양동상점가,자율상권구역,경기도,3.0,3.0,,,RESOLVED_AGREEMENT,False,3,,,,
19550876202ea4db89a8,test,아이스크림,T4 구어·문장,q_아이스크림_04,아이스크림 파는 곳,카페·디저트 중 '아이스크림'을 판매·제공하는 매장,aefacf1e-f73e-4555-b81f-5df7ccdd0f5f,글라쇼,아이스크림,더센트럴 골목형상점가,골목형상점가,세종특별자치시,3.0,3.0,,,RESOLVED_AGREEMENT,False,3,,,,
a05d5d10f03630d14a2c,test,아이스크림,T4 구어·문장,q_아이스크림_04,아이스크림 파는 곳,카페·디저트 중 '아이스크림'을 판매·제공하는 매장,87a1345d-cd8f-4c19-81b8-0e8f70fcf866,아이스크림 할인점,아이스크림 및 과자,매곡 가인 골목형상점가,골목형상점가,광주광역시,3.0,3.0,,,RESOLVED_AGREEMENT,False,3,,,,
65542595636ff3a6a903,test,아이스크림,T4 구어·문장,q_아이스크림_04,아이스크림 파는 곳,카페·디저트 중 '아이스크림'을 판매·제공하는 매장,3bf47607-965f-4657-867c-62774bf9933b,아붕,아이스크림,북촌계동길골목형상점가,골목형상점가,서울특별시,3.0,3.0,,,RESOLVED_AGREEMENT,False,3,,,,
07650363c4cdb4d266f8,test,아이스크림,T4 구어·문장,q_아이스크림_04,아이스크림 파는 곳,카페·디저트 중 '아이스크림'을 판매·제공하는 매장,c79383f1-0950-4142-ae8b-85bc107ecbf7,헐타상회,과일,보수종합시장,전통시장,부산광역시,0.0,0.0,,,RESOLVED_AGREEMENT,False,0,,,,
46de377c5616a6b77955,test,아이스크림,T4 구어·문장,q_아이스크림_04,아이스크림 파는 곳,카페·디저트 중 '아이스크림'을 판매·제공하는 매장,218814ce-cb51-4ca1-a546-3f300f732170,아이스크림 할인점,아이스크림 과자류,쌍촌로상인회 골목형상점가,골목형상점가,광주광역시,3.0,3.0,,,RESOLVED_AGREEMENT,False,3,,,,
9a3a2dd72959f1dee8ac,test,아이스크림,T4 구어·문장,q_아이스크림_04,아이스크림 파는 곳,카페·디저트 중 '아이스크림'을 판매·제공하는 매장,0b327f59-5911-44e9-8774-f3d96bf7716b,삼우고무,신발,천안중앙시장,전통시장,충청남도,0.0,0.0,,,RESOLVED_AGREEMENT,False,0,,,,
604bb6245f9dbf5c1abf,test,아이스크림,T4 구어·문장,q_아이스크림_04,아이스크림 파는 곳,카페·디저트 중 '아이스크림'을 판매·제공하는 매장,337ff432-40f8-4a74-8e85-822cb2973097,요맛,아이스크림,늘솔길상인회 골목형상점가,골목형상점가,광주광역시,3.0,3.0,,,RESOLVED_AGREEMENT,False,3,,,,
78ee4c123221220872ac,test,아이스크림,T4 구어·문장,q_아이스크림_04,아이스크림 파는 곳,카페·디저트 중 '아이스크림'을 판매·제공하는 매장,d77ec76a-1d48-4f5e-a619-e949ec940289,아이스크림,아이스크림 과자 음료수,나릿재마크원 골목형상점가,골목형상점가,세종특별자치시,3.0,3.0,,,RESOLVED_AGREEMENT,False,3,,,,
1ca12c1d828d2566aefb,test,아이스크림,T4 구어·문장,q_아이스크림_04,아이스크림 파는 곳,카페·디저트 중 '아이스크림'을 판매·제공하는 매장,118805a0-52c8-42d1-bf26-664b5312c3e6,아이스크림 할인점,아이스크림 과자,우미린상가,골목형상점가,전라남도,3.0,3.0,,,RESOLVED_AGREEMENT,False,3,,,,
9a524f8af2f9c8a32bcd,test,아이스크림,T4 구어·문장,q_아이스크림_04,아이스크림 파는 곳,카페·디저트 중 '아이스크림'을 판매·제공하는 매장,f6578ffe-35d3-4159-825c-f5c59a3d83b5,아이스 빙과,아이스크림,금호사랑 상인회 골목형상점가,골목형상점가,전라남도,3.0,3.0,,,RESOLVED_AGREEMENT,False,3,,,,
ba850e4d3fef4a11ba6a,test,아이스크림,T4 구어·문장,q_아이스크림_04,아이스크림 파는 곳,카페·디저트 중 '아이스크림'을 판매·제공하는 매장,1a4ca19d-1be3-42ab-ab42-4b6f164cdfc3,요거저거,아이스크림,송죽솔대 골목형상점가,골목형상점가,경기도,3.0,3.0,,,RESOLVED_AGREEMENT,False,3,,,,
feb6ecb90952086ea937,test,아이스크림,T4 구어·문장,q_아이스크림_04,아이스크림 파는 곳,카페·디저트 중 '아이스크림'을 판매·제공하는 매장,b0741ffd-d17f-4ee1-ac61-46842169ec76,달시 아이스크림,아이스크림,세종 반딧불 골목형상점가,골목형상점가,세종특별자치시,3.0,3.0,,,RESOLVED_AGREEMENT,False,3,,,,
4812d917d6c13f0ce398,test,아이스크림,T4 구어·문장,q_아이스크림_04,아이스크림 파는 곳,카페·디저트 중 '아이스크림'을 판매·제공하는 매장,65b80261-f2cf-4710-95fc-effd63ee610e,아로카,아이스크림,단양구경시장(단양인정시장),전통시장,충청북도,3.0,3.0,,,RESOLVED_AGREEMENT,False,3,,,,
4ceb3d90df697f147392,test,아이스크림,T4 구어·문장,q_아이스크림_04,아이스크림 파는 곳,카페·디저트 중 '아이스크림'을 판매·제공하는 매장,141d4a90-41cc-4fd8-9f2b-fe8f91b8540b,서빙고 아이스크림,아이스크림,선교지구 골목형상점가,골목형상점가,광주광역시,3.0,3.0,,,RESOLVED_AGREEMENT,False,3,,,,
ef2d78679eb4b287ab4b,test,아이스크림,T4 구어·문장,q_아이스크림_04,아이스크림 파는 곳,카페·디저트 중 '아이스크림'을 판매·제공하는 매장,5fd987cd-cfad-4603-a7c2-89575a0c7e75,오렌지,잡화,부평종합시장,전통시장,인천광역시,0.0,0.0,,,RESOLVED_AGREEMENT,False,0,,,,
35222373eb980a010196,test,아이스크림,T4 구어·문장,q_아이스크림_04,아이스크림 파는 곳,카페·디저트 중 '아이스크림'을 판매·제공하는 매장,2be44ed2-b665-402c-8379-53f07827949f,아이스크림의유래,아이스크림,새호반 골목형상점가,골목형상점가,세종특별자치시,3.0,3.0,,,RESOLVED_AGREEMENT,False,3,,,,
c9f49fb212963ee537b5,test,아이스크림,T4 구어·문장,q_아이스크림_04,아이스크림 파는 곳,카페·디저트 중 '아이스크림'을 판매·제공하는 매장,46f2fefd-cbf5-45a0-b5e7-bc40a8d89b6d,아이스크림할인점,아이스크림,매탄 임광상가 골목형상점가,골목형상점가,경기도,3.0,3.0,,,RESOLVED_AGREEMENT,False,3,,,,
0f79f0907ac75f19d92b,test,아이스크림,T4 구어·문장,q_아이스크림_04,아이스크림 파는 곳,카페·디저트 중 '아이스크림'을 판매·제공하는 매장,d8a4d6a8-fa34-47b5-a25f-3d818a44e257,컵앤콘,아이스크림,충주무학시장,전통시장,충청북도,3.0,3.0,,,RESOLVED_AGREEMENT,False,3,,,,
117469dbe390822cfb70,test,아이스크림,T4 구어·문장,q_아이스크림_04,아이스크림 파는 곳,카페·디저트 중 '아이스크림'을 판매·제공하는 매장,730d85e4-0e6a-4010-9778-72962985b390,대창주유소,유류,함평천지 골목형상점가,골목형상점가,전라남도,0.0,0.0,,,RESOLVED_AGREEMENT,False,0,,,,
0e04be75e16f53a51345,test,아이스크림,T4 구어·문장,q_아이스크림_04,아이스크림 파는 곳,카페·디저트 중 '아이스크림'을 판매·제공하는 매장,ce9f61db-1ee7-445e-9840-fc60aaad7e50,아이스크림 할인매장,아이스크림 및 잡화,풍암신암상인회 골목형상점가,골목형상점가,광주광역시,3.0,3.0,,,RESOLVED_AGREEMENT,False,3,,,,
754a6dad496ee5dc3e32,test,아이스크림,T4 구어·문장,q_아이스크림_04,아이스크림 파는 곳,카페·디저트 중 '아이스크림'을 판매·제공하는 매장,fb920894-12bc-4843-b272-508c9c06dd4a,푸우 아이스크림,아이스크림 붕어빵,금암중심상가 골목형상점가,골목형상점가,경기도,3.0,3.0,,,RESOLVED_AGREEMENT,False,3,,,,
a286edc276807bd2e67a,test,아이스크림,T4 구어·문장,q_아이스크림_04,아이스크림 파는 곳,카페·디저트 중 '아이스크림'을 판매·제공하는 매장,c6af48f6-ce10-4aa6-afd6-6a168b2f9276,노마진아이스크림,아이스크림,결초보은시장(구 보은종합시장),전통시장,충청북도,3.0,3.0,,,RESOLVED_AGREEMENT,False,3,,,,
ea66a75b5ce1ce438fe7,test,아이스크림,T4 구어·문장,q_아이스크림_04,아이스크림 파는 곳,카페·디저트 중 '아이스크림'을 판매·제공하는 매장,fa0fb8c4-2d68-4160-90e8-7fa7a5698c12,커피 앤 아이스크림,,승달 골목형상점가,골목형상점가,,3.0,3.0,,,RESOLVED_AGREEMENT,False,3,,,,
7fa1129ee00f0ef16fe1,test,아이스크림,T4 구어·문장,q_아이스크림_04,아이스크림 파는 곳,카페·디저트 중 '아이스크림'을 판매·제공하는 매장,eaa6e88c-c6da-4054-91fa-4ed0d1424c99,낙지마당,낙지요리,별양동상점가,자율상권구역,경기도,0.0,0.0,,,RESOLVED_AGREEMENT,False,0,,,,
0db842282c9b3da8b6e2,test,아이스크림,T4 구어·문장,q_아이스크림_04,아이스크림 파는 곳,카페·디저트 중 '아이스크림'을 판매·제공하는 매장,d9a89d5f-2df9-4701-99ff-691e0cc643f3,노마진 아이스크림 통영점,아이스크림,통영 북신전통시장,전통시장,경상남도,3.0,3.0,,,RESOLVED_AGREEMENT,False,3,,,,
febd9c25e5cf192aa697,test,아이스크림,T4 구어·문장,q_아이스크림_04,아이스크림 파는 곳,카페·디저트 중 '아이스크림'을 판매·제공하는 매장,b1e72c5c-3483-4476-b88e-6461ff5842ea,아이러브 아이스크림,"아이스크림, 문구",매봉 골목형상점가,골목형상점가,광주광역시,3.0,3.0,,,RESOLVED_AGREEMENT,False,3,,,,
32f0cd8b85874206053e,test,아이스크림,T4 구어·문장,q_아이스크림_04,아이스크림 파는 곳,카페·디저트 중 '아이스크림'을 판매·제공하는 매장,c6cd7e6d-b8f4-41d3-8d34-711d12318944,아이스크림 990원 빵,아이스크림 빵 과자,대신시장,전통시장,서울특별시,3.0,3.0,,,RESOLVED_AGREEMENT,False,3,,,,
c5d4c3d64237ba608755,test,아이스크림,T4 구어·문장,q_아이스크림_04,아이스크림 파는 곳,카페·디저트 중 '아이스크림'을 판매·제공하는 매장,20440c05-0f5c-478e-98b1-ffe252282c5c,얼음왕국 아이스크림 할인점,아이스크림,은구비서로사회적협동조합 골목형상점가,골목형상점가,대전광역시,3.0,3.0,,,RESOLVED_AGREEMENT,False,3,,,,
98dd3343840743f7f511,test,아이스크림,T4 구어·문장,q_아이스크림_04,아이스크림 파는 곳,카페·디저트 중 '아이스크림'을 판매·제공하는 매장,16a3e56a-76ca-4f22-863f-133e6bc33679,아이스크림,음식점,하동 화개장터,전통시장,경상남도,2.0,3.0,,,P2_GRADED_ONLY,True,,,,,
3d4c8aaf7a2b0c7073c1,test,아이스크림,T4 구어·문장,q_아이스크림_04,아이스크림 파는 곳,카페·디저트 중 '아이스크림'을 판매·제공하는 매장,491c98c4-f88c-403f-8e25-0d7fa8d559cb,전주한옥마을아이스크림,아이스크림,전주한옥마을 골목형상점가,골목형상점가,전북특별자치도,3.0,3.0,,,RESOLVED_AGREEMENT,False,3,,,,
e2a8d303c8b81a92c238,test,아이스크림,T4 구어·문장,q_아이스크림_04,아이스크림 파는 곳,카페·디저트 중 '아이스크림'을 판매·제공하는 매장,e048d001-ece8-4fe6-9022-ad7ca47826e9,아이스크림 마트,아이스크림,문흥2동 골목형상점가,골목형상점가,광주광역시,3.0,3.0,,,RESOLVED_AGREEMENT,False,3,,,,
768d675aabc93a2d39c9,test,아이스크림,T4 구어·문장,q_아이스크림_04,아이스크림 파는 곳,카페·디저트 중 '아이스크림'을 판매·제공하는 매장,2b947da4-fa95-41fd-8905-53dff2db4a7b,라하네아이스크림,아이스크림 및 과자류,우산행복주택,골목형상점가,광주광역시,3.0,3.0,,,RESOLVED_AGREEMENT,False,3,,,,
d1b88fca2fa0a95b8ae8,test,아이스크림,T4 구어·문장,q_아이스크림_04,아이스크림 파는 곳,카페·디저트 중 '아이스크림'을 판매·제공하는 매장,09a44913-e98f-4dc0-9cbe-4913f4bdaa32,아스(아이스크림스토리),아이스크림,삼호읍 중앙 골목형상점가,골목형상점가,전라남도,3.0,3.0,,,RESOLVED_AGREEMENT,False,3,,,,
1246bf59f5695821a007,test,아이스크림,T4 구어·문장,q_아이스크림_04,아이스크림 파는 곳,카페·디저트 중 '아이스크림'을 판매·제공하는 매장,0151a644-5334-41e3-9673-7fba6e1e423d,베스킨라빈스 양평시장점,아이스크림,양평물맑은시장,전통시장,경기도,3.0,3.0,,,RESOLVED_AGREEMENT,False,3,,,,
08c0268d377cea819d3d,test,아이스크림,T4 구어·문장,q_아이스크림_04,아이스크림 파는 곳,카페·디저트 중 '아이스크림'을 판매·제공하는 매장,c47df20f-3861-41f3-b8f9-5a5581275449,통쿨,아이스크림,중리시장,전통시장,대전광역시,3.0,3.0,,,RESOLVED_AGREEMENT,False,3,,,,
0085fa056ef00c9a99dc,test,아이스크림,T4 구어·문장,q_아이스크림_04,아이스크림 파는 곳,카페·디저트 중 '아이스크림'을 판매·제공하는 매장,35d4161b-3516-4041-9e33-ef4f2687b86e,아이스랜드,아이스크림,아름다운별장거리골목형상점가,골목형상점가,서울특별시,3.0,3.0,,,RESOLVED_AGREEMENT,False,3,,,,
2f38fafb86bef8f4f5ab,test,아이스크림,T4 구어·문장,q_아이스크림_04,아이스크림 파는 곳,카페·디저트 중 '아이스크림'을 판매·제공하는 매장,67456652-ae37-413f-be89-46afd2a6094f,치치퐁,아이스크림,모슬포 중앙시장,전통시장,제주특별자치도,3.0,3.0,,,RESOLVED_AGREEMENT,False,3,,,,
5720815425d6c43c7b71,test,아이스크림,T4 구어·문장,q_아이스크림_04,아이스크림 파는 곳,카페·디저트 중 '아이스크림'을 판매·제공하는 매장,ac6f2bb5-2dba-4c26-b657-12f1314c1b1b,포항건어물,건어물,포항죽도시장,전통시장,경상북도,0.0,0.0,,,RESOLVED_AGREEMENT,False,0,,,,
0aeb331aa80f564da73a,test,아이스크림,T4 구어·문장,q_아이스크림_04,아이스크림 파는 곳,카페·디저트 중 '아이스크림'을 판매·제공하는 매장,5eb43fac-babe-474c-af6c-41cdd7e1731c,아이스베리,아이스크림,천호로데오거리상점가,자율상권구역,서울특별시,3.0,3.0,,,RESOLVED_AGREEMENT,False,3,,,,
84aa0f1b8d7b372a2fc3,test,아이스크림,T4 구어·문장,q_아이스크림_04,아이스크림 파는 곳,카페·디저트 중 '아이스크림'을 판매·제공하는 매장,02c6f507-3bec-4c43-9d26-d6ef79c1226b,애니타임 선부역점,아이스크림 등,선부광장로상점가,자율상권구역,경기도,3.0,3.0,,,RESOLVED_AGREEMENT,False,3,,,,
0e601a4754ff11e6dcf9,test,아이스크림,T4 구어·문장,q_아이스크림_04,아이스크림 파는 곳,카페·디저트 중 '아이스크림'을 판매·제공하는 매장,1485d0e0-084e-42a9-80d0-c98820d3e20f,드림식자재아이스크림,아이스크림,화정동 서부시장,전통시장,광주광역시,3.0,3.0,,,RESOLVED_AGREEMENT,False,3,,,,
f7e6e65a37cbcb76df34,test,아이스크림,T4 구어·문장,q_아이스크림_04,아이스크림 파는 곳,카페·디저트 중 '아이스크림'을 판매·제공하는 매장,b257eb6d-e965-4d67-8232-642ed3f3d66c,아이스크림전문점,아이스크림,상주남성시장,전통시장,경상북도,3.0,3.0,,,RESOLVED_AGREEMENT,False,3,,,,
6097068be664c9ae9728,test,아이스크림,T4 구어·문장,q_아이스크림_04,아이스크림 파는 곳,카페·디저트 중 '아이스크림'을 판매·제공하는 매장,3448f0cb-ca72-4675-8fd2-8a080683aa1a,푸라닭 나주혁신도시점,치킨,빛가람 로데오 골목형상점가,골목형상점가,전라남도,0.0,0.0,,,RESOLVED_AGREEMENT,False,0,,,,
133bd50d6ecd8c985baa,test,아이스크림,T4 구어·문장,q_아이스크림_04,아이스크림 파는 곳,카페·디저트 중 '아이스크림'을 판매·제공하는 매장,0dc582ff-8c3c-4996-91a2-458bc7a563f4,아이스크림 러버,,방배카페골목 골목형상점가,골목형상점가,서울특별시,3.0,3.0,,,RESOLVED_AGREEMENT,False,3,,,,
90485edc587f2a26732e,test,아이스크림,T4 구어·문장,q_아이스크림_04,아이스크림 파는 곳,카페·디저트 중 '아이스크림'을 판매·제공하는 매장,b181af84-5425-464b-b608-6037fc841e99,플랑크톤,아이스크림,LC타워거리 골목형상점가,골목형상점가,광주광역시,3.0,3.0,,,RESOLVED_AGREEMENT,False,3,,,,
33f7911144b1b27b2448,test,아이스크림,T4 구어·문장,q_아이스크림_04,아이스크림 파는 곳,카페·디저트 중 '아이스크림'을 판매·제공하는 매장,264db792-8a16-481e-82c3-5ad89795fd51,아이스월드,아이스크림,송죽솔대 골목형상점가,골목형상점가,경기도,3.0,3.0,,,RESOLVED_AGREEMENT,False,3,,,,
f00f810b6c1558a82d7f,test,아이스크림,T4 구어·문장,q_아이스크림_04,아이스크림 파는 곳,카페·디저트 중 '아이스크림'을 판매·제공하는 매장,9f1419c5-cafd-4a37-b822-858437911d26,아이스마트,아이스크림,창원 대동중앙상가,전통시장,경상남도,3.0,3.0,,,RESOLVED_AGREEMENT,False,3,,,,
29d922e71acf3aa5f390,test,아이스크림,T4 구어·문장,q_아이스크림_04,아이스크림 파는 곳,카페·디저트 중 '아이스크림'을 판매·제공하는 매장,82556a5d-dd06-4bae-9852-4d5d28137ad2,별별마트,아이스크림,솔샘시장 골목형상점가,골목형상점가,서울특별시,3.0,3.0,,,RESOLVED_AGREEMENT,False,3,,,,
d6b3075df1128ee39713,test,아이스크림,T4 구어·문장,q_아이스크림_04,아이스크림 파는 곳,카페·디저트 중 '아이스크림'을 판매·제공하는 매장,ac6d572a-6bca-4846-aa80-d75db51e57b7,뉴아이스께끼공장,아이스크림,성대시장골목형상점가,골목형상점가,서울특별시,3.0,3.0,,,RESOLVED_AGREEMENT,False,3,,,,
178aad4188d349595d1c,test,아이스크림,T4 구어·문장,q_아이스크림_04,아이스크림 파는 곳,카페·디저트 중 '아이스크림'을 판매·제공하는 매장,61c325c4-259e-479e-8bad-2d342f0df064,아이스따봉,아이스크림,왕십리무학봉상점가,자율상권구역,서울특별시,3.0,3.0,,,RESOLVED_AGREEMENT,False,3,,,,
db7d22a30aca45b8ec34,test,아이스크림,T4 구어·문장,q_아이스크림_04,아이스크림 파는 곳,카페·디저트 중 '아이스크림'을 판매·제공하는 매장,c2d31cd0-84de-41b0-be1b-a5b3906e603a,빙점강하력,아이스크림,신흥시장,전통시장,서울특별시,3.0,3.0,,,RESOLVED_AGREEMENT,False,3,,,,
83f928a23075de001c21,test,아이스크림,T4 구어·문장,q_아이스크림_04,아이스크림 파는 곳,카페·디저트 중 '아이스크림'을 판매·제공하는 매장,fc022989-e5f9-45bb-98ed-414169839722,햄즈,아이스크림,불당지웰4블럭 골목형상점가,골목형상점가,충청남도,3.0,3.0,,,RESOLVED_AGREEMENT,False,3,,,,
e4d5393d6e738632e717,test,아이스크림,T4 구어·문장,q_아이스크림_04,아이스크림 파는 곳,카페·디저트 중 '아이스크림'을 판매·제공하는 매장,f8e25b75-c770-4f5e-bed6-933a59fda475,달시24무인아이스크림,아이스크림,새롬BRT 골목형상점가,골목형상점가,세종특별자치시,3.0,3.0,,,RESOLVED_AGREEMENT,False,3,,,,
a7a1bff6e6d2f5cb8c69,test,아이스크림,T4 구어·문장,q_아이스크림_04,아이스크림 파는 곳,카페·디저트 중 '아이스크림'을 판매·제공하는 매장,035d8e83-4955-46ed-9364-7287170ef899,(주)대장종합상사,"키링, 아이스크림, 과자, 생활잡화",나주 영산포 자율상권구역,,전라남도,3.0,3.0,,,RESOLVED_AGREEMENT,False,3,,,,
ad65ab71e65d420e37da,test,아이스크림,T4 구어·문장,q_아이스크림_04,아이스크림 파는 곳,카페·디저트 중 '아이스크림'을 판매·제공하는 매장,da0e6196-3ceb-4b2d-a236-5877024635b1,메리엘스 아이스크림,아이스크림,대전아이파크시티 골목형상점가,골목형상점가,대전광역시,3.0,3.0,,,RESOLVED_AGREEMENT,False,3,,,,
08e922873d952074ef7d,test,아이스크림,T4 구어·문장,q_아이스크림_04,아이스크림 파는 곳,카페·디저트 중 '아이스크림'을 판매·제공하는 매장,00bf15c0-0f81-4da4-b79f-86e400e010d2,아이스크림스토리 미사효성해링턴점,아이스크림,미사강변 골목형상점가,골목형상점가,경기도,3.0,3.0,,,RESOLVED_AGREEMENT,False,3,,,,
56e391a6ec7ae0279122,test,아이스크림,T4 구어·문장,q_아이스크림_04,아이스크림 파는 곳,카페·디저트 중 '아이스크림'을 판매·제공하는 매장,0d7a6368-982e-44b8-b4bb-1bea82c5a338,아이스크림 마을,아이스크림,호매실역중심상가 골목형상점가,골목형상점가,경기도,3.0,3.0,,,RESOLVED_AGREEMENT,False,3,,,,
02272de952ecdf93ccf5,test,아이스크림,T4 구어·문장,q_아이스크림_04,아이스크림 파는 곳,카페·디저트 중 '아이스크림'을 판매·제공하는 매장,00e24176-795e-4e89-826c-c440bb158010,요거트퍼플 고양화정점,아이스크림,화정문화의거리 골목형상점가,골목형상점가,경기도,3.0,3.0,,,RESOLVED_AGREEMENT,False,3,,,,
dc200e1f8aeb7313e8c4,test,아이스크림,T4 구어·문장,q_아이스크림_04,아이스크림 파는 곳,카페·디저트 중 '아이스크림'을 판매·제공하는 매장,5be18d65-e639-443e-a702-3306ce9f40b1,파라곤 아이스크림,,고운마음 골목형상점가,골목형상점가,세종특별자치시,3.0,3.0,,,RESOLVED_AGREEMENT,False,3,,,,
3f380e06a5e17c27358b,test,아이스크림,T4 구어·문장,q_아이스크림_04,아이스크림 파는 곳,카페·디저트 중 '아이스크림'을 판매·제공하는 매장,6a30c197-27e0-4af5-8577-f8c169c49c78,아짱,아이스크림,오치서산초 골목형상점가,골목형상점가,광주광역시,3.0,3.0,,,RESOLVED_AGREEMENT,False,3,,,,
536fe2123b53f45835cd,test,아이스크림,T4 구어·문장,q_아이스크림_04,아이스크림 파는 곳,카페·디저트 중 '아이스크림'을 판매·제공하는 매장,1997870e-cfbc-4cc1-977d-d5a57b5c0944,아크죠 아이스크림 할인점,아이스크림 과자,청량리수산시장,전통시장,서울특별시,3.0,3.0,,,RESOLVED_AGREEMENT,False,3,,,,
474d54f3cdd8d47b360f,test,아이스크림,T4 구어·문장,q_아이스크림_04,아이스크림 파는 곳,카페·디저트 중 '아이스크림'을 판매·제공하는 매장,8d64ae90-35bb-4fa2-83ac-1c9385645c11,삼성컴퓨터랜드,컴퓨터및전산소모품,느다리 골목형상점가,골목형상점가,대전광역시,0.0,0.0,,,RESOLVED_AGREEMENT,False,0,,,,
d64d39e50dc66975cb07,test,아이스크림,T4 구어·문장,q_아이스크림_04,아이스크림 파는 곳,카페·디저트 중 '아이스크림'을 판매·제공하는 매장,93fe52d4-464d-408c-a8ae-65701581baac,아이스크림저장소 본점,아이스크림,백석한들1번가 골목형상점가,골목형상점가,충청남도,3.0,3.0,,,RESOLVED_AGREEMENT,False,3,,,,
daa6b1c23182642f82ca,test,아이스크림,T4 구어·문장,q_아이스크림_04,아이스크림 파는 곳,카페·디저트 중 '아이스크림'을 판매·제공하는 매장,0313ac7b-2bcf-483f-8f18-e2257086c876,더까까주까,아이스크림,나성BRT 골목형상점가,골목형상점가,세종특별자치시,3.0,3.0,,,RESOLVED_AGREEMENT,False,3,,,,
d05b2c95e19edda5e866,test,아이스크림,T4 구어·문장,q_아이스크림_04,아이스크림 파는 곳,카페·디저트 중 '아이스크림'을 판매·제공하는 매장,c5ca47aa-6daa-4729-b59d-6a40e7942bae,아이스크림에 빠진 날,아이스크림,공주산성 활성화구역,전통시장,충청남도,3.0,3.0,,,RESOLVED_AGREEMENT,False,3,,,,
3aadeab00707edb0e2f1,test,아이스크림,T4 구어·문장,q_아이스크림_04,아이스크림 파는 곳,카페·디저트 중 '아이스크림'을 판매·제공하는 매장,47092f59-c059-44b7-8798-3176e569cfd0,아이스천국아이스크림,아이스크림 과자 문구 완구,엄사 골목형상점가,골목형상점가,충청남도,3.0,3.0,,,RESOLVED_AGREEMENT,False,3,,,,
56ad6af2fd70642830b6,test,아이스크림,T4 구어·문장,q_아이스크림_04,아이스크림 파는 곳,카페·디저트 중 '아이스크림'을 판매·제공하는 매장,1532f8f0-10b9-42d7-922d-c5fb2be269bf,아이스크림 다있어,"아이스크림, 과자",양산동일신아파트 골목형상점가,골목형상점가,광주광역시,3.0,3.0,,,RESOLVED_AGREEMENT,False,3,,,,
c7348f30883fc57e8b5b,test,아이스크림,T4 구어·문장,q_아이스크림_04,아이스크림 파는 곳,카페·디저트 중 '아이스크림'을 판매·제공하는 매장,b6319b64-8f3f-4170-81eb-3bf115b1cbc9,주월문빵구,아이스크림,주월1동서문대로 골목형상점가,골목형상점가,광주광역시,3.0,3.0,,,RESOLVED_AGREEMENT,False,3,,,,
c31dac9ebb89c79f06db,test,아이스크림,T4 구어·문장,q_아이스크림_04,아이스크림 파는 곳,카페·디저트 중 '아이스크림'을 판매·제공하는 매장,dae43f6e-a99c-45f9-bbd8-54ba99b950f7,아이스까까,아이스크림 등,하남시동석바대상점가,자율상권구역,경기도,3.0,3.0,,,RESOLVED_AGREEMENT,False,3,,,,
ef43a3fc0cccd2e8c8e9,test,아이스크림,T4 구어·문장,q_아이스크림_04,아이스크림 파는 곳,카페·디저트 중 '아이스크림'을 판매·제공하는 매장,84f5b05e-99ce-48f2-adc9-d796e7f99c58,누리스크림,아이스크림,누리종합상가 골목형상점가,골목형상점가,대전광역시,3.0,3.0,,,RESOLVED_AGREEMENT,False,3,,,,
c1cf6734dd5d1bfded61,test,열쇠,T5 서비스,q_열쇠_01,도장 파는 곳,생활서비스 중 '열쇠'를 판매·제공하는 매장,d7621e7c-1845-4bd3-822c-1349a13e5d19,성호사,도장,백년소상공인,기타,대전광역시,3.0,3.0,,,RESOLVED_AGREEMENT,False,3,,,,
87664cbd128ac9a60431,test,열쇠,T5 서비스,q_열쇠_01,도장 파는 곳,생활서비스 중 '열쇠'를 판매·제공하는 매장,a7dea375-93ac-4a00-8711-ff1804294277,대충남상회,채소류,대구청과시장,전통시장,대구광역시,0.0,0.0,,,RESOLVED_AGREEMENT,False,0,,,,
8908e6e962f7c2f65e08,test,열쇠,T5 서비스,q_열쇠_01,도장 파는 곳,생활서비스 중 '열쇠'를 판매·제공하는 매장,532e52cf-8ffa-4b36-a1ed-0dff9faab1a6,국도열쇠,도장,농성누리상인회 골목형상점가,골목형상점가,광주광역시,3.0,3.0,,,RESOLVED_AGREEMENT,False,3,,,,
591848a4b3f011209d84,test,열쇠,T5 서비스,q_열쇠_01,도장 파는 곳,생활서비스 중 '열쇠'를 판매·제공하는 매장,e5ce92a1-3e36-486e-b573-778783ee22a6,"천호컴퓨터열쇠,도장","도장, 열쇠",달서시장,전통시장,대구광역시,3.0,3.0,,,RESOLVED_AGREEMENT,False,3,,,,
80ca77bde835d8fa71ff,test,열쇠,T5 서비스,q_열쇠_01,도장 파는 곳,생활서비스 중 '열쇠'를 판매·제공하는 매장,2743811c-5e71-4d2b-aa75-1b0147d44f2d,사우 꽃이 피는 곳,꽃,김포 풍년마을 골목형상점가,골목형상점가,경기도,0.0,0.0,,,RESOLVED_AGREEMENT,False,0,,,,
91b5d89ba9d4c8264c4a,test,열쇠,T5 서비스,q_열쇠_01,도장 파는 곳,생활서비스 중 '열쇠'를 판매·제공하는 매장,0264d000-4eb1-4469-bf71-fa1cb1da9bee,우리철물,철물,상원시장,전통시장,대구광역시,1.0,2.0,,,P1_BINARY_THRESHOLD,True,,,,,
1eb5dbedfaa86bb96710,test,열쇠,T5 서비스,q_열쇠_01,도장 파는 곳,생활서비스 중 '열쇠'를 판매·제공하는 매장,4699531d-a8b2-45d0-b3d2-b5928a84fae0,금곡열쇠,"열쇠, 도장",주막거리상점가,자율상권구역,경기도,3.0,3.0,,,RESOLVED_AGREEMENT,False,3,,,,
561e1917e3041851af7a,test,열쇠,T5 서비스,q_열쇠_01,도장 파는 곳,생활서비스 중 '열쇠'를 판매·제공하는 매장,07739519-7bd4-4ee9-ba4d-ee8b54e1594b,동성열쇠,"열쇠, 도장",진주 동성상가,전통시장,경상남도,3.0,3.0,,,RESOLVED_AGREEMENT,False,3,,,,
a261be8764942a8c3ea4,test,열쇠,T5 서비스,q_열쇠_01,도장 파는 곳,생활서비스 중 '열쇠'를 판매·제공하는 매장,33d7c040-5ad7-42b2-abe0-7ac738086785,한섬F,도장 고무인 인주관련물품,안골광장 골목형상점가,골목형상점가,전북특별자치도,3.0,3.0,,,RESOLVED_AGREEMENT,False,3,,,,
ad2697af073c281c17a3,test,열쇠,T5 서비스,q_열쇠_01,도장 파는 곳,생활서비스 중 '열쇠'를 판매·제공하는 매장,26f01658-bcec-4f26-9b5e-77690b47af7e,전진열쇠,"열쇠, 도장",일산중앙상점가 골목형상점가,골목형상점가,경기도,3.0,3.0,,,RESOLVED_AGREEMENT,False,3,,,,
11908257c0115482dc26,test,열쇠,T5 서비스,q_열쇠_01,도장 파는 곳,생활서비스 중 '열쇠'를 판매·제공하는 매장,3d6d6b1b-76cd-4375-93e4-484f3031637c,새현당,귀금속 도장 등,밀양 내일전통시장,전통시장,경상남도,3.0,3.0,,,RESOLVED_AGREEMENT,False,3,,,,
a83337ff036116c78ac1,test,열쇠,T5 서비스,q_열쇠_01,도장 파는 곳,생활서비스 중 '열쇠'를 판매·제공하는 매장,64e830e1-e484-46e6-9669-dc43fd7a3d99,서가네,한식,천안역전시장(구 천안역공설시장),전통시장,충청남도,0.0,0.0,,,RESOLVED_AGREEMENT,False,0,,,,
c7fbc2eb8e403b2ba702,test,열쇠,T5 서비스,q_열쇠_01,도장 파는 곳,생활서비스 중 '열쇠'를 판매·제공하는 매장,5723d922-e55c-46bc-a5b9-846ba2afdf5d,커피파는 집,,거제 성포 골목형상점가,골목형상점가,경상남도,0.0,0.0,,,RESOLVED_AGREEMENT,False,0,,,,
8c5087d33605e9b4b28b,test,열쇠,T5 서비스,q_열쇠_01,도장 파는 곳,생활서비스 중 '열쇠'를 판매·제공하는 매장,03b11cc8-b23f-4c62-9fdc-e3fb35350194,경북철물상회,철물,상주남성시장,전통시장,경상북도,1.0,2.0,,,P1_BINARY_THRESHOLD,True,,,,,
70c0f1b66e023f58e5f4,test,열쇠,T5 서비스,q_열쇠_01,도장 파는 곳,생활서비스 중 '열쇠'를 판매·제공하는 매장,5af6d72b-77ad-427c-955f-4257d6265abf,"풍년 도장, 방수","도장공사, 페인트",인후동 삼각지 골목형상점가,골목형상점가,전북특별자치도,3.0,3.0,,,RESOLVED_AGREEMENT,False,3,,,,
5ad49fcf424165ceef8f,test,열쇠,T5 서비스,q_열쇠_01,도장 파는 곳,생활서비스 중 '열쇠'를 판매·제공하는 매장,17180f13-d378-4262-b4ff-2bc900864aae,안전열쇠,"열쇠, 도장",강진중앙로상가,자율상권구역,전라남도,3.0,3.0,,,RESOLVED_AGREEMENT,False,3,,,,
02e11351a74021c13b5c,test,열쇠,T5 서비스,q_열쇠_01,도장 파는 곳,생활서비스 중 '열쇠'를 판매·제공하는 매장,d0d662b4-ab18-45a8-b575-b7c2d8c21020,코오롱열쇠,열쇠 도장,꽃밭정이 골목형상점가,골목형상점가,전북특별자치도,3.0,3.0,,,RESOLVED_AGREEMENT,False,3,,,,
1577afaf7c88941ab3fa,test,열쇠,T5 서비스,q_열쇠_01,도장 파는 곳,생활서비스 중 '열쇠'를 판매·제공하는 매장,c630f7a1-c53d-407c-969a-5e1798328f2c,도장스탬프,도장 구두,반송큰시장,전통시장,부산광역시,3.0,3.0,,,RESOLVED_AGREEMENT,False,3,,,,
6e78410bb188143b2ce1,test,열쇠,T5 서비스,q_열쇠_01,도장 파는 곳,생활서비스 중 '열쇠'를 판매·제공하는 매장,12256fb1-4eed-437f-8847-41350c9f4850,북구열쇠,"도어락, 번호키, 열쇠, 도장",유니온 골목형상점가,골목형상점가,울산광역시,3.0,3.0,,,RESOLVED_AGREEMENT,False,3,,,,
a765b36e6e9f4b96f3b7,test,열쇠,T5 서비스,q_열쇠_01,도장 파는 곳,생활서비스 중 '열쇠'를 판매·제공하는 매장,5e62516a-b2de-49ae-8cd1-b2c70829933c,짱구열쇠 도장,"열쇠, 도장",세류2동 골목형상점가,골목형상점가,경기도,3.0,3.0,,,RESOLVED_AGREEMENT,False,3,,,,
486ce98868210b9d36bb,test,열쇠,T5 서비스,q_열쇠_01,도장 파는 곳,생활서비스 중 '열쇠'를 판매·제공하는 매장,bd68385c-7d1a-43b9-a89a-5f8d8b7760a4,천보당,인장(도장),미금현대벤처빌시장,전통시장,경기도,3.0,3.0,,,RESOLVED_AGREEMENT,False,3,,,,
e72c4ae6b6b79336cdb1,test,열쇠,T5 서비스,q_열쇠_01,도장 파는 곳,생활서비스 중 '열쇠'를 판매·제공하는 매장,9f8b61f8-c2f2-4f18-b9a1-411ad0cacf0e,안성상회,,목포동부시장,전통시장,전라남도,0.0,0.0,,,RESOLVED_AGREEMENT,False,0,,,,
80a7f026757f4d7472a2,test,열쇠,T5 서비스,q_열쇠_01,도장 파는 곳,생활서비스 중 '열쇠'를 판매·제공하는 매장,5c5a453b-2832-4f3c-baa6-c0660abca248,자운 비발디 음악학원,교육서비스,자운대 골목형상점가,골목형상점가,대전광역시,0.0,0.0,,,RESOLVED_AGREEMENT,False,0,,,,
1ee535b3faf6d81335e4,test,열쇠,T5 서비스,q_열쇠_01,도장 파는 곳,생활서비스 중 '열쇠'를 판매·제공하는 매장,cfed7b11-ffc5-4ac6-9988-8fe37206faa7,대지부동산,도장,경창시장,전통시장,서울특별시,3.0,3.0,,,RESOLVED_AGREEMENT,False,3,,,,
381527e6c7c0be09b5e2,test,열쇠,T5 서비스,q_열쇠_01,도장 파는 곳,생활서비스 중 '열쇠'를 판매·제공하는 매장,082bd5d0-3e77-4ac5-ac99-ca10324caa9f,방범열쇠,"열쇠, 도장, 도어락",부산대자율상권구역,,부산광역시,3.0,3.0,,,RESOLVED_AGREEMENT,False,3,,,,
032fef7cdde061c2c973,test,열쇠,T5 서비스,q_열쇠_01,도장 파는 곳,생활서비스 중 '열쇠'를 판매·제공하는 매장,56eda0f8-a066-4cad-8af4-08275cc495da,제일열쇠,"열쇠, 도장",번성 상점가,골목형상점가,경기도,3.0,3.0,,,RESOLVED_AGREEMENT,False,3,,,,
3b867892c70931ee0e4b,test,열쇠,T5 서비스,q_열쇠_01,도장 파는 곳,생활서비스 중 '열쇠'를 판매·제공하는 매장,56830883-eda9-4e2d-96d1-1951c4bdc73d,스피드열쇠,열쇠 도장,안골광장 골목형상점가,골목형상점가,전북특별자치도,3.0,3.0,,,RESOLVED_AGREEMENT,False,3,,,,
6d4da949417537521829,test,열쇠,T5 서비스,q_열쇠_01,도장 파는 곳,생활서비스 중 '열쇠'를 판매·제공하는 매장,d0e0a142-a243-497b-92d1-501193c4ddc6,하늘채열쇠,열쇠 도장,전주중산공원 골목형상점가,골목형상점가,전북특별자치도,3.0,3.0,,,RESOLVED_AGREEMENT,False,3,,,,
0e558a9ef74fae7de327,test,열쇠,T5 서비스,q_열쇠_01,도장 파는 곳,생활서비스 중 '열쇠'를 판매·제공하는 매장,77989ee0-b828-46e0-ac2a-e8ec433138c5,미도사,"열쇠, 도장",오창전통시장,전통시장,충청북도,3.0,3.0,,,RESOLVED_AGREEMENT,False,3,,,,
b7bd44ec3a0def85243d,test,열쇠,T5 서비스,q_열쇠_01,도장 파는 곳,생활서비스 중 '열쇠'를 판매·제공하는 매장,74f8ed4d-ea16-4435-866a-9088d86c7b1e,럭키열쇠,"열쇠, 도장",영주중앙시장,전통시장,경상북도,3.0,3.0,,,RESOLVED_AGREEMENT,False,3,,,,
9479245ef64d9a693469,test,열쇠,T5 서비스,q_열쇠_01,도장 파는 곳,생활서비스 중 '열쇠'를 판매·제공하는 매장,22f2d1ed-bb3c-4cd8-85b2-9184dee71f6d,덕양열쇠,"도장, 열쇠",능곡시장(구 능곡전통시장),전통시장,경기도,3.0,3.0,,,RESOLVED_AGREEMENT,False,3,,,,
0ef5abf875c3f4983bf3,test,열쇠,T5 서비스,q_열쇠_01,도장 파는 곳,생활서비스 중 '열쇠'를 판매·제공하는 매장,bef42a5b-745f-4e24-acd6-181ababd5ed0,시계대학병원,"시계, 도장",중앙상가시장,전통시장,대전광역시,3.0,3.0,,,RESOLVED_AGREEMENT,False,3,,,,
3beb789f962fcdcfc213,test,열쇠,T5 서비스,q_열쇠_01,도장 파는 곳,생활서비스 중 '열쇠'를 판매·제공하는 매장,00bfa2e9-dca4-4800-b2ca-9d160826e04b,현대철물,철물,청운시장골목형상점가,골목형상점가,경기도,1.0,2.0,,,P1_BINARY_THRESHOLD,True,,,,,
f130dd12959e7c2ad824,test,열쇠,T5 서비스,q_열쇠_01,도장 파는 곳,생활서비스 중 '열쇠'를 판매·제공하는 매장,fbff3b99-1069-4e04-b2ed-bc56e606ddc1,대영사,도장,창원 상남시장,전통시장,경상남도,3.0,3.0,,,RESOLVED_AGREEMENT,False,3,,,,
1e4068b74af5c4105f3b,test,열쇠,T5 서비스,q_열쇠_01,도장 파는 곳,생활서비스 중 '열쇠'를 판매·제공하는 매장,92bb4caa-8f75-40d0-8798-49b9a9801eb0,대진산업,"도장, 도색",백년소상공인,기타,대구광역시,3.0,3.0,,,RESOLVED_AGREEMENT,False,3,,,,
f1ac93eb298c29ac81cb,test,열쇠,T5 서비스,q_열쇠_01,도장 파는 곳,생활서비스 중 '열쇠'를 판매·제공하는 매장,fb15b1b8-4bcf-46a2-a850-1c90e049bf72,대성청과,과일,서산동부전통시장,전통시장,충청남도,0.0,0.0,,,RESOLVED_AGREEMENT,False,0,,,,
aa857a26ec27f7765550,test,열쇠,T5 서비스,q_열쇠_01,도장 파는 곳,생활서비스 중 '열쇠'를 판매·제공하는 매장,5f2bf3de-90f9-4b9a-899b-f4ba6c0bbe51,이문당도장방,도장,안동중앙문화의거리상점가,자율상권구역,경상북도,3.0,3.0,,,RESOLVED_AGREEMENT,False,3,,,,
eee66cd60e82dcbf786f,test,열쇠,T5 서비스,q_열쇠_01,도장 파는 곳,생활서비스 중 '열쇠'를 판매·제공하는 매장,c111ac9d-3f3a-405c-a8db-4d127ccda9e2,행복이 있는 곳,잡화,제주로얄쇼핑센터,자율상권구역,제주특별자치도,0.0,0.0,,,RESOLVED_AGREEMENT,False,0,,,,
3442c4d8b386e0950d3f,test,열쇠,T5 서비스,q_열쇠_01,도장 파는 곳,생활서비스 중 '열쇠'를 판매·제공하는 매장,2b3dd18a-19d5-40e9-8e56-af8c0f6248a1,대륙열쇠,"열쇠, 도장",서산동문 골목형상점가,골목형상점가,충청남도,3.0,3.0,,,RESOLVED_AGREEMENT,False,3,,,,
573120f78d96a1fb059a,test,열쇠,T5 서비스,q_열쇠_01,도장 파는 곳,생활서비스 중 '열쇠'를 판매·제공하는 매장,696b4710-98d6-4bed-8868-5c9995efcfef,광영도장&출력,도장,달아실 골목형상점가,골목형상점가,광주광역시,3.0,3.0,,,RESOLVED_AGREEMENT,False,3,,,,
514532cc7eb93c3bf336,test,열쇠,T5 서비스,q_열쇠_01,도장 파는 곳,생활서비스 중 '열쇠'를 판매·제공하는 매장,03ed7e29-3b6d-43fb-b9f7-dda372779d19,주식회사 신진와이케이,"철물, 건재",죽산골목형상점가,골목형상점가,경기도,1.0,2.0,,,P1_BINARY_THRESHOLD,True,,,,,
9fe4c3dc89eba9ad9a78,test,열쇠,T5 서비스,q_열쇠_01,도장 파는 곳,생활서비스 중 '열쇠'를 판매·제공하는 매장,b533569c-f1b0-4ee6-86c9-6544293d42e4,행운식당,한식,경산공설시장,전통시장,경상북도,0.0,0.0,,,RESOLVED_AGREEMENT,False,0,,,,
601d15c280173709bc60,test,열쇠,T5 서비스,q_열쇠_01,도장 파는 곳,생활서비스 중 '열쇠'를 판매·제공하는 매장,9ce0a4ce-7f16-4dcd-b749-43bd8564dd0b,임내과의원,의료서비스,가평잣고을시장,전통시장,경기도,0.0,0.0,,,RESOLVED_AGREEMENT,False,0,,,,
982df994cef2eee431ba,test,열쇠,T5 서비스,q_열쇠_01,도장 파는 곳,생활서비스 중 '열쇠'를 판매·제공하는 매장,c161453d-f2c8-4b97-a2c3-a54e0cbdb7e8,생활용품 싸게 파는 집,잡화,안성중앙시장,전통시장,경기도,0.0,0.0,,,RESOLVED_AGREEMENT,False,0,,,,
af735fe9bf0f78ef8b9c,test,열쇠,T5 서비스,q_열쇠_01,도장 파는 곳,생활서비스 중 '열쇠'를 판매·제공하는 매장,92e74526-a5bf-4d93-b02d-3e3c9dbe65c5,문향당,도장,홍천중앙시장(홍천신시장),전통시장,강원특별자치도,3.0,3.0,,,RESOLVED_AGREEMENT,False,3,,,,
3108fe6a010157b1f806,test,열쇠,T5 서비스,q_열쇠_01,도장 파는 곳,생활서비스 중 '열쇠'를 판매·제공하는 매장,64a7e922-ada8-45e7-9ff3-4be572f77ea9,한겨례,시계 도장 명함,풍향골(제1지역:동신) 골목형상점가,골목형상점가,광주광역시,3.0,3.0,,,RESOLVED_AGREEMENT,False,3,,,,
98997e8f0fc430dede02,test,열쇠,T5 서비스,q_열쇠_01,도장 파는 곳,생활서비스 중 '열쇠'를 판매·제공하는 매장,01c3ec28-1ceb-48f0-88e2-030e84b4d3f4,해영함석,철물,고도리 장터거리 상점가,골목형상점가,전라남도,1.0,2.0,,,P1_BINARY_THRESHOLD,True,,,,,
d34ebbe1a90b869a265b,test,열쇠,T5 서비스,q_열쇠_01,도장 파는 곳,생활서비스 중 '열쇠'를 판매·제공하는 매장,d4cc5a2d-ca7d-4cb5-a3cf-a48c2b4cc2c1,오성열쇠,"열쇠, 도장",문정동로데오상점가,자율상권구역,서울특별시,3.0,3.0,,,RESOLVED_AGREEMENT,False,3,,,,
9f3baca2223e6bdccc7a,test,열쇠,T5 서비스,q_열쇠_01,도장 파는 곳,생활서비스 중 '열쇠'를 판매·제공하는 매장,48412e3c-815d-4b85-bcb1-420a8c0d6a38,상신당,도장,조운동골목형상점가,골목형상점가,강원특별자치도,3.0,3.0,,,RESOLVED_AGREEMENT,False,3,,,,
3c53813bf53d2f28d63a,test,열쇠,T5 서비스,q_열쇠_01,도장 파는 곳,생활서비스 중 '열쇠'를 판매·제공하는 매장,177443d9-b660-4a19-be54-72a287b81411,남악도장,"도장, 시계",남악사랑 골목형상점가,골목형상점가,전라남도,3.0,3.0,,,RESOLVED_AGREEMENT,False,3,,,,
bdc3ef63ee42ad1fe425,test,열쇠,T5 서비스,q_열쇠_01,도장 파는 곳,생활서비스 중 '열쇠'를 판매·제공하는 매장,323f2f8d-baad-4167-9a2f-bacda565a33c,만복래,"복권, 도장",부평종합시장,전통시장,인천광역시,3.0,3.0,,,RESOLVED_AGREEMENT,False,3,,,,
c08dde882c9f57d57b44,test,열쇠,T5 서비스,q_열쇠_01,도장 파는 곳,생활서비스 중 '열쇠'를 판매·제공하는 매장,b96ebcc1-64b4-48bc-93fd-3d8fcf2bdfdc,우성당,시계 도장,신안미래로 골목형상점가,골목형상점가,광주광역시,3.0,3.0,,,RESOLVED_AGREEMENT,False,3,,,,
23caa11f4f5c2c89a001,test,열쇠,T5 서비스,q_열쇠_01,도장 파는 곳,생활서비스 중 '열쇠'를 판매·제공하는 매장,dac54313-13d3-442c-aa77-d4e180a5ef0e,김이랑밥이랑,분식,청주직지시장(구 청주운천시장),전통시장,충청북도,0.0,0.0,,,RESOLVED_AGREEMENT,False,0,,,,
d099c2ba28dcb19a8a77,test,열쇠,T5 서비스,q_열쇠_01,도장 파는 곳,생활서비스 중 '열쇠'를 판매·제공하는 매장,11ade1ec-30f2-4dfa-811c-6a54fc31921c,삼일사,"도장, 열쇠",상대원시장,전통시장,경기도,3.0,3.0,,,RESOLVED_AGREEMENT,False,3,,,,
47589d23f682c3a5bdc2,test,열쇠,T5 서비스,q_열쇠_01,도장 파는 곳,생활서비스 중 '열쇠'를 판매·제공하는 매장,d1884148-8a9a-48bd-8833-43a4b11c36f5,금광사,"도장, 열쇠",원주미로예술중앙시장(원주중앙시장),전통시장,강원특별자치도,3.0,3.0,,,RESOLVED_AGREEMENT,False,3,,,,
7fb92fe72ac8858795b4,test,열쇠,T5 서비스,q_열쇠_01,도장 파는 곳,생활서비스 중 '열쇠'를 판매·제공하는 매장,a8e8101d-241d-418c-b1d8-7e351ecc545c,경인당,도장 열쇠,수정시장,전통시장,부산광역시,3.0,3.0,,,RESOLVED_AGREEMENT,False,3,,,,
6da656de10f3fd9674b9,test,열쇠,T5 서비스,q_열쇠_01,도장 파는 곳,생활서비스 중 '열쇠'를 판매·제공하는 매장,35c3e80c-0017-439d-b679-e1c01de600be,삼성공간열쇠,열쇠 도장,구성언남 골목형상점가,골목형상점가,경기도,3.0,3.0,,,RESOLVED_AGREEMENT,False,3,,,,
670916de29e36bdac8b1,test,열쇠,T5 서비스,q_열쇠_01,도장 파는 곳,생활서비스 중 '열쇠'를 판매·제공하는 매장,6d1f0c5f-4595-47be-98ae-31b7abdcef24,예성국기사,"명찰, 도장",성서중심시장(성서시장문화의거리 통합),전통시장,충청북도,3.0,3.0,,,RESOLVED_AGREEMENT,False,3,,,,
dcf13dc396e71b33eb86,test,열쇠,T5 서비스,q_열쇠_01,도장 파는 곳,생활서비스 중 '열쇠'를 판매·제공하는 매장,fb8a8310-f521-4958-be84-4d4b8a183a57,한국열쇠,열쇠 도장,중마중앙로골목형상점가,골목형상점가,전라남도,3.0,3.0,,,RESOLVED_AGREEMENT,False,3,,,,
4817306cfa72d8934321,test,열쇠,T5 서비스,q_열쇠_01,도장 파는 곳,생활서비스 중 '열쇠'를 판매·제공하는 매장,5d8d1e64-0663-4dad-a230-34d0da9427ee,안전금속,"열쇠, 도장",성동용답상가시장,전통시장,서울특별시,3.0,3.0,,,RESOLVED_AGREEMENT,False,3,,,,
639b7a9307530c94b070,test,열쇠,T5 서비스,q_열쇠_01,도장 파는 곳,생활서비스 중 '열쇠'를 판매·제공하는 매장,67e8b6f9-9b4d-4b53-8e56-4b80ca354734,버들열쇠,도장,유촌동상인회 골목형상점가,골목형상점가,광주광역시,3.0,3.0,,,RESOLVED_AGREEMENT,False,3,,,,
35f65a55393312acc425,test,열쇠,T5 서비스,q_열쇠_01,도장 파는 곳,생활서비스 중 '열쇠'를 판매·제공하는 매장,aaea7ffa-2219-4aa6-9e94-7b78407e9cef,타운열쇠,열쇠 도장,밤실로주변 골목형상점가,골목형상점가,광주광역시,3.0,3.0,,,RESOLVED_AGREEMENT,False,3,,,,
d707cf14ba573828da36,test,열쇠,T5 서비스,q_열쇠_01,도장 파는 곳,생활서비스 중 '열쇠'를 판매·제공하는 매장,7c0ef81e-f5e8-4a5c-95b3-7fece4db07a5,해인사사진관. 도장,"사진관, 도장",김천 삼색이수상권,상권활성화구역,경상북도,3.0,3.0,,,RESOLVED_AGREEMENT,False,3,,,,
db877b2e65f8a37f6f5a,test,열쇠,T5 서비스,q_열쇠_01,도장 파는 곳,생활서비스 중 '열쇠'를 판매·제공하는 매장,aad1d705-fe75-4ad1-88aa-620b1007300f,정일사진과.도장,사진 도장,삼각지맛길 골목형상점가,골목형상점가,대구광역시,3.0,3.0,,,RESOLVED_AGREEMENT,False,3,,,,
8ca32f05cb54e087b3ec,test,열쇠,T5 서비스,q_열쇠_01,도장 파는 곳,생활서비스 중 '열쇠'를 판매·제공하는 매장,9d65959a-9e8b-42aa-a376-0ddfc53cff05,서구인업사,도장,서구청먹자골목상인회 골목형상점가,골목형상점가,광주광역시,3.0,3.0,,,RESOLVED_AGREEMENT,False,3,,,,
686edddc6bfc7f1d164b,test,열쇠,T5 서비스,q_열쇠_01,도장 파는 곳,생활서비스 중 '열쇠'를 판매·제공하는 매장,d6e5da86-2f05-4d05-ad92-cb6ee7010b2f,원주24시열쇠도장,열쇠 도장,으뜸골목형상점가,골목형상점가,강원특별자치도,3.0,3.0,,,RESOLVED_AGREEMENT,False,3,,,,
cb80634f97d42918a2ff,test,열쇠,T5 서비스,q_열쇠_01,도장 파는 곳,생활서비스 중 '열쇠'를 판매·제공하는 매장,24456103-f6b8-46af-8655-82e61d7265d8,커피가 머무르는 곳,커피,반드레길골목형상점가,골목형상점가,서울특별시,0.0,0.0,,,RESOLVED_AGREEMENT,False,0,,,,
ee173a52ab9c3ae5b874,test,열쇠,T5 서비스,q_열쇠_01,도장 파는 곳,생활서비스 중 '열쇠'를 판매·제공하는 매장,76a3551b-dae4-4326-92cc-662015aedbfb,쉴 곳,한식,칠성로상점가,자율상권구역,제주특별자치도,0.0,0.0,,,RESOLVED_AGREEMENT,False,0,,,,
5a61f8c2f5e4869babe2,test,열쇠,T5 서비스,q_열쇠_01,도장 파는 곳,생활서비스 중 '열쇠'를 판매·제공하는 매장,8072c07a-8cc4-488e-9d01-738d075ed3c6,플러스보안 토탈시스템,도장,금암동 골목형상점가,골목형상점가,충청남도,3.0,3.0,,,RESOLVED_AGREEMENT,False,3,,,,
097ce97864152b167f19,test,열쇠,T5 서비스,q_열쇠_02,열쇠 복사,생활서비스 중 '열쇠'를 판매·제공하는 매장,0d513874-6a2f-4230-9997-4f9f4fdeaf22,형제열쇠,열쇠,양산 북부시장,전통시장,경상남도,3.0,3.0,,,RESOLVED_AGREEMENT,False,3,,,,
78723f252b064656eea1,test,열쇠,T5 서비스,q_열쇠_02,열쇠 복사,생활서비스 중 '열쇠'를 판매·제공하는 매장,d53baf81-4ebf-472f-8e8d-a2ac1f173d64,파라다이스,식료품,정부청사 골목형상점가,골목형상점가,광주광역시,0.0,0.0,,,RESOLVED_AGREEMENT,False,0,,,,
efb6e7e0ba6278a611e8,test,열쇠,T5 서비스,q_열쇠_02,열쇠 복사,생활서비스 중 '열쇠'를 판매·제공하는 매장,fb6124e3-361f-4e28-bce7-f469bd0f93fc,복사센터,복사,운천역상인회 골목형상점가,골목형상점가,광주광역시,3.0,0.0,,,P1_BINARY_THRESHOLD,True,,,,,
8dca67da20f1f6fbd045,test,열쇠,T5 서비스,q_열쇠_02,열쇠 복사,생활서비스 중 '열쇠'를 판매·제공하는 매장,2aeb11df-7f4c-43c1-bd63-1a1e4d6d3f2e,대교열쇠,열쇠,양동산업용품시장,전통시장,광주광역시,3.0,3.0,,,RESOLVED_AGREEMENT,False,3,,,,
44d08c65d7fbace691df,test,열쇠,T5 서비스,q_열쇠_02,열쇠 복사,생활서비스 중 '열쇠'를 판매·제공하는 매장,b28dc62a-5322-46b3-82f4-f6af9ce03180,양정열쇠,열쇠,양정 골목형상점가,골목형상점가,울산광역시,3.0,3.0,,,RESOLVED_AGREEMENT,False,3,,,,
4ccf14a7099c7944b4ab,test,열쇠,T5 서비스,q_열쇠_02,열쇠 복사,생활서비스 중 '열쇠'를 판매·제공하는 매장,11ade1ec-30f2-4dfa-811c-6a54fc31921c,삼일사,"도장, 열쇠",상대원시장,전통시장,경기도,3.0,3.0,,,RESOLVED_AGREEMENT,False,3,,,,
4213945bd0618c42ac5a,test,열쇠,T5 서비스,q_열쇠_02,열쇠 복사,생활서비스 중 '열쇠'를 판매·제공하는 매장,ff098804-2631-4203-bb8b-79785b8ec7ed,족발야시장불광역점,음식점,불광먹자골목 골목형상점가,골목형상점가,서울특별시,0.0,0.0,,,RESOLVED_AGREEMENT,False,0,,,,
9077becc98298812b106,test,열쇠,T5 서비스,q_열쇠_02,열쇠 복사,생활서비스 중 '열쇠'를 판매·제공하는 매장,369df67e-cd15-4f7d-8154-ee0ba9805b63,주공열쇠,열쇠,진잠 골목형상점가,골목형상점가,대전광역시,3.0,3.0,,,RESOLVED_AGREEMENT,False,3,,,,
0cc34e583591266135ed,test,열쇠,T5 서비스,q_열쇠_02,열쇠 복사,생활서비스 중 '열쇠'를 판매·제공하는 매장,12256fb1-4eed-437f-8847-41350c9f4850,북구열쇠,"도어락, 번호키, 열쇠, 도장",유니온 골목형상점가,골목형상점가,울산광역시,3.0,3.0,,,RESOLVED_AGREEMENT,False,3,,,,
2841dabf73dbafe61a3b,test,열쇠,T5 서비스,q_열쇠_02,열쇠 복사,생활서비스 중 '열쇠'를 판매·제공하는 매장,ee57b60b-c31e-4371-ad99-f0e2b2520264,경기열쇠,열쇠,효자촌 골목형상점가,골목형상점가,경기도,3.0,3.0,,,RESOLVED_AGREEMENT,False,3,,,,
d5b54ddca126f8a5b57d,test,열쇠,T5 서비스,q_열쇠_02,열쇠 복사,생활서비스 중 '열쇠'를 판매·제공하는 매장,5f0db541-36d7-4cdc-9cb3-88f426fbc47f,대학복사,복사,전북대대학로상점가,자율상권구역,전북특별자치도,3.0,0.0,,,P1_BINARY_THRESHOLD,True,,,,,
38248eba56af02496dde,test,열쇠,T5 서비스,q_열쇠_02,열쇠 복사,생활서비스 중 '열쇠'를 판매·제공하는 매장,082bd5d0-3e77-4ac5-ac99-ca10324caa9f,방범열쇠,"열쇠, 도장, 도어락",부산대자율상권구역,,부산광역시,3.0,3.0,,,RESOLVED_AGREEMENT,False,3,,,,
4554802d3141425bc0ce,test,열쇠,T5 서비스,q_열쇠_02,열쇠 복사,생활서비스 중 '열쇠'를 판매·제공하는 매장,c05105b3-3cfd-46e4-b799-f31815ba2650,영화열쇠,열쇠,장안문거북시장,전통시장,경기도,3.0,3.0,,,RESOLVED_AGREEMENT,False,3,,,,
d65a6541dbb64aedeac1,test,열쇠,T5 서비스,q_열쇠_02,열쇠 복사,생활서비스 중 '열쇠'를 판매·제공하는 매장,b5fb1d0d-2ae6-45df-9af4-abb0178eebeb,싱싱상회,청과채소,정읍샘고을시장,전통시장,전북특별자치도,0.0,0.0,,,RESOLVED_AGREEMENT,False,0,,,,
31893f2358e4c12fb950,test,열쇠,T5 서비스,q_열쇠_02,열쇠 복사,생활서비스 중 '열쇠'를 판매·제공하는 매장,39d4be1e-b42c-4daa-bd50-88b367667a16,서이태권도,교육서비스업,세종 반딧불 골목형상점가,골목형상점가,세종특별자치시,0.0,0.0,,,RESOLVED_AGREEMENT,False,0,,,,
7eb8246d7ed98dd99f8b,test,열쇠,T5 서비스,q_열쇠_02,열쇠 복사,생활서비스 중 '열쇠'를 판매·제공하는 매장,00bfa2e9-dca4-4800-b2ca-9d160826e04b,현대철물,철물,청운시장골목형상점가,골목형상점가,경기도,1.0,2.0,,,P1_BINARY_THRESHOLD,True,,,,,
eb0b2fb3d036512fd36c,test,열쇠,T5 서비스,q_열쇠_02,열쇠 복사,생활서비스 중 '열쇠'를 판매·제공하는 매장,1fbce390-04d0-4f07-93d2-818ece57e4eb,해방열쇠,열쇠,신흥시장,전통시장,서울특별시,3.0,3.0,,,RESOLVED_AGREEMENT,False,3,,,,
467ec8392dd11d90a8cb,test,열쇠,T5 서비스,q_열쇠_02,열쇠 복사,생활서비스 중 '열쇠'를 판매·제공하는 매장,dc26f010-e20d-46de-8b07-75fba0a1cb89,열쇠나라,열쇠,대가야 자율상권구역,,경상북도,3.0,3.0,,,RESOLVED_AGREEMENT,False,3,,,,
ecf524912479afd1a0ad,test,열쇠,T5 서비스,q_열쇠_02,열쇠 복사,생활서비스 중 '열쇠'를 판매·제공하는 매장,a9b46d0a-4f8c-44e0-a460-2690ecffee09,대림열쇠공구,열쇠,둔전골목형상점가,골목형상점가,경기도,3.0,3.0,,,RESOLVED_AGREEMENT,False,3,,,,
cdd5e0b025de3ae6d7c3,test,열쇠,T5 서비스,q_열쇠_02,열쇠 복사,생활서비스 중 '열쇠'를 판매·제공하는 매장,78d9e45d-26b1-4b4e-b399-03ba6438aced,동아열쇠장식,열쇠,답십리 건축자재시장,전통시장,서울특별시,3.0,3.0,,,RESOLVED_AGREEMENT,False,3,,,,
d8413794889e2714d0e9,test,열쇠,T5 서비스,q_열쇠_02,열쇠 복사,생활서비스 중 '열쇠'를 판매·제공하는 매장,08692a80-54df-438f-80ef-9ed0762e3c50,하양열쇠,열쇠,하양꿈바우시장,전통시장,경상북도,3.0,3.0,,,RESOLVED_AGREEMENT,False,3,,,,
f42ca0ef8881dc1b73c1,test,열쇠,T5 서비스,q_열쇠_02,열쇠 복사,생활서비스 중 '열쇠'를 판매·제공하는 매장,9127ca8c-32c0-4822-9984-ca5615f670ca,금촌열쇠,열쇠,금촌명동로시장,전통시장,경기도,3.0,3.0,,,RESOLVED_AGREEMENT,False,3,,,,
b3901a3e4e6635e832a8,test,열쇠,T5 서비스,q_열쇠_02,열쇠 복사,생활서비스 중 '열쇠'를 판매·제공하는 매장,96723b87-70cf-4ccb-8abb-39b893cb8aba,나주열쇠,열쇠,나주금빛상점가,자율상권구역,전라남도,3.0,3.0,,,RESOLVED_AGREEMENT,False,3,,,,
7b811d6c676500961b70,test,열쇠,T5 서비스,q_열쇠_02,열쇠 복사,생활서비스 중 '열쇠'를 판매·제공하는 매장,c89c34ed-f058-4ba2-a25f-61fabd0b298c,은성열쇠,열쇠,창원 가음정시장,전통시장,경상남도,3.0,3.0,,,RESOLVED_AGREEMENT,False,3,,,,
1b3b8e0b90fb55fa8e26,test,열쇠,T5 서비스,q_열쇠_02,열쇠 복사,생활서비스 중 '열쇠'를 판매·제공하는 매장,845595ca-bd2c-4351-a291-71ac82e44603,신화열쇠,열쇠,밤고개자연시장(내덕자연시장),전통시장,충청북도,3.0,3.0,,,RESOLVED_AGREEMENT,False,3,,,,
845fd15519a9ec6043de,test,열쇠,T5 서비스,q_열쇠_02,열쇠 복사,생활서비스 중 '열쇠'를 판매·제공하는 매장,17180f13-d378-4262-b4ff-2bc900864aae,안전열쇠,"열쇠, 도장",강진중앙로상가,자율상권구역,전라남도,3.0,3.0,,,RESOLVED_AGREEMENT,False,3,,,,
2e7b532328dd4e07937d,test,열쇠,T5 서비스,q_열쇠_02,열쇠 복사,생활서비스 중 '열쇠'를 판매·제공하는 매장,67c5de6d-8695-4285-9e49-dd00b86855c4,공단벧엘열쇠,열쇠,평광청구상가 골목형상점가,골목형상점가,대구광역시,3.0,3.0,,,RESOLVED_AGREEMENT,False,3,,,,
591c2d5b865f911c5c50,test,열쇠,T5 서비스,q_열쇠_02,열쇠 복사,생활서비스 중 '열쇠'를 판매·제공하는 매장,30c2455a-a864-45ad-9572-f4a27d2e76da,장인열쇠,열쇠,효실천거리 골목형상점가,골목형상점가,인천광역시,3.0,3.0,,,RESOLVED_AGREEMENT,False,3,,,,
61de5009cc4402746d04,test,열쇠,T5 서비스,q_열쇠_02,열쇠 복사,생활서비스 중 '열쇠'를 판매·제공하는 매장,a192e8f9-06cc-4d75-8374-59f782f5f49e,영복사,복사,상지대길골목형상점가,골목형상점가,강원특별자치도,3.0,0.0,,,P1_BINARY_THRESHOLD,True,,,,,
b212396f977d1429c3e3,test,열쇠,T5 서비스,q_열쇠_02,열쇠 복사,생활서비스 중 '열쇠'를 판매·제공하는 매장,46ce8451-295a-4385-a158-9fc74f3d0434,그린복사,복사,오월첫동네 골목형상점가,골목형상점가,광주광역시,3.0,0.0,,,P1_BINARY_THRESHOLD,True,,,,,
c58503435f0d2d03df43,test,열쇠,T5 서비스,q_열쇠_02,열쇠 복사,생활서비스 중 '열쇠'를 판매·제공하는 매장,76e0005c-222d-4312-92a2-26e876793ff9,광명그릇,그릇,광명새마을시장,전통시장,경기도,0.0,0.0,,,RESOLVED_AGREEMENT,False,0,,,,
8d9e2fe7f905c8eeb550,test,열쇠,T5 서비스,q_열쇠_02,열쇠 복사,생활서비스 중 '열쇠'를 판매·제공하는 매장,62f421e5-b29c-48b8-8acc-089d01648541,갑부열쇠,열쇠,창원 상남시장,전통시장,경상남도,3.0,3.0,,,RESOLVED_AGREEMENT,False,3,,,,
f0f14ab289e338ec0c88,test,열쇠,T5 서비스,q_열쇠_02,열쇠 복사,생활서비스 중 '열쇠'를 판매·제공하는 매장,791d9615-f1ac-48d6-bce6-998c80d54ef4,나눔복사,복사,계림 재미로 골목형상점가,골목형상점가,광주광역시,3.0,0.0,,,P1_BINARY_THRESHOLD,True,,,,,
80b04bedc8cebe5027d2,test,열쇠,T5 서비스,q_열쇠_02,열쇠 복사,생활서비스 중 '열쇠'를 판매·제공하는 매장,03b11cc8-b23f-4c62-9fdc-e3fb35350194,경북철물상회,철물,상주남성시장,전통시장,경상북도,1.0,2.0,,,P1_BINARY_THRESHOLD,True,,,,,
93851dc5c78a57ce3663,test,열쇠,T5 서비스,q_열쇠_02,열쇠 복사,생활서비스 중 '열쇠'를 판매·제공하는 매장,18f403c7-d225-4c12-b9b3-5a8d5eaa225a,중앙열쇠,열쇠,동울산종합시장,전통시장,울산광역시,3.0,3.0,,,RESOLVED_AGREEMENT,False,3,,,,
70bbe7986221b04306b7,test,열쇠,T5 서비스,q_열쇠_02,열쇠 복사,생활서비스 중 '열쇠'를 판매·제공하는 매장,a200724c-fb20-415f-8f14-d3b146df4cfc,밝은인쇄복사,복사,신안미래로 골목형상점가,골목형상점가,광주광역시,3.0,1.0,,,P1_BINARY_THRESHOLD,True,,,,,
c1d55eade0a74b8598be,test,열쇠,T5 서비스,q_열쇠_02,열쇠 복사,생활서비스 중 '열쇠'를 판매·제공하는 매장,18d7b437-7ad8-4740-bc3e-a1c83defc776,고한열쇠,열쇠,고한구공탄시장(고한시장),전통시장,강원특별자치도,3.0,3.0,,,RESOLVED_AGREEMENT,False,3,,,,
950db1e2ed8f1f73a990,test,열쇠,T5 서비스,q_열쇠_02,열쇠 복사,생활서비스 중 '열쇠'를 판매·제공하는 매장,03ed7e29-3b6d-43fb-b9f7-dda372779d19,주식회사 신진와이케이,"철물, 건재",죽산골목형상점가,골목형상점가,경기도,1.0,2.0,,,P1_BINARY_THRESHOLD,True,,,,,
1dda9ae3a6827da0ee5a,test,열쇠,T5 서비스,q_열쇠_02,열쇠 복사,생활서비스 중 '열쇠'를 판매·제공하는 매장,75dd646c-ab60-499c-b7ca-5a030a913825,관평열쇠,열쇠,송강동 골목형상점가,골목형상점가,대전광역시,3.0,3.0,,,RESOLVED_AGREEMENT,False,3,,,,
68286080bcbc77288016,test,열쇠,T5 서비스,q_열쇠_02,열쇠 복사,생활서비스 중 '열쇠'를 판매·제공하는 매장,0c9d4b15-a4ce-454a-99d0-ed2e7c4a01ab,킹열쇠,열쇠 철물,염주먹자골목A구역상인회 골목형상점가,골목형상점가,광주광역시,3.0,3.0,,,RESOLVED_AGREEMENT,False,3,,,,
3c230deb0920f3587ac3,test,열쇠,T5 서비스,q_열쇠_02,열쇠 복사,생활서비스 중 '열쇠'를 판매·제공하는 매장,64a5ebe7-b78c-4232-9c16-1f40d7d1199d,영광열쇠,열쇠,영주공설시장,전통시장,경상북도,3.0,3.0,,,RESOLVED_AGREEMENT,False,3,,,,
55ad47f1d90ea6035488,test,열쇠,T5 서비스,q_열쇠_02,열쇠 복사,생활서비스 중 '열쇠'를 판매·제공하는 매장,2b6a53d7-68bc-439e-bcb1-4fc4066f7693,삼성열쇠,열쇠,노량진만나로골목형상점가,골목형상점가,서울특별시,3.0,3.0,,,RESOLVED_AGREEMENT,False,3,,,,
f2324044e4296a4e30b0,test,열쇠,T5 서비스,q_열쇠_02,열쇠 복사,생활서비스 중 '열쇠'를 판매·제공하는 매장,78fb57b5-285f-4be5-bf6a-cd3c3a0b614a,국제열쇠,열쇠,안동광석거리 골목형상점가,골목형상점가,경상북도,3.0,3.0,,,RESOLVED_AGREEMENT,False,3,,,,
bc3696152b0b5db87bea,test,열쇠,T5 서비스,q_열쇠_02,열쇠 복사,생활서비스 중 '열쇠'를 판매·제공하는 매장,eda32261-ee65-4d5b-ade9-c766c4dc9ea3,사랑열쇠,열쇠,신아타운,전통시장,서울특별시,3.0,3.0,,,RESOLVED_AGREEMENT,False,3,,,,
38da2d8ffd78a14ad4e0,test,열쇠,T5 서비스,q_열쇠_02,열쇠 복사,생활서비스 중 '열쇠'를 판매·제공하는 매장,eda0bd66-ba03-4551-b57b-9c9746b54454,인화열쇠,열쇠,익산구시장,전통시장,전북특별자치도,3.0,3.0,,,RESOLVED_AGREEMENT,False,3,,,,
db29ee5a833ee9c0a757,test,열쇠,T5 서비스,q_열쇠_02,열쇠 복사,생활서비스 중 '열쇠'를 판매·제공하는 매장,b8efc073-ce51-4e15-a04f-f5a62c5ef7aa,썬복사,복사,전남대후문골목형상점가,골목형상점가,광주광역시,3.0,0.0,,,P1_BINARY_THRESHOLD,True,,,,,
e88099e2c53fac2d008d,test,열쇠,T5 서비스,q_열쇠_02,열쇠 복사,생활서비스 중 '열쇠'를 판매·제공하는 매장,5e7bd498-31c0-4ced-804c-4fa3f2968542,강남키센타,열쇠,공주산성시장,전통시장,충청남도,3.0,3.0,,,RESOLVED_AGREEMENT,False,3,,,,
dc56ec60d941ced99ba2,test,열쇠,T5 서비스,q_열쇠_02,열쇠 복사,생활서비스 중 '열쇠'를 판매·제공하는 매장,5dc84742-198d-48db-98bf-beb056d45648,국제열쇠,열쇠,건축자재특화의거리,자율상권구역,광주광역시,3.0,3.0,,,RESOLVED_AGREEMENT,False,3,,,,
b6c8cae25699081937d4,test,열쇠,T5 서비스,q_열쇠_02,열쇠 복사,생활서비스 중 '열쇠'를 판매·제공하는 매장,66aae4d4-c1d7-4f3c-a3e3-69743255bac7,현대열쇠,열쇠,답십리 건축자재시장,전통시장,서울특별시,3.0,3.0,,,RESOLVED_AGREEMENT,False,3,,,,
58113ce749eb2be59f02,test,열쇠,T5 서비스,q_열쇠_02,열쇠 복사,생활서비스 중 '열쇠'를 판매·제공하는 매장,0264d000-4eb1-4469-bf71-fa1cb1da9bee,우리철물,철물,상원시장,전통시장,대구광역시,1.0,2.0,,,P1_BINARY_THRESHOLD,True,,,,,
7c74d716f7d1faa6706b,test,열쇠,T5 서비스,q_열쇠_02,열쇠 복사,생활서비스 중 '열쇠'를 판매·제공하는 매장,c4e9ff91-5bf3-4f25-8909-073e627aec13,바로열쇠,열쇠,내상로 골목형상점가,골목형상점가,광주광역시,3.0,3.0,,,RESOLVED_AGREEMENT,False,3,,,,
b135cd0d2bc660c74e3d,test,열쇠,T5 서비스,q_열쇠_02,열쇠 복사,생활서비스 중 '열쇠'를 판매·제공하는 매장,562f7ec1-823a-4bc1-a79c-b6a888b6248f,현대열쇠,열쇠,금촌문화로시장,전통시장,경기도,3.0,3.0,,,RESOLVED_AGREEMENT,False,3,,,,
59eba4d468b10a5fc89e,test,열쇠,T5 서비스,q_열쇠_02,열쇠 복사,생활서비스 중 '열쇠'를 판매·제공하는 매장,07739519-7bd4-4ee9-ba4d-ee8b54e1594b,동성열쇠,"열쇠, 도장",진주 동성상가,전통시장,경상남도,3.0,3.0,,,RESOLVED_AGREEMENT,False,3,,,,
4d43b4f915c38c049987,test,열쇠,T5 서비스,q_열쇠_02,열쇠 복사,생활서비스 중 '열쇠'를 판매·제공하는 매장,6cddebc1-b1a1-4ce0-8819-89e38f31bf50,사직열쇠,열쇠,사직시장,전통시장,부산광역시,3.0,3.0,,,RESOLVED_AGREEMENT,False,3,,,,
c9ea2c2bec6092f8d8f3,test,열쇠,T5 서비스,q_열쇠_02,열쇠 복사,생활서비스 중 '열쇠'를 판매·제공하는 매장,610f8057-c729-43db-bd3a-275cc6678ad0,금성열쇠,열쇠,백운진다리 골목형상점가,골목형상점가,광주광역시,3.0,3.0,,,RESOLVED_AGREEMENT,False,3,,,,
b2111596733ea5a75345,test,열쇠,T5 서비스,q_열쇠_02,열쇠 복사,생활서비스 중 '열쇠'를 판매·제공하는 매장,7cd898ad-482b-43eb-86d3-83f1011e5941,둘둘열쇠,열쇠,마산 신마산시장,전통시장,경상남도,3.0,3.0,,,RESOLVED_AGREEMENT,False,3,,,,
bc0d961998b4196bdfad,test,열쇠,T5 서비스,q_열쇠_02,열쇠 복사,생활서비스 중 '열쇠'를 판매·제공하는 매장,c2430ced-a1de-43fa-87f4-212bc0fe84e5,대박상회,잡화,대구교동시장,전통시장,대구광역시,0.0,0.0,,,RESOLVED_AGREEMENT,False,0,,,,
6af6995e03df6e27999e,test,열쇠,T5 서비스,q_열쇠_02,열쇠 복사,생활서비스 중 '열쇠'를 판매·제공하는 매장,fb8a8310-f521-4958-be84-4d4b8a183a57,한국열쇠,열쇠 도장,중마중앙로골목형상점가,골목형상점가,전라남도,3.0,3.0,,,RESOLVED_AGREEMENT,False,3,,,,
58fcb66736b79764ffa7,test,열쇠,T5 서비스,q_열쇠_02,열쇠 복사,생활서비스 중 '열쇠'를 판매·제공하는 매장,f6d8d595-4877-4341-a51f-aa630b83e8d5,대한열쇠,열쇠,공릉구길골목형상점가,골목형상점가,서울특별시,3.0,3.0,,,RESOLVED_AGREEMENT,False,3,,,,
fe048bc1cba434f68f4e,test,열쇠,T5 서비스,q_열쇠_02,열쇠 복사,생활서비스 중 '열쇠'를 판매·제공하는 매장,29999f1c-9272-4956-862a-55d7889fad4a,홍천열쇠,열쇠,홍천중앙시장(홍천신시장),전통시장,강원특별자치도,3.0,3.0,,,RESOLVED_AGREEMENT,False,3,,,,
c7195ce23616f683e713,test,열쇠,T5 서비스,q_열쇠_02,열쇠 복사,생활서비스 중 '열쇠'를 판매·제공하는 매장,ab1aec93-e32e-46f7-90da-c085108c1d9e,신형열쇠,열쇠,상대원1동 해피마을 골목형상점가,골목형상점가,경기도,3.0,3.0,,,RESOLVED_AGREEMENT,False,3,,,,
e483106b31c9006defc7,test,열쇠,T5 서비스,q_열쇠_02,열쇠 복사,생활서비스 중 '열쇠'를 판매·제공하는 매장,55dbfa84-81c1-43c5-90fb-7fac55eec7ee,종합화장품,화장품,인수로골목형상점가,골목형상점가,서울특별시,0.0,0.0,,,RESOLVED_AGREEMENT,False,0,,,,
918aa3724ca807eea0ad,test,열쇠,T5 서비스,q_열쇠_02,열쇠 복사,생활서비스 중 '열쇠'를 판매·제공하는 매장,775ab2dd-a7d3-46eb-9785-5a280ffcfaa4,가나열쇠,열쇠,직산읍삼은1번가골목형상점가,골목형상점가,충청남도,3.0,3.0,,,RESOLVED_AGREEMENT,False,3,,,,
f346dfec3992d49c1618,test,열쇠,T5 서비스,q_열쇠_02,열쇠 복사,생활서비스 중 '열쇠'를 판매·제공하는 매장,40267c2a-a8ca-4075-8103-983d1448f69a,서귀포열쇠,열쇠,서귀포중심상가번영회,자율상권구역,제주특별자치도,3.0,3.0,,,RESOLVED_AGREEMENT,False,3,,,,
0499f9ececd862b4edd3,test,열쇠,T5 서비스,q_열쇠_02,열쇠 복사,생활서비스 중 '열쇠'를 판매·제공하는 매장,8670955a-a609-4792-ad66-26ca3584f506,짱구열쇠,열쇠,여주한글시장(여주중앙로상점가),전통시장,경기도,3.0,3.0,,,RESOLVED_AGREEMENT,False,3,,,,
3c90cc2f4d60a73c6314,test,열쇠,T5 서비스,q_열쇠_02,열쇠 복사,생활서비스 중 '열쇠'를 판매·제공하는 매장,449e0f56-6929-4414-b923-40eb3291525e,삼양열쇠,열쇠,양평1동어울림골목형상점가,골목형상점가,서울특별시,3.0,3.0,,,RESOLVED_AGREEMENT,False,3,,,,
e8172cfec2b249db5a96,test,열쇠,T5 서비스,q_열쇠_02,열쇠 복사,생활서비스 중 '열쇠'를 판매·제공하는 매장,a866907f-2a8f-475f-a007-057c1c53d603,동산열쇠,열쇠,여의동 골목형상점가,골목형상점가,전북특별자치도,3.0,3.0,,,RESOLVED_AGREEMENT,False,3,,,,
defc0d35beefd5c2dbd9,test,열쇠,T5 서비스,q_열쇠_02,열쇠 복사,생활서비스 중 '열쇠'를 판매·제공하는 매장,06806010-a06d-4c83-a69c-bf1347ad6901,대흥열쇠,열쇠,화성남양시장,전통시장,경기도,3.0,3.0,,,RESOLVED_AGREEMENT,False,3,,,,
8ef3b7a96f1acc4d7cd1,test,열쇠,T5 서비스,q_열쇠_02,열쇠 복사,생활서비스 중 '열쇠'를 판매·제공하는 매장,e54293ac-5e07-4a56-8524-c44edb55200b,키박사,열쇠,오창전통시장,전통시장,충청북도,3.0,3.0,,,RESOLVED_AGREEMENT,False,3,,,,
ef1cfc1cb6492e64860f,test,열쇠,T5 서비스,q_열쇠_02,열쇠 복사,생활서비스 중 '열쇠'를 판매·제공하는 매장,00056471-c3db-46bd-895a-909ff1e7b36c,부자열쇠,열쇠,정릉서경대길골목형상점가(정릉골),골목형상점가,서울특별시,3.0,3.0,,,RESOLVED_AGREEMENT,False,3,,,,
c53ef8b08c812b580199,test,열쇠,T5 서비스,q_열쇠_02,열쇠 복사,생활서비스 중 '열쇠'를 판매·제공하는 매장,c1410b56-71c6-497e-984f-19847e5f86b9,화이트화장품,화장품,전주신중앙시장(구 중앙버드나무시장),전통시장,전북특별자치도,0.0,0.0,,,RESOLVED_AGREEMENT,False,0,,,,
fcd52a0ebf89398a1521,test,열쇠,T5 서비스,q_열쇠_02,열쇠 복사,생활서비스 중 '열쇠'를 판매·제공하는 매장,64764201-929d-4462-b8f1-9030552ac35f,하나열쇠,열쇠,용호골목시장,전통시장,부산광역시,3.0,3.0,,,RESOLVED_AGREEMENT,False,3,,,,
3b7c0919c581ac44b40c,test,열쇠,T5 서비스,q_열쇠_02,열쇠 복사,생활서비스 중 '열쇠'를 판매·제공하는 매장,01c3ec28-1ceb-48f0-88e2-030e84b4d3f4,해영함석,철물,고도리 장터거리 상점가,골목형상점가,전라남도,1.0,2.0,,,P1_BINARY_THRESHOLD,True,,,,,
399a8747decaaf5fee69,test,열쇠,T5 서비스,q_열쇠_02,열쇠 복사,생활서비스 중 '열쇠'를 판매·제공하는 매장,18f0848a-cdc7-4f9f-a9c1-c756e6be1383,신가열쇠,열쇠,신가아름마을,골목형상점가,광주광역시,3.0,3.0,,,RESOLVED_AGREEMENT,False,3,,,,
c58be46862e3838ff137,test,의료,T1 정확표기,q_의료_01,의료,건강·의료 중 '의료'를 판매·제공하는 매장,e0ac60a8-6ea4-4bea-88c2-81c7e0d0698b,비타의원,의료,영통입구 골목형상점가,골목형상점가,경기도,3.0,3.0,,,RESOLVED_AGREEMENT,False,3,,,,
162031b3a3a9a609d9b5,test,의료,T1 정확표기,q_의료_01,의료,건강·의료 중 '의료'를 판매·제공하는 매장,7de77211-458e-406c-8e66-d256308ec568,서울나인앤의원,의료,시청앞사거리 골목형상점가,골목형상점가,충청남도,3.0,3.0,,,RESOLVED_AGREEMENT,False,3,,,,
4be7b998361081d65e2f,test,의료,T1 정확표기,q_의료_01,의료,건강·의료 중 '의료'를 판매·제공하는 매장,0056dcd4-0ac0-4535-9ee5-c8fd19d8ff14,중화한의원,한의원,보령한내시장,전통시장,충청남도,3.0,3.0,,,RESOLVED_AGREEMENT,False,3,,,,
b3b10fea0805fed52f6a,test,의료,T1 정확표기,q_의료_01,의료,건강·의료 중 '의료'를 판매·제공하는 매장,f2f40065-3197-4c7b-af62-433ac62cb54f,수 한의원,의료,산본로데오거리(구 산본중심상가),자율상권구역,경기도,3.0,3.0,,,RESOLVED_AGREEMENT,False,3,,,,
a2ed17b2e621589766cb,test,의료,T1 정확표기,q_의료_01,의료,건강·의료 중 '의료'를 판매·제공하는 매장,c62a01e5-dee3-480d-8b7a-be4456e340c9,열린치과,의료,무안읍중심상가상점가,기타,전라남도,3.0,3.0,,,RESOLVED_AGREEMENT,False,3,,,,
5b9836c04c4c6c4085ac,test,의료,T1 정확표기,q_의료_01,의료,건강·의료 중 '의료'를 판매·제공하는 매장,98474c61-e74f-4217-a8af-d186cf86f156,햇님한의원,의료,소담마실길 골목형상점가,골목형상점가,세종특별자치시,3.0,3.0,,,RESOLVED_AGREEMENT,False,3,,,,
4bc5165dfd66eb53505c,test,의료,T1 정확표기,q_의료_01,의료,건강·의료 중 '의료'를 판매·제공하는 매장,00192f22-a492-4ba5-a62d-65bf0d0ec7b9,큰물한의원,한의원,전주서곡 골목형상점가,골목형상점가,전북특별자치도,3.0,3.0,,,RESOLVED_AGREEMENT,False,3,,,,
b11ff71f1b40b44d7ca4,test,의료,T1 정확표기,q_의료_01,의료,건강·의료 중 '의료'를 판매·제공하는 매장,592232af-e512-4e89-8f2b-96d77860a565,미라벨의원,의료,약수시장골목형상점가,골목형상점가,서울특별시,3.0,3.0,,,RESOLVED_AGREEMENT,False,3,,,,
15d51727f8ea3c06c6a6,test,의료,T1 정확표기,q_의료_01,의료,건강·의료 중 '의료'를 판매·제공하는 매장,e58c9a7d-3adf-419b-acdd-9f6168ea2b2f,진내과의원,의료,더불어용두 골목형상점가,골목형상점가,광주광역시,3.0,3.0,,,RESOLVED_AGREEMENT,False,3,,,,
faf24c0e26640ebfe056,test,의료,T1 정확표기,q_의료_01,의료,건강·의료 중 '의료'를 판매·제공하는 매장,d665899c-6e33-406d-b17e-ef3f42402009,평촌신세계치과,의료,평촌역 상점가,자율상권구역,경기도,3.0,3.0,,,RESOLVED_AGREEMENT,False,3,,,,
e5c3dbcf6946445d99cc,test,의료,T1 정확표기,q_의료_01,의료,건강·의료 중 '의료'를 판매·제공하는 매장,3893f3c2-6d3e-49eb-ab12-bb0ea00970ba,센텀치과의원,의료,희담길,골목형상점가,광주광역시,3.0,3.0,,,RESOLVED_AGREEMENT,False,3,,,,
a286543fe536dd71675f,test,의료,T1 정확표기,q_의료_01,의료,건강·의료 중 '의료'를 판매·제공하는 매장,515b321e-06f1-458e-ae12-eb44c03e2322,속초바다의원,의료,중앙1번가골목형상점가,골목형상점가,강원특별자치도,3.0,3.0,,,RESOLVED_AGREEMENT,False,3,,,,
621f78d950b1f1edbc24,test,의료,T1 정확표기,q_의료_01,의료,건강·의료 중 '의료'를 판매·제공하는 매장,9ebb7804-3688-406e-9b64-e0e73176067c,신동아29호,수산물,신동아수산물종합시장,전통시장,부산광역시,0.0,0.0,,,RESOLVED_AGREEMENT,False,0,,,,
f5173ca09b81557820b4,test,의료,T1 정확표기,q_의료_01,의료,건강·의료 중 '의료'를 판매·제공하는 매장,bea4fd92-1554-4d0a-bab7-6f84d46d3b1e,한상길내과의원,의료,천천중심상가 골목형상점가,골목형상점가,경기도,3.0,3.0,,,RESOLVED_AGREEMENT,False,3,,,,
96fca9b218a9b787ffdc,test,의료,T1 정확표기,q_의료_01,의료,건강·의료 중 '의료'를 판매·제공하는 매장,edc5dbc5-bb01-450d-a557-3ecfbb71f093,데인티,제과점,꿈의숲장곡골목형상점가,골목형상점가,서울특별시,0.0,0.0,,,RESOLVED_AGREEMENT,False,0,,,,
8bac3766038f6da156dd,test,의료,T1 정확표기,q_의료_01,의료,건강·의료 중 '의료'를 판매·제공하는 매장,013526b7-d35c-404e-93d1-3a112d8de0c6,아이생각소아청소년과의원,진료비,신용동 골목형상점가,골목형상점가,광주광역시,3.0,3.0,,,RESOLVED_AGREEMENT,False,3,,,,
85c92d4936109b33e734,test,의료,T1 정확표기,q_의료_01,의료,건강·의료 중 '의료'를 판매·제공하는 매장,3dd0925d-0b65-409e-bab7-0b1f09d26d6c,모든내과의원,의료,주월1동봉선로 골목형상점가,골목형상점가,광주광역시,3.0,3.0,,,RESOLVED_AGREEMENT,False,3,,,,
d4ab34ec7f76bce2ac27,test,의료,T1 정확표기,q_의료_01,의료,건강·의료 중 '의료'를 판매·제공하는 매장,7d6018f6-ef12-44b4-be38-c7448cecbdaa,유병전내과,의료,북부서 맞은편 골목형상점가,골목형상점가,광주광역시,3.0,3.0,,,RESOLVED_AGREEMENT,False,3,,,,
c9d5bec689e4c0b38f31,test,의료,T1 정확표기,q_의료_01,의료,건강·의료 중 '의료'를 판매·제공하는 매장,bfa5e030-a685-40b3-97e8-a1b7164b3b4e,신성치과,의료,성당레미안이편한상가 골목형상점가,골목형상점가,대구광역시,3.0,3.0,,,RESOLVED_AGREEMENT,False,3,,,,
57dd8182f1b73be114b7,test,의료,T1 정확표기,q_의료_01,의료,건강·의료 중 '의료'를 판매·제공하는 매장,e8b96aad-c12d-420b-b536-fd1f41dfc96a,비엘의원,의료,우산상인회 골목형상점가,골목형상점가,광주광역시,3.0,3.0,,,RESOLVED_AGREEMENT,False,3,,,,
42308ccae016c4ab759d,test,의료,T1 정확표기,q_의료_01,의료,건강·의료 중 '의료'를 판매·제공하는 매장,00427918-a4b0-485e-ab42-62ebce752f92,유디해운대치과의원,의료,영풍리젠시 골목형상점가,골목형상점가,부산광역시,3.0,3.0,,,RESOLVED_AGREEMENT,False,3,,,,
1756eb03c40c3cad09c5,test,의료,T1 정확표기,q_의료_01,의료,건강·의료 중 '의료'를 판매·제공하는 매장,42dcd886-28df-41b1-a184-075ca57c02e1,옥윤영한의원,의료,목화 골목형상점가,골목형상점가,광주광역시,3.0,3.0,,,RESOLVED_AGREEMENT,False,3,,,,
e42b93b158b6e6db28f3,test,의료,T1 정확표기,q_의료_01,의료,건강·의료 중 '의료'를 판매·제공하는 매장,9286f415-404e-402a-b89a-b485be8acdd8,산돌한의원,의료,가재마을 골목형상점가,골목형상점가,세종특별자치시,3.0,3.0,,,RESOLVED_AGREEMENT,False,3,,,,
2a13b23f27f4fecc7d9f,test,의료,T1 정확표기,q_의료_01,의료,건강·의료 중 '의료'를 판매·제공하는 매장,41a830c9-a316-4aa0-90dc-dc143c7b731b,사랑애치과,의료,금호상인회 골목형상점가,골목형상점가,광주광역시,3.0,3.0,,,RESOLVED_AGREEMENT,False,3,,,,
581d2b207414e8459a8f,test,의료,T1 정확표기,q_의료_01,의료,건강·의료 중 '의료'를 판매·제공하는 매장,6eb37051-3812-4645-860a-6a15830731e8,다니엘의원,의료,효천로 골목형상점가,골목형상점가,광주광역시,3.0,3.0,,,RESOLVED_AGREEMENT,False,3,,,,
15f4fd04612d98f25c06,test,의료,T1 정확표기,q_의료_01,의료,건강·의료 중 '의료'를 판매·제공하는 매장,00962f54-90e0-479e-84a4-3f6e6f6515ec,비쥬여성산부인과의원,의료,운수대통 골목형상점가,골목형상점가,광주광역시,3.0,3.0,,,RESOLVED_AGREEMENT,False,3,,,,
690df76f4da3f7291697,test,의료,T1 정확표기,q_의료_01,의료,건강·의료 중 '의료'를 판매·제공하는 매장,005f6f1a-ae3e-47a8-9298-8c7cae082531,삼선의원,일반의원,광복마을3-4길 골목형상점가,골목형상점가,광주광역시,3.0,3.0,,,RESOLVED_AGREEMENT,False,3,,,,
52f37073992fc38b1141,test,의료,T1 정확표기,q_의료_01,의료,건강·의료 중 '의료'를 판매·제공하는 매장,812440f3-e206-42ea-ab57-60844a6d8182,미즈피아병원,의료,치평상무역상인회 골목형상점가,골목형상점가,광주광역시,3.0,3.0,,,RESOLVED_AGREEMENT,False,3,,,,
678a68fbaf2b6b73821f,test,의료,T1 정확표기,q_의료_01,의료,건강·의료 중 '의료'를 판매·제공하는 매장,00fdab59-58f8-4c63-8765-30cb59a78156,도안프라임치과의원,치과진료,목원대 골목형상점가,골목형상점가,대전광역시,3.0,3.0,,,RESOLVED_AGREEMENT,False,3,,,,
4dbb8579672bfc437fe1,test,의료,T1 정확표기,q_의료_01,의료,건강·의료 중 '의료'를 판매·제공하는 매장,eb80daed-1a54-4cda-b77a-2aba3b6aff47,오내과의원,의료,팔달신시장,전통시장,대구광역시,3.0,3.0,,,RESOLVED_AGREEMENT,False,3,,,,
f4a5afdb06490c9c55af,test,의료,T1 정확표기,q_의료_01,의료,건강·의료 중 '의료'를 판매·제공하는 매장,0006edf8-62da-4c5d-8bed-80e32a855936,e-바른치과의원,병원,금화로상인회 골목형상점가,골목형상점가,광주광역시,3.0,3.0,,,RESOLVED_AGREEMENT,False,3,,,,
298cb23acd3423417646,test,의료,T1 정확표기,q_의료_01,의료,건강·의료 중 '의료'를 판매·제공하는 매장,20761589-60e1-471e-90ee-578f8041a1b1,꼬마이치과,의료,문흥2동 골목형상점가,골목형상점가,광주광역시,3.0,3.0,,,RESOLVED_AGREEMENT,False,3,,,,
caacd99f1dea0d7191d3,test,의료,T1 정확표기,q_의료_01,의료,건강·의료 중 '의료'를 판매·제공하는 매장,072ed95f-4c7c-4962-bdca-87c8558de161,한신내과,내과,여의동 골목형상점가,골목형상점가,전북특별자치도,3.0,3.0,,,RESOLVED_AGREEMENT,False,3,,,,
1b794ca79dff0c6e8afd,test,의료,T1 정확표기,q_의료_01,의료,건강·의료 중 '의료'를 판매·제공하는 매장,3be87fd3-952d-4145-baf1-f41f6cb7f747,서울굿닥터의원,의료,새롬동 골목형상점가,골목형상점가,세종특별자치시,3.0,3.0,,,RESOLVED_AGREEMENT,False,3,,,,
0b8c716032de1bfb17b9,test,의료,T1 정확표기,q_의료_01,의료,건강·의료 중 '의료'를 판매·제공하는 매장,8ab2ceb8-29fd-44a4-8218-fb8fff5ba79f,미모의원,의료,두암1동 골목형상점가,골목형상점가,광주광역시,3.0,3.0,,,RESOLVED_AGREEMENT,False,3,,,,
eb77f51c117804c0407b,test,의료,T1 정확표기,q_의료_01,의료,건강·의료 중 '의료'를 판매·제공하는 매장,76e499d7-a868-49ed-b431-e4a55be731b1,메디웰한방병원,의료 한방의료,매화 하백로 골목형상점가,골목형상점가,광주광역시,3.0,3.0,,,RESOLVED_AGREEMENT,False,3,,,,
62c08d56edfc473a6c67,test,의료,T1 정확표기,q_의료_01,의료,건강·의료 중 '의료'를 판매·제공하는 매장,3e14d52a-bdf3-4d96-89b2-05dc29b580d3,가치과,의료,방이시장,전통시장,서울특별시,3.0,3.0,,,RESOLVED_AGREEMENT,False,3,,,,
97a2e0e72e34c6614248,test,의료,T1 정확표기,q_의료_01,의료,건강·의료 중 '의료'를 판매·제공하는 매장,19a7c098-86d6-4ecf-a79b-af07cc2e3dbe,연합치과,의료,월곡2동 골목형상점가,골목형상점가,광주광역시,3.0,3.0,,,RESOLVED_AGREEMENT,False,3,,,,
6fa07fea7b8370e3dbf1,test,의료,T1 정확표기,q_의료_01,의료,건강·의료 중 '의료'를 판매·제공하는 매장,0083c935-4cf1-4856-831b-5e623fcb71ac,봄봄이비인후과의원,의료서비스,고운동상점가,자율상권구역,세종특별자치시,3.0,3.0,,,RESOLVED_AGREEMENT,False,3,,,,
bb9457d031066825ddbd,test,의료,T1 정확표기,q_의료_01,의료,건강·의료 중 '의료'를 판매·제공하는 매장,08144d0b-f70f-4e6a-b20d-9dc93b3cc304,JM의원,의료,희담길,골목형상점가,광주광역시,3.0,3.0,,,RESOLVED_AGREEMENT,False,3,,,,
f47ce6337b4f65566a75,test,의료,T1 정확표기,q_의료_01,의료,건강·의료 중 '의료'를 판매·제공하는 매장,a93c11e6-a512-467e-8893-f0c85bae86c9,고잔최고한의원,의료,사리골상점가,자율상권구역,경기도,3.0,3.0,,,RESOLVED_AGREEMENT,False,3,,,,
196285552bb857729fef,test,의료,T1 정확표기,q_의료_01,의료,건강·의료 중 '의료'를 판매·제공하는 매장,c28b960b-7bac-4049-a39b-786192c8e93f,맘편한내과,의료,상무역4번출구상인회 골목형상점가,골목형상점가,광주광역시,3.0,3.0,,,RESOLVED_AGREEMENT,False,3,,,,
2ed07d304d98167347e3,test,의료,T1 정확표기,q_의료_01,의료,건강·의료 중 '의료'를 판매·제공하는 매장,01b5432d-9420-483d-8da1-210127e3bb61,다사랑패밀리의원,내과 이비인후과 소아과,다사역 골목형상점가,골목형상점가,대구광역시,3.0,3.0,,,RESOLVED_AGREEMENT,False,3,,,,
59f960d9a58783a1c2de,test,의료,T1 정확표기,q_의료_01,의료,건강·의료 중 '의료'를 판매·제공하는 매장,6d9228ae-fc22-4e16-91b9-dbd73ca7b2f1,소망의원,의료,퇴계로 골목형상점가,골목형상점가,서울특별시,3.0,3.0,,,RESOLVED_AGREEMENT,False,3,,,,
2707a9578ed5665c2009,test,의료,T1 정확표기,q_의료_01,의료,건강·의료 중 '의료'를 판매·제공하는 매장,00538958-226f-4338-8542-1fd9df6996d4,새현대치과,의료,매곡 가인 골목형상점가,골목형상점가,광주광역시,3.0,3.0,,,RESOLVED_AGREEMENT,False,3,,,,
b40ae30f117e0ae2e466,test,의료,T1 정확표기,q_의료_01,의료,건강·의료 중 '의료'를 판매·제공하는 매장,1911ab86-b1c4-450e-af18-cafef5d6aab5,청담BS한의원,의료,사리골상점가,자율상권구역,경기도,3.0,3.0,,,RESOLVED_AGREEMENT,False,3,,,,
002cca747c6b010742d6,test,의료,T1 정확표기,q_의료_01,의료,건강·의료 중 '의료'를 판매·제공하는 매장,046a17f8-7fb4-4ee9-936a-7a1e3929f542,미래의원,의료,울산 스퀘어 골목형상점가,골목형상점가,울산광역시,3.0,3.0,,,RESOLVED_AGREEMENT,False,3,,,,
c8cdfb68e01b30750450,test,의료,T1 정확표기,q_의료_01,의료,건강·의료 중 '의료'를 판매·제공하는 매장,6c714f5c-264b-408a-aedf-c02bf03172fc,나용필모피부과,의료,신세계앞상인회 골목형상점가,골목형상점가,광주광역시,3.0,3.0,,,RESOLVED_AGREEMENT,False,3,,,,
8405e656780afce6f2a5,test,의료,T1 정확표기,q_의료_01,의료,건강·의료 중 '의료'를 판매·제공하는 매장,11a19d39-12d3-4297-95ae-4c02770a0117,아름치과의원,의료,아름동상점가,자율상권구역,세종특별자치시,3.0,3.0,,,RESOLVED_AGREEMENT,False,3,,,,
5f36b329ccbe7fd40bd9,test,의료,T1 정확표기,q_의료_01,의료,건강·의료 중 '의료'를 판매·제공하는 매장,c5247a48-90a8-4fd3-8c21-7eba78bc7780,장태수한의원,의료,노블레스 골목형상점가,골목형상점가,경기도,3.0,3.0,,,RESOLVED_AGREEMENT,False,3,,,,
169026838a200332006e,test,의료,T1 정확표기,q_의료_01,의료,건강·의료 중 '의료'를 판매·제공하는 매장,296177a8-d153-4b53-b6f3-69e2cd0e9689,쓰담한의원,의료,금호상인회 골목형상점가,골목형상점가,광주광역시,3.0,3.0,,,RESOLVED_AGREEMENT,False,3,,,,
523ef14c3c65d3feffc8,test,의료,T1 정확표기,q_의료_01,의료,건강·의료 중 '의료'를 판매·제공하는 매장,00d494f5-7e0f-4ced-927a-3360ced94954,핑크유외과,병원,어진동 골목형상점가,골목형상점가,세종특별자치시,3.0,3.0,,,RESOLVED_AGREEMENT,False,3,,,,
bf1da461e5f54beabeb6,test,의료,T1 정확표기,q_의료_01,의료,건강·의료 중 '의료'를 판매·제공하는 매장,00523307-cc4c-4b0c-8b2f-176ca7450d24,오름한의원,한의원,아차산등산로골목형상점가,골목형상점가,서울특별시,3.0,3.0,,,RESOLVED_AGREEMENT,False,3,,,,
e2d1f8743063b37c6b68,test,의료,T1 정확표기,q_의료_01,의료,건강·의료 중 '의료'를 판매·제공하는 매장,d25a6b53-d76a-4b92-b99e-f3a5773d1a85,늘푸른한방병원,한방병원,선부광장로상점가,자율상권구역,경기도,3.0,3.0,,,RESOLVED_AGREEMENT,False,3,,,,
38c688287c5917ccfd8d,test,의료,T1 정확표기,q_의료_01,의료,건강·의료 중 '의료'를 판매·제공하는 매장,6e8be89c-0e18-4c27-ac85-2b750688f26c,라메종의원,의료,해밀동 골목형상점가,골목형상점가,세종특별자치시,3.0,3.0,,,RESOLVED_AGREEMENT,False,3,,,,
7de238c247afe72a4b7a,test,의료,T1 정확표기,q_의료_01,의료,건강·의료 중 '의료'를 판매·제공하는 매장,01e01dc9-a690-442d-a992-0716da4fc86a,소나무한의원,한의진료서비스,수완하나로 골목형상점가,골목형상점가,광주광역시,3.0,3.0,,,RESOLVED_AGREEMENT,False,3,,,,
515ae1b9704c893ced20,test,의료,T1 정확표기,q_의료_01,의료,건강·의료 중 '의료'를 판매·제공하는 매장,01225d66-8811-407d-9bce-43e4dbb97e1c,조일한의원,한의원 진료 서비스,칠성상가시장,전통시장,대구광역시,3.0,3.0,,,RESOLVED_AGREEMENT,False,3,,,,
fa98d6f25b33a3a29689,test,의료,T1 정확표기,q_의료_01,의료,건강·의료 중 '의료'를 판매·제공하는 매장,23462faf-c422-45f0-ac41-ee3af634b875,권오성의원,의료,주월1동회재로 골목형상점가,골목형상점가,광주광역시,3.0,3.0,,,RESOLVED_AGREEMENT,False,3,,,,
34db2f704b7b7ddb6b11,test,의료,T1 정확표기,q_의료_01,의료,건강·의료 중 '의료'를 판매·제공하는 매장,be3f91a1-281c-477d-b05a-4d88f0c91dfd,두래한의원,의료,포항 대이상가 골목형상점가,골목형상점가,경상북도,3.0,3.0,,,RESOLVED_AGREEMENT,False,3,,,,
91e0a6ea033def5bb6d8,test,의료,T1 정확표기,q_의료_01,의료,건강·의료 중 '의료'를 판매·제공하는 매장,2845fd30-b2f0-463f-8195-d9a7d6fc05c7,명인한의원,의료,야탑 골목형상점가,골목형상점가,경기도,3.0,3.0,,,RESOLVED_AGREEMENT,False,3,,,,
92681ac92d8682d10e95,test,의료,T1 정확표기,q_의료_01,의료,건강·의료 중 '의료'를 판매·제공하는 매장,0843ab2c-5a70-4f06-a189-a70676fc9bb2,여송검도관,검도,효천로 골목형상점가,골목형상점가,광주광역시,0.0,0.0,,,RESOLVED_AGREEMENT,False,0,,,,
3fad584eaa21b1ca6259,test,의료,T1 정확표기,q_의료_01,의료,건강·의료 중 '의료'를 판매·제공하는 매장,a5805fe4-a1cf-45c0-a2ff-af314beabc21,e은혜치과의원,의료,임방울대로 골목형상점가,골목형상점가,광주광역시,3.0,3.0,,,RESOLVED_AGREEMENT,False,3,,,,
182b33ff0eb56475c1bb,test,의료,T1 정확표기,q_의료_01,의료,건강·의료 중 '의료'를 판매·제공하는 매장,ac281c5b-311e-41f3-9a6f-30b82e90f12e,함빛병원,의료,북항사랑 골목형상점가,골목형상점가,전라남도,3.0,3.0,,,RESOLVED_AGREEMENT,False,3,,,,
8d86a9ca887a90ba732d,test,의료,T1 정확표기,q_의료_01,의료,건강·의료 중 '의료'를 판매·제공하는 매장,bcb56731-346e-412c-97c1-a91a96f26e94,좋은치과,의료,두암2동 도로변 골목형상점가,골목형상점가,광주광역시,3.0,3.0,,,RESOLVED_AGREEMENT,False,3,,,,
f436909a42f62335fe87,test,의료,T1 정확표기,q_의료_01,의료,건강·의료 중 '의료'를 판매·제공하는 매장,0002538c-b8d9-4911-81c7-966789036b09,빛고을 치과의원,의원,세은 골목형상점가,골목형상점가,광주광역시,3.0,3.0,,,RESOLVED_AGREEMENT,False,3,,,,
7e0972605605ce7c6d1d,test,의료,T1 정확표기,q_의료_01,의료,건강·의료 중 '의료'를 판매·제공하는 매장,70f84d28-77cf-4e3c-9ecd-ff70a2c47187,양치과의원,의료,산본사거리 골목형상점가,골목형상점가,경기도,3.0,3.0,,,RESOLVED_AGREEMENT,False,3,,,,
086f4496dd493132f254,test,의료,T1 정확표기,q_의료_01,의료,건강·의료 중 '의료'를 판매·제공하는 매장,067cdb1a-af4f-412e-b249-18ba9cde846b,반석내과영상의학과의원,내과 영상의학과,반석동 골목형상점가,골목형상점가,대전광역시,3.0,3.0,,,RESOLVED_AGREEMENT,False,3,,,,
6dbed21c1e3dcefe8ac4,test,의료,T1 정확표기,q_의료_01,의료,건강·의료 중 '의료'를 판매·제공하는 매장,e5055997-a0a6-46ce-b7b1-33e9419594ac,좋은내과,의료,동림1 골목형상점가,골목형상점가,광주광역시,3.0,3.0,,,RESOLVED_AGREEMENT,False,3,,,,
d8722f38e4ebdce46f5e,test,의료,T1 정확표기,q_의료_01,의료,건강·의료 중 '의료'를 판매·제공하는 매장,64c40c8d-6344-4dcc-9506-45373e19d966,황준화내과,의료,상무중앙상인회 골목형상점가,골목형상점가,광주광역시,3.0,3.0,,,RESOLVED_AGREEMENT,False,3,,,,
5ae5284d2cf95564e59c,test,의료,T1 정확표기,q_의료_01,의료,건강·의료 중 '의료'를 판매·제공하는 매장,9d977149-c115-4f04-97ed-047cebcb32ff,천곡2점 153셀라 음악학원,음악교육,가원 골목형상점가,골목형상점가,울산광역시,0.0,0.0,,,RESOLVED_AGREEMENT,False,0,,,,
a23bca7f6230ff217fea,test,의료,T1 정확표기,q_의료_01,의료,건강·의료 중 '의료'를 판매·제공하는 매장,0040b4e6-7b74-4175-b54d-add4fe693d49,메디팜보명당약국,"의약품, 의료욕구, 복지욕구, 의료기기",점촌역전상점가,자율상권구역,경상북도,3.0,3.0,,,RESOLVED_AGREEMENT,False,3,,,,
4950386aa50f639938b8,test,의료,T1 정확표기,q_의료_01,의료,건강·의료 중 '의료'를 판매·제공하는 매장,36675764-a0f1-4844-a3f1-f6bfb0c35523,조아진병원,의료,옛 경양방죽 골목형상점가,골목형상점가,광주광역시,3.0,3.0,,,RESOLVED_AGREEMENT,False,3,,,,
bd3376014f7077fef761,test,의료,T1 정확표기,q_의료_01,의료,건강·의료 중 '의료'를 판매·제공하는 매장,edc6a720-ac7d-47a8-bf07-1e405220a05b,태평농산,쌀 잡곡,두암1동서방로 골목형상점가,골목형상점가,광주광역시,0.0,0.0,,,RESOLVED_AGREEMENT,False,0,,,,
f9a92411aa23f0d570e4,test,의료,T1 정확표기,q_의료_01,의료,건강·의료 중 '의료'를 판매·제공하는 매장,4c0f6bd3-93b9-4a67-bee8-465e8fec02b6,윤한의원,의료,남성사계시장,전통시장,서울특별시,3.0,3.0,,,RESOLVED_AGREEMENT,False,3,,,,
b5fca59fe93039e86b81,test,의료,T1 정확표기,q_의료_01,의료,건강·의료 중 '의료'를 판매·제공하는 매장,654b14b7-4d18-44a0-ad90-17d6d2bfa110,벨버티의원,의료,주월양우내안애상가 골목형상점가,골목형상점가,광주광역시,3.0,3.0,,,RESOLVED_AGREEMENT,False,3,,,,
7faa96f3899ef932e88e,test,의료,T1 정확표기,q_의료_01,의료,건강·의료 중 '의료'를 판매·제공하는 매장,45944680-f451-40db-8e0b-ab92168787af,킴스치과,의료,사리골상점가,자율상권구역,경기도,3.0,3.0,,,RESOLVED_AGREEMENT,False,3,,,,
65899e330f9a4f9e2dda,test,의료,T1 정확표기,q_의료_01,의료,건강·의료 중 '의료'를 판매·제공하는 매장,75f1af6e-e612-4c34-bbd6-0978c4dbf2ff,영통민치과,의료,영통입구 골목형상점가,골목형상점가,경기도,3.0,3.0,,,RESOLVED_AGREEMENT,False,3,,,,
7d55f1994a350f3c4e8a,test,의료,T1 정확표기,q_의료_01,의료,건강·의료 중 '의료'를 판매·제공하는 매장,507cbfc7-72aa-4eec-8824-9378f50ef258,꽃길의원,의료,종로5가역일번출구상점가,자율상권구역,서울특별시,3.0,3.0,,,RESOLVED_AGREEMENT,False,3,,,,
b634dddd958da59356f4,test,의료,T1 정확표기,q_의료_01,의료,건강·의료 중 '의료'를 판매·제공하는 매장,7282dddd-c4ac-4cd2-ae3e-87de39ee77ae,광제한의원,의료,학1마을 골목형상점가,골목형상점가,광주광역시,3.0,3.0,,,RESOLVED_AGREEMENT,False,3,,,,
05ca7a067f53f932ea76,test,의료,T1 정확표기,q_의료_01,의료,건강·의료 중 '의료'를 판매·제공하는 매장,508bc4e8-b665-49e6-a767-9d263ae0f456,나무,의류,성남중앙지하시장,일반지하상점가,경기도,0.0,0.0,,,RESOLVED_AGREEMENT,False,0,,,,
80adcf25ab5aa82cdf79,test,의료,T1 정확표기,q_의료_01,의료,건강·의료 중 '의료'를 판매·제공하는 매장,012ea1f6-bb18-4f60-811e-1858d1f8fb85,서울삼성내과,병원,장자호수공원 골목형상점가,골목형상점가,경기도,3.0,3.0,,,RESOLVED_AGREEMENT,False,3,,,,
09ab1d2f66581d2ec5e7,test,의료,T1 정확표기,q_의료_01,의료,건강·의료 중 '의료'를 판매·제공하는 매장,48168d49-f20f-45dd-8249-9d6feb533e93,한밭의원,의료,문창동 보물찾(Chat)길 골목형상점가,골목형상점가,대전광역시,3.0,3.0,,,RESOLVED_AGREEMENT,False,3,,,,
2a6eaf5325be38767216,test,의료,T1 정확표기,q_의료_01,의료,건강·의료 중 '의료'를 판매·제공하는 매장,0286c595-5d7f-49db-876a-6959d52a7d39,서울더원플러스치과,치과진료,남성역 골목시장,전통시장,서울특별시,3.0,3.0,,,RESOLVED_AGREEMENT,False,3,,,,
eae545fb5ca80074a6ac,test,의료,T1 정확표기,q_의료_01,의료,건강·의료 중 '의료'를 판매·제공하는 매장,119ddede-7870-4f51-a5a3-2526f77953da,강치과의원,의료,동구청앞 골목형상점가,골목형상점가,광주광역시,3.0,3.0,,,RESOLVED_AGREEMENT,False,3,,,,
2d19e435d0081bf54216,test,의료,T1 정확표기,q_의료_01,의료,건강·의료 중 '의료'를 판매·제공하는 매장,e90024f0-21d4-447d-b68d-8e842b1a5a79,다나의원,의료,전방의거리 골목형상점가,골목형상점가,인천광역시,3.0,3.0,,,RESOLVED_AGREEMENT,False,3,,,,
e2818d33a2880315548f,test,의료,T1 정확표기,q_의료_01,의료,건강·의료 중 '의료'를 판매·제공하는 매장,5f44c2cd-d166-4313-8ac6-b943c63e7632,연세탑치과,의료,세종전통시장,전통시장,세종특별자치시,3.0,3.0,,,RESOLVED_AGREEMENT,False,3,,,,
e5e7a0d3a1fe267249c1,test,의료,T1 정확표기,q_의료_01,의료,건강·의료 중 '의료'를 판매·제공하는 매장,2ab4471b-8524-4be9-94a6-b2b1b7530d5d,동작고려의원,의료,노량진만나로골목형상점가,골목형상점가,서울특별시,3.0,3.0,,,RESOLVED_AGREEMENT,False,3,,,,
86c95ea7082b7fb4e65b,test,의료,T1 정확표기,q_의료_01,의료,건강·의료 중 '의료'를 판매·제공하는 매장,7fa5839b-5ede-4c57-8986-cca35e413783,미몽피부과,의료,장자호수공원 골목형상점가,골목형상점가,경기도,3.0,3.0,,,RESOLVED_AGREEMENT,False,3,,,,
89b83b13c09090395549,test,의료,T1 정확표기,q_의료_01,의료,건강·의료 중 '의료'를 판매·제공하는 매장,5eff133f-d51a-4b7b-8e0b-5d9f7b55a85f,밝은의원,의료,화정소담상인회 골목형상점가,골목형상점가,광주광역시,3.0,3.0,,,RESOLVED_AGREEMENT,False,3,,,,
509c46c9eef63dcc1448,test,의료,T1 정확표기,q_의료_01,의료,건강·의료 중 '의료'를 판매·제공하는 매장,036ef24a-2d53-4dd1-9bbd-6d0c2a81dd24,바른동물병원,수의 동물병원,송도랜드마크시티 센트럴더샵 골목형상점가,골목형상점가,인천광역시,3.0,3.0,,,RESOLVED_AGREEMENT,False,3,,,,
6628baa3c4cd019f264d,test,의료,T1 정확표기,q_의료_01,의료,건강·의료 중 '의료'를 판매·제공하는 매장,5328d188-ee62-4d26-808b-d2e9964eddf3,한겨레한의원,의료,노은역 골목형상점가,골목형상점가,대전광역시,3.0,3.0,,,RESOLVED_AGREEMENT,False,3,,,,
0a2929aeae866c28bca9,test,의료,T1 정확표기,q_의료_01,의료,건강·의료 중 '의료'를 판매·제공하는 매장,0de3b65e-bfc2-4d65-b686-297aca7561f4,소망의원,의료,신가동 골목형상점가,골목형상점가,광주광역시,3.0,3.0,,,RESOLVED_AGREEMENT,False,3,,,,
8722ce0fc00721cdc7b6,test,의료,T1 정확표기,q_의료_01,의료,건강·의료 중 '의료'를 판매·제공하는 매장,9eb36b86-6629-481c-9263-affc6b3430f4,여송한의원,의료,열매 골목형상점가,골목형상점가,대전광역시,3.0,3.0,,,RESOLVED_AGREEMENT,False,3,,,,
6f52ef86f03a9d028c61,test,의료,T1 정확표기,q_의료_01,의료,건강·의료 중 '의료'를 판매·제공하는 매장,056051e6-c0e1-4402-b967-242217ff89ba,임명수 내과,내과,일곡동 골목형상점가,골목형상점가,광주광역시,3.0,3.0,,,RESOLVED_AGREEMENT,False,3,,,,
5cc1b18b86958a0b5085,test,의료,T1 정확표기,q_의료_01,의료,건강·의료 중 '의료'를 판매·제공하는 매장,cc52bc50-8268-412f-b13f-b20ba4d37b37,장쏙쏙내과의원,의료,풍암중앙상인회 골목형상점가,골목형상점가,광주광역시,3.0,3.0,,,RESOLVED_AGREEMENT,False,3,,,,
786104414026cdffdda1,test,의료,T1 정확표기,q_의료_01,의료,건강·의료 중 '의료'를 판매·제공하는 매장,5eed1e65-f28d-4d8b-b94f-d5b118f1bb78,대촌서암의원,의료,지석사거리 골목형상점가,골목형상점가,광주광역시,3.0,3.0,,,RESOLVED_AGREEMENT,False,3,,,,
aeccde0acebf8f46d3e3,test,의료,T1 정확표기,q_의료_01,의료,건강·의료 중 '의료'를 판매·제공하는 매장,7fbf2e60-e7a1-468a-9c4e-e203cec9a7ce,이인창치과,의료,마산 오동동상인연합상가,자율상권구역,경상남도,3.0,3.0,,,RESOLVED_AGREEMENT,False,3,,,,
c1db3957a331edb45edb,test,의료,T1 정확표기,q_의료_01,의료,건강·의료 중 '의료'를 판매·제공하는 매장,f71deb0e-fa23-4a85-83ef-d1c9c1e448ab,지젤,의료,나운금빛 골목형상점가,골목형상점가,전북특별자치도,3.0,3.0,,,RESOLVED_AGREEMENT,False,3,,,,
b95b35675a841bfb8101,test,의료,T1 정확표기,q_의료_01,의료,건강·의료 중 '의료'를 판매·제공하는 매장,99f6af0e-dc2d-4a2c-9ab9-22fc37f628d0,기덕상회,패류 소매업,인천종합어시장,전통시장,인천광역시,0.0,0.0,,,RESOLVED_AGREEMENT,False,0,,,,
f48226e9a6788904fa85,test,의료,T1 정확표기,q_의료_01,의료,건강·의료 중 '의료'를 판매·제공하는 매장,88180da8-6b81-410e-9c5a-8a5a921d5f39,학문외과,의료,남문로 어울림 골목 골목형상점가,골목형상점가,광주광역시,3.0,3.0,,,RESOLVED_AGREEMENT,False,3,,,,
057478ffe956eeb6707c,test,의료,T1 정확표기,q_의료_01,의료,건강·의료 중 '의료'를 판매·제공하는 매장,030d2cd2-d4d8-4ee8-bd1e-b3a1e71138d1,상문동물병원,동물병원,거제 상동 골목형상점가,골목형상점가,경상남도,3.0,3.0,,,RESOLVED_AGREEMENT,False,3,,,,
593a3a230660f025354d,test,의료,T1 정확표기,q_의료_01,의료,건강·의료 중 '의료'를 판매·제공하는 매장,f8147be7-4b3c-4ad8-b029-6b56dd1b45ff,올리브한의원,의료,서원동상점가,자율상권구역,서울특별시,3.0,3.0,,,RESOLVED_AGREEMENT,False,3,,,,
6ccd641341f9f1db2d17,test,의료,T1 정확표기,q_의료_01,의료,건강·의료 중 '의료'를 판매·제공하는 매장,d47e6a99-4ca3-4c15-b198-0ea7d0a2f70d,현미경치과,의료,개포동 구마을 골목형상점가,골목형상점가,서울특별시,3.0,3.0,,,RESOLVED_AGREEMENT,False,3,,,,
bb1de22638faa91d17af,test,의료,T1 정확표기,q_의료_01,의료,건강·의료 중 '의료'를 판매·제공하는 매장,cea8bd10-4c77-4f6d-b2c0-a0df2efcfa37,백두한의원,의료,광복마을푸른길 골목형상점가,골목형상점가,광주광역시,3.0,3.0,,,RESOLVED_AGREEMENT,False,3,,,,
80da465a439eb0f27074,test,의료,T1 정확표기,q_의료_01,의료,건강·의료 중 '의료'를 판매·제공하는 매장,a47d9a12-2bc7-4d23-b305-9b74ccf2b910,광주복십자의원,의료,동광주 골목형상점가,골목형상점가,광주광역시,3.0,3.0,,,RESOLVED_AGREEMENT,False,3,,,,
563d4182f9e265dd06cf,test,의료,T1 정확표기,q_의료_01,의료,건강·의료 중 '의료'를 판매·제공하는 매장,054d77ec-b17b-4ed9-9322-6f9060ce3d53,현소아청소년과의원,소아과 내과,일곡동 골목형상점가,골목형상점가,광주광역시,3.0,3.0,,,RESOLVED_AGREEMENT,False,3,,,,
91967246eeb807b0c31a,test,의료,T1 정확표기,q_의료_01,의료,건강·의료 중 '의료'를 판매·제공하는 매장,c7f79e34-8b9c-4e01-8b1f-af28742497b4,창원의원,의료,창원 소답시장,전통시장,경상남도,3.0,3.0,,,RESOLVED_AGREEMENT,False,3,,,,
b07ea9943532df847d78,test,의료,T2 동의어,q_의료_02,내과,건강·의료 중 '의료'를 판매·제공하는 매장,7bf672ec-df0b-469b-bdb7-521e0ac6bd49,중앙성모의원,내과,신월7동골목형상점가,골목형상점가,서울특별시,3.0,3.0,,,RESOLVED_AGREEMENT,False,3,,,,
03d97b1b7fda1b82a0d4,test,의료,T2 동의어,q_의료_02,내과,건강·의료 중 '의료'를 판매·제공하는 매장,012ea1f6-bb18-4f60-811e-1858d1f8fb85,서울삼성내과,병원,장자호수공원 골목형상점가,골목형상점가,경기도,3.0,3.0,,,RESOLVED_AGREEMENT,False,3,,,,
bf3af68d7f076534838b,test,의료,T2 동의어,q_의료_02,내과,건강·의료 중 '의료'를 판매·제공하는 매장,00fdab59-58f8-4c63-8765-30cb59a78156,도안프라임치과의원,치과진료,목원대 골목형상점가,골목형상점가,대전광역시,2.0,3.0,,,P2_GRADED_ONLY,True,,,,,
aa85674380a11cb3a9a8,test,의료,T2 동의어,q_의료_02,내과,건강·의료 중 '의료'를 판매·제공하는 매장,dafec481-b7c0-4710-b84f-cb1116bfe47e,조정곤 내과의원,내과,동광주 골목형상점가,골목형상점가,광주광역시,3.0,3.0,,,RESOLVED_AGREEMENT,False,3,,,,
e07fc5744916c664f158,test,의료,T2 동의어,q_의료_02,내과,건강·의료 중 '의료'를 판매·제공하는 매장,76cf0d5c-f47c-4fc5-9984-fa2335d13407,수내과,내과,한빛프라자 골목형상점가,골목형상점가,대전광역시,3.0,3.0,,,RESOLVED_AGREEMENT,False,3,,,,
65f0cc69682456dd6f29,test,의료,T2 동의어,q_의료_02,내과,건강·의료 중 '의료'를 판매·제공하는 매장,00523307-cc4c-4b0c-8b2f-176ca7450d24,오름한의원,한의원,아차산등산로골목형상점가,골목형상점가,서울특별시,3.0,3.0,,,RESOLVED_AGREEMENT,False,3,,,,
7ea85b82c200e5d376b7,test,의료,T2 동의어,q_의료_02,내과,건강·의료 중 '의료'를 판매·제공하는 매장,894b9092-80e2-4040-ad8d-fa8d37862767,채내과,내과,뉴월드프라자골목형상점가,골목형상점가,경기도,3.0,3.0,,,RESOLVED_AGREEMENT,False,3,,,,
eb27dbde26d45cf0c4ce,test,의료,T2 동의어,q_의료_02,내과,건강·의료 중 '의료'를 판매·제공하는 매장,002d0d06-15b2-463e-b789-b0232bcc6681,뚜레주르버들마을점,제과,버들마을상인회 골목형상점가,골목형상점가,광주광역시,0.0,0.0,,,RESOLVED_AGREEMENT,False,0,,,,
61c7ead65310d0211788,test,의료,T2 동의어,q_의료_02,내과,건강·의료 중 '의료'를 판매·제공하는 매장,f3100167-1c56-4300-9bbe-be3453e29169,깨끗한 속내과,내과,남봉덕 골목형상점가,골목형상점가,대구광역시,3.0,3.0,,,RESOLVED_AGREEMENT,False,3,,,,
4bac2a60bda9b97ab065,test,의료,T2 동의어,q_의료_02,내과,건강·의료 중 '의료'를 판매·제공하는 매장,01b5432d-9420-483d-8da1-210127e3bb61,다사랑패밀리의원,내과 이비인후과 소아과,다사역 골목형상점가,골목형상점가,대구광역시,3.0,3.0,,,RESOLVED_AGREEMENT,False,3,,,,
94f7e68210957d9fcb73,test,의료,T2 동의어,q_의료_02,내과,건강·의료 중 '의료'를 판매·제공하는 매장,29868e4e-0525-41ce-8e68-643533312fb2,속튼튼내과의원,내과,공주산성시장,전통시장,충청남도,3.0,3.0,,,RESOLVED_AGREEMENT,False,3,,,,
4a3f4fb35f5a55e8ef1e,test,의료,T2 동의어,q_의료_02,내과,건강·의료 중 '의료'를 판매·제공하는 매장,677178b3-52c2-441c-ab19-4bbef6e07381,천안엔도내과,내과,쌍용동 충무로1구역 골목형상점가,골목형상점가,충청남도,3.0,3.0,,,RESOLVED_AGREEMENT,False,3,,,,
32ae4d68c7ebf6aedd25,test,의료,T2 동의어,q_의료_02,내과,건강·의료 중 '의료'를 판매·제공하는 매장,69134540-bb51-40a7-8fda-da66ecb30aca,김성배내과,내과,화정로상인회 골목형상점가,골목형상점가,광주광역시,3.0,3.0,,,RESOLVED_AGREEMENT,False,3,,,,
70dcba98b689950f3e05,test,의료,T2 동의어,q_의료_02,내과,건강·의료 중 '의료'를 판매·제공하는 매장,00d494f5-7e0f-4ced-927a-3360ced94954,핑크유외과,병원,어진동 골목형상점가,골목형상점가,세종특별자치시,3.0,3.0,,,RESOLVED_AGREEMENT,False,3,,,,
80452be641e45acf736f,test,의료,T2 동의어,q_의료_02,내과,건강·의료 중 '의료'를 판매·제공하는 매장,0083c935-4cf1-4856-831b-5e623fcb71ac,봄봄이비인후과의원,의료서비스,고운동상점가,자율상권구역,세종특별자치시,2.0,3.0,,,P2_GRADED_ONLY,True,,,,,
294e9b21cc3aeadad841,test,의료,T2 동의어,q_의료_02,내과,건강·의료 중 '의료'를 판매·제공하는 매장,d6bc16e1-2a39-4b93-ac61-547e6c289afd,김람훈 내과의원,내과,구성언남 골목형상점가,골목형상점가,경기도,3.0,3.0,,,RESOLVED_AGREEMENT,False,3,,,,
065a45b7970d6a74dfbc,test,의료,T2 동의어,q_의료_02,내과,건강·의료 중 '의료'를 판매·제공하는 매장,01225d66-8811-407d-9bce-43e4dbb97e1c,조일한의원,한의원 진료 서비스,칠성상가시장,전통시장,대구광역시,3.0,3.0,,,RESOLVED_AGREEMENT,False,3,,,,
5447a83326877cfe94a3,test,의료,T2 동의어,q_의료_02,내과,건강·의료 중 '의료'를 판매·제공하는 매장,00538958-226f-4338-8542-1fd9df6996d4,새현대치과,의료,매곡 가인 골목형상점가,골목형상점가,광주광역시,2.0,3.0,,,P2_GRADED_ONLY,True,,,,,
17dce81de4e035589ade,test,의료,T2 동의어,q_의료_02,내과,건강·의료 중 '의료'를 판매·제공하는 매장,466d57ef-23b6-4101-be25-7c4860e4d012,카페에잇,커피,석수본동 골목형상점가,골목형상점가,경기도,0.0,0.0,,,RESOLVED_AGREEMENT,False,0,,,,
dad779a17d0e081a745b,test,의료,T2 동의어,q_의료_02,내과,건강·의료 중 '의료'를 판매·제공하는 매장,00962f54-90e0-479e-84a4-3f6e6f6515ec,비쥬여성산부인과의원,의료,운수대통 골목형상점가,골목형상점가,광주광역시,2.0,3.0,,,P2_GRADED_ONLY,True,,,,,
fb77fac880f49526b41a,test,의료,T2 동의어,q_의료_02,내과,건강·의료 중 '의료'를 판매·제공하는 매장,00427918-a4b0-485e-ab42-62ebce752f92,유디해운대치과의원,의료,영풍리젠시 골목형상점가,골목형상점가,부산광역시,2.0,3.0,,,P2_GRADED_ONLY,True,,,,,
a6327821d15704c02bea,test,의료,T2 동의어,q_의료_02,내과,건강·의료 중 '의료'를 판매·제공하는 매장,0002538c-b8d9-4911-81c7-966789036b09,빛고을 치과의원,의원,세은 골목형상점가,골목형상점가,광주광역시,3.0,3.0,,,RESOLVED_AGREEMENT,False,3,,,,
cc791a799d376b218046,test,의료,T2 동의어,q_의료_02,내과,건강·의료 중 '의료'를 판매·제공하는 매장,959dc8b1-4c82-4365-9b71-ded552269ad9,고려제일내과,내과,남양주장현전통시장,전통시장,경기도,3.0,3.0,,,RESOLVED_AGREEMENT,False,3,,,,
ecd06aa54b465107f69c,test,의료,T2 동의어,q_의료_02,내과,건강·의료 중 '의료'를 판매·제공하는 매장,0286c595-5d7f-49db-876a-6959d52a7d39,서울더원플러스치과,치과진료,남성역 골목시장,전통시장,서울특별시,2.0,3.0,,,P2_GRADED_ONLY,True,,,,,
517cb4ff30bd84e5c88e,test,의료,T2 동의어,q_의료_02,내과,건강·의료 중 '의료'를 판매·제공하는 매장,f013fe0b-4023-4bc4-bac5-d761271a9637,꿉소,고기,장흥중앙로 골목형상점가,골목형상점가,전라남도,0.0,0.0,,,RESOLVED_AGREEMENT,False,0,,,,
b467214989d9d813b449,test,의료,T2 동의어,q_의료_02,내과,건강·의료 중 '의료'를 판매·제공하는 매장,0040b4e6-7b74-4175-b54d-add4fe693d49,메디팜보명당약국,"의약품, 의료욕구, 복지욕구, 의료기기",점촌역전상점가,자율상권구역,경상북도,2.0,3.0,,,P2_GRADED_ONLY,True,,,,,
21dc7b91305ae6296da4,test,의료,T2 동의어,q_의료_02,내과,건강·의료 중 '의료'를 판매·제공하는 매장,ab36f917-e1c4-426e-ad21-589bbde20721,국내과,내과,운암북문대로 골목형상점가,골목형상점가,광주광역시,3.0,3.0,,,RESOLVED_AGREEMENT,False,3,,,,
3db6bcb526c082899a79,test,의료,T2 동의어,q_의료_02,내과,건강·의료 중 '의료'를 판매·제공하는 매장,92bafc41-9d4d-48bc-ab90-ad708deb8795,연세윤내과,내과,산본로데오거리(구 산본중심상가),자율상권구역,경기도,3.0,3.0,,,RESOLVED_AGREEMENT,False,3,,,,
8962add04a026d95ccb7,test,의료,T2 동의어,q_의료_02,내과,건강·의료 중 '의료'를 판매·제공하는 매장,00192f22-a492-4ba5-a62d-65bf0d0ec7b9,큰물한의원,한의원,전주서곡 골목형상점가,골목형상점가,전북특별자치도,3.0,3.0,,,RESOLVED_AGREEMENT,False,3,,,,
eb943f6c6cfdb365eb72,test,의료,T2 동의어,q_의료_02,내과,건강·의료 중 '의료'를 판매·제공하는 매장,6d93636e-d136-4d83-94ac-725c41d89956,풍암민내과,내과,풍암벚꽃길상인회 골목형상점가,골목형상점가,광주광역시,3.0,3.0,,,RESOLVED_AGREEMENT,False,3,,,,
9676407e9477dbbd2dc7,test,의료,T2 동의어,q_의료_02,내과,건강·의료 중 '의료'를 판매·제공하는 매장,1c5cc8db-3faf-4cdc-a3bf-8903a59f7689,우리들내과,내과,선부광장로상점가,자율상권구역,경기도,3.0,3.0,,,RESOLVED_AGREEMENT,False,3,,,,
ad413dc6d4e0f4605263,test,의료,T2 동의어,q_의료_02,내과,건강·의료 중 '의료'를 판매·제공하는 매장,514c3136-bf65-4a2e-a059-9647807c719f,남연호내과,내과,산본로데오거리(구 산본중심상가),자율상권구역,경기도,3.0,3.0,,,RESOLVED_AGREEMENT,False,3,,,,
8dc87da9a5ee02b251b6,test,의료,T2 동의어,q_의료_02,내과,건강·의료 중 '의료'를 판매·제공하는 매장,0f66890e-efbd-40d4-a24c-397bfca01e92,복음내과 의원,내과,둔산3동상점가,자율상권구역,대전광역시,3.0,3.0,,,RESOLVED_AGREEMENT,False,3,,,,
219808aa58d13afeae2c,test,의료,T2 동의어,q_의료_02,내과,건강·의료 중 '의료'를 판매·제공하는 매장,030d2cd2-d4d8-4ee8-bd1e-b3a1e71138d1,상문동물병원,동물병원,거제 상동 골목형상점가,골목형상점가,경상남도,3.0,3.0,,,RESOLVED_AGREEMENT,False,3,,,,
e1e2b3db9db6ddaebda0,test,의료,T2 동의어,q_의료_02,내과,건강·의료 중 '의료'를 판매·제공하는 매장,d0c82c14-f2a8-4328-9ccd-c600bf5b2883,노박의원,내과,별빛뉴타운골목형상점가,골목형상점가,서울특별시,3.0,3.0,,,RESOLVED_AGREEMENT,False,3,,,,
8abe3a0a7cbf60b98a0a,test,의료,T2 동의어,q_의료_02,내과,건강·의료 중 '의료'를 판매·제공하는 매장,49650d14-b981-43ba-9ecf-e4162aadc246,조규웅내과의원,내과,벽산황계로 골목형상점가,골목형상점가,광주광역시,3.0,3.0,,,RESOLVED_AGREEMENT,False,3,,,,
5c1280e3fcd9b35dbdf0,test,의료,T2 동의어,q_의료_02,내과,건강·의료 중 '의료'를 판매·제공하는 매장,9fbf7490-654b-4c8b-a005-3db225778bd1,금왕고내과,내과,금왕중심골목형상점가,골목형상점가,충청북도,3.0,3.0,,,RESOLVED_AGREEMENT,False,3,,,,
b02f003bf03f05a7fe7b,test,의료,T2 동의어,q_의료_02,내과,건강·의료 중 '의료'를 판매·제공하는 매장,1dbe9bcb-e4c8-4a1a-9c94-ce00cd33c3a7,박승욱내과,내과,두암1동 골목형상점가,골목형상점가,광주광역시,3.0,3.0,,,RESOLVED_AGREEMENT,False,3,,,,
251f5ef8cc51aaf29182,test,의료,T2 동의어,q_의료_02,내과,건강·의료 중 '의료'를 판매·제공하는 매장,36c0376a-f365-4377-adfe-bc9beb3dc389,최인태내과,내과,신월7동골목형상점가,골목형상점가,서울특별시,3.0,3.0,,,RESOLVED_AGREEMENT,False,3,,,,
6180229893b19317bd9f,test,의료,T2 동의어,q_의료_02,내과,건강·의료 중 '의료'를 판매·제공하는 매장,8a02ef97-79cf-460a-a221-c2e41317b8bb,건강한내과,내과,황계 골목형상점가,골목형상점가,광주광역시,3.0,3.0,,,RESOLVED_AGREEMENT,False,3,,,,
ce711945739952a08ccd,test,의료,T2 동의어,q_의료_02,내과,건강·의료 중 '의료'를 판매·제공하는 매장,46416026-c661-4adb-9404-0c6204adaed9,홍경표내과,내과,행복 북문대로2 골목형상점가,골목형상점가,광주광역시,3.0,3.0,,,RESOLVED_AGREEMENT,False,3,,,,
2e2626a1c5c52f60e671,test,의료,T2 동의어,q_의료_02,내과,건강·의료 중 '의료'를 판매·제공하는 매장,0006edf8-62da-4c5d-8bed-80e32a855936,e-바른치과의원,병원,금화로상인회 골목형상점가,골목형상점가,광주광역시,3.0,3.0,,,RESOLVED_AGREEMENT,False,3,,,,
8df6e92d19e274e5c4b3,test,의료,T2 동의어,q_의료_02,내과,건강·의료 중 '의료'를 판매·제공하는 매장,056051e6-c0e1-4402-b967-242217ff89ba,임명수 내과,내과,일곡동 골목형상점가,골목형상점가,광주광역시,3.0,3.0,,,RESOLVED_AGREEMENT,False,3,,,,
1130932ffdceedcb2944,test,의료,T2 동의어,q_의료_02,내과,건강·의료 중 '의료'를 판매·제공하는 매장,447d73c2-a8ee-4fc9-bdbf-4e72715fb8d5,문내과의원,내과,경열로상인회 골목형상점가,골목형상점가,광주광역시,3.0,3.0,,,RESOLVED_AGREEMENT,False,3,,,,
0ab3fc92ed305255624d,test,의료,T2 동의어,q_의료_02,내과,건강·의료 중 '의료'를 판매·제공하는 매장,5638e5b6-1726-4763-bffb-1edc40907035,섹시한떡볶이,떡볶이,녹색거리상점가,자율상권구역,경기도,0.0,0.0,,,RESOLVED_AGREEMENT,False,0,,,,
64f629b5df40253a2cc2,test,의료,T2 동의어,q_의료_02,내과,건강·의료 중 '의료'를 판매·제공하는 매장,66584664-2534-4041-a51c-068464303f2f,민사랑내과의원,내과,아진상가,골목형상점가,울산광역시,3.0,3.0,,,RESOLVED_AGREEMENT,False,3,,,,
9fb2e3f3871006ffa2f9,test,의료,T2 동의어,q_의료_02,내과,건강·의료 중 '의료'를 판매·제공하는 매장,66233a7c-af48-4754-b0f5-2eba3e5ab8f8,마음속내과 산본점,내과,산본로데오거리(구 산본중심상가),자율상권구역,경기도,3.0,3.0,,,RESOLVED_AGREEMENT,False,3,,,,
2587e50aadcdc7c18e8f,test,의료,T2 동의어,q_의료_02,내과,건강·의료 중 '의료'를 판매·제공하는 매장,8242d38d-fcd0-4fd9-9ed6-60cb9f9e39de,명내과방사선과의원,내과,금화상인회 골목형상점가,골목형상점가,광주광역시,3.0,3.0,,,RESOLVED_AGREEMENT,False,3,,,,
fe158e1d214a8208d45a,test,의료,T2 동의어,q_의료_02,내과,건강·의료 중 '의료'를 판매·제공하는 매장,072ed95f-4c7c-4962-bdca-87c8558de161,한신내과,내과,여의동 골목형상점가,골목형상점가,전북특별자치도,3.0,3.0,,,RESOLVED_AGREEMENT,False,3,,,,
e88abcf35a1df7b48b70,test,의료,T2 동의어,q_의료_02,내과,건강·의료 중 '의료'를 판매·제공하는 매장,84ca31e1-a83d-4e8c-b6f2-aaae9c2f1bcc,명가떡집,떡,새마을시장,전통시장,서울특별시,0.0,0.0,,,RESOLVED_AGREEMENT,False,0,,,,
accf6bdb1240a70b89e1,test,의료,T2 동의어,q_의료_02,내과,건강·의료 중 '의료'를 판매·제공하는 매장,9f4d260b-70b8-486f-af35-6426cc62422d,명내과,내과,이충 중심상가,골목형상점가,경기도,3.0,3.0,,,RESOLVED_AGREEMENT,False,3,,,,
5ba98f2161511a7c71ec,test,의료,T2 동의어,q_의료_02,내과,건강·의료 중 '의료'를 판매·제공하는 매장,41121a66-b068-4c7b-870f-243c539376d4,이상명 내과의원,내과,남문로 어울림 골목 골목형상점가,골목형상점가,광주광역시,3.0,3.0,,,RESOLVED_AGREEMENT,False,3,,,,
cc9506e5738ae955a4c2,test,의료,T2 동의어,q_의료_02,내과,건강·의료 중 '의료'를 판매·제공하는 매장,054d77ec-b17b-4ed9-9322-6f9060ce3d53,현소아청소년과의원,소아과 내과,일곡동 골목형상점가,골목형상점가,광주광역시,3.0,3.0,,,RESOLVED_AGREEMENT,False,3,,,,
c686ae2543abeacd78de,test,의료,T2 동의어,q_의료_02,내과,건강·의료 중 '의료'를 판매·제공하는 매장,8dff36af-eb6b-4cb5-a718-f6bd6eb76e19,부안내과,내과,부안석정 골목형상점가,골목형상점가,전북특별자치도,3.0,3.0,,,RESOLVED_AGREEMENT,False,3,,,,
94a40d1fc23dbb70e9e9,test,의료,T2 동의어,q_의료_02,내과,건강·의료 중 '의료'를 판매·제공하는 매장,067cdb1a-af4f-412e-b249-18ba9cde846b,반석내과영상의학과의원,내과 영상의학과,반석동 골목형상점가,골목형상점가,대전광역시,3.0,3.0,,,RESOLVED_AGREEMENT,False,3,,,,
a6f26f9e362cc67fa9f4,test,의료,T2 동의어,q_의료_02,내과,건강·의료 중 '의료'를 판매·제공하는 매장,0056dcd4-0ac0-4535-9ee5-c8fd19d8ff14,중화한의원,한의원,보령한내시장,전통시장,충청남도,3.0,3.0,,,RESOLVED_AGREEMENT,False,3,,,,
712626be5063c7d0bec0,test,의료,T2 동의어,q_의료_02,내과,건강·의료 중 '의료'를 판매·제공하는 매장,17662d20-7aa8-4735-afc0-c71c4e279034,가슴뛰는내과의원,내과,마륵동상인회 골목형상점가,골목형상점가,광주광역시,3.0,3.0,,,RESOLVED_AGREEMENT,False,3,,,,
2daff3badaa2f2ab2cca,test,의료,T2 동의어,q_의료_02,내과,건강·의료 중 '의료'를 판매·제공하는 매장,3523493e-5a68-4c15-8fec-3a3279615e86,정내과의원,내과,월드상가골목형상점가,골목형상점가,인천광역시,3.0,3.0,,,RESOLVED_AGREEMENT,False,3,,,,
c0e8bffa90e88981eb0a,test,의료,T2 동의어,q_의료_02,내과,건강·의료 중 '의료'를 판매·제공하는 매장,036ef24a-2d53-4dd1-9bbd-6d0c2a81dd24,바른동물병원,수의 동물병원,송도랜드마크시티 센트럴더샵 골목형상점가,골목형상점가,인천광역시,3.0,3.0,,,RESOLVED_AGREEMENT,False,3,,,,
12be0f21a21eabf2cc0f,test,의료,T2 동의어,q_의료_02,내과,건강·의료 중 '의료'를 판매·제공하는 매장,41ede058-1814-426c-b5ea-ee999ab553d4,곽내과의원,내과,두암2동 도로변 골목형상점가,골목형상점가,광주광역시,3.0,3.0,,,RESOLVED_AGREEMENT,False,3,,,,
bb412818728851daa62f,test,의료,T2 동의어,q_의료_02,내과,건강·의료 중 '의료'를 판매·제공하는 매장,97c00f87-4d4c-437f-b28c-a26d321078a5,김한식내과의원,내과,동서로 골목형상점가,골목형상점가,전북특별자치도,3.0,3.0,,,RESOLVED_AGREEMENT,False,3,,,,
9d92cfd5719ecd9af807,test,의료,T2 동의어,q_의료_02,내과,건강·의료 중 '의료'를 판매·제공하는 매장,7746879b-10d5-43c6-a174-4418b16e43bb,메디안내과,내과,노은역 골목형상점가,골목형상점가,대전광역시,3.0,3.0,,,RESOLVED_AGREEMENT,False,3,,,,
e8e2641c517ccbdfa267,test,의료,T2 동의어,q_의료_02,내과,건강·의료 중 '의료'를 판매·제공하는 매장,013526b7-d35c-404e-93d1-3a112d8de0c6,아이생각소아청소년과의원,진료비,신용동 골목형상점가,골목형상점가,광주광역시,2.0,3.0,,,P2_GRADED_ONLY,True,,,,,
d8ea3b08b09f3466a77d,test,의료,T2 동의어,q_의료_02,내과,건강·의료 중 '의료'를 판매·제공하는 매장,de219353-d2fc-45fd-92f5-3179c957aa22,삼성탑내과,내과,양산상생하는하서로 골목형상점가,골목형상점가,광주광역시,3.0,3.0,,,RESOLVED_AGREEMENT,False,3,,,,
dc561b99cc8ebcc61b2f,test,의료,T2 동의어,q_의료_02,내과,건강·의료 중 '의료'를 판매·제공하는 매장,79e96e00-f2c2-4507-be75-fa3697abec3b,김영남내과 의원,내과,염주먹자골목A구역상인회 골목형상점가,골목형상점가,광주광역시,3.0,3.0,,,RESOLVED_AGREEMENT,False,3,,,,
396fab01464bfb4df2f1,test,의료,T2 동의어,q_의료_02,내과,건강·의료 중 '의료'를 판매·제공하는 매장,09a4c0fa-f966-47da-9390-4a73a3df9613,라임헤어,펌,하남 골목형상점가,골목형상점가,광주광역시,0.0,0.0,,,RESOLVED_AGREEMENT,False,0,,,,
e1cf24af3c7826123e8e,test,의료,T2 동의어,q_의료_02,내과,건강·의료 중 '의료'를 판매·제공하는 매장,cbcad3b1-f31b-4f88-9f91-3076647072b7,김종수내과,내과,해남읍 원도심 상권활성화구역,상권활성화구역,전라남도,3.0,3.0,,,RESOLVED_AGREEMENT,False,3,,,,
334df66b83aefcefde1f,test,의료,T2 동의어,q_의료_02,내과,건강·의료 중 '의료'를 판매·제공하는 매장,412ee4d8-8a03-488c-8a2d-3f22eb20901b,금자 간장게장 새우장,절임식품,남해전통시장,전통시장,경상남도,0.0,0.0,,,RESOLVED_AGREEMENT,False,0,,,,
8f719c2d82fc8ef25ec9,test,의료,T2 동의어,q_의료_02,내과,건강·의료 중 '의료'를 판매·제공하는 매장,e3595ed0-866c-4d61-af95-b7cc05add943,송내과의원,내과,종암북바위길골목형상점가,골목형상점가,서울특별시,3.0,3.0,,,RESOLVED_AGREEMENT,False,3,,,,
4256e1ee5459d10a0e73,test,의료,T2 동의어,q_의료_02,내과,건강·의료 중 '의료'를 판매·제공하는 매장,3fbdee52-7726-44a9-a9aa-b1501ef0e0b1,양승진내과,내과,독립로 백운1동 골목형상점가,골목형상점가,광주광역시,3.0,3.0,,,RESOLVED_AGREEMENT,False,3,,,,
5a89462388819724580f,test,의료,T2 동의어,q_의료_02,내과,건강·의료 중 '의료'를 판매·제공하는 매장,693a2d8f-1227-4a0d-8072-a82cae271b91,김성철 내과의원,내과,전방의거리 골목형상점가,골목형상점가,인천광역시,3.0,3.0,,,RESOLVED_AGREEMENT,False,3,,,,
5ca1a46ec3f136a67ca8,test,의료,T2 동의어,q_의료_02,내과,건강·의료 중 '의료'를 판매·제공하는 매장,9b6c65a7-cc33-4df7-a4e6-6c418586daa7,참의원,내과,금곡 홍유릉상점가,자율상권구역,경기도,3.0,3.0,,,RESOLVED_AGREEMENT,False,3,,,,
8ee44d4e949053db8019,test,의료,T2 동의어,q_의료_02,내과,건강·의료 중 '의료'를 판매·제공하는 매장,a907ef8c-d154-414f-80e0-c6a03ec55c60,이홍규내과,내과,운암북문대로 골목형상점가,골목형상점가,광주광역시,3.0,3.0,,,RESOLVED_AGREEMENT,False,3,,,,
533dcffdd14416871290,test,의료,T2 동의어,q_의료_02,내과,건강·의료 중 '의료'를 판매·제공하는 매장,c86e34c4-1387-45fc-a595-9e27c0f3f8d4,건강한 내과의원,내과,신도봉시장,전통시장,서울특별시,3.0,3.0,,,RESOLVED_AGREEMENT,False,3,,,,
c7dc2ce0e8725dca67e9,test,의료,T2 동의어,q_의료_02,내과,건강·의료 중 '의료'를 판매·제공하는 매장,11dc95fb-f15f-40cb-a8d7-45a2366ec62f,조병석내과,내과,성환1번가 골목형상점가,골목형상점가,충청남도,3.0,3.0,,,RESOLVED_AGREEMENT,False,3,,,,
0eabd11928eac174d205,test,의료,T2 동의어,q_의료_02,내과,건강·의료 중 '의료'를 판매·제공하는 매장,d3e8cdcd-99ef-47a0-831e-659d6c700888,수내과의원,내과,우산동빛고을 골목형상점가,골목형상점가,광주광역시,3.0,3.0,,,RESOLVED_AGREEMENT,False,3,,,,
151ea4c89d1a1693bac0,test,의료,T2 동의어,q_의료_02,내과,건강·의료 중 '의료'를 판매·제공하는 매장,01e01dc9-a690-442d-a992-0716da4fc86a,소나무한의원,한의진료서비스,수완하나로 골목형상점가,골목형상점가,광주광역시,2.0,3.0,,,P2_GRADED_ONLY,True,,,,,
5a793c88345147d355f8,test,의료,T2 동의어,q_의료_02,내과,건강·의료 중 '의료'를 판매·제공하는 매장,a57a42ab-6b16-4017-9294-9cd0616b5d2a,당앤장 내과의원,내과,한들물빛도시 골목형 상점가,골목형상점가,충청남도,3.0,3.0,,,RESOLVED_AGREEMENT,False,3,,,,
78608655c4b3aab68ba1,test,의료,T2 동의어,q_의료_02,내과,건강·의료 중 '의료'를 판매·제공하는 매장,005f6f1a-ae3e-47a8-9298-8c7cae082531,삼선의원,일반의원,광복마을3-4길 골목형상점가,골목형상점가,광주광역시,3.0,3.0,,,RESOLVED_AGREEMENT,False,3,,,,
76a506575f064a1899f7,test,의료,T2 동의어,q_의료_02,내과,건강·의료 중 '의료'를 판매·제공하는 매장,57c39e9f-1a28-4ccd-b020-cc45c3ffa496,동행내과의원,내과,임동 골목형상점가,골목형상점가,광주광역시,3.0,3.0,,,RESOLVED_AGREEMENT,False,3,,,,
e2a0bb5d3c421d4f5ca8,test,의료,T2 동의어,q_의료_02,내과,건강·의료 중 '의료'를 판매·제공하는 매장,a1cd68a8-0d7c-41ca-973b-80010b5d3b30,365내과,내과,뉴월드프라자골목형상점가,골목형상점가,경기도,3.0,3.0,,,RESOLVED_AGREEMENT,False,3,,,,
fcc041773077ecb321cf,test,의료,T2 동의어,q_의료_02,내과,건강·의료 중 '의료'를 판매·제공하는 매장,cfc6fbb0-a1e9-4dbb-a7b8-dcca54ce4f88,하나시스템,컴퓨터 씨씨티비 영상장비 음향장비,마산 대동씨코아상가시장,전통시장,경상남도,0.0,0.0,,,RESOLVED_AGREEMENT,False,0,,,,
fc12dacd3a1ed53c1caf,test,의료,T2 동의어,q_의료_03,병원,건강·의료 중 '의료'를 판매·제공하는 매장,337a0275-b6f1-491f-9be2-3fa8bbbe11b7,김현경의원,병원,명보연암 골목형상점가,골목형상점가,울산광역시,3.0,3.0,,,RESOLVED_AGREEMENT,False,3,,,,
17be76a9f374d96a737e,test,의료,T2 동의어,q_의료_03,병원,건강·의료 중 '의료'를 판매·제공하는 매장,3bab7744-d097-4989-ad07-48ed588026d1,새운암병원,병원,행복 북문대로2 골목형상점가,골목형상점가,광주광역시,3.0,3.0,,,RESOLVED_AGREEMENT,False,3,,,,
aa1073127268b98d7ebc,test,의료,T2 동의어,q_의료_03,병원,건강·의료 중 '의료'를 판매·제공하는 매장,e8f6ee22-d880-426c-88b2-ce04d245c901,박액박,병원,치평상무역상인회 골목형상점가,골목형상점가,광주광역시,3.0,3.0,,,RESOLVED_AGREEMENT,False,3,,,,
d1365b4dc299190114a6,test,의료,T2 동의어,q_의료_03,병원,건강·의료 중 '의료'를 판매·제공하는 매장,5b080c57-874a-4aab-8c11-cde32d71993d,부산유펜치과의원,병원,학장반도보라상가,전통시장,부산광역시,3.0,3.0,,,RESOLVED_AGREEMENT,False,3,,,,
79cf8fb4be52da336e26,test,의료,T2 동의어,q_의료_03,병원,건강·의료 중 '의료'를 판매·제공하는 매장,0056dcd4-0ac0-4535-9ee5-c8fd19d8ff14,중화한의원,한의원,보령한내시장,전통시장,충청남도,3.0,3.0,,,RESOLVED_AGREEMENT,False,3,,,,
6e7228ea4c7a4164765b,test,의료,T2 동의어,q_의료_03,병원,건강·의료 중 '의료'를 판매·제공하는 매장,00523307-cc4c-4b0c-8b2f-176ca7450d24,오름한의원,한의원,아차산등산로골목형상점가,골목형상점가,서울특별시,3.0,3.0,,,RESOLVED_AGREEMENT,False,3,,,,
3d38093e1cc1fa4e6831,test,의료,T2 동의어,q_의료_03,병원,건강·의료 중 '의료'를 판매·제공하는 매장,0006edf8-62da-4c5d-8bed-80e32a855936,e-바른치과의원,병원,금화로상인회 골목형상점가,골목형상점가,광주광역시,3.0,3.0,,,RESOLVED_AGREEMENT,False,3,,,,
4f69d144cb3e32d9fb76,test,의료,T2 동의어,q_의료_03,병원,건강·의료 중 '의료'를 판매·제공하는 매장,c0a90638-e07a-4992-9f4b-21d707214966,첨단유진한방병원,병원,첨단지구 골목형상점가,골목형상점가,광주광역시,3.0,3.0,,,RESOLVED_AGREEMENT,False,3,,,,
cfaa319cda5739ca397c,test,의료,T2 동의어,q_의료_03,병원,건강·의료 중 '의료'를 판매·제공하는 매장,01e01dc9-a690-442d-a992-0716da4fc86a,소나무한의원,한의진료서비스,수완하나로 골목형상점가,골목형상점가,광주광역시,3.0,3.0,,,RESOLVED_AGREEMENT,False,3,,,,
1c3bf472064cf54cfe74,test,의료,T2 동의어,q_의료_03,병원,건강·의료 중 '의료'를 판매·제공하는 매장,6214ff11-3c60-42e8-908c-bec14b3380e1,자운가정의원,병원,자운대 골목형상점가,골목형상점가,대전광역시,3.0,3.0,,,RESOLVED_AGREEMENT,False,3,,,,
42cd30036ab3ccb900aa,test,의료,T2 동의어,q_의료_03,병원,건강·의료 중 '의료'를 판매·제공하는 매장,00538958-226f-4338-8542-1fd9df6996d4,새현대치과,의료,매곡 가인 골목형상점가,골목형상점가,광주광역시,3.0,3.0,,,RESOLVED_AGREEMENT,False,3,,,,
039eba2b2a84497d1d47,test,의료,T2 동의어,q_의료_03,병원,건강·의료 중 '의료'를 판매·제공하는 매장,bff49d4b-b708-45c0-aeef-64dcde8e3c83,더하얀의원,병원,운리공원상인회 골목형상점가,골목형상점가,광주광역시,3.0,3.0,,,RESOLVED_AGREEMENT,False,3,,,,
4fcbd4f214cb0815216c,test,의료,T2 동의어,q_의료_03,병원,건강·의료 중 '의료'를 판매·제공하는 매장,012ea1f6-bb18-4f60-811e-1858d1f8fb85,서울삼성내과,병원,장자호수공원 골목형상점가,골목형상점가,경기도,3.0,3.0,,,RESOLVED_AGREEMENT,False,3,,,,
648c7c34d0bc1140a9fa,test,의료,T2 동의어,q_의료_03,병원,건강·의료 중 '의료'를 판매·제공하는 매장,8ef5c782-d75e-452b-97c2-daec432f10ee,광주동림병원,병원,동천동먹자골목2번가상인회 골목형상점가,골목형상점가,광주광역시,3.0,3.0,,,RESOLVED_AGREEMENT,False,3,,,,
24959d8ef8bc4cacd804,test,의료,T2 동의어,q_의료_03,병원,건강·의료 중 '의료'를 판매·제공하는 매장,45ebaab8-9b1e-4b2b-bdc2-5d65738f4c2f,맑은숨이비인후과의원,병원,금암중심상가 골목형상점가,골목형상점가,경기도,3.0,3.0,,,RESOLVED_AGREEMENT,False,3,,,,
229cc72c2a2a4e4dd915,test,의료,T2 동의어,q_의료_03,병원,건강·의료 중 '의료'를 판매·제공하는 매장,36486f62-6d85-44eb-99be-7ac485b5b8b5,예사랑피부과,병원,금화상인회 골목형상점가,골목형상점가,광주광역시,3.0,3.0,,,RESOLVED_AGREEMENT,False,3,,,,
1f201a59568ae96dd05e,test,의료,T2 동의어,q_의료_03,병원,건강·의료 중 '의료'를 판매·제공하는 매장,005f6f1a-ae3e-47a8-9298-8c7cae082531,삼선의원,일반의원,광복마을3-4길 골목형상점가,골목형상점가,광주광역시,3.0,3.0,,,RESOLVED_AGREEMENT,False,3,,,,
254118e2fe64c098412e,test,의료,T2 동의어,q_의료_03,병원,건강·의료 중 '의료'를 판매·제공하는 매장,ae6dc73c-1ec2-4f26-bee0-f88d25e1d944,안내과,병원,공주산성시장,전통시장,충청남도,3.0,3.0,,,RESOLVED_AGREEMENT,False,3,,,,
e42849a832a18b2cc3e0,test,의료,T2 동의어,q_의료_03,병원,건강·의료 중 '의료'를 판매·제공하는 매장,077c1623-1f46-4ff8-8157-733c383a1ce1,김진용이비인후과,병원,어은누리 골목형상점가,골목형상점가,대전광역시,3.0,3.0,,,RESOLVED_AGREEMENT,False,3,,,,
1b15be6c1a8e1cf5a994,test,의료,T2 동의어,q_의료_03,병원,건강·의료 중 '의료'를 판매·제공하는 매장,11fcaf9a-50cd-45d3-9d74-b69b78244f20,훈스지 범계점,한식,평촌1번가 상점가,자율상권구역,경기도,0.0,0.0,,,RESOLVED_AGREEMENT,False,0,,,,
cb23980ff7375f912224,test,의료,T2 동의어,q_의료_03,병원,건강·의료 중 '의료'를 판매·제공하는 매장,42e75d8c-4555-4ac9-ae2d-f5e350041410,정든요양병원,병원,한울상인회 골목형상점가,골목형상점가,광주광역시,3.0,3.0,,,RESOLVED_AGREEMENT,False,3,,,,
deed750ed40c214dde0e,test,의료,T2 동의어,q_의료_03,병원,건강·의료 중 '의료'를 판매·제공하는 매장,036ef24a-2d53-4dd1-9bbd-6d0c2a81dd24,바른동물병원,수의 동물병원,송도랜드마크시티 센트럴더샵 골목형상점가,골목형상점가,인천광역시,3.0,3.0,,,RESOLVED_AGREEMENT,False,3,,,,
233917b24a29a5a3dd69,test,의료,T2 동의어,q_의료_03,병원,건강·의료 중 '의료'를 판매·제공하는 매장,d1c0101a-fdb1-4270-9d03-8c40293546c0,정무강치과의원,병원,우산상인회 골목형상점가,골목형상점가,광주광역시,3.0,3.0,,,RESOLVED_AGREEMENT,False,3,,,,
a856ed4b7cccafeecb55,test,의료,T2 동의어,q_의료_03,병원,건강·의료 중 '의료'를 판매·제공하는 매장,7ade8b53-709b-47ed-bfc3-cd024823809f,중앙할인마트,슈퍼마켓,죽변시장,전통시장,경상북도,0.0,0.0,,,RESOLVED_AGREEMENT,False,0,,,,
0846eddb93a875d0c629,test,의료,T2 동의어,q_의료_03,병원,건강·의료 중 '의료'를 판매·제공하는 매장,4be69a43-5c97-4c07-a4f2-53f6283682c4,웰신경과의원,병원,테크노밸리 골목형상점가,골목형상점가,대전광역시,3.0,3.0,,,RESOLVED_AGREEMENT,False,3,,,,
4e188303a7339dec6fce,test,의료,T2 동의어,q_의료_03,병원,건강·의료 중 '의료'를 판매·제공하는 매장,0083c935-4cf1-4856-831b-5e623fcb71ac,봄봄이비인후과의원,의료서비스,고운동상점가,자율상권구역,세종특별자치시,3.0,3.0,,,RESOLVED_AGREEMENT,False,3,,,,
4e482a5120a8ee68f029,test,의료,T2 동의어,q_의료_03,병원,건강·의료 중 '의료'를 판매·제공하는 매장,054d77ec-b17b-4ed9-9322-6f9060ce3d53,현소아청소년과의원,소아과 내과,일곡동 골목형상점가,골목형상점가,광주광역시,3.0,3.0,,,RESOLVED_AGREEMENT,False,3,,,,
9a147e8c4ac11907fd4d,test,의료,T2 동의어,q_의료_03,병원,건강·의료 중 '의료'를 판매·제공하는 매장,148aa37b-59fc-4230-9c34-c4be5e4e1f7f,사랑샘병원,일반병원,오방로 골목형상점가,골목형상점가,광주광역시,3.0,3.0,,,RESOLVED_AGREEMENT,False,3,,,,
d15c2c89499aaaf6ddd0,test,의료,T2 동의어,q_의료_03,병원,건강·의료 중 '의료'를 판매·제공하는 매장,37c5c69f-f4f9-4c14-9df2-b9bcecf47bc1,애플유의원,병원,범어식주가무명인골목 골목형상점가,골목형상점가,대구광역시,3.0,3.0,,,RESOLVED_AGREEMENT,False,3,,,,
64ffd95f04daec35a959,test,의료,T2 동의어,q_의료_03,병원,건강·의료 중 '의료'를 판매·제공하는 매장,3db691c5-1804-413d-9178-f9f6b1074a18,한빛이비인후과,병원,필그린쇼핑센타,골목형상점가,울산광역시,3.0,3.0,,,RESOLVED_AGREEMENT,False,3,,,,
7d00b9a637d542da7f81,test,의료,T2 동의어,q_의료_03,병원,건강·의료 중 '의료'를 판매·제공하는 매장,0ce28557-45c5-484f-bfc6-2dce8b1b11b3,화인메트로병원,병원,두정동상점가,자율상권구역,충청남도,3.0,3.0,,,RESOLVED_AGREEMENT,False,3,,,,
d697c8b0a857378ff27b,test,의료,T2 동의어,q_의료_03,병원,건강·의료 중 '의료'를 판매·제공하는 매장,056051e6-c0e1-4402-b967-242217ff89ba,임명수 내과,내과,일곡동 골목형상점가,골목형상점가,광주광역시,3.0,3.0,,,RESOLVED_AGREEMENT,False,3,,,,
04871a3c53426998c61c,test,의료,T2 동의어,q_의료_03,병원,건강·의료 중 '의료'를 판매·제공하는 매장,01b5432d-9420-483d-8da1-210127e3bb61,다사랑패밀리의원,내과 이비인후과 소아과,다사역 골목형상점가,골목형상점가,대구광역시,3.0,3.0,,,RESOLVED_AGREEMENT,False,3,,,,
ad724b7570ccb0aab49c,test,의료,T2 동의어,q_의료_03,병원,건강·의료 중 '의료'를 판매·제공하는 매장,3e8b8b15-f247-4a44-8589-4806c8923c76,무지개병원,병원,경열로상인회 골목형상점가,골목형상점가,광주광역시,3.0,3.0,,,RESOLVED_AGREEMENT,False,3,,,,
65fab5063e29049c9fb6,test,의료,T2 동의어,q_의료_03,병원,건강·의료 중 '의료'를 판매·제공하는 매장,067cdb1a-af4f-412e-b249-18ba9cde846b,반석내과영상의학과의원,내과 영상의학과,반석동 골목형상점가,골목형상점가,대전광역시,3.0,3.0,,,RESOLVED_AGREEMENT,False,3,,,,
ce80dce6483dd1541fe0,test,의료,T2 동의어,q_의료_03,병원,건강·의료 중 '의료'를 판매·제공하는 매장,00962f54-90e0-479e-84a4-3f6e6f6515ec,비쥬여성산부인과의원,의료,운수대통 골목형상점가,골목형상점가,광주광역시,3.0,3.0,,,RESOLVED_AGREEMENT,False,3,,,,
6074f2dbc81806865af5,test,의료,T2 동의어,q_의료_03,병원,건강·의료 중 '의료'를 판매·제공하는 매장,294606c2-a398-4fdd-899d-452ac8e72f47,아미힐요양병원,병원,노대물빛근린공원 골목형상점가,골목형상점가,광주광역시,3.0,3.0,,,RESOLVED_AGREEMENT,False,3,,,,
dc33be88d410432977d6,test,의료,T2 동의어,q_의료_03,병원,건강·의료 중 '의료'를 판매·제공하는 매장,00fdab59-58f8-4c63-8765-30cb59a78156,도안프라임치과의원,치과진료,목원대 골목형상점가,골목형상점가,대전광역시,3.0,3.0,,,RESOLVED_AGREEMENT,False,3,,,,
24f110d794f4605c1753,test,의료,T2 동의어,q_의료_03,병원,건강·의료 중 '의료'를 판매·제공하는 매장,00d494f5-7e0f-4ced-927a-3360ced94954,핑크유외과,병원,어진동 골목형상점가,골목형상점가,세종특별자치시,3.0,3.0,,,RESOLVED_AGREEMENT,False,3,,,,
2edd11c29c7cc5ee1cfa,test,의료,T2 동의어,q_의료_03,병원,건강·의료 중 '의료'를 판매·제공하는 매장,4055baae-4a72-4641-ba0e-17ad5cf6f3d2,고희관 내과의원,병원,도군머리 골목형상점가,골목형상점가,광주광역시,3.0,3.0,,,RESOLVED_AGREEMENT,False,3,,,,
b2314e0e372692c7cdf0,test,의료,T2 동의어,q_의료_03,병원,건강·의료 중 '의료'를 판매·제공하는 매장,a0c51265-a04b-4be6-94c2-d6158e7fb8e8,첨단가족연합의원,병원,첨단2지구 골목형상점가,골목형상점가,광주광역시,3.0,3.0,,,RESOLVED_AGREEMENT,False,3,,,,
c78a8aaf965cfb1e9995,test,의료,T2 동의어,q_의료_03,병원,건강·의료 중 '의료'를 판매·제공하는 매장,ff101589-0a3b-42cd-b804-c7394d33efd5,우리들외과의원,병원,송강동 골목형상점가,골목형상점가,대전광역시,3.0,3.0,,,RESOLVED_AGREEMENT,False,3,,,,
e7a118cfa8f46d7a6bee,test,의료,T2 동의어,q_의료_03,병원,건강·의료 중 '의료'를 판매·제공하는 매장,fd9a1697-7d26-4bcd-bf29-97cbc4c5238d,초가닭발,,명장중앙 골목형상점가,골목형상점가,부산광역시,,0.0,Y,,P0_UNCERTAIN_OR_MISSING,True,,,,,
1367b14019b02f88b545,test,의료,T2 동의어,q_의료_03,병원,건강·의료 중 '의료'를 판매·제공하는 매장,030d2cd2-d4d8-4ee8-bd1e-b3a1e71138d1,상문동물병원,동물병원,거제 상동 골목형상점가,골목형상점가,경상남도,3.0,3.0,,,RESOLVED_AGREEMENT,False,3,,,,
30f33f98841d486e5f75,test,의료,T2 동의어,q_의료_03,병원,건강·의료 중 '의료'를 판매·제공하는 매장,16ebee86-dbaf-4865-960c-55519bbf06cb,창평 성심의원,병원,슬로시티창평 골목형상점가,골목형상점가,,3.0,3.0,,,RESOLVED_AGREEMENT,False,3,,,,
ef278cad112823eb15d9,test,의료,T2 동의어,q_의료_03,병원,건강·의료 중 '의료'를 판매·제공하는 매장,e2552899-ff33-40d0-b842-718b0bdd913f,안심신발,신발,소사종합시장,전통시장,경기도,0.0,0.0,,,RESOLVED_AGREEMENT,False,0,,,,
a63919dcde3dbe61f63c,test,의료,T2 동의어,q_의료_03,병원,건강·의료 중 '의료'를 판매·제공하는 매장,e7bf2a6f-b6ac-494a-ba78-f843b4cea070,제이한방병원,병원,신용동2 골목형상점가,골목형상점가,광주광역시,3.0,3.0,,,RESOLVED_AGREEMENT,False,3,,,,
e6e1a5ae0d5eb1cec739,test,의료,T2 동의어,q_의료_03,병원,건강·의료 중 '의료'를 판매·제공하는 매장,2f7cf4ad-e3b7-4434-b6cc-e0b124946d7a,그레이트 여성의원,병원,운남골목 골목형상점가,골목형상점가,광주광역시,3.0,3.0,,,RESOLVED_AGREEMENT,False,3,,,,
87d26faabab6a574ec66,test,의료,T2 동의어,q_의료_03,병원,건강·의료 중 '의료'를 판매·제공하는 매장,16dfdda7-1e75-41bb-a42b-97089131df27,심플투,의류,동산상가,전통시장,대구광역시,0.0,0.0,,,RESOLVED_AGREEMENT,False,0,,,,
b11479bb49f669e4d1ea,test,의료,T2 동의어,q_의료_03,병원,건강·의료 중 '의료'를 판매·제공하는 매장,2c99f95a-a9d6-43a5-8f46-73405931f25a,벤조인요양병원,병원,슬기로운 지족역 골목형상점가,골목형상점가,대전광역시,3.0,3.0,,,RESOLVED_AGREEMENT,False,3,,,,
41320fa8607937857a3e,test,의료,T2 동의어,q_의료_03,병원,건강·의료 중 '의료'를 판매·제공하는 매장,92d79994-daea-4856-b2eb-2d6c1d0780d8,서울이비인후과의원,병원,상무시청상인회 골목형상점가,골목형상점가,광주광역시,3.0,3.0,,,RESOLVED_AGREEMENT,False,3,,,,
f3617a89b8a0d03c049a,test,의료,T2 동의어,q_의료_03,병원,건강·의료 중 '의료'를 판매·제공하는 매장,9c3b94e6-b199-4004-a673-9b2c19d1bc05,고치과의원,병원,이동 골목형상점가,골목형상점가,경기도,3.0,3.0,,,RESOLVED_AGREEMENT,False,3,,,,
2deb7ae709037906ea0f,test,의료,T2 동의어,q_의료_03,병원,건강·의료 중 '의료'를 판매·제공하는 매장,a66ee4ee-24ec-4ccc-a3d4-c9c66790dc06,서울튼튼연합의원,병원,충주무학시장,전통시장,충청북도,3.0,3.0,,,RESOLVED_AGREEMENT,False,3,,,,
e95dc6070123d9326bee,test,의료,T2 동의어,q_의료_03,병원,건강·의료 중 '의료'를 판매·제공하는 매장,20a03492-606e-49e9-a344-69381afb0022,강남피부과의원,병원,테라스파크상가 골목형상점가,골목형상점가,울산광역시,3.0,3.0,,,RESOLVED_AGREEMENT,False,3,,,,
878a782065741eec32df,test,의료,T2 동의어,q_의료_03,병원,건강·의료 중 '의료'를 판매·제공하는 매장,d4e12c15-1052-464b-b12b-7fbd3febe40e,산본성심정형외과,병원,산본로데오거리(구 산본중심상가),자율상권구역,경기도,3.0,3.0,,,RESOLVED_AGREEMENT,False,3,,,,
d4312701a5308e7b3432,test,의료,T2 동의어,q_의료_03,병원,건강·의료 중 '의료'를 판매·제공하는 매장,bc28e035-9e5a-46f2-8b43-6b9d8edc2c44,참좋은동물병원,동물 병원,오케이 양산동 골목형상점가,골목형상점가,광주광역시,3.0,3.0,,,RESOLVED_AGREEMENT,False,3,,,,
8df91b186d739f943726,test,의료,T2 동의어,q_의료_03,병원,건강·의료 중 '의료'를 판매·제공하는 매장,557ad3cf-8ffd-4fcf-894c-f24e6d7492b4,전주문병원,병원,효자2동 골목형상점가,골목형상점가,전북특별자치도,3.0,3.0,,,RESOLVED_AGREEMENT,False,3,,,,
a9234eeda98a3e955a8b,test,의료,T2 동의어,q_의료_03,병원,건강·의료 중 '의료'를 판매·제공하는 매장,0040b4e6-7b74-4175-b54d-add4fe693d49,메디팜보명당약국,"의약품, 의료욕구, 복지욕구, 의료기기",점촌역전상점가,자율상권구역,경상북도,3.0,3.0,,,RESOLVED_AGREEMENT,False,3,,,,
f22bcff97cbeae19a0b7,test,의료,T2 동의어,q_의료_03,병원,건강·의료 중 '의료'를 판매·제공하는 매장,072ed95f-4c7c-4962-bdca-87c8558de161,한신내과,내과,여의동 골목형상점가,골목형상점가,전북특별자치도,3.0,3.0,,,RESOLVED_AGREEMENT,False,3,,,,
90ff7559a2ddd0dcdbc8,test,의료,T2 동의어,q_의료_03,병원,건강·의료 중 '의료'를 판매·제공하는 매장,0286c595-5d7f-49db-876a-6959d52a7d39,서울더원플러스치과,치과진료,남성역 골목시장,전통시장,서울특별시,3.0,3.0,,,RESOLVED_AGREEMENT,False,3,,,,
369e55d7b34a8b2b7893,test,의료,T2 동의어,q_의료_03,병원,건강·의료 중 '의료'를 판매·제공하는 매장,e6e4fc09-e63c-4c67-baa8-de32bf3c47ed,더나은의원,병원,정선아리랑시장상권활성화구역,상권활성화구역,강원특별자치도,3.0,3.0,,,RESOLVED_AGREEMENT,False,3,,,,
86f5cdf7f16d7b4917e7,test,의료,T2 동의어,q_의료_03,병원,건강·의료 중 '의료'를 판매·제공하는 매장,013526b7-d35c-404e-93d1-3a112d8de0c6,아이생각소아청소년과의원,진료비,신용동 골목형상점가,골목형상점가,광주광역시,3.0,3.0,,,RESOLVED_AGREEMENT,False,3,,,,
14f7688603a6ab6d5b84,test,의료,T2 동의어,q_의료_03,병원,건강·의료 중 '의료'를 판매·제공하는 매장,b65eeb55-829a-4c65-8b5b-d7d1709bfc5f,주동물병원,병원,금암동 골목형상점가,골목형상점가,충청남도,3.0,3.0,,,RESOLVED_AGREEMENT,False,3,,,,
770d860e3806c832ba75,test,의료,T2 동의어,q_의료_03,병원,건강·의료 중 '의료'를 판매·제공하는 매장,01225d66-8811-407d-9bce-43e4dbb97e1c,조일한의원,한의원 진료 서비스,칠성상가시장,전통시장,대구광역시,3.0,3.0,,,RESOLVED_AGREEMENT,False,3,,,,
84f5feee5027031663c7,test,의료,T2 동의어,q_의료_03,병원,건강·의료 중 '의료'를 판매·제공하는 매장,7465cddb-d480-43e1-808d-d1eab9c98713,승현전자,가전제품,김제중앙시장,전통시장,전북특별자치도,0.0,0.0,,,RESOLVED_AGREEMENT,False,0,,,,
d1b1d450224300684d76,test,의료,T2 동의어,q_의료_03,병원,건강·의료 중 '의료'를 판매·제공하는 매장,617602cf-1c58-4875-be42-7d594e1dd330,아름다운여성의원,병원,계수마을상인회 골목형상점가,골목형상점가,광주광역시,3.0,3.0,,,RESOLVED_AGREEMENT,False,3,,,,
b64012306ec627a49cd7,test,의료,T2 동의어,q_의료_03,병원,건강·의료 중 '의료'를 판매·제공하는 매장,17124fb5-986b-4949-9dc9-a95fb367fc66,금산수삼센타,수삼,금산수삼센터,전통시장,충청남도,0.0,0.0,,,RESOLVED_AGREEMENT,False,0,,,,
a0e17260d9e9c1984e60,test,의료,T2 동의어,q_의료_03,병원,건강·의료 중 '의료'를 판매·제공하는 매장,d4c147cf-82f1-4392-be6d-8e1cc57c1a72,오엠콘텐츠,,울산대바보사거리 골목형상점가,골목형상점가,울산광역시,,0.0,Y,,P0_UNCERTAIN_OR_MISSING,True,,,,,
6e3b155d93671dd97655,test,의료,T2 동의어,q_의료_03,병원,건강·의료 중 '의료'를 판매·제공하는 매장,0002538c-b8d9-4911-81c7-966789036b09,빛고을 치과의원,의원,세은 골목형상점가,골목형상점가,광주광역시,3.0,3.0,,,RESOLVED_AGREEMENT,False,3,,,,
9e3261288cfbb87a7c95,test,의료,T2 동의어,q_의료_03,병원,건강·의료 중 '의료'를 판매·제공하는 매장,1be46f25-fd51-4846-a9fb-64646265890e,잇츠미의원,병원,금암동 골목형상점가,골목형상점가,충청남도,3.0,3.0,,,RESOLVED_AGREEMENT,False,3,,,,
226e6046aca4f6add18d,test,의료,T2 동의어,q_의료_03,병원,건강·의료 중 '의료'를 판매·제공하는 매장,00192f22-a492-4ba5-a62d-65bf0d0ec7b9,큰물한의원,한의원,전주서곡 골목형상점가,골목형상점가,전북특별자치도,3.0,3.0,,,RESOLVED_AGREEMENT,False,3,,,,
3417680a52fb006ca860,test,의료,T2 동의어,q_의료_03,병원,건강·의료 중 '의료'를 판매·제공하는 매장,0d73327c-1cae-486b-a757-6d1d4d2ed3b1,성내과의원,병원,어은누리 골목형상점가,골목형상점가,대전광역시,3.0,3.0,,,RESOLVED_AGREEMENT,False,3,,,,
92a640b174a7bc81b51b,test,의료,T2 동의어,q_의료_03,병원,건강·의료 중 '의료'를 판매·제공하는 매장,aa35ba94-81ad-4cc8-983f-24918c0b9102,현대산부인과,병원,정읍연지상점가,자율상권구역,전북특별자치도,3.0,3.0,,,RESOLVED_AGREEMENT,False,3,,,,
64d4777276758051114c,test,의료,T2 동의어,q_의료_03,병원,건강·의료 중 '의료'를 판매·제공하는 매장,00427918-a4b0-485e-ab42-62ebce752f92,유디해운대치과의원,의료,영풍리젠시 골목형상점가,골목형상점가,부산광역시,3.0,3.0,,,RESOLVED_AGREEMENT,False,3,,,,
199aacd7572dda29723f,test,의료,T2 동의어,q_의료_03,병원,건강·의료 중 '의료'를 판매·제공하는 매장,b9a66a6f-b92c-439b-b4cc-748602bebfd2,세종위드정형외과,병원,나성BRT 골목형상점가,골목형상점가,세종특별자치시,3.0,3.0,,,RESOLVED_AGREEMENT,False,3,,,,
1538c081222940721661,test,의료,T2 동의어,q_의료_04,의원,건강·의료 중 '의료'를 판매·제공하는 매장,036ef24a-2d53-4dd1-9bbd-6d0c2a81dd24,바른동물병원,수의 동물병원,송도랜드마크시티 센트럴더샵 골목형상점가,골목형상점가,인천광역시,3.0,3.0,,,RESOLVED_AGREEMENT,False,3,,,,
cf5788f15bd88d2afeb4,test,의료,T2 동의어,q_의료_04,의원,건강·의료 중 '의료'를 판매·제공하는 매장,e5f4458e-dc51-4405-aa94-a5c86dcb7eb6,한가족의원,의원,학운 골목형상점가,골목형상점가,광주광역시,3.0,3.0,,,RESOLVED_AGREEMENT,False,3,,,,
fcfc66034dbedfdf4219,test,의료,T2 동의어,q_의료_04,의원,건강·의료 중 '의료'를 판매·제공하는 매장,c63a7bf1-4c5d-44d9-850b-8703a1a21723,등촌한의원,한의원 의원,양지중앙 골목형상점가,골목형상점가,경기도,3.0,3.0,,,RESOLVED_AGREEMENT,False,3,,,,
57215f401b188df09dd7,test,의료,T2 동의어,q_의료_04,의원,건강·의료 중 '의료'를 판매·제공하는 매장,0056dcd4-0ac0-4535-9ee5-c8fd19d8ff14,중화한의원,한의원,보령한내시장,전통시장,충청남도,3.0,3.0,,,RESOLVED_AGREEMENT,False,3,,,,
49e27a276aca0a7e68ac,test,의료,T2 동의어,q_의료_04,의원,건강·의료 중 '의료'를 판매·제공하는 매장,00427918-a4b0-485e-ab42-62ebce752f92,유디해운대치과의원,의료,영풍리젠시 골목형상점가,골목형상점가,부산광역시,3.0,3.0,,,RESOLVED_AGREEMENT,False,3,,,,
891b615615ba1b0db6a7,test,의료,T2 동의어,q_의료_04,의원,건강·의료 중 '의료'를 판매·제공하는 매장,0ada8a58-98f4-4e52-8e98-4c617d6f0d5f,성문의원,의원,석계역 골목형상점가,골목형상점가,서울특별시,3.0,3.0,,,RESOLVED_AGREEMENT,False,3,,,,
41081359b2f4210a27b1,test,의료,T2 동의어,q_의료_04,의원,건강·의료 중 '의료'를 판매·제공하는 매장,bb3fdf18-f10c-4055-ac41-31bab980938a,조선제일국밥,한식,강진읍 상권활성화구역,상권활성화구역,전라남도,0.0,0.0,,,RESOLVED_AGREEMENT,False,0,,,,
7e2cd72443667927a578,test,의료,T2 동의어,q_의료_04,의원,건강·의료 중 '의료'를 판매·제공하는 매장,ee772426-c35f-439e-90e6-739b8196d270,에스엘의원,의원,장안동맛의거리골목형상점가,골목형상점가,서울특별시,3.0,3.0,,,RESOLVED_AGREEMENT,False,3,,,,
ea930fa6bf9d85d0b559,test,의료,T2 동의어,q_의료_04,의원,건강·의료 중 '의료'를 판매·제공하는 매장,917ac614-bd48-4bd5-b049-6c3f723cfd2e,여민의원,의원,광장전통시장,자율상권구역,서울특별시,3.0,3.0,,,RESOLVED_AGREEMENT,False,3,,,,
ef69c7f21ed58c75e5a6,test,의료,T2 동의어,q_의료_04,의원,건강·의료 중 '의료'를 판매·제공하는 매장,0006edf8-62da-4c5d-8bed-80e32a855936,e-바른치과의원,병원,금화로상인회 골목형상점가,골목형상점가,광주광역시,3.0,3.0,,,RESOLVED_AGREEMENT,False,3,,,,
52301cf4d7aab5ac5ec3,test,의료,T2 동의어,q_의료_04,의원,건강·의료 중 '의료'를 판매·제공하는 매장,0286c595-5d7f-49db-876a-6959d52a7d39,서울더원플러스치과,치과진료,남성역 골목시장,전통시장,서울특별시,3.0,3.0,,,RESOLVED_AGREEMENT,False,3,,,,
3072ecb25d040fb9b29d,test,의료,T2 동의어,q_의료_04,의원,건강·의료 중 '의료'를 판매·제공하는 매장,3a1fc0ad-1157-4f4f-9203-afebe27e08d0,장영외과의원,의원,이충 중심상가,골목형상점가,경기도,3.0,3.0,,,RESOLVED_AGREEMENT,False,3,,,,
8b3a620b7e33e0c8ee2d,test,의료,T2 동의어,q_의료_04,의원,건강·의료 중 '의료'를 판매·제공하는 매장,9dbfdc65-8497-4f39-8e0d-6259a22aacbf,양의원,의원,성수역골목형상점가,골목형상점가,서울특별시,3.0,3.0,,,RESOLVED_AGREEMENT,False,3,,,,
a69d87c09697705bba25,test,의료,T2 동의어,q_의료_04,의원,건강·의료 중 '의료'를 판매·제공하는 매장,ce0e269d-0424-4a2d-9653-92524520bd0c,최내과의원,의원,두텁바위 골목형상점가,골목형상점가,서울특별시,3.0,3.0,,,RESOLVED_AGREEMENT,False,3,,,,
031051308df4dd7fc197,test,의료,T2 동의어,q_의료_04,의원,건강·의료 중 '의료'를 판매·제공하는 매장,0083c935-4cf1-4856-831b-5e623fcb71ac,봄봄이비인후과의원,의료서비스,고운동상점가,자율상권구역,세종특별자치시,3.0,3.0,,,RESOLVED_AGREEMENT,False,3,,,,
dedff2f74d0b93f3b8fc,test,의료,T2 동의어,q_의료_04,의원,건강·의료 중 '의료'를 판매·제공하는 매장,437707a5-6c35-41a2-93b6-4e085360c73e,열린의원,의원,문흥2동 골목형상점가,골목형상점가,광주광역시,3.0,3.0,,,RESOLVED_AGREEMENT,False,3,,,,
6abcd777abf63f2b3cc8,test,의료,T2 동의어,q_의료_04,의원,건강·의료 중 '의료'를 판매·제공하는 매장,01b5432d-9420-483d-8da1-210127e3bb61,다사랑패밀리의원,내과 이비인후과 소아과,다사역 골목형상점가,골목형상점가,대구광역시,3.0,3.0,,,RESOLVED_AGREEMENT,False,3,,,,
3efd67422ad6f7304c3e,test,의료,T2 동의어,q_의료_04,의원,건강·의료 중 '의료'를 판매·제공하는 매장,072ed95f-4c7c-4962-bdca-87c8558de161,한신내과,내과,여의동 골목형상점가,골목형상점가,전북특별자치도,3.0,3.0,,,RESOLVED_AGREEMENT,False,3,,,,
5525a613c1e0e92f88e5,test,의료,T2 동의어,q_의료_04,의원,건강·의료 중 '의료'를 판매·제공하는 매장,067cdb1a-af4f-412e-b249-18ba9cde846b,반석내과영상의학과의원,내과 영상의학과,반석동 골목형상점가,골목형상점가,대전광역시,3.0,3.0,,,RESOLVED_AGREEMENT,False,3,,,,
5054984d167cd45f08cb,test,의료,T2 동의어,q_의료_04,의원,건강·의료 중 '의료'를 판매·제공하는 매장,1ab69533-6713-460b-866b-0cf9e99ccf6e,다정의원,의원,매곡일로 골목형상점가,골목형상점가,울산광역시,3.0,3.0,,,RESOLVED_AGREEMENT,False,3,,,,
fcadf8ce1a2419e0c758,test,의료,T2 동의어,q_의료_04,의원,건강·의료 중 '의료'를 판매·제공하는 매장,78e83599-165c-41b2-908a-d35de4de4268,닥터준의원,의원,선부광장로상점가,자율상권구역,경기도,3.0,3.0,,,RESOLVED_AGREEMENT,False,3,,,,
d28cee8a7b2786de0811,test,의료,T2 동의어,q_의료_04,의원,건강·의료 중 '의료'를 판매·제공하는 매장,9a72d195-3768-472b-a2da-d8a13e6a2b35,김성민내과의원,의원,영통센타프라자 골목형상점가,골목형상점가,경기도,3.0,3.0,,,RESOLVED_AGREEMENT,False,3,,,,
34f79ef2c7ee76cd1094,test,의료,T2 동의어,q_의료_04,의원,건강·의료 중 '의료'를 판매·제공하는 매장,013526b7-d35c-404e-93d1-3a112d8de0c6,아이생각소아청소년과의원,진료비,신용동 골목형상점가,골목형상점가,광주광역시,3.0,3.0,,,RESOLVED_AGREEMENT,False,3,,,,
9365ec06f301723275f3,test,의료,T2 동의어,q_의료_04,의원,건강·의료 중 '의료'를 판매·제공하는 매장,aaf6d364-a4e9-487c-ae1a-8a07ea09ed7c,조은택내과의원,의원,매봉 골목형상점가,골목형상점가,광주광역시,3.0,3.0,,,RESOLVED_AGREEMENT,False,3,,,,
31f0192e6c0455aa145c,test,의료,T2 동의어,q_의료_04,의원,건강·의료 중 '의료'를 판매·제공하는 매장,03449d46-5ccf-4bf4-951e-0cd1be877331,한사랑메디칼 의원,의원,한솔센터 골목형상점가,골목형상점가,세종특별자치시,3.0,3.0,,,RESOLVED_AGREEMENT,False,3,,,,
c333a63acb891389842c,test,의료,T2 동의어,q_의료_04,의원,건강·의료 중 '의료'를 판매·제공하는 매장,0002538c-b8d9-4911-81c7-966789036b09,빛고을 치과의원,의원,세은 골목형상점가,골목형상점가,광주광역시,3.0,3.0,,,RESOLVED_AGREEMENT,False,3,,,,
74ad9d74308f38e13ba2,test,의료,T2 동의어,q_의료_04,의원,건강·의료 중 '의료'를 판매·제공하는 매장,88ba28fb-5eb9-48d0-a004-d134bf76867f,서울의원,의원,영등포 로타리상가 골목형상점가,골목형상점가,서울특별시,3.0,3.0,,,RESOLVED_AGREEMENT,False,3,,,,
22fe08a50e0b51d3b0a7,test,의료,T2 동의어,q_의료_04,의원,건강·의료 중 '의료'를 판매·제공하는 매장,01225d66-8811-407d-9bce-43e4dbb97e1c,조일한의원,한의원 진료 서비스,칠성상가시장,전통시장,대구광역시,3.0,3.0,,,RESOLVED_AGREEMENT,False,3,,,,
d40b3e2988b4ea1cd351,test,의료,T2 동의어,q_의료_04,의원,건강·의료 중 '의료'를 판매·제공하는 매장,c3d0ec8c-0e3c-401f-a44d-03868d958d53,박상호 의원,의원,무지개종합상가,자율상권구역,서울특별시,3.0,3.0,,,RESOLVED_AGREEMENT,False,3,,,,
a07c2ef9bd47fda7b317,test,의료,T2 동의어,q_의료_04,의원,건강·의료 중 '의료'를 판매·제공하는 매장,8a33ce46-d47f-41f3-a12a-e4f0fec5d29f,양수우리의원,의원,양수리전통시장(양평양수리시장),전통시장,경기도,3.0,3.0,,,RESOLVED_AGREEMENT,False,3,,,,
cf440c7af110d92db421,test,의료,T2 동의어,q_의료_04,의원,건강·의료 중 '의료'를 판매·제공하는 매장,c45676d3-c6e3-40ff-b59d-5b1ce8916b2f,괴정바른본의원,의원,괴정가장로 골목형상점가,골목형상점가,대전광역시,3.0,3.0,,,RESOLVED_AGREEMENT,False,3,,,,
24125e1c31aca46f4890,test,의료,T2 동의어,q_의료_04,의원,건강·의료 중 '의료'를 판매·제공하는 매장,054d77ec-b17b-4ed9-9322-6f9060ce3d53,현소아청소년과의원,소아과 내과,일곡동 골목형상점가,골목형상점가,광주광역시,3.0,3.0,,,RESOLVED_AGREEMENT,False,3,,,,
e66766fc0e32773f0fc9,test,의료,T2 동의어,q_의료_04,의원,건강·의료 중 '의료'를 판매·제공하는 매장,6d1de0a6-728c-46c9-b1c2-c4db6f4c4719,E&T(이엔티),"케이스, 전자담배",빛가람 상리단길 골목형상점가,골목형상점가,전라남도,0.0,0.0,,,RESOLVED_AGREEMENT,False,0,,,,
2dd13b236428302ab9d2,test,의료,T2 동의어,q_의료_04,의원,건강·의료 중 '의료'를 판매·제공하는 매장,4577cb6b-90a4-4c08-86ab-a77ca30a80da,온정의원,의원,거제 읍내시장,전통시장,경상남도,3.0,3.0,,,RESOLVED_AGREEMENT,False,3,,,,
191b49d642d84d9a2f44,test,의료,T2 동의어,q_의료_04,의원,건강·의료 중 '의료'를 판매·제공하는 매장,bf0a555e-ee84-420c-8540-319268e21555,프라임의원,의원,오월첫동네 골목형상점가,골목형상점가,광주광역시,3.0,3.0,,,RESOLVED_AGREEMENT,False,3,,,,
5f9003ea6d33fd50e98c,test,의료,T2 동의어,q_의료_04,의원,건강·의료 중 '의료'를 판매·제공하는 매장,08ec2b06-758e-4b0a-bb8f-5cc7e5f66232,꽃보다의원,의원,뉴월드프라자골목형상점가,골목형상점가,경기도,3.0,3.0,,,RESOLVED_AGREEMENT,False,3,,,,
f353713481fec4bd210b,test,의료,T2 동의어,q_의료_04,의원,건강·의료 중 '의료'를 판매·제공하는 매장,347a17e7-8711-429f-84e0-6a341889df18,박가정의원,의원,상계중앙시장,전통시장,서울특별시,3.0,3.0,,,RESOLVED_AGREEMENT,False,3,,,,
eb569af8e932df22bd50,test,의료,T2 동의어,q_의료_04,의원,건강·의료 중 '의료'를 판매·제공하는 매장,bfcfcb59-106d-4575-9ace-9af99cef1186,아라의원,의원,대왕암사거리 골목형상점가,골목형상점가,울산광역시,3.0,3.0,,,RESOLVED_AGREEMENT,False,3,,,,
c3efc8287c1a6ea653db,test,의료,T2 동의어,q_의료_04,의원,건강·의료 중 '의료'를 판매·제공하는 매장,8d8bf038-31b3-4a90-aa84-3d2c65f9c77e,무안연합의원,의원,무안읍중심상가상점가,자율상권구역,전라남도,3.0,3.0,,,RESOLVED_AGREEMENT,False,3,,,,
b3657bf1326d16e00852,test,의료,T2 동의어,q_의료_04,의원,건강·의료 중 '의료'를 판매·제공하는 매장,dc7bd06d-8888-4dfa-b78b-f50a41b41ad0,위하는내과의원,의원,반곡동행복 골목형상점가,골목형상점가,세종특별자치시,3.0,3.0,,,RESOLVED_AGREEMENT,False,3,,,,
217e4170445b2d0a05d8,test,의료,T2 동의어,q_의료_04,의원,건강·의료 중 '의료'를 판매·제공하는 매장,0040b4e6-7b74-4175-b54d-add4fe693d49,메디팜보명당약국,"의약품, 의료욕구, 복지욕구, 의료기기",점촌역전상점가,자율상권구역,경상북도,3.0,3.0,,,RESOLVED_AGREEMENT,False,3,,,,
3a7d46f122be69a18f81,test,의료,T2 동의어,q_의료_04,의원,건강·의료 중 '의료'를 판매·제공하는 매장,602e66b9-8d4c-482b-abfb-705c09514db1,아랫도리,의류,㈜르네시떼,전통시장,부산광역시,0.0,0.0,,,RESOLVED_AGREEMENT,False,0,,,,
863b5f781de2695aed03,test,의료,T2 동의어,q_의료_04,의원,건강·의료 중 '의료'를 판매·제공하는 매장,005f6f1a-ae3e-47a8-9298-8c7cae082531,삼선의원,일반의원,광복마을3-4길 골목형상점가,골목형상점가,광주광역시,3.0,3.0,,,RESOLVED_AGREEMENT,False,3,,,,
632e59ae7fb335715cd2,test,의료,T2 동의어,q_의료_04,의원,건강·의료 중 '의료'를 판매·제공하는 매장,85293d8d-340c-4a07-b531-af09c6d801cb,김석헌내과,의원,산본로데오거리(구 산본중심상가),자율상권구역,경기도,3.0,3.0,,,RESOLVED_AGREEMENT,False,3,,,,
bc2c678726f226b8d1c2,test,의료,T2 동의어,q_의료_04,의원,건강·의료 중 '의료'를 판매·제공하는 매장,e4ca042d-bb8b-4389-8e97-1b6dd99185ca,수연합의원,의원,매곡동 골목형상점가,골목형상점가,광주광역시,3.0,3.0,,,RESOLVED_AGREEMENT,False,3,,,,
bc04c17e687697a76c8a,test,의료,T2 동의어,q_의료_04,의원,건강·의료 중 '의료'를 판매·제공하는 매장,030d2cd2-d4d8-4ee8-bd1e-b3a1e71138d1,상문동물병원,동물병원,거제 상동 골목형상점가,골목형상점가,경상남도,3.0,3.0,,,RESOLVED_AGREEMENT,False,3,,,,
b6c054b6df0400f9d117,test,의료,T2 동의어,q_의료_04,의원,건강·의료 중 '의료'를 판매·제공하는 매장,2d5f3123-d85e-479a-b04d-708cae3c557d,진양상회,미곡,부전시장,전통시장,부산광역시,0.0,0.0,,,RESOLVED_AGREEMENT,False,0,,,,
2400c7b10535898899f1,test,의료,T2 동의어,q_의료_04,의원,건강·의료 중 '의료'를 판매·제공하는 매장,aba9a2f4-7170-4137-9c8c-8cffbcbdea98,장튼튼내과의원,의원,스타타워1 골목형상점가,골목형상점가,인천광역시,3.0,3.0,,,RESOLVED_AGREEMENT,False,3,,,,
e9ec7d03a1e1b56033f5,test,의료,T2 동의어,q_의료_04,의원,건강·의료 중 '의료'를 판매·제공하는 매장,eb13475f-6cbc-43ca-8de0-016592284d93,이 정형외과 의원,의원,화삼골상인회 골목형상점가,골목형상점가,광주광역시,3.0,3.0,,,RESOLVED_AGREEMENT,False,3,,,,
7ae5517bd765c64106de,test,의료,T2 동의어,q_의료_04,의원,건강·의료 중 '의료'를 판매·제공하는 매장,31a831cc-c90b-45e4-a844-1e36dd4f7909,동진의원,의원,국수거리 골목형상점가,골목형상점가,전라남도,3.0,3.0,,,RESOLVED_AGREEMENT,False,3,,,,
3e58c38a1d2fd8e98ebc,test,의료,T2 동의어,q_의료_04,의원,건강·의료 중 '의료'를 판매·제공하는 매장,00192f22-a492-4ba5-a62d-65bf0d0ec7b9,큰물한의원,한의원,전주서곡 골목형상점가,골목형상점가,전북특별자치도,3.0,3.0,,,RESOLVED_AGREEMENT,False,3,,,,
213e3b4b68d9afb79a63,test,의료,T2 동의어,q_의료_04,의원,건강·의료 중 '의료'를 판매·제공하는 매장,23bb6bc7-6904-498c-8273-f4f536842517,동인의원,의원,수문통 골목형상점가,골목형상점가,인천광역시,3.0,3.0,,,RESOLVED_AGREEMENT,False,3,,,,
4a2150a52a3ac2d128c5,test,의료,T2 동의어,q_의료_04,의원,건강·의료 중 '의료'를 판매·제공하는 매장,a00f4ed8-fe95-4847-a37e-8ea6533a0154,연세손내과의원,의원,구성언남 골목형상점가,골목형상점가,경기도,3.0,3.0,,,RESOLVED_AGREEMENT,False,3,,,,
792517fc4e3756d1a7d4,test,의료,T2 동의어,q_의료_04,의원,건강·의료 중 '의료'를 판매·제공하는 매장,056051e6-c0e1-4402-b967-242217ff89ba,임명수 내과,내과,일곡동 골목형상점가,골목형상점가,광주광역시,3.0,3.0,,,RESOLVED_AGREEMENT,False,3,,,,
c8b28b0c3ed17f4b7bea,test,의료,T2 동의어,q_의료_04,의원,건강·의료 중 '의료'를 판매·제공하는 매장,b3be9280-b38e-4f36-9f46-9aee589de12a,박금석치과의원,의원,주월1동서문대로 골목형상점가,골목형상점가,광주광역시,3.0,3.0,,,RESOLVED_AGREEMENT,False,3,,,,
4697aea0c4146b031986,test,의료,T2 동의어,q_의료_04,의원,건강·의료 중 '의료'를 판매·제공하는 매장,d698c524-a484-40e0-8556-12f91630a4ae,닥터민의원,의원,삼각초 골목형상점가,골목형상점가,광주광역시,3.0,3.0,,,RESOLVED_AGREEMENT,False,3,,,,
d5ae127e70957fe083de,test,의료,T2 동의어,q_의료_04,의원,건강·의료 중 '의료'를 판매·제공하는 매장,fc046005-ccf7-4c87-8e58-a751e69023fa,성심의원,의원,임방울거리1구역 골목형상점가,골목형상점가,광주광역시,3.0,3.0,,,RESOLVED_AGREEMENT,False,3,,,,
39299fb093af8e239034,test,의료,T2 동의어,q_의료_04,의원,건강·의료 중 '의료'를 판매·제공하는 매장,012ea1f6-bb18-4f60-811e-1858d1f8fb85,서울삼성내과,병원,장자호수공원 골목형상점가,골목형상점가,경기도,3.0,3.0,,,RESOLVED_AGREEMENT,False,3,,,,
cbb85d55ba001af429ae,test,의료,T2 동의어,q_의료_04,의원,건강·의료 중 '의료'를 판매·제공하는 매장,59b5f1d0-e91f-42d2-9792-caaeb67617fc,소생의원,의원,목동깨비시장(구 목3동시장),전통시장,서울특별시,3.0,3.0,,,RESOLVED_AGREEMENT,False,3,,,,
64a9d4f31ace8c309391,test,의료,T2 동의어,q_의료_04,의원,건강·의료 중 '의료'를 판매·제공하는 매장,c07b9208-a761-44d4-9fa3-11c8131a780e,마디척의원,의원,매봉 골목형상점가,골목형상점가,광주광역시,3.0,3.0,,,RESOLVED_AGREEMENT,False,3,,,,
0b2445d452644346409c,test,의료,T2 동의어,q_의료_04,의원,건강·의료 중 '의료'를 판매·제공하는 매장,fc340904-a56f-4a71-afab-874ec563e706,동문외과의원,의원,동광주 골목형상점가,골목형상점가,광주광역시,3.0,3.0,,,RESOLVED_AGREEMENT,False,3,,,,
dde5e840e20b0f9ba789,test,의료,T2 동의어,q_의료_04,의원,건강·의료 중 '의료'를 판매·제공하는 매장,ee41d431-7d4b-46ac-b771-bd1e57d8600b,이안숙의원,의원,남천상가 골목형상점가,골목형상점가,경기도,3.0,3.0,,,RESOLVED_AGREEMENT,False,3,,,,
b19e2f69c3e4fe9a6b7f,test,의료,T2 동의어,q_의료_04,의원,건강·의료 중 '의료'를 판매·제공하는 매장,997bc5a5-5c33-4e07-8ff8-ce5c086ce20b,위형중내과의원,의원,고도리 장터거리 상점가,골목형상점가,전라남도,3.0,3.0,,,RESOLVED_AGREEMENT,False,3,,,,
535b54c1eb7b901aa08b,test,의료,T2 동의어,q_의료_04,의원,건강·의료 중 '의료'를 판매·제공하는 매장,a237d60f-b55b-4d28-b795-d46282655327,글로리의원,의원,양산길 골목형상점가,골목형상점가,광주광역시,3.0,3.0,,,RESOLVED_AGREEMENT,False,3,,,,
dbf84cf9cab86b30cd81,test,의료,T2 동의어,q_의료_04,의원,건강·의료 중 '의료'를 판매·제공하는 매장,142698a5-1a15-411d-9f9c-86f2bd43e888,연세마디의원,의원,반드레길골목형상점가,골목형상점가,서울특별시,3.0,3.0,,,RESOLVED_AGREEMENT,False,3,,,,
1a83b349811d4334dc48,test,의료,T2 동의어,q_의료_04,의원,건강·의료 중 '의료'를 판매·제공하는 매장,cc52c8c8-9bd5-479b-9aaa-0fdea847ad25,연세더아름의원,의원,아름동상점가,자율상권구역,세종특별자치시,3.0,3.0,,,RESOLVED_AGREEMENT,False,3,,,,
e3eba5b47f14005ad985,test,의료,T2 동의어,q_의료_04,의원,건강·의료 중 '의료'를 판매·제공하는 매장,c954c565-cbbd-48ec-a760-35b74919c35e,닥터척척의원,의원,단대마트시장,전통시장,경기도,3.0,3.0,,,RESOLVED_AGREEMENT,False,3,,,,
2af8e7c197e2cb859aee,test,의료,T2 동의어,q_의료_04,의원,건강·의료 중 '의료'를 판매·제공하는 매장,ea396293-250e-4fe2-949d-5276c6292c75,양동희내과의원,의원,월산4동 골목형상점가,골목형상점가,광주광역시,3.0,3.0,,,RESOLVED_AGREEMENT,False,3,,,,
2a93aa4a929d6478a839,test,의료,T2 동의어,q_의료_04,의원,건강·의료 중 '의료'를 판매·제공하는 매장,7dc5b9c7-dce7-49e7-afaa-1a9b7d45da3a,강남바른추의원,의원,도리섬상점가,자율상권구역,경기도,3.0,3.0,,,RESOLVED_AGREEMENT,False,3,,,,
b666a0b7999e9425fcc3,test,의료,T2 동의어,q_의료_04,의원,건강·의료 중 '의료'를 판매·제공하는 매장,62dfaac2-6a61-4270-8d24-ca0fe8b56887,부곡내과의원,의원,의왕도깨비시장,전통시장,경기도,3.0,3.0,,,RESOLVED_AGREEMENT,False,3,,,,
05acb4a8a5d68e40a5cd,test,의료,T2 동의어,q_의료_04,의원,건강·의료 중 '의료'를 판매·제공하는 매장,6ba2189a-cde8-4e21-976d-5942f8f4446c,이완실루엣 색동,의류,역전지하상가,일반지하상점가,대전광역시,0.0,0.0,,,RESOLVED_AGREEMENT,False,0,,,,
7af2ad2a1cf94fd161eb,test,의료,T2 동의어,q_의료_04,의원,건강·의료 중 '의료'를 판매·제공하는 매장,f91b1b67-4d69-4e5f-9706-38470fe82781,BMF 의원,의원,세은 골목형상점가,골목형상점가,광주광역시,3.0,3.0,,,RESOLVED_AGREEMENT,False,3,,,,
d2985b5ae031bec59898,test,의료,T2 동의어,q_의료_04,의원,건강·의료 중 '의료'를 판매·제공하는 매장,30c298d0-0610-4c5a-99c5-1411dbf95095,파티마의원,의원,풍납시장,전통시장,서울특별시,3.0,3.0,,,RESOLVED_AGREEMENT,False,3,,,,
df072ab477a087e439e2,test,의료,T2 동의어,q_의료_04,의원,건강·의료 중 '의료'를 판매·제공하는 매장,00fdab59-58f8-4c63-8765-30cb59a78156,도안프라임치과의원,치과진료,목원대 골목형상점가,골목형상점가,대전광역시,3.0,3.0,,,RESOLVED_AGREEMENT,False,3,,,,
cf33e4158a34d0c62824,test,의료,T2 동의어,q_의료_04,의원,건강·의료 중 '의료'를 판매·제공하는 매장,d2721ec4-124d-4f2c-beda-ac939474f7c4,토마토키드,정장,㈜르네시떼,전통시장,부산광역시,0.0,0.0,,,RESOLVED_AGREEMENT,False,0,,,,
0e860a8e9fa92ae2d274,test,의료,T2 동의어,q_의료_04,의원,건강·의료 중 '의료'를 판매·제공하는 매장,01e01dc9-a690-442d-a992-0716da4fc86a,소나무한의원,한의진료서비스,수완하나로 골목형상점가,골목형상점가,광주광역시,3.0,3.0,,,RESOLVED_AGREEMENT,False,3,,,,
00e344d2dfa34e2dc0fa,test,의료,T2 동의어,q_의료_04,의원,건강·의료 중 '의료'를 판매·제공하는 매장,3845d455-bb0d-4cf9-8c1c-ad40db7fde54,하트봄내과의원,의원,도리섬상점가,자율상권구역,경기도,3.0,3.0,,,RESOLVED_AGREEMENT,False,3,,,,
6618346fe6f2071746bf,test,의료,T2 동의어,q_의료_04,의원,건강·의료 중 '의료'를 판매·제공하는 매장,00d494f5-7e0f-4ced-927a-3360ced94954,핑크유외과,병원,어진동 골목형상점가,골목형상점가,세종특별자치시,3.0,3.0,,,RESOLVED_AGREEMENT,False,3,,,,
e2cbfa45e3e0d8fbcaf8,test,의료,T2 동의어,q_의료_04,의원,건강·의료 중 '의료'를 판매·제공하는 매장,00962f54-90e0-479e-84a4-3f6e6f6515ec,비쥬여성산부인과의원,의료,운수대통 골목형상점가,골목형상점가,광주광역시,3.0,3.0,,,RESOLVED_AGREEMENT,False,3,,,,
0b7926ec0eb618fc6b8a,test,의료,T2 동의어,q_의료_04,의원,건강·의료 중 '의료'를 판매·제공하는 매장,00523307-cc4c-4b0c-8b2f-176ca7450d24,오름한의원,한의원,아차산등산로골목형상점가,골목형상점가,서울특별시,3.0,3.0,,,RESOLVED_AGREEMENT,False,3,,,,
2c6f76ea09ba1a01cec8,test,의료,T2 동의어,q_의료_04,의원,건강·의료 중 '의료'를 판매·제공하는 매장,00538958-226f-4338-8542-1fd9df6996d4,새현대치과,의료,매곡 가인 골목형상점가,골목형상점가,광주광역시,3.0,3.0,,,RESOLVED_AGREEMENT,False,3,,,,
8b5e01e4b37d66c2464f,test,의료,T2 동의어,q_의료_04,의원,건강·의료 중 '의료'를 판매·제공하는 매장,5511467a-f9dc-44b8-90f9-e0854b055deb,박인범제통의원,의원,군분로꽁양상인회 골목형상점가,골목형상점가,광주광역시,3.0,3.0,,,RESOLVED_AGREEMENT,False,3,,,,
0d2852358e9a85a3352f,test,의료,T2 동의어,q_의료_04,의원,건강·의료 중 '의료'를 판매·제공하는 매장,988a556d-c74f-435f-b06f-aad0f228abe1,이연의원,의원,신봉하나로 골목형상점가,골목형상점가,경기도,3.0,3.0,,,RESOLVED_AGREEMENT,False,3,,,,
b04befa80d9d88382685,test,의료,T2 동의어,q_의료_04,의원,건강·의료 중 '의료'를 판매·제공하는 매장,d7a3ea0f-e808-4fdd-9993-72bc000c09c9,쑥뜸천하 첨단점,건강보조식품 비누,첨단동행 골목형상점가,골목형상점가,광주광역시,0.0,0.0,,,RESOLVED_AGREEMENT,False,0,,,,
a8ffeee61f023557102e,test,의료,T2 동의어,q_의료_04,의원,건강·의료 중 '의료'를 판매·제공하는 매장,1e689aab-d79f-45de-9669-b39175e48044,고서한국의원,의원,고서 골목형상점가,골목형상점가,전라남도,3.0,3.0,,,RESOLVED_AGREEMENT,False,3,,,,
7c69678eb713ecab3a5e,test,의료,T2 동의어,q_의료_04,의원,건강·의료 중 '의료'를 판매·제공하는 매장,ae2433f2-2267-4c7e-a96d-5cd5570b3f85,몸과 맘편한 의원,의원,방학단길골목형상점가,골목형상점가,서울특별시,3.0,3.0,,,RESOLVED_AGREEMENT,False,3,,,,
aa7188d96ca01030b3e7,test,의료,T2 동의어,q_의료_04,의원,건강·의료 중 '의료'를 판매·제공하는 매장,989fa8cf-48c8-4040-bf45-4e6cb2557cdb,몬트심리상담발달센터,,노은역 골목형상점가,골목형상점가,대전광역시,,0.0,Y,,P0_UNCERTAIN_OR_MISSING,True,,,,,
515686ea4008bd7a1726,test,의료,T2 동의어,q_의료_04,의원,건강·의료 중 '의료'를 판매·제공하는 매장,0eac39e2-e452-4a4f-b548-4b48859d7fa3,더신사의원,의원,신사세로수길골목형상점가,골목형상점가,서울특별시,3.0,3.0,,,RESOLVED_AGREEMENT,False,3,,,,
1d2cd10efa5710a6c8c9,test,의료,T2 동의어,q_의료_04,의원,건강·의료 중 '의료'를 판매·제공하는 매장,fe24dc21-12f2-426f-bc48-b44eca80de75,다나의원,의원,남구 용대로 골목형상점가,골목형상점가,광주광역시,3.0,3.0,,,RESOLVED_AGREEMENT,False,3,,,,
cbe0354a163b1531a3f6,test,의료,T2 동의어,q_의료_04,의원,건강·의료 중 '의료'를 판매·제공하는 매장,9906641a-0856-4cac-a306-0216ac793a82,연세의원,의원,"임계사통팔달시장(임계시장, 송계5일장)",전통시장,강원특별자치도,3.0,3.0,,,RESOLVED_AGREEMENT,False,3,,,,
9e2d2ef18d95f90807f8,test,의료,T2 동의어,q_의료_04,의원,건강·의료 중 '의료'를 판매·제공하는 매장,bc2989cd-6049-4406-8ba5-aed4ed41590c,서울엠비내과,의원,이튼타워리버3차골목형상점가,골목형상점가,서울특별시,3.0,3.0,,,RESOLVED_AGREEMENT,False,3,,,,
06617b0af16a238720d0,test,의료,T2 동의어,q_의료_04,의원,건강·의료 중 '의료'를 판매·제공하는 매장,ed58640e-09ef-452a-98d9-2519a20ed7e6,박현내과의원,의원,지범골목먹거리타운 골목형상점가,골목형상점가,대구광역시,3.0,3.0,,,RESOLVED_AGREEMENT,False,3,,,,
d3e2425963c97d8dd8f7,test,의료,T2 동의어,q_의료_05,진료,건강·의료 중 '의료'를 판매·제공하는 매장,21429b19-7264-4746-840b-2340da0f634d,마릴린제이의원,진료,노형1 골목형상점가,골목형상점가,제주특별자치도,3.0,3.0,,,RESOLVED_AGREEMENT,False,3,,,,
1bf416c79564359cf6ab,test,의료,T2 동의어,q_의료_05,진료,건강·의료 중 '의료'를 판매·제공하는 매장,f10935c7-c0d0-4ec8-ae85-2d1de3806c54,시장 원조 튀김,,대인시장,전통시장,,0.0,0.0,,,RESOLVED_AGREEMENT,False,0,,,,
7d012da9863c807143a8,test,의료,T2 동의어,q_의료_05,진료,건강·의료 중 '의료'를 판매·제공하는 매장,cb47f08d-730b-414e-ab11-3ce34dc84fdd,참사랑한의원,한의 진료,자운대 골목형상점가,골목형상점가,대전광역시,3.0,3.0,,,RESOLVED_AGREEMENT,False,3,,,,
b3f6717527c14c72b315,test,의료,T2 동의어,q_의료_05,진료,건강·의료 중 '의료'를 판매·제공하는 매장,013526b7-d35c-404e-93d1-3a112d8de0c6,아이생각소아청소년과의원,진료비,신용동 골목형상점가,골목형상점가,광주광역시,3.0,3.0,,,RESOLVED_AGREEMENT,False,3,,,,
37bbadbeabf90a703b57,test,의료,T2 동의어,q_의료_05,진료,건강·의료 중 '의료'를 판매·제공하는 매장,320e4041-dac5-44b8-862c-78584a234ceb,본치과의원,치과 진료,장대동패션상가 골목형상점가,골목형상점가,대전광역시,3.0,3.0,,,RESOLVED_AGREEMENT,False,3,,,,
2d940b152cdfffbd9985,test,의료,T2 동의어,q_의료_05,진료,건강·의료 중 '의료'를 판매·제공하는 매장,067cdb1a-af4f-412e-b249-18ba9cde846b,반석내과영상의학과의원,내과 영상의학과,반석동 골목형상점가,골목형상점가,대전광역시,3.0,3.0,,,RESOLVED_AGREEMENT,False,3,,,,
d3f41badb6c05228c90e,test,의료,T2 동의어,q_의료_05,진료,건강·의료 중 '의료'를 판매·제공하는 매장,01b5432d-9420-483d-8da1-210127e3bb61,다사랑패밀리의원,내과 이비인후과 소아과,다사역 골목형상점가,골목형상점가,대구광역시,3.0,3.0,,,RESOLVED_AGREEMENT,False,3,,,,
98b944030e11bff50369,test,의료,T2 동의어,q_의료_05,진료,건강·의료 중 '의료'를 판매·제공하는 매장,0002538c-b8d9-4911-81c7-966789036b09,빛고을 치과의원,의원,세은 골목형상점가,골목형상점가,광주광역시,3.0,3.0,,,RESOLVED_AGREEMENT,False,3,,,,
64c75ab29f2ed232c4ba,test,의료,T2 동의어,q_의료_05,진료,건강·의료 중 '의료'를 판매·제공하는 매장,b23c09a8-cc35-4be7-aea3-fb46f696591e,독수리정형외과의원,진료,무등산골드클래스2차 골목형상점가,골목형상점가,광주광역시,3.0,3.0,,,RESOLVED_AGREEMENT,False,3,,,,
277ab633d0f92d88098f,test,의료,T2 동의어,q_의료_05,진료,건강·의료 중 '의료'를 판매·제공하는 매장,036ef24a-2d53-4dd1-9bbd-6d0c2a81dd24,바른동물병원,수의 동물병원,송도랜드마크시티 센트럴더샵 골목형상점가,골목형상점가,인천광역시,3.0,3.0,,,RESOLVED_AGREEMENT,False,3,,,,
0c52b374d677105511f3,test,의료,T2 동의어,q_의료_05,진료,건강·의료 중 '의료'를 판매·제공하는 매장,909c6981-0f0f-4c00-bb46-ddcaef073a37,서울탑재활의학과,진료,산본로데오거리(구 산본중심상가),자율상권구역,경기도,3.0,0.0,,,P1_BINARY_THRESHOLD,True,,,,,
7400871693c4cd1ae150,test,의료,T2 동의어,q_의료_05,진료,건강·의료 중 '의료'를 판매·제공하는 매장,7cfe5466-d7e8-4ceb-89b7-40aec087825d,규림한방병원,양한방협진 진료,상무중앙상인회 골목형상점가,골목형상점가,광주광역시,3.0,3.0,,,RESOLVED_AGREEMENT,False,3,,,,
a8e46cabc6a078f030f0,test,의료,T2 동의어,q_의료_05,진료,건강·의료 중 '의료'를 판매·제공하는 매장,34393283-9e6d-4eae-a738-c00e02e9ad1b,정통춘천닭갈비,한식,루원음식문화거리,골목형상점가,인천광역시,0.0,0.0,,,RESOLVED_AGREEMENT,False,0,,,,
d8b8145ffb69aceac1a9,test,의료,T2 동의어,q_의료_05,진료,건강·의료 중 '의료'를 판매·제공하는 매장,89c340e5-9796-4591-902a-92900fc1eb47,동림정수한의원,한의 진료,동림1 골목형상점가,골목형상점가,광주광역시,3.0,3.0,,,RESOLVED_AGREEMENT,False,3,,,,
4f3a3da3bc811d898e9e,test,의료,T2 동의어,q_의료_05,진료,건강·의료 중 '의료'를 판매·제공하는 매장,2daa91f7-3795-476f-a96f-3574a4bf300f,남면한의원,진료 밎 약처방,양주신산시장마을상점가,골목형상점가,경기도,3.0,3.0,,,RESOLVED_AGREEMENT,False,3,,,,
01a7ecaa141a1188b2e3,test,의료,T2 동의어,q_의료_05,진료,건강·의료 중 '의료'를 판매·제공하는 매장,00d494f5-7e0f-4ced-927a-3360ced94954,핑크유외과,병원,어진동 골목형상점가,골목형상점가,세종특별자치시,3.0,3.0,,,RESOLVED_AGREEMENT,False,3,,,,
c36a28da68996da238de,test,의료,T2 동의어,q_의료_05,진료,건강·의료 중 '의료'를 판매·제공하는 매장,e4142407-903a-4897-802e-8c81eaee32c1,코숨샘물한의원,한의원 진료,한미쇼핑사거리 골목형상점가,골목형상점가,광주광역시,3.0,3.0,,,RESOLVED_AGREEMENT,False,3,,,,
ac2d6fc8f825fe10c593,test,의료,T2 동의어,q_의료_05,진료,건강·의료 중 '의료'를 판매·제공하는 매장,00523307-cc4c-4b0c-8b2f-176ca7450d24,오름한의원,한의원,아차산등산로골목형상점가,골목형상점가,서울특별시,3.0,3.0,,,RESOLVED_AGREEMENT,False,3,,,,
0df507f9c0a7f0fb6c74,test,의료,T2 동의어,q_의료_05,진료,건강·의료 중 '의료'를 판매·제공하는 매장,00427918-a4b0-485e-ab42-62ebce752f92,유디해운대치과의원,의료,영풍리젠시 골목형상점가,골목형상점가,부산광역시,3.0,3.0,,,RESOLVED_AGREEMENT,False,3,,,,
3caad491af31a03f2b84,test,의료,T2 동의어,q_의료_05,진료,건강·의료 중 '의료'를 판매·제공하는 매장,012ea1f6-bb18-4f60-811e-1858d1f8fb85,서울삼성내과,병원,장자호수공원 골목형상점가,골목형상점가,경기도,3.0,3.0,,,RESOLVED_AGREEMENT,False,3,,,,
da7d12eae129f50d4ffe,test,의료,T2 동의어,q_의료_05,진료,건강·의료 중 '의료'를 판매·제공하는 매장,50a5f05c-148f-4163-882e-fd8463713c5f,김범한의원,진료,성대전통시장,전통시장,서울특별시,3.0,3.0,,,RESOLVED_AGREEMENT,False,3,,,,
9b5b08d6f01990053231,test,의료,T2 동의어,q_의료_05,진료,건강·의료 중 '의료'를 판매·제공하는 매장,06275db0-3bc6-4cb2-b2d0-9c2172db74f9,장편한김용성내과,진료,산본로데오거리(구 산본중심상가),자율상권구역,경기도,3.0,3.0,,,RESOLVED_AGREEMENT,False,3,,,,
e91f29c789c9123015a0,test,의료,T2 동의어,q_의료_05,진료,건강·의료 중 '의료'를 판매·제공하는 매장,84148ee7-0438-4b03-b0a0-345be788c3c7,계림부부내과의원,진료,계림2동발전 골목형상점가,골목형상점가,광주광역시,3.0,3.0,,,RESOLVED_AGREEMENT,False,3,,,,
322fcd0a352899dddc0a,test,의료,T2 동의어,q_의료_05,진료,건강·의료 중 '의료'를 판매·제공하는 매장,00538958-226f-4338-8542-1fd9df6996d4,새현대치과,의료,매곡 가인 골목형상점가,골목형상점가,광주광역시,3.0,3.0,,,RESOLVED_AGREEMENT,False,3,,,,
c7e90b4911391b78ef43,test,의료,T2 동의어,q_의료_05,진료,건강·의료 중 '의료'를 판매·제공하는 매장,75c5e7f5-c5e5-49ea-b976-a85f3f4e3f80,곤족 광주본점,족발 보쌈,정 있는 서암대로 골목형상점가,골목형상점가,광주광역시,0.0,0.0,,,RESOLVED_AGREEMENT,False,0,,,,
524df66fd04075b9e7af,test,의료,T2 동의어,q_의료_05,진료,건강·의료 중 '의료'를 판매·제공하는 매장,773ace20-339c-4dde-bbce-05f635ca185f,방주동물병원,용품 진료,오치 설죽로 골목형상점가,골목형상점가,광주광역시,3.0,3.0,,,RESOLVED_AGREEMENT,False,3,,,,
abefbb3a2c12648375a6,test,의료,T2 동의어,q_의료_05,진료,건강·의료 중 '의료'를 판매·제공하는 매장,0006edf8-62da-4c5d-8bed-80e32a855936,e-바른치과의원,병원,금화로상인회 골목형상점가,골목형상점가,광주광역시,3.0,3.0,,,RESOLVED_AGREEMENT,False,3,,,,
99c18dc196c1c73b8eb5,test,의료,T2 동의어,q_의료_05,진료,건강·의료 중 '의료'를 판매·제공하는 매장,739ad755-9c4a-4950-944f-693aeca7c214,올리브동물병원,동물 진료,고척프라자,전통시장,서울특별시,3.0,3.0,,,RESOLVED_AGREEMENT,False,3,,,,
78b806eeda8c4219eb06,test,의료,T2 동의어,q_의료_05,진료,건강·의료 중 '의료'를 판매·제공하는 매장,24c5cc99-7c21-4eda-9595-bbd8f4de5172,전승범치과의원,치과 진료 서비스,법원 앞 사과마을 골목형상점가,골목형상점가,광주광역시,3.0,3.0,,,RESOLVED_AGREEMENT,False,3,,,,
95e086fa4c86b5befc29,test,의료,T2 동의어,q_의료_05,진료,건강·의료 중 '의료'를 판매·제공하는 매장,c3558e60-0617-4e8d-b8c8-850093a2fb03,종로365의원,진료,종로5가역일번출구상점가,자율상권구역,서울특별시,3.0,3.0,,,RESOLVED_AGREEMENT,False,3,,,,
084396bb9318eecfc5fd,test,의료,T2 동의어,q_의료_05,진료,건강·의료 중 '의료'를 판매·제공하는 매장,ff399551-3465-4e95-933a-d2542e9e3bd5,로안한의원,진료,반곡동행복 골목형상점가,골목형상점가,세종특별자치시,3.0,3.0,,,RESOLVED_AGREEMENT,False,3,,,,
3fc500eecee8bdc6aceb,test,의료,T2 동의어,q_의료_05,진료,건강·의료 중 '의료'를 판매·제공하는 매장,8f4b01c9-4610-47f4-8455-259e1cecc43f,우리가정의원,진료 의료,공항골목시장골목형상점가,골목형상점가,서울특별시,3.0,3.0,,,RESOLVED_AGREEMENT,False,3,,,,
f54f4ddd0d0cfec67b05,test,의료,T2 동의어,q_의료_05,진료,건강·의료 중 '의료'를 판매·제공하는 매장,0040b4e6-7b74-4175-b54d-add4fe693d49,메디팜보명당약국,"의약품, 의료욕구, 복지욕구, 의료기기",점촌역전상점가,자율상권구역,경상북도,3.0,3.0,,,RESOLVED_AGREEMENT,False,3,,,,
1881d5175b64f35d7147,test,의료,T2 동의어,q_의료_05,진료,건강·의료 중 '의료'를 판매·제공하는 매장,7bb72411-9f36-4541-ace9-c71a90c243cf,유진한의원,한의 진료 및 치료,온택트 괴정스마트 상권활성화구역,상권활성화구역,부산광역시,3.0,3.0,,,RESOLVED_AGREEMENT,False,3,,,,
c8fc2dafd9d166b1107c,test,의료,T2 동의어,q_의료_05,진료,건강·의료 중 '의료'를 판매·제공하는 매장,a67889f9-8f50-456b-90fa-9226c4e70ee2,서울강남내과의원,진료,소사벌 골목형상점가,골목형상점가,경기도,3.0,3.0,,,RESOLVED_AGREEMENT,False,3,,,,
820a715fec746eb1baf9,test,의료,T2 동의어,q_의료_05,진료,건강·의료 중 '의료'를 판매·제공하는 매장,cef0282b-777a-4200-a8d7-e2f725aed6ea,늘봄피부과의원,진료,운암휴튼2차 골목형상점가,골목형상점가,광주광역시,3.0,3.0,,,RESOLVED_AGREEMENT,False,3,,,,
df709cd1179202c5e039,test,의료,T2 동의어,q_의료_05,진료,건강·의료 중 '의료'를 판매·제공하는 매장,376215d9-9f90-472f-8716-c544a32367e2,문석재한의원,진료,봉선로1 골목형상점가,골목형상점가,광주광역시,3.0,3.0,,,RESOLVED_AGREEMENT,False,3,,,,
40f2505e5da64181d41a,test,의료,T2 동의어,q_의료_05,진료,건강·의료 중 '의료'를 판매·제공하는 매장,01e01dc9-a690-442d-a992-0716da4fc86a,소나무한의원,한의진료서비스,수완하나로 골목형상점가,골목형상점가,광주광역시,3.0,3.0,,,RESOLVED_AGREEMENT,False,3,,,,
25a6736cc3060926d1cf,test,의료,T2 동의어,q_의료_05,진료,건강·의료 중 '의료'를 판매·제공하는 매장,5ccaee76-eeca-44ed-8117-e8cef7af6bac,임산부인과의원,진료,내상로 골목형상점가,골목형상점가,광주광역시,3.0,3.0,,,RESOLVED_AGREEMENT,False,3,,,,
392db748519937f38d60,test,의료,T2 동의어,q_의료_05,진료,건강·의료 중 '의료'를 판매·제공하는 매장,04a734bb-1790-4ecd-9398-2fd3359294d0,제일의원,진료,두암시장주변 골목형상점가,골목형상점가,광주광역시,3.0,3.0,,,RESOLVED_AGREEMENT,False,3,,,,
0fd05970c5f3b35cc4b5,test,의료,T2 동의어,q_의료_05,진료,건강·의료 중 '의료'를 판매·제공하는 매장,fb44d005-bcdd-4c5b-ba8d-33b0f2d6e08f,삼대 최한의원,진료,내상로 골목형상점가,골목형상점가,광주광역시,3.0,3.0,,,RESOLVED_AGREEMENT,False,3,,,,
0cb46e9504f55fb48fb8,test,의료,T2 동의어,q_의료_05,진료,건강·의료 중 '의료'를 판매·제공하는 매장,01225d66-8811-407d-9bce-43e4dbb97e1c,조일한의원,한의원 진료 서비스,칠성상가시장,전통시장,대구광역시,3.0,3.0,,,RESOLVED_AGREEMENT,False,3,,,,
277e7535535bf5c23c64,test,의료,T2 동의어,q_의료_05,진료,건강·의료 중 '의료'를 판매·제공하는 매장,e8482e21-058c-422d-9117-3e8530a1a9bb,동서의원,진료,내상로 골목형상점가,골목형상점가,광주광역시,3.0,3.0,,,RESOLVED_AGREEMENT,False,3,,,,
5d691f623e425c4af1f9,test,의료,T2 동의어,q_의료_05,진료,건강·의료 중 '의료'를 판매·제공하는 매장,9af9aac5-f87e-4a50-9a93-54df3046634d,러브미여성의원,진료,서문대로704번길 골목형상점가,골목형상점가,광주광역시,3.0,3.0,,,RESOLVED_AGREEMENT,False,3,,,,
6be5cd3fbd4c76447783,test,의료,T2 동의어,q_의료_05,진료,건강·의료 중 '의료'를 판매·제공하는 매장,163de97f-2ed6-420f-85ee-0d5de8c9f27d,시그니아독일보청기광산센타,보청기,신창 골목형상점가,골목형상점가,광주광역시,0.0,3.0,,,P1_BINARY_THRESHOLD,True,,,,,
0ca0a00149358b0d3000,test,의료,T2 동의어,q_의료_05,진료,건강·의료 중 '의료'를 판매·제공하는 매장,005f6f1a-ae3e-47a8-9298-8c7cae082531,삼선의원,일반의원,광복마을3-4길 골목형상점가,골목형상점가,광주광역시,3.0,3.0,,,RESOLVED_AGREEMENT,False,3,,,,
796bfb8f47c5aab1ef78,test,의료,T2 동의어,q_의료_05,진료,건강·의료 중 '의료'를 판매·제공하는 매장,936d2748-2052-4481-813a-b00d9dd17efb,스마트내과,진료,테크노밸리 골목형상점가,골목형상점가,대전광역시,3.0,3.0,,,RESOLVED_AGREEMENT,False,3,,,,
89bc2df76c7f05c0bb29,test,의료,T2 동의어,q_의료_05,진료,건강·의료 중 '의료'를 판매·제공하는 매장,ba331af3-3eea-43b3-a5b9-49fcaaf23d51,평택안립한의원,한의원 외래 진료,배다리저수지 골목형상점가,골목형상점가,경기도,3.0,3.0,,,RESOLVED_AGREEMENT,False,3,,,,
dda82edcbad60279ea28,test,의료,T2 동의어,q_의료_05,진료,건강·의료 중 '의료'를 판매·제공하는 매장,60ad01b8-f3ee-417c-ace6-d46bfd2167f3,최세미산부인과의원,진료,상무역4번출구상인회 골목형상점가,골목형상점가,광주광역시,3.0,3.0,,,RESOLVED_AGREEMENT,False,3,,,,
71ecc22f7345b218bc90,test,의료,T2 동의어,q_의료_05,진료,건강·의료 중 '의료'를 판매·제공하는 매장,21e4c16d-9d28-4304-a2f3-28ec19281526,금산오색건강원,건강보조식품,오산오색시장(구 오산중앙시장),전통시장,경기도,0.0,1.0,,,P2_GRADED_ONLY,True,,,,,
014db7a344473bf5090f,test,의료,T2 동의어,q_의료_05,진료,건강·의료 중 '의료'를 판매·제공하는 매장,a65a4249-03c2-4206-b91f-4804c2091ad2,다산마리동물병원,동물 진료,다산역 로데오 상점가,자율상권구역,경기도,3.0,3.0,,,RESOLVED_AGREEMENT,False,3,,,,
77f88a34ca3c66967dc8,test,의료,T2 동의어,q_의료_05,진료,건강·의료 중 '의료'를 판매·제공하는 매장,030d2cd2-d4d8-4ee8-bd1e-b3a1e71138d1,상문동물병원,동물병원,거제 상동 골목형상점가,골목형상점가,경상남도,3.0,3.0,,,RESOLVED_AGREEMENT,False,3,,,,
f3a3434720d9679cb4a5,test,의료,T2 동의어,q_의료_05,진료,건강·의료 중 '의료'를 판매·제공하는 매장,51943bc8-380a-4289-95d9-fb452ad34cc0,비우고채우는치과의원,진료,신가아름마을,골목형상점가,광주광역시,3.0,3.0,,,RESOLVED_AGREEMENT,False,3,,,,
719754f77876ff721045,test,의료,T2 동의어,q_의료_05,진료,건강·의료 중 '의료'를 판매·제공하는 매장,b559c142-27df-4216-bfac-9799ab8130b3,마린,여성의류,삼익패션타운,전통시장,서울특별시,0.0,0.0,,,RESOLVED_AGREEMENT,False,0,,,,
148acbb28be155c0e884,test,의료,T2 동의어,q_의료_05,진료,건강·의료 중 '의료'를 판매·제공하는 매장,c3ab2310-c23f-401d-a511-a1f881e40316,장바른내과의원,진료,지족반석 골목형상점가,골목형상점가,대전광역시,3.0,3.0,,,RESOLVED_AGREEMENT,False,3,,,,
aebb85cffd662218e2a6,test,의료,T2 동의어,q_의료_05,진료,건강·의료 중 '의료'를 판매·제공하는 매장,00962f54-90e0-479e-84a4-3f6e6f6515ec,비쥬여성산부인과의원,의료,운수대통 골목형상점가,골목형상점가,광주광역시,3.0,3.0,,,RESOLVED_AGREEMENT,False,3,,,,
53202c8d8fecd185bd34,test,의료,T2 동의어,q_의료_05,진료,건강·의료 중 '의료'를 판매·제공하는 매장,00192f22-a492-4ba5-a62d-65bf0d0ec7b9,큰물한의원,한의원,전주서곡 골목형상점가,골목형상점가,전북특별자치도,3.0,3.0,,,RESOLVED_AGREEMENT,False,3,,,,
fc44127beb6002f3e7c5,test,의료,T2 동의어,q_의료_05,진료,건강·의료 중 '의료'를 판매·제공하는 매장,072ed95f-4c7c-4962-bdca-87c8558de161,한신내과,내과,여의동 골목형상점가,골목형상점가,전북특별자치도,3.0,3.0,,,RESOLVED_AGREEMENT,False,3,,,,
fb0070e8bfa4ecfe17c4,test,의료,T2 동의어,q_의료_05,진료,건강·의료 중 '의료'를 판매·제공하는 매장,4cbd7526-5ab9-4975-84a9-5e888989c3fc,열린치과병원,치아 진료,시청앞 골목형상점가,골목형상점가,충청남도,3.0,3.0,,,RESOLVED_AGREEMENT,False,3,,,,
57b9c005cac192d6b085,test,의료,T2 동의어,q_의료_05,진료,건강·의료 중 '의료'를 판매·제공하는 매장,bb96597b-882e-42f2-99f5-b076ee38a09f,세종장사랑내과의원,진료,아름드리 골목형상점가,골목형상점가,세종특별자치시,3.0,3.0,,,RESOLVED_AGREEMENT,False,3,,,,
161b9f32e43c8d6732c3,test,의료,T2 동의어,q_의료_05,진료,건강·의료 중 '의료'를 판매·제공하는 매장,b38124ed-5075-47c0-b370-77e56ec71f58,실로암안과,진료,내상로 골목형상점가,골목형상점가,광주광역시,3.0,3.0,,,RESOLVED_AGREEMENT,False,3,,,,
53aba8c55b6f20e43227,test,의료,T2 동의어,q_의료_05,진료,건강·의료 중 '의료'를 판매·제공하는 매장,0286c595-5d7f-49db-876a-6959d52a7d39,서울더원플러스치과,치과진료,남성역 골목시장,전통시장,서울특별시,3.0,3.0,,,RESOLVED_AGREEMENT,False,3,,,,
761744b467696a6995d4,test,의료,T2 동의어,q_의료_05,진료,건강·의료 중 '의료'를 판매·제공하는 매장,e4db698c-1275-4cd4-a695-2325839cd1c7,인치과,치과 진료,화정로상가상인회 골목형상점가,골목형상점가,광주광역시,3.0,3.0,,,RESOLVED_AGREEMENT,False,3,,,,
106f78e26132f4ae799f,test,의료,T2 동의어,q_의료_05,진료,건강·의료 중 '의료'를 판매·제공하는 매장,e3c093fb-f1d0-4a33-be7d-a8bdbe2e2fe4,안데르센과자점,제과제빵,대남숨길 골목형상점가,골목형상점가,광주광역시,0.0,0.0,,,RESOLVED_AGREEMENT,False,0,,,,
62bb7f4d1b9c9cc963e6,test,의료,T2 동의어,q_의료_05,진료,건강·의료 중 '의료'를 판매·제공하는 매장,1956dc07-117e-45d3-b607-149e9ff510b5,미소담치과,치과 진료,엄사 골목형상점가,골목형상점가,충청남도,3.0,3.0,,,RESOLVED_AGREEMENT,False,3,,,,
990b305eac9248981636,test,의료,T2 동의어,q_의료_05,진료,건강·의료 중 '의료'를 판매·제공하는 매장,0083c935-4cf1-4856-831b-5e623fcb71ac,봄봄이비인후과의원,의료서비스,고운동상점가,자율상권구역,세종특별자치시,3.0,3.0,,,RESOLVED_AGREEMENT,False,3,,,,
7479523d9157ba37b020,test,의료,T2 동의어,q_의료_05,진료,건강·의료 중 '의료'를 판매·제공하는 매장,00fdab59-58f8-4c63-8765-30cb59a78156,도안프라임치과의원,치과진료,목원대 골목형상점가,골목형상점가,대전광역시,3.0,3.0,,,RESOLVED_AGREEMENT,False,3,,,,
ab7dc26dfa41ad5e69dd,test,의료,T2 동의어,q_의료_05,진료,건강·의료 중 '의료'를 판매·제공하는 매장,5d14b2c3-c62f-473e-837f-e1efb1663a62,제일해물,생선해산물,청량리청과물시장,전통시장,서울특별시,0.0,0.0,,,RESOLVED_AGREEMENT,False,0,,,,
384c5855d4b0b3ba6202,test,의료,T2 동의어,q_의료_05,진료,건강·의료 중 '의료'를 판매·제공하는 매장,11ec283e-1ffc-4288-bc37-30ff309456a1,온리한의원,한의과 진료,다산지금상점가,골목형상점가,경기도,3.0,3.0,,,RESOLVED_AGREEMENT,False,3,,,,
b24528c4b01ddf79e481,test,의료,T2 동의어,q_의료_05,진료,건강·의료 중 '의료'를 판매·제공하는 매장,1c8a8990-c1c5-4b90-99a1-09919d081f9a,건강미현대웰빙의원,진료,광산 송2송2 골목형상점가,골목형상점가,광주광역시,3.0,3.0,,,RESOLVED_AGREEMENT,False,3,,,,
d0fd484a5bf2191c0d49,test,의료,T2 동의어,q_의료_05,진료,건강·의료 중 '의료'를 판매·제공하는 매장,e45589c1-095b-414f-95d8-240b3f9f3029,메이동물병원,진료,남외번영 골목형상점가,골목형상점가,울산광역시,3.0,3.0,,,RESOLVED_AGREEMENT,False,3,,,,
d5109ef0bad12790096c,test,의료,T2 동의어,q_의료_05,진료,건강·의료 중 '의료'를 판매·제공하는 매장,b8ed4560-5eb0-4d1b-bf08-33b5ea5d9604,광덕힐한의원,한의 진료,힐스상인회 골목형상점가,골목형상점가,광주광역시,3.0,3.0,,,RESOLVED_AGREEMENT,False,3,,,,
56219b60ea2f185bb297,test,의료,T2 동의어,q_의료_05,진료,건강·의료 중 '의료'를 판매·제공하는 매장,0056dcd4-0ac0-4535-9ee5-c8fd19d8ff14,중화한의원,한의원,보령한내시장,전통시장,충청남도,3.0,3.0,,,RESOLVED_AGREEMENT,False,3,,,,
9e0b14bf00a0192f2051,test,의료,T2 동의어,q_의료_05,진료,건강·의료 중 '의료'를 판매·제공하는 매장,c504d99a-b2e3-4cbf-8a95-51d432a3b3e2,맑은내과외과의원,진료,종촌동골목형상점가,골목형상점가,세종특별자치시,3.0,3.0,,,RESOLVED_AGREEMENT,False,3,,,,
c833858a267036e388b6,test,의료,T2 동의어,q_의료_05,진료,건강·의료 중 '의료'를 판매·제공하는 매장,054d77ec-b17b-4ed9-9322-6f9060ce3d53,현소아청소년과의원,소아과 내과,일곡동 골목형상점가,골목형상점가,광주광역시,3.0,3.0,,,RESOLVED_AGREEMENT,False,3,,,,
8d5941bda5c826154d6c,test,의료,T2 동의어,q_의료_05,진료,건강·의료 중 '의료'를 판매·제공하는 매장,faeebcf7-5ac2-41a1-adb0-8e86181c28fe,위석부부한의원,환자 진료,내상로 골목형상점가,골목형상점가,광주광역시,3.0,3.0,,,RESOLVED_AGREEMENT,False,3,,,,
1a57daee192a4c8f2ecd,test,의료,T2 동의어,q_의료_05,진료,건강·의료 중 '의료'를 판매·제공하는 매장,056051e6-c0e1-4402-b967-242217ff89ba,임명수 내과,내과,일곡동 골목형상점가,골목형상점가,광주광역시,3.0,3.0,,,RESOLVED_AGREEMENT,False,3,,,,
f4fd180077db6acfaff4,test,의료,T2 동의어,q_의료_05,진료,건강·의료 중 '의료'를 판매·제공하는 매장,5b8fd163-fe2f-4708-b221-f91dd681f86d,샤인동물병원,"진료, 용품",금화상인회 골목형상점가,골목형상점가,광주광역시,3.0,3.0,,,RESOLVED_AGREEMENT,False,3,,,,
8a4c20c13a414351ae83,test,의료,T2 동의어,q_의료_05,진료,건강·의료 중 '의료'를 판매·제공하는 매장,58456c08-b34b-46af-a26a-df414fbaa6b4,다빈치한의원,한의원 진료,청과물시장,전통시장,경기도,3.0,3.0,,,RESOLVED_AGREEMENT,False,3,,,,
a04b96150d7ea2803785,test,의료,T2 동의어,q_의료_05,진료,건강·의료 중 '의료'를 판매·제공하는 매장,da432c74-f27b-45ed-84e7-2e373af04a90,건 한의원,한의과 진료,BOCA 보카상점가,골목형상점가,경기도,3.0,3.0,,,RESOLVED_AGREEMENT,False,3,,,,
152b7c592373f8f70180,test,의료,T2 동의어,q_의료_05,진료,건강·의료 중 '의료'를 판매·제공하는 매장,52f2baa2-7078-464d-a2af-290c85817702,에스듈의원,보건업 진료,성안길상점가,자율상권구역,충청북도,3.0,3.0,,,RESOLVED_AGREEMENT,False,3,,,,
8c35e60f0a00e5bd38a1,test,의료,T2 동의어,q_의료_05,진료,건강·의료 중 '의료'를 판매·제공하는 매장,10ec5398-f28a-4373-9665-e1bd794cec13,동물병원숲,진료 용품,양산길 골목형상점가,골목형상점가,광주광역시,3.0,3.0,,,RESOLVED_AGREEMENT,False,3,,,,
9532969c2741d8a9369a,test,의료,T4 구어·문장,q_의료_06,병원 갈 데,건강·의료 중 '의료'를 판매·제공하는 매장,ae6dc73c-1ec2-4f26-bee0-f88d25e1d944,안내과,병원,공주산성시장,전통시장,충청남도,3.0,3.0,,,RESOLVED_AGREEMENT,False,3,,,,
60e9ea8254c533911e47,test,의료,T4 구어·문장,q_의료_06,병원 갈 데,건강·의료 중 '의료'를 판매·제공하는 매장,00538958-226f-4338-8542-1fd9df6996d4,새현대치과,의료,매곡 가인 골목형상점가,골목형상점가,광주광역시,3.0,3.0,,,RESOLVED_AGREEMENT,False,3,,,,
44b479b7c5b7263dff46,test,의료,T4 구어·문장,q_의료_06,병원 갈 데,건강·의료 중 '의료'를 판매·제공하는 매장,1be46f25-fd51-4846-a9fb-64646265890e,잇츠미의원,병원,금암동 골목형상점가,골목형상점가,충청남도,3.0,3.0,,,RESOLVED_AGREEMENT,False,3,,,,
a19d548cfd6cf50cf46f,test,의료,T4 구어·문장,q_의료_06,병원 갈 데,건강·의료 중 '의료'를 판매·제공하는 매장,d1c0101a-fdb1-4270-9d03-8c40293546c0,정무강치과의원,병원,우산상인회 골목형상점가,골목형상점가,광주광역시,3.0,3.0,,,RESOLVED_AGREEMENT,False,3,,,,
5edb14dab5926f483b6b,test,의료,T4 구어·문장,q_의료_06,병원 갈 데,건강·의료 중 '의료'를 판매·제공하는 매장,0006edf8-62da-4c5d-8bed-80e32a855936,e-바른치과의원,병원,금화로상인회 골목형상점가,골목형상점가,광주광역시,3.0,3.0,,,RESOLVED_AGREEMENT,False,3,,,,
622369b98b1020a3b15f,test,의료,T4 구어·문장,q_의료_06,병원 갈 데,건강·의료 중 '의료'를 판매·제공하는 매장,e7bf2a6f-b6ac-494a-ba78-f843b4cea070,제이한방병원,병원,신용동2 골목형상점가,골목형상점가,광주광역시,3.0,3.0,,,RESOLVED_AGREEMENT,False,3,,,,
7d80e8be0c5b63a2d5c4,test,의료,T4 구어·문장,q_의료_06,병원 갈 데,건강·의료 중 '의료'를 판매·제공하는 매장,2f7cf4ad-e3b7-4434-b6cc-e0b124946d7a,그레이트 여성의원,병원,운남골목 골목형상점가,골목형상점가,광주광역시,3.0,3.0,,,RESOLVED_AGREEMENT,False,3,,,,
33d33703a5bc5d2bc308,test,의료,T4 구어·문장,q_의료_06,병원 갈 데,건강·의료 중 '의료'를 판매·제공하는 매장,c0a90638-e07a-4992-9f4b-21d707214966,첨단유진한방병원,병원,첨단지구 골목형상점가,골목형상점가,광주광역시,3.0,3.0,,,RESOLVED_AGREEMENT,False,3,,,,
88102816157434d4638e,test,의료,T4 구어·문장,q_의료_06,병원 갈 데,건강·의료 중 '의료'를 판매·제공하는 매장,012ea1f6-bb18-4f60-811e-1858d1f8fb85,서울삼성내과,병원,장자호수공원 골목형상점가,골목형상점가,경기도,3.0,3.0,,,RESOLVED_AGREEMENT,False,3,,,,
2e80c4110485525881d0,test,의료,T4 구어·문장,q_의료_06,병원 갈 데,건강·의료 중 '의료'를 판매·제공하는 매장,45ebaab8-9b1e-4b2b-bdc2-5d65738f4c2f,맑은숨이비인후과의원,병원,금암중심상가 골목형상점가,골목형상점가,경기도,3.0,3.0,,,RESOLVED_AGREEMENT,False,3,,,,
216c964ded02e86391c6,test,의료,T4 구어·문장,q_의료_06,병원 갈 데,건강·의료 중 '의료'를 판매·제공하는 매장,4be69a43-5c97-4c07-a4f2-53f6283682c4,웰신경과의원,병원,테크노밸리 골목형상점가,골목형상점가,대전광역시,3.0,3.0,,,RESOLVED_AGREEMENT,False,3,,,,
96688f9c8a65e2f03d80,test,의료,T4 구어·문장,q_의료_06,병원 갈 데,건강·의료 중 '의료'를 판매·제공하는 매장,00fdab59-58f8-4c63-8765-30cb59a78156,도안프라임치과의원,치과진료,목원대 골목형상점가,골목형상점가,대전광역시,3.0,3.0,,,RESOLVED_AGREEMENT,False,3,,,,
16a7f97beea291f94a2d,test,의료,T4 구어·문장,q_의료_06,병원 갈 데,건강·의료 중 '의료'를 판매·제공하는 매장,96be9d9e-ce47-4c52-b60f-c6e6a33e3dff,양만수산,장어,맹동혁신골목형상점가,골목형상점가,충청북도,0.0,0.0,,,RESOLVED_AGREEMENT,False,0,,,,
f306608885846ab3a025,test,의료,T4 구어·문장,q_의료_06,병원 갈 데,건강·의료 중 '의료'를 판매·제공하는 매장,0040b4e6-7b74-4175-b54d-add4fe693d49,메디팜보명당약국,"의약품, 의료욕구, 복지욕구, 의료기기",점촌역전상점가,자율상권구역,경상북도,3.0,3.0,,,RESOLVED_AGREEMENT,False,3,,,,
340cfd029d11996d9086,test,의료,T4 구어·문장,q_의료_06,병원 갈 데,건강·의료 중 '의료'를 판매·제공하는 매장,3db691c5-1804-413d-9178-f9f6b1074a18,한빛이비인후과,병원,필그린쇼핑센타,골목형상점가,울산광역시,3.0,3.0,,,RESOLVED_AGREEMENT,False,3,,,,
a130c73306667dd2c09a,test,의료,T4 구어·문장,q_의료_06,병원 갈 데,건강·의료 중 '의료'를 판매·제공하는 매장,01225d66-8811-407d-9bce-43e4dbb97e1c,조일한의원,한의원 진료 서비스,칠성상가시장,전통시장,대구광역시,3.0,3.0,,,RESOLVED_AGREEMENT,False,3,,,,
28b52de362776c925ce4,test,의료,T4 구어·문장,q_의료_06,병원 갈 데,건강·의료 중 '의료'를 판매·제공하는 매장,067cdb1a-af4f-412e-b249-18ba9cde846b,반석내과영상의학과의원,내과 영상의학과,반석동 골목형상점가,골목형상점가,대전광역시,3.0,3.0,,,RESOLVED_AGREEMENT,False,3,,,,
35467df26df8c8a4e780,test,의료,T4 구어·문장,q_의료_06,병원 갈 데,건강·의료 중 '의료'를 판매·제공하는 매장,0286c595-5d7f-49db-876a-6959d52a7d39,서울더원플러스치과,치과진료,남성역 골목시장,전통시장,서울특별시,3.0,3.0,,,RESOLVED_AGREEMENT,False,3,,,,
cee110d5065946c38149,test,의료,T4 구어·문장,q_의료_06,병원 갈 데,건강·의료 중 '의료'를 판매·제공하는 매장,2c99f95a-a9d6-43a5-8f46-73405931f25a,벤조인요양병원,병원,슬기로운 지족역 골목형상점가,골목형상점가,대전광역시,3.0,3.0,,,RESOLVED_AGREEMENT,False,3,,,,
a32ab9c5deb3cbc866e1,test,의료,T4 구어·문장,q_의료_06,병원 갈 데,건강·의료 중 '의료'를 판매·제공하는 매장,013526b7-d35c-404e-93d1-3a112d8de0c6,아이생각소아청소년과의원,진료비,신용동 골목형상점가,골목형상점가,광주광역시,3.0,3.0,,,RESOLVED_AGREEMENT,False,3,,,,
e53d953c7bed0ce462a3,test,의료,T4 구어·문장,q_의료_06,병원 갈 데,건강·의료 중 '의료'를 판매·제공하는 매장,4d37a0c7-c390-4a21-81ad-9732be41521d,캘리포니아치과의원,병원,흑석동 골목형상점가,골목형상점가,광주광역시,3.0,3.0,,,RESOLVED_AGREEMENT,False,3,,,,
011660569edbaa61a739,test,의료,T4 구어·문장,q_의료_06,병원 갈 데,건강·의료 중 '의료'를 판매·제공하는 매장,4055baae-4a72-4641-ba0e-17ad5cf6f3d2,고희관 내과의원,병원,도군머리 골목형상점가,골목형상점가,광주광역시,3.0,3.0,,,RESOLVED_AGREEMENT,False,3,,,,
0c0cfa4878182542088b,test,의료,T4 구어·문장,q_의료_06,병원 갈 데,건강·의료 중 '의료'를 판매·제공하는 매장,0083c935-4cf1-4856-831b-5e623fcb71ac,봄봄이비인후과의원,의료서비스,고운동상점가,자율상권구역,세종특별자치시,3.0,3.0,,,RESOLVED_AGREEMENT,False,3,,,,
a2d34e001bc77f01825e,test,의료,T4 구어·문장,q_의료_06,병원 갈 데,건강·의료 중 '의료'를 판매·제공하는 매장,056051e6-c0e1-4402-b967-242217ff89ba,임명수 내과,내과,일곡동 골목형상점가,골목형상점가,광주광역시,3.0,3.0,,,RESOLVED_AGREEMENT,False,3,,,,
eba946c44727f112b42b,test,의료,T4 구어·문장,q_의료_06,병원 갈 데,건강·의료 중 '의료'를 판매·제공하는 매장,00962f54-90e0-479e-84a4-3f6e6f6515ec,비쥬여성산부인과의원,의료,운수대통 골목형상점가,골목형상점가,광주광역시,3.0,3.0,,,RESOLVED_AGREEMENT,False,3,,,,
a459e94e424a8e75a018,test,의료,T4 구어·문장,q_의료_06,병원 갈 데,건강·의료 중 '의료'를 판매·제공하는 매장,0056dcd4-0ac0-4535-9ee5-c8fd19d8ff14,중화한의원,한의원,보령한내시장,전통시장,충청남도,3.0,3.0,,,RESOLVED_AGREEMENT,False,3,,,,
ebd4bff13870e3175370,test,의료,T4 구어·문장,q_의료_06,병원 갈 데,건강·의료 중 '의료'를 판매·제공하는 매장,aa35ba94-81ad-4cc8-983f-24918c0b9102,현대산부인과,병원,정읍연지상점가,자율상권구역,전북특별자치도,3.0,3.0,,,RESOLVED_AGREEMENT,False,3,,,,
8088b54151cac239521d,test,의료,T4 구어·문장,q_의료_06,병원 갈 데,건강·의료 중 '의료'를 판매·제공하는 매장,617602cf-1c58-4875-be42-7d594e1dd330,아름다운여성의원,병원,계수마을상인회 골목형상점가,골목형상점가,광주광역시,3.0,3.0,,,RESOLVED_AGREEMENT,False,3,,,,
054d8004b626cc8d6495,test,의료,T4 구어·문장,q_의료_06,병원 갈 데,건강·의료 중 '의료'를 판매·제공하는 매장,b46a53ad-967d-4f29-9440-9f9d02955a74,시골마을식육식당,한식,봉선먹자골목 골목형상점가,골목형상점가,광주광역시,0.0,0.0,,,RESOLVED_AGREEMENT,False,0,,,,
9bab573fa9c3626956a6,test,의료,T4 구어·문장,q_의료_06,병원 갈 데,건강·의료 중 '의료'를 판매·제공하는 매장,0002538c-b8d9-4911-81c7-966789036b09,빛고을 치과의원,의원,세은 골목형상점가,골목형상점가,광주광역시,3.0,3.0,,,RESOLVED_AGREEMENT,False,3,,,,
61476b7c6a09b14d5283,test,의료,T4 구어·문장,q_의료_06,병원 갈 데,건강·의료 중 '의료'를 판매·제공하는 매장,36486f62-6d85-44eb-99be-7ac485b5b8b5,예사랑피부과,병원,금화상인회 골목형상점가,골목형상점가,광주광역시,3.0,3.0,,,RESOLVED_AGREEMENT,False,3,,,,
de506dd407ecaf9224e0,test,의료,T4 구어·문장,q_의료_06,병원 갈 데,건강·의료 중 '의료'를 판매·제공하는 매장,054d77ec-b17b-4ed9-9322-6f9060ce3d53,현소아청소년과의원,소아과 내과,일곡동 골목형상점가,골목형상점가,광주광역시,3.0,3.0,,,RESOLVED_AGREEMENT,False,3,,,,
e1a3172242628f44aeac,test,의료,T4 구어·문장,q_의료_06,병원 갈 데,건강·의료 중 '의료'를 판매·제공하는 매장,b65eeb55-829a-4c65-8b5b-d7d1709bfc5f,주동물병원,병원,금암동 골목형상점가,골목형상점가,충청남도,3.0,3.0,,,RESOLVED_AGREEMENT,False,3,,,,
15cf02f7462b74754d4a,test,의료,T4 구어·문장,q_의료_06,병원 갈 데,건강·의료 중 '의료'를 판매·제공하는 매장,b9ebfbdf-adf7-4b7e-a76d-8bcc28747b08,일등축산,축산물,효자촌 골목형상점가,골목형상점가,경기도,0.0,0.0,,,RESOLVED_AGREEMENT,False,0,,,,
26ead1aaa3c7bb929db1,test,의료,T4 구어·문장,q_의료_06,병원 갈 데,건강·의료 중 '의료'를 판매·제공하는 매장,557ad3cf-8ffd-4fcf-894c-f24e6d7492b4,전주문병원,병원,효자2동 골목형상점가,골목형상점가,전북특별자치도,3.0,3.0,,,RESOLVED_AGREEMENT,False,3,,,,
c39d51629861154eed45,test,의료,T4 구어·문장,q_의료_06,병원 갈 데,건강·의료 중 '의료'를 판매·제공하는 매장,ff101589-0a3b-42cd-b804-c7394d33efd5,우리들외과의원,병원,송강동 골목형상점가,골목형상점가,대전광역시,3.0,3.0,,,RESOLVED_AGREEMENT,False,3,,,,
5982b2a47e0af1b34d0a,test,의료,T4 구어·문장,q_의료_06,병원 갈 데,건강·의료 중 '의료'를 판매·제공하는 매장,072ed95f-4c7c-4962-bdca-87c8558de161,한신내과,내과,여의동 골목형상점가,골목형상점가,전북특별자치도,3.0,3.0,,,RESOLVED_AGREEMENT,False,3,,,,
6dd8cc76a13949aa0f5c,test,의료,T4 구어·문장,q_의료_06,병원 갈 데,건강·의료 중 '의료'를 판매·제공하는 매장,00427918-a4b0-485e-ab42-62ebce752f92,유디해운대치과의원,의료,영풍리젠시 골목형상점가,골목형상점가,부산광역시,3.0,3.0,,,RESOLVED_AGREEMENT,False,3,,,,
08871f8bb6992ac52b30,test,의료,T4 구어·문장,q_의료_06,병원 갈 데,건강·의료 중 '의료'를 판매·제공하는 매장,0ce28557-45c5-484f-bfc6-2dce8b1b11b3,화인메트로병원,병원,두정동상점가,자율상권구역,충청남도,3.0,3.0,,,RESOLVED_AGREEMENT,False,3,,,,
380c1cfab088d0ea0c72,test,의료,T4 구어·문장,q_의료_06,병원 갈 데,건강·의료 중 '의료'를 판매·제공하는 매장,294606c2-a398-4fdd-899d-452ac8e72f47,아미힐요양병원,병원,노대물빛근린공원 골목형상점가,골목형상점가,광주광역시,3.0,3.0,,,RESOLVED_AGREEMENT,False,3,,,,
6fa89bb7952cf9d798f0,test,의료,T4 구어·문장,q_의료_06,병원 갈 데,건강·의료 중 '의료'를 판매·제공하는 매장,01b5432d-9420-483d-8da1-210127e3bb61,다사랑패밀리의원,내과 이비인후과 소아과,다사역 골목형상점가,골목형상점가,대구광역시,3.0,3.0,,,RESOLVED_AGREEMENT,False,3,,,,
a190feb542468c46a2d8,test,의료,T4 구어·문장,q_의료_06,병원 갈 데,건강·의료 중 '의료'를 판매·제공하는 매장,a0c51265-a04b-4be6-94c2-d6158e7fb8e8,첨단가족연합의원,병원,첨단2지구 골목형상점가,골목형상점가,광주광역시,3.0,3.0,,,RESOLVED_AGREEMENT,False,3,,,,
2a7ef2c76a5aeb8adfa2,test,의료,T4 구어·문장,q_의료_06,병원 갈 데,건강·의료 중 '의료'를 판매·제공하는 매장,337a0275-b6f1-491f-9be2-3fa8bbbe11b7,김현경의원,병원,명보연암 골목형상점가,골목형상점가,울산광역시,3.0,3.0,,,RESOLVED_AGREEMENT,False,3,,,,
12d05a5b7db0b231c389,test,의료,T4 구어·문장,q_의료_06,병원 갈 데,건강·의료 중 '의료'를 판매·제공하는 매장,01e01dc9-a690-442d-a992-0716da4fc86a,소나무한의원,한의진료서비스,수완하나로 골목형상점가,골목형상점가,광주광역시,3.0,3.0,,,RESOLVED_AGREEMENT,False,3,,,,
58716a05d60640f9764a,test,의료,T4 구어·문장,q_의료_06,병원 갈 데,건강·의료 중 '의료'를 판매·제공하는 매장,d4e12c15-1052-464b-b12b-7fbd3febe40e,산본성심정형외과,병원,산본로데오거리(구 산본중심상가),자율상권구역,경기도,3.0,3.0,,,RESOLVED_AGREEMENT,False,3,,,,
ec491371ace5643b0523,test,의료,T4 구어·문장,q_의료_06,병원 갈 데,건강·의료 중 '의료'를 판매·제공하는 매장,36f2abc8-b08e-4a46-a998-938fcdf30ed3,경주상회,내의,성남프라자,전통시장,울산광역시,0.0,0.0,,,RESOLVED_AGREEMENT,False,0,,,,
09f7e236be3f141cdbed,test,의료,T4 구어·문장,q_의료_06,병원 갈 데,건강·의료 중 '의료'를 판매·제공하는 매장,bc28e035-9e5a-46f2-8b43-6b9d8edc2c44,참좋은동물병원,동물 병원,오케이 양산동 골목형상점가,골목형상점가,광주광역시,3.0,3.0,,,RESOLVED_AGREEMENT,False,3,,,,
abb6bc298daac3e4557d,test,의료,T4 구어·문장,q_의료_06,병원 갈 데,건강·의료 중 '의료'를 판매·제공하는 매장,00523307-cc4c-4b0c-8b2f-176ca7450d24,오름한의원,한의원,아차산등산로골목형상점가,골목형상점가,서울특별시,3.0,3.0,,,RESOLVED_AGREEMENT,False,3,,,,
8ca44204aca83b52c90a,test,의료,T4 구어·문장,q_의료_06,병원 갈 데,건강·의료 중 '의료'를 판매·제공하는 매장,00d494f5-7e0f-4ced-927a-3360ced94954,핑크유외과,병원,어진동 골목형상점가,골목형상점가,세종특별자치시,3.0,3.0,,,RESOLVED_AGREEMENT,False,3,,,,
9a8d813d2263457afd3b,test,의료,T4 구어·문장,q_의료_06,병원 갈 데,건강·의료 중 '의료'를 판매·제공하는 매장,42e75d8c-4555-4ac9-ae2d-f5e350041410,정든요양병원,병원,한울상인회 골목형상점가,골목형상점가,광주광역시,3.0,3.0,,,RESOLVED_AGREEMENT,False,3,,,,
b65bc26fbb0b88a7e6ad,test,의료,T4 구어·문장,q_의료_06,병원 갈 데,건강·의료 중 '의료'를 판매·제공하는 매장,3bab7744-d097-4989-ad07-48ed588026d1,새운암병원,병원,행복 북문대로2 골목형상점가,골목형상점가,광주광역시,3.0,3.0,,,RESOLVED_AGREEMENT,False,3,,,,
33c0780f075f03eec6a1,test,의료,T4 구어·문장,q_의료_06,병원 갈 데,건강·의료 중 '의료'를 판매·제공하는 매장,3e84f05e-72c6-48f4-836d-c4ed46cf8787,DYNAFIT (다이나핏),의류 및 신발,보령중앙시장,전통시장,충청남도,0.0,0.0,,,RESOLVED_AGREEMENT,False,0,,,,
095abd596b17b9f23c81,test,의료,T4 구어·문장,q_의료_06,병원 갈 데,건강·의료 중 '의료'를 판매·제공하는 매장,bff49d4b-b708-45c0-aeef-64dcde8e3c83,더하얀의원,병원,운리공원상인회 골목형상점가,골목형상점가,광주광역시,3.0,3.0,,,RESOLVED_AGREEMENT,False,3,,,,
07e3283acae5864ad910,test,의료,T4 구어·문장,q_의료_06,병원 갈 데,건강·의료 중 '의료'를 판매·제공하는 매장,077c1623-1f46-4ff8-8157-733c383a1ce1,김진용이비인후과,병원,어은누리 골목형상점가,골목형상점가,대전광역시,3.0,3.0,,,RESOLVED_AGREEMENT,False,3,,,,
e51bfd0cda99ae5ab9c4,test,의료,T4 구어·문장,q_의료_06,병원 갈 데,건강·의료 중 '의료'를 판매·제공하는 매장,a66ee4ee-24ec-4ccc-a3d4-c9c66790dc06,서울튼튼연합의원,병원,충주무학시장,전통시장,충청북도,3.0,3.0,,,RESOLVED_AGREEMENT,False,3,,,,
555eeea5403decce3ccb,test,의료,T4 구어·문장,q_의료_06,병원 갈 데,건강·의료 중 '의료'를 판매·제공하는 매장,6e9dc082-d709-4663-bf2e-d9d6d18c4184,주피티짐 PT,퍼스널 트레이닝,영천시장,전통시장,서울특별시,0.0,0.0,,,RESOLVED_AGREEMENT,False,0,,,,
4482a818c466d760aa4f,test,의료,T4 구어·문장,q_의료_06,병원 갈 데,건강·의료 중 '의료'를 판매·제공하는 매장,005f6f1a-ae3e-47a8-9298-8c7cae082531,삼선의원,일반의원,광복마을3-4길 골목형상점가,골목형상점가,광주광역시,3.0,3.0,,,RESOLVED_AGREEMENT,False,3,,,,
05bc94c5f422d135217a,test,의료,T4 구어·문장,q_의료_06,병원 갈 데,건강·의료 중 '의료'를 판매·제공하는 매장,3e8b8b15-f247-4a44-8589-4806c8923c76,무지개병원,병원,경열로상인회 골목형상점가,골목형상점가,광주광역시,3.0,3.0,,,RESOLVED_AGREEMENT,False,3,,,,
c93be45bc460175c6e40,test,의료,T4 구어·문장,q_의료_06,병원 갈 데,건강·의료 중 '의료'를 판매·제공하는 매장,16ebee86-dbaf-4865-960c-55519bbf06cb,창평 성심의원,병원,슬로시티창평 골목형상점가,골목형상점가,,3.0,3.0,,,RESOLVED_AGREEMENT,False,3,,,,
974d2f1672f8955200c9,test,의료,T4 구어·문장,q_의료_06,병원 갈 데,건강·의료 중 '의료'를 판매·제공하는 매장,e6e4fc09-e63c-4c67-baa8-de32bf3c47ed,더나은의원,병원,정선아리랑시장상권활성화구역,상권활성화구역,강원특별자치도,3.0,3.0,,,RESOLVED_AGREEMENT,False,3,,,,
1420497fcb1875d79695,test,의료,T4 구어·문장,q_의료_06,병원 갈 데,건강·의료 중 '의료'를 판매·제공하는 매장,8ef5c782-d75e-452b-97c2-daec432f10ee,광주동림병원,병원,동천동먹자골목2번가상인회 골목형상점가,골목형상점가,광주광역시,3.0,3.0,,,RESOLVED_AGREEMENT,False,3,,,,
a321d3c42bc6872f64f2,test,의료,T4 구어·문장,q_의료_06,병원 갈 데,건강·의료 중 '의료'를 판매·제공하는 매장,02c16358-9ec4-4722-8f7b-5cce4eb70c84,베리데이,커피 샐러드,서천시장거리 골목형상점가,골목형상점가,충청남도,0.0,0.0,,,RESOLVED_AGREEMENT,False,0,,,,
98d7531efbf7aacf4a5f,test,의료,T4 구어·문장,q_의료_06,병원 갈 데,건강·의료 중 '의료'를 판매·제공하는 매장,00192f22-a492-4ba5-a62d-65bf0d0ec7b9,큰물한의원,한의원,전주서곡 골목형상점가,골목형상점가,전북특별자치도,3.0,3.0,,,RESOLVED_AGREEMENT,False,3,,,,
b8b597831a1d4f432c07,test,의료,T4 구어·문장,q_의료_06,병원 갈 데,건강·의료 중 '의료'를 판매·제공하는 매장,0d73327c-1cae-486b-a757-6d1d4d2ed3b1,성내과의원,병원,어은누리 골목형상점가,골목형상점가,대전광역시,3.0,3.0,,,RESOLVED_AGREEMENT,False,3,,,,
c5b905e6d70de50d4c22,test,의료,T4 구어·문장,q_의료_06,병원 갈 데,건강·의료 중 '의료'를 판매·제공하는 매장,6214ff11-3c60-42e8-908c-bec14b3380e1,자운가정의원,병원,자운대 골목형상점가,골목형상점가,대전광역시,3.0,3.0,,,RESOLVED_AGREEMENT,False,3,,,,
2b7cc3e8fb89f786f789,test,의료,T4 구어·문장,q_의료_06,병원 갈 데,건강·의료 중 '의료'를 판매·제공하는 매장,b9a66a6f-b92c-439b-b4cc-748602bebfd2,세종위드정형외과,병원,나성BRT 골목형상점가,골목형상점가,세종특별자치시,3.0,3.0,,,RESOLVED_AGREEMENT,False,3,,,,
e78883ed3ab0b990977f,test,의료,T4 구어·문장,q_의료_06,병원 갈 데,건강·의료 중 '의료'를 판매·제공하는 매장,5b080c57-874a-4aab-8c11-cde32d71993d,부산유펜치과의원,병원,학장반도보라상가,전통시장,부산광역시,3.0,3.0,,,RESOLVED_AGREEMENT,False,3,,,,
eee4233ffe394f6c47fe,test,의료,T4 구어·문장,q_의료_06,병원 갈 데,건강·의료 중 '의료'를 판매·제공하는 매장,036ef24a-2d53-4dd1-9bbd-6d0c2a81dd24,바른동물병원,수의 동물병원,송도랜드마크시티 센트럴더샵 골목형상점가,골목형상점가,인천광역시,3.0,3.0,,,RESOLVED_AGREEMENT,False,3,,,,
4fee7c659a2ecb5680d7,test,의료,T4 구어·문장,q_의료_06,병원 갈 데,건강·의료 중 '의료'를 판매·제공하는 매장,e8f6ee22-d880-426c-88b2-ce04d245c901,박액박,병원,치평상무역상인회 골목형상점가,골목형상점가,광주광역시,3.0,3.0,,,RESOLVED_AGREEMENT,False,3,,,,
c7bc4ed7e3b8e655698a,test,의료,T4 구어·문장,q_의료_06,병원 갈 데,건강·의료 중 '의료'를 판매·제공하는 매장,030d2cd2-d4d8-4ee8-bd1e-b3a1e71138d1,상문동물병원,동물병원,거제 상동 골목형상점가,골목형상점가,경상남도,3.0,3.0,,,RESOLVED_AGREEMENT,False,3,,,,
da4a4fba77433c6650c3,test,의료,T4 구어·문장,q_의료_06,병원 갈 데,건강·의료 중 '의료'를 판매·제공하는 매장,37c5c69f-f4f9-4c14-9df2-b9bcecf47bc1,애플유의원,병원,범어식주가무명인골목 골목형상점가,골목형상점가,대구광역시,3.0,3.0,,,RESOLVED_AGREEMENT,False,3,,,,
03c3b417916278ab5cba,test,의료,T4 구어·문장,q_의료_06,병원 갈 데,건강·의료 중 '의료'를 판매·제공하는 매장,20a03492-606e-49e9-a344-69381afb0022,강남피부과의원,병원,테라스파크상가 골목형상점가,골목형상점가,울산광역시,3.0,3.0,,,RESOLVED_AGREEMENT,False,3,,,,
35421e6f00acd8231f78,test,의료,T4 구어·문장,q_의료_06,병원 갈 데,건강·의료 중 '의료'를 판매·제공하는 매장,0dd2fd3f-0476-42d8-a30d-0af6bb7ffbfa,데이지,여성겉옷,고촌 먹거리타운 골목형상점가,골목형상점가,경기도,0.0,0.0,,,RESOLVED_AGREEMENT,False,0,,,,
ff8dc7fceae94bd1de4c,test,의료,T4 구어·문장,q_의료_06,병원 갈 데,건강·의료 중 '의료'를 판매·제공하는 매장,9c3b94e6-b199-4004-a673-9b2c19d1bc05,고치과의원,병원,이동 골목형상점가,골목형상점가,경기도,3.0,3.0,,,RESOLVED_AGREEMENT,False,3,,,,
ace742995447499534a3,test,의료,T4 구어·문장,q_의료_06,병원 갈 데,건강·의료 중 '의료'를 판매·제공하는 매장,148aa37b-59fc-4230-9c34-c4be5e4e1f7f,사랑샘병원,일반병원,오방로 골목형상점가,골목형상점가,광주광역시,3.0,3.0,,,RESOLVED_AGREEMENT,False,3,,,,
b76aeb8633e40f575eac,test,의료,T4 구어·문장,q_의료_07,진료받는 곳,건강·의료 중 '의료'를 판매·제공하는 매장,e38393d4-80f2-42f3-bbe5-0ade16742880,퍼스트어린이치과의원,소아치과 진료충치 예방 교정등 및 진료비,배다리저수지 골목형상점가,골목형상점가,경기도,3.0,3.0,,,RESOLVED_AGREEMENT,False,3,,,,
1cbf0c282ebcd5bc124e,test,의료,T4 구어·문장,q_의료_07,진료받는 곳,건강·의료 중 '의료'를 판매·제공하는 매장,2743811c-5e71-4d2b-aa75-1b0147d44f2d,사우 꽃이 피는 곳,꽃,김포 풍년마을 골목형상점가,골목형상점가,경기도,0.0,0.0,,,RESOLVED_AGREEMENT,False,0,,,,
545940d293860e0d3e1e,test,의료,T4 구어·문장,q_의료_07,진료받는 곳,건강·의료 중 '의료'를 판매·제공하는 매장,24456103-f6b8-46af-8655-82e61d7265d8,커피가 머무르는 곳,커피,반드레길골목형상점가,골목형상점가,서울특별시,0.0,0.0,,,RESOLVED_AGREEMENT,False,0,,,,
a6035d30a80228e8ac4b,test,의료,T4 구어·문장,q_의료_07,진료받는 곳,건강·의료 중 '의료'를 판매·제공하는 매장,b8ed4560-5eb0-4d1b-bf08-33b5ea5d9604,광덕힐한의원,한의 진료,힐스상인회 골목형상점가,골목형상점가,광주광역시,3.0,3.0,,,RESOLVED_AGREEMENT,False,3,,,,
58cb42701657aadf8bda,test,의료,T4 구어·문장,q_의료_07,진료받는 곳,건강·의료 중 '의료'를 판매·제공하는 매장,11ec283e-1ffc-4288-bc37-30ff309456a1,온리한의원,한의과 진료,다산지금상점가,골목형상점가,경기도,3.0,3.0,,,RESOLVED_AGREEMENT,False,3,,,,
7aac61d9cab73d77dc24,test,의료,T4 구어·문장,q_의료_07,진료받는 곳,건강·의료 중 '의료'를 판매·제공하는 매장,76a3551b-dae4-4326-92cc-662015aedbfb,쉴 곳,한식,칠성로상점가,자율상권구역,제주특별자치도,0.0,0.0,,,RESOLVED_AGREEMENT,False,0,,,,
df95c6edd4f0c82528c0,test,의료,T4 구어·문장,q_의료_07,진료받는 곳,건강·의료 중 '의료'를 판매·제공하는 매장,77ae5741-4d3e-48e1-956c-d4e033faf0d0,함께하는치과,진료서비스,상현2동 골목형상점가,골목형상점가,경기도,3.0,3.0,,,RESOLVED_AGREEMENT,False,3,,,,
029e4dae54b1223215ca,test,의료,T4 구어·문장,q_의료_07,진료받는 곳,건강·의료 중 '의료'를 판매·제공하는 매장,f3fe3b4a-c9d4-4e50-909e-8b8e745d43db,빛가람세탁,세탁소,빛가람 중흥 골목형상점가,골목형상점가,전라남도,0.0,0.0,,,RESOLVED_AGREEMENT,False,0,,,,
f4367e1ec140de80d9b9,test,의료,T4 구어·문장,q_의료_07,진료받는 곳,건강·의료 중 '의료'를 판매·제공하는 매장,637b60f6-90cb-4f3d-a72a-5001187d99fc,(주)네버다이피닉스(황곱대흥점),한식,경의숲길서강 골목형상점가,골목형상점가,서울특별시,0.0,0.0,,,RESOLVED_AGREEMENT,False,0,,,,
ebe297c1062d8c405c0d,test,의료,T4 구어·문장,q_의료_07,진료받는 곳,건강·의료 중 '의료'를 판매·제공하는 매장,c3558e60-0617-4e8d-b8c8-850093a2fb03,종로365의원,진료,종로5가역일번출구상점가,자율상권구역,서울특별시,3.0,3.0,,,RESOLVED_AGREEMENT,False,3,,,,
f28afd63a318b6adc351,test,의료,T4 구어·문장,q_의료_07,진료받는 곳,건강·의료 중 '의료'를 판매·제공하는 매장,0286c595-5d7f-49db-876a-6959d52a7d39,서울더원플러스치과,치과진료,남성역 골목시장,전통시장,서울특별시,3.0,3.0,,,RESOLVED_AGREEMENT,False,3,,,,
efc75804d3c646b6d8ca,test,의료,T4 구어·문장,q_의료_07,진료받는 곳,건강·의료 중 '의료'를 판매·제공하는 매장,00427918-a4b0-485e-ab42-62ebce752f92,유디해운대치과의원,의료,영풍리젠시 골목형상점가,골목형상점가,부산광역시,3.0,3.0,,,RESOLVED_AGREEMENT,False,3,,,,
b3a9676871d9de7be14d,test,의료,T4 구어·문장,q_의료_07,진료받는 곳,건강·의료 중 '의료'를 판매·제공하는 매장,60ad01b8-f3ee-417c-ace6-d46bfd2167f3,최세미산부인과의원,진료,상무역4번출구상인회 골목형상점가,골목형상점가,광주광역시,3.0,3.0,,,RESOLVED_AGREEMENT,False,3,,,,
653844983727b6cf3cf8,test,의료,T4 구어·문장,q_의료_07,진료받는 곳,건강·의료 중 '의료'를 판매·제공하는 매장,0002538c-b8d9-4911-81c7-966789036b09,빛고을 치과의원,의원,세은 골목형상점가,골목형상점가,광주광역시,3.0,3.0,,,RESOLVED_AGREEMENT,False,3,,,,
07bb9a00e49189d8f9c9,test,의료,T4 구어·문장,q_의료_07,진료받는 곳,건강·의료 중 '의료'를 판매·제공하는 매장,cef0282b-777a-4200-a8d7-e2f725aed6ea,늘봄피부과의원,진료,운암휴튼2차 골목형상점가,골목형상점가,광주광역시,3.0,3.0,,,RESOLVED_AGREEMENT,False,3,,,,
774cd4d159789069605c,test,의료,T4 구어·문장,q_의료_07,진료받는 곳,건강·의료 중 '의료'를 판매·제공하는 매장,24c5cc99-7c21-4eda-9595-bbd8f4de5172,전승범치과의원,치과 진료 서비스,법원 앞 사과마을 골목형상점가,골목형상점가,광주광역시,3.0,3.0,,,RESOLVED_AGREEMENT,False,3,,,,
ca13a96ef0fd6a647efc,test,의료,T4 구어·문장,q_의료_07,진료받는 곳,건강·의료 중 '의료'를 판매·제공하는 매장,f6dceadf-5d64-4253-a95c-9f539a880459,삼성탑비뇨의학과의원,의료서비스,기장시장 일원 자율상권구역,상권활성화구역,부산광역시,3.0,3.0,,,RESOLVED_AGREEMENT,False,3,,,,
414f1899e76e98bed210,test,의료,T4 구어·문장,q_의료_07,진료받는 곳,건강·의료 중 '의료'를 판매·제공하는 매장,25b99e32-4c8f-4da8-8294-7370e949c33c,또박이축산,,경창시장,전통시장,서울특별시,0.0,0.0,,,RESOLVED_AGREEMENT,False,0,,,,
fedce3a8cdaa2406eba1,test,의료,T4 구어·문장,q_의료_07,진료받는 곳,건강·의료 중 '의료'를 판매·제공하는 매장,21429b19-7264-4746-840b-2340da0f634d,마릴린제이의원,진료,노형1 골목형상점가,골목형상점가,제주특별자치도,3.0,3.0,,,RESOLVED_AGREEMENT,False,3,,,,
140371a676426b6a798d,test,의료,T4 구어·문장,q_의료_07,진료받는 곳,건강·의료 중 '의료'를 판매·제공하는 매장,00538958-226f-4338-8542-1fd9df6996d4,새현대치과,의료,매곡 가인 골목형상점가,골목형상점가,광주광역시,3.0,3.0,,,RESOLVED_AGREEMENT,False,3,,,,
6fcb60be30ee38458e86,test,의료,T4 구어·문장,q_의료_07,진료받는 곳,건강·의료 중 '의료'를 판매·제공하는 매장,0040b4e6-7b74-4175-b54d-add4fe693d49,메디팜보명당약국,"의약품, 의료욕구, 복지욕구, 의료기기",점촌역전상점가,자율상권구역,경상북도,3.0,3.0,,,RESOLVED_AGREEMENT,False,3,,,,
85f013d63100b5852dff,test,의료,T4 구어·문장,q_의료_07,진료받는 곳,건강·의료 중 '의료'를 판매·제공하는 매장,ff399551-3465-4e95-933a-d2542e9e3bd5,로안한의원,진료,반곡동행복 골목형상점가,골목형상점가,세종특별자치시,3.0,3.0,,,RESOLVED_AGREEMENT,False,3,,,,
3a8b6794d6b773986bba,test,의료,T4 구어·문장,q_의료_07,진료받는 곳,건강·의료 중 '의료'를 판매·제공하는 매장,00192f22-a492-4ba5-a62d-65bf0d0ec7b9,큰물한의원,한의원,전주서곡 골목형상점가,골목형상점가,전북특별자치도,3.0,3.0,,,RESOLVED_AGREEMENT,False,3,,,,
bc2b9b2cc5a6ec5ce962,test,의료,T4 구어·문장,q_의료_07,진료받는 곳,건강·의료 중 '의료'를 판매·제공하는 매장,1c8a8990-c1c5-4b90-99a1-09919d081f9a,건강미현대웰빙의원,진료,광산 송2송2 골목형상점가,골목형상점가,광주광역시,3.0,3.0,,,RESOLVED_AGREEMENT,False,3,,,,
ff46e41049afcfe13539,test,의료,T4 구어·문장,q_의료_07,진료받는 곳,건강·의료 중 '의료'를 판매·제공하는 매장,054d77ec-b17b-4ed9-9322-6f9060ce3d53,현소아청소년과의원,소아과 내과,일곡동 골목형상점가,골목형상점가,광주광역시,3.0,3.0,,,RESOLVED_AGREEMENT,False,3,,,,
54f84932b2b2f335168f,test,의료,T4 구어·문장,q_의료_07,진료받는 곳,건강·의료 중 '의료'를 판매·제공하는 매장,9af9aac5-f87e-4a50-9a93-54df3046634d,러브미여성의원,진료,서문대로704번길 골목형상점가,골목형상점가,광주광역시,3.0,3.0,,,RESOLVED_AGREEMENT,False,3,,,,
14198310bff45fdc716f,test,의료,T4 구어·문장,q_의료_07,진료받는 곳,건강·의료 중 '의료'를 판매·제공하는 매장,0006edf8-62da-4c5d-8bed-80e32a855936,e-바른치과의원,병원,금화로상인회 골목형상점가,골목형상점가,광주광역시,3.0,3.0,,,RESOLVED_AGREEMENT,False,3,,,,
d39843d46d6cd1229845,test,의료,T4 구어·문장,q_의료_07,진료받는 곳,건강·의료 중 '의료'를 판매·제공하는 매장,c0cc81b4-89ec-4a70-b6f7-089de1fd92a8,소소한곳,,양산 물금백호마을 골목형상점가,골목형상점가,경상남도,,0.0,Y,,P0_UNCERTAIN_OR_MISSING,True,,,,,
2f80350f81a2f7a03c5c,test,의료,T4 구어·문장,q_의료_07,진료받는 곳,건강·의료 중 '의료'를 판매·제공하는 매장,01b5432d-9420-483d-8da1-210127e3bb61,다사랑패밀리의원,내과 이비인후과 소아과,다사역 골목형상점가,골목형상점가,대구광역시,3.0,3.0,,,RESOLVED_AGREEMENT,False,3,,,,
3dac36278f6855abf572,test,의료,T4 구어·문장,q_의료_07,진료받는 곳,건강·의료 중 '의료'를 판매·제공하는 매장,c111ac9d-3f3a-405c-a8db-4d127ccda9e2,행복이 있는 곳,잡화,제주로얄쇼핑센터,자율상권구역,제주특별자치도,0.0,0.0,,,RESOLVED_AGREEMENT,False,0,,,,
2f791a770e2802d03dd8,test,의료,T4 구어·문장,q_의료_07,진료받는 곳,건강·의료 중 '의료'를 판매·제공하는 매장,1eaf6dc3-f0f0-4350-8341-9f6f4334b965,다소곳,옷,전주모래내시장,전통시장,전북특별자치도,0.0,0.0,,,RESOLVED_AGREEMENT,False,0,,,,
eb1021d840f6d687ced2,test,의료,T4 구어·문장,q_의료_07,진료받는 곳,건강·의료 중 '의료'를 판매·제공하는 매장,00d494f5-7e0f-4ced-927a-3360ced94954,핑크유외과,병원,어진동 골목형상점가,골목형상점가,세종특별자치시,3.0,3.0,,,RESOLVED_AGREEMENT,False,3,,,,
6ca992883a96c94bac4f,test,의료,T4 구어·문장,q_의료_07,진료받는 곳,건강·의료 중 '의료'를 판매·제공하는 매장,00fdab59-58f8-4c63-8765-30cb59a78156,도안프라임치과의원,치과진료,목원대 골목형상점가,골목형상점가,대전광역시,3.0,3.0,,,RESOLVED_AGREEMENT,False,3,,,,
8eef0814acdf1c75acf6,test,의료,T4 구어·문장,q_의료_07,진료받는 곳,건강·의료 중 '의료'를 판매·제공하는 매장,04a734bb-1790-4ecd-9398-2fd3359294d0,제일의원,진료,두암시장주변 골목형상점가,골목형상점가,광주광역시,3.0,3.0,,,RESOLVED_AGREEMENT,False,3,,,,
28ae6f48935e49504c91,test,의료,T4 구어·문장,q_의료_07,진료받는 곳,건강·의료 중 '의료'를 판매·제공하는 매장,00523307-cc4c-4b0c-8b2f-176ca7450d24,오름한의원,한의원,아차산등산로골목형상점가,골목형상점가,서울특별시,3.0,3.0,,,RESOLVED_AGREEMENT,False,3,,,,
dc6bf6a396be47142629,test,의료,T4 구어·문장,q_의료_07,진료받는 곳,건강·의료 중 '의료'를 판매·제공하는 매장,da432c74-f27b-45ed-84e7-2e373af04a90,건 한의원,한의과 진료,BOCA 보카상점가,골목형상점가,경기도,3.0,3.0,,,RESOLVED_AGREEMENT,False,3,,,,
802c5dba252c0efe06cf,test,의료,T4 구어·문장,q_의료_07,진료받는 곳,건강·의료 중 '의료'를 판매·제공하는 매장,09c2b351-1a94-4ede-8269-bc65a3a04fb8,다나수의원,진료서비스,두암1동 골목형상점가,골목형상점가,광주광역시,3.0,3.0,,,RESOLVED_AGREEMENT,False,3,,,,
ec33ad239d6a3e8b78e3,test,의료,T4 구어·문장,q_의료_07,진료받는 곳,건강·의료 중 '의료'를 판매·제공하는 매장,376215d9-9f90-472f-8716-c544a32367e2,문석재한의원,진료,봉선로1 골목형상점가,골목형상점가,광주광역시,3.0,3.0,,,RESOLVED_AGREEMENT,False,3,,,,
319b8e9333087ffc8d5a,test,의료,T4 구어·문장,q_의료_07,진료받는 곳,건강·의료 중 '의료'를 판매·제공하는 매장,af841040-0055-4f95-bbe1-b98bb9cf9b59,밀곳,제과,부평깡통시장(구 부산부평시장),전통시장,부산광역시,0.0,0.0,,,RESOLVED_AGREEMENT,False,0,,,,
7053d541230e7c6d520d,test,의료,T4 구어·문장,q_의료_07,진료받는 곳,건강·의료 중 '의료'를 판매·제공하는 매장,52f2baa2-7078-464d-a2af-290c85817702,에스듈의원,보건업 진료,성안길상점가,자율상권구역,충청북도,3.0,3.0,,,RESOLVED_AGREEMENT,False,3,,,,
152687e5d2b4867daee6,test,의료,T4 구어·문장,q_의료_07,진료받는 곳,건강·의료 중 '의료'를 판매·제공하는 매장,10ec5398-f28a-4373-9665-e1bd794cec13,동물병원숲,진료 용품,양산길 골목형상점가,골목형상점가,광주광역시,3.0,3.0,,,RESOLVED_AGREEMENT,False,3,,,,
2708fb69176e07ee366d,test,의료,T4 구어·문장,q_의료_07,진료받는 곳,건강·의료 중 '의료'를 판매·제공하는 매장,e4db698c-1275-4cd4-a695-2325839cd1c7,인치과,치과 진료,화정로상가상인회 골목형상점가,골목형상점가,광주광역시,3.0,3.0,,,RESOLVED_AGREEMENT,False,3,,,,
57fdd780e063f66c8230,test,의료,T4 구어·문장,q_의료_07,진료받는 곳,건강·의료 중 '의료'를 판매·제공하는 매장,936d2748-2052-4481-813a-b00d9dd17efb,스마트내과,진료,테크노밸리 골목형상점가,골목형상점가,대전광역시,3.0,3.0,,,RESOLVED_AGREEMENT,False,3,,,,
03bdb46ae9035c5cf4ef,test,의료,T4 구어·문장,q_의료_07,진료받는 곳,건강·의료 중 '의료'를 판매·제공하는 매장,06261986-3eba-4244-b63f-397460d82f4a,이곳,미용,나주혁신도시 골목형상점가,골목형상점가,전라남도,0.0,0.0,,,RESOLVED_AGREEMENT,False,0,,,,
d6d0d751f4fc1d8955e6,test,의료,T4 구어·문장,q_의료_07,진료받는 곳,건강·의료 중 '의료'를 판매·제공하는 매장,ba331af3-3eea-43b3-a5b9-49fcaaf23d51,평택안립한의원,한의원 외래 진료,배다리저수지 골목형상점가,골목형상점가,경기도,3.0,3.0,,,RESOLVED_AGREEMENT,False,3,,,,
ddd58a5de8ac67ea1384,test,의료,T4 구어·문장,q_의료_07,진료받는 곳,건강·의료 중 '의료'를 판매·제공하는 매장,030d2cd2-d4d8-4ee8-bd1e-b3a1e71138d1,상문동물병원,동물병원,거제 상동 골목형상점가,골목형상점가,경상남도,3.0,3.0,,,RESOLVED_AGREEMENT,False,3,,,,
ca5a03836a7a2e3a20a7,test,의료,T4 구어·문장,q_의료_07,진료받는 곳,건강·의료 중 '의료'를 판매·제공하는 매장,6324fc51-b530-48dd-82d0-4e3815cb8be3,굽네치킨 도담점,치킨,도담동 골목형상점가,골목형상점가,세종특별자치시,0.0,0.0,,,RESOLVED_AGREEMENT,False,0,,,,
9cc0c11ba990225d1dec,test,의료,T4 구어·문장,q_의료_07,진료받는 곳,건강·의료 중 '의료'를 판매·제공하는 매장,056051e6-c0e1-4402-b967-242217ff89ba,임명수 내과,내과,일곡동 골목형상점가,골목형상점가,광주광역시,3.0,3.0,,,RESOLVED_AGREEMENT,False,3,,,,
45d738b8f7271df25092,test,의료,T4 구어·문장,q_의료_07,진료받는 곳,건강·의료 중 '의료'를 판매·제공하는 매장,84148ee7-0438-4b03-b0a0-345be788c3c7,계림부부내과의원,진료,계림2동발전 골목형상점가,골목형상점가,광주광역시,3.0,3.0,,,RESOLVED_AGREEMENT,False,3,,,,
712456bf1928304083b0,test,의료,T4 구어·문장,q_의료_07,진료받는 곳,건강·의료 중 '의료'를 판매·제공하는 매장,bb96597b-882e-42f2-99f5-b076ee38a09f,세종장사랑내과의원,진료,아름드리 골목형상점가,골목형상점가,세종특별자치시,3.0,3.0,,,RESOLVED_AGREEMENT,False,3,,,,
92aba961b94c14a702b5,test,의료,T4 구어·문장,q_의료_07,진료받는 곳,건강·의료 중 '의료'를 판매·제공하는 매장,067cdb1a-af4f-412e-b249-18ba9cde846b,반석내과영상의학과의원,내과 영상의학과,반석동 골목형상점가,골목형상점가,대전광역시,3.0,3.0,,,RESOLVED_AGREEMENT,False,3,,,,
f02e38bf568e22912bb6,test,의료,T4 구어·문장,q_의료_07,진료받는 곳,건강·의료 중 '의료'를 판매·제공하는 매장,e4142407-903a-4897-802e-8c81eaee32c1,코숨샘물한의원,한의원 진료,한미쇼핑사거리 골목형상점가,골목형상점가,광주광역시,3.0,3.0,,,RESOLVED_AGREEMENT,False,3,,,,
ba7a59abe9de10d4b1d9,test,의료,T4 구어·문장,q_의료_07,진료받는 곳,건강·의료 중 '의료'를 판매·제공하는 매장,b38124ed-5075-47c0-b370-77e56ec71f58,실로암안과,진료,내상로 골목형상점가,골목형상점가,광주광역시,3.0,3.0,,,RESOLVED_AGREEMENT,False,3,,,,
58aa1d82ee8c5fcc1d7a,test,의료,T4 구어·문장,q_의료_07,진료받는 곳,건강·의료 중 '의료'를 판매·제공하는 매장,012ea1f6-bb18-4f60-811e-1858d1f8fb85,서울삼성내과,병원,장자호수공원 골목형상점가,골목형상점가,경기도,3.0,3.0,,,RESOLVED_AGREEMENT,False,3,,,,
16a503bc52e2211e7d8b,test,의료,T4 구어·문장,q_의료_07,진료받는 곳,건강·의료 중 '의료'를 판매·제공하는 매장,06275db0-3bc6-4cb2-b2d0-9c2172db74f9,장편한김용성내과,진료,산본로데오거리(구 산본중심상가),자율상권구역,경기도,3.0,3.0,,,RESOLVED_AGREEMENT,False,3,,,,
6c438f0089e22e5d7ae4,test,의료,T4 구어·문장,q_의료_07,진료받는 곳,건강·의료 중 '의료'를 판매·제공하는 매장,320e4041-dac5-44b8-862c-78584a234ceb,본치과의원,치과 진료,장대동패션상가 골목형상점가,골목형상점가,대전광역시,3.0,3.0,,,RESOLVED_AGREEMENT,False,3,,,,
1b2b25abd8e7c96982e5,test,의료,T4 구어·문장,q_의료_07,진료받는 곳,건강·의료 중 '의료'를 판매·제공하는 매장,c504d99a-b2e3-4cbf-8a95-51d432a3b3e2,맑은내과외과의원,진료,종촌동골목형상점가,골목형상점가,세종특별자치시,3.0,3.0,,,RESOLVED_AGREEMENT,False,3,,,,
7022cdc8368e92911e4f,test,의료,T4 구어·문장,q_의료_07,진료받는 곳,건강·의료 중 '의료'를 판매·제공하는 매장,909c6981-0f0f-4c00-bb46-ddcaef073a37,서울탑재활의학과,진료,산본로데오거리(구 산본중심상가),자율상권구역,경기도,3.0,0.0,,,P1_BINARY_THRESHOLD,True,,,,,
547d4208ef2d2ce0d9ba,test,의료,T4 구어·문장,q_의료_07,진료받는 곳,건강·의료 중 '의료'를 판매·제공하는 매장,842f6cf1-6411-4f4b-be23-746d79e31656,섬곳,한식,플레이사계 지오단길 골목형상점가,골목형상점가,제주특별자치도,0.0,0.0,,,RESOLVED_AGREEMENT,False,0,,,,
e28fc736bfa46ccfdbdd,test,의료,T4 구어·문장,q_의료_07,진료받는 곳,건강·의료 중 '의료'를 판매·제공하는 매장,5b8fd163-fe2f-4708-b221-f91dd681f86d,샤인동물병원,"진료, 용품",금화상인회 골목형상점가,골목형상점가,광주광역시,3.0,3.0,,,RESOLVED_AGREEMENT,False,3,,,,
3c2e8a92b019be06d934,test,의료,T4 구어·문장,q_의료_07,진료받는 곳,건강·의료 중 '의료'를 판매·제공하는 매장,be9f8c61-892c-48ed-a49d-b63bd032c025,소곳,의류,고투몰(강남터미널지하도상점가),일반지하상점가,서울특별시,0.0,0.0,,,RESOLVED_AGREEMENT,False,0,,,,
440c783cd61600659191,test,의료,T4 구어·문장,q_의료_07,진료받는 곳,건강·의료 중 '의료'를 판매·제공하는 매장,773ace20-339c-4dde-bbce-05f635ca185f,방주동물병원,용품 진료,오치 설죽로 골목형상점가,골목형상점가,광주광역시,3.0,3.0,,,RESOLVED_AGREEMENT,False,3,,,,
ffdce6145f1b6986e509,test,의료,T4 구어·문장,q_의료_07,진료받는 곳,건강·의료 중 '의료'를 판매·제공하는 매장,5513ef5b-cc03-4b64-8864-7b2fbfe21cda,한독안경원,안경및렌즈,봉리단길골목형상점가,골목형상점가,서울특별시,0.0,0.0,,,RESOLVED_AGREEMENT,False,0,,,,
2d336dea90eab4ab663e,test,의료,T4 구어·문장,q_의료_07,진료받는 곳,건강·의료 중 '의료'를 판매·제공하는 매장,0083c935-4cf1-4856-831b-5e623fcb71ac,봄봄이비인후과의원,의료서비스,고운동상점가,자율상권구역,세종특별자치시,3.0,3.0,,,RESOLVED_AGREEMENT,False,3,,,,
dc05015af4a0a2133064,test,의료,T4 구어·문장,q_의료_07,진료받는 곳,건강·의료 중 '의료'를 판매·제공하는 매장,e45589c1-095b-414f-95d8-240b3f9f3029,메이동물병원,진료,남외번영 골목형상점가,골목형상점가,울산광역시,3.0,3.0,,,RESOLVED_AGREEMENT,False,3,,,,
02b13119f1696fa3e558,test,의료,T4 구어·문장,q_의료_07,진료받는 곳,건강·의료 중 '의료'를 판매·제공하는 매장,4cbd7526-5ab9-4975-84a9-5e888989c3fc,열린치과병원,치아 진료,시청앞 골목형상점가,골목형상점가,충청남도,3.0,3.0,,,RESOLVED_AGREEMENT,False,3,,,,
4a1f86702565b1ed33e1,test,의료,T4 구어·문장,q_의료_07,진료받는 곳,건강·의료 중 '의료'를 판매·제공하는 매장,01e01dc9-a690-442d-a992-0716da4fc86a,소나무한의원,한의진료서비스,수완하나로 골목형상점가,골목형상점가,광주광역시,3.0,3.0,,,RESOLVED_AGREEMENT,False,3,,,,
1362205dd5be2c541833,test,의료,T4 구어·문장,q_의료_07,진료받는 곳,건강·의료 중 '의료'를 판매·제공하는 매장,e8482e21-058c-422d-9117-3e8530a1a9bb,동서의원,진료,내상로 골목형상점가,골목형상점가,광주광역시,3.0,3.0,,,RESOLVED_AGREEMENT,False,3,,,,
8f564ec74d7cd6c69bb2,test,의료,T4 구어·문장,q_의료_07,진료받는 곳,건강·의료 중 '의료'를 판매·제공하는 매장,a67889f9-8f50-456b-90fa-9226c4e70ee2,서울강남내과의원,진료,소사벌 골목형상점가,골목형상점가,경기도,3.0,3.0,,,RESOLVED_AGREEMENT,False,3,,,,
243470c16ed0bbcedb36,test,의료,T4 구어·문장,q_의료_07,진료받는 곳,건강·의료 중 '의료'를 판매·제공하는 매장,cb47f08d-730b-414e-ab11-3ce34dc84fdd,참사랑한의원,한의 진료,자운대 골목형상점가,골목형상점가,대전광역시,3.0,3.0,,,RESOLVED_AGREEMENT,False,3,,,,
4181ac79de4d82015011,test,의료,T4 구어·문장,q_의료_07,진료받는 곳,건강·의료 중 '의료'를 판매·제공하는 매장,00962f54-90e0-479e-84a4-3f6e6f6515ec,비쥬여성산부인과의원,의료,운수대통 골목형상점가,골목형상점가,광주광역시,3.0,3.0,,,RESOLVED_AGREEMENT,False,3,,,,
16f332d60c50012c3d5f,test,의료,T4 구어·문장,q_의료_07,진료받는 곳,건강·의료 중 '의료'를 판매·제공하는 매장,50a5f05c-148f-4163-882e-fd8463713c5f,김범한의원,진료,성대전통시장,전통시장,서울특별시,3.0,3.0,,,RESOLVED_AGREEMENT,False,3,,,,
c32c8ba5f9cc6f576934,test,의료,T4 구어·문장,q_의료_07,진료받는 곳,건강·의료 중 '의료'를 판매·제공하는 매장,67476bd4-fa3d-4f45-bc35-0ab878cb55f1,뽕잎사랑,샤브샤브,서원동상점가,자율상권구역,서울특별시,0.0,0.0,,,RESOLVED_AGREEMENT,False,0,,,,
6d45f63536e30c43255f,test,의료,T4 구어·문장,q_의료_07,진료받는 곳,건강·의료 중 '의료'를 판매·제공하는 매장,5ccaee76-eeca-44ed-8117-e8cef7af6bac,임산부인과의원,진료,내상로 골목형상점가,골목형상점가,광주광역시,3.0,3.0,,,RESOLVED_AGREEMENT,False,3,,,,
2ab2690dbad616732201,test,의료,T4 구어·문장,q_의료_07,진료받는 곳,건강·의료 중 '의료'를 판매·제공하는 매장,8f4b01c9-4610-47f4-8455-259e1cecc43f,우리가정의원,진료 의료,공항골목시장골목형상점가,골목형상점가,서울특별시,3.0,3.0,,,RESOLVED_AGREEMENT,False,3,,,,
e79489effd7b5b20da58,test,의료,T4 구어·문장,q_의료_07,진료받는 곳,건강·의료 중 '의료'를 판매·제공하는 매장,005f6f1a-ae3e-47a8-9298-8c7cae082531,삼선의원,일반의원,광복마을3-4길 골목형상점가,골목형상점가,광주광역시,3.0,3.0,,,RESOLVED_AGREEMENT,False,3,,,,
769c843ffb658f14c05d,test,의료,T4 구어·문장,q_의료_07,진료받는 곳,건강·의료 중 '의료'를 판매·제공하는 매장,fb44d005-bcdd-4c5b-ba8d-33b0f2d6e08f,삼대 최한의원,진료,내상로 골목형상점가,골목형상점가,광주광역시,3.0,3.0,,,RESOLVED_AGREEMENT,False,3,,,,
26ccb26033a65ac26d7d,test,의료,T4 구어·문장,q_의료_07,진료받는 곳,건강·의료 중 '의료'를 판매·제공하는 매장,8da9477a-e176-4ee8-9d71-86114d3b0e1f,광주종합자동차유리,도소매,월산로상인회 골목형상점가,골목형상점가,광주광역시,0.0,0.0,,,RESOLVED_AGREEMENT,False,0,,,,
279818da3f766e63fddb,test,의료,T4 구어·문장,q_의료_07,진료받는 곳,건강·의료 중 '의료'를 판매·제공하는 매장,20e990e4-aaf3-4784-9ba0-caad51d06b23,곳간,한식,수완장덕 골목형상점가,골목형상점가,광주광역시,0.0,0.0,,,RESOLVED_AGREEMENT,False,0,,,,
94ca957ff19211ea7066,test,의료,T4 구어·문장,q_의료_07,진료받는 곳,건강·의료 중 '의료'를 판매·제공하는 매장,955670e3-68c2-4c60-b3e5-58a4ba473b7d,신한방병원,진료비(외래/입원),사직중앙로 골목형상점가,골목형상점가,광주광역시,3.0,3.0,,,RESOLVED_AGREEMENT,False,3,,,,
018e4d9761e89454d91f,test,의료,T4 구어·문장,q_의료_07,진료받는 곳,건강·의료 중 '의료'를 판매·제공하는 매장,1956dc07-117e-45d3-b607-149e9ff510b5,미소담치과,치과 진료,엄사 골목형상점가,골목형상점가,충청남도,3.0,3.0,,,RESOLVED_AGREEMENT,False,3,,,,
a83954875beed1ce29f9,test,의료,T4 구어·문장,q_의료_07,진료받는 곳,건강·의료 중 '의료'를 판매·제공하는 매장,013526b7-d35c-404e-93d1-3a112d8de0c6,아이생각소아청소년과의원,진료비,신용동 골목형상점가,골목형상점가,광주광역시,3.0,3.0,,,RESOLVED_AGREEMENT,False,3,,,,
6085f529ccd74454a302,test,의료,T4 구어·문장,q_의료_07,진료받는 곳,건강·의료 중 '의료'를 판매·제공하는 매장,19b6e5db-5866-4752-afed-7fa0dc010f81,곳간,한식,태화십리대밭먹거리단지 상점가,자율상권구역,울산광역시,0.0,0.0,,,RESOLVED_AGREEMENT,False,0,,,,
a1fb83d9277d1b43d243,test,의료,T4 구어·문장,q_의료_07,진료받는 곳,건강·의료 중 '의료'를 판매·제공하는 매장,072ed95f-4c7c-4962-bdca-87c8558de161,한신내과,내과,여의동 골목형상점가,골목형상점가,전북특별자치도,3.0,3.0,,,RESOLVED_AGREEMENT,False,3,,,,
786d30686bd810bcc981,test,의료,T4 구어·문장,q_의료_07,진료받는 곳,건강·의료 중 '의료'를 판매·제공하는 매장,01225d66-8811-407d-9bce-43e4dbb97e1c,조일한의원,한의원 진료 서비스,칠성상가시장,전통시장,대구광역시,3.0,3.0,,,RESOLVED_AGREEMENT,False,3,,,,
61936750a6603a6bf7b8,test,의료,T4 구어·문장,q_의료_07,진료받는 곳,건강·의료 중 '의료'를 판매·제공하는 매장,c3ab2310-c23f-401d-a511-a1f881e40316,장바른내과의원,진료,지족반석 골목형상점가,골목형상점가,대전광역시,3.0,3.0,,,RESOLVED_AGREEMENT,False,3,,,,
b9bdebacdd637e24c325,test,의료,T4 구어·문장,q_의료_07,진료받는 곳,건강·의료 중 '의료'를 판매·제공하는 매장,0056dcd4-0ac0-4535-9ee5-c8fd19d8ff14,중화한의원,한의원,보령한내시장,전통시장,충청남도,3.0,3.0,,,RESOLVED_AGREEMENT,False,3,,,,
fc6c4fc0dfa9e8aab18d,test,의료,T4 구어·문장,q_의료_07,진료받는 곳,건강·의료 중 '의료'를 판매·제공하는 매장,036ef24a-2d53-4dd1-9bbd-6d0c2a81dd24,바른동물병원,수의 동물병원,송도랜드마크시티 센트럴더샵 골목형상점가,골목형상점가,인천광역시,3.0,3.0,,,RESOLVED_AGREEMENT,False,3,,,,
004f1cda6b9750dd9581,test,의료,T6 기계변형,q_의료_08,의료추천,건강·의료 중 '의료'를 판매·제공하는 매장,bb1dfd79-9f48-4c4b-af48-e5833b91e294,위케어,의료기기,광주역 복개로 골목형상점가,골목형상점가,광주광역시,3.0,3.0,,,RESOLVED_AGREEMENT,False,3,,,,
7025c564b950d6434921,test,의료,T6 기계변형,q_의료_08,의료추천,건강·의료 중 '의료'를 판매·제공하는 매장,6a3ee25e-0d3d-469a-96b6-e48f1b2e6768,시민약국,의약품 의료용품 의료기기,원조낙지골목상점가,자율상권구역,전라남도,3.0,3.0,,,RESOLVED_AGREEMENT,False,3,,,,
9629a65064365d66778f,test,의료,T6 기계변형,q_의료_08,의료추천,건강·의료 중 '의료'를 판매·제공하는 매장,30e37e85-a102-4dce-aadf-f47bda8fe1d0,로데오약국,의약품 의료용품 의료기기,수원역세권활성화구역,상권활성화구역,경기도,3.0,3.0,,,RESOLVED_AGREEMENT,False,3,,,,
33846fa0cd8e3836580d,test,의료,T6 기계변형,q_의료_08,의료추천,건강·의료 중 '의료'를 판매·제공하는 매장,31c33229-54e6-4b82-8fa7-dfcac6d4dd8f,상덕의원,의료업,풍납시장,전통시장,서울특별시,3.0,3.0,,,RESOLVED_AGREEMENT,False,3,,,,
be4f7739a6ec6e403512,test,의료,T6 기계변형,q_의료_08,의료추천,건강·의료 중 '의료'를 판매·제공하는 매장,507cbfc7-72aa-4eec-8824-9378f50ef258,꽃길의원,의료,종로5가역일번출구상점가,자율상권구역,서울특별시,3.0,3.0,,,RESOLVED_AGREEMENT,False,3,,,,
68264c72ee44de8d0355,test,의료,T6 기계변형,q_의료_08,의료추천,건강·의료 중 '의료'를 판매·제공하는 매장,5f05c485-d270-4cd5-a149-51ee7519ad93,고향약국,양약 의료기기 의료소모품,남대문로골목형상점가,골목형상점가,서울특별시,3.0,3.0,,,RESOLVED_AGREEMENT,False,3,,,,
77d8aaed547bcc68ffe7,test,의료,T6 기계변형,q_의료_08,의료추천,건강·의료 중 '의료'를 판매·제공하는 매장,673e73b3-8963-4e4c-8e6e-feb5dbc69b4e,한림의료기,의료용품,한림대골목형상점가,골목형상점가,강원특별자치도,3.0,3.0,,,RESOLVED_AGREEMENT,False,3,,,,
22896923d2d107bbbaa7,test,의료,T6 기계변형,q_의료_08,의료추천,건강·의료 중 '의료'를 판매·제공하는 매장,056051e6-c0e1-4402-b967-242217ff89ba,임명수 내과,내과,일곡동 골목형상점가,골목형상점가,광주광역시,3.0,3.0,,,RESOLVED_AGREEMENT,False,3,,,,
a8cbb2b638a6a4585484,test,의료,T6 기계변형,q_의료_08,의료추천,건강·의료 중 '의료'를 판매·제공하는 매장,f2f40065-3197-4c7b-af62-433ac62cb54f,수 한의원,의료,산본로데오거리(구 산본중심상가),자율상권구역,경기도,3.0,3.0,,,RESOLVED_AGREEMENT,False,3,,,,
a583fe654fdee5c65f42,test,의료,T6 기계변형,q_의료_08,의료추천,건강·의료 중 '의료'를 판매·제공하는 매장,5d95aa4e-e265-4344-8702-4af0c02f515b,호계의료기,의료기,호계랑 골목형상점가,골목형상점가,울산광역시,3.0,3.0,,,RESOLVED_AGREEMENT,False,3,,,,
cde345e1a2fb9d990bf9,test,의료,T6 기계변형,q_의료_08,의료추천,건강·의료 중 '의료'를 판매·제공하는 매장,1215ca17-d423-4555-aca8-35023684029a,대불약국,의료기기,삼호읍 중앙 골목형상점가,골목형상점가,전라남도,3.0,3.0,,,RESOLVED_AGREEMENT,False,3,,,,
93ea299baae295250706,test,의료,T6 기계변형,q_의료_08,의료추천,건강·의료 중 '의료'를 판매·제공하는 매장,22a94491-853d-4840-b253-418bc12c7e10,산천,,홍도 골목형상점가,골목형상점가,대전광역시,,0.0,Y,,P0_UNCERTAIN_OR_MISSING,True,,,,,
c04e53ffb647b68b6901,test,의료,T6 기계변형,q_의료_08,의료추천,건강·의료 중 '의료'를 판매·제공하는 매장,de48602a-b5b0-4bd2-962a-d2da01b4acd6,누가의료기,의료기,상무민주로상인회 골목형상점가,골목형상점가,광주광역시,3.0,3.0,,,RESOLVED_AGREEMENT,False,3,,,,
f4a7d867c8d879e1dcca,test,의료,T6 기계변형,q_의료_08,의료추천,건강·의료 중 '의료'를 판매·제공하는 매장,00962f54-90e0-479e-84a4-3f6e6f6515ec,비쥬여성산부인과의원,의료,운수대통 골목형상점가,골목형상점가,광주광역시,3.0,3.0,,,RESOLVED_AGREEMENT,False,3,,,,
8bbc8b6766d1b693edcf,test,의료,T6 기계변형,q_의료_08,의료추천,건강·의료 중 '의료'를 판매·제공하는 매장,d0b0fb46-1ae1-40f9-8951-13f7869b2937,비겐의료기,의료기기,논산화지중앙시장,전통시장,충청남도,3.0,3.0,,,RESOLVED_AGREEMENT,False,3,,,,
46fd44b4956ce9a07b75,test,의료,T6 기계변형,q_의료_08,의료추천,건강·의료 중 '의료'를 판매·제공하는 매장,5eed1e65-f28d-4d8b-b94f-d5b118f1bb78,대촌서암의원,의료,지석사거리 골목형상점가,골목형상점가,광주광역시,3.0,3.0,,,RESOLVED_AGREEMENT,False,3,,,,
091398869a6f9eed29df,test,의료,T6 기계변형,q_의료_08,의료추천,건강·의료 중 '의료'를 판매·제공하는 매장,f5c559fa-4f0e-462e-90b7-46e65a4d3402,세영의료기,의료기,무안전통시장,전통시장,전라남도,3.0,3.0,,,RESOLVED_AGREEMENT,False,3,,,,
ea64f071a6c680ad61c2,test,의료,T6 기계변형,q_의료_08,의료추천,건강·의료 중 '의료'를 판매·제공하는 매장,0e9475ac-c344-4269-81e4-db3835e7036a,원주의료기,의료기 의료용기기,중앙로골목형상점가,골목형상점가,강원특별자치도,3.0,3.0,,,RESOLVED_AGREEMENT,False,3,,,,
d0729d353e5dc59f64dc,test,의료,T6 기계변형,q_의료_08,의료추천,건강·의료 중 '의료'를 판매·제공하는 매장,d47e6a99-4ca3-4c15-b198-0ea7d0a2f70d,현미경치과,의료,개포동 구마을 골목형상점가,골목형상점가,서울특별시,3.0,3.0,,,RESOLVED_AGREEMENT,False,3,,,,
7a79ae4cee9b3c0d598b,test,의료,T6 기계변형,q_의료_08,의료추천,건강·의료 중 '의료'를 판매·제공하는 매장,1c43aefa-f6f7-492d-8b2c-8bfb170fc82d,원,의료기기,서문시장2지구 종합상가,전통시장,대구광역시,3.0,3.0,,,RESOLVED_AGREEMENT,False,3,,,,
73f4afeb5b72cc04db98,test,의료,T6 기계변형,q_의료_08,의료추천,건강·의료 중 '의료'를 판매·제공하는 매장,36675764-a0f1-4844-a3f1-f6bfb0c35523,조아진병원,의료,옛 경양방죽 골목형상점가,골목형상점가,광주광역시,3.0,3.0,,,RESOLVED_AGREEMENT,False,3,,,,
ab9608b684b5f47b99ee,test,의료,T6 기계변형,q_의료_08,의료추천,건강·의료 중 '의료'를 판매·제공하는 매장,5892631f-b452-45b7-976b-cf557e4342e9,국제의료기,의료기기,미금현대벤처빌시장,전통시장,경기도,3.0,3.0,,,RESOLVED_AGREEMENT,False,3,,,,
bd72b70f6801c4b2e003,test,의료,T6 기계변형,q_의료_08,의료추천,건강·의료 중 '의료'를 판매·제공하는 매장,9eb36b86-6629-481c-9263-affc6b3430f4,여송한의원,의료,열매 골목형상점가,골목형상점가,대전광역시,3.0,3.0,,,RESOLVED_AGREEMENT,False,3,,,,
a1da737ab0249d1732c4,test,의료,T6 기계변형,q_의료_08,의료추천,건강·의료 중 '의료'를 판매·제공하는 매장,01225d66-8811-407d-9bce-43e4dbb97e1c,조일한의원,한의원 진료 서비스,칠성상가시장,전통시장,대구광역시,3.0,3.0,,,RESOLVED_AGREEMENT,False,3,,,,
66058eb46c529d5e9fb5,test,의료,T6 기계변형,q_의료_08,의료추천,건강·의료 중 '의료'를 판매·제공하는 매장,ac281c5b-311e-41f3-9a6f-30b82e90f12e,함빛병원,의료,북항사랑 골목형상점가,골목형상점가,전라남도,3.0,3.0,,,RESOLVED_AGREEMENT,False,3,,,,
76cadbd633dc8bc65e20,test,의료,T6 기계변형,q_의료_08,의료추천,건강·의료 중 '의료'를 판매·제공하는 매장,f7b24e6e-e79e-4ab6-8e88-452d073fe094,태광의료기,의료기기,전대병원오거리 골목형상점가,골목형상점가,광주광역시,3.0,3.0,,,RESOLVED_AGREEMENT,False,3,,,,
95957499a21ba51d0e10,test,의료,T6 기계변형,q_의료_08,의료추천,건강·의료 중 '의료'를 판매·제공하는 매장,9621e2b6-a52d-4b0b-9120-5c2ee6e9bd03,남문의료기,의료기,부산남문시장,전통시장,부산광역시,3.0,3.0,,,RESOLVED_AGREEMENT,False,3,,,,
96ba0aac9604a1e569f9,test,의료,T6 기계변형,q_의료_08,의료추천,건강·의료 중 '의료'를 판매·제공하는 매장,00d494f5-7e0f-4ced-927a-3360ced94954,핑크유외과,병원,어진동 골목형상점가,골목형상점가,세종특별자치시,3.0,3.0,,,RESOLVED_AGREEMENT,False,3,,,,
9574de3490b5c5db95bd,test,의료,T6 기계변형,q_의료_08,의료추천,건강·의료 중 '의료'를 판매·제공하는 매장,079a8f12-8bd0-4d1c-9f66-c28c96019d7f,열린보청기&의료기,의료기기,성주시장,전통시장,경상북도,3.0,3.0,,,RESOLVED_AGREEMENT,False,3,,,,
d8bf3b76b04c92143a5a,test,의료,T6 기계변형,q_의료_08,의료추천,건강·의료 중 '의료'를 판매·제공하는 매장,8dcf2010-39b7-44c3-95f0-8e7a4f5360d0,하나약국,의료품 및 의료용품,정읍우암로상점가,자율상권구역,전북특별자치도,3.0,3.0,,,RESOLVED_AGREEMENT,False,3,,,,
fba7d118f76d16a1a1fd,test,의료,T6 기계변형,q_의료_08,의료추천,건강·의료 중 '의료'를 판매·제공하는 매장,3e14d52a-bdf3-4d96-89b2-05dc29b580d3,가치과,의료,방이시장,전통시장,서울특별시,3.0,3.0,,,RESOLVED_AGREEMENT,False,3,,,,
6d1ffbecf8557ac6548c,test,의료,T6 기계변형,q_의료_08,의료추천,건강·의료 중 '의료'를 판매·제공하는 매장,488c87d3-7e0e-4cf9-adfa-bd793d32fe6e,가든온천,,정남진활력의거리 골목형상점가,골목형상점가,,0.0,0.0,,,RESOLVED_AGREEMENT,False,0,,,,
a1abab40847b6c1f1f96,test,의료,T6 기계변형,q_의료_08,의료추천,건강·의료 중 '의료'를 판매·제공하는 매장,86b4ad8f-4e67-4eb5-8d7b-55add3a3a3b5,신신의료기,의료기,원주중앙시장활성화구역,상권활성화구역,강원특별자치도,3.0,3.0,,,RESOLVED_AGREEMENT,False,3,,,,
29434906bbf379a0e55f,test,의료,T6 기계변형,q_의료_08,의료추천,건강·의료 중 '의료'를 판매·제공하는 매장,fe1b36c2-39ba-4361-8cda-66c82daa209a,다원 의료기,의료기,밤실로주변 골목형상점가,골목형상점가,광주광역시,3.0,3.0,,,RESOLVED_AGREEMENT,False,3,,,,
6320c772d27c9a142a3d,test,의료,T6 기계변형,q_의료_08,의료추천,건강·의료 중 '의료'를 판매·제공하는 매장,08144d0b-f70f-4e6a-b20d-9dc93b3cc304,JM의원,의료,희담길,골목형상점가,광주광역시,3.0,3.0,,,RESOLVED_AGREEMENT,False,3,,,,
5a5d4ddb06a4c48934b0,test,의료,T6 기계변형,q_의료_08,의료추천,건강·의료 중 '의료'를 판매·제공하는 매장,8f86ba9e-1bd7-444a-884a-d023d594c3ff,완주의료기,의료기,봉동생강골시장,전통시장,전북특별자치도,3.0,3.0,,,RESOLVED_AGREEMENT,False,3,,,,
79bae27af2e324588b06,test,의료,T6 기계변형,q_의료_08,의료추천,건강·의료 중 '의료'를 판매·제공하는 매장,7de77211-458e-406c-8e66-d256308ec568,서울나인앤의원,의료,시청앞사거리 골목형상점가,골목형상점가,충청남도,3.0,3.0,,,RESOLVED_AGREEMENT,False,3,,,,
226627cce09ca5a0a6d4,test,의료,T6 기계변형,q_의료_08,의료추천,건강·의료 중 '의료'를 판매·제공하는 매장,a61ca3e3-3c37-4a7b-9168-dba077d6e01e,부천 세브란스 안과 의원,의료서비스,길주로 골목형상점가,골목형상점가,경기도,3.0,3.0,,,RESOLVED_AGREEMENT,False,3,,,,
8d5d90921b6eba21b74e,test,의료,T6 기계변형,q_의료_08,의료추천,건강·의료 중 '의료'를 판매·제공하는 매장,0286c595-5d7f-49db-876a-6959d52a7d39,서울더원플러스치과,치과진료,남성역 골목시장,전통시장,서울특별시,3.0,3.0,,,RESOLVED_AGREEMENT,False,3,,,,
dae7d15c7034468a6ddd,test,의료,T6 기계변형,q_의료_08,의료추천,건강·의료 중 '의료'를 판매·제공하는 매장,592232af-e512-4e89-8f2b-96d77860a565,미라벨의원,의료,약수시장골목형상점가,골목형상점가,서울특별시,3.0,3.0,,,RESOLVED_AGREEMENT,False,3,,,,
6a9637c21f6b851c5388,test,의료,T6 기계변형,q_의료_08,의료추천,건강·의료 중 '의료'를 판매·제공하는 매장,5f7fbd6a-80ff-41e8-b343-80996b794642,풍성장터,정육,동송전통시장,전통시장,강원특별자치도,0.0,0.0,,,RESOLVED_AGREEMENT,False,0,,,,
1b9e4076cb51379b5f7d,test,의료,T6 기계변형,q_의료_08,의료추천,건강·의료 중 '의료'를 판매·제공하는 매장,e96a83bc-946a-43bc-9e0d-d1185bf52d51,옥천,수산물,부천상동시장,전통시장,경기도,0.0,0.0,,,RESOLVED_AGREEMENT,False,0,,,,
54d0fe51d2f5a011f2ce,test,의료,T6 기계변형,q_의료_08,의료추천,건강·의료 중 '의료'를 판매·제공하는 매장,f71deb0e-fa23-4a85-83ef-d1c9c1e448ab,지젤,의료,나운금빛 골목형상점가,골목형상점가,전북특별자치도,3.0,3.0,,,RESOLVED_AGREEMENT,False,3,,,,
2c517a08a0450ee3063f,test,의료,T6 기계변형,q_의료_08,의료추천,건강·의료 중 '의료'를 판매·제공하는 매장,8381172e-f356-4443-ab1f-f1cdad17e4d0,별난반찬,반찬,상주남성시장,전통시장,경상북도,0.0,0.0,,,RESOLVED_AGREEMENT,False,0,,,,
f16008cf897e14747a7f,test,의료,T6 기계변형,q_의료_08,의료추천,건강·의료 중 '의료'를 판매·제공하는 매장,89e4eee3-a5b2-4e47-a2b4-ad057d4e0ec7,한독의료기,의료기,안동광석거리 골목형상점가,골목형상점가,경상북도,3.0,3.0,,,RESOLVED_AGREEMENT,False,3,,,,
c931669b29de32d47dc5,test,의료,T6 기계변형,q_의료_08,의료추천,건강·의료 중 '의료'를 판매·제공하는 매장,51cdbf2e-a963-4d4b-bb00-f067113b2774,건강의료기,의료기,아랫장,전통시장,전라남도,3.0,3.0,,,RESOLVED_AGREEMENT,False,3,,,,
d899fcf54d4efb770acc,test,의료,T6 기계변형,q_의료_08,의료추천,건강·의료 중 '의료'를 판매·제공하는 매장,3d1be82b-7a9f-4a3c-b216-ede9ea56b6cf,분당의료기,의료기기,미금현대벤처빌시장,전통시장,경기도,3.0,3.0,,,RESOLVED_AGREEMENT,False,3,,,,
212b05d46074fcb9da55,test,의료,T6 기계변형,q_의료_08,의료추천,건강·의료 중 '의료'를 판매·제공하는 매장,030d2cd2-d4d8-4ee8-bd1e-b3a1e71138d1,상문동물병원,동물병원,거제 상동 골목형상점가,골목형상점가,경상남도,3.0,3.0,,,RESOLVED_AGREEMENT,False,3,,,,
5c108c0d424d3f73a821,test,의료,T6 기계변형,q_의료_08,의료추천,건강·의료 중 '의료'를 판매·제공하는 매장,774e06f0-bb68-40ab-ad31-3357953d33b1,꿀약국,의약품 및 의료용품 및 의료기기,상도약수골목형상점가,골목형상점가,서울특별시,3.0,3.0,,,RESOLVED_AGREEMENT,False,3,,,,
f05d8b58db8a3f065880,test,의료,T6 기계변형,q_의료_08,의료추천,건강·의료 중 '의료'를 판매·제공하는 매장,65782056-0714-4be9-b6c5-1c5194ef3072,고향산천,농산물,하동 화개장터,전통시장,경상남도,0.0,0.0,,,RESOLVED_AGREEMENT,False,0,,,,
ebbe2b18ce9f188dff0b,test,의료,T6 기계변형,q_의료_08,의료추천,건강·의료 중 '의료'를 판매·제공하는 매장,48168d49-f20f-45dd-8249-9d6feb533e93,한밭의원,의료,문창동 보물찾(Chat)길 골목형상점가,골목형상점가,대전광역시,3.0,3.0,,,RESOLVED_AGREEMENT,False,3,,,,
d547826178cc23a50a47,test,의료,T6 기계변형,q_의료_08,의료추천,건강·의료 중 '의료'를 판매·제공하는 매장,0040b4e6-7b74-4175-b54d-add4fe693d49,메디팜보명당약국,"의약품, 의료욕구, 복지욕구, 의료기기",점촌역전상점가,자율상권구역,경상북도,3.0,3.0,,,RESOLVED_AGREEMENT,False,3,,,,
8c731e9ba9a2023a2347,test,의료,T6 기계변형,q_의료_08,의료추천,건강·의료 중 '의료'를 판매·제공하는 매장,98474c61-e74f-4217-a8af-d186cf86f156,햇님한의원,의료,소담마실길 골목형상점가,골목형상점가,세종특별자치시,3.0,3.0,,,RESOLVED_AGREEMENT,False,3,,,,
68b09a71c948a2814923,test,의료,T6 기계변형,q_의료_08,의료추천,건강·의료 중 '의료'를 판매·제공하는 매장,24ca2e7c-8b12-4fa8-a146-f5b0001d593c,이원의료기,의료기,산본로데오거리(구 산본중심상가),자율상권구역,경기도,3.0,3.0,,,RESOLVED_AGREEMENT,False,3,,,,
935fb09e21a8c07f79e9,test,의료,T6 기계변형,q_의료_08,의료추천,건강·의료 중 '의료'를 판매·제공하는 매장,3be87fd3-952d-4145-baf1-f41f6cb7f747,서울굿닥터의원,의료,새롬동 골목형상점가,골목형상점가,세종특별자치시,3.0,3.0,,,RESOLVED_AGREEMENT,False,3,,,,
acb75c22e9133d718c63,test,의료,T6 기계변형,q_의료_08,의료추천,건강·의료 중 '의료'를 판매·제공하는 매장,6d2c0622-c9dd-43bc-b1bf-670d260c384d,일등의료기,의료기,역전시장 상점가,자율상권구역,대전광역시,3.0,3.0,,,RESOLVED_AGREEMENT,False,3,,,,
d713ed5098d3fea70735,test,의료,T6 기계변형,q_의료_08,의료추천,건강·의료 중 '의료'를 판매·제공하는 매장,c7f79e34-8b9c-4e01-8b1f-af28742497b4,창원의원,의료,창원 소답시장,전통시장,경상남도,3.0,3.0,,,RESOLVED_AGREEMENT,False,3,,,,
9787bbc947d3ab19ad89,test,의료,T6 기계변형,q_의료_08,의료추천,건강·의료 중 '의료'를 판매·제공하는 매장,81fda61c-9dff-4856-b91d-1bf2f68fd8da,광천,채소,난곡골목형상점가,골목형상점가,서울특별시,0.0,0.0,,,RESOLVED_AGREEMENT,False,0,,,,
4259d187cbfba1ef0840,test,의료,T6 기계변형,q_의료_08,의료추천,건강·의료 중 '의료'를 판매·제공하는 매장,0056dcd4-0ac0-4535-9ee5-c8fd19d8ff14,중화한의원,한의원,보령한내시장,전통시장,충청남도,3.0,3.0,,,RESOLVED_AGREEMENT,False,3,,,,
0c827748a2620ade1c75,test,의료,T6 기계변형,q_의료_08,의료추천,건강·의료 중 '의료'를 판매·제공하는 매장,232913a2-946f-4594-9205-59d5b0b58bfd,명품의료기,의료기,선산봉황시장(구 선산종합시장),전통시장,경상북도,3.0,3.0,,,RESOLVED_AGREEMENT,False,3,,,,
5b3bd940d97b21c5619f,test,의료,T6 기계변형,q_의료_08,의료추천,건강·의료 중 '의료'를 판매·제공하는 매장,7fbf2e60-e7a1-468a-9c4e-e203cec9a7ce,이인창치과,의료,마산 오동동상인연합상가,자율상권구역,경상남도,3.0,3.0,,,RESOLVED_AGREEMENT,False,3,,,,
ee258b621a857c0e77ab,test,의료,T6 기계변형,q_의료_08,의료추천,건강·의료 중 '의료'를 판매·제공하는 매장,00fdab59-58f8-4c63-8765-30cb59a78156,도안프라임치과의원,치과진료,목원대 골목형상점가,골목형상점가,대전광역시,3.0,3.0,,,RESOLVED_AGREEMENT,False,3,,,,
fce907ac78d42862a917,test,의료,T6 기계변형,q_의료_08,의료추천,건강·의료 중 '의료'를 판매·제공하는 매장,a748032c-e959-4d4a-8235-5ab35b2a625b,장수의료기,의료기,유진상가,전통시장,서울특별시,3.0,3.0,,,RESOLVED_AGREEMENT,False,3,,,,
58877746fd64f03838c5,test,의료,T6 기계변형,q_의료_08,의료추천,건강·의료 중 '의료'를 판매·제공하는 매장,054d77ec-b17b-4ed9-9322-6f9060ce3d53,현소아청소년과의원,소아과 내과,일곡동 골목형상점가,골목형상점가,광주광역시,3.0,3.0,,,RESOLVED_AGREEMENT,False,3,,,,
ba6ccc3459bd6483861f,test,의료,T6 기계변형,q_의료_08,의료추천,건강·의료 중 '의료'를 판매·제공하는 매장,5eff133f-d51a-4b7b-8e0b-5d9f7b55a85f,밝은의원,의료,화정소담상인회 골목형상점가,골목형상점가,광주광역시,3.0,3.0,,,RESOLVED_AGREEMENT,False,3,,,,
732039ded264145de431,test,의료,T6 기계변형,q_의료_08,의료추천,건강·의료 중 '의료'를 판매·제공하는 매장,067cdb1a-af4f-412e-b249-18ba9cde846b,반석내과영상의학과의원,내과 영상의학과,반석동 골목형상점가,골목형상점가,대전광역시,3.0,3.0,,,RESOLVED_AGREEMENT,False,3,,,,
e0565efed62bbb1b5c6a,test,의료,T6 기계변형,q_의료_08,의료추천,건강·의료 중 '의료'를 판매·제공하는 매장,1b242b38-b5dd-466d-b357-9f4d3adbbc67,광천 미서울 치과의원,의료서비스,광천동상인회 골목형상점가,골목형상점가,광주광역시,3.0,3.0,,,RESOLVED_AGREEMENT,False,3,,,,
a4f06b028a49cd44626e,test,의료,T6 기계변형,q_의료_08,의료추천,건강·의료 중 '의료'를 판매·제공하는 매장,41ec8806-4d1d-47bb-b94e-c97fa54120b2,소백의료기,의료기,단양팔경 골목형상점가,골목형상점가,충청북도,3.0,3.0,,,RESOLVED_AGREEMENT,False,3,,,,
b107d5b5f668b03896de,test,의료,T6 기계변형,q_의료_08,의료추천,건강·의료 중 '의료'를 판매·제공하는 매장,41a830c9-a316-4aa0-90dc-dc143c7b731b,사랑애치과,의료,금호상인회 골목형상점가,골목형상점가,광주광역시,3.0,3.0,,,RESOLVED_AGREEMENT,False,3,,,,
a153f33638e5e51f417a,test,의료,T6 기계변형,q_의료_08,의료추천,건강·의료 중 '의료'를 판매·제공하는 매장,d3f5b13b-94fd-4a3f-badb-c1ec4a9be027,진성의료기,의료기,청주육거리종합시장,전통시장,충청북도,3.0,3.0,,,RESOLVED_AGREEMENT,False,3,,,,
707dbf0c57197b4275f0,test,의료,T6 기계변형,q_의료_08,의료추천,건강·의료 중 '의료'를 판매·제공하는 매장,80c4738a-934b-4b41-9de9-a82a5967a614,천외천,한식,상봉먹자골목형상점가,골목형상점가,서울특별시,0.0,0.0,,,RESOLVED_AGREEMENT,False,0,,,,
4de1e1e74c2db08721f4,test,의료,T6 기계변형,q_의료_08,의료추천,건강·의료 중 '의료'를 판매·제공하는 매장,0002538c-b8d9-4911-81c7-966789036b09,빛고을 치과의원,의원,세은 골목형상점가,골목형상점가,광주광역시,3.0,3.0,,,RESOLVED_AGREEMENT,False,3,,,,
b2b068dd8d81fc4fe50c,test,의료,T6 기계변형,q_의료_08,의료추천,건강·의료 중 '의료'를 판매·제공하는 매장,618afc31-b1c0-4ca7-be90-1970de5979e4,타로와 별자리,점성학 서비스업,김해 동상전통시장,전통시장,경상남도,0.0,0.0,,,RESOLVED_AGREEMENT,False,0,,,,
ff1bbcab3ecd36723a52,test,의료,T6 기계변형,q_의료_08,의료추천,건강·의료 중 '의료'를 판매·제공하는 매장,e0b02461-62db-4b41-af15-5746fee59673,옛날누룽지,,관악신사시장,전통시장,서울특별시,,0.0,Y,,P0_UNCERTAIN_OR_MISSING,True,,,,,
ba8fb6e3864b490d5ab6,test,의료,T6 기계변형,q_의료_08,의료추천,건강·의료 중 '의료'를 판매·제공하는 매장,01b5432d-9420-483d-8da1-210127e3bb61,다사랑패밀리의원,내과 이비인후과 소아과,다사역 골목형상점가,골목형상점가,대구광역시,3.0,3.0,,,RESOLVED_AGREEMENT,False,3,,,,
6ee33c8536d1b5167396,test,의료,T6 기계변형,q_의료_08,의료추천,건강·의료 중 '의료'를 판매·제공하는 매장,5c73578e-dcf1-41b2-bfd0-349f9f1328e7,이원의료기,의료기,점촌역전상점가,자율상권구역,경상북도,3.0,3.0,,,RESOLVED_AGREEMENT,False,3,,,,
fbcec810a6b6b87fb3ec,test,의료,T6 기계변형,q_의료_08,의료추천,건강·의료 중 '의료'를 판매·제공하는 매장,c72ad5e5-3bac-47b9-8014-f1b9367630e1,안녕제천,,제천중앙시장,전통시장,충청북도,,0.0,Y,,P0_UNCERTAIN_OR_MISSING,True,,,,,
27542ebcf5770adbddda,test,의료,T6 기계변형,q_의료_08,의료추천,건강·의료 중 '의료'를 판매·제공하는 매장,3ede0f5c-8b5d-4779-b4a1-468c4f49f491,광진의료기,의료기,자양로13길골목형상점가,골목형상점가,서울특별시,3.0,3.0,,,RESOLVED_AGREEMENT,False,3,,,,
98c44687e5a59ee30cc4,test,의료,T6 기계변형,q_의료_08,의료추천,건강·의료 중 '의료'를 판매·제공하는 매장,5270f0d9-af98-4f6d-89a4-46ae94aec68b,부전의료기,의료용품,부전시장,전통시장,부산광역시,3.0,3.0,,,RESOLVED_AGREEMENT,False,3,,,,
64d3fba1d6802027b7ec,test,의료,T6 기계변형,q_의료_08,의료추천,건강·의료 중 '의료'를 판매·제공하는 매장,0006edf8-62da-4c5d-8bed-80e32a855936,e-바른치과의원,병원,금화로상인회 골목형상점가,골목형상점가,광주광역시,3.0,3.0,,,RESOLVED_AGREEMENT,False,3,,,,
047819d49ffdf9c5f843,test,의료,T6 기계변형,q_의료_08,의료추천,건강·의료 중 '의료'를 판매·제공하는 매장,0083c935-4cf1-4856-831b-5e623fcb71ac,봄봄이비인후과의원,의료서비스,고운동상점가,자율상권구역,세종특별자치시,3.0,3.0,,,RESOLVED_AGREEMENT,False,3,,,,
72284a8f7fb23bd259b4,test,의료,T6 기계변형,q_의료_08,의료추천,건강·의료 중 '의료'를 판매·제공하는 매장,a994b855-96ad-4ddc-b81c-3b16e86d2f46,신세기약국,"의약품, 의료용품, 의료기기",김천평화시장,전통시장,경상북도,3.0,3.0,,,RESOLVED_AGREEMENT,False,3,,,,
8d4db40e046c0e66aad8,test,의료,T6 기계변형,q_의료_08,의료추천,건강·의료 중 '의료'를 판매·제공하는 매장,036ef24a-2d53-4dd1-9bbd-6d0c2a81dd24,바른동물병원,수의 동물병원,송도랜드마크시티 센트럴더샵 골목형상점가,골목형상점가,인천광역시,3.0,3.0,,,RESOLVED_AGREEMENT,False,3,,,,
507d214c048bb4048440,test,의료,T6 기계변형,q_의료_08,의료추천,건강·의료 중 '의료'를 판매·제공하는 매장,012ea1f6-bb18-4f60-811e-1858d1f8fb85,서울삼성내과,병원,장자호수공원 골목형상점가,골목형상점가,경기도,3.0,3.0,,,RESOLVED_AGREEMENT,False,3,,,,
7a3692e2219ccd3bb103,test,의료,T6 기계변형,q_의료_08,의료추천,건강·의료 중 '의료'를 판매·제공하는 매장,490d5cae-6d57-4106-a6be-73ccc6f08b6c,건강의료기,의료기,문화의거리 상점가,자율상권구역,울산광역시,3.0,3.0,,,RESOLVED_AGREEMENT,False,3,,,,
347a0943538be6293f6d,test,의료,T6 기계변형,q_의료_08,의료추천,건강·의료 중 '의료'를 판매·제공하는 매장,005f6f1a-ae3e-47a8-9298-8c7cae082531,삼선의원,일반의원,광복마을3-4길 골목형상점가,골목형상점가,광주광역시,3.0,3.0,,,RESOLVED_AGREEMENT,False,3,,,,
972d9034c3f31f7b2e22,test,의료,T6 기계변형,q_의료_08,의료추천,건강·의료 중 '의료'를 판매·제공하는 매장,00427918-a4b0-485e-ab42-62ebce752f92,유디해운대치과의원,의료,영풍리젠시 골목형상점가,골목형상점가,부산광역시,3.0,3.0,,,RESOLVED_AGREEMENT,False,3,,,,
7c1d993a3b9923dd32ee,test,의료,T6 기계변형,q_의료_08,의료추천,건강·의료 중 '의료'를 판매·제공하는 매장,231ab37c-271b-43be-b36f-f5c82bf171c3,삼성약국,"의약품, 의료용구, 의료기기",산본사거리 골목형상점가,골목형상점가,경기도,3.0,3.0,,,RESOLVED_AGREEMENT,False,3,,,,
dab4cbecc5f01106533d,test,의료,T6 기계변형,q_의료_08,의료추천,건강·의료 중 '의료'를 판매·제공하는 매장,01e01dc9-a690-442d-a992-0716da4fc86a,소나무한의원,한의진료서비스,수완하나로 골목형상점가,골목형상점가,광주광역시,3.0,3.0,,,RESOLVED_AGREEMENT,False,3,,,,
908a98a9c68d7d59942d,test,의료,T6 기계변형,q_의료_08,의료추천,건강·의료 중 '의료'를 판매·제공하는 매장,fbe44828-24ef-44fc-a0ea-b15c957d0f02,3H스마트지압침대금천,의료기기,비단길현대시장,전통시장,서울특별시,3.0,3.0,,,RESOLVED_AGREEMENT,False,3,,,,
e53362c90603f31b71af,test,의료,T6 기계변형,q_의료_08,의료추천,건강·의료 중 '의료'를 판매·제공하는 매장,a63f0a39-cc86-4e1e-8aef-a0a0a6623891,알천,한식,달아실 골목형상점가,골목형상점가,광주광역시,0.0,0.0,,,RESOLVED_AGREEMENT,False,0,,,,
225d71ebf94d284e813f,test,의료,T6 기계변형,q_의료_08,의료추천,건강·의료 중 '의료'를 판매·제공하는 매장,d16fa08e-3cef-4656-bc68-2ad29d2def3c,삼원의료기,의료기,동대문역10번출구상점가,자율상권구역,서울특별시,3.0,3.0,,,RESOLVED_AGREEMENT,False,3,,,,
dd1da1316bdf7e68dec2,test,의료,T6 기계변형,q_의료_08,의료추천,건강·의료 중 '의료'를 판매·제공하는 매장,24d993f0-c68b-4d88-bc96-2935f9389b5a,쿨핀,의료기기,메트로센터(반월당지하쇼핑),일반지하상점가,대구광역시,3.0,3.0,,,RESOLVED_AGREEMENT,False,3,,,,
ff5fadd456d9a6203f96,test,의료,T6 기계변형,q_의료_08,의료추천,건강·의료 중 '의료'를 판매·제공하는 매장,44e0686a-9876-4f6a-a63b-6f9983eb6af6,스시천,일식,공항대로골목형상점가,골목형상점가,서울특별시,0.0,0.0,,,RESOLVED_AGREEMENT,False,0,,,,
66fc187a9b023f26dc34,test,의료,T6 기계변형,q_의료_08,의료추천,건강·의료 중 '의료'를 판매·제공하는 매장,072ed95f-4c7c-4962-bdca-87c8558de161,한신내과,내과,여의동 골목형상점가,골목형상점가,전북특별자치도,3.0,3.0,,,RESOLVED_AGREEMENT,False,3,,,,
9bf4e0f7ff3b957df446,test,의료,T6 기계변형,q_의료_08,의료추천,건강·의료 중 '의료'를 판매·제공하는 매장,888e42a3-fcb1-4aa5-9bd5-91ec3b6d314a,더퍼스트치과의원 진천,의료서비스,진천혁신골목형상점가,골목형상점가,충청북도,3.0,3.0,,,RESOLVED_AGREEMENT,False,3,,,,
dfd39a46fc6c1cff1be6,test,의료,T6 기계변형,q_의료_08,의료추천,건강·의료 중 '의료'를 판매·제공하는 매장,00192f22-a492-4ba5-a62d-65bf0d0ec7b9,큰물한의원,한의원,전주서곡 골목형상점가,골목형상점가,전북특별자치도,3.0,3.0,,,RESOLVED_AGREEMENT,False,3,,,,
be06ff8880c4c8f6767b,test,의료,T6 기계변형,q_의료_08,의료추천,건강·의료 중 '의료'를 판매·제공하는 매장,cc52bc50-8268-412f-b13f-b20ba4d37b37,장쏙쏙내과의원,의료,풍암중앙상인회 골목형상점가,골목형상점가,광주광역시,3.0,3.0,,,RESOLVED_AGREEMENT,False,3,,,,
5d3c1534eed1b02c29fd,test,의료,T6 기계변형,q_의료_08,의료추천,건강·의료 중 '의료'를 판매·제공하는 매장,ba5a1712-6d3f-4ffb-b990-c651c52993f8,봉다리팩토리,"비닐외, 유아용 의류 소매 등",서면종합시장,전통시장,부산광역시,0.0,0.0,,,RESOLVED_AGREEMENT,False,0,,,,
9d2476aef42495a1b91b,test,의료,T6 기계변형,q_의료_08,의료추천,건강·의료 중 '의료'를 판매·제공하는 매장,b6e3a851-5440-40e3-a1cd-37bc6ecf280e,삼성의료기,의료기,양평물맑은 상권활성화구역,상권활성화구역,경기도,3.0,3.0,,,RESOLVED_AGREEMENT,False,3,,,,
9ad0f4eada2bb0ed3808,test,의료,T6 기계변형,q_의료_08,의료추천,건강·의료 중 '의료'를 판매·제공하는 매장,64c40c8d-6344-4dcc-9506-45373e19d966,황준화내과,의료,상무중앙상인회 골목형상점가,골목형상점가,광주광역시,3.0,3.0,,,RESOLVED_AGREEMENT,False,3,,,,
8061d0905824e7bf9cae,test,의료,T6 기계변형,q_의료_08,의료추천,건강·의료 중 '의료'를 판매·제공하는 매장,8b50184d-d953-43b5-8344-c541b83cf8ed,올약국,의약품 의료용품 의료용기구,본리 장대빌딩 골목형상점가,골목형상점가,대구광역시,3.0,3.0,,,RESOLVED_AGREEMENT,False,3,,,,
55a3d2f0f29b9d6f61f0,test,의료,T6 기계변형,q_의료_08,의료추천,건강·의료 중 '의료'를 판매·제공하는 매장,1911ab86-b1c4-450e-af18-cafef5d6aab5,청담BS한의원,의료,사리골상점가,자율상권구역,경기도,3.0,3.0,,,RESOLVED_AGREEMENT,False,3,,,,
2374c3a0615719812c96,test,의료,T6 기계변형,q_의료_08,의료추천,건강·의료 중 '의료'를 판매·제공하는 매장,6acb4a79-20ab-4ccd-adb4-07a1ac1c31bb,머거쥬,"한식, 잡화",전주한옥마을 골목형상점가,골목형상점가,전북특별자치도,0.0,0.0,,,RESOLVED_AGREEMENT,False,0,,,,
3595929f3fce6f107722,test,의료,T6 기계변형,q_의료_08,의료추천,건강·의료 중 '의료'를 판매·제공하는 매장,654b14b7-4d18-44a0-ad90-17d6d2bfa110,벨버티의원,의료,주월양우내안애상가 골목형상점가,골목형상점가,광주광역시,3.0,3.0,,,RESOLVED_AGREEMENT,False,3,,,,
291dc4ef8bd189dd1db6,test,의료,T6 기계변형,q_의료_08,의료추천,건강·의료 중 '의료'를 판매·제공하는 매장,6985e359-bb88-47d4-98a7-8977541ecd03,영천,육류,태백시장,전통시장,대구광역시,0.0,0.0,,,RESOLVED_AGREEMENT,False,0,,,,
9e91dd93263c8faeb8bd,test,의료,T6 기계변형,q_의료_08,의료추천,건강·의료 중 '의료'를 판매·제공하는 매장,2ab4471b-8524-4be9-94a6-b2b1b7530d5d,동작고려의원,의료,노량진만나로골목형상점가,골목형상점가,서울특별시,3.0,3.0,,,RESOLVED_AGREEMENT,False,3,,,,
d078b83d7703cacbcfcf,test,의료,T6 기계변형,q_의료_08,의료추천,건강·의료 중 '의료'를 판매·제공하는 매장,00538958-226f-4338-8542-1fd9df6996d4,새현대치과,의료,매곡 가인 골목형상점가,골목형상점가,광주광역시,3.0,3.0,,,RESOLVED_AGREEMENT,False,3,,,,
254f57b30aea536d39b8,test,의료,T6 기계변형,q_의료_08,의료추천,건강·의료 중 '의료'를 판매·제공하는 매장,8ab2ceb8-29fd-44a4-8218-fb8fff5ba79f,미모의원,의료,두암1동 골목형상점가,골목형상점가,광주광역시,3.0,3.0,,,RESOLVED_AGREEMENT,False,3,,,,
23f4448e4face228a9a2,test,의료,T6 기계변형,q_의료_08,의료추천,건강·의료 중 '의료'를 판매·제공하는 매장,7fa5839b-5ede-4c57-8986-cca35e413783,미몽피부과,의료,장자호수공원 골목형상점가,골목형상점가,경기도,3.0,3.0,,,RESOLVED_AGREEMENT,False,3,,,,
6374d1491a272e3136f9,test,의료,T6 기계변형,q_의료_08,의료추천,건강·의료 중 '의료'를 판매·제공하는 매장,e471312a-ce33-4a4f-bbce-bf571a0996e8,현대의료기,의료기,한림대골목형상점가,골목형상점가,강원특별자치도,3.0,3.0,,,RESOLVED_AGREEMENT,False,3,,,,
fa2ad52f477c0443ee98,test,의료,T6 기계변형,q_의료_08,의료추천,건강·의료 중 '의료'를 판매·제공하는 매장,7d6018f6-ef12-44b4-be38-c7448cecbdaa,유병전내과,의료,북부서 맞은편 골목형상점가,골목형상점가,광주광역시,3.0,3.0,,,RESOLVED_AGREEMENT,False,3,,,,
62d4fe22ecadb4a2e4b7,test,의료,T6 기계변형,q_의료_08,의료추천,건강·의료 중 '의료'를 판매·제공하는 매장,44344bed-da9e-4399-abac-d5c85336afbc,나비공방,액세서리,부산진시장,전통시장,부산광역시,0.0,0.0,,,RESOLVED_AGREEMENT,False,0,,,,
fa3aac44075df8f41299,test,의료,T6 기계변형,q_의료_08,의료추천,건강·의료 중 '의료'를 판매·제공하는 매장,cce9f12c-501f-42d2-a40e-f84414879443,대전의료기,의료기,역전시장 상점가,자율상권구역,대전광역시,3.0,3.0,,,RESOLVED_AGREEMENT,False,3,,,,
e577f04a36d37a3f0e39,test,의료,T6 기계변형,q_의료_08,의료추천,건강·의료 중 '의료'를 판매·제공하는 매장,00523307-cc4c-4b0c-8b2f-176ca7450d24,오름한의원,한의원,아차산등산로골목형상점가,골목형상점가,서울특별시,3.0,3.0,,,RESOLVED_AGREEMENT,False,3,,,,
40c705a418ab5fe03702,test,의료,T6 기계변형,q_의료_08,의료추천,건강·의료 중 '의료'를 판매·제공하는 매장,3106acbe-7331-408d-bf55-2c69b8e076bc,독일의료기,의료기,양양로 골목형상점가,골목형상점가,강원특별자치도,3.0,3.0,,,RESOLVED_AGREEMENT,False,3,,,,
1da2bad3a50714a37991,test,의료,T6 기계변형,q_의료_08,의료추천,건강·의료 중 '의료'를 판매·제공하는 매장,013526b7-d35c-404e-93d1-3a112d8de0c6,아이생각소아청소년과의원,진료비,신용동 골목형상점가,골목형상점가,광주광역시,3.0,3.0,,,RESOLVED_AGREEMENT,False,3,,,,
1091c3552596d42e28b0,test,의료,T6 기계변형,q_의료_08,의료추천,건강·의료 중 '의료'를 판매·제공하는 매장,9789802e-6b1f-4594-88b0-f4214193ebea,미건의료기,의료기,부천자유시장,전통시장,경기도,3.0,3.0,,,RESOLVED_AGREEMENT,False,3,,,,
20794d34f8a5cb139f5c,test,의료,T6 기계변형,q_의료_08,의료추천,건강·의료 중 '의료'를 판매·제공하는 매장,5cfc30cc-78f6-45b7-afad-7ba6a969fd32,시골칼국수,분식,공항골목시장골목형상점가,골목형상점가,서울특별시,0.0,0.0,,,RESOLVED_AGREEMENT,False,0,,,,
8893ca3973a2bbf7ddff,test,의료,T6 기계변형,q_의료_08,의료추천,건강·의료 중 '의료'를 판매·제공하는 매장,71133404-86cf-4bae-99c2-fa4b36c5d916,의료기나라,도소매(의료기),수원남문패션1번가시장,전통시장,경기도,3.0,3.0,,,RESOLVED_AGREEMENT,False,3,,,,
03eeea9ee47a43f9cca9,test,의료,T6 기계변형,q_의료_09,의요,건강·의료 중 '의료'를 판매·제공하는 매장,d6f43b84-a7a3-40d4-9892-92112005d59a,니꼬치요,,서부시장,전통시장,대구광역시,,0.0,Y,,P0_UNCERTAIN_OR_MISSING,True,,,,,
3c02f00789f2f71ec120,test,의료,T6 기계변형,q_의료_09,의요,건강·의료 중 '의료'를 판매·제공하는 매장,00d494f5-7e0f-4ced-927a-3360ced94954,핑크유외과,병원,어진동 골목형상점가,골목형상점가,세종특별자치시,3.0,3.0,,,RESOLVED_AGREEMENT,False,3,,,,
8433de21e47f82ebaea0,test,의료,T6 기계변형,q_의료_09,의요,건강·의료 중 '의료'를 판매·제공하는 매장,0002538c-b8d9-4911-81c7-966789036b09,빛고을 치과의원,의원,세은 골목형상점가,골목형상점가,광주광역시,3.0,3.0,,,RESOLVED_AGREEMENT,False,3,,,,
3272cc9f7ddad559d427,test,의료,T6 기계변형,q_의료_09,의요,건강·의료 중 '의료'를 판매·제공하는 매장,48a79ffb-67ae-4aea-a6ca-af80678548f1,여기담기,도자기,예스파크 상점가,자율상권구역,경기도,0.0,0.0,,,RESOLVED_AGREEMENT,False,0,,,,
ed7c2a73d380ced31dbe,test,의료,T6 기계변형,q_의료_09,의요,건강·의료 중 '의료'를 판매·제공하는 매장,f47614e8-65f4-4d18-8cd9-969d5ba96503,아재불닭발,닭발,인하문화의거리 골목형상점가,골목형상점가,인천광역시,0.0,0.0,,,RESOLVED_AGREEMENT,False,0,,,,
bb1c25e7d13c3b4d3c8c,test,의료,T6 기계변형,q_의료_09,의요,건강·의료 중 '의료'를 판매·제공하는 매장,3ee02249-8301-4aec-91d5-c2ea0901b59a,태관도요,도자기,사기막골도자기시장(구 사기막골도예촌재래시장),전통시장,경기도,0.0,0.0,,,RESOLVED_AGREEMENT,False,0,,,,
1c7104bd8e0f1187a676,test,의료,T6 기계변형,q_의료_09,의요,건강·의료 중 '의료'를 판매·제공하는 매장,e65d43e8-b1d1-4061-9a08-e3a5472853c7,샴푸의요정,미용실,예술의거리 골목형상점가,골목형상점가,광주광역시,0.0,0.0,,,RESOLVED_AGREEMENT,False,0,,,,
c08d58c2dda79e866fb1,test,의료,T6 기계변형,q_의료_09,의요,건강·의료 중 '의료'를 판매·제공하는 매장,82623565-ca0a-435b-a4b8-6c7cb299eae9,장충동왕족발보쌈,"족발, 보쌈, 냉면",청학동골목형상점가,골목형상점가,인천광역시,0.0,0.0,,,RESOLVED_AGREEMENT,False,0,,,,
d48c4832c80347c5ce8e,test,의료,T6 기계변형,q_의료_09,의요,건강·의료 중 '의료'를 판매·제공하는 매장,252ec54a-8f74-4132-90ec-1bd038837f4b,위요,미용,한들물빛도시 골목형 상점가,골목형상점가,충청남도,0.0,0.0,,,RESOLVED_AGREEMENT,False,0,,,,
593a8f40148cc7af7e32,test,의료,T6 기계변형,q_의료_09,의요,건강·의료 중 '의료'를 판매·제공하는 매장,8f667a30-9c70-4c49-9810-ab730ed677d1,사랑회요,일식,동홍8번가 골목형상점가,골목형상점가,제주특별자치도,0.0,0.0,,,RESOLVED_AGREEMENT,False,0,,,,
e070331581a41a44b335,test,의료,T6 기계변형,q_의료_09,의요,건강·의료 중 '의료'를 판매·제공하는 매장,0083c935-4cf1-4856-831b-5e623fcb71ac,봄봄이비인후과의원,의료서비스,고운동상점가,자율상권구역,세종특별자치시,3.0,3.0,,,RESOLVED_AGREEMENT,False,3,,,,
6bdbc390aae524f3ecc4,test,의료,T6 기계변형,q_의료_09,의요,건강·의료 중 '의료'를 판매·제공하는 매장,64d3edac-648b-42f2-80e8-da8fad89d7eb,크린토피아코인워시광주효천점,세탁물,효천2지구 골목형상점가,골목형상점가,광주광역시,0.0,0.0,,,RESOLVED_AGREEMENT,False,0,,,,
f6f9885a5a327fe33416,test,의료,T6 기계변형,q_의료_09,의요,건강·의료 중 '의료'를 판매·제공하는 매장,015581d9-c8ed-4019-8394-b40334aa8607,파슷타애요,양식 음식,죽전동 상생 골목형상점가,골목형상점가,경기도,0.0,0.0,,,RESOLVED_AGREEMENT,False,0,,,,
fbe2f50129c445a64562,test,의료,T6 기계변형,q_의료_09,의요,건강·의료 중 '의료'를 판매·제공하는 매장,787b74cb-cf9d-43a3-99c3-17072c7a6068,꾸다요,,금호1동상가번영회 골목형상점가,골목형상점가,,,0.0,Y,,P0_UNCERTAIN_OR_MISSING,True,,,,,
8096652260172b2d358f,test,의료,T6 기계변형,q_의료_09,의요,건강·의료 중 '의료'를 판매·제공하는 매장,c6fc3438-eb3a-47ba-a00e-b64cd3b3782a,유창건강원,건강즙,독산동 우시장,자율상권구역,서울특별시,0.0,1.0,,,P2_GRADED_ONLY,True,,,,,
d303fcdb2128df8ea7e8,test,의료,T6 기계변형,q_의료_09,의요,건강·의료 중 '의료'를 판매·제공하는 매장,481ed77c-c9fe-49ff-b7fd-e9812d2495e3,옷시요,도소매(의류잡화),고투몰(강남터미널지하도상점가),일반지하상점가,서울특별시,0.0,0.0,,,RESOLVED_AGREEMENT,False,0,,,,
1052a76aa33c6fe31605,test,의료,T6 기계변형,q_의료_09,의요,건강·의료 중 '의료'를 판매·제공하는 매장,b8d9b99f-9e4d-43a1-9c1e-b7609a3b573e,마요,여성의류,㈜르네시떼,전통시장,부산광역시,0.0,0.0,,,RESOLVED_AGREEMENT,False,0,,,,
b218c4c5d3d9edd81ff7,test,의료,T6 기계변형,q_의료_09,의요,건강·의료 중 '의료'를 판매·제공하는 매장,655238ff-d958-4333-a12f-cfe20f11a21a,램프의요정,미용,"일곡동(제4지역:쌍용,호반,청솔2,호반일신,청솔1)",골목형상점가,광주광역시,0.0,0.0,,,RESOLVED_AGREEMENT,False,0,,,,
7cff0fec602b8526769e,test,의료,T6 기계변형,q_의료_09,의요,건강·의료 중 '의료'를 판매·제공하는 매장,696aea41-b340-4d87-844a-f28104f808b1,도요,의류,북촌계동길골목형상점가,골목형상점가,서울특별시,0.0,0.0,,,RESOLVED_AGREEMENT,False,0,,,,
5d3ef63e5b7cf5ea892b,test,의료,T6 기계변형,q_의료_09,의요,건강·의료 중 '의료'를 판매·제공하는 매장,1cbf2859-5d2a-454f-924e-a61545c6221a,또와요,의류,양동복개상가,전통시장,광주광역시,0.0,0.0,,,RESOLVED_AGREEMENT,False,0,,,,
d23d1d3e6f74944f383b,test,의료,T6 기계변형,q_의료_09,의요,건강·의료 중 '의료'를 판매·제공하는 매장,a028e754-bb0b-4c97-8357-4b5ccf5f8963,뻥이요,뻥튀기,오천시장,전통시장,경상북도,0.0,0.0,,,RESOLVED_AGREEMENT,False,0,,,,
8658be91b1d032360608,test,의료,T6 기계변형,q_의료_09,의요,건강·의료 중 '의료'를 판매·제공하는 매장,00962f54-90e0-479e-84a4-3f6e6f6515ec,비쥬여성산부인과의원,의료,운수대통 골목형상점가,골목형상점가,광주광역시,3.0,3.0,,,RESOLVED_AGREEMENT,False,3,,,,
9530f6497599034bf25f,test,의료,T6 기계변형,q_의료_09,의요,건강·의료 중 '의료'를 판매·제공하는 매장,9a2e6992-2d52-41ea-aced-4cec19db5247,탐나요,의류,군산 원도심 골목형상점가,골목형상점가,전북특별자치도,0.0,0.0,,,RESOLVED_AGREEMENT,False,0,,,,
3b2ab03dd89834660c46,test,의료,T6 기계변형,q_의료_09,의요,건강·의료 중 '의료'를 판매·제공하는 매장,6a9feb7e-ea67-47cf-9cee-6c3280fed4a3,고산요,,예스파크 상점가,자율상권구역,경기도,,0.0,Y,,P0_UNCERTAIN_OR_MISSING,True,,,,,
8675f2e64e030b867e2f,test,의료,T6 기계변형,q_의료_09,의요,건강·의료 중 '의료'를 판매·제공하는 매장,01b5432d-9420-483d-8da1-210127e3bb61,다사랑패밀리의원,내과 이비인후과 소아과,다사역 골목형상점가,골목형상점가,대구광역시,3.0,3.0,,,RESOLVED_AGREEMENT,False,3,,,,
f4caeb8528b645bbf63e,test,의료,T6 기계변형,q_의료_09,의요,건강·의료 중 '의료'를 판매·제공하는 매장,067cdb1a-af4f-412e-b249-18ba9cde846b,반석내과영상의학과의원,내과 영상의학과,반석동 골목형상점가,골목형상점가,대전광역시,3.0,3.0,,,RESOLVED_AGREEMENT,False,3,,,,
9f62f77f2961e474f2d1,test,의료,T6 기계변형,q_의료_09,의요,건강·의료 중 '의료'를 판매·제공하는 매장,997ceaae-c15f-44de-adfa-0334bcd0cff7,마음고요,요가,선유로운골목형상점가,골목형상점가,서울특별시,0.0,0.0,,,RESOLVED_AGREEMENT,False,0,,,,
ce2306f11eb407c67714,test,의료,T6 기계변형,q_의료_09,의요,건강·의료 중 '의료'를 판매·제공하는 매장,00523307-cc4c-4b0c-8b2f-176ca7450d24,오름한의원,한의원,아차산등산로골목형상점가,골목형상점가,서울특별시,3.0,3.0,,,RESOLVED_AGREEMENT,False,3,,,,
727318d6e9f526f7712e,test,의료,T6 기계변형,q_의료_09,의요,건강·의료 중 '의료'를 판매·제공하는 매장,31ea3556-c10d-495c-bbb0-9840dfbbc0b2,세종복지용구,의요기기,도담동 골목형상점가,골목형상점가,세종특별자치시,0.0,0.0,,,RESOLVED_AGREEMENT,False,0,,,,
09916fd4a634edc6c72d,test,의료,T6 기계변형,q_의료_09,의요,건강·의료 중 '의료'를 판매·제공하는 매장,00538958-226f-4338-8542-1fd9df6996d4,새현대치과,의료,매곡 가인 골목형상점가,골목형상점가,광주광역시,3.0,3.0,,,RESOLVED_AGREEMENT,False,3,,,,
44c5f2376f88ec5ae99a,test,의료,T6 기계변형,q_의료_09,의요,건강·의료 중 '의료'를 판매·제공하는 매장,4aea8761-32be-46fa-9705-a07e1182adae,헤어 salon 0320,미용,부산대자율상권구역,기타,부산광역시,0.0,0.0,,,RESOLVED_AGREEMENT,False,0,,,,
a0ed0087ccd2596ba234,test,의료,T6 기계변형,q_의료_09,의요,건강·의료 중 '의료'를 판매·제공하는 매장,00192f22-a492-4ba5-a62d-65bf0d0ec7b9,큰물한의원,한의원,전주서곡 골목형상점가,골목형상점가,전북특별자치도,3.0,3.0,,,RESOLVED_AGREEMENT,False,3,,,,
256807404331e0d8f313,test,의료,T6 기계변형,q_의료_09,의요,건강·의료 중 '의료'를 판매·제공하는 매장,ee9b8065-7028-4b9d-89a6-d998afd4c713,길상요,도자기,예스파크 상점가,자율상권구역,경기도,0.0,0.0,,,RESOLVED_AGREEMENT,False,0,,,,
b04da782608d85527ae7,test,의료,T6 기계변형,q_의료_09,의요,건강·의료 중 '의료'를 판매·제공하는 매장,00427918-a4b0-485e-ab42-62ebce752f92,유디해운대치과의원,의료,영풍리젠시 골목형상점가,골목형상점가,부산광역시,3.0,3.0,,,RESOLVED_AGREEMENT,False,3,,,,
678f11ee193ed33981ed,test,의료,T6 기계변형,q_의료_09,의요,건강·의료 중 '의료'를 판매·제공하는 매장,5e8047ea-4879-4f80-bd71-351dfa01f818,피부봐요,피부관리,문흥라인아파트 골목형상점가,골목형상점가,광주광역시,0.0,0.0,,,RESOLVED_AGREEMENT,False,0,,,,
890f1a88572ca2fc8406,test,의료,T6 기계변형,q_의료_09,의요,건강·의료 중 '의료'를 판매·제공하는 매장,c0da1e35-fb9a-4217-ac91-ee53ac61854c,네일해요,네일,수완이지더원 골목형상점가,골목형상점가,광주광역시,0.0,0.0,,,RESOLVED_AGREEMENT,False,0,,,,
2736428a6ba6d4728038,test,의료,T6 기계변형,q_의료_09,의요,건강·의료 중 '의료'를 판매·제공하는 매장,32743d95-ea47-472a-8868-042721eba953,아히요,의류,제일평화시장,전통시장,서울특별시,0.0,0.0,,,RESOLVED_AGREEMENT,False,0,,,,
c7638b4b66604067e2de,test,의료,T6 기계변형,q_의료_09,의요,건강·의료 중 '의료'를 판매·제공하는 매장,030d2cd2-d4d8-4ee8-bd1e-b3a1e71138d1,상문동물병원,동물병원,거제 상동 골목형상점가,골목형상점가,경상남도,3.0,3.0,,,RESOLVED_AGREEMENT,False,3,,,,
502c0cc0fd1cfaae3084,test,의료,T6 기계변형,q_의료_09,의요,건강·의료 중 '의료'를 판매·제공하는 매장,7329ce4f-0142-4309-943b-1ae5c13df4b6,돼지만팔아요,축산물,제일시장,전통시장,인천광역시,0.0,0.0,,,RESOLVED_AGREEMENT,False,0,,,,
8c7d7d31c9f96d21e2dc,test,의료,T6 기계변형,q_의료_09,의요,건강·의료 중 '의료'를 판매·제공하는 매장,b3dcd592-0515-4071-9e1b-b85e643b7309,가장맛있는족발 증산점,족발,양산 나래메트로시티 골목형상점가,골목형상점가,경상남도,0.0,0.0,,,RESOLVED_AGREEMENT,False,0,,,,
1bd386991d4a69bc53b5,test,의료,T6 기계변형,q_의료_09,의요,건강·의료 중 '의료'를 판매·제공하는 매장,0040b4e6-7b74-4175-b54d-add4fe693d49,메디팜보명당약국,"의약품, 의료욕구, 복지욕구, 의료기기",점촌역전상점가,자율상권구역,경상북도,3.0,3.0,,,RESOLVED_AGREEMENT,False,3,,,,
2a8165187073b79a9a67,test,의료,T6 기계변형,q_의료_09,의요,건강·의료 중 '의료'를 판매·제공하는 매장,f6e4f6a6-d21c-449f-9b44-1bdc2152af40,헤어두갓,미요,이도패션거리 골목형상점가,골목형상점가,제주특별자치도,0.0,0.0,,,RESOLVED_AGREEMENT,False,0,,,,
052d55f638d845e205b9,test,의료,T6 기계변형,q_의료_09,의요,건강·의료 중 '의료'를 판매·제공하는 매장,fb013cd3-b96a-4e31-9b31-2540f7342e09,마요,의류,마륵동상인회 골목형상점가,골목형상점가,광주광역시,0.0,0.0,,,RESOLVED_AGREEMENT,False,0,,,,
27a6b4cd1787730c2ea8,test,의료,T6 기계변형,q_의료_09,의요,건강·의료 중 '의료'를 판매·제공하는 매장,c74048a2-ac90-4661-80af-f618fc6ea0ac,동광요,도자기,사기막골도자기시장(구 사기막골도예촌재래시장),전통시장,경기도,0.0,0.0,,,RESOLVED_AGREEMENT,False,0,,,,
92ac78f83fac0067c70c,test,의료,T6 기계변형,q_의료_09,의요,건강·의료 중 '의료'를 판매·제공하는 매장,ee7463c8-033a-48fa-aa0d-cae796ad6707,마카와요,백반,아라리길골목형상점가,골목형상점가,강원특별자치도,0.0,0.0,,,RESOLVED_AGREEMENT,False,0,,,,
32f594c283b3a9403754,test,의료,T6 기계변형,q_의료_09,의요,건강·의료 중 '의료'를 판매·제공하는 매장,036ef24a-2d53-4dd1-9bbd-6d0c2a81dd24,바른동물병원,수의 동물병원,송도랜드마크시티 센트럴더샵 골목형상점가,골목형상점가,인천광역시,3.0,3.0,,,RESOLVED_AGREEMENT,False,3,,,,
420eb435c6075c541719,test,의료,T6 기계변형,q_의료_09,의요,건강·의료 중 '의료'를 판매·제공하는 매장,0523ac8a-ccc1-4de0-8cbe-3505b597174b,새우새요,새우,도남시장,전통시장,제주특별자치도,0.0,0.0,,,RESOLVED_AGREEMENT,False,0,,,,
cad3e6b4c747520b71ce,test,의료,T6 기계변형,q_의료_09,의요,건강·의료 중 '의료'를 판매·제공하는 매장,86cd4f32-2ed6-4d99-ac18-d0a1c5c7fe32,개인의취향,의류,창원 성원그랜드쇼핑상가,전통시장,경상남도,0.0,0.0,,,RESOLVED_AGREEMENT,False,0,,,,
59d11afd4d0c119d8932,test,의료,T6 기계변형,q_의료_09,의요,건강·의료 중 '의료'를 판매·제공하는 매장,00fdab59-58f8-4c63-8765-30cb59a78156,도안프라임치과의원,치과진료,목원대 골목형상점가,골목형상점가,대전광역시,3.0,3.0,,,RESOLVED_AGREEMENT,False,3,,,,
1378cfd87ec1b25f470e,test,의료,T6 기계변형,q_의료_09,의요,건강·의료 중 '의료'를 판매·제공하는 매장,a8de5b3f-eb02-4c8a-866b-6797fd8e11f8,이유를 묻지마세요,의류,동송전통시장,전통시장,강원특별자치도,0.0,0.0,,,RESOLVED_AGREEMENT,False,0,,,,
eb47d8815faa734112bd,test,의료,T6 기계변형,q_의료_09,의요,건강·의료 중 '의료'를 판매·제공하는 매장,d538e13b-94b1-4216-b6ce-d3992d3f01e6,카요카요,악세사리 및 잡화,연서시장,전통시장,서울특별시,0.0,0.0,,,RESOLVED_AGREEMENT,False,0,,,,
054cac1190522c55a456,test,의료,T6 기계변형,q_의료_09,의요,건강·의료 중 '의료'를 판매·제공하는 매장,f31b378a-86a6-4daa-91a1-a0660a5fa1ca,로원요,도자기,예스파크 상점가,자율상권구역,경기도,0.0,0.0,,,RESOLVED_AGREEMENT,False,0,,,,
63e5ed243b1f1275c058,test,의료,T6 기계변형,q_의료_09,의요,건강·의료 중 '의료'를 판매·제공하는 매장,e2d0818f-7599-4139-a4fd-56dda83f57dd,반찬없음밥못먹어요,반찬,부사시장,전통시장,대전광역시,0.0,0.0,,,RESOLVED_AGREEMENT,False,0,,,,
7214448dd7844a0b17fb,test,의료,T6 기계변형,q_의료_09,의요,건강·의료 중 '의료'를 판매·제공하는 매장,01e01dc9-a690-442d-a992-0716da4fc86a,소나무한의원,한의진료서비스,수완하나로 골목형상점가,골목형상점가,광주광역시,3.0,3.0,,,RESOLVED_AGREEMENT,False,3,,,,
5003dd131daa4a07b6d4,test,의료,T6 기계변형,q_의료_09,의요,건강·의료 중 '의료'를 판매·제공하는 매장,005f6f1a-ae3e-47a8-9298-8c7cae082531,삼선의원,일반의원,광복마을3-4길 골목형상점가,골목형상점가,광주광역시,3.0,3.0,,,RESOLVED_AGREEMENT,False,3,,,,
f5e38d07d6a5fce6e374,test,의료,T6 기계변형,q_의료_09,의요,건강·의료 중 '의료'를 판매·제공하는 매장,013526b7-d35c-404e-93d1-3a112d8de0c6,아이생각소아청소년과의원,진료비,신용동 골목형상점가,골목형상점가,광주광역시,3.0,3.0,,,RESOLVED_AGREEMENT,False,3,,,,
878ec5d714e35986ebdd,test,의료,T6 기계변형,q_의료_09,의요,건강·의료 중 '의료'를 판매·제공하는 매장,77da1942-045d-433b-b18d-fef854c8eff1,소요,공예,엄사 골목형상점가,골목형상점가,충청남도,0.0,0.0,,,RESOLVED_AGREEMENT,False,0,,,,
3bddb51f1aa95ee075bd,test,의료,T6 기계변형,q_의료_09,의요,건강·의료 중 '의료'를 판매·제공하는 매장,839c778d-81cc-4f4a-815f-1f19a491d20c,얼마예요 수산,어패류활어,군산수산물종합센터,전통시장,전북특별자치도,0.0,0.0,,,RESOLVED_AGREEMENT,False,0,,,,
7c87f07f7579c5aa9322,test,의료,T6 기계변형,q_의료_09,의요,건강·의료 중 '의료'를 판매·제공하는 매장,0056dcd4-0ac0-4535-9ee5-c8fd19d8ff14,중화한의원,한의원,보령한내시장,전통시장,충청남도,3.0,3.0,,,RESOLVED_AGREEMENT,False,3,,,,
07d46c4210af654f3e26,test,의료,T6 기계변형,q_의료_09,의요,건강·의료 중 '의료'를 판매·제공하는 매장,828d32da-51ed-4977-a02c-e63d4a6d4dda,봉강요,도자기,백년소상공인,기타,전북특별자치도,0.0,0.0,,,RESOLVED_AGREEMENT,False,0,,,,
4260404a202d22ab4d96,test,의료,T6 기계변형,q_의료_09,의요,건강·의료 중 '의료'를 판매·제공하는 매장,01685422-fc8d-4a6e-b5c2-369795abfa6c,또맛나요,분식,더불어용두 골목형상점가,골목형상점가,광주광역시,0.0,0.0,,,RESOLVED_AGREEMENT,False,0,,,,
f5f30d6dda01887e47e0,test,의료,T6 기계변형,q_의료_09,의요,건강·의료 중 '의료'를 판매·제공하는 매장,b1cbba1e-053b-4504-802a-7cbab4ce3022,네일봐요,피부미용,문흥1동 골목형상점가,골목형상점가,광주광역시,0.0,0.0,,,RESOLVED_AGREEMENT,False,0,,,,
1a2c6d8f1a8cce6b67cd,test,의료,T6 기계변형,q_의료_09,의요,건강·의료 중 '의료'를 판매·제공하는 매장,2bc3c3b5-9d10-4bd8-9ecf-b6f7a9eeb84d,땡기요,한식,송내영화의거리 골목형상점가,골목형상점가,경기도,0.0,0.0,,,RESOLVED_AGREEMENT,False,0,,,,
d6fedc2ab3163b6ea9b0,test,의료,T6 기계변형,q_의료_09,의요,건강·의료 중 '의료'를 판매·제공하는 매장,0286c595-5d7f-49db-876a-6959d52a7d39,서울더원플러스치과,치과진료,남성역 골목시장,전통시장,서울특별시,3.0,3.0,,,RESOLVED_AGREEMENT,False,3,,,,
f96f037dcd9ab830ee62,test,의료,T6 기계변형,q_의료_09,의요,건강·의료 중 '의료'를 판매·제공하는 매장,0006edf8-62da-4c5d-8bed-80e32a855936,e-바른치과의원,병원,금화로상인회 골목형상점가,골목형상점가,광주광역시,3.0,3.0,,,RESOLVED_AGREEMENT,False,3,,,,
be411bb5d9e8a8f02b4a,test,의료,T6 기계변형,q_의료_09,의요,건강·의료 중 '의료'를 판매·제공하는 매장,ea78f1de-a7c1-4edf-9683-b63a9d62f035,다인요,,사기막골도자기시장(구 사기막골도예촌재래시장),전통시장,경기도,,0.0,Y,,P0_UNCERTAIN_OR_MISSING,True,,,,,
1ddbe6c7d2a23d150778,test,의료,T6 기계변형,q_의료_09,의요,건강·의료 중 '의료'를 판매·제공하는 매장,5009e119-56b3-48b6-9bce-9e522bd35353,꽃길만 걸어요,커피,강진마량 횟집거리 상점가,골목형상점가,전라남도,0.0,0.0,,,RESOLVED_AGREEMENT,False,0,,,,
c1ef102f3051f2127c8f,test,의료,T6 기계변형,q_의료_09,의요,건강·의료 중 '의료'를 판매·제공하는 매장,072ed95f-4c7c-4962-bdca-87c8558de161,한신내과,내과,여의동 골목형상점가,골목형상점가,전북특별자치도,3.0,3.0,,,RESOLVED_AGREEMENT,False,3,,,,
e62b864dd4da46b48932,test,의료,T6 기계변형,q_의료_09,의요,건강·의료 중 '의료'를 판매·제공하는 매장,5f507a6b-19e7-4417-9d43-4f2983e572f8,스시타이요,일식,삼정코아 골목형상점가,골목형상점가,부산광역시,0.0,0.0,,,RESOLVED_AGREEMENT,False,0,,,,
40b62d95ab1917d1362f,test,의료,T6 기계변형,q_의료_09,의요,건강·의료 중 '의료'를 판매·제공하는 매장,01225d66-8811-407d-9bce-43e4dbb97e1c,조일한의원,한의원 진료 서비스,칠성상가시장,전통시장,대구광역시,3.0,3.0,,,RESOLVED_AGREEMENT,False,3,,,,
6c298b3cfc6964897944,test,의료,T6 기계변형,q_의료_09,의요,건강·의료 중 '의료'를 판매·제공하는 매장,3edf3502-6946-4812-9c22-6549c9416308,맛나요 식당,,논산화지중앙시장,전통시장,충청남도,,0.0,Y,,P0_UNCERTAIN_OR_MISSING,True,,,,,
9645bd607fd2bb15096d,test,의료,T6 기계변형,q_의료_09,의요,건강·의료 중 '의료'를 판매·제공하는 매장,056051e6-c0e1-4402-b967-242217ff89ba,임명수 내과,내과,일곡동 골목형상점가,골목형상점가,광주광역시,3.0,3.0,,,RESOLVED_AGREEMENT,False,3,,,,
dd5353f17a65e3691bcc,test,의료,T6 기계변형,q_의료_09,의요,건강·의료 중 '의료'를 판매·제공하는 매장,060aae68-f578-4c60-9b94-38f3e3b9c9b6,회는 여기요,,경창시장,전통시장,서울특별시,0.0,0.0,,,RESOLVED_AGREEMENT,False,0,,,,
54425f47bc7821306507,test,의료,T6 기계변형,q_의료_09,의요,건강·의료 중 '의료'를 판매·제공하는 매장,82dbdd0b-9e78-4db0-a532-bfbb82f72423,풍요,한식,통진시장,전통시장,경기도,0.0,0.0,,,RESOLVED_AGREEMENT,False,0,,,,
d74025319fb47dc254ec,test,의료,T6 기계변형,q_의료_09,의요,건강·의료 중 '의료'를 판매·제공하는 매장,38e33203-4da1-4300-b215-9fb238fe520d,풍요,장어덮밥,첨단강변로 골목형상점가,골목형상점가,광주광역시,0.0,0.0,,,RESOLVED_AGREEMENT,False,0,,,,
a2036c936543f957dec2,test,의료,T6 기계변형,q_의료_09,의요,건강·의료 중 '의료'를 판매·제공하는 매장,81e51282-8b39-4a71-9f11-208a6e2b558b,서요,음식,인동로데오상가,골목형상점가,경상북도,0.0,0.0,,,RESOLVED_AGREEMENT,False,0,,,,
ec6906a51032a8c96a34,test,의료,T6 기계변형,q_의료_09,의요,건강·의료 중 '의료'를 판매·제공하는 매장,47caaa7f-bdd7-4695-8dd1-f465f4cd57bb,카페지요,카페,광천동상인회 골목형상점가,골목형상점가,광주광역시,0.0,0.0,,,RESOLVED_AGREEMENT,False,0,,,,
635c5c47a7f3c3264c43,test,의료,T6 기계변형,q_의료_09,의요,건강·의료 중 '의료'를 판매·제공하는 매장,d9b4e06a-52ef-4a0b-9e0d-759661e238bb,귀단요 성탄송운,도자기,백년소상공인,기타,경상북도,0.0,0.0,,,RESOLVED_AGREEMENT,False,0,,,,
709ee600c368a5e3700c,test,의료,T6 기계변형,q_의료_09,의요,건강·의료 중 '의료'를 판매·제공하는 매장,3302ddeb-8963-4724-800d-adf459e10ab3,요기김밥있어요,,잠실 장미종합상가 골목형상점가,골목형상점가,서울특별시,0.0,0.0,,,RESOLVED_AGREEMENT,False,0,,,,
7fa75371683867d3751e,test,의료,T6 기계변형,q_의료_09,의요,건강·의료 중 '의료'를 판매·제공하는 매장,012ea1f6-bb18-4f60-811e-1858d1f8fb85,서울삼성내과,병원,장자호수공원 골목형상점가,골목형상점가,경기도,3.0,3.0,,,RESOLVED_AGREEMENT,False,3,,,,
8cae79fbfce940ecf0ad,test,의료,T6 기계변형,q_의료_09,의요,건강·의료 중 '의료'를 판매·제공하는 매장,8c6fa82f-0d35-4dd8-a9a2-5c4afaecbc15,엘린의요가,요가 수업 지도,보정중심 골목형상점가,골목형상점가,경기도,0.0,0.0,,,RESOLVED_AGREEMENT,False,0,,,,
7c12d2432d2f2cf8e88d,test,의료,T6 기계변형,q_의료_09,의요,건강·의료 중 '의료'를 판매·제공하는 매장,b939783d-254b-4a3a-93f1-774e732410b0,태원요,도자기,예스파크 상점가,자율상권구역,경기도,0.0,0.0,,,RESOLVED_AGREEMENT,False,0,,,,
8727c1085d3a7447e78c,test,의료,T6 기계변형,q_의료_09,의요,건강·의료 중 '의료'를 판매·제공하는 매장,549fc167-03fa-4092-850e-24da4c53081a,카페요,커피,금메달 양산택지로 골목형상점가,골목형상점가,광주광역시,0.0,0.0,,,RESOLVED_AGREEMENT,False,0,,,,
e91f2a3021cfaae9666b,test,의료,T6 기계변형,q_의료_09,의요,건강·의료 중 '의료'를 판매·제공하는 매장,f24166f6-8534-4660-a356-9f35ddb40555,꼬끼요&고기요,전기구이바베큐,수유중앙골목시장골목형상점가,골목형상점가,서울특별시,0.0,0.0,,,RESOLVED_AGREEMENT,False,0,,,,
4420c536b47ff62d1dea,test,의료,T6 기계변형,q_의료_09,의요,건강·의료 중 '의료'를 판매·제공하는 매장,8714981f-6829-4c35-a952-693f8bd095e8,고기요,축산물,자양전통시장,전통시장,서울특별시,0.0,0.0,,,RESOLVED_AGREEMENT,False,0,,,,
0949400a7b7c248f0828,test,의료,T6 기계변형,q_의료_09,의요,건강·의료 중 '의료'를 판매·제공하는 매장,054d77ec-b17b-4ed9-9322-6f9060ce3d53,현소아청소년과의원,소아과 내과,일곡동 골목형상점가,골목형상점가,광주광역시,3.0,3.0,,,RESOLVED_AGREEMENT,False,3,,,,
1d234999e78e06a164f7,test,인쇄,T5 서비스,q_인쇄_01,명함 인쇄,생활서비스 중 '인쇄'를 판매·제공하는 매장,dfd96552-c029-4af6-9a92-1fb36ba4c6a1,한전복사.인쇄,"인쇄, 복사",청주북부시장,전통시장,충청북도,3.0,3.0,,,RESOLVED_AGREEMENT,False,3,,,,
4161fe56d9ce8bf27d56,test,인쇄,T5 서비스,q_인쇄_01,명함 인쇄,생활서비스 중 '인쇄'를 판매·제공하는 매장,828ae380-d5f2-472a-99ea-4a98d190bca9,산돌기획시스템,간판광고 명함 인쇄 현수막,봉평전통시장,전통시장,강원특별자치도,3.0,3.0,,,RESOLVED_AGREEMENT,False,3,,,,
d97ced4c732c55357f83,test,인쇄,T5 서비스,q_인쇄_01,명함 인쇄,생활서비스 중 '인쇄'를 판매·제공하는 매장,ef87578d-e4ef-44ab-8ee6-3ae6b2386be1,나무의 꿈,인쇄,중앙로 지하상가 상점가,일반지하상점가,대전광역시,3.0,3.0,,,RESOLVED_AGREEMENT,False,3,,,,
97c2ab0004cf48cb6913,test,인쇄,T5 서비스,q_인쇄_01,명함 인쇄,생활서비스 중 '인쇄'를 판매·제공하는 매장,1c6fb412-0de2-40d8-9d18-8465b8ea080c,넷티스,인쇄,산본로데오거리(구 산본중심상가),자율상권구역,경기도,3.0,3.0,,,RESOLVED_AGREEMENT,False,3,,,,
f3c73efba0261c8bfa5d,test,인쇄,T5 서비스,q_인쇄_01,명함 인쇄,생활서비스 중 '인쇄'를 판매·제공하는 매장,afa9d979-24f3-43c7-8074-5cf3d09727eb,"아주인쇄, 복사","문구, 인쇄",아주대 대학로 골목형상점가,골목형상점가,경기도,3.0,3.0,,,RESOLVED_AGREEMENT,False,3,,,,
126b86b4d0425ec5e39b,test,인쇄,T5 서비스,q_인쇄_01,명함 인쇄,생활서비스 중 '인쇄'를 판매·제공하는 매장,31cd0d8d-8570-4e3b-8197-f9eb48082853,Y2K(명함여행),인쇄,을지로지하보도쇼핑센터,일반지하상점가,서울특별시,3.0,3.0,,,RESOLVED_AGREEMENT,False,3,,,,
e6e94e5c074b7905f932,test,인쇄,T5 서비스,q_인쇄_01,명함 인쇄,생활서비스 중 '인쇄'를 판매·제공하는 매장,25b02c86-5900-402b-9915-b1d7a85aad05,명인인쇄광고,인쇄,백년소상공인,기타,광주광역시,3.0,3.0,,,RESOLVED_AGREEMENT,False,3,,,,
340d6861677f7f379ba1,test,인쇄,T5 서비스,q_인쇄_01,명함 인쇄,생활서비스 중 '인쇄'를 판매·제공하는 매장,88b08b69-cfec-4fa5-8954-1b90698cd622,수덕인쇄사,인쇄,백년소상공인,기타,충청북도,3.0,3.0,,,RESOLVED_AGREEMENT,False,3,,,,
40a97b70ef72b21447a4,test,인쇄,T5 서비스,q_인쇄_01,명함 인쇄,생활서비스 중 '인쇄'를 판매·제공하는 매장,9076617f-acd1-474b-80cd-65ad18df63d1,아담인쇄,인쇄,광주인쇄거리 골목형상점가,골목형상점가,광주광역시,3.0,3.0,,,RESOLVED_AGREEMENT,False,3,,,,
caf0ba7cd6382a44c053,test,인쇄,T5 서비스,q_인쇄_01,명함 인쇄,생활서비스 중 '인쇄'를 판매·제공하는 매장,83eb2dad-48be-4531-a8ba-826ed7b20cfb,정기획,인쇄,어은누리 골목형상점가,골목형상점가,대전광역시,3.0,3.0,,,RESOLVED_AGREEMENT,False,3,,,,
0bc512344fdacca0553a,test,인쇄,T5 서비스,q_인쇄_01,명함 인쇄,생활서비스 중 '인쇄'를 판매·제공하는 매장,b7dc71c2-cdbb-44d2-ba56-9e9ee7c613ee,광명레이블,인쇄,방산종합시장,전통시장,서울특별시,3.0,3.0,,,RESOLVED_AGREEMENT,False,3,,,,
f716712b40ec90debf9d,test,인쇄,T5 서비스,q_인쇄_01,명함 인쇄,생활서비스 중 '인쇄'를 판매·제공하는 매장,31833941-fb40-455b-8f5e-7428a41b2e2c,중고폰매입판매 소녀폰 포항점,중고휴대폰 외,포항중앙상가,전통시장,경상북도,0.0,0.0,,,RESOLVED_AGREEMENT,False,0,,,,
26120fabb6359f394aeb,test,인쇄,T5 서비스,q_인쇄_01,명함 인쇄,생활서비스 중 '인쇄'를 판매·제공하는 매장,8daf2087-a8ee-48b3-9403-c6662a6a90e0,충청종합인쇄,옵셋 인쇄,백년소상공인,기타,대전광역시,3.0,3.0,,,RESOLVED_AGREEMENT,False,3,,,,
30fd89c1e5b5cfe64381,test,인쇄,T5 서비스,q_인쇄_01,명함 인쇄,생활서비스 중 '인쇄'를 판매·제공하는 매장,bb700e92-c9ae-408d-ae15-6d93a6ae76c9,정문당,"명함, 인장",청주중앙시장,전통시장,충청북도,3.0,3.0,,,RESOLVED_AGREEMENT,False,3,,,,
89347da6049796c18b91,test,인쇄,T5 서비스,q_인쇄_01,명함 인쇄,생활서비스 중 '인쇄'를 판매·제공하는 매장,22edce0e-dc93-487b-ac99-ef1f68822bd6,그린애드,인쇄,구리역골목형상점가,골목형상점가,경기도,3.0,3.0,,,RESOLVED_AGREEMENT,False,3,,,,
132decc15dd224ce7f47,test,인쇄,T5 서비스,q_인쇄_01,명함 인쇄,생활서비스 중 '인쇄'를 판매·제공하는 매장,036bd4c0-772b-4e73-9bad-f87f54783c77,상록수 서점문구,"서적, 문구",양주신산시장마을상점가,골목형상점가,경기도,1.0,2.0,,,P1_BINARY_THRESHOLD,True,,,,,
b6e042b71428a6266712,test,인쇄,T5 서비스,q_인쇄_01,명함 인쇄,생활서비스 중 '인쇄'를 판매·제공하는 매장,a7d17ff3-2319-4e39-85da-740f055179e4,성원인쇄,"제조(도장,명함,인쇄프린트)",안양중앙인정시장,전통시장,경기도,3.0,3.0,,,RESOLVED_AGREEMENT,False,3,,,,
ab02d719e7ee2442d263,test,인쇄,T5 서비스,q_인쇄_01,명함 인쇄,생활서비스 중 '인쇄'를 판매·제공하는 매장,bcc0c0e2-c32f-4a66-bb7a-0c3abf7a5ede,두란노,인쇄,오월첫동네 골목형상점가,골목형상점가,광주광역시,3.0,3.0,,,RESOLVED_AGREEMENT,False,3,,,,
ab1b9044c094b1223e8f,test,인쇄,T5 서비스,q_인쇄_01,명함 인쇄,생활서비스 중 '인쇄'를 판매·제공하는 매장,6338306b-d32f-4d09-9cbe-f8fa2dfe7935,베낌터,복사 인쇄,전북대대학로상점가,자율상권구역,전북특별자치도,3.0,3.0,,,RESOLVED_AGREEMENT,False,3,,,,
de3998b57f87ac37f5d1,test,인쇄,T5 서비스,q_인쇄_01,명함 인쇄,생활서비스 중 '인쇄'를 판매·제공하는 매장,0116d1e6-1e97-4150-b153-e21e3c62cef4,샘솟네완구,문구,양평물맑은시장,전통시장,경기도,1.0,2.0,,,P1_BINARY_THRESHOLD,True,,,,,
7675b789936a7d1b3b7f,test,인쇄,T5 서비스,q_인쇄_01,명함 인쇄,생활서비스 중 '인쇄'를 판매·제공하는 매장,d679ef9a-96e8-47c5-83c0-6bbadd119d83,반석인쇄,인쇄,울산산업공구월드,전통시장,울산광역시,3.0,3.0,,,RESOLVED_AGREEMENT,False,3,,,,
ee5d1fbd52c9e45de7a5,test,인쇄,T5 서비스,q_인쇄_01,명함 인쇄,생활서비스 중 '인쇄'를 판매·제공하는 매장,c53491af-600a-4142-8f85-a7509621f936,창원인쇄마트,인쇄,창원 상남시장,전통시장,경상남도,3.0,3.0,,,RESOLVED_AGREEMENT,False,3,,,,
32a5a0dd2c987596c21b,test,인쇄,T5 서비스,q_인쇄_01,명함 인쇄,생활서비스 중 '인쇄'를 판매·제공하는 매장,778fc2b9-0e1f-43ea-bde3-59c694e49f45,성신당,"인쇄, 명함, 복사, 도장",남천동로108번길 골목형상점가,골목형상점가,부산광역시,3.0,3.0,,,RESOLVED_AGREEMENT,False,3,,,,
6595a16e4355b325cd50,test,인쇄,T5 서비스,q_인쇄_01,명함 인쇄,생활서비스 중 '인쇄'를 판매·제공하는 매장,8164e421-b33a-43ac-a188-3c1ee5b3fe37,한샘문구,인쇄,서광주세무서앞상인회 골목형상점가,골목형상점가,광주광역시,3.0,3.0,,,RESOLVED_AGREEMENT,False,3,,,,
cbf5534fc8dcb0939b52,test,인쇄,T5 서비스,q_인쇄_01,명함 인쇄,생활서비스 중 '인쇄'를 판매·제공하는 매장,4da1d8e7-02e2-43fb-b5b4-13f464ceeaf1,신라기획,인쇄,제기동 고대앞마을 골목형상점가,골목형상점가,서울특별시,3.0,3.0,,,RESOLVED_AGREEMENT,False,3,,,,
25df9b785625e69fe794,test,인쇄,T5 서비스,q_인쇄_01,명함 인쇄,생활서비스 중 '인쇄'를 판매·제공하는 매장,31bdabcb-d596-4598-b295-91ed9a2dd0fb,길인당 인쇄 광고,"도장, 인쇄",백년소상공인,기타,경상북도,3.0,3.0,,,RESOLVED_AGREEMENT,False,3,,,,
0ec0cdc485bd2bf57227,test,인쇄,T5 서비스,q_인쇄_01,명함 인쇄,생활서비스 중 '인쇄'를 판매·제공하는 매장,76e6d916-e240-43be-b362-12c06e0f17fb,프린토피아,"명함, 인쇄",인천산업유통센터,전통시장,인천광역시,3.0,3.0,,,RESOLVED_AGREEMENT,False,3,,,,
2ce4bd56c0b603a72dad,test,인쇄,T5 서비스,q_인쇄_01,명함 인쇄,생활서비스 중 '인쇄'를 판매·제공하는 매장,5ea8e4c0-aa1f-49a2-9114-956213e7ba9a,정화기획,인쇄,해운대 화목쇼핑타운 골목형 상점가,골목형상점가,부산광역시,3.0,3.0,,,RESOLVED_AGREEMENT,False,3,,,,
ecf61361a64bdb8ffdb0,test,인쇄,T5 서비스,q_인쇄_01,명함 인쇄,생활서비스 중 '인쇄'를 판매·제공하는 매장,022101db-07cf-4546-b3cf-183a54f16b56,삼양마크사,"문구, 잡화",충장로45가 상점가,자율상권구역,광주광역시,1.0,2.0,,,P1_BINARY_THRESHOLD,True,,,,,
294e951b39f25fa1b493,test,인쇄,T5 서비스,q_인쇄_01,명함 인쇄,생활서비스 중 '인쇄'를 판매·제공하는 매장,ca60bf15-b7d9-4256-99b8-f623bb16cb40,토탈프린트,명함 현수막 실사 스티커 카탈로그 복사 인쇄,백년소상공인,기타,광주광역시,3.0,3.0,,,RESOLVED_AGREEMENT,False,3,,,,
6dba2a73727ab1c22d45,test,인쇄,T5 서비스,q_인쇄_01,명함 인쇄,생활서비스 중 '인쇄'를 판매·제공하는 매장,765cde39-2f0e-4bf7-970d-b76d7bddc432,보경기획인쇄,인쇄 복사 문구,경산중앙로상점가,자율상권구역,경상북도,3.0,3.0,,,RESOLVED_AGREEMENT,False,3,,,,
97444f5b4e1f73115572,test,인쇄,T5 서비스,q_인쇄_01,명함 인쇄,생활서비스 중 '인쇄'를 판매·제공하는 매장,4f62a05d-4f97-43dd-b23d-2eea45c039d8,맘모스인쇄,"인쇄, 복사",맘모스상가 골목형상점가,골목형상점가,부산광역시,3.0,3.0,,,RESOLVED_AGREEMENT,False,3,,,,
d658410502f5c56034ac,test,인쇄,T5 서비스,q_인쇄_01,명함 인쇄,생활서비스 중 '인쇄'를 판매·제공하는 매장,e2cb45e2-dd82-4729-a1ee-e8ab0326604c,명함랜드,인쇄,을지로지하보도쇼핑센터,일반지하상점가,서울특별시,3.0,3.0,,,RESOLVED_AGREEMENT,False,3,,,,
1b2faee1ae22ee316519,test,인쇄,T5 서비스,q_인쇄_01,명함 인쇄,생활서비스 중 '인쇄'를 판매·제공하는 매장,260909d4-fe7f-40eb-8ffe-cb3cde098c89,디앤텍,인쇄,을지로지하보도쇼핑센터,일반지하상점가,서울특별시,3.0,3.0,,,RESOLVED_AGREEMENT,False,3,,,,
1ff6234b0846166c2181,test,인쇄,T5 서비스,q_인쇄_01,명함 인쇄,생활서비스 중 '인쇄'를 판매·제공하는 매장,10632c40-7a1d-45b8-b497-b9f29b096407,현씰크인쇄,상업인쇄,시화유통상가,전통시장,경기도,3.0,3.0,,,RESOLVED_AGREEMENT,False,3,,,,
f1d45e47d970a4d672c6,test,인쇄,T5 서비스,q_인쇄_01,명함 인쇄,생활서비스 중 '인쇄'를 판매·제공하는 매장,304f3f99-9775-450d-8793-5769f691ae53,테일러 금창,양복제조,백년소상공인,기타,부산광역시,0.0,0.0,,,RESOLVED_AGREEMENT,False,0,,,,
744b3ef2de863ef78a37,test,인쇄,T5 서비스,q_인쇄_01,명함 인쇄,생활서비스 중 '인쇄'를 판매·제공하는 매장,d0fea35b-e2eb-4572-b18f-1fef9b0316f8,동신인쇄소,"인쇄, 명함",북동 골목형상점가,골목형상점가,광주광역시,3.0,3.0,,,RESOLVED_AGREEMENT,False,3,,,,
71766fd9aef48897cc71,test,인쇄,T5 서비스,q_인쇄_01,명함 인쇄,생활서비스 중 '인쇄'를 판매·제공하는 매장,6ce8c363-0c12-40b2-ab66-7ae18ed068f0,광주인쇄출판,명함,화삼골상인회 골목형상점가,골목형상점가,광주광역시,3.0,3.0,,,RESOLVED_AGREEMENT,False,3,,,,
b5120b0eb91f179709cc,test,인쇄,T5 서비스,q_인쇄_01,명함 인쇄,생활서비스 중 '인쇄'를 판매·제공하는 매장,aa64c468-aef4-40af-91a0-4c4e1b7c2d56,성문인쇄사,명함,성수역골목형상점가,골목형상점가,서울특별시,3.0,3.0,,,RESOLVED_AGREEMENT,False,3,,,,
d371b62ad3b94bc75107,test,인쇄,T5 서비스,q_인쇄_01,명함 인쇄,생활서비스 중 '인쇄'를 판매·제공하는 매장,f3cc04b0-d3f9-4387-987f-487a7b666e55,제승문화사,인쇄,광주인쇄거리 골목형상점가,골목형상점가,광주광역시,3.0,3.0,,,RESOLVED_AGREEMENT,False,3,,,,
139acda7b47d43298c1f,test,인쇄,T5 서비스,q_인쇄_01,명함 인쇄,생활서비스 중 '인쇄'를 판매·제공하는 매장,a2024dd6-df48-4fa7-b815-810e1e8394a1,써드메이,"파스타, 수제버거",구미인동시장,전통시장,경상북도,0.0,0.0,,,RESOLVED_AGREEMENT,False,0,,,,
01747c7eb7042f77c9fe,test,인쇄,T5 서비스,q_인쇄_01,명함 인쇄,생활서비스 중 '인쇄'를 판매·제공하는 매장,64a7e922-ada8-45e7-9ff3-4be572f77ea9,한겨례,시계 도장 명함,풍향골(제1지역:동신) 골목형상점가,골목형상점가,광주광역시,3.0,3.0,,,RESOLVED_AGREEMENT,False,3,,,,
f9ab3fe15f04e8738cb1,test,인쇄,T5 서비스,q_인쇄_01,명함 인쇄,생활서비스 중 '인쇄'를 판매·제공하는 매장,2e6f4d38-b972-4340-bec3-f2623449aee7,밀크,의류,오산원동상점가,골목형상점가,경기도,0.0,0.0,,,RESOLVED_AGREEMENT,False,0,,,,
8f4d6f06bb57202c8df5,test,인쇄,T5 서비스,q_인쇄_01,명함 인쇄,생활서비스 중 '인쇄'를 판매·제공하는 매장,2baf93f8-5956-422a-b47a-7c65aa7a05f7,지음,인쇄,백서로 골목형상점가,골목형상점가,광주광역시,3.0,3.0,,,RESOLVED_AGREEMENT,False,3,,,,
dc9868151722f9508074,test,인쇄,T5 서비스,q_인쇄_01,명함 인쇄,생활서비스 중 '인쇄'를 판매·제공하는 매장,054debf1-ee2a-49fa-b917-350b085a384d,대광인쇄광고사,명함도장인쇄,문흥1동 골목형상점가,골목형상점가,광주광역시,3.0,3.0,,,RESOLVED_AGREEMENT,False,3,,,,
c1b4f6f07a67fb5ee620,test,인쇄,T5 서비스,q_인쇄_01,명함 인쇄,생활서비스 중 '인쇄'를 판매·제공하는 매장,c93e8a10-f952-4d3f-90c1-b5d22f770a1f,맥스타,인쇄,백년소상공인,기타,광주광역시,3.0,3.0,,,RESOLVED_AGREEMENT,False,3,,,,
74a60aaa9a9936f5a062,test,인쇄,T5 서비스,q_인쇄_01,명함 인쇄,생활서비스 중 '인쇄'를 판매·제공하는 매장,0082c797-13a0-4f77-a6cc-f608ac85460a,펜공주,문구,상계주공15단지상가,기타,서울특별시,1.0,2.0,,,P1_BINARY_THRESHOLD,True,,,,,
25b7b1eb3209ea24f391,test,인쇄,T5 서비스,q_인쇄_01,명함 인쇄,생활서비스 중 '인쇄'를 판매·제공하는 매장,27a77d91-9f78-4bc4-b85c-93d6e826d4af,샘디자인,인쇄,중마동 패션가 골목형상점가,골목형상점가,전라남도,3.0,3.0,,,RESOLVED_AGREEMENT,False,3,,,,
6410f80055bfb2eb5a71,test,인쇄,T5 서비스,q_인쇄_01,명함 인쇄,생활서비스 중 '인쇄'를 판매·제공하는 매장,a36621af-fdfb-41eb-8f3d-76a920215f73,에스피애드,명함 스티커 봉투인쇄,효자촌 골목형상점가,골목형상점가,경기도,3.0,3.0,,,RESOLVED_AGREEMENT,False,3,,,,
e598fbf4bb75cbe7f712,test,인쇄,T5 서비스,q_인쇄_01,명함 인쇄,생활서비스 중 '인쇄'를 판매·제공하는 매장,55dd5d12-e6bc-4ac5-9d39-155c50627e7c,쉬즈미스 홍천점,의류잡화스포츠잡화,신장대리 자율상권구역,,강원특별자치도,0.0,0.0,,,RESOLVED_AGREEMENT,False,0,,,,
a6ad7ae9aafc392292d9,test,인쇄,T5 서비스,q_인쇄_01,명함 인쇄,생활서비스 중 '인쇄'를 판매·제공하는 매장,aefc66c4-1a62-4b40-ba8c-94861987d9db,평화인쇄,인쇄,가락골 골목형상점가,골목형상점가,서울특별시,3.0,3.0,,,RESOLVED_AGREEMENT,False,3,,,,
908e79b74830937f5e0a,test,인쇄,T5 서비스,q_인쇄_01,명함 인쇄,생활서비스 중 '인쇄'를 판매·제공하는 매장,ca210ae8-6fbe-467e-bca1-6b603ba31e79,파타고니아대구동성로,"의류, 잡화",동성로상점가,자율상권구역,대구광역시,0.0,0.0,,,RESOLVED_AGREEMENT,False,0,,,,
f635db9c3bfc499fa097,test,인쇄,T5 서비스,q_인쇄_01,명함 인쇄,생활서비스 중 '인쇄'를 판매·제공하는 매장,7f37d4b2-7499-44a6-8bb1-3616d44dedd5,무지개인쇄,인쇄,백년소상공인,기타,충청북도,3.0,3.0,,,RESOLVED_AGREEMENT,False,3,,,,
e559c1f84864e033a702,test,인쇄,T5 서비스,q_인쇄_01,명함 인쇄,생활서비스 중 '인쇄'를 판매·제공하는 매장,3d517ff0-f8a2-473c-941a-054dd5fd3bcd,옥이이모,한식,봉선먹자골목 골목형상점가,골목형상점가,광주광역시,0.0,0.0,,,RESOLVED_AGREEMENT,False,0,,,,
ae0f5a77aefe3ac513d1,test,인쇄,T5 서비스,q_인쇄_01,명함 인쇄,생활서비스 중 '인쇄'를 판매·제공하는 매장,aafe6176-4dcb-4404-8a79-cf3bda6a9c65,인기획,인쇄,설악눈메골시장,전통시장,경기도,3.0,3.0,,,RESOLVED_AGREEMENT,False,3,,,,
de8c80ab6834f2e06124,test,인쇄,T5 서비스,q_인쇄_01,명함 인쇄,생활서비스 중 '인쇄'를 판매·제공하는 매장,cd4834cd-0bcb-4978-9395-7ed9a963b58a,백아트,인쇄,새치마을 골목형상점가,골목형상점가,울산광역시,3.0,3.0,,,RESOLVED_AGREEMENT,False,3,,,,
6a6ad06e024ffe90842f,test,인쇄,T5 서비스,q_인쇄_01,명함 인쇄,생활서비스 중 '인쇄'를 판매·제공하는 매장,3e19a12e-8d42-49f7-98e2-70644410323c,넥스트 인쇄 현수막,인쇄 명함 현수막 배너 판촉물,상동역 함께하길 골목형상점가,골목형상점가,경기도,3.0,3.0,,,RESOLVED_AGREEMENT,False,3,,,,
4a3a8a66408fc71cdc72,test,인쇄,T5 서비스,q_인쇄_01,명함 인쇄,생활서비스 중 '인쇄'를 판매·제공하는 매장,aeb9aacb-d898-446b-a71e-14f88e908d65,엘림복사,인쇄,목원대 골목형상점가,골목형상점가,대전광역시,3.0,3.0,,,RESOLVED_AGREEMENT,False,3,,,,
53d21079b87dbb02d50a,test,인쇄,T5 서비스,q_인쇄_01,명함 인쇄,생활서비스 중 '인쇄'를 판매·제공하는 매장,178d3557-1c0f-44b2-bf03-e7a9213d01bb,제일문구인쇄,"문구, 인쇄",안산 공산품 유통상가,자율상권구역,경기도,3.0,3.0,,,RESOLVED_AGREEMENT,False,3,,,,
102bb3084a000988f1c5,test,인쇄,T5 서비스,q_인쇄_01,명함 인쇄,생활서비스 중 '인쇄'를 판매·제공하는 매장,2d2ab892-d97b-46c4-bf45-93e9ed954c9d,진성인쇄,"인쇄, 명함, 스티커",발안만세시장(구 발안시장),전통시장,경기도,3.0,3.0,,,RESOLVED_AGREEMENT,False,3,,,,
d363fa31af19f6d721e7,test,인쇄,T5 서비스,q_인쇄_01,명함 인쇄,생활서비스 중 '인쇄'를 판매·제공하는 매장,2b15a6a3-56e1-409a-b046-1e8c469dc121,이안멀티콤,인쇄,백년소상공인,기타,광주광역시,3.0,3.0,,,RESOLVED_AGREEMENT,False,3,,,,
f895f48a7d9e4492cbc4,test,인쇄,T5 서비스,q_인쇄_01,명함 인쇄,생활서비스 중 '인쇄'를 판매·제공하는 매장,02fd4b18-9bfc-4a3e-945b-cb0079f655d5,인쇄할인마트,"판촉물, 명함, 스티커",인후동 삼각지 골목형상점가,골목형상점가,전북특별자치도,3.0,3.0,,,RESOLVED_AGREEMENT,False,3,,,,
7c62c4f3037feb4244bb,test,인쇄,T5 서비스,q_인쇄_01,명함 인쇄,생활서비스 중 '인쇄'를 판매·제공하는 매장,79871ef4-49e2-45c3-b545-08a51601447a,좋은기획,명함 도장 인쇄 현수막 판촉물,평촌역 상점가,자율상권구역,경기도,3.0,3.0,,,RESOLVED_AGREEMENT,False,3,,,,
416186a9c156040c4c38,test,인쇄,T5 서비스,q_인쇄_01,명함 인쇄,생활서비스 중 '인쇄'를 판매·제공하는 매장,6f33ca2e-57b1-42f0-8819-51d305611560,흑곰사,인쇄,상무중앙공원상인회 골목형상점가,골목형상점가,광주광역시,3.0,3.0,,,RESOLVED_AGREEMENT,False,3,,,,
2aaaef42692ece08a151,test,인쇄,T5 서비스,q_인쇄_01,명함 인쇄,생활서비스 중 '인쇄'를 판매·제공하는 매장,27403bcd-6a38-455c-a104-1923b5352b51,유앤유,"현수막, 명함, 인쇄",주안역지하도상점가,일반지하상점가,인천광역시,3.0,3.0,,,RESOLVED_AGREEMENT,False,3,,,,
f6bfbee63cdc6c0402d6,test,인쇄,T5 서비스,q_인쇄_01,명함 인쇄,생활서비스 중 '인쇄'를 판매·제공하는 매장,b8b850dc-763c-4d0c-983b-125cc31498f2,우부장돈대리,육류,이촌종합시장,전통시장,서울특별시,0.0,0.0,,,RESOLVED_AGREEMENT,False,0,,,,
136db79cc101d8dc88c0,test,인쇄,T5 서비스,q_인쇄_01,명함 인쇄,생활서비스 중 '인쇄'를 판매·제공하는 매장,00f27b43-2d95-45b2-8e80-16eb91994002,비앤비기프트,"문구, 판촉물",김포중앙시장,전통시장,경기도,1.0,3.0,,,P1_BINARY_THRESHOLD,True,,,,,
825dc8a554731eba00b1,test,인쇄,T5 서비스,q_인쇄_01,명함 인쇄,생활서비스 중 '인쇄'를 판매·제공하는 매장,914e4645-5c3c-40f8-800b-d1de4b9a120e,본기획,인쇄,을지로지하보도쇼핑센터,일반지하상점가,서울특별시,3.0,3.0,,,RESOLVED_AGREEMENT,False,3,,,,
f19644592bd058f15979,test,인쇄,T5 서비스,q_인쇄_01,명함 인쇄,생활서비스 중 '인쇄'를 판매·제공하는 매장,123b5813-a3ee-45d4-a1c3-fb0c99b3ed55,JNP(전남)인쇄출판,인쇄 책 명함 봉투 스티커 달력 다이어리 각종인쇄물,백년소상공인,기타,광주광역시,3.0,3.0,,,RESOLVED_AGREEMENT,False,3,,,,
d253f87ebd4375a9d68b,test,일식,T1 정확표기,q_일식_01,일식,음식점 중 '일식'을 판매·제공하는 매장,0004ebd2-4e64-4552-95e5-a3b62efea718,적정온도 숙성회&초밥,회초밥,장안마실골목형상점가,골목형상점가,서울특별시,3.0,3.0,,,RESOLVED_AGREEMENT,False,3,,,,
50544a24d625c2d522f9,test,일식,T1 정확표기,q_일식_01,일식,음식점 중 '일식'을 판매·제공하는 매장,cb9baae8-35a0-4be3-bfc6-42e021b15525,료카츠,일식,금암동 골목형상점가,골목형상점가,전북특별자치도,3.0,3.0,,,RESOLVED_AGREEMENT,False,3,,,,
73b9b34a64fe320d4015,test,일식,T1 정확표기,q_일식_01,일식,음식점 중 '일식'을 판매·제공하는 매장,44a477c7-b156-4a42-92fa-8f4597c50dcc,유야,일식,안동시옥동 골목형상점가,골목형상점가,경상북도,3.0,3.0,,,RESOLVED_AGREEMENT,False,3,,,,
1ba5d613e0a7d603fca3,test,일식,T1 정확표기,q_일식_01,일식,음식점 중 '일식'을 판매·제공하는 매장,0c0b95d4-fd49-4a23-9d81-3278a6288a16,사이,일식,나성동 골목형상점가,골목형상점가,세종특별자치시,3.0,3.0,,,RESOLVED_AGREEMENT,False,3,,,,
e29ff9c21f6e66cc37a8,test,일식,T1 정확표기,q_일식_01,일식,음식점 중 '일식'을 판매·제공하는 매장,00dfe7e1-6daa-4586-9146-ec927a443d02,오늘애초밥,,포항죽도농산물시장,전통시장,경상북도,3.0,3.0,,,RESOLVED_AGREEMENT,False,3,,,,
a59ec28af0083d9a7790,test,일식,T1 정확표기,q_일식_01,일식,음식점 중 '일식'을 판매·제공하는 매장,cad314bc-33a9-424a-83f2-89ee68d2ea13,뎅뎅뎅,일식,궁동 골목형상점가,골목형상점가,대전광역시,3.0,3.0,,,RESOLVED_AGREEMENT,False,3,,,,
4db3bfa9f004fe3d175d,test,일식,T1 정확표기,q_일식_01,일식,음식점 중 '일식'을 판매·제공하는 매장,e44788a8-2de8-43e3-b059-7e78cd4edf73,우에,일식,방천시장,전통시장,대구광역시,3.0,3.0,,,RESOLVED_AGREEMENT,False,3,,,,
ea7f7008b5226a0ca46e,test,일식,T1 정확표기,q_일식_01,일식,음식점 중 '일식'을 판매·제공하는 매장,c16094eb-686f-4ffa-99a1-bbe4f7452631,슌우,일식,망리단길골목형상점가,골목형상점가,서울특별시,3.0,3.0,,,RESOLVED_AGREEMENT,False,3,,,,
6a86f0ce4fd0ab3649ac,test,일식,T1 정확표기,q_일식_01,일식,음식점 중 '일식'을 판매·제공하는 매장,d14c472e-d380-45d6-973f-b9d92a87b095,요연,일식,인제시장,전통시장,강원특별자치도,3.0,3.0,,,RESOLVED_AGREEMENT,False,3,,,,
bd80ae32decd5f188230,test,일식,T1 정확표기,q_일식_01,일식,음식점 중 '일식'을 판매·제공하는 매장,74aec6ce-e931-4e16-a2e2-c5fc39e01711,하기당,일식,연신내골목형상점가,골목형상점가,서울특별시,3.0,3.0,,,RESOLVED_AGREEMENT,False,3,,,,
51f2a8be88dd97af0908,test,일식,T1 정확표기,q_일식_01,일식,음식점 중 '일식'을 판매·제공하는 매장,3c16bc62-ecce-4ea0-8f7c-f807433d83df,만개,일식,어은누리 골목형상점가,골목형상점가,대전광역시,3.0,3.0,,,RESOLVED_AGREEMENT,False,3,,,,
ac188f357d4a05255888,test,일식,T1 정확표기,q_일식_01,일식,음식점 중 '일식'을 판매·제공하는 매장,9cace4fa-210f-453b-8a00-8573a6f04009,일심당,일식,쌍문역둘리상점가,자율상권구역,서울특별시,3.0,3.0,,,RESOLVED_AGREEMENT,False,3,,,,
623952dfe699ede834d2,test,일식,T1 정확표기,q_일식_01,일식,음식점 중 '일식'을 판매·제공하는 매장,1dd27685-75d5-476f-916b-f27c4b5aeead,혼젠,일식,아름드리 골목형상점가,골목형상점가,세종특별자치시,3.0,3.0,,,RESOLVED_AGREEMENT,False,3,,,,
a9ff5f1906d21f491941,test,일식,T1 정확표기,q_일식_01,일식,음식점 중 '일식'을 판매·제공하는 매장,a7eab5f8-9d9d-419e-98a8-02db3ebd2efa,환심,일식,건리단길 골목형상점가,골목형상점가,서울특별시,3.0,3.0,,,RESOLVED_AGREEMENT,False,3,,,,
231d7d2531f39e8edaf3,test,일식,T1 정확표기,q_일식_01,일식,음식점 중 '일식'을 판매·제공하는 매장,01f14598-4405-408e-9fac-71db17ed6f05,동경스시,,풍무동1 골목형상점가,골목형상점가,경기도,3.0,3.0,,,RESOLVED_AGREEMENT,False,3,,,,
f980d51ef7d20c7ed5ac,test,일식,T1 정확표기,q_일식_01,일식,음식점 중 '일식'을 판매·제공하는 매장,ba8489d5-45d9-4f15-92f0-d8a784318549,키햐아,일식,까치울역카페거리 골목형상점가,골목형상점가,경기도,3.0,3.0,,,RESOLVED_AGREEMENT,False,3,,,,
4cbe7bd623ea72f07f8e,test,일식,T1 정확표기,q_일식_01,일식,음식점 중 '일식'을 판매·제공하는 매장,36341c08-49d2-4db7-87b0-603130acfd0f,서미헤어갤러리,헤어 컷 염색 펌,어진동 골목형상점가,골목형상점가,세종특별자치시,0.0,0.0,,,RESOLVED_AGREEMENT,False,0,,,,
e2c47fca4980a2d7c920,test,일식,T1 정확표기,q_일식_01,일식,음식점 중 '일식'을 판매·제공하는 매장,68233d5f-173e-406f-87ae-c2c4fa5ad213,어랑,일식,장자호수공원 골목형상점가,골목형상점가,경기도,3.0,3.0,,,RESOLVED_AGREEMENT,False,3,,,,
cd5df128887b1e7567a0,test,일식,T1 정확표기,q_일식_01,일식,음식점 중 '일식'을 판매·제공하는 매장,01afaafa-2a46-4977-8015-55762957ee7a,다래초밥,초밥,동문동 골목형상점가,골목형상점가,충청남도,3.0,3.0,,,RESOLVED_AGREEMENT,False,3,,,,
7872112443fc095c2c2f,test,일식,T1 정확표기,q_일식_01,일식,음식점 중 '일식'을 판매·제공하는 매장,62a656e3-1225-4668-b333-9e3c5e84c5d2,데덴찌,일식,상무시청상인회 골목형상점가,골목형상점가,광주광역시,3.0,3.0,,,RESOLVED_AGREEMENT,False,3,,,,
ec4b825837d306cffa23,test,일식,T1 정확표기,q_일식_01,일식,음식점 중 '일식'을 판매·제공하는 매장,00ba389b-e522-4da5-ac26-2ffaf33359ec,스시노유키,초밥,산본로데오거리(구 산본중심상가),자율상권구역,경기도,3.0,3.0,,,RESOLVED_AGREEMENT,False,3,,,,
3eb5cb7ac1792c4ab621,test,일식,T1 정확표기,q_일식_01,일식,음식점 중 '일식'을 판매·제공하는 매장,395e5db2-316c-480d-a127-7c9f2f4847b4,덥,일식,서구청먹자골목상인회 골목형상점가,골목형상점가,광주광역시,3.0,3.0,,,RESOLVED_AGREEMENT,False,3,,,,
1551aa713c0a22e9d166,test,일식,T1 정확표기,q_일식_01,일식,음식점 중 '일식'을 판매·제공하는 매장,0225925b-3945-46cd-b995-b946a617ccfc,초밥일번지,일식,안동음식의거리 골목형상점가,골목형상점가,경상북도,3.0,3.0,,,RESOLVED_AGREEMENT,False,3,,,,
c245a8fd8c19bafbb73e,test,일식,T1 정확표기,q_일식_01,일식,음식점 중 '일식'을 판매·제공하는 매장,94d0ac06-898a-432e-a704-4216cab12833,타베,일식,수완나들목 골목형상점가,골목형상점가,광주광역시,3.0,3.0,,,RESOLVED_AGREEMENT,False,3,,,,
5961497eb1cade8c5f79,test,일식,T1 정확표기,q_일식_01,일식,음식점 중 '일식'을 판매·제공하는 매장,25d5d8a7-950b-4e0b-9bf4-351ab53f930f,만월,일식,소나무 골목형상점가,골목형상점가,전북특별자치도,3.0,3.0,,,RESOLVED_AGREEMENT,False,3,,,,
bcdbb2193658d0df79bd,test,일식,T1 정확표기,q_일식_01,일식,음식점 중 '일식'을 판매·제공하는 매장,005eb589-94b0-4a7e-b4e4-ef8cf64b0762,스시쿄다이,일식,동홍8번가 골목형상점가,골목형상점가,제주특별자치도,3.0,3.0,,,RESOLVED_AGREEMENT,False,3,,,,
649ecaada5f64df5e277,test,일식,T1 정확표기,q_일식_01,일식,음식점 중 '일식'을 판매·제공하는 매장,52c57bbb-b5d7-4687-a2e4-0316aead4d8b,회심,일식,범어식주가무명인골목 골목형상점가,골목형상점가,대구광역시,3.0,3.0,,,RESOLVED_AGREEMENT,False,3,,,,
78d66144565001666d12,test,일식,T1 정확표기,q_일식_01,일식,음식점 중 '일식'을 판매·제공하는 매장,831c538d-342a-42c7-a754-bc714aee87ff,아라,일식,신부유람단골목형상점가,골목형상점가,충청남도,3.0,3.0,,,RESOLVED_AGREEMENT,False,3,,,,
c0b6bbf1ae8cc9835524,test,일식,T1 정확표기,q_일식_01,일식,음식점 중 '일식'을 판매·제공하는 매장,e7578687-6b5a-457b-b0cf-0e9fbbad16b2,백식,일식,동명동 카페거리 골목형상점가,골목형상점가,광주광역시,3.0,3.0,,,RESOLVED_AGREEMENT,False,3,,,,
5a022d11806bfba30480,test,일식,T1 정확표기,q_일식_01,일식,음식점 중 '일식'을 판매·제공하는 매장,4ebf3fd8-5f8c-45b0-b812-466220439623,곤,일식,신천동문화의거리상점가(구 시흥문화의거리상점가),자율상권구역,경기도,3.0,3.0,,,RESOLVED_AGREEMENT,False,3,,,,
be632c53e82123e1b61c,test,일식,T1 정확표기,q_일식_01,일식,음식점 중 '일식'을 판매·제공하는 매장,f1fb8e6f-6877-4bec-bb30-9279d61a50fc,송원일식,일식,어울림마당 골목형상점가,골목형상점가,부산광역시,3.0,3.0,,,RESOLVED_AGREEMENT,False,3,,,,
25f49974ceab50110653,test,일식,T1 정확표기,q_일식_01,일식,음식점 중 '일식'을 판매·제공하는 매장,9c69fec2-743b-4a74-9477-e16ae2b7d583,가매일식,일식,백년소상공인,기타,광주광역시,3.0,3.0,,,RESOLVED_AGREEMENT,False,3,,,,
39de0b62a13443260073,test,일식,T1 정확표기,q_일식_01,일식,음식점 중 '일식'을 판매·제공하는 매장,f316a826-dbcd-4daa-9808-45f4b35b1bd7,다랑,일식,엄사 골목형상점가,골목형상점가,충청남도,3.0,3.0,,,RESOLVED_AGREEMENT,False,3,,,,
fa3332fdbd00e6af279a,test,일식,T1 정확표기,q_일식_01,일식,음식점 중 '일식'을 판매·제공하는 매장,02c5c07b-ed68-43c2-bcc4-c01766b8d457,일조,일식,송정동 상점가,자율상권구역,경기도,3.0,3.0,,,RESOLVED_AGREEMENT,False,3,,,,
59be796c9a997a514f18,test,일식,T1 정확표기,q_일식_01,일식,음식점 중 '일식'을 판매·제공하는 매장,b8f597be-9306-40fb-a8a9-239b68b5716b,쇼진,일식,위드수암 골목형상점가,골목형상점가,울산광역시,3.0,3.0,,,RESOLVED_AGREEMENT,False,3,,,,
8efe229bd6998df9dcfe,test,일식,T1 정확표기,q_일식_01,일식,음식점 중 '일식'을 판매·제공하는 매장,a944b4c1-bc24-4a92-8865-64d940f0ac24,엘닷,일식,성수역골목형상점가,골목형상점가,서울특별시,3.0,3.0,,,RESOLVED_AGREEMENT,False,3,,,,
653890a641be7b8a33ae,test,일식,T1 정확표기,q_일식_01,일식,음식점 중 '일식'을 판매·제공하는 매장,03e60ecc-402f-49e8-b1ac-cbd4f330144d,온정돈까스 천안불당점,돈까스,시청앞 골목형상점가,골목형상점가,충청남도,3.0,3.0,,,RESOLVED_AGREEMENT,False,3,,,,
7748cd686a6f0bb35282,test,일식,T1 정확표기,q_일식_01,일식,음식점 중 '일식'을 판매·제공하는 매장,f6266986-adc0-4f25-8b12-3b7e9dd07322,사토리,일식,송도 타임스페이스 골목형상점가,골목형상점가,인천광역시,3.0,3.0,,,RESOLVED_AGREEMENT,False,3,,,,
aab8b81b136642eef405,test,일식,T1 정확표기,q_일식_01,일식,음식점 중 '일식'을 판매·제공하는 매장,eecf2379-6c8b-4bbe-9612-ed5fe5c8d3f0,일식송수사,일식,산본로데오거리(구 산본중심상가),자율상권구역,경기도,3.0,3.0,,,RESOLVED_AGREEMENT,False,3,,,,
1ec6e217f9605bf7a5cd,test,일식,T1 정확표기,q_일식_01,일식,음식점 중 '일식'을 판매·제공하는 매장,e8b7f9bb-fb0a-4321-ba69-6f8947dfe6d1,일담,일식,김대중컨벤션상인회 골목형상점가,골목형상점가,광주광역시,3.0,3.0,,,RESOLVED_AGREEMENT,False,3,,,,
abfc4c2397676d8ff852,test,일식,T1 정확표기,q_일식_01,일식,음식점 중 '일식'을 판매·제공하는 매장,0474ee0c-1f03-47fa-af45-bb5411abb04a,무루,일식,봉명동우산거리 골목형상점가,골목형상점가,대전광역시,3.0,3.0,,,RESOLVED_AGREEMENT,False,3,,,,
7f7aab40931469e7a1e7,test,일식,T1 정확표기,q_일식_01,일식,음식점 중 '일식'을 판매·제공하는 매장,013d58c8-33f8-4dbe-95de-801d22ea9505,민영활어공장 부천자유시장점,"회, 초밥",부천자유시장,전통시장,경기도,3.0,3.0,,,RESOLVED_AGREEMENT,False,3,,,,
127e08bc16116fb1df9b,test,일식,T1 정확표기,q_일식_01,일식,음식점 중 '일식'을 판매·제공하는 매장,afcfbf0f-7232-4f04-8612-6aa04c209691,일류,일식,두류젊코상권,상권활성화구역,대구광역시,3.0,3.0,,,RESOLVED_AGREEMENT,False,3,,,,
19feb6fa81a672f360e3,test,일식,T1 정확표기,q_일식_01,일식,음식점 중 '일식'을 판매·제공하는 매장,01cecd17-bce9-4355-af06-2ca2cee82862,돈까스에빠지다 범어점,돈까스,범어식주가무명인골목 골목형상점가,골목형상점가,대구광역시,3.0,3.0,,,RESOLVED_AGREEMENT,False,3,,,,
e24bdec9c34d06137435,test,일식,T1 정확표기,q_일식_01,일식,음식점 중 '일식'을 판매·제공하는 매장,2c2c9888-4b8c-4614-a62b-a6d2c0af706f,하루,일식,가락골 골목형상점가,골목형상점가,서울특별시,3.0,3.0,,,RESOLVED_AGREEMENT,False,3,,,,
95c1fa64c16dfd043b08,test,일식,T1 정확표기,q_일식_01,일식,음식점 중 '일식'을 판매·제공하는 매장,1279715c-8e04-4077-94fa-631ba0dd3325,정점,일식,누웨마루거리상점가,자율상권구역,제주특별자치도,3.0,3.0,,,RESOLVED_AGREEMENT,False,3,,,,
d63f97f4268b46b593a2,test,일식,T1 정확표기,q_일식_01,일식,음식점 중 '일식'을 판매·제공하는 매장,00f1a1de-5180-4857-ac9d-3d104fc8a1e0,진스시,,신구로현대어반벨리 골목형상점가,골목형상점가,서울특별시,3.0,3.0,,,RESOLVED_AGREEMENT,False,3,,,,
4c71e0774695c6f924ce,test,일식,T1 정확표기,q_일식_01,일식,음식점 중 '일식'을 판매·제공하는 매장,0547b6e2-3d1e-4a4a-97c6-9b1c1344bf88,김희철 스시,,솔매사랑길 골목형상점가,골목형상점가,서울특별시,3.0,3.0,,,RESOLVED_AGREEMENT,False,3,,,,
799ce7cbdf4b87278639,test,일식,T1 정확표기,q_일식_01,일식,음식점 중 '일식'을 판매·제공하는 매장,2c6109a3-f083-442a-9f3e-8c56a02e2613,신앙촌식품,"간장, 식품, 잡화",영월종합상가,전통시장,강원특별자치도,0.0,0.0,,,RESOLVED_AGREEMENT,False,0,,,,
81cdfc9161f531be9224,test,일식,T1 정확표기,q_일식_01,일식,음식점 중 '일식'을 판매·제공하는 매장,da1559e0-9668-4a7a-836b-1db0182b43ab,빠빠식당,초밥 돈까스 덮밥,장기동 먹거리상가 골목형상점가,골목형상점가,대구광역시,3.0,3.0,,,RESOLVED_AGREEMENT,False,3,,,,
73617478fbd0763f1006,test,일식,T1 정확표기,q_일식_01,일식,음식점 중 '일식'을 판매·제공하는 매장,00e80339-1353-4885-81d7-0746a437abb2,포식 용인한숲시티점,쌀국수 돈까스 함박스테이크,남사한숲 골목형상점가,골목형상점가,경기도,3.0,3.0,,,RESOLVED_AGREEMENT,False,3,,,,
6970c6925f16e0b89b10,test,일식,T1 정확표기,q_일식_01,일식,음식점 중 '일식'을 판매·제공하는 매장,2ee374be-8d12-46cc-bbb9-f87fac54ddd7,화이트리 WHITREE,비누꽃다발,학운 골목형상점가,골목형상점가,광주광역시,0.0,0.0,,,RESOLVED_AGREEMENT,False,0,,,,
202ccc2074d862bc693e,test,일식,T1 정확표기,q_일식_01,일식,음식점 중 '일식'을 판매·제공하는 매장,881edcfa-9663-464f-92bb-cbd5f3b52ed0,은파,일식,뒷개로청춘골목상점가,골목형상점가,전라남도,3.0,3.0,,,RESOLVED_AGREEMENT,False,3,,,,
759de51b6147f54938bf,test,일식,T1 정확표기,q_일식_01,일식,음식점 중 '일식'을 판매·제공하는 매장,d67607c7-8eba-4c84-9c89-ad0c994f2cf0,모리,일식,문산자유시장,전통시장,경기도,3.0,3.0,,,RESOLVED_AGREEMENT,False,3,,,,
f089853f1adbe4693340,test,일식,T1 정확표기,q_일식_01,일식,음식점 중 '일식'을 판매·제공하는 매장,ea84f42a-3254-485f-80a5-b90c849cacfd,만동,일식,법리단길 골목형상점가,골목형상점가,전북특별자치도,3.0,3.0,,,RESOLVED_AGREEMENT,False,3,,,,
ae495d92a12e77d8123f,test,일식,T1 정확표기,q_일식_01,일식,음식점 중 '일식'을 판매·제공하는 매장,0d98d86b-d34c-400d-a6c3-3d65d656c3cc,코소코소,일식,백학시장 상점가,자율상권구역,서울특별시,3.0,3.0,,,RESOLVED_AGREEMENT,False,3,,,,
d18d01e761f0d3282ff6,test,일식,T1 정확표기,q_일식_01,일식,음식점 중 '일식'을 판매·제공하는 매장,a59e2aea-63c0-4aea-b80c-13c2293b0eb4,청담일식,일식,수완나들목 골목형상점가,골목형상점가,광주광역시,3.0,3.0,,,RESOLVED_AGREEMENT,False,3,,,,
0f145e7c74bf89424082,test,일식,T1 정확표기,q_일식_01,일식,음식점 중 '일식'을 판매·제공하는 매장,8fde781a-537a-40ac-9a4e-1216a9a32dad,유끼,일식,신월7동골목형상점가,골목형상점가,서울특별시,3.0,3.0,,,RESOLVED_AGREEMENT,False,3,,,,
47139361cd6cc407ba52,test,일식,T1 정확표기,q_일식_01,일식,음식점 중 '일식'을 판매·제공하는 매장,ab8c32d8-ec20-4c9b-8b49-f0028708bc66,엄청난회일식,일식,신부유람단골목형상점가,골목형상점가,충청남도,3.0,3.0,,,RESOLVED_AGREEMENT,False,3,,,,
32a85ef83b383f5430b6,test,일식,T1 정확표기,q_일식_01,일식,음식점 중 '일식'을 판매·제공하는 매장,f9966509-3dc0-4a76-8ad3-9e70f301dc36,삼원일식,일식,떠오르길 골목형상점가,골목형상점가,경기도,3.0,3.0,,,RESOLVED_AGREEMENT,False,3,,,,
31bfd5646cd3fd2e2b79,test,일식,T1 정확표기,q_일식_01,일식,음식점 중 '일식'을 판매·제공하는 매장,ce01946f-4259-4b7a-901d-44d1844083f7,정식,일식,쌍리단길상점가,자율상권구역,서울특별시,3.0,3.0,,,RESOLVED_AGREEMENT,False,3,,,,
38de84203327f115838d,test,일식,T1 정확표기,q_일식_01,일식,음식점 중 '일식'을 판매·제공하는 매장,d6c1c5a6-7274-4971-9ce2-757ace8686ad,하찌미쯔,일식,봉동생강골시장,전통시장,전북특별자치도,3.0,3.0,,,RESOLVED_AGREEMENT,False,3,,,,
f47d7af9b4932c462625,test,일식,T1 정확표기,q_일식_01,일식,음식점 중 '일식'을 판매·제공하는 매장,c1f85108-72b2-4121-8559-536b105cfa5c,호복,일식,상동역 골목형상점가,골목형상점가,경기도,3.0,3.0,,,RESOLVED_AGREEMENT,False,3,,,,
abfff0a1e5110fe4ad80,test,일식,T1 정확표기,q_일식_01,일식,음식점 중 '일식'을 판매·제공하는 매장,7234e0fe-2051-492b-a754-10f380afb9a3,노렌인,일식,과천스마트케이 골목형상점가,골목형상점가,경기도,3.0,3.0,,,RESOLVED_AGREEMENT,False,3,,,,
a2dd4be93640734c82b2,test,일식,T1 정확표기,q_일식_01,일식,음식점 중 '일식'을 판매·제공하는 매장,cae0442d-379f-4b7f-b967-c36aa9c7d255,해송,일식,양평1동어울림골목형상점가,골목형상점가,서울특별시,3.0,3.0,,,RESOLVED_AGREEMENT,False,3,,,,
acef53c3d4df260997f7,test,일식,T1 정확표기,q_일식_01,일식,음식점 중 '일식'을 판매·제공하는 매장,00eefa39-8925-4ff1-8fb6-e3aa2c2b7937,아비꼬 용인보정점,일식 음식점,BOCA 보카상점가,골목형상점가,경기도,3.0,3.0,,,RESOLVED_AGREEMENT,False,3,,,,
b9ad5d0346b51706266c,test,일식,T1 정확표기,q_일식_01,일식,음식점 중 '일식'을 판매·제공하는 매장,f1d8ec8d-2dcf-4a4e-ac4e-2504c2aa54d6,멘초비,일식,동래시장,전통시장,부산광역시,3.0,3.0,,,RESOLVED_AGREEMENT,False,3,,,,
0b9efc7c39bf0cf4fcb5,test,일식,T1 정확표기,q_일식_01,일식,음식점 중 '일식'을 판매·제공하는 매장,4fd9a187-cbe4-40ac-877d-1a1339c3c3d6,라쿠엔,일식,매드블럭 골목형상점가,골목형상점가,대전광역시,3.0,3.0,,,RESOLVED_AGREEMENT,False,3,,,,
d06c30750f7a3f64811a,test,일식,T1 정확표기,q_일식_01,일식,음식점 중 '일식'을 판매·제공하는 매장,88a61490-9bfe-438b-9b97-c1d6b34ec427,오센,일식,이수미로골목형상점가,골목형상점가,서울특별시,3.0,3.0,,,RESOLVED_AGREEMENT,False,3,,,,
809e5609739f4b7f43b5,test,일식,T1 정확표기,q_일식_01,일식,음식점 중 '일식'을 판매·제공하는 매장,8d18c9e1-f5cc-4445-a2f0-2406b5521f66,욧삐떼,일식,양정 골목형상점가,골목형상점가,울산광역시,3.0,3.0,,,RESOLVED_AGREEMENT,False,3,,,,
43fbaaad0a2762227cd6,test,일식,T1 정확표기,q_일식_01,일식,음식점 중 '일식'을 판매·제공하는 매장,04c1454c-94f9-4a74-a347-11bfad75cb82,스시대관령,일식스시,내곡동골목형상점가,골목형상점가,강원특별자치도,3.0,3.0,,,RESOLVED_AGREEMENT,False,3,,,,
1e9a3b779d2df74d71b9,test,일식,T1 정확표기,q_일식_01,일식,음식점 중 '일식'을 판매·제공하는 매장,026b148f-ce2a-4e35-8dbb-0aaca2c31325,은화수식당,돈까스 카레 우동 기타등등,군산디오션시티 골목형상점가,골목형상점가,전북특별자치도,3.0,3.0,,,RESOLVED_AGREEMENT,False,3,,,,
2350a64995723786339b,test,일식,T1 정확표기,q_일식_01,일식,음식점 중 '일식'을 판매·제공하는 매장,b049f94f-23fa-458b-8b8b-095d0cb6ed54,우츠,일식,맹동혁신골목형상점가,골목형상점가,충청북도,3.0,3.0,,,RESOLVED_AGREEMENT,False,3,,,,
d15f3c6d6dfd183506de,test,일식,T1 정확표기,q_일식_01,일식,음식점 중 '일식'을 판매·제공하는 매장,025255cd-6e4e-4d26-b2b7-bd18e2858548,정성카츠 화정점,일식,화정로상가상인회 골목형상점가,골목형상점가,광주광역시,3.0,3.0,,,RESOLVED_AGREEMENT,False,3,,,,
6a9e3e686634ccb9e6e8,test,일식,T1 정확표기,q_일식_01,일식,음식점 중 '일식'을 판매·제공하는 매장,01f2d713-86d5-414a-b9b9-1fdde102f589,미스타교자(상봉점),일식,상봉먹자골목형상점가,골목형상점가,서울특별시,3.0,3.0,,,RESOLVED_AGREEMENT,False,3,,,,
47f10b76b378c8d36dcc,test,일식,T1 정확표기,q_일식_01,일식,음식점 중 '일식'을 판매·제공하는 매장,a04b4925-11d6-4d03-ae1d-341b4f383171,잇텐,일식,어은누리 골목형상점가,골목형상점가,대전광역시,3.0,3.0,,,RESOLVED_AGREEMENT,False,3,,,,
d5abfe04cb3441e575fc,test,일식,T1 정확표기,q_일식_01,일식,음식점 중 '일식'을 판매·제공하는 매장,dddf07f0-7dd7-470f-a66d-ba92a2620b16,모츠모,일식,도담동 골목형상점가,골목형상점가,세종특별자치시,3.0,3.0,,,RESOLVED_AGREEMENT,False,3,,,,
475f4ade9264c3e29c8e,test,일식,T1 정확표기,q_일식_01,일식,음식점 중 '일식'을 판매·제공하는 매장,a2ffe96b-780d-42ae-be92-2fee0bf999e6,로즈마리,인테리어소품,사거리온누리 골목형상점가,골목형상점가,충청남도,0.0,0.0,,,RESOLVED_AGREEMENT,False,0,,,,
6fddfc31f43ea0976b94,test,일식,T1 정확표기,q_일식_01,일식,음식점 중 '일식'을 판매·제공하는 매장,c1a9745c-156e-47ff-b4d8-af7d6bbf25e4,해왁,일식,사가정51길 골목형상점가,골목형상점가,서울특별시,3.0,3.0,,,RESOLVED_AGREEMENT,False,3,,,,
62ec71ddb39efcbe3297,test,일식,T1 정확표기,q_일식_01,일식,음식점 중 '일식'을 판매·제공하는 매장,8550c043-55f8-4413-980f-25be84da8f68,치유,일식,대흥동 특화거리 상점가,자율상권구역,대전광역시,3.0,3.0,,,RESOLVED_AGREEMENT,False,3,,,,
545cf96bc260c6b15312,test,일식,T1 정확표기,q_일식_01,일식,음식점 중 '일식'을 판매·제공하는 매장,02e18ef3-4b66-4159-96bf-759bfb98320f,카츠옹,돈까스,자양번영로골목형상점가,골목형상점가,서울특별시,3.0,3.0,,,RESOLVED_AGREEMENT,False,3,,,,
501f5ddc8567949e09ee,test,일식,T1 정확표기,q_일식_01,일식,음식점 중 '일식'을 판매·제공하는 매장,530a9c60-4659-44b1-ba3e-afc0ce47c4c3,텐,일식,송탄관광특구 골목형상점가,골목형상점가,경기도,3.0,3.0,,,RESOLVED_AGREEMENT,False,3,,,,
8e29a86447a5818c2c86,test,일식,T1 정확표기,q_일식_01,일식,음식점 중 '일식'을 판매·제공하는 매장,077d4f81-e5a8-4c8f-8936-3a8ec57ffb1e,샷타,일식,황남상가시장,전통시장,경상북도,3.0,3.0,,,RESOLVED_AGREEMENT,False,3,,,,
257aecf5fe00bf5d51e9,test,일식,T1 정확표기,q_일식_01,일식,음식점 중 '일식'을 판매·제공하는 매장,5bddb936-29cb-4292-b665-e5a884e095e6,시우,일식,안양1번가 상점가,자율상권구역,경기도,3.0,3.0,,,RESOLVED_AGREEMENT,False,3,,,,
9b6dd9fabd1742256471,test,일식,T1 정확표기,q_일식_01,일식,음식점 중 '일식'을 판매·제공하는 매장,13f4b59f-3eae-40c1-a4e5-c344e218a620,미다미일식,일식,금암동 골목형상점가,골목형상점가,충청남도,3.0,3.0,,,RESOLVED_AGREEMENT,False,3,,,,
e6187800f1e47ed710be,test,일식,T1 정확표기,q_일식_01,일식,음식점 중 '일식'을 판매·제공하는 매장,54072f8c-701e-46e5-b8b2-dea221f9ee85,펌&컷hair,헤어미용,소촌중앙 골목형상점가,골목형상점가,광주광역시,0.0,0.0,,,RESOLVED_AGREEMENT,False,0,,,,
3f12376a95a0f3fc115b,test,일식,T1 정확표기,q_일식_01,일식,음식점 중 '일식'을 판매·제공하는 매장,a5a558af-581f-4fdc-a0bf-d63981f6babb,혜성반찬,반찬,중곡제일골목시장(중곡제일전통시장),전통시장,서울특별시,0.0,0.0,,,RESOLVED_AGREEMENT,False,0,,,,
e1795c03462b4f95dd1d,test,일식,T1 정확표기,q_일식_01,일식,음식점 중 '일식'을 판매·제공하는 매장,f9596836-ee59-4bb0-87a8-3b3d2c0226ff,쇼군,일식,한마음,골목형상점가,광주광역시,3.0,3.0,,,RESOLVED_AGREEMENT,False,3,,,,
1c51adb4ebd94d0a07d2,test,일식,T1 정확표기,q_일식_01,일식,음식점 중 '일식'을 판매·제공하는 매장,5ff5e851-9695-4924-8ed9-a9eed1ebe098,수,일식,효자시장,전통시장,경상북도,3.0,3.0,,,RESOLVED_AGREEMENT,False,3,,,,
e9f26226c1f6e7b6738a,test,일식,T1 정확표기,q_일식_01,일식,음식점 중 '일식'을 판매·제공하는 매장,01710a82-bb0d-4cbc-8491-708f78ce99fe,스시니쿠 후평점,,인공폭포상가,자율상권구역,강원특별자치도,3.0,3.0,,,RESOLVED_AGREEMENT,False,3,,,,
0c1f9c8cb7682ae70291,test,일식,T1 정확표기,q_일식_01,일식,음식점 중 '일식'을 판매·제공하는 매장,7341f9fb-bb31-4677-b92a-6cb259d42750,윤돈,일식,뚝섬역상점가(서울숲상원길상점가),자율상권구역,서울특별시,3.0,3.0,,,RESOLVED_AGREEMENT,False,3,,,,
96e039aac82bc06b8173,test,일식,T1 정확표기,q_일식_01,일식,음식점 중 '일식'을 판매·제공하는 매장,13224cba-30da-486f-a894-8c01df082828,정성,일식,방울내길골목형상점가,골목형상점가,서울특별시,3.0,3.0,,,RESOLVED_AGREEMENT,False,3,,,,
303b01ee5c5e79a0702f,test,일식,T1 정확표기,q_일식_01,일식,음식점 중 '일식'을 판매·제공하는 매장,00fcc68d-3086-4b45-b998-f3763e8dbf7d,꼬치마요 산본역점(9호점),일식,산본로데오거리(구 산본중심상가),자율상권구역,경기도,3.0,3.0,,,RESOLVED_AGREEMENT,False,3,,,,
189a922b687e9c265d9a,test,일식,T1 정확표기,q_일식_01,일식,음식점 중 '일식'을 판매·제공하는 매장,ec628357-ad64-49b6-aaa8-472f83ffffed,일담,일식,충장로123가 상점가,자율상권구역,광주광역시,3.0,3.0,,,RESOLVED_AGREEMENT,False,3,,,,
3fd5bf78784f4dd2291e,test,일식,T1 정확표기,q_일식_01,일식,음식점 중 '일식'을 판매·제공하는 매장,20426a06-35e3-4192-9736-92b133c5d1b8,위무,일식,사리골상점가,자율상권구역,경기도,3.0,3.0,,,RESOLVED_AGREEMENT,False,3,,,,
5832d4e1d54426b9c0d0,test,일식,T1 정확표기,q_일식_01,일식,음식점 중 '일식'을 판매·제공하는 매장,f18b0d74-04a6-4b99-a79e-46a73a17a9f8,아키,일식,북촌계동길골목형상점가,골목형상점가,서울특별시,3.0,3.0,,,RESOLVED_AGREEMENT,False,3,,,,
bd6467d146d15cdf8333,test,일식,T1 정확표기,q_일식_01,일식,음식점 중 '일식'을 판매·제공하는 매장,8fee5871-019c-4a66-a4ac-c8d03238eaa3,바쇼,일식,동명동 카페거리 골목형상점가,골목형상점가,광주광역시,3.0,3.0,,,RESOLVED_AGREEMENT,False,3,,,,
8f6d22c9fc7136f7e8b5,test,일식,T1 정확표기,q_일식_01,일식,음식점 중 '일식'을 판매·제공하는 매장,adce6941-7432-4194-ae24-24df2949a126,영신수산,수산물,동문공설시장,전통시장,제주특별자치도,0.0,0.0,,,RESOLVED_AGREEMENT,False,0,,,,
4cd9ef321002d26bc095,test,일식,T1 정확표기,q_일식_01,일식,음식점 중 '일식'을 판매·제공하는 매장,2a7a26fd-c98e-4265-9832-d9ba12daae67,비오,일식,수완나들목 골목형상점가,골목형상점가,광주광역시,3.0,3.0,,,RESOLVED_AGREEMENT,False,3,,,,
549522f035dd65050af0,test,일식,T1 정확표기,q_일식_01,일식,음식점 중 '일식'을 판매·제공하는 매장,4587242d-412f-4b95-90ac-d1a33d07edb2,귄식당,일식,방배역먹자골목 골목형상점가,골목형상점가,서울특별시,3.0,3.0,,,RESOLVED_AGREEMENT,False,3,,,,
e1922b280de029b36557,test,일식,T1 정확표기,q_일식_01,일식,음식점 중 '일식'을 판매·제공하는 매장,d6abef51-ae1d-43bc-8661-c2f7bfe865c2,찐수산,일식,행운담길골목형상점가,골목형상점가,서울특별시,3.0,3.0,,,RESOLVED_AGREEMENT,False,3,,,,
e72ca1726d1e9b28b84c,test,일식,T1 정확표기,q_일식_01,일식,음식점 중 '일식'을 판매·제공하는 매장,1099991c-2447-4de4-a887-850d21eacd38,마끼,일식,연서시장,전통시장,서울특별시,3.0,3.0,,,RESOLVED_AGREEMENT,False,3,,,,
5e20da0dae182cb44d54,test,일식,T1 정확표기,q_일식_01,일식,음식점 중 '일식'을 판매·제공하는 매장,f3ef90ec-7c16-4a6b-a2c1-8d6ef63ad218,죠렌,일식,동먹골상가 골목형상점가,골목형상점가,대구광역시,3.0,3.0,,,RESOLVED_AGREEMENT,False,3,,,,
02467637a5675a21bad7,test,일식,T1 정확표기,q_일식_01,일식,음식점 중 '일식'을 판매·제공하는 매장,bff1715e-a400-4ba4-9df0-c236d2ba9abe,카즈호,일식,마치광장골목형상점가,골목형상점가,대전광역시,3.0,3.0,,,RESOLVED_AGREEMENT,False,3,,,,
83243453d357ffc59096,test,일식,T2 동의어,q_일식_02,돈까스,음식점 중 '일식'을 판매·제공하는 매장,ca91e2c1-6d72-453f-8f01-5ceba3b0115a,안경돈까스,돈까스,공주산성시장,전통시장,충청남도,3.0,3.0,,,RESOLVED_AGREEMENT,False,3,,,,
cd7e188b343e3ec7a51f,test,일식,T2 동의어,q_일식_02,돈까스,음식점 중 '일식'을 판매·제공하는 매장,16d36b16-0bc1-4f4e-98e5-9565ff1d5dc3,수선화돈까스,돈까스,금남로5가 골목형상점가,골목형상점가,광주광역시,3.0,3.0,,,RESOLVED_AGREEMENT,False,3,,,,
308d1b0060ff7c1c48d7,test,일식,T2 동의어,q_일식_02,돈까스,음식점 중 '일식'을 판매·제공하는 매장,919b147a-bc44-43df-8bb7-c718189415bf,장돈까스,돈까스,낙낙별길골목형상점가,골목형상점가,서울특별시,3.0,3.0,,,RESOLVED_AGREEMENT,False,3,,,,
9e5f3c4197abb35f5686,test,일식,T2 동의어,q_일식_02,돈까스,음식점 중 '일식'을 판매·제공하는 매장,70e1f7d2-5cde-4fed-84b2-07ee7677f267,흑수돈,돈까스,산본전통시장(구 군포산본시장),전통시장,경기도,3.0,3.0,,,RESOLVED_AGREEMENT,False,3,,,,
7ccec2d57e981d9e87f1,test,일식,T2 동의어,q_일식_02,돈까스,음식점 중 '일식'을 판매·제공하는 매장,feb74da7-483a-4654-b85f-35828f4a068e,용돈까스,돈까스,현풍백년도깨비시장,전통시장,대구광역시,3.0,3.0,,,RESOLVED_AGREEMENT,False,3,,,,
f010acced14ef57defcd,test,일식,T2 동의어,q_일식_02,돈까스,음식점 중 '일식'을 판매·제공하는 매장,6e7fa5fe-03db-4b50-84a6-97970ab55e52,엄마손돈까스,돈까스 밥,매곡 사랑길 골목형상점가,골목형상점가,광주광역시,3.0,3.0,,,RESOLVED_AGREEMENT,False,3,,,,
02a6412d94de64aa1a34,test,일식,T2 동의어,q_일식_02,돈까스,음식점 중 '일식'을 판매·제공하는 매장,01afaafa-2a46-4977-8015-55762957ee7a,다래초밥,초밥,동문동 골목형상점가,골목형상점가,충청남도,3.0,3.0,,,RESOLVED_AGREEMENT,False,3,,,,
e69a0cff18890c979148,test,일식,T2 동의어,q_일식_02,돈까스,음식점 중 '일식'을 판매·제공하는 매장,ee751214-4261-4387-a5bf-955bdba58240,광장 돈까스,돈까스,백운광장 골목형상점가,골목형상점가,광주광역시,3.0,3.0,,,RESOLVED_AGREEMENT,False,3,,,,
6d85a1f880927f8cdd1a,test,일식,T2 동의어,q_일식_02,돈까스,음식점 중 '일식'을 판매·제공하는 매장,d3334523-ac03-4fe8-b0a7-544e9ed41748,피앙세,,부산진시장,전통시장,부산광역시,,0.0,Y,,P0_UNCERTAIN_OR_MISSING,True,,,,,
53f9a1ecc7d231d7394a,test,일식,T2 동의어,q_일식_02,돈까스,음식점 중 '일식'을 판매·제공하는 매장,217afd8e-35e9-4db8-a90d-1edd566aa5a5,윤돈,돈까스,익산중앙시장,전통시장,전북특별자치도,3.0,3.0,,,RESOLVED_AGREEMENT,False,3,,,,
1c9433c79c61e4c734e6,test,일식,T2 동의어,q_일식_02,돈까스,음식점 중 '일식'을 판매·제공하는 매장,1c26d3dc-0986-4bf3-a7f4-2d4e7a99304b,오대양횟집,일식 한식,전남여고후문 골목형상점가,골목형상점가,광주광역시,3.0,3.0,,,RESOLVED_AGREEMENT,False,3,,,,
f172248d8914ea3aeb2f,test,일식,T2 동의어,q_일식_02,돈까스,음식점 중 '일식'을 판매·제공하는 매장,445c157c-fa33-492e-9dad-43b744e3476e,대박돈까스,돈까스,말바우시장,전통시장,광주광역시,3.0,3.0,,,RESOLVED_AGREEMENT,False,3,,,,
de8548f0984ee0995134,test,일식,T2 동의어,q_일식_02,돈까스,음식점 중 '일식'을 판매·제공하는 매장,ea6ad509-ab64-4b43-bf40-7023103d3b3e,경우 돈까스,,수영팔도시장(구 수영팔도상가시장),전통시장,부산광역시,3.0,3.0,,,RESOLVED_AGREEMENT,False,3,,,,
130343e2802c9f725a1f,test,일식,T2 동의어,q_일식_02,돈까스,음식점 중 '일식'을 판매·제공하는 매장,0225925b-3945-46cd-b995-b946a617ccfc,초밥일번지,일식,안동음식의거리 골목형상점가,골목형상점가,경상북도,3.0,3.0,,,RESOLVED_AGREEMENT,False,3,,,,
1d19ee5dc031ff4c5a35,test,일식,T2 동의어,q_일식_02,돈까스,음식점 중 '일식'을 판매·제공하는 매장,0004ebd2-4e64-4552-95e5-a3b62efea718,적정온도 숙성회&초밥,회초밥,장안마실골목형상점가,골목형상점가,서울특별시,3.0,3.0,,,RESOLVED_AGREEMENT,False,3,,,,
297766b7cd1d9b3901aa,test,일식,T2 동의어,q_일식_02,돈까스,음식점 중 '일식'을 판매·제공하는 매장,107be52a-093e-4a30-b81a-ab453e4f4b42,영등포돈까스,돈까스,영등포전통시장,자율상권구역,서울특별시,3.0,3.0,,,RESOLVED_AGREEMENT,False,3,,,,
ae6ec8f5f313cf9a9c6e,test,일식,T2 동의어,q_일식_02,돈까스,음식점 중 '일식'을 판매·제공하는 매장,3e1325dd-976f-4554-8cff-a9ea1e8b7e5c,돈까스짱,돈까스,보정중심 골목형상점가,골목형상점가,경기도,3.0,3.0,,,RESOLVED_AGREEMENT,False,3,,,,
9376735844a6c0d606af,test,일식,T2 동의어,q_일식_02,돈까스,음식점 중 '일식'을 판매·제공하는 매장,026b148f-ce2a-4e35-8dbb-0aaca2c31325,은화수식당,돈까스 카레 우동 기타등등,군산디오션시티 골목형상점가,골목형상점가,전북특별자치도,3.0,3.0,,,RESOLVED_AGREEMENT,False,3,,,,
6e5d350b5a821580e8ad,test,일식,T2 동의어,q_일식_02,돈까스,음식점 중 '일식'을 판매·제공하는 매장,77d51f1c-c8d4-4bd4-9883-f8c24a361c33,돈까스천국,돈까스,서남신시장,전통시장,대구광역시,3.0,3.0,,,RESOLVED_AGREEMENT,False,3,,,,
a97b228d1c28f3325f6f,test,일식,T2 동의어,q_일식_02,돈까스,음식점 중 '일식'을 판매·제공하는 매장,afb78af4-6b4d-4b1f-b4da-edbaa12fe45d,만복돈까스,돈까스,원주자유시장,전통시장,강원특별자치도,3.0,3.0,,,RESOLVED_AGREEMENT,False,3,,,,
4f8749ba69282c3775f7,test,일식,T2 동의어,q_일식_02,돈까스,음식점 중 '일식'을 판매·제공하는 매장,88df6b3f-fb1c-41a7-b044-992002312c4b,온쿠모,돈까스,상무백운상인회 골목형상점가,골목형상점가,광주광역시,3.0,3.0,,,RESOLVED_AGREEMENT,False,3,,,,
0c1250701b468193fba3,test,일식,T2 동의어,q_일식_02,돈까스,음식점 중 '일식'을 판매·제공하는 매장,00dfe7e1-6daa-4586-9146-ec927a443d02,오늘애초밥,,포항죽도농산물시장,전통시장,경상북도,3.0,3.0,,,RESOLVED_AGREEMENT,False,3,,,,
648172e5702576258365,test,일식,T2 동의어,q_일식_02,돈까스,음식점 중 '일식'을 판매·제공하는 매장,01cecd17-bce9-4355-af06-2ca2cee82862,돈까스에빠지다 범어점,돈까스,범어식주가무명인골목 골목형상점가,골목형상점가,대구광역시,3.0,3.0,,,RESOLVED_AGREEMENT,False,3,,,,
da095e94f9f723cd4625,test,일식,T2 동의어,q_일식_02,돈까스,음식점 중 '일식'을 판매·제공하는 매장,b79b74bf-a99b-4f04-8535-eca977e975a1,명신상회,마늘,포항죽도농산물시장,전통시장,경상북도,1.0,0.0,,,P2_GRADED_ONLY,True,,,,,
0497d9c5773175baa06c,test,일식,T2 동의어,q_일식_02,돈까스,음식점 중 '일식'을 판매·제공하는 매장,4f3cb4d3-443a-4301-bb2b-8055ed939955,필링,돈까스,매곡 가인 골목형상점가,골목형상점가,광주광역시,3.0,3.0,,,RESOLVED_AGREEMENT,False,3,,,,
f2023820ad24fce6f41c,test,일식,T2 동의어,q_일식_02,돈까스,음식점 중 '일식'을 판매·제공하는 매장,b8f2f65b-5e8b-4216-b032-03cd94397e70,소담돈까스,돈까스,전곡중앙상가 골목형상점가,골목형상점가,경기도,3.0,3.0,,,RESOLVED_AGREEMENT,False,3,,,,
74b753ca9a1f5eb46353,test,일식,T2 동의어,q_일식_02,돈까스,음식점 중 '일식'을 판매·제공하는 매장,022aa88a-4fef-445a-baba-83a8de201d44,돈까스,한식,우림맛솜씨길골목형상점가,골목형상점가,서울특별시,2.0,3.0,,,P2_GRADED_ONLY,True,,,,,
a459edd94fb07420dff1,test,일식,T2 동의어,q_일식_02,돈까스,음식점 중 '일식'을 판매·제공하는 매장,087d5a4c-e66a-44cd-92bf-f0c9dd1c07e3,삿뽀로돈까스,돈까스,송강동 골목형상점가,골목형상점가,대전광역시,3.0,3.0,,,RESOLVED_AGREEMENT,False,3,,,,
cd81015225c7cb244fb8,test,일식,T2 동의어,q_일식_02,돈까스,음식점 중 '일식'을 판매·제공하는 매장,105caee8-054c-4590-b852-4e2826a0c3a4,돈까스,음식(돈까스),구로시장,전통시장,서울특별시,3.0,3.0,,,RESOLVED_AGREEMENT,False,3,,,,
d0d06bceb5205445d941,test,일식,T2 동의어,q_일식_02,돈까스,음식점 중 '일식'을 판매·제공하는 매장,005eb589-94b0-4a7e-b4e4-ef8cf64b0762,스시쿄다이,일식,동홍8번가 골목형상점가,골목형상점가,제주특별자치도,3.0,3.0,,,RESOLVED_AGREEMENT,False,3,,,,
0dc48e843d16007935dc,test,일식,T2 동의어,q_일식_02,돈까스,음식점 중 '일식'을 판매·제공하는 매장,55df2868-59ed-4245-a236-8f3d3c7399de,행돈,돈까스,서문공설시장,전통시장,제주특별자치도,3.0,3.0,,,RESOLVED_AGREEMENT,False,3,,,,
40ad4ba6876b9534dcee,test,일식,T2 동의어,q_일식_02,돈까스,음식점 중 '일식'을 판매·제공하는 매장,01f14598-4405-408e-9fac-71db17ed6f05,동경스시,,풍무동1 골목형상점가,골목형상점가,경기도,3.0,3.0,,,RESOLVED_AGREEMENT,False,3,,,,
cadd2508bf19cde89a82,test,일식,T2 동의어,q_일식_02,돈까스,음식점 중 '일식'을 판매·제공하는 매장,ef9d297b-3674-4a64-9ba6-a98efeb46899,필링돈까스,돈까스,정부청사 골목형상점가,골목형상점가,광주광역시,3.0,3.0,,,RESOLVED_AGREEMENT,False,3,,,,
01a27ec0ac1fda9f9163,test,일식,T2 동의어,q_일식_02,돈까스,음식점 중 '일식'을 판매·제공하는 매장,0c13f330-3724-42d6-9a35-ef192eda6d8a,네일프레소,네일아트,노블레스 골목형상점가,골목형상점가,경기도,0.0,0.0,,,RESOLVED_AGREEMENT,False,0,,,,
e4e33541db1ad6415506,test,일식,T2 동의어,q_일식_02,돈까스,음식점 중 '일식'을 판매·제공하는 매장,f9f846a6-ca31-41e7-b021-c8324784b3d7,금호왕돈까스,돈까스,금호1동상가번영회 골목형상점가,골목형상점가,광주광역시,3.0,3.0,,,RESOLVED_AGREEMENT,False,3,,,,
5c8afc55680b01680f65,test,일식,T2 동의어,q_일식_02,돈까스,음식점 중 '일식'을 판매·제공하는 매장,3862937b-b0d3-48a2-a32a-947772fcea3e,브라운돈까스,돈까스,소담마실길 골목형상점가,골목형상점가,세종특별자치시,3.0,3.0,,,RESOLVED_AGREEMENT,False,3,,,,
ea56199ba6df89346232,test,일식,T2 동의어,q_일식_02,돈까스,음식점 중 '일식'을 판매·제공하는 매장,23138dc4-fb7a-4233-987d-979a4f054844,더바삭돈까스,돈까스,지족반석 골목형상점가,골목형상점가,대전광역시,3.0,3.0,,,RESOLVED_AGREEMENT,False,3,,,,
0965e3d43dd4b27d4fe3,test,일식,T2 동의어,q_일식_02,돈까스,음식점 중 '일식'을 판매·제공하는 매장,68778bd6-216f-4b4d-b71f-f55e99367d2b,청호돈까스,돈까스,호계공설시장,전통시장,울산광역시,3.0,3.0,,,RESOLVED_AGREEMENT,False,3,,,,
7bd04f22471646239172,test,일식,T2 동의어,q_일식_02,돈까스,음식점 중 '일식'을 판매·제공하는 매장,27786324-e308-45b2-86cf-035424e3c0c9,돈까스짱,돈까스 한식,둔촌역전통시장,전통시장,서울특별시,3.0,3.0,,,RESOLVED_AGREEMENT,False,3,,,,
89144e7969beccbd47b3,test,일식,T2 동의어,q_일식_02,돈까스,음식점 중 '일식'을 판매·제공하는 매장,01f2d713-86d5-414a-b9b9-1fdde102f589,미스타교자(상봉점),일식,상봉먹자골목형상점가,골목형상점가,서울특별시,3.0,3.0,,,RESOLVED_AGREEMENT,False,3,,,,
29075ecacaf24d995cd9,test,일식,T2 동의어,q_일식_02,돈까스,음식점 중 '일식'을 판매·제공하는 매장,12410d6f-fc90-41c8-b0fe-427e73473c32,푸짐돈까스,돈까스,금당산길상인회 골목형상점가,골목형상점가,광주광역시,3.0,3.0,,,RESOLVED_AGREEMENT,False,3,,,,
4e97e49a74f4f4587457,test,일식,T2 동의어,q_일식_02,돈까스,음식점 중 '일식'을 판매·제공하는 매장,b1373e67-723f-4079-8b03-830e64443e37,원픽 돈까스,돈까스,하복대시장(구 하복대종합시장),전통시장,충청북도,3.0,3.0,,,RESOLVED_AGREEMENT,False,3,,,,
235135c585d80591781b,test,일식,T2 동의어,q_일식_02,돈까스,음식점 중 '일식'을 판매·제공하는 매장,b79ef038-b3ef-437d-a1d7-3af25593064d,왕돈까스,돈까스,보라매다올길골목형상점가,골목형상점가,서울특별시,3.0,3.0,,,RESOLVED_AGREEMENT,False,3,,,,
859c967e479a6a3dd88c,test,일식,T2 동의어,q_일식_02,돈까스,음식점 중 '일식'을 판매·제공하는 매장,f30ba04c-2f89-4988-a9ad-1e279fc3496e,앤티베이크,,화정금화로상인회 골목형상점가,골목형상점가,,,0.0,Y,,P0_UNCERTAIN_OR_MISSING,True,,,,,
8ca0960eef4bf1d562b5,test,일식,T2 동의어,q_일식_02,돈까스,음식점 중 '일식'을 판매·제공하는 매장,00f1a1de-5180-4857-ac9d-3d104fc8a1e0,진스시,,신구로현대어반벨리 골목형상점가,골목형상점가,서울특별시,3.0,3.0,,,RESOLVED_AGREEMENT,False,3,,,,
84a2ac1996a59f99697c,test,일식,T2 동의어,q_일식_02,돈까스,음식점 중 '일식'을 판매·제공하는 매장,3a7ec82c-a648-44e1-865c-aedab180585c,차차돈까스,돈까스,태화십리대밭먹거리단지 상점가,자율상권구역,울산광역시,3.0,3.0,,,RESOLVED_AGREEMENT,False,3,,,,
8cd00e9efd55028a8d0b,test,일식,T2 동의어,q_일식_02,돈까스,음식점 중 '일식'을 판매·제공하는 매장,fd124d67-c83c-4982-94da-9d9532506106,오늘도돈까스,돈까스,화서1동 소상공인 골목형상점가,골목형상점가,경기도,3.0,3.0,,,RESOLVED_AGREEMENT,False,3,,,,
7b0df9a5a6a3567d9b02,test,일식,T2 동의어,q_일식_02,돈까스,음식점 중 '일식'을 판매·제공하는 매장,0547b6e2-3d1e-4a4a-97c6-9b1c1344bf88,김희철 스시,,솔매사랑길 골목형상점가,골목형상점가,서울특별시,3.0,3.0,,,RESOLVED_AGREEMENT,False,3,,,,
6745bdb403111f359895,test,일식,T2 동의어,q_일식_02,돈까스,음식점 중 '일식'을 판매·제공하는 매장,468bcac3-6c75-4575-83c8-30cb9b2f78c5,슬돈,돈까스,고성동벚꽃 골목형상점가,골목형상점가,대구광역시,3.0,3.0,,,RESOLVED_AGREEMENT,False,3,,,,
184fb9fdc5190182794f,test,일식,T2 동의어,q_일식_02,돈까스,음식점 중 '일식'을 판매·제공하는 매장,33062b8a-eaf5-4600-b5da-256d02309853,돈페,양식 돈까스,수완장덕 골목형상점가,골목형상점가,광주광역시,3.0,3.0,,,RESOLVED_AGREEMENT,False,3,,,,
1673d84d3998feadb276,test,일식,T2 동의어,q_일식_02,돈까스,음식점 중 '일식'을 판매·제공하는 매장,315bbfe2-1c10-4ae5-81fe-94e3b89e1d57,용까쓰,돈까스,도화동상점가,자율상권구역,서울특별시,3.0,3.0,,,RESOLVED_AGREEMENT,False,3,,,,
f6da931175d21dd57557,test,일식,T2 동의어,q_일식_02,돈까스,음식점 중 '일식'을 판매·제공하는 매장,01710a82-bb0d-4cbc-8491-708f78ce99fe,스시니쿠 후평점,,인공폭포상가,자율상권구역,강원특별자치도,3.0,3.0,,,RESOLVED_AGREEMENT,False,3,,,,
3e45a4fcc83692f13088,test,일식,T2 동의어,q_일식_02,돈까스,음식점 중 '일식'을 판매·제공하는 매장,42db434b-9bc1-4c68-b760-8548a32a3da2,징터돈까스,돈까스,사당4골목형상점가,골목형상점가,서울특별시,3.0,3.0,,,RESOLVED_AGREEMENT,False,3,,,,
a32c6dd30c78d12c63f1,test,일식,T2 동의어,q_일식_02,돈까스,음식점 중 '일식'을 판매·제공하는 매장,6786ef16-22eb-46f7-93ac-b50c9de62f50,망치 돈까스,,남악천변 골목형상점가,골목형상점가,,3.0,3.0,,,RESOLVED_AGREEMENT,False,3,,,,
668e3eeda5ccf4fbb87d,test,일식,T2 동의어,q_일식_02,돈까스,음식점 중 '일식'을 판매·제공하는 매장,62c26e13-925d-4bd2-9563-3c0362069e44,약돌돈까스,돈까스,가은아자개시장,전통시장,경상북도,3.0,3.0,,,RESOLVED_AGREEMENT,False,3,,,,
d27c37f7c746e50ccc9a,test,일식,T2 동의어,q_일식_02,돈까스,음식점 중 '일식'을 판매·제공하는 매장,00e80339-1353-4885-81d7-0746a437abb2,포식 용인한숲시티점,쌀국수 돈까스 함박스테이크,남사한숲 골목형상점가,골목형상점가,경기도,3.0,3.0,,,RESOLVED_AGREEMENT,False,3,,,,
8157a2eacafc470bbb8e,test,일식,T2 동의어,q_일식_02,돈까스,음식점 중 '일식'을 판매·제공하는 매장,2e55adb9-7024-4f02-80ef-bfba726bd688,봄봄플라워,,부산자유시장,전통시장,부산광역시,0.0,0.0,,,RESOLVED_AGREEMENT,False,0,,,,
42ab506fc3b83518a110,test,일식,T2 동의어,q_일식_02,돈까스,음식점 중 '일식'을 판매·제공하는 매장,1be2f742-0996-4607-9f03-886299f087d8,생생돈까스,돈까스,신용동 육교 앞 골목형상점가,골목형상점가,광주광역시,3.0,3.0,,,RESOLVED_AGREEMENT,False,3,,,,
eeee105b86aa3bc16f3a,test,일식,T2 동의어,q_일식_02,돈까스,음식점 중 '일식'을 판매·제공하는 매장,04c1454c-94f9-4a74-a347-11bfad75cb82,스시대관령,일식스시,내곡동골목형상점가,골목형상점가,강원특별자치도,3.0,3.0,,,RESOLVED_AGREEMENT,False,3,,,,
9b4fd5f1ebfee8f4d5ee,test,일식,T2 동의어,q_일식_02,돈까스,음식점 중 '일식'을 판매·제공하는 매장,02e18ef3-4b66-4159-96bf-759bfb98320f,카츠옹,돈까스,자양번영로골목형상점가,골목형상점가,서울특별시,3.0,3.0,,,RESOLVED_AGREEMENT,False,3,,,,
84fa2f49099e074d113c,test,일식,T2 동의어,q_일식_02,돈까스,음식점 중 '일식'을 판매·제공하는 매장,2818030f-5603-4e54-970b-5bc7909edf58,서부돈까스,돈까스,명덕마을 골목형상점가,골목형상점가,울산광역시,3.0,3.0,,,RESOLVED_AGREEMENT,False,3,,,,
44a70e3a31252105178b,test,일식,T2 동의어,q_일식_02,돈까스,음식점 중 '일식'을 판매·제공하는 매장,5cb12b9d-3ae9-4ed4-85b5-2900ceaa9ffe,만춘,돈까스,과천스마트케이 골목형상점가,골목형상점가,경기도,3.0,3.0,,,RESOLVED_AGREEMENT,False,3,,,,
4a792ecc23365a7db7ac,test,일식,T2 동의어,q_일식_02,돈까스,음식점 중 '일식'을 판매·제공하는 매장,00fcc68d-3086-4b45-b998-f3763e8dbf7d,꼬치마요 산본역점(9호점),일식,산본로데오거리(구 산본중심상가),자율상권구역,경기도,3.0,3.0,,,RESOLVED_AGREEMENT,False,3,,,,
2c3407cd13fe8dfb262c,test,일식,T2 동의어,q_일식_02,돈까스,음식점 중 '일식'을 판매·제공하는 매장,025255cd-6e4e-4d26-b2b7-bd18e2858548,정성카츠 화정점,일식,화정로상가상인회 골목형상점가,골목형상점가,광주광역시,3.0,3.0,,,RESOLVED_AGREEMENT,False,3,,,,
a03c96719a33e5cc38ca,test,일식,T2 동의어,q_일식_02,돈까스,음식점 중 '일식'을 판매·제공하는 매장,366cdf77-3277-48c4-8c0d-c2c30ce3812a,아빠의돈까스,돈까스,내곡동골목형상점가,골목형상점가,강원특별자치도,3.0,3.0,,,RESOLVED_AGREEMENT,False,3,,,,
7e29b98e4c6b85a606d6,test,일식,T2 동의어,q_일식_02,돈까스,음식점 중 '일식'을 판매·제공하는 매장,9623b677-615f-45ab-b7ec-0aeb820b9528,셰프의 돈까스,돈까스,초록거리 골목형상점가,골목형상점가,경기도,3.0,3.0,,,RESOLVED_AGREEMENT,False,3,,,,
fdf0c071826c6f920f3e,test,일식,T2 동의어,q_일식_02,돈까스,음식점 중 '일식'을 판매·제공하는 매장,2c3369b2-0039-424d-ae93-8752e851eca9,원픽돈까스,돈까스,송강동 골목형상점가,골목형상점가,대전광역시,3.0,3.0,,,RESOLVED_AGREEMENT,False,3,,,,
c35b35bc279c54b1f21e,test,일식,T2 동의어,q_일식_02,돈까스,음식점 중 '일식'을 판매·제공하는 매장,ea3cfa1a-b49d-4246-a543-fbc0567de3d5,씨유첨단호반점,편의점,신용동 골목형상점가,골목형상점가,광주광역시,0.0,0.0,,,RESOLVED_AGREEMENT,False,0,,,,
2c878df1a810acb057a6,test,일식,T2 동의어,q_일식_02,돈까스,음식점 중 '일식'을 판매·제공하는 매장,00ba389b-e522-4da5-ac26-2ffaf33359ec,스시노유키,초밥,산본로데오거리(구 산본중심상가),자율상권구역,경기도,3.0,3.0,,,RESOLVED_AGREEMENT,False,3,,,,
873f6ca719a709684d97,test,일식,T2 동의어,q_일식_02,돈까스,음식점 중 '일식'을 판매·제공하는 매장,f2013bc4-89ef-4bb0-8f98-3455a6393571,석진봉까스,돈까스,신흥로데오거리상점가,골목형상점가,경기도,3.0,3.0,,,RESOLVED_AGREEMENT,False,3,,,,
23a631bd44da6ecb777a,test,일식,T2 동의어,q_일식_02,돈까스,음식점 중 '일식'을 판매·제공하는 매장,8982a8d2-fffb-4de8-8d8b-9c223611bd0f,돈까스마을,돈까스,원주자유시장,전통시장,강원특별자치도,3.0,3.0,,,RESOLVED_AGREEMENT,False,3,,,,
f63b4c9ba176b14947db,test,일식,T2 동의어,q_일식_02,돈까스,음식점 중 '일식'을 판매·제공하는 매장,9bd99d8a-103c-44bb-9fb8-998df4e14e77,돈까스뷔페,돈까스,일곡동 골목형상점가,골목형상점가,광주광역시,3.0,3.0,,,RESOLVED_AGREEMENT,False,3,,,,
a3c0e17f4bd9650fa1c6,test,일식,T2 동의어,q_일식_02,돈까스,음식점 중 '일식'을 판매·제공하는 매장,00eefa39-8925-4ff1-8fb6-e3aa2c2b7937,아비꼬 용인보정점,일식 음식점,BOCA 보카상점가,골목형상점가,경기도,3.0,3.0,,,RESOLVED_AGREEMENT,False,3,,,,
340dffb4b476f5edc2a3,test,일식,T2 동의어,q_일식_02,돈까스,음식점 중 '일식'을 판매·제공하는 매장,15043e8b-d1e1-4e80-8902-fc7f21f28f0c,돈까스담다,돈까스,BOCA 보카상점가,골목형상점가,경기도,3.0,3.0,,,RESOLVED_AGREEMENT,False,3,,,,
af2e2c8a086c4aaaea69,test,일식,T2 동의어,q_일식_02,돈까스,음식점 중 '일식'을 판매·제공하는 매장,818f30b1-bc79-45b5-8a1b-07e75d22b5f8,주천돈까스,돈까스,주천골목형상점가,골목형상점가,강원특별자치도,3.0,3.0,,,RESOLVED_AGREEMENT,False,3,,,,
918c0ad18271f7898874,test,일식,T2 동의어,q_일식_02,돈까스,음식점 중 '일식'을 판매·제공하는 매장,ce9d46ca-46c9-4e17-8a2a-830ecd48799b,무진돈,돈까스,평택시배미지구 골목형상점가,골목형상점가,경기도,3.0,3.0,,,RESOLVED_AGREEMENT,False,3,,,,
f5084f29ec742d81b434,test,일식,T2 동의어,q_일식_02,돈까스,음식점 중 '일식'을 판매·제공하는 매장,c2299385-c010-4569-8c43-ea57d4bb45b2,해오름돈까스,돈까스,장대 골목형상점가,골목형상점가,대전광역시,3.0,3.0,,,RESOLVED_AGREEMENT,False,3,,,,
6f9140eefb4f85427c71,test,일식,T2 동의어,q_일식_02,돈까스,음식점 중 '일식'을 판매·제공하는 매장,03e60ecc-402f-49e8-b1ac-cbd4f330144d,온정돈까스 천안불당점,돈까스,시청앞 골목형상점가,골목형상점가,충청남도,3.0,3.0,,,RESOLVED_AGREEMENT,False,3,,,,
896d97db0262a1453e4f,test,일식,T2 동의어,q_일식_02,돈까스,음식점 중 '일식'을 판매·제공하는 매장,d47bfdbb-35dc-4a50-a293-6ff3d8ee93e2,일단지 시장 돈까스,돈까스,후평일단지시장,전통시장,강원특별자치도,3.0,3.0,,,RESOLVED_AGREEMENT,False,3,,,,
d2b1b195a53f5799f69a,test,일식,T2 동의어,q_일식_02,돈까스,음식점 중 '일식'을 판매·제공하는 매장,c4800548-2d62-4545-b588-c50b3497e9b0,바로돈까스,돈까스,의정부시장,전통시장,경기도,3.0,3.0,,,RESOLVED_AGREEMENT,False,3,,,,
f29953c9753afba959e2,test,일식,T2 동의어,q_일식_02,돈까스,음식점 중 '일식'을 판매·제공하는 매장,1c59b3d2-5e4e-4b04-862e-ece897e00ed3,망치,돈까스,원신흥 골목형상점가,골목형상점가,대전광역시,3.0,3.0,,,RESOLVED_AGREEMENT,False,3,,,,
e185b70d420f23043826,test,일식,T2 동의어,q_일식_02,돈까스,음식점 중 '일식'을 판매·제공하는 매장,2aa275de-9340-4e3e-aa03-da6018e17de6,돈까스날다,돈까스,공주산성 활성화구역,전통시장,충청남도,3.0,3.0,,,RESOLVED_AGREEMENT,False,3,,,,
0d92aa6a908563dd3ad8,test,일식,T2 동의어,q_일식_02,돈까스,음식점 중 '일식'을 판매·제공하는 매장,013d58c8-33f8-4dbe-95de-801d22ea9505,민영활어공장 부천자유시장점,"회, 초밥",부천자유시장,전통시장,경기도,3.0,3.0,,,RESOLVED_AGREEMENT,False,3,,,,
d532c540041e37809515,test,일식,T2 동의어,q_일식_02,돈까스,음식점 중 '일식'을 판매·제공하는 매장,76333b8d-3987-4d39-adde-f69dc0647936,목동돈까스,돈까스,개봉중앙시장,전통시장,서울특별시,3.0,3.0,,,RESOLVED_AGREEMENT,False,3,,,,
efd4d3032f2630d1bc3d,test,일식,T2 동의어,q_일식_02,돈까스,음식점 중 '일식'을 판매·제공하는 매장,978f31d8-0482-4233-9d2d-83dc8fc7abec,돈까스짱,돈까스,풍암우미상인회 골목형상점가,골목형상점가,광주광역시,3.0,3.0,,,RESOLVED_AGREEMENT,False,3,,,,
a46aba16f825fdd8d955,test,일식,T2 동의어,q_일식_02,돈까스,음식점 중 '일식'을 판매·제공하는 매장,8b06f1bd-5cc0-4a7d-9af3-11e5e794bd57,미소돈까스,돈까스,용호시장,전통시장,부산광역시,3.0,3.0,,,RESOLVED_AGREEMENT,False,3,,,,
07fe6779242912d2b897,test,일식,T2 동의어,q_일식_02,돈까스,음식점 중 '일식'을 판매·제공하는 매장,c7e23c64-16e4-440a-9286-a88253b601ea,네모돼지돈까스,돈까스,문화의거리 상점가,자율상권구역,울산광역시,3.0,3.0,,,RESOLVED_AGREEMENT,False,3,,,,
274536f45ed295cc7b8e,test,일식,T2 동의어,q_일식_02,돈까스,음식점 중 '일식'을 판매·제공하는 매장,5e9c5cdc-1aa9-4e5d-90bf-d6653edad65c,서문고추상회,고추,서문공설시장,전통시장,제주특별자치도,1.0,0.0,,,P2_GRADED_ONLY,True,,,,,
f1897fff8598d6907a2a,test,일식,T2 동의어,q_일식_03,스시,음식점 중 '일식'을 판매·제공하는 매장,1126cb6f-3ba3-447a-880b-43e40799d815,홍스시,스시,운암이 골목형상점가,골목형상점가,광주광역시,3.0,3.0,,,RESOLVED_AGREEMENT,False,3,,,,
da1a850d1dfc5aea8dd1,test,일식,T2 동의어,q_일식_03,스시,음식점 중 '일식'을 판매·제공하는 매장,11045d21-53c0-4ae6-b1f7-9f9c9a8b5577,스시대가,스시,해들마을 골목형상점가,골목형상점가,세종특별자치시,3.0,3.0,,,RESOLVED_AGREEMENT,False,3,,,,
633184183d7e1b8a92f9,test,일식,T2 동의어,q_일식_03,스시,음식점 중 '일식'을 판매·제공하는 매장,491ac0d5-d60c-4ed7-af06-84017e5cfca6,히메스시,한식,봉선로19번길 골목형상점가,골목형상점가,광주광역시,2.0,3.0,,,P2_GRADED_ONLY,True,,,,,
521e2e9877fe21e72800,test,일식,T2 동의어,q_일식_03,스시,음식점 중 '일식'을 판매·제공하는 매장,34414e75-33c7-4a9f-a6fc-39017374803c,이가스시,,오류버들시장골목형상점가,골목형상점가,서울특별시,3.0,3.0,,,RESOLVED_AGREEMENT,False,3,,,,
c36a21d3ae7b4caba02b,test,일식,T2 동의어,q_일식_03,스시,음식점 중 '일식'을 판매·제공하는 매장,026b148f-ce2a-4e35-8dbb-0aaca2c31325,은화수식당,돈까스 카레 우동 기타등등,군산디오션시티 골목형상점가,골목형상점가,전북특별자치도,2.0,3.0,,,P2_GRADED_ONLY,True,,,,,
a2f2dbbc323854da18cd,test,일식,T2 동의어,q_일식_03,스시,음식점 중 '일식'을 판매·제공하는 매장,00e80339-1353-4885-81d7-0746a437abb2,포식 용인한숲시티점,쌀국수 돈까스 함박스테이크,남사한숲 골목형상점가,골목형상점가,경기도,2.0,3.0,,,P2_GRADED_ONLY,True,,,,,
08bdb51e11038f45765e,test,일식,T2 동의어,q_일식_03,스시,음식점 중 '일식'을 판매·제공하는 매장,502abb5a-b2c7-429f-8e99-10a7b47e304e,스시하나,스시,루원음식문화거리,골목형상점가,인천광역시,3.0,3.0,,,RESOLVED_AGREEMENT,False,3,,,,
4022ff7b554e14ffba67,test,일식,T2 동의어,q_일식_03,스시,음식점 중 '일식'을 판매·제공하는 매장,2d7a508b-8571-4075-8b09-4358a76d1ee2,우마이스시,음식(스시),산본로데오거리(구 산본중심상가),자율상권구역,경기도,3.0,3.0,,,RESOLVED_AGREEMENT,False,3,,,,
bea0849d58b51a1d162f,test,일식,T2 동의어,q_일식_03,스시,음식점 중 '일식'을 판매·제공하는 매장,c8758801-7b48-4c6e-83df-0c74ea4ef7fe,아라스시,스시,천안중앙시장,전통시장,충청남도,3.0,3.0,,,RESOLVED_AGREEMENT,False,3,,,,
1d8129ed71cbef9b56e1,test,일식,T2 동의어,q_일식_03,스시,음식점 중 '일식'을 판매·제공하는 매장,5fba9d55-38ba-45b8-901d-d7873f5e9bd6,더(the)스시,일식,양원숲길 골목형상점가,골목형상점가,서울특별시,3.0,3.0,,,RESOLVED_AGREEMENT,False,3,,,,
2f2218ed0560305c77ef,test,일식,T2 동의어,q_일식_03,스시,음식점 중 '일식'을 판매·제공하는 매장,a7940619-5ac9-40f7-ad14-6d9d42f17e9c,교꾸스시,음식점,용강동상점가,자율상권구역,서울특별시,2.0,3.0,,,P2_GRADED_ONLY,True,,,,,
f12cc0f45bea8e5dde25,test,일식,T2 동의어,q_일식_03,스시,음식점 중 '일식'을 판매·제공하는 매장,01cecd17-bce9-4355-af06-2ca2cee82862,돈까스에빠지다 범어점,돈까스,범어식주가무명인골목 골목형상점가,골목형상점가,대구광역시,2.0,3.0,,,P2_GRADED_ONLY,True,,,,,
ec1a382aba472472e525,test,일식,T2 동의어,q_일식_03,스시,음식점 중 '일식'을 판매·제공하는 매장,ccff5fa3-2aa8-4c5f-a45f-d2cbadf83029,뽕뜨락피자청주내수점&스시마당,피자 스시,내수전통시장,전통시장,충청북도,3.0,3.0,,,RESOLVED_AGREEMENT,False,3,,,,
14128c90d7bad8a5845d,test,일식,T2 동의어,q_일식_03,스시,음식점 중 '일식'을 판매·제공하는 매장,6e5d969f-082b-4278-accd-f5febc5bf3c5,스시호시,일식,성남중앙시장(중앙공설시장),전통시장,경기도,3.0,3.0,,,RESOLVED_AGREEMENT,False,3,,,,
0d435831b88824bed100,test,일식,T2 동의어,q_일식_03,스시,음식점 중 '일식'을 판매·제공하는 매장,79ab04b0-e3dc-48ee-8015-6b0c898a1cbc,연빈스시,일식,황계 골목형상점가,골목형상점가,광주광역시,3.0,3.0,,,RESOLVED_AGREEMENT,False,3,,,,
47fee03f1710026030ef,test,일식,T2 동의어,q_일식_03,스시,음식점 중 '일식'을 판매·제공하는 매장,00ba389b-e522-4da5-ac26-2ffaf33359ec,스시노유키,초밥,산본로데오거리(구 산본중심상가),자율상권구역,경기도,3.0,3.0,,,RESOLVED_AGREEMENT,False,3,,,,
1340eb135ec9577c428b,test,일식,T2 동의어,q_일식_03,스시,음식점 중 '일식'을 판매·제공하는 매장,d9106b85-5759-446d-a475-5b643d3462f4,"스시, 윤슬",,반도 골목형상점가,골목형상점가,충청남도,3.0,3.0,,,RESOLVED_AGREEMENT,False,3,,,,
9290fe9892d48b4e04a5,test,일식,T2 동의어,q_일식_03,스시,음식점 중 '일식'을 판매·제공하는 매장,c4e41ecb-64ca-44f1-8734-b9ed7b2987f5,스시생,일식 스시,유천택지올림픽길골목형상점가,골목형상점가,강원특별자치도,3.0,3.0,,,RESOLVED_AGREEMENT,False,3,,,,
438079052fb8d610aecc,test,일식,T2 동의어,q_일식_03,스시,음식점 중 '일식'을 판매·제공하는 매장,e472012d-7383-49de-aa19-f486c78596d8,스시니쿠,"스시, 사시미, 한우물회",춘천명동상점가,자율상권구역,강원특별자치도,3.0,3.0,,,RESOLVED_AGREEMENT,False,3,,,,
9663c09ba4253c4aed83,test,일식,T2 동의어,q_일식_03,스시,음식점 중 '일식'을 판매·제공하는 매장,8017af78-870f-451e-a92a-7dae0583037b,스엔스시,스시,청학동골목형상점가,골목형상점가,인천광역시,3.0,3.0,,,RESOLVED_AGREEMENT,False,3,,,,
32a19c9b8c79655c8db2,test,일식,T2 동의어,q_일식_03,스시,음식점 중 '일식'을 판매·제공하는 매장,01f14598-4405-408e-9fac-71db17ed6f05,동경스시,,풍무동1 골목형상점가,골목형상점가,경기도,3.0,3.0,,,RESOLVED_AGREEMENT,False,3,,,,
c8a4ac586909fbff12fa,test,일식,T2 동의어,q_일식_03,스시,음식점 중 '일식'을 판매·제공하는 매장,7c889235-bb78-43e3-9ddf-4f59f35e1339,태스시,일식,봉리단길골목형상점가,골목형상점가,서울특별시,3.0,3.0,,,RESOLVED_AGREEMENT,False,3,,,,
8d531ece2f974ee7e3a4,test,일식,T2 동의어,q_일식_03,스시,음식점 중 '일식'을 판매·제공하는 매장,82268ea0-7f77-4714-8467-2a1bcb050c85,스시앤회산,스시 회,암사종합시장,전통시장,서울특별시,3.0,3.0,,,RESOLVED_AGREEMENT,False,3,,,,
f6e5a96aa29eaa445a56,test,일식,T2 동의어,q_일식_03,스시,음식점 중 '일식'을 판매·제공하는 매장,3e7ca476-1eda-4313-8a87-61f08e5b8a41,복만활어& 스시,,안양중앙시장,전통시장,경기도,3.0,3.0,,,RESOLVED_AGREEMENT,False,3,,,,
eb0847bf7024d864ba2e,test,일식,T2 동의어,q_일식_03,스시,음식점 중 '일식'을 판매·제공하는 매장,a39fdf4e-2169-4244-98d5-bdda978a30fa,스시 오우시,일본 음식,남사한숲 골목형상점가,골목형상점가,경기도,2.0,3.0,,,P2_GRADED_ONLY,True,,,,,
7e4ff8451e27368ea9c9,test,일식,T2 동의어,q_일식_03,스시,음식점 중 '일식'을 판매·제공하는 매장,02e18ef3-4b66-4159-96bf-759bfb98320f,카츠옹,돈까스,자양번영로골목형상점가,골목형상점가,서울특별시,2.0,3.0,,,P2_GRADED_ONLY,True,,,,,
f6bf36b85000fab32f6a,test,일식,T2 동의어,q_일식_03,스시,음식점 중 '일식'을 판매·제공하는 매장,b612d909-cd50-4c2c-82d6-b95d5a413e8c,스시율,,개항희망문화상권 상권활성화구역,상권활성화구역,인천광역시,3.0,3.0,,,RESOLVED_AGREEMENT,False,3,,,,
a6a567b1287e101ecb02,test,일식,T2 동의어,q_일식_03,스시,음식점 중 '일식'을 판매·제공하는 매장,78260746-8f6c-4b35-b7ea-445ee181ea6f,훈육,한식,신흥시장,전통시장,서울특별시,1.0,1.0,,,RESOLVED_AGREEMENT,False,1,,,,
8b9f6478f3571d67a6b0,test,일식,T2 동의어,q_일식_03,스시,음식점 중 '일식'을 판매·제공하는 매장,559876b3-691a-4a99-80ee-42260c46662a,마왕,스시,문화의거리 상점가,자율상권구역,울산광역시,3.0,3.0,,,RESOLVED_AGREEMENT,False,3,,,,
1783daee6ae1d89d0246,test,일식,T2 동의어,q_일식_03,스시,음식점 중 '일식'을 판매·제공하는 매장,26c842f5-f1be-4f82-b94d-57a3d975a627,스바루,"일식, 스시, 우동",수영팔도시장(구 수영팔도상가시장),전통시장,부산광역시,3.0,3.0,,,RESOLVED_AGREEMENT,False,3,,,,
f0903b3b768c5c0a8da3,test,일식,T2 동의어,q_일식_03,스시,음식점 중 '일식'을 판매·제공하는 매장,00dfe7e1-6daa-4586-9146-ec927a443d02,오늘애초밥,,포항죽도농산물시장,전통시장,경상북도,3.0,3.0,,,RESOLVED_AGREEMENT,False,3,,,,
ea9d708b95d334960ed4,test,일식,T2 동의어,q_일식_03,스시,음식점 중 '일식'을 판매·제공하는 매장,9578df76-12b0-43fc-97a9-78ffe6980978,남서울상가22,기타잡화,남서울상가,자율상권구역,서울특별시,0.0,0.0,,,RESOLVED_AGREEMENT,False,0,,,,
7a0df5a7ee8c3354ef98,test,일식,T2 동의어,q_일식_03,스시,음식점 중 '일식'을 판매·제공하는 매장,c22eb54e-5209-44f8-a99f-63483434e1c6,스시고,스시,성남먹자골목,골목형상점가,울산광역시,3.0,3.0,,,RESOLVED_AGREEMENT,False,3,,,,
f5ca4885a1e509defe57,test,일식,T2 동의어,q_일식_03,스시,음식점 중 '일식'을 판매·제공하는 매장,89837f90-bc1f-4fa5-be97-fed8ffbb13e1,스시1290,"스시, 초밥",아주대 대학로 골목형상점가,골목형상점가,경기도,3.0,3.0,,,RESOLVED_AGREEMENT,False,3,,,,
ea16fdec9c85533fd50e,test,일식,T2 동의어,q_일식_03,스시,음식점 중 '일식'을 판매·제공하는 매장,013d58c8-33f8-4dbe-95de-801d22ea9505,민영활어공장 부천자유시장점,"회, 초밥",부천자유시장,전통시장,경기도,3.0,3.0,,,RESOLVED_AGREEMENT,False,3,,,,
dce53124f51a0343bbe2,test,일식,T2 동의어,q_일식_03,스시,음식점 중 '일식'을 판매·제공하는 매장,0a77f980-2681-479c-acb2-58226a783708,스시아오(푸른스시),,매곡신천 골목형상점가,골목형상점가,울산광역시,3.0,3.0,,,RESOLVED_AGREEMENT,False,3,,,,
fcfcb800d0447eeaa76b,test,일식,T2 동의어,q_일식_03,스시,음식점 중 '일식'을 판매·제공하는 매장,196ae8ec-45dc-4d5f-90a6-855a4d3ce5e5,어진 스시,,한뜰누리 골목형상점가,골목형상점가,세종특별자치시,3.0,3.0,,,RESOLVED_AGREEMENT,False,3,,,,
52b740c94ad6216b230f,test,일식,T2 동의어,q_일식_03,스시,음식점 중 '일식'을 판매·제공하는 매장,7b831ae6-5e54-4bc0-b2d3-532f56bfba69,명스시,,여의동2가 골목형상점가,골목형상점가,전북특별자치도,3.0,3.0,,,RESOLVED_AGREEMENT,False,3,,,,
fcceb2f864386fbc0e5e,test,일식,T2 동의어,q_일식_03,스시,음식점 중 '일식'을 판매·제공하는 매장,b7afd971-c277-4b86-bfad-c2d2c6dc4541,스시봉,,동북로산격 골목형상점가,골목형상점가,대구광역시,3.0,3.0,,,RESOLVED_AGREEMENT,False,3,,,,
a2f8944c62765402bfbc,test,일식,T2 동의어,q_일식_03,스시,음식점 중 '일식'을 판매·제공하는 매장,03e60ecc-402f-49e8-b1ac-cbd4f330144d,온정돈까스 천안불당점,돈까스,시청앞 골목형상점가,골목형상점가,충청남도,2.0,3.0,,,P2_GRADED_ONLY,True,,,,,
8e149c5766a205a576be,test,일식,T2 동의어,q_일식_03,스시,음식점 중 '일식'을 판매·제공하는 매장,2bcc8007-eaee-4e66-81d9-8af4ff6f0ca5,본스시,스시 사시미,다산역 로데오 상점가,자율상권구역,경기도,3.0,3.0,,,RESOLVED_AGREEMENT,False,3,,,,
25bdf8675c1555ddd063,test,일식,T2 동의어,q_일식_03,스시,음식점 중 '일식'을 판매·제공하는 매장,e0933696-6882-4242-87ce-7997862c09f5,호주에서온스시,스시,임방울대로 골목형상점가,골목형상점가,광주광역시,3.0,3.0,,,RESOLVED_AGREEMENT,False,3,,,,
a17c9acf4578ff6de2d8,test,일식,T2 동의어,q_일식_03,스시,음식점 중 '일식'을 판매·제공하는 매장,01710a82-bb0d-4cbc-8491-708f78ce99fe,스시니쿠 후평점,,인공폭포상가,자율상권구역,강원특별자치도,3.0,3.0,,,RESOLVED_AGREEMENT,False,3,,,,
b1becb3cd7c9dbb967a0,test,일식,T2 동의어,q_일식_03,스시,음식점 중 '일식'을 판매·제공하는 매장,f42a006f-b3e8-4b97-9d3d-295e1eccab27,청정회장어,음식점,통영 북신전통시장,전통시장,경상남도,1.0,1.0,,,RESOLVED_AGREEMENT,False,1,,,,
47552078a727370c7c8e,test,일식,T2 동의어,q_일식_03,스시,음식점 중 '일식'을 판매·제공하는 매장,8f0eda47-47b7-4ed1-983e-39461de8cdb3,태평정육점,정육,태평시장,전통시장,대전광역시,0.0,0.0,,,RESOLVED_AGREEMENT,False,0,,,,
3b8c485078535b26fedd,test,일식,T2 동의어,q_일식_03,스시,음식점 중 '일식'을 판매·제공하는 매장,0e63d07d-2513-4367-a797-3830842549fc,새마을상회,,거제 고현종합시장,전통시장,경상남도,1.0,0.0,,,P2_GRADED_ONLY,True,,,,,
1fd88d734f304e27deb5,test,일식,T2 동의어,q_일식_03,스시,음식점 중 '일식'을 판매·제공하는 매장,005eb589-94b0-4a7e-b4e4-ef8cf64b0762,스시쿄다이,일식,동홍8번가 골목형상점가,골목형상점가,제주특별자치도,3.0,3.0,,,RESOLVED_AGREEMENT,False,3,,,,
d5f8443531c3780582ef,test,일식,T2 동의어,q_일식_03,스시,음식점 중 '일식'을 판매·제공하는 매장,baa18185-bb22-4391-893a-f328e384698a,미술관앞스시,스시,문화의거리 상점가,자율상권구역,울산광역시,3.0,3.0,,,RESOLVED_AGREEMENT,False,3,,,,
b7e444de1f513555f4ec,test,일식,T2 동의어,q_일식_03,스시,음식점 중 '일식'을 판매·제공하는 매장,025255cd-6e4e-4d26-b2b7-bd18e2858548,정성카츠 화정점,일식,화정로상가상인회 골목형상점가,골목형상점가,광주광역시,3.0,3.0,,,RESOLVED_AGREEMENT,False,3,,,,
b8d532d0a73c10f5f0c2,test,일식,T2 동의어,q_일식_03,스시,음식점 중 '일식'을 판매·제공하는 매장,00fcc68d-3086-4b45-b998-f3763e8dbf7d,꼬치마요 산본역점(9호점),일식,산본로데오거리(구 산본중심상가),자율상권구역,경기도,3.0,3.0,,,RESOLVED_AGREEMENT,False,3,,,,
7a9a7982214dd7dbff8a,test,일식,T2 동의어,q_일식_03,스시,음식점 중 '일식'을 판매·제공하는 매장,7dc3d327-df36-4d46-b686-6820161829ea,연스시,스시,강남개포시장(구 개포2동중심상점가),자율상권구역,서울특별시,3.0,3.0,,,RESOLVED_AGREEMENT,False,3,,,,
a64909c841c5166f522f,test,일식,T2 동의어,q_일식_03,스시,음식점 중 '일식'을 판매·제공하는 매장,f82aa3a0-feb4-4ec6-8196-a69186d63cbd,스시 쇼우,초밥,도룡상인회 골목형상점가,골목형상점가,대전광역시,3.0,3.0,,,RESOLVED_AGREEMENT,False,3,,,,
87c095858d0d168f1dca,test,일식,T2 동의어,q_일식_03,스시,음식점 중 '일식'을 판매·제공하는 매장,13742825-300e-4890-b1b2-06606ca266b8,스시 요헤이,일식,홍리단길 먹자 골목형상점가,골목형상점가,전북특별자치도,3.0,3.0,,,RESOLVED_AGREEMENT,False,3,,,,
df9d8af990592fdf0cef,test,일식,T2 동의어,q_일식_03,스시,음식점 중 '일식'을 판매·제공하는 매장,275a4f8a-06b2-4e75-ace4-ed5b90492616,스시한끼,스시,성서계대로데오거리 골목형상점가,골목형상점가,대구광역시,3.0,3.0,,,RESOLVED_AGREEMENT,False,3,,,,
50ae938b10e8917ab697,test,일식,T2 동의어,q_일식_03,스시,음식점 중 '일식'을 판매·제공하는 매장,8465ac54-fe72-4086-be81-6a6c6b2f6b80,혁이약초,건강식품,강화풍물시장,전통시장,인천광역시,0.0,0.0,,,RESOLVED_AGREEMENT,False,0,,,,
d596d56553cd77951a67,test,일식,T2 동의어,q_일식_03,스시,음식점 중 '일식'을 판매·제공하는 매장,5cd09480-3034-408d-a427-63b69f9056df,희락식당광장점,마라탕,두류젊코상권,상권활성화구역,대구광역시,0.0,1.0,,,P2_GRADED_ONLY,True,,,,,
f16dd00e656f983eb4b3,test,일식,T2 동의어,q_일식_03,스시,음식점 중 '일식'을 판매·제공하는 매장,00eefa39-8925-4ff1-8fb6-e3aa2c2b7937,아비꼬 용인보정점,일식 음식점,BOCA 보카상점가,골목형상점가,경기도,3.0,3.0,,,RESOLVED_AGREEMENT,False,3,,,,
c275cd9891c00e9855d4,test,일식,T2 동의어,q_일식_03,스시,음식점 중 '일식'을 판매·제공하는 매장,eb4d1bd6-9d20-454d-b4c6-bcc83668116f,스시초이스,스시,시청앞 골목형상점가,골목형상점가,충청남도,3.0,3.0,,,RESOLVED_AGREEMENT,False,3,,,,
902d1fae4c88bdca7db4,test,일식,T2 동의어,q_일식_03,스시,음식점 중 '일식'을 판매·제공하는 매장,01afaafa-2a46-4977-8015-55762957ee7a,다래초밥,초밥,동문동 골목형상점가,골목형상점가,충청남도,3.0,3.0,,,RESOLVED_AGREEMENT,False,3,,,,
fa69e75aef34441fce5a,test,일식,T2 동의어,q_일식_03,스시,음식점 중 '일식'을 판매·제공하는 매장,00f1a1de-5180-4857-ac9d-3d104fc8a1e0,진스시,,신구로현대어반벨리 골목형상점가,골목형상점가,서울특별시,3.0,3.0,,,RESOLVED_AGREEMENT,False,3,,,,
11f62d35e25df8843d22,test,일식,T2 동의어,q_일식_03,스시,음식점 중 '일식'을 판매·제공하는 매장,01f2d713-86d5-414a-b9b9-1fdde102f589,미스타교자(상봉점),일식,상봉먹자골목형상점가,골목형상점가,서울특별시,3.0,3.0,,,RESOLVED_AGREEMENT,False,3,,,,
bbc77619a604492aad0b,test,일식,T2 동의어,q_일식_03,스시,음식점 중 '일식'을 판매·제공하는 매장,04c1454c-94f9-4a74-a347-11bfad75cb82,스시대관령,일식스시,내곡동골목형상점가,골목형상점가,강원특별자치도,3.0,3.0,,,RESOLVED_AGREEMENT,False,3,,,,
3fdd634dad7e06c3a5c2,test,일식,T2 동의어,q_일식_03,스시,음식점 중 '일식'을 판매·제공하는 매장,0eda1687-5964-42c8-a5a5-bc5c1ad46213,윤스시,스시,두암3동 먹자골목 골목형상점가,골목형상점가,광주광역시,3.0,3.0,,,RESOLVED_AGREEMENT,False,3,,,,
f88c53d9d48d26132a4d,test,일식,T2 동의어,q_일식_03,스시,음식점 중 '일식'을 판매·제공하는 매장,0004ebd2-4e64-4552-95e5-a3b62efea718,적정온도 숙성회&초밥,회초밥,장안마실골목형상점가,골목형상점가,서울특별시,3.0,3.0,,,RESOLVED_AGREEMENT,False,3,,,,
cf01a560574159401b21,test,일식,T2 동의어,q_일식_03,스시,음식점 중 '일식'을 판매·제공하는 매장,2c7ca811-7e4d-4764-a098-9e0ec4db36f6,토메이스시,스시,동명동 카페거리 골목형상점가,골목형상점가,광주광역시,3.0,3.0,,,RESOLVED_AGREEMENT,False,3,,,,
9ce5658ce37dd1a0406f,test,일식,T2 동의어,q_일식_03,스시,음식점 중 '일식'을 판매·제공하는 매장,2103b564-c2ae-4cc2-873e-03c8fe52483f,새벽닭옛날통닭,음식,구미새마을중앙시장,전통시장,경상북도,0.0,0.0,,,RESOLVED_AGREEMENT,False,0,,,,
87248f2b87a4d1d57eda,test,일식,T2 동의어,q_일식_03,스시,음식점 중 '일식'을 판매·제공하는 매장,a39754c3-822d-43a0-9d4d-a8d0f5672c83,호주에서 온 스시,,사천읍시장,전통시장,경상남도,3.0,3.0,,,RESOLVED_AGREEMENT,False,3,,,,
e863d471899d9796eb4e,test,일식,T2 동의어,q_일식_03,스시,음식점 중 '일식'을 판매·제공하는 매장,573bf76b-3771-4beb-9b1f-2644c964c543,민 스시,일식,동오마을골목형상점가,골목형상점가,경기도,3.0,3.0,,,RESOLVED_AGREEMENT,False,3,,,,
9a11bc08f32beafc80d5,test,일식,T2 동의어,q_일식_03,스시,음식점 중 '일식'을 판매·제공하는 매장,cc3029b2-8294-4af0-b850-526b1db008e4,(주)김태완스시방배본점,스시 사시미,방배역먹자골목 골목형상점가,골목형상점가,서울특별시,3.0,3.0,,,RESOLVED_AGREEMENT,False,3,,,,
bbf36555d50de1b195d0,test,일식,T2 동의어,q_일식_03,스시,음식점 중 '일식'을 판매·제공하는 매장,6a9adba6-817d-4b1e-bf25-13fa307bb312,스시벤,롤 스시 사시미,괴정가장로 골목형상점가,골목형상점가,대전광역시,3.0,3.0,,,RESOLVED_AGREEMENT,False,3,,,,
008f87d7a25c78afef88,test,일식,T2 동의어,q_일식_03,스시,음식점 중 '일식'을 판매·제공하는 매장,3a0b6888-54f7-4305-9ae7-fb93c08875c0,석스시,일식,산본로데오거리(구 산본중심상가),자율상권구역,경기도,3.0,3.0,,,RESOLVED_AGREEMENT,False,3,,,,
fc07c6d0a8133e5ddb6b,test,일식,T2 동의어,q_일식_03,스시,음식점 중 '일식'을 판매·제공하는 매장,0547b6e2-3d1e-4a4a-97c6-9b1c1344bf88,김희철 스시,,솔매사랑길 골목형상점가,골목형상점가,서울특별시,3.0,3.0,,,RESOLVED_AGREEMENT,False,3,,,,
5e37de946964a79cf0e4,test,일식,T2 동의어,q_일식_03,스시,음식점 중 '일식'을 판매·제공하는 매장,0225925b-3945-46cd-b995-b946a617ccfc,초밥일번지,일식,안동음식의거리 골목형상점가,골목형상점가,경상북도,3.0,3.0,,,RESOLVED_AGREEMENT,False,3,,,,
7d8c973023ce7629c2ff,test,일식,T2 동의어,q_일식_03,스시,음식점 중 '일식'을 판매·제공하는 매장,cc1cda0e-0a4e-41fa-9f05-5c6d798f8004,스시홍,스시,용해동 포미타운 골목형상점가,골목형상점가,전라남도,3.0,3.0,,,RESOLVED_AGREEMENT,False,3,,,,
fb770dc41be8732286e7,test,일식,T2 동의어,q_일식_03,스시,음식점 중 '일식'을 판매·제공하는 매장,40a04ffb-ca1a-4437-bec1-90b77a0997b0,스시킹,,송탄관광특구 골목형상점가,골목형상점가,경기도,3.0,3.0,,,RESOLVED_AGREEMENT,False,3,,,,
00a1999672055a39aae2,test,일식,T2 동의어,q_일식_04,일식집,음식점 중 '일식'을 판매·제공하는 매장,63fe5f1d-f6c6-49f8-82f9-f78f61dad67f,간식집,한식,공주산성시장,전통시장,충청남도,1.0,1.0,,,RESOLVED_AGREEMENT,False,1,,,,
1afdab3be3990722841f,test,일식,T2 동의어,q_일식_04,일식집,음식점 중 '일식'을 판매·제공하는 매장,01f2d713-86d5-414a-b9b9-1fdde102f589,미스타교자(상봉점),일식,상봉먹자골목형상점가,골목형상점가,서울특별시,3.0,3.0,,,RESOLVED_AGREEMENT,False,3,,,,
dea9909d9f868201bec4,test,일식,T2 동의어,q_일식_04,일식집,음식점 중 '일식'을 판매·제공하는 매장,0474ee0c-1f03-47fa-af45-bb5411abb04a,무루,일식,봉명동우산거리 골목형상점가,골목형상점가,대전광역시,3.0,3.0,,,RESOLVED_AGREEMENT,False,3,,,,
601c8d527d235717f2d0,test,일식,T2 동의어,q_일식_04,일식집,음식점 중 '일식'을 판매·제공하는 매장,01f14598-4405-408e-9fac-71db17ed6f05,동경스시,,풍무동1 골목형상점가,골목형상점가,경기도,3.0,3.0,,,RESOLVED_AGREEMENT,False,3,,,,
d0caa0474a5942102824,test,일식,T2 동의어,q_일식_04,일식집,음식점 중 '일식'을 판매·제공하는 매장,0004ebd2-4e64-4552-95e5-a3b62efea718,적정온도 숙성회&초밥,회초밥,장안마실골목형상점가,골목형상점가,서울특별시,3.0,3.0,,,RESOLVED_AGREEMENT,False,3,,,,
85bdb6111e12d5d32889,test,일식,T2 동의어,q_일식_04,일식집,음식점 중 '일식'을 판매·제공하는 매장,42591c2a-09f4-4900-9e31-da13a4379e3e,고포회집,일식,사강시장,전통시장,경기도,3.0,3.0,,,RESOLVED_AGREEMENT,False,3,,,,
9b48564aed4a2d949f6f,test,일식,T2 동의어,q_일식_04,일식집,음식점 중 '일식'을 판매·제공하는 매장,a59e2aea-63c0-4aea-b80c-13c2293b0eb4,청담일식,일식,수완나들목 골목형상점가,골목형상점가,광주광역시,3.0,3.0,,,RESOLVED_AGREEMENT,False,3,,,,
dd48075ded9d85556fbb,test,일식,T2 동의어,q_일식_04,일식집,음식점 중 '일식'을 판매·제공하는 매장,03e60ecc-402f-49e8-b1ac-cbd4f330144d,온정돈까스 천안불당점,돈까스,시청앞 골목형상점가,골목형상점가,충청남도,3.0,3.0,,,RESOLVED_AGREEMENT,False,3,,,,
ca37aa6da663065ef7eb,test,일식,T2 동의어,q_일식_04,일식집,음식점 중 '일식'을 판매·제공하는 매장,58507418-7577-4895-b49e-3b4ab6ba501c,스시오,일식집,수원역로데오거리상점가(매산로테마거리),자율상권구역,경기도,3.0,3.0,,,RESOLVED_AGREEMENT,False,3,,,,
2762f96580d2e0b92119,test,일식,T2 동의어,q_일식_04,일식집,음식점 중 '일식'을 판매·제공하는 매장,02e18ef3-4b66-4159-96bf-759bfb98320f,카츠옹,돈까스,자양번영로골목형상점가,골목형상점가,서울특별시,3.0,3.0,,,RESOLVED_AGREEMENT,False,3,,,,
75ab307c5a4fe4f2e992,test,일식,T2 동의어,q_일식_04,일식집,음식점 중 '일식'을 판매·제공하는 매장,395e5db2-316c-480d-a127-7c9f2f4847b4,덥,일식,서구청먹자골목상인회 골목형상점가,골목형상점가,광주광역시,3.0,3.0,,,RESOLVED_AGREEMENT,False,3,,,,
421f09548b664879a53e,test,일식,T2 동의어,q_일식_04,일식집,음식점 중 '일식'을 판매·제공하는 매장,00f1a1de-5180-4857-ac9d-3d104fc8a1e0,진스시,,신구로현대어반벨리 골목형상점가,골목형상점가,서울특별시,3.0,3.0,,,RESOLVED_AGREEMENT,False,3,,,,
23ed818ddfe0ad43e07e,test,일식,T2 동의어,q_일식_04,일식집,음식점 중 '일식'을 판매·제공하는 매장,5ff5e851-9695-4924-8ed9-a9eed1ebe098,수,일식,효자시장,전통시장,경상북도,3.0,3.0,,,RESOLVED_AGREEMENT,False,3,,,,
f1a8ffbe3425c498a8f5,test,일식,T2 동의어,q_일식_04,일식집,음식점 중 '일식'을 판매·제공하는 매장,c1f85108-72b2-4121-8559-536b105cfa5c,호복,일식,상동역 골목형상점가,골목형상점가,경기도,3.0,3.0,,,RESOLVED_AGREEMENT,False,3,,,,
6a6f25048de21229b22e,test,일식,T2 동의어,q_일식_04,일식집,음식점 중 '일식'을 판매·제공하는 매장,00fcc68d-3086-4b45-b998-f3763e8dbf7d,꼬치마요 산본역점(9호점),일식,산본로데오거리(구 산본중심상가),자율상권구역,경기도,3.0,3.0,,,RESOLVED_AGREEMENT,False,3,,,,
fcabe9a3b0c0f616dc20,test,일식,T2 동의어,q_일식_04,일식집,음식점 중 '일식'을 판매·제공하는 매장,0c073002-f1e9-4528-8c84-ff5f00fec495,동경횟집,일식,명산시장,전통시장,전북특별자치도,3.0,3.0,,,RESOLVED_AGREEMENT,False,3,,,,
6b372b7d1c168925dcad,test,일식,T2 동의어,q_일식_04,일식집,음식점 중 '일식'을 판매·제공하는 매장,d6ef36c3-e7b7-46cd-b2bf-d9043ba6cc8d,라멘집,일식,백석한들1번가 골목형상점가,골목형상점가,충청남도,3.0,3.0,,,RESOLVED_AGREEMENT,False,3,,,,
1e2ce2a0a55646ad9230,test,일식,T2 동의어,q_일식_04,일식집,음식점 중 '일식'을 판매·제공하는 매장,530a9c60-4659-44b1-ba3e-afc0ce47c4c3,텐,일식,송탄관광특구 골목형상점가,골목형상점가,경기도,3.0,3.0,,,RESOLVED_AGREEMENT,False,3,,,,
2ec17a696c69184447a6,test,일식,T2 동의어,q_일식_04,일식집,음식점 중 '일식'을 판매·제공하는 매장,fc399652-80ea-443a-92a7-d23deccbe9ca,고망고,커피주스,동명동 카페거리 골목형상점가,골목형상점가,광주광역시,0.0,0.0,,,RESOLVED_AGREEMENT,False,0,,,,
502bac67082796d4de4e,test,일식,T2 동의어,q_일식_04,일식집,음식점 중 '일식'을 판매·제공하는 매장,fccea522-3cda-4e7c-8eb0-a0712aed0b3b,신안회집,일식,정훈한마음골목시장,골목형상점가,서울특별시,3.0,3.0,,,RESOLVED_AGREEMENT,False,3,,,,
5e08ea25d9917898d88f,test,일식,T2 동의어,q_일식_04,일식집,음식점 중 '일식'을 판매·제공하는 매장,d6f1c09b-b807-4143-939b-f2b62b84a750,장터횟집,일식,양산 남부시장상가,전통시장,경상남도,3.0,3.0,,,RESOLVED_AGREEMENT,False,3,,,,
40bddc00ea4a38a29233,test,일식,T2 동의어,q_일식_04,일식집,음식점 중 '일식'을 판매·제공하는 매장,895fc404-b7dd-46b7-a484-575f68117f67,강태공횟집,일식,고성동벚꽃 골목형상점가,골목형상점가,대구광역시,3.0,3.0,,,RESOLVED_AGREEMENT,False,3,,,,
21f26ab7b90ba7d89161,test,일식,T2 동의어,q_일식_04,일식집,음식점 중 '일식'을 판매·제공하는 매장,53af348a-a89a-4d18-b8b7-6e8284cc168a,초밥집,일식,조원동상인연합회 골목형상점가,골목형상점가,경기도,3.0,3.0,,,RESOLVED_AGREEMENT,False,3,,,,
81cb353d899f738b10a8,test,일식,T2 동의어,q_일식_04,일식집,음식점 중 '일식'을 판매·제공하는 매장,d0a3e8c9-abec-4077-bc28-35605cce5d3e,분식집,한식,방천시장,전통시장,대구광역시,1.0,1.0,,,RESOLVED_AGREEMENT,False,1,,,,
8dd85e9e05c16081a364,test,일식,T2 동의어,q_일식_04,일식집,음식점 중 '일식'을 판매·제공하는 매장,680d9806-f515-4c5d-9d8e-15150460936d,다도회집,일식,인현시장 상점가,자율상권구역,서울특별시,3.0,3.0,,,RESOLVED_AGREEMENT,False,3,,,,
a4765a59c5ef84671cc1,test,일식,T2 동의어,q_일식_04,일식집,음식점 중 '일식'을 판매·제공하는 매장,823f45e7-6f2b-472a-a678-395865a303e8,아라횟집,일식,마산어시장,전통시장,경상남도,3.0,3.0,,,RESOLVED_AGREEMENT,False,3,,,,
9aeef4f0f38617a76652,test,일식,T2 동의어,q_일식_04,일식집,음식점 중 '일식'을 판매·제공하는 매장,d04ebb99-c6cc-4b18-ad11-50bead573b03,bhc&큰맘할매순대국,한식,화산면 골목형상점가,골목형상점가,전라남도,1.0,1.0,,,RESOLVED_AGREEMENT,False,1,,,,
78a85d14b5cfaceef12a,test,일식,T2 동의어,q_일식_04,일식집,음식점 중 '일식'을 판매·제공하는 매장,c16094eb-686f-4ffa-99a1-bbe4f7452631,슌우,일식,망리단길골목형상점가,골목형상점가,서울특별시,3.0,3.0,,,RESOLVED_AGREEMENT,False,3,,,,
791ad668a10526f35c39,test,일식,T2 동의어,q_일식_04,일식집,음식점 중 '일식'을 판매·제공하는 매장,01afaafa-2a46-4977-8015-55762957ee7a,다래초밥,초밥,동문동 골목형상점가,골목형상점가,충청남도,3.0,3.0,,,RESOLVED_AGREEMENT,False,3,,,,
13ae5015e2dcbda5eaa0,test,일식,T2 동의어,q_일식_04,일식집,음식점 중 '일식'을 판매·제공하는 매장,3c16bc62-ecce-4ea0-8f7c-f807433d83df,만개,일식,어은누리 골목형상점가,골목형상점가,대전광역시,3.0,3.0,,,RESOLVED_AGREEMENT,False,3,,,,
1085e7f0fb55e3ee158c,test,일식,T2 동의어,q_일식_04,일식집,음식점 중 '일식'을 판매·제공하는 매장,04c1454c-94f9-4a74-a347-11bfad75cb82,스시대관령,일식스시,내곡동골목형상점가,골목형상점가,강원특별자치도,3.0,3.0,,,RESOLVED_AGREEMENT,False,3,,,,
33dc7016bc3ffd362663,test,일식,T2 동의어,q_일식_04,일식집,음식점 중 '일식'을 판매·제공하는 매장,4587242d-412f-4b95-90ac-d1a33d07edb2,귄식당,일식,방배역먹자골목 골목형상점가,골목형상점가,서울특별시,3.0,3.0,,,RESOLVED_AGREEMENT,False,3,,,,
166b7072ec6403269ff4,test,일식,T2 동의어,q_일식_04,일식집,음식점 중 '일식'을 판매·제공하는 매장,dfb0de31-be22-4791-a302-92fe153c27b7,동해회집,일식,송천동2가 골목형상점가,골목형상점가,전북특별자치도,3.0,3.0,,,RESOLVED_AGREEMENT,False,3,,,,
9b0adeb4d05fd3c0f88b,test,일식,T2 동의어,q_일식_04,일식집,음식점 중 '일식'을 판매·제공하는 매장,44a477c7-b156-4a42-92fa-8f4597c50dcc,유야,일식,안동시옥동 골목형상점가,골목형상점가,경상북도,3.0,3.0,,,RESOLVED_AGREEMENT,False,3,,,,
d7e35926c500f2eef1f2,test,일식,T2 동의어,q_일식_04,일식집,음식점 중 '일식'을 판매·제공하는 매장,ea84f42a-3254-485f-80a5-b90c849cacfd,만동,일식,법리단길 골목형상점가,골목형상점가,전북특별자치도,3.0,3.0,,,RESOLVED_AGREEMENT,False,3,,,,
92df0432b97ab9305fa9,test,일식,T2 동의어,q_일식_04,일식집,음식점 중 '일식'을 판매·제공하는 매장,00dfe7e1-6daa-4586-9146-ec927a443d02,오늘애초밥,,포항죽도농산물시장,전통시장,경상북도,3.0,3.0,,,RESOLVED_AGREEMENT,False,3,,,,
531c52e633c40703cfaa,test,일식,T2 동의어,q_일식_04,일식집,음식점 중 '일식'을 판매·제공하는 매장,62a656e3-1225-4668-b333-9e3c5e84c5d2,데덴찌,일식,상무시청상인회 골목형상점가,골목형상점가,광주광역시,3.0,3.0,,,RESOLVED_AGREEMENT,False,3,,,,
b55fdffc90dcb5060593,test,일식,T2 동의어,q_일식_04,일식집,음식점 중 '일식'을 판매·제공하는 매장,3dd3b7e6-7304-4237-8866-f9d9abd55cf5,커튼명가창태백점,커튼 침구,황지자유시장,전통시장,강원특별자치도,0.0,0.0,,,RESOLVED_AGREEMENT,False,0,,,,
e8c4b8b4c7ce1b2dd09d,test,일식,T2 동의어,q_일식_04,일식집,음식점 중 '일식'을 판매·제공하는 매장,b2c8830d-832a-4aa0-8985-88023e06dfb4,연무횟집,일식,반딧불이연무시장,전통시장,경기도,3.0,3.0,,,RESOLVED_AGREEMENT,False,3,,,,
e09f7844fa38d85d2a47,test,일식,T2 동의어,q_일식_04,일식집,음식점 중 '일식'을 판매·제공하는 매장,20426a06-35e3-4192-9736-92b133c5d1b8,위무,일식,사리골상점가,자율상권구역,경기도,3.0,3.0,,,RESOLVED_AGREEMENT,False,3,,,,
a1da8364db4df5f0053a,test,일식,T2 동의어,q_일식_04,일식집,음식점 중 '일식'을 판매·제공하는 매장,eecf2379-6c8b-4bbe-9612-ed5fe5c8d3f0,일식송수사,일식,산본로데오거리(구 산본중심상가),자율상권구역,경기도,3.0,3.0,,,RESOLVED_AGREEMENT,False,3,,,,
c6693a525c4f645e7f4c,test,일식,T2 동의어,q_일식_04,일식집,음식점 중 '일식'을 판매·제공하는 매장,9520aa6a-89a5-432d-802c-88d01797ffcb,엄마손분식,분식집,송강동 골목형상점가,골목형상점가,대전광역시,1.0,0.0,,,P2_GRADED_ONLY,True,,,,,
7daaf004ff3cda3a65ab,test,일식,T2 동의어,q_일식_04,일식집,음식점 중 '일식'을 판매·제공하는 매장,7341f9fb-bb31-4677-b92a-6cb259d42750,윤돈,일식,뚝섬역상점가(서울숲상원길상점가),자율상권구역,서울특별시,3.0,3.0,,,RESOLVED_AGREEMENT,False,3,,,,
c28c537722967be53692,test,일식,T2 동의어,q_일식_04,일식집,음식점 중 '일식'을 판매·제공하는 매장,005eb589-94b0-4a7e-b4e4-ef8cf64b0762,스시쿄다이,일식,동홍8번가 골목형상점가,골목형상점가,제주특별자치도,3.0,3.0,,,RESOLVED_AGREEMENT,False,3,,,,
12ba0b7710071e9147cc,test,일식,T2 동의어,q_일식_04,일식집,음식점 중 '일식'을 판매·제공하는 매장,b049f94f-23fa-458b-8b8b-095d0cb6ed54,우츠,일식,맹동혁신골목형상점가,골목형상점가,충청북도,3.0,3.0,,,RESOLVED_AGREEMENT,False,3,,,,
974369f2ac09967b0191,test,일식,T2 동의어,q_일식_04,일식집,음식점 중 '일식'을 판매·제공하는 매장,dddf07f0-7dd7-470f-a66d-ba92a2620b16,모츠모,일식,도담동 골목형상점가,골목형상점가,세종특별자치시,3.0,3.0,,,RESOLVED_AGREEMENT,False,3,,,,
f9afa869659e46b85bd6,test,일식,T2 동의어,q_일식_04,일식집,음식점 중 '일식'을 판매·제공하는 매장,00ba389b-e522-4da5-ac26-2ffaf33359ec,스시노유키,초밥,산본로데오거리(구 산본중심상가),자율상권구역,경기도,3.0,3.0,,,RESOLVED_AGREEMENT,False,3,,,,
d037b8abbdc8924f193c,test,일식,T2 동의어,q_일식_04,일식집,음식점 중 '일식'을 판매·제공하는 매장,93421838-6964-49c2-8723-8017fca415ab,맛있는 분식집,,구리전통시장,전통시장,경기도,1.0,0.0,,,P2_GRADED_ONLY,True,,,,,
0a1a8fd37f4656ebfbde,test,일식,T2 동의어,q_일식_04,일식집,음식점 중 '일식'을 판매·제공하는 매장,b97e1ac6-a184-4265-b4ef-5ad6311baab5,회뜨는집,일식,솔샘시장 골목형상점가,골목형상점가,서울특별시,3.0,3.0,,,RESOLVED_AGREEMENT,False,3,,,,
283f4edfc1e62d10c7a0,test,일식,T2 동의어,q_일식_04,일식집,음식점 중 '일식'을 판매·제공하는 매장,1099991c-2447-4de4-a887-850d21eacd38,마끼,일식,연서시장,전통시장,서울특별시,3.0,3.0,,,RESOLVED_AGREEMENT,False,3,,,,
9765f76a6070002dd50e,test,일식,T2 동의어,q_일식_04,일식집,음식점 중 '일식'을 판매·제공하는 매장,25e17541-8ea1-4716-a373-a5cc54844c71,청년다방연제점,분식집,연제동 골목형상점가,골목형상점가,광주광역시,1.0,0.0,,,P2_GRADED_ONLY,True,,,,,
6f219eeae388e6ba8a49,test,일식,T2 동의어,q_일식_04,일식집,음식점 중 '일식'을 판매·제공하는 매장,d6abef51-ae1d-43bc-8661-c2f7bfe865c2,찐수산,일식,행운담길골목형상점가,골목형상점가,서울특별시,3.0,3.0,,,RESOLVED_AGREEMENT,False,3,,,,
c20cc86f226417389f15,test,일식,T2 동의어,q_일식_04,일식집,음식점 중 '일식'을 판매·제공하는 매장,a7668254-80a7-4e94-a98b-00eb57b83320,물음표분식집,분식,용현시장,전통시장,인천광역시,1.0,0.0,,,P2_GRADED_ONLY,True,,,,,
f70cef05270fec4fefef,test,일식,T2 동의어,q_일식_04,일식집,음식점 중 '일식'을 판매·제공하는 매장,cad314bc-33a9-424a-83f2-89ee68d2ea13,뎅뎅뎅,일식,궁동 골목형상점가,골목형상점가,대전광역시,3.0,3.0,,,RESOLVED_AGREEMENT,False,3,,,,
b79328a7d5e2af20791e,test,일식,T2 동의어,q_일식_04,일식집,음식점 중 '일식'을 판매·제공하는 매장,b9501e29-c03b-4e39-8f5b-311ee30d3ad5,우연횟집,일식,하단자율상권구역,기타,부산광역시,3.0,3.0,,,RESOLVED_AGREEMENT,False,3,,,,
85b4a9d8fbd22ec6011c,test,일식,T2 동의어,q_일식_04,일식집,음식점 중 '일식'을 판매·제공하는 매장,c1a9745c-156e-47ff-b4d8-af7d6bbf25e4,해왁,일식,사가정51길 골목형상점가,골목형상점가,서울특별시,3.0,3.0,,,RESOLVED_AGREEMENT,False,3,,,,
1c6cecc41343c75df1b7,test,일식,T2 동의어,q_일식_04,일식집,음식점 중 '일식'을 판매·제공하는 매장,8f31dfb2-7c97-4a51-8c6f-47a7c8db4833,도마횟집,일식,지중해마을 골목형상점가,골목형상점가,충청남도,3.0,3.0,,,RESOLVED_AGREEMENT,False,3,,,,
6536997c00746662bd22,test,일식,T2 동의어,q_일식_04,일식집,음식점 중 '일식'을 판매·제공하는 매장,eea6af75-a4a5-4a68-a4d2-d4cfab3f00cd,광주횟집,일식,군산수산물종합센터,전통시장,전북특별자치도,3.0,3.0,,,RESOLVED_AGREEMENT,False,3,,,,
822ec282147d0c1d8206,test,일식,T2 동의어,q_일식_04,일식집,음식점 중 '일식'을 판매·제공하는 매장,fab05b55-8325-4bf7-8137-5abca8634f92,시장횟집,일식,복대가경시장,전통시장,충청북도,3.0,3.0,,,RESOLVED_AGREEMENT,False,3,,,,
cc726e5a04b921fa663c,test,일식,T2 동의어,q_일식_04,일식집,음식점 중 '일식'을 판매·제공하는 매장,23d37101-71e9-43c7-86a7-fae9d3a3727a,주연축산,정육,서구시장,전통시장,대구광역시,0.0,0.0,,,RESOLVED_AGREEMENT,False,0,,,,
4d7096699676d7e37b81,test,일식,T2 동의어,q_일식_04,일식집,음식점 중 '일식'을 판매·제공하는 매장,d5b9793b-977d-40e0-9c31-30df04e3c717,물고기집,일식,경의숲길서강 골목형상점가,골목형상점가,서울특별시,3.0,3.0,,,RESOLVED_AGREEMENT,False,3,,,,
d318a8048d52ca26fe29,test,일식,T2 동의어,q_일식_04,일식집,음식점 중 '일식'을 판매·제공하는 매장,b96a3e14-b352-4936-b6c8-c30169fec54f,동미네 분식집,분식,광탄전통시장,전통시장,경기도,1.0,0.0,,,P2_GRADED_ONLY,True,,,,,
163a2affd59e735443e8,test,일식,T2 동의어,q_일식_04,일식집,음식점 중 '일식'을 판매·제공하는 매장,32c2a844-db69-437c-b05b-14a8f088d5e6,월곡분식집,분식,월곡시장,전통시장,광주광역시,1.0,0.0,,,P2_GRADED_ONLY,True,,,,,
300ef3bb84020140c52e,test,일식,T2 동의어,q_일식_04,일식집,음식점 중 '일식'을 판매·제공하는 매장,60745bd9-393c-4805-a03d-9baf0bce95c7,우미횟집,일식,운암 북문대로1 골목형상점가,골목형상점가,광주광역시,3.0,3.0,,,RESOLVED_AGREEMENT,False,3,,,,
60b068d11452ec2f84c0,test,일식,T2 동의어,q_일식_04,일식집,음식점 중 '일식'을 판매·제공하는 매장,32d77dcd-687b-4dc3-aa21-b8805c150b43,진남회집,일식,노량진수산시장골목형상점가,골목형상점가,서울특별시,3.0,3.0,,,RESOLVED_AGREEMENT,False,3,,,,
2545d45246528f37aa57,test,일식,T2 동의어,q_일식_04,일식집,음식점 중 '일식'을 판매·제공하는 매장,bbf692c8-013c-4886-b8ab-7b63e3a6c2d4,해천회집,일식,창신골목시장,자율상권구역,서울특별시,3.0,3.0,,,RESOLVED_AGREEMENT,False,3,,,,
3e51b5b76cec3e5cc432,test,일식,T2 동의어,q_일식_04,일식집,음식점 중 '일식'을 판매·제공하는 매장,b0525944-c980-4d0b-804b-de8c397c6ab5,진시황,중식집,담양중앙2번가 골목형상점가,골목형상점가,전라남도,0.0,1.0,,,P2_GRADED_ONLY,True,,,,,
47d569e7c267c59766d9,test,일식,T2 동의어,q_일식_04,일식집,음식점 중 '일식'을 판매·제공하는 매장,026b148f-ce2a-4e35-8dbb-0aaca2c31325,은화수식당,돈까스 카레 우동 기타등등,군산디오션시티 골목형상점가,골목형상점가,전북특별자치도,3.0,3.0,,,RESOLVED_AGREEMENT,False,3,,,,
d128c11a91bd302f39c5,test,일식,T2 동의어,q_일식_04,일식집,음식점 중 '일식'을 판매·제공하는 매장,44a8425e-be1d-4971-95a3-61111fb53840,어선횟집,일식,엄사 골목형상점가,골목형상점가,충청남도,3.0,3.0,,,RESOLVED_AGREEMENT,False,3,,,,
400eeac1041be4d6df29,test,일식,T2 동의어,q_일식_04,일식집,음식점 중 '일식'을 판매·제공하는 매장,8fde781a-537a-40ac-9a4e-1216a9a32dad,유끼,일식,신월7동골목형상점가,골목형상점가,서울특별시,3.0,3.0,,,RESOLVED_AGREEMENT,False,3,,,,
a42d5b8b5d1f1f5a1228,test,일식,T2 동의어,q_일식_04,일식집,음식점 중 '일식'을 판매·제공하는 매장,01cecd17-bce9-4355-af06-2ca2cee82862,돈까스에빠지다 범어점,돈까스,범어식주가무명인골목 골목형상점가,골목형상점가,대구광역시,3.0,3.0,,,RESOLVED_AGREEMENT,False,3,,,,
5be15f87433189735ab0,test,일식,T2 동의어,q_일식_04,일식집,음식점 중 '일식'을 판매·제공하는 매장,1a21655f-fe8c-4699-b5a2-1ea6c514273c,아나브린,브런치,신창상가,전통시장,부산광역시,0.0,0.0,,,RESOLVED_AGREEMENT,False,0,,,,
9c603539e16a6c48282f,test,일식,T2 동의어,q_일식_04,일식집,음식점 중 '일식'을 판매·제공하는 매장,88a61490-9bfe-438b-9b97-c1d6b34ec427,오센,일식,이수미로골목형상점가,골목형상점가,서울특별시,3.0,3.0,,,RESOLVED_AGREEMENT,False,3,,,,
cca47d7c2d55a90adf39,test,일식,T2 동의어,q_일식_04,일식집,음식점 중 '일식'을 판매·제공하는 매장,b5015e4d-a400-49a0-805c-c4b255fe133e,가나회집,일식,낭주골 골목형상점가,골목형상점가,전북특별자치도,3.0,3.0,,,RESOLVED_AGREEMENT,False,3,,,,
5f8392422324deb065ee,test,일식,T2 동의어,q_일식_04,일식집,음식점 중 '일식'을 판매·제공하는 매장,59ee98d1-cfce-418d-aa87-d67970a238c7,피자스쿨 월계점,피자,첨단쌍이 골목형상점가,골목형상점가,광주광역시,0.0,0.0,,,RESOLVED_AGREEMENT,False,0,,,,
88a7c44f449cd76d0f38,test,일식,T2 동의어,q_일식_04,일식집,음식점 중 '일식'을 판매·제공하는 매장,4dffb51e-324a-4436-bd23-0dfb3e550f0e,신안횟집,일식,안양농수산물 골목형상점가,골목형상점가,경기도,3.0,3.0,,,RESOLVED_AGREEMENT,False,3,,,,
8abeab700d14d19226f2,test,일식,T2 동의어,q_일식_04,일식집,음식점 중 '일식'을 판매·제공하는 매장,0547b6e2-3d1e-4a4a-97c6-9b1c1344bf88,김희철 스시,,솔매사랑길 골목형상점가,골목형상점가,서울특별시,3.0,3.0,,,RESOLVED_AGREEMENT,False,3,,,,
90307306152522c4991e,test,일식,T2 동의어,q_일식_04,일식집,음식점 중 '일식'을 판매·제공하는 매장,025255cd-6e4e-4d26-b2b7-bd18e2858548,정성카츠 화정점,일식,화정로상가상인회 골목형상점가,골목형상점가,광주광역시,3.0,3.0,,,RESOLVED_AGREEMENT,False,3,,,,
d1ba4514cb34bf9c1a6b,test,일식,T2 동의어,q_일식_04,일식집,음식점 중 '일식'을 판매·제공하는 매장,d14c472e-d380-45d6-973f-b9d92a87b095,요연,일식,인제시장,전통시장,강원특별자치도,3.0,3.0,,,RESOLVED_AGREEMENT,False,3,,,,
8611f2f0bb35b66d668a,test,일식,T2 동의어,q_일식_04,일식집,음식점 중 '일식'을 판매·제공하는 매장,1279715c-8e04-4077-94fa-631ba0dd3325,정점,일식,누웨마루거리상점가,자율상권구역,제주특별자치도,3.0,3.0,,,RESOLVED_AGREEMENT,False,3,,,,
4ee654d819a2d4c9b3b6,test,일식,T2 동의어,q_일식_04,일식집,음식점 중 '일식'을 판매·제공하는 매장,ee140e33-12a8-45ca-a6c9-507ee89f1e36,분식집,,남평읍1로 골목형상점가,골목형상점가,,1.0,0.0,,,P2_GRADED_ONLY,True,,,,,
46fd00a9c75566fecc6c,test,일식,T2 동의어,q_일식_04,일식집,음식점 중 '일식'을 판매·제공하는 매장,6e039d34-9044-4858-a5bf-69ded3286a99,점핑몬스터 산본점,어린이놀이시설,산본사거리 골목형상점가,골목형상점가,경기도,0.0,0.0,,,RESOLVED_AGREEMENT,False,0,,,,
c22da4611e82e2e37ee3,test,일식,T2 동의어,q_일식_04,일식집,음식점 중 '일식'을 판매·제공하는 매장,f2308484-80cf-45ec-92be-990bcc5a317f,양식집,파스타 돈까스,행복 북문대로2 골목형상점가,골목형상점가,광주광역시,3.0,3.0,,,RESOLVED_AGREEMENT,False,3,,,,
8fc49786103915d4cf49,test,일식,T2 동의어,q_일식_04,일식집,음식점 중 '일식'을 판매·제공하는 매장,b8f597be-9306-40fb-a8a9-239b68b5716b,쇼진,일식,위드수암 골목형상점가,골목형상점가,울산광역시,3.0,3.0,,,RESOLVED_AGREEMENT,False,3,,,,
5b22609b61a6c5a86f23,test,일식,T2 동의어,q_일식_04,일식집,음식점 중 '일식'을 판매·제공하는 매장,937a5bef-36f8-47ad-817a-c568333879d3,남해횟집,일식,도마큰시장,전통시장,대전광역시,3.0,3.0,,,RESOLVED_AGREEMENT,False,3,,,,
c68a5503570c2d1a6fbd,test,일식,T2 동의어,q_일식_04,일식집,음식점 중 '일식'을 판매·제공하는 매장,f3b771c9-3cbf-4d12-8e96-6bfc721fa256,영남횟집,일식,금암동 골목형상점가,골목형상점가,충청남도,3.0,3.0,,,RESOLVED_AGREEMENT,False,3,,,,
ce8bbfb95617f1061111,test,일식,T2 동의어,q_일식_04,일식집,음식점 중 '일식'을 판매·제공하는 매장,ba8489d5-45d9-4f15-92f0-d8a784318549,키햐아,일식,까치울역카페거리 골목형상점가,골목형상점가,경기도,3.0,3.0,,,RESOLVED_AGREEMENT,False,3,,,,
aba260ba444f67822ede,test,일식,T2 동의어,q_일식_04,일식집,음식점 중 '일식'을 판매·제공하는 매장,bff1715e-a400-4ba4-9df0-c236d2ba9abe,카즈호,일식,마치광장골목형상점가,골목형상점가,대전광역시,3.0,3.0,,,RESOLVED_AGREEMENT,False,3,,,,
9730631369d5c60f4487,test,일식,T2 동의어,q_일식_04,일식집,음식점 중 '일식'을 판매·제공하는 매장,7234e0fe-2051-492b-a754-10f380afb9a3,노렌인,일식,과천스마트케이 골목형상점가,골목형상점가,경기도,3.0,3.0,,,RESOLVED_AGREEMENT,False,3,,,,
5a6f65f767298928c947,test,일식,T2 동의어,q_일식_04,일식집,음식점 중 '일식'을 판매·제공하는 매장,fd4fd277-1b68-4ea9-a9e0-edbe02bbb9da,남도횟집,일식,대구교동시장,전통시장,대구광역시,3.0,3.0,,,RESOLVED_AGREEMENT,False,3,,,,
7fece2a8688d02e4226a,test,일식,T2 동의어,q_일식_04,일식집,음식점 중 '일식'을 판매·제공하는 매장,0225925b-3945-46cd-b995-b946a617ccfc,초밥일번지,일식,안동음식의거리 골목형상점가,골목형상점가,경상북도,3.0,3.0,,,RESOLVED_AGREEMENT,False,3,,,,
84c2386a22f3572e690b,test,일식,T2 동의어,q_일식_04,일식집,음식점 중 '일식'을 판매·제공하는 매장,00eefa39-8925-4ff1-8fb6-e3aa2c2b7937,아비꼬 용인보정점,일식 음식점,BOCA 보카상점가,골목형상점가,경기도,3.0,3.0,,,RESOLVED_AGREEMENT,False,3,,,,
3d3c655a76d125a1837f,test,일식,T2 동의어,q_일식_04,일식집,음식점 중 '일식'을 판매·제공하는 매장,013d58c8-33f8-4dbe-95de-801d22ea9505,민영활어공장 부천자유시장점,"회, 초밥",부천자유시장,전통시장,경기도,3.0,3.0,,,RESOLVED_AGREEMENT,False,3,,,,
06144b992065817e308c,test,일식,T2 동의어,q_일식_04,일식집,음식점 중 '일식'을 판매·제공하는 매장,01710a82-bb0d-4cbc-8491-708f78ce99fe,스시니쿠 후평점,,인공폭포상가,자율상권구역,강원특별자치도,3.0,3.0,,,RESOLVED_AGREEMENT,False,3,,,,
046761135a95f3869856,test,일식,T2 동의어,q_일식_04,일식집,음식점 중 '일식'을 판매·제공하는 매장,4fd9a187-cbe4-40ac-877d-1a1339c3c3d6,라쿠엔,일식,매드블럭 골목형상점가,골목형상점가,대전광역시,3.0,3.0,,,RESOLVED_AGREEMENT,False,3,,,,
c4c908b6e239359c0739,test,일식,T2 동의어,q_일식_04,일식집,음식점 중 '일식'을 판매·제공하는 매장,a04b4925-11d6-4d03-ae1d-341b4f383171,잇텐,일식,어은누리 골목형상점가,골목형상점가,대전광역시,3.0,3.0,,,RESOLVED_AGREEMENT,False,3,,,,
a1e3eb807d26df9612da,test,일식,T2 동의어,q_일식_04,일식집,음식점 중 '일식'을 판매·제공하는 매장,cff80e7f-0054-4258-9cfd-1be809e60052,골목횟집,일식,부송동 골목형상점가,골목형상점가,전북특별자치도,3.0,3.0,,,RESOLVED_AGREEMENT,False,3,,,,
b0fc1fbc8da23bb6a1cf,test,일식,T2 동의어,q_일식_04,일식집,음식점 중 '일식'을 판매·제공하는 매장,5b13edec-9a25-42db-b3d3-f465176cf4b7,새섬초밥횟집,일식,송산동 골목상점가,골목형상점가,제주특별자치도,3.0,3.0,,,RESOLVED_AGREEMENT,False,3,,,,
fe819a7497deab7bf065,test,일식,T2 동의어,q_일식_04,일식집,음식점 중 '일식'을 판매·제공하는 매장,995e26fe-3acd-4bdb-a233-80ae5d27194e,옥소반 영등포구청점,일식,영등포구청역 3번출구 골목형상점가,골목형상점가,서울특별시,3.0,3.0,,,RESOLVED_AGREEMENT,False,3,,,,
efd99d32f1ed43ae99e3,test,일식,T2 동의어,q_일식_04,일식집,음식점 중 '일식'을 판매·제공하는 매장,f1d8ec8d-2dcf-4a4e-ac4e-2504c2aa54d6,멘초비,일식,동래시장,전통시장,부산광역시,3.0,3.0,,,RESOLVED_AGREEMENT,False,3,,,,
5b9d4df9ac9213d69c57,test,일식,T2 동의어,q_일식_04,일식집,음식점 중 '일식'을 판매·제공하는 매장,8d18c9e1-f5cc-4445-a2f0-2406b5521f66,욧삐떼,일식,양정 골목형상점가,골목형상점가,울산광역시,3.0,3.0,,,RESOLVED_AGREEMENT,False,3,,,,
89ec0f778fc337ac4137,test,일식,T2 동의어,q_일식_04,일식집,음식점 중 '일식'을 판매·제공하는 매장,00e80339-1353-4885-81d7-0746a437abb2,포식 용인한숲시티점,쌀국수 돈까스 함박스테이크,남사한숲 골목형상점가,골목형상점가,경기도,3.0,3.0,,,RESOLVED_AGREEMENT,False,3,,,,
cf66fb765b2d16426b38,test,일식,T2 동의어,q_일식_04,일식집,음식점 중 '일식'을 판매·제공하는 매장,0301b45c-03ab-4413-bc68-a6bc507930ae,일식당,,혁신도시3구역 골목형상점가,골목형상점가,강원특별자치도,3.0,3.0,,,RESOLVED_AGREEMENT,False,3,,,,
c0e33742d8893b2dc11c,test,일식,T2 동의어,q_일식_05,초밥,음식점 중 '일식'을 판매·제공하는 매장,37e46f31-d0ac-43a0-ab35-d2fb52785e0d,오늘초밥,초밥,안양1번가 상점가,자율상권구역,경기도,3.0,3.0,,,RESOLVED_AGREEMENT,False,3,,,,
7ea89f7b44feb8079fda,test,일식,T2 동의어,q_일식_05,초밥,음식점 중 '일식'을 판매·제공하는 매장,00ba389b-e522-4da5-ac26-2ffaf33359ec,스시노유키,초밥,산본로데오거리(구 산본중심상가),자율상권구역,경기도,3.0,3.0,,,RESOLVED_AGREEMENT,False,3,,,,
66a25b03b37b6c73249e,test,일식,T2 동의어,q_일식_05,초밥,음식점 중 '일식'을 판매·제공하는 매장,2fd353c0-4643-4dd6-b54d-a9eb1de2b436,오하루초밥,초밥,중앙1로 천변교 골목형상점가,골목형상점가,전라남도,3.0,3.0,,,RESOLVED_AGREEMENT,False,3,,,,
a89992e36d7af7faae27,test,일식,T2 동의어,q_일식_05,초밥,음식점 중 '일식'을 판매·제공하는 매장,bc8a4ea0-3627-4044-a0d6-631ba9a85ac8,미락초밥,초밥,진부전통시장,전통시장,강원특별자치도,3.0,3.0,,,RESOLVED_AGREEMENT,False,3,,,,
2df98509eb1c8164d45b,test,일식,T2 동의어,q_일식_05,초밥,음식점 중 '일식'을 판매·제공하는 매장,01710a82-bb0d-4cbc-8491-708f78ce99fe,스시니쿠 후평점,,인공폭포상가,자율상권구역,강원특별자치도,3.0,3.0,,,RESOLVED_AGREEMENT,False,3,,,,
143c7842bff36a89b459,test,일식,T2 동의어,q_일식_05,초밥,음식점 중 '일식'을 판매·제공하는 매장,46c6f5ea-b3ce-402b-aa28-9613cede8a12,초밥집,초밥,금호운천로상인회 골목형상점가,골목형상점가,광주광역시,3.0,3.0,,,RESOLVED_AGREEMENT,False,3,,,,
1aa9b377c94b6a95a087,test,일식,T2 동의어,q_일식_05,초밥,음식점 중 '일식'을 판매·제공하는 매장,026b148f-ce2a-4e35-8dbb-0aaca2c31325,은화수식당,돈까스 카레 우동 기타등등,군산디오션시티 골목형상점가,골목형상점가,전북특별자치도,2.0,3.0,,,P2_GRADED_ONLY,True,,,,,
9cf5577d16169a7182b0,test,일식,T2 동의어,q_일식_05,초밥,음식점 중 '일식'을 판매·제공하는 매장,013d58c8-33f8-4dbe-95de-801d22ea9505,민영활어공장 부천자유시장점,"회, 초밥",부천자유시장,전통시장,경기도,3.0,3.0,,,RESOLVED_AGREEMENT,False,3,,,,
30752b980d2dcadaada2,test,일식,T2 동의어,q_일식_05,초밥,음식점 중 '일식'을 판매·제공하는 매장,0e40e98a-1e68-4ac9-92c3-0c355b4ed009,벌교상회,생선,노량진수산시장골목형상점가,골목형상점가,서울특별시,1.0,0.0,,,P2_GRADED_ONLY,True,,,,,
a9a6340dbffcb9ec2c9e,test,일식,T2 동의어,q_일식_05,초밥,음식점 중 '일식'을 판매·제공하는 매장,04c1454c-94f9-4a74-a347-11bfad75cb82,스시대관령,일식스시,내곡동골목형상점가,골목형상점가,강원특별자치도,3.0,3.0,,,RESOLVED_AGREEMENT,False,3,,,,
b14aede74ba0e117f0f4,test,일식,T2 동의어,q_일식_05,초밥,음식점 중 '일식'을 판매·제공하는 매장,01cecd17-bce9-4355-af06-2ca2cee82862,돈까스에빠지다 범어점,돈까스,범어식주가무명인골목 골목형상점가,골목형상점가,대구광역시,2.0,3.0,,,P2_GRADED_ONLY,True,,,,,
8e6dbe61ddc3f1a7cd23,test,일식,T2 동의어,q_일식_05,초밥,음식점 중 '일식'을 판매·제공하는 매장,9ed9aba7-5c1e-45e5-9b04-f8b4bf40e5c3,스시후,초밥,백운광장 골목형상점가,골목형상점가,광주광역시,3.0,3.0,,,RESOLVED_AGREEMENT,False,3,,,,
b19e23f86df7e64ca70a,test,일식,T2 동의어,q_일식_05,초밥,음식점 중 '일식'을 판매·제공하는 매장,8242c5f9-b938-4886-9ade-30ec6ee11bd7,초밥한점,초밥,한대앞역상점가,자율상권구역,경기도,3.0,3.0,,,RESOLVED_AGREEMENT,False,3,,,,
66814d2db0efcf163e92,test,일식,T2 동의어,q_일식_05,초밥,음식점 중 '일식'을 판매·제공하는 매장,1eccb368-58f3-43a0-949f-96a836c99282,초밥&참치,초밥 참치,참샘상인회 골목형상점가,골목형상점가,광주광역시,3.0,3.0,,,RESOLVED_AGREEMENT,False,3,,,,
d23ed75932b1853ea653,test,일식,T2 동의어,q_일식_05,초밥,음식점 중 '일식'을 판매·제공하는 매장,3bdb9489-90c5-4b6d-a1b0-7d2323289c28,정민초밥,초밥,노은상가연합 골목형상점가,골목형상점가,대전광역시,3.0,3.0,,,RESOLVED_AGREEMENT,False,3,,,,
967c1338d8912dc5f341,test,일식,T2 동의어,q_일식_05,초밥,음식점 중 '일식'을 판매·제공하는 매장,acca5a0b-e488-419b-bf73-3894fa1f7d81,초밥만,초밥,서림행복가득한골목형상점가,골목형상점가,서울특별시,3.0,3.0,,,RESOLVED_AGREEMENT,False,3,,,,
7def66ed708b4739d176,test,일식,T2 동의어,q_일식_05,초밥,음식점 중 '일식'을 판매·제공하는 매장,0004ebd2-4e64-4552-95e5-a3b62efea718,적정온도 숙성회&초밥,회초밥,장안마실골목형상점가,골목형상점가,서울특별시,3.0,3.0,,,RESOLVED_AGREEMENT,False,3,,,,
f0c777c2e976956e0da6,test,일식,T2 동의어,q_일식_05,초밥,음식점 중 '일식'을 판매·제공하는 매장,211940d6-ad8c-4e7f-a462-f47089521141,시민초밥,초밥,고성동벚꽃 골목형상점가,골목형상점가,대구광역시,3.0,3.0,,,RESOLVED_AGREEMENT,False,3,,,,
fc8a2e646b5c6ea4c59d,test,일식,T2 동의어,q_일식_05,초밥,음식점 중 '일식'을 판매·제공하는 매장,a0de89f2-c512-4d0c-9c1b-686cc28b9ff0,코튼키즈,아동복,남대문시장,전통시장,서울특별시,0.0,0.0,,,RESOLVED_AGREEMENT,False,0,,,,
bdd6478f6bde823f737e,test,일식,T2 동의어,q_일식_05,초밥,음식점 중 '일식'을 판매·제공하는 매장,5cbf28e7-72c1-478d-8c46-d24a9e865b69,소담초밥,초밥,지웰시티자이상가 골목형상점가,골목형상점가,울산광역시,3.0,3.0,,,RESOLVED_AGREEMENT,False,3,,,,
938fb0928a56a4aa83b9,test,일식,T2 동의어,q_일식_05,초밥,음식점 중 '일식'을 판매·제공하는 매장,d40eb878-b82c-4a0f-b1e0-a2693f5c9c22,동천초밥,초밥,동천동먹자골목1번가상인회 골목형상점가,골목형상점가,광주광역시,3.0,3.0,,,RESOLVED_AGREEMENT,False,3,,,,
7c6bd463ca432581c340,test,일식,T2 동의어,q_일식_05,초밥,음식점 중 '일식'을 판매·제공하는 매장,757f5631-0caf-495b-b2a5-037601ba816f,초밥사랑,초밥,귀인동먹거리촌 골목형상점가,골목형상점가,경기도,3.0,3.0,,,RESOLVED_AGREEMENT,False,3,,,,
6a1fb6c163d5a0150945,test,일식,T2 동의어,q_일식_05,초밥,음식점 중 '일식'을 판매·제공하는 매장,02e18ef3-4b66-4159-96bf-759bfb98320f,카츠옹,돈까스,자양번영로골목형상점가,골목형상점가,서울특별시,2.0,3.0,,,P2_GRADED_ONLY,True,,,,,
19cb79d9d17e69bf0852,test,일식,T2 동의어,q_일식_05,초밥,음식점 중 '일식'을 판매·제공하는 매장,9e247b48-341b-41b3-8a62-21ffb7675f15,초밥생각,초밥,정부청사 골목형상점가,골목형상점가,광주광역시,3.0,3.0,,,RESOLVED_AGREEMENT,False,3,,,,
ad6e8dc4dcf38411b884,test,일식,T2 동의어,q_일식_05,초밥,음식점 중 '일식'을 판매·제공하는 매장,56f1a305-e4c2-4760-84be-0d73c9d90e7f,스시린,초밥,한보라 골목형상점가,골목형상점가,경기도,3.0,3.0,,,RESOLVED_AGREEMENT,False,3,,,,
61ba1b813981604365a0,test,일식,T2 동의어,q_일식_05,초밥,음식점 중 '일식'을 판매·제공하는 매장,eb9a9177-3e1c-41cf-9984-fb4633101c42,효비초밥,초밥,빛가람 하나로 골목형상점가,골목형상점가,전라남도,3.0,3.0,,,RESOLVED_AGREEMENT,False,3,,,,
2f137016ca0aaea36ef9,test,일식,T2 동의어,q_일식_05,초밥,음식점 중 '일식'을 판매·제공하는 매장,756bb929-fa13-46ef-b52e-1035ea25999e,초밥왕,초밥,성남먹자골목,골목형상점가,울산광역시,3.0,3.0,,,RESOLVED_AGREEMENT,False,3,,,,
f132d438b0f81a801ae1,test,일식,T2 동의어,q_일식_05,초밥,음식점 중 '일식'을 판매·제공하는 매장,4ec3ce62-202c-480b-b7ad-de996d8ce8fd,사사초밥,초밥,안산다농마트전통시장,전통시장,경기도,3.0,3.0,,,RESOLVED_AGREEMENT,False,3,,,,
a9b399570435e4b2cb93,test,일식,T2 동의어,q_일식_05,초밥,음식점 중 '일식'을 판매·제공하는 매장,73353097-8889-4c39-8b46-fe1ca1da3899,스시교코오,초밥,유천택지올림픽길골목형상점가,골목형상점가,강원특별자치도,3.0,3.0,,,RESOLVED_AGREEMENT,False,3,,,,
f23bae4eec852187b93b,test,일식,T2 동의어,q_일식_05,초밥,음식점 중 '일식'을 판매·제공하는 매장,00dfe7e1-6daa-4586-9146-ec927a443d02,오늘애초밥,,포항죽도농산물시장,전통시장,경상북도,3.0,3.0,,,RESOLVED_AGREEMENT,False,3,,,,
a3ac277a6e7b026297b2,test,일식,T2 동의어,q_일식_05,초밥,음식점 중 '일식'을 판매·제공하는 매장,025255cd-6e4e-4d26-b2b7-bd18e2858548,정성카츠 화정점,일식,화정로상가상인회 골목형상점가,골목형상점가,광주광역시,3.0,3.0,,,RESOLVED_AGREEMENT,False,3,,,,
9b4dfe4b1f169862c01c,test,일식,T2 동의어,q_일식_05,초밥,음식점 중 '일식'을 판매·제공하는 매장,dc2d211d-0713-482b-90b0-e7d6cab881f2,훈초밥,초밥,동천동먹자골목1번가상인회 골목형상점가,골목형상점가,광주광역시,3.0,3.0,,,RESOLVED_AGREEMENT,False,3,,,,
fee6a84e75762fdb7b6d,test,일식,T2 동의어,q_일식_05,초밥,음식점 중 '일식'을 판매·제공하는 매장,00fcc68d-3086-4b45-b998-f3763e8dbf7d,꼬치마요 산본역점(9호점),일식,산본로데오거리(구 산본중심상가),자율상권구역,경기도,3.0,3.0,,,RESOLVED_AGREEMENT,False,3,,,,
3c065344293f1f9321bb,test,일식,T2 동의어,q_일식_05,초밥,음식점 중 '일식'을 판매·제공하는 매장,00f1a1de-5180-4857-ac9d-3d104fc8a1e0,진스시,,신구로현대어반벨리 골목형상점가,골목형상점가,서울특별시,3.0,3.0,,,RESOLVED_AGREEMENT,False,3,,,,
b3beaf6607749c1295ff,test,일식,T2 동의어,q_일식_05,초밥,음식점 중 '일식'을 판매·제공하는 매장,8db6b2f2-1eb2-4d5b-b193-05c9ef6a0043,힐링초밥,초밥,소촌중앙 골목형상점가,골목형상점가,광주광역시,3.0,3.0,,,RESOLVED_AGREEMENT,False,3,,,,
39214def14e4664aeb50,test,일식,T2 동의어,q_일식_05,초밥,음식점 중 '일식'을 판매·제공하는 매장,0946bd17-8626-4394-92ce-d09a816ffc5c,초밥진,초밥,단봉로골목형상점가,골목형상점가,인천광역시,3.0,3.0,,,RESOLVED_AGREEMENT,False,3,,,,
ff53813200092b730090,test,일식,T2 동의어,q_일식_05,초밥,음식점 중 '일식'을 판매·제공하는 매장,9169c912-205f-4e1a-9b1d-6aa7798d7199,초밥왕,초밥,창원 성원그랜드쇼핑상가,전통시장,경상남도,3.0,3.0,,,RESOLVED_AGREEMENT,False,3,,,,
af454e55f5701d03c29f,test,일식,T2 동의어,q_일식_05,초밥,음식점 중 '일식'을 판매·제공하는 매장,ce7f34ff-d56b-4f0a-a550-b4145ef8fda5,해빈,초밥 회,성동용답상가시장,전통시장,서울특별시,3.0,3.0,,,RESOLVED_AGREEMENT,False,3,,,,
f727aed41a63fb66dbed,test,일식,T2 동의어,q_일식_05,초밥,음식점 중 '일식'을 판매·제공하는 매장,6c41836b-03c4-456c-8153-c00c14c98ba4,스시류,초밥,누리 골목형상점가,골목형상점가,경기도,3.0,3.0,,,RESOLVED_AGREEMENT,False,3,,,,
a274bc6ae6858da93f71,test,일식,T2 동의어,q_일식_05,초밥,음식점 중 '일식'을 판매·제공하는 매장,af37837c-0f7d-47a5-b601-7642e4f499e8,벗초밥,초밥 롤,금당산길상인회 골목형상점가,골목형상점가,광주광역시,3.0,3.0,,,RESOLVED_AGREEMENT,False,3,,,,
23ef78bacd6227192f73,test,일식,T2 동의어,q_일식_05,초밥,음식점 중 '일식'을 판매·제공하는 매장,ee63c930-e981-436e-ad32-0b212b5b8fd7,초밥한상,초밥,산격종합시장,전통시장,대구광역시,3.0,3.0,,,RESOLVED_AGREEMENT,False,3,,,,
5d103d3c489a6cc814c0,test,일식,T2 동의어,q_일식_05,초밥,음식점 중 '일식'을 판매·제공하는 매장,ed0b7ac2-501f-444f-a4cb-2bdcfa4d9470,쿡스시,초밥,고성동벚꽃 골목형상점가,골목형상점가,대구광역시,3.0,3.0,,,RESOLVED_AGREEMENT,False,3,,,,
dd2c24011b9e2679daab,test,일식,T2 동의어,q_일식_05,초밥,음식점 중 '일식'을 판매·제공하는 매장,ad9303b0-46cb-41e2-8142-2b361ee164dc,범범초밥,초밥,빛가람 상리단길 골목형상점가,골목형상점가,전라남도,3.0,3.0,,,RESOLVED_AGREEMENT,False,3,,,,
395507b3f699c4db091e,test,일식,T2 동의어,q_일식_05,초밥,음식점 중 '일식'을 판매·제공하는 매장,08d14b1d-4e72-461b-9271-ff2e681ca57f,정초밥,초밥,봉선로2 골목형상점가,골목형상점가,광주광역시,3.0,3.0,,,RESOLVED_AGREEMENT,False,3,,,,
4f2fc4dff36c8f51bfa3,test,일식,T2 동의어,q_일식_05,초밥,음식점 중 '일식'을 판매·제공하는 매장,0225925b-3945-46cd-b995-b946a617ccfc,초밥일번지,일식,안동음식의거리 골목형상점가,골목형상점가,경상북도,3.0,3.0,,,RESOLVED_AGREEMENT,False,3,,,,
56cd8c05bccb432e5a70,test,일식,T2 동의어,q_일식_05,초밥,음식점 중 '일식'을 판매·제공하는 매장,a344d1e2-edda-4877-a78c-d0b1bb5e2ebd,신초밥,초밥,상계역전종합상가,자율상권구역,서울특별시,3.0,3.0,,,RESOLVED_AGREEMENT,False,3,,,,
303fb3f7f0720f4e85e2,test,일식,T2 동의어,q_일식_05,초밥,음식점 중 '일식'을 판매·제공하는 매장,01f2d713-86d5-414a-b9b9-1fdde102f589,미스타교자(상봉점),일식,상봉먹자골목형상점가,골목형상점가,서울특별시,3.0,3.0,,,RESOLVED_AGREEMENT,False,3,,,,
e78f71d4addfde1a8b00,test,일식,T2 동의어,q_일식_05,초밥,음식점 중 '일식'을 판매·제공하는 매장,21b9f6ea-1c7a-45b2-811a-d773499020c5,정성초밥,초밥,뒷개로청춘골목상점가,골목형상점가,전라남도,3.0,3.0,,,RESOLVED_AGREEMENT,False,3,,,,
c9d95923a153a5ed0f2c,test,일식,T2 동의어,q_일식_05,초밥,음식점 중 '일식'을 판매·제공하는 매장,364bf804-c25d-46dd-8929-4672dc48f82c,인생초밥,초밥 회,운암동 행복한 길 골목형상점가,골목형상점가,광주광역시,3.0,3.0,,,RESOLVED_AGREEMENT,False,3,,,,
55273428293ec2bddb81,test,일식,T2 동의어,q_일식_05,초밥,음식점 중 '일식'을 판매·제공하는 매장,005eb589-94b0-4a7e-b4e4-ef8cf64b0762,스시쿄다이,일식,동홍8번가 골목형상점가,골목형상점가,제주특별자치도,3.0,3.0,,,RESOLVED_AGREEMENT,False,3,,,,
938777e7d040fed92699,test,일식,T2 동의어,q_일식_05,초밥,음식점 중 '일식'을 판매·제공하는 매장,d7a7487a-0e4a-49e9-88f6-612df283d177,쌀을나누는집 덕미가,분식,반곡동 골목형상점가,골목형상점가,세종특별자치시,1.0,0.0,,,P2_GRADED_ONLY,True,,,,,
64b3a8e35bfce7e1c39a,test,일식,T2 동의어,q_일식_05,초밥,음식점 중 '일식'을 판매·제공하는 매장,eb5c385d-fc2f-4425-844d-e0e9c6a2a0b0,홍도초밥,초밥,화양제일골목시장(화양제일시장),전통시장,서울특별시,3.0,3.0,,,RESOLVED_AGREEMENT,False,3,,,,
cc081914dc515cfb2606,test,일식,T2 동의어,q_일식_05,초밥,음식점 중 '일식'을 판매·제공하는 매장,6857fc7a-913d-4cc5-ac13-c300d17c24af,어썸초밥,초밥,스마트허브 골목형상점가,골목형상점가,세종특별자치시,3.0,3.0,,,RESOLVED_AGREEMENT,False,3,,,,
1dc08950218f7c6caa3d,test,일식,T2 동의어,q_일식_05,초밥,음식점 중 '일식'을 판매·제공하는 매장,36a59fe8-5986-43ce-ac34-5feffb428ac5,동원활어&초밥,초밥,신영시장,전통시장,서울특별시,3.0,3.0,,,RESOLVED_AGREEMENT,False,3,,,,
67949554b9de1c41e771,test,일식,T2 동의어,q_일식_05,초밥,음식점 중 '일식'을 판매·제공하는 매장,bd34e71d-aff0-421c-8b66-b2006a67fdc3,초밥인생,초밥,행복상점가,자율상권구역,경상북도,3.0,3.0,,,RESOLVED_AGREEMENT,False,3,,,,
97d0d704590876fc632a,test,일식,T2 동의어,q_일식_05,초밥,음식점 중 '일식'을 판매·제공하는 매장,c3cc9a14-87cd-406b-afa4-09016dd72855,흑심초밥,초밥,선운 골목형상점가,골목형상점가,광주광역시,3.0,3.0,,,RESOLVED_AGREEMENT,False,3,,,,
4d8a93e3e5a86c651d15,test,일식,T2 동의어,q_일식_05,초밥,음식점 중 '일식'을 판매·제공하는 매장,6cf664b8-4791-4793-a989-34889bf78dd2,뚠뚠초밥,초밥,금촌명동로시장,전통시장,경기도,3.0,3.0,,,RESOLVED_AGREEMENT,False,3,,,,
95b627dbac499e20cc46,test,일식,T2 동의어,q_일식_05,초밥,음식점 중 '일식'을 판매·제공하는 매장,48cd1f64-e2d6-46bf-93ff-a1c5ace79946,그집초밥,초밥,시청앞사거리 골목형상점가,골목형상점가,충청남도,3.0,3.0,,,RESOLVED_AGREEMENT,False,3,,,,
b5e6af01f365b7121f4c,test,일식,T2 동의어,q_일식_05,초밥,음식점 중 '일식'을 판매·제공하는 매장,bb242b46-dcec-478f-96e5-70d5d78e10ab,이화식품,계육,칠성시장,전통시장,대구광역시,0.0,0.0,,,RESOLVED_AGREEMENT,False,0,,,,
7d4ea5ad0f12a7014f42,test,일식,T2 동의어,q_일식_05,초밥,음식점 중 '일식'을 판매·제공하는 매장,dfb40ac2-a8ae-4d06-8a57-5844232625dc,묘묘,한식,BOCA 보카상점가,골목형상점가,경기도,1.0,1.0,,,RESOLVED_AGREEMENT,False,1,,,,
b93c21b4ac39a35faf74,test,일식,T2 동의어,q_일식_05,초밥,음식점 중 '일식'을 판매·제공하는 매장,5ca6bc42-2277-4e36-972c-fc544f4dc23a,아미초밥,초밥,롯데프라자 골목형상점가,골목형상점가,경기도,3.0,3.0,,,RESOLVED_AGREEMENT,False,3,,,,
a523028c28b0c5f39de1,test,일식,T2 동의어,q_일식_05,초밥,음식점 중 '일식'을 판매·제공하는 매장,c58907c0-414b-432d-a083-7eb7e8387a89,봄초밥,초밥,임방울대로 골목형상점가,골목형상점가,광주광역시,3.0,3.0,,,RESOLVED_AGREEMENT,False,3,,,,
701711eea6ba1845106a,test,일식,T2 동의어,q_일식_05,초밥,음식점 중 '일식'을 판매·제공하는 매장,60900362-ddfa-41fc-b62d-7d77cf35f6fc,초밥작업실,초밥,김해 동상전통시장,전통시장,경상남도,3.0,3.0,,,RESOLVED_AGREEMENT,False,3,,,,
470206f3ef4d568ae471,test,일식,T2 동의어,q_일식_05,초밥,음식점 중 '일식'을 판매·제공하는 매장,259018a2-6bfb-4bab-8edf-aa1445f69acb,네일라떼,네일피부,백운 대성시장 골목형상점가,골목형상점가,광주광역시,0.0,0.0,,,RESOLVED_AGREEMENT,False,0,,,,
3e4228ec3701edba5489,test,일식,T2 동의어,q_일식_05,초밥,음식점 중 '일식'을 판매·제공하는 매장,ca6b3dc2-3c65-44da-abb2-bc5acd0ada6b,상도초밥,초밥,남광주시장,전통시장,광주광역시,3.0,3.0,,,RESOLVED_AGREEMENT,False,3,,,,
88e7c65bced783185013,test,일식,T2 동의어,q_일식_05,초밥,음식점 중 '일식'을 판매·제공하는 매장,92f367b5-da56-4ae3-b92e-c53dde93dff1,가람초밥,초밥,빛가람 하나로 골목형상점가,골목형상점가,전라남도,3.0,3.0,,,RESOLVED_AGREEMENT,False,3,,,,
4bcf214a32015431c82e,test,일식,T2 동의어,q_일식_05,초밥,음식점 중 '일식'을 판매·제공하는 매장,01f14598-4405-408e-9fac-71db17ed6f05,동경스시,,풍무동1 골목형상점가,골목형상점가,경기도,3.0,3.0,,,RESOLVED_AGREEMENT,False,3,,,,
b64e441982c49c5b5784,test,일식,T2 동의어,q_일식_05,초밥,음식점 중 '일식'을 판매·제공하는 매장,03e60ecc-402f-49e8-b1ac-cbd4f330144d,온정돈까스 천안불당점,돈까스,시청앞 골목형상점가,골목형상점가,충청남도,2.0,3.0,,,P2_GRADED_ONLY,True,,,,,
8f9e254ea255c4aa3eb4,test,일식,T2 동의어,q_일식_05,초밥,음식점 중 '일식'을 판매·제공하는 매장,70846065-98fc-4b3d-b734-523c9b150b3a,김영섭초밥,초밥,상암동상점가,자율상권구역,서울특별시,3.0,3.0,,,RESOLVED_AGREEMENT,False,3,,,,
98e4fafa2fd8e7e1344b,test,일식,T2 동의어,q_일식_05,초밥,음식점 중 '일식'을 판매·제공하는 매장,bf5f1f83-26ee-432b-8138-8332a8c52049,백운초밥,초밥,첨단이웃사랑 골목형상점가,골목형상점가,광주광역시,3.0,3.0,,,RESOLVED_AGREEMENT,False,3,,,,
c31491a750b0fed224bd,test,일식,T2 동의어,q_일식_05,초밥,음식점 중 '일식'을 판매·제공하는 매장,ad48ee84-420a-4e44-abe8-2fa704bdf9ad,감탄남양휴튼점,분식,신창호반,골목형상점가,광주광역시,1.0,0.0,,,P2_GRADED_ONLY,True,,,,,
4790fb4a23bfa67e7cd7,test,일식,T2 동의어,q_일식_05,초밥,음식점 중 '일식'을 판매·제공하는 매장,3bb59c05-17de-4e89-adc1-034085a2632b,함초밥,초밥,포방터시장,전통시장,서울특별시,3.0,3.0,,,RESOLVED_AGREEMENT,False,3,,,,
3240a1b6dbcf9416f880,test,일식,T2 동의어,q_일식_05,초밥,음식점 중 '일식'을 판매·제공하는 매장,00eefa39-8925-4ff1-8fb6-e3aa2c2b7937,아비꼬 용인보정점,일식 음식점,BOCA 보카상점가,골목형상점가,경기도,3.0,3.0,,,RESOLVED_AGREEMENT,False,3,,,,
8e9d506f185f0f8d5cb8,test,일식,T2 동의어,q_일식_05,초밥,음식점 중 '일식'을 판매·제공하는 매장,ead38e9e-14a5-4ce9-8959-586748c26ac8,초밥24,초밥,남현동예술인마을골목형상점가,골목형상점가,서울특별시,3.0,3.0,,,RESOLVED_AGREEMENT,False,3,,,,
f59025f86397d8430cae,test,일식,T2 동의어,q_일식_05,초밥,음식점 중 '일식'을 판매·제공하는 매장,00e80339-1353-4885-81d7-0746a437abb2,포식 용인한숲시티점,쌀국수 돈까스 함박스테이크,남사한숲 골목형상점가,골목형상점가,경기도,2.0,3.0,,,P2_GRADED_ONLY,True,,,,,
fe5d4fe3f51acbfd1c1f,test,일식,T2 동의어,q_일식_05,초밥,음식점 중 '일식'을 판매·제공하는 매장,9d402004-89c5-4f9e-85e2-13056d2d9769,준초밥,초밥,세은 골목형상점가,골목형상점가,광주광역시,3.0,3.0,,,RESOLVED_AGREEMENT,False,3,,,,
6769b658020600537e2a,test,일식,T2 동의어,q_일식_05,초밥,음식점 중 '일식'을 판매·제공하는 매장,1699cceb-1148-4066-b0f3-46467d1aeb43,왕쿤,초밥,신석로골목형상점가,골목형상점가,인천광역시,3.0,3.0,,,RESOLVED_AGREEMENT,False,3,,,,
a241bc6999d8f6442685,test,일식,T2 동의어,q_일식_05,초밥,음식점 중 '일식'을 판매·제공하는 매장,9f360d4a-b3e1-4946-9496-dfb4d8afae2b,소소초밥,초밥,봉일천전통시장,전통시장,경기도,3.0,3.0,,,RESOLVED_AGREEMENT,False,3,,,,
78493cff50f01e4d22f5,test,일식,T2 동의어,q_일식_05,초밥,음식점 중 '일식'을 판매·제공하는 매장,01afaafa-2a46-4977-8015-55762957ee7a,다래초밥,초밥,동문동 골목형상점가,골목형상점가,충청남도,3.0,3.0,,,RESOLVED_AGREEMENT,False,3,,,,
5b54db3c5673d7628019,test,일식,T2 동의어,q_일식_05,초밥,음식점 중 '일식'을 판매·제공하는 매장,0547b6e2-3d1e-4a4a-97c6-9b1c1344bf88,김희철 스시,,솔매사랑길 골목형상점가,골목형상점가,서울특별시,3.0,3.0,,,RESOLVED_AGREEMENT,False,3,,,,
38a2cb9f46727acb8e52,test,일식,T2 동의어,q_일식_05,초밥,음식점 중 '일식'을 판매·제공하는 매장,ce40c255-cc88-4ec5-9e7e-ad54a35093c0,서향해장국,해장국,함덕4구상점가,골목형상점가,제주특별자치도,0.0,0.0,,,RESOLVED_AGREEMENT,False,0,,,,
5f9554f9096d152fa9eb,test,일식,T4 구어·문장,q_일식_06,돈까스 먹을 곳,음식점 중 '일식'을 판매·제공하는 매장,76333b8d-3987-4d39-adde-f69dc0647936,목동돈까스,돈까스,개봉중앙시장,전통시장,서울특별시,3.0,3.0,,,RESOLVED_AGREEMENT,False,3,,,,
11fea9f4c1b9da9533cb,test,일식,T4 구어·문장,q_일식_06,돈까스 먹을 곳,음식점 중 '일식'을 판매·제공하는 매장,ee751214-4261-4387-a5bf-955bdba58240,광장 돈까스,돈까스,백운광장 골목형상점가,골목형상점가,광주광역시,3.0,3.0,,,RESOLVED_AGREEMENT,False,3,,,,
92e3552211979b0203f6,test,일식,T4 구어·문장,q_일식_06,돈까스 먹을 곳,음식점 중 '일식'을 판매·제공하는 매장,3e1325dd-976f-4554-8cff-a9ea1e8b7e5c,돈까스짱,돈까스,보정중심 골목형상점가,골목형상점가,경기도,3.0,3.0,,,RESOLVED_AGREEMENT,False,3,,,,
1f001f6cebcaf47c2355,test,일식,T4 구어·문장,q_일식_06,돈까스 먹을 곳,음식점 중 '일식'을 판매·제공하는 매장,00fcc68d-3086-4b45-b998-f3763e8dbf7d,꼬치마요 산본역점(9호점),일식,산본로데오거리(구 산본중심상가),자율상권구역,경기도,3.0,3.0,,,RESOLVED_AGREEMENT,False,3,,,,
0d370c3c63ec33062893,test,일식,T4 구어·문장,q_일식_06,돈까스 먹을 곳,음식점 중 '일식'을 판매·제공하는 매장,ef4f6a3a-d225-460c-bee0-204360bb260c,태양상회,,예산상설시장,전통시장,충청남도,1.0,0.0,,,P2_GRADED_ONLY,True,,,,,
eb4cd6aa6cd6e08acab2,test,일식,T4 구어·문장,q_일식_06,돈까스 먹을 곳,음식점 중 '일식'을 판매·제공하는 매장,2aa275de-9340-4e3e-aa03-da6018e17de6,돈까스날다,돈까스,공주산성 활성화구역,전통시장,충청남도,3.0,3.0,,,RESOLVED_AGREEMENT,False,3,,,,
c277c13b8aec8d63b425,test,일식,T4 구어·문장,q_일식_06,돈까스 먹을 곳,음식점 중 '일식'을 판매·제공하는 매장,70e1f7d2-5cde-4fed-84b2-07ee7677f267,흑수돈,돈까스,산본전통시장(구 군포산본시장),전통시장,경기도,3.0,3.0,,,RESOLVED_AGREEMENT,False,3,,,,
6f22e91a69526889f8ae,test,일식,T4 구어·문장,q_일식_06,돈까스 먹을 곳,음식점 중 '일식'을 판매·제공하는 매장,6e7fa5fe-03db-4b50-84a6-97970ab55e52,엄마손돈까스,돈까스 밥,매곡 사랑길 골목형상점가,골목형상점가,광주광역시,3.0,3.0,,,RESOLVED_AGREEMENT,False,3,,,,
03a00f386e5482f3bdce,test,일식,T4 구어·문장,q_일식_06,돈까스 먹을 곳,음식점 중 '일식'을 판매·제공하는 매장,02e18ef3-4b66-4159-96bf-759bfb98320f,카츠옹,돈까스,자양번영로골목형상점가,골목형상점가,서울특별시,3.0,3.0,,,RESOLVED_AGREEMENT,False,3,,,,
30950d976d762452eb3f,test,일식,T4 구어·문장,q_일식_06,돈까스 먹을 곳,음식점 중 '일식'을 판매·제공하는 매장,63877bc7-c928-435a-873c-fe3539f9930b,연합통신,핸드폰,달서로행복 골목형상점가,골목형상점가,대구광역시,0.0,0.0,,,RESOLVED_AGREEMENT,False,0,,,,
e45268b060f3d2796c1a,test,일식,T4 구어·문장,q_일식_06,돈까스 먹을 곳,음식점 중 '일식'을 판매·제공하는 매장,022aa88a-4fef-445a-baba-83a8de201d44,돈까스,한식,우림맛솜씨길골목형상점가,골목형상점가,서울특별시,2.0,3.0,,,P2_GRADED_ONLY,True,,,,,
e8220720c65132d7a949,test,일식,T4 구어·문장,q_일식_06,돈까스 먹을 곳,음식점 중 '일식'을 판매·제공하는 매장,2c3369b2-0039-424d-ae93-8752e851eca9,원픽돈까스,돈까스,송강동 골목형상점가,골목형상점가,대전광역시,3.0,3.0,,,RESOLVED_AGREEMENT,False,3,,,,
0b4d5bcd841f612b1e91,test,일식,T4 구어·문장,q_일식_06,돈까스 먹을 곳,음식점 중 '일식'을 판매·제공하는 매장,b3c1547e-3ba6-4985-a83f-323e47efd38b,해신참치,일반음식,사리골상점가,자율상권구역,경기도,0.0,3.0,,,P1_BINARY_THRESHOLD,True,,,,,
a8a1c5a20436263fe489,test,일식,T4 구어·문장,q_일식_06,돈까스 먹을 곳,음식점 중 '일식'을 판매·제공하는 매장,719de0ff-955e-4360-b2a5-ca042d057a17,합 본점,한식,호매실역중심상가 골목형상점가,골목형상점가,경기도,1.0,1.0,,,RESOLVED_AGREEMENT,False,1,,,,
99b20db3a643c5c72458,test,일식,T4 구어·문장,q_일식_06,돈까스 먹을 곳,음식점 중 '일식'을 판매·제공하는 매장,818f30b1-bc79-45b5-8a1b-07e75d22b5f8,주천돈까스,돈까스,주천골목형상점가,골목형상점가,강원특별자치도,3.0,3.0,,,RESOLVED_AGREEMENT,False,3,,,,
acb4db79bcf2b4089582,test,일식,T4 구어·문장,q_일식_06,돈까스 먹을 곳,음식점 중 '일식'을 판매·제공하는 매장,025255cd-6e4e-4d26-b2b7-bd18e2858548,정성카츠 화정점,일식,화정로상가상인회 골목형상점가,골목형상점가,광주광역시,3.0,3.0,,,RESOLVED_AGREEMENT,False,3,,,,
20d1be6bcb8b136cbcae,test,일식,T4 구어·문장,q_일식_06,돈까스 먹을 곳,음식점 중 '일식'을 판매·제공하는 매장,01710a82-bb0d-4cbc-8491-708f78ce99fe,스시니쿠 후평점,,인공폭포상가,자율상권구역,강원특별자치도,3.0,3.0,,,RESOLVED_AGREEMENT,False,3,,,,
c97d80e84768c5102e50,test,일식,T4 구어·문장,q_일식_06,돈까스 먹을 곳,음식점 중 '일식'을 판매·제공하는 매장,3a7ec82c-a648-44e1-865c-aedab180585c,차차돈까스,돈까스,태화십리대밭먹거리단지 상점가,자율상권구역,울산광역시,3.0,3.0,,,RESOLVED_AGREEMENT,False,3,,,,
885723d0696db64bf2cd,test,일식,T4 구어·문장,q_일식_06,돈까스 먹을 곳,음식점 중 '일식'을 판매·제공하는 매장,445c157c-fa33-492e-9dad-43b744e3476e,대박돈까스,돈까스,말바우시장,전통시장,광주광역시,3.0,3.0,,,RESOLVED_AGREEMENT,False,3,,,,
829dc33e6813fab68f45,test,일식,T4 구어·문장,q_일식_06,돈까스 먹을 곳,음식점 중 '일식'을 판매·제공하는 매장,005eb589-94b0-4a7e-b4e4-ef8cf64b0762,스시쿄다이,일식,동홍8번가 골목형상점가,골목형상점가,제주특별자치도,3.0,3.0,,,RESOLVED_AGREEMENT,False,3,,,,
b42e2f286dacc4c5ce43,test,일식,T4 구어·문장,q_일식_06,돈까스 먹을 곳,음식점 중 '일식'을 판매·제공하는 매장,fd124d67-c83c-4982-94da-9d9532506106,오늘도돈까스,돈까스,화서1동 소상공인 골목형상점가,골목형상점가,경기도,3.0,3.0,,,RESOLVED_AGREEMENT,False,3,,,,
4a297194ec776ca0618b,test,일식,T4 구어·문장,q_일식_06,돈까스 먹을 곳,음식점 중 '일식'을 판매·제공하는 매장,919b147a-bc44-43df-8bb7-c718189415bf,장돈까스,돈까스,낙낙별길골목형상점가,골목형상점가,서울특별시,3.0,3.0,,,RESOLVED_AGREEMENT,False,3,,,,
93f8196f5d71354ff2b9,test,일식,T4 구어·문장,q_일식_06,돈까스 먹을 곳,음식점 중 '일식'을 판매·제공하는 매장,0225925b-3945-46cd-b995-b946a617ccfc,초밥일번지,일식,안동음식의거리 골목형상점가,골목형상점가,경상북도,3.0,3.0,,,RESOLVED_AGREEMENT,False,3,,,,
3b0906b6dd09e4e9a375,test,일식,T4 구어·문장,q_일식_06,돈까스 먹을 곳,음식점 중 '일식'을 판매·제공하는 매장,c2299385-c010-4569-8c43-ea57d4bb45b2,해오름돈까스,돈까스,장대 골목형상점가,골목형상점가,대전광역시,3.0,3.0,,,RESOLVED_AGREEMENT,False,3,,,,
2cf3f1f661267e8e8100,test,일식,T4 구어·문장,q_일식_06,돈까스 먹을 곳,음식점 중 '일식'을 판매·제공하는 매장,315bbfe2-1c10-4ae5-81fe-94e3b89e1d57,용까쓰,돈까스,도화동상점가,자율상권구역,서울특별시,3.0,3.0,,,RESOLVED_AGREEMENT,False,3,,,,
00d578f84fa809dda869,test,일식,T4 구어·문장,q_일식_06,돈까스 먹을 곳,음식점 중 '일식'을 판매·제공하는 매장,107be52a-093e-4a30-b81a-ab453e4f4b42,영등포돈까스,돈까스,영등포전통시장,자율상권구역,서울특별시,3.0,3.0,,,RESOLVED_AGREEMENT,False,3,,,,
fab2b74ba3b5ab5ddde9,test,일식,T4 구어·문장,q_일식_06,돈까스 먹을 곳,음식점 중 '일식'을 판매·제공하는 매장,00f1a1de-5180-4857-ac9d-3d104fc8a1e0,진스시,,신구로현대어반벨리 골목형상점가,골목형상점가,서울특별시,3.0,3.0,,,RESOLVED_AGREEMENT,False,3,,,,
42779885828c01c97086,test,일식,T4 구어·문장,q_일식_06,돈까스 먹을 곳,음식점 중 '일식'을 판매·제공하는 매장,026b148f-ce2a-4e35-8dbb-0aaca2c31325,은화수식당,돈까스 카레 우동 기타등등,군산디오션시티 골목형상점가,골목형상점가,전북특별자치도,3.0,3.0,,,RESOLVED_AGREEMENT,False,3,,,,
90bdc473242842158f51,test,일식,T4 구어·문장,q_일식_06,돈까스 먹을 곳,음식점 중 '일식'을 판매·제공하는 매장,4f3cb4d3-443a-4301-bb2b-8055ed939955,필링,돈까스,매곡 가인 골목형상점가,골목형상점가,광주광역시,3.0,3.0,,,RESOLVED_AGREEMENT,False,3,,,,
836bd41837460630ab64,test,일식,T4 구어·문장,q_일식_06,돈까스 먹을 곳,음식점 중 '일식'을 판매·제공하는 매장,00ba389b-e522-4da5-ac26-2ffaf33359ec,스시노유키,초밥,산본로데오거리(구 산본중심상가),자율상권구역,경기도,3.0,3.0,,,RESOLVED_AGREEMENT,False,3,,,,
2a36781901a4935655da,test,일식,T4 구어·문장,q_일식_06,돈까스 먹을 곳,음식점 중 '일식'을 판매·제공하는 매장,01f2d713-86d5-414a-b9b9-1fdde102f589,미스타교자(상봉점),일식,상봉먹자골목형상점가,골목형상점가,서울특별시,3.0,3.0,,,RESOLVED_AGREEMENT,False,3,,,,
dc51788f217edfb0135f,test,일식,T4 구어·문장,q_일식_06,돈까스 먹을 곳,음식점 중 '일식'을 판매·제공하는 매장,ea6ad509-ab64-4b43-bf40-7023103d3b3e,경우 돈까스,,수영팔도시장(구 수영팔도상가시장),전통시장,부산광역시,3.0,3.0,,,RESOLVED_AGREEMENT,False,3,,,,
018a01b0caa4b2c3e532,test,일식,T4 구어·문장,q_일식_06,돈까스 먹을 곳,음식점 중 '일식'을 판매·제공하는 매장,23138dc4-fb7a-4233-987d-979a4f054844,더바삭돈까스,돈까스,지족반석 골목형상점가,골목형상점가,대전광역시,3.0,3.0,,,RESOLVED_AGREEMENT,False,3,,,,
0aba33a43f5d6b985e37,test,일식,T4 구어·문장,q_일식_06,돈까스 먹을 곳,음식점 중 '일식'을 판매·제공하는 매장,978f31d8-0482-4233-9d2d-83dc8fc7abec,돈까스짱,돈까스,풍암우미상인회 골목형상점가,골목형상점가,광주광역시,3.0,3.0,,,RESOLVED_AGREEMENT,False,3,,,,
b1997e4083489936965a,test,일식,T4 구어·문장,q_일식_06,돈까스 먹을 곳,음식점 중 '일식'을 판매·제공하는 매장,00e80339-1353-4885-81d7-0746a437abb2,포식 용인한숲시티점,쌀국수 돈까스 함박스테이크,남사한숲 골목형상점가,골목형상점가,경기도,3.0,3.0,,,RESOLVED_AGREEMENT,False,3,,,,
f780e658362254cb886d,test,일식,T4 구어·문장,q_일식_06,돈까스 먹을 곳,음식점 중 '일식'을 판매·제공하는 매장,01afaafa-2a46-4977-8015-55762957ee7a,다래초밥,초밥,동문동 골목형상점가,골목형상점가,충청남도,3.0,3.0,,,RESOLVED_AGREEMENT,False,3,,,,
62b280c3a7976b6f8d88,test,일식,T4 구어·문장,q_일식_06,돈까스 먹을 곳,음식점 중 '일식'을 판매·제공하는 매장,afb78af4-6b4d-4b1f-b4da-edbaa12fe45d,만복돈까스,돈까스,원주자유시장,전통시장,강원특별자치도,3.0,3.0,,,RESOLVED_AGREEMENT,False,3,,,,
d67e05d1b7cfa4183076,test,일식,T4 구어·문장,q_일식_06,돈까스 먹을 곳,음식점 중 '일식'을 판매·제공하는 매장,55df2868-59ed-4245-a236-8f3d3c7399de,행돈,돈까스,서문공설시장,전통시장,제주특별자치도,3.0,3.0,,,RESOLVED_AGREEMENT,False,3,,,,
d206101624c3c0da6b7c,test,일식,T4 구어·문장,q_일식_06,돈까스 먹을 곳,음식점 중 '일식'을 판매·제공하는 매장,b79ef038-b3ef-437d-a1d7-3af25593064d,왕돈까스,돈까스,보라매다올길골목형상점가,골목형상점가,서울특별시,3.0,3.0,,,RESOLVED_AGREEMENT,False,3,,,,
1faac424372dc168dd48,test,일식,T4 구어·문장,q_일식_06,돈까스 먹을 곳,음식점 중 '일식'을 판매·제공하는 매장,468bcac3-6c75-4575-83c8-30cb9b2f78c5,슬돈,돈까스,고성동벚꽃 골목형상점가,골목형상점가,대구광역시,3.0,3.0,,,RESOLVED_AGREEMENT,False,3,,,,
d5cb657dc978d4917b94,test,일식,T4 구어·문장,q_일식_06,돈까스 먹을 곳,음식점 중 '일식'을 판매·제공하는 매장,00dfe7e1-6daa-4586-9146-ec927a443d02,오늘애초밥,,포항죽도농산물시장,전통시장,경상북도,3.0,3.0,,,RESOLVED_AGREEMENT,False,3,,,,
13b9b43bc25dfe417099,test,일식,T4 구어·문장,q_일식_06,돈까스 먹을 곳,음식점 중 '일식'을 판매·제공하는 매장,1a4868a9-2415-4448-8424-85ad2737baca,99번 삼진상회,채소,대구청과시장,전통시장,대구광역시,1.0,0.0,,,P2_GRADED_ONLY,True,,,,,
eff81bdfd04f644ea62f,test,일식,T4 구어·문장,q_일식_06,돈까스 먹을 곳,음식점 중 '일식'을 판매·제공하는 매장,b1373e67-723f-4079-8b03-830e64443e37,원픽 돈까스,돈까스,하복대시장(구 하복대종합시장),전통시장,충청북도,3.0,3.0,,,RESOLVED_AGREEMENT,False,3,,,,
b46a56252614727810ea,test,일식,T4 구어·문장,q_일식_06,돈까스 먹을 곳,음식점 중 '일식'을 판매·제공하는 매장,27786324-e308-45b2-86cf-035424e3c0c9,돈까스짱,돈까스 한식,둔촌역전통시장,전통시장,서울특별시,3.0,3.0,,,RESOLVED_AGREEMENT,False,3,,,,
a241104dbd7c64bedaf8,test,일식,T4 구어·문장,q_일식_06,돈까스 먹을 곳,음식점 중 '일식'을 판매·제공하는 매장,c4800548-2d62-4545-b588-c50b3497e9b0,바로돈까스,돈까스,의정부시장,전통시장,경기도,3.0,3.0,,,RESOLVED_AGREEMENT,False,3,,,,
118dd20966c053370f8a,test,일식,T4 구어·문장,q_일식_06,돈까스 먹을 곳,음식점 중 '일식'을 판매·제공하는 매장,0004ebd2-4e64-4552-95e5-a3b62efea718,적정온도 숙성회&초밥,회초밥,장안마실골목형상점가,골목형상점가,서울특별시,3.0,3.0,,,RESOLVED_AGREEMENT,False,3,,,,
f602ff9d27477308e259,test,일식,T4 구어·문장,q_일식_06,돈까스 먹을 곳,음식점 중 '일식'을 판매·제공하는 매장,f9f846a6-ca31-41e7-b021-c8324784b3d7,금호왕돈까스,돈까스,금호1동상가번영회 골목형상점가,골목형상점가,광주광역시,3.0,3.0,,,RESOLVED_AGREEMENT,False,3,,,,
cba55a0ffa070859a4ab,test,일식,T4 구어·문장,q_일식_06,돈까스 먹을 곳,음식점 중 '일식'을 판매·제공하는 매장,087d5a4c-e66a-44cd-92bf-f0c9dd1c07e3,삿뽀로돈까스,돈까스,송강동 골목형상점가,골목형상점가,대전광역시,3.0,3.0,,,RESOLVED_AGREEMENT,False,3,,,,
c2f6d88bc34fe79ed092,test,일식,T4 구어·문장,q_일식_06,돈까스 먹을 곳,음식점 중 '일식'을 판매·제공하는 매장,01f14598-4405-408e-9fac-71db17ed6f05,동경스시,,풍무동1 골목형상점가,골목형상점가,경기도,3.0,3.0,,,RESOLVED_AGREEMENT,False,3,,,,
a0bc5b9afb70a5713aaa,test,일식,T4 구어·문장,q_일식_06,돈까스 먹을 곳,음식점 중 '일식'을 판매·제공하는 매장,ca91e2c1-6d72-453f-8f01-5ceba3b0115a,안경돈까스,돈까스,공주산성시장,전통시장,충청남도,3.0,3.0,,,RESOLVED_AGREEMENT,False,3,,,,
1be9c3c9739fffb912a2,test,일식,T4 구어·문장,q_일식_06,돈까스 먹을 곳,음식점 중 '일식'을 판매·제공하는 매장,03e60ecc-402f-49e8-b1ac-cbd4f330144d,온정돈까스 천안불당점,돈까스,시청앞 골목형상점가,골목형상점가,충청남도,3.0,3.0,,,RESOLVED_AGREEMENT,False,3,,,,
ae7d5ad55b16aae6c58e,test,일식,T4 구어·문장,q_일식_06,돈까스 먹을 곳,음식점 중 '일식'을 판매·제공하는 매장,77d51f1c-c8d4-4bd4-9883-f8c24a361c33,돈까스천국,돈까스,서남신시장,전통시장,대구광역시,3.0,3.0,,,RESOLVED_AGREEMENT,False,3,,,,
f77935c93d789d7027a1,test,일식,T4 구어·문장,q_일식_06,돈까스 먹을 곳,음식점 중 '일식'을 판매·제공하는 매장,01cecd17-bce9-4355-af06-2ca2cee82862,돈까스에빠지다 범어점,돈까스,범어식주가무명인골목 골목형상점가,골목형상점가,대구광역시,3.0,3.0,,,RESOLVED_AGREEMENT,False,3,,,,
f7bb9434db407ba5ec98,test,일식,T4 구어·문장,q_일식_06,돈까스 먹을 곳,음식점 중 '일식'을 판매·제공하는 매장,9623b677-615f-45ab-b7ec-0aeb820b9528,셰프의 돈까스,돈까스,초록거리 골목형상점가,골목형상점가,경기도,3.0,3.0,,,RESOLVED_AGREEMENT,False,3,,,,
e98b4ef07b027b6a814a,test,일식,T4 구어·문장,q_일식_06,돈까스 먹을 곳,음식점 중 '일식'을 판매·제공하는 매장,2818030f-5603-4e54-970b-5bc7909edf58,서부돈까스,돈까스,명덕마을 골목형상점가,골목형상점가,울산광역시,3.0,3.0,,,RESOLVED_AGREEMENT,False,3,,,,
fd5d8b670345e1553311,test,일식,T4 구어·문장,q_일식_06,돈까스 먹을 곳,음식점 중 '일식'을 판매·제공하는 매장,42db434b-9bc1-4c68-b760-8548a32a3da2,징터돈까스,돈까스,사당4골목형상점가,골목형상점가,서울특별시,3.0,3.0,,,RESOLVED_AGREEMENT,False,3,,,,
dc8b8d04b5f95220570d,test,일식,T4 구어·문장,q_일식_06,돈까스 먹을 곳,음식점 중 '일식'을 판매·제공하는 매장,16d36b16-0bc1-4f4e-98e5-9565ff1d5dc3,수선화돈까스,돈까스,금남로5가 골목형상점가,골목형상점가,광주광역시,3.0,3.0,,,RESOLVED_AGREEMENT,False,3,,,,
0af66a2e4adecb0f8ee3,test,일식,T4 구어·문장,q_일식_06,돈까스 먹을 곳,음식점 중 '일식'을 판매·제공하는 매장,00eefa39-8925-4ff1-8fb6-e3aa2c2b7937,아비꼬 용인보정점,일식 음식점,BOCA 보카상점가,골목형상점가,경기도,3.0,3.0,,,RESOLVED_AGREEMENT,False,3,,,,
9e43eafbea0084452034,test,일식,T4 구어·문장,q_일식_06,돈까스 먹을 곳,음식점 중 '일식'을 판매·제공하는 매장,105caee8-054c-4590-b852-4e2826a0c3a4,돈까스,음식(돈까스),구로시장,전통시장,서울특별시,3.0,3.0,,,RESOLVED_AGREEMENT,False,3,,,,
82c8eda34e35b5e47adf,test,일식,T4 구어·문장,q_일식_06,돈까스 먹을 곳,음식점 중 '일식'을 판매·제공하는 매장,ef9d297b-3674-4a64-9ba6-a98efeb46899,필링돈까스,돈까스,정부청사 골목형상점가,골목형상점가,광주광역시,3.0,3.0,,,RESOLVED_AGREEMENT,False,3,,,,
1d44bb6e7d45eaf1296b,test,일식,T4 구어·문장,q_일식_06,돈까스 먹을 곳,음식점 중 '일식'을 판매·제공하는 매장,feb74da7-483a-4654-b85f-35828f4a068e,용돈까스,돈까스,현풍백년도깨비시장,전통시장,대구광역시,3.0,3.0,,,RESOLVED_AGREEMENT,False,3,,,,
ecae15fd785dfcc86cc6,test,일식,T4 구어·문장,q_일식_06,돈까스 먹을 곳,음식점 중 '일식'을 판매·제공하는 매장,c7e23c64-16e4-440a-9286-a88253b601ea,네모돼지돈까스,돈까스,문화의거리 상점가,자율상권구역,울산광역시,3.0,3.0,,,RESOLVED_AGREEMENT,False,3,,,,
eecd2eaea6fa3e33afd8,test,일식,T4 구어·문장,q_일식_06,돈까스 먹을 곳,음식점 중 '일식'을 판매·제공하는 매장,f2013bc4-89ef-4bb0-8f98-3455a6393571,석진봉까스,돈까스,신흥로데오거리상점가,골목형상점가,경기도,3.0,3.0,,,RESOLVED_AGREEMENT,False,3,,,,
4788d3b947cd5fd51b66,test,일식,T4 구어·문장,q_일식_06,돈까스 먹을 곳,음식점 중 '일식'을 판매·제공하는 매장,33062b8a-eaf5-4600-b5da-256d02309853,돈페,양식 돈까스,수완장덕 골목형상점가,골목형상점가,광주광역시,3.0,3.0,,,RESOLVED_AGREEMENT,False,3,,,,
36385fde3943febd730a,test,일식,T4 구어·문장,q_일식_06,돈까스 먹을 곳,음식점 중 '일식'을 판매·제공하는 매장,217afd8e-35e9-4db8-a90d-1edd566aa5a5,윤돈,돈까스,익산중앙시장,전통시장,전북특별자치도,3.0,3.0,,,RESOLVED_AGREEMENT,False,3,,,,
8bde38f54e004853c8ae,test,일식,T4 구어·문장,q_일식_06,돈까스 먹을 곳,음식점 중 '일식'을 판매·제공하는 매장,78f3e855-deb4-4ed3-8163-b7f096063cdf,청산,한식음식,서영대 먹자 골목형상점가,골목형상점가,광주광역시,1.0,1.0,,,RESOLVED_AGREEMENT,False,1,,,,
262b4fb9ad3ed1402c6b,test,일식,T4 구어·문장,q_일식_06,돈까스 먹을 곳,음식점 중 '일식'을 판매·제공하는 매장,3862937b-b0d3-48a2-a32a-947772fcea3e,브라운돈까스,돈까스,소담마실길 골목형상점가,골목형상점가,세종특별자치시,3.0,3.0,,,RESOLVED_AGREEMENT,False,3,,,,
9294b7fd6ba37d12d6b0,test,일식,T4 구어·문장,q_일식_06,돈까스 먹을 곳,음식점 중 '일식'을 판매·제공하는 매장,0547b6e2-3d1e-4a4a-97c6-9b1c1344bf88,김희철 스시,,솔매사랑길 골목형상점가,골목형상점가,서울특별시,3.0,3.0,,,RESOLVED_AGREEMENT,False,3,,,,
77b17cedc514bb4bde32,test,일식,T4 구어·문장,q_일식_06,돈까스 먹을 곳,음식점 중 '일식'을 판매·제공하는 매장,d47bfdbb-35dc-4a50-a293-6ff3d8ee93e2,일단지 시장 돈까스,돈까스,후평일단지시장,전통시장,강원특별자치도,3.0,3.0,,,RESOLVED_AGREEMENT,False,3,,,,
156d9d57d09992691e60,test,일식,T4 구어·문장,q_일식_06,돈까스 먹을 곳,음식점 중 '일식'을 판매·제공하는 매장,68778bd6-216f-4b4d-b71f-f55e99367d2b,청호돈까스,돈까스,호계공설시장,전통시장,울산광역시,3.0,3.0,,,RESOLVED_AGREEMENT,False,3,,,,
2bdc0105b967c26fa805,test,일식,T4 구어·문장,q_일식_06,돈까스 먹을 곳,음식점 중 '일식'을 판매·제공하는 매장,ce9d46ca-46c9-4e17-8a2a-830ecd48799b,무진돈,돈까스,평택시배미지구 골목형상점가,골목형상점가,경기도,3.0,3.0,,,RESOLVED_AGREEMENT,False,3,,,,
05762a1a737229c38537,test,일식,T4 구어·문장,q_일식_06,돈까스 먹을 곳,음식점 중 '일식'을 판매·제공하는 매장,62c26e13-925d-4bd2-9563-3c0362069e44,약돌돈까스,돈까스,가은아자개시장,전통시장,경상북도,3.0,3.0,,,RESOLVED_AGREEMENT,False,3,,,,
17c0fb4200e1732dc003,test,일식,T4 구어·문장,q_일식_06,돈까스 먹을 곳,음식점 중 '일식'을 판매·제공하는 매장,12410d6f-fc90-41c8-b0fe-427e73473c32,푸짐돈까스,돈까스,금당산길상인회 골목형상점가,골목형상점가,광주광역시,3.0,3.0,,,RESOLVED_AGREEMENT,False,3,,,,
de05b0616d6221e36d4c,test,일식,T4 구어·문장,q_일식_06,돈까스 먹을 곳,음식점 중 '일식'을 판매·제공하는 매장,5cb12b9d-3ae9-4ed4-85b5-2900ceaa9ffe,만춘,돈까스,과천스마트케이 골목형상점가,골목형상점가,경기도,3.0,3.0,,,RESOLVED_AGREEMENT,False,3,,,,
63bd65e4faafe551cdd8,test,일식,T4 구어·문장,q_일식_06,돈까스 먹을 곳,음식점 중 '일식'을 판매·제공하는 매장,15043e8b-d1e1-4e80-8902-fc7f21f28f0c,돈까스담다,돈까스,BOCA 보카상점가,골목형상점가,경기도,3.0,3.0,,,RESOLVED_AGREEMENT,False,3,,,,
fb8bc1a4daab7459584b,test,일식,T4 구어·문장,q_일식_06,돈까스 먹을 곳,음식점 중 '일식'을 판매·제공하는 매장,abf57d98-7856-4957-9681-fb9e7c0a0061,화장품플러스,화장품,모래내시장,전통시장,서울특별시,0.0,0.0,,,RESOLVED_AGREEMENT,False,0,,,,
3dbdd6228048d08a388d,test,일식,T4 구어·문장,q_일식_06,돈까스 먹을 곳,음식점 중 '일식'을 판매·제공하는 매장,8982a8d2-fffb-4de8-8d8b-9c223611bd0f,돈까스마을,돈까스,원주자유시장,전통시장,강원특별자치도,3.0,3.0,,,RESOLVED_AGREEMENT,False,3,,,,
3f4b3bcc7298ea3807ed,test,일식,T4 구어·문장,q_일식_06,돈까스 먹을 곳,음식점 중 '일식'을 판매·제공하는 매장,013d58c8-33f8-4dbe-95de-801d22ea9505,민영활어공장 부천자유시장점,"회, 초밥",부천자유시장,전통시장,경기도,3.0,3.0,,,RESOLVED_AGREEMENT,False,3,,,,
4133424afb844e657513,test,일식,T4 구어·문장,q_일식_06,돈까스 먹을 곳,음식점 중 '일식'을 판매·제공하는 매장,8b06f1bd-5cc0-4a7d-9af3-11e5e794bd57,미소돈까스,돈까스,용호시장,전통시장,부산광역시,3.0,3.0,,,RESOLVED_AGREEMENT,False,3,,,,
d9d6df1fe5852cb3ffac,test,일식,T4 구어·문장,q_일식_06,돈까스 먹을 곳,음식점 중 '일식'을 판매·제공하는 매장,1c59b3d2-5e4e-4b04-862e-ece897e00ed3,망치,돈까스,원신흥 골목형상점가,골목형상점가,대전광역시,3.0,3.0,,,RESOLVED_AGREEMENT,False,3,,,,
3ca86e4b228fa3ef0c94,test,일식,T4 구어·문장,q_일식_06,돈까스 먹을 곳,음식점 중 '일식'을 판매·제공하는 매장,88df6b3f-fb1c-41a7-b044-992002312c4b,온쿠모,돈까스,상무백운상인회 골목형상점가,골목형상점가,광주광역시,3.0,3.0,,,RESOLVED_AGREEMENT,False,3,,,,
121c826653eeb2a72412,test,일식,T4 구어·문장,q_일식_06,돈까스 먹을 곳,음식점 중 '일식'을 판매·제공하는 매장,04c1454c-94f9-4a74-a347-11bfad75cb82,스시대관령,일식스시,내곡동골목형상점가,골목형상점가,강원특별자치도,3.0,3.0,,,RESOLVED_AGREEMENT,False,3,,,,
445d711b29d2a71ab0de,test,일식,T4 구어·문장,q_일식_06,돈까스 먹을 곳,음식점 중 '일식'을 판매·제공하는 매장,9bd99d8a-103c-44bb-9fb8-998df4e14e77,돈까스뷔페,돈까스,일곡동 골목형상점가,골목형상점가,광주광역시,3.0,3.0,,,RESOLVED_AGREEMENT,False,3,,,,
4a8ee83ae460e710d686,test,일식,T4 구어·문장,q_일식_06,돈까스 먹을 곳,음식점 중 '일식'을 판매·제공하는 매장,b8f2f65b-5e8b-4216-b032-03cd94397e70,소담돈까스,돈까스,전곡중앙상가 골목형상점가,골목형상점가,경기도,3.0,3.0,,,RESOLVED_AGREEMENT,False,3,,,,
6c4487e245f185140229,test,일식,T4 구어·문장,q_일식_06,돈까스 먹을 곳,음식점 중 '일식'을 판매·제공하는 매장,1be2f742-0996-4607-9f03-886299f087d8,생생돈까스,돈까스,신용동 육교 앞 골목형상점가,골목형상점가,광주광역시,3.0,3.0,,,RESOLVED_AGREEMENT,False,3,,,,
f71e6a2b90115c56a588,test,일식,T4 구어·문장,q_일식_06,돈까스 먹을 곳,음식점 중 '일식'을 판매·제공하는 매장,6786ef16-22eb-46f7-93ac-b50c9de62f50,망치 돈까스,,남악천변 골목형상점가,골목형상점가,,3.0,3.0,,,RESOLVED_AGREEMENT,False,3,,,,
d46567f79ac16606dc0c,test,일식,T4 구어·문장,q_일식_06,돈까스 먹을 곳,음식점 중 '일식'을 판매·제공하는 매장,7fbbbba3-f517-4baa-926c-d5102673a5b7,한우랑한돈이,식육,중앙신시장,전통시장,경상북도,0.0,0.0,,,RESOLVED_AGREEMENT,False,0,,,,
fac71377300525165116,test,일식,T4 구어·문장,q_일식_07,일식 먹을 데,음식점 중 '일식'을 판매·제공하는 매장,13f4b59f-3eae-40c1-a4e5-c344e218a620,미다미일식,일식,금암동 골목형상점가,골목형상점가,충청남도,3.0,3.0,,,RESOLVED_AGREEMENT,False,3,,,,
e6eec51887bbad152ff9,test,일식,T4 구어·문장,q_일식_07,일식 먹을 데,음식점 중 '일식'을 판매·제공하는 매장,00ba389b-e522-4da5-ac26-2ffaf33359ec,스시노유키,초밥,산본로데오거리(구 산본중심상가),자율상권구역,경기도,3.0,3.0,,,RESOLVED_AGREEMENT,False,3,,,,
6472147f576dc645d9d7,test,일식,T4 구어·문장,q_일식_07,일식 먹을 데,음식점 중 '일식'을 판매·제공하는 매장,ec3d217c-f8c9-48c9-821c-ca81276a19b8,정은이네,기타,제주중앙지하상가,일반지하상점가,제주특별자치도,0.0,0.0,,,RESOLVED_AGREEMENT,False,0,,,,
4474383d065a72446706,test,일식,T4 구어·문장,q_일식_07,일식 먹을 데,음식점 중 '일식'을 판매·제공하는 매장,4ebf3fd8-5f8c-45b0-b812-466220439623,곤,일식,신천동문화의거리상점가(구 시흥문화의거리상점가),자율상권구역,경기도,3.0,3.0,,,RESOLVED_AGREEMENT,False,3,,,,
18deba950224506ee997,test,일식,T4 구어·문장,q_일식_07,일식 먹을 데,음식점 중 '일식'을 판매·제공하는 매장,f9ca6d2c-49cb-4dec-b536-683790aaddc2,홍앤전신경과신경외과의원,의료업,범어식주가무명인골목 골목형상점가,골목형상점가,대구광역시,0.0,0.0,,,RESOLVED_AGREEMENT,False,0,,,,
ade418217b22fd699f81,test,일식,T4 구어·문장,q_일식_07,일식 먹을 데,음식점 중 '일식'을 판매·제공하는 매장,eecf2379-6c8b-4bbe-9612-ed5fe5c8d3f0,일식송수사,일식,산본로데오거리(구 산본중심상가),자율상권구역,경기도,3.0,3.0,,,RESOLVED_AGREEMENT,False,3,,,,
65349dee41a664d9dfac,test,일식,T4 구어·문장,q_일식_07,일식 먹을 데,음식점 중 '일식'을 판매·제공하는 매장,f9596836-ee59-4bb0-87a8-3b3d2c0226ff,쇼군,일식,한마음,골목형상점가,광주광역시,3.0,3.0,,,RESOLVED_AGREEMENT,False,3,,,,
aa304a601b26408eae8e,test,일식,T4 구어·문장,q_일식_07,일식 먹을 데,음식점 중 '일식'을 판매·제공하는 매장,a59e2aea-63c0-4aea-b80c-13c2293b0eb4,청담일식,일식,수완나들목 골목형상점가,골목형상점가,광주광역시,3.0,3.0,,,RESOLVED_AGREEMENT,False,3,,,,
0267a253c348a7bab04c,test,일식,T4 구어·문장,q_일식_07,일식 먹을 데,음식점 중 '일식'을 판매·제공하는 매장,8fde781a-537a-40ac-9a4e-1216a9a32dad,유끼,일식,신월7동골목형상점가,골목형상점가,서울특별시,3.0,3.0,,,RESOLVED_AGREEMENT,False,3,,,,
cec1356f2b8398ac9ac6,test,일식,T4 구어·문장,q_일식_07,일식 먹을 데,음식점 중 '일식'을 판매·제공하는 매장,4fd9a187-cbe4-40ac-877d-1a1339c3c3d6,라쿠엔,일식,매드블럭 골목형상점가,골목형상점가,대전광역시,3.0,3.0,,,RESOLVED_AGREEMENT,False,3,,,,
3adeac395937eeab7f1c,test,일식,T4 구어·문장,q_일식_07,일식 먹을 데,음식점 중 '일식'을 판매·제공하는 매장,7341f9fb-bb31-4677-b92a-6cb259d42750,윤돈,일식,뚝섬역상점가(서울숲상원길상점가),자율상권구역,서울특별시,3.0,3.0,,,RESOLVED_AGREEMENT,False,3,,,,
96de1b13df64ff32873f,test,일식,T4 구어·문장,q_일식_07,일식 먹을 데,음식점 중 '일식'을 판매·제공하는 매장,52c57bbb-b5d7-4687-a2e4-0316aead4d8b,회심,일식,범어식주가무명인골목 골목형상점가,골목형상점가,대구광역시,3.0,3.0,,,RESOLVED_AGREEMENT,False,3,,,,
9347ceccb614ade3a1ed,test,일식,T4 구어·문장,q_일식_07,일식 먹을 데,음식점 중 '일식'을 판매·제공하는 매장,a04b4925-11d6-4d03-ae1d-341b4f383171,잇텐,일식,어은누리 골목형상점가,골목형상점가,대전광역시,3.0,3.0,,,RESOLVED_AGREEMENT,False,3,,,,
aa4a8195f50f6d333f4b,test,일식,T4 구어·문장,q_일식_07,일식 먹을 데,음식점 중 '일식'을 판매·제공하는 매장,228a5686-1108-4857-a005-0622b98259fa,화담,일식,장성읍 골목형상점가,골목형상점가,전라남도,3.0,3.0,,,RESOLVED_AGREEMENT,False,3,,,,
c3644dce56c6ba609c07,test,일식,T4 구어·문장,q_일식_07,일식 먹을 데,음식점 중 '일식'을 판매·제공하는 매장,01f2d713-86d5-414a-b9b9-1fdde102f589,미스타교자(상봉점),일식,상봉먹자골목형상점가,골목형상점가,서울특별시,3.0,3.0,,,RESOLVED_AGREEMENT,False,3,,,,
d188df6eb2749f7486b9,test,일식,T4 구어·문장,q_일식_07,일식 먹을 데,음식점 중 '일식'을 판매·제공하는 매장,00fcc68d-3086-4b45-b998-f3763e8dbf7d,꼬치마요 산본역점(9호점),일식,산본로데오거리(구 산본중심상가),자율상권구역,경기도,3.0,3.0,,,RESOLVED_AGREEMENT,False,3,,,,
270394cf23102eb9bbb6,test,일식,T4 구어·문장,q_일식_07,일식 먹을 데,음식점 중 '일식'을 판매·제공하는 매장,0004ebd2-4e64-4552-95e5-a3b62efea718,적정온도 숙성회&초밥,회초밥,장안마실골목형상점가,골목형상점가,서울특별시,3.0,3.0,,,RESOLVED_AGREEMENT,False,3,,,,
11443a45f5a95730561c,test,일식,T4 구어·문장,q_일식_07,일식 먹을 데,음식점 중 '일식'을 판매·제공하는 매장,005eb589-94b0-4a7e-b4e4-ef8cf64b0762,스시쿄다이,일식,동홍8번가 골목형상점가,골목형상점가,제주특별자치도,3.0,3.0,,,RESOLVED_AGREEMENT,False,3,,,,
3a76f2412caff0a69899,test,일식,T4 구어·문장,q_일식_07,일식 먹을 데,음식점 중 '일식'을 판매·제공하는 매장,395e5db2-316c-480d-a127-7c9f2f4847b4,덥,일식,서구청먹자골목상인회 골목형상점가,골목형상점가,광주광역시,3.0,3.0,,,RESOLVED_AGREEMENT,False,3,,,,
3d748602d4b7921eaa70,test,일식,T4 구어·문장,q_일식_07,일식 먹을 데,음식점 중 '일식'을 판매·제공하는 매장,4df38700-9e35-467e-8b54-b6930b806fa5,중앙생선,생선,길동복조리시장,전통시장,서울특별시,0.0,0.0,,,RESOLVED_AGREEMENT,False,0,,,,
3c87592a3cd7d786bc06,test,일식,T4 구어·문장,q_일식_07,일식 먹을 데,음식점 중 '일식'을 판매·제공하는 매장,ec628357-ad64-49b6-aaa8-472f83ffffed,일담,일식,충장로123가 상점가,자율상권구역,광주광역시,3.0,3.0,,,RESOLVED_AGREEMENT,False,3,,,,
71e1b7031362f9db9eb6,test,일식,T4 구어·문장,q_일식_07,일식 먹을 데,음식점 중 '일식'을 판매·제공하는 매장,3b70fe42-8d9b-4a3d-8409-d4e80736541a,구미,일식,구미 금리단길 골목형상점가,골목형상점가,경상북도,3.0,3.0,,,RESOLVED_AGREEMENT,False,3,,,,
82e2084aff4ab110074d,test,일식,T4 구어·문장,q_일식_07,일식 먹을 데,음식점 중 '일식'을 판매·제공하는 매장,01afaafa-2a46-4977-8015-55762957ee7a,다래초밥,초밥,동문동 골목형상점가,골목형상점가,충청남도,3.0,3.0,,,RESOLVED_AGREEMENT,False,3,,,,
6a6a218ca13411040e47,test,일식,T4 구어·문장,q_일식_07,일식 먹을 데,음식점 중 '일식'을 판매·제공하는 매장,bff1715e-a400-4ba4-9df0-c236d2ba9abe,카즈호,일식,마치광장골목형상점가,골목형상점가,대전광역시,3.0,3.0,,,RESOLVED_AGREEMENT,False,3,,,,
98e02b56878107dbf1f1,test,일식,T4 구어·문장,q_일식_07,일식 먹을 데,음식점 중 '일식'을 판매·제공하는 매장,0547b6e2-3d1e-4a4a-97c6-9b1c1344bf88,김희철 스시,,솔매사랑길 골목형상점가,골목형상점가,서울특별시,3.0,3.0,,,RESOLVED_AGREEMENT,False,3,,,,
08af2835e0f204891ebd,test,일식,T4 구어·문장,q_일식_07,일식 먹을 데,음식점 중 '일식'을 판매·제공하는 매장,4587242d-412f-4b95-90ac-d1a33d07edb2,귄식당,일식,방배역먹자골목 골목형상점가,골목형상점가,서울특별시,3.0,3.0,,,RESOLVED_AGREEMENT,False,3,,,,
8aff1ff9e579d0ad23bc,test,일식,T4 구어·문장,q_일식_07,일식 먹을 데,음식점 중 '일식'을 판매·제공하는 매장,10400fe0-fc42-49b7-b47c-71f237bfe3f9,타마,일식,호남동불로동천변 골목형상점가,골목형상점가,광주광역시,3.0,3.0,,,RESOLVED_AGREEMENT,False,3,,,,
2614783f8b7d37822b13,test,일식,T4 구어·문장,q_일식_07,일식 먹을 데,음식점 중 '일식'을 판매·제공하는 매장,00eefa39-8925-4ff1-8fb6-e3aa2c2b7937,아비꼬 용인보정점,일식 음식점,BOCA 보카상점가,골목형상점가,경기도,3.0,3.0,,,RESOLVED_AGREEMENT,False,3,,,,
53c8c57189b1966d768d,test,일식,T4 구어·문장,q_일식_07,일식 먹을 데,음식점 중 '일식'을 판매·제공하는 매장,7234e0fe-2051-492b-a754-10f380afb9a3,노렌인,일식,과천스마트케이 골목형상점가,골목형상점가,경기도,3.0,3.0,,,RESOLVED_AGREEMENT,False,3,,,,
3a5c60d186115390016b,test,일식,T4 구어·문장,q_일식_07,일식 먹을 데,음식점 중 '일식'을 판매·제공하는 매장,c1a9745c-156e-47ff-b4d8-af7d6bbf25e4,해왁,일식,사가정51길 골목형상점가,골목형상점가,서울특별시,3.0,3.0,,,RESOLVED_AGREEMENT,False,3,,,,
d6268a3d02fca0b3bfe3,test,일식,T4 구어·문장,q_일식_07,일식 먹을 데,음식점 중 '일식'을 판매·제공하는 매장,7fde034b-96e4-455a-83e2-7b5692b96a17,먹을터,한식,화성행궁골목형상점가,골목형상점가,경기도,1.0,1.0,,,RESOLVED_AGREEMENT,False,1,,,,
f1fab36b039c8742e2ac,test,일식,T4 구어·문장,q_일식_07,일식 먹을 데,음식점 중 '일식'을 판매·제공하는 매장,f3ef90ec-7c16-4a6b-a2c1-8d6ef63ad218,죠렌,일식,동먹골상가 골목형상점가,골목형상점가,대구광역시,3.0,3.0,,,RESOLVED_AGREEMENT,False,3,,,,
acb3f1e7c20f562d281a,test,일식,T4 구어·문장,q_일식_07,일식 먹을 데,음식점 중 '일식'을 판매·제공하는 매장,1279715c-8e04-4077-94fa-631ba0dd3325,정점,일식,누웨마루거리상점가,자율상권구역,제주특별자치도,3.0,3.0,,,RESOLVED_AGREEMENT,False,3,,,,
680bc887e70c576f5081,test,일식,T4 구어·문장,q_일식_07,일식 먹을 데,음식점 중 '일식'을 판매·제공하는 매장,dddf07f0-7dd7-470f-a66d-ba92a2620b16,모츠모,일식,도담동 골목형상점가,골목형상점가,세종특별자치시,3.0,3.0,,,RESOLVED_AGREEMENT,False,3,,,,
3f465c7da0286f87e173,test,일식,T4 구어·문장,q_일식_07,일식 먹을 데,음식점 중 '일식'을 판매·제공하는 매장,1099991c-2447-4de4-a887-850d21eacd38,마끼,일식,연서시장,전통시장,서울특별시,3.0,3.0,,,RESOLVED_AGREEMENT,False,3,,,,
2ce056895954e77b8d02,test,일식,T4 구어·문장,q_일식_07,일식 먹을 데,음식점 중 '일식'을 판매·제공하는 매장,68233d5f-173e-406f-87ae-c2c4fa5ad213,어랑,일식,장자호수공원 골목형상점가,골목형상점가,경기도,3.0,3.0,,,RESOLVED_AGREEMENT,False,3,,,,
286de29a78542f573ece,test,일식,T4 구어·문장,q_일식_07,일식 먹을 데,음식점 중 '일식'을 판매·제공하는 매장,b804cf3f-f859-49e9-ac04-446dea87c7ef,먹을래싸갈래,분식,국민시장,전통시장,부산광역시,1.0,0.0,,,P2_GRADED_ONLY,True,,,,,
70ba9f21587758d12f41,test,일식,T4 구어·문장,q_일식_07,일식 먹을 데,음식점 중 '일식'을 판매·제공하는 매장,02c5c07b-ed68-43c2-bcc4-c01766b8d457,일조,일식,송정동 상점가,자율상권구역,경기도,3.0,3.0,,,RESOLVED_AGREEMENT,False,3,,,,
2519d5ad8401d1ccf242,test,일식,T4 구어·문장,q_일식_07,일식 먹을 데,음식점 중 '일식'을 판매·제공하는 매장,76fc41fe-9d93-4256-9cc1-52cbb3c9b057,페리아 치킨,,홍도 골목형상점가,골목형상점가,대전광역시,0.0,0.0,,,RESOLVED_AGREEMENT,False,0,,,,
d42cd1247675b80e946b,test,일식,T4 구어·문장,q_일식_07,일식 먹을 데,음식점 중 '일식'을 판매·제공하는 매장,013d58c8-33f8-4dbe-95de-801d22ea9505,민영활어공장 부천자유시장점,"회, 초밥",부천자유시장,전통시장,경기도,3.0,3.0,,,RESOLVED_AGREEMENT,False,3,,,,
8acad0da82906f835737,test,일식,T4 구어·문장,q_일식_07,일식 먹을 데,음식점 중 '일식'을 판매·제공하는 매장,ded5c28c-5443-41e6-8330-22c629693d13,진칼국수,칼국수,도마큰시장,전통시장,대전광역시,0.0,0.0,,,RESOLVED_AGREEMENT,False,0,,,,
babbb71d4b7ccded9cf0,test,일식,T4 구어·문장,q_일식_07,일식 먹을 데,음식점 중 '일식'을 판매·제공하는 매장,9ed3e2fc-968b-4ba8-bb88-2160207b5e88,과정,일식,동성로상점가,자율상권구역,대구광역시,3.0,3.0,,,RESOLVED_AGREEMENT,False,3,,,,
82241e087093f71c24de,test,일식,T4 구어·문장,q_일식_07,일식 먹을 데,음식점 중 '일식'을 판매·제공하는 매장,88a61490-9bfe-438b-9b97-c1d6b34ec427,오센,일식,이수미로골목형상점가,골목형상점가,서울특별시,3.0,3.0,,,RESOLVED_AGREEMENT,False,3,,,,
9ef33a955fc4dfd0ee27,test,일식,T4 구어·문장,q_일식_07,일식 먹을 데,음식점 중 '일식'을 판매·제공하는 매장,d0171023-985a-49a4-9a15-0e9e54f3bb88,활어마을,일식,산본로데오거리(구 산본중심상가),자율상권구역,경기도,3.0,3.0,,,RESOLVED_AGREEMENT,False,3,,,,
f6721a3891f53837c63c,test,일식,T4 구어·문장,q_일식_07,일식 먹을 데,음식점 중 '일식'을 판매·제공하는 매장,00e80339-1353-4885-81d7-0746a437abb2,포식 용인한숲시티점,쌀국수 돈까스 함박스테이크,남사한숲 골목형상점가,골목형상점가,경기도,3.0,3.0,,,RESOLVED_AGREEMENT,False,3,,,,
90e97bf7964b8d53a7b9,test,일식,T4 구어·문장,q_일식_07,일식 먹을 데,음식점 중 '일식'을 판매·제공하는 매장,c285c46e-bb6a-44a6-9a7d-3b5d041e973e,카쿠,일식,병점중심상가,자율상권구역,경기도,3.0,3.0,,,RESOLVED_AGREEMENT,False,3,,,,
45561a4c6be99c3fa88b,test,일식,T4 구어·문장,q_일식_07,일식 먹을 데,음식점 중 '일식'을 판매·제공하는 매장,3754ea8d-851b-406e-97fe-8b6633e176d7,여운,일식,남양역골로상점가,골목형상점가,경기도,3.0,3.0,,,RESOLVED_AGREEMENT,False,3,,,,
7748cf270e96f751d852,test,일식,T4 구어·문장,q_일식_07,일식 먹을 데,음식점 중 '일식'을 판매·제공하는 매장,00dfe7e1-6daa-4586-9146-ec927a443d02,오늘애초밥,,포항죽도농산물시장,전통시장,경상북도,3.0,3.0,,,RESOLVED_AGREEMENT,False,3,,,,
bf611d212be8f48be3a4,test,일식,T4 구어·문장,q_일식_07,일식 먹을 데,음식점 중 '일식'을 판매·제공하는 매장,9cace4fa-210f-453b-8a00-8573a6f04009,일심당,일식,쌍문역둘리상점가,자율상권구역,서울특별시,3.0,3.0,,,RESOLVED_AGREEMENT,False,3,,,,
05ae04225203c461d6df,test,일식,T4 구어·문장,q_일식_07,일식 먹을 데,음식점 중 '일식'을 판매·제공하는 매장,c1f85108-72b2-4121-8559-536b105cfa5c,호복,일식,상동역 골목형상점가,골목형상점가,경기도,3.0,3.0,,,RESOLVED_AGREEMENT,False,3,,,,
ecdc6f033de6c2cfc455,test,일식,T4 구어·문장,q_일식_07,일식 먹을 데,음식점 중 '일식'을 판매·제공하는 매장,a7eab5f8-9d9d-419e-98a8-02db3ebd2efa,환심,일식,건리단길 골목형상점가,골목형상점가,서울특별시,3.0,3.0,,,RESOLVED_AGREEMENT,False,3,,,,
81f4bed5e21391ea0719,test,일식,T4 구어·문장,q_일식_07,일식 먹을 데,음식점 중 '일식'을 판매·제공하는 매장,f1fb8e6f-6877-4bec-bb30-9279d61a50fc,송원일식,일식,어울림마당 골목형상점가,골목형상점가,부산광역시,3.0,3.0,,,RESOLVED_AGREEMENT,False,3,,,,
8843e92db0cd5e4a98c2,test,일식,T4 구어·문장,q_일식_07,일식 먹을 데,음식점 중 '일식'을 판매·제공하는 매장,530a9c60-4659-44b1-ba3e-afc0ce47c4c3,텐,일식,송탄관광특구 골목형상점가,골목형상점가,경기도,3.0,3.0,,,RESOLVED_AGREEMENT,False,3,,,,
8c638fb297dbdd4e59bc,test,일식,T4 구어·문장,q_일식_07,일식 먹을 데,음식점 중 '일식'을 판매·제공하는 매장,2056c69e-64b4-4b28-8ce2-800cbcec3e25,먹을꼬얌,음식,산본로데오거리(구 산본중심상가),자율상권구역,경기도,0.0,0.0,,,RESOLVED_AGREEMENT,False,0,,,,
bbb942850d0504548c97,test,일식,T4 구어·문장,q_일식_07,일식 먹을 데,음식점 중 '일식'을 판매·제공하는 매장,ba8489d5-45d9-4f15-92f0-d8a784318549,키햐아,일식,까치울역카페거리 골목형상점가,골목형상점가,경기도,3.0,3.0,,,RESOLVED_AGREEMENT,False,3,,,,
fa0a4e6887636d1609eb,test,일식,T4 구어·문장,q_일식_07,일식 먹을 데,음식점 중 '일식'을 판매·제공하는 매장,90376d82-87fd-4a8d-99b7-9c03ee2815b1,먹을래싸갈래,,사직거인 골목형상점가,골목형상점가,부산광역시,,0.0,Y,,P0_UNCERTAIN_OR_MISSING,True,,,,,
283a1d06ec9d4f0a2abb,test,일식,T4 구어·문장,q_일식_07,일식 먹을 데,음식점 중 '일식'을 판매·제공하는 매장,0225925b-3945-46cd-b995-b946a617ccfc,초밥일번지,일식,안동음식의거리 골목형상점가,골목형상점가,경상북도,3.0,3.0,,,RESOLVED_AGREEMENT,False,3,,,,
ff84a7dc03bed3adfaf1,test,일식,T4 구어·문장,q_일식_07,일식 먹을 데,음식점 중 '일식'을 판매·제공하는 매장,e7578687-6b5a-457b-b0cf-0e9fbbad16b2,백식,일식,동명동 카페거리 골목형상점가,골목형상점가,광주광역시,3.0,3.0,,,RESOLVED_AGREEMENT,False,3,,,,
c1f503f8d91c005080fa,test,일식,T4 구어·문장,q_일식_07,일식 먹을 데,음식점 중 '일식'을 판매·제공하는 매장,0474ee0c-1f03-47fa-af45-bb5411abb04a,무루,일식,봉명동우산거리 골목형상점가,골목형상점가,대전광역시,3.0,3.0,,,RESOLVED_AGREEMENT,False,3,,,,
3fe05e73ce595467cec0,test,일식,T4 구어·문장,q_일식_07,일식 먹을 데,음식점 중 '일식'을 판매·제공하는 매장,e8b7f9bb-fb0a-4321-ba69-6f8947dfe6d1,일담,일식,김대중컨벤션상인회 골목형상점가,골목형상점가,광주광역시,3.0,3.0,,,RESOLVED_AGREEMENT,False,3,,,,
9d8cd5db9e90608b0b1b,test,일식,T4 구어·문장,q_일식_07,일식 먹을 데,음식점 중 '일식'을 판매·제공하는 매장,025255cd-6e4e-4d26-b2b7-bd18e2858548,정성카츠 화정점,일식,화정로상가상인회 골목형상점가,골목형상점가,광주광역시,3.0,3.0,,,RESOLVED_AGREEMENT,False,3,,,,
06ab4d3444446a25062e,test,일식,T4 구어·문장,q_일식_07,일식 먹을 데,음식점 중 '일식'을 판매·제공하는 매장,9c69fec2-743b-4a74-9477-e16ae2b7d583,가매일식,일식,백년소상공인,기타,광주광역시,3.0,3.0,,,RESOLVED_AGREEMENT,False,3,,,,
d541ee2e2a805ef23e9e,test,일식,T4 구어·문장,q_일식_07,일식 먹을 데,음식점 중 '일식'을 판매·제공하는 매장,04c1454c-94f9-4a74-a347-11bfad75cb82,스시대관령,일식스시,내곡동골목형상점가,골목형상점가,강원특별자치도,3.0,3.0,,,RESOLVED_AGREEMENT,False,3,,,,
4915e330b76771569c64,test,일식,T4 구어·문장,q_일식_07,일식 먹을 데,음식점 중 '일식'을 판매·제공하는 매장,d14c472e-d380-45d6-973f-b9d92a87b095,요연,일식,인제시장,전통시장,강원특별자치도,3.0,3.0,,,RESOLVED_AGREEMENT,False,3,,,,
9ad5f186d1920ce7a34d,test,일식,T4 구어·문장,q_일식_07,일식 먹을 데,음식점 중 '일식'을 판매·제공하는 매장,ce01946f-4259-4b7a-901d-44d1844083f7,정식,일식,쌍리단길상점가,자율상권구역,서울특별시,3.0,3.0,,,RESOLVED_AGREEMENT,False,3,,,,
656e8d921dd98a2f73a6,test,일식,T4 구어·문장,q_일식_07,일식 먹을 데,음식점 중 '일식'을 판매·제공하는 매장,b049f94f-23fa-458b-8b8b-095d0cb6ed54,우츠,일식,맹동혁신골목형상점가,골목형상점가,충청북도,3.0,3.0,,,RESOLVED_AGREEMENT,False,3,,,,
b57533dd0d41eebe4142,test,일식,T4 구어·문장,q_일식_07,일식 먹을 데,음식점 중 '일식'을 판매·제공하는 매장,f1d8ec8d-2dcf-4a4e-ac4e-2504c2aa54d6,멘초비,일식,동래시장,전통시장,부산광역시,3.0,3.0,,,RESOLVED_AGREEMENT,False,3,,,,
2dda8200e4509fc5c117,test,일식,T4 구어·문장,q_일식_07,일식 먹을 데,음식점 중 '일식'을 판매·제공하는 매장,2a7a26fd-c98e-4265-9832-d9ba12daae67,비오,일식,수완나들목 골목형상점가,골목형상점가,광주광역시,3.0,3.0,,,RESOLVED_AGREEMENT,False,3,,,,
b5e0c5a9af6d984187ed,test,일식,T4 구어·문장,q_일식_07,일식 먹을 데,음식점 중 '일식'을 판매·제공하는 매장,01710a82-bb0d-4cbc-8491-708f78ce99fe,스시니쿠 후평점,,인공폭포상가,자율상권구역,강원특별자치도,3.0,3.0,,,RESOLVED_AGREEMENT,False,3,,,,
3992f2cb44eabcbbf9a5,test,일식,T4 구어·문장,q_일식_07,일식 먹을 데,음식점 중 '일식'을 판매·제공하는 매장,1dd27685-75d5-476f-916b-f27c4b5aeead,혼젠,일식,아름드리 골목형상점가,골목형상점가,세종특별자치시,3.0,3.0,,,RESOLVED_AGREEMENT,False,3,,,,
7dd2d01cd092bba2ce26,test,일식,T4 구어·문장,q_일식_07,일식 먹을 데,음식점 중 '일식'을 판매·제공하는 매장,62a656e3-1225-4668-b333-9e3c5e84c5d2,데덴찌,일식,상무시청상인회 골목형상점가,골목형상점가,광주광역시,3.0,3.0,,,RESOLVED_AGREEMENT,False,3,,,,
1e3cf3396eb796d73931,test,일식,T4 구어·문장,q_일식_07,일식 먹을 데,음식점 중 '일식'을 판매·제공하는 매장,44a477c7-b156-4a42-92fa-8f4597c50dcc,유야,일식,안동시옥동 골목형상점가,골목형상점가,경상북도,3.0,3.0,,,RESOLVED_AGREEMENT,False,3,,,,
48568ef1b87168a7d4bf,test,일식,T4 구어·문장,q_일식_07,일식 먹을 데,음식점 중 '일식'을 판매·제공하는 매장,13224cba-30da-486f-a894-8c01df082828,정성,일식,방울내길골목형상점가,골목형상점가,서울특별시,3.0,3.0,,,RESOLVED_AGREEMENT,False,3,,,,
fe9b9970f5f9bcb3efbd,test,일식,T4 구어·문장,q_일식_07,일식 먹을 데,음식점 중 '일식'을 판매·제공하는 매장,f9966509-3dc0-4a76-8ad3-9e70f301dc36,삼원일식,일식,떠오르길 골목형상점가,골목형상점가,경기도,3.0,3.0,,,RESOLVED_AGREEMENT,False,3,,,,
f57d1e44b115624d83fa,test,일식,T4 구어·문장,q_일식_07,일식 먹을 데,음식점 중 '일식'을 판매·제공하는 매장,3e98667a-44da-48a3-873c-d114c7680fec,스마일꽈배기,베이커리,초지항아리 골목형상점가,골목형상점가,경기도,0.0,0.0,,,RESOLVED_AGREEMENT,False,0,,,,
4b6139e5d4835846819b,test,일식,T4 구어·문장,q_일식_07,일식 먹을 데,음식점 중 '일식'을 판매·제공하는 매장,2a5b3d0d-3da2-4b1b-896e-fc0eb7730c81,코끼리분식,떡볶이,코끼리시장,전통시장,경기도,1.0,0.0,,,P2_GRADED_ONLY,True,,,,,
b9f56484eedd29b94c77,test,일식,T4 구어·문장,q_일식_07,일식 먹을 데,음식점 중 '일식'을 판매·제공하는 매장,01f14598-4405-408e-9fac-71db17ed6f05,동경스시,,풍무동1 골목형상점가,골목형상점가,경기도,3.0,3.0,,,RESOLVED_AGREEMENT,False,3,,,,
d8e10bd1d43a92f4882c,test,일식,T4 구어·문장,q_일식_07,일식 먹을 데,음식점 중 '일식'을 판매·제공하는 매장,afcfbf0f-7232-4f04-8612-6aa04c209691,일류,일식,두류젊코상권,상권활성화구역,대구광역시,3.0,3.0,,,RESOLVED_AGREEMENT,False,3,,,,
51a4b113cc5d2f6c2ae4,test,일식,T4 구어·문장,q_일식_07,일식 먹을 데,음식점 중 '일식'을 판매·제공하는 매장,3c16bc62-ecce-4ea0-8f7c-f807433d83df,만개,일식,어은누리 골목형상점가,골목형상점가,대전광역시,3.0,3.0,,,RESOLVED_AGREEMENT,False,3,,,,
58b16dbfcc611673e91e,test,일식,T4 구어·문장,q_일식_07,일식 먹을 데,음식점 중 '일식'을 판매·제공하는 매장,026b148f-ce2a-4e35-8dbb-0aaca2c31325,은화수식당,돈까스 카레 우동 기타등등,군산디오션시티 골목형상점가,골목형상점가,전북특별자치도,3.0,3.0,,,RESOLVED_AGREEMENT,False,3,,,,
5686432863a1da0c771b,test,일식,T4 구어·문장,q_일식_07,일식 먹을 데,음식점 중 '일식'을 판매·제공하는 매장,831c538d-342a-42c7-a754-bc714aee87ff,아라,일식,신부유람단골목형상점가,골목형상점가,충청남도,3.0,3.0,,,RESOLVED_AGREEMENT,False,3,,,,
5d5032dbee608b9d6a65,test,일식,T4 구어·문장,q_일식_07,일식 먹을 데,음식점 중 '일식'을 판매·제공하는 매장,ea84f42a-3254-485f-80a5-b90c849cacfd,만동,일식,법리단길 골목형상점가,골목형상점가,전북특별자치도,3.0,3.0,,,RESOLVED_AGREEMENT,False,3,,,,
ec73328622df971b63c1,test,일식,T4 구어·문장,q_일식_07,일식 먹을 데,음식점 중 '일식'을 판매·제공하는 매장,8d18c9e1-f5cc-4445-a2f0-2406b5521f66,욧삐떼,일식,양정 골목형상점가,골목형상점가,울산광역시,3.0,3.0,,,RESOLVED_AGREEMENT,False,3,,,,
392a4c1cb3264db2d4dc,test,일식,T4 구어·문장,q_일식_07,일식 먹을 데,음식점 중 '일식'을 판매·제공하는 매장,c16094eb-686f-4ffa-99a1-bbe4f7452631,슌우,일식,망리단길골목형상점가,골목형상점가,서울특별시,3.0,3.0,,,RESOLVED_AGREEMENT,False,3,,,,
f006e6d714b69405456e,test,일식,T4 구어·문장,q_일식_07,일식 먹을 데,음식점 중 '일식'을 판매·제공하는 매장,f6266986-adc0-4f25-8b12-3b7e9dd07322,사토리,일식,송도 타임스페이스 골목형상점가,골목형상점가,인천광역시,3.0,3.0,,,RESOLVED_AGREEMENT,False,3,,,,
456933c603e010ec3523,test,일식,T4 구어·문장,q_일식_07,일식 먹을 데,음식점 중 '일식'을 판매·제공하는 매장,8fee5871-019c-4a66-a4ac-c8d03238eaa3,바쇼,일식,동명동 카페거리 골목형상점가,골목형상점가,광주광역시,3.0,3.0,,,RESOLVED_AGREEMENT,False,3,,,,
8691ec5c5205eee7badf,test,일식,T4 구어·문장,q_일식_07,일식 먹을 데,음식점 중 '일식'을 판매·제공하는 매장,a4e48435-61ca-439e-ab8b-b8f100777d92,논데논데,일식,한들물빛도시 골목형 상점가,골목형상점가,충청남도,3.0,3.0,,,RESOLVED_AGREEMENT,False,3,,,,
83f72ee7812349e0c5f6,test,일식,T4 구어·문장,q_일식_07,일식 먹을 데,음식점 중 '일식'을 판매·제공하는 매장,b8f597be-9306-40fb-a8a9-239b68b5716b,쇼진,일식,위드수암 골목형상점가,골목형상점가,울산광역시,3.0,3.0,,,RESOLVED_AGREEMENT,False,3,,,,
3f3f53273f2b0a57a8b5,test,일식,T4 구어·문장,q_일식_07,일식 먹을 데,음식점 중 '일식'을 판매·제공하는 매장,077d4f81-e5a8-4c8f-8936-3a8ec57ffb1e,샷타,일식,황남상가시장,전통시장,경상북도,3.0,3.0,,,RESOLVED_AGREEMENT,False,3,,,,
38afbdbbc45a7e4a643a,test,일식,T4 구어·문장,q_일식_07,일식 먹을 데,음식점 중 '일식'을 판매·제공하는 매장,00f1a1de-5180-4857-ac9d-3d104fc8a1e0,진스시,,신구로현대어반벨리 골목형상점가,골목형상점가,서울특별시,3.0,3.0,,,RESOLVED_AGREEMENT,False,3,,,,
c0b5cdabd35b96707264,test,일식,T4 구어·문장,q_일식_07,일식 먹을 데,음식점 중 '일식'을 판매·제공하는 매장,01cecd17-bce9-4355-af06-2ca2cee82862,돈까스에빠지다 범어점,돈까스,범어식주가무명인골목 골목형상점가,골목형상점가,대구광역시,3.0,3.0,,,RESOLVED_AGREEMENT,False,3,,,,
df3a68988e8b35df13b0,test,일식,T4 구어·문장,q_일식_07,일식 먹을 데,음식점 중 '일식'을 판매·제공하는 매장,03e60ecc-402f-49e8-b1ac-cbd4f330144d,온정돈까스 천안불당점,돈까스,시청앞 골목형상점가,골목형상점가,충청남도,3.0,3.0,,,RESOLVED_AGREEMENT,False,3,,,,
3baa74d8170c9248ea67,test,일식,T4 구어·문장,q_일식_07,일식 먹을 데,음식점 중 '일식'을 판매·제공하는 매장,20426a06-35e3-4192-9736-92b133c5d1b8,위무,일식,사리골상점가,자율상권구역,경기도,3.0,3.0,,,RESOLVED_AGREEMENT,False,3,,,,
b5b2c87b881a9f2cc723,test,일식,T4 구어·문장,q_일식_07,일식 먹을 데,음식점 중 '일식'을 판매·제공하는 매장,02e18ef3-4b66-4159-96bf-759bfb98320f,카츠옹,돈까스,자양번영로골목형상점가,골목형상점가,서울특별시,3.0,3.0,,,RESOLVED_AGREEMENT,False,3,,,,
51a8838d90d5a3176d47,test,일식,T4 구어·문장,q_일식_07,일식 먹을 데,음식점 중 '일식'을 판매·제공하는 매장,d67607c7-8eba-4c84-9c89-ad0c994f2cf0,모리,일식,문산자유시장,전통시장,경기도,3.0,3.0,,,RESOLVED_AGREEMENT,False,3,,,,
1c440e705c73599a7695,test,일식,T4 구어·문장,q_일식_07,일식 먹을 데,음식점 중 '일식'을 판매·제공하는 매장,cb9baae8-35a0-4be3-bfc6-42e021b15525,료카츠,일식,금암동 골목형상점가,골목형상점가,전북특별자치도,3.0,3.0,,,RESOLVED_AGREEMENT,False,3,,,,
37a2316eb0de214fac37,test,일식,T4 구어·문장,q_일식_07,일식 먹을 데,음식점 중 '일식'을 판매·제공하는 매장,cad314bc-33a9-424a-83f2-89ee68d2ea13,뎅뎅뎅,일식,궁동 골목형상점가,골목형상점가,대전광역시,3.0,3.0,,,RESOLVED_AGREEMENT,False,3,,,,
101446bc8bd87bc73e71,test,일식,T4 구어·문장,q_일식_07,일식 먹을 데,음식점 중 '일식'을 판매·제공하는 매장,ab8c32d8-ec20-4c9b-8b49-f0028708bc66,엄청난회일식,일식,신부유람단골목형상점가,골목형상점가,충청남도,3.0,3.0,,,RESOLVED_AGREEMENT,False,3,,,,
a6dcac3a92fdd9d7ea6c,test,일식,T4 구어·문장,q_일식_07,일식 먹을 데,음식점 중 '일식'을 판매·제공하는 매장,5ff5e851-9695-4924-8ed9-a9eed1ebe098,수,일식,효자시장,전통시장,경상북도,3.0,3.0,,,RESOLVED_AGREEMENT,False,3,,,,
e06868db47c7f3c8d537,test,일식,T4 구어·문장,q_일식_07,일식 먹을 데,음식점 중 '일식'을 판매·제공하는 매장,d6c1c5a6-7274-4971-9ce2-757ace8686ad,하찌미쯔,일식,봉동생강골시장,전통시장,전북특별자치도,3.0,3.0,,,RESOLVED_AGREEMENT,False,3,,,,
4f01d5d2ee553f67d57d,test,일식,T4 구어·문장,q_일식_07,일식 먹을 데,음식점 중 '일식'을 판매·제공하는 매장,d76d546e-5f6e-4d8b-bf77-31bbf5cba71c,훈이네,활어회,대포항골목형상점가A,골목형상점가,강원특별자치도,1.0,0.0,,,P2_GRADED_ONLY,True,,,,,
564e031c98b0a402fe59,test,일식,T4 구어·문장,q_일식_07,일식 먹을 데,음식점 중 '일식'을 판매·제공하는 매장,d6abef51-ae1d-43bc-8661-c2f7bfe865c2,찐수산,일식,행운담길골목형상점가,골목형상점가,서울특별시,3.0,3.0,,,RESOLVED_AGREEMENT,False,3,,,,
ab36b7c3582993127680,test,일식,T4 구어·문장,q_일식_07,일식 먹을 데,음식점 중 '일식'을 판매·제공하는 매장,74aec6ce-e931-4e16-a2e2-c5fc39e01711,하기당,일식,연신내골목형상점가,골목형상점가,서울특별시,3.0,3.0,,,RESOLVED_AGREEMENT,False,3,,,,
1655437b06f9c863dd80,test,일식,T6 기계변형,q_일식_08,일식추천,음식점 중 '일식'을 판매·제공하는 매장,4c70c5f7-1281-4915-9b36-29d75403ac1a,시오,일식,합정하늘길골목형상점가,골목형상점가,서울특별시,3.0,3.0,,,RESOLVED_AGREEMENT,False,3,,,,
079040786e90e9dab481,test,일식,T6 기계변형,q_일식_08,일식추천,음식점 중 '일식'을 판매·제공하는 매장,2a444e9a-b24f-45b0-b1f5-01a9d7e8442f,지센 평택서정점,옷,북부중앙 골목형상점가,골목형상점가,경기도,0.0,0.0,,,RESOLVED_AGREEMENT,False,0,,,,
13568991307a6e56d871,test,일식,T6 기계변형,q_일식_08,일식추천,음식점 중 '일식'을 판매·제공하는 매장,8fde781a-537a-40ac-9a4e-1216a9a32dad,유끼,일식,신월7동골목형상점가,골목형상점가,서울특별시,3.0,3.0,,,RESOLVED_AGREEMENT,False,3,,,,
42f839e05a39f48fcf75,test,일식,T6 기계변형,q_일식_08,일식추천,음식점 중 '일식'을 판매·제공하는 매장,e2e53249-2d86-49a1-aae5-a0d01eead5e8,한잔해포차,한식,관저동 먹자골목 골목형상점가,골목형상점가,대전광역시,1.0,1.0,,,RESOLVED_AGREEMENT,False,1,,,,
d1371c10209cf7fcd183,test,일식,T6 기계변형,q_일식_08,일식추천,음식점 중 '일식'을 판매·제공하는 매장,3754ea8d-851b-406e-97fe-8b6633e176d7,여운,일식,남양역골로상점가,골목형상점가,경기도,3.0,3.0,,,RESOLVED_AGREEMENT,False,3,,,,
f87030b353737e1f06e2,test,일식,T6 기계변형,q_일식_08,일식추천,음식점 중 '일식'을 판매·제공하는 매장,79af05f0-3e1b-4cd7-b01c-7d1a8e012d0b,츠키,일식,용봉지구 골목형상점가,골목형상점가,광주광역시,3.0,3.0,,,RESOLVED_AGREEMENT,False,3,,,,
5ee9dc240897179153bc,test,일식,T6 기계변형,q_일식_08,일식추천,음식점 중 '일식'을 판매·제공하는 매장,0225925b-3945-46cd-b995-b946a617ccfc,초밥일번지,일식,안동음식의거리 골목형상점가,골목형상점가,경상북도,3.0,3.0,,,RESOLVED_AGREEMENT,False,3,,,,
db00275175c26b32f678,test,일식,T6 기계변형,q_일식_08,일식추천,음식점 중 '일식'을 판매·제공하는 매장,0dd05bf6-1bf0-41b4-bb9d-3a896a9d85c4,소소,일식,양산동 골목형상점가,골목형상점가,광주광역시,3.0,3.0,,,RESOLVED_AGREEMENT,False,3,,,,
768bf75f9dd13dd16908,test,일식,T6 기계변형,q_일식_08,일식추천,음식점 중 '일식'을 판매·제공하는 매장,c6421485-c191-4a59-8e88-2c8367c38733,남일식당,일식,포항중앙상가,전통시장,경상북도,3.0,3.0,,,RESOLVED_AGREEMENT,False,3,,,,
54b1276667a99152efd6,test,일식,T6 기계변형,q_일식_08,일식추천,음식점 중 '일식'을 판매·제공하는 매장,1279715c-8e04-4077-94fa-631ba0dd3325,정점,일식,누웨마루거리상점가,자율상권구역,제주특별자치도,3.0,3.0,,,RESOLVED_AGREEMENT,False,3,,,,
00c99bad9ca09301f645,test,일식,T6 기계변형,q_일식_08,일식추천,음식점 중 '일식'을 판매·제공하는 매장,00ba389b-e522-4da5-ac26-2ffaf33359ec,스시노유키,초밥,산본로데오거리(구 산본중심상가),자율상권구역,경기도,3.0,3.0,,,RESOLVED_AGREEMENT,False,3,,,,
c88d6d7f4f844aeeb578,test,일식,T6 기계변형,q_일식_08,일식추천,음식점 중 '일식'을 판매·제공하는 매장,8439f714-1fe6-46f4-8c19-5f4a0dc1a0d3,신발백화점,신발잡화소매,도일시장,전통시장,경기도,0.0,0.0,,,RESOLVED_AGREEMENT,False,0,,,,
227d428507c423c3422b,test,일식,T6 기계변형,q_일식_08,일식추천,음식점 중 '일식'을 판매·제공하는 매장,a7eab5f8-9d9d-419e-98a8-02db3ebd2efa,환심,일식,건리단길 골목형상점가,골목형상점가,서울특별시,3.0,3.0,,,RESOLVED_AGREEMENT,False,3,,,,
b2bf90195e87e5a4664e,test,일식,T6 기계변형,q_일식_08,일식추천,음식점 중 '일식'을 판매·제공하는 매장,e7578687-6b5a-457b-b0cf-0e9fbbad16b2,백식,일식,동명동 카페거리 골목형상점가,골목형상점가,광주광역시,3.0,3.0,,,RESOLVED_AGREEMENT,False,3,,,,
2fe5dc9f83a05b438317,test,일식,T6 기계변형,q_일식_08,일식추천,음식점 중 '일식'을 판매·제공하는 매장,9a738909-cf68-48cf-9699-37513a7b3008,귀빈,일식,나성동 골목형상점가,골목형상점가,세종특별자치시,3.0,3.0,,,RESOLVED_AGREEMENT,False,3,,,,
9aaffb40ccaf4ba233e8,test,일식,T6 기계변형,q_일식_08,일식추천,음식점 중 '일식'을 판매·제공하는 매장,03e60ecc-402f-49e8-b1ac-cbd4f330144d,온정돈까스 천안불당점,돈까스,시청앞 골목형상점가,골목형상점가,충청남도,3.0,3.0,,,RESOLVED_AGREEMENT,False,3,,,,
697d0f591be7f30c2d6d,test,일식,T6 기계변형,q_일식_08,일식추천,음식점 중 '일식'을 판매·제공하는 매장,afcfbf0f-7232-4f04-8612-6aa04c209691,일류,일식,두류젊코상권,상권활성화구역,대구광역시,3.0,3.0,,,RESOLVED_AGREEMENT,False,3,,,,
e0846836d737611495c1,test,일식,T6 기계변형,q_일식_08,일식추천,음식점 중 '일식'을 판매·제공하는 매장,0474ee0c-1f03-47fa-af45-bb5411abb04a,무루,일식,봉명동우산거리 골목형상점가,골목형상점가,대전광역시,3.0,3.0,,,RESOLVED_AGREEMENT,False,3,,,,
a7500de600c6ca848993,test,일식,T6 기계변형,q_일식_08,일식추천,음식점 중 '일식'을 판매·제공하는 매장,881edcfa-9663-464f-92bb-cbd5f3b52ed0,은파,일식,뒷개로청춘골목상점가,골목형상점가,전라남도,3.0,3.0,,,RESOLVED_AGREEMENT,False,3,,,,
f0dde2459826e3018188,test,일식,T6 기계변형,q_일식_08,일식추천,음식점 중 '일식'을 판매·제공하는 매장,b049f94f-23fa-458b-8b8b-095d0cb6ed54,우츠,일식,맹동혁신골목형상점가,골목형상점가,충청북도,3.0,3.0,,,RESOLVED_AGREEMENT,False,3,,,,
f89d9d7a71234afbaba4,test,일식,T6 기계변형,q_일식_08,일식추천,음식점 중 '일식'을 판매·제공하는 매장,88a61490-9bfe-438b-9b97-c1d6b34ec427,오센,일식,이수미로골목형상점가,골목형상점가,서울특별시,3.0,3.0,,,RESOLVED_AGREEMENT,False,3,,,,
ce8839de7532b388af45,test,일식,T6 기계변형,q_일식_08,일식추천,음식점 중 '일식'을 판매·제공하는 매장,00fcc68d-3086-4b45-b998-f3763e8dbf7d,꼬치마요 산본역점(9호점),일식,산본로데오거리(구 산본중심상가),자율상권구역,경기도,3.0,3.0,,,RESOLVED_AGREEMENT,False,3,,,,
c925cea47af6e2a1c901,test,일식,T6 기계변형,q_일식_08,일식추천,음식점 중 '일식'을 판매·제공하는 매장,a59e2aea-63c0-4aea-b80c-13c2293b0eb4,청담일식,일식,수완나들목 골목형상점가,골목형상점가,광주광역시,3.0,3.0,,,RESOLVED_AGREEMENT,False,3,,,,
db304cf7d48850400fa4,test,일식,T6 기계변형,q_일식_08,일식추천,음식점 중 '일식'을 판매·제공하는 매장,9cace4fa-210f-453b-8a00-8573a6f04009,일심당,일식,쌍문역둘리상점가,자율상권구역,서울특별시,3.0,3.0,,,RESOLVED_AGREEMENT,False,3,,,,
33c7b357f1e7c62dd2aa,test,일식,T6 기계변형,q_일식_08,일식추천,음식점 중 '일식'을 판매·제공하는 매장,0004ebd2-4e64-4552-95e5-a3b62efea718,적정온도 숙성회&초밥,회초밥,장안마실골목형상점가,골목형상점가,서울특별시,3.0,3.0,,,RESOLVED_AGREEMENT,False,3,,,,
adf6293d5f9b3ba17d16,test,일식,T6 기계변형,q_일식_08,일식추천,음식점 중 '일식'을 판매·제공하는 매장,f9596836-ee59-4bb0-87a8-3b3d2c0226ff,쇼군,일식,한마음,골목형상점가,광주광역시,3.0,3.0,,,RESOLVED_AGREEMENT,False,3,,,,
5ed6a7e0e4fc518e3697,test,일식,T6 기계변형,q_일식_08,일식추천,음식점 중 '일식'을 판매·제공하는 매장,01f2d713-86d5-414a-b9b9-1fdde102f589,미스타교자(상봉점),일식,상봉먹자골목형상점가,골목형상점가,서울특별시,3.0,3.0,,,RESOLVED_AGREEMENT,False,3,,,,
c0c6ef8da5c229847907,test,일식,T6 기계변형,q_일식_08,일식추천,음식점 중 '일식'을 판매·제공하는 매장,9c69fec2-743b-4a74-9477-e16ae2b7d583,가매일식,일식,백년소상공인,기타,광주광역시,3.0,3.0,,,RESOLVED_AGREEMENT,False,3,,,,
20ae6b3ff7ee7dfca39e,test,일식,T6 기계변형,q_일식_08,일식추천,음식점 중 '일식'을 판매·제공하는 매장,f6266986-adc0-4f25-8b12-3b7e9dd07322,사토리,일식,송도 타임스페이스 골목형상점가,골목형상점가,인천광역시,3.0,3.0,,,RESOLVED_AGREEMENT,False,3,,,,
80fa13f13058eeb61961,test,일식,T6 기계변형,q_일식_08,일식추천,음식점 중 '일식'을 판매·제공하는 매장,13224cba-30da-486f-a894-8c01df082828,정성,일식,방울내길골목형상점가,골목형상점가,서울특별시,3.0,3.0,,,RESOLVED_AGREEMENT,False,3,,,,
e4fbbf21be2349dabdcc,test,일식,T6 기계변형,q_일식_08,일식추천,음식점 중 '일식'을 판매·제공하는 매장,828d950c-84f0-4474-a9ab-ea83e8bfe544,쵸코파이,"의류, 잡화",성남중앙지하시장,일반지하상점가,경기도,0.0,0.0,,,RESOLVED_AGREEMENT,False,0,,,,
42eaf9c36c96f45b5bd6,test,일식,T6 기계변형,q_일식_08,일식추천,음식점 중 '일식'을 판매·제공하는 매장,f1d8ec8d-2dcf-4a4e-ac4e-2504c2aa54d6,멘초비,일식,동래시장,전통시장,부산광역시,3.0,3.0,,,RESOLVED_AGREEMENT,False,3,,,,
6623aea6026c55674c88,test,일식,T6 기계변형,q_일식_08,일식추천,음식점 중 '일식'을 판매·제공하는 매장,c16094eb-686f-4ffa-99a1-bbe4f7452631,슌우,일식,망리단길골목형상점가,골목형상점가,서울특별시,3.0,3.0,,,RESOLVED_AGREEMENT,False,3,,,,
9712119b0874fa39bd8b,test,일식,T6 기계변형,q_일식_08,일식추천,음식점 중 '일식'을 판매·제공하는 매장,a944b4c1-bc24-4a92-8865-64d940f0ac24,엘닷,일식,성수역골목형상점가,골목형상점가,서울특별시,3.0,3.0,,,RESOLVED_AGREEMENT,False,3,,,,
2746313e5aaeb01c8fdc,test,일식,T6 기계변형,q_일식_08,일식추천,음식점 중 '일식'을 판매·제공하는 매장,026b148f-ce2a-4e35-8dbb-0aaca2c31325,은화수식당,돈까스 카레 우동 기타등등,군산디오션시티 골목형상점가,골목형상점가,전북특별자치도,3.0,3.0,,,RESOLVED_AGREEMENT,False,3,,,,
401d9b99b2eec5da1bf8,test,일식,T6 기계변형,q_일식_08,일식추천,음식점 중 '일식'을 판매·제공하는 매장,f1fb8e6f-6877-4bec-bb30-9279d61a50fc,송원일식,일식,어울림마당 골목형상점가,골목형상점가,부산광역시,3.0,3.0,,,RESOLVED_AGREEMENT,False,3,,,,
1c9b759e7515016c5955,test,일식,T6 기계변형,q_일식_08,일식추천,음식점 중 '일식'을 판매·제공하는 매장,01f14598-4405-408e-9fac-71db17ed6f05,동경스시,,풍무동1 골목형상점가,골목형상점가,경기도,3.0,3.0,,,RESOLVED_AGREEMENT,False,3,,,,
09a028765b29f7ae2941,test,일식,T6 기계변형,q_일식_08,일식추천,음식점 중 '일식'을 판매·제공하는 매장,2a7a26fd-c98e-4265-9832-d9ba12daae67,비오,일식,수완나들목 골목형상점가,골목형상점가,광주광역시,3.0,3.0,,,RESOLVED_AGREEMENT,False,3,,,,
19a805fd64ef6215405b,test,일식,T6 기계변형,q_일식_08,일식추천,음식점 중 '일식'을 판매·제공하는 매장,44a477c7-b156-4a42-92fa-8f4597c50dcc,유야,일식,안동시옥동 골목형상점가,골목형상점가,경상북도,3.0,3.0,,,RESOLVED_AGREEMENT,False,3,,,,
a430ce868655d39dda7d,test,일식,T6 기계변형,q_일식_08,일식추천,음식점 중 '일식'을 판매·제공하는 매장,00e80339-1353-4885-81d7-0746a437abb2,포식 용인한숲시티점,쌀국수 돈까스 함박스테이크,남사한숲 골목형상점가,골목형상점가,경기도,3.0,3.0,,,RESOLVED_AGREEMENT,False,3,,,,
8d4b32e613884b0d8d1e,test,일식,T6 기계변형,q_일식_08,일식추천,음식점 중 '일식'을 판매·제공하는 매장,395e5db2-316c-480d-a127-7c9f2f4847b4,덥,일식,서구청먹자골목상인회 골목형상점가,골목형상점가,광주광역시,3.0,3.0,,,RESOLVED_AGREEMENT,False,3,,,,
6348a17188591912de30,test,일식,T6 기계변형,q_일식_08,일식추천,음식점 중 '일식'을 판매·제공하는 매장,afa448a3-277d-4e5c-95a2-970848ff1320,춘천,일식,후평3동 행복마을 골목형상점가,골목형상점가,강원특별자치도,3.0,3.0,,,RESOLVED_AGREEMENT,False,3,,,,
fbad0ac08f262ada4714,test,일식,T6 기계변형,q_일식_08,일식추천,음식점 중 '일식'을 판매·제공하는 매장,02c5c07b-ed68-43c2-bcc4-c01766b8d457,일조,일식,송정동 상점가,자율상권구역,경기도,3.0,3.0,,,RESOLVED_AGREEMENT,False,3,,,,
bba18dc2447b1495e02e,test,일식,T6 기계변형,q_일식_08,일식추천,음식점 중 '일식'을 판매·제공하는 매장,11ff5f74-d745-4f0b-822d-106a953c2f50,노군꼬치 반구점,꼬치,반구시장,전통시장,울산광역시,0.0,0.0,,,RESOLVED_AGREEMENT,False,0,,,,
223d01c2ed0daa502bff,test,일식,T6 기계변형,q_일식_08,일식추천,음식점 중 '일식'을 판매·제공하는 매장,530a9c60-4659-44b1-ba3e-afc0ce47c4c3,텐,일식,송탄관광특구 골목형상점가,골목형상점가,경기도,3.0,3.0,,,RESOLVED_AGREEMENT,False,3,,,,
636ae19e4fd23865a7c2,test,일식,T6 기계변형,q_일식_08,일식추천,음식점 중 '일식'을 판매·제공하는 매장,d6abef51-ae1d-43bc-8661-c2f7bfe865c2,찐수산,일식,행운담길골목형상점가,골목형상점가,서울특별시,3.0,3.0,,,RESOLVED_AGREEMENT,False,3,,,,
a1342a6e1a04ada9e341,test,일식,T6 기계변형,q_일식_08,일식추천,음식점 중 '일식'을 판매·제공하는 매장,44e0686a-9876-4f6a-a63b-6f9983eb6af6,스시천,일식,공항대로골목형상점가,골목형상점가,서울특별시,3.0,3.0,,,RESOLVED_AGREEMENT,False,3,,,,
af1905c08de80c784686,test,일식,T6 기계변형,q_일식_08,일식추천,음식점 중 '일식'을 판매·제공하는 매장,e8b7f9bb-fb0a-4321-ba69-6f8947dfe6d1,일담,일식,김대중컨벤션상인회 골목형상점가,골목형상점가,광주광역시,3.0,3.0,,,RESOLVED_AGREEMENT,False,3,,,,
84c4caf043c6aab24031,test,일식,T6 기계변형,q_일식_08,일식추천,음식점 중 '일식'을 판매·제공하는 매장,52c57bbb-b5d7-4687-a2e4-0316aead4d8b,회심,일식,범어식주가무명인골목 골목형상점가,골목형상점가,대구광역시,3.0,3.0,,,RESOLVED_AGREEMENT,False,3,,,,
1bbecf84931d4fa58407,test,일식,T6 기계변형,q_일식_08,일식추천,음식점 중 '일식'을 판매·제공하는 매장,1099991c-2447-4de4-a887-850d21eacd38,마끼,일식,연서시장,전통시장,서울특별시,3.0,3.0,,,RESOLVED_AGREEMENT,False,3,,,,
33020e518e884bdd828c,test,일식,T6 기계변형,q_일식_08,일식추천,음식점 중 '일식'을 판매·제공하는 매장,00f1a1de-5180-4857-ac9d-3d104fc8a1e0,진스시,,신구로현대어반벨리 골목형상점가,골목형상점가,서울특별시,3.0,3.0,,,RESOLVED_AGREEMENT,False,3,,,,
820306662a1caa2ba0de,test,일식,T6 기계변형,q_일식_08,일식추천,음식점 중 '일식'을 판매·제공하는 매장,00eefa39-8925-4ff1-8fb6-e3aa2c2b7937,아비꼬 용인보정점,일식 음식점,BOCA 보카상점가,골목형상점가,경기도,3.0,3.0,,,RESOLVED_AGREEMENT,False,3,,,,
78ea6f666e2ec341f0a4,test,일식,T6 기계변형,q_일식_08,일식추천,음식점 중 '일식'을 판매·제공하는 매장,04c1454c-94f9-4a74-a347-11bfad75cb82,스시대관령,일식스시,내곡동골목형상점가,골목형상점가,강원특별자치도,3.0,3.0,,,RESOLVED_AGREEMENT,False,3,,,,
b934e7c99c7e53e8fc3a,test,일식,T6 기계변형,q_일식_08,일식추천,음식점 중 '일식'을 판매·제공하는 매장,0301b45c-03ab-4413-bc68-a6bc507930ae,일식당,,혁신도시3구역 골목형상점가,골목형상점가,강원특별자치도,3.0,3.0,,,RESOLVED_AGREEMENT,False,3,,,,
ab84a7ffdc2b94965b89,test,일식,T6 기계변형,q_일식_08,일식추천,음식점 중 '일식'을 판매·제공하는 매장,01cecd17-bce9-4355-af06-2ca2cee82862,돈까스에빠지다 범어점,돈까스,범어식주가무명인골목 골목형상점가,골목형상점가,대구광역시,3.0,3.0,,,RESOLVED_AGREEMENT,False,3,,,,
61501da2a9a475cf70fd,test,일식,T6 기계변형,q_일식_08,일식추천,음식점 중 '일식'을 판매·제공하는 매장,e0416fff-d1d6-4220-8959-2ee667b52211,탄쇼,일식,상무평화상인회 골목형상점가,골목형상점가,광주광역시,3.0,3.0,,,RESOLVED_AGREEMENT,False,3,,,,
f6601b4c4e8a39262a4e,test,일식,T6 기계변형,q_일식_08,일식추천,음식점 중 '일식'을 판매·제공하는 매장,7341f9fb-bb31-4677-b92a-6cb259d42750,윤돈,일식,뚝섬역상점가(서울숲상원길상점가),자율상권구역,서울특별시,3.0,3.0,,,RESOLVED_AGREEMENT,False,3,,,,
8f06dbde10974a8c0a1e,test,일식,T6 기계변형,q_일식_08,일식추천,음식점 중 '일식'을 판매·제공하는 매장,7234e0fe-2051-492b-a754-10f380afb9a3,노렌인,일식,과천스마트케이 골목형상점가,골목형상점가,경기도,3.0,3.0,,,RESOLVED_AGREEMENT,False,3,,,,
b1567a78e5b0b5c03d4a,test,일식,T6 기계변형,q_일식_08,일식추천,음식점 중 '일식'을 판매·제공하는 매장,20426a06-35e3-4192-9736-92b133c5d1b8,위무,일식,사리골상점가,자율상권구역,경기도,3.0,3.0,,,RESOLVED_AGREEMENT,False,3,,,,
0d707a8209e131929d6f,test,일식,T6 기계변형,q_일식_08,일식추천,음식점 중 '일식'을 판매·제공하는 매장,8fee5871-019c-4a66-a4ac-c8d03238eaa3,바쇼,일식,동명동 카페거리 골목형상점가,골목형상점가,광주광역시,3.0,3.0,,,RESOLVED_AGREEMENT,False,3,,,,
f3eeb2b0a7669b4a15ba,test,일식,T6 기계변형,q_일식_08,일식추천,음식점 중 '일식'을 판매·제공하는 매장,20dd7a86-9325-44b3-941d-3fddd6a25136,타고르,의류잡화,동평화시장(동평화패션타운),전통시장,서울특별시,0.0,0.0,,,RESOLVED_AGREEMENT,False,0,,,,
9e13a057d1cfd3bda5d6,test,일식,T6 기계변형,q_일식_08,일식추천,음식점 중 '일식'을 판매·제공하는 매장,3c16bc62-ecce-4ea0-8f7c-f807433d83df,만개,일식,어은누리 골목형상점가,골목형상점가,대전광역시,3.0,3.0,,,RESOLVED_AGREEMENT,False,3,,,,
06b93fb61ab7e347d142,test,일식,T6 기계변형,q_일식_08,일식추천,음식점 중 '일식'을 판매·제공하는 매장,4587242d-412f-4b95-90ac-d1a33d07edb2,귄식당,일식,방배역먹자골목 골목형상점가,골목형상점가,서울특별시,3.0,3.0,,,RESOLVED_AGREEMENT,False,3,,,,
08120304b0974a9b41a4,test,일식,T6 기계변형,q_일식_08,일식추천,음식점 중 '일식'을 판매·제공하는 매장,005eb589-94b0-4a7e-b4e4-ef8cf64b0762,스시쿄다이,일식,동홍8번가 골목형상점가,골목형상점가,제주특별자치도,3.0,3.0,,,RESOLVED_AGREEMENT,False,3,,,,
5c810a057877eceaa92a,test,일식,T6 기계변형,q_일식_08,일식추천,음식점 중 '일식'을 판매·제공하는 매장,ea84f42a-3254-485f-80a5-b90c849cacfd,만동,일식,법리단길 골목형상점가,골목형상점가,전북특별자치도,3.0,3.0,,,RESOLVED_AGREEMENT,False,3,,,,
f68c761e019591972156,test,일식,T6 기계변형,q_일식_08,일식추천,음식점 중 '일식'을 판매·제공하는 매장,0547b6e2-3d1e-4a4a-97c6-9b1c1344bf88,김희철 스시,,솔매사랑길 골목형상점가,골목형상점가,서울특별시,3.0,3.0,,,RESOLVED_AGREEMENT,False,3,,,,
81c1a9b1bfddea21c95f,test,일식,T6 기계변형,q_일식_08,일식추천,음식점 중 '일식'을 판매·제공하는 매장,d6c1c5a6-7274-4971-9ce2-757ace8686ad,하찌미쯔,일식,봉동생강골시장,전통시장,전북특별자치도,3.0,3.0,,,RESOLVED_AGREEMENT,False,3,,,,
0aef92487587b2a3e444,test,일식,T6 기계변형,q_일식_08,일식추천,음식점 중 '일식'을 판매·제공하는 매장,bde8d42f-1bec-417e-bbdf-694b51ab30e6,경주콩나물국밥,한식,경주중심상가,전통시장,경상북도,1.0,1.0,,,RESOLVED_AGREEMENT,False,1,,,,
e2bf6263c922d90aa2aa,test,일식,T6 기계변형,q_일식_08,일식추천,음식점 중 '일식'을 판매·제공하는 매장,0c0b95d4-fd49-4a23-9d81-3278a6288a16,사이,일식,나성동 골목형상점가,골목형상점가,세종특별자치시,3.0,3.0,,,RESOLVED_AGREEMENT,False,3,,,,
cec21f5f07cd5359683e,test,일식,T6 기계변형,q_일식_08,일식추천,음식점 중 '일식'을 판매·제공하는 매장,013d58c8-33f8-4dbe-95de-801d22ea9505,민영활어공장 부천자유시장점,"회, 초밥",부천자유시장,전통시장,경기도,3.0,3.0,,,RESOLVED_AGREEMENT,False,3,,,,
c98a502237d3bc578de1,test,일식,T6 기계변형,q_일식_08,일식추천,음식점 중 '일식'을 판매·제공하는 매장,dddf07f0-7dd7-470f-a66d-ba92a2620b16,모츠모,일식,도담동 골목형상점가,골목형상점가,세종특별자치시,3.0,3.0,,,RESOLVED_AGREEMENT,False,3,,,,
c9b57265fc09477d0c70,test,일식,T6 기계변형,q_일식_08,일식추천,음식점 중 '일식'을 판매·제공하는 매장,eecf2379-6c8b-4bbe-9612-ed5fe5c8d3f0,일식송수사,일식,산본로데오거리(구 산본중심상가),자율상권구역,경기도,3.0,3.0,,,RESOLVED_AGREEMENT,False,3,,,,
1f0d682ce1c2c9e54af3,test,일식,T6 기계변형,q_일식_08,일식추천,음식점 중 '일식'을 판매·제공하는 매장,f9966509-3dc0-4a76-8ad3-9e70f301dc36,삼원일식,일식,떠오르길 골목형상점가,골목형상점가,경기도,3.0,3.0,,,RESOLVED_AGREEMENT,False,3,,,,
ff9baaf72711b7663773,test,일식,T6 기계변형,q_일식_08,일식추천,음식점 중 '일식'을 판매·제공하는 매장,8d18c9e1-f5cc-4445-a2f0-2406b5521f66,욧삐떼,일식,양정 골목형상점가,골목형상점가,울산광역시,3.0,3.0,,,RESOLVED_AGREEMENT,False,3,,,,
00ce7730fbec44612c1f,test,일식,T6 기계변형,q_일식_08,일식추천,음식점 중 '일식'을 판매·제공하는 매장,a04b4925-11d6-4d03-ae1d-341b4f383171,잇텐,일식,어은누리 골목형상점가,골목형상점가,대전광역시,3.0,3.0,,,RESOLVED_AGREEMENT,False,3,,,,
f4406a9045d41f5566d8,test,일식,T6 기계변형,q_일식_08,일식추천,음식점 중 '일식'을 판매·제공하는 매장,d14c472e-d380-45d6-973f-b9d92a87b095,요연,일식,인제시장,전통시장,강원특별자치도,3.0,3.0,,,RESOLVED_AGREEMENT,False,3,,,,
f42c1a546d77fe81f68b,test,일식,T6 기계변형,q_일식_08,일식추천,음식점 중 '일식'을 판매·제공하는 매장,4ebf3fd8-5f8c-45b0-b812-466220439623,곤,일식,신천동문화의거리상점가(구 시흥문화의거리상점가),자율상권구역,경기도,3.0,3.0,,,RESOLVED_AGREEMENT,False,3,,,,
c0955720cc87025c82d8,test,일식,T6 기계변형,q_일식_08,일식추천,음식점 중 '일식'을 판매·제공하는 매장,62a656e3-1225-4668-b333-9e3c5e84c5d2,데덴찌,일식,상무시청상인회 골목형상점가,골목형상점가,광주광역시,3.0,3.0,,,RESOLVED_AGREEMENT,False,3,,,,
ac0119d94bb4cd1fd254,test,일식,T6 기계변형,q_일식_08,일식추천,음식점 중 '일식'을 판매·제공하는 매장,025255cd-6e4e-4d26-b2b7-bd18e2858548,정성카츠 화정점,일식,화정로상가상인회 골목형상점가,골목형상점가,광주광역시,3.0,3.0,,,RESOLVED_AGREEMENT,False,3,,,,
783660941c6772ec8089,test,일식,T6 기계변형,q_일식_08,일식추천,음식점 중 '일식'을 판매·제공하는 매장,cad314bc-33a9-424a-83f2-89ee68d2ea13,뎅뎅뎅,일식,궁동 골목형상점가,골목형상점가,대전광역시,3.0,3.0,,,RESOLVED_AGREEMENT,False,3,,,,
784f17f401884d678a2d,test,일식,T6 기계변형,q_일식_08,일식추천,음식점 중 '일식'을 판매·제공하는 매장,c1a9745c-156e-47ff-b4d8-af7d6bbf25e4,해왁,일식,사가정51길 골목형상점가,골목형상점가,서울특별시,3.0,3.0,,,RESOLVED_AGREEMENT,False,3,,,,
b8812f9a6a12aca31191,test,일식,T6 기계변형,q_일식_08,일식추천,음식점 중 '일식'을 판매·제공하는 매장,f3ef90ec-7c16-4a6b-a2c1-8d6ef63ad218,죠렌,일식,동먹골상가 골목형상점가,골목형상점가,대구광역시,3.0,3.0,,,RESOLVED_AGREEMENT,False,3,,,,
6c979ae632050906ec08,test,일식,T6 기계변형,q_일식_08,일식추천,음식점 중 '일식'을 판매·제공하는 매장,b8f597be-9306-40fb-a8a9-239b68b5716b,쇼진,일식,위드수암 골목형상점가,골목형상점가,울산광역시,3.0,3.0,,,RESOLVED_AGREEMENT,False,3,,,,
09b1100e2be0ff5f9827,test,일식,T6 기계변형,q_일식_08,일식추천,음식점 중 '일식'을 판매·제공하는 매장,02e18ef3-4b66-4159-96bf-759bfb98320f,카츠옹,돈까스,자양번영로골목형상점가,골목형상점가,서울특별시,3.0,3.0,,,RESOLVED_AGREEMENT,False,3,,,,
696e8703da1f0d9c6cab,test,일식,T6 기계변형,q_일식_08,일식추천,음식점 중 '일식'을 판매·제공하는 매장,01afaafa-2a46-4977-8015-55762957ee7a,다래초밥,초밥,동문동 골목형상점가,골목형상점가,충청남도,3.0,3.0,,,RESOLVED_AGREEMENT,False,3,,,,
38e660df9535e1228631,test,일식,T6 기계변형,q_일식_08,일식추천,음식점 중 '일식'을 판매·제공하는 매장,ba8489d5-45d9-4f15-92f0-d8a784318549,키햐아,일식,까치울역카페거리 골목형상점가,골목형상점가,경기도,3.0,3.0,,,RESOLVED_AGREEMENT,False,3,,,,
e86c01feacecaebae177,test,일식,T6 기계변형,q_일식_08,일식추천,음식점 중 '일식'을 판매·제공하는 매장,c12348b0-bddc-4327-a8be-fd8279563553,동연상회,그릇,전주남부시장,전통시장,전북특별자치도,1.0,0.0,,,P2_GRADED_ONLY,True,,,,,
4e9d25706d6bbe57bb27,test,일식,T6 기계변형,q_일식_08,일식추천,음식점 중 '일식'을 판매·제공하는 매장,00dfe7e1-6daa-4586-9146-ec927a443d02,오늘애초밥,,포항죽도농산물시장,전통시장,경상북도,3.0,3.0,,,RESOLVED_AGREEMENT,False,3,,,,
d179cd0c0b5d4bd2fac9,test,일식,T6 기계변형,q_일식_08,일식추천,음식점 중 '일식'을 판매·제공하는 매장,ec628357-ad64-49b6-aaa8-472f83ffffed,일담,일식,충장로123가 상점가,자율상권구역,광주광역시,3.0,3.0,,,RESOLVED_AGREEMENT,False,3,,,,
c020e190f42ea7ecc61d,test,일식,T6 기계변형,q_일식_08,일식추천,음식점 중 '일식'을 판매·제공하는 매장,4fd9a187-cbe4-40ac-877d-1a1339c3c3d6,라쿠엔,일식,매드블럭 골목형상점가,골목형상점가,대전광역시,3.0,3.0,,,RESOLVED_AGREEMENT,False,3,,,,
bc4c33fe08d671ab9119,test,일식,T6 기계변형,q_일식_08,일식추천,음식점 중 '일식'을 판매·제공하는 매장,bff1715e-a400-4ba4-9df0-c236d2ba9abe,카즈호,일식,마치광장골목형상점가,골목형상점가,대전광역시,3.0,3.0,,,RESOLVED_AGREEMENT,False,3,,,,
6a5a93eb1b7c7568e024,test,일식,T6 기계변형,q_일식_08,일식추천,음식점 중 '일식'을 판매·제공하는 매장,33a6230b-793f-4e69-a3e0-170bc70ee803,옥천 목화원,일식,순천문화의거리 금꽃예술촌,자율상권구역,전라남도,3.0,3.0,,,RESOLVED_AGREEMENT,False,3,,,,
c026be6fb9abf5b5b973,test,일식,T6 기계변형,q_일식_08,일식추천,음식점 중 '일식'을 판매·제공하는 매장,94d0ac06-898a-432e-a704-4216cab12833,타베,일식,수완나들목 골목형상점가,골목형상점가,광주광역시,3.0,3.0,,,RESOLVED_AGREEMENT,False,3,,,,
226a5ca1c31a020df471,test,일식,T6 기계변형,q_일식_08,일식추천,음식점 중 '일식'을 판매·제공하는 매장,48a7b518-7963-4b4d-ada5-306285c4e3da,요이,일식,고성동벚꽃 골목형상점가,골목형상점가,대구광역시,3.0,3.0,,,RESOLVED_AGREEMENT,False,3,,,,
72f99a79e2f64630b85b,test,일식,T6 기계변형,q_일식_08,일식추천,음식점 중 '일식'을 판매·제공하는 매장,5ff5e851-9695-4924-8ed9-a9eed1ebe098,수,일식,효자시장,전통시장,경상북도,3.0,3.0,,,RESOLVED_AGREEMENT,False,3,,,,
793c593adc43d67e7139,test,일식,T6 기계변형,q_일식_08,일식추천,음식점 중 '일식'을 판매·제공하는 매장,01710a82-bb0d-4cbc-8491-708f78ce99fe,스시니쿠 후평점,,인공폭포상가,자율상권구역,강원특별자치도,3.0,3.0,,,RESOLVED_AGREEMENT,False,3,,,,
6c763fd6ac78dd354285,test,일식,T6 기계변형,q_일식_08,일식추천,음식점 중 '일식'을 판매·제공하는 매장,b80413bd-b0f7-47b1-86dd-4dedc19c2db5,미가,일식,종암북바위길골목형상점가,골목형상점가,서울특별시,3.0,3.0,,,RESOLVED_AGREEMENT,False,3,,,,
793d66d64638c4849d44,test,일식,T6 기계변형,q_일식_08,일식추천,음식점 중 '일식'을 판매·제공하는 매장,74aec6ce-e931-4e16-a2e2-c5fc39e01711,하기당,일식,연신내골목형상점가,골목형상점가,서울특별시,3.0,3.0,,,RESOLVED_AGREEMENT,False,3,,,,
8a10c344d2ca11d969a6,test,일식,T6 기계변형,q_일식_08,일식추천,음식점 중 '일식'을 판매·제공하는 매장,c1f85108-72b2-4121-8559-536b105cfa5c,호복,일식,상동역 골목형상점가,골목형상점가,경기도,3.0,3.0,,,RESOLVED_AGREEMENT,False,3,,,,
7c3f53198d98ece71198,test,일식,T6 기계변형,q_일식_08,일식추천,음식점 중 '일식'을 판매·제공하는 매장,077d4f81-e5a8-4c8f-8936-3a8ec57ffb1e,샷타,일식,황남상가시장,전통시장,경상북도,3.0,3.0,,,RESOLVED_AGREEMENT,False,3,,,,
21cee0ba2ad61263398d,test,일식,T6 기계변형,q_일식_09,일싣,음식점 중 '일식'을 판매·제공하는 매장,cad314bc-33a9-424a-83f2-89ee68d2ea13,뎅뎅뎅,일식,궁동 골목형상점가,골목형상점가,대전광역시,3.0,3.0,,,RESOLVED_AGREEMENT,False,3,,,,
51b8bdf3edcbb193f53c,test,일식,T6 기계변형,q_일식_09,일싣,음식점 중 '일식'을 판매·제공하는 매장,02e18ef3-4b66-4159-96bf-759bfb98320f,카츠옹,돈까스,자양번영로골목형상점가,골목형상점가,서울특별시,3.0,3.0,,,RESOLVED_AGREEMENT,False,3,,,,
84bdfee288767749b630,test,일식,T6 기계변형,q_일식_09,일싣,음식점 중 '일식'을 판매·제공하는 매장,005eb589-94b0-4a7e-b4e4-ef8cf64b0762,스시쿄다이,일식,동홍8번가 골목형상점가,골목형상점가,제주특별자치도,3.0,3.0,,,RESOLVED_AGREEMENT,False,3,,,,
9fe7f36e5180c54791bd,test,일식,T6 기계변형,q_일식_09,일싣,음식점 중 '일식'을 판매·제공하는 매장,ea3e40da-7090-44cb-8ac2-fdbaae2e5859,일창상회,,부전시장,전통시장,부산광역시,1.0,0.0,,,P2_GRADED_ONLY,True,,,,,
1f75f5861f1234400d00,test,일식,T6 기계변형,q_일식_09,일싣,음식점 중 '일식'을 판매·제공하는 매장,37b881e4-31e6-4577-930d-0632895aed31,일잔,한식,후평3동 행복마을 골목형상점가,골목형상점가,강원특별자치도,1.0,1.0,,,RESOLVED_AGREEMENT,False,1,,,,
25e013790a5893c24028,test,일식,T6 기계변형,q_일식_09,일싣,음식점 중 '일식'을 판매·제공하는 매장,01710a82-bb0d-4cbc-8491-708f78ce99fe,스시니쿠 후평점,,인공폭포상가,자율상권구역,강원특별자치도,3.0,3.0,,,RESOLVED_AGREEMENT,False,3,,,,
2b2c55d35f1988688fdf,test,일식,T6 기계변형,q_일식_09,일싣,음식점 중 '일식'을 판매·제공하는 매장,28ef7668-579f-48d0-93f2-bd416a347c46,체리 브라운,의류,두텁바위 골목형상점가,골목형상점가,서울특별시,0.0,0.0,,,RESOLVED_AGREEMENT,False,0,,,,
b7e76d80cd4a447e744a,test,일식,T6 기계변형,q_일식_09,일싣,음식점 중 '일식'을 판매·제공하는 매장,9b205f11-b0df-4772-82b7-ba642d138d6f,역전 할머니 맥주 천상점,음싣,천상천 골목형상점가,골목형상점가,울산광역시,0.0,0.0,,,RESOLVED_AGREEMENT,False,0,,,,
0c099588e9ed23e8f7ff,test,일식,T6 기계변형,q_일식_09,일싣,음식점 중 '일식'을 판매·제공하는 매장,00fcc68d-3086-4b45-b998-f3763e8dbf7d,꼬치마요 산본역점(9호점),일식,산본로데오거리(구 산본중심상가),자율상권구역,경기도,3.0,3.0,,,RESOLVED_AGREEMENT,False,3,,,,
44ce257381eab763e8fa,test,일식,T6 기계변형,q_일식_09,일싣,음식점 중 '일식'을 판매·제공하는 매장,78938754-915f-4724-adfa-35bcb15bb325,일월,,포항죽도시장,전통시장,경상북도,,0.0,Y,,P0_UNCERTAIN_OR_MISSING,True,,,,,
42203ea26219e619be5a,test,일식,T6 기계변형,q_일식_09,일싣,음식점 중 '일식'을 판매·제공하는 매장,00dfe7e1-6daa-4586-9146-ec927a443d02,오늘애초밥,,포항죽도농산물시장,전통시장,경상북도,3.0,3.0,,,RESOLVED_AGREEMENT,False,3,,,,
3405aa31d08ce5dde2b7,test,일식,T6 기계변형,q_일식_09,일싣,음식점 중 '일식'을 판매·제공하는 매장,dddf07f0-7dd7-470f-a66d-ba92a2620b16,모츠모,일식,도담동 골목형상점가,골목형상점가,세종특별자치시,3.0,3.0,,,RESOLVED_AGREEMENT,False,3,,,,
dd8d0bd0853d18e7de2e,test,일식,T6 기계변형,q_일식_09,일싣,음식점 중 '일식'을 판매·제공하는 매장,0474ee0c-1f03-47fa-af45-bb5411abb04a,무루,일식,봉명동우산거리 골목형상점가,골목형상점가,대전광역시,3.0,3.0,,,RESOLVED_AGREEMENT,False,3,,,,
c741504877dec6b6a6b0,test,일식,T6 기계변형,q_일식_09,일싣,음식점 중 '일식'을 판매·제공하는 매장,4587242d-412f-4b95-90ac-d1a33d07edb2,귄식당,일식,방배역먹자골목 골목형상점가,골목형상점가,서울특별시,3.0,3.0,,,RESOLVED_AGREEMENT,False,3,,,,
c6f7088deaf1e59561a7,test,일식,T6 기계변형,q_일식_09,일싣,음식점 중 '일식'을 판매·제공하는 매장,01f14598-4405-408e-9fac-71db17ed6f05,동경스시,,풍무동1 골목형상점가,골목형상점가,경기도,3.0,3.0,,,RESOLVED_AGREEMENT,False,3,,,,
a73e9e2649aa5aa2ee70,test,일식,T6 기계변형,q_일식_09,일싣,음식점 중 '일식'을 판매·제공하는 매장,66058b5e-1c6d-45d0-b5b9-91a2c9621d3f,일일시호일,일식,잠원하길골목형상점가,골목형상점가,서울특별시,3.0,3.0,,,RESOLVED_AGREEMENT,False,3,,,,
8b32542fe7ac3ee36e2e,test,일식,T6 기계변형,q_일식_09,일싣,음식점 중 '일식'을 판매·제공하는 매장,66949b22-611d-4650-b074-e5d9cf6c5b24,메이지,분싣,진주 로데오거리상점가,자율상권구역,경상남도,0.0,0.0,,,RESOLVED_AGREEMENT,False,0,,,,
3ee168fe4ee2195cf311,test,일식,T6 기계변형,q_일식_09,일싣,음식점 중 '일식'을 판매·제공하는 매장,91b26b0d-10fd-4ac0-bc4e-16a1bc2a9486,로지,일식 일반음식업,상대동 골목형상점가,골목형상점가,대전광역시,3.0,3.0,,,RESOLVED_AGREEMENT,False,3,,,,
bb0c27c0756861b900d6,test,일식,T6 기계변형,q_일식_09,일싣,음식점 중 '일식'을 판매·제공하는 매장,04c1454c-94f9-4a74-a347-11bfad75cb82,스시대관령,일식스시,내곡동골목형상점가,골목형상점가,강원특별자치도,3.0,3.0,,,RESOLVED_AGREEMENT,False,3,,,,
8b5dc33ed4f1aa599d55,test,일식,T6 기계변형,q_일식_09,일싣,음식점 중 '일식'을 판매·제공하는 매장,4ebf3fd8-5f8c-45b0-b812-466220439623,곤,일식,신천동문화의거리상점가(구 시흥문화의거리상점가),자율상권구역,경기도,3.0,3.0,,,RESOLVED_AGREEMENT,False,3,,,,
1b73322c3ab5ccf9031d,test,일식,T6 기계변형,q_일식_09,일싣,음식점 중 '일식'을 판매·제공하는 매장,bff1715e-a400-4ba4-9df0-c236d2ba9abe,카즈호,일식,마치광장골목형상점가,골목형상점가,대전광역시,3.0,3.0,,,RESOLVED_AGREEMENT,False,3,,,,
222914263a6fffbd65d9,test,일식,T6 기계변형,q_일식_09,일싣,음식점 중 '일식'을 판매·제공하는 매장,c16094eb-686f-4ffa-99a1-bbe4f7452631,슌우,일식,망리단길골목형상점가,골목형상점가,서울특별시,3.0,3.0,,,RESOLVED_AGREEMENT,False,3,,,,
f62cebe8185def0e11c3,test,일식,T6 기계변형,q_일식_09,일싣,음식점 중 '일식'을 판매·제공하는 매장,013d58c8-33f8-4dbe-95de-801d22ea9505,민영활어공장 부천자유시장점,"회, 초밥",부천자유시장,전통시장,경기도,3.0,3.0,,,RESOLVED_AGREEMENT,False,3,,,,
330daf6f0c8c55fbd221,test,일식,T6 기계변형,q_일식_09,일싣,음식점 중 '일식'을 판매·제공하는 매장,5abd2cc6-ab5d-4787-84fa-12ddb2fe95d5,예가,한싣,화정한울타리상인회 골목형상점가,골목형상점가,광주광역시,0.0,0.0,,,RESOLVED_AGREEMENT,False,0,,,,
f0da59991cafeee761bd,test,일식,T6 기계변형,q_일식_09,일싣,음식점 중 '일식'을 판매·제공하는 매장,2cfe44c9-9d8a-4ecd-bbde-e6da2ad1fcc7,일꾼상회,채소,팔달신시장,전통시장,대구광역시,1.0,0.0,,,P2_GRADED_ONLY,True,,,,,
7fb407bce06b124c4ce3,test,일식,T6 기계변형,q_일식_09,일싣,음식점 중 '일식'을 판매·제공하는 매장,b049f94f-23fa-458b-8b8b-095d0cb6ed54,우츠,일식,맹동혁신골목형상점가,골목형상점가,충청북도,3.0,3.0,,,RESOLVED_AGREEMENT,False,3,,,,
459931b13019bea37757,test,일식,T6 기계변형,q_일식_09,일싣,음식점 중 '일식'을 판매·제공하는 매장,44a477c7-b156-4a42-92fa-8f4597c50dcc,유야,일식,안동시옥동 골목형상점가,골목형상점가,경상북도,3.0,3.0,,,RESOLVED_AGREEMENT,False,3,,,,
1e30c83e5d2df7c92768,test,일식,T6 기계변형,q_일식_09,일싣,음식점 중 '일식'을 판매·제공하는 매장,025255cd-6e4e-4d26-b2b7-bd18e2858548,정성카츠 화정점,일식,화정로상가상인회 골목형상점가,골목형상점가,광주광역시,3.0,3.0,,,RESOLVED_AGREEMENT,False,3,,,,
ee935c753bdad297b36a,test,일식,T6 기계변형,q_일식_09,일싣,음식점 중 '일식'을 판매·제공하는 매장,395e5db2-316c-480d-a127-7c9f2f4847b4,덥,일식,서구청먹자골목상인회 골목형상점가,골목형상점가,광주광역시,3.0,3.0,,,RESOLVED_AGREEMENT,False,3,,,,
4adac42e7608b191ed85,test,일식,T6 기계변형,q_일식_09,일싣,음식점 중 '일식'을 판매·제공하는 매장,02c5c07b-ed68-43c2-bcc4-c01766b8d457,일조,일식,송정동 상점가,자율상권구역,경기도,3.0,3.0,,,RESOLVED_AGREEMENT,False,3,,,,
0eff358c5e97c1b60aa2,test,일식,T6 기계변형,q_일식_09,일싣,음식점 중 '일식'을 판매·제공하는 매장,a238207d-2001-4499-b7d0-c2b2e69e8b4e,태풍참치(일곡본점),일식,일곡동(제3지역:자연마을 공방거리),골목형상점가,광주광역시,3.0,3.0,,,RESOLVED_AGREEMENT,False,3,,,,
f482d1387bc4930478a4,test,일식,T6 기계변형,q_일식_09,일싣,음식점 중 '일식'을 판매·제공하는 매장,e8b7f9bb-fb0a-4321-ba69-6f8947dfe6d1,일담,일식,김대중컨벤션상인회 골목형상점가,골목형상점가,광주광역시,3.0,3.0,,,RESOLVED_AGREEMENT,False,3,,,,
c3a9d4b55e6b64daab3c,test,일식,T6 기계변형,q_일식_09,일싣,음식점 중 '일식'을 판매·제공하는 매장,2c91cbc0-05cb-4ae1-b792-f5dcf5b46c8e,중앙정육식당,음식점업(한식),안양중앙인정시장,전통시장,경기도,1.0,1.0,,,RESOLVED_AGREEMENT,False,1,,,,
6070ccf5f4308bb13ac1,test,일식,T6 기계변형,q_일식_09,일싣,음식점 중 '일식'을 판매·제공하는 매장,a94d3941-24e4-47bc-baad-ab4e77fbc8f6,고향식당,음식(한식),남대문시장,전통시장,서울특별시,1.0,1.0,,,RESOLVED_AGREEMENT,False,1,,,,
8b3211970b23548ffd8a,test,일식,T6 기계변형,q_일식_09,일싣,음식점 중 '일식'을 판매·제공하는 매장,00f1a1de-5180-4857-ac9d-3d104fc8a1e0,진스시,,신구로현대어반벨리 골목형상점가,골목형상점가,서울특별시,3.0,3.0,,,RESOLVED_AGREEMENT,False,3,,,,
a5c470b3ce0e3b98ea51,test,일식,T6 기계변형,q_일식_09,일싣,음식점 중 '일식'을 판매·제공하는 매장,39edf0aa-c238-4443-8ea7-457f9ab8f72d,일행,,면허시험장네거리 골목형상점가,골목형상점가,대구광역시,,0.0,Y,,P0_UNCERTAIN_OR_MISSING,True,,,,,
ee716d6c80d455427358,test,일식,T6 기계변형,q_일식_09,일싣,음식점 중 '일식'을 판매·제공하는 매장,3e8cee55-70f1-4bae-bcb6-9575fee4c03e,재주당 일곡점,일반 한식,일곡동(제9지역:커피의 거리),골목형상점가,광주광역시,1.0,1.0,,,RESOLVED_AGREEMENT,False,1,,,,
2c5e7356da9bb793a2a0,test,일식,T6 기계변형,q_일식_09,일싣,음식점 중 '일식'을 판매·제공하는 매장,7341f9fb-bb31-4677-b92a-6cb259d42750,윤돈,일식,뚝섬역상점가(서울숲상원길상점가),자율상권구역,서울특별시,3.0,3.0,,,RESOLVED_AGREEMENT,False,3,,,,
490ab07c8ec8158cc086,test,일식,T6 기계변형,q_일식_09,일싣,음식점 중 '일식'을 판매·제공하는 매장,087f211e-516c-4e56-89ee-b9ececba3db1,도민정육점,식육,용문 골목형상점가,골목형상점가,제주특별자치도,0.0,0.0,,,RESOLVED_AGREEMENT,False,0,,,,
717116484a8009f76179,test,일식,T6 기계변형,q_일식_09,일싣,음식점 중 '일식'을 판매·제공하는 매장,139cfb92-e702-4741-abb7-a5c34296dff1,메가MGC커피 운암휴튼2차점,커피,운암휴튼2차 골목형상점가,기타,광주광역시,0.0,0.0,,,RESOLVED_AGREEMENT,False,0,,,,
77ba88d7f0064f1b8d13,test,일식,T6 기계변형,q_일식_09,일싣,음식점 중 '일식'을 판매·제공하는 매장,03e60ecc-402f-49e8-b1ac-cbd4f330144d,온정돈까스 천안불당점,돈까스,시청앞 골목형상점가,골목형상점가,충청남도,3.0,3.0,,,RESOLVED_AGREEMENT,False,3,,,,
e8a00584f97d9b567b92,test,일식,T6 기계변형,q_일식_09,일싣,음식점 중 '일식'을 판매·제공하는 매장,d14c472e-d380-45d6-973f-b9d92a87b095,요연,일식,인제시장,전통시장,강원특별자치도,3.0,3.0,,,RESOLVED_AGREEMENT,False,3,,,,
cd0d0ae5e7e149a55d14,test,일식,T6 기계변형,q_일식_09,일싣,음식점 중 '일식'을 판매·제공하는 매장,3c16bc62-ecce-4ea0-8f7c-f807433d83df,만개,일식,어은누리 골목형상점가,골목형상점가,대전광역시,3.0,3.0,,,RESOLVED_AGREEMENT,False,3,,,,
082cde67bf7ea6223f85,test,일식,T6 기계변형,q_일식_09,일싣,음식점 중 '일식'을 판매·제공하는 매장,01afaafa-2a46-4977-8015-55762957ee7a,다래초밥,초밥,동문동 골목형상점가,골목형상점가,충청남도,3.0,3.0,,,RESOLVED_AGREEMENT,False,3,,,,
19eb704e5782d87f5f13,test,일식,T6 기계변형,q_일식_09,일싣,음식점 중 '일식'을 판매·제공하는 매장,00eefa39-8925-4ff1-8fb6-e3aa2c2b7937,아비꼬 용인보정점,일식 음식점,BOCA 보카상점가,골목형상점가,경기도,3.0,3.0,,,RESOLVED_AGREEMENT,False,3,,,,
f3d72d45f998e7b2b4bc,test,일식,T6 기계변형,q_일식_09,일싣,음식점 중 '일식'을 판매·제공하는 매장,c1f85108-72b2-4121-8559-536b105cfa5c,호복,일식,상동역 골목형상점가,골목형상점가,경기도,3.0,3.0,,,RESOLVED_AGREEMENT,False,3,,,,
64a94d58e272f805f0ac,test,일식,T6 기계변형,q_일식_09,일싣,음식점 중 '일식'을 판매·제공하는 매장,d5f37551-5127-4a3a-a76d-19b2c1156889,일진,,자갈치시장,전통시장,부산광역시,,0.0,Y,,P0_UNCERTAIN_OR_MISSING,True,,,,,
6e8ee49b6d725134d41b,test,일식,T6 기계변형,q_일식_09,일싣,음식점 중 '일식'을 판매·제공하는 매장,5ff5e851-9695-4924-8ed9-a9eed1ebe098,수,일식,효자시장,전통시장,경상북도,3.0,3.0,,,RESOLVED_AGREEMENT,False,3,,,,
51a418c68f182c44d665,test,일식,T6 기계변형,q_일식_09,일싣,음식점 중 '일식'을 판매·제공하는 매장,587dee0c-7f91-4f89-b349-c12648c9a0f8,일승마트,,정남진활력의거리 골목형상점가,골목형상점가,,0.0,0.0,,,RESOLVED_AGREEMENT,False,0,,,,
6745914e371545b4acfc,test,일식,T6 기계변형,q_일식_09,일싣,음식점 중 '일식'을 판매·제공하는 매장,995a3121-adeb-4d1a-8571-5d5ab4ef00d4,일몽갈비,한식,댕리단길 골목형상점가,골목형상점가,경기도,1.0,1.0,,,RESOLVED_AGREEMENT,False,1,,,,
cc1c2e00d1e6ef3a14f4,test,일식,T6 기계변형,q_일식_09,일싣,음식점 중 '일식'을 판매·제공하는 매장,ca32a97e-49d0-4106-b0c1-e09a91463ec2,일광식당,일반한식,안동구담시장,전통시장,경상북도,1.0,1.0,,,RESOLVED_AGREEMENT,False,1,,,,
92fd34cabeb6b24a33ff,test,일식,T6 기계변형,q_일식_09,일싣,음식점 중 '일식'을 판매·제공하는 매장,a2811bfb-d9b3-4f0a-a120-22ea02fcebe6,일상다반,일식,공릉철길골목형상점가,골목형상점가,서울특별시,3.0,3.0,,,RESOLVED_AGREEMENT,False,3,,,,
ac50b79d7da835034927,test,일식,T6 기계변형,q_일식_09,일싣,음식점 중 '일식'을 판매·제공하는 매장,50c9791f-6f50-4d86-bff8-76641f73ee6e,일산식당,일반음식점업소,춘천 원도심 상권활성화,상권활성화구역,강원특별자치도,0.0,1.0,,,P2_GRADED_ONLY,True,,,,,
c02294dad328f9ce5d97,test,일식,T6 기계변형,q_일식_09,일싣,음식점 중 '일식'을 판매·제공하는 매장,026b148f-ce2a-4e35-8dbb-0aaca2c31325,은화수식당,돈까스 카레 우동 기타등등,군산디오션시티 골목형상점가,골목형상점가,전북특별자치도,3.0,3.0,,,RESOLVED_AGREEMENT,False,3,,,,
b184b94c49ba2cc0ffc2,test,일식,T6 기계변형,q_일식_09,일싣,음식점 중 '일식'을 판매·제공하는 매장,d3aec7a1-3530-4f5b-b878-d2229af6457e,일품돈,한식,사당1동 먹자골목 상점가,자율상권구역,서울특별시,1.0,1.0,,,RESOLVED_AGREEMENT,False,1,,,,
eafa244147b9031e8ec7,test,일식,T6 기계변형,q_일식_09,일싣,음식점 중 '일식'을 판매·제공하는 매장,ec628357-ad64-49b6-aaa8-472f83ffffed,일담,일식,충장로123가 상점가,자율상권구역,광주광역시,3.0,3.0,,,RESOLVED_AGREEMENT,False,3,,,,
7c37464ad6e6912e7fd7,test,일식,T6 기계변형,q_일식_09,일싣,음식점 중 '일식'을 판매·제공하는 매장,64fa5c81-017c-4822-b8a7-aa6953604a23,일출수산,,동성시장,전통시장,대구광역시,,0.0,Y,,P0_UNCERTAIN_OR_MISSING,True,,,,,
ed662c35e9a098ed5ef4,test,일식,T6 기계변형,q_일식_09,일싣,음식점 중 '일식'을 판매·제공하는 매장,8d18c9e1-f5cc-4445-a2f0-2406b5521f66,욧삐떼,일식,양정 골목형상점가,골목형상점가,울산광역시,3.0,3.0,,,RESOLVED_AGREEMENT,False,3,,,,
6c4d1d3accbf850cf900,test,일식,T6 기계변형,q_일식_09,일싣,음식점 중 '일식'을 판매·제공하는 매장,b33d1113-a41d-49f1-825a-8a8dd7812589,일품,,왕십리무학봉상점가,자율상권구역,서울특별시,,0.0,Y,,P0_UNCERTAIN_OR_MISSING,True,,,,,
6dd5cd5c7c38d777726e,test,일식,T6 기계변형,q_일식_09,일싣,음식점 중 '일식'을 판매·제공하는 매장,0004ebd2-4e64-4552-95e5-a3b62efea718,적정온도 숙성회&초밥,회초밥,장안마실골목형상점가,골목형상점가,서울특별시,3.0,3.0,,,RESOLVED_AGREEMENT,False,3,,,,
9e85a76d9d4769ae53d9,test,일식,T6 기계변형,q_일식_09,일싣,음식점 중 '일식'을 판매·제공하는 매장,9cace4fa-210f-453b-8a00-8573a6f04009,일심당,일식,쌍문역둘리상점가,자율상권구역,서울특별시,3.0,3.0,,,RESOLVED_AGREEMENT,False,3,,,,
3440d51fe68f3ff59d3d,test,일식,T6 기계변형,q_일식_09,일싣,음식점 중 '일식'을 판매·제공하는 매장,a2162bd9-845f-4970-991c-6ab5a3a3b722,일관(청주점),일식,성안길상점가,자율상권구역,충청북도,3.0,3.0,,,RESOLVED_AGREEMENT,False,3,,,,
477b50a0271a9c97b16e,test,일식,T6 기계변형,q_일식_09,일싣,음식점 중 '일식'을 판매·제공하는 매장,c1a9745c-156e-47ff-b4d8-af7d6bbf25e4,해왁,일식,사가정51길 골목형상점가,골목형상점가,서울특별시,3.0,3.0,,,RESOLVED_AGREEMENT,False,3,,,,
7a71a940c624688c7d41,test,일식,T6 기계변형,q_일식_09,일싣,음식점 중 '일식'을 판매·제공하는 매장,2b1e6ef5-2a34-48b6-ab48-cbee065a3a88,일오삼,,트윈빌 골목형상점가,골목형상점가,경기도,,0.0,Y,,P0_UNCERTAIN_OR_MISSING,True,,,,,
7b7ca576a8fb9189b0ef,test,일식,T6 기계변형,q_일식_09,일싣,음식점 중 '일식'을 판매·제공하는 매장,0225925b-3945-46cd-b995-b946a617ccfc,초밥일번지,일식,안동음식의거리 골목형상점가,골목형상점가,경상북도,3.0,3.0,,,RESOLVED_AGREEMENT,False,3,,,,
af915901cc0c9caafd5c,test,일식,T6 기계변형,q_일식_09,일싣,음식점 중 '일식'을 판매·제공하는 매장,8c558a5d-f98d-49ef-8bf8-f1505a598c1a,골드핸즈(GOLD HANDS),테라피,반드레길골목형상점가,골목형상점가,서울특별시,0.0,0.0,,,RESOLVED_AGREEMENT,False,0,,,,
d88f5b7fc6a0768b7384,test,일식,T6 기계변형,q_일식_09,일싣,음식점 중 '일식'을 판매·제공하는 매장,00ba389b-e522-4da5-ac26-2ffaf33359ec,스시노유키,초밥,산본로데오거리(구 산본중심상가),자율상권구역,경기도,3.0,3.0,,,RESOLVED_AGREEMENT,False,3,,,,
a97583962c606d6686c0,test,일식,T6 기계변형,q_일식_09,일싣,음식점 중 '일식'을 판매·제공하는 매장,8706fe86-33ba-43cf-a4a9-b231a8961b22,일렌,의류,테크노상가,전통시장,서울특별시,0.0,0.0,,,RESOLVED_AGREEMENT,False,0,,,,
2f70fbc4535066a2aa9a,test,일식,T6 기계변형,q_일식_09,일싣,음식점 중 '일식'을 판매·제공하는 매장,ca7c9d42-a0a6-4a45-b7f3-52968349ba89,일신사,,대전도매시장,전통시장,대전광역시,,0.0,Y,,P0_UNCERTAIN_OR_MISSING,True,,,,,
aa6d6d3e41c162cb6a40,test,일식,T6 기계변형,q_일식_09,일싣,음식점 중 '일식'을 판매·제공하는 매장,01cecd17-bce9-4355-af06-2ca2cee82862,돈까스에빠지다 범어점,돈까스,범어식주가무명인골목 골목형상점가,골목형상점가,대구광역시,3.0,3.0,,,RESOLVED_AGREEMENT,False,3,,,,
29e27003e52b994dbb5d,test,일식,T6 기계변형,q_일식_09,일싣,음식점 중 '일식'을 판매·제공하는 매장,ebd71dfc-00a8-4b94-b156-a031209af0be,일품,,요촌동 골목형상점가,골목형상점가,전북특별자치도,,0.0,Y,,P0_UNCERTAIN_OR_MISSING,True,,,,,
37fffd8ba44059b6ca04,test,일식,T6 기계변형,q_일식_09,일싣,음식점 중 '일식'을 판매·제공하는 매장,b361e371-0e06-4b4a-9d6c-e01a4ad69351,일미식당,일반음식,서부시장(서부재래시장),전통시장,충청남도,0.0,1.0,,,P2_GRADED_ONLY,True,,,,,
9c73795bdf2410bfbfc9,test,일식,T6 기계변형,q_일식_09,일싣,음식점 중 '일식'을 판매·제공하는 매장,01f2d713-86d5-414a-b9b9-1fdde102f589,미스타교자(상봉점),일식,상봉먹자골목형상점가,골목형상점가,서울특별시,3.0,3.0,,,RESOLVED_AGREEMENT,False,3,,,,
268abac780ff9206c672,test,일식,T6 기계변형,q_일식_09,일싣,음식점 중 '일식'을 판매·제공하는 매장,00e80339-1353-4885-81d7-0746a437abb2,포식 용인한숲시티점,쌀국수 돈까스 함박스테이크,남사한숲 골목형상점가,골목형상점가,경기도,3.0,3.0,,,RESOLVED_AGREEMENT,False,3,,,,
fde43ec299904e7ec6e9,test,일식,T6 기계변형,q_일식_09,일싣,음식점 중 '일식'을 판매·제공하는 매장,afcfbf0f-7232-4f04-8612-6aa04c209691,일류,일식,두류젊코상권,상권활성화구역,대구광역시,3.0,3.0,,,RESOLVED_AGREEMENT,False,3,,,,
ac13c0e4904d116cd716,test,일식,T6 기계변형,q_일식_09,일싣,음식점 중 '일식'을 판매·제공하는 매장,8fde781a-537a-40ac-9a4e-1216a9a32dad,유끼,일식,신월7동골목형상점가,골목형상점가,서울특별시,3.0,3.0,,,RESOLVED_AGREEMENT,False,3,,,,
99ff958ed2dc84d61cae,test,일식,T6 기계변형,q_일식_09,일싣,음식점 중 '일식'을 판매·제공하는 매장,eeff5e95-90b5-41ea-82ea-787e5e34b9c4,일오삼우리식당,일반음식,웃장,전통시장,전라남도,0.0,1.0,,,P2_GRADED_ONLY,True,,,,,
c0266c4e3a1d6efa8f94,test,일식,T6 기계변형,q_일식_09,일싣,음식점 중 '일식'을 판매·제공하는 매장,3ea158ce-b39c-458b-b0ad-3f446f5be3ee,미성한복,한복,광장시장,전통시장,서울특별시,0.0,0.0,,,RESOLVED_AGREEMENT,False,0,,,,
986a5ca63e17cbe4dfe2,test,일식,T6 기계변형,q_일식_09,일싣,음식점 중 '일식'을 판매·제공하는 매장,699c46c8-e456-4d88-b247-429934697ab9,일등청과,,호계종합시장,전통시장,경기도,0.0,0.0,,,RESOLVED_AGREEMENT,False,0,,,,
152c0a84fbe4f05ae250,test,일식,T6 기계변형,q_일식_09,일싣,음식점 중 '일식'을 판매·제공하는 매장,ea84f42a-3254-485f-80a5-b90c849cacfd,만동,일식,법리단길 골목형상점가,골목형상점가,전북특별자치도,3.0,3.0,,,RESOLVED_AGREEMENT,False,3,,,,
9228c48e69fb7b55373c,test,일식,T6 기계변형,q_일식_09,일싣,음식점 중 '일식'을 판매·제공하는 매장,d7b02b48-75de-46f5-a47e-3937c44208fa,일출당,,석교동 돌다리이음 골목형상점가,골목형상점가,대전광역시,,0.0,Y,,P0_UNCERTAIN_OR_MISSING,True,,,,,
8850d8150774ae13cfb0,test,일식,T6 기계변형,q_일식_09,일싣,음식점 중 '일식'을 판매·제공하는 매장,f65e28b3-b0a4-48e3-89d3-cd40e27ceb98,일월성,,잠실 장미종합상가 골목형상점가,골목형상점가,서울특별시,,0.0,Y,,P0_UNCERTAIN_OR_MISSING,True,,,,,
7e472f87d52f0eb4df4d,test,일식,T6 기계변형,q_일식_09,일싣,음식점 중 '일식'을 판매·제공하는 매장,9bbf9310-c01d-46b2-848e-662a7751ce7e,일상화식,일식,성수역골목형상점가,골목형상점가,서울특별시,3.0,3.0,,,RESOLVED_AGREEMENT,False,3,,,,
d9e388fb30160b9cc6f5,test,일식,T6 기계변형,q_일식_09,일싣,음식점 중 '일식'을 판매·제공하는 매장,03f7acd5-9ca2-400b-9df9-39f0d5453305,일성상회,일용잡화,월산구성로 골목형상점가,골목형상점가,광주광역시,1.0,0.0,,,P2_GRADED_ONLY,True,,,,,
9e372bb475bc88e6ba44,test,일식,T6 기계변형,q_일식_09,일싣,음식점 중 '일식'을 판매·제공하는 매장,33e5e606-8ef5-4d48-ac25-ccaae92bd43b,일렘,의류,㈜르네시떼,전통시장,부산광역시,0.0,0.0,,,RESOLVED_AGREEMENT,False,0,,,,
42039178b5923d8577d6,test,일식,T6 기계변형,q_일식_09,일싣,음식점 중 '일식'을 판매·제공하는 매장,0547b6e2-3d1e-4a4a-97c6-9b1c1344bf88,김희철 스시,,솔매사랑길 골목형상점가,골목형상점가,서울특별시,3.0,3.0,,,RESOLVED_AGREEMENT,False,3,,,,
56dc3713a03bf4ce3f76,test,일식,T6 기계변형,q_일식_09,일싣,음식점 중 '일식'을 판매·제공하는 매장,ddd95d5e-095a-44f8-96d6-fc76ff92c8cd,그때그집,한싣,양산상생하는하서로 골목형상점가,골목형상점가,광주광역시,0.0,0.0,,,RESOLVED_AGREEMENT,False,0,,,,
c64cc5bf854fb530c23e,test,일식,T6 기계변형,q_일식_09,일싣,음식점 중 '일식'을 판매·제공하는 매장,1099991c-2447-4de4-a887-850d21eacd38,마끼,일식,연서시장,전통시장,서울특별시,3.0,3.0,,,RESOLVED_AGREEMENT,False,3,,,,
13ee4568e081edfa2a76,test,일식,T6 기계변형,q_일식_09,일싣,음식점 중 '일식'을 판매·제공하는 매장,df4207e5-782c-4b8d-a687-94a0f6d8a877,엘리자베스,도매 및 소매업(액세서리 및 모조 장신구),안양일번가 지하쇼핑몰,일반지하상점가,경기도,0.0,0.0,,,RESOLVED_AGREEMENT,False,0,,,,
7d19f980e365bd400ab2,test,일식,T6 기계변형,q_일식_09,일싣,음식점 중 '일식'을 판매·제공하는 매장,530a9c60-4659-44b1-ba3e-afc0ce47c4c3,텐,일식,송탄관광특구 골목형상점가,골목형상점가,경기도,3.0,3.0,,,RESOLVED_AGREEMENT,False,3,,,,
7105313ba399dcc453de,test,일식,T6 기계변형,q_일식_09,일싣,음식점 중 '일식'을 판매·제공하는 매장,0301b45c-03ab-4413-bc68-a6bc507930ae,일식당,,혁신도시3구역 골목형상점가,골목형상점가,강원특별자치도,3.0,3.0,,,RESOLVED_AGREEMENT,False,3,,,,
9663d1aab01430b0cb62,test,일식,T6 기계변형,q_일식_09,일싣,음식점 중 '일식'을 판매·제공하는 매장,26fcf63b-90e7-4f18-aab1-436d3896658b,시네마,한싣,서원동상점가,자율상권구역,서울특별시,0.0,0.0,,,RESOLVED_AGREEMENT,False,0,,,,
9f8e7908d03c972eec27,test,일식,T6 기계변형,q_일식_09,일싣,음식점 중 '일식'을 판매·제공하는 매장,ed72d85b-17a6-4472-84ce-02d1e88b2a5c,일가,한식,가락몰골목형상점가,골목형상점가,서울특별시,1.0,1.0,,,RESOLVED_AGREEMENT,False,1,,,,
598c3ee65bfea01c0e01,test,일식,T6 기계변형,q_일식_09,일싣,음식점 중 '일식'을 판매·제공하는 매장,c1cf72e6-149a-4db7-a65a-1b43c5cca3c2,일리에또,일반한식,장자호수공원 골목형상점가,골목형상점가,경기도,1.0,1.0,,,RESOLVED_AGREEMENT,False,1,,,,
f0ce1ccd24256ae55b1a,test,일식,T6 기계변형,q_일식_09,일싣,음식점 중 '일식'을 판매·제공하는 매장,eecf2379-6c8b-4bbe-9612-ed5fe5c8d3f0,일식송수사,일식,산본로데오거리(구 산본중심상가),자율상권구역,경기도,3.0,3.0,,,RESOLVED_AGREEMENT,False,3,,,,
68ef102bf719d835bc09,test,일식,T6 기계변형,q_일식_09,일싣,음식점 중 '일식'을 판매·제공하는 매장,ba8489d5-45d9-4f15-92f0-d8a784318549,키햐아,일식,까치울역카페거리 골목형상점가,골목형상점가,경기도,3.0,3.0,,,RESOLVED_AGREEMENT,False,3,,,,
fd85fba328839bd0090a,test,일식,T6 기계변형,q_일식_09,일싣,음식점 중 '일식'을 판매·제공하는 매장,7234e0fe-2051-492b-a754-10f380afb9a3,노렌인,일식,과천스마트케이 골목형상점가,골목형상점가,경기도,3.0,3.0,,,RESOLVED_AGREEMENT,False,3,,,,
ef456682aa8f02a69084,test,일식,T6 기계변형,q_일식_09,일싣,음식점 중 '일식'을 판매·제공하는 매장,884da44e-eda4-4714-8e60-fdcd3d5ad26b,일번지,,승달 골목형상점가,골목형상점가,,,0.0,Y,,P0_UNCERTAIN_OR_MISSING,True,,,,,
d5673f5264f0672614a1,test,일식,T4 구어·문장,q_일식_10,일본 음식 먹을 곳,음식점 중 '일식'을 판매·제공하는 매장,00eefa39-8925-4ff1-8fb6-e3aa2c2b7937,아비꼬 용인보정점,일식 음식점,BOCA 보카상점가,골목형상점가,경기도,3.0,3.0,,,RESOLVED_AGREEMENT,False,3,,,,
596a59548183a9c53396,test,일식,T4 구어·문장,q_일식_10,일본 음식 먹을 곳,음식점 중 '일식'을 판매·제공하는 매장,010f4545-f41d-4183-af49-12a8a0d6a58a,먹자골막창,음식,먹자골음식문화의거리(창동먹자골상점가),자율상권구역,경기도,0.0,0.0,,,RESOLVED_AGREEMENT,False,0,,,,
500eaaef4e260d96ed49,test,일식,T4 구어·문장,q_일식_10,일본 음식 먹을 곳,음식점 중 '일식'을 판매·제공하는 매장,80f306dd-08f8-4918-acba-f75063260c33,만경,음식,남현동예술인마을골목형상점가,골목형상점가,서울특별시,0.0,0.0,,,RESOLVED_AGREEMENT,False,0,,,,
8511b615881294d4a1f5,test,일식,T4 구어·문장,q_일식_10,일본 음식 먹을 곳,음식점 중 '일식'을 판매·제공하는 매장,00e80339-1353-4885-81d7-0746a437abb2,포식 용인한숲시티점,쌀국수 돈까스 함박스테이크,남사한숲 골목형상점가,골목형상점가,경기도,3.0,3.0,,,RESOLVED_AGREEMENT,False,3,,,,
7d583e0080199339f29b,test,일식,T4 구어·문장,q_일식_10,일본 음식 먹을 곳,음식점 중 '일식'을 판매·제공하는 매장,df7235ed-5926-4d1f-a8b2-d2e969fd0232,버몬지,음식,수완나들목 골목형상점가,골목형상점가,광주광역시,0.0,0.0,,,RESOLVED_AGREEMENT,False,0,,,,
64abf27a93fc5532527d,test,일식,T4 구어·문장,q_일식_10,일본 음식 먹을 곳,음식점 중 '일식'을 판매·제공하는 매장,880b5ca4-2ec4-410b-8cd7-ff4766f97620,소청일식,음식(일본음식점업),안양아크로상가골목형상점가,골목형상점가,경기도,3.0,3.0,,,RESOLVED_AGREEMENT,False,3,,,,
53daae04c32f7e140b6e,test,일식,T4 구어·문장,q_일식_10,일본 음식 먹을 곳,음식점 중 '일식'을 판매·제공하는 매장,e8132354-9fd3-4590-b155-ce7e5e5dc50c,마콤,음식,빛가람 로데오 골목형상점가,골목형상점가,전라남도,0.0,0.0,,,RESOLVED_AGREEMENT,False,0,,,,
6739cdc224f8347e3d30,test,일식,T4 구어·문장,q_일식_10,일본 음식 먹을 곳,음식점 중 '일식'을 판매·제공하는 매장,b32452c3-a86b-4936-afae-0ba393d83333,아진,민속공예품,역전지하상가,일반지하상점가,대전광역시,0.0,0.0,,,RESOLVED_AGREEMENT,False,0,,,,
8346103b4a99227e0da7,test,일식,T4 구어·문장,q_일식_10,일본 음식 먹을 곳,음식점 중 '일식'을 판매·제공하는 매장,73edeebd-c90f-4d4e-a48c-23ef79b33f7e,먹새통,음식,전남대후문골목형상점가,골목형상점가,광주광역시,0.0,0.0,,,RESOLVED_AGREEMENT,False,0,,,,
ace6efa88b94f61d3cc8,test,일식,T4 구어·문장,q_일식_10,일본 음식 먹을 곳,음식점 중 '일식'을 판매·제공하는 매장,60089c35-33fa-4753-974b-64a3e4068946,청린,음식,반석동 골목형상점가,골목형상점가,대전광역시,0.0,0.0,,,RESOLVED_AGREEMENT,False,0,,,,
a073623d8e6ccad496e2,test,일식,T4 구어·문장,q_일식_10,일본 음식 먹을 곳,음식점 중 '일식'을 판매·제공하는 매장,a39fdf4e-2169-4244-98d5-bdda978a30fa,스시 오우시,일본 음식,남사한숲 골목형상점가,골목형상점가,경기도,3.0,3.0,,,RESOLVED_AGREEMENT,False,3,,,,
2190d5c935660fc3940c,test,일식,T4 구어·문장,q_일식_10,일본 음식 먹을 곳,음식점 중 '일식'을 판매·제공하는 매장,7e60a076-4ede-436e-95e0-5a5676112a4b,명태마을,음식,(예천)새움로 골목형상점가,골목형상점가,경상북도,0.0,0.0,,,RESOLVED_AGREEMENT,False,0,,,,
073046dbcd1cf4dd34b3,test,일식,T4 구어·문장,q_일식_10,일본 음식 먹을 곳,음식점 중 '일식'을 판매·제공하는 매장,ced15673-9eda-46ca-89e8-29a0a3bff5d7,우뎅,음식,온택트 괴정스마트 상권활성화구역,상권활성화구역,부산광역시,0.0,0.0,,,RESOLVED_AGREEMENT,False,0,,,,
52300af5edb639b03e20,test,일식,T4 구어·문장,q_일식_10,일본 음식 먹을 곳,음식점 중 '일식'을 판매·제공하는 매장,28f8ed4a-9ede-4082-8707-9cfbed4c2fda,룽고,음식,석촌시장,전통시장,서울특별시,0.0,0.0,,,RESOLVED_AGREEMENT,False,0,,,,
a90567e88db6adb8497b,test,일식,T4 구어·문장,q_일식_10,일본 음식 먹을 곳,음식점 중 '일식'을 판매·제공하는 매장,c2a05f71-c807-4c58-9fc9-a7cd1f97663b,양반고을,음식,청천시장(구 청천전통시장),전통시장,충청북도,0.0,0.0,,,RESOLVED_AGREEMENT,False,0,,,,
a8b40c0b80b6c2b782b8,test,일식,T4 구어·문장,q_일식_10,일본 음식 먹을 곳,음식점 중 '일식'을 판매·제공하는 매장,f23d7c75-037d-45aa-8cad-d7a43064b444,하루네 일본어 교실,일본어,광안리SUP샤카,골목형상점가,부산광역시,0.0,0.0,,,RESOLVED_AGREEMENT,False,0,,,,
2408c2aad609e9afaddf,test,일식,T4 구어·문장,q_일식_10,일본 음식 먹을 곳,음식점 중 '일식'을 판매·제공하는 매장,62a0dcf4-9ca6-4d5d-9d2f-16875e10c3d2,라잍,음식,단국대 앞 골목형상점가,골목형상점가,경기도,0.0,0.0,,,RESOLVED_AGREEMENT,False,0,,,,
e4ac69e33a289c3746f7,test,일식,T4 구어·문장,q_일식_10,일본 음식 먹을 곳,음식점 중 '일식'을 판매·제공하는 매장,005eb589-94b0-4a7e-b4e4-ef8cf64b0762,스시쿄다이,일식,동홍8번가 골목형상점가,골목형상점가,제주특별자치도,3.0,3.0,,,RESOLVED_AGREEMENT,False,3,,,,
92621fcb953bd6ea56e1,test,일식,T4 구어·문장,q_일식_10,일본 음식 먹을 곳,음식점 중 '일식'을 판매·제공하는 매장,b0c70551-5767-4b2b-b353-1687e213eef8,조롱박,음식,여수진남상가,자율상권구역,전라남도,0.0,0.0,,,RESOLVED_AGREEMENT,False,0,,,,
61861bf238813ca91ad5,test,일식,T4 구어·문장,q_일식_10,일본 음식 먹을 곳,음식점 중 '일식'을 판매·제공하는 매장,00ba389b-e522-4da5-ac26-2ffaf33359ec,스시노유키,초밥,산본로데오거리(구 산본중심상가),자율상권구역,경기도,3.0,3.0,,,RESOLVED_AGREEMENT,False,3,,,,
98cbd0881ece68769bd0,test,일식,T4 구어·문장,q_일식_10,일본 음식 먹을 곳,음식점 중 '일식'을 판매·제공하는 매장,0a5e3d08-7f53-492f-b552-43bace297f67,그곳,일반음식,문경시 점촌원도심 상권활성화구역,상권활성화구역,경상북도,0.0,0.0,,,RESOLVED_AGREEMENT,False,0,,,,
b8d382b2673fa435c320,test,일식,T4 구어·문장,q_일식_10,일본 음식 먹을 곳,음식점 중 '일식'을 판매·제공하는 매장,013d58c8-33f8-4dbe-95de-801d22ea9505,민영활어공장 부천자유시장점,"회, 초밥",부천자유시장,전통시장,경기도,3.0,3.0,,,RESOLVED_AGREEMENT,False,3,,,,
fe5737eed15934dd119d,test,일식,T4 구어·문장,q_일식_10,일본 음식 먹을 곳,음식점 중 '일식'을 판매·제공하는 매장,1dff8909-8919-42bb-9432-3db47774c9ed,먹고프네분식,음식,불로전통시장,전통시장,대구광역시,1.0,0.0,,,P2_GRADED_ONLY,True,,,,,
b6c0e79f97b82d3cdf95,test,일식,T4 구어·문장,q_일식_10,일본 음식 먹을 곳,음식점 중 '일식'을 판매·제공하는 매장,819a35a4-d207-4e6a-97ae-3fa50b18f853,수석분식,음식,서산동부전통시장,전통시장,충청남도,1.0,0.0,,,P2_GRADED_ONLY,True,,,,,
8d7a913fd1d45039f07c,test,일식,T4 구어·문장,q_일식_10,일본 음식 먹을 곳,음식점 중 '일식'을 판매·제공하는 매장,6e3c6379-f29b-4b32-b756-b193296a7ede,놀작꿈꾸는별미술교습소,,SK 3차 골목형상점가,골목형상점가,부산광역시,0.0,0.0,,,RESOLVED_AGREEMENT,False,0,,,,
074c8a63b2092bb7e336,test,일식,T4 구어·문장,q_일식_10,일본 음식 먹을 곳,음식점 중 '일식'을 판매·제공하는 매장,8d270d18-3a8a-418a-8ea6-eeef4deb63f3,무두,음식,보이저진월 골목형상점가,골목형상점가,광주광역시,0.0,0.0,,,RESOLVED_AGREEMENT,False,0,,,,
4f7b87e0f1a4a34aedb2,test,일식,T4 구어·문장,q_일식_10,일본 음식 먹을 곳,음식점 중 '일식'을 판매·제공하는 매장,26dce5a6-4c3c-4b92-8414-a95304c20f04,스시류,일본음식,송촌동상점가,자율상권구역,대전광역시,3.0,3.0,,,RESOLVED_AGREEMENT,False,3,,,,
b484a119364dcbaac398,test,일식,T4 구어·문장,q_일식_10,일본 음식 먹을 곳,음식점 중 '일식'을 판매·제공하는 매장,b804cf3f-f859-49e9-ac04-446dea87c7ef,먹을래싸갈래,분식,국민시장,전통시장,부산광역시,1.0,0.0,,,P2_GRADED_ONLY,True,,,,,
63a305cfe20b4a73c790,test,일식,T4 구어·문장,q_일식_10,일본 음식 먹을 곳,음식점 중 '일식'을 판매·제공하는 매장,9a76e943-e978-4ff1-853e-7e433a68e06d,송가네우거지진뼈감자탕,감자탕,말바우시장,전통시장,광주광역시,0.0,0.0,,,RESOLVED_AGREEMENT,False,0,,,,
1258b9b4655e9d218a76,test,일식,T4 구어·문장,q_일식_10,일본 음식 먹을 곳,음식점 중 '일식'을 판매·제공하는 매장,08c05fee-9db1-486f-9152-3755fe8e4ff8,투머트,음식,샤로수길골목형상점가,골목형상점가,서울특별시,0.0,0.0,,,RESOLVED_AGREEMENT,False,0,,,,
4add97f997a5d92e9ffa,test,일식,T4 구어·문장,q_일식_10,일본 음식 먹을 곳,음식점 중 '일식'을 판매·제공하는 매장,03e60ecc-402f-49e8-b1ac-cbd4f330144d,온정돈까스 천안불당점,돈까스,시청앞 골목형상점가,골목형상점가,충청남도,3.0,3.0,,,RESOLVED_AGREEMENT,False,3,,,,
336d4f8a50e468667857,test,일식,T4 구어·문장,q_일식_10,일본 음식 먹을 곳,음식점 중 '일식'을 판매·제공하는 매장,66cd8fcb-7c37-42c3-8f12-5edf16c258d1,오솥길,음식,문지동 골목형상점가,골목형상점가,대전광역시,0.0,0.0,,,RESOLVED_AGREEMENT,False,0,,,,
6b56c272aeb772aea072,test,일식,T4 구어·문장,q_일식_10,일본 음식 먹을 곳,음식점 중 '일식'을 판매·제공하는 매장,9ef96bab-5f5f-4f83-a600-e7d336653705,간절곳 튀김,음식,반송큰시장,전통시장,부산광역시,0.0,0.0,,,RESOLVED_AGREEMENT,False,0,,,,
06d3f135aee7158953fd,test,일식,T4 구어·문장,q_일식_10,일본 음식 먹을 곳,음식점 중 '일식'을 판매·제공하는 매장,2bd73b06-2040-48d7-89ff-03a2f076bc98,이자카야나루,일본음식,여주 터미널상점가,자율상권구역,경기도,3.0,3.0,,,RESOLVED_AGREEMENT,False,3,,,,
1336248b44a06edcd84e,test,일식,T4 구어·문장,q_일식_10,일본 음식 먹을 곳,음식점 중 '일식'을 판매·제공하는 매장,36b333a0-961a-44d8-a75d-410fe9199249,사케류,일본음식,봉선2로 골목형상점가,골목형상점가,광주광역시,3.0,0.0,,,P1_BINARY_THRESHOLD,True,,,,,
58f0e2bc942195ef5824,test,일식,T4 구어·문장,q_일식_10,일본 음식 먹을 곳,음식점 중 '일식'을 판매·제공하는 매장,266e3f77-7a1c-4feb-9725-8e2fb70e0979,참새초밥 구월점,일본 음식,구월도매전통시장,전통시장,인천광역시,3.0,3.0,,,RESOLVED_AGREEMENT,False,3,,,,
ae95e8cbd9b0498d2c8c,test,일식,T4 구어·문장,q_일식_10,일본 음식 먹을 곳,음식점 중 '일식'을 판매·제공하는 매장,bf5c8822-1154-42e8-9228-b6f4f633d22b,바닿,음식,태장사거리 골목형상점가,골목형상점가,경기도,0.0,0.0,,,RESOLVED_AGREEMENT,False,0,,,,
5b73c6bae919b551244d,test,일식,T4 구어·문장,q_일식_10,일본 음식 먹을 곳,음식점 중 '일식'을 판매·제공하는 매장,383c530c-422a-4534-826c-7df0f1db8024,목림,음식,강진 서성다정길 골목형 상점가,골목형상점가,전라남도,0.0,0.0,,,RESOLVED_AGREEMENT,False,0,,,,
ac5ece842b473ffc747f,test,일식,T4 구어·문장,q_일식_10,일본 음식 먹을 곳,음식점 중 '일식'을 판매·제공하는 매장,76a3551b-dae4-4326-92cc-662015aedbfb,쉴 곳,한식,칠성로상점가,자율상권구역,제주특별자치도,1.0,1.0,,,RESOLVED_AGREEMENT,False,1,,,,
feba2495c45fcaaf2466,test,일식,T4 구어·문장,q_일식_10,일본 음식 먹을 곳,음식점 중 '일식'을 판매·제공하는 매장,3ebfdc0a-b8d0-4fae-9f46-8c30c6e527ec,고탄,일본음식점,노원역9번출구 골목형상점가,골목형상점가,서울특별시,3.0,1.0,,,P1_BINARY_THRESHOLD,True,,,,,
43e2634bbc07ac723968,test,일식,T4 구어·문장,q_일식_10,일본 음식 먹을 곳,음식점 중 '일식'을 판매·제공하는 매장,0225925b-3945-46cd-b995-b946a617ccfc,초밥일번지,일식,안동음식의거리 골목형상점가,골목형상점가,경상북도,3.0,3.0,,,RESOLVED_AGREEMENT,False,3,,,,
9cc5ad7d0d8c52718d93,test,일식,T4 구어·문장,q_일식_10,일본 음식 먹을 곳,음식점 중 '일식'을 판매·제공하는 매장,7fde034b-96e4-455a-83e2-7b5692b96a17,먹을터,한식,화성행궁골목형상점가,골목형상점가,경기도,1.0,1.0,,,RESOLVED_AGREEMENT,False,1,,,,
311231ce15e007de3cc6,test,일식,T4 구어·문장,q_일식_10,일본 음식 먹을 곳,음식점 중 '일식'을 판매·제공하는 매장,876b4c57-5230-45db-8667-3f2b7c4c9cc3,어량촌,음식,부평깡시장,전통시장,인천광역시,0.0,0.0,,,RESOLVED_AGREEMENT,False,0,,,,
8080b041c13d2e9a4d97,test,일식,T4 구어·문장,q_일식_10,일본 음식 먹을 곳,음식점 중 '일식'을 판매·제공하는 매장,c111ac9d-3f3a-405c-a8db-4d127ccda9e2,행복이 있는 곳,잡화,제주로얄쇼핑센터,자율상권구역,제주특별자치도,0.0,0.0,,,RESOLVED_AGREEMENT,False,0,,,,
cc7503c9b884d3cfabcb,test,일식,T4 구어·문장,q_일식_10,일본 음식 먹을 곳,음식점 중 '일식'을 판매·제공하는 매장,04c1454c-94f9-4a74-a347-11bfad75cb82,스시대관령,일식스시,내곡동골목형상점가,골목형상점가,강원특별자치도,3.0,3.0,,,RESOLVED_AGREEMENT,False,3,,,,
c5e16d77f9d97f137c76,test,일식,T4 구어·문장,q_일식_10,일본 음식 먹을 곳,음식점 중 '일식'을 판매·제공하는 매장,0004ebd2-4e64-4552-95e5-a3b62efea718,적정온도 숙성회&초밥,회초밥,장안마실골목형상점가,골목형상점가,서울특별시,3.0,3.0,,,RESOLVED_AGREEMENT,False,3,,,,
936a8cf147b87c2f8a9b,test,일식,T4 구어·문장,q_일식_10,일본 음식 먹을 곳,음식점 중 '일식'을 판매·제공하는 매장,025255cd-6e4e-4d26-b2b7-bd18e2858548,정성카츠 화정점,일식,화정로상가상인회 골목형상점가,골목형상점가,광주광역시,3.0,3.0,,,RESOLVED_AGREEMENT,False,3,,,,
115d69bcdf504998e603,test,일식,T4 구어·문장,q_일식_10,일본 음식 먹을 곳,음식점 중 '일식'을 판매·제공하는 매장,489cc07b-dae3-4016-bc26-cfa6666423ee,대밭,음식,지산유원지 상점가,자율상권구역,광주광역시,0.0,0.0,,,RESOLVED_AGREEMENT,False,0,,,,
76aa728242fd116ca6bf,test,일식,T4 구어·문장,q_일식_10,일본 음식 먹을 곳,음식점 중 '일식'을 판매·제공하는 매장,01710a82-bb0d-4cbc-8491-708f78ce99fe,스시니쿠 후평점,,인공폭포상가,자율상권구역,강원특별자치도,3.0,3.0,,,RESOLVED_AGREEMENT,False,3,,,,
9f676e23fe189e575e81,test,일식,T4 구어·문장,q_일식_10,일본 음식 먹을 곳,음식점 중 '일식'을 판매·제공하는 매장,026b148f-ce2a-4e35-8dbb-0aaca2c31325,은화수식당,돈까스 카레 우동 기타등등,군산디오션시티 골목형상점가,골목형상점가,전북특별자치도,3.0,3.0,,,RESOLVED_AGREEMENT,False,3,,,,
a6545a345018533b6b7c,test,일식,T4 구어·문장,q_일식_10,일본 음식 먹을 곳,음식점 중 '일식'을 판매·제공하는 매장,d782f8fb-3803-42fb-b914-17b82f2c0edd,블라썸,악세서리,하남시동석바대상점가,자율상권구역,경기도,0.0,0.0,,,RESOLVED_AGREEMENT,False,0,,,,
af79620928d644de3db8,test,일식,T4 구어·문장,q_일식_10,일본 음식 먹을 곳,음식점 중 '일식'을 판매·제공하는 매장,d2d0ff05-3c0a-45e1-966b-a046c0c6df44,산쪼메 이수점,음식 일본 라멘 및 돈부리,동작구 LINK 상권활성화구역,상권활성화구역,서울특별시,0.0,3.0,,,P1_BINARY_THRESHOLD,True,,,,,
e0f9f3ef84d9c6494624,test,일식,T4 구어·문장,q_일식_10,일본 음식 먹을 곳,음식점 중 '일식'을 판매·제공하는 매장,2eedea1a-dcb3-4331-88dc-f3abbf7eb269,씨유금곡한신점,,금곡골목형상점가,자율상권구역,경기도,,0.0,Y,,P0_UNCERTAIN_OR_MISSING,True,,,,,
eaa05b06e4738d621fc2,test,일식,T4 구어·문장,q_일식_10,일본 음식 먹을 곳,음식점 중 '일식'을 판매·제공하는 매장,01afaafa-2a46-4977-8015-55762957ee7a,다래초밥,초밥,동문동 골목형상점가,골목형상점가,충청남도,3.0,3.0,,,RESOLVED_AGREEMENT,False,3,,,,
c08435bbd89bc6e4c80c,test,일식,T4 구어·문장,q_일식_10,일본 음식 먹을 곳,음식점 중 '일식'을 판매·제공하는 매장,2056c69e-64b4-4b28-8ce2-800cbcec3e25,먹을꼬얌,음식,산본로데오거리(구 산본중심상가),자율상권구역,경기도,0.0,0.0,,,RESOLVED_AGREEMENT,False,0,,,,
c5d24d362a54d2f1f818,test,일식,T4 구어·문장,q_일식_10,일본 음식 먹을 곳,음식점 중 '일식'을 판매·제공하는 매장,bb42517f-2916-42c3-bc1a-99be55867a9d,105소호 도룡점,일본 가정식,도룡상인회 골목형상점가,골목형상점가,대전광역시,0.0,0.0,,,RESOLVED_AGREEMENT,False,0,,,,
9492765a41c56338b171,test,일식,T4 구어·문장,q_일식_10,일본 음식 먹을 곳,음식점 중 '일식'을 판매·제공하는 매장,44a6827a-e703-4590-8dfa-67d6c026848c,골프존파크 쌍촌아지트점,실내스크린골프,유촌마을상인회 골목형상점가,골목형상점가,광주광역시,0.0,0.0,,,RESOLVED_AGREEMENT,False,0,,,,
9c2639a754137db3a7a0,test,일식,T4 구어·문장,q_일식_10,일본 음식 먹을 곳,음식점 중 '일식'을 판매·제공하는 매장,bc00b582-503d-4de6-8571-abc956f6d323,두덮,음식,성서계대로데오거리 골목형상점가,골목형상점가,대구광역시,0.0,0.0,,,RESOLVED_AGREEMENT,False,0,,,,
da41946e4249161ad25c,test,일식,T4 구어·문장,q_일식_10,일본 음식 먹을 곳,음식점 중 '일식'을 판매·제공하는 매장,9ce758a7-6e4d-4122-a824-defaf2e4e963,아지트,일본식음식,천안역지하상가,일반지하상점가,충청남도,0.0,0.0,,,RESOLVED_AGREEMENT,False,0,,,,
55a8618e03e77eaca136,test,일식,T4 구어·문장,q_일식_10,일본 음식 먹을 곳,음식점 중 '일식'을 판매·제공하는 매장,90376d82-87fd-4a8d-99b7-9c03ee2815b1,먹을래싸갈래,,사직거인 골목형상점가,골목형상점가,부산광역시,,0.0,Y,,P0_UNCERTAIN_OR_MISSING,True,,,,,
01a3fe5db5220e3a98d9,test,일식,T4 구어·문장,q_일식_10,일본 음식 먹을 곳,음식점 중 '일식'을 판매·제공하는 매장,3647589b-ff0d-458c-a439-0032eb947013,정담스시,일본 음식,문화로 자율상권구역,상권활성화구역,경상북도,3.0,3.0,,,RESOLVED_AGREEMENT,False,3,,,,
d006d734fa1ea0130868,test,일식,T4 구어·문장,q_일식_10,일본 음식 먹을 곳,음식점 중 '일식'을 판매·제공하는 매장,24456103-f6b8-46af-8655-82e61d7265d8,커피가 머무르는 곳,커피,반드레길골목형상점가,골목형상점가,서울특별시,0.0,0.0,,,RESOLVED_AGREEMENT,False,0,,,,
7e4db9dbe6437e517d72,test,일식,T4 구어·문장,q_일식_10,일본 음식 먹을 곳,음식점 중 '일식'을 판매·제공하는 매장,00f1a1de-5180-4857-ac9d-3d104fc8a1e0,진스시,,신구로현대어반벨리 골목형상점가,골목형상점가,서울특별시,3.0,3.0,,,RESOLVED_AGREEMENT,False,3,,,,
5a8f35b39e5aad9e9a3e,test,일식,T4 구어·문장,q_일식_10,일본 음식 먹을 곳,음식점 중 '일식'을 판매·제공하는 매장,f13771d8-eae3-42a8-aec1-127941d87cce,먹깨비,음식,신대지구상가,자율상권구역,전라남도,0.0,0.0,,,RESOLVED_AGREEMENT,False,0,,,,
02a25076412e8544685d,test,일식,T4 구어·문장,q_일식_10,일본 음식 먹을 곳,음식점 중 '일식'을 판매·제공하는 매장,41da7e6d-3cc1-4f18-9961-dc0b89fa34c3,햄스,음식,북삼로인평 골목형상점가,골목형상점가,경상북도,0.0,0.0,,,RESOLVED_AGREEMENT,False,0,,,,
d184f9575fd6c7004d2c,test,일식,T4 구어·문장,q_일식_10,일본 음식 먹을 곳,음식점 중 '일식'을 판매·제공하는 매장,0547b6e2-3d1e-4a4a-97c6-9b1c1344bf88,김희철 스시,,솔매사랑길 골목형상점가,골목형상점가,서울특별시,3.0,3.0,,,RESOLVED_AGREEMENT,False,3,,,,
08f3c7dc2167f21832cc,test,일식,T4 구어·문장,q_일식_10,일본 음식 먹을 곳,음식점 중 '일식'을 판매·제공하는 매장,01f14598-4405-408e-9fac-71db17ed6f05,동경스시,,풍무동1 골목형상점가,골목형상점가,경기도,3.0,3.0,,,RESOLVED_AGREEMENT,False,3,,,,
d0709d77c26b6c48e526,test,일식,T4 구어·문장,q_일식_10,일본 음식 먹을 곳,음식점 중 '일식'을 판매·제공하는 매장,01cecd17-bce9-4355-af06-2ca2cee82862,돈까스에빠지다 범어점,돈까스,범어식주가무명인골목 골목형상점가,골목형상점가,대구광역시,3.0,3.0,,,RESOLVED_AGREEMENT,False,3,,,,
953338ca7171a1180a9c,test,일식,T4 구어·문장,q_일식_10,일본 음식 먹을 곳,음식점 중 '일식'을 판매·제공하는 매장,dedb6e02-eafb-4f91-b0d1-32b0c41ed796,면타발,음식,동문재래시장,전통시장,제주특별자치도,0.0,0.0,,,RESOLVED_AGREEMENT,False,0,,,,
43bbbd0e599f8c38ef4a,test,일식,T4 구어·문장,q_일식_10,일본 음식 먹을 곳,음식점 중 '일식'을 판매·제공하는 매장,d9de8adb-d04e-42ab-b76a-f711aeb89036,고기파는총각들,식육,양산동 골목형상점가,골목형상점가,광주광역시,0.0,0.0,,,RESOLVED_AGREEMENT,False,0,,,,
fbb6a483b388180e3d30,test,일식,T4 구어·문장,q_일식_10,일본 음식 먹을 곳,음식점 중 '일식'을 판매·제공하는 매장,00a9b9f8-899e-46b4-ba52-086396e8d8a2,먹자먹자,음식,진부전통시장,전통시장,강원특별자치도,0.0,0.0,,,RESOLVED_AGREEMENT,False,0,,,,
eb644e003a85ff6b8d41,test,일식,T4 구어·문장,q_일식_10,일본 음식 먹을 곳,음식점 중 '일식'을 판매·제공하는 매장,905bdb4c-1e33-4308-8d54-a6303f083fd9,신짱과 후쿠마루 과천점,일본 라멘,과천제일쇼핑시장,전통시장,경기도,0.0,3.0,,,P1_BINARY_THRESHOLD,True,,,,,
7e16421c166b3de3c648,test,일식,T4 구어·문장,q_일식_10,일본 음식 먹을 곳,음식점 중 '일식'을 판매·제공하는 매장,28b432ba-78a8-440f-986f-83969dcff97f,밀박,음식,대왕암사거리 골목형상점가,골목형상점가,울산광역시,0.0,0.0,,,RESOLVED_AGREEMENT,False,0,,,,
9aed49c1ae165b5a6814,test,일식,T4 구어·문장,q_일식_10,일본 음식 먹을 곳,음식점 중 '일식'을 판매·제공하는 매장,02e18ef3-4b66-4159-96bf-759bfb98320f,카츠옹,돈까스,자양번영로골목형상점가,골목형상점가,서울특별시,3.0,3.0,,,RESOLVED_AGREEMENT,False,3,,,,
a463782fcb72784cd2a7,test,일식,T4 구어·문장,q_일식_10,일본 음식 먹을 곳,음식점 중 '일식'을 판매·제공하는 매장,d005c80e-2a75-4ec6-88d8-f62a9606403b,먹태한마리,음식,문창동 보물찾(Chat)길 골목형상점가,골목형상점가,대전광역시,0.0,0.0,,,RESOLVED_AGREEMENT,False,0,,,,
9b6c60fe2b40e4c02808,test,일식,T4 구어·문장,q_일식_10,일본 음식 먹을 곳,음식점 중 '일식'을 판매·제공하는 매장,75f09cc3-4c87-4ece-b18e-fbc84ab6bd47,한우마을,음식,송탄시장(송북시장),전통시장,경기도,0.0,0.0,,,RESOLVED_AGREEMENT,False,0,,,,
cfb99f6f44733a6fde7b,test,일식,T4 구어·문장,q_일식_10,일본 음식 먹을 곳,음식점 중 '일식'을 판매·제공하는 매장,623314f6-20d3-4848-b5be-35ae624f2f5d,회마을,음식,동대구신시장,전통시장,대구광역시,1.0,0.0,,,P2_GRADED_ONLY,True,,,,,
29e9eefa9b7d8034814f,test,일식,T4 구어·문장,q_일식_10,일본 음식 먹을 곳,음식점 중 '일식'을 판매·제공하는 매장,63991010-16dc-4c7a-be73-5f7e702f82ad,땅끝마을,음식,도화동상점가,자율상권구역,서울특별시,0.0,0.0,,,RESOLVED_AGREEMENT,False,0,,,,
65bc160fcd13d1d42367,test,일식,T4 구어·문장,q_일식_10,일본 음식 먹을 곳,음식점 중 '일식'을 판매·제공하는 매장,2743811c-5e71-4d2b-aa75-1b0147d44f2d,사우 꽃이 피는 곳,꽃,김포 풍년마을 골목형상점가,골목형상점가,경기도,0.0,0.0,,,RESOLVED_AGREEMENT,False,0,,,,
0c8620edb47c1862484b,test,일식,T4 구어·문장,q_일식_10,일본 음식 먹을 곳,음식점 중 '일식'을 판매·제공하는 매장,1c1b64c6-3c93-49f2-b4f0-198c608c4275,녹매,음식,원당 중앙로 골목형상점가,골목형상점가,인천광역시,0.0,0.0,,,RESOLVED_AGREEMENT,False,0,,,,
86888e6bee6bda4bcfb2,test,일식,T4 구어·문장,q_일식_10,일본 음식 먹을 곳,음식점 중 '일식'을 판매·제공하는 매장,00fcc68d-3086-4b45-b998-f3763e8dbf7d,꼬치마요 산본역점(9호점),일식,산본로데오거리(구 산본중심상가),자율상권구역,경기도,3.0,3.0,,,RESOLVED_AGREEMENT,False,3,,,,
a6ee61b0652c4753a926,test,일식,T4 구어·문장,q_일식_10,일본 음식 먹을 곳,음식점 중 '일식'을 판매·제공하는 매장,eab05aae-7c2a-4632-80f7-6cdbbeae9b3f,먹거리식당,음식,창원 봉곡프라자상가,전통시장,경상남도,0.0,1.0,,,P2_GRADED_ONLY,True,,,,,
e5b568eaa792ffe712f2,test,일식,T4 구어·문장,q_일식_10,일본 음식 먹을 곳,음식점 중 '일식'을 판매·제공하는 매장,11f9d616-bca0-4c02-a908-51fda68c7414,갯뻘,음식,원당 중앙로 골목형상점가,골목형상점가,인천광역시,0.0,0.0,,,RESOLVED_AGREEMENT,False,0,,,,
db6ffae9fb324988ede2,test,일식,T4 구어·문장,q_일식_10,일본 음식 먹을 곳,음식점 중 '일식'을 판매·제공하는 매장,00dfe7e1-6daa-4586-9146-ec927a443d02,오늘애초밥,,포항죽도농산물시장,전통시장,경상북도,3.0,3.0,,,RESOLVED_AGREEMENT,False,3,,,,
bb9d59f8be50c1a889ff,test,일식,T4 구어·문장,q_일식_10,일본 음식 먹을 곳,음식점 중 '일식'을 판매·제공하는 매장,81e51282-8b39-4a71-9f11-208a6e2b558b,서요,음식,인동로데오상가,골목형상점가,경상북도,0.0,0.0,,,RESOLVED_AGREEMENT,False,0,,,,
eae035c0e89d05672221,test,일식,T4 구어·문장,q_일식_10,일본 음식 먹을 곳,음식점 중 '일식'을 판매·제공하는 매장,56378130-a5fb-4d82-ab47-83e7941afda3,해육반,음식,첨단시리단길,골목형상점가,광주광역시,0.0,0.0,,,RESOLVED_AGREEMENT,False,0,,,,
4d0d8db92b7bb9649d9f,test,일식,T4 구어·문장,q_일식_10,일본 음식 먹을 곳,음식점 중 '일식'을 판매·제공하는 매장,0cc3f2cc-eff5-4f10-91c7-4bc0e1cc4bdb,먹거리국수,음식,부전농수산물새벽시장,전통시장,부산광역시,0.0,0.0,,,RESOLVED_AGREEMENT,False,0,,,,
f99c5614b3ac54dae217,test,일식,T4 구어·문장,q_일식_10,일본 음식 먹을 곳,음식점 중 '일식'을 판매·제공하는 매장,7e8b8f01-ebbe-43ab-99d1-814ecae527f7,대준분식,음식,속초종합중앙시장,전통시장,강원특별자치도,1.0,0.0,,,P2_GRADED_ONLY,True,,,,,
3ae39f8e2caef615d3c2,test,일식,T4 구어·문장,q_일식_10,일본 음식 먹을 곳,음식점 중 '일식'을 판매·제공하는 매장,01f2d713-86d5-414a-b9b9-1fdde102f589,미스타교자(상봉점),일식,상봉먹자골목형상점가,골목형상점가,서울특별시,3.0,3.0,,,RESOLVED_AGREEMENT,False,3,,,,
0faa32975757bd083e2d,test,일식,T4 구어·문장,q_일식_10,일본 음식 먹을 곳,음식점 중 '일식'을 판매·제공하는 매장,53690773-065a-4613-8ca5-852f9d51fbcf,일본명품,의류,구로시장,전통시장,서울특별시,0.0,0.0,,,RESOLVED_AGREEMENT,False,0,,,,
7500e85ff53c95a02f3e,test,일식,T4 구어·문장,q_일식_10,일본 음식 먹을 곳,음식점 중 '일식'을 판매·제공하는 매장,ed76f49e-1811-4f02-b04d-3942869dc92b,레썽스,음식,어울림마당 골목형상점가,골목형상점가,부산광역시,0.0,0.0,,,RESOLVED_AGREEMENT,False,0,,,,
01c7cb53b6d3bf3097b0,test,일식,T4 구어·문장,q_일식_10,일본 음식 먹을 곳,음식점 중 '일식'을 판매·제공하는 매장,ec241a1e-7872-4b36-85b1-6bda2d936668,나츠,음식,(예천)새움로 골목형상점가,골목형상점가,경상북도,0.0,0.0,,,RESOLVED_AGREEMENT,False,0,,,,
33022db938a05056a83b,test,일식,T4 구어·문장,q_일식_10,일본 음식 먹을 곳,음식점 중 '일식'을 판매·제공하는 매장,26f21953-7e16-4ad9-9d9d-cc26c532dc9d,먹돌이,음식,㈜르네시떼,전통시장,부산광역시,0.0,0.0,,,RESOLVED_AGREEMENT,False,0,,,,
a3f333384fb6e0f57131,test,일식,T4 구어·문장,q_일식_10,일본 음식 먹을 곳,음식점 중 '일식'을 판매·제공하는 매장,60da9db2-7498-4ede-a415-d66834f48dfe,먹거리장터,음식,무안전통시장,전통시장,전라남도,0.0,0.0,,,RESOLVED_AGREEMENT,False,0,,,,
45db1f5489119ebe1851,test,일식,T4 구어·문장,q_일식_10,일본 음식 먹을 곳,음식점 중 '일식'을 판매·제공하는 매장,93b7d535-b315-427d-9142-fc27a422ca73,김밥마을,음식,거제 읍내시장,전통시장,경상남도,0.0,0.0,,,RESOLVED_AGREEMENT,False,0,,,,
f8434dfd088a4436b2d1,test,일식,T4 구어·문장,q_일식_10,일본 음식 먹을 곳,음식점 중 '일식'을 판매·제공하는 매장,e3b134bc-8276-4ed6-b360-0b6f65883763,산오징어바지락칼국수,칼국수,홍리단길 먹자 골목형상점가,골목형상점가,전북특별자치도,0.0,0.0,,,RESOLVED_AGREEMENT,False,0,,,,
cb4f7317d3ca3eecc547,test,일식,T4 구어·문장,q_일식_10,일본 음식 먹을 곳,음식점 중 '일식'을 판매·제공하는 매장,b5cf4f56-b047-4c34-89ce-93ed8c5009b0,홍어마을,음식,신중동문화거리상점가,자율상권구역,경기도,0.0,0.0,,,RESOLVED_AGREEMENT,False,0,,,,
fcccfbbb451889e26e56,test,종교용품,T3 개념확장,q_종교용품_01,불교용품,문화·여가 중 '종교용품'을 판매·제공하는 매장,c4f07b09-9ae9-4a85-a17d-7ece1af7eeed,다모아불교,불교용품,강진읍 상권활성화구역,상권활성화구역,전라남도,3.0,3.0,,,RESOLVED_AGREEMENT,False,3,,,,
e171466625665e742b0c,test,종교용품,T3 개념확장,q_종교용품_01,불교용품,문화·여가 중 '종교용품'을 판매·제공하는 매장,e0ff6193-7119-4859-acdc-1ace4c8d66d2,천안불교상회,불교용품,천안중앙시장,전통시장,충청남도,3.0,3.0,,,RESOLVED_AGREEMENT,False,3,,,,
5fd2a36489968f81cca7,test,종교용품,T3 개념확장,q_종교용품_01,불교용품,문화·여가 중 '종교용품'을 판매·제공하는 매장,cf14c432-b278-4c40-85ea-cba6a71a041c,금조원,불교용품,진주 청과시장,전통시장,경상남도,3.0,3.0,,,RESOLVED_AGREEMENT,False,3,,,,
fb8966b49c7e1ccd6156,test,종교용품,T3 개념확장,q_종교용품_01,불교용품,문화·여가 중 '종교용품'을 판매·제공하는 매장,5542d596-633a-4049-a64a-2c36e34d27e1,불교서원,불교용품,전남여고후문 골목형상점가,골목형상점가,광주광역시,3.0,3.0,,,RESOLVED_AGREEMENT,False,3,,,,
b7aa5bad93cbdd5723fb,test,종교용품,T3 개념확장,q_종교용품_01,불교용품,문화·여가 중 '종교용품'을 판매·제공하는 매장,321aaa10-5e79-4371-8ad2-d08b3d410dba,해음공방&불교용품,불교용품,예천상설시장,전통시장,경상북도,3.0,3.0,,,RESOLVED_AGREEMENT,False,3,,,,
02a20e5e6fad81d250f1,test,종교용품,T3 개념확장,q_종교용품_01,불교용품,문화·여가 중 '종교용품'을 판매·제공하는 매장,199ad23a-1e64-476c-9f47-155a2fbe580a,중앙불교사,불교용품,옥골시장,전통시장,울산광역시,3.0,3.0,,,RESOLVED_AGREEMENT,False,3,,,,
ee991ec9f6cc24b9d14a,test,종교용품,T3 개념확장,q_종교용품_01,불교용품,문화·여가 중 '종교용품'을 판매·제공하는 매장,7b3c73c1-09d2-4cc6-9e05-4319bd7ef1ea,중앙불교,불교용품,중앙상가시장,전통시장,대전광역시,3.0,3.0,,,RESOLVED_AGREEMENT,False,3,,,,
b2c3507010600cc20962,test,종교용품,T3 개념확장,q_종교용품_01,불교용품,문화·여가 중 '종교용품'을 판매·제공하는 매장,d20a14e0-57e8-44af-8c56-0a379731a86b,영남불교사,불교용품,진주 새서부시장,전통시장,경상남도,3.0,3.0,,,RESOLVED_AGREEMENT,False,3,,,,
5d26a6fb11ce61084606,test,종교용품,T3 개념확장,q_종교용품_01,불교용품,문화·여가 중 '종교용품'을 판매·제공하는 매장,ba13a74a-6434-41f5-a47f-2f670018a5ea,고탁상회,불교용품,봉덕신시장,전통시장,대구광역시,3.0,3.0,,,RESOLVED_AGREEMENT,False,3,,,,
a317ea3ac3c01dfd2861,test,종교용품,T3 개념확장,q_종교용품_01,불교용품,문화·여가 중 '종교용품'을 판매·제공하는 매장,3414150b-c475-475f-bda3-59e0bf583500,광주불교사,불교용품,병무청인근 골목형상점가,골목형상점가,광주광역시,3.0,3.0,,,RESOLVED_AGREEMENT,False,3,,,,
3dba237572c043c54e87,test,종교용품,T3 개념확장,q_종교용품_01,불교용품,문화·여가 중 '종교용품'을 판매·제공하는 매장,0b359bf6-53ac-4d57-8399-237ade293156,성원불교,불교용품,용인중앙시장,전통시장,경기도,3.0,3.0,,,RESOLVED_AGREEMENT,False,3,,,,
56f5155360db9c51ca2b,test,종교용품,T3 개념확장,q_종교용품_01,불교용품,문화·여가 중 '종교용품'을 판매·제공하는 매장,f5d1a88a-aaeb-4f24-8ef8-a61ac43eb50d,여주상회,불교용품,황지자유시장,전통시장,강원특별자치도,3.0,3.0,,,RESOLVED_AGREEMENT,False,3,,,,
f63fa67c6256fd706858,test,종교용품,T3 개념확장,q_종교용품_01,불교용품,문화·여가 중 '종교용품'을 판매·제공하는 매장,d9acd662-e781-47de-b1de-ff92515b28a1,하남불교용품,불교용품,달아실 골목형상점가,골목형상점가,광주광역시,3.0,3.0,,,RESOLVED_AGREEMENT,False,3,,,,
579a34fa5ebe6146e4a3,test,종교용품,T3 개념확장,q_종교용품_01,불교용품,문화·여가 중 '종교용품'을 판매·제공하는 매장,e3d4f983-64c1-4900-8663-5f82356a5548,중앙불교사,불교용품,강릉중앙시장,전통시장,강원특별자치도,3.0,3.0,,,RESOLVED_AGREEMENT,False,3,,,,
e5ae7c08d8b46eb53773,test,종교용품,T3 개념확장,q_종교용품_01,불교용품,문화·여가 중 '종교용품'을 판매·제공하는 매장,a3573ef3-da04-48f0-ae61-99893cf33a9f,삼보불교사,불교용품 서적,안동광석거리 골목형상점가,골목형상점가,경상북도,3.0,3.0,,,RESOLVED_AGREEMENT,False,3,,,,
669063d11c2ad878650e,test,종교용품,T3 개념확장,q_종교용품_01,불교용품,문화·여가 중 '종교용품'을 판매·제공하는 매장,09f09c25-a125-40c1-bacc-47a96cae0bf0,즐거운마트,마트,법동시장,전통시장,대전광역시,1.0,0.0,,,P2_GRADED_ONLY,True,,,,,
63c77ee9f9497006cd9c,test,종교용품,T3 개념확장,q_종교용품_01,불교용품,문화·여가 중 '종교용품'을 판매·제공하는 매장,7ae40be4-dd27-4713-92d0-3568354a1045,해원당,불교용품,전평제상인회 골목형상점가,골목형상점가,광주광역시,3.0,3.0,,,RESOLVED_AGREEMENT,False,3,,,,
f3d0e1a560d9efbb1e15,test,종교용품,T3 개념확장,q_종교용품_01,불교용품,문화·여가 중 '종교용품'을 판매·제공하는 매장,4ae07c15-a5f7-47bf-8bef-ba7737d74287,천관 불교용품점,불교용품,풍향골 골목형상점가,골목형상점가,광주광역시,3.0,3.0,,,RESOLVED_AGREEMENT,False,3,,,,
4532f7767c4c3cf4988e,test,종교용품,T3 개념확장,q_종교용품_01,불교용품,문화·여가 중 '종교용품'을 판매·제공하는 매장,236dd5d8-b075-4149-8646-971204111678,관음불교전시관,불교용품,안동광석거리 골목형상점가,골목형상점가,경상북도,3.0,3.0,,,RESOLVED_AGREEMENT,False,3,,,,
8ee13cfd9e041a691902,test,종교용품,T3 개념확장,q_종교용품_01,불교용품,문화·여가 중 '종교용품'을 판매·제공하는 매장,03b1479f-19ea-4f3c-9c5a-d6a062753699,성불당 불교용품점,불교용품 및 종교용품,양동산업용품시장,전통시장,광주광역시,3.0,3.0,,,RESOLVED_AGREEMENT,False,3,,,,
322ccea0e211613cd6ce,test,종교용품,T3 개념확장,q_종교용품_01,불교용품,문화·여가 중 '종교용품'을 판매·제공하는 매장,02277aa5-a24f-4e92-a78b-27ede7298a87,현대만물,불교용품,송림골 골목형상점가,골목형상점가,인천광역시,3.0,3.0,,,RESOLVED_AGREEMENT,False,3,,,,
477e2560b375344c0155,test,종교용품,T3 개념확장,q_종교용품_01,불교용품,문화·여가 중 '종교용품'을 판매·제공하는 매장,1580e7d9-1121-4a47-8350-85c36ac912a3,성불사,불교용품,봉덕신시장,전통시장,대구광역시,3.0,3.0,,,RESOLVED_AGREEMENT,False,3,,,,
2eca084ba6fdd13b3e82,test,종교용품,T3 개념확장,q_종교용품_01,불교용품,문화·여가 중 '종교용품'을 판매·제공하는 매장,87abd4ed-e70e-4b0d-b6f0-9f492febc29b,대성사,불교용품,동산상가,전통시장,대구광역시,3.0,3.0,,,RESOLVED_AGREEMENT,False,3,,,,
c0920be723ddd42ff7b5,test,종교용품,T3 개념확장,q_종교용품_01,불교용품,문화·여가 중 '종교용품'을 판매·제공하는 매장,8aead1f9-7f7f-41d8-a153-19bcfc5c3881,하동불교사,불교용품,하동공설시장,전통시장,경상남도,3.0,3.0,,,RESOLVED_AGREEMENT,False,3,,,,
bb860f7c0974c0dd2bb8,test,종교용품,T3 개념확장,q_종교용품_01,불교용품,문화·여가 중 '종교용품'을 판매·제공하는 매장,9cf99a1c-284d-4b4a-8a8a-c810fb29ef10,지에스25 유성마젤란,공산품,봉명동우산거리 골목형상점가,골목형상점가,대전광역시,0.0,0.0,,,RESOLVED_AGREEMENT,False,0,,,,
81f1130c12da79827562,test,종교용품,T3 개념확장,q_종교용품_01,불교용품,문화·여가 중 '종교용품'을 판매·제공하는 매장,003d5df8-0856-45e0-a11e-5098cf70541e,앨리스리본&공방,"공방, 잡화",봉화내성시장,전통시장,경상북도,1.0,1.0,,,RESOLVED_AGREEMENT,False,1,,,,
bf213ec86b3da3373aba,test,종교용품,T3 개념확장,q_종교용품_01,불교용품,문화·여가 중 '종교용품'을 판매·제공하는 매장,00242042-f371-486a-a1fc-b85de093edbf,슈올즈 이천점,"신발, 잡화",장터거리시장 골목형상점가,골목형상점가,경기도,1.0,1.0,,,RESOLVED_AGREEMENT,False,1,,,,
7bbd0556affc83545009,test,종교용품,T3 개념확장,q_종교용품_01,불교용품,문화·여가 중 '종교용품'을 판매·제공하는 매장,8aac54fb-551c-4394-a4d7-8f644a3bf003,영신당,불교용품,병무청인근 골목형상점가,골목형상점가,광주광역시,3.0,3.0,,,RESOLVED_AGREEMENT,False,3,,,,
acca57e7661f756e07f9,test,종교용품,T3 개념확장,q_종교용품_01,불교용품,문화·여가 중 '종교용품'을 판매·제공하는 매장,693dd5bf-72f9-4420-9619-c03025fb92d8,금성상회,불교용품,양동시장,전통시장,광주광역시,3.0,3.0,,,RESOLVED_AGREEMENT,False,3,,,,
e36d75329efbf3480a4c,test,종교용품,T3 개념확장,q_종교용품_01,불교용품,문화·여가 중 '종교용품'을 판매·제공하는 매장,7b28880f-6056-4b11-b7b9-c04547b806ba,관음불교사,불교용품,평택통복시장,전통시장,경기도,3.0,3.0,,,RESOLVED_AGREEMENT,False,3,,,,
a681e014569dcba15c93,test,종교용품,T3 개념확장,q_종교용품_01,불교용품,문화·여가 중 '종교용품'을 판매·제공하는 매장,9d5db2e9-3856-4a1d-9edc-932db1ef9309,제일불교마트,불교용품,부평종합시장,전통시장,인천광역시,3.0,3.0,,,RESOLVED_AGREEMENT,False,3,,,,
6912839054cd5d067138,test,종교용품,T3 개념확장,q_종교용품_01,불교용품,문화·여가 중 '종교용품'을 판매·제공하는 매장,db1bd2fc-d535-444c-9045-4dbc80c6e368,부창불교상회,불교용품,마산 부림시장,전통시장,경상남도,3.0,3.0,,,RESOLVED_AGREEMENT,False,3,,,,
108eb0df50b5f4eb8ac3,test,종교용품,T3 개념확장,q_종교용품_01,불교용품,문화·여가 중 '종교용품'을 판매·제공하는 매장,824031ff-0b96-4686-bdff-661a2da4bf5a,춘향불교만물상,불교용품,두암초주변 골목형상점가,골목형상점가,광주광역시,3.0,3.0,,,RESOLVED_AGREEMENT,False,3,,,,
52f6061a5a12143ef875,test,종교용품,T3 개념확장,q_종교용품_01,불교용품,문화·여가 중 '종교용품'을 판매·제공하는 매장,e4f17f3a-9152-4988-9c36-e11fdebbcffb,소원불교사,불교용품,사천 삼천포종합시장,전통시장,경상남도,3.0,3.0,,,RESOLVED_AGREEMENT,False,3,,,,
9352f2f761b1927aabe8,test,종교용품,T3 개념확장,q_종교용품_01,불교용품,문화·여가 중 '종교용품'을 판매·제공하는 매장,79447138-57ed-41e8-9732-06549a50b4b1,대원불교용품,불교용품,두암2동 골목형상점가,골목형상점가,광주광역시,3.0,3.0,,,RESOLVED_AGREEMENT,False,3,,,,
90c1fb86a229e82cf525,test,종교용품,T3 개념확장,q_종교용품_01,불교용품,문화·여가 중 '종교용품'을 판매·제공하는 매장,e270d36d-b39f-4bfe-a34a-b478703a73a8,가야불교사,불교용품,도마큰시장,전통시장,대전광역시,3.0,3.0,,,RESOLVED_AGREEMENT,False,3,,,,
362f9b5f60b2cd659ea0,test,종교용품,T3 개념확장,q_종교용품_01,불교용품,문화·여가 중 '종교용품'을 판매·제공하는 매장,06a19257-347a-407e-a76e-2a148a053dd6,주식회사 성보유통,마트,안산다농마트전통시장,전통시장,경기도,1.0,0.0,,,P2_GRADED_ONLY,True,,,,,
52005a9f044bdf204a5d,test,종교용품,T3 개념확장,q_종교용품_01,불교용품,문화·여가 중 '종교용품'을 판매·제공하는 매장,95455334-b24f-4d04-8339-72395d921c70,서부참좋은한의원,한의원,서부시장상점가(서부시장 통합),전통시장,전북특별자치도,0.0,0.0,,,RESOLVED_AGREEMENT,False,0,,,,
44d6c97fc2ff4576dd0b,test,종교용품,T3 개념확장,q_종교용품_01,불교용품,문화·여가 중 '종교용품'을 판매·제공하는 매장,0afb1f69-f709-4fcc-ad15-da7928ee8639,주식회사 장원(대하마트),마트,이중섭거리 명동로상가,골목형상점가,제주특별자치도,1.0,0.0,,,P2_GRADED_ONLY,True,,,,,
7300371a3fe835f7e651,test,종교용품,T3 개념확장,q_종교용품_01,불교용품,문화·여가 중 '종교용품'을 판매·제공하는 매장,3fcc3d8d-af9d-401b-b6c2-fd057f5f06de,삼양종합식품,"식품, 잡화",충주자유시장,전통시장,충청북도,1.0,1.0,,,RESOLVED_AGREEMENT,False,1,,,,
1e43c16069279cf84a29,test,종교용품,T3 개념확장,q_종교용품_01,불교용품,문화·여가 중 '종교용품'을 판매·제공하는 매장,0c2c2ca0-e8c5-40bf-bc2a-a3b2d7e7f0b8,관광마트,마트,신진항 골목형상점가,골목형상점가,충청남도,1.0,0.0,,,P2_GRADED_ONLY,True,,,,,
76695d3c811e6eb87203,test,종교용품,T3 개념확장,q_종교용품_01,불교용품,문화·여가 중 '종교용품'을 판매·제공하는 매장,c33f35c4-0784-4ac8-8777-20589099528a,내장불교사,불교용품,정읍샘고을시장,전통시장,전북특별자치도,3.0,3.0,,,RESOLVED_AGREEMENT,False,3,,,,
1e3b86a559508311d4f3,test,종교용품,T3 개념확장,q_종교용품_01,불교용품,문화·여가 중 '종교용품'을 판매·제공하는 매장,001bacc9-5a95-4049-babd-6691512d8da0,백두사,잡화,장량성도시장,전통시장,경상북도,1.0,1.0,,,RESOLVED_AGREEMENT,False,1,,,,
7664bdf8cbbffd4ce090,test,종교용품,T3 개념확장,q_종교용품_01,불교용품,문화·여가 중 '종교용품'을 판매·제공하는 매장,bd209edd-4de0-4f09-abaf-2cadb2297b53,영도불교종합전시장,불교용품,남항시장,전통시장,부산광역시,3.0,3.0,,,RESOLVED_AGREEMENT,False,3,,,,
7f55064cd762c439f2bb,test,종교용품,T3 개념확장,q_종교용품_01,불교용품,문화·여가 중 '종교용품'을 판매·제공하는 매장,554981a9-c2f6-43e4-833b-efec9ca0b3f1,중앙마트반찬,반찬,대림중앙시장,전통시장,서울특별시,1.0,0.0,,,P2_GRADED_ONLY,True,,,,,
d73b26e53171fcbaba6a,test,종교용품,T3 개념확장,q_종교용품_01,불교용품,문화·여가 중 '종교용품'을 판매·제공하는 매장,87369dbd-d178-431e-a2da-f91b050f3ece,종합만울,불교용품,남부종합시장,전통시장,인천광역시,3.0,3.0,,,RESOLVED_AGREEMENT,False,3,,,,
72421abf5366cf19aeab,test,종교용품,T3 개념확장,q_종교용품_01,불교용품,문화·여가 중 '종교용품'을 판매·제공하는 매장,7e047713-9f6c-4225-843a-e75936d41f7c,세명불교사,불교용품,㈜신정시장,전통시장,울산광역시,3.0,3.0,,,RESOLVED_AGREEMENT,False,3,,,,
4f9573c4ee96b02c1a73,test,종교용품,T3 개념확장,q_종교용품_01,불교용품,문화·여가 중 '종교용품'을 판매·제공하는 매장,562cc800-bd40-4c2f-9344-10540bff518e,동양해물,수산물,용산용문시장,전통시장,서울특별시,0.0,0.0,,,RESOLVED_AGREEMENT,False,0,,,,
18674d239ae99addf4a4,test,종교용품,T3 개념확장,q_종교용품_01,불교용품,문화·여가 중 '종교용품'을 판매·제공하는 매장,95fe801d-f989-45b4-9506-f83406e80da2,광불만물사,불교용품,청주북부시장,전통시장,충청북도,3.0,3.0,,,RESOLVED_AGREEMENT,False,3,,,,
aa94babe9ba1ad9cff1b,test,종교용품,T3 개념확장,q_종교용품_01,불교용품,문화·여가 중 '종교용품'을 판매·제공하는 매장,30d02da2-3f4f-48f1-bcc2-5b6067d44088,대원불교사,불교용품,장천동상가,자율상권구역,전라남도,3.0,3.0,,,RESOLVED_AGREEMENT,False,3,,,,
523ce468aefc0a7627d0,test,종교용품,T3 개념확장,q_종교용품_01,불교용품,문화·여가 중 '종교용품'을 판매·제공하는 매장,0054b824-eb72-4efa-a1ba-40d467c899a5,수정상회,잡화,중앙전통시장,전통시장,울산광역시,1.0,1.0,,,RESOLVED_AGREEMENT,False,1,,,,
df51280368ba26a09dd5,test,종교용품,T3 개념확장,q_종교용품_01,불교용품,문화·여가 중 '종교용품'을 판매·제공하는 매장,a2d9f959-9978-4797-ae6e-52deb0ccd3fd,봉황사,불교용품 서적,서대구시장,전통시장,대구광역시,3.0,3.0,,,RESOLVED_AGREEMENT,False,3,,,,
735d025736b4cc2652d6,test,종교용품,T3 개념확장,q_종교용품_01,불교용품,문화·여가 중 '종교용품'을 판매·제공하는 매장,003747e4-8102-4296-bfdf-b7ca7c1f83fa,평화잡화,잡화,부산평화시장,전통시장,부산광역시,1.0,1.0,,,RESOLVED_AGREEMENT,False,1,,,,
86571cdc9a11a72cad26,test,종교용품,T3 개념확장,q_종교용품_01,불교용품,문화·여가 중 '종교용품'을 판매·제공하는 매장,da642442-734a-4e64-b5f4-b0997f7c7482,로얄뷰티갤러리,불교용품,제주로얄쇼핑센터,자율상권구역,제주특별자치도,3.0,3.0,,,RESOLVED_AGREEMENT,False,3,,,,
7758ef365d6029bbe85b,test,종교용품,T3 개념확장,q_종교용품_01,불교용품,문화·여가 중 '종교용품'을 판매·제공하는 매장,d1e0b703-1167-4e03-b58a-39820804d30f,봉성만물상,불교용품,금촌문화로시장,전통시장,경기도,3.0,3.0,,,RESOLVED_AGREEMENT,False,3,,,,
b93b1c98f73add64c5d1,test,종교용품,T3 개념확장,q_종교용품_01,불교용품,문화·여가 중 '종교용품'을 판매·제공하는 매장,7d01b1ae-c27d-4dda-8bfa-215f22702b4c,동양불교,불교용품,남원공설시장,전통시장,전북특별자치도,3.0,3.0,,,RESOLVED_AGREEMENT,False,3,,,,
e27bb075d63a3e8bb81e,test,종교용품,T3 개념확장,q_종교용품_01,불교용품,문화·여가 중 '종교용품'을 판매·제공하는 매장,0ae965c8-0423-4971-af91-5fbd7b36ff4d,90리퍼브,마트,지중해마을 골목형상점가,골목형상점가,충청남도,1.0,0.0,,,P2_GRADED_ONLY,True,,,,,
4728977c995ac3c511bc,test,종교용품,T3 개념확장,q_종교용품_01,불교용품,문화·여가 중 '종교용품'을 판매·제공하는 매장,4ed3bf76-b8d5-4c5e-8110-3e9d2ece2893,호노룰루,커피,안강공설시장,전통시장,경상북도,0.0,0.0,,,RESOLVED_AGREEMENT,False,0,,,,
d3781d7127eecf594089,test,종교용품,T3 개념확장,q_종교용품_01,불교용품,문화·여가 중 '종교용품'을 판매·제공하는 매장,bc5f4d86-a90c-4d06-a3ac-389f386b7015,풍지인삼농협팔달점,"홍삼, 인삼",팔달신시장,전통시장,대구광역시,0.0,0.0,,,RESOLVED_AGREEMENT,False,0,,,,
6b56f2669b1fca75c35a,test,종교용품,T3 개념확장,q_종교용품_01,불교용품,문화·여가 중 '종교용품'을 판매·제공하는 매장,c4e7095f-2288-4ae0-aa1f-f7e6270639ad,영남유기,불교용품,충주자유시장,전통시장,충청북도,3.0,3.0,,,RESOLVED_AGREEMENT,False,3,,,,
0a20f5c0378b0e44fbc3,test,종교용품,T3 개념확장,q_종교용품_01,불교용품,문화·여가 중 '종교용품'을 판매·제공하는 매장,91b71194-274e-4335-8b48-a56f7b42d12a,관음불교사,불교용품,동쪽바다중앙시장(구 동해중앙시장),전통시장,강원특별자치도,3.0,3.0,,,RESOLVED_AGREEMENT,False,3,,,,
8de4e6c7163c891dfa09,test,종교용품,T3 개념확장,q_종교용품_01,불교용품,문화·여가 중 '종교용품'을 판매·제공하는 매장,818d0a5e-84f4-4679-b1f6-54153b962535,대림만물,"건어물, 불교용품",황지자유시장,전통시장,강원특별자치도,3.0,3.0,,,RESOLVED_AGREEMENT,False,3,,,,
fa2e69a37ec3a1758bc7,test,종교용품,T3 개념확장,q_종교용품_01,불교용품,문화·여가 중 '종교용품'을 판매·제공하는 매장,ec34a4d2-41e1-44d2-a6f1-03bd985b35a5,나영만물,불교용품,신장전통시장,전통시장,경기도,3.0,3.0,,,RESOLVED_AGREEMENT,False,3,,,,
6a3991a5036ddb3a7394,test,종교용품,T3 개념확장,q_종교용품_01,불교용품,문화·여가 중 '종교용품'을 판매·제공하는 매장,b216f60b-10ff-47d7-88ea-cdaddb60a730,운성불교,"농산물, 불교용품",문창시장,전통시장,대전광역시,3.0,3.0,,,RESOLVED_AGREEMENT,False,3,,,,
66537e0f6224437a4b2a,test,종교용품,T3 개념확장,q_종교용품_01,불교용품,문화·여가 중 '종교용품'을 판매·제공하는 매장,6ca558b1-87ec-4bcf-834a-6473a84f905b,해동불교,불교용품,칠성시장,전통시장,대구광역시,3.0,3.0,,,RESOLVED_AGREEMENT,False,3,,,,
3b23a7d2a39d433affa2,test,종교용품,T3 개념확장,q_종교용품_01,불교용품,문화·여가 중 '종교용품'을 판매·제공하는 매장,75bd8845-df9b-4f47-9724-95402a105c2e,광진상회,도소매(의류),평화시장,전통시장,서울특별시,0.0,0.0,,,RESOLVED_AGREEMENT,False,0,,,,
462dc3351f2d468be04d,test,종교용품,T4 구어·문장,q_종교용품_02,제사용품 사는 곳,문화·여가 중 '종교용품'을 판매·제공하는 매장,e3dc5845-44c3-4396-98e8-01164cf2aa70,제이에스스포츠,운동용품 시설사용중개,전주중산공원 골목형상점가,골목형상점가,전북특별자치도,0.0,0.0,,,RESOLVED_AGREEMENT,False,0,,,,
0a619681892449170af4,test,종교용품,T4 구어·문장,q_종교용품_02,제사용품 사는 곳,문화·여가 중 '종교용품'을 판매·제공하는 매장,74ce261f-f866-4789-b693-71562c080d7f,녹두빈대떡,"제사식, 반찬",논산화지중앙시장,전통시장,충청남도,1.0,3.0,,,P1_BINARY_THRESHOLD,True,,,,,
83c18eddb3fbe105fc4a,test,종교용품,T4 구어·문장,q_종교용품_02,제사용품 사는 곳,문화·여가 중 '종교용품'을 판매·제공하는 매장,9ef96bab-5f5f-4f83-a600-e7d336653705,간절곳 튀김,음식,반송큰시장,전통시장,부산광역시,0.0,0.0,,,RESOLVED_AGREEMENT,False,0,,,,
8035de50c141a0eb3cf8,test,종교용품,T4 구어·문장,q_종교용품_02,제사용품 사는 곳,문화·여가 중 '종교용품'을 판매·제공하는 매장,06261986-3eba-4244-b63f-397460d82f4a,이곳,미용,나주혁신도시 골목형상점가,골목형상점가,전라남도,0.0,0.0,,,RESOLVED_AGREEMENT,False,0,,,,
63d0c00da9d097b312af,test,종교용품,T4 구어·문장,q_종교용품_02,제사용품 사는 곳,문화·여가 중 '종교용품'을 판매·제공하는 매장,ecf8e5be-b6cd-4363-a5dc-a772353a6a7e,국제사,낚시용품,의성중앙상점가(의성읍중앙길상가거리),자율상권구역,경상북도,0.0,3.0,,,P1_BINARY_THRESHOLD,True,,,,,
f173e64a3e65c5015f1b,test,종교용품,T4 구어·문장,q_종교용품_02,제사용품 사는 곳,문화·여가 중 '종교용품'을 판매·제공하는 매장,356fab03-0c66-4ed4-90ad-f3ce76f7da73,제사음식전문점,반찬,홍천시장(홍천구시장),전통시장,강원특별자치도,2.0,3.0,,,P2_GRADED_ONLY,True,,,,,
35c3a1ca4006c27aeda1,test,종교용품,T4 구어·문장,q_종교용품_02,제사용품 사는 곳,문화·여가 중 '종교용품'을 판매·제공하는 매장,57d7e50f-ff6f-4162-8de9-3b2f4dbff9bb,김가네전,제사음식,경산공설시장,전통시장,경상북도,3.0,3.0,,,RESOLVED_AGREEMENT,False,3,,,,
9c1ae7d16f72234648c8,test,종교용품,T4 구어·문장,q_종교용품_02,제사용품 사는 곳,문화·여가 중 '종교용품'을 판매·제공하는 매장,d3b81ddf-da65-4414-8b75-a485d40f86cc,진가원,제사음식,정이있는 구포시장,전통시장,부산광역시,3.0,3.0,,,RESOLVED_AGREEMENT,False,3,,,,
1a1c06f585caa1fde122,test,종교용품,T4 구어·문장,q_종교용품_02,제사용품 사는 곳,문화·여가 중 '종교용품'을 판매·제공하는 매장,c6319932-4f70-4ff9-893b-584568eca5c4,호호약국,의약품,은구비서로사회적협동조합 골목형상점가,골목형상점가,대전광역시,0.0,0.0,,,RESOLVED_AGREEMENT,False,0,,,,
03d3a852aea2728f6e39,test,종교용품,T4 구어·문장,q_종교용품_02,제사용품 사는 곳,문화·여가 중 '종교용품'을 판매·제공하는 매장,43adbbdc-f59c-40b2-b810-a18ecb0774ae,구제사랑,의류,대림골목시장,전통시장,서울특별시,0.0,3.0,,,P1_BINARY_THRESHOLD,True,,,,,
1f196c51dd627509af43,test,종교용품,T4 구어·문장,q_종교용품_02,제사용품 사는 곳,문화·여가 중 '종교용품'을 판매·제공하는 매장,1c6b6f00-a27a-49b3-a080-cf2a4c3cae3b,가족만찬,제사음식,경산공설시장,전통시장,경상북도,3.0,3.0,,,RESOLVED_AGREEMENT,False,3,,,,
8f4f2f16618acd047016,test,종교용품,T4 구어·문장,q_종교용품_02,제사용품 사는 곳,문화·여가 중 '종교용품'을 판매·제공하는 매장,001bacc9-5a95-4049-babd-6691512d8da0,백두사,잡화,장량성도시장,전통시장,경상북도,1.0,1.0,,,RESOLVED_AGREEMENT,False,1,,,,
8a4e23e86791e9b5a45b,test,종교용품,T4 구어·문장,q_종교용품_02,제사용품 사는 곳,문화·여가 중 '종교용품'을 판매·제공하는 매장,82ef462a-0f45-43d9-8538-5a30a0ed1b8a,명제사,의류,삼익패션타운,전통시장,서울특별시,0.0,3.0,,,P1_BINARY_THRESHOLD,True,,,,,
13e6e199e88099dc87eb,test,종교용품,T4 구어·문장,q_종교용품_02,제사용품 사는 곳,문화·여가 중 '종교용품'을 판매·제공하는 매장,842f6cf1-6411-4f4b-be23-746d79e31656,섬곳,한식,플레이사계 지오단길 골목형상점가,골목형상점가,제주특별자치도,0.0,0.0,,,RESOLVED_AGREEMENT,False,0,,,,
7a9aa86f88cf21e46e00,test,종교용품,T4 구어·문장,q_종교용품_02,제사용품 사는 곳,문화·여가 중 '종교용품'을 판매·제공하는 매장,457be593-4592-417f-80f5-27099bb159aa,와유포토,사진용품,대인시장,전통시장,광주광역시,0.0,0.0,,,RESOLVED_AGREEMENT,False,0,,,,
cc58eed77551432fae6e,test,종교용품,T4 구어·문장,q_종교용품_02,제사용품 사는 곳,문화·여가 중 '종교용품'을 판매·제공하는 매장,bb3a7367-ce39-4ee3-a463-9305906344c8,옛날죽집,주류 죽 전 제사음식,대곡시장,전통시장,대구광역시,3.0,3.0,,,RESOLVED_AGREEMENT,False,3,,,,
0e60931979eaab517048,test,종교용품,T4 구어·문장,q_종교용품_02,제사용품 사는 곳,문화·여가 중 '종교용품'을 판매·제공하는 매장,af841040-0055-4f95-bbe1-b98bb9cf9b59,밀곳,제과,부평깡통시장(구 부산부평시장),전통시장,부산광역시,0.0,0.0,,,RESOLVED_AGREEMENT,False,0,,,,
223dad1bd01af85932d3,test,종교용품,T4 구어·문장,q_종교용품_02,제사용품 사는 곳,문화·여가 중 '종교용품'을 판매·제공하는 매장,44c25a57-442b-4a9f-a260-6ca2a25cd16b,미공사,사무용품,기린전통시장,전통시장,강원특별자치도,0.0,0.0,,,RESOLVED_AGREEMENT,False,0,,,,
9eabb0c4ca47398b5b21,test,종교용품,T4 구어·문장,q_종교용품_02,제사용품 사는 곳,문화·여가 중 '종교용품'을 판매·제공하는 매장,90c093cd-1e5d-4c6c-b3a0-773dd107c14f,옷사는날,여성복,음성시장,전통시장,충청북도,0.0,0.0,,,RESOLVED_AGREEMENT,False,0,,,,
5dce4df5ddf2b446435b,test,종교용품,T4 구어·문장,q_종교용품_02,제사용품 사는 곳,문화·여가 중 '종교용품'을 판매·제공하는 매장,245aec63-05d3-47d7-9b3d-b96e9db2fdcb,장학문구사,문구 사무용품 학용품,오정동상점가,자율상권구역,대전광역시,0.0,0.0,,,RESOLVED_AGREEMENT,False,0,,,,
a60abb4879a5eb2ab52f,test,종교용품,T4 구어·문장,q_종교용품_02,제사용품 사는 곳,문화·여가 중 '종교용품'을 판매·제공하는 매장,003d5df8-0856-45e0-a11e-5098cf70541e,앨리스리본&공방,"공방, 잡화",봉화내성시장,전통시장,경상북도,1.0,1.0,,,RESOLVED_AGREEMENT,False,1,,,,
3cc61857fc00b6e6cb94,test,종교용품,T4 구어·문장,q_종교용품_02,제사용품 사는 곳,문화·여가 중 '종교용품'을 판매·제공하는 매장,84c5d5b1-b6b8-4fb3-9ccb-2f0bc9df1aac,우리제사,"제수용품(전, 한과 등)",양동시장,전통시장,광주광역시,0.0,3.0,,,P1_BINARY_THRESHOLD,True,,,,,
74c26b4131cb991ad2cf,test,종교용품,T4 구어·문장,q_종교용품_02,제사용품 사는 곳,문화·여가 중 '종교용품'을 판매·제공하는 매장,70d1cb53-00ff-4e32-b29a-1c6973f3c798,해드림,제사음식 전자상거래,창원 봉곡프라자상가,전통시장,경상남도,3.0,3.0,,,RESOLVED_AGREEMENT,False,3,,,,
244928fe6ca524b83173,test,종교용품,T4 구어·문장,q_종교용품_02,제사용품 사는 곳,문화·여가 중 '종교용품'을 판매·제공하는 매장,8ba5d093-c980-4241-a7a8-7483d5b03caf,홍을래부침,제사음식,대전정원시장,전통시장,대전광역시,3.0,3.0,,,RESOLVED_AGREEMENT,False,3,,,,
df671a20847867be4b95,test,종교용품,T4 구어·문장,q_종교용품_02,제사용품 사는 곳,문화·여가 중 '종교용품'을 판매·제공하는 매장,0054b824-eb72-4efa-a1ba-40d467c899a5,수정상회,잡화,중앙전통시장,전통시장,울산광역시,1.0,1.0,,,RESOLVED_AGREEMENT,False,1,,,,
1046e9dbdb72a587484d,test,종교용품,T4 구어·문장,q_종교용품_02,제사용품 사는 곳,문화·여가 중 '종교용품'을 판매·제공하는 매장,5d88c69c-a5c9-4523-8cc6-093cab60ebf5,녹지원,"혼수, 제사음식",월배신시장,전통시장,대구광역시,3.0,3.0,,,RESOLVED_AGREEMENT,False,3,,,,
e9104ade772d97bafc25,test,종교용품,T4 구어·문장,q_종교용품_02,제사용품 사는 곳,문화·여가 중 '종교용품'을 판매·제공하는 매장,2d9469fb-d73c-404a-903e-2dda9c03c656,대림,주방용품 제수용품,동산상가,전통시장,대구광역시,0.0,0.0,,,RESOLVED_AGREEMENT,False,0,,,,
8c17fe824554063ed6f8,test,종교용품,T4 구어·문장,q_종교용품_02,제사용품 사는 곳,문화·여가 중 '종교용품'을 판매·제공하는 매장,20db201c-d679-474d-bc8d-23db4c4f0787,곳간정육점,,선화로 골목형상점가,골목형상점가,전북특별자치도,0.0,0.0,,,RESOLVED_AGREEMENT,False,0,,,,
7cf75acc8facc4e81e70,test,종교용품,T4 구어·문장,q_종교용품_02,제사용품 사는 곳,문화·여가 중 '종교용품'을 판매·제공하는 매장,28a103cc-1570-4ca8-825d-89668071ec26,일미리금계찜닭,찜닭,중앙로 백운1동 골목형상점가,골목형상점가,광주광역시,0.0,0.0,,,RESOLVED_AGREEMENT,False,0,,,,
f099c795b4d7700d7d07,test,종교용품,T4 구어·문장,q_종교용품_02,제사용품 사는 곳,문화·여가 중 '종교용품'을 판매·제공하는 매장,19a3c821-563c-4f15-ac69-815b79d59ec3,알파,문구용품 사무용품 도서 화방용품 체육용품 공예품,일곡동 골목형상점가,골목형상점가,광주광역시,0.0,2.0,,,P1_BINARY_THRESHOLD,True,,,,,
45d49555f9dcddf61293,test,종교용품,T4 구어·문장,q_종교용품_02,제사용품 사는 곳,문화·여가 중 '종교용품'을 판매·제공하는 매장,1a2f166f-4fe9-4bbe-81be-05d7ea88a9c2,나의근육사용설명서,,성수역골목형상점가,골목형상점가,서울특별시,,0.0,Y,,P0_UNCERTAIN_OR_MISSING,True,,,,,
6e757d3cd5b8201ba8e5,test,종교용품,T4 구어·문장,q_종교용품_02,제사용품 사는 곳,문화·여가 중 '종교용품'을 판매·제공하는 매장,147101c7-304d-47ce-a911-014c1620102f,제일생활용품,생활용품,까치산시장,전통시장,서울특별시,0.0,0.0,,,RESOLVED_AGREEMENT,False,0,,,,
939538a225cd3de3f57f,test,종교용품,T4 구어·문장,q_종교용품_02,제사용품 사는 곳,문화·여가 중 '종교용품'을 판매·제공하는 매장,f308b35e-7050-4432-9fee-e211f548f35c,중앙유통,사무용품,임방울거리3구역 골목형상점가,골목형상점가,광주광역시,0.0,0.0,,,RESOLVED_AGREEMENT,False,0,,,,
b74f7abb709cf5bf845e,test,종교용품,T4 구어·문장,q_종교용품_02,제사용품 사는 곳,문화·여가 중 '종교용품'을 판매·제공하는 매장,4f777de1-84c4-4968-bd67-fe1151eba75b,백운식품,제수용품,광양5일시장,전통시장,전라남도,0.0,0.0,,,RESOLVED_AGREEMENT,False,0,,,,
229d3ca9afcb695590e2,test,종교용품,T4 구어·문장,q_종교용품_02,제사용품 사는 곳,문화·여가 중 '종교용품'을 판매·제공하는 매장,a0e5b1a9-2901-4829-8f1a-e54dbd1d4d9e,생마차 쌍촌점,음식 및 주류,파랑새원룸상인회 골목형상점가,골목형상점가,광주광역시,0.0,0.0,,,RESOLVED_AGREEMENT,False,0,,,,
5db411343788636104f2,test,종교용품,T4 구어·문장,q_종교용품_02,제사용품 사는 곳,문화·여가 중 '종교용품'을 판매·제공하는 매장,51fcee2c-c39e-4347-b97a-41785d36f238,밀리오폐백,"폐백, 제사음식",구미새마을중앙시장,전통시장,경상북도,3.0,3.0,,,RESOLVED_AGREEMENT,False,3,,,,
4f3d52005f2ec67dcc8d,test,종교용품,T4 구어·문장,q_종교용품_02,제사용품 사는 곳,문화·여가 중 '종교용품'을 판매·제공하는 매장,be9f8c61-892c-48ed-a49d-b63bd032c025,소곳,의류,고투몰(강남터미널지하도상점가),일반지하상점가,서울특별시,0.0,0.0,,,RESOLVED_AGREEMENT,False,0,,,,
32d569d4a599161d2da1,test,종교용품,T4 구어·문장,q_종교용품_02,제사용품 사는 곳,문화·여가 중 '종교용품'을 판매·제공하는 매장,a42954cf-f934-404f-9beb-30ca612983ca,김해이바지&제사전문,튀김,김해 동상전통시장,전통시장,경상남도,0.0,3.0,,,P1_BINARY_THRESHOLD,True,,,,,
fb88c559cc205aa08ca8,test,종교용품,T4 구어·문장,q_종교용품_02,제사용품 사는 곳,문화·여가 중 '종교용품'을 판매·제공하는 매장,f859389d-46c7-4906-9684-41d9c4abdd7c,사대부제사,음식,천안중앙시장,전통시장,충청남도,0.0,3.0,,,P1_BINARY_THRESHOLD,True,,,,,
14d346c1009827e35a3f,test,종교용품,T4 구어·문장,q_종교용품_02,제사용품 사는 곳,문화·여가 중 '종교용품'을 판매·제공하는 매장,508c7248-fb8b-4060-9936-2b7ea65e0e62,효예원,제사음식,말바우우산 골목형상점가,골목형상점가,광주광역시,3.0,3.0,,,RESOLVED_AGREEMENT,False,3,,,,
c7f1bcdce13886df65ec,test,종교용품,T4 구어·문장,q_종교용품_02,제사용품 사는 곳,문화·여가 중 '종교용품'을 판매·제공하는 매장,c111ac9d-3f3a-405c-a8db-4d127ccda9e2,행복이 있는 곳,잡화,제주로얄쇼핑센터,자율상권구역,제주특별자치도,1.0,1.0,,,RESOLVED_AGREEMENT,False,1,,,,
1ad2f2c52c0ef9880f9e,test,종교용품,T4 구어·문장,q_종교용품_02,제사용품 사는 곳,문화·여가 중 '종교용품'을 판매·제공하는 매장,00242042-f371-486a-a1fc-b85de093edbf,슈올즈 이천점,"신발, 잡화",장터거리시장 골목형상점가,골목형상점가,경기도,1.0,1.0,,,RESOLVED_AGREEMENT,False,1,,,,
165449d540b04ffc03b1,test,종교용품,T4 구어·문장,q_종교용품_02,제사용품 사는 곳,문화·여가 중 '종교용품'을 판매·제공하는 매장,19b6e5db-5866-4752-afed-7fa0dc010f81,곳간,한식,태화십리대밭먹거리단지 상점가,자율상권구역,울산광역시,0.0,0.0,,,RESOLVED_AGREEMENT,False,0,,,,
d3457a410336510283d4,test,종교용품,T4 구어·문장,q_종교용품_02,제사용품 사는 곳,문화·여가 중 '종교용품'을 판매·제공하는 매장,003747e4-8102-4296-bfdf-b7ca7c1f83fa,평화잡화,잡화,부산평화시장,전통시장,부산광역시,1.0,1.0,,,RESOLVED_AGREEMENT,False,1,,,,
b3306c971dea1c418bc7,test,종교용품,T4 구어·문장,q_종교용품_02,제사용품 사는 곳,문화·여가 중 '종교용품'을 판매·제공하는 매장,0c2c2ca0-e8c5-40bf-bc2a-a3b2d7e7f0b8,관광마트,마트,신진항 골목형상점가,골목형상점가,충청남도,1.0,0.0,,,P2_GRADED_ONLY,True,,,,,
942e3feca1e20e00f86d,test,종교용품,T4 구어·문장,q_종교용품_02,제사용품 사는 곳,문화·여가 중 '종교용품'을 판매·제공하는 매장,a5f6c634-700a-4a29-8eae-e88314f36fcc,송월타올,타올 기념품 현수막 행사용품 타올 택배,광천동상인회 골목형상점가,골목형상점가,광주광역시,0.0,0.0,,,RESOLVED_AGREEMENT,False,0,,,,
001a80e1d6b6b73dcd5f,test,종교용품,T4 구어·문장,q_종교용품_02,제사용품 사는 곳,문화·여가 중 '종교용품'을 판매·제공하는 매장,6b872879-e97f-4193-a822-f4bc8d41d234,사보당,서예용품,부산데파트상가,전통시장,부산광역시,0.0,0.0,,,RESOLVED_AGREEMENT,False,0,,,,
ddf33d8096b52f40dc91,test,종교용품,T4 구어·문장,q_종교용품_02,제사용품 사는 곳,문화·여가 중 '종교용품'을 판매·제공하는 매장,09f09c25-a125-40c1-bacc-47a96cae0bf0,즐거운마트,마트,법동시장,전통시장,대전광역시,1.0,0.0,,,P2_GRADED_ONLY,True,,,,,
aa56fc62633d65561d8b,test,종교용품,T4 구어·문장,q_종교용품_02,제사용품 사는 곳,문화·여가 중 '종교용품'을 판매·제공하는 매장,141a8cff-d34f-44f7-a8ac-d213652a5a81,송씨종가,제사음식,역전시장 상점가,자율상권구역,대전광역시,3.0,3.0,,,RESOLVED_AGREEMENT,False,3,,,,
9929c60106e9f50c702e,test,종교용품,T4 구어·문장,q_종교용품_02,제사용품 사는 곳,문화·여가 중 '종교용품'을 판매·제공하는 매장,0cff0020-9aad-4d6d-a759-c19954940ca3,오늘만사는청년,한식,두정동상점가,자율상권구역,충청남도,0.0,0.0,,,RESOLVED_AGREEMENT,False,0,,,,
eb743eddcfae22f110cd,test,종교용품,T4 구어·문장,q_종교용품_02,제사용품 사는 곳,문화·여가 중 '종교용품'을 판매·제공하는 매장,c0cc81b4-89ec-4a70-b6f7-089de1fd92a8,소소한곳,,양산 물금백호마을 골목형상점가,골목형상점가,경상남도,,0.0,Y,,P0_UNCERTAIN_OR_MISSING,True,,,,,
0c513bc8dc349bd33aa7,test,종교용품,T4 구어·문장,q_종교용품_02,제사용품 사는 곳,문화·여가 중 '종교용품'을 판매·제공하는 매장,f40a08a3-02c2-4076-b04a-c5e9f3203bf3,샛별문구,사무용품,상무중앙로46구역상인회 골목형상점가,골목형상점가,광주광역시,0.0,0.0,,,RESOLVED_AGREEMENT,False,0,,,,
1bb6b04b47541639bd5e,test,종교용품,T4 구어·문장,q_종교용품_02,제사용품 사는 곳,문화·여가 중 '종교용품'을 판매·제공하는 매장,0ae965c8-0423-4971-af91-5fbd7b36ff4d,90리퍼브,마트,지중해마을 골목형상점가,골목형상점가,충청남도,1.0,0.0,,,P2_GRADED_ONLY,True,,,,,
7e89ddc4ec8281d26291,test,종교용품,T4 구어·문장,q_종교용품_02,제사용품 사는 곳,문화·여가 중 '종교용품'을 판매·제공하는 매장,bdc3e9f3-f7b2-4c19-9f46-c13234849b4a,잔칫날,"차례상, 제사상, 모듬전, 반찬",나주목사고을시장,전통시장,,1.0,3.0,,,P1_BINARY_THRESHOLD,True,,,,,
76540684d77a6653ab57,test,종교용품,T4 구어·문장,q_종교용품_02,제사용품 사는 곳,문화·여가 중 '종교용품'을 판매·제공하는 매장,0afb1f69-f709-4fcc-ad15-da7928ee8639,주식회사 장원(대하마트),마트,이중섭거리 명동로상가,골목형상점가,제주특별자치도,1.0,0.0,,,P2_GRADED_ONLY,True,,,,,
d53126d8359611ee8d4e,test,종교용품,T4 구어·문장,q_종교용품_02,제사용품 사는 곳,문화·여가 중 '종교용품'을 판매·제공하는 매장,f0ef8e71-ef86-4ec0-bbe3-2662b953af8b,짬뽕대마왕,짬뽕,첨단이웃사랑 골목형상점가,골목형상점가,광주광역시,0.0,0.0,,,RESOLVED_AGREEMENT,False,0,,,,
30a7934d592334819d62,test,종교용품,T4 구어·문장,q_종교용품_02,제사용품 사는 곳,문화·여가 중 '종교용품'을 판매·제공하는 매장,bff1c265-0f69-4dbd-96c4-457760d2d152,익산제사음식,제사음식,익산북부시장,전통시장,전북특별자치도,3.0,3.0,,,RESOLVED_AGREEMENT,False,3,,,,
f9b6d8f29af39a1defda,test,종교용품,T4 구어·문장,q_종교용품_02,제사용품 사는 곳,문화·여가 중 '종교용품'을 판매·제공하는 매장,8942fc3e-42ce-4c52-8f85-04cfa905eeb4,강진활어,문어,다대씨-파크시장,전통시장,부산광역시,0.0,0.0,,,RESOLVED_AGREEMENT,False,0,,,,
9ec1db7c96089443a6e7,test,종교용품,T4 구어·문장,q_종교용품_02,제사용품 사는 곳,문화·여가 중 '종교용품'을 판매·제공하는 매장,2743811c-5e71-4d2b-aa75-1b0147d44f2d,사우 꽃이 피는 곳,꽃,김포 풍년마을 골목형상점가,골목형상점가,경기도,0.0,0.0,,,RESOLVED_AGREEMENT,False,0,,,,
242ab89d18edf6f1bccc,test,종교용품,T4 구어·문장,q_종교용품_02,제사용품 사는 곳,문화·여가 중 '종교용품'을 판매·제공하는 매장,76a3551b-dae4-4326-92cc-662015aedbfb,쉴 곳,한식,칠성로상점가,자율상권구역,제주특별자치도,0.0,0.0,,,RESOLVED_AGREEMENT,False,0,,,,
8d983c7b1d062f7e2d99,test,종교용품,T4 구어·문장,q_종교용품_02,제사용품 사는 곳,문화·여가 중 '종교용품'을 판매·제공하는 매장,520d5444-9aeb-4716-8d6d-236a4dd7d02f,글로벌이벤트,출장음식행사용품,충주무학시장,전통시장,충청북도,0.0,0.0,,,RESOLVED_AGREEMENT,False,0,,,,
238eba201efc738ced1f,test,종교용품,T4 구어·문장,q_종교용품_02,제사용품 사는 곳,문화·여가 중 '종교용품'을 판매·제공하는 매장,780669f1-6ebc-4b94-bb45-28720c231dab,고바우제사음식전문점,제사음식,칠곡시장,전통시장,대구광역시,3.0,3.0,,,RESOLVED_AGREEMENT,False,3,,,,
afc2a1ab9d5220559285,test,종교용품,T4 구어·문장,q_종교용품_02,제사용품 사는 곳,문화·여가 중 '종교용품'을 판매·제공하는 매장,06a19257-347a-407e-a76e-2a148a053dd6,주식회사 성보유통,마트,안산다농마트전통시장,전통시장,경기도,1.0,0.0,,,P2_GRADED_ONLY,True,,,,,
8b5dc34294728bc1a542,test,종교용품,T4 구어·문장,q_종교용품_02,제사용품 사는 곳,문화·여가 중 '종교용품'을 판매·제공하는 매장,20e990e4-aaf3-4784-9ba0-caad51d06b23,곳간,한식,수완장덕 골목형상점가,골목형상점가,광주광역시,0.0,0.0,,,RESOLVED_AGREEMENT,False,0,,,,
a8bd19a6df8bb221e832,test,종교용품,T4 구어·문장,q_종교용품_02,제사용품 사는 곳,문화·여가 중 '종교용품'을 판매·제공하는 매장,8686cabf-d915-4a52-acba-747dfc55bcb7,M리치,커피,평택시배미지구 골목형상점가,골목형상점가,경기도,0.0,0.0,,,RESOLVED_AGREEMENT,False,0,,,,
29d91422a23bbbf436b3,test,종교용품,T4 구어·문장,q_종교용품_02,제사용품 사는 곳,문화·여가 중 '종교용품'을 판매·제공하는 매장,3d28d152-f720-47b3-871e-ca515aaaf6bb,충북상회,건어물,중부건어물 골목형상점가,골목형상점가,대전광역시,0.0,0.0,,,RESOLVED_AGREEMENT,False,0,,,,
76ba6800963e4e1da75a,test,종교용품,T4 구어·문장,q_종교용품_02,제사용품 사는 곳,문화·여가 중 '종교용품'을 판매·제공하는 매장,24456103-f6b8-46af-8655-82e61d7265d8,커피가 머무르는 곳,커피,반드레길골목형상점가,골목형상점가,서울특별시,0.0,0.0,,,RESOLVED_AGREEMENT,False,0,,,,
1c3e8beb837611a88d62,test,종교용품,T4 구어·문장,q_종교용품_02,제사용품 사는 곳,문화·여가 중 '종교용품'을 판매·제공하는 매장,35b92311-cc67-4b23-a098-8548ece87d2b,대덕천막사,천막제작설치행사용품,충주자유시장,전통시장,충청북도,0.0,0.0,,,RESOLVED_AGREEMENT,False,0,,,,
f33a846747d68ef62985,test,종교용품,T4 구어·문장,q_종교용품_02,제사용품 사는 곳,문화·여가 중 '종교용품'을 판매·제공하는 매장,08ccdfa6-670c-45e5-8ee8-639617976638,씨유홀딩스,"사무용품, 생활용품",김포중앙시장,전통시장,경기도,0.0,0.0,,,RESOLVED_AGREEMENT,False,0,,,,
844d4e32167a1d947c18,test,종교용품,T4 구어·문장,q_종교용품_02,제사용품 사는 곳,문화·여가 중 '종교용품'을 판매·제공하는 매장,1eaf6dc3-f0f0-4350-8341-9f6f4334b965,다소곳,옷,전주모래내시장,전통시장,전북특별자치도,0.0,0.0,,,RESOLVED_AGREEMENT,False,0,,,,
fe5dba95c03c515d03c6,test,종교용품,T4 구어·문장,q_종교용품_02,제사용품 사는 곳,문화·여가 중 '종교용품'을 판매·제공하는 매장,cda5bcff-66a9-4c1a-877e-6e94c687f6e2,황제사,의류,남원용남시장,전통시장,전북특별자치도,0.0,3.0,,,P1_BINARY_THRESHOLD,True,,,,,
653ddeca8ee03e52372e,test,종교용품,T4 구어·문장,q_종교용품_02,제사용품 사는 곳,문화·여가 중 '종교용품'을 판매·제공하는 매장,ea760087-398c-4b52-b833-56d468c2a1b9,편한약국,의약품,김제중앙시장,전통시장,전북특별자치도,0.0,0.0,,,RESOLVED_AGREEMENT,False,0,,,,
5d51d86e2024cb798468,test,종교용품,T4 구어·문장,q_종교용품_02,제사용품 사는 곳,문화·여가 중 '종교용품'을 판매·제공하는 매장,f3d4b270-258b-4508-bd1f-06dbac4851e8,영심이네,즉석판매제조(제사음식),나주목사고을시장,전통시장,,3.0,3.0,,,RESOLVED_AGREEMENT,False,3,,,,
6b346a4ffcb2fd69c116,test,종교용품,T4 구어·문장,q_종교용품_02,제사용품 사는 곳,문화·여가 중 '종교용품'을 판매·제공하는 매장,2ef63ba9-ce1f-45bd-9c52-ad6635b9e777,제일커머스,사무용품,농성동벚꽃상인회 골목형상점가,골목형상점가,광주광역시,0.0,0.0,,,RESOLVED_AGREEMENT,False,0,,,,
dabc224e80bc1287c4c4,test,주방용품,T2 동의어,q_주방용품_01,그릇,생활·마트 중 '주방용품'을 판매·제공하는 매장,b754e418-4dd5-4c3f-b848-cccf5f194cba,대양그릇,그릇,거제시장,전통시장,부산광역시,3.0,3.0,,,RESOLVED_AGREEMENT,False,3,,,,
8d092dd97445a74b14fc,test,주방용품,T2 동의어,q_주방용품_01,그릇,생활·마트 중 '주방용품'을 판매·제공하는 매장,d69d126d-1474-49ff-b286-b9dddf879c06,수제옛날가마솥누룽지,누룽지,오산오색시장(구 오산중앙시장),전통시장,경기도,0.0,0.0,,,RESOLVED_AGREEMENT,False,0,,,,
7c3ef33524792fc3b121,test,주방용품,T2 동의어,q_주방용품_01,그릇,생활·마트 중 '주방용품'을 판매·제공하는 매장,00019073-6f11-4f0f-b26f-342cc4f92c0a,만선회센타,음식및숙박업(일본음식점업),전북대대학로상점가,자율상권구역,전북특별자치도,0.0,0.0,,,RESOLVED_AGREEMENT,False,0,,,,
0c8a3e6ec28b64a43a92,test,주방용품,T2 동의어,q_주방용품_01,그릇,생활·마트 중 '주방용품'을 판매·제공하는 매장,f9841a85-64e4-4a3a-8888-6dea95e59458,은령그릇,그릇,기장시장 일원 자율상권구역,,부산광역시,3.0,3.0,,,RESOLVED_AGREEMENT,False,3,,,,
a948492d396852e25bef,test,주방용품,T2 동의어,q_주방용품_01,그릇,생활·마트 중 '주방용품'을 판매·제공하는 매장,011e8cfe-0737-49db-8250-68e7a51ca170,토담도예,생활도자기,㈜르네시떼,전통시장,부산광역시,2.0,3.0,,,P2_GRADED_ONLY,True,,,,,
5187efb15c555546601e,test,주방용품,T2 동의어,q_주방용품_01,그릇,생활·마트 중 '주방용품'을 판매·제공하는 매장,2a4b84b9-be2c-4c04-b22d-e4e6b52d91a2,소녀폰중고폰구미김천점,,구미역중앙 골목형상점가,골목형상점가,경상북도,0.0,0.0,,,RESOLVED_AGREEMENT,False,0,,,,
990d1482e4ebf4e4ed1b,test,주방용품,T2 동의어,q_주방용품_01,그릇,생활·마트 중 '주방용품'을 판매·제공하는 매장,4c307a74-6fb8-4b7f-b107-7c978c8f1b4b,삼흥그릇,그릇,연일전통시장,전통시장,경상북도,3.0,3.0,,,RESOLVED_AGREEMENT,False,3,,,,
fcaca82cb1408b463115,test,주방용품,T2 동의어,q_주방용품_01,그릇,생활·마트 중 '주방용품'을 판매·제공하는 매장,fe25a80b-ae24-4fb9-8c4a-b3c8191505ba,유성그릇,그릇,경주중앙시장,전통시장,경상북도,3.0,3.0,,,RESOLVED_AGREEMENT,False,3,,,,
68913b46f7a94318654f,test,주방용품,T2 동의어,q_주방용품_01,그릇,생활·마트 중 '주방용품'을 판매·제공하는 매장,d8552c12-16b1-465b-a385-73d91bb67972,롯데그릇,그릇,진주 논개시장,전통시장,경상남도,3.0,3.0,,,RESOLVED_AGREEMENT,False,3,,,,
944f4929eada724977cd,test,주방용품,T2 동의어,q_주방용품_01,그릇,생활·마트 중 '주방용품'을 판매·제공하는 매장,49610d02-b236-4908-970a-88255d5577b1,삼환그릇,그릇,함평천지전통시장(함평5일시장),전통시장,,3.0,3.0,,,RESOLVED_AGREEMENT,False,3,,,,
41457f73ddb518165cba,test,주방용품,T2 동의어,q_주방용품_01,그릇,생활·마트 중 '주방용품'을 판매·제공하는 매장,cfd7a8bf-6742-49c3-b99e-9d49e075dcd2,고기6,음식,두류젊음의광장 상점가,자율상권구역,대구광역시,0.0,0.0,,,RESOLVED_AGREEMENT,False,0,,,,
a7be05f95d6b0b48311d,test,주방용품,T2 동의어,q_주방용품_01,그릇,생활·마트 중 '주방용품'을 판매·제공하는 매장,622a9cf8-dc9f-435e-9e11-b49369c35bba,고은미래의원,피부과,소사벌 골목형상점가,골목형상점가,경기도,0.0,0.0,,,RESOLVED_AGREEMENT,False,0,,,,
81c5a3735742705b740c,test,주방용품,T2 동의어,q_주방용품_01,그릇,생활·마트 중 '주방용품'을 판매·제공하는 매장,179d8462-4dc8-430b-927f-d7818ba6fb62,키친나라,주방용식기,하동공설시장,전통시장,경상남도,3.0,3.0,,,RESOLVED_AGREEMENT,False,3,,,,
172a609e9c41b7bfeded,test,주방용품,T2 동의어,q_주방용품_01,그릇,생활·마트 중 '주방용품'을 판매·제공하는 매장,05d89d32-7199-4033-9aa6-c0162d2ca3fe,부천그릇,그릇,부천자유시장,전통시장,경기도,3.0,3.0,,,RESOLVED_AGREEMENT,False,3,,,,
0b99ff93e026236ecdad,test,주방용품,T2 동의어,q_주방용품_01,그릇,생활·마트 중 '주방용품'을 판매·제공하는 매장,01e5414f-6d15-4b32-8ecb-21f61d103f80,현대주방기물백화점,"그릇, 주방기물",호계공설시장,전통시장,울산광역시,3.0,3.0,,,RESOLVED_AGREEMENT,False,3,,,,
3410008d30189ceee575,test,주방용품,T2 동의어,q_주방용품_01,그릇,생활·마트 중 '주방용품'을 판매·제공하는 매장,76e0005c-222d-4312-92a2-26e876793ff9,광명그릇,그릇,광명새마을시장,전통시장,경기도,3.0,3.0,,,RESOLVED_AGREEMENT,False,3,,,,
fdeaa8389ccf3605e98f,test,주방용품,T2 동의어,q_주방용품_01,그릇,생활·마트 중 '주방용품'을 판매·제공하는 매장,f57d891e-418b-43b3-b1c0-8e1b4aa6cfc2,동해해물상사,생선소매업,인천종합어시장,전통시장,인천광역시,0.0,0.0,,,RESOLVED_AGREEMENT,False,0,,,,
1c8f991324de6c1ee258,test,주방용품,T2 동의어,q_주방용품_01,그릇,생활·마트 중 '주방용품'을 판매·제공하는 매장,00cbb6f1-18d2-4f15-9af8-bdac08e35c56,비토도예,도자기,사기막골도자기시장(구 사기막골도예촌재래시장),전통시장,경기도,2.0,3.0,,,P2_GRADED_ONLY,True,,,,,
02647b89c59152e795b3,test,주방용품,T2 동의어,q_주방용품_01,그릇,생활·마트 중 '주방용품'을 판매·제공하는 매장,bbd95c41-053d-464f-9854-b7f0924f56b0,개금그릇,그릇,개금골목시장,전통시장,부산광역시,3.0,3.0,,,RESOLVED_AGREEMENT,False,3,,,,
f8bd5b273e2c08f4f7f5,test,주방용품,T2 동의어,q_주방용품_01,그릇,생활·마트 중 '주방용품'을 판매·제공하는 매장,be8f3e15-f83c-4b4b-890f-3e94f8944c66,수인그릇,그릇,중앙시장,전통시장,인천광역시,3.0,3.0,,,RESOLVED_AGREEMENT,False,3,,,,
d75a48c428e29961b8e2,test,주방용품,T2 동의어,q_주방용품_01,그릇,생활·마트 중 '주방용품'을 판매·제공하는 매장,4be8dbf6-4335-4171-86ed-4a6d34790c97,제일그릇,그릇,남항시장,전통시장,부산광역시,3.0,3.0,,,RESOLVED_AGREEMENT,False,3,,,,
5ab5f166d3399aa16b91,test,주방용품,T2 동의어,q_주방용품_01,그릇,생활·마트 중 '주방용품'을 판매·제공하는 매장,0014a02e-4166-41fc-bc3d-bc2dac16a32b,이모네김밥,음식점,자양전통시장,전통시장,서울특별시,0.0,0.0,,,RESOLVED_AGREEMENT,False,0,,,,
06b849f3ee6c51511caf,test,주방용품,T2 동의어,q_주방용품_01,그릇,생활·마트 중 '주방용품'을 판매·제공하는 매장,432971a9-cb2d-4afe-93c9-02a6e0f898de,충북그릇,그릇,숭인시장,전통시장,서울특별시,3.0,3.0,,,RESOLVED_AGREEMENT,False,3,,,,
10b20a370957525a2ddc,test,주방용품,T2 동의어,q_주방용품_01,그릇,생활·마트 중 '주방용품'을 판매·제공하는 매장,01b512e5-9a35-44cd-a0a6-7e29d0d85256,보물찾기,그릇 및 잡화,제일종합시장,전통시장,강원특별자치도,3.0,3.0,,,RESOLVED_AGREEMENT,False,3,,,,
949b6fb2b4e0edf251fd,test,주방용품,T2 동의어,q_주방용품_01,그릇,생활·마트 중 '주방용품'을 판매·제공하는 매장,0010dbec-3031-440c-bda7-3d61761163a9,금송아지,음식점업,구미 진평음식문화특화거리 골목형상점가,골목형상점가,경상북도,0.0,0.0,,,RESOLVED_AGREEMENT,False,0,,,,
71fe3fc032e62da53966,test,주방용품,T2 동의어,q_주방용품_01,그릇,생활·마트 중 '주방용품'을 판매·제공하는 매장,6607446f-a40c-4543-b684-0739d70a5343,삼성그릇,그릇,부전마켓타운 시장활성화구역,상권활성화구역,부산광역시,3.0,3.0,,,RESOLVED_AGREEMENT,False,3,,,,
794d9ed199c10e7cac51,test,주방용품,T2 동의어,q_주방용품_01,그릇,생활·마트 중 '주방용품'을 판매·제공하는 매장,3f60253c-0cf8-4b4b-9b65-a931ee4bf03f,형제그릇,그릇,양동산업용품시장,전통시장,광주광역시,3.0,3.0,,,RESOLVED_AGREEMENT,False,3,,,,
c0e89a7bb32fa4c0641b,test,주방용품,T2 동의어,q_주방용품_01,그릇,생활·마트 중 '주방용품'을 판매·제공하는 매장,c3d34403-6e3d-4cd9-86b6-9313c7fe886c,다호,그릇,마산 대동씨코아상가시장,전통시장,경상남도,3.0,3.0,,,RESOLVED_AGREEMENT,False,3,,,,
e8efc10217afed4bbba2,test,주방용품,T2 동의어,q_주방용품_01,그릇,생활·마트 중 '주방용품'을 판매·제공하는 매장,39ecd7ce-5465-4d06-875c-6f69d8c512bb,거북그릇,그릇,신거북시장,전통시장,인천광역시,3.0,3.0,,,RESOLVED_AGREEMENT,False,3,,,,
d2e96b9a5ff0910f1e48,test,주방용품,T2 동의어,q_주방용품_01,그릇,생활·마트 중 '주방용품'을 판매·제공하는 매장,49f8e0ab-03a0-4f21-99d9-42b7846462b5,은일그릇,그릇,부전농수산물새벽시장,전통시장,부산광역시,3.0,3.0,,,RESOLVED_AGREEMENT,False,3,,,,
ccecd467dc536633db4d,test,주방용품,T2 동의어,q_주방용품_01,그릇,생활·마트 중 '주방용품'을 판매·제공하는 매장,5ed1f672-2448-4d85-b064-cc33fa3f4e13,만광상회,그릇,밀양 내일전통시장,전통시장,경상남도,3.0,3.0,,,RESOLVED_AGREEMENT,False,3,,,,
73889722c7b2836baf35,test,주방용품,T2 동의어,q_주방용품_01,그릇,생활·마트 중 '주방용품'을 판매·제공하는 매장,00099bd3-766a-4148-a64c-5356a9d5aad2,초장집 미사점,음식점,미사강변 골목형상점가,골목형상점가,경기도,0.0,0.0,,,RESOLVED_AGREEMENT,False,0,,,,
377e2d28652a4b317fa8,test,주방용품,T2 동의어,q_주방용품_01,그릇,생활·마트 중 '주방용품'을 판매·제공하는 매장,016866c7-7e5a-4c48-b33e-a37f1e579730,백산도요,도자기,사기막골도자기시장(구 사기막골도예촌재래시장),전통시장,경기도,2.0,3.0,,,P2_GRADED_ONLY,True,,,,,
563e044b209de4cd9b45,test,주방용품,T2 동의어,q_주방용품_01,그릇,생활·마트 중 '주방용품'을 판매·제공하는 매장,05f7df60-185b-4eaf-883a-be9d8828ef8d,대왕그릇,그릇,원주중앙로문화의거리,자율상권구역,강원특별자치도,3.0,3.0,,,RESOLVED_AGREEMENT,False,3,,,,
50fcd616d2061f554921,test,주방용품,T2 동의어,q_주방용품_01,그릇,생활·마트 중 '주방용품'을 판매·제공하는 매장,6216c0df-9fff-482c-b7d6-4cd949d5e5d7,창성그릇,그릇,장안마실골목형상점가,골목형상점가,서울특별시,3.0,3.0,,,RESOLVED_AGREEMENT,False,3,,,,
82f6f1e5ffd2baecc575,test,주방용품,T2 동의어,q_주방용품_01,그릇,생활·마트 중 '주방용품'을 판매·제공하는 매장,01448ddc-182e-4a13-8e2c-7377a3be0b95,부흥상회,"소매업(그릇,주방용품)",죽산시장,전통시장,경기도,3.0,3.0,,,RESOLVED_AGREEMENT,False,3,,,,
5751156abb7300a4bb00,test,주방용품,T2 동의어,q_주방용품_01,그릇,생활·마트 중 '주방용품'을 판매·제공하는 매장,10fae878-8810-410a-bb1b-2fe0f2bd43be,연성그릇,그릇,대조시장,전통시장,서울특별시,3.0,3.0,,,RESOLVED_AGREEMENT,False,3,,,,
fc8f7916b70c552e17c3,test,주방용품,T2 동의어,q_주방용품_01,그릇,생활·마트 중 '주방용품'을 판매·제공하는 매장,7ae0f0de-d633-4467-8a8a-dce1fc2f5d9a,사강그릇,그릇,사강시장,전통시장,경기도,3.0,3.0,,,RESOLVED_AGREEMENT,False,3,,,,
642698f154e41c3047fa,test,주방용품,T2 동의어,q_주방용품_01,그릇,생활·마트 중 '주방용품'을 판매·제공하는 매장,a146e83d-ffb5-418f-aaee-dc2b0eb9df53,모래내그릇,그릇,인천모래내전통시장,전통시장,인천광역시,3.0,3.0,,,RESOLVED_AGREEMENT,False,3,,,,
7a51bebd702425c78a9c,test,주방용품,T2 동의어,q_주방용품_01,그릇,생활·마트 중 '주방용품'을 판매·제공하는 매장,20844f09-c21c-46e6-96d5-a773f36c0871,학산그릇,그릇,동울산종합시장,전통시장,울산광역시,3.0,3.0,,,RESOLVED_AGREEMENT,False,3,,,,
3308f6498712e94ef1e7,test,주방용품,T2 동의어,q_주방용품_01,그릇,생활·마트 중 '주방용품'을 판매·제공하는 매장,9f96e4dd-3d67-4163-907f-bd5de43397e4,금호그릇,그릇,양동닭전길시장,전통시장,광주광역시,3.0,3.0,,,RESOLVED_AGREEMENT,False,3,,,,
5ef2c5705f02852ce407,test,주방용품,T2 동의어,q_주방용품_01,그릇,생활·마트 중 '주방용품'을 판매·제공하는 매장,1b3a7106-ab85-4db6-a9ab-c2694a5c517a,희망그릇,그릇,남광주시장,전통시장,광주광역시,3.0,3.0,,,RESOLVED_AGREEMENT,False,3,,,,
b4ad02e88151a1b16bc9,test,주방용품,T2 동의어,q_주방용품_01,그릇,생활·마트 중 '주방용품'을 판매·제공하는 매장,188f175b-fdb4-4e3c-8274-e2aabdb0295f,동부그릇,그릇,남목전통시장,전통시장,울산광역시,3.0,3.0,,,RESOLVED_AGREEMENT,False,3,,,,
270c9a705b77803d8500,test,주방용품,T2 동의어,q_주방용품_01,그릇,생활·마트 중 '주방용품'을 판매·제공하는 매장,b0bbcd8e-7977-49ec-a42d-86a329c4b7e1,복단지,그릇,신안프라자전통시장,전통시장,경기도,3.0,3.0,,,RESOLVED_AGREEMENT,False,3,,,,
63259de94f8ef34281d6,test,주방용품,T2 동의어,q_주방용품_01,그릇,생활·마트 중 '주방용품'을 판매·제공하는 매장,256bae7c-c6de-4ab9-9bfa-fbe46a8892db,유공그릇,그릇,청학시장,전통시장,부산광역시,3.0,3.0,,,RESOLVED_AGREEMENT,False,3,,,,
dc23c64175807183f938,test,주방용품,T2 동의어,q_주방용품_01,그릇,생활·마트 중 '주방용품'을 판매·제공하는 매장,dce920d3-3261-42f3-91b9-2e1c9e3c0412,부산그릇,그릇,사상시장,전통시장,부산광역시,3.0,3.0,,,RESOLVED_AGREEMENT,False,3,,,,
795e4077f43d264fc099,test,주방용품,T2 동의어,q_주방용품_01,그릇,생활·마트 중 '주방용품'을 판매·제공하는 매장,10c49708-f32e-4388-ba47-c30a7d58ecea,단대그릇센타,식기,단대마트시장,전통시장,경기도,3.0,3.0,,,RESOLVED_AGREEMENT,False,3,,,,
673b44a3541f752ee82b,test,주방용품,T2 동의어,q_주방용품_01,그릇,생활·마트 중 '주방용품'을 판매·제공하는 매장,05407993-f65d-4b47-b23f-2bbbcef3232e,영화상회,요업제품식기,보령한내시장,전통시장,충청남도,3.0,3.0,,,RESOLVED_AGREEMENT,False,3,,,,
a49fea934722bca6bc66,test,주방용품,T2 동의어,q_주방용품_01,그릇,생활·마트 중 '주방용품'을 판매·제공하는 매장,001fe873-89a3-474a-b8d2-8526408e992d,진미해장국,음식점업(한식),평택통복시장,전통시장,경기도,0.0,0.0,,,RESOLVED_AGREEMENT,False,0,,,,
1b940f94ab495b118710,test,주방용품,T2 동의어,q_주방용품_01,그릇,생활·마트 중 '주방용품'을 판매·제공하는 매장,1aeabc4c-a2a0-495d-a0b7-2cc5b42a5c52,한영상회,그릇(식기),동문재래시장,전통시장,제주특별자치도,3.0,3.0,,,RESOLVED_AGREEMENT,False,3,,,,
ea88df300b87a0b9b6ef,test,주방용품,T2 동의어,q_주방용품_01,그릇,생활·마트 중 '주방용품'을 판매·제공하는 매장,9c2fe2fe-a698-4443-8cea-f32fc48ced48,대성그릇,그릇,주문진종합시장,전통시장,강원특별자치도,3.0,3.0,,,RESOLVED_AGREEMENT,False,3,,,,
0b5e1885dcacedbe8de9,test,주방용품,T2 동의어,q_주방용품_01,그릇,생활·마트 중 '주방용품'을 판매·제공하는 매장,d26f6a78-bf8a-451a-b009-3d91cec4bc5d,선학그릇,그릇,왜관시장,전통시장,경상북도,3.0,3.0,,,RESOLVED_AGREEMENT,False,3,,,,
34281470744ae905704b,test,주방용품,T2 동의어,q_주방용품_01,그릇,생활·마트 중 '주방용품'을 판매·제공하는 매장,161f98c1-ab14-4fa9-8ca4-3b1a583c1a92,시민그릇,그릇 잡화,제주시민속오일시장,전통시장,제주특별자치도,3.0,3.0,,,RESOLVED_AGREEMENT,False,3,,,,
cd6cc813c8dff6ffa1ce,test,주방용품,T2 동의어,q_주방용품_01,그릇,생활·마트 중 '주방용품'을 판매·제공하는 매장,e86e218f-273d-4055-81eb-eb74767ff31f,명성그릇,그릇,부천상동시장,전통시장,경기도,3.0,3.0,,,RESOLVED_AGREEMENT,False,3,,,,
65634374bf9d7508b0cf,test,주방용품,T2 동의어,q_주방용품_01,그릇,생활·마트 중 '주방용품'을 판매·제공하는 매장,1208514a-16ca-47d0-a5a7-ecd8f25655c3,대림그릇,그릇,문창시장,전통시장,대전광역시,3.0,3.0,,,RESOLVED_AGREEMENT,False,3,,,,
c9ae47eec78cad7a9b3c,test,주방용품,T2 동의어,q_주방용품_01,그릇,생활·마트 중 '주방용품'을 판매·제공하는 매장,fe4a7c64-9d32-46f3-8235-db78726c439d,유키카레,카레,목포원도심상점가,자율상권구역,전라남도,0.0,0.0,,,RESOLVED_AGREEMENT,False,0,,,,
e63fd71ba1c048703cd1,test,주방용품,T2 동의어,q_주방용품_01,그릇,생활·마트 중 '주방용품'을 판매·제공하는 매장,01b28f89-fee4-4811-8c5a-4c728f24c0ba,백미스탠,그릇 주방용품,대야전통시장,전통시장,전북특별자치도,3.0,3.0,,,RESOLVED_AGREEMENT,False,3,,,,
b618b8d0d8b1fc6ab1fb,test,주방용품,T2 동의어,q_주방용품_01,그릇,생활·마트 중 '주방용품'을 판매·제공하는 매장,11adba55-25cd-4c12-bfae-5adde6616694,만물그릇,그릇,장수시장,전통시장,전북특별자치도,3.0,3.0,,,RESOLVED_AGREEMENT,False,3,,,,
06262c60cb10c1f49ee7,test,주방용품,T2 동의어,q_주방용품_01,그릇,생활·마트 중 '주방용품'을 판매·제공하는 매장,de7ee8a7-a83d-47f8-875d-158eacc9312f,수정그릇,그릇,강화중앙시장(A·B동),전통시장,인천광역시,3.0,3.0,,,RESOLVED_AGREEMENT,False,3,,,,
1a38098760b40fbad900,test,주방용품,T2 동의어,q_주방용품_01,그릇,생활·마트 중 '주방용품'을 판매·제공하는 매장,057ec4ea-db65-4b8d-9b03-a42e0a360932,해송상회,농산물,부전상가시장,전통시장,부산광역시,0.0,0.0,,,RESOLVED_AGREEMENT,False,0,,,,
8342c0ab33c8baa4eb49,test,주방용품,T2 동의어,q_주방용품_01,그릇,생활·마트 중 '주방용품'을 판매·제공하는 매장,166c6c3b-2832-48d0-89d6-93ce0c9d6df8,경인사,,청주육거리종합시장,전통시장,충청북도,,0.0,Y,,P0_UNCERTAIN_OR_MISSING,True,,,,,
72c1b4f1dd61ff0808d4,test,주방용품,T2 동의어,q_주방용품_01,그릇,생활·마트 중 '주방용품'을 판매·제공하는 매장,61be38fd-3677-4bb6-bfc4-cb5fab94f727,이조그릇,그릇,말바우시장,전통시장,광주광역시,3.0,3.0,,,RESOLVED_AGREEMENT,False,3,,,,
25a0e47da0b429d9b89b,test,주방용품,T2 동의어,q_주방용품_01,그릇,생활·마트 중 '주방용품'을 판매·제공하는 매장,7d7cb453-c193-4ecb-8b53-bda0412ae1d6,그릇필요해,그릇,황룡시장,전통시장,전라남도,3.0,3.0,,,RESOLVED_AGREEMENT,False,3,,,,
46c9b05de9487a055560,test,주방용품,T2 동의어,q_주방용품_01,그릇,생활·마트 중 '주방용품'을 판매·제공하는 매장,57cd02af-9619-44a8-9cec-807fccf8197f,밀려오네그릇,그릇,대림시장,전통시장,서울특별시,3.0,3.0,,,RESOLVED_AGREEMENT,False,3,,,,
2b54ddda25783e72f117,test,주방용품,T2 동의어,q_주방용품_01,그릇,생활·마트 중 '주방용품'을 판매·제공하는 매장,6f8dafc9-ce2d-49e5-b0f4-4b24e03a3892,삼진그릇,그릇,남대문시장,전통시장,서울특별시,3.0,3.0,,,RESOLVED_AGREEMENT,False,3,,,,
2a7f30679a474a6c6769,test,주방용품,T2 동의어,q_주방용품_01,그릇,생활·마트 중 '주방용품'을 판매·제공하는 매장,012185b9-46f5-4d62-8672-7c17d43b6886,남북상사,"도소매(잡화), 그릇",남대문시장,전통시장,서울특별시,3.0,3.0,,,RESOLVED_AGREEMENT,False,3,,,,
e09a00b72feaab84ea98,test,주방용품,T2 동의어,q_주방용품_01,그릇,생활·마트 중 '주방용품'을 판매·제공하는 매장,4fe85acf-f098-4cd4-b5be-12714e8acf1e,진광그릇,그릇,남부종합시장,전통시장,인천광역시,3.0,3.0,,,RESOLVED_AGREEMENT,False,3,,,,
2597ce0f9660c048195f,test,주방용품,T2 동의어,q_주방용품_01,그릇,생활·마트 중 '주방용품'을 판매·제공하는 매장,ff73ae5d-780b-4820-9323-305151d05695,동광그릇,그릇,함안 가야전통시장,전통시장,경상남도,3.0,3.0,,,RESOLVED_AGREEMENT,False,3,,,,
3aeb3adfc93882bb679e,test,주방용품,T2 동의어,q_주방용품_01,그릇,생활·마트 중 '주방용품'을 판매·제공하는 매장,f0bf5ba9-c083-4570-969e-e4837d0a7d2e,안성그릇,그릇,양동복개상가,전통시장,광주광역시,3.0,3.0,,,RESOLVED_AGREEMENT,False,3,,,,
c474d864633a9c21f71d,test,주방용품,T2 동의어,q_주방용품_01,그릇,생활·마트 중 '주방용품'을 판매·제공하는 매장,275c73f1-fc79-44a0-8e1a-b5f2531e1ed6,부전그릇,그릇,부전상가시장,전통시장,부산광역시,3.0,3.0,,,RESOLVED_AGREEMENT,False,3,,,,
f951e0f487a513532511,test,주방용품,T2 동의어,q_주방용품_01,그릇,생활·마트 중 '주방용품'을 판매·제공하는 매장,50c3eeac-51d0-47a8-9190-8e4df272acc0,삼영그릇,그릇,해운대시장,전통시장,부산광역시,3.0,3.0,,,RESOLVED_AGREEMENT,False,3,,,,
5a362ca44f1ed780e2b1,test,주방용품,T2 동의어,q_주방용품_01,그릇,생활·마트 중 '주방용품'을 판매·제공하는 매장,fa9e5311-db95-4f12-bd65-d6a9fea773fb,백산그릇,그릇,부산진시장,전통시장,부산광역시,3.0,3.0,,,RESOLVED_AGREEMENT,False,3,,,,
41a082ba90be073dede3,test,주방용품,T2 동의어,q_주방용품_01,그릇,생활·마트 중 '주방용품'을 판매·제공하는 매장,5ee6049c-18b9-4c1b-bd90-f5aaf9d76c1b,서동그릇,그릇,서동향토시장,전통시장,부산광역시,3.0,3.0,,,RESOLVED_AGREEMENT,False,3,,,,
af620477e03d7753cd95,test,주방용품,T2 동의어,q_주방용품_01,그릇,생활·마트 중 '주방용품'을 판매·제공하는 매장,9ae76383-255d-4e07-b501-445c09d4f462,일등그릇,그릇,남원공설시장,전통시장,전북특별자치도,3.0,3.0,,,RESOLVED_AGREEMENT,False,3,,,,
2ad4979162810f27d920,test,주방용품,T2 동의어,q_주방용품_01,그릇,생활·마트 중 '주방용품'을 판매·제공하는 매장,cffc0344-184a-4776-93a8-a4582c396f25,유환사,그릇,송도역전시장,전통시장,인천광역시,3.0,3.0,,,RESOLVED_AGREEMENT,False,3,,,,
89154abb93bf6701a08f,test,주방용품,T2 동의어,q_주방용품_01,그릇,생활·마트 중 '주방용품'을 판매·제공하는 매장,00315b91-ae04-4ca0-bc66-43dc7858b0d5,시옷이응,도자기,예스파크 상점가,자율상권구역,경기도,2.0,3.0,,,P2_GRADED_ONLY,True,,,,,
9f877800a9ccdeaac005,test,주방용품,T2 동의어,q_주방용품_01,그릇,생활·마트 중 '주방용품'을 판매·제공하는 매장,4eaf50ff-cec7-4a6d-b9f6-0e90b77e287d,희망그릇,그릇,남광주시장,전통시장,,3.0,3.0,,,RESOLVED_AGREEMENT,False,3,,,,
19dee28533a730a65a13,test,주방용품,T2 동의어,q_주방용품_01,그릇,생활·마트 중 '주방용품'을 판매·제공하는 매장,8567e70a-a8af-48ec-a0c6-8559f1110633,보배그릇,그릇,경주성동공설시장,전통시장,경상북도,3.0,3.0,,,RESOLVED_AGREEMENT,False,3,,,,
76515dc8c9a0918c718c,test,주방용품,T2 동의어,q_주방용품_01,그릇,생활·마트 중 '주방용품'을 판매·제공하는 매장,26d48cb6-79ec-4b66-8d2a-922ba5ef7592,삼신상회,플라스틱식기,건천시장,전통시장,경상북도,3.0,3.0,,,RESOLVED_AGREEMENT,False,3,,,,
250c3a3435d3de1eb9f0,test,주방용품,T2 동의어,q_주방용품_01,그릇,생활·마트 중 '주방용품'을 판매·제공하는 매장,60ba70f7-57ca-43c4-8892-1bf6acd3c971,유진그릇,그릇,흥해시장,전통시장,경상북도,3.0,3.0,,,RESOLVED_AGREEMENT,False,3,,,,
6d52f65b36679b44efc0,test,주방용품,T2 동의어,q_주방용품_01,그릇,생활·마트 중 '주방용품'을 판매·제공하는 매장,3214b538-e8e1-4331-9188-998446464159,영신그릇,그릇,용산용문시장,전통시장,서울특별시,3.0,3.0,,,RESOLVED_AGREEMENT,False,3,,,,
4e1996f07c5bd9dbd6f2,test,주방용품,T2 동의어,q_주방용품_01,그릇,생활·마트 중 '주방용품'을 판매·제공하는 매장,0079e4d6-6b16-43b7-8b42-1377fc092985,강진옹기,도자기,일곡동(제11지역:용전동) 골목형상점가,골목형상점가,광주광역시,2.0,3.0,,,P2_GRADED_ONLY,True,,,,,
dcf5e481454ad6d8ee95,test,주방용품,T2 동의어,q_주방용품_01,그릇,생활·마트 중 '주방용품'을 판매·제공하는 매장,66a4f02b-cea2-4d32-bb9e-040c8c1cff39,형제그릇,그릇,부전시장,전통시장,부산광역시,3.0,3.0,,,RESOLVED_AGREEMENT,False,3,,,,
f1841903a6827a39cb79,test,주방용품,T2 동의어,q_주방용품_01,그릇,생활·마트 중 '주방용품'을 판매·제공하는 매장,4acc7790-ca4f-4c00-a12d-f8dfd8b4c7a9,대림그릇,그릇,창원 대동훼미리코아종합상가,전통시장,경상남도,3.0,3.0,,,RESOLVED_AGREEMENT,False,3,,,,
2eaf394182bc0e40c716,test,주방용품,T2 동의어,q_주방용품_01,그릇,생활·마트 중 '주방용품'을 판매·제공하는 매장,c0360222-a059-4980-89c7-f54cd5cd79bc,수정그릇,그릇,사강시장,전통시장,경기도,3.0,3.0,,,RESOLVED_AGREEMENT,False,3,,,,
c6d72160d1556f6cd364,test,주방용품,T2 동의어,q_주방용품_02,도자기,생활·마트 중 '주방용품'을 판매·제공하는 매장,8f393583-adfc-41b9-a65e-ab9a831c5801,백제생활도자기,"도자기, 그릇",부여새시장,전통시장,충청남도,3.0,3.0,,,RESOLVED_AGREEMENT,False,3,,,,
f8d54b3fb211d7d810e1,test,주방용품,T2 동의어,q_주방용품_02,도자기,생활·마트 중 '주방용품'을 판매·제공하는 매장,9accec66-fc44-4a3f-b6fe-069775b56838,장훈성공방,도자기,예스파크 상점가,자율상권구역,경기도,3.0,3.0,,,RESOLVED_AGREEMENT,False,3,,,,
7026b8ebcd986801d0e8,test,주방용품,T2 동의어,q_주방용품_02,도자기,생활·마트 중 '주방용품'을 판매·제공하는 매장,866efbc7-8d5c-4578-8cbb-84a016d7b42e,마루 도자기,생활 도자기,양림공예거리 골목형상점가,골목형상점가,광주광역시,3.0,3.0,,,RESOLVED_AGREEMENT,False,3,,,,
04df2208be14efd6d08c,test,주방용품,T2 동의어,q_주방용품_02,도자기,생활·마트 중 '주방용품'을 판매·제공하는 매장,40d1e058-2dad-4010-ba30-5da2f1119b42,식구기,도자기,사기막골도자기시장(구 사기막골도예촌재래시장),전통시장,경기도,3.0,3.0,,,RESOLVED_AGREEMENT,False,3,,,,
6d7bd56ea5e36fb1bb00,test,주방용품,T2 동의어,q_주방용품_02,도자기,생활·마트 중 '주방용품'을 판매·제공하는 매장,c4efc03c-1982-478d-b62e-e7c4a3178cab,도란도자기공방,도자기,권율 골목형상점가,골목형상점가,경기도,3.0,3.0,,,RESOLVED_AGREEMENT,False,3,,,,
07502c9374ad1ae01ac8,test,주방용품,T2 동의어,q_주방용품_02,도자기,생활·마트 중 '주방용품'을 판매·제공하는 매장,6a046c95-31b8-40d6-841d-29161a965e7d,비담은,도자기,예스파크 상점가,자율상권구역,경기도,3.0,3.0,,,RESOLVED_AGREEMENT,False,3,,,,
916266ced2009ef55745,test,주방용품,T2 동의어,q_주방용품_02,도자기,생활·마트 중 '주방용품'을 판매·제공하는 매장,00cbb6f1-18d2-4f15-9af8-bdac08e35c56,비토도예,도자기,사기막골도자기시장(구 사기막골도예촌재래시장),전통시장,경기도,3.0,3.0,,,RESOLVED_AGREEMENT,False,3,,,,
0ec88326e9080f976688,test,주방용품,T2 동의어,q_주방용품_02,도자기,생활·마트 중 '주방용품'을 판매·제공하는 매장,016866c7-7e5a-4c48-b33e-a37f1e579730,백산도요,도자기,사기막골도자기시장(구 사기막골도예촌재래시장),전통시장,경기도,3.0,3.0,,,RESOLVED_AGREEMENT,False,3,,,,
994b2e5518d1f4685528,test,주방용품,T2 동의어,q_주방용품_02,도자기,생활·마트 중 '주방용품'을 판매·제공하는 매장,74da4486-1e33-4e74-9a95-f8f598660ec8,도향원,도자기,사기막골도자기시장(구 사기막골도예촌재래시장),전통시장,경기도,3.0,3.0,,,RESOLVED_AGREEMENT,False,3,,,,
0af43b852d0ee8f72cbc,test,주방용품,T2 동의어,q_주방용품_02,도자기,생활·마트 중 '주방용품'을 판매·제공하는 매장,179d8462-4dc8-430b-927f-d7818ba6fb62,키친나라,주방용식기,하동공설시장,전통시장,경상남도,3.0,3.0,,,RESOLVED_AGREEMENT,False,3,,,,
7fb2e6d3d4ec9cb02e13,test,주방용품,T2 동의어,q_주방용품_02,도자기,생활·마트 중 '주방용품'을 판매·제공하는 매장,cde7c977-53d9-45aa-af81-ff180782d136,상민도예,도자기,사기막골도자기시장(구 사기막골도예촌재래시장),전통시장,경기도,3.0,3.0,,,RESOLVED_AGREEMENT,False,3,,,,
3350ac9a9743671208b8,test,주방용품,T2 동의어,q_주방용품_02,도자기,생활·마트 중 '주방용품'을 판매·제공하는 매장,00315b91-ae04-4ca0-bc66-43dc7858b0d5,시옷이응,도자기,예스파크 상점가,자율상권구역,경기도,3.0,3.0,,,RESOLVED_AGREEMENT,False,3,,,,
ec6a4d4359ad49fcf2b5,test,주방용품,T2 동의어,q_주방용품_02,도자기,생활·마트 중 '주방용품'을 판매·제공하는 매장,d9b4e06a-52ef-4a0b-9e0d-759661e238bb,귀단요 성탄송운,도자기,백년소상공인,기타,경상북도,3.0,3.0,,,RESOLVED_AGREEMENT,False,3,,,,
4f30f9b8b880f4858a09,test,주방용품,T2 동의어,q_주방용품_02,도자기,생활·마트 중 '주방용품'을 판매·제공하는 매장,f73e7171-eaaf-4caf-bc9c-f9ee05293dfb,소꿉놀이,도자기,순천문화의거리 금꽃예술촌,자율상권구역,전라남도,3.0,3.0,,,RESOLVED_AGREEMENT,False,3,,,,
57678438c47faf160ea5,test,주방용품,T2 동의어,q_주방용품_02,도자기,생활·마트 중 '주방용품'을 판매·제공하는 매장,b4f782e9-cc27-44de-a0cb-0faff1c99413,오월,도자기,사기막골도자기시장(구 사기막골도예촌재래시장),전통시장,경기도,3.0,3.0,,,RESOLVED_AGREEMENT,False,3,,,,
90b88ed5c792f18faa79,test,주방용품,T2 동의어,q_주방용품_02,도자기,생활·마트 중 '주방용품'을 판매·제공하는 매장,0014a02e-4166-41fc-bc3d-bc2dac16a32b,이모네김밥,음식점,자양전통시장,전통시장,서울특별시,0.0,0.0,,,RESOLVED_AGREEMENT,False,0,,,,
94a61d80162e0cec11c6,test,주방용품,T2 동의어,q_주방용품_02,도자기,생활·마트 중 '주방용품'을 판매·제공하는 매장,10c49708-f32e-4388-ba47-c30a7d58ecea,단대그릇센타,식기,단대마트시장,전통시장,경기도,3.0,3.0,,,RESOLVED_AGREEMENT,False,3,,,,
fa4dd3e4795641f9950a,test,주방용품,T2 동의어,q_주방용품_02,도자기,생활·마트 중 '주방용품'을 판매·제공하는 매장,012185b9-46f5-4d62-8672-7c17d43b6886,남북상사,"도소매(잡화), 그릇",남대문시장,전통시장,서울특별시,3.0,3.0,,,RESOLVED_AGREEMENT,False,3,,,,
305553ab9e3c6560505f,test,주방용품,T2 동의어,q_주방용품_02,도자기,생활·마트 중 '주방용품'을 판매·제공하는 매장,68ebc88b-fdf0-439b-b50a-089d7df56423,여우자기,도자기,죽전동 상생 골목형상점가,골목형상점가,경기도,3.0,3.0,,,RESOLVED_AGREEMENT,False,3,,,,
3c7e20321d6ca48b57f8,test,주방용품,T2 동의어,q_주방용품_02,도자기,생활·마트 중 '주방용품'을 판매·제공하는 매장,90f957ce-e0f2-4128-928a-207dbb0a0756,풍요,"도소매(도자기), 제조업(도자기)",예스파크 상점가,자율상권구역,경기도,3.0,3.0,,,RESOLVED_AGREEMENT,False,3,,,,
be9633b92600a2a23963,test,주방용품,T2 동의어,q_주방용품_02,도자기,생활·마트 중 '주방용품'을 판매·제공하는 매장,e0892fc6-e585-46d6-80fa-0fd20aa032db,가치,도자기,사기막골도자기시장(구 사기막골도예촌재래시장),전통시장,경기도,3.0,3.0,,,RESOLVED_AGREEMENT,False,3,,,,
b9dd7021d7a196516d96,test,주방용품,T2 동의어,q_주방용품_02,도자기,생활·마트 중 '주방용품'을 판매·제공하는 매장,e751b448-3ece-4b29-9701-0be7c9610f03,가기,도자기,예스파크 상점가,자율상권구역,경기도,3.0,3.0,,,RESOLVED_AGREEMENT,False,3,,,,
da01e27060f39c523a11,test,주방용품,T2 동의어,q_주방용품_02,도자기,생활·마트 중 '주방용품'을 판매·제공하는 매장,738f8022-4b6e-4d28-b09b-5557d4a5d3bd,도자기공방초이,도자기 제품,오류버들시장골목형상점가,골목형상점가,서울특별시,3.0,3.0,,,RESOLVED_AGREEMENT,False,3,,,,
5c964266e1f7b709ed07,test,주방용품,T2 동의어,q_주방용품_02,도자기,생활·마트 중 '주방용품'을 판매·제공하는 매장,3db099fb-46e2-4bb4-9eb1-e2a78ded4639,토원공방,도자기,예스파크 상점가,자율상권구역,경기도,3.0,3.0,,,RESOLVED_AGREEMENT,False,3,,,,
b2892f98633a254f1224,test,주방용품,T2 동의어,q_주방용품_02,도자기,생활·마트 중 '주방용품'을 판매·제공하는 매장,9adcf9ec-4564-400e-8994-a2799c820f41,신성도자기,도자기,예스파크 상점가,자율상권구역,경기도,3.0,3.0,,,RESOLVED_AGREEMENT,False,3,,,,
11ab2f336bc131f37aa6,test,주방용품,T2 동의어,q_주방용품_02,도자기,생활·마트 중 '주방용품'을 판매·제공하는 매장,f31b378a-86a6-4daa-91a1-a0660a5fa1ca,로원요,도자기,예스파크 상점가,자율상권구역,경기도,3.0,3.0,,,RESOLVED_AGREEMENT,False,3,,,,
a60d4f16d21e273b7b59,test,주방용품,T2 동의어,q_주방용품_02,도자기,생활·마트 중 '주방용품'을 판매·제공하는 매장,1e43f034-0adc-4bce-99ed-4bb886cc281b,서우,도자기,예스파크 상점가,자율상권구역,경기도,3.0,3.0,,,RESOLVED_AGREEMENT,False,3,,,,
54f2e4853c288c0d9f05,test,주방용품,T2 동의어,q_주방용품_02,도자기,생활·마트 중 '주방용품'을 판매·제공하는 매장,6658f1a8-a7ee-40e2-89db-d9cea19d57b2,시너지,의류,양산 덕계종합상설시장,전통시장,경상남도,0.0,0.0,,,RESOLVED_AGREEMENT,False,0,,,,
2cb35257bb17d082abdd,test,주방용품,T2 동의어,q_주방용품_02,도자기,생활·마트 중 '주방용품'을 판매·제공하는 매장,9531a912-6042-4287-9561-0794c4b7e2d0,가치,도자기,예스파크 상점가,자율상권구역,경기도,3.0,3.0,,,RESOLVED_AGREEMENT,False,3,,,,
daba4eed640014d4a0a4,test,주방용품,T2 동의어,q_주방용품_02,도자기,생활·마트 중 '주방용품'을 판매·제공하는 매장,e359d2b0-0ae1-464b-ba83-99117bd0737f,소소도자기공방,도자기,효자시장,전통시장,경상북도,3.0,3.0,,,RESOLVED_AGREEMENT,False,3,,,,
227443101ce0688093bd,test,주방용품,T2 동의어,q_주방용품_02,도자기,생활·마트 중 '주방용품'을 판매·제공하는 매장,011e8cfe-0737-49db-8250-68e7a51ca170,토담도예,생활도자기,㈜르네시떼,전통시장,부산광역시,3.0,3.0,,,RESOLVED_AGREEMENT,False,3,,,,
bdc69548fefd180b6764,test,주방용품,T2 동의어,q_주방용품_02,도자기,생활·마트 중 '주방용품'을 판매·제공하는 매장,213f001c-0ccc-4af2-9d7a-3e2488649dd7,송암,도자기,예스파크 상점가,자율상권구역,경기도,3.0,3.0,,,RESOLVED_AGREEMENT,False,3,,,,
773d11e2755007f9c88c,test,주방용품,T2 동의어,q_주방용품_02,도자기,생활·마트 중 '주방용품'을 판매·제공하는 매장,64246277-000f-4205-9b6f-dda7f8b1f39b,김석빈도자기,도자기,예스파크 상점가,자율상권구역,경기도,3.0,3.0,,,RESOLVED_AGREEMENT,False,3,,,,
593ba1dedf0bf62881ae,test,주방용품,T2 동의어,q_주방용품_02,도자기,생활·마트 중 '주방용품'을 판매·제공하는 매장,922cac6c-3be9-4128-a673-9206cd639342,루히게케라믹,도자기,예스파크 상점가,자율상권구역,경기도,3.0,3.0,,,RESOLVED_AGREEMENT,False,3,,,,
939ea0f49c9736c61a69,test,주방용품,T2 동의어,q_주방용품_02,도자기,생활·마트 중 '주방용품'을 판매·제공하는 매장,e4d6bf9d-25b8-460d-8faa-f816568e7d92,대일도자기,"도자기, 유리",새길시장,전통시장,대구광역시,3.0,3.0,,,RESOLVED_AGREEMENT,False,3,,,,
b72a5258d1e370e14955,test,주방용품,T2 동의어,q_주방용품_02,도자기,생활·마트 중 '주방용품'을 판매·제공하는 매장,1e5919fd-bc6c-4e04-b738-fc6817f93781,명인당한의원,의료서비스,쇠내울골목형상점가,골목형상점가,충청북도,0.0,0.0,,,RESOLVED_AGREEMENT,False,0,,,,
838b0c707fed405b7716,test,주방용품,T2 동의어,q_주방용품_02,도자기,생활·마트 중 '주방용품'을 판매·제공하는 매장,92107eca-235e-47e8-a660-1bb47698351c,도자기앤,도자기(그릇),창원 성원그랜드쇼핑상가,전통시장,경상남도,3.0,3.0,,,RESOLVED_AGREEMENT,False,3,,,,
04bea9817d9ee5afa20b,test,주방용품,T2 동의어,q_주방용품_02,도자기,생활·마트 중 '주방용품'을 판매·제공하는 매장,9e11c349-abbe-4b06-8d80-a0e89efb8f06,아로마패션,의류,포항죽도시장,전통시장,경상북도,0.0,0.0,,,RESOLVED_AGREEMENT,False,0,,,,
f710151b8bd5a7a4b3d1,test,주방용품,T2 동의어,q_주방용품_02,도자기,생활·마트 중 '주방용품'을 판매·제공하는 매장,d05ae228-5b20-4f2f-8541-d2779a1e7849,도자기shop녹두,도자기,예스파크 상점가,자율상권구역,경기도,3.0,3.0,,,RESOLVED_AGREEMENT,False,3,,,,
f0cd1d3303f7a7d60693,test,주방용품,T2 동의어,q_주방용품_02,도자기,생활·마트 중 '주방용품'을 판매·제공하는 매장,e6f5ec80-948f-4958-bd48-35350930702a,무릉도원,도자기,예스파크 상점가,자율상권구역,경기도,3.0,3.0,,,RESOLVED_AGREEMENT,False,3,,,,
46e41d01f55b37bcc440,test,주방용품,T2 동의어,q_주방용품_02,도자기,생활·마트 중 '주방용품'을 판매·제공하는 매장,01448ddc-182e-4a13-8e2c-7377a3be0b95,부흥상회,"소매업(그릇,주방용품)",죽산시장,전통시장,경기도,3.0,3.0,,,RESOLVED_AGREEMENT,False,3,,,,
f3b802ce33e30a96041a,test,주방용품,T2 동의어,q_주방용품_02,도자기,생활·마트 중 '주방용품'을 판매·제공하는 매장,05407993-f65d-4b47-b23f-2bbbcef3232e,영화상회,요업제품식기,보령한내시장,전통시장,충청남도,3.0,3.0,,,RESOLVED_AGREEMENT,False,3,,,,
6273189f264fb82d7af8,test,주방용품,T2 동의어,q_주방용품_02,도자기,생활·마트 중 '주방용품'을 판매·제공하는 매장,00019073-6f11-4f0f-b26f-342cc4f92c0a,만선회센타,음식및숙박업(일본음식점업),전북대대학로상점가,자율상권구역,전북특별자치도,0.0,0.0,,,RESOLVED_AGREEMENT,False,0,,,,
ab6d22ae1e95465dd254,test,주방용품,T2 동의어,q_주방용품_02,도자기,생활·마트 중 '주방용품'을 판매·제공하는 매장,01e5414f-6d15-4b32-8ecb-21f61d103f80,현대주방기물백화점,"그릇, 주방기물",호계공설시장,전통시장,울산광역시,3.0,3.0,,,RESOLVED_AGREEMENT,False,3,,,,
17eb0e485fc6771e65d3,test,주방용품,T2 동의어,q_주방용품_02,도자기,생활·마트 중 '주방용품'을 판매·제공하는 매장,260c0ade-c663-4b6c-aa7b-e51865106e20,신성도자기,도자기,예스파크 상점가,자율상권구역,경기도,3.0,3.0,,,RESOLVED_AGREEMENT,False,3,,,,
4de6afc6cd4306f24799,test,주방용품,T2 동의어,q_주방용품_02,도자기,생활·마트 중 '주방용품'을 판매·제공하는 매장,554245a7-0a4e-44ef-b6a9-85c4886e7214,예빈시,도자기,예스파크 상점가,자율상권구역,경기도,3.0,3.0,,,RESOLVED_AGREEMENT,False,3,,,,
2bfe6980dd66ae974fe6,test,주방용품,T2 동의어,q_주방용품_02,도자기,생활·마트 중 '주방용품'을 판매·제공하는 매장,a6ab6904-0c27-4abe-a9ee-c0cf665fd840,화개진가,도자기,하동 화개장터,전통시장,경상남도,3.0,3.0,,,RESOLVED_AGREEMENT,False,3,,,,
27504d51bbea308c7968,test,주방용품,T2 동의어,q_주방용품_02,도자기,생활·마트 중 '주방용품'을 판매·제공하는 매장,a9326c5d-b0f5-46e5-a728-f3810232c1be,153구포국수(봉천점),한식,봉천달빛길골목형상점가,골목형상점가,서울특별시,0.0,0.0,,,RESOLVED_AGREEMENT,False,0,,,,
5cdc5dee932e229008c6,test,주방용품,T2 동의어,q_주방용품_02,도자기,생활·마트 중 '주방용품'을 판매·제공하는 매장,0740d861-8323-4555-bce7-cf8469ebae04,토이랜드,완구,중앙신시장,전통시장,경상북도,0.0,0.0,,,RESOLVED_AGREEMENT,False,0,,,,
01c28f66c22b8de83166,test,주방용품,T2 동의어,q_주방용품_02,도자기,생활·마트 중 '주방용품'을 판매·제공하는 매장,0010dbec-3031-440c-bda7-3d61761163a9,금송아지,음식점업,구미 진평음식문화특화거리 골목형상점가,골목형상점가,경상북도,0.0,0.0,,,RESOLVED_AGREEMENT,False,0,,,,
d08f1485ce879fef26f4,test,주방용품,T2 동의어,q_주방용품_02,도자기,생활·마트 중 '주방용품'을 판매·제공하는 매장,bec92d74-65f6-482a-8b6b-4fd9ecc51d1b,한신옹기,도자기,해방촌 골목형상점가,골목형상점가,서울특별시,3.0,3.0,,,RESOLVED_AGREEMENT,False,3,,,,
f452b298ab376bb35619,test,주방용품,T2 동의어,q_주방용품_02,도자기,생활·마트 중 '주방용품'을 판매·제공하는 매장,a626a620-81d7-4d2a-9708-7c2328bd98e9,사계연,도자기,예스파크 상점가,자율상권구역,경기도,3.0,3.0,,,RESOLVED_AGREEMENT,False,3,,,,
21496b72dbbe4874a6bb,test,주방용품,T2 동의어,q_주방용품_02,도자기,생활·마트 중 '주방용품'을 판매·제공하는 매장,fb10ad36-6222-4bbf-9d5b-ba1b955e4faf,도야,도자기,달아실 골목형상점가,골목형상점가,광주광역시,3.0,3.0,,,RESOLVED_AGREEMENT,False,3,,,,
08796daf5a8418e2c40a,test,주방용품,T2 동의어,q_주방용품_02,도자기,생활·마트 중 '주방용품'을 판매·제공하는 매장,26d48cb6-79ec-4b66-8d2a-922ba5ef7592,삼신상회,플라스틱식기,건천시장,전통시장,경상북도,3.0,3.0,,,RESOLVED_AGREEMENT,False,3,,,,
d76c28758cc05ba0a872,test,주방용품,T2 동의어,q_주방용품_02,도자기,생활·마트 중 '주방용품'을 판매·제공하는 매장,ede777a8-dcdb-4fa7-8713-a3403c00bc78,미르공방,도자기,예스파크 상점가,자율상권구역,경기도,3.0,3.0,,,RESOLVED_AGREEMENT,False,3,,,,
97a71a52abada1df92ea,test,주방용품,T2 동의어,q_주방용품_02,도자기,생활·마트 중 '주방용품'을 판매·제공하는 매장,50b3b4b5-b8a3-47d1-ba67-a7e54c234075,해필,책 도자기,부여도심 상권활성화구역,상권활성화구역,충청남도,3.0,3.0,,,RESOLVED_AGREEMENT,False,3,,,,
3b606e9993f07523773d,test,주방용품,T2 동의어,q_주방용품_02,도자기,생활·마트 중 '주방용품'을 판매·제공하는 매장,7f2c814c-0d4b-41f3-8247-81849f8900eb,아향,도자기,빛고을공예창작촌 골목형상점가,골목형상점가,광주광역시,3.0,3.0,,,RESOLVED_AGREEMENT,False,3,,,,
4afee84ad9268c61c104,test,주방용품,T2 동의어,q_주방용품_02,도자기,생활·마트 중 '주방용품'을 판매·제공하는 매장,01b28f89-fee4-4811-8c5a-4c728f24c0ba,백미스탠,그릇 주방용품,대야전통시장,전통시장,전북특별자치도,3.0,3.0,,,RESOLVED_AGREEMENT,False,3,,,,
027efbd260a391235f33,test,주방용품,T2 동의어,q_주방용품_02,도자기,생활·마트 중 '주방용품'을 판매·제공하는 매장,f603c345-6c37-40d1-af50-9d044a5f2e44,와라통신,휴대폰기기,지석사거리 골목형상점가,골목형상점가,광주광역시,0.0,0.0,,,RESOLVED_AGREEMENT,False,0,,,,
c213226bd9161f1508f7,test,주방용품,T2 동의어,q_주방용품_02,도자기,생활·마트 중 '주방용품'을 판매·제공하는 매장,58ca8915-7206-4551-9740-3ecdcddaf8f4,모지스 도자기 공방,도자기,능동상가,자율상권구역,경기도,3.0,3.0,,,RESOLVED_AGREEMENT,False,3,,,,
fba50ab4cd76655b6d8d,test,주방용품,T2 동의어,q_주방용품_02,도자기,생활·마트 중 '주방용품'을 판매·제공하는 매장,0079e4d6-6b16-43b7-8b42-1377fc092985,강진옹기,도자기,일곡동(제11지역:용전동) 골목형상점가,골목형상점가,광주광역시,3.0,3.0,,,RESOLVED_AGREEMENT,False,3,,,,
e38f9473f34069a49307,test,주방용품,T2 동의어,q_주방용품_02,도자기,생활·마트 중 '주방용품'을 판매·제공하는 매장,7e02b42e-b01e-4baa-a541-f4e0ec0a50a6,고르고,"채소, 과일",위드수암 골목형상점가,골목형상점가,울산광역시,0.0,0.0,,,RESOLVED_AGREEMENT,False,0,,,,
430fee7b16615dcd74bd,test,주방용품,T2 동의어,q_주방용품_02,도자기,생활·마트 중 '주방용품'을 판매·제공하는 매장,cc0e0be3-dc7a-4b35-9d8e-b7c1080b29e1,도미솔,도자기,신흥시장,전통시장,서울특별시,3.0,3.0,,,RESOLVED_AGREEMENT,False,3,,,,
972f9df04129ce25c790,test,주방용품,T2 동의어,q_주방용품_02,도자기,생활·마트 중 '주방용품'을 판매·제공하는 매장,28104724-2062-4f80-81dd-2a8df0112253,식구기,도자기,예스파크 상점가,자율상권구역,경기도,3.0,3.0,,,RESOLVED_AGREEMENT,False,3,,,,
b91ea2597db8cec8e3c5,test,주방용품,T2 동의어,q_주방용품_02,도자기,생활·마트 중 '주방용품'을 판매·제공하는 매장,1aeabc4c-a2a0-495d-a0b7-2cc5b42a5c52,한영상회,그릇(식기),동문재래시장,전통시장,제주특별자치도,3.0,3.0,,,RESOLVED_AGREEMENT,False,3,,,,
50c12e999536e5f81346,test,주방용품,T2 동의어,q_주방용품_02,도자기,생활·마트 중 '주방용품'을 판매·제공하는 매장,abd4f9f4-0e2f-4789-9ad8-97ffa516668b,우치,도자기,사기막골도자기시장(구 사기막골도예촌재래시장),전통시장,경기도,3.0,3.0,,,RESOLVED_AGREEMENT,False,3,,,,
0a5bc7415db403cc9cc0,test,주방용품,T2 동의어,q_주방용품_02,도자기,생활·마트 중 '주방용품'을 판매·제공하는 매장,cfe63715-9a0c-48ea-b2d9-11a0b49cecd4,김별희,도자기,예스파크 상점가,자율상권구역,경기도,3.0,3.0,,,RESOLVED_AGREEMENT,False,3,,,,
5f54131c8a995da3b6a5,test,주방용품,T2 동의어,q_주방용품_02,도자기,생활·마트 중 '주방용품'을 판매·제공하는 매장,c74048a2-ac90-4661-80af-f618fc6ea0ac,동광요,도자기,사기막골도자기시장(구 사기막골도예촌재래시장),전통시장,경기도,3.0,3.0,,,RESOLVED_AGREEMENT,False,3,,,,
fdf6e9f887f30f8806a4,test,주방용품,T2 동의어,q_주방용품_02,도자기,생활·마트 중 '주방용품'을 판매·제공하는 매장,5afd4580-feac-4ab2-993a-56dc081a7740,야채백화점,야채,성서와룡시장,전통시장,대구광역시,0.0,0.0,,,RESOLVED_AGREEMENT,False,0,,,,
18d8e328756e1328415a,test,주방용품,T2 동의어,q_주방용품_02,도자기,생활·마트 중 '주방용품'을 판매·제공하는 매장,48720d7e-cda9-4f46-8c29-c15d17dae9ee,금모을요,"도소매(도자기), 제조(도자기)",예스파크 상점가,자율상권구역,경기도,3.0,3.0,,,RESOLVED_AGREEMENT,False,3,,,,
67539aec902d06539a9f,test,주방용품,T2 동의어,q_주방용품_02,도자기,생활·마트 중 '주방용품'을 판매·제공하는 매장,b151c8dd-9efe-4674-8e9e-da4e26ecd091,향토빛,도자기,사기막골도자기시장(구 사기막골도예촌재래시장),전통시장,경기도,3.0,3.0,,,RESOLVED_AGREEMENT,False,3,,,,
f4163094fc24eb2335e0,test,주방용품,T2 동의어,q_주방용품_02,도자기,생활·마트 중 '주방용품'을 판매·제공하는 매장,ba9eb3d3-8e67-42fb-b022-d069a63a3c69,희고희고,도자기,예스파크 상점가,자율상권구역,경기도,3.0,3.0,,,RESOLVED_AGREEMENT,False,3,,,,
696949181906045bca1a,test,주방용품,T2 동의어,q_주방용품_02,도자기,생활·마트 중 '주방용품'을 판매·제공하는 매장,3e5e2a40-cf9e-4e63-94ae-6c98a7ed83e5,나작가,도자기,예스파크 상점가,자율상권구역,경기도,3.0,3.0,,,RESOLVED_AGREEMENT,False,3,,,,
ae86508c12cb570feef9,test,주방용품,T2 동의어,q_주방용품_02,도자기,생활·마트 중 '주방용품'을 판매·제공하는 매장,3ee02249-8301-4aec-91d5-c2ea0901b59a,태관도요,도자기,사기막골도자기시장(구 사기막골도예촌재래시장),전통시장,경기도,3.0,3.0,,,RESOLVED_AGREEMENT,False,3,,,,
9dc06c04ab3269d830ee,test,주방용품,T2 동의어,q_주방용품_02,도자기,생활·마트 중 '주방용품'을 판매·제공하는 매장,503d50e8-e471-47c1-83b6-ce2eeeba551a,산음,도자기,예스파크 상점가,자율상권구역,경기도,3.0,3.0,,,RESOLVED_AGREEMENT,False,3,,,,
e4e4a703a6169dc86293,test,주방용품,T2 동의어,q_주방용품_02,도자기,생활·마트 중 '주방용품'을 판매·제공하는 매장,828d32da-51ed-4977-a02c-e63d4a6d4dda,봉강요,도자기,백년소상공인,기타,전북특별자치도,3.0,3.0,,,RESOLVED_AGREEMENT,False,3,,,,
195e43ec63adaac383d8,test,주방용품,T2 동의어,q_주방용품_02,도자기,생활·마트 중 '주방용품'을 판매·제공하는 매장,6b3ff199-5667-47cd-b5a4-28cbffea6563,무경,도자기,사기막골도자기시장(구 사기막골도예촌재래시장),전통시장,경기도,3.0,3.0,,,RESOLVED_AGREEMENT,False,3,,,,
7a5c6e5d8453307ac18e,test,주방용품,T2 동의어,q_주방용품_02,도자기,생활·마트 중 '주방용품'을 판매·제공하는 매장,001fe873-89a3-474a-b8d2-8526408e992d,진미해장국,음식점업(한식),평택통복시장,전통시장,경기도,0.0,0.0,,,RESOLVED_AGREEMENT,False,0,,,,
b90f0f1b666b4c73bf7d,test,주방용품,T2 동의어,q_주방용품_02,도자기,생활·마트 중 '주방용품'을 판매·제공하는 매장,77861c73-beb3-4573-9465-423bb37c4b20,테라도자기공방,도자기,엄사 골목형상점가,골목형상점가,충청남도,3.0,3.0,,,RESOLVED_AGREEMENT,False,3,,,,
2d21a7d0a4a69a012e80,test,주방용품,T2 동의어,q_주방용품_02,도자기,생활·마트 중 '주방용품'을 판매·제공하는 매장,c4d2bbb0-5016-418a-9791-258f09d5e2a6,여토공방,도자기,예스파크 상점가,자율상권구역,경기도,3.0,3.0,,,RESOLVED_AGREEMENT,False,3,,,,
b111ebd458ce40b5d0b3,test,주방용품,T2 동의어,q_주방용품_02,도자기,생활·마트 중 '주방용품'을 판매·제공하는 매장,efaa8c84-dc9f-4f97-a499-9c20c5a626b6,김소현도자기,도자기,예스파크 상점가,자율상권구역,경기도,3.0,3.0,,,RESOLVED_AGREEMENT,False,3,,,,
36b8369bdde3d4b3c427,test,주방용품,T2 동의어,q_주방용품_02,도자기,생활·마트 중 '주방용품'을 판매·제공하는 매장,0949a70a-0eb6-411e-8394-be79fbe3d793,춘강흙내음,도자기,예스파크 상점가,자율상권구역,경기도,3.0,3.0,,,RESOLVED_AGREEMENT,False,3,,,,
be51ba8876b19ccdb525,test,주방용품,T2 동의어,q_주방용품_02,도자기,생활·마트 중 '주방용품'을 판매·제공하는 매장,2a98d583-bf72-4b96-88b1-8663500b3479,도자기공방 수작,도자기 공방,매곡 골목형상점가,골목형상점가,대구광역시,3.0,3.0,,,RESOLVED_AGREEMENT,False,3,,,,
9a73028d252ecb316061,test,주방용품,T2 동의어,q_주방용품_02,도자기,생활·마트 중 '주방용품'을 판매·제공하는 매장,01b512e5-9a35-44cd-a0a6-7e29d0d85256,보물찾기,그릇 및 잡화,제일종합시장,전통시장,강원특별자치도,3.0,3.0,,,RESOLVED_AGREEMENT,False,3,,,,
a50882a93d2eed1e65a5,test,주방용품,T2 동의어,q_주방용품_02,도자기,생활·마트 중 '주방용품'을 판매·제공하는 매장,678e443b-cd60-42be-9508-808a4b7b990c,대륙제형,도자기,예스파크 상점가,자율상권구역,경기도,3.0,3.0,,,RESOLVED_AGREEMENT,False,3,,,,
1876a34737c4f13b9751,test,주방용품,T2 동의어,q_주방용품_02,도자기,생활·마트 중 '주방용품'을 판매·제공하는 매장,00099bd3-766a-4148-a64c-5356a9d5aad2,초장집 미사점,음식점,미사강변 골목형상점가,골목형상점가,경기도,0.0,0.0,,,RESOLVED_AGREEMENT,False,0,,,,
6d8ad5b524e56a51a936,test,주방용품,T2 동의어,q_주방용품_02,도자기,생활·마트 중 '주방용품'을 판매·제공하는 매장,64b03db9-09e0-4525-b3fd-bd680b2b9c6c,연빚,도자기,삼척중앙시장,전통시장,강원특별자치도,3.0,3.0,,,RESOLVED_AGREEMENT,False,3,,,,
53133541dea520e2204f,test,주방용품,T2 동의어,q_주방용품_02,도자기,생활·마트 중 '주방용품'을 판매·제공하는 매장,2f6c9882-f8a9-4a58-b362-3b5b15f12dfb,더예당,도자기,고투몰(강남터미널지하도상점가),일반지하상점가,서울특별시,3.0,3.0,,,RESOLVED_AGREEMENT,False,3,,,,
7bad47be402adca0b224,test,주방용품,T2 동의어,q_주방용품_03,식기,생활·마트 중 '주방용품'을 판매·제공하는 매장,00315b91-ae04-4ca0-bc66-43dc7858b0d5,시옷이응,도자기,예스파크 상점가,자율상권구역,경기도,2.0,3.0,,,P2_GRADED_ONLY,True,,,,,
1b1f7765a9d690d314b3,test,주방용품,T2 동의어,q_주방용품_03,식기,생활·마트 중 '주방용품'을 판매·제공하는 매장,016866c7-7e5a-4c48-b33e-a37f1e579730,백산도요,도자기,사기막골도자기시장(구 사기막골도예촌재래시장),전통시장,경기도,2.0,3.0,,,P2_GRADED_ONLY,True,,,,,
4ce452b52411a69e2d80,test,주방용품,T2 동의어,q_주방용품_03,식기,생활·마트 중 '주방용품'을 판매·제공하는 매장,00099bd3-766a-4148-a64c-5356a9d5aad2,초장집 미사점,음식점,미사강변 골목형상점가,골목형상점가,경기도,0.0,0.0,,,RESOLVED_AGREEMENT,False,0,,,,
b053866672d75950756a,test,주방용품,T2 동의어,q_주방용품_03,식기,생활·마트 중 '주방용품'을 판매·제공하는 매장,c80418e8-6d5f-4aee-8a97-9cb0652c548e,그릇백화점,식기,공주산성시장,전통시장,충청남도,3.0,3.0,,,RESOLVED_AGREEMENT,False,3,,,,
f47a6b7441526f56e330,test,주방용품,T2 동의어,q_주방용품_03,식기,생활·마트 중 '주방용품'을 판매·제공하는 매장,888080f1-92e1-43e5-9dc8-7af89d75f37d,현풍스텐상사,식기,현풍백년도깨비시장,전통시장,대구광역시,3.0,3.0,,,RESOLVED_AGREEMENT,False,3,,,,
1ae37efc4582f0ace15c,test,주방용품,T2 동의어,q_주방용품_03,식기,생활·마트 중 '주방용품'을 판매·제공하는 매장,0010dbec-3031-440c-bda7-3d61761163a9,금송아지,음식점업,구미 진평음식문화특화거리 골목형상점가,골목형상점가,경상북도,0.0,0.0,,,RESOLVED_AGREEMENT,False,0,,,,
abba417bd219d9abd9ca,test,주방용품,T2 동의어,q_주방용품_03,식기,생활·마트 중 '주방용품'을 판매·제공하는 매장,40bac15c-fac7-4978-b50e-c86c61b825a1,고원상회,주방용식기,하동공설시장,전통시장,경상남도,3.0,3.0,,,RESOLVED_AGREEMENT,False,3,,,,
9187f4cd8c5c6c3dd5fb,test,주방용품,T2 동의어,q_주방용품_03,식기,생활·마트 중 '주방용품'을 판매·제공하는 매장,f68abc3c-7949-4b2c-893a-8c3f73ed1cbc,세한종합주방,주방용식기,황학동 주방가구거리 상점가,기타,서울특별시,3.0,3.0,,,RESOLVED_AGREEMENT,False,3,,,,
dfbba3a6b99de279f8ab,test,주방용품,T2 동의어,q_주방용품_03,식기,생활·마트 중 '주방용품'을 판매·제공하는 매장,012185b9-46f5-4d62-8672-7c17d43b6886,남북상사,"도소매(잡화), 그릇",남대문시장,전통시장,서울특별시,3.0,3.0,,,RESOLVED_AGREEMENT,False,3,,,,
c088cc9c933f2a981387,test,주방용품,T2 동의어,q_주방용품_03,식기,생활·마트 중 '주방용품'을 판매·제공하는 매장,b9c43f34-305a-4682-8b51-b70e0473105c,현대그릇,"식기, 그릇",부산진시장,전통시장,부산광역시,3.0,3.0,,,RESOLVED_AGREEMENT,False,3,,,,
c1c56e010900535cbb57,test,주방용품,T2 동의어,q_주방용품_03,식기,생활·마트 중 '주방용품'을 판매·제공하는 매장,2d812391-ea4d-4690-812f-354c1989ff63,타파웨어,식기류,문흥1동 골목형상점가,골목형상점가,광주광역시,3.0,3.0,,,RESOLVED_AGREEMENT,False,3,,,,
12b2f22dbb13cbe8b087,test,주방용품,T2 동의어,q_주방용품_03,식기,생활·마트 중 '주방용품'을 판매·제공하는 매장,6629d50e-37e5-40a9-8e57-8b12b9ae9988,영동기물,식기,청량리종합시장,전통시장,서울특별시,3.0,3.0,,,RESOLVED_AGREEMENT,False,3,,,,
1685502d5206053c76d9,test,주방용품,T2 동의어,q_주방용품_03,식기,생활·마트 중 '주방용품'을 판매·제공하는 매장,48267722-4b47-407f-8bb0-2ad593450f3d,삼호상회,식기류,길음시장,전통시장,서울특별시,3.0,3.0,,,RESOLVED_AGREEMENT,False,3,,,,
cf584597ca839da68882,test,주방용품,T2 동의어,q_주방용품_03,식기,생활·마트 중 '주방용품'을 판매·제공하는 매장,179d8462-4dc8-430b-927f-d7818ba6fb62,키친나라,주방용식기,하동공설시장,전통시장,경상남도,3.0,3.0,,,RESOLVED_AGREEMENT,False,3,,,,
6cdc3b5ebaf2f646f5b4,test,주방용품,T2 동의어,q_주방용품_03,식기,생활·마트 중 '주방용품'을 판매·제공하는 매장,7971d18e-83d6-4a98-aa3b-95a523083e34,뵈뵈,의류,부산평화시장,전통시장,부산광역시,0.0,0.0,,,RESOLVED_AGREEMENT,False,0,,,,
be993fdc12efc1854df1,test,주방용품,T2 동의어,q_주방용품_03,식기,생활·마트 중 '주방용품'을 판매·제공하는 매장,a60c80c5-4dd5-492c-8a30-c65878da6ed4,연우코리아,식기류,인천모래내전통시장,전통시장,인천광역시,3.0,3.0,,,RESOLVED_AGREEMENT,False,3,,,,
fb84afa1f3d0c13ca15b,test,주방용품,T2 동의어,q_주방용품_03,식기,생활·마트 중 '주방용품'을 판매·제공하는 매장,85de83ac-0396-4872-9e6e-e2d5af427e27,더선식,,대방디엠시티 골목형상점가,골목형상점가,전북특별자치도,,0.0,Y,,P0_UNCERTAIN_OR_MISSING,True,,,,,
3b9ac794c54c04db161f,test,주방용품,T2 동의어,q_주방용품_03,식기,생활·마트 중 '주방용품'을 판매·제공하는 매장,42643ff1-cc70-4115-b9d3-21d70c8d97d0,선학상회,금속제식기,봉화상설시장,전통시장,경상북도,3.0,3.0,,,RESOLVED_AGREEMENT,False,3,,,,
b5d3c1d55e9fbf5f14b2,test,주방용품,T2 동의어,q_주방용품_03,식기,생활·마트 중 '주방용품'을 판매·제공하는 매장,2b13c0aa-c5ac-4949-af6d-f59e8b30f660,서원주방,식기,예천중앙시장,전통시장,경상북도,3.0,3.0,,,RESOLVED_AGREEMENT,False,3,,,,
57d2bfb088d9309e000d,test,주방용품,T2 동의어,q_주방용품_03,식기,생활·마트 중 '주방용품'을 판매·제공하는 매장,cf01d566-fcbf-46fe-a9d1-eb26f3408415,휘슬러전주대리점,요업제품식기 금속제식기 기타기물잡화,전주중산공원 골목형상점가,골목형상점가,전북특별자치도,3.0,3.0,,,RESOLVED_AGREEMENT,False,3,,,,
68fcb22ffba187108504,test,주방용품,T2 동의어,q_주방용품_03,식기,생활·마트 중 '주방용품'을 판매·제공하는 매장,01b512e5-9a35-44cd-a0a6-7e29d0d85256,보물찾기,그릇 및 잡화,제일종합시장,전통시장,강원특별자치도,3.0,3.0,,,RESOLVED_AGREEMENT,False,3,,,,
040a4fc812776597c26d,test,주방용품,T2 동의어,q_주방용품_03,식기,생활·마트 중 '주방용품'을 판매·제공하는 매장,5d8baaaa-ded7-48dd-882a-35a2b99f8dee,대흥그릇,주방용식기,연서시장,전통시장,서울특별시,3.0,3.0,,,RESOLVED_AGREEMENT,False,3,,,,
25254173091874edaabb,test,주방용품,T2 동의어,q_주방용품_03,식기,생활·마트 중 '주방용품'을 판매·제공하는 매장,0014a02e-4166-41fc-bc3d-bc2dac16a32b,이모네김밥,음식점,자양전통시장,전통시장,서울특별시,0.0,0.0,,,RESOLVED_AGREEMENT,False,0,,,,
3d53cf3e798fcc449c24,test,주방용품,T2 동의어,q_주방용품_03,식기,생활·마트 중 '주방용품'을 판매·제공하는 매장,e570a585-88ea-48a2-9666-cb0e80a29f85,새생활코너,요업제품식기,홍천중앙시장(홍천신시장),전통시장,강원특별자치도,3.0,3.0,,,RESOLVED_AGREEMENT,False,3,,,,
6dc7a462d0fe04f5277c,test,주방용품,T2 동의어,q_주방용품_03,식기,생활·마트 중 '주방용품'을 판매·제공하는 매장,b4251c65-4777-48a6-8355-980187e16d8e,그루,식기,예스파크 상점가,자율상권구역,경기도,3.0,3.0,,,RESOLVED_AGREEMENT,False,3,,,,
85ffa396152f6525e3a3,test,주방용품,T2 동의어,q_주방용품_03,식기,생활·마트 중 '주방용품'을 판매·제공하는 매장,fb899727-1741-4b9d-b3cf-7da1526810a4,마이엔,식기 및 생활잡화,수완머그로 골목형상점가,골목형상점가,광주광역시,3.0,3.0,,,RESOLVED_AGREEMENT,False,3,,,,
36cc0c05ed7bffba4bb8,test,주방용품,T2 동의어,q_주방용품_03,식기,생활·마트 중 '주방용품'을 판매·제공하는 매장,01448ddc-182e-4a13-8e2c-7377a3be0b95,부흥상회,"소매업(그릇,주방용품)",죽산시장,전통시장,경기도,3.0,3.0,,,RESOLVED_AGREEMENT,False,3,,,,
b38b977061b7de294828,test,주방용품,T2 동의어,q_주방용품_03,식기,생활·마트 중 '주방용품'을 판매·제공하는 매장,4aa40b0c-6a7f-4ce6-9243-5cdea95b315d,무등골,소고기 돼지고기,소촌골 골목형상점가,골목형상점가,광주광역시,0.0,0.0,,,RESOLVED_AGREEMENT,False,0,,,,
b1665fe884781b6afba8,test,주방용품,T2 동의어,q_주방용품_03,식기,생활·마트 중 '주방용품'을 판매·제공하는 매장,89aa9b05-b177-49e8-ae10-fdb46d979301,국제FA,전기자재,창원기계공구상가,전통시장,경상남도,0.0,0.0,,,RESOLVED_AGREEMENT,False,0,,,,
ee03ee5420f736e90429,test,주방용품,T2 동의어,q_주방용품_03,식기,생활·마트 중 '주방용품'을 판매·제공하는 매장,7c10b350-a882-4ded-9dd7-315c022b7b7d,서울스타의원,의료업,신동시장,전통시장,서울특별시,0.0,0.0,,,RESOLVED_AGREEMENT,False,0,,,,
4cec48e2de8982f195f6,test,주방용품,T2 동의어,q_주방용품_03,식기,생활·마트 중 '주방용품'을 판매·제공하는 매장,cd304e20-38f1-4c21-8f69-6c79378a1f9c,키다리그릇,금속제식기,서귀포매일올레시장,전통시장,제주특별자치도,3.0,3.0,,,RESOLVED_AGREEMENT,False,3,,,,
efbc21bc8f921ddaa583,test,주방용품,T2 동의어,q_주방용품_03,식기,생활·마트 중 '주방용품'을 판매·제공하는 매장,86582028-0eba-447a-bc74-6f81a6fe9eca,계단그릇상회,식기,원주자유시장,전통시장,강원특별자치도,3.0,3.0,,,RESOLVED_AGREEMENT,False,3,,,,
6ef9ccb86089de0e7f52,test,주방용품,T2 동의어,q_주방용품_03,식기,생활·마트 중 '주방용품'을 판매·제공하는 매장,289e2790-6f59-4300-a0d8-c9a1fa5f8ccc,파란들,식기,의정부제일시장,전통시장,경기도,3.0,3.0,,,RESOLVED_AGREEMENT,False,3,,,,
e3a8808dc970b38f4f0d,test,주방용품,T2 동의어,q_주방용품_03,식기,생활·마트 중 '주방용품'을 판매·제공하는 매장,011e8cfe-0737-49db-8250-68e7a51ca170,토담도예,생활도자기,㈜르네시떼,전통시장,부산광역시,2.0,3.0,,,P2_GRADED_ONLY,True,,,,,
c955e1a4d1aa71ee0e9d,test,주방용품,T2 동의어,q_주방용품_03,식기,생활·마트 중 '주방용품'을 판매·제공하는 매장,05407993-f65d-4b47-b23f-2bbbcef3232e,영화상회,요업제품식기,보령한내시장,전통시장,충청남도,3.0,3.0,,,RESOLVED_AGREEMENT,False,3,,,,
58c2edde776838b686f9,test,주방용품,T2 동의어,q_주방용품_03,식기,생활·마트 중 '주방용품'을 판매·제공하는 매장,e1b82090-66d8-420f-b9bd-3bcd7ccc6dc0,리아스 테이블,식기,엑스포코아 골목형상점가,골목형상점가,대전광역시,3.0,3.0,,,RESOLVED_AGREEMENT,False,3,,,,
49896f5207a4b73173a0,test,주방용품,T2 동의어,q_주방용품_03,식기,생활·마트 중 '주방용품'을 판매·제공하는 매장,0079e4d6-6b16-43b7-8b42-1377fc092985,강진옹기,도자기,일곡동(제11지역:용전동) 골목형상점가,골목형상점가,광주광역시,2.0,3.0,,,P2_GRADED_ONLY,True,,,,,
e8606b2ee76b444cd856,test,주방용품,T2 동의어,q_주방용품_03,식기,생활·마트 중 '주방용품'을 판매·제공하는 매장,7db83adb-2a10-40c0-a2bc-4d8bc1282bc8,팔기다,식기 혼수 제수용품,포항죽도시장,전통시장,경상북도,3.0,3.0,,,RESOLVED_AGREEMENT,False,3,,,,
8091e30ace20b9f229f9,test,주방용품,T2 동의어,q_주방용품_03,식기,생활·마트 중 '주방용품'을 판매·제공하는 매장,6a6cf41a-066f-4307-b123-b3aa81c4f20d,덕성도기,주방욕식기,부산국제시장,전통시장,부산광역시,3.0,3.0,,,RESOLVED_AGREEMENT,False,3,,,,
a9091e7c0da599a361ec,test,주방용품,T2 동의어,q_주방용품_03,식기,생활·마트 중 '주방용품'을 판매·제공하는 매장,10c49708-f32e-4388-ba47-c30a7d58ecea,단대그릇센타,식기,단대마트시장,전통시장,경기도,3.0,3.0,,,RESOLVED_AGREEMENT,False,3,,,,
f3c9aa5401e3d3ea38ab,test,주방용품,T2 동의어,q_주방용품_03,식기,생활·마트 중 '주방용품'을 판매·제공하는 매장,4246ffd8-1192-40ff-9471-81d6d07b1686,시장그릇,식기,창녕 남지시장,전통시장,경상남도,3.0,3.0,,,RESOLVED_AGREEMENT,False,3,,,,
440c0f7c3918f5340c38,test,주방용품,T2 동의어,q_주방용품_03,식기,생활·마트 중 '주방용품'을 판매·제공하는 매장,88be3af6-a3d4-4fec-a151-c4fe29cef361,매직쎄븐영동총판,"식기세척기, 세제, 주방기기",포남용마거리골목형상점가,골목형상점가,강원특별자치도,3.0,3.0,,,RESOLVED_AGREEMENT,False,3,,,,
ce9dc4299dd87ab445ce,test,주방용품,T2 동의어,q_주방용품_03,식기,생활·마트 중 '주방용품'을 판매·제공하는 매장,f6dd68cd-9102-49f9-b3f0-394433e35239,동양기물,주방용식기,목포동부시장,전통시장,전라남도,3.0,3.0,,,RESOLVED_AGREEMENT,False,3,,,,
a1d3d892bebd1727c104,test,주방용품,T2 동의어,q_주방용품_03,식기,생활·마트 중 '주방용품'을 판매·제공하는 매장,1aeabc4c-a2a0-495d-a0b7-2cc5b42a5c52,한영상회,그릇(식기),동문재래시장,전통시장,제주특별자치도,3.0,3.0,,,RESOLVED_AGREEMENT,False,3,,,,
f3b5e8f3fb3ad3c23aa4,test,주방용품,T2 동의어,q_주방용품_03,식기,생활·마트 중 '주방용품'을 판매·제공하는 매장,e8cec075-f33d-4f09-a996-e253f13a190e,중앙기물,요업제품식기,양동산업용품시장,전통시장,광주광역시,3.0,3.0,,,RESOLVED_AGREEMENT,False,3,,,,
05631dca9680393570d1,test,주방용품,T2 동의어,q_주방용품_03,식기,생활·마트 중 '주방용품'을 판매·제공하는 매장,7f3da700-c3c5-4bb5-8c19-8703c007926a,신일상회,금속제식기,경주성동공설시장,전통시장,경상북도,3.0,3.0,,,RESOLVED_AGREEMENT,False,3,,,,
10806f279463f9584ba7,test,주방용품,T2 동의어,q_주방용품_03,식기,생활·마트 중 '주방용품'을 판매·제공하는 매장,7e959fac-b477-4693-a63b-1cd743c5e27e,갈비굽는집,갈비,양산동일신아파트 골목형상점가,골목형상점가,광주광역시,0.0,0.0,,,RESOLVED_AGREEMENT,False,0,,,,
f16dfa05709dfa9bae94,test,주방용품,T2 동의어,q_주방용품_03,식기,생활·마트 중 '주방용품'을 판매·제공하는 매장,001fe873-89a3-474a-b8d2-8526408e992d,진미해장국,음식점업(한식),평택통복시장,전통시장,경기도,0.0,0.0,,,RESOLVED_AGREEMENT,False,0,,,,
ae4f3eedf85afedd2576,test,주방용품,T2 동의어,q_주방용품_03,식기,생활·마트 중 '주방용품'을 판매·제공하는 매장,ac1a4af1-7eaa-40c8-b519-fd8e5f17987d,밀성상회,주방용식기,밀양 아리랑시장,전통시장,경상남도,3.0,3.0,,,RESOLVED_AGREEMENT,False,3,,,,
8536723bd3eb8051e7df,test,주방용품,T2 동의어,q_주방용품_03,식기,생활·마트 중 '주방용품'을 판매·제공하는 매장,f5eee2cf-70fb-44b1-8e3a-292f5766e7d8,그릇가게,식기류,공릉동도깨비시장,전통시장,서울특별시,3.0,3.0,,,RESOLVED_AGREEMENT,False,3,,,,
3161d8f7a2aac2a8770a,test,주방용품,T2 동의어,q_주방용품_03,식기,생활·마트 중 '주방용품'을 판매·제공하는 매장,00cbb6f1-18d2-4f15-9af8-bdac08e35c56,비토도예,도자기,사기막골도자기시장(구 사기막골도예촌재래시장),전통시장,경기도,2.0,3.0,,,P2_GRADED_ONLY,True,,,,,
c0f33cf7ad319824d22f,test,주방용품,T2 동의어,q_주방용품_03,식기,생활·마트 중 '주방용품'을 판매·제공하는 매장,bba9a9e8-38d1-40f6-a17a-61f795dd3722,대일기물,요업제품식기,유구시장,전통시장,충청남도,3.0,3.0,,,RESOLVED_AGREEMENT,False,3,,,,
b942b7cebc2148967215,test,주방용품,T2 동의어,q_주방용품_03,식기,생활·마트 중 '주방용품'을 판매·제공하는 매장,d65c0915-6497-40d0-b610-1cb47ac29de4,청실홍실그릇,요식업식기,원주자유시장,전통시장,강원특별자치도,3.0,3.0,,,RESOLVED_AGREEMENT,False,3,,,,
b24ae30ecb676e90ea89,test,주방용품,T2 동의어,q_주방용품_03,식기,생활·마트 중 '주방용품'을 판매·제공하는 매장,8f021746-593e-4786-a323-bda47f434c43,상도상회,그릇,남서울상가,자율상권구역,서울특별시,3.0,3.0,,,RESOLVED_AGREEMENT,False,3,,,,
bc46d7a21e35731fb98f,test,주방용품,T2 동의어,q_주방용품_03,식기,생활·마트 중 '주방용품'을 판매·제공하는 매장,3fde59b9-0f69-40f9-a5e7-1ab1e55bea3a,삼례시장그릇집,식기등의주방용품,삼례시장,전통시장,전북특별자치도,3.0,3.0,,,RESOLVED_AGREEMENT,False,3,,,,
9929ad57f59147a253c3,test,주방용품,T2 동의어,q_주방용품_03,식기,생활·마트 중 '주방용품'을 판매·제공하는 매장,cb5ba1c6-2e3c-4f5f-8909-60157b7037cb,오정그릇도매상가,식기주방용품기물,오정동상점가,자율상권구역,대전광역시,3.0,3.0,,,RESOLVED_AGREEMENT,False,3,,,,
5177551320e8fbbc0303,test,주방용품,T2 동의어,q_주방용품_03,식기,생활·마트 중 '주방용품'을 판매·제공하는 매장,01e5414f-6d15-4b32-8ecb-21f61d103f80,현대주방기물백화점,"그릇, 주방기물",호계공설시장,전통시장,울산광역시,3.0,3.0,,,RESOLVED_AGREEMENT,False,3,,,,
c927304707fd07daf73c,test,주방용품,T2 동의어,q_주방용품_03,식기,생활·마트 중 '주방용품'을 판매·제공하는 매장,83074db0-9548-4c3c-9989-13233d472580,괴정그릇백화점,주방용품 식기 주전자 밀폐 휴지통 도마 등,온택트 괴정스마트 상권활성화구역,상권활성화구역,부산광역시,3.0,3.0,,,RESOLVED_AGREEMENT,False,3,,,,
5bc1167f6029ae218580,test,주방용품,T2 동의어,q_주방용품_03,식기,생활·마트 중 '주방용품'을 판매·제공하는 매장,6c48a469-dfe9-4d34-8730-877d80a2a6de,양지그릇,식기,부산진시장,전통시장,부산광역시,3.0,3.0,,,RESOLVED_AGREEMENT,False,3,,,,
a24eb56158962dfcb412,test,주방용품,T2 동의어,q_주방용품_03,식기,생활·마트 중 '주방용품'을 판매·제공하는 매장,de48b437-eb51-4045-8528-c8f67b406763,서광양은,주방용기식기,서산동부전통시장,전통시장,충청남도,3.0,3.0,,,RESOLVED_AGREEMENT,False,3,,,,
c7c0ee38c05397e0c28a,test,주방용품,T2 동의어,q_주방용품_03,식기,생활·마트 중 '주방용품'을 판매·제공하는 매장,01b28f89-fee4-4811-8c5a-4c728f24c0ba,백미스탠,그릇 주방용품,대야전통시장,전통시장,전북특별자치도,3.0,3.0,,,RESOLVED_AGREEMENT,False,3,,,,
f86e758cc58523618830,test,주방용품,T2 동의어,q_주방용품_03,식기,생활·마트 중 '주방용품'을 판매·제공하는 매장,3a6229ac-2a2e-452c-b2a6-3bb1c8183d7d,주식회사 오오로,디자인유리잔 컵 식기류,신안골 골목형상점가,골목형상점가,광주광역시,3.0,3.0,,,RESOLVED_AGREEMENT,False,3,,,,
4931d30d29ff6b732aec,test,주방용품,T2 동의어,q_주방용품_03,식기,생활·마트 중 '주방용품'을 판매·제공하는 매장,73ae22ca-69c9-4bde-9420-984248887d6d,부강상회,식기류,문경중앙시장,전통시장,경상북도,3.0,3.0,,,RESOLVED_AGREEMENT,False,3,,,,
f233c0740b62f8da59d8,test,주방용품,T2 동의어,q_주방용품_03,식기,생활·마트 중 '주방용품'을 판매·제공하는 매장,f2b75167-721a-4822-b64f-f638a104b954,대성상회,금속제식기,북평민속시장(북평민속5일장),전통시장,강원특별자치도,3.0,3.0,,,RESOLVED_AGREEMENT,False,3,,,,
654fa53df93a1117b178,test,주방용품,T2 동의어,q_주방용품_03,식기,생활·마트 중 '주방용품'을 판매·제공하는 매장,bce3a094-c927-4ae7-882c-e37c0076df8d,스카이카오디오,음향기기,달아실 골목형상점가,골목형상점가,광주광역시,0.0,0.0,,,RESOLVED_AGREEMENT,False,0,,,,
2521638a8ad05691779b,test,주방용품,T2 동의어,q_주방용품_03,식기,생활·마트 중 '주방용품'을 판매·제공하는 매장,00019073-6f11-4f0f-b26f-342cc4f92c0a,만선회센타,음식및숙박업(일본음식점업),전북대대학로상점가,자율상권구역,전북특별자치도,0.0,0.0,,,RESOLVED_AGREEMENT,False,0,,,,
022255a9a978085308e6,test,주방용품,T2 동의어,q_주방용품_03,식기,생활·마트 중 '주방용품'을 판매·제공하는 매장,c1a64045-9cb4-42ab-8883-47e6debb0b97,월성상회,주방용식기,남해전통시장,전통시장,경상남도,3.0,3.0,,,RESOLVED_AGREEMENT,False,3,,,,
36e22e6e11f1efcc4cf7,test,주방용품,T2 동의어,q_주방용품_03,식기,생활·마트 중 '주방용품'을 판매·제공하는 매장,26d48cb6-79ec-4b66-8d2a-922ba5ef7592,삼신상회,플라스틱식기,건천시장,전통시장,경상북도,3.0,3.0,,,RESOLVED_AGREEMENT,False,3,,,,
1b5ca831349ddeddc155,test,주방용품,T2 동의어,q_주방용품_03,식기,생활·마트 중 '주방용품'을 판매·제공하는 매장,81ec2c9a-0753-4900-ac8d-ef3814a55d35,중앙유기,주방용식기,보은전통시장,전통시장,충청북도,3.0,3.0,,,RESOLVED_AGREEMENT,False,3,,,,
11cc63b05e119d6441c1,test,주방용품,T2 동의어,q_주방용품_03,식기,생활·마트 중 '주방용품'을 판매·제공하는 매장,c124278f-2a0c-48cb-8146-d9aef194213f,이천도자기,식기류,보세거리 상점가,자율상권구역,울산광역시,3.0,3.0,,,RESOLVED_AGREEMENT,False,3,,,,
84d21cbed21db40e9234,test,주방용품,T3 개념확장,q_주방용품_04,주방용품,생활·마트 중 '주방용품'을 판매·제공하는 매장,a0a178fa-bfef-4324-8f9c-c185115ea202,엘림,주방용품,내토전통시장,전통시장,충청북도,3.0,3.0,,,RESOLVED_AGREEMENT,False,3,,,,
3352e2e45bf5eb07c6be,test,주방용품,T3 개념확장,q_주방용품_04,주방용품,생활·마트 중 '주방용품'을 판매·제공하는 매장,7ba9070b-476b-4767-aaff-984f2bde7fa1,중앙시장노점19호,액세서리,춘천중앙시장,전통시장,강원특별자치도,0.0,0.0,,,RESOLVED_AGREEMENT,False,0,,,,
e44228ee09830777b8af,test,주방용품,T3 개념확장,q_주방용품_04,주방용품,생활·마트 중 '주방용품'을 판매·제공하는 매장,7847014e-79ef-47e2-8ece-6d7e5a105651,대영,주방용품,㈜르네시떼,전통시장,부산광역시,3.0,3.0,,,RESOLVED_AGREEMENT,False,3,,,,
8d95b9640a35eb04595d,test,주방용품,T3 개념확장,q_주방용품_04,주방용품,생활·마트 중 '주방용품'을 판매·제공하는 매장,65cb09a3-3da0-4ee1-9c53-75c454fc32cc,예스주방,주방용품,칠성전자주방시장,전통시장,대구광역시,3.0,3.0,,,RESOLVED_AGREEMENT,False,3,,,,
8954578ad895b7d67eac,test,주방용품,T3 개념확장,q_주방용품_04,주방용품,생활·마트 중 '주방용품'을 판매·제공하는 매장,8c1bad43-b5c8-4a9e-85a4-2c6ee09bc212,카이카트,주방용품,숭례문수입상가,전통시장,서울특별시,3.0,3.0,,,RESOLVED_AGREEMENT,False,3,,,,
359cad0274f427882e3b,test,주방용품,T3 개념확장,q_주방용품_04,주방용품,생활·마트 중 '주방용품'을 판매·제공하는 매장,00cbb6f1-18d2-4f15-9af8-bdac08e35c56,비토도예,도자기,사기막골도자기시장(구 사기막골도예촌재래시장),전통시장,경기도,3.0,3.0,,,RESOLVED_AGREEMENT,False,3,,,,
88973d0ee37eb5d42cb7,test,주방용품,T3 개념확장,q_주방용품_04,주방용품,생활·마트 중 '주방용품'을 판매·제공하는 매장,796221ab-482b-427a-b3e6-c8cba1b8cd48,온천기물,주방용품,"온양온천시장(온양재래시장, 전통시장)",전통시장,충청남도,3.0,3.0,,,RESOLVED_AGREEMENT,False,3,,,,
819be3fb16a2c402c3b5,test,주방용품,T3 개념확장,q_주방용품_04,주방용품,생활·마트 중 '주방용품'을 판매·제공하는 매장,448f392a-bf62-46c4-ac91-d65b0b2b9a73,광주리,주방용품,양산 남부시장상가,전통시장,경상남도,3.0,3.0,,,RESOLVED_AGREEMENT,False,3,,,,
b08326c98f64ba78f6d5,test,주방용품,T3 개념확장,q_주방용품_04,주방용품,생활·마트 중 '주방용품'을 판매·제공하는 매장,001fe873-89a3-474a-b8d2-8526408e992d,진미해장국,음식점업(한식),평택통복시장,전통시장,경기도,0.0,0.0,,,RESOLVED_AGREEMENT,False,0,,,,
02a595d12730ceb7f647,test,주방용품,T3 개념확장,q_주방용품_04,주방용품,생활·마트 중 '주방용품'을 판매·제공하는 매장,f6bc41c6-6605-4869-a308-7e5b749f6911,꽃이필라,필라테스,풍암신암상인회 골목형상점가,골목형상점가,광주광역시,0.0,0.0,,,RESOLVED_AGREEMENT,False,0,,,,
51cafb9bafa696236a7f,test,주방용품,T3 개념확장,q_주방용품_04,주방용품,생활·마트 중 '주방용품'을 판매·제공하는 매장,764eaa35-980d-4ec7-92fd-659cd87b97ba,베니스,주방용품,제천중앙시장,전통시장,충청북도,3.0,3.0,,,RESOLVED_AGREEMENT,False,3,,,,
9192509f56500a5839b8,test,주방용품,T3 개념확장,q_주방용품_04,주방용품,생활·마트 중 '주방용품'을 판매·제공하는 매장,26d48cb6-79ec-4b66-8d2a-922ba5ef7592,삼신상회,플라스틱식기,건천시장,전통시장,경상북도,3.0,3.0,,,RESOLVED_AGREEMENT,False,3,,,,
807d39d267326a19e53f,test,주방용품,T3 개념확장,q_주방용품_04,주방용품,생활·마트 중 '주방용품'을 판매·제공하는 매장,d48e5186-8929-4376-ab53-93b35e1a7c8e,덕성주방,주방용품,시장로타리지하상가,일반지하상점가,인천광역시,3.0,3.0,,,RESOLVED_AGREEMENT,False,3,,,,
320f5f7dc2593d9743ce,test,주방용품,T3 개념확장,q_주방용품_04,주방용품,생활·마트 중 '주방용품'을 판매·제공하는 매장,016866c7-7e5a-4c48-b33e-a37f1e579730,백산도요,도자기,사기막골도자기시장(구 사기막골도예촌재래시장),전통시장,경기도,3.0,3.0,,,RESOLVED_AGREEMENT,False,3,,,,
0b51e6f145cc6e511cee,test,주방용품,T3 개념확장,q_주방용품_04,주방용품,생활·마트 중 '주방용품'을 판매·제공하는 매장,78aeb70c-682f-4868-a51e-f1ae48c435ff,현대,주방용품,남대문시장,전통시장,서울특별시,3.0,3.0,,,RESOLVED_AGREEMENT,False,3,,,,
9f17734398c2cee883e5,test,주방용품,T3 개념확장,q_주방용품_04,주방용품,생활·마트 중 '주방용품'을 판매·제공하는 매장,7aa95dff-fe71-4a34-8cd5-38d868d12798,주방1번가,주방용품,부산광역시건축자재판매협동조합,전통시장,부산광역시,3.0,3.0,,,RESOLVED_AGREEMENT,False,3,,,,
77ce4512b9cd2d08cbc0,test,주방용품,T3 개념확장,q_주방용품_04,주방용품,생활·마트 중 '주방용품'을 판매·제공하는 매장,04a0a63c-6d51-408d-bc66-2249770555bb,청송산업,주방용품,답십리 건축자재시장,전통시장,서울특별시,3.0,3.0,,,RESOLVED_AGREEMENT,False,3,,,,
95f77ca93e091a2d3f00,test,주방용품,T3 개념확장,q_주방용품_04,주방용품,생활·마트 중 '주방용품'을 판매·제공하는 매장,7e2cec60-0b00-4de2-ac81-bfdd53f3d364,동양주방그릇,"주방용품, 주방용품 및 그릇",마산어시장,전통시장,경상남도,3.0,3.0,,,RESOLVED_AGREEMENT,False,3,,,,
45084d94caeaddc3f21e,test,주방용품,T3 개념확장,q_주방용품_04,주방용품,생활·마트 중 '주방용품'을 판매·제공하는 매장,02a2fd8b-528b-4fa1-8f42-88b1befed807,해품달,한복,충장로45가 상점가,자율상권구역,광주광역시,0.0,0.0,,,RESOLVED_AGREEMENT,False,0,,,,
acdc8adde29246b43ae6,test,주방용품,T3 개념확장,q_주방용품_04,주방용품,생활·마트 중 '주방용품'을 판매·제공하는 매장,dac8cbbe-813b-4441-b148-6a8c961a2856,토기장,주방용품,동산상가,전통시장,대구광역시,3.0,3.0,,,RESOLVED_AGREEMENT,False,3,,,,
edde767a20a27fa7dd25,test,주방용품,T3 개념확장,q_주방용품_04,주방용품,생활·마트 중 '주방용품'을 판매·제공하는 매장,302c98e3-7d4e-46c3-b78c-a7326747f295,금부주방,주방용품,성당시장,전통시장,대구광역시,3.0,3.0,,,RESOLVED_AGREEMENT,False,3,,,,
a396f649d8e786802f6c,test,주방용품,T3 개념확장,q_주방용품_04,주방용품,생활·마트 중 '주방용품'을 판매·제공하는 매장,6f2f0083-8233-41f5-b03d-76717d9f46a6,역전주방,주방용품,순천역전시장,전통시장,전라남도,3.0,3.0,,,RESOLVED_AGREEMENT,False,3,,,,
ded8959f0185a4318dbe,test,주방용품,T3 개념확장,q_주방용품_04,주방용품,생활·마트 중 '주방용품'을 판매·제공하는 매장,10c49708-f32e-4388-ba47-c30a7d58ecea,단대그릇센타,식기,단대마트시장,전통시장,경기도,3.0,3.0,,,RESOLVED_AGREEMENT,False,3,,,,
93f12a9a14999812336e,test,주방용품,T3 개념확장,q_주방용품_04,주방용품,생활·마트 중 '주방용품'을 판매·제공하는 매장,1aeabc4c-a2a0-495d-a0b7-2cc5b42a5c52,한영상회,그릇(식기),동문재래시장,전통시장,제주특별자치도,3.0,3.0,,,RESOLVED_AGREEMENT,False,3,,,,
add88dba5c62b7f346ab,test,주방용품,T3 개념확장,q_주방용품_04,주방용품,생활·마트 중 '주방용품'을 판매·제공하는 매장,4555ea1d-f041-45a3-98ea-0a7b42c5af1f,우리들,주방용품,부평깡통시장(구 부산부평시장),전통시장,부산광역시,3.0,3.0,,,RESOLVED_AGREEMENT,False,3,,,,
3c651af00add55a63ee6,test,주방용품,T3 개념확장,q_주방용품_04,주방용품,생활·마트 중 '주방용품'을 판매·제공하는 매장,c790fc58-ddf1-4059-8446-ac37a6092b7e,느낌,음료,유촌동상인회 골목형상점가,골목형상점가,광주광역시,0.0,0.0,,,RESOLVED_AGREEMENT,False,0,,,,
bd2ef2061e2f1626d35d,test,주방용품,T3 개념확장,q_주방용품_04,주방용품,생활·마트 중 '주방용품'을 판매·제공하는 매장,1d9e35dc-9959-436f-b315-d68db331be1b,원마트,주방용품,서동향토시장,전통시장,부산광역시,3.0,3.0,,,RESOLVED_AGREEMENT,False,3,,,,
f176a40af1869eb3ef03,test,주방용품,T3 개념확장,q_주방용품_04,주방용품,생활·마트 중 '주방용품'을 판매·제공하는 매장,a4c6550f-5bff-4f91-8ea9-d83372468ba5,거북표씽크,주방용품,서산동부전통시장,전통시장,충청남도,3.0,3.0,,,RESOLVED_AGREEMENT,False,3,,,,
fd962a012020579c6e6b,test,주방용품,T3 개념확장,q_주방용품_04,주방용품,생활·마트 중 '주방용품'을 판매·제공하는 매장,b4c13bbc-b098-45be-b37d-8a643eac4000,중앙주방,주방용품,평화시장,전통시장,대구광역시,3.0,3.0,,,RESOLVED_AGREEMENT,False,3,,,,
22b5c4fe31e128d7e84e,test,주방용품,T3 개념확장,q_주방용품_04,주방용품,생활·마트 중 '주방용품'을 판매·제공하는 매장,b0718767-920b-48d2-9c70-72e50d29d783,최고상사,주방용품,원대가구명물거리 골목형상점가,골목형상점가,대구광역시,3.0,3.0,,,RESOLVED_AGREEMENT,False,3,,,,
79cd8472cde68fb5da2d,test,주방용품,T3 개념확장,q_주방용품_04,주방용품,생활·마트 중 '주방용품'을 판매·제공하는 매장,962de01e-2c2b-4f27-9d71-113c0d8969d7,서봉철물,주방용품,순창시장,전통시장,전북특별자치도,3.0,3.0,,,RESOLVED_AGREEMENT,False,3,,,,
6cb5829fec31b80d6e86,test,주방용품,T3 개념확장,q_주방용품_04,주방용품,생활·마트 중 '주방용품'을 판매·제공하는 매장,ad69d98e-2d94-4984-8b28-e213d637eabf,수지사,주방용품,숭례문수입상가,전통시장,서울특별시,3.0,3.0,,,RESOLVED_AGREEMENT,False,3,,,,
c0b8e5578d3ac576c592,test,주방용품,T3 개념확장,q_주방용품_04,주방용품,생활·마트 중 '주방용품'을 판매·제공하는 매장,54cd6b0c-c599-4c6a-92e3-c21325676362,주방의 아이,주방용품,안양관양시장,전통시장,경기도,3.0,3.0,,,RESOLVED_AGREEMENT,False,3,,,,
3f4b6c7359449ce311ac,test,주방용품,T3 개념확장,q_주방용품_04,주방용품,생활·마트 중 '주방용품'을 판매·제공하는 매장,77c99dfa-8ca2-4932-ba97-02ba57173da0,서라벌,주방용품,남대문시장,전통시장,서울특별시,3.0,3.0,,,RESOLVED_AGREEMENT,False,3,,,,
482ac84e9b74413035a5,test,주방용품,T3 개념확장,q_주방용품_04,주방용품,생활·마트 중 '주방용품'을 판매·제공하는 매장,54388345-b070-4e1c-bf49-0d38a05eadd6,세신,주방용품,㈜르네시떼,전통시장,부산광역시,3.0,3.0,,,RESOLVED_AGREEMENT,False,3,,,,
db9299539cedcee20f58,test,주방용품,T3 개념확장,q_주방용품_04,주방용품,생활·마트 중 '주방용품'을 판매·제공하는 매장,48e8b5b8-0f92-4aae-a9e1-35d0d3ee8665,명승그릇,주방용품,밀양 내일전통시장,전통시장,경상남도,3.0,3.0,,,RESOLVED_AGREEMENT,False,3,,,,
2dfc24c27cd30788a400,test,주방용품,T3 개념확장,q_주방용품_04,주방용품,생활·마트 중 '주방용품'을 판매·제공하는 매장,e834cf24-a70c-4197-a852-1bb917faaee5,이화그릇,주방용품,경열로상인회 골목형상점가,골목형상점가,광주광역시,3.0,3.0,,,RESOLVED_AGREEMENT,False,3,,,,
a5df41e08623e1e65c3f,test,주방용품,T3 개념확장,q_주방용품_04,주방용품,생활·마트 중 '주방용품'을 판매·제공하는 매장,603b3a93-bc75-4f78-8c06-b099b15c9f55,리빙필,주방용품,좌동재래시장,전통시장,부산광역시,3.0,3.0,,,RESOLVED_AGREEMENT,False,3,,,,
cbc4d95e814e2ffd87a2,test,주방용품,T3 개념확장,q_주방용품_04,주방용품,생활·마트 중 '주방용품'을 판매·제공하는 매장,a1444ac1-9274-4a11-a401-32a8c5a3713b,대원,주방용품,동산상가,전통시장,대구광역시,3.0,3.0,,,RESOLVED_AGREEMENT,False,3,,,,
4bea93c383fe85984c7b,test,주방용품,T3 개념확장,q_주방용품_04,주방용품,생활·마트 중 '주방용품'을 판매·제공하는 매장,e60d81ad-c520-4e0d-b992-c48c4c5b78d2,현대주방,주방용품,중앙신시장,전통시장,경상북도,3.0,3.0,,,RESOLVED_AGREEMENT,False,3,,,,
8804a83da8a5d4dce481,test,주방용품,T3 개념확장,q_주방용품_04,주방용품,생활·마트 중 '주방용품'을 판매·제공하는 매장,01448ddc-182e-4a13-8e2c-7377a3be0b95,부흥상회,"소매업(그릇,주방용품)",죽산시장,전통시장,경기도,3.0,3.0,,,RESOLVED_AGREEMENT,False,3,,,,
d3c458b1d84bea7eb6b5,test,주방용품,T3 개념확장,q_주방용품_04,주방용품,생활·마트 중 '주방용품'을 판매·제공하는 매장,0079e4d6-6b16-43b7-8b42-1377fc092985,강진옹기,도자기,일곡동(제11지역:용전동) 골목형상점가,골목형상점가,광주광역시,3.0,3.0,,,RESOLVED_AGREEMENT,False,3,,,,
a3d7ad2db7d220468a3d,test,주방용품,T3 개념확장,q_주방용품_04,주방용품,생활·마트 중 '주방용품'을 판매·제공하는 매장,30df3577-87c4-4e14-bddc-448a06c371de,금마쿡,주방용품,송남시장,전통시장,대구광역시,3.0,3.0,,,RESOLVED_AGREEMENT,False,3,,,,
d6028b434892e5ca03db,test,주방용품,T3 개념확장,q_주방용품_04,주방용품,생활·마트 중 '주방용품'을 판매·제공하는 매장,0bd256be-744d-4d23-a988-fa4db363e378,잉꼬,주방용품,안동구시장,전통시장,경상북도,3.0,3.0,,,RESOLVED_AGREEMENT,False,3,,,,
4538311c5466242f0450,test,주방용품,T3 개념확장,q_주방용품_04,주방용품,생활·마트 중 '주방용품'을 판매·제공하는 매장,607949db-543f-4ebe-91d5-393a3f3edacc,우니닭볶음탕&덮밥,덮밥,산수 먹자골목 골목형상점가,골목형상점가,광주광역시,0.0,0.0,,,RESOLVED_AGREEMENT,False,0,,,,
6cd96bda965f396bb9dc,test,주방용품,T3 개념확장,q_주방용품_04,주방용품,생활·마트 중 '주방용품'을 판매·제공하는 매장,f5be7051-b067-432c-8558-3181d94cd5b3,남문행남자기,주방용품,수원영동시장,전통시장,경기도,3.0,3.0,,,RESOLVED_AGREEMENT,False,3,,,,
16ee4af4698289a8b7d6,test,주방용품,T3 개념확장,q_주방용품_04,주방용품,생활·마트 중 '주방용품'을 판매·제공하는 매장,00315b91-ae04-4ca0-bc66-43dc7858b0d5,시옷이응,도자기,예스파크 상점가,자율상권구역,경기도,3.0,3.0,,,RESOLVED_AGREEMENT,False,3,,,,
dc2c5fca9eb97dc2b2a7,test,주방용품,T3 개념확장,q_주방용품_04,주방용품,생활·마트 중 '주방용품'을 판매·제공하는 매장,d488e06b-e1a3-4f24-aecf-49147c0dc9b6,다온,주방용품,남대문시장,전통시장,서울특별시,3.0,3.0,,,RESOLVED_AGREEMENT,False,3,,,,
7a40bbd7239f1ef6491a,test,주방용품,T3 개념확장,q_주방용품_04,주방용품,생활·마트 중 '주방용품'을 판매·제공하는 매장,911bb180-f510-45a5-bdca-87b4a6491119,미래주방,주방용품,행당시장상점가,자율상권구역,서울특별시,3.0,3.0,,,RESOLVED_AGREEMENT,False,3,,,,
0e36f95414d781cba431,test,주방용품,T3 개념확장,q_주방용품_04,주방용품,생활·마트 중 '주방용품'을 판매·제공하는 매장,00099bd3-766a-4148-a64c-5356a9d5aad2,초장집 미사점,음식점,미사강변 골목형상점가,골목형상점가,경기도,0.0,0.0,,,RESOLVED_AGREEMENT,False,0,,,,
acc9be594ea8374824f2,test,주방용품,T3 개념확장,q_주방용품_04,주방용품,생활·마트 중 '주방용품'을 판매·제공하는 매장,738d1665-4cfd-47b2-b195-a9b4b8891b45,백합선물,주방용품,제천중앙시장,전통시장,충청북도,3.0,3.0,,,RESOLVED_AGREEMENT,False,3,,,,
735929681bb0fce2445f,test,주방용품,T3 개념확장,q_주방용품_04,주방용품,생활·마트 중 '주방용품'을 판매·제공하는 매장,05d08f78-ed55-41f6-930f-cc56314e380a,삼보기물,주방용품,평택국제중앙시장,전통시장,경기도,3.0,3.0,,,RESOLVED_AGREEMENT,False,3,,,,
415ec60513295d929061,test,주방용품,T3 개념확장,q_주방용품_04,주방용품,생활·마트 중 '주방용품'을 판매·제공하는 매장,4e09aa59-f344-4c95-b4eb-ad2351776e2a,서영주방용품,주방용품,영동전통시장,전통시장,충청북도,3.0,3.0,,,RESOLVED_AGREEMENT,False,3,,,,
c670ddf02f06260108cd,test,주방용품,T3 개념확장,q_주방용품_04,주방용품,생활·마트 중 '주방용품'을 판매·제공하는 매장,01e5414f-6d15-4b32-8ecb-21f61d103f80,현대주방기물백화점,"그릇, 주방기물",호계공설시장,전통시장,울산광역시,3.0,3.0,,,RESOLVED_AGREEMENT,False,3,,,,
211ae669756c3f00852a,test,주방용품,T3 개념확장,q_주방용품_04,주방용품,생활·마트 중 '주방용품'을 판매·제공하는 매장,91c369c5-726a-4004-aa51-00defc56716f,중앙사,주방용품,남대문시장,전통시장,서울특별시,3.0,3.0,,,RESOLVED_AGREEMENT,False,3,,,,
bc6fe3bea8717ff2889f,test,주방용품,T3 개념확장,q_주방용품_04,주방용품,생활·마트 중 '주방용품'을 판매·제공하는 매장,28c75d76-ea47-40db-87fd-39fef307935a,대전기물,주방용품,유성시장 골목형상점가,골목형상점가,대전광역시,3.0,3.0,,,RESOLVED_AGREEMENT,False,3,,,,
4d13091063221fa61785,test,주방용품,T3 개념확장,q_주방용품_04,주방용품,생활·마트 중 '주방용품'을 판매·제공하는 매장,c4fe4ec5-1631-46dc-9d9a-c61cd4fa4c80,대성주방,주방용품,하양시장 상점가,자율상권구역,경상북도,3.0,3.0,,,RESOLVED_AGREEMENT,False,3,,,,
2131aafcfb716a69f09c,test,주방용품,T3 개념확장,q_주방용품_04,주방용품,생활·마트 중 '주방용품'을 판매·제공하는 매장,1558817a-9fc7-4203-838a-a4ce57acdc4e,나리,주방용품,대해불빛시장(대해종합시장),전통시장,경상북도,3.0,3.0,,,RESOLVED_AGREEMENT,False,3,,,,
0cf0d5fe0d520a6d2d4f,test,주방용품,T3 개념확장,q_주방용품_04,주방용품,생활·마트 중 '주방용품'을 판매·제공하는 매장,0010dbec-3031-440c-bda7-3d61761163a9,금송아지,음식점업,구미 진평음식문화특화거리 골목형상점가,골목형상점가,경상북도,0.0,0.0,,,RESOLVED_AGREEMENT,False,0,,,,
f7188c6cbdd86732633d,test,주방용품,T3 개념확장,q_주방용품_04,주방용품,생활·마트 중 '주방용품'을 판매·제공하는 매장,3eb09391-efcc-4c0f-95bd-5e21cbb51701,꽉찬시장,주방용품,망미중앙시장,전통시장,부산광역시,3.0,3.0,,,RESOLVED_AGREEMENT,False,3,,,,
782ce2b4d11b41283ad4,test,주방용품,T3 개념확장,q_주방용품_04,주방용품,생활·마트 중 '주방용품'을 판매·제공하는 매장,b01a1a3b-492e-43da-bf4e-24a4cf8f9d1d,대동쿡앤샵,주방용품,신금정시장 골목형 상점가,골목형상점가,부산광역시,3.0,3.0,,,RESOLVED_AGREEMENT,False,3,,,,
1272fc007acced6760a4,test,주방용품,T3 개념확장,q_주방용품_04,주방용품,생활·마트 중 '주방용품'을 판매·제공하는 매장,279c813d-1ea0-45c4-a2b5-cd5ea3b60e43,한진주방,주방용품,칠성시장,전통시장,대구광역시,3.0,3.0,,,RESOLVED_AGREEMENT,False,3,,,,
7e540262ae0862f70f03,test,주방용품,T3 개념확장,q_주방용품_04,주방용품,생활·마트 중 '주방용품'을 판매·제공하는 매장,01b512e5-9a35-44cd-a0a6-7e29d0d85256,보물찾기,그릇 및 잡화,제일종합시장,전통시장,강원특별자치도,3.0,3.0,,,RESOLVED_AGREEMENT,False,3,,,,
59c6d98e99bbfe2d3962,test,주방용품,T3 개념확장,q_주방용품_04,주방용품,생활·마트 중 '주방용품'을 판매·제공하는 매장,011e8cfe-0737-49db-8250-68e7a51ca170,토담도예,생활도자기,㈜르네시떼,전통시장,부산광역시,3.0,3.0,,,RESOLVED_AGREEMENT,False,3,,,,
0ca4028fee276d14479a,test,주방용품,T3 개념확장,q_주방용품_04,주방용품,생활·마트 중 '주방용품'을 판매·제공하는 매장,705190f6-8b4e-4c6a-8129-9ba5969ca370,다다사,주방용품,남대문시장,전통시장,서울특별시,3.0,3.0,,,RESOLVED_AGREEMENT,False,3,,,,
224edf0b9e9934e87e7d,test,주방용품,T3 개념확장,q_주방용품_04,주방용품,생활·마트 중 '주방용품'을 판매·제공하는 매장,e01f95f5-f0ef-4930-9af9-bf1d55f00e9a,삼성주방,주방용품,동송전통시장,전통시장,강원특별자치도,3.0,3.0,,,RESOLVED_AGREEMENT,False,3,,,,
19822f8a6c0c09214682,test,주방용품,T3 개념확장,q_주방용품_04,주방용품,생활·마트 중 '주방용품'을 판매·제공하는 매장,85051482-992d-44cd-9a02-856e5ddb3ff1,황실주방용품,주방용품,문흥진달래공원 골목형상점가,골목형상점가,광주광역시,3.0,3.0,,,RESOLVED_AGREEMENT,False,3,,,,
ff05c88840043984f1f6,test,주방용품,T3 개념확장,q_주방용품_04,주방용품,생활·마트 중 '주방용품'을 판매·제공하는 매장,fe91b279-fcfd-476b-8fb4-09af8b2515cb,고려기물,주방용품,충주무학시장,전통시장,충청북도,3.0,3.0,,,RESOLVED_AGREEMENT,False,3,,,,
c80192752b25f1af202b,test,주방용품,T3 개념확장,q_주방용품_04,주방용품,생활·마트 중 '주방용품'을 판매·제공하는 매장,e3460b92-d255-426d-b4d4-80ad0f65df45,동광주방,주방용품,동산상가,전통시장,대구광역시,3.0,3.0,,,RESOLVED_AGREEMENT,False,3,,,,
abf04d1f3eaece6f5053,test,주방용품,T3 개념확장,q_주방용품_04,주방용품,생활·마트 중 '주방용품'을 판매·제공하는 매장,1ffa1527-721a-4b7e-afb6-ae67690b66e9,미엘담,주방용품,원주중앙로문화의거리,자율상권구역,강원특별자치도,3.0,3.0,,,RESOLVED_AGREEMENT,False,3,,,,
10eb1861b2f880442358,test,주방용품,T3 개념확장,q_주방용품_04,주방용품,생활·마트 중 '주방용품'을 판매·제공하는 매장,5879e1d3-16e7-4e5d-9382-c3ead6e8fbb8,지웅상회,주방용품,영산포풍물시장,전통시장,전라남도,3.0,3.0,,,RESOLVED_AGREEMENT,False,3,,,,
c3ba0e233f77eacb2a92,test,주방용품,T3 개념확장,q_주방용품_04,주방용품,생활·마트 중 '주방용품'을 판매·제공하는 매장,884745b9-fe72-4d7f-84a2-a3999c778363,밴드스토리,수산물,두암3동 먹자골목 골목형상점가,골목형상점가,광주광역시,0.0,0.0,,,RESOLVED_AGREEMENT,False,0,,,,
8d032805070ebc21e26a,test,주방용품,T3 개념확장,q_주방용품_04,주방용품,생활·마트 중 '주방용품'을 판매·제공하는 매장,1baeb006-622f-4dab-940d-69d1112ee30d,홈셰프,주방용품,남원용남시장,전통시장,전북특별자치도,3.0,3.0,,,RESOLVED_AGREEMENT,False,3,,,,
55bb265bd551279edc47,test,주방용품,T3 개념확장,q_주방용품_04,주방용품,생활·마트 중 '주방용품'을 판매·제공하는 매장,8e0b107b-dc1a-4295-8b28-90e1037e4385,문산고무신,신발,문산자유시장,전통시장,경기도,0.0,0.0,,,RESOLVED_AGREEMENT,False,0,,,,
9e87d2d0ff9fcd2fc2e4,test,주방용품,T3 개념확장,q_주방용품_04,주방용품,생활·마트 중 '주방용품'을 판매·제공하는 매장,085ff0d2-9f7f-4d54-96a0-448dbe4085fe,우리주방,주방용품,구미종합상가,전통시장,경상북도,3.0,3.0,,,RESOLVED_AGREEMENT,False,3,,,,
e2cccec87099c52f9ad3,test,주방용품,T3 개념확장,q_주방용품_04,주방용품,생활·마트 중 '주방용품'을 판매·제공하는 매장,0014a02e-4166-41fc-bc3d-bc2dac16a32b,이모네김밥,음식점,자양전통시장,전통시장,서울특별시,0.0,0.0,,,RESOLVED_AGREEMENT,False,0,,,,
7ca5c2f9e8af21b07c72,test,주방용품,T3 개념확장,q_주방용품_04,주방용품,생활·마트 중 '주방용품'을 판매·제공하는 매장,8c5050e0-edf1-4c49-b0cf-63d153d03e9c,피나치공신탄진,피자 치킨,신탄진시장,전통시장,대전광역시,0.0,0.0,,,RESOLVED_AGREEMENT,False,0,,,,
ed3ef82900e1525b19ca,test,주방용품,T3 개념확장,q_주방용품_04,주방용품,생활·마트 중 '주방용품'을 판매·제공하는 매장,e4fb35ee-af07-492f-bf1d-8efcab149802,일광기물,주방용품,보성매일시장,전통시장,전라남도,3.0,3.0,,,RESOLVED_AGREEMENT,False,3,,,,
1d1c7b01a0ec2b01365e,test,주방용품,T3 개념확장,q_주방용품_04,주방용품,생활·마트 중 '주방용품'을 판매·제공하는 매장,357467f4-95ef-4678-bd6d-f98d9571b106,테양기물,주방용품,복대가경시장,전통시장,충청북도,3.0,3.0,,,RESOLVED_AGREEMENT,False,3,,,,
9c2e7a1140d96cce2b8e,test,주방용품,T3 개념확장,q_주방용품_04,주방용품,생활·마트 중 '주방용품'을 판매·제공하는 매장,cbaf74cf-e91b-47d1-8c50-cafd7dd41805,은애상사,주방용품,부산국제시장,전통시장,부산광역시,3.0,3.0,,,RESOLVED_AGREEMENT,False,3,,,,
b815c4f8960042a7e259,test,주방용품,T3 개념확장,q_주방용품_04,주방용품,생활·마트 중 '주방용품'을 판매·제공하는 매장,09c4c831-f8bc-49b7-ab80-266ebc7a66b5,극동주방,주방용품,안양농수산물 골목형상점가,골목형상점가,경기도,3.0,3.0,,,RESOLVED_AGREEMENT,False,3,,,,
13446d888283cd583c86,test,주방용품,T3 개념확장,q_주방용품_04,주방용품,생활·마트 중 '주방용품'을 판매·제공하는 매장,179d8462-4dc8-430b-927f-d7818ba6fb62,키친나라,주방용식기,하동공설시장,전통시장,경상남도,3.0,3.0,,,RESOLVED_AGREEMENT,False,3,,,,
985a0c98ad3cabda0529,test,주방용품,T3 개념확장,q_주방용품_04,주방용품,생활·마트 중 '주방용품'을 판매·제공하는 매장,05407993-f65d-4b47-b23f-2bbbcef3232e,영화상회,요업제품식기,보령한내시장,전통시장,충청남도,3.0,3.0,,,RESOLVED_AGREEMENT,False,3,,,,
9329eaedc1fb3369fa9d,test,주방용품,T3 개념확장,q_주방용품_04,주방용품,생활·마트 중 '주방용품'을 판매·제공하는 매장,01b28f89-fee4-4811-8c5a-4c728f24c0ba,백미스탠,그릇 주방용품,대야전통시장,전통시장,전북특별자치도,3.0,3.0,,,RESOLVED_AGREEMENT,False,3,,,,
a48a88f241953a1bcba4,test,주방용품,T3 개념확장,q_주방용품_04,주방용품,생활·마트 중 '주방용품'을 판매·제공하는 매장,6d77e4cd-b223-42ef-8816-363d41180855,두보키친,주방용품,남대문시장,전통시장,서울특별시,3.0,3.0,,,RESOLVED_AGREEMENT,False,3,,,,
6d65c35f0ead537daed5,test,주방용품,T3 개념확장,q_주방용품_04,주방용품,생활·마트 중 '주방용품'을 판매·제공하는 매장,ad644ce9-f714-4bea-a40c-fc7b5ae9dabc,신우상회,주방용품,서문시장 제5지구,전통시장,대구광역시,3.0,3.0,,,RESOLVED_AGREEMENT,False,3,,,,
3a695aa870404a352701,test,주방용품,T3 개념확장,q_주방용품_04,주방용품,생활·마트 중 '주방용품'을 판매·제공하는 매장,791bcef7-bf5c-457e-bfe1-81332570ff45,대림주방,주방용품,영등포전통시장,자율상권구역,서울특별시,3.0,3.0,,,RESOLVED_AGREEMENT,False,3,,,,
1de14641085be1aa68f8,test,주방용품,T3 개념확장,q_주방용품_04,주방용품,생활·마트 중 '주방용품'을 판매·제공하는 매장,7edb6bfb-d6bd-4f91-9933-e085d8a2cf10,테크노,주방용품,숭례문수입상가,전통시장,서울특별시,3.0,3.0,,,RESOLVED_AGREEMENT,False,3,,,,
64e41c067a81fdb1324e,test,주방용품,T3 개념확장,q_주방용품_04,주방용품,생활·마트 중 '주방용품'을 판매·제공하는 매장,16733e78-de9c-417f-a9fc-61942220ab41,신혼백화점,주방용품,남대문시장,전통시장,서울특별시,3.0,3.0,,,RESOLVED_AGREEMENT,False,3,,,,
cc750817387181b5b439,test,주방용품,T3 개념확장,q_주방용품_04,주방용품,생활·마트 중 '주방용품'을 판매·제공하는 매장,00019073-6f11-4f0f-b26f-342cc4f92c0a,만선회센타,음식및숙박업(일본음식점업),전북대대학로상점가,자율상권구역,전북특별자치도,0.0,0.0,,,RESOLVED_AGREEMENT,False,0,,,,
34311d40da06a1f608b0,test,주방용품,T3 개념확장,q_주방용품_04,주방용품,생활·마트 중 '주방용품'을 판매·제공하는 매장,9ea7188a-0fab-4ee1-b166-8f6d215aba51,용인그릇,주방용품,석수시장,전통시장,경기도,3.0,3.0,,,RESOLVED_AGREEMENT,False,3,,,,
546e8961818b8224f5aa,test,주방용품,T3 개념확장,q_주방용품_04,주방용품,생활·마트 중 '주방용품'을 판매·제공하는 매장,012185b9-46f5-4d62-8672-7c17d43b6886,남북상사,"도소매(잡화), 그릇",남대문시장,전통시장,서울특별시,3.0,3.0,,,RESOLVED_AGREEMENT,False,3,,,,
f88c75d855608c85b8e1,test,주방용품,T3 개념확장,q_주방용품_04,주방용품,생활·마트 중 '주방용품'을 판매·제공하는 매장,d2eedfb6-5e0b-45f9-acf9-ba604026ed67,우정주방마트,주방용품,조암시장,전통시장,경기도,3.0,3.0,,,RESOLVED_AGREEMENT,False,3,,,,
f44f3adfebb31ba1b343,test,주방용품,T6 기계변형,q_주방용품_05,주방 용품,생활·마트 중 '주방용품'을 판매·제공하는 매장,42594e6c-7f87-4788-89ef-28564ef52fc3,신일종합주방,주방용품,금왕중심골목형상점가,골목형상점가,충청북도,3.0,3.0,,,RESOLVED_AGREEMENT,False,3,,,,
58cd81c3e248035f6b35,test,주방용품,T6 기계변형,q_주방용품_05,주방 용품,생활·마트 중 '주방용품'을 판매·제공하는 매장,54cd6b0c-c599-4c6a-92e3-c21325676362,주방의 아이,주방용품,안양관양시장,전통시장,경기도,3.0,3.0,,,RESOLVED_AGREEMENT,False,3,,,,
44af9ff83c0993ce9e68,test,주방용품,T6 기계변형,q_주방용품_05,주방 용품,생활·마트 중 '주방용품'을 판매·제공하는 매장,911bb180-f510-45a5-bdca-87b4a6491119,미래주방,주방용품,행당시장상점가,자율상권구역,서울특별시,3.0,3.0,,,RESOLVED_AGREEMENT,False,3,,,,
953437691bbb268e1c70,test,주방용품,T6 기계변형,q_주방용품_05,주방 용품,생활·마트 중 '주방용품'을 판매·제공하는 매장,b4c13bbc-b098-45be-b37d-8a643eac4000,중앙주방,주방용품,평화시장,전통시장,대구광역시,3.0,3.0,,,RESOLVED_AGREEMENT,False,3,,,,
daf1bbf94a1ce9ec726e,test,주방용품,T6 기계변형,q_주방용품_05,주방 용품,생활·마트 중 '주방용품'을 판매·제공하는 매장,791bcef7-bf5c-457e-bfe1-81332570ff45,대림주방,주방용품,영등포전통시장,자율상권구역,서울특별시,3.0,3.0,,,RESOLVED_AGREEMENT,False,3,,,,
200e515e645d80f57abe,test,주방용품,T6 기계변형,q_주방용품_05,주방 용품,생활·마트 중 '주방용품'을 판매·제공하는 매장,054376dd-1b52-4eee-baba-4206012c6839,금호종합주방,주방용품,임동오거리 골목형상점가,골목형상점가,광주광역시,3.0,3.0,,,RESOLVED_AGREEMENT,False,3,,,,
df4e5f9a5a08e4867480,test,주방용품,T6 기계변형,q_주방용품_05,주방 용품,생활·마트 중 '주방용품'을 판매·제공하는 매장,c2ad3cb0-6dbd-457f-b284-35df475bf038,Mr박수입주방,주방용품,성서와룡시장,전통시장,대구광역시,3.0,3.0,,,RESOLVED_AGREEMENT,False,3,,,,
4addc4f6b4ecb0452cd7,test,주방용품,T6 기계변형,q_주방용품_05,주방 용품,생활·마트 중 '주방용품'을 판매·제공하는 매장,77bf2913-37a2-46b5-9458-ea4845a0beed,지센서면,의류 및 용품,서면역중앙몰상가,일반지하상점가,부산광역시,0.0,0.0,,,RESOLVED_AGREEMENT,False,0,,,,
e0a4bfe3a011884b74cf,test,주방용품,T6 기계변형,q_주방용품_05,주방 용품,생활·마트 중 '주방용품'을 판매·제공하는 매장,c727801a-112f-4099-8873-5fe6384641c0,바비,의류,김해 대우유토피아상가,골목형상점가,경상남도,0.0,0.0,,,RESOLVED_AGREEMENT,False,0,,,,
dd35cec760b90d3ad48b,test,주방용품,T6 기계변형,q_주방용품_05,주방 용품,생활·마트 중 '주방용품'을 판매·제공하는 매장,012185b9-46f5-4d62-8672-7c17d43b6886,남북상사,"도소매(잡화), 그릇",남대문시장,전통시장,서울특별시,3.0,3.0,,,RESOLVED_AGREEMENT,False,3,,,,
6e9739d1b2db882e2415,test,주방용품,T6 기계변형,q_주방용품_05,주방 용품,생활·마트 중 '주방용품'을 판매·제공하는 매장,d7ee476a-3503-4cde-a6bd-f8511e7e1ca8,서희생선구이밥상,한식,댕리단길 골목형상점가,골목형상점가,경기도,0.0,0.0,,,RESOLVED_AGREEMENT,False,0,,,,
a09537aa7c8011929cc3,test,주방용품,T6 기계변형,q_주방용품_05,주방 용품,생활·마트 중 '주방용품'을 판매·제공하는 매장,722611ff-c805-4723-9afa-5567ecfee108,늘푸른주방,주방용품,영등포전통시장,자율상권구역,서울특별시,3.0,3.0,,,RESOLVED_AGREEMENT,False,3,,,,
4b788547af7551d8341c,test,주방용품,T6 기계변형,q_주방용품_05,주방 용품,생활·마트 중 '주방용품'을 판매·제공하는 매장,26d48cb6-79ec-4b66-8d2a-922ba5ef7592,삼신상회,플라스틱식기,건천시장,전통시장,경상북도,3.0,3.0,,,RESOLVED_AGREEMENT,False,3,,,,
92a27070ae87faa828db,test,주방용품,T6 기계변형,q_주방용품_05,주방 용품,생활·마트 중 '주방용품'을 판매·제공하는 매장,01b512e5-9a35-44cd-a0a6-7e29d0d85256,보물찾기,그릇 및 잡화,제일종합시장,전통시장,강원특별자치도,3.0,3.0,,,RESOLVED_AGREEMENT,False,3,,,,
0b9b74c9597029fafa56,test,주방용품,T6 기계변형,q_주방용품_05,주방 용품,생활·마트 중 '주방용품'을 판매·제공하는 매장,0f8c17dd-cfff-438e-adce-b363ba628bbc,강동상회,과일,감전새벽 골목형상점가,골목형상점가,부산광역시,0.0,0.0,,,RESOLVED_AGREEMENT,False,0,,,,
c934636ec275e9885ec8,test,주방용품,T6 기계변형,q_주방용품_05,주방 용품,생활·마트 중 '주방용품'을 판매·제공하는 매장,334c8e53-819a-4c6b-9975-63e291b4a978,하나주방,,남대문시장,전통시장,서울특별시,,3.0,Y,,P0_UNCERTAIN_OR_MISSING,True,,,,,
79b468570b10a657b5d5,test,주방용품,T6 기계변형,q_주방용품_05,주방 용품,생활·마트 중 '주방용품'을 판매·제공하는 매장,05407993-f65d-4b47-b23f-2bbbcef3232e,영화상회,요업제품식기,보령한내시장,전통시장,충청남도,3.0,3.0,,,RESOLVED_AGREEMENT,False,3,,,,
3158520b4df287c93f0f,test,주방용품,T6 기계변형,q_주방용품_05,주방 용품,생활·마트 중 '주방용품'을 판매·제공하는 매장,0079e4d6-6b16-43b7-8b42-1377fc092985,강진옹기,도자기,일곡동(제11지역:용전동) 골목형상점가,골목형상점가,광주광역시,3.0,3.0,,,RESOLVED_AGREEMENT,False,3,,,,
154b6e9748f87121ddcd,test,주방용품,T6 기계변형,q_주방용품_05,주방 용품,생활·마트 중 '주방용품'을 판매·제공하는 매장,016866c7-7e5a-4c48-b33e-a37f1e579730,백산도요,도자기,사기막골도자기시장(구 사기막골도예촌재래시장),전통시장,경기도,3.0,3.0,,,RESOLVED_AGREEMENT,False,3,,,,
3061d7ce95048cacb71f,test,주방용품,T6 기계변형,q_주방용품_05,주방 용품,생활·마트 중 '주방용품'을 판매·제공하는 매장,d48e5186-8929-4376-ab53-93b35e1a7c8e,덕성주방,주방용품,시장로타리지하상가,일반지하상점가,인천광역시,3.0,3.0,,,RESOLVED_AGREEMENT,False,3,,,,
c3466b2bcd9b5dec863c,test,주방용품,T6 기계변형,q_주방용품_05,주방 용품,생활·마트 중 '주방용품'을 판매·제공하는 매장,011e8cfe-0737-49db-8250-68e7a51ca170,토담도예,생활도자기,㈜르네시떼,전통시장,부산광역시,3.0,3.0,,,RESOLVED_AGREEMENT,False,3,,,,
0d5cc950de27d8f1abbf,test,주방용품,T6 기계변형,q_주방용품_05,주방 용품,생활·마트 중 '주방용품'을 판매·제공하는 매장,a471f79c-da32-4f9e-ad12-36b1d8ea58ad,흥아상회(주방),주방용품,동두천중앙시장,전통시장,경기도,3.0,3.0,,,RESOLVED_AGREEMENT,False,3,,,,
9c8d434b104f91b68e02,test,주방용품,T6 기계변형,q_주방용품_05,주방 용품,생활·마트 중 '주방용품'을 판매·제공하는 매장,315aeb3c-df6f-4283-9375-b9946bc8ef97,해피펫,애견이용 용품,동먹골상가 골목형상점가,골목형상점가,대구광역시,0.0,0.0,,,RESOLVED_AGREEMENT,False,0,,,,
6ed5403cff0f6a138684,test,주방용품,T6 기계변형,q_주방용품_05,주방 용품,생활·마트 중 '주방용품'을 판매·제공하는 매장,6f2f0083-8233-41f5-b03d-76717d9f46a6,역전주방,주방용품,순천역전시장,전통시장,전라남도,3.0,3.0,,,RESOLVED_AGREEMENT,False,3,,,,
4b5eff070ea3fd39aa1d,test,주방용품,T6 기계변형,q_주방용품_05,주방 용품,생활·마트 중 '주방용품'을 판매·제공하는 매장,01448ddc-182e-4a13-8e2c-7377a3be0b95,부흥상회,"소매업(그릇,주방용품)",죽산시장,전통시장,경기도,3.0,3.0,,,RESOLVED_AGREEMENT,False,3,,,,
dae1adde41cf2d762401,test,주방용품,T6 기계변형,q_주방용품_05,주방 용품,생활·마트 중 '주방용품'을 판매·제공하는 매장,e3460b92-d255-426d-b4d4-80ad0f65df45,동광주방,주방용품,동산상가,전통시장,대구광역시,3.0,3.0,,,RESOLVED_AGREEMENT,False,3,,,,
daa1d101a60c3b6a381e,test,주방용품,T6 기계변형,q_주방용품_05,주방 용품,생활·마트 중 '주방용품'을 판매·제공하는 매장,d0fa4002-a537-4a8b-ae52-2735505a1d11,영진애견,"애견, 용품",동오마을골목형상점가,골목형상점가,경기도,0.0,0.0,,,RESOLVED_AGREEMENT,False,0,,,,
2519391dddd6c7f14aa2,test,주방용품,T6 기계변형,q_주방용품_05,주방 용품,생활·마트 중 '주방용품'을 판매·제공하는 매장,1b415fbe-893b-48fe-9058-90eb849ece88,복자의 주방,한식 및 주류,수유전통시장(구 수유골목시장),전통시장,서울특별시,0.0,3.0,,,P1_BINARY_THRESHOLD,True,,,,,
45630c1ad23c5183aedb,test,주방용품,T6 기계변형,q_주방용품_05,주방 용품,생활·마트 중 '주방용품'을 판매·제공하는 매장,941a49f5-10cd-456b-9f10-167194388ed8,킴스주방,식탁 및 주방용품,용현시장,전통시장,인천광역시,3.0,3.0,,,RESOLVED_AGREEMENT,False,3,,,,
144daf8603f4870864e7,test,주방용품,T6 기계변형,q_주방용품_05,주방 용품,생활·마트 중 '주방용품'을 판매·제공하는 매장,bea1d25a-6fc8-47aa-91d6-e92c21a5dbb9,원효종합주방,"주방용품, 그릇",용산용문시장,전통시장,서울특별시,3.0,3.0,,,RESOLVED_AGREEMENT,False,3,,,,
9e302e64042d064120d7,test,주방용품,T6 기계변형,q_주방용품_05,주방 용품,생활·마트 중 '주방용품'을 판매·제공하는 매장,085ff0d2-9f7f-4d54-96a0-448dbe4085fe,우리주방,주방용품,구미종합상가,전통시장,경상북도,3.0,3.0,,,RESOLVED_AGREEMENT,False,3,,,,
7228b05d24d9297a13dd,test,주방용품,T6 기계변형,q_주방용품_05,주방 용품,생활·마트 중 '주방용품'을 판매·제공하는 매장,01e5414f-6d15-4b32-8ecb-21f61d103f80,현대주방기물백화점,"그릇, 주방기물",호계공설시장,전통시장,울산광역시,3.0,3.0,,,RESOLVED_AGREEMENT,False,3,,,,
5dfe9ac49bdf8a2e1f4e,test,주방용품,T6 기계변형,q_주방용품_05,주방 용품,생활·마트 중 '주방용품'을 판매·제공하는 매장,6df751de-bda1-4430-8a98-e12098451bff,현대종합주방,주방용품,춘천남부시장,전통시장,강원특별자치도,3.0,3.0,,,RESOLVED_AGREEMENT,False,3,,,,
32d17e9c5a9ec11871db,test,주방용품,T6 기계변형,q_주방용품_05,주방 용품,생활·마트 중 '주방용품'을 판매·제공하는 매장,61f865b5-db54-45cd-aed8-36a2e291c6d6,우일종합주방,주방용품,임동오거리 골목형상점가,골목형상점가,광주광역시,3.0,3.0,,,RESOLVED_AGREEMENT,False,3,,,,
a52fa2dabb4d423273ab,test,주방용품,T6 기계변형,q_주방용품_05,주방 용품,생활·마트 중 '주방용품'을 판매·제공하는 매장,513139c7-1416-4241-8b11-4cd780cf2e5f,태경사,생활용품 (주방),남대문시장,전통시장,서울특별시,1.0,3.0,,,P1_BINARY_THRESHOLD,True,,,,,
b86fbd7f5cc7a204d7ae,test,주방용품,T6 기계변형,q_주방용품_05,주방 용품,생활·마트 중 '주방용품'을 판매·제공하는 매장,10c49708-f32e-4388-ba47-c30a7d58ecea,단대그릇센타,식기,단대마트시장,전통시장,경기도,3.0,3.0,,,RESOLVED_AGREEMENT,False,3,,,,
9b696df28195c1f08086,test,주방용품,T6 기계변형,q_주방용품_05,주방 용품,생활·마트 중 '주방용품'을 판매·제공하는 매장,77002741-888c-4f9c-a1fd-470fadee6cbc,한솔주방,소매(주방용품),광명전통시장,전통시장,경기도,3.0,3.0,,,RESOLVED_AGREEMENT,False,3,,,,
d3bcfd003c417b2d6cb0,test,주방용품,T6 기계변형,q_주방용품_05,주방 용품,생활·마트 중 '주방용품'을 판매·제공하는 매장,01b28f89-fee4-4811-8c5a-4c728f24c0ba,백미스탠,그릇 주방용품,대야전통시장,전통시장,전북특별자치도,3.0,3.0,,,RESOLVED_AGREEMENT,False,3,,,,
92c6d2358ec4ebec445f,test,주방용품,T6 기계변형,q_주방용품_05,주방 용품,생활·마트 중 '주방용품'을 판매·제공하는 매장,94b49dac-1f3e-4f19-bb67-409a5f2c8476,길샘주방,도소매(주방용품),남대문시장,전통시장,서울특별시,3.0,3.0,,,RESOLVED_AGREEMENT,False,3,,,,
0101594e8a3655ba8b1f,test,주방용품,T6 기계변형,q_주방용품_05,주방 용품,생활·마트 중 '주방용품'을 판매·제공하는 매장,65cb09a3-3da0-4ee1-9c53-75c454fc32cc,예스주방,주방용품,칠성전자주방시장,전통시장,대구광역시,3.0,3.0,,,RESOLVED_AGREEMENT,False,3,,,,
9ce397695bbd4aa01a76,test,주방용품,T6 기계변형,q_주방용품_05,주방 용품,생활·마트 중 '주방용품'을 판매·제공하는 매장,f8d79d1d-2884-4c55-948c-4da0c3638929,차영헤어,헤어 미용 용품,상도약수골목형상점가,골목형상점가,서울특별시,0.0,0.0,,,RESOLVED_AGREEMENT,False,0,,,,
9456b4f298b34756b1b9,test,주방용품,T6 기계변형,q_주방용품_05,주방 용품,생활·마트 중 '주방용품'을 판매·제공하는 매장,90a21680-245e-4a22-a59f-c7ef8402bbeb,아리따움당감점,화장품,당감새시장,전통시장,부산광역시,0.0,0.0,,,RESOLVED_AGREEMENT,False,0,,,,
77adeeae15bdc1470f28,test,주방용품,T6 기계변형,q_주방용품_05,주방 용품,생활·마트 중 '주방용품'을 판매·제공하는 매장,962de01e-2c2b-4f27-9d71-113c0d8969d7,서봉철물,주방용품,순창시장,전통시장,전북특별자치도,3.0,3.0,,,RESOLVED_AGREEMENT,False,3,,,,
14f256e731ed829487a9,test,주방용품,T6 기계변형,q_주방용품_05,주방 용품,생활·마트 중 '주방용품'을 판매·제공하는 매장,8d2fb7a1-4fe1-4439-bf1d-7f3403c9ab67,형제주방,도소매(주방용품),남대문시장,전통시장,서울특별시,3.0,3.0,,,RESOLVED_AGREEMENT,False,3,,,,
4228d04f1fb247bcff0f,test,주방용품,T6 기계변형,q_주방용품_05,주방 용품,생활·마트 중 '주방용품'을 판매·제공하는 매장,09c4c831-f8bc-49b7-ab80-266ebc7a66b5,극동주방,주방용품,안양농수산물 골목형상점가,골목형상점가,경기도,3.0,3.0,,,RESOLVED_AGREEMENT,False,3,,,,
3faa67b9dd837e176bf9,test,주방용품,T6 기계변형,q_주방용품_05,주방 용품,생활·마트 중 '주방용품'을 판매·제공하는 매장,00315b91-ae04-4ca0-bc66-43dc7858b0d5,시옷이응,도자기,예스파크 상점가,자율상권구역,경기도,3.0,3.0,,,RESOLVED_AGREEMENT,False,3,,,,
1deb093aae333ccdbd35,test,주방용품,T6 기계변형,q_주방용품_05,주방 용품,생활·마트 중 '주방용품'을 판매·제공하는 매장,13376c3b-224f-41a2-aec5-000f6bae7889,삼성그릇종합주방,주방용품,구월도매전통시장,전통시장,인천광역시,3.0,3.0,,,RESOLVED_AGREEMENT,False,3,,,,
7a87bfbc550fda8a3f12,test,주방용품,T6 기계변형,q_주방용품_05,주방 용품,생활·마트 중 '주방용품'을 판매·제공하는 매장,0014a02e-4166-41fc-bc3d-bc2dac16a32b,이모네김밥,음식점,자양전통시장,전통시장,서울특별시,0.0,0.0,,,RESOLVED_AGREEMENT,False,0,,,,
4abba09013063184c07a,test,주방용품,T6 기계변형,q_주방용품_05,주방 용품,생활·마트 중 '주방용품'을 판매·제공하는 매장,9fbb5e5b-14d6-41e9-b0bb-99b132911bb8,용빠주방,양식,장대 골목형상점가,골목형상점가,대전광역시,0.0,3.0,,,P1_BINARY_THRESHOLD,True,,,,,
af1148c389a2a865fb7d,test,주방용품,T6 기계변형,q_주방용품_05,주방 용품,생활·마트 중 '주방용품'을 판매·제공하는 매장,1aeabc4c-a2a0-495d-a0b7-2cc5b42a5c52,한영상회,그릇(식기),동문재래시장,전통시장,제주특별자치도,3.0,3.0,,,RESOLVED_AGREEMENT,False,3,,,,
7b4e9481eea10955af9f,test,주방용품,T6 기계변형,q_주방용품_05,주방 용품,생활·마트 중 '주방용품'을 판매·제공하는 매장,001fe873-89a3-474a-b8d2-8526408e992d,진미해장국,음식점업(한식),평택통복시장,전통시장,경기도,0.0,0.0,,,RESOLVED_AGREEMENT,False,0,,,,
a4a0214c14cb47874628,test,주방용품,T6 기계변형,q_주방용품_05,주방 용품,생활·마트 중 '주방용품'을 판매·제공하는 매장,0d05ea9c-1790-4424-8c8d-af299cca010c,대성종합주방,그릇 주방용품,부평종합시장,전통시장,인천광역시,3.0,3.0,,,RESOLVED_AGREEMENT,False,3,,,,
4cf4d6f07c2f07b73437,test,주방용품,T6 기계변형,q_주방용품_05,주방 용품,생활·마트 중 '주방용품'을 판매·제공하는 매장,179d8462-4dc8-430b-927f-d7818ba6fb62,키친나라,주방용식기,하동공설시장,전통시장,경상남도,3.0,3.0,,,RESOLVED_AGREEMENT,False,3,,,,
c269d806d13ff6ebebd2,test,주방용품,T6 기계변형,q_주방용품_05,주방 용품,생활·마트 중 '주방용품'을 판매·제공하는 매장,3adff904-8ca4-4e2e-8bd8-42ba1092852c,덕영주방,도소매(주방용품),남대문시장,전통시장,서울특별시,3.0,3.0,,,RESOLVED_AGREEMENT,False,3,,,,
6c52e68fb7a2e05e6163,test,주방용품,T6 기계변형,q_주방용품_05,주방 용품,생활·마트 중 '주방용품'을 판매·제공하는 매장,302c98e3-7d4e-46c3-b78c-a7326747f295,금부주방,주방용품,성당시장,전통시장,대구광역시,3.0,3.0,,,RESOLVED_AGREEMENT,False,3,,,,
457f6eb2e54c2fbbbdfc,test,주방용품,T6 기계변형,q_주방용품_05,주방 용품,생활·마트 중 '주방용품'을 판매·제공하는 매장,0010dbec-3031-440c-bda7-3d61761163a9,금송아지,음식점업,구미 진평음식문화특화거리 골목형상점가,골목형상점가,경상북도,0.0,0.0,,,RESOLVED_AGREEMENT,False,0,,,,
4fdb794125457f9cfc8c,test,주방용품,T6 기계변형,q_주방용품_05,주방 용품,생활·마트 중 '주방용품'을 판매·제공하는 매장,c4fe4ec5-1631-46dc-9d9a-c61cd4fa4c80,대성주방,주방용품,하양시장 상점가,자율상권구역,경상북도,3.0,3.0,,,RESOLVED_AGREEMENT,False,3,,,,
34a74729e4872960b945,test,주방용품,T6 기계변형,q_주방용품_05,주방 용품,생활·마트 중 '주방용품'을 판매·제공하는 매장,3959d7e8-cbdb-4755-8984-da48b76781c0,아빠의 주방,양식,금암동 골목형상점가,골목형상점가,충청남도,0.0,3.0,,,P1_BINARY_THRESHOLD,True,,,,,
d5cae1f0ccbb4a4be7c4,test,주방용품,T6 기계변형,q_주방용품_05,주방 용품,생활·마트 중 '주방용품'을 판매·제공하는 매장,e39b3171-2199-454a-abe2-4d74ee51d065,참편한주방,주방용품,부산광역시건축자재판매협동조합,전통시장,부산광역시,3.0,3.0,,,RESOLVED_AGREEMENT,False,3,,,,
54a03b3d4e2cceb8a286,test,주방용품,T6 기계변형,q_주방용품_05,주방 용품,생활·마트 중 '주방용품'을 판매·제공하는 매장,00cbb6f1-18d2-4f15-9af8-bdac08e35c56,비토도예,도자기,사기막골도자기시장(구 사기막골도예촌재래시장),전통시장,경기도,3.0,3.0,,,RESOLVED_AGREEMENT,False,3,,,,
c8a2e6d4b6a8c64a7f2e,test,주방용품,T6 기계변형,q_주방용품_05,주방 용품,생활·마트 중 '주방용품'을 판매·제공하는 매장,e60d81ad-c520-4e0d-b992-c48c4c5b78d2,현대주방,주방용품,중앙신시장,전통시장,경상북도,3.0,3.0,,,RESOLVED_AGREEMENT,False,3,,,,
b7fd6a1b6d51b96c36a6,test,주방용품,T6 기계변형,q_주방용품_05,주방 용품,생활·마트 중 '주방용품'을 판매·제공하는 매장,00099bd3-766a-4148-a64c-5356a9d5aad2,초장집 미사점,음식점,미사강변 골목형상점가,골목형상점가,경기도,0.0,0.0,,,RESOLVED_AGREEMENT,False,0,,,,
d1ac7e3f0d3060442f0e,test,주방용품,T6 기계변형,q_주방용품_05,주방 용품,생활·마트 중 '주방용품'을 판매·제공하는 매장,2d8c1d08-c5e1-40c5-926b-5406fc7000b0,다산김소아청소년과의원,,다산역 로데오 상점가,자율상권구역,경기도,0.0,0.0,,,RESOLVED_AGREEMENT,False,0,,,,
51240eb1a9609fbb5b53,test,주방용품,T6 기계변형,q_주방용품_05,주방 용품,생활·마트 중 '주방용품'을 판매·제공하는 매장,1e22ba23-12b1-47a1-9835-98c3706da1eb,대성종합주방,주방용품,칠성시장,전통시장,대구광역시,3.0,3.0,,,RESOLVED_AGREEMENT,False,3,,,,
29ce0fee05feff6f5773,test,주방용품,T6 기계변형,q_주방용품_05,주방 용품,생활·마트 중 '주방용품'을 판매·제공하는 매장,8b63c69e-3a2b-4453-817f-4bff58c63a9c,카텔리어,차동차 용품,용봉IC 골목형상점가,골목형상점가,광주광역시,0.0,0.0,,,RESOLVED_AGREEMENT,False,0,,,,
d6ebde9ba267c02ea868,test,주방용품,T6 기계변형,q_주방용품_05,주방 용품,생활·마트 중 '주방용품'을 판매·제공하는 매장,9ea7188a-0fab-4ee1-b166-8f6d215aba51,용인그릇,주방용품,석수시장,전통시장,경기도,3.0,3.0,,,RESOLVED_AGREEMENT,False,3,,,,
887bd131920de8a08fab,test,주방용품,T6 기계변형,q_주방용품_05,주방 용품,생활·마트 중 '주방용품'을 판매·제공하는 매장,e63253b8-ce5f-4c49-9fc0-b5717bb72549,화단종합주방,주방용품,안양중앙시장,전통시장,경기도,3.0,3.0,,,RESOLVED_AGREEMENT,False,3,,,,
05e7be23714f2c8bffcc,test,주방용품,T6 기계변형,q_주방용품_05,주방 용품,생활·마트 중 '주방용품'을 판매·제공하는 매장,5a128dc2-0a82-4098-88c0-e07408935af3,감동정육식당(부개점),육류한식,효실천거리 골목형상점가,골목형상점가,인천광역시,0.0,0.0,,,RESOLVED_AGREEMENT,False,0,,,,
87257524c940f3cf010a,test,주방용품,T6 기계변형,q_주방용품_05,주방 용품,생활·마트 중 '주방용품'을 판매·제공하는 매장,9552588a-7fe4-4bb6-bf75-671c87caf4ef,무등산종합주방,주방생활용품,양동닭전길시장,전통시장,광주광역시,1.0,3.0,,,P1_BINARY_THRESHOLD,True,,,,,
bd052c40ef646d235f3c,test,주방용품,T6 기계변형,q_주방용품_05,주방 용품,생활·마트 중 '주방용품'을 판매·제공하는 매장,ef899942-8deb-4a81-a717-f85c46120940,피크닉종합주방,주방용품,칠성전자주방시장,전통시장,대구광역시,3.0,3.0,,,RESOLVED_AGREEMENT,False,3,,,,
869930d685fa38ff7b91,test,주방용품,T6 기계변형,q_주방용품_05,주방 용품,생활·마트 중 '주방용품'을 판매·제공하는 매장,25b70929-fbd3-45e8-8164-c982b25cdb5e,GS25수완프레시점,식품잡화,수완중흥대방 골목형상점가,골목형상점가,광주광역시,1.0,2.0,,,P1_BINARY_THRESHOLD,True,,,,,
ac3aedafce7ff6de9e9d,test,주방용품,T6 기계변형,q_주방용품_05,주방 용품,생활·마트 중 '주방용품'을 판매·제공하는 매장,b86d33fa-bc4f-4203-96aa-5be2ff93bf71,"궁전그릇, 주방","그릇, 주방기물",양동닭전길시장,전통시장,광주광역시,3.0,3.0,,,RESOLVED_AGREEMENT,False,3,,,,
57c4e01a863d5f614d20,test,주방용품,T6 기계변형,q_주방용품_05,주방 용품,생활·마트 중 '주방용품'을 판매·제공하는 매장,6d0477f3-bc87-4310-95c8-e57b45423e6a,동원종합주방,주방용품,칠성전자주방시장,전통시장,대구광역시,3.0,3.0,,,RESOLVED_AGREEMENT,False,3,,,,
61f12aae5ced3080d0a6,test,주방용품,T6 기계변형,q_주방용품_05,주방 용품,생활·마트 중 '주방용품'을 판매·제공하는 매장,e9d81881-5286-4d3b-bc26-8efde63c75af,달곰펫,용품,동패 책향기 골목형상점가,골목형상점가,경기도,0.0,0.0,,,RESOLVED_AGREEMENT,False,0,,,,
2469208e972990acfc8d,test,주방용품,T6 기계변형,q_주방용품_05,주방 용품,생활·마트 중 '주방용품'을 판매·제공하는 매장,e01f95f5-f0ef-4930-9af9-bf1d55f00e9a,삼성주방,주방용품,동송전통시장,전통시장,강원특별자치도,3.0,3.0,,,RESOLVED_AGREEMENT,False,3,,,,
9df40aca7b28dd2c2c95,test,주방용품,T6 기계변형,q_주방용품_05,주방 용품,생활·마트 중 '주방용품'을 판매·제공하는 매장,60e8ed91-61aa-411d-9fc0-f88905cccde4,부전만물주방,주방용품,부전상가시장,전통시장,부산광역시,3.0,3.0,,,RESOLVED_AGREEMENT,False,3,,,,
e61bcd566c3669c1d9ea,test,주방용품,T6 기계변형,q_주방용품_05,주방 용품,생활·마트 중 '주방용품'을 판매·제공하는 매장,923c304e-82ea-409f-97c6-d9c65b91b514,한국주방,도소매(주방용품),용인중앙시장,전통시장,경기도,3.0,3.0,,,RESOLVED_AGREEMENT,False,3,,,,
92084ab7d6f354940e91,test,주방용품,T6 기계변형,q_주방용품_05,주방 용품,생활·마트 중 '주방용품'을 판매·제공하는 매장,62073c8e-9725-4fa1-a444-f5959757780d,행낭주방,주방,남대문시장,전통시장,서울특별시,0.0,3.0,,,P1_BINARY_THRESHOLD,True,,,,,
040a8be0af46603bef53,test,주방용품,T6 기계변형,q_주방용품_05,주방 용품,생활·마트 중 '주방용품'을 판매·제공하는 매장,279c813d-1ea0-45c4-a2b5-cd5ea3b60e43,한진주방,주방용품,칠성시장,전통시장,대구광역시,3.0,3.0,,,RESOLVED_AGREEMENT,False,3,,,,
a105882d4e9f0b3c0115,test,주방용품,T6 기계변형,q_주방용품_05,주방 용품,생활·마트 중 '주방용품'을 판매·제공하는 매장,00019073-6f11-4f0f-b26f-342cc4f92c0a,만선회센타,음식및숙박업(일본음식점업),전북대대학로상점가,자율상권구역,전북특별자치도,0.0,0.0,,,RESOLVED_AGREEMENT,False,0,,,,
f3c5a23c47ff882d520c,test,주방용품,T6 기계변형,q_주방용품_05,주방 용품,생활·마트 중 '주방용품'을 판매·제공하는 매장,eaddcb3e-ec94-4514-ac8d-5855cc410a6c,테크노주방,주방용품,전주풍남문상점가,자율상권구역,전북특별자치도,3.0,3.0,,,RESOLVED_AGREEMENT,False,3,,,,
9717b148e4c546ee509e,test,주방용품,T6 기계변형,q_주방용품_05,주방 용품,생활·마트 중 '주방용품'을 판매·제공하는 매장,98a6102e-3dd7-4b9d-8a1a-5a487e876314,왔다푸드,떡,한민시장,전통시장,대전광역시,0.0,0.0,,,RESOLVED_AGREEMENT,False,0,,,,
694f23db49f90556c25f,test,주방용품,T6 기계변형,q_주방용품_05,주방 용품,생활·마트 중 '주방용품'을 판매·제공하는 매장,7aa95dff-fe71-4a34-8cd5-38d868d12798,주방1번가,주방용품,부산광역시건축자재판매협동조합,전통시장,부산광역시,3.0,3.0,,,RESOLVED_AGREEMENT,False,3,,,,
60100959ce44712ac653,test,주방용품,T6 기계변형,q_주방용품_06,주방용푼,생활·마트 중 '주방용품'을 판매·제공하는 매장,911bb180-f510-45a5-bdca-87b4a6491119,미래주방,주방용품,행당시장상점가,자율상권구역,서울특별시,3.0,3.0,,,RESOLVED_AGREEMENT,False,3,,,,
5c50479c16183a740ccd,test,주방용품,T6 기계변형,q_주방용품_06,주방용푼,생활·마트 중 '주방용품'을 판매·제공하는 매장,d2eedfb6-5e0b-45f9-acf9-ba604026ed67,우정주방마트,주방용품,조암시장,전통시장,경기도,3.0,3.0,,,RESOLVED_AGREEMENT,False,3,,,,
3acc64c7734ab87cfd68,test,주방용품,T6 기계변형,q_주방용품_06,주방용푼,생활·마트 중 '주방용품'을 판매·제공하는 매장,cbaf74cf-e91b-47d1-8c50-cafd7dd41805,은애상사,주방용품,부산국제시장,전통시장,부산광역시,3.0,3.0,,,RESOLVED_AGREEMENT,False,3,,,,
5628b888dadefa791e8e,test,주방용품,T6 기계변형,q_주방용품_06,주방용푼,생활·마트 중 '주방용품'을 판매·제공하는 매장,279c813d-1ea0-45c4-a2b5-cd5ea3b60e43,한진주방,주방용품,칠성시장,전통시장,대구광역시,3.0,3.0,,,RESOLVED_AGREEMENT,False,3,,,,
f9d7e7770040189b55da,test,주방용품,T6 기계변형,q_주방용품_06,주방용푼,생활·마트 중 '주방용품'을 판매·제공하는 매장,85051482-992d-44cd-9a02-856e5ddb3ff1,황실주방용품,주방용품,문흥진달래공원 골목형상점가,골목형상점가,광주광역시,3.0,3.0,,,RESOLVED_AGREEMENT,False,3,,,,
7d15dcbb05b1155f3546,test,주방용품,T6 기계변형,q_주방용품_06,주방용푼,생활·마트 중 '주방용품'을 판매·제공하는 매장,48e8b5b8-0f92-4aae-a9e1-35d0d3ee8665,명승그릇,주방용품,밀양 내일전통시장,전통시장,경상남도,3.0,3.0,,,RESOLVED_AGREEMENT,False,3,,,,
82824fd324776930a0ab,test,주방용품,T6 기계변형,q_주방용품_06,주방용푼,생활·마트 중 '주방용품'을 판매·제공하는 매장,01e5414f-6d15-4b32-8ecb-21f61d103f80,현대주방기물백화점,"그릇, 주방기물",호계공설시장,전통시장,울산광역시,3.0,3.0,,,RESOLVED_AGREEMENT,False,3,,,,
653eac21566b23af82c4,test,주방용품,T6 기계변형,q_주방용품_06,주방용푼,생활·마트 중 '주방용품'을 판매·제공하는 매장,25b52d5d-2098-4cb9-8fd7-a77c92a5798e,삼남매수산,수산물,진주 청과시장,전통시장,경상남도,0.0,0.0,,,RESOLVED_AGREEMENT,False,0,,,,
0ff332f2a4af42ee82cb,test,주방용품,T6 기계변형,q_주방용품_06,주방용푼,생활·마트 중 '주방용품'을 판매·제공하는 매장,10c49708-f32e-4388-ba47-c30a7d58ecea,단대그릇센타,식기,단대마트시장,전통시장,경기도,3.0,3.0,,,RESOLVED_AGREEMENT,False,3,,,,
5fcf86c3c8e37b687336,test,주방용품,T6 기계변형,q_주방용품_06,주방용푼,생활·마트 중 '주방용품'을 판매·제공하는 매장,01448ddc-182e-4a13-8e2c-7377a3be0b95,부흥상회,"소매업(그릇,주방용품)",죽산시장,전통시장,경기도,3.0,3.0,,,RESOLVED_AGREEMENT,False,3,,,,
02054b007a28b08d6e41,test,주방용품,T6 기계변형,q_주방용품_06,주방용푼,생활·마트 중 '주방용품'을 판매·제공하는 매장,0014a02e-4166-41fc-bc3d-bc2dac16a32b,이모네김밥,음식점,자양전통시장,전통시장,서울특별시,0.0,0.0,,,RESOLVED_AGREEMENT,False,0,,,,
b0345407db78d39705d7,test,주방용품,T6 기계변형,q_주방용품_06,주방용푼,생활·마트 중 '주방용품'을 판매·제공하는 매장,28c75d76-ea47-40db-87fd-39fef307935a,대전기물,주방용품,유성시장 골목형상점가,골목형상점가,대전광역시,3.0,3.0,,,RESOLVED_AGREEMENT,False,3,,,,
9cf60f3ada0d3dddb98d,test,주방용품,T6 기계변형,q_주방용품_06,주방용푼,생활·마트 중 '주방용품'을 판매·제공하는 매장,603b3a93-bc75-4f78-8c06-b099b15c9f55,리빙필,주방용품,좌동재래시장,전통시장,부산광역시,3.0,3.0,,,RESOLVED_AGREEMENT,False,3,,,,
c39e065b3c3ca6674177,test,주방용품,T6 기계변형,q_주방용품_06,주방용푼,생활·마트 중 '주방용품'을 판매·제공하는 매장,26d48cb6-79ec-4b66-8d2a-922ba5ef7592,삼신상회,플라스틱식기,건천시장,전통시장,경상북도,3.0,3.0,,,RESOLVED_AGREEMENT,False,3,,,,
c8407cbf935caaaca7ea,test,주방용품,T6 기계변형,q_주방용품_06,주방용푼,생활·마트 중 '주방용품'을 판매·제공하는 매장,cf420b79-4fbe-4047-b365-625fc923d885,미호유통,가공식품,미래그린시장,전통시장,경기도,0.0,0.0,,,RESOLVED_AGREEMENT,False,0,,,,
cc220cb6a8f02676afe9,test,주방용품,T6 기계변형,q_주방용품_06,주방용푼,생활·마트 중 '주방용품'을 판매·제공하는 매장,ad69d98e-2d94-4984-8b28-e213d637eabf,수지사,주방용품,숭례문수입상가,전통시장,서울특별시,3.0,3.0,,,RESOLVED_AGREEMENT,False,3,,,,
be58be943a5107ad16a4,test,주방용품,T6 기계변형,q_주방용품_06,주방용푼,생활·마트 중 '주방용품'을 판매·제공하는 매장,b0718767-920b-48d2-9c70-72e50d29d783,최고상사,주방용품,원대가구명물거리 골목형상점가,골목형상점가,대구광역시,3.0,3.0,,,RESOLVED_AGREEMENT,False,3,,,,
611180e4b96ae477b0ef,test,주방용품,T6 기계변형,q_주방용품_06,주방용푼,생활·마트 중 '주방용품'을 판매·제공하는 매장,a4c6550f-5bff-4f91-8ea9-d83372468ba5,거북표씽크,주방용품,서산동부전통시장,전통시장,충청남도,3.0,3.0,,,RESOLVED_AGREEMENT,False,3,,,,
30f254644c63a358db9e,test,주방용품,T6 기계변형,q_주방용품_06,주방용푼,생활·마트 중 '주방용품'을 판매·제공하는 매장,6d77e4cd-b223-42ef-8816-363d41180855,두보키친,주방용품,남대문시장,전통시장,서울특별시,3.0,3.0,,,RESOLVED_AGREEMENT,False,3,,,,
ab6434c684325d5f5d82,test,주방용품,T6 기계변형,q_주방용품_06,주방용푼,생활·마트 중 '주방용품'을 판매·제공하는 매장,fe91b279-fcfd-476b-8fb4-09af8b2515cb,고려기물,주방용품,충주무학시장,전통시장,충청북도,3.0,3.0,,,RESOLVED_AGREEMENT,False,3,,,,
ecaadfd450f934d8407d,test,주방용품,T6 기계변형,q_주방용품_06,주방용푼,생활·마트 중 '주방용품'을 판매·제공하는 매장,78aeb70c-682f-4868-a51e-f1ae48c435ff,현대,주방용품,남대문시장,전통시장,서울특별시,3.0,3.0,,,RESOLVED_AGREEMENT,False,3,,,,
72b9d9b4d0e06f96ed18,test,주방용품,T6 기계변형,q_주방용품_06,주방용푼,생활·마트 중 '주방용품'을 판매·제공하는 매장,4555ea1d-f041-45a3-98ea-0a7b42c5af1f,우리들,주방용품,부평깡통시장(구 부산부평시장),전통시장,부산광역시,3.0,3.0,,,RESOLVED_AGREEMENT,False,3,,,,
fa2e3b2266469f536d17,test,주방용품,T6 기계변형,q_주방용품_06,주방용푼,생활·마트 중 '주방용품'을 판매·제공하는 매장,a471f79c-da32-4f9e-ad12-36b1d8ea58ad,흥아상회(주방),주방용품,동두천중앙시장,전통시장,경기도,3.0,3.0,,,RESOLVED_AGREEMENT,False,3,,,,
bb02db0ec386eb8e3815,test,주방용품,T6 기계변형,q_주방용품_06,주방용푼,생활·마트 중 '주방용품'을 판매·제공하는 매장,e8edeedf-ffe0-4fde-8139-af4fd7e0c038,힐스템건강,온열매트,창원 봉곡프라자상가,전통시장,경상남도,0.0,0.0,,,RESOLVED_AGREEMENT,False,0,,,,
3aaba9ba79cb435d0771,test,주방용품,T6 기계변형,q_주방용품_06,주방용푼,생활·마트 중 '주방용품'을 판매·제공하는 매장,9ea7188a-0fab-4ee1-b166-8f6d215aba51,용인그릇,주방용품,석수시장,전통시장,경기도,3.0,3.0,,,RESOLVED_AGREEMENT,False,3,,,,
de39ba99684dc177ac22,test,주방용품,T6 기계변형,q_주방용품_06,주방용푼,생활·마트 중 '주방용품'을 판매·제공하는 매장,1ffa1527-721a-4b7e-afb6-ae67690b66e9,미엘담,주방용품,원주중앙로문화의거리,자율상권구역,강원특별자치도,3.0,3.0,,,RESOLVED_AGREEMENT,False,3,,,,
ee1936ca66c28466a684,test,주방용품,T6 기계변형,q_주방용품_06,주방용푼,생활·마트 중 '주방용품'을 판매·제공하는 매장,179d8462-4dc8-430b-927f-d7818ba6fb62,키친나라,주방용식기,하동공설시장,전통시장,경상남도,3.0,3.0,,,RESOLVED_AGREEMENT,False,3,,,,
948a8e75900b12864b8e,test,주방용품,T6 기계변형,q_주방용품_06,주방용푼,생활·마트 중 '주방용품'을 판매·제공하는 매장,012185b9-46f5-4d62-8672-7c17d43b6886,남북상사,"도소매(잡화), 그릇",남대문시장,전통시장,서울특별시,3.0,3.0,,,RESOLVED_AGREEMENT,False,3,,,,
0eb66ace303283c15db2,test,주방용품,T6 기계변형,q_주방용품_06,주방용푼,생활·마트 중 '주방용품'을 판매·제공하는 매장,e3460b92-d255-426d-b4d4-80ad0f65df45,동광주방,주방용품,동산상가,전통시장,대구광역시,3.0,3.0,,,RESOLVED_AGREEMENT,False,3,,,,
1c943d2d4ad83e787db9,test,주방용품,T6 기계변형,q_주방용품_06,주방용푼,생활·마트 중 '주방용품'을 판매·제공하는 매장,085ff0d2-9f7f-4d54-96a0-448dbe4085fe,우리주방,주방용품,구미종합상가,전통시장,경상북도,3.0,3.0,,,RESOLVED_AGREEMENT,False,3,,,,
4f0f9074352cb94d55bf,test,주방용품,T6 기계변형,q_주방용품_06,주방용푼,생활·마트 중 '주방용품'을 판매·제공하는 매장,a1444ac1-9274-4a11-a401-32a8c5a3713b,대원,주방용품,동산상가,전통시장,대구광역시,3.0,3.0,,,RESOLVED_AGREEMENT,False,3,,,,
c117422ee17412c1b773,test,주방용품,T6 기계변형,q_주방용품_06,주방용푼,생활·마트 중 '주방용품'을 판매·제공하는 매장,0079e4d6-6b16-43b7-8b42-1377fc092985,강진옹기,도자기,일곡동(제11지역:용전동) 골목형상점가,골목형상점가,광주광역시,3.0,3.0,,,RESOLVED_AGREEMENT,False,3,,,,
a1168231b0bb32e100ef,test,주방용품,T6 기계변형,q_주방용품_06,주방용푼,생활·마트 중 '주방용품'을 판매·제공하는 매장,d488e06b-e1a3-4f24-aecf-49147c0dc9b6,다온,주방용품,남대문시장,전통시장,서울특별시,3.0,3.0,,,RESOLVED_AGREEMENT,False,3,,,,
5edb4ad1e184a187f2eb,test,주방용품,T6 기계변형,q_주방용품_06,주방용푼,생활·마트 중 '주방용품'을 판매·제공하는 매장,1baeb006-622f-4dab-940d-69d1112ee30d,홈셰프,주방용품,남원용남시장,전통시장,전북특별자치도,3.0,3.0,,,RESOLVED_AGREEMENT,False,3,,,,
16bea33177589847f7e5,test,주방용품,T6 기계변형,q_주방용품_06,주방용푼,생활·마트 중 '주방용품'을 판매·제공하는 매장,77c99dfa-8ca2-4932-ba97-02ba57173da0,서라벌,주방용품,남대문시장,전통시장,서울특별시,3.0,3.0,,,RESOLVED_AGREEMENT,False,3,,,,
aa609cc786d5dec3e4f6,test,주방용품,T6 기계변형,q_주방용품_06,주방용푼,생활·마트 중 '주방용품'을 판매·제공하는 매장,e5f8bb6a-3387-47e5-9f2d-bcdf5e3c5b52,나드리종합패션,의류,신정상가시장,전통시장,울산광역시,0.0,0.0,,,RESOLVED_AGREEMENT,False,0,,,,
cf73d2f959df72bd6114,test,주방용품,T6 기계변형,q_주방용품_06,주방용푼,생활·마트 중 '주방용품'을 판매·제공하는 매장,00315b91-ae04-4ca0-bc66-43dc7858b0d5,시옷이응,도자기,예스파크 상점가,자율상권구역,경기도,3.0,3.0,,,RESOLVED_AGREEMENT,False,3,,,,
aa3b502be28688dacbd4,test,주방용품,T6 기계변형,q_주방용품_06,주방용푼,생활·마트 중 '주방용품'을 판매·제공하는 매장,91c369c5-726a-4004-aa51-00defc56716f,중앙사,주방용품,남대문시장,전통시장,서울특별시,3.0,3.0,,,RESOLVED_AGREEMENT,False,3,,,,
6733b0912215a26d5ac3,test,주방용품,T6 기계변형,q_주방용품_06,주방용푼,생활·마트 중 '주방용품'을 판매·제공하는 매장,04a0a63c-6d51-408d-bc66-2249770555bb,청송산업,주방용품,답십리 건축자재시장,전통시장,서울특별시,3.0,3.0,,,RESOLVED_AGREEMENT,False,3,,,,
4971f08e8cbf47129a66,test,주방용품,T6 기계변형,q_주방용품_06,주방용푼,생활·마트 중 '주방용품'을 판매·제공하는 매장,54cd6b0c-c599-4c6a-92e3-c21325676362,주방의 아이,주방용품,안양관양시장,전통시장,경기도,3.0,3.0,,,RESOLVED_AGREEMENT,False,3,,,,
34446cea3da8c5f6887f,test,주방용품,T6 기계변형,q_주방용품_06,주방용푼,생활·마트 중 '주방용품'을 판매·제공하는 매장,1938c5d3-c0c0-48a0-969e-ef05cc09558c,복명식당,한식,함평천지전통시장(함평5일시장),전통시장,전라남도,0.0,0.0,,,RESOLVED_AGREEMENT,False,0,,,,
9181715a3324b576146b,test,주방용품,T6 기계변형,q_주방용품_06,주방용푼,생활·마트 중 '주방용품'을 판매·제공하는 매장,eaddcb3e-ec94-4514-ac8d-5855cc410a6c,테크노주방,주방용품,전주풍남문상점가,자율상권구역,전북특별자치도,3.0,3.0,,,RESOLVED_AGREEMENT,False,3,,,,
977a07ad5ea317e1d7c2,test,주방용품,T6 기계변형,q_주방용품_06,주방용푼,생활·마트 중 '주방용품'을 판매·제공하는 매장,01b512e5-9a35-44cd-a0a6-7e29d0d85256,보물찾기,그릇 및 잡화,제일종합시장,전통시장,강원특별자치도,3.0,3.0,,,RESOLVED_AGREEMENT,False,3,,,,
64230e2593ef041238fa,test,주방용품,T6 기계변형,q_주방용품_06,주방용푼,생활·마트 중 '주방용품'을 판매·제공하는 매장,6f2f0083-8233-41f5-b03d-76717d9f46a6,역전주방,주방용품,순천역전시장,전통시장,전라남도,3.0,3.0,,,RESOLVED_AGREEMENT,False,3,,,,
e85606eb59bea42eb5a2,test,주방용품,T6 기계변형,q_주방용품_06,주방용푼,생활·마트 중 '주방용품'을 판매·제공하는 매장,30df3577-87c4-4e14-bddc-448a06c371de,금마쿡,주방용품,송남시장,전통시장,대구광역시,3.0,3.0,,,RESOLVED_AGREEMENT,False,3,,,,
961cb8d05341253e67f7,test,주방용품,T6 기계변형,q_주방용품_06,주방용푼,생활·마트 중 '주방용품'을 판매·제공하는 매장,00cbb6f1-18d2-4f15-9af8-bdac08e35c56,비토도예,도자기,사기막골도자기시장(구 사기막골도예촌재래시장),전통시장,경기도,3.0,3.0,,,RESOLVED_AGREEMENT,False,3,,,,
e13501fbbf5189164231,test,주방용품,T6 기계변형,q_주방용품_06,주방용푼,생활·마트 중 '주방용품'을 판매·제공하는 매장,0010dbec-3031-440c-bda7-3d61761163a9,금송아지,음식점업,구미 진평음식문화특화거리 골목형상점가,골목형상점가,경상북도,0.0,0.0,,,RESOLVED_AGREEMENT,False,0,,,,
518cfba4335ad68a653c,test,주방용품,T6 기계변형,q_주방용품_06,주방용푼,생활·마트 중 '주방용품'을 판매·제공하는 매장,7aa95dff-fe71-4a34-8cd5-38d868d12798,주방1번가,주방용품,부산광역시건축자재판매협동조합,전통시장,부산광역시,3.0,3.0,,,RESOLVED_AGREEMENT,False,3,,,,
7b3ae56fde8fe4b4b06d,test,주방용품,T6 기계변형,q_주방용품_06,주방용푼,생활·마트 중 '주방용품'을 판매·제공하는 매장,e60d81ad-c520-4e0d-b992-c48c4c5b78d2,현대주방,주방용품,중앙신시장,전통시장,경상북도,3.0,3.0,,,RESOLVED_AGREEMENT,False,3,,,,
437fa36acaa6ed514bff,test,주방용품,T6 기계변형,q_주방용품_06,주방용푼,생활·마트 중 '주방용품'을 판매·제공하는 매장,1a524645-a08d-426a-8bbb-1ee9e7236446,세원주방물류,주방용품,각화도매 골목형상점가,골목형상점가,광주광역시,3.0,3.0,,,RESOLVED_AGREEMENT,False,3,,,,
81197d7053cecaec8951,test,주방용품,T6 기계변형,q_주방용품_06,주방용푼,생활·마트 중 '주방용품'을 판매·제공하는 매장,016866c7-7e5a-4c48-b33e-a37f1e579730,백산도요,도자기,사기막골도자기시장(구 사기막골도예촌재래시장),전통시장,경기도,3.0,3.0,,,RESOLVED_AGREEMENT,False,3,,,,
991937deeb06ddd351c4,test,주방용품,T6 기계변형,q_주방용품_06,주방용푼,생활·마트 중 '주방용품'을 판매·제공하는 매장,54388345-b070-4e1c-bf49-0d38a05eadd6,세신,주방용품,㈜르네시떼,전통시장,부산광역시,3.0,3.0,,,RESOLVED_AGREEMENT,False,3,,,,
c36041790ffbb67aaea2,test,주방용품,T6 기계변형,q_주방용품_06,주방용푼,생활·마트 중 '주방용품'을 판매·제공하는 매장,e1bdd5b3-de4e-4a54-b63d-e6b4deaee3e5,휘슬러,주방용품,봉선1로 골목형상점가,골목형상점가,광주광역시,3.0,3.0,,,RESOLVED_AGREEMENT,False,3,,,,
1f31dbfed20e29c93705,test,주방용품,T6 기계변형,q_주방용품_06,주방용푼,생활·마트 중 '주방용품'을 판매·제공하는 매장,722611ff-c805-4723-9afa-5567ecfee108,늘푸른주방,주방용품,영등포전통시장,자율상권구역,서울특별시,3.0,3.0,,,RESOLVED_AGREEMENT,False,3,,,,
3dd89369affc2c6d9782,test,주방용품,T6 기계변형,q_주방용품_06,주방용푼,생활·마트 중 '주방용품'을 판매·제공하는 매장,c8ba1cd1-762c-451f-8b08-e4849553e319,몽실식당,음식(한식점업),양평물맑은시장,전통시장,경기도,0.0,0.0,,,RESOLVED_AGREEMENT,False,0,,,,
c1749a5ce3deff404c93,test,주방용품,T6 기계변형,q_주방용품_06,주방용푼,생활·마트 중 '주방용품'을 판매·제공하는 매장,09c4c831-f8bc-49b7-ab80-266ebc7a66b5,극동주방,주방용품,안양농수산물 골목형상점가,골목형상점가,경기도,3.0,3.0,,,RESOLVED_AGREEMENT,False,3,,,,
cd64e3ffc06ea4341650,test,주방용품,T6 기계변형,q_주방용품_06,주방용푼,생활·마트 중 '주방용품'을 판매·제공하는 매장,00019073-6f11-4f0f-b26f-342cc4f92c0a,만선회센타,음식및숙박업(일본음식점업),전북대대학로상점가,자율상권구역,전북특별자치도,0.0,0.0,,,RESOLVED_AGREEMENT,False,0,,,,
6d6992183b548dc9ae32,test,주방용품,T6 기계변형,q_주방용품_06,주방용푼,생활·마트 중 '주방용품'을 판매·제공하는 매장,7e2cec60-0b00-4de2-ac81-bfdd53f3d364,동양주방그릇,"주방용품, 주방용품 및 그릇",마산어시장,전통시장,경상남도,3.0,3.0,,,RESOLVED_AGREEMENT,False,3,,,,
9e0ecec0256116eafd70,test,주방용품,T6 기계변형,q_주방용품_06,주방용푼,생활·마트 중 '주방용품'을 판매·제공하는 매장,0bd256be-744d-4d23-a988-fa4db363e378,잉꼬,주방용품,안동구시장,전통시장,경상북도,3.0,3.0,,,RESOLVED_AGREEMENT,False,3,,,,
8cc601ebc416d030bf59,test,주방용품,T6 기계변형,q_주방용품_06,주방용푼,생활·마트 중 '주방용품'을 판매·제공하는 매장,302c98e3-7d4e-46c3-b78c-a7326747f295,금부주방,주방용품,성당시장,전통시장,대구광역시,3.0,3.0,,,RESOLVED_AGREEMENT,False,3,,,,
8dfc53a848ba45ed4ce1,test,주방용품,T6 기계변형,q_주방용품_06,주방용푼,생활·마트 중 '주방용품'을 판매·제공하는 매장,65cb09a3-3da0-4ee1-9c53-75c454fc32cc,예스주방,주방용품,칠성전자주방시장,전통시장,대구광역시,3.0,3.0,,,RESOLVED_AGREEMENT,False,3,,,,
fd4e7ec18b1cd270fe80,test,주방용품,T6 기계변형,q_주방용품_06,주방용푼,생활·마트 중 '주방용품'을 판매·제공하는 매장,a0a178fa-bfef-4324-8f9c-c185115ea202,엘림,주방용품,내토전통시장,전통시장,충청북도,3.0,3.0,,,RESOLVED_AGREEMENT,False,3,,,,
36d9341e4293a2e4f313,test,주방용품,T6 기계변형,q_주방용품_06,주방용푼,생활·마트 중 '주방용품'을 판매·제공하는 매장,dac8cbbe-813b-4441-b148-6a8c961a2856,토기장,주방용품,동산상가,전통시장,대구광역시,3.0,3.0,,,RESOLVED_AGREEMENT,False,3,,,,
f78c7ab235a4a1f7f0b8,test,주방용품,T6 기계변형,q_주방용품_06,주방용푼,생활·마트 중 '주방용품'을 판매·제공하는 매장,05407993-f65d-4b47-b23f-2bbbcef3232e,영화상회,요업제품식기,보령한내시장,전통시장,충청남도,3.0,3.0,,,RESOLVED_AGREEMENT,False,3,,,,
e6c1acc5c8554d8d9547,test,주방용품,T6 기계변형,q_주방용품_06,주방용푼,생활·마트 중 '주방용품'을 판매·제공하는 매장,c2ad3cb0-6dbd-457f-b284-35df475bf038,Mr박수입주방,주방용품,성서와룡시장,전통시장,대구광역시,3.0,3.0,,,RESOLVED_AGREEMENT,False,3,,,,
1bcc4ea9414ba628bb8b,test,주방용품,T6 기계변형,q_주방용품_06,주방용푼,생활·마트 중 '주방용품'을 판매·제공하는 매장,448f392a-bf62-46c4-ac91-d65b0b2b9a73,광주리,주방용품,양산 남부시장상가,전통시장,경상남도,3.0,3.0,,,RESOLVED_AGREEMENT,False,3,,,,
3a0b469b72425c51fea5,test,주방용품,T6 기계변형,q_주방용품_06,주방용푼,생활·마트 중 '주방용품'을 판매·제공하는 매장,8c1bad43-b5c8-4a9e-85a4-2c6ee09bc212,카이카트,주방용품,숭례문수입상가,전통시장,서울특별시,3.0,3.0,,,RESOLVED_AGREEMENT,False,3,,,,
3adb4d963deb4f91145d,test,주방용품,T6 기계변형,q_주방용품_06,주방용푼,생활·마트 중 '주방용품'을 판매·제공하는 매장,c4fe4ec5-1631-46dc-9d9a-c61cd4fa4c80,대성주방,주방용품,하양시장 상점가,자율상권구역,경상북도,3.0,3.0,,,RESOLVED_AGREEMENT,False,3,,,,
c146703b12a566e89f33,test,주방용품,T6 기계변형,q_주방용품_06,주방용푼,생활·마트 중 '주방용품'을 판매·제공하는 매장,c03c86b1-2757-4d87-a9a2-7d1fa3f216a1,개성시대,소매업(외의),안양일번가 지하쇼핑몰,일반지하상점가,경기도,0.0,0.0,,,RESOLVED_AGREEMENT,False,0,,,,
7cd324e342297a01be05,test,주방용품,T6 기계변형,q_주방용품_06,주방용푼,생활·마트 중 '주방용품'을 판매·제공하는 매장,01b28f89-fee4-4811-8c5a-4c728f24c0ba,백미스탠,그릇 주방용품,대야전통시장,전통시장,전북특별자치도,3.0,3.0,,,RESOLVED_AGREEMENT,False,3,,,,
b5ae86d66877b2632dd7,test,주방용품,T6 기계변형,q_주방용품_06,주방용푼,생활·마트 중 '주방용품'을 판매·제공하는 매장,5879e1d3-16e7-4e5d-9382-c3ead6e8fbb8,지웅상회,주방용품,영산포풍물시장,전통시장,전라남도,3.0,3.0,,,RESOLVED_AGREEMENT,False,3,,,,
3c928cef758a3d368a34,test,주방용품,T6 기계변형,q_주방용품_06,주방용푼,생활·마트 중 '주방용품'을 판매·제공하는 매장,f5be7051-b067-432c-8558-3181d94cd5b3,남문행남자기,주방용품,수원영동시장,전통시장,경기도,3.0,3.0,,,RESOLVED_AGREEMENT,False,3,,,,
6f5c335572ff3887545c,test,주방용품,T6 기계변형,q_주방용품_06,주방용푼,생활·마트 중 '주방용품'을 판매·제공하는 매장,7847014e-79ef-47e2-8ece-6d7e5a105651,대영,주방용품,㈜르네시떼,전통시장,부산광역시,3.0,3.0,,,RESOLVED_AGREEMENT,False,3,,,,
de0a491dd0bcb8af91ba,test,주방용품,T6 기계변형,q_주방용품_06,주방용푼,생활·마트 중 '주방용품'을 판매·제공하는 매장,60e8ed91-61aa-411d-9fc0-f88905cccde4,부전만물주방,주방용품,부전상가시장,전통시장,부산광역시,3.0,3.0,,,RESOLVED_AGREEMENT,False,3,,,,
9473f916439728d2aa59,test,주방용품,T6 기계변형,q_주방용품_06,주방용푼,생활·마트 중 '주방용품'을 판매·제공하는 매장,b01a1a3b-492e-43da-bf4e-24a4cf8f9d1d,대동쿡앤샵,주방용품,신금정시장 골목형 상점가,골목형상점가,부산광역시,3.0,3.0,,,RESOLVED_AGREEMENT,False,3,,,,
fbd1575a65fad67652b8,test,주방용품,T6 기계변형,q_주방용품_06,주방용푼,생활·마트 중 '주방용품'을 판매·제공하는 매장,e01f95f5-f0ef-4930-9af9-bf1d55f00e9a,삼성주방,주방용품,동송전통시장,전통시장,강원특별자치도,3.0,3.0,,,RESOLVED_AGREEMENT,False,3,,,,
034e119ce7c36d5f9907,test,주방용품,T6 기계변형,q_주방용품_06,주방용푼,생활·마트 중 '주방용품'을 판매·제공하는 매장,001fe873-89a3-474a-b8d2-8526408e992d,진미해장국,음식점업(한식),평택통복시장,전통시장,경기도,0.0,0.0,,,RESOLVED_AGREEMENT,False,0,,,,
93dec2662137bbed5232,test,주방용품,T6 기계변형,q_주방용품_06,주방용푼,생활·마트 중 '주방용품'을 판매·제공하는 매장,aeb50688-3bef-4ff9-8cb1-12690aea05ab,웨스트우드강진점,의류,강진중앙로상가,자율상권구역,전라남도,0.0,0.0,,,RESOLVED_AGREEMENT,False,0,,,,
8e64a2e363b03e076197,test,주방용품,T6 기계변형,q_주방용품_06,주방용푼,생활·마트 중 '주방용품'을 판매·제공하는 매장,1558817a-9fc7-4203-838a-a4ce57acdc4e,나리,주방용품,대해불빛시장(대해종합시장),전통시장,경상북도,3.0,3.0,,,RESOLVED_AGREEMENT,False,3,,,,
c7cbff7a9544d92e8bad,test,주방용품,T6 기계변형,q_주방용품_06,주방용푼,생활·마트 중 '주방용품'을 판매·제공하는 매장,738d1665-4cfd-47b2-b195-a9b4b8891b45,백합선물,주방용품,제천중앙시장,전통시장,충청북도,3.0,3.0,,,RESOLVED_AGREEMENT,False,3,,,,
3aae55e6bb4dd517553f,test,주방용품,T6 기계변형,q_주방용품_06,주방용푼,생활·마트 중 '주방용품'을 판매·제공하는 매장,00099bd3-766a-4148-a64c-5356a9d5aad2,초장집 미사점,음식점,미사강변 골목형상점가,골목형상점가,경기도,0.0,0.0,,,RESOLVED_AGREEMENT,False,0,,,,
6ba7e137c79e3431c9c0,test,주방용품,T6 기계변형,q_주방용품_06,주방용푼,생활·마트 중 '주방용품'을 판매·제공하는 매장,705190f6-8b4e-4c6a-8129-9ba5969ca370,다다사,주방용품,남대문시장,전통시장,서울특별시,3.0,3.0,,,RESOLVED_AGREEMENT,False,3,,,,
621e44afc195ed3034bb,test,주방용품,T6 기계변형,q_주방용품_06,주방용푼,생활·마트 중 '주방용품'을 판매·제공하는 매장,764eaa35-980d-4ec7-92fd-659cd87b97ba,베니스,주방용품,제천중앙시장,전통시장,충청북도,3.0,3.0,,,RESOLVED_AGREEMENT,False,3,,,,
673d0a28c218cc8ac714,test,주방용품,T6 기계변형,q_주방용품_06,주방용푼,생활·마트 중 '주방용품'을 판매·제공하는 매장,791bcef7-bf5c-457e-bfe1-81332570ff45,대림주방,주방용품,영등포전통시장,자율상권구역,서울특별시,3.0,3.0,,,RESOLVED_AGREEMENT,False,3,,,,
9473ce55a2592a70e8ce,test,주방용품,T6 기계변형,q_주방용품_06,주방용푼,생활·마트 중 '주방용품'을 판매·제공하는 매장,962de01e-2c2b-4f27-9d71-113c0d8969d7,서봉철물,주방용품,순창시장,전통시장,전북특별자치도,3.0,3.0,,,RESOLVED_AGREEMENT,False,3,,,,
e0b30e035a5a0333248b,test,주방용품,T6 기계변형,q_주방용품_06,주방용푼,생활·마트 중 '주방용품'을 판매·제공하는 매장,b4c13bbc-b098-45be-b37d-8a643eac4000,중앙주방,주방용품,평화시장,전통시장,대구광역시,3.0,3.0,,,RESOLVED_AGREEMENT,False,3,,,,
932a1bb64ba558dcc93b,test,주방용품,T6 기계변형,q_주방용품_06,주방용푼,생활·마트 중 '주방용품'을 판매·제공하는 매장,4e09aa59-f344-4c95-b4eb-ad2351776e2a,서영주방용품,주방용품,영동전통시장,전통시장,충청북도,3.0,3.0,,,RESOLVED_AGREEMENT,False,3,,,,
95bfedb78dba7040bd60,test,주방용품,T6 기계변형,q_주방용품_06,주방용푼,생활·마트 중 '주방용품'을 판매·제공하는 매장,05d08f78-ed55-41f6-930f-cc56314e380a,삼보기물,주방용품,평택국제중앙시장,전통시장,경기도,3.0,3.0,,,RESOLVED_AGREEMENT,False,3,,,,
4309301898ddfa134318,test,주방용품,T6 기계변형,q_주방용품_06,주방용푼,생활·마트 중 '주방용품'을 판매·제공하는 매장,011e8cfe-0737-49db-8250-68e7a51ca170,토담도예,생활도자기,㈜르네시떼,전통시장,부산광역시,3.0,3.0,,,RESOLVED_AGREEMENT,False,3,,,,
2c2f253d9120113d8c79,test,주방용품,T6 기계변형,q_주방용품_06,주방용푼,생활·마트 중 '주방용품'을 판매·제공하는 매장,d48e5186-8929-4376-ab53-93b35e1a7c8e,덕성주방,주방용품,시장로타리지하상가,일반지하상점가,인천광역시,3.0,3.0,,,RESOLVED_AGREEMENT,False,3,,,,
6c5f868bb7b7a1a64b05,test,주방용품,T6 기계변형,q_주방용품_06,주방용푼,생활·마트 중 '주방용품'을 판매·제공하는 매장,1aeabc4c-a2a0-495d-a0b7-2cc5b42a5c52,한영상회,그릇(식기),동문재래시장,전통시장,제주특별자치도,3.0,3.0,,,RESOLVED_AGREEMENT,False,3,,,,
47c9da5143af5a2fbd11,test,주유소,T2 동의어,q_주유소_01,기름 넣는 곳,생활서비스 중 '주유소'를 판매·제공하는 매장,0e3b5932-f4b0-4c0e-a6b6-b321011a3da3,여주기름집,기름,모란전통기름시장,전통시장,경기도,0.0,0.0,,,RESOLVED_AGREEMENT,False,0,,,,
5fdbc55d5be0aeb1a04d,test,주유소,T2 동의어,q_주유소_01,기름 넣는 곳,생활서비스 중 '주유소'를 판매·제공하는 매장,041050b9-3f9b-44fc-928c-68af9ed3e9ff,형제기름,"기름, 착유",고산미소시장(고산시장),전통시장,전북특별자치도,0.0,0.0,,,RESOLVED_AGREEMENT,False,0,,,,
c65c7b32e48263fd8759,test,주유소,T2 동의어,q_주유소_01,기름 넣는 곳,생활서비스 중 '주유소'를 판매·제공하는 매장,549d4a2d-2dc2-408a-9af5-05a572828fd2,장성기름방,기름,장성중앙시장,전통시장,강원특별자치도,0.0,0.0,,,RESOLVED_AGREEMENT,False,0,,,,
dcb624f3c8c30c1fd37b,test,주유소,T2 동의어,q_주유소_01,기름 넣는 곳,생활서비스 중 '주유소'를 판매·제공하는 매장,4793b903-3c0c-456b-b7f1-60ba3ddcb1a2,요술반점,중식,평택시배미지구 골목형상점가,골목형상점가,경기도,0.0,0.0,,,RESOLVED_AGREEMENT,False,0,,,,
761020a30d1644c0bc0e,test,주유소,T2 동의어,q_주유소_01,기름 넣는 곳,생활서비스 중 '주유소'를 판매·제공하는 매장,d51a889e-0b72-4272-a5b8-93e9ed52ad8e,호계참기름,기름,호계종합시장,전통시장,경기도,0.0,0.0,,,RESOLVED_AGREEMENT,False,0,,,,
072d78c4859ec19ef141,test,주유소,T2 동의어,q_주유소_01,기름 넣는 곳,생활서비스 중 '주유소'를 판매·제공하는 매장,5abf9af5-9fdd-4ce5-8823-b75a6baf3f6a,원재기름집,기름,오목교중앙시장,전통시장,서울특별시,0.0,0.0,,,RESOLVED_AGREEMENT,False,0,,,,
e54cccfd1637175b68b0,test,주유소,T2 동의어,q_주유소_01,기름 넣는 곳,생활서비스 중 '주유소'를 판매·제공하는 매장,24572198-8433-4478-9b19-bf5e44897a38,중앙기름-e,"반찬, 기름",산본전통시장(구 군포산본시장),전통시장,경기도,0.0,0.0,,,RESOLVED_AGREEMENT,False,0,,,,
1981419dee6a97d78c58,test,주유소,T2 동의어,q_주유소_01,기름 넣는 곳,생활서비스 중 '주유소'를 판매·제공하는 매장,c98117a8-0faa-4c7f-b9de-43745aabb18d,가나식품,기름,익산장(구 북부장),전통시장,전북특별자치도,0.0,0.0,,,RESOLVED_AGREEMENT,False,0,,,,
1e18f62bdbcfd7ed345b,test,주유소,T2 동의어,q_주유소_01,기름 넣는 곳,생활서비스 중 '주유소'를 판매·제공하는 매장,6f7102de-82e0-4ecc-b552-52f9a50a7263,부흥기름집,기름,모란전통기름시장,전통시장,경기도,0.0,0.0,,,RESOLVED_AGREEMENT,False,0,,,,
daca76a7e272b14f5adf,test,주유소,T2 동의어,q_주유소_01,기름 넣는 곳,생활서비스 중 '주유소'를 판매·제공하는 매장,028c4d82-c6ec-48e8-ae96-9a11c25db40e,충청도기름집,기름,용현시장,전통시장,인천광역시,0.0,0.0,,,RESOLVED_AGREEMENT,False,0,,,,
bef17bd8d8de3e8169b8,test,주유소,T2 동의어,q_주유소_01,기름 넣는 곳,생활서비스 중 '주유소'를 판매·제공하는 매장,2743811c-5e71-4d2b-aa75-1b0147d44f2d,사우 꽃이 피는 곳,꽃,김포 풍년마을 골목형상점가,골목형상점가,경기도,0.0,0.0,,,RESOLVED_AGREEMENT,False,0,,,,
36921ec3d99a49d12ed3,test,주유소,T2 동의어,q_주유소_01,기름 넣는 곳,생활서비스 중 '주유소'를 판매·제공하는 매장,d038e0f8-2203-4ebc-8596-a9bc43ba938a,상주기름집,기름,창동신창시장,전통시장,서울특별시,0.0,0.0,,,RESOLVED_AGREEMENT,False,0,,,,
8939464496a233bf2c95,test,주유소,T2 동의어,q_주유소_01,기름 넣는 곳,생활서비스 중 '주유소'를 판매·제공하는 매장,d72e502a-1964-4a18-8b83-975f4af7e6e4,현대기름방,기름,봉화상설시장,전통시장,경상북도,0.0,0.0,,,RESOLVED_AGREEMENT,False,0,,,,
b357ae78fca4db493866,test,주유소,T2 동의어,q_주유소_01,기름 넣는 곳,생활서비스 중 '주유소'를 판매·제공하는 매장,65f6859a-9a45-48bf-b4de-541a5953532e,삼봉방앗간,기름,구월시장,전통시장,인천광역시,0.0,0.0,,,RESOLVED_AGREEMENT,False,0,,,,
bc825f383bbc707fce77,test,주유소,T2 동의어,q_주유소_01,기름 넣는 곳,생활서비스 중 '주유소'를 판매·제공하는 매장,171582d4-5afe-4e33-88d4-f4adcc624b8f,회인고추기름,"기름, 고추",태평시장,전통시장,대전광역시,0.0,0.0,,,RESOLVED_AGREEMENT,False,0,,,,
9004514bf9c8ec9eca00,test,주유소,T2 동의어,q_주유소_01,기름 넣는 곳,생활서비스 중 '주유소'를 판매·제공하는 매장,90f0d290-81ab-4cb6-a4b4-ef10ab452c64,육미제당,육류 고기뷔페 무한리필,신창수문 골목형상점가,골목형상점가,광주광역시,0.0,0.0,,,RESOLVED_AGREEMENT,False,0,,,,
466487ac08c689caccb3,test,주유소,T2 동의어,q_주유소_01,기름 넣는 곳,생활서비스 중 '주유소'를 판매·제공하는 매장,23f79b5b-9a63-41fb-b140-0c4487b2affb,대복기름집,기름,부천강남시장,전통시장,경기도,0.0,0.0,,,RESOLVED_AGREEMENT,False,0,,,,
b22fb33e4b39d3853955,test,주유소,T2 동의어,q_주유소_01,기름 넣는 곳,생활서비스 중 '주유소'를 판매·제공하는 매장,94c88775-acd4-4de0-9b2c-b8d524e9498c,삼미기름집,기름,모란전통기름시장,전통시장,경기도,0.0,0.0,,,RESOLVED_AGREEMENT,False,0,,,,
d0bfa92b9a00547b3664,test,주유소,T2 동의어,q_주유소_01,기름 넣는 곳,생활서비스 중 '주유소'를 판매·제공하는 매장,97ce8e23-d830-4721-9261-f712cadc0917,신천고추기름,소매(기름),시흥삼미시장,전통시장,경기도,0.0,0.0,,,RESOLVED_AGREEMENT,False,0,,,,
85eeeeaa7c9bf20eb116,test,주유소,T2 동의어,q_주유소_01,기름 넣는 곳,생활서비스 중 '주유소'를 판매·제공하는 매장,0d5fbb91-d090-4fd1-aa3a-3e98150e0319,팻보이 버거 항동점,햄버거,항동 골목형상점가,골목형상점가,서울특별시,0.0,0.0,,,RESOLVED_AGREEMENT,False,0,,,,
d01578c893cbf97e42fa,test,주유소,T2 동의어,q_주유소_01,기름 넣는 곳,생활서비스 중 '주유소'를 판매·제공하는 매장,cf21ac0c-8042-47b1-ac3e-6c6a27897e06,모닝글로리 (수정점),,황금수정 골목형상점가,골목형상점가,부산광역시,,0.0,Y,,P0_UNCERTAIN_OR_MISSING,True,,,,,
e48e3c0ac71ed4cfe935,test,주유소,T2 동의어,q_주유소_01,기름 넣는 곳,생활서비스 중 '주유소'를 판매·제공하는 매장,232d5129-7565-496e-a121-3712e3562c65,고향참기름,기름,마천중앙시장,전통시장,서울특별시,0.0,0.0,,,RESOLVED_AGREEMENT,False,0,,,,
6c96f42ff28408a691f8,test,주유소,T2 동의어,q_주유소_01,기름 넣는 곳,생활서비스 중 '주유소'를 판매·제공하는 매장,76a3551b-dae4-4326-92cc-662015aedbfb,쉴 곳,한식,칠성로상점가,자율상권구역,제주특별자치도,0.0,0.0,,,RESOLVED_AGREEMENT,False,0,,,,
c0bbbcb8c25289a72096,test,주유소,T2 동의어,q_주유소_01,기름 넣는 곳,생활서비스 중 '주유소'를 판매·제공하는 매장,23b70117-c5c2-4bd6-9e81-d720faf21b4e,전주참기름,기름,신성전통시장,전통시장,서울특별시,0.0,0.0,,,RESOLVED_AGREEMENT,False,0,,,,
399a990d1ee892bd6224,test,주유소,T2 동의어,q_주유소_01,기름 넣는 곳,생활서비스 중 '주유소'를 판매·제공하는 매장,d6599531-b5a6-42f6-883f-05130557c984,대구기름집,기름,우이골목시장골목형상점가,골목형상점가,서울특별시,0.0,0.0,,,RESOLVED_AGREEMENT,False,0,,,,
9b37b4bd979518fef281,test,주유소,T2 동의어,q_주유소_01,기름 넣는 곳,생활서비스 중 '주유소'를 판매·제공하는 매장,69d1b4eb-75d4-47b1-8962-f8281f88cf0b,하마,,"산북,소룡 골목형상점가",골목형상점가,전북특별자치도,,0.0,Y,,P0_UNCERTAIN_OR_MISSING,True,,,,,
6726d8d4a7b72036c886,test,주유소,T2 동의어,q_주유소_01,기름 넣는 곳,생활서비스 중 '주유소'를 판매·제공하는 매장,c071bbf3-71c2-4b67-aa56-ec7e75eb39bd,경남상회,야채,좌동재래시장,전통시장,부산광역시,0.0,0.0,,,RESOLVED_AGREEMENT,False,0,,,,
cad204db8456d7f11c1b,test,주유소,T2 동의어,q_주유소_01,기름 넣는 곳,생활서비스 중 '주유소'를 판매·제공하는 매장,7540e538-b667-4174-baec-01660bf44a7c,칠성기름집,기름,왜관시장,전통시장,경상북도,0.0,0.0,,,RESOLVED_AGREEMENT,False,0,,,,
524461922807948ec6b9,test,주유소,T2 동의어,q_주유소_01,기름 넣는 곳,생활서비스 중 '주유소'를 판매·제공하는 매장,01cb2138-a064-459b-97ef-6f0e7adb0778,두암주유소,주유소,두암시장주변 골목형상점가,골목형상점가,광주광역시,3.0,3.0,,,RESOLVED_AGREEMENT,False,3,,,,
cefff72fb82454b5ab0d,test,주유소,T2 동의어,q_주유소_01,기름 넣는 곳,생활서비스 중 '주유소'를 판매·제공하는 매장,01e4cef2-9c12-4be0-9c3e-5a09ab67f7f5,대명제유,"고추, 기름",의정부제일시장,전통시장,경기도,0.0,0.0,,,RESOLVED_AGREEMENT,False,0,,,,
793d08a4ca6b83cad4c3,test,주유소,T2 동의어,q_주유소_01,기름 넣는 곳,생활서비스 중 '주유소'를 판매·제공하는 매장,822d683e-7de6-4c9a-9dc2-73d2c6b73cf4,광명기름집,기름,용현시장,전통시장,인천광역시,0.0,0.0,,,RESOLVED_AGREEMENT,False,0,,,,
a9f9c04045e70e9f32f3,test,주유소,T2 동의어,q_주유소_01,기름 넣는 곳,생활서비스 중 '주유소'를 판매·제공하는 매장,5e25535b-0401-43fc-804c-9023fbdc7e76,옛날기름집,기름,화서시장,전통시장,경기도,0.0,0.0,,,RESOLVED_AGREEMENT,False,0,,,,
24cf133bd23b8d12ab8f,test,주유소,T2 동의어,q_주유소_01,기름 넣는 곳,생활서비스 중 '주유소'를 판매·제공하는 매장,0321329e-d220-40a4-8f40-a7c79b5ea682,양촌주유소,주유소,지석사거리 골목형상점가,골목형상점가,광주광역시,3.0,3.0,,,RESOLVED_AGREEMENT,False,3,,,,
6892e5fd9be327675f99,test,주유소,T2 동의어,q_주유소_01,기름 넣는 곳,생활서비스 중 '주유소'를 판매·제공하는 매장,dc569198-4383-4fe3-b29b-254728473a3d,문수상회,기름,봉화상설시장,전통시장,경상북도,0.0,0.0,,,RESOLVED_AGREEMENT,False,0,,,,
dd6b81981f2d6192fdf9,test,주유소,T2 동의어,q_주유소_01,기름 넣는 곳,생활서비스 중 '주유소'를 판매·제공하는 매장,ca37d067-0f46-40e9-b422-7c5918022fae,황해기름집,기름,화천재래시장,전통시장,강원특별자치도,0.0,0.0,,,RESOLVED_AGREEMENT,False,0,,,,
f66ef05dd8b9a7915ac0,test,주유소,T2 동의어,q_주유소_01,기름 넣는 곳,생활서비스 중 '주유소'를 판매·제공하는 매장,bf033087-b9c2-46ea-92d9-546fa63a1178,오복기름집,기름,모란전통기름시장,전통시장,경기도,0.0,0.0,,,RESOLVED_AGREEMENT,False,0,,,,
3a4b9b99efb412d5a38b,test,주유소,T2 동의어,q_주유소_01,기름 넣는 곳,생활서비스 중 '주유소'를 판매·제공하는 매장,233a6c5e-2e7e-4b74-bd0f-e2d6aa1b9fec,사슴기름집,기름,왜관시장,전통시장,경상북도,0.0,0.0,,,RESOLVED_AGREEMENT,False,0,,,,
54098c964b66dc18a8b4,test,주유소,T2 동의어,q_주유소_01,기름 넣는 곳,생활서비스 중 '주유소'를 판매·제공하는 매장,dd894757-bc6e-4a30-b01c-dfdf5dde1296,정선기름집,기름,정선아리랑시장,전통시장,강원특별자치도,0.0,0.0,,,RESOLVED_AGREEMENT,False,0,,,,
cfd7b824234bf13a9e4d,test,주유소,T2 동의어,q_주유소_01,기름 넣는 곳,생활서비스 중 '주유소'를 판매·제공하는 매장,f65bf0ef-9e3c-4ae2-89d8-667edcdf697c,남일기름,기름,암사종합시장,전통시장,서울특별시,0.0,0.0,,,RESOLVED_AGREEMENT,False,0,,,,
f969d5a849994a3d6bbe,test,주유소,T2 동의어,q_주유소_01,기름 넣는 곳,생활서비스 중 '주유소'를 판매·제공하는 매장,5bb4fa4f-9922-44c0-b2a1-01c604566fd3,중앙기름집,기름,홍천시장(홍천구시장),전통시장,강원특별자치도,0.0,0.0,,,RESOLVED_AGREEMENT,False,0,,,,
b50c7587e565ac6068e3,test,주유소,T2 동의어,q_주유소_01,기름 넣는 곳,생활서비스 중 '주유소'를 판매·제공하는 매장,9f144b14-b201-4a40-b96e-e56dd74aef29,한씨기름집,기름,강릉성남시장,전통시장,강원특별자치도,0.0,0.0,,,RESOLVED_AGREEMENT,False,0,,,,
e67f2b8f5576e7b105e0,test,주유소,T2 동의어,q_주유소_01,기름 넣는 곳,생활서비스 중 '주유소'를 판매·제공하는 매장,03ba1dcf-e9e2-4436-8478-4ab3c4663d1e,주유소,,미리산길 골목형상점가,골목형상점가,,3.0,3.0,,,RESOLVED_AGREEMENT,False,3,,,,
7f782e31704ce77c9b15,test,주유소,T2 동의어,q_주유소_01,기름 넣는 곳,생활서비스 중 '주유소'를 판매·제공하는 매장,192525d6-1730-4301-875b-5bd76609ee8f,용지기름집,기름,동원전통종합시장,전통시장,서울특별시,0.0,0.0,,,RESOLVED_AGREEMENT,False,0,,,,
70e8bf626b45ff9dbbea,test,주유소,T2 동의어,q_주유소_01,기름 넣는 곳,생활서비스 중 '주유소'를 판매·제공하는 매장,057020ed-9d18-4250-94d2-4ba64f9638da,주문기름집,기름,주문진종합시장,전통시장,강원특별자치도,0.0,0.0,,,RESOLVED_AGREEMENT,False,0,,,,
21a232229895bcf0a578,test,주유소,T2 동의어,q_주유소_01,기름 넣는 곳,생활서비스 중 '주유소'를 판매·제공하는 매장,8605cd70-67a8-4b01-b19e-dc18985eb1af,중앙기름,기름,춘천중앙시장,전통시장,강원특별자치도,0.0,0.0,,,RESOLVED_AGREEMENT,False,0,,,,
7511291a076daa19cc58,test,주유소,T2 동의어,q_주유소_01,기름 넣는 곳,생활서비스 중 '주유소'를 판매·제공하는 매장,c111ac9d-3f3a-405c-a8db-4d127ccda9e2,행복이 있는 곳,잡화,제주로얄쇼핑센터,자율상권구역,제주특별자치도,0.0,0.0,,,RESOLVED_AGREEMENT,False,0,,,,
aee2f623442b93c50229,test,주유소,T2 동의어,q_주유소_01,기름 넣는 곳,생활서비스 중 '주유소'를 판매·제공하는 매장,95bf6cba-5d06-44c9-9611-257970a31ffe,서울기름집,기름,모란전통기름시장,전통시장,경기도,0.0,0.0,,,RESOLVED_AGREEMENT,False,0,,,,
a2df349c5f8da9295ac2,test,주유소,T2 동의어,q_주유소_01,기름 넣는 곳,생활서비스 중 '주유소'를 판매·제공하는 매장,f178ce78-e3d7-4976-a964-3da951fdc7af,인천기름,기름,세아프라자상가(동두천세아상가시장),전통시장,경기도,0.0,0.0,,,RESOLVED_AGREEMENT,False,0,,,,
241012a7334a1b1f2c1a,test,주유소,T2 동의어,q_주유소_01,기름 넣는 곳,생활서비스 중 '주유소'를 판매·제공하는 매장,d2182dc7-fcc5-4737-8b9e-02921b373348,현대참기름,기름,포항큰동해시장,전통시장,경상북도,0.0,0.0,,,RESOLVED_AGREEMENT,False,0,,,,
9c7656ff02dbe39758e8,test,주유소,T2 동의어,q_주유소_01,기름 넣는 곳,생활서비스 중 '주유소'를 판매·제공하는 매장,5f97549d-21e2-45a2-a324-1fad53d06325,중앙기름,기름 농산물,비단길현대시장,전통시장,서울특별시,0.0,0.0,,,RESOLVED_AGREEMENT,False,0,,,,
628f76de05fe60d6882c,test,주유소,T2 동의어,q_주유소_01,기름 넣는 곳,생활서비스 중 '주유소'를 판매·제공하는 매장,f28f495c-06db-4d48-9ef4-a6327c894d75,삼성기름,기름,진주 중앙시장,전통시장,경상남도,0.0,0.0,,,RESOLVED_AGREEMENT,False,0,,,,
4f2bfe3663124bffe04a,test,주유소,T2 동의어,q_주유소_01,기름 넣는 곳,생활서비스 중 '주유소'를 판매·제공하는 매장,0f4cf9ca-5b80-49af-88aa-ecb55daebc50,법률사무소 율정,변호사업,어진동 골목형상점가,골목형상점가,세종특별자치시,0.0,0.0,,,RESOLVED_AGREEMENT,False,0,,,,
7fb51063573bfce98ac9,test,주유소,T2 동의어,q_주유소_01,기름 넣는 곳,생활서비스 중 '주유소'를 판매·제공하는 매장,dfca536c-0cb3-4d86-8c02-c1accad4bb97,광일참기름,기름,광양매일시장(광양상설시장),전통시장,전라남도,0.0,0.0,,,RESOLVED_AGREEMENT,False,0,,,,
89b6ebd91c826388f114,test,주유소,T2 동의어,q_주유소_01,기름 넣는 곳,생활서비스 중 '주유소'를 판매·제공하는 매장,b5f99beb-251f-4106-a26c-ea073b024ace,철마기름집,기름,가좌시장,전통시장,인천광역시,0.0,0.0,,,RESOLVED_AGREEMENT,False,0,,,,
ebc4bbfdd21a40f74542,test,주유소,T2 동의어,q_주유소_01,기름 넣는 곳,생활서비스 중 '주유소'를 판매·제공하는 매장,0f7845ca-0c4a-46a1-a55a-15cd708183f3,중앙기름집,기름,홍성상설시장,전통시장,충청남도,0.0,0.0,,,RESOLVED_AGREEMENT,False,0,,,,
0704418ab561beaef9bc,test,주유소,T2 동의어,q_주유소_01,기름 넣는 곳,생활서비스 중 '주유소'를 판매·제공하는 매장,8835d461-5499-4bf7-8709-834d9f6e9b54,만나기름집,기름,일산시장(구 일산전통시장),전통시장,경기도,0.0,0.0,,,RESOLVED_AGREEMENT,False,0,,,,
0521fcf1d18292ca36fa,test,주유소,T2 동의어,q_주유소_01,기름 넣는 곳,생활서비스 중 '주유소'를 판매·제공하는 매장,dce9c517-42ee-4348-97fc-972cb5b52fa5,광양참기름,기름,광양시장골목형상점가,골목형상점가,제주특별자치도,0.0,0.0,,,RESOLVED_AGREEMENT,False,0,,,,
9c1f9bf421b1aeb7687a,test,주유소,T2 동의어,q_주유소_01,기름 넣는 곳,생활서비스 중 '주유소'를 판매·제공하는 매장,fbb7ac19-ada8-44e0-832c-1375d39b19f8,샛별기름집,기름,속초종합중앙시장,전통시장,강원특별자치도,0.0,0.0,,,RESOLVED_AGREEMENT,False,0,,,,
6684f865d9e47073dba9,test,주유소,T2 동의어,q_주유소_01,기름 넣는 곳,생활서비스 중 '주유소'를 판매·제공하는 매장,05af1041-c841-4c55-a15a-d7df08dff6fc,예향주유소,주유소,풍암SK.광명상가상인회 골목형상점가,골목형상점가,광주광역시,3.0,3.0,,,RESOLVED_AGREEMENT,False,3,,,,
64e6e5c037d307c79056,test,주유소,T2 동의어,q_주유소_01,기름 넣는 곳,생활서비스 중 '주유소'를 판매·제공하는 매장,61f4878a-4b6b-4b1e-926e-4ce28731f9dd,삼일기름,기름,세아프라자상가(동두천세아상가시장),전통시장,경기도,0.0,0.0,,,RESOLVED_AGREEMENT,False,0,,,,
cd2eb9e04cfb6e5f1845,test,주유소,T2 동의어,q_주유소_01,기름 넣는 곳,생활서비스 중 '주유소'를 판매·제공하는 매장,c44fc36e-ee96-46f8-8f99-31214e39879a,새댁기름집,기름,정읍샘고을시장,전통시장,전북특별자치도,0.0,0.0,,,RESOLVED_AGREEMENT,False,0,,,,
ac9190010591a497ca3b,test,주유소,T2 동의어,q_주유소_01,기름 넣는 곳,생활서비스 중 '주유소'를 판매·제공하는 매장,4561811f-bdf2-487d-9112-bf313c4b9ac6,경향기름,기름,춘천동부시장,전통시장,강원특별자치도,0.0,0.0,,,RESOLVED_AGREEMENT,False,0,,,,
163095f6236f911f9590,test,주유소,T2 동의어,q_주유소_01,기름 넣는 곳,생활서비스 중 '주유소'를 판매·제공하는 매장,4d227fb4-0dea-47b9-8d77-ddc3ed7e7815,화용제약㈜,한약재,서울약령시장,전통시장,서울특별시,0.0,0.0,,,RESOLVED_AGREEMENT,False,0,,,,
a19efd16cc30ca6e74fb,test,주유소,T2 동의어,q_주유소_01,기름 넣는 곳,생활서비스 중 '주유소'를 판매·제공하는 매장,7aad34d9-133e-4f60-b912-f5f7e04fe794,대구기름,기름,성대건물시장,전통시장,서울특별시,0.0,0.0,,,RESOLVED_AGREEMENT,False,0,,,,
ffc604dd7cfd60fee89a,test,주유소,T2 동의어,q_주유소_01,기름 넣는 곳,생활서비스 중 '주유소'를 판매·제공하는 매장,00628f75-c56d-4ff4-8901-154133d16a19,현대주유소,주유소,웃장,전통시장,전라남도,3.0,3.0,,,RESOLVED_AGREEMENT,False,3,,,,
9cf5f62ea0d55b85d24a,test,주유소,T2 동의어,q_주유소_01,기름 넣는 곳,생활서비스 중 '주유소'를 판매·제공하는 매장,24951010-132d-498f-a586-0c7d6f051bf4,승현기름집,기름,오목교중앙시장,전통시장,서울특별시,0.0,0.0,,,RESOLVED_AGREEMENT,False,0,,,,
afa29c277975945cb03e,test,주유소,T2 동의어,q_주유소_01,기름 넣는 곳,생활서비스 중 '주유소'를 판매·제공하는 매장,2780c52b-08dc-4133-8b30-4b993563ec19,가창기름,기름,장미원골목시장,전통시장,서울특별시,0.0,0.0,,,RESOLVED_AGREEMENT,False,0,,,,
ef58633189d9d75f8fa7,test,주유소,T2 동의어,q_주유소_01,기름 넣는 곳,생활서비스 중 '주유소'를 판매·제공하는 매장,013444f9-7e9b-4640-84f0-43ac071ef57f,대림고추방아,"고추가루, 기름",부천강남시장,전통시장,경기도,0.0,0.0,,,RESOLVED_AGREEMENT,False,0,,,,
682d1072d2a0a4b4b33a,test,주유소,T2 동의어,q_주유소_01,기름 넣는 곳,생활서비스 중 '주유소'를 판매·제공하는 매장,e0875a25-d6ef-4bab-aedf-a564aea1e7ad,진미기름,기름,포항죽도시장,전통시장,경상북도,0.0,0.0,,,RESOLVED_AGREEMENT,False,0,,,,
ec646433c7a52792bd62,test,주유소,T2 동의어,q_주유소_01,기름 넣는 곳,생활서비스 중 '주유소'를 판매·제공하는 매장,f742c6c5-661e-47b9-a079-ebf69db6ae94,엄마기름집,기름,고분다리시장,전통시장,서울특별시,0.0,0.0,,,RESOLVED_AGREEMENT,False,0,,,,
a3e058807e018196bfd0,test,주유소,T2 동의어,q_주유소_01,기름 넣는 곳,생활서비스 중 '주유소'를 판매·제공하는 매장,030536cb-46fd-4817-a7a9-ba9f838a3d84,신흥기름집,기름,월정로시장,기타,서울특별시,0.0,0.0,,,RESOLVED_AGREEMENT,False,0,,,,
71d1a68cea2f7cc221b0,test,주유소,T2 동의어,q_주유소_01,기름 넣는 곳,생활서비스 중 '주유소'를 판매·제공하는 매장,9d71ffe4-87c2-4899-af3e-8f52636e9a06,부자기름집,기름,용문천년시장,전통시장,경기도,0.0,0.0,,,RESOLVED_AGREEMENT,False,0,,,,
2481c1f2cb02686ad90b,test,주유소,T2 동의어,q_주유소_01,기름 넣는 곳,생활서비스 중 '주유소'를 판매·제공하는 매장,02516c8c-51df-48cb-848c-9c57654412a9,충북제유소,기름,서울중부시장,전통시장,서울특별시,0.0,0.0,,,RESOLVED_AGREEMENT,False,0,,,,
1d289c9e0f48d690f2e5,test,주유소,T2 동의어,q_주유소_01,기름 넣는 곳,생활서비스 중 '주유소'를 판매·제공하는 매장,c086618e-572f-428b-892d-41cd46bc6833,동명기름,"고추, 기름",강릉성남시장,전통시장,강원특별자치도,0.0,0.0,,,RESOLVED_AGREEMENT,False,0,,,,
006910a5cbd1b875e7fa,test,주유소,T2 동의어,q_주유소_01,기름 넣는 곳,생활서비스 중 '주유소'를 판매·제공하는 매장,b08e9710-2ab2-47be-bcb5-61acffbc6fb4,용두방앗간,기름,청운시장골목형상점가,골목형상점가,경기도,0.0,0.0,,,RESOLVED_AGREEMENT,False,0,,,,
f93f0e07be43c0889838,test,주유소,T2 동의어,q_주유소_01,기름 넣는 곳,생활서비스 중 '주유소'를 판매·제공하는 매장,8224c4ea-5f0a-4661-9b6a-8c0e0bb0d0b2,참만나기름,기름,고산구시장 상점가,자율상권구역,전라남도,0.0,0.0,,,RESOLVED_AGREEMENT,False,0,,,,
ee93f2b6972fac393d05,test,주유소,T2 동의어,q_주유소_01,기름 넣는 곳,생활서비스 중 '주유소'를 판매·제공하는 매장,ffcab518-f7d5-49e1-aa49-0b41bcfb5b9c,한라기름집,기름,동문재래시장,전통시장,제주특별자치도,0.0,0.0,,,RESOLVED_AGREEMENT,False,0,,,,
16a5a7207c1a741bbaa4,test,주유소,T2 동의어,q_주유소_01,기름 넣는 곳,생활서비스 중 '주유소'를 판매·제공하는 매장,24456103-f6b8-46af-8655-82e61d7265d8,커피가 머무르는 곳,커피,반드레길골목형상점가,골목형상점가,서울특별시,0.0,0.0,,,RESOLVED_AGREEMENT,False,0,,,,
2dd6a53c37bfbace8a12,test,주유소,T2 동의어,q_주유소_01,기름 넣는 곳,생활서비스 중 '주유소'를 판매·제공하는 매장,fe998c22-1713-4828-9b48-134c13399e94,금강기름,기름,마천중앙시장,전통시장,서울특별시,0.0,0.0,,,RESOLVED_AGREEMENT,False,0,,,,
277757e543529bb214c9,test,주유소,T4 구어·문장,q_주유소_02,기름 넣으러 갈 데,생활서비스 중 '주유소'를 판매·제공하는 매장,f65bf0ef-9e3c-4ae2-89d8-667edcdf697c,남일기름,기름,암사종합시장,전통시장,서울특별시,0.0,0.0,,,RESOLVED_AGREEMENT,False,0,,,,
5d5f299f85678ca5f218,test,주유소,T4 구어·문장,q_주유소_02,기름 넣으러 갈 데,생활서비스 중 '주유소'를 판매·제공하는 매장,822d683e-7de6-4c9a-9dc2-73d2c6b73cf4,광명기름집,기름,용현시장,전통시장,인천광역시,0.0,0.0,,,RESOLVED_AGREEMENT,False,0,,,,
7d4322cf1e835f0acf5b,test,주유소,T4 구어·문장,q_주유소_02,기름 넣으러 갈 데,생활서비스 중 '주유소'를 판매·제공하는 매장,2a8ea105-b605-4412-8fdf-6b022c21ca93,예스안경,안경,해남읍 원도심 상권활성화구역,상권활성화구역,전라남도,0.0,0.0,,,RESOLVED_AGREEMENT,False,0,,,,
d70fd07bd002f219b7cf,test,주유소,T4 구어·문장,q_주유소_02,기름 넣으러 갈 데,생활서비스 중 '주유소'를 판매·제공하는 매장,97ce8e23-d830-4721-9261-f712cadc0917,신천고추기름,소매(기름),시흥삼미시장,전통시장,경기도,0.0,0.0,,,RESOLVED_AGREEMENT,False,0,,,,
0eef37dd538c366bb503,test,주유소,T4 구어·문장,q_주유소_02,기름 넣으러 갈 데,생활서비스 중 '주유소'를 판매·제공하는 매장,a91f778e-99a9-4a3d-b6e6-c8d220641e78,오늘야채 오늘과일,농산물,석계역 골목형상점가,골목형상점가,서울특별시,0.0,0.0,,,RESOLVED_AGREEMENT,False,0,,,,
fa0e4d6c172e11538968,test,주유소,T4 구어·문장,q_주유소_02,기름 넣으러 갈 데,생활서비스 중 '주유소'를 판매·제공하는 매장,2dfab95f-4b72-4a9d-8c5b-26a3157ebc97,낙지마을,한식,솔샘시장 골목형상점가,골목형상점가,서울특별시,0.0,0.0,,,RESOLVED_AGREEMENT,False,0,,,,
113705fdbb4bf9bdb6bb,test,주유소,T4 구어·문장,q_주유소_02,기름 넣으러 갈 데,생활서비스 중 '주유소'를 판매·제공하는 매장,f742c6c5-661e-47b9-a079-ebf69db6ae94,엄마기름집,기름,고분다리시장,전통시장,서울특별시,0.0,0.0,,,RESOLVED_AGREEMENT,False,0,,,,
338b7f740fb095cb358f,test,주유소,T4 구어·문장,q_주유소_02,기름 넣으러 갈 데,생활서비스 중 '주유소'를 판매·제공하는 매장,fe998c22-1713-4828-9b48-134c13399e94,금강기름,기름,마천중앙시장,전통시장,서울특별시,0.0,0.0,,,RESOLVED_AGREEMENT,False,0,,,,
1733f9eed61e5f457825,test,주유소,T4 구어·문장,q_주유소_02,기름 넣으러 갈 데,생활서비스 중 '주유소'를 판매·제공하는 매장,8224c4ea-5f0a-4661-9b6a-8c0e0bb0d0b2,참만나기름,기름,고산구시장 상점가,자율상권구역,전라남도,0.0,0.0,,,RESOLVED_AGREEMENT,False,0,,,,
120ceaa1cc83d9519058,test,주유소,T4 구어·문장,q_주유소_02,기름 넣으러 갈 데,생활서비스 중 '주유소'를 판매·제공하는 매장,4c5e6e03-ffe9-450f-b20e-4c52502dd005,충남기름집,기름,경동시장,전통시장,서울특별시,0.0,0.0,,,RESOLVED_AGREEMENT,False,0,,,,
75638fc61f39dbfb80ff,test,주유소,T4 구어·문장,q_주유소_02,기름 넣으러 갈 데,생활서비스 중 '주유소'를 판매·제공하는 매장,ffcab518-f7d5-49e1-aa49-0b41bcfb5b9c,한라기름집,기름,동문재래시장,전통시장,제주특별자치도,0.0,0.0,,,RESOLVED_AGREEMENT,False,0,,,,
dad59b4fa8c747809881,test,주유소,T4 구어·문장,q_주유소_02,기름 넣으러 갈 데,생활서비스 중 '주유소'를 판매·제공하는 매장,192525d6-1730-4301-875b-5bd76609ee8f,용지기름집,기름,동원전통종합시장,전통시장,서울특별시,0.0,0.0,,,RESOLVED_AGREEMENT,False,0,,,,
e08f16b047340ca174da,test,주유소,T4 구어·문장,q_주유소_02,기름 넣으러 갈 데,생활서비스 중 '주유소'를 판매·제공하는 매장,171582d4-5afe-4e33-88d4-f4adcc624b8f,회인고추기름,"기름, 고추",태평시장,전통시장,대전광역시,0.0,0.0,,,RESOLVED_AGREEMENT,False,0,,,,
a91e358fd2dd6c9c8583,test,주유소,T4 구어·문장,q_주유소_02,기름 넣으러 갈 데,생활서비스 중 '주유소'를 판매·제공하는 매장,01e4cef2-9c12-4be0-9c3e-5a09ab67f7f5,대명제유,"고추, 기름",의정부제일시장,전통시장,경기도,0.0,0.0,,,RESOLVED_AGREEMENT,False,0,,,,
306cb7129b9124932d1c,test,주유소,T4 구어·문장,q_주유소_02,기름 넣으러 갈 데,생활서비스 중 '주유소'를 판매·제공하는 매장,dd894757-bc6e-4a30-b01c-dfdf5dde1296,정선기름집,기름,정선아리랑시장,전통시장,강원특별자치도,0.0,0.0,,,RESOLVED_AGREEMENT,False,0,,,,
0d46ee8a231f118132da,test,주유소,T4 구어·문장,q_주유소_02,기름 넣으러 갈 데,생활서비스 중 '주유소'를 판매·제공하는 매장,f1f50277-95ca-44f4-a48b-11e16fdcbc2a,풍물방아,기름,춘천풍물시장,전통시장,강원특별자치도,0.0,0.0,,,RESOLVED_AGREEMENT,False,0,,,,
cef3253e42d833ddaae0,test,주유소,T4 구어·문장,q_주유소_02,기름 넣으러 갈 데,생활서비스 중 '주유소'를 판매·제공하는 매장,1894f958-3566-49be-81f6-a910a13017af,후생기름방,기름,동쪽바다중앙시장(구 동해중앙시장),전통시장,강원특별자치도,0.0,0.0,,,RESOLVED_AGREEMENT,False,0,,,,
31c8a9530e564a7e92d3,test,주유소,T4 구어·문장,q_주유소_02,기름 넣으러 갈 데,생활서비스 중 '주유소'를 판매·제공하는 매장,f29ba182-3c8a-4d92-ac16-4f68cf2d600d,남매방앗간,기름,억지춘향시장(구 봉화춘향시장),전통시장,경상북도,0.0,0.0,,,RESOLVED_AGREEMENT,False,0,,,,
7edd555ce463ada94ee4,test,주유소,T4 구어·문장,q_주유소_02,기름 넣으러 갈 데,생활서비스 중 '주유소'를 판매·제공하는 매장,9b8b4cc1-f47b-43d6-913f-a3641d6a7e0e,화순상회,기름,소사종합시장,전통시장,경기도,0.0,0.0,,,RESOLVED_AGREEMENT,False,0,,,,
11c3a0433a3b061a2cf6,test,주유소,T4 구어·문장,q_주유소_02,기름 넣으러 갈 데,생활서비스 중 '주유소'를 판매·제공하는 매장,d72e502a-1964-4a18-8b83-975f4af7e6e4,현대기름방,기름,봉화상설시장,전통시장,경상북도,0.0,0.0,,,RESOLVED_AGREEMENT,False,0,,,,
587e4ecf209bb08a8555,test,주유소,T4 구어·문장,q_주유소_02,기름 넣으러 갈 데,생활서비스 중 '주유소'를 판매·제공하는 매장,24572198-8433-4478-9b19-bf5e44897a38,중앙기름-e,"반찬, 기름",산본전통시장(구 군포산본시장),전통시장,경기도,0.0,0.0,,,RESOLVED_AGREEMENT,False,0,,,,
83e86cb964af5a175437,test,주유소,T4 구어·문장,q_주유소_02,기름 넣으러 갈 데,생활서비스 중 '주유소'를 판매·제공하는 매장,c086618e-572f-428b-892d-41cd46bc6833,동명기름,"고추, 기름",강릉성남시장,전통시장,강원특별자치도,0.0,0.0,,,RESOLVED_AGREEMENT,False,0,,,,
a9fc2ca0cf8c3d51b2d8,test,주유소,T4 구어·문장,q_주유소_02,기름 넣으러 갈 데,생활서비스 중 '주유소'를 판매·제공하는 매장,de656bed-4d3d-4dd9-b646-f83925678a3c,한사랑약국,양약,삼성면 원도심 자율상권구역,상권활성화구역,충청북도,0.0,0.0,,,RESOLVED_AGREEMENT,False,0,,,,
158d7504b685277d8eb3,test,주유소,T4 구어·문장,q_주유소_02,기름 넣으러 갈 데,생활서비스 중 '주유소'를 판매·제공하는 매장,dfd96552-c029-4af6-9a92-1fb36ba4c6a1,한전복사.인쇄,"인쇄, 복사",청주북부시장,전통시장,충청북도,0.0,0.0,,,RESOLVED_AGREEMENT,False,0,,,,
3007cfe10aae22c8cb0b,test,주유소,T4 구어·문장,q_주유소_02,기름 넣으러 갈 데,생활서비스 중 '주유소'를 판매·제공하는 매장,531cdc25-2ce4-4938-b76e-c687fd22d503,영남기름집,기름,오산오색시장(구 오산중앙시장),전통시장,경기도,0.0,0.0,,,RESOLVED_AGREEMENT,False,0,,,,
ecea568872db366327c3,test,주유소,T4 구어·문장,q_주유소_02,기름 넣으러 갈 데,생활서비스 중 '주유소'를 판매·제공하는 매장,d51a889e-0b72-4272-a5b8-93e9ed52ad8e,호계참기름,기름,호계종합시장,전통시장,경기도,0.0,0.0,,,RESOLVED_AGREEMENT,False,0,,,,
0bbc6fd491751c96f2e0,test,주유소,T4 구어·문장,q_주유소_02,기름 넣으러 갈 데,생활서비스 중 '주유소'를 판매·제공하는 매장,b5f99beb-251f-4106-a26c-ea073b024ace,철마기름집,기름,가좌시장,전통시장,인천광역시,0.0,0.0,,,RESOLVED_AGREEMENT,False,0,,,,
bd72875c13503df2cae6,test,주유소,T4 구어·문장,q_주유소_02,기름 넣으러 갈 데,생활서비스 중 '주유소'를 판매·제공하는 매장,c44fc36e-ee96-46f8-8f99-31214e39879a,새댁기름집,기름,정읍샘고을시장,전통시장,전북특별자치도,0.0,0.0,,,RESOLVED_AGREEMENT,False,0,,,,
4a61a093223a09236f93,test,주유소,T4 구어·문장,q_주유소_02,기름 넣으러 갈 데,생활서비스 중 '주유소'를 판매·제공하는 매장,c98117a8-0faa-4c7f-b9de-43745aabb18d,가나식품,기름,익산장(구 북부장),전통시장,전북특별자치도,0.0,0.0,,,RESOLVED_AGREEMENT,False,0,,,,
eb81440dedf1c0df61ff,test,주유소,T4 구어·문장,q_주유소_02,기름 넣으러 갈 데,생활서비스 중 '주유소'를 판매·제공하는 매장,028c4d82-c6ec-48e8-ae96-9a11c25db40e,충청도기름집,기름,용현시장,전통시장,인천광역시,0.0,0.0,,,RESOLVED_AGREEMENT,False,0,,,,
2836a91e3c583d94e8bb,test,주유소,T4 구어·문장,q_주유소_02,기름 넣으러 갈 데,생활서비스 중 '주유소'를 판매·제공하는 매장,e0875a25-d6ef-4bab-aedf-a564aea1e7ad,진미기름,기름,포항죽도시장,전통시장,경상북도,0.0,0.0,,,RESOLVED_AGREEMENT,False,0,,,,
cdb5bb4c68ee053c5cf2,test,주유소,T4 구어·문장,q_주유소_02,기름 넣으러 갈 데,생활서비스 중 '주유소'를 판매·제공하는 매장,d2182dc7-fcc5-4737-8b9e-02921b373348,현대참기름,기름,포항큰동해시장,전통시장,경상북도,0.0,0.0,,,RESOLVED_AGREEMENT,False,0,,,,
ccfb783418d2d4513c69,test,주유소,T4 구어·문장,q_주유소_02,기름 넣으러 갈 데,생활서비스 중 '주유소'를 판매·제공하는 매장,f178ce78-e3d7-4976-a964-3da951fdc7af,인천기름,기름,세아프라자상가(동두천세아상가시장),전통시장,경기도,0.0,0.0,,,RESOLVED_AGREEMENT,False,0,,,,
533f41be38e5f0f5cb26,test,주유소,T4 구어·문장,q_주유소_02,기름 넣으러 갈 데,생활서비스 중 '주유소'를 판매·제공하는 매장,03ba1dcf-e9e2-4436-8478-4ab3c4663d1e,주유소,,미리산길 골목형상점가,골목형상점가,,3.0,3.0,,,RESOLVED_AGREEMENT,False,3,,,,
f0fb6483f02442e8f3d1,test,주유소,T4 구어·문장,q_주유소_02,기름 넣으러 갈 데,생활서비스 중 '주유소'를 판매·제공하는 매장,b08e9710-2ab2-47be-bcb5-61acffbc6fb4,용두방앗간,기름,청운시장골목형상점가,골목형상점가,경기도,0.0,0.0,,,RESOLVED_AGREEMENT,False,0,,,,
c936c775fea4febfbccf,test,주유소,T4 구어·문장,q_주유소_02,기름 넣으러 갈 데,생활서비스 중 '주유소'를 판매·제공하는 매장,9f144b14-b201-4a40-b96e-e56dd74aef29,한씨기름집,기름,강릉성남시장,전통시장,강원특별자치도,0.0,0.0,,,RESOLVED_AGREEMENT,False,0,,,,
6b323b772ef70ae6ef45,test,주유소,T4 구어·문장,q_주유소_02,기름 넣으러 갈 데,생활서비스 중 '주유소'를 판매·제공하는 매장,01cb2138-a064-459b-97ef-6f0e7adb0778,두암주유소,주유소,두암시장주변 골목형상점가,골목형상점가,광주광역시,3.0,3.0,,,RESOLVED_AGREEMENT,False,3,,,,
def14d78e70afce3dd6c,test,주유소,T4 구어·문장,q_주유소_02,기름 넣으러 갈 데,생활서비스 중 '주유소'를 판매·제공하는 매장,a5f3c44a-d239-495f-974a-675f563b84b5,덕산기름집,기름,모란전통기름시장,전통시장,경기도,0.0,0.0,,,RESOLVED_AGREEMENT,False,0,,,,
d29ea5b6249b077d495b,test,주유소,T4 구어·문장,q_주유소_02,기름 넣으러 갈 데,생활서비스 중 '주유소'를 판매·제공하는 매장,9d71ffe4-87c2-4899-af3e-8f52636e9a06,부자기름집,기름,용문천년시장,전통시장,경기도,0.0,0.0,,,RESOLVED_AGREEMENT,False,0,,,,
ada5e1655bcfb3d44d96,test,주유소,T4 구어·문장,q_주유소_02,기름 넣으러 갈 데,생활서비스 중 '주유소'를 판매·제공하는 매장,23f79b5b-9a63-41fb-b140-0c4487b2affb,대복기름집,기름,부천강남시장,전통시장,경기도,0.0,0.0,,,RESOLVED_AGREEMENT,False,0,,,,
aa300f018ca81ac46486,test,주유소,T4 구어·문장,q_주유소_02,기름 넣으러 갈 데,생활서비스 중 '주유소'를 판매·제공하는 매장,9af33f08-1fd2-4798-ab00-329329bbcfd0,인동기름집,기름,인동시장,전통시장,대전광역시,0.0,0.0,,,RESOLVED_AGREEMENT,False,0,,,,
412819fb3ab34e6d3c34,test,주유소,T4 구어·문장,q_주유소_02,기름 넣으러 갈 데,생활서비스 중 '주유소'를 판매·제공하는 매장,fbb7ac19-ada8-44e0-832c-1375d39b19f8,샛별기름집,기름,속초종합중앙시장,전통시장,강원특별자치도,0.0,0.0,,,RESOLVED_AGREEMENT,False,0,,,,
2679ca7d5e9a386b821f,test,주유소,T4 구어·문장,q_주유소_02,기름 넣으러 갈 데,생활서비스 중 '주유소'를 판매·제공하는 매장,5abf9af5-9fdd-4ce5-8823-b75a6baf3f6a,원재기름집,기름,오목교중앙시장,전통시장,서울특별시,0.0,0.0,,,RESOLVED_AGREEMENT,False,0,,,,
0ae9080137d1623235a6,test,주유소,T4 구어·문장,q_주유소_02,기름 넣으러 갈 데,생활서비스 중 '주유소'를 판매·제공하는 매장,013444f9-7e9b-4640-84f0-43ac071ef57f,대림고추방아,"고추가루, 기름",부천강남시장,전통시장,경기도,0.0,0.0,,,RESOLVED_AGREEMENT,False,0,,,,
3261f65a3415bd1fa084,test,주유소,T4 구어·문장,q_주유소_02,기름 넣으러 갈 데,생활서비스 중 '주유소'를 판매·제공하는 매장,ca37d067-0f46-40e9-b422-7c5918022fae,황해기름집,기름,화천재래시장,전통시장,강원특별자치도,0.0,0.0,,,RESOLVED_AGREEMENT,False,0,,,,
1d421676c966903e33fa,test,주유소,T4 구어·문장,q_주유소_02,기름 넣으러 갈 데,생활서비스 중 '주유소'를 판매·제공하는 매장,dce9c517-42ee-4348-97fc-972cb5b52fa5,광양참기름,기름,광양시장골목형상점가,골목형상점가,제주특별자치도,0.0,0.0,,,RESOLVED_AGREEMENT,False,0,,,,
cdecebaedd92ca268c00,test,주유소,T4 구어·문장,q_주유소_02,기름 넣으러 갈 데,생활서비스 중 '주유소'를 판매·제공하는 매장,dfca536c-0cb3-4d86-8c02-c1accad4bb97,광일참기름,기름,광양매일시장(광양상설시장),전통시장,전라남도,0.0,0.0,,,RESOLVED_AGREEMENT,False,0,,,,
e2c5263c559cf2b6c116,test,주유소,T4 구어·문장,q_주유소_02,기름 넣으러 갈 데,생활서비스 중 '주유소'를 판매·제공하는 매장,d038e0f8-2203-4ebc-8596-a9bc43ba938a,상주기름집,기름,창동신창시장,전통시장,서울특별시,0.0,0.0,,,RESOLVED_AGREEMENT,False,0,,,,
907b324bc40717f0cda9,test,주유소,T4 구어·문장,q_주유소_02,기름 넣으러 갈 데,생활서비스 중 '주유소'를 판매·제공하는 매장,4561811f-bdf2-487d-9112-bf313c4b9ac6,경향기름,기름,춘천동부시장,전통시장,강원특별자치도,0.0,0.0,,,RESOLVED_AGREEMENT,False,0,,,,
c8e3e054461ddb11dcff,test,주유소,T4 구어·문장,q_주유소_02,기름 넣으러 갈 데,생활서비스 중 '주유소'를 판매·제공하는 매장,94c88775-acd4-4de0-9b2c-b8d524e9498c,삼미기름집,기름,모란전통기름시장,전통시장,경기도,0.0,0.0,,,RESOLVED_AGREEMENT,False,0,,,,
4f0c9b021847ea198d53,test,주유소,T4 구어·문장,q_주유소_02,기름 넣으러 갈 데,생활서비스 중 '주유소'를 판매·제공하는 매장,02516c8c-51df-48cb-848c-9c57654412a9,충북제유소,기름,서울중부시장,전통시장,서울특별시,0.0,0.0,,,RESOLVED_AGREEMENT,False,0,,,,
4f8a59eecfdf0aea0641,test,주유소,T4 구어·문장,q_주유소_02,기름 넣으러 갈 데,생활서비스 중 '주유소'를 판매·제공하는 매장,2780c52b-08dc-4133-8b30-4b993563ec19,가창기름,기름,장미원골목시장,전통시장,서울특별시,0.0,0.0,,,RESOLVED_AGREEMENT,False,0,,,,
9e2d52762358ab07265f,test,주유소,T4 구어·문장,q_주유소_02,기름 넣으러 갈 데,생활서비스 중 '주유소'를 판매·제공하는 매장,dc569198-4383-4fe3-b29b-254728473a3d,문수상회,기름,봉화상설시장,전통시장,경상북도,0.0,0.0,,,RESOLVED_AGREEMENT,False,0,,,,
f3f90322f759c60880da,test,주유소,T4 구어·문장,q_주유소_02,기름 넣으러 갈 데,생활서비스 중 '주유소'를 판매·제공하는 매장,233a6c5e-2e7e-4b74-bd0f-e2d6aa1b9fec,사슴기름집,기름,왜관시장,전통시장,경상북도,0.0,0.0,,,RESOLVED_AGREEMENT,False,0,,,,
ca29f37e0699055f3c4f,test,주유소,T4 구어·문장,q_주유소_02,기름 넣으러 갈 데,생활서비스 중 '주유소'를 판매·제공하는 매장,7540e538-b667-4174-baec-01660bf44a7c,칠성기름집,기름,왜관시장,전통시장,경상북도,0.0,0.0,,,RESOLVED_AGREEMENT,False,0,,,,
46c979f678aeb10bc6e6,test,주유소,T4 구어·문장,q_주유소_02,기름 넣으러 갈 데,생활서비스 중 '주유소'를 판매·제공하는 매장,95bf6cba-5d06-44c9-9611-257970a31ffe,서울기름집,기름,모란전통기름시장,전통시장,경기도,0.0,0.0,,,RESOLVED_AGREEMENT,False,0,,,,
9f2605e099b93b2cbb98,test,주유소,T4 구어·문장,q_주유소_02,기름 넣으러 갈 데,생활서비스 중 '주유소'를 판매·제공하는 매장,bf033087-b9c2-46ea-92d9-546fa63a1178,오복기름집,기름,모란전통기름시장,전통시장,경기도,0.0,0.0,,,RESOLVED_AGREEMENT,False,0,,,,
c5e6f42eff61ea488981,test,주유소,T4 구어·문장,q_주유소_02,기름 넣으러 갈 데,생활서비스 중 '주유소'를 판매·제공하는 매장,041050b9-3f9b-44fc-928c-68af9ed3e9ff,형제기름,"기름, 착유",고산미소시장(고산시장),전통시장,전북특별자치도,0.0,0.0,,,RESOLVED_AGREEMENT,False,0,,,,
b51dd9a9a80fb126c8aa,test,주유소,T4 구어·문장,q_주유소_02,기름 넣으러 갈 데,생활서비스 중 '주유소'를 판매·제공하는 매장,232d5129-7565-496e-a121-3712e3562c65,고향참기름,기름,마천중앙시장,전통시장,서울특별시,0.0,0.0,,,RESOLVED_AGREEMENT,False,0,,,,
15f8c1472059eba8d6f7,test,주유소,T4 구어·문장,q_주유소_02,기름 넣으러 갈 데,생활서비스 중 '주유소'를 판매·제공하는 매장,65f6859a-9a45-48bf-b4de-541a5953532e,삼봉방앗간,기름,구월시장,전통시장,인천광역시,0.0,0.0,,,RESOLVED_AGREEMENT,False,0,,,,
557d76207dddd01b1ae7,test,주유소,T4 구어·문장,q_주유소_02,기름 넣으러 갈 데,생활서비스 중 '주유소'를 판매·제공하는 매장,8835d461-5499-4bf7-8709-834d9f6e9b54,만나기름집,기름,일산시장(구 일산전통시장),전통시장,경기도,0.0,0.0,,,RESOLVED_AGREEMENT,False,0,,,,
f14f6ebe479df80a70fe,test,주유소,T4 구어·문장,q_주유소_02,기름 넣으러 갈 데,생활서비스 중 '주유소'를 판매·제공하는 매장,24951010-132d-498f-a586-0c7d6f051bf4,승현기름집,기름,오목교중앙시장,전통시장,서울특별시,0.0,0.0,,,RESOLVED_AGREEMENT,False,0,,,,
753511d6e429d0250adb,test,주유소,T4 구어·문장,q_주유소_02,기름 넣으러 갈 데,생활서비스 중 '주유소'를 판매·제공하는 매장,23b70117-c5c2-4bd6-9e81-d720faf21b4e,전주참기름,기름,신성전통시장,전통시장,서울특별시,0.0,0.0,,,RESOLVED_AGREEMENT,False,0,,,,
b43de650fc76ddd34965,test,주유소,T4 구어·문장,q_주유소_02,기름 넣으러 갈 데,생활서비스 중 '주유소'를 판매·제공하는 매장,ae0fb4ce-e8ec-4489-800a-4430009f46eb,오목찹쌀닭강정,치킨,오목내길골목형상점가,골목형상점가,서울특별시,0.0,0.0,,,RESOLVED_AGREEMENT,False,0,,,,
3dccec91d55edca737e6,test,주유소,T4 구어·문장,q_주유소_02,기름 넣으러 갈 데,생활서비스 중 '주유소'를 판매·제공하는 매장,664bf57e-b03e-4d7c-9a27-bf75111f39fe,금성기름집,기름,남부골목시장,전통시장,서울특별시,0.0,0.0,,,RESOLVED_AGREEMENT,False,0,,,,
6d662040e95980b74efc,test,주유소,T4 구어·문장,q_주유소_02,기름 넣으러 갈 데,생활서비스 중 '주유소'를 판매·제공하는 매장,f28f495c-06db-4d48-9ef4-a6327c894d75,삼성기름,기름,진주 중앙시장,전통시장,경상남도,0.0,0.0,,,RESOLVED_AGREEMENT,False,0,,,,
2e7c0fd3d1261845f6fa,test,주유소,T4 구어·문장,q_주유소_02,기름 넣으러 갈 데,생활서비스 중 '주유소'를 판매·제공하는 매장,030536cb-46fd-4817-a7a9-ba9f838a3d84,신흥기름집,기름,월정로시장,기타,서울특별시,0.0,0.0,,,RESOLVED_AGREEMENT,False,0,,,,
243a1bd9b1ad53312d23,test,주유소,T4 구어·문장,q_주유소_02,기름 넣으러 갈 데,생활서비스 중 '주유소'를 판매·제공하는 매장,7447a922-6703-4d9e-ba66-7f7892705d24,시장기름집,기름,익산중앙시장,전통시장,전북특별자치도,0.0,0.0,,,RESOLVED_AGREEMENT,False,0,,,,
612bb97d6b52aa3758e5,test,주유소,T4 구어·문장,q_주유소_02,기름 넣으러 갈 데,생활서비스 중 '주유소'를 판매·제공하는 매장,00628f75-c56d-4ff4-8901-154133d16a19,현대주유소,주유소,웃장,전통시장,전라남도,3.0,3.0,,,RESOLVED_AGREEMENT,False,3,,,,
3e37d3b92c8a94176fbf,test,주유소,T4 구어·문장,q_주유소_02,기름 넣으러 갈 데,생활서비스 중 '주유소'를 판매·제공하는 매장,8605cd70-67a8-4b01-b19e-dc18985eb1af,중앙기름,기름,춘천중앙시장,전통시장,강원특별자치도,0.0,0.0,,,RESOLVED_AGREEMENT,False,0,,,,
9fb43cc03738466e1d35,test,주유소,T4 구어·문장,q_주유소_02,기름 넣으러 갈 데,생활서비스 중 '주유소'를 판매·제공하는 매장,05af1041-c841-4c55-a15a-d7df08dff6fc,예향주유소,주유소,풍암SK.광명상가상인회 골목형상점가,골목형상점가,광주광역시,3.0,3.0,,,RESOLVED_AGREEMENT,False,3,,,,
7b9f3d3d7bc27973e49f,test,주유소,T4 구어·문장,q_주유소_02,기름 넣으러 갈 데,생활서비스 중 '주유소'를 판매·제공하는 매장,6daf2135-2fa7-4919-af61-3a1e2363ce68,우영상회,양장지,서문시장2지구 종합상가,전통시장,대구광역시,0.0,0.0,,,RESOLVED_AGREEMENT,False,0,,,,
e65831a12f12ac083e64,test,주유소,T4 구어·문장,q_주유소_02,기름 넣으러 갈 데,생활서비스 중 '주유소'를 판매·제공하는 매장,057020ed-9d18-4250-94d2-4ba64f9638da,주문기름집,기름,주문진종합시장,전통시장,강원특별자치도,0.0,0.0,,,RESOLVED_AGREEMENT,False,0,,,,
7a2729d00774a87fcc33,test,주유소,T4 구어·문장,q_주유소_02,기름 넣으러 갈 데,생활서비스 중 '주유소'를 판매·제공하는 매장,a715a23e-8e26-46f9-b1f9-2cadebb66637,잠수기중매인40,수산물,부산자갈밭시장,전통시장,부산광역시,0.0,0.0,,,RESOLVED_AGREEMENT,False,0,,,,
8757ed6e02957b83cb9b,test,주유소,T4 구어·문장,q_주유소_02,기름 넣으러 갈 데,생활서비스 중 '주유소'를 판매·제공하는 매장,0321329e-d220-40a4-8f40-a7c79b5ea682,양촌주유소,주유소,지석사거리 골목형상점가,골목형상점가,광주광역시,3.0,3.0,,,RESOLVED_AGREEMENT,False,3,,,,
fe0a81c363266796deaf,test,주유소,T4 구어·문장,q_주유소_02,기름 넣으러 갈 데,생활서비스 중 '주유소'를 판매·제공하는 매장,5f97549d-21e2-45a2-a324-1fad53d06325,중앙기름,기름 농산물,비단길현대시장,전통시장,서울특별시,0.0,0.0,,,RESOLVED_AGREEMENT,False,0,,,,
1ed2945308b3a9bfcc9e,test,주유소,T4 구어·문장,q_주유소_02,기름 넣으러 갈 데,생활서비스 중 '주유소'를 판매·제공하는 매장,61f4878a-4b6b-4b1e-926e-4ce28731f9dd,삼일기름,기름,세아프라자상가(동두천세아상가시장),전통시장,경기도,0.0,0.0,,,RESOLVED_AGREEMENT,False,0,,,,
104dfd5e22a69b8a5c8e,test,주유소,T4 구어·문장,q_주유소_02,기름 넣으러 갈 데,생활서비스 중 '주유소'를 판매·제공하는 매장,7aad34d9-133e-4f60-b912-f5f7e04fe794,대구기름,기름,성대건물시장,전통시장,서울특별시,0.0,0.0,,,RESOLVED_AGREEMENT,False,0,,,,
9d7444e7042d1268078d,test,주유소,T4 구어·문장,q_주유소_02,기름 넣으러 갈 데,생활서비스 중 '주유소'를 판매·제공하는 매장,5e25535b-0401-43fc-804c-9023fbdc7e76,옛날기름집,기름,화서시장,전통시장,경기도,0.0,0.0,,,RESOLVED_AGREEMENT,False,0,,,,
ee76c3323a445344fb48,test,주유소,T4 구어·문장,q_주유소_03,차에 기름 넣을 수 있는 곳,생활서비스 중 '주유소'를 판매·제공하는 매장,4c5e6e03-ffe9-450f-b20e-4c52502dd005,충남기름집,기름,경동시장,전통시장,서울특별시,0.0,0.0,,,RESOLVED_AGREEMENT,False,0,,,,
ca1e39ae4a87addef405,test,주유소,T4 구어·문장,q_주유소_03,차에 기름 넣을 수 있는 곳,생활서비스 중 '주유소'를 판매·제공하는 매장,4561811f-bdf2-487d-9112-bf313c4b9ac6,경향기름,기름,춘천동부시장,전통시장,강원특별자치도,0.0,0.0,,,RESOLVED_AGREEMENT,False,0,,,,
dfd8ad52809c4c9cc4dc,test,주유소,T4 구어·문장,q_주유소_03,차에 기름 넣을 수 있는 곳,생활서비스 중 '주유소'를 판매·제공하는 매장,6f8e50a1-b44c-4eab-9c7f-5d156884d3b7,충북기름집,기름,역곡상상시장(구 역곡북부시장),전통시장,경기도,0.0,0.0,,,RESOLVED_AGREEMENT,False,0,,,,
f279eea2d6ae7f2a6bed,test,주유소,T4 구어·문장,q_주유소_03,차에 기름 넣을 수 있는 곳,생활서비스 중 '주유소'를 판매·제공하는 매장,041050b9-3f9b-44fc-928c-68af9ed3e9ff,형제기름,"기름, 착유",고산미소시장(고산시장),전통시장,전북특별자치도,0.0,0.0,,,RESOLVED_AGREEMENT,False,0,,,,
ff7861f932a092c8346b,test,주유소,T4 구어·문장,q_주유소_03,차에 기름 넣을 수 있는 곳,생활서비스 중 '주유소'를 판매·제공하는 매장,057020ed-9d18-4250-94d2-4ba64f9638da,주문기름집,기름,주문진종합시장,전통시장,강원특별자치도,0.0,0.0,,,RESOLVED_AGREEMENT,False,0,,,,
a49f91d1de7a2116aad6,test,주유소,T4 구어·문장,q_주유소_03,차에 기름 넣을 수 있는 곳,생활서비스 중 '주유소'를 판매·제공하는 매장,e0875a25-d6ef-4bab-aedf-a564aea1e7ad,진미기름,기름,포항죽도시장,전통시장,경상북도,0.0,0.0,,,RESOLVED_AGREEMENT,False,0,,,,
8a748d5f16a5cbe20223,test,주유소,T4 구어·문장,q_주유소_03,차에 기름 넣을 수 있는 곳,생활서비스 중 '주유소'를 판매·제공하는 매장,68f18788-24dd-4d2e-859f-efb19fe82eb6,풍년기름집,기름,구월시장,전통시장,인천광역시,0.0,0.0,,,RESOLVED_AGREEMENT,False,0,,,,
4f6ff176908b908317b8,test,주유소,T4 구어·문장,q_주유소_03,차에 기름 넣을 수 있는 곳,생활서비스 중 '주유소'를 판매·제공하는 매장,21295dbe-a439-4393-8b79-582027360072,피키컵스,양식 음료 디저트,첨단아미 골목형상점가,골목형상점가,광주광역시,0.0,0.0,,,RESOLVED_AGREEMENT,False,0,,,,
81b1e2d11119978ba186,test,주유소,T4 구어·문장,q_주유소_03,차에 기름 넣을 수 있는 곳,생활서비스 중 '주유소'를 판매·제공하는 매장,dd894757-bc6e-4a30-b01c-dfdf5dde1296,정선기름집,기름,정선아리랑시장,전통시장,강원특별자치도,0.0,0.0,,,RESOLVED_AGREEMENT,False,0,,,,
eaf0e7570586fd7d5cad,test,주유소,T4 구어·문장,q_주유소_03,차에 기름 넣을 수 있는 곳,생활서비스 중 '주유소'를 판매·제공하는 매장,23b70117-c5c2-4bd6-9e81-d720faf21b4e,전주참기름,기름,신성전통시장,전통시장,서울특별시,0.0,0.0,,,RESOLVED_AGREEMENT,False,0,,,,
c17f019e0a1effa7cbd0,test,주유소,T4 구어·문장,q_주유소_03,차에 기름 넣을 수 있는 곳,생활서비스 중 '주유소'를 판매·제공하는 매장,f28f495c-06db-4d48-9ef4-a6327c894d75,삼성기름,기름,진주 중앙시장,전통시장,경상남도,0.0,0.0,,,RESOLVED_AGREEMENT,False,0,,,,
d3de554b4fcc78b96412,test,주유소,T4 구어·문장,q_주유소_03,차에 기름 넣을 수 있는 곳,생활서비스 중 '주유소'를 판매·제공하는 매장,9f144b14-b201-4a40-b96e-e56dd74aef29,한씨기름집,기름,강릉성남시장,전통시장,강원특별자치도,0.0,0.0,,,RESOLVED_AGREEMENT,False,0,,,,
f63c611173645c335550,test,주유소,T4 구어·문장,q_주유소_03,차에 기름 넣을 수 있는 곳,생활서비스 중 '주유소'를 판매·제공하는 매장,95bf6cba-5d06-44c9-9611-257970a31ffe,서울기름집,기름,모란전통기름시장,전통시장,경기도,0.0,0.0,,,RESOLVED_AGREEMENT,False,0,,,,
34389cb2149ddda20f9e,test,주유소,T4 구어·문장,q_주유소_03,차에 기름 넣을 수 있는 곳,생활서비스 중 '주유소'를 판매·제공하는 매장,7aad34d9-133e-4f60-b912-f5f7e04fe794,대구기름,기름,성대건물시장,전통시장,서울특별시,0.0,0.0,,,RESOLVED_AGREEMENT,False,0,,,,
65a7a11a3f9b5f056c7f,test,주유소,T4 구어·문장,q_주유소_03,차에 기름 넣을 수 있는 곳,생활서비스 중 '주유소'를 판매·제공하는 매장,dc569198-4383-4fe3-b29b-254728473a3d,문수상회,기름,봉화상설시장,전통시장,경상북도,0.0,0.0,,,RESOLVED_AGREEMENT,False,0,,,,
dafd990a864fc59e8b7f,test,주유소,T4 구어·문장,q_주유소_03,차에 기름 넣을 수 있는 곳,생활서비스 중 '주유소'를 판매·제공하는 매장,e9d6481d-8213-46a8-bd06-310084f0bd3a,수,,파워존 골목형상점가,골목형상점가,대전광역시,,0.0,Y,,P0_UNCERTAIN_OR_MISSING,True,,,,,
7873740f94c6d3244cf3,test,주유소,T4 구어·문장,q_주유소_03,차에 기름 넣을 수 있는 곳,생활서비스 중 '주유소'를 판매·제공하는 매장,8605cd70-67a8-4b01-b19e-dc18985eb1af,중앙기름,기름,춘천중앙시장,전통시장,강원특별자치도,0.0,0.0,,,RESOLVED_AGREEMENT,False,0,,,,
7d0c84f45976c22b915d,test,주유소,T4 구어·문장,q_주유소_03,차에 기름 넣을 수 있는 곳,생활서비스 중 '주유소'를 판매·제공하는 매장,ffcab518-f7d5-49e1-aa49-0b41bcfb5b9c,한라기름집,기름,동문재래시장,전통시장,제주특별자치도,0.0,0.0,,,RESOLVED_AGREEMENT,False,0,,,,
f9b93a95110dea8ce5b7,test,주유소,T4 구어·문장,q_주유소_03,차에 기름 넣을 수 있는 곳,생활서비스 중 '주유소'를 판매·제공하는 매장,f742c6c5-661e-47b9-a079-ebf69db6ae94,엄마기름집,기름,고분다리시장,전통시장,서울특별시,0.0,0.0,,,RESOLVED_AGREEMENT,False,0,,,,
a41e55c1aa8b40414755,test,주유소,T4 구어·문장,q_주유소_03,차에 기름 넣을 수 있는 곳,생활서비스 중 '주유소'를 판매·제공하는 매장,8224c4ea-5f0a-4661-9b6a-8c0e0bb0d0b2,참만나기름,기름,고산구시장 상점가,자율상권구역,전라남도,0.0,0.0,,,RESOLVED_AGREEMENT,False,0,,,,
c5ca76438795e07688f0,test,주유소,T4 구어·문장,q_주유소_03,차에 기름 넣을 수 있는 곳,생활서비스 중 '주유소'를 판매·제공하는 매장,0f7845ca-0c4a-46a1-a55a-15cd708183f3,중앙기름집,기름,홍성상설시장,전통시장,충청남도,0.0,0.0,,,RESOLVED_AGREEMENT,False,0,,,,
c54077f9063f07c32d7e,test,주유소,T4 구어·문장,q_주유소_03,차에 기름 넣을 수 있는 곳,생활서비스 중 '주유소'를 판매·제공하는 매장,5e25535b-0401-43fc-804c-9023fbdc7e76,옛날기름집,기름,화서시장,전통시장,경기도,0.0,0.0,,,RESOLVED_AGREEMENT,False,0,,,,
501a449483c961ae7200,test,주유소,T4 구어·문장,q_주유소_03,차에 기름 넣을 수 있는 곳,생활서비스 중 '주유소'를 판매·제공하는 매장,2780c52b-08dc-4133-8b30-4b993563ec19,가창기름,기름,장미원골목시장,전통시장,서울특별시,0.0,0.0,,,RESOLVED_AGREEMENT,False,0,,,,
afaa9db06e8ab6c1b9fb,test,주유소,T4 구어·문장,q_주유소_03,차에 기름 넣을 수 있는 곳,생활서비스 중 '주유소'를 판매·제공하는 매장,f65bf0ef-9e3c-4ae2-89d8-667edcdf697c,남일기름,기름,암사종합시장,전통시장,서울특별시,0.0,0.0,,,RESOLVED_AGREEMENT,False,0,,,,
eaf4616e3b4c728a5d10,test,주유소,T4 구어·문장,q_주유소_03,차에 기름 넣을 수 있는 곳,생활서비스 중 '주유소'를 판매·제공하는 매장,192525d6-1730-4301-875b-5bd76609ee8f,용지기름집,기름,동원전통종합시장,전통시장,서울특별시,0.0,0.0,,,RESOLVED_AGREEMENT,False,0,,,,
61e2741c4ed82b6555b8,test,주유소,T4 구어·문장,q_주유소_03,차에 기름 넣을 수 있는 곳,생활서비스 중 '주유소'를 판매·제공하는 매장,dfca536c-0cb3-4d86-8c02-c1accad4bb97,광일참기름,기름,광양매일시장(광양상설시장),전통시장,전라남도,0.0,0.0,,,RESOLVED_AGREEMENT,False,0,,,,
8626d2f2673f405bbb82,test,주유소,T4 구어·문장,q_주유소_03,차에 기름 넣을 수 있는 곳,생활서비스 중 '주유소'를 판매·제공하는 매장,dce9c517-42ee-4348-97fc-972cb5b52fa5,광양참기름,기름,광양시장골목형상점가,골목형상점가,제주특별자치도,0.0,0.0,,,RESOLVED_AGREEMENT,False,0,,,,
ace83e7b07ff643d4aeb,test,주유소,T4 구어·문장,q_주유소_03,차에 기름 넣을 수 있는 곳,생활서비스 중 '주유소'를 판매·제공하는 매장,9d71ffe4-87c2-4899-af3e-8f52636e9a06,부자기름집,기름,용문천년시장,전통시장,경기도,0.0,0.0,,,RESOLVED_AGREEMENT,False,0,,,,
f74824369165605121e5,test,주유소,T4 구어·문장,q_주유소_03,차에 기름 넣을 수 있는 곳,생활서비스 중 '주유소'를 판매·제공하는 매장,97ce8e23-d830-4721-9261-f712cadc0917,신천고추기름,소매(기름),시흥삼미시장,전통시장,경기도,0.0,0.0,,,RESOLVED_AGREEMENT,False,0,,,,
04ac0bf4048b10350166,test,주유소,T4 구어·문장,q_주유소_03,차에 기름 넣을 수 있는 곳,생활서비스 중 '주유소'를 판매·제공하는 매장,2743811c-5e71-4d2b-aa75-1b0147d44f2d,사우 꽃이 피는 곳,꽃,김포 풍년마을 골목형상점가,골목형상점가,경기도,0.0,0.0,,,RESOLVED_AGREEMENT,False,0,,,,
e5797f9dfdfb0e1f3641,test,주유소,T4 구어·문장,q_주유소_03,차에 기름 넣을 수 있는 곳,생활서비스 중 '주유소'를 판매·제공하는 매장,40b19424-a0cf-4aae-9359-509317a6a026,앤빈티지,의류,원미금강 상점가,자율상권구역,경기도,0.0,0.0,,,RESOLVED_AGREEMENT,False,0,,,,
83dce79ef72a8b74cdf0,test,주유소,T4 구어·문장,q_주유소_03,차에 기름 넣을 수 있는 곳,생활서비스 중 '주유소'를 판매·제공하는 매장,c44fc36e-ee96-46f8-8f99-31214e39879a,새댁기름집,기름,정읍샘고을시장,전통시장,전북특별자치도,0.0,0.0,,,RESOLVED_AGREEMENT,False,0,,,,
0bea5dc49a0596e99ea3,test,주유소,T4 구어·문장,q_주유소_03,차에 기름 넣을 수 있는 곳,생활서비스 중 '주유소'를 판매·제공하는 매장,4bba2d6c-0783-4954-a22a-3ff92243c1d9,삼성기름집,기름,안양중앙시장,전통시장,경기도,0.0,0.0,,,RESOLVED_AGREEMENT,False,0,,,,
168c0ce177305388300d,test,주유소,T4 구어·문장,q_주유소_03,차에 기름 넣을 수 있는 곳,생활서비스 중 '주유소'를 판매·제공하는 매장,d2182dc7-fcc5-4737-8b9e-02921b373348,현대참기름,기름,포항큰동해시장,전통시장,경상북도,0.0,0.0,,,RESOLVED_AGREEMENT,False,0,,,,
a161e48d0401ff19bfba,test,주유소,T4 구어·문장,q_주유소_03,차에 기름 넣을 수 있는 곳,생활서비스 중 '주유소'를 판매·제공하는 매장,5f97549d-21e2-45a2-a324-1fad53d06325,중앙기름,기름 농산물,비단길현대시장,전통시장,서울특별시,0.0,0.0,,,RESOLVED_AGREEMENT,False,0,,,,
7664ddec3d52cdb36740,test,주유소,T4 구어·문장,q_주유소_03,차에 기름 넣을 수 있는 곳,생활서비스 중 '주유소'를 판매·제공하는 매장,24456103-f6b8-46af-8655-82e61d7265d8,커피가 머무르는 곳,커피,반드레길골목형상점가,골목형상점가,서울특별시,0.0,0.0,,,RESOLVED_AGREEMENT,False,0,,,,
5ac88f12005bc0891064,test,주유소,T4 구어·문장,q_주유소_03,차에 기름 넣을 수 있는 곳,생활서비스 중 '주유소'를 판매·제공하는 매장,bf033087-b9c2-46ea-92d9-546fa63a1178,오복기름집,기름,모란전통기름시장,전통시장,경기도,0.0,0.0,,,RESOLVED_AGREEMENT,False,0,,,,
735de55241aa5d61ebdc,test,주유소,T4 구어·문장,q_주유소_03,차에 기름 넣을 수 있는 곳,생활서비스 중 '주유소'를 판매·제공하는 매장,01acbbd7-e0b4-4928-85bd-ba5a227f7314,스타일105,의류,더불어용두 골목형상점가,골목형상점가,광주광역시,0.0,0.0,,,RESOLVED_AGREEMENT,False,0,,,,
b8920b841fd596552061,test,주유소,T4 구어·문장,q_주유소_03,차에 기름 넣을 수 있는 곳,생활서비스 중 '주유소'를 판매·제공하는 매장,d51a889e-0b72-4272-a5b8-93e9ed52ad8e,호계참기름,기름,호계종합시장,전통시장,경기도,0.0,0.0,,,RESOLVED_AGREEMENT,False,0,,,,
45f84ae9d2d18c21b136,test,주유소,T4 구어·문장,q_주유소_03,차에 기름 넣을 수 있는 곳,생활서비스 중 '주유소'를 판매·제공하는 매장,ab67297b-f35d-4d43-aede-4de433a92391,경진기름집,기름,구리전통시장,전통시장,경기도,0.0,0.0,,,RESOLVED_AGREEMENT,False,0,,,,
7f10b0fe3e824edf32b3,test,주유소,T4 구어·문장,q_주유소_03,차에 기름 넣을 수 있는 곳,생활서비스 중 '주유소'를 판매·제공하는 매장,4e76be92-56ff-45e7-bed3-b3844d758167,로덴안경,안경,김해 대우유토피아상가,골목형상점가,경상남도,0.0,0.0,,,RESOLVED_AGREEMENT,False,0,,,,
950d4e1f384d9f137e39,test,주유소,T4 구어·문장,q_주유소_03,차에 기름 넣을 수 있는 곳,생활서비스 중 '주유소'를 판매·제공하는 매장,5d681691-c82e-4009-b8fd-f528f2f2a47f,강원기름집,기름,신 강남시장,전통시장,인천광역시,0.0,0.0,,,RESOLVED_AGREEMENT,False,0,,,,
45a50134f44978141b28,test,주유소,T4 구어·문장,q_주유소_03,차에 기름 넣을 수 있는 곳,생활서비스 중 '주유소'를 판매·제공하는 매장,028c4d82-c6ec-48e8-ae96-9a11c25db40e,충청도기름집,기름,용현시장,전통시장,인천광역시,0.0,0.0,,,RESOLVED_AGREEMENT,False,0,,,,
67ead50eb159ee41223e,test,주유소,T4 구어·문장,q_주유소_03,차에 기름 넣을 수 있는 곳,생활서비스 중 '주유소'를 판매·제공하는 매장,6800de34-3aff-4218-bd8e-10d2dd9ec226,바다소리수산,장어,통영 서호전통시장,전통시장,경상남도,0.0,0.0,,,RESOLVED_AGREEMENT,False,0,,,,
f875c8d731bf27419920,test,주유소,T4 구어·문장,q_주유소_03,차에 기름 넣을 수 있는 곳,생활서비스 중 '주유소'를 판매·제공하는 매장,76a3551b-dae4-4326-92cc-662015aedbfb,쉴 곳,한식,칠성로상점가,자율상권구역,제주특별자치도,0.0,0.0,,,RESOLVED_AGREEMENT,False,0,,,,
e4f78f4e9e2d0c1fe4b4,test,주유소,T4 구어·문장,q_주유소_03,차에 기름 넣을 수 있는 곳,생활서비스 중 '주유소'를 판매·제공하는 매장,531cdc25-2ce4-4938-b76e-c687fd22d503,영남기름집,기름,오산오색시장(구 오산중앙시장),전통시장,경기도,0.0,0.0,,,RESOLVED_AGREEMENT,False,0,,,,
5e285f85dc3af7804e74,test,주유소,T4 구어·문장,q_주유소_03,차에 기름 넣을 수 있는 곳,생활서비스 중 '주유소'를 판매·제공하는 매장,24951010-132d-498f-a586-0c7d6f051bf4,승현기름집,기름,오목교중앙시장,전통시장,서울특별시,0.0,0.0,,,RESOLVED_AGREEMENT,False,0,,,,
44ab7f75ed3413e808fb,test,주유소,T4 구어·문장,q_주유소_03,차에 기름 넣을 수 있는 곳,생활서비스 중 '주유소'를 판매·제공하는 매장,03ba1dcf-e9e2-4436-8478-4ab3c4663d1e,주유소,,미리산길 골목형상점가,골목형상점가,,3.0,3.0,,,RESOLVED_AGREEMENT,False,3,,,,
111bd3bbbdb96cedc8f7,test,주유소,T4 구어·문장,q_주유소_03,차에 기름 넣을 수 있는 곳,생활서비스 중 '주유소'를 판매·제공하는 매장,232d5129-7565-496e-a121-3712e3562c65,고향참기름,기름,마천중앙시장,전통시장,서울특별시,0.0,0.0,,,RESOLVED_AGREEMENT,False,0,,,,
4038dd96bb0ce3279f81,test,주유소,T4 구어·문장,q_주유소_03,차에 기름 넣을 수 있는 곳,생활서비스 중 '주유소'를 판매·제공하는 매장,0a60d112-cb0c-4c51-b256-4037db5fc6e0,홈앤컬러,도료 건축 방수공사 도료,군산중앙로 골목형상점가,골목형상점가,전북특별자치도,0.0,0.0,,,RESOLVED_AGREEMENT,False,0,,,,
08ad5f1dc8abf666ae6e,test,주유소,T4 구어·문장,q_주유소_03,차에 기름 넣을 수 있는 곳,생활서비스 중 '주유소'를 판매·제공하는 매장,171582d4-5afe-4e33-88d4-f4adcc624b8f,회인고추기름,"기름, 고추",태평시장,전통시장,대전광역시,0.0,0.0,,,RESOLVED_AGREEMENT,False,0,,,,
4caab2c12cdd900d8af7,test,주유소,T4 구어·문장,q_주유소_03,차에 기름 넣을 수 있는 곳,생활서비스 중 '주유소'를 판매·제공하는 매장,8835d461-5499-4bf7-8709-834d9f6e9b54,만나기름집,기름,일산시장(구 일산전통시장),전통시장,경기도,0.0,0.0,,,RESOLVED_AGREEMENT,False,0,,,,
382f43f0ea5d932e7d23,test,주유소,T4 구어·문장,q_주유소_03,차에 기름 넣을 수 있는 곳,생활서비스 중 '주유소'를 판매·제공하는 매장,7540e538-b667-4174-baec-01660bf44a7c,칠성기름집,기름,왜관시장,전통시장,경상북도,0.0,0.0,,,RESOLVED_AGREEMENT,False,0,,,,
d66d71f575d3d85a6c80,test,주유소,T4 구어·문장,q_주유소_03,차에 기름 넣을 수 있는 곳,생활서비스 중 '주유소'를 판매·제공하는 매장,030536cb-46fd-4817-a7a9-ba9f838a3d84,신흥기름집,기름,월정로시장,기타,서울특별시,0.0,0.0,,,RESOLVED_AGREEMENT,False,0,,,,
4eaff71c3694a8afd7d3,test,주유소,T4 구어·문장,q_주유소_03,차에 기름 넣을 수 있는 곳,생활서비스 중 '주유소'를 판매·제공하는 매장,fbb7ac19-ada8-44e0-832c-1375d39b19f8,샛별기름집,기름,속초종합중앙시장,전통시장,강원특별자치도,0.0,0.0,,,RESOLVED_AGREEMENT,False,0,,,,
fb69158fea27ed523871,test,주유소,T4 구어·문장,q_주유소_03,차에 기름 넣을 수 있는 곳,생활서비스 중 '주유소'를 판매·제공하는 매장,e4130c29-73bf-4a2b-9be9-3d225a78957c,까시아,"양말, 잡화",서문시장2지구 종합상가,전통시장,대구광역시,0.0,0.0,,,RESOLVED_AGREEMENT,False,0,,,,
276c0b56c61cc8183b16,test,주유소,T4 구어·문장,q_주유소_03,차에 기름 넣을 수 있는 곳,생활서비스 중 '주유소'를 판매·제공하는 매장,c086618e-572f-428b-892d-41cd46bc6833,동명기름,"고추, 기름",강릉성남시장,전통시장,강원특별자치도,0.0,0.0,,,RESOLVED_AGREEMENT,False,0,,,,
38fad4d7a68821157cf5,test,주유소,T4 구어·문장,q_주유소_03,차에 기름 넣을 수 있는 곳,생활서비스 중 '주유소'를 판매·제공하는 매장,ca37d067-0f46-40e9-b422-7c5918022fae,황해기름집,기름,화천재래시장,전통시장,강원특별자치도,0.0,0.0,,,RESOLVED_AGREEMENT,False,0,,,,
6c93f43933bcc6231c2a,test,주유소,T4 구어·문장,q_주유소_03,차에 기름 넣을 수 있는 곳,생활서비스 중 '주유소'를 판매·제공하는 매장,02516c8c-51df-48cb-848c-9c57654412a9,충북제유소,기름,서울중부시장,전통시장,서울특별시,0.0,0.0,,,RESOLVED_AGREEMENT,False,0,,,,
542aac3614bbc4016560,test,주유소,T4 구어·문장,q_주유소_03,차에 기름 넣을 수 있는 곳,생활서비스 중 '주유소'를 판매·제공하는 매장,05af1041-c841-4c55-a15a-d7df08dff6fc,예향주유소,주유소,풍암SK.광명상가상인회 골목형상점가,골목형상점가,광주광역시,3.0,3.0,,,RESOLVED_AGREEMENT,False,3,,,,
a20ed26cb10efc11b268,test,주유소,T4 구어·문장,q_주유소_03,차에 기름 넣을 수 있는 곳,생활서비스 중 '주유소'를 판매·제공하는 매장,fe998c22-1713-4828-9b48-134c13399e94,금강기름,기름,마천중앙시장,전통시장,서울특별시,0.0,0.0,,,RESOLVED_AGREEMENT,False,0,,,,
9fe54816b7e1b0ec44da,test,주유소,T4 구어·문장,q_주유소_03,차에 기름 넣을 수 있는 곳,생활서비스 중 '주유소'를 판매·제공하는 매장,01cb2138-a064-459b-97ef-6f0e7adb0778,두암주유소,주유소,두암시장주변 골목형상점가,골목형상점가,광주광역시,3.0,3.0,,,RESOLVED_AGREEMENT,False,3,,,,
84db04535be84bade6f9,test,주유소,T4 구어·문장,q_주유소_03,차에 기름 넣을 수 있는 곳,생활서비스 중 '주유소'를 판매·제공하는 매장,c111ac9d-3f3a-405c-a8db-4d127ccda9e2,행복이 있는 곳,잡화,제주로얄쇼핑센터,자율상권구역,제주특별자치도,0.0,0.0,,,RESOLVED_AGREEMENT,False,0,,,,
cd72ff7eff2f18c7ffad,test,주유소,T4 구어·문장,q_주유소_03,차에 기름 넣을 수 있는 곳,생활서비스 중 '주유소'를 판매·제공하는 매장,f178ce78-e3d7-4976-a964-3da951fdc7af,인천기름,기름,세아프라자상가(동두천세아상가시장),전통시장,경기도,0.0,0.0,,,RESOLVED_AGREEMENT,False,0,,,,
18fdbf80b2f563f75c7d,test,주유소,T4 구어·문장,q_주유소_03,차에 기름 넣을 수 있는 곳,생활서비스 중 '주유소'를 판매·제공하는 매장,65f6859a-9a45-48bf-b4de-541a5953532e,삼봉방앗간,기름,구월시장,전통시장,인천광역시,0.0,0.0,,,RESOLVED_AGREEMENT,False,0,,,,
d66c9d6e7dd64a1507d1,test,주유소,T4 구어·문장,q_주유소_03,차에 기름 넣을 수 있는 곳,생활서비스 중 '주유소'를 판매·제공하는 매장,233a6c5e-2e7e-4b74-bd0f-e2d6aa1b9fec,사슴기름집,기름,왜관시장,전통시장,경상북도,0.0,0.0,,,RESOLVED_AGREEMENT,False,0,,,,
e720c438233681f37322,test,주유소,T4 구어·문장,q_주유소_03,차에 기름 넣을 수 있는 곳,생활서비스 중 '주유소'를 판매·제공하는 매장,00628f75-c56d-4ff4-8901-154133d16a19,현대주유소,주유소,웃장,전통시장,전라남도,3.0,3.0,,,RESOLVED_AGREEMENT,False,3,,,,
e7e32652b539c644fc4b,test,주유소,T4 구어·문장,q_주유소_03,차에 기름 넣을 수 있는 곳,생활서비스 중 '주유소'를 판매·제공하는 매장,c98117a8-0faa-4c7f-b9de-43745aabb18d,가나식품,기름,익산장(구 북부장),전통시장,전북특별자치도,0.0,0.0,,,RESOLVED_AGREEMENT,False,0,,,,
936ebd5e53865f2da23c,test,주유소,T4 구어·문장,q_주유소_03,차에 기름 넣을 수 있는 곳,생활서비스 중 '주유소'를 판매·제공하는 매장,5abf9af5-9fdd-4ce5-8823-b75a6baf3f6a,원재기름집,기름,오목교중앙시장,전통시장,서울특별시,0.0,0.0,,,RESOLVED_AGREEMENT,False,0,,,,
a7e33461b2d94964aa74,test,주유소,T4 구어·문장,q_주유소_03,차에 기름 넣을 수 있는 곳,생활서비스 중 '주유소'를 판매·제공하는 매장,23f79b5b-9a63-41fb-b140-0c4487b2affb,대복기름집,기름,부천강남시장,전통시장,경기도,0.0,0.0,,,RESOLVED_AGREEMENT,False,0,,,,
8f954042444e09aae951,test,주유소,T4 구어·문장,q_주유소_03,차에 기름 넣을 수 있는 곳,생활서비스 중 '주유소'를 판매·제공하는 매장,61f4878a-4b6b-4b1e-926e-4ce28731f9dd,삼일기름,기름,세아프라자상가(동두천세아상가시장),전통시장,경기도,0.0,0.0,,,RESOLVED_AGREEMENT,False,0,,,,
73fa8cefac8c2ca560d0,test,주유소,T4 구어·문장,q_주유소_03,차에 기름 넣을 수 있는 곳,생활서비스 중 '주유소'를 판매·제공하는 매장,01e4cef2-9c12-4be0-9c3e-5a09ab67f7f5,대명제유,"고추, 기름",의정부제일시장,전통시장,경기도,0.0,0.0,,,RESOLVED_AGREEMENT,False,0,,,,
5db8cc1fe7e26cb5d045,test,주유소,T4 구어·문장,q_주유소_03,차에 기름 넣을 수 있는 곳,생활서비스 중 '주유소'를 판매·제공하는 매장,013444f9-7e9b-4640-84f0-43ac071ef57f,대림고추방아,"고추가루, 기름",부천강남시장,전통시장,경기도,0.0,0.0,,,RESOLVED_AGREEMENT,False,0,,,,
83d19e2f04cb0e46a4ae,test,주유소,T4 구어·문장,q_주유소_03,차에 기름 넣을 수 있는 곳,생활서비스 중 '주유소'를 판매·제공하는 매장,24572198-8433-4478-9b19-bf5e44897a38,중앙기름-e,"반찬, 기름",산본전통시장(구 군포산본시장),전통시장,경기도,0.0,0.0,,,RESOLVED_AGREEMENT,False,0,,,,
d0bdbd64e4bae8d1f1b3,test,주유소,T4 구어·문장,q_주유소_03,차에 기름 넣을 수 있는 곳,생활서비스 중 '주유소'를 판매·제공하는 매장,0321329e-d220-40a4-8f40-a7c79b5ea682,양촌주유소,주유소,지석사거리 골목형상점가,골목형상점가,광주광역시,3.0,3.0,,,RESOLVED_AGREEMENT,False,3,,,,
27349969f449129472ae,test,주유소,T4 구어·문장,q_주유소_03,차에 기름 넣을 수 있는 곳,생활서비스 중 '주유소'를 판매·제공하는 매장,0ba57788-508a-450b-b3ac-8f8bc404c300,미샤,,두류1번가,일반지하상점가,대구광역시,,0.0,Y,,P0_UNCERTAIN_OR_MISSING,True,,,,,
9151a1c50a33b1fc5c88,test,주유소,T1 정확표기,q_주유소_04,주유소,생활서비스 중 '주유소'를 판매·제공하는 매장,da48fdb0-906f-495a-986a-691098ce16ab,성실주유소,주유소,31사단 골목형상점가,골목형상점가,광주광역시,3.0,3.0,,,RESOLVED_AGREEMENT,False,3,,,,
9d34e5505460d4bad2b1,test,주유소,T1 정확표기,q_주유소_04,주유소,생활서비스 중 '주유소'를 판매·제공하는 매장,72eff12a-abbf-4269-bfc1-65d36a2f8b07,신양주유소,주유소,신월7동골목형상점가,골목형상점가,서울특별시,3.0,3.0,,,RESOLVED_AGREEMENT,False,3,,,,
a798e4873f034af57384,test,주유소,T1 정확표기,q_주유소_04,주유소,생활서비스 중 '주유소'를 판매·제공하는 매장,a3cb72d7-785e-41ab-9cae-46a83293d58a,대원주유소,주유소,대남마주길 골목형상점가,골목형상점가,광주광역시,3.0,3.0,,,RESOLVED_AGREEMENT,False,3,,,,
5bda27a53ac2851468cd,test,주유소,T1 정확표기,q_주유소_04,주유소,생활서비스 중 '주유소'를 판매·제공하는 매장,44cf84aa-8387-4258-9621-424940bf120d,유한회사 모우리주유소,주유소,소촌중앙 골목형상점가,골목형상점가,광주광역시,3.0,3.0,,,RESOLVED_AGREEMENT,False,3,,,,
67d7bf5aa510d7177ebf,test,주유소,T1 정확표기,q_주유소_04,주유소,생활서비스 중 '주유소'를 판매·제공하는 매장,c0e66abb-862c-4a6e-9844-49af2464bb56,서양새마을금고 주유소,주유소,월산독립로 골목형상점가,골목형상점가,광주광역시,3.0,3.0,,,RESOLVED_AGREEMENT,False,3,,,,
85cee1a570523ae2165f,test,주유소,T1 정확표기,q_주유소_04,주유소,생활서비스 중 '주유소'를 판매·제공하는 매장,028c4d82-c6ec-48e8-ae96-9a11c25db40e,충청도기름집,기름,용현시장,전통시장,인천광역시,0.0,0.0,,,RESOLVED_AGREEMENT,False,0,,,,
ed96399a2aa2b13dff68,test,주유소,T1 정확표기,q_주유소_04,주유소,생활서비스 중 '주유소'를 판매·제공하는 매장,701d0a6e-bcbc-4232-be43-d26a45d49269,대나무주유소,주유소,박물관거리 골목형상점가,골목형상점가,전라남도,3.0,3.0,,,RESOLVED_AGREEMENT,False,3,,,,
fb24f0f8bcb6cc25f598,test,주유소,T1 정확표기,q_주유소_04,주유소,생활서비스 중 '주유소'를 판매·제공하는 매장,1ffc61a1-5a71-45f7-b68a-17b63184a29f,현리주유소,주유소,조종시장,전통시장,경기도,3.0,3.0,,,RESOLVED_AGREEMENT,False,3,,,,
1f0db942d37d53503e97,test,주유소,T1 정확표기,q_주유소_04,주유소,생활서비스 중 '주유소'를 판매·제공하는 매장,930e5cff-af63-4988-89da-7333514267b5,주공주유소,주유소,동림4단지 골목형상점가,골목형상점가,광주광역시,3.0,3.0,,,RESOLVED_AGREEMENT,False,3,,,,
448905b41b82f65bbd3c,test,주유소,T1 정확표기,q_주유소_04,주유소,생활서비스 중 '주유소'를 판매·제공하는 매장,01e4cef2-9c12-4be0-9c3e-5a09ab67f7f5,대명제유,"고추, 기름",의정부제일시장,전통시장,경기도,0.0,0.0,,,RESOLVED_AGREEMENT,False,0,,,,
815c4c43f8bec1b1eb9d,test,주유소,T1 정확표기,q_주유소_04,주유소,생활서비스 중 '주유소'를 판매·제공하는 매장,2e8fa9a9-623b-402c-9916-ff73abd7d105,두창주유소,주유소,용인어정가구단지상점가,자율상권구역,경기도,3.0,3.0,,,RESOLVED_AGREEMENT,False,3,,,,
c88da0745d32d66c4d67,test,주유소,T1 정확표기,q_주유소_04,주유소,생활서비스 중 '주유소'를 판매·제공하는 매장,dfb8193e-1df7-4b57-b457-e425fab87f9e,부원주유소,주유소,죽녹원 북문 골목형상점가,골목형상점가,전라남도,3.0,3.0,,,RESOLVED_AGREEMENT,False,3,,,,
817893f0a4aefc457351,test,주유소,T1 정확표기,q_주유소_04,주유소,생활서비스 중 '주유소'를 판매·제공하는 매장,b90c1b64-9c76-4a69-a596-994324d9dcca,함덕주유소,주유소,함덕4구상점가,골목형상점가,제주특별자치도,3.0,3.0,,,RESOLVED_AGREEMENT,False,3,,,,
d153750506aec703ac8d,test,주유소,T1 정확표기,q_주유소_04,주유소,생활서비스 중 '주유소'를 판매·제공하는 매장,782084c6-2058-43d6-b98d-d7766dccb8e1,대촌주유소,주유소,지석사거리 골목형상점가,골목형상점가,광주광역시,3.0,3.0,,,RESOLVED_AGREEMENT,False,3,,,,
95a4196a0cf20c457a68,test,주유소,T1 정확표기,q_주유소_04,주유소,생활서비스 중 '주유소'를 판매·제공하는 매장,013444f9-7e9b-4640-84f0-43ac071ef57f,대림고추방아,"고추가루, 기름",부천강남시장,전통시장,경기도,0.0,0.0,,,RESOLVED_AGREEMENT,False,0,,,,
c35195da2dfa92de005e,test,주유소,T1 정확표기,q_주유소_04,주유소,생활서비스 중 '주유소'를 판매·제공하는 매장,2148ec8c-8929-40f1-9b85-dcfad1cb13c9,주남셀프주유소,주유소,월남 호반베르디움 골목형상점가,골목형상점가,광주광역시,3.0,3.0,,,RESOLVED_AGREEMENT,False,3,,,,
5566ac2f3b3d78ae4f07,test,주유소,T1 정확표기,q_주유소_04,주유소,생활서비스 중 '주유소'를 판매·제공하는 매장,7ce059dd-1290-4a48-acc9-88a3259f29b6,여수 남자만들기,의류 잡화,여수진남상가,자율상권구역,전라남도,0.0,0.0,,,RESOLVED_AGREEMENT,False,0,,,,
dd213f8b5ca868666001,test,주유소,T1 정확표기,q_주유소_04,주유소,생활서비스 중 '주유소'를 판매·제공하는 매장,02516c8c-51df-48cb-848c-9c57654412a9,충북제유소,기름,서울중부시장,전통시장,서울특별시,0.0,0.0,,,RESOLVED_AGREEMENT,False,0,,,,
f34dffb8adee699a99b8,test,주유소,T1 정확표기,q_주유소_04,주유소,생활서비스 중 '주유소'를 판매·제공하는 매장,00628f75-c56d-4ff4-8901-154133d16a19,현대주유소,주유소,웃장,전통시장,전라남도,3.0,3.0,,,RESOLVED_AGREEMENT,False,3,,,,
ef1d25b104d2a69d9b71,test,주유소,T1 정확표기,q_주유소_04,주유소,생활서비스 중 '주유소'를 판매·제공하는 매장,53af9d32-8259-4407-8689-5dd2bec93e5f,부일주유소,주유소,서광주세무서앞상인회 골목형상점가,골목형상점가,광주광역시,3.0,3.0,,,RESOLVED_AGREEMENT,False,3,,,,
326cd9f047d7f4a1747a,test,주유소,T1 정확표기,q_주유소_04,주유소,생활서비스 중 '주유소'를 판매·제공하는 매장,0321329e-d220-40a4-8f40-a7c79b5ea682,양촌주유소,주유소,지석사거리 골목형상점가,골목형상점가,광주광역시,3.0,3.0,,,RESOLVED_AGREEMENT,False,3,,,,
ae596fd7408c891b9595,test,주유소,T1 정확표기,q_주유소_04,주유소,생활서비스 중 '주유소'를 판매·제공하는 매장,2723df41-5ff5-4a2b-8c0e-ad2de595da6f,패밀리셀프주유소,주유소,"일곡동(제8지역:롯데,벽산,동아,삼호,월드스파)",기타,광주광역시,3.0,3.0,,,RESOLVED_AGREEMENT,False,3,,,,
35822588391fdbff9b67,test,주유소,T1 정확표기,q_주유소_04,주유소,생활서비스 중 '주유소'를 판매·제공하는 매장,afa577e3-e097-4b37-ac9c-c16fdc5159ed,춘양주유소,주유소,억지춘향시장(구 봉화춘향시장),전통시장,경상북도,3.0,3.0,,,RESOLVED_AGREEMENT,False,3,,,,
315c2b421f6e91b3405b,test,주유소,T1 정확표기,q_주유소_04,주유소,생활서비스 중 '주유소'를 판매·제공하는 매장,7400ae95-7bd6-46e3-901e-d0b004da2af4,순천주유소,주유소,장천동상가,자율상권구역,전라남도,3.0,3.0,,,RESOLVED_AGREEMENT,False,3,,,,
90fe3b59b43a00219ac9,test,주유소,T1 정확표기,q_주유소_04,주유소,생활서비스 중 '주유소'를 판매·제공하는 매장,935b7b69-360e-46a5-a253-de1a7abd3e60,이브자리 김천점,침구류,김천평화시장,전통시장,경상북도,0.0,0.0,,,RESOLVED_AGREEMENT,False,0,,,,
9bef7991a346c26a3b2d,test,주유소,T1 정확표기,q_주유소_04,주유소,생활서비스 중 '주유소'를 판매·제공하는 매장,4a519339-ed03-47ea-9927-ac3fa4f47776,자갈치상회,어묵,충무동 새벽시장,전통시장,부산광역시,0.0,0.0,,,RESOLVED_AGREEMENT,False,0,,,,
4604b735b83ea8fb1d66,test,주유소,T1 정확표기,q_주유소_04,주유소,생활서비스 중 '주유소'를 판매·제공하는 매장,825c4871-f6f7-4a0d-84a4-ae61d2aaa855,명륜주유소,주유소,북문시장,전통시장,경상북도,3.0,3.0,,,RESOLVED_AGREEMENT,False,3,,,,
f1a94f18febc4ce214be,test,주유소,T1 정확표기,q_주유소_04,주유소,생활서비스 중 '주유소'를 판매·제공하는 매장,b42e60ac-e848-4ff8-812e-6033944371f0,차나라주유소,주유소,두암2동 골목형상점가,골목형상점가,광주광역시,3.0,3.0,,,RESOLVED_AGREEMENT,False,3,,,,
8aabcd7726bd1ef01ec3,test,주유소,T1 정확표기,q_주유소_04,주유소,생활서비스 중 '주유소'를 판매·제공하는 매장,01cb2138-a064-459b-97ef-6f0e7adb0778,두암주유소,주유소,두암시장주변 골목형상점가,골목형상점가,광주광역시,3.0,3.0,,,RESOLVED_AGREEMENT,False,3,,,,
1d50355f21897f286436,test,주유소,T1 정확표기,q_주유소_04,주유소,생활서비스 중 '주유소'를 판매·제공하는 매장,09d1f04c-6c54-461f-a3f4-563dc13a07bd,지니헤어,미용서비스업,새롬동 골목형상점가,골목형상점가,세종특별자치시,0.0,0.0,,,RESOLVED_AGREEMENT,False,0,,,,
aae80a464615e3367b1f,test,주유소,T1 정확표기,q_주유소_04,주유소,생활서비스 중 '주유소'를 판매·제공하는 매장,08e895be-f111-44ee-8cf5-b84e92c35757,송정현대주유소,주유소,임방울거리1구역 골목형상점가,골목형상점가,광주광역시,3.0,3.0,,,RESOLVED_AGREEMENT,False,3,,,,
c064cd770b13e4ee74b1,test,주유소,T1 정확표기,q_주유소_04,주유소,생활서비스 중 '주유소'를 판매·제공하는 매장,b238f710-5f1b-4a83-b815-857b69b749f0,상록 주유소,주유소,월산로상인회 골목형상점가,골목형상점가,광주광역시,3.0,3.0,,,RESOLVED_AGREEMENT,False,3,,,,
73190a3c8c2b9d7e0abd,test,주유소,T1 정확표기,q_주유소_04,주유소,생활서비스 중 '주유소'를 판매·제공하는 매장,6e5d027d-bf65-45d2-a654-4e1b73e25c91,돌고개주유소,주유소,농성세대공감상인회 골목형상점가,골목형상점가,광주광역시,3.0,3.0,,,RESOLVED_AGREEMENT,False,3,,,,
3a17cc4ce515ba4c2818,test,주유소,T1 정확표기,q_주유소_04,주유소,생활서비스 중 '주유소'를 판매·제공하는 매장,e3d8fbaa-0104-4a28-a213-14dee8c3b07e,대남로 주유소,주유,도군머리 골목형상점가,골목형상점가,광주광역시,3.0,3.0,,,RESOLVED_AGREEMENT,False,3,,,,
6d45605cee25e7fcf4bb,test,주유소,T1 정확표기,q_주유소_04,주유소,생활서비스 중 '주유소'를 판매·제공하는 매장,f614323b-2add-4d9a-b9bc-6c1c4d75725d,한강주유소,주유소,광천동상인회 골목형상점가,골목형상점가,광주광역시,3.0,3.0,,,RESOLVED_AGREEMENT,False,3,,,,
b505568fc9f5d48cc9ec,test,주유소,T1 정확표기,q_주유소_04,주유소,생활서비스 중 '주유소'를 판매·제공하는 매장,032c9f67-c370-4399-bb1d-1c103ceb5ff1,센스,의류,고투몰(강남터미널지하도상점가),일반지하상점가,서울특별시,0.0,0.0,,,RESOLVED_AGREEMENT,False,0,,,,
76d374cd06482808e810,test,주유소,T1 정확표기,q_주유소_04,주유소,생활서비스 중 '주유소'를 판매·제공하는 매장,f11df6f7-70a4-44e8-8598-274d1b6d97aa,S-OIL 망월주유소,주유소,석곡동 골목형상점가,골목형상점가,광주광역시,3.0,3.0,,,RESOLVED_AGREEMENT,False,3,,,,
d1cd7afc5839f11fffe9,test,주유소,T1 정확표기,q_주유소_04,주유소,생활서비스 중 '주유소'를 판매·제공하는 매장,6f761397-1403-4b4d-b91d-f1c60bd921af,대성주유소,주유소,조종시장,전통시장,경기도,3.0,3.0,,,RESOLVED_AGREEMENT,False,3,,,,
29b3e98d41fcb9175c6c,test,주유소,T1 정확표기,q_주유소_04,주유소,생활서비스 중 '주유소'를 판매·제공하는 매장,1ded5960-52b9-4c92-8bc8-3aa5e1425dbd,영신 주유소,,분향리 골목형상점가,골목형상점가,,3.0,3.0,,,RESOLVED_AGREEMENT,False,3,,,,
0b603b4fba0799adda97,test,주유소,T1 정확표기,q_주유소_04,주유소,생활서비스 중 '주유소'를 판매·제공하는 매장,2ff92c98-5e8d-452f-aa62-d8eeab1aba9d,주식회사 스피드주유소,주유소,설죽로 패션의거리 골목형상점가,골목형상점가,광주광역시,3.0,3.0,,,RESOLVED_AGREEMENT,False,3,,,,
b68188eb8c3c3899365e,test,주유소,T1 정확표기,q_주유소_04,주유소,생활서비스 중 '주유소'를 판매·제공하는 매장,99c3354a-7c3e-42a7-95dc-9c95df0d02df,수완행복주유소,주유소,석세스,골목형상점가,광주광역시,3.0,3.0,,,RESOLVED_AGREEMENT,False,3,,,,
2153e9bce19b366227ca,test,주유소,T1 정확표기,q_주유소_04,주유소,생활서비스 중 '주유소'를 판매·제공하는 매장,5b435cca-7c8e-42e2-ba46-f53f90814011,반딧불주유소,주유소,무주반딧불상권활성화구역,상권활성화구역,전북특별자치도,3.0,3.0,,,RESOLVED_AGREEMENT,False,3,,,,
06516c45b038e19d64e9,test,주유소,T1 정확표기,q_주유소_04,주유소,생활서비스 중 '주유소'를 판매·제공하는 매장,b78b35f0-51ff-4026-a6be-4b1ad15c9490,㈜동행,주유소,신창동가구의거리일번국도상점가,자율상권구역,광주광역시,3.0,3.0,,,RESOLVED_AGREEMENT,False,3,,,,
e5c4dd966df315474b9d,test,주유소,T1 정확표기,q_주유소_04,주유소,생활서비스 중 '주유소'를 판매·제공하는 매장,030536cb-46fd-4817-a7a9-ba9f838a3d84,신흥기름집,기름,월정로시장,기타,서울특별시,0.0,0.0,,,RESOLVED_AGREEMENT,False,0,,,,
a34d5c9a468d52213f41,test,주유소,T1 정확표기,q_주유소_04,주유소,생활서비스 중 '주유소'를 판매·제공하는 매장,05af1041-c841-4c55-a15a-d7df08dff6fc,예향주유소,주유소,풍암SK.광명상가상인회 골목형상점가,골목형상점가,광주광역시,3.0,3.0,,,RESOLVED_AGREEMENT,False,3,,,,
4d41387bb1dd9885adf4,test,주유소,T1 정확표기,q_주유소_04,주유소,생활서비스 중 '주유소'를 판매·제공하는 매장,9adec2e2-9d37-4a37-9642-194a03e8c5cf,기성주유소,주유소,척산시장,전통시장,경상북도,3.0,3.0,,,RESOLVED_AGREEMENT,False,3,,,,
2af03f0cde57e7a3b43d,test,주유소,T1 정확표기,q_주유소_04,주유소,생활서비스 중 '주유소'를 판매·제공하는 매장,aabcbe1e-f1ea-4058-a5e8-c3498b6fc44c,동현 주유소,주유소,조종시장,전통시장,경기도,3.0,3.0,,,RESOLVED_AGREEMENT,False,3,,,,
02e77996e47181e86ae8,test,주유소,T1 정확표기,q_주유소_04,주유소,생활서비스 중 '주유소'를 판매·제공하는 매장,c0c7ca69-f084-497f-8de6-31ca6aa1c7f8,씨유 서강대원룸점,소매,경의숲길서강 골목형상점가,골목형상점가,서울특별시,0.0,0.0,,,RESOLVED_AGREEMENT,False,0,,,,
361edff3e26d8132852c,test,주유소,T1 정확표기,q_주유소_04,주유소,생활서비스 중 '주유소'를 판매·제공하는 매장,92a3f5ef-36d4-4e0b-a4fb-1dfc86dc3d79,더푸른주식회사,주유소,늘해랑상인회 골목형상점가,골목형상점가,광주광역시,3.0,3.0,,,RESOLVED_AGREEMENT,False,3,,,,
fd6febea6a010a91a860,test,주유소,T1 정확표기,q_주유소_04,주유소,생활서비스 중 '주유소'를 판매·제공하는 매장,b02f4d34-ca4c-4c30-9f8b-a63dcb60a58a,문희주유소,주유소,문경전통시장,전통시장,경상북도,3.0,3.0,,,RESOLVED_AGREEMENT,False,3,,,,
8bcd519062e1fe4da165,test,주유소,T1 정확표기,q_주유소_04,주유소,생활서비스 중 '주유소'를 판매·제공하는 매장,93862033-8dec-433e-81b3-b90bb8d719fb,유한회사 우리주유소,주유소,운남골목 골목형상점가,골목형상점가,광주광역시,3.0,3.0,,,RESOLVED_AGREEMENT,False,3,,,,
a9fb715b06203838e8b8,test,주유소,T1 정확표기,q_주유소_04,주유소,생활서비스 중 '주유소'를 판매·제공하는 매장,03ba1dcf-e9e2-4436-8478-4ab3c4663d1e,주유소,,미리산길 골목형상점가,골목형상점가,,3.0,3.0,,,RESOLVED_AGREEMENT,False,3,,,,
eddd0ff3f61c5cdf6474,test,주유소,T1 정확표기,q_주유소_04,주유소,생활서비스 중 '주유소'를 판매·제공하는 매장,6cf976a1-019f-4328-9d25-b22c08a2e02f,장인가구,가구,학성가구거리 상점가,자율상권구역,울산광역시,0.0,0.0,,,RESOLVED_AGREEMENT,False,0,,,,
95cf9c6ce4d96360aadd,test,주유소,T1 정확표기,q_주유소_04,주유소,생활서비스 중 '주유소'를 판매·제공하는 매장,2d3031ed-fcef-41f6-83a0-7a990c7d62d3,손맛나는세상,한식,광양5일시장,전통시장,전라남도,0.0,0.0,,,RESOLVED_AGREEMENT,False,0,,,,
8889afa86831c1ed1ce6,test,주유소,T1 정확표기,q_주유소_04,주유소,생활서비스 중 '주유소'를 판매·제공하는 매장,5d6d273a-bf66-4605-a842-d1c46885c0ef,미래 주유소,주유소,토지면 섬진강대로 골목형상점가,골목형상점가,전라남도,3.0,3.0,,,RESOLVED_AGREEMENT,False,3,,,,
f73370c34ff6ad694cf9,test,주유소,T1 정확표기,q_주유소_04,주유소,생활서비스 중 '주유소'를 판매·제공하는 매장,5714010a-1de6-4ed4-b11a-22feb832f66f,용앙주유소,주유소,삼호읍 중앙 골목형상점가,골목형상점가,전라남도,3.0,3.0,,,RESOLVED_AGREEMENT,False,3,,,,
e0bb48aeddc39627421b,test,중식,T1 정확표기,q_중식_01,중식,음식점 중 '중식'을 판매·제공하는 매장,c8eee3f7-84b0-41ee-90d9-f28e091fa270,연희중식,중식,합정동먹자골목골목형상점가,골목형상점가,서울특별시,3.0,3.0,,,RESOLVED_AGREEMENT,False,3,,,,
85e1b3f40b4726b094ff,test,중식,T1 정확표기,q_중식_01,중식,음식점 중 '중식'을 판매·제공하는 매장,52aa646d-7137-469c-ad45-eade27b37dea,수타,중식,한적골 골목형상점가,골목형상점가,충청남도,3.0,3.0,,,RESOLVED_AGREEMENT,False,3,,,,
7c9257c54774db72651d,test,중식,T1 정확표기,q_중식_01,중식,음식점 중 '중식'을 판매·제공하는 매장,291ab45c-d13d-42d6-b893-ded930bb8890,율짬뽕,중국집,동쪽바다중앙시장(구 동해중앙시장),전통시장,강원특별자치도,3.0,3.0,,,RESOLVED_AGREEMENT,False,3,,,,
6616bb1cf8d9069d7cf6,test,중식,T1 정확표기,q_중식_01,중식,음식점 중 '중식'을 판매·제공하는 매장,00f2b06a-d82a-4740-ac18-d898c209d5a5,짜이짜이,중식,충장로123가 상점가,자율상권구역,광주광역시,3.0,3.0,,,RESOLVED_AGREEMENT,False,3,,,,
d32bb1ce59f45f0d244e,test,중식,T1 정확표기,q_중식_01,중식,음식점 중 '중식'을 판매·제공하는 매장,0e50dcc7-9c2b-441d-b386-a4a4ddb0f875,대동식당,"족발, 수육",칠성종합 상권활성화구역,상권활성화구역,대구광역시,0.0,1.0,,,P2_GRADED_ONLY,True,,,,,
ba63a1c7b9293fdc3210,test,중식,T1 정확표기,q_중식_01,중식,음식점 중 '중식'을 판매·제공하는 매장,c3956e90-4857-4a68-ac18-6414206e68bf,몽림,중식,유천택지올림픽길골목형상점가,골목형상점가,강원특별자치도,3.0,3.0,,,RESOLVED_AGREEMENT,False,3,,,,
ac1f8c1d928eca86af72,test,중식,T1 정확표기,q_중식_01,중식,음식점 중 '중식'을 판매·제공하는 매장,023910c1-fb9e-410b-95ee-006513998b4b,청궁,중식,남문골목형상점가,골목형상점가,강원특별자치도,3.0,3.0,,,RESOLVED_AGREEMENT,False,3,,,,
8ce6b8289f4ea6991b16,test,중식,T1 정확표기,q_중식_01,중식,음식점 중 '중식'을 판매·제공하는 매장,ff29b2e4-7a56-4d1b-8d9d-33ac71bc0fbe,연래춘,중식,숭실마루길골목형상점가,골목형상점가,서울특별시,3.0,3.0,,,RESOLVED_AGREEMENT,False,3,,,,
420e0664123265c2d82c,test,중식,T1 정확표기,q_중식_01,중식,음식점 중 '중식'을 판매·제공하는 매장,807ac8d2-2b5c-4592-89f3-74aba6d6fad0,중국성,중식,효자동4동 후곡길 골목형상점가,골목형상점가,전북특별자치도,3.0,3.0,,,RESOLVED_AGREEMENT,False,3,,,,
f6e01c84d12e41382fca,test,중식,T1 정확표기,q_중식_01,중식,음식점 중 '중식'을 판매·제공하는 매장,011253e1-0a18-4068-84a9-9ee8f83460b6,도도,음식점(중식),화도창현상점가,골목형상점가,경기도,3.0,3.0,,,RESOLVED_AGREEMENT,False,3,,,,
a2310e833d2c67fc26d2,test,중식,T1 정확표기,q_중식_01,중식,음식점 중 '중식'을 판매·제공하는 매장,22a81f31-72dd-44bf-b636-73d75266e8a0,중국집,중식,양산동 골목형상점가,골목형상점가,광주광역시,3.0,3.0,,,RESOLVED_AGREEMENT,False,3,,,,
0625b4431be7915c93cc,test,중식,T1 정확표기,q_중식_01,중식,음식점 중 '중식'을 판매·제공하는 매장,4c935bf0-3919-47ef-b087-5ede322fd9e3,금문,중식,자양15번가골목형상점가,골목형상점가,서울특별시,3.0,3.0,,,RESOLVED_AGREEMENT,False,3,,,,
bae06f8db1828b0718f3,test,중식,T1 정확표기,q_중식_01,중식,음식점 중 '중식'을 판매·제공하는 매장,46088198-e11a-4f9c-bd7a-6cafe975bf39,헬스케어라운지 상무점,건강식품,상무로자율상권,상권활성화구역,광주광역시,0.0,0.0,,,RESOLVED_AGREEMENT,False,0,,,,
925b9b8ef65158eccffa,test,중식,T1 정확표기,q_중식_01,중식,음식점 중 '중식'을 판매·제공하는 매장,39bd281e-7c7a-4f36-ab9d-44ea598061ed,중화각,중식,금빛탄천 골목형상점가,골목형상점가,충청남도,3.0,3.0,,,RESOLVED_AGREEMENT,False,3,,,,
389525e6d8bbaf19f319,test,중식,T1 정확표기,q_중식_01,중식,음식점 중 '중식'을 판매·제공하는 매장,9cc6f7fe-1c38-402c-92d8-95abb7e09091,종합열쇠보수,열쇠,광탄전통시장,전통시장,경기도,0.0,0.0,,,RESOLVED_AGREEMENT,False,0,,,,
47a744831d58b33a63cd,test,중식,T1 정확표기,q_중식_01,중식,음식점 중 '중식'을 판매·제공하는 매장,0dc74355-33b9-450a-beb2-049628a29059,홍홍,중식,가락골 골목형상점가,골목형상점가,서울특별시,3.0,3.0,,,RESOLVED_AGREEMENT,False,3,,,,
5742e00cc109dcc70f9b,test,중식,T1 정확표기,q_중식_01,중식,음식점 중 '중식'을 판매·제공하는 매장,000e6461-698b-42f6-842b-cf95393fee89,탕화쿵푸마라탕 전대점,중식,중흥청춘로 골목형상점가,골목형상점가,광주광역시,3.0,3.0,,,RESOLVED_AGREEMENT,False,3,,,,
45b5ba77cd924d9a9b0c,test,중식,T1 정확표기,q_중식_01,중식,음식점 중 '중식'을 판매·제공하는 매장,4035a3ae-932b-4121-a2c8-1d8a814d9550,홍첸루,중식,도군머리 골목형상점가,골목형상점가,광주광역시,3.0,3.0,,,RESOLVED_AGREEMENT,False,3,,,,
f8fa7f579364ca9ccc72,test,중식,T1 정확표기,q_중식_01,중식,음식점 중 '중식'을 판매·제공하는 매장,00c95d45-2ff3-4066-a179-c026f0528d0c,명장,중식,옥과설산골목형상점가,골목형상점가,전라남도,3.0,3.0,,,RESOLVED_AGREEMENT,False,3,,,,
47515948565208a75108,test,중식,T1 정확표기,q_중식_01,중식,음식점 중 '중식'을 판매·제공하는 매장,61238203-427d-4de3-b040-86b35cab8a81,중국성,중식,하안주공3단지 골목형상점가,골목형상점가,경기도,3.0,3.0,,,RESOLVED_AGREEMENT,False,3,,,,
9630f4b7cef3b17169b9,test,중식,T1 정확표기,q_중식_01,중식,음식점 중 '중식'을 판매·제공하는 매장,9032f84a-eecb-4a7b-9cea-5a355cfbb1a6,연화 중식당,중식,갈매광장 골목형상점가,골목형상점가,경기도,3.0,3.0,,,RESOLVED_AGREEMENT,False,3,,,,
b5098e60e989d2c0fe93,test,중식,T1 정확표기,q_중식_01,중식,음식점 중 '중식'을 판매·제공하는 매장,595b4ac6-fa8c-47cd-b8f2-345944ba061d,중식당,중식,유천택지올림픽길골목형상점가,골목형상점가,강원특별자치도,3.0,3.0,,,RESOLVED_AGREEMENT,False,3,,,,
e6e1a2484770dd0f5fbe,test,중식,T1 정확표기,q_중식_01,중식,음식점 중 '중식'을 판매·제공하는 매장,0193214f-e716-440d-afbe-a93f1d75a078,1키로 탕수육 산본점,탕수육,산본사거리 골목형상점가,골목형상점가,경기도,3.0,3.0,,,RESOLVED_AGREEMENT,False,3,,,,
f988d0a8390508e68a64,test,중식,T1 정확표기,q_중식_01,중식,음식점 중 '중식'을 판매·제공하는 매장,0238f2dd-085f-48bf-a543-5d59d8b2f10f,기통치킨탕수육호프,치킨탕수육,성안길상점가,자율상권구역,충청북도,3.0,3.0,,,RESOLVED_AGREEMENT,False,3,,,,
98f9733ac01cc1461bc8,test,중식,T1 정확표기,q_중식_01,중식,음식점 중 '중식'을 판매·제공하는 매장,183c55f6-2497-47ad-bbe6-d511521a1c03,취산,중식,고촌역 골목형상점가,골목형상점가,경기도,3.0,3.0,,,RESOLVED_AGREEMENT,False,3,,,,
5bed08a3ed0d2568ca7c,test,중식,T1 정확표기,q_중식_01,중식,음식점 중 '중식'을 판매·제공하는 매장,06834ba2-563f-4b9c-a452-d9fa21678afd,계화중식,중화요리,도화동상점가,자율상권구역,서울특별시,3.0,3.0,,,RESOLVED_AGREEMENT,False,3,,,,
6a381ed9bd1d5fb16d28,test,중식,T1 정확표기,q_중식_01,중식,음식점 중 '중식'을 판매·제공하는 매장,5ba2fd5b-052b-4295-adfd-91a54bff813d,양쌤,중식,의왕역 골목형상점가,골목형상점가,경기도,3.0,3.0,,,RESOLVED_AGREEMENT,False,3,,,,
744d75e8b777c90e0d31,test,중식,T1 정확표기,q_중식_01,중식,음식점 중 '중식'을 판매·제공하는 매장,5bd157ae-9b5b-4130-b3b4-7e0794dcf437,중국성,중식,신설동들락거리,골목형상점가,서울특별시,3.0,3.0,,,RESOLVED_AGREEMENT,False,3,,,,
71ea602374a8732f79eb,test,중식,T1 정확표기,q_중식_01,중식,음식점 중 '중식'을 판매·제공하는 매장,6d6b33b2-0c51-40b7-b845-0268408aa1c9,무무,중식,보라매다올길골목형상점가,골목형상점가,서울특별시,3.0,3.0,,,RESOLVED_AGREEMENT,False,3,,,,
4f9ee3707764acaa9862,test,중식,T1 정확표기,q_중식_01,중식,음식점 중 '중식'을 판매·제공하는 매장,eab44e6a-e68e-4e25-9610-f52b69ea20a2,춘광,중식,무등시장,전통시장,광주광역시,3.0,3.0,,,RESOLVED_AGREEMENT,False,3,,,,
8e39b4101d03b8bb9dd0,test,중식,T1 정확표기,q_중식_01,중식,음식점 중 '중식'을 판매·제공하는 매장,5cf081f9-8c0e-427a-ab4a-e21718eed174,중화각,중식,포수말 골목형상점가,골목형상점가,서울특별시,3.0,3.0,,,RESOLVED_AGREEMENT,False,3,,,,
f42c35c6c886ac179e07,test,중식,T1 정확표기,q_중식_01,중식,음식점 중 '중식'을 판매·제공하는 매장,42beb7ff-62ee-4f15-986f-d41554dc2e72,중화각,중식,전통중앙도매상가,전통시장,대전광역시,3.0,3.0,,,RESOLVED_AGREEMENT,False,3,,,,
589293d86aceb55e2b8f,test,중식,T1 정확표기,q_중식_01,중식,음식점 중 '중식'을 판매·제공하는 매장,c130e134-0ad5-48de-9d54-c4c8ef441f3e,진각,중식,배곧상가,골목형상점가,경기도,3.0,3.0,,,RESOLVED_AGREEMENT,False,3,,,,
8c6c996af4c05d3da63d,test,중식,T1 정확표기,q_중식_01,중식,음식점 중 '중식'을 판매·제공하는 매장,a7a18cb0-5478-4da5-9b52-23e3774fa3a7,더탕수,중식,삼척중앙시장,전통시장,강원특별자치도,3.0,3.0,,,RESOLVED_AGREEMENT,False,3,,,,
969945b19103949f29a0,test,중식,T1 정확표기,q_중식_01,중식,음식점 중 '중식'을 판매·제공하는 매장,e54619ac-d3ca-4276-b718-197075ce5d88,중국성,중식,금부로상인회 골목형상점가,골목형상점가,광주광역시,3.0,3.0,,,RESOLVED_AGREEMENT,False,3,,,,
c85b4618e80b34afdf17,test,중식,T1 정확표기,q_중식_01,중식,음식점 중 '중식'을 판매·제공하는 매장,cc27c088-bcff-4890-b024-00860c3178af,짬짜야,중식,매곡 골목형상점가,골목형상점가,대구광역시,3.0,3.0,,,RESOLVED_AGREEMENT,False,3,,,,
27920b9189b29dd3ccf0,test,중식,T1 정확표기,q_중식_01,중식,음식점 중 '중식'을 판매·제공하는 매장,d9c7e43c-457c-4323-b24d-907067e4f950,짜신,중식,산본로데오거리(구 산본중심상가),자율상권구역,경기도,3.0,3.0,,,RESOLVED_AGREEMENT,False,3,,,,
60a96ab87ffc898dc514,test,중식,T1 정확표기,q_중식_01,중식,음식점 중 '중식'을 판매·제공하는 매장,3e4a8c02-8f20-4f58-9c67-d21ca4efa592,잘된정,중식,현대시장,전통시장,인천광역시,3.0,3.0,,,RESOLVED_AGREEMENT,False,3,,,,
beaeee0322f7dd25e29e,test,중식,T1 정확표기,q_중식_01,중식,음식점 중 '중식'을 판매·제공하는 매장,0117062e-156e-475e-bd98-93585f54e25e,몽짬뽕원주직영점,,혁신도시3구역 골목형상점가,골목형상점가,강원특별자치도,3.0,3.0,,,RESOLVED_AGREEMENT,False,3,,,,
2d82be40c97cc4c4e856,test,중식,T1 정확표기,q_중식_01,중식,음식점 중 '중식'을 판매·제공하는 매장,cceeaff0-c43d-4825-9aed-80467fbd6d01,중화관,중식,문흥1동 골목형상점가,골목형상점가,광주광역시,3.0,3.0,,,RESOLVED_AGREEMENT,False,3,,,,
4d1c73f45439edbe6d93,test,중식,T1 정확표기,q_중식_01,중식,음식점 중 '중식'을 판매·제공하는 매장,03a07923-8090-41ee-beeb-ab6b22c4e2e6,월량관,중식,연남동골목형상점가,골목형상점가,서울특별시,3.0,3.0,,,RESOLVED_AGREEMENT,False,3,,,,
2816cc72284533dfec1c,test,중식,T1 정확표기,q_중식_01,중식,음식점 중 '중식'을 판매·제공하는 매장,52e3e19e-1956-4985-97b5-5e9f6dd589f3,중국성,중식,영동전통시장,전통시장,충청북도,3.0,3.0,,,RESOLVED_AGREEMENT,False,3,,,,
10e67eb31e2c95b18215,test,중식,T1 정확표기,q_중식_01,중식,음식점 중 '중식'을 판매·제공하는 매장,78ca98a8-1e0e-4ff3-860a-33faf5b46476,흑룡성,중식,담양중앙3번가 골목형상점가,골목형상점가,전라남도,3.0,3.0,,,RESOLVED_AGREEMENT,False,3,,,,
cf703f4543083a93b5b5,test,중식,T1 정확표기,q_중식_01,중식,음식점 중 '중식'을 판매·제공하는 매장,d44649f0-2793-4994-a1d2-3ec161a62146,차푸,중식,백련시장,전통시장,서울특별시,3.0,3.0,,,RESOLVED_AGREEMENT,False,3,,,,
088cd6e40091ecbbc1f2,test,중식,T1 정확표기,q_중식_01,중식,음식점 중 '중식'을 판매·제공하는 매장,8f4cfbae-c2fd-433a-966c-c1f220fe526f,수림관,중국집,당감시장,전통시장,부산광역시,3.0,3.0,,,RESOLVED_AGREEMENT,False,3,,,,
b28440ec323172d8de7b,test,중식,T1 정확표기,q_중식_01,중식,음식점 중 '중식'을 판매·제공하는 매장,000ad086-7f53-4aa5-b6df-3e57737371e3,짬뽕이 땡기는가,짬뽕,서천시장거리 골목형상점가,골목형상점가,충청남도,3.0,3.0,,,RESOLVED_AGREEMENT,False,3,,,,
13a1ad7439611fcdf07b,test,중식,T1 정확표기,q_중식_01,중식,음식점 중 '중식'을 판매·제공하는 매장,9bb90139-1e49-4c0f-b423-17d0f10b6e97,홍월,중식,전자의거리 상점가,자율상권구역,광주광역시,3.0,3.0,,,RESOLVED_AGREEMENT,False,3,,,,
bbf379353d3d21cdfe0d,test,중식,T1 정확표기,q_중식_01,중식,음식점 중 '중식'을 판매·제공하는 매장,1208eacb-3c69-4852-803b-3f93b4807650,중국성,중식,평동 골목형상점가,골목형상점가,광주광역시,3.0,3.0,,,RESOLVED_AGREEMENT,False,3,,,,
4720805749063816f96c,test,중식,T1 정확표기,q_중식_01,중식,음식점 중 '중식'을 판매·제공하는 매장,f8900928-9422-4761-861e-d5acc68788cf,중화루,중식,오치 우산중 골목형상점가,골목형상점가,광주광역시,3.0,3.0,,,RESOLVED_AGREEMENT,False,3,,,,
7af38457a70f9f88a800,test,중식,T1 정확표기,q_중식_01,중식,음식점 중 '중식'을 판매·제공하는 매장,e741f44e-68d6-4187-a762-28b12e1494b7,미옌,중식,용봉지구 골목형상점가,골목형상점가,광주광역시,3.0,3.0,,,RESOLVED_AGREEMENT,False,3,,,,
a944549815e8f721c96f,test,중식,T1 정확표기,q_중식_01,중식,음식점 중 '중식'을 판매·제공하는 매장,713072a7-c332-4368-a78e-1226d5970683,행복관,중식,충주농산물종합시장(구 중앙청과시장),전통시장,충청북도,3.0,3.0,,,RESOLVED_AGREEMENT,False,3,,,,
0e7f53a79f3785a51a08,test,중식,T1 정확표기,q_중식_01,중식,음식점 중 '중식'을 판매·제공하는 매장,66bdb299-7678-4ad2-ac02-89fa2f20c636,수반,중식,새마을골목형상점가,골목형상점가,강원특별자치도,3.0,3.0,,,RESOLVED_AGREEMENT,False,3,,,,
6885640876041307e5c9,test,중식,T1 정확표기,q_중식_01,중식,음식점 중 '중식'을 판매·제공하는 매장,4a123401-16a4-4372-938d-e27cfdd100e3,중화루,중식,모래내골목형상점가,골목형상점가,전북특별자치도,3.0,3.0,,,RESOLVED_AGREEMENT,False,3,,,,
7d049f873197a91fa4a5,test,중식,T1 정확표기,q_중식_01,중식,음식점 중 '중식'을 판매·제공하는 매장,470eca94-ac4d-47ce-bf35-f8a193ba5e86,홍월,중식,풍암고앞상인회 골목형상점가,골목형상점가,광주광역시,3.0,3.0,,,RESOLVED_AGREEMENT,False,3,,,,
1ce0f069e73c1c4b361e,test,중식,T1 정확표기,q_중식_01,중식,음식점 중 '중식'을 판매·제공하는 매장,67c96648-eb4e-4d17-87c3-1dc05868f091,김군헤어,미용실,운남동우체국 골목형상점가,골목형상점가,광주광역시,0.0,0.0,,,RESOLVED_AGREEMENT,False,0,,,,
a485caceaf3ad3c9e9f5,test,중식,T1 정확표기,q_중식_01,중식,음식점 중 '중식'을 판매·제공하는 매장,00e0fdc1-dde3-4fc6-bb61-6bbace454a01,도야짬뽕평촌점,중식,귀인동먹거리촌 골목형상점가,골목형상점가,경기도,3.0,3.0,,,RESOLVED_AGREEMENT,False,3,,,,
019a6cd8c141fe9237b1,test,중식,T1 정확표기,q_중식_01,중식,음식점 중 '중식'을 판매·제공하는 매장,86314994-e153-4d29-bff1-05a5f036f9c5,먹쇠루,중식,대화전통시장,전통시장,강원특별자치도,3.0,3.0,,,RESOLVED_AGREEMENT,False,3,,,,
1279a5263b90d73d7ced,test,중식,T1 정확표기,q_중식_01,중식,음식점 중 '중식'을 판매·제공하는 매장,b8c9292a-f1cc-4103-adeb-ab179304bf97,중국성,중식,경리단길 골목형상점가,골목형상점가,서울특별시,3.0,3.0,,,RESOLVED_AGREEMENT,False,3,,,,
8a80aa34ba1e23534129,test,중식,T1 정확표기,q_중식_01,중식,음식점 중 '중식'을 판매·제공하는 매장,107fe4ff-bd42-461c-8ab6-57524d17cf3a,락궁,중식,평창동 골목형상점가,골목형상점가,서울특별시,3.0,3.0,,,RESOLVED_AGREEMENT,False,3,,,,
e8750ec868a29bab7bb3,test,중식,T1 정확표기,q_중식_01,중식,음식점 중 '중식'을 판매·제공하는 매장,33f37b6e-0423-4b02-9850-3f4415e51a24,뉴러우멘관즈,중식,남천바다내음 골목형상점가,골목형상점가,부산광역시,3.0,3.0,,,RESOLVED_AGREEMENT,False,3,,,,
e20fef856d28bb9652d6,test,중식,T1 정확표기,q_중식_01,중식,음식점 중 '중식'을 판매·제공하는 매장,4afbe5a3-dba9-4789-b133-260dc1d351ca,더춘장,중식,안양1번가 상점가,자율상권구역,경기도,3.0,3.0,,,RESOLVED_AGREEMENT,False,3,,,,
9b2b3f8c3b6ab7ca57b2,test,중식,T1 정확표기,q_중식_01,중식,음식점 중 '중식'을 판매·제공하는 매장,5266ef88-5db0-42b1-bb59-1b2ea42a3449,신세계 중식당,중식,마륵동상인회 골목형상점가,골목형상점가,광주광역시,3.0,3.0,,,RESOLVED_AGREEMENT,False,3,,,,
17f94d3275113beae430,test,중식,T1 정확표기,q_중식_01,중식,음식점 중 '중식'을 판매·제공하는 매장,004661ce-f943-4561-9c9d-d888ccc58c1e,니뽕내뽕천안신부점,퓨전짬뽕,천안신부문화거리상점가,자율상권구역,충청남도,3.0,3.0,,,RESOLVED_AGREEMENT,False,3,,,,
df87c13896e0d4ef4a2f,test,중식,T1 정확표기,q_중식_01,중식,음식점 중 '중식'을 판매·제공하는 매장,0ad1e916-8b1c-4de8-ade6-6535b3dc0631,형제반점,중화요리,오수상점가,자율상권구역,전북특별자치도,3.0,3.0,,,RESOLVED_AGREEMENT,False,3,,,,
d7d2eb3a8cbde2d01494,test,중식,T1 정확표기,q_중식_01,중식,음식점 중 '중식'을 판매·제공하는 매장,42f1ba04-bec1-43e6-8986-6881c5f65e37,시안,중식,양산동 골목형상점가,골목형상점가,광주광역시,3.0,3.0,,,RESOLVED_AGREEMENT,False,3,,,,
24af6534ced6b09126b2,test,중식,T1 정확표기,q_중식_01,중식,음식점 중 '중식'을 판매·제공하는 매장,0369b808-6d4f-4b37-8f25-7e3287a3e3a9,서반장항아리왕짬뽕,,관평동 골목형상점가,골목형상점가,대전광역시,3.0,3.0,,,RESOLVED_AGREEMENT,False,3,,,,
aeae53ee593f7f811b1b,test,중식,T1 정확표기,q_중식_01,중식,음식점 중 '중식'을 판매·제공하는 매장,c4125760-cc9e-4db6-8a50-8ad463daedfa,명윤반점,중식,대주먹자골목 골목형상점가,골목형상점가,광주광역시,3.0,3.0,,,RESOLVED_AGREEMENT,False,3,,,,
9151a054f60c5c02a5ca,test,중식,T1 정확표기,q_중식_01,중식,음식점 중 '중식'을 판매·제공하는 매장,2d4f8eec-27f1-42ca-8756-5e14ccf792a8,쌍흥루,중식,김천 삼색이수상권,상권활성화구역,경상북도,3.0,3.0,,,RESOLVED_AGREEMENT,False,3,,,,
b0f3f992f22a27760e8d,test,중식,T1 정확표기,q_중식_01,중식,음식점 중 '중식'을 판매·제공하는 매장,f47482df-87b1-45de-b84f-0e0e950cd927,린린,중식,도룡상인회 골목형상점가,골목형상점가,대전광역시,3.0,3.0,,,RESOLVED_AGREEMENT,False,3,,,,
a9e91eecc3721099ce2a,test,중식,T1 정확표기,q_중식_01,중식,음식점 중 '중식'을 판매·제공하는 매장,8935231a-9e65-4491-8120-4ed099021d1e,정,중식,순헌황귀비길 골목형상점가,골목형상점가,서울특별시,3.0,3.0,,,RESOLVED_AGREEMENT,False,3,,,,
133e74f228b4aa801573,test,중식,T1 정확표기,q_중식_01,중식,음식점 중 '중식'을 판매·제공하는 매장,09ebd481-839d-4613-a82e-d31af05ec77d,내빈,중식,장천동상가,자율상권구역,전라남도,3.0,3.0,,,RESOLVED_AGREEMENT,False,3,,,,
3b98e6bc4fd0ceace64d,test,중식,T1 정확표기,q_중식_01,중식,음식점 중 '중식'을 판매·제공하는 매장,77bfd9a1-4cc9-48d2-94a8-3c73697551a7,와니텍스,화섬지,동대문종합시장,전통시장,서울특별시,0.0,0.0,,,RESOLVED_AGREEMENT,False,0,,,,
97b8f49431ba4d276dd7,test,중식,T1 정확표기,q_중식_01,중식,음식점 중 '중식'을 판매·제공하는 매장,4e1642a6-9c58-4189-8e13-9f02772dfb3e,락궁,중식,신내구길 골목형상점가,골목형상점가,서울특별시,3.0,3.0,,,RESOLVED_AGREEMENT,False,3,,,,
b1f7c164c3d604356eaa,test,중식,T1 정확표기,q_중식_01,중식,음식점 중 '중식'을 판매·제공하는 매장,973ba513-a567-4689-ba8c-170262e4fa40,중국성,중식,당진원시가지상가,자율상권구역,충청남도,3.0,3.0,,,RESOLVED_AGREEMENT,False,3,,,,
7bead375abcff60c43c4,test,중식,T1 정확표기,q_중식_01,중식,음식점 중 '중식'을 판매·제공하는 매장,105ef797-642c-4004-8106-f288885f87fb,혜음각,중식,금암동 골목형상점가,골목형상점가,충청남도,3.0,3.0,,,RESOLVED_AGREEMENT,False,3,,,,
5e84b5f21ea1e4e21ca6,test,중식,T1 정확표기,q_중식_01,중식,음식점 중 '중식'을 판매·제공하는 매장,807217b7-1447-4b9a-8748-1c7baf8d763d,중국성,중식,옥과설산골목형상점가,골목형상점가,전라남도,3.0,3.0,,,RESOLVED_AGREEMENT,False,3,,,,
4843c89fff10db5178aa,test,중식,T1 정확표기,q_중식_01,중식,음식점 중 '중식'을 판매·제공하는 매장,9418d35f-a26d-4260-ade6-aab90656e88f,홍용각,중식,두암사거리 골목형상점가,골목형상점가,광주광역시,3.0,3.0,,,RESOLVED_AGREEMENT,False,3,,,,
863521af50ccc3532682,test,중식,T1 정확표기,q_중식_01,중식,음식점 중 '중식'을 판매·제공하는 매장,daa7adb5-9163-4901-b094-266bb6a3a0a7,중국성,중식,순천대1번상가,자율상권구역,전라남도,3.0,3.0,,,RESOLVED_AGREEMENT,False,3,,,,
d1eef047d286a9676c97,test,중식,T1 정확표기,q_중식_01,중식,음식점 중 '중식'을 판매·제공하는 매장,a2f4a18f-e719-443b-845b-33d3981eb68d,신짬뽕,중국집,둔산3동상점가,자율상권구역,대전광역시,3.0,3.0,,,RESOLVED_AGREEMENT,False,3,,,,
b72505ae78cdf895a8c4,test,중식,T1 정확표기,q_중식_01,중식,음식점 중 '중식'을 판매·제공하는 매장,1f1fcc3c-a70d-4a0c-ac05-c90876fc02aa,류웬,중식,지족북로 골목형상점가,골목형상점가,대전광역시,3.0,3.0,,,RESOLVED_AGREEMENT,False,3,,,,
d02581e52e540a95fd76,test,중식,T1 정확표기,q_중식_01,중식,음식점 중 '중식'을 판매·제공하는 매장,eccbcd2f-3650-440a-840a-856df27555a4,덕취원,중식,"임계사통팔달시장(임계시장, 송계5일장)",전통시장,강원특별자치도,3.0,3.0,,,RESOLVED_AGREEMENT,False,3,,,,
5748b652d98b8fd845bb,test,중식,T1 정확표기,q_중식_01,중식,음식점 중 '중식'을 판매·제공하는 매장,6fe7a7d3-1eda-462b-91bf-0195de34dedc,남경,중식,매탄중심상가 골목형상점가,골목형상점가,경기도,3.0,3.0,,,RESOLVED_AGREEMENT,False,3,,,,
c52863cf7f46fc356e7b,test,중식,T1 정확표기,q_중식_01,중식,음식점 중 '중식'을 판매·제공하는 매장,7aa43d27-4ddb-4ec7-80a7-dca3754ba4d8,아리은,미용실,중흥동 큰샘길 골목형상점가,골목형상점가,광주광역시,0.0,0.0,,,RESOLVED_AGREEMENT,False,0,,,,
69a0e892e30b9ebf5e7f,test,중식,T1 정확표기,q_중식_01,중식,음식점 중 '중식'을 판매·제공하는 매장,0c5ac30a-be6a-4996-865e-7f8f09c5c037,해화,중식,학운 골목형상점가,골목형상점가,광주광역시,3.0,3.0,,,RESOLVED_AGREEMENT,False,3,,,,
ce8b995661410291b0ee,test,중식,T1 정확표기,q_중식_01,중식,음식점 중 '중식'을 판매·제공하는 매장,0a230bc3-6a24-48f7-b574-69d45d24f49b,시골향숙식,수육,오산오색시장(구 오산중앙시장),전통시장,경기도,0.0,0.0,,,RESOLVED_AGREEMENT,False,0,,,,
84173effc5f4b12b7f3b,test,중식,T1 정확표기,q_중식_01,중식,음식점 중 '중식'을 판매·제공하는 매장,cf17a533-d07a-47b4-aa35-0c138d875bd3,중국성,중식,반석동 골목형상점가,골목형상점가,대전광역시,3.0,3.0,,,RESOLVED_AGREEMENT,False,3,,,,
cb691086dc8b1793f5af,test,중식,T1 정확표기,q_중식_01,중식,음식점 중 '중식'을 판매·제공하는 매장,54fa9e28-5af3-4fac-bd3e-ee82bdfce0c2,회풍루,중식,충주자유시장,전통시장,충청북도,3.0,3.0,,,RESOLVED_AGREEMENT,False,3,,,,
21668acf10e1a58ce08e,test,중식,T1 정확표기,q_중식_01,중식,음식점 중 '중식'을 판매·제공하는 매장,8c3e4ff7-f6d6-4a46-a6b1-2c3a4eaa9cc5,중식당청이,중식,그라운드고척골목형상점가,골목형상점가,서울특별시,3.0,3.0,,,RESOLVED_AGREEMENT,False,3,,,,
fbb4e4e04240b9433be6,test,중식,T1 정확표기,q_중식_01,중식,음식점 중 '중식'을 판매·제공하는 매장,b71056fc-7517-41ef-8a74-2addf5885f12,칭찬,중식,슬로시티창평 골목형상점가,골목형상점가,전라남도,3.0,3.0,,,RESOLVED_AGREEMENT,False,3,,,,
7c374bee888f9d4242d2,test,중식,T1 정확표기,q_중식_01,중식,음식점 중 '중식'을 판매·제공하는 매장,8e0fcc48-e4c6-4152-ab8c-2463a10e9987,식원,중식,도담동 골목형상점가,골목형상점가,세종특별자치시,3.0,3.0,,,RESOLVED_AGREEMENT,False,3,,,,
a8399a8cdd20c5f3a469,test,중식,T1 정확표기,q_중식_01,중식,음식점 중 '중식'을 판매·제공하는 매장,d74750ea-3c70-43b6-90c6-29a64163c2af,중식당 진,중식,표선사거리상점가(골목형상점가),골목형상점가,제주특별자치도,3.0,3.0,,,RESOLVED_AGREEMENT,False,3,,,,
874456a86d81a90b57ff,test,중식,T1 정확표기,q_중식_01,중식,음식점 중 '중식'을 판매·제공하는 매장,6fe6db25-101c-4071-875c-58de2763140a,국빈,중식,종암북바위길골목형상점가,골목형상점가,서울특별시,3.0,3.0,,,RESOLVED_AGREEMENT,False,3,,,,
3e9189c13f4957b5498f,test,중식,T1 정확표기,q_중식_01,중식,음식점 중 '중식'을 판매·제공하는 매장,c1f0cbbe-cd12-476b-8695-434ad59cc4d6,차향재,중식,둔산2동 골목형상점가,골목형상점가,대전광역시,3.0,3.0,,,RESOLVED_AGREEMENT,False,3,,,,
20a86f4dbd8b1ace0397,test,중식,T1 정확표기,q_중식_01,중식,음식점 중 '중식'을 판매·제공하는 매장,0de1bc3f-ef27-4c0c-aaf7-a28d659beba0,일품,요리,성내전통시장,전통시장,서울특별시,0.0,0.0,,,RESOLVED_AGREEMENT,False,0,,,,
ab5a51562a5b8e2c855e,test,중식,T1 정확표기,q_중식_01,중식,음식점 중 '중식'을 판매·제공하는 매장,031f918d-bf9e-4e03-b7dc-560ac11988c6,일향,중식,하당꽃길1가 골목형상점가,골목형상점가,전라남도,3.0,3.0,,,RESOLVED_AGREEMENT,False,3,,,,
1a2433485ab45db08904,test,중식,T1 정확표기,q_중식_01,중식,음식점 중 '중식'을 판매·제공하는 매장,1e7c7703-589f-460e-a72e-026c94ec0bc2,중국성,중식,오류버들시장골목형상점가,골목형상점가,서울특별시,3.0,3.0,,,RESOLVED_AGREEMENT,False,3,,,,
f4313c855606e7e05faa,test,중식,T1 정확표기,q_중식_01,중식,음식점 중 '중식'을 판매·제공하는 매장,71a36809-d9b8-4fc0-bf5e-adb4b7088bb4,궁,중식,구성언남 골목형상점가,골목형상점가,경기도,3.0,3.0,,,RESOLVED_AGREEMENT,False,3,,,,
b805a60404074d1dca18,test,중식,T1 정확표기,q_중식_01,중식,음식점 중 '중식'을 판매·제공하는 매장,093223fc-30fc-4774-9283-34215300403c,교짬,중식,영주로상권,자율상권구역,경상북도,3.0,3.0,,,RESOLVED_AGREEMENT,False,3,,,,
e92cbbccbd4d606cb766,test,중식,T1 정확표기,q_중식_01,중식,음식점 중 '중식'을 판매·제공하는 매장,2cfaa805-e42b-4f31-95cb-991f89eaacc5,중식당후,중식,두암1동서방로 골목형상점가,골목형상점가,광주광역시,3.0,3.0,,,RESOLVED_AGREEMENT,False,3,,,,
da0bc3447914c8fcea5b,test,중식,T1 정확표기,q_중식_01,중식,음식점 중 '중식'을 판매·제공하는 매장,40d20d7e-9254-4c3a-add4-45dc25a361bc,북악루,중식,배밭골골목형상점가,골목형상점가,서울특별시,3.0,3.0,,,RESOLVED_AGREEMENT,False,3,,,,
01aa4f6ec22a319fccc0,test,중식,T1 정확표기,q_중식_01,중식,음식점 중 '중식'을 판매·제공하는 매장,75e83d7a-7289-4faa-b569-10b678af81b1,충푸,중식,충무로골목형상점가,골목형상점가,서울특별시,3.0,3.0,,,RESOLVED_AGREEMENT,False,3,,,,
727b255053f9d0478f76,test,중식,T1 정확표기,q_중식_01,중식,음식점 중 '중식'을 판매·제공하는 매장,116365cb-ffed-43e1-9971-6df263d877cc,짜짜루,중국집,하동공설시장,전통시장,경상남도,3.0,3.0,,,RESOLVED_AGREEMENT,False,3,,,,
d38b5c66ccfac3014773,test,중식,T1 정확표기,q_중식_01,중식,음식점 중 '중식'을 판매·제공하는 매장,997326b1-b610-48cc-a9f2-450dd2ce1407,중국관,중식,대명 오손도손 골목형상점가,골목형상점가,전북특별자치도,3.0,3.0,,,RESOLVED_AGREEMENT,False,3,,,,
625ba20da9397412cf6b,test,중식,T1 정확표기,q_중식_01,중식,음식점 중 '중식'을 판매·제공하는 매장,23a6d474-3e38-46d1-94da-eaf9ba41e782,홍루,중식,미금현대벤처빌시장,전통시장,경기도,3.0,3.0,,,RESOLVED_AGREEMENT,False,3,,,,
8369a0a78359f44d1400,test,중식,T1 정확표기,q_중식_01,중식,음식점 중 '중식'을 판매·제공하는 매장,11f106c6-21aa-44b5-9a89-e53c2dfb2ba6,진차이,"탕수육, 짬뽕, 짜장",목대온기 골목형상점가,골목형상점가,대전광역시,3.0,3.0,,,RESOLVED_AGREEMENT,False,3,,,,
bb33dcf203486d6c091f,test,중식,T1 정확표기,q_중식_01,중식,음식점 중 '중식'을 판매·제공하는 매장,7707f2ab-48bb-460c-bd84-27b61a860979,얌차,중식,마재상인회 골목형상점가,골목형상점가,광주광역시,3.0,3.0,,,RESOLVED_AGREEMENT,False,3,,,,
656028bff5822cba93cc,test,중식,T1 정확표기,q_중식_01,중식,음식점 중 '중식'을 판매·제공하는 매장,004af3ce-488b-4a6f-a066-862e26430938,호재짬뽕,,게내공원길 골목형상점가,골목형상점가,서울특별시,3.0,3.0,,,RESOLVED_AGREEMENT,False,3,,,,
7820d39a9b1b02a2f3bc,test,중식,T1 정확표기,q_중식_01,중식,음식점 중 '중식'을 판매·제공하는 매장,e981fb70-739a-43a4-afe6-dbc7335ed296,중국집,중식,용호시장,전통시장,부산광역시,3.0,3.0,,,RESOLVED_AGREEMENT,False,3,,,,
d4fd74d8541b96a0d6c9,test,중식,T1 정확표기,q_중식_01,중식,음식점 중 '중식'을 판매·제공하는 매장,3d6a6ba3-540d-4747-a06b-57688c64b84a,농성골,소고기,농성세대공감상인회 골목형상점가,골목형상점가,광주광역시,0.0,0.0,,,RESOLVED_AGREEMENT,False,0,,,,
4369f26a0811ae40b2f7,test,중식,T1 정확표기,q_중식_01,중식,음식점 중 '중식'을 판매·제공하는 매장,06fe7733-54b9-4fc8-8a3b-556f50d1cdcc,중화요리진,,주천골목형상점가,골목형상점가,강원특별자치도,3.0,3.0,,,RESOLVED_AGREEMENT,False,3,,,,
239d1a87ae60ca084b0b,test,중식,T1 정확표기,q_중식_01,중식,음식점 중 '중식'을 판매·제공하는 매장,6d57a898-2cd1-4372-8477-cd8d1d775aa6,올도,중식,구성언남 골목형상점가,골목형상점가,경기도,3.0,3.0,,,RESOLVED_AGREEMENT,False,3,,,,
74ff026793e54ddfd0b4,test,중식,T1 정확표기,q_중식_01,중식,음식점 중 '중식'을 판매·제공하는 매장,e0cb2176-2582-4caa-86f2-8335a3151787,탕공방,중식,열우물전통시장( 구 십정종합시장),전통시장,인천광역시,3.0,3.0,,,RESOLVED_AGREEMENT,False,3,,,,
905a6e3d8ad9978660fd,test,중식,T1 정확표기,q_중식_01,중식,음식점 중 '중식'을 판매·제공하는 매장,d5b4ef53-a21e-4768-87df-b347aa160539,진보퍼피,애견미용 용품,지범골목먹거리타운 골목형상점가,골목형상점가,대구광역시,0.0,0.0,,,RESOLVED_AGREEMENT,False,0,,,,
563813d3639cb574164c,test,중식,T1 정확표기,q_중식_01,중식,음식점 중 '중식'을 판매·제공하는 매장,86d88308-344a-4446-b0ae-6053f58dd432,성포중국집,,거제 성포 골목형상점가,골목형상점가,경상남도,3.0,3.0,,,RESOLVED_AGREEMENT,False,3,,,,
5a1f6c7421b85c126553,test,중식,T1 정확표기,q_중식_01,중식,음식점 중 '중식'을 판매·제공하는 매장,ba16c348-e96c-472d-89c3-3661779067ff,심향,중식,시화공구상가,전통시장,경기도,3.0,3.0,,,RESOLVED_AGREEMENT,False,3,,,,
29373f90f59a85e1db4d,test,중식,T1 정확표기,q_중식_01,중식,음식점 중 '중식'을 판매·제공하는 매장,8fc8118d-230f-42d2-95bf-8b921a000531,토토,속옷,창원 성원그랜드쇼핑상가,전통시장,경상남도,0.0,0.0,,,RESOLVED_AGREEMENT,False,0,,,,
24979203685d8b6410e9,test,중식,T1 정확표기,q_중식_01,중식,음식점 중 '중식'을 판매·제공하는 매장,5fa3d99d-8481-497a-9a8c-d08f07b55313,중래향,중식,안양중앙인정시장,전통시장,경기도,3.0,3.0,,,RESOLVED_AGREEMENT,False,3,,,,
8560be53ea53d3c866d6,test,중식,T1 정확표기,q_중식_01,중식,음식점 중 '중식'을 판매·제공하는 매장,0920f08e-ee4b-43f5-8400-8ee605567276,7080손짜장,중화요리,부곡맛고을상가,자율상권구역,경상북도,3.0,3.0,,,RESOLVED_AGREEMENT,False,3,,,,
70369215ec768114d0b4,test,중식,T2 동의어,q_중식_02,중국집,음식점 중 '중식'을 판매·제공하는 매장,dae7eaa8-f055-421f-aef8-df581057cfa7,중국집,짜장면,광복마을5길 골목형상점가,골목형상점가,광주광역시,3.0,3.0,,,RESOLVED_AGREEMENT,False,3,,,,
df1eb6dd054444dec433,test,중식,T2 동의어,q_중식_02,중국집,음식점 중 '중식'을 판매·제공하는 매장,7ae8802f-27fe-48e9-a35a-91981b7c657d,땅스부대찌개 산수점,부대찌개,무등산그린웰로제비앙 골목형상점가,골목형상점가,광주광역시,0.0,0.0,,,RESOLVED_AGREEMENT,False,0,,,,
0d53a8aef5f88737f5ee,test,중식,T2 동의어,q_중식_02,중국집,음식점 중 '중식'을 판매·제공하는 매장,116365cb-ffed-43e1-9971-6df263d877cc,짜짜루,중국집,하동공설시장,전통시장,경상남도,3.0,3.0,,,RESOLVED_AGREEMENT,False,3,,,,
4fd0cfb9f131d91b72d1,test,중식,T2 동의어,q_중식_02,중국집,음식점 중 '중식'을 판매·제공하는 매장,d79fb75b-d6eb-406c-b2a2-a4bf1df1aebd,고향중국식품,중국술과자,관악신사시장,전통시장,서울특별시,1.0,0.0,,,P2_GRADED_ONLY,True,,,,,
5f88d745b620c4fc3350,test,중식,T2 동의어,q_중식_02,중국집,음식점 중 '중식'을 판매·제공하는 매장,8f4cfbae-c2fd-433a-966c-c1f220fe526f,수림관,중국집,당감시장,전통시장,부산광역시,3.0,3.0,,,RESOLVED_AGREEMENT,False,3,,,,
98a463337b9f52faab47,test,중식,T2 동의어,q_중식_02,중국집,음식점 중 '중식'을 판매·제공하는 매장,aa222641-7a38-46e7-b188-8bfc70b8864f,전가네중국집,중식,창원 가음정시장,전통시장,경상남도,3.0,3.0,,,RESOLVED_AGREEMENT,False,3,,,,
0ebe2ed6f1172a1fd696,test,중식,T2 동의어,q_중식_02,중국집,음식점 중 '중식'을 판매·제공하는 매장,dbe50b67-e750-4662-87b4-00e5f7d44079,숙이네국집,국,전곡중앙상가 골목형상점가,골목형상점가,경기도,0.0,0.0,,,RESOLVED_AGREEMENT,False,0,,,,
bb363c0f66e8d96b6bcd,test,중식,T2 동의어,q_중식_02,중국집,음식점 중 '중식'을 판매·제공하는 매장,7c94ea1e-a106-49f9-8bd9-21b52e522eb6,양밍위황먼지미판,중국식찜닭,화양제일골목시장(화양제일시장),전통시장,서울특별시,0.0,0.0,,,RESOLVED_AGREEMENT,False,0,,,,
a03062a33b901b36d0a5,test,중식,T2 동의어,q_중식_02,중국집,음식점 중 '중식'을 판매·제공하는 매장,f93caa2a-3529-424f-bf44-46dd0403eb33,시골마당,한식,아름드리 골목형상점가,골목형상점가,세종특별자치시,1.0,1.0,,,RESOLVED_AGREEMENT,False,1,,,,
37c1f96a1001ce68668a,test,중식,T2 동의어,q_중식_02,중국집,음식점 중 '중식'을 판매·제공하는 매장,7bc42716-9c09-4c5c-b43e-e69380469aee,중국전통식품,중국식자재,금촌전통시장,전통시장,경기도,0.0,0.0,,,RESOLVED_AGREEMENT,False,0,,,,
d06dcf33ce7a56bc06f7,test,중식,T2 동의어,q_중식_02,중국집,음식점 중 '중식'을 판매·제공하는 매장,100d1278-df93-41e4-b2bc-7a62725e270c,옥희네국집,반찬,초량전통시장,전통시장,부산광역시,0.0,0.0,,,RESOLVED_AGREEMENT,False,0,,,,
86cd84113916a1dbaa5c,test,중식,T2 동의어,q_중식_02,중국집,음식점 중 '중식'을 판매·제공하는 매장,00c95d45-2ff3-4066-a179-c026f0528d0c,명장,중식,옥과설산골목형상점가,골목형상점가,전라남도,3.0,3.0,,,RESOLVED_AGREEMENT,False,3,,,,
0f35efb21a67df4a5ad0,test,중식,T2 동의어,q_중식_02,중국집,음식점 중 '중식'을 판매·제공하는 매장,92f008bd-7adc-4089-8f62-62a2e3249d51,중국식품,"중국식품, 잡화",박달시장,전통시장,경기도,1.0,0.0,,,P2_GRADED_ONLY,True,,,,,
6ae8a148f9330d6cb730,test,중식,T2 동의어,q_중식_02,중국집,음식점 중 '중식'을 판매·제공하는 매장,06834ba2-563f-4b9c-a452-d9fa21678afd,계화중식,중화요리,도화동상점가,자율상권구역,서울특별시,3.0,3.0,,,RESOLVED_AGREEMENT,False,3,,,,
1e17aa3b7f06cfc9cc08,test,중식,T2 동의어,q_중식_02,중국집,음식점 중 '중식'을 판매·제공하는 매장,699e1505-e193-431d-ab24-6834df732384,중국식품,중국식품,능동로골목시장(자양한강전통시장),전통시장,서울특별시,1.0,0.0,,,P2_GRADED_ONLY,True,,,,,
844233c7ebbc3c78fc8c,test,중식,T2 동의어,q_중식_02,중국집,음식점 중 '중식'을 판매·제공하는 매장,3e1d70ae-e63a-4314-92fb-a977b6a79ee8,청춘관 중국집,중식,송촌동상점가,자율상권구역,대전광역시,3.0,3.0,,,RESOLVED_AGREEMENT,False,3,,,,
559f80843b71ac83d084,test,중식,T2 동의어,q_중식_02,중국집,음식점 중 '중식'을 판매·제공하는 매장,0117062e-156e-475e-bd98-93585f54e25e,몽짬뽕원주직영점,,혁신도시3구역 골목형상점가,골목형상점가,강원특별자치도,3.0,3.0,,,RESOLVED_AGREEMENT,False,3,,,,
8794e6f2301501759b1e,test,중식,T2 동의어,q_중식_02,중국집,음식점 중 '중식'을 판매·제공하는 매장,74ec6c71-e0fd-448e-bed4-c4390980cb38,중국슈퍼,중국식품 과자류,부천자유시장,전통시장,경기도,1.0,0.0,,,P2_GRADED_ONLY,True,,,,,
dd9d1c805268a8b51576,test,중식,T2 동의어,q_중식_02,중국집,음식점 중 '중식'을 판매·제공하는 매장,0e50dcc7-9c2b-441d-b386-a4a4ddb0f875,대동식당,"족발, 수육",칠성종합 상권활성화구역,상권활성화구역,대구광역시,0.0,1.0,,,P2_GRADED_ONLY,True,,,,,
d2929cf74fbe470c8513,test,중식,T2 동의어,q_중식_02,중국집,음식점 중 '중식'을 판매·제공하는 매장,291ab45c-d13d-42d6-b893-ded930bb8890,율짬뽕,중국집,동쪽바다중앙시장(구 동해중앙시장),전통시장,강원특별자치도,3.0,3.0,,,RESOLVED_AGREEMENT,False,3,,,,
e7dc82ce6aeff006a804,test,중식,T2 동의어,q_중식_02,중국집,음식점 중 '중식'을 판매·제공하는 매장,11f106c6-21aa-44b5-9a89-e53c2dfb2ba6,진차이,"탕수육, 짬뽕, 짜장",목대온기 골목형상점가,골목형상점가,대전광역시,3.0,3.0,,,RESOLVED_AGREEMENT,False,3,,,,
9e69c02bcb981e6434b6,test,중식,T2 동의어,q_중식_02,중국집,음식점 중 '중식'을 판매·제공하는 매장,8eccc033-7418-4fba-8cbf-9b84c9ab8df0,중국식품점,중국식품,세종대평시장,전통시장,세종특별자치시,1.0,0.0,,,P2_GRADED_ONLY,True,,,,,
dc85685942c07939414b,test,중식,T2 동의어,q_중식_02,중국집,음식점 중 '중식'을 판매·제공하는 매장,5b5822e0-9f7a-4e83-8cec-5b0b30ace8c0,중국식품,중국식품,두정로 두정상가길 골목형상점가,골목형상점가,충청남도,1.0,0.0,,,P2_GRADED_ONLY,True,,,,,
0d01d6fe2a3015b5340a,test,중식,T2 동의어,q_중식_02,중국집,음식점 중 '중식'을 판매·제공하는 매장,34073dfe-9d8c-4071-908b-875e7a6189f5,동해순대국집,한식,속초중앙전통시장,전통시장,강원특별자치도,1.0,1.0,,,RESOLVED_AGREEMENT,False,1,,,,
fa77a406709a11511044,test,중식,T2 동의어,q_중식_02,중국집,음식점 중 '중식'을 판매·제공하는 매장,18c274e5-ccf0-401b-8776-9be7483b1b74,중국식품,중국가공품,관악신사시장,전통시장,서울특별시,1.0,0.0,,,P2_GRADED_ONLY,True,,,,,
7e1e9146d7e41984f71c,test,중식,T2 동의어,q_중식_02,중국집,음식점 중 '중식'을 판매·제공하는 매장,9245a62e-26d1-4b04-b5f6-54b456ce12f1,우리국집,국,지산목련시장(구 지산종합시장),전통시장,대구광역시,0.0,0.0,,,RESOLVED_AGREEMENT,False,0,,,,
a7bd2ad719e3bee1b12f,test,중식,T2 동의어,q_중식_02,중국집,음식점 중 '중식'을 판매·제공하는 매장,772524cd-6957-4e00-9244-af4510f5a420,우리동네중국집춘짬뽕,중식,더불어용두 골목형상점가,골목형상점가,광주광역시,3.0,3.0,,,RESOLVED_AGREEMENT,False,3,,,,
a5ffdd6ce9374405b6d3,test,중식,T2 동의어,q_중식_02,중국집,음식점 중 '중식'을 판매·제공하는 매장,85bfb71e-a812-4217-bb39-897fc1753255,윤정아헤어모드,미용,배방상점가,자율상권구역,충청남도,0.0,0.0,,,RESOLVED_AGREEMENT,False,0,,,,
e004f29d46936d4ed768,test,중식,T2 동의어,q_중식_02,중국집,음식점 중 '중식'을 판매·제공하는 매장,a2f4a18f-e719-443b-845b-33d3981eb68d,신짬뽕,중국집,둔산3동상점가,자율상권구역,대전광역시,3.0,3.0,,,RESOLVED_AGREEMENT,False,3,,,,
31b47c1367ec590481e5,test,중식,T2 동의어,q_중식_02,중국집,음식점 중 '중식'을 판매·제공하는 매장,000e6461-698b-42f6-842b-cf95393fee89,탕화쿵푸마라탕 전대점,중식,중흥청춘로 골목형상점가,골목형상점가,광주광역시,3.0,3.0,,,RESOLVED_AGREEMENT,False,3,,,,
c9638a955f9a6c6a581b,test,중식,T2 동의어,q_중식_02,중국집,음식점 중 '중식'을 판매·제공하는 매장,0193214f-e716-440d-afbe-a93f1d75a078,1키로 탕수육 산본점,탕수육,산본사거리 골목형상점가,골목형상점가,경기도,3.0,3.0,,,RESOLVED_AGREEMENT,False,3,,,,
73d077389d8047b95e08,test,중식,T2 동의어,q_중식_02,중국집,음식점 중 '중식'을 판매·제공하는 매장,c8105e05-4ed3-45c5-a489-ce8d10ef19c3,중국식품,중국식품,우림골목시장,전통시장,서울특별시,1.0,0.0,,,P2_GRADED_ONLY,True,,,,,
efcd3461747fb8e6c96f,test,중식,T2 동의어,q_중식_02,중국집,음식점 중 '중식'을 판매·제공하는 매장,973ba513-a567-4689-ba8c-170262e4fa40,중국성,중식,당진원시가지상가,자율상권구역,충청남도,3.0,3.0,,,RESOLVED_AGREEMENT,False,3,,,,
b78be26d9e3a33080827,test,중식,T2 동의어,q_중식_02,중국집,음식점 중 '중식'을 판매·제공하는 매장,06fe7733-54b9-4fc8-8a3b-556f50d1cdcc,중화요리진,,주천골목형상점가,골목형상점가,강원특별자치도,3.0,3.0,,,RESOLVED_AGREEMENT,False,3,,,,
223b271852fd7925a6ed,test,중식,T2 동의어,q_중식_02,중국집,음식점 중 '중식'을 판매·제공하는 매장,004661ce-f943-4561-9c9d-d888ccc58c1e,니뽕내뽕천안신부점,퓨전짬뽕,천안신부문화거리상점가,자율상권구역,충청남도,3.0,3.0,,,RESOLVED_AGREEMENT,False,3,,,,
b6740d9dd504cd86e112,test,중식,T2 동의어,q_중식_02,중국집,음식점 중 '중식'을 판매·제공하는 매장,0ad1e916-8b1c-4de8-ade6-6535b3dc0631,형제반점,중화요리,오수상점가,자율상권구역,전북특별자치도,3.0,3.0,,,RESOLVED_AGREEMENT,False,3,,,,
922318aa3e5f2b4316f5,test,중식,T2 동의어,q_중식_02,중국집,음식점 중 '중식'을 판매·제공하는 매장,066eb21b-e691-452e-b9c8-4862c2977340,장위동중국집,음식점,꿈의숲장곡골목형상점가,골목형상점가,서울특별시,2.0,3.0,,,P2_GRADED_ONLY,True,,,,,
406fb097b525e5a6f8ac,test,중식,T2 동의어,q_중식_02,중국집,음식점 중 '중식'을 판매·제공하는 매장,b6816528-a070-46a6-974a-21b40c5f8f0b,대한민국집,국밥,신기시장,전통시장,인천광역시,0.0,0.0,,,RESOLVED_AGREEMENT,False,0,,,,
b89a564a30c4bbcecbf4,test,중식,T2 동의어,q_중식_02,중국집,음식점 중 '중식'을 판매·제공하는 매장,134071dc-9850-4ff4-95d0-4726cd34ab93,카페 요아정 울산구영리점,휴게음식점,구영로 골목형상점가,골목형상점가,울산광역시,1.0,1.0,,,RESOLVED_AGREEMENT,False,1,,,,
8efee21523ba21cabe50,test,중식,T2 동의어,q_중식_02,중국집,음식점 중 '중식'을 판매·제공하는 매장,00e0fdc1-dde3-4fc6-bb61-6bbace454a01,도야짬뽕평촌점,중식,귀인동먹거리촌 골목형상점가,골목형상점가,경기도,3.0,3.0,,,RESOLVED_AGREEMENT,False,3,,,,
d1d3b0dd95603d7c551e,test,중식,T2 동의어,q_중식_02,중국집,음식점 중 '중식'을 판매·제공하는 매장,dc9fc304-a19a-46b4-8d9b-647f7e73848d,계제댁건어물,,함안 가야전통시장,전통시장,경상남도,0.0,0.0,,,RESOLVED_AGREEMENT,False,0,,,,
de1b2433b6faea4e71a8,test,중식,T2 동의어,q_중식_02,중국집,음식점 중 '중식'을 판매·제공하는 매장,b6542f1a-79b3-433a-b23e-d01746bca504,중국식품,,남문시장,전통시장,서울특별시,1.0,0.0,,,P2_GRADED_ONLY,True,,,,,
69fe7042fd7df56db04d,test,중식,T2 동의어,q_중식_02,중국집,음식점 중 '중식'을 판매·제공하는 매장,72885314-1ea4-4e31-b157-59946e7d6919,동네중국집,중국음식,창원 봉곡프라자상가,전통시장,경상남도,3.0,3.0,,,RESOLVED_AGREEMENT,False,3,,,,
7f9f80683816a4a78bda,test,중식,T2 동의어,q_중식_02,중국집,음식점 중 '중식'을 판매·제공하는 매장,0369b808-6d4f-4b37-8f25-7e3287a3e3a9,서반장항아리왕짬뽕,,관평동 골목형상점가,골목형상점가,대전광역시,3.0,3.0,,,RESOLVED_AGREEMENT,False,3,,,,
effd3bb8cb6d15547879,test,중식,T2 동의어,q_중식_02,중국집,음식점 중 '중식'을 판매·제공하는 매장,807ac8d2-2b5c-4592-89f3-74aba6d6fad0,중국성,중식,효자동4동 후곡길 골목형상점가,골목형상점가,전북특별자치도,3.0,3.0,,,RESOLVED_AGREEMENT,False,3,,,,
7411a74389d8b875ffc3,test,중식,T2 동의어,q_중식_02,중국집,음식점 중 '중식'을 판매·제공하는 매장,d75dea9a-1be6-4eb0-bec1-854ce1fb18de,세종중국집 진성문,음식점업,한솔센터 골목형상점가,골목형상점가,세종특별자치시,2.0,3.0,,,P2_GRADED_ONLY,True,,,,,
036a6b9e2b43456641a1,test,중식,T2 동의어,q_중식_02,중국집,음식점 중 '중식'을 판매·제공하는 매장,86d88308-344a-4446-b0ae-6053f58dd432,성포중국집,,거제 성포 골목형상점가,골목형상점가,경상남도,3.0,3.0,,,RESOLVED_AGREEMENT,False,3,,,,
d63b3e97e8305cfa9feb,test,중식,T2 동의어,q_중식_02,중국집,음식점 중 '중식'을 판매·제공하는 매장,fabcfb38-28da-4997-88d7-82f3e414c79f,중국식품점,중국식품,이지더원 골목형 상점가,골목형상점가,충청남도,1.0,0.0,,,P2_GRADED_ONLY,True,,,,,
2f81adfa6fea711e5d6c,test,중식,T2 동의어,q_중식_02,중국집,음식점 중 '중식'을 판매·제공하는 매장,951c9963-1e48-4116-8299-05c69d690671,중국슈퍼,소매업(중국식품),광명전통시장,전통시장,경기도,1.0,0.0,,,P2_GRADED_ONLY,True,,,,,
b993d5c9111280823f7b,test,중식,T2 동의어,q_중식_02,중국집,음식점 중 '중식'을 판매·제공하는 매장,0cddd7d4-60fb-410c-bbe3-945117dce469,중국면식,분식,부천자유시장,전통시장,경기도,1.0,0.0,,,P2_GRADED_ONLY,True,,,,,
663dfe37b1a606c1206d,test,중식,T2 동의어,q_중식_02,중국집,음식점 중 '중식'을 판매·제공하는 매장,4701cec7-c536-4a25-a3ed-5adefa888f1d,골목해장국집,한식,명산시장,전통시장,전북특별자치도,1.0,1.0,,,RESOLVED_AGREEMENT,False,1,,,,
57299df509de5e77cd6b,test,중식,T2 동의어,q_중식_02,중국집,음식점 중 '중식'을 판매·제공하는 매장,22a81f31-72dd-44bf-b636-73d75266e8a0,중국집,중식,양산동 골목형상점가,골목형상점가,광주광역시,3.0,3.0,,,RESOLVED_AGREEMENT,False,3,,,,
704527a83794a34a10c1,test,중식,T2 동의어,q_중식_02,중국집,음식점 중 '중식'을 판매·제공하는 매장,b5859b28-02e3-4cea-8ae2-1b187dde2276,한주국집,한식,양산 덕계종합상설시장,전통시장,경상남도,1.0,1.0,,,RESOLVED_AGREEMENT,False,1,,,,
7c771a0b7d22d2b2706a,test,중식,T2 동의어,q_중식_02,중국집,음식점 중 '중식'을 판매·제공하는 매장,cf17a533-d07a-47b4-aa35-0c138d875bd3,중국성,중식,반석동 골목형상점가,골목형상점가,대전광역시,3.0,3.0,,,RESOLVED_AGREEMENT,False,3,,,,
c38f29ecffc164ab12a6,test,중식,T2 동의어,q_중식_02,중국집,음식점 중 '중식'을 판매·제공하는 매장,89ff7278-aef3-4150-bd20-0ad13e4eebd8,중국집,짜장면,중앙상가시장,전통시장,대전광역시,3.0,3.0,,,RESOLVED_AGREEMENT,False,3,,,,
b6dcf12fe5c35dbac6cb,test,중식,T2 동의어,q_중식_02,중국집,음식점 중 '중식'을 판매·제공하는 매장,21c9bbdc-f76b-424f-9356-2fbc1479e315,재호네 국집,국 등,수원못골종합시장,전통시장,경기도,0.0,0.0,,,RESOLVED_AGREEMENT,False,0,,,,
fad860232bd2728e4050,test,중식,T2 동의어,q_중식_02,중국집,음식점 중 '중식'을 판매·제공하는 매장,c5e4eb4b-b643-4e48-81a8-d26b68006cd3,중국상점,식품,전곡첫머리거리 골목형상점가,골목형상점가,경기도,0.0,0.0,,,RESOLVED_AGREEMENT,False,0,,,,
77d05d1736165878136b,test,중식,T2 동의어,q_중식_02,중국집,음식점 중 '중식'을 판매·제공하는 매장,f7cf52e0-b0c8-4b1c-b6c7-eab3ac5dab4b,유한회사한국집,한식,백년소상공인,기타,전북특별자치도,1.0,1.0,,,RESOLVED_AGREEMENT,False,1,,,,
65919714e457a8858970,test,중식,T2 동의어,q_중식_02,중국집,음식점 중 '중식'을 판매·제공하는 매장,f210d6a4-56ea-45a0-88db-1140492e53e7,부천성,중국 음식,포항 대이상가 골목형상점가,골목형상점가,경상북도,3.0,0.0,,,P1_BINARY_THRESHOLD,True,,,,,
30cb86c67dee5bd30293,test,중식,T2 동의어,q_중식_02,중국집,음식점 중 '중식'을 판매·제공하는 매장,89bd86d9-9119-45d0-8531-86d331f2c84c,중국집,중국음식점,간성전통시장(구 천년고성시장),전통시장,강원특별자치도,3.0,3.0,,,RESOLVED_AGREEMENT,False,3,,,,
9d2ae50fc42471c330df,test,중식,T2 동의어,q_중식_02,중국집,음식점 중 '중식'을 판매·제공하는 매장,0238f2dd-085f-48bf-a543-5d59d8b2f10f,기통치킨탕수육호프,치킨탕수육,성안길상점가,자율상권구역,충청북도,3.0,3.0,,,RESOLVED_AGREEMENT,False,3,,,,
0b1a4d654dc3cd1e44de,test,중식,T2 동의어,q_중식_02,중국집,음식점 중 '중식'을 판매·제공하는 매장,a1854c2c-9b04-4f26-a880-f30f1e77b56c,중국식품,,능동상가,자율상권구역,경기도,1.0,0.0,,,P2_GRADED_ONLY,True,,,,,
a5ceebbd9d2ce2921d7c,test,중식,T2 동의어,q_중식_02,중국집,음식점 중 '중식'을 판매·제공하는 매장,2fd9a171-f716-48b9-9ce6-81c5b52118fe,시장국집,한식,안강공설시장,전통시장,경상북도,1.0,1.0,,,RESOLVED_AGREEMENT,False,1,,,,
c3dd04c59ad622bfb1e9,test,중식,T2 동의어,q_중식_02,중국집,음식점 중 '중식'을 판매·제공하는 매장,f5755342-1ab6-47dc-9e5a-15d017042d56,신중국집,중식,운리공원상인회 골목형상점가,골목형상점가,광주광역시,3.0,3.0,,,RESOLVED_AGREEMENT,False,3,,,,
3070e49cb694d8f8684b,test,중식,T2 동의어,q_중식_02,중국집,음식점 중 '중식'을 판매·제공하는 매장,00f2b06a-d82a-4740-ac18-d898c209d5a5,짜이짜이,중식,충장로123가 상점가,자율상권구역,광주광역시,3.0,3.0,,,RESOLVED_AGREEMENT,False,3,,,,
119e61cec74a73e08606,test,중식,T2 동의어,q_중식_02,중국집,음식점 중 '중식'을 판매·제공하는 매장,e981fb70-739a-43a4-afe6-dbc7335ed296,중국집,중식,용호시장,전통시장,부산광역시,3.0,3.0,,,RESOLVED_AGREEMENT,False,3,,,,
c7d6614090b7729270f7,test,중식,T2 동의어,q_중식_02,중국집,음식점 중 '중식'을 판매·제공하는 매장,0a230bc3-6a24-48f7-b574-69d45d24f49b,시골향숙식,수육,오산오색시장(구 오산중앙시장),전통시장,경기도,0.0,0.0,,,RESOLVED_AGREEMENT,False,0,,,,
38bdc2aa021f868e1543,test,중식,T2 동의어,q_중식_02,중국집,음식점 중 '중식'을 판매·제공하는 매장,faeb9a71-7f65-4834-989f-60db010c2581,중국성,,승달 골목형상점가,골목형상점가,,,0.0,Y,,P0_UNCERTAIN_OR_MISSING,True,,,,,
422f3b2c5806f4263031,test,중식,T2 동의어,q_중식_02,중국집,음식점 중 '중식'을 판매·제공하는 매장,0920f08e-ee4b-43f5-8400-8ee605567276,7080손짜장,중화요리,부곡맛고을상가,자율상권구역,경상북도,3.0,3.0,,,RESOLVED_AGREEMENT,False,3,,,,
edc4289341eab7fb589e,test,중식,T2 동의어,q_중식_02,중국집,음식점 중 '중식'을 판매·제공하는 매장,0de1bc3f-ef27-4c0c-aaf7-a28d659beba0,일품,요리,성내전통시장,전통시장,서울특별시,0.0,0.0,,,RESOLVED_AGREEMENT,False,0,,,,
9cb5c2ccfb61e630b8ab,test,중식,T2 동의어,q_중식_02,중국집,음식점 중 '중식'을 판매·제공하는 매장,79ea3a15-65e8-4bed-98a5-5daefde0834d,가마솥 국집,국,안양중앙인정시장,전통시장,경기도,0.0,0.0,,,RESOLVED_AGREEMENT,False,0,,,,
5744f40cddcd8885b122,test,중식,T2 동의어,q_중식_02,중국집,음식점 중 '중식'을 판매·제공하는 매장,004af3ce-488b-4a6f-a066-862e26430938,호재짬뽕,,게내공원길 골목형상점가,골목형상점가,서울특별시,3.0,3.0,,,RESOLVED_AGREEMENT,False,3,,,,
1fb521b387c5b46980da,test,중식,T2 동의어,q_중식_02,중국집,음식점 중 '중식'을 판매·제공하는 매장,011253e1-0a18-4068-84a9-9ee8f83460b6,도도,음식점(중식),화도창현상점가,골목형상점가,경기도,3.0,3.0,,,RESOLVED_AGREEMENT,False,3,,,,
246a617426d7d63fd7fb,test,중식,T2 동의어,q_중식_02,중국집,음식점 중 '중식'을 판매·제공하는 매장,57a00ee5-cfe3-4f5f-b899-bd2ab104476e,중국성,,요촌동 골목형상점가,골목형상점가,전북특별자치도,,0.0,Y,,P0_UNCERTAIN_OR_MISSING,True,,,,,
3b5a47c64850491b8595,test,중식,T2 동의어,q_중식_02,중국집,음식점 중 '중식'을 판매·제공하는 매장,04afb9dc-071d-4cd1-9404-109ed4c4ede0,오서방중국집,중식,서산동문 골목형상점가,골목형상점가,충청남도,3.0,3.0,,,RESOLVED_AGREEMENT,False,3,,,,
3097fd46abd45f536dc3,test,중식,T2 동의어,q_중식_02,중국집,음식점 중 '중식'을 판매·제공하는 매장,997326b1-b610-48cc-a9f2-450dd2ce1407,중국관,중식,대명 오손도손 골목형상점가,골목형상점가,전북특별자치도,3.0,3.0,,,RESOLVED_AGREEMENT,False,3,,,,
c9decf21e29cf9c60ee3,test,중식,T2 동의어,q_중식_02,중국집,음식점 중 '중식'을 판매·제공하는 매장,842bd396-2f67-4723-badf-69c3bb407bb5,대성상사,가구,포항죽도시장,전통시장,경상북도,0.0,0.0,,,RESOLVED_AGREEMENT,False,0,,,,
51c0c2b146f498b3778b,test,중식,T2 동의어,q_중식_02,중국집,음식점 중 '중식'을 판매·제공하는 매장,00e57ce6-d61c-4b9f-804c-152577a14580,금남시장 뽀빠이치킨 2호직영점,치킨,금남시장,전통시장,서울특별시,0.0,0.0,,,RESOLVED_AGREEMENT,False,0,,,,
fd6a296f2e95ed05a29c,test,중식,T2 동의어,q_중식_02,중국집,음식점 중 '중식'을 판매·제공하는 매장,170e3331-357e-4ff1-a3e7-2980a16470c3,중국수련손만두,한식,김천 삼색이수상권,상권활성화구역,경상북도,1.0,3.0,,,P1_BINARY_THRESHOLD,True,,,,,
86a95ed22a724d2ad580,test,중식,T2 동의어,q_중식_02,중국집,음식점 중 '중식'을 판매·제공하는 매장,634ba1f0-0d22-4c53-a17f-0c6b52bb3483,신정국집,국,㈜신정시장,전통시장,울산광역시,0.0,0.0,,,RESOLVED_AGREEMENT,False,0,,,,
e9b629b05686919f39f8,test,중식,T2 동의어,q_중식_02,중국집,음식점 중 '중식'을 판매·제공하는 매장,61238203-427d-4de3-b040-86b35cab8a81,중국성,중식,하안주공3단지 골목형상점가,골목형상점가,경기도,3.0,3.0,,,RESOLVED_AGREEMENT,False,3,,,,
a10404c1038b1b92baaa,test,중식,T2 동의어,q_중식_02,중국집,음식점 중 '중식'을 판매·제공하는 매장,000ad086-7f53-4aa5-b6df-3e57737371e3,짬뽕이 땡기는가,짬뽕,서천시장거리 골목형상점가,골목형상점가,충청남도,3.0,3.0,,,RESOLVED_AGREEMENT,False,3,,,,
ae345b65199ef202cb23,test,중식,T2 동의어,q_중식_02,중국집,음식점 중 '중식'을 판매·제공하는 매장,a0ecd82d-ef65-40eb-b9eb-b47df2409929,서가네국집,음식점,남부골목시장,전통시장,서울특별시,1.0,1.0,,,RESOLVED_AGREEMENT,False,1,,,,
cd9d4466ab96227be35a,test,중식,T2 동의어,q_중식_02,중국집,음식점 중 '중식'을 판매·제공하는 매장,fbed0a52-cde9-48fd-94aa-8966b46c9462,중국식품,,평택통복시장,전통시장,경기도,1.0,0.0,,,P2_GRADED_ONLY,True,,,,,
1638a7bb0c01b1a02b25,test,중식,T2 동의어,q_중식_02,중국집,음식점 중 '중식'을 판매·제공하는 매장,17a4bdd1-3689-4258-b3db-481b16761853,농업회사법인예천군농축특산물홍보판매단주식회사,,예천상설시장,전통시장,경상북도,0.0,0.0,,,RESOLVED_AGREEMENT,False,0,,,,
251e56de4205de1729c9,test,중식,T2 동의어,q_중식_03,중화요리,음식점 중 '중식'을 판매·제공하는 매장,532545a2-f068-43fd-9905-e6b125d48200,취팔러마 중화요리,중식,거창 전통시장,전통시장,경상남도,3.0,3.0,,,RESOLVED_AGREEMENT,False,3,,,,
96c92d70733a9f02bc69,test,중식,T2 동의어,q_중식_03,중화요리,음식점 중 '중식'을 판매·제공하는 매장,0369b808-6d4f-4b37-8f25-7e3287a3e3a9,서반장항아리왕짬뽕,,관평동 골목형상점가,골목형상점가,대전광역시,3.0,3.0,,,RESOLVED_AGREEMENT,False,3,,,,
1c0d55099a870350496d,test,중식,T2 동의어,q_중식_03,중화요리,음식점 중 '중식'을 판매·제공하는 매장,6b696901-f0d0-48db-9096-cb9be266d122,따뜻한자리 그로서리 상인점,과일 채소 밀키트 신선식품,상인화성파크 골목형상점가,골목형상점가,대구광역시,0.0,0.0,,,RESOLVED_AGREEMENT,False,0,,,,
23c8babecd965488853f,test,중식,T2 동의어,q_중식_03,중화요리,음식점 중 '중식'을 판매·제공하는 매장,776836b8-69fb-47ee-9c36-55a9410107e7,인생짬뽕,중화요리,송정중앙 골목형상점가,골목형상점가,광주광역시,3.0,3.0,,,RESOLVED_AGREEMENT,False,3,,,,
36d7008307dca481d215,test,중식,T2 동의어,q_중식_03,중화요리,음식점 중 '중식'을 판매·제공하는 매장,dc18eecc-092c-4d9b-aa39-e16e58450c34,보성반점,중화요리,양북시장,전통시장,경상북도,3.0,3.0,,,RESOLVED_AGREEMENT,False,3,,,,
a22768815d7304f83971,test,중식,T2 동의어,q_중식_03,중화요리,음식점 중 '중식'을 판매·제공하는 매장,ae2967db-43b6-499a-b51a-4294784c5219,아서원,중화요리,운암 동운로 골목형상점가,골목형상점가,광주광역시,3.0,3.0,,,RESOLVED_AGREEMENT,False,3,,,,
9dbedf67a8e4b077c8a0,test,중식,T2 동의어,q_중식_03,중화요리,음식점 중 '중식'을 판매·제공하는 매장,56933a19-32b7-4867-a074-a35ab2ad3ced,중화요리 동성,중식,맹동혁신골목형상점가,골목형상점가,충청북도,3.0,3.0,,,RESOLVED_AGREEMENT,False,3,,,,
688dcc7079fdc4b6f158,test,중식,T2 동의어,q_중식_03,중화요리,음식점 중 '중식'을 판매·제공하는 매장,87394c4c-d5e0-4da5-bee3-14ecbcfb7a9f,화열,중화요리,봉선2로 골목형상점가,골목형상점가,광주광역시,3.0,3.0,,,RESOLVED_AGREEMENT,False,3,,,,
d4ec275678128728b2ae,test,중식,T2 동의어,q_중식_03,중화요리,음식점 중 '중식'을 판매·제공하는 매장,004af3ce-488b-4a6f-a066-862e26430938,호재짬뽕,,게내공원길 골목형상점가,골목형상점가,서울특별시,3.0,3.0,,,RESOLVED_AGREEMENT,False,3,,,,
878da7c53d72ab4aeeea,test,중식,T2 동의어,q_중식_03,중화요리,음식점 중 '중식'을 판매·제공하는 매장,00e0fdc1-dde3-4fc6-bb61-6bbace454a01,도야짬뽕평촌점,중식,귀인동먹거리촌 골목형상점가,골목형상점가,경기도,3.0,3.0,,,RESOLVED_AGREEMENT,False,3,,,,
525f2bd7b9dce5ecdb78,test,중식,T2 동의어,q_중식_03,중화요리,음식점 중 '중식'을 판매·제공하는 매장,00c95d45-2ff3-4066-a179-c026f0528d0c,명장,중식,옥과설산골목형상점가,골목형상점가,전라남도,3.0,3.0,,,RESOLVED_AGREEMENT,False,3,,,,
373bc449d237b54c3980,test,중식,T2 동의어,q_중식_03,중화요리,음식점 중 '중식'을 판매·제공하는 매장,0193214f-e716-440d-afbe-a93f1d75a078,1키로 탕수육 산본점,탕수육,산본사거리 골목형상점가,골목형상점가,경기도,3.0,3.0,,,RESOLVED_AGREEMENT,False,3,,,,
e8a529d52607806e10d4,test,중식,T2 동의어,q_중식_03,중화요리,음식점 중 '중식'을 판매·제공하는 매장,e634ebd6-dfc6-472a-834a-0a7f614d1ee9,금화루,중화요리,성서용산시장,전통시장,대구광역시,3.0,3.0,,,RESOLVED_AGREEMENT,False,3,,,,
3cdfc25b61b478474074,test,중식,T2 동의어,q_중식_03,중화요리,음식점 중 '중식'을 판매·제공하는 매장,b879ac7f-b0ad-4676-8979-ff075d3beb3b,목회밭,중화요리,산수 먹자골목 골목형상점가,골목형상점가,광주광역시,3.0,3.0,,,RESOLVED_AGREEMENT,False,3,,,,
14a16dcd01f74e493cd1,test,중식,T2 동의어,q_중식_03,중화요리,음식점 중 '중식'을 판매·제공하는 매장,00f2b06a-d82a-4740-ac18-d898c209d5a5,짜이짜이,중식,충장로123가 상점가,자율상권구역,광주광역시,3.0,3.0,,,RESOLVED_AGREEMENT,False,3,,,,
07447409213a89a57c49,test,중식,T2 동의어,q_중식_03,중화요리,음식점 중 '중식'을 판매·제공하는 매장,cc023032-d0de-482f-bf6b-75db11e2d205,차돌관,중화요리,신창중앙,골목형상점가,광주광역시,3.0,3.0,,,RESOLVED_AGREEMENT,False,3,,,,
0c7c690b832dbddb7e23,test,중식,T2 동의어,q_중식_03,중화요리,음식점 중 '중식'을 판매·제공하는 매장,74b2b026-c39c-4681-929d-47d6c4ccfbf3,민속촌,음식점,고덕골목형상점가,골목형상점가,서울특별시,1.0,1.0,,,RESOLVED_AGREEMENT,False,1,,,,
70776e8fcb2dd94b77e7,test,중식,T2 동의어,q_중식_03,중화요리,음식점 중 '중식'을 판매·제공하는 매장,726f1c46-bc04-40a0-88b3-e1c4a58dc0d6,숭례문중화요리,중식,계수마을상인회 골목형상점가,골목형상점가,광주광역시,3.0,3.0,,,RESOLVED_AGREEMENT,False,3,,,,
bc72d2ddc30757c6241d,test,중식,T2 동의어,q_중식_03,중화요리,음식점 중 '중식'을 판매·제공하는 매장,470a1cfc-c959-4031-b824-0c5ddef627fe,왕짬뽕,중화요리,송도역전시장,전통시장,인천광역시,3.0,3.0,,,RESOLVED_AGREEMENT,False,3,,,,
731b5f5ed01a564df6a3,test,중식,T2 동의어,q_중식_03,중화요리,음식점 중 '중식'을 판매·제공하는 매장,768bb03c-831f-4776-add9-86e1496b7812,황제,중화요리,은구비서로사회적협동조합 골목형상점가,골목형상점가,대전광역시,3.0,3.0,,,RESOLVED_AGREEMENT,False,3,,,,
c2da4e076be71b9b92d7,test,중식,T2 동의어,q_중식_03,중화요리,음식점 중 '중식'을 판매·제공하는 매장,46e66260-5141-440c-81ec-16ab1f3ced3e,장춘 중화요리,중식,조종시장,전통시장,경기도,3.0,3.0,,,RESOLVED_AGREEMENT,False,3,,,,
d3ce3144fd0289273941,test,중식,T2 동의어,q_중식_03,중화요리,음식점 중 '중식'을 판매·제공하는 매장,0238f2dd-085f-48bf-a543-5d59d8b2f10f,기통치킨탕수육호프,치킨탕수육,성안길상점가,자율상권구역,충청북도,3.0,3.0,,,RESOLVED_AGREEMENT,False,3,,,,
84a8a165d2af5843cad5,test,중식,T2 동의어,q_중식_03,중화요리,음식점 중 '중식'을 판매·제공하는 매장,1333d868-b376-48da-ad19-2925edb63d50,금곡상회,음식료및잡화,영월서부공설시장,전통시장,강원특별자치도,0.0,0.0,,,RESOLVED_AGREEMENT,False,0,,,,
7c22adad5a49a6759656,test,중식,T2 동의어,q_중식_03,중화요리,음식점 중 '중식'을 판매·제공하는 매장,000e6461-698b-42f6-842b-cf95393fee89,탕화쿵푸마라탕 전대점,중식,중흥청춘로 골목형상점가,골목형상점가,광주광역시,3.0,3.0,,,RESOLVED_AGREEMENT,False,3,,,,
cdfba0f2032c3f0b2682,test,중식,T2 동의어,q_중식_03,중화요리,음식점 중 '중식'을 판매·제공하는 매장,201d444c-1a31-4dbc-8aea-c32b79a53e37,진불중화요리,중식,개봉입구골목상가 골목형상점가,골목형상점가,서울특별시,3.0,3.0,,,RESOLVED_AGREEMENT,False,3,,,,
b6c243ad49c00ef8e24a,test,중식,T2 동의어,q_중식_03,중화요리,음식점 중 '중식'을 판매·제공하는 매장,860c03bc-0eb9-4c7e-af65-f79baf953e35,대동반점,중화요리,광탄전통시장,전통시장,경기도,3.0,3.0,,,RESOLVED_AGREEMENT,False,3,,,,
e96a61e00a83f0e720af,test,중식,T2 동의어,q_중식_03,중화요리,음식점 중 '중식'을 판매·제공하는 매장,76bf4a76-fcae-4933-bf7e-af496a52cc71,태자관 중화요리,중식,상공회의소누리상인회 골목형상점가,골목형상점가,광주광역시,3.0,3.0,,,RESOLVED_AGREEMENT,False,3,,,,
46972db74ad86e4c5267,test,중식,T2 동의어,q_중식_03,중화요리,음식점 중 '중식'을 판매·제공하는 매장,674771e5-889a-421a-83da-fa7b898471eb,예쁜옷집,의류,도마큰시장,전통시장,대전광역시,0.0,0.0,,,RESOLVED_AGREEMENT,False,0,,,,
1ef7908c79a2ad843616,test,중식,T2 동의어,q_중식_03,중화요리,음식점 중 '중식'을 판매·제공하는 매장,0920f08e-ee4b-43f5-8400-8ee605567276,7080손짜장,중화요리,부곡맛고을상가,자율상권구역,경상북도,3.0,3.0,,,RESOLVED_AGREEMENT,False,3,,,,
fdf264a67162c43b193d,test,중식,T2 동의어,q_중식_03,중화요리,음식점 중 '중식'을 판매·제공하는 매장,116365cb-ffed-43e1-9971-6df263d877cc,짜짜루,중국집,하동공설시장,전통시장,경상남도,3.0,3.0,,,RESOLVED_AGREEMENT,False,3,,,,
5f115375c372c7685263,test,중식,T2 동의어,q_중식_03,중화요리,음식점 중 '중식'을 판매·제공하는 매장,84f0d92d-6c5e-4e15-afb3-1e349fa9cc5d,중화요리미향,음식점업(중화요리),산본전통시장(구 군포산본시장),전통시장,경기도,3.0,3.0,,,RESOLVED_AGREEMENT,False,3,,,,
c6426941c6e0bfeb7a48,test,중식,T2 동의어,q_중식_03,중화요리,음식점 중 '중식'을 판매·제공하는 매장,cbb99c44-22eb-4df9-94cb-391a59962dfd,덕성원 중화요리,중식,김포 사우먹자골목형상점가,골목형상점가,경기도,3.0,3.0,,,RESOLVED_AGREEMENT,False,3,,,,
84084edb1df2ca0439e0,test,중식,T2 동의어,q_중식_03,중화요리,음식점 중 '중식'을 판매·제공하는 매장,416a5521-45d7-4768-abe2-95641c3ff383,츠츠허허,중화요리,오치2동 골목형상점가,골목형상점가,광주광역시,3.0,3.0,,,RESOLVED_AGREEMENT,False,3,,,,
5aef6076a62ea0640553,test,중식,T2 동의어,q_중식_03,중화요리,음식점 중 '중식'을 판매·제공하는 매장,b24d09f3-fb08-4fd2-9d74-04ca6638f6ff,복무춘,중화요리,영동전통시장,전통시장,충청북도,3.0,3.0,,,RESOLVED_AGREEMENT,False,3,,,,
f3d4c99edcc4e400a089,test,중식,T2 동의어,q_중식_03,중화요리,음식점 중 '중식'을 판매·제공하는 매장,0de1bc3f-ef27-4c0c-aaf7-a28d659beba0,일품,요리,성내전통시장,전통시장,서울특별시,0.0,0.0,,,RESOLVED_AGREEMENT,False,0,,,,
01dc18ab7b7b322ea852,test,중식,T2 동의어,q_중식_03,중화요리,음식점 중 '중식'을 판매·제공하는 매장,9189af7b-a846-4d64-b4a7-2d08b1047fb8,사천,중화요리,강진읍 상권활성화구역,상권활성화구역,전라남도,3.0,3.0,,,RESOLVED_AGREEMENT,False,3,,,,
d2c7e8b4ae6414c7b634,test,중식,T2 동의어,q_중식_03,중화요리,음식점 중 '중식'을 판매·제공하는 매장,291ab45c-d13d-42d6-b893-ded930bb8890,율짬뽕,중국집,동쪽바다중앙시장(구 동해중앙시장),전통시장,강원특별자치도,3.0,3.0,,,RESOLVED_AGREEMENT,False,3,,,,
66e4a1e5debfeaa4d2d3,test,중식,T2 동의어,q_중식_03,중화요리,음식점 중 '중식'을 판매·제공하는 매장,9fc047cb-bb8c-44cc-9f41-0a0007c88ded,평화반점,중화요리,황지자유시장,전통시장,강원특별자치도,3.0,3.0,,,RESOLVED_AGREEMENT,False,3,,,,
4c72ec4f6ac695d9c9cb,test,중식,T2 동의어,q_중식_03,중화요리,음식점 중 '중식'을 판매·제공하는 매장,9fdddd61-0ccd-4cb9-a4f0-b8c9bd9028c4,유단네방앗간,참기름,구룡포시장,전통시장,경상북도,0.0,0.0,,,RESOLVED_AGREEMENT,False,0,,,,
e3298cd044c8840846a9,test,중식,T2 동의어,q_중식_03,중화요리,음식점 중 '중식'을 판매·제공하는 매장,d789f11c-7608-48fb-8f7d-6163cd62794e,학짬뽕,중화요리,양림공예거리 골목형상점가,골목형상점가,광주광역시,3.0,3.0,,,RESOLVED_AGREEMENT,False,3,,,,
d78a9b8282945bf9ebc6,test,중식,T2 동의어,q_중식_03,중화요리,음식점 중 '중식'을 판매·제공하는 매장,8128c412-4fc3-44a5-b1de-2005725d6ab8,장터중화요리,,남창옹기종기시장,전통시장,울산광역시,3.0,3.0,,,RESOLVED_AGREEMENT,False,3,,,,
bf6d24f1c502dead86bb,test,중식,T2 동의어,q_중식_03,중화요리,음식점 중 '중식'을 판매·제공하는 매장,a2f4a18f-e719-443b-845b-33d3981eb68d,신짬뽕,중국집,둔산3동상점가,자율상권구역,대전광역시,3.0,3.0,,,RESOLVED_AGREEMENT,False,3,,,,
992f1112f63919181383,test,중식,T2 동의어,q_중식_03,중화요리,음식점 중 '중식'을 판매·제공하는 매장,000ad086-7f53-4aa5-b6df-3e57737371e3,짬뽕이 땡기는가,짬뽕,서천시장거리 골목형상점가,골목형상점가,충청남도,3.0,3.0,,,RESOLVED_AGREEMENT,False,3,,,,
800f27f768f1190da9fe,test,중식,T2 동의어,q_중식_03,중화요리,음식점 중 '중식'을 판매·제공하는 매장,bb5a0cec-2664-449e-adb4-bca0621089f7,하얼빈,중화요리,주월1동독립로 골목형상점가,골목형상점가,광주광역시,3.0,3.0,,,RESOLVED_AGREEMENT,False,3,,,,
ba4f2fef3c17c339ca22,test,중식,T2 동의어,q_중식_03,중화요리,음식점 중 '중식'을 판매·제공하는 매장,18df84ef-f4a9-4558-b358-ecd0f10bc3de,만리향,중화요리,춘천중앙시장,전통시장,강원특별자치도,3.0,3.0,,,RESOLVED_AGREEMENT,False,3,,,,
33abc62a5fc3dcccecd2,test,중식,T2 동의어,q_중식_03,중화요리,음식점 중 '중식'을 판매·제공하는 매장,11f106c6-21aa-44b5-9a89-e53c2dfb2ba6,진차이,"탕수육, 짬뽕, 짜장",목대온기 골목형상점가,골목형상점가,대전광역시,3.0,3.0,,,RESOLVED_AGREEMENT,False,3,,,,
f8dafb12fbd45d63dc04,test,중식,T2 동의어,q_중식_03,중화요리,음식점 중 '중식'을 판매·제공하는 매장,f47428dc-18d3-4e0e-a02b-fef719da6c39,충무공 중화요리,중식,우수영 골목형상점가,골목형상점가,전라남도,3.0,3.0,,,RESOLVED_AGREEMENT,False,3,,,,
df94cb84ca393da6e6d2,test,중식,T2 동의어,q_중식_03,중화요리,음식점 중 '중식'을 판매·제공하는 매장,011253e1-0a18-4068-84a9-9ee8f83460b6,도도,음식점(중식),화도창현상점가,골목형상점가,경기도,3.0,3.0,,,RESOLVED_AGREEMENT,False,3,,,,
7d6c820cea9ed0382c9c,test,중식,T2 동의어,q_중식_03,중화요리,음식점 중 '중식'을 판매·제공하는 매장,19edcfa8-da21-46b2-a3b8-d3f0c493b3c2,성원관,중화요리,창원 성원3차종합상가,전통시장,경상남도,3.0,3.0,,,RESOLVED_AGREEMENT,False,3,,,,
e181e5a7b8e7432a12c7,test,중식,T2 동의어,q_중식_03,중화요리,음식점 중 '중식'을 판매·제공하는 매장,06fe7733-54b9-4fc8-8a3b-556f50d1cdcc,중화요리진,,주천골목형상점가,골목형상점가,강원특별자치도,3.0,3.0,,,RESOLVED_AGREEMENT,False,3,,,,
c28d0764948394019219,test,중식,T2 동의어,q_중식_03,중화요리,음식점 중 '중식'을 판매·제공하는 매장,b342c16d-3dff-47e7-8401-5978cd13500f,마코 여주점,의류,여주한글시장(여주중앙로상점가),전통시장,경기도,0.0,0.0,,,RESOLVED_AGREEMENT,False,0,,,,
c3173f8987c8bcb23dae,test,중식,T2 동의어,q_중식_03,중화요리,음식점 중 '중식'을 판매·제공하는 매장,9802318b-8617-4b9a-8028-982c66749a73,계림,중화요리,광주송정역세권 상권활성화구역,상권활성화구역,광주광역시,3.0,3.0,,,RESOLVED_AGREEMENT,False,3,,,,
94a15a1d3dc6c2f5af03,test,중식,T2 동의어,q_중식_03,중화요리,음식점 중 '중식'을 판매·제공하는 매장,534d553f-151f-42c5-bd34-08ae1bda38ab,홍문각,중화요리,계수마을상인회 골목형상점가,골목형상점가,광주광역시,3.0,3.0,,,RESOLVED_AGREEMENT,False,3,,,,
facf3dfaabb10e82e1c5,test,중식,T2 동의어,q_중식_03,중화요리,음식점 중 '중식'을 판매·제공하는 매장,b05812a1-0f1e-4ef8-a3bf-03e6003fcb94,ddbros(디디브로스),"꽃, 식물",개항희망문화상권 상권활성화구역,상권활성화구역,인천광역시,0.0,0.0,,,RESOLVED_AGREEMENT,False,0,,,,
eaca259bbdb5e8405018,test,중식,T2 동의어,q_중식_03,중화요리,음식점 중 '중식'을 판매·제공하는 매장,66685b05-23a4-4080-9569-2b630d133b24,태화루,중화요리,마로관기시장(관기재래시장),전통시장,충청북도,3.0,3.0,,,RESOLVED_AGREEMENT,False,3,,,,
e6c8a13a1cceb1bc97ac,test,중식,T2 동의어,q_중식_03,중화요리,음식점 중 '중식'을 판매·제공하는 매장,fdd6ddb6-aff4-49af-81a1-12c4820d81f4,팟초이,중화요리,공항동먹자골목골목형상점가,골목형상점가,서울특별시,3.0,3.0,,,RESOLVED_AGREEMENT,False,3,,,,
2dd9f3eec80f6c726c79,test,중식,T2 동의어,q_중식_03,중화요리,음식점 중 '중식'을 판매·제공하는 매장,74bb1fa2-c696-4b7f-a94c-e60b51332024,화 중화요리,중화요리,화도창현상점가,골목형상점가,경기도,3.0,3.0,,,RESOLVED_AGREEMENT,False,3,,,,
08d5ef1c2966d38a16d9,test,중식,T2 동의어,q_중식_03,중화요리,음식점 중 '중식'을 판매·제공하는 매장,0fe75e4c-06f8-43e9-9177-a47e3e98d75b,봉봉반점,중화요리,삼천동제일 골목형상점가,골목형상점가,전북특별자치도,3.0,3.0,,,RESOLVED_AGREEMENT,False,3,,,,
64d943fb582e102198f7,test,중식,T2 동의어,q_중식_03,중화요리,음식점 중 '중식'을 판매·제공하는 매장,7be83d91-0913-485f-b492-cb22db870f77,산돌중화요리,중화요리,꽃밭정이 골목형상점가,골목형상점가,전북특별자치도,3.0,3.0,,,RESOLVED_AGREEMENT,False,3,,,,
77d1ed728933c4d75ba2,test,중식,T2 동의어,q_중식_03,중화요리,음식점 중 '중식'을 판매·제공하는 매장,004661ce-f943-4561-9c9d-d888ccc58c1e,니뽕내뽕천안신부점,퓨전짬뽕,천안신부문화거리상점가,자율상권구역,충청남도,3.0,3.0,,,RESOLVED_AGREEMENT,False,3,,,,
e2f252bbe9e4c2440648,test,중식,T2 동의어,q_중식_03,중화요리,음식점 중 '중식'을 판매·제공하는 매장,efa7a863-51b2-4de7-be9d-ea4c2e8b8129,중화요리 초마초마,중화요리,효자동4동 후곡길 골목형상점가,골목형상점가,전북특별자치도,3.0,3.0,,,RESOLVED_AGREEMENT,False,3,,,,
7bac0e6a99afc1d7eaa1,test,중식,T2 동의어,q_중식_03,중화요리,음식점 중 '중식'을 판매·제공하는 매장,2bb96c93-e681-4c39-afa4-bc904cf4700e,만리장성,중화요리,선운 골목형상점가,골목형상점가,광주광역시,3.0,3.0,,,RESOLVED_AGREEMENT,False,3,,,,
95fde93f9e7153508690,test,중식,T2 동의어,q_중식_03,중화요리,음식점 중 '중식'을 판매·제공하는 매장,0117062e-156e-475e-bd98-93585f54e25e,몽짬뽕원주직영점,,혁신도시3구역 골목형상점가,골목형상점가,강원특별자치도,3.0,3.0,,,RESOLVED_AGREEMENT,False,3,,,,
fe5b9e26f968b2583d89,test,중식,T2 동의어,q_중식_03,중화요리,음식점 중 '중식'을 판매·제공하는 매장,22d1e0ec-d4b4-4b09-9a8b-3e8d471a84c4,해바라기 치과의원,치과,구성언남 골목형상점가,골목형상점가,경기도,0.0,0.0,,,RESOLVED_AGREEMENT,False,0,,,,
e9e08d4f194cf02dbc51,test,중식,T2 동의어,q_중식_03,중화요리,음식점 중 '중식'을 판매·제공하는 매장,0e50dcc7-9c2b-441d-b386-a4a4ddb0f875,대동식당,"족발, 수육",칠성종합 상권활성화구역,상권활성화구역,대구광역시,0.0,1.0,,,P2_GRADED_ONLY,True,,,,,
98432789ea84f3a5181b,test,중식,T2 동의어,q_중식_03,중화요리,음식점 중 '중식'을 판매·제공하는 매장,53bf3234-7d24-4b55-97ba-cb443a5ffbb7,중화요리 북경,,정남진활력의거리 골목형상점가,골목형상점가,,3.0,3.0,,,RESOLVED_AGREEMENT,False,3,,,,
e9a7039d58b90c0de28e,test,중식,T2 동의어,q_중식_03,중화요리,음식점 중 '중식'을 판매·제공하는 매장,06834ba2-563f-4b9c-a452-d9fa21678afd,계화중식,중화요리,도화동상점가,자율상권구역,서울특별시,3.0,3.0,,,RESOLVED_AGREEMENT,False,3,,,,
6653d2e72b92271f3411,test,중식,T2 동의어,q_중식_03,중화요리,음식점 중 '중식'을 판매·제공하는 매장,3b038cca-e966-4bc8-a0a1-2570b34dfeff,장안성,중화요리,금당산길상인회 골목형상점가,골목형상점가,광주광역시,3.0,3.0,,,RESOLVED_AGREEMENT,False,3,,,,
c378132cfa65f7fd941a,test,중식,T2 동의어,q_중식_03,중화요리,음식점 중 '중식'을 판매·제공하는 매장,86d88308-344a-4446-b0ae-6053f58dd432,성포중국집,,거제 성포 골목형상점가,골목형상점가,경상남도,3.0,3.0,,,RESOLVED_AGREEMENT,False,3,,,,
750a795ea0d431d603c2,test,중식,T2 동의어,q_중식_03,중화요리,음식점 중 '중식'을 판매·제공하는 매장,fb6acccb-5720-425c-b961-9baa21c975fe,대성각,중화요리,쌍촌로상인회 골목형상점가,골목형상점가,광주광역시,3.0,3.0,,,RESOLVED_AGREEMENT,False,3,,,,
290a5f5dba8369800f30,test,중식,T2 동의어,q_중식_03,중화요리,음식점 중 '중식'을 판매·제공하는 매장,82b342bc-764a-4511-8d7e-d67ba6d5c8a0,중화요리 봉주루,,혁신도시3구역 골목형상점가,골목형상점가,강원특별자치도,3.0,3.0,,,RESOLVED_AGREEMENT,False,3,,,,
998f605c58a39cae1f96,test,중식,T2 동의어,q_중식_03,중화요리,음식점 중 '중식'을 판매·제공하는 매장,0ad1e916-8b1c-4de8-ade6-6535b3dc0631,형제반점,중화요리,오수상점가,자율상권구역,전북특별자치도,3.0,3.0,,,RESOLVED_AGREEMENT,False,3,,,,
38aef1b447a67c10ae67,test,중식,T2 동의어,q_중식_03,중화요리,음식점 중 '중식'을 판매·제공하는 매장,1fe7707f-11aa-4345-bf43-1562aab5a9e4,몽탄손짜장,중화요리,무안전통시장,전통시장,전라남도,3.0,3.0,,,RESOLVED_AGREEMENT,False,3,,,,
80f6a2843dbbee1c4ccd,test,중식,T2 동의어,q_중식_03,중화요리,음식점 중 '중식'을 판매·제공하는 매장,84c47ed9-30dd-4775-8723-85088bc0413d,남강중화요리,중화요리,오수시장,전통시장,전북특별자치도,3.0,3.0,,,RESOLVED_AGREEMENT,False,3,,,,
77784cedf8eb7953255f,test,중식,T2 동의어,q_중식_03,중화요리,음식점 중 '중식'을 판매·제공하는 매장,a3893dad-4fe5-4ab6-b8a4-9c6dcfac78d4,영흥관,중화요리,백년소상공인,기타,전북특별자치도,3.0,3.0,,,RESOLVED_AGREEMENT,False,3,,,,
9a2dc8b7e38b6c1fc594,test,중식,T2 동의어,q_중식_03,중화요리,음식점 중 '중식'을 판매·제공하는 매장,0a230bc3-6a24-48f7-b574-69d45d24f49b,시골향숙식,수육,오산오색시장(구 오산중앙시장),전통시장,경기도,0.0,0.0,,,RESOLVED_AGREEMENT,False,0,,,,
507dd6bbe88d407ea262,test,중식,T2 동의어,q_중식_03,중화요리,음식점 중 '중식'을 판매·제공하는 매장,d96f92ca-f2f6-41d7-950f-c2ad57ec8d16,화랑성,중화요리,신도안면 골목형상점가,골목형상점가,충청남도,3.0,3.0,,,RESOLVED_AGREEMENT,False,3,,,,
5851eb6d448e0355ff9c,test,중식,T2 동의어,q_중식_03,중화요리,음식점 중 '중식'을 판매·제공하는 매장,31fd26d5-e3cb-4c7f-9b21-929e35acb027,태황성,중화요리,인동시장,전통시장,대전광역시,3.0,3.0,,,RESOLVED_AGREEMENT,False,3,,,,
bc746207bd12d7b596e4,test,중식,T2 동의어,q_중식_03,중화요리,음식점 중 '중식'을 판매·제공하는 매장,8f4cfbae-c2fd-433a-966c-c1f220fe526f,수림관,중국집,당감시장,전통시장,부산광역시,3.0,3.0,,,RESOLVED_AGREEMENT,False,3,,,,
af659e60261480b981ab,test,중식,T2 동의어,q_중식_03,중화요리,음식점 중 '중식'을 판매·제공하는 매장,f302f344-81cb-47ca-9551-09af2790891a,신도짜장,중화요리,신도꼼지락시장,전통시장,대전광역시,3.0,3.0,,,RESOLVED_AGREEMENT,False,3,,,,
b2bc7a8f9855eafea06b,test,중식,T2 동의어,q_중식_03,중화요리,음식점 중 '중식'을 판매·제공하는 매장,9153fc8c-8d61-42ba-a403-ece3e2a883c0,단심가,중화요리,아름동상점가,자율상권구역,세종특별자치시,3.0,3.0,,,RESOLVED_AGREEMENT,False,3,,,,
7d00ee2f1e984fa023d2,test,중식,T2 동의어,q_중식_03,중화요리,음식점 중 '중식'을 판매·제공하는 매장,a6f42da8-14f0-41fa-bed7-3b31dd26883c,하오짬뽕,중화요리,성서용산시장,전통시장,대구광역시,3.0,3.0,,,RESOLVED_AGREEMENT,False,3,,,,
e70c63039e7583aec853,test,중식,T2 동의어,q_중식_03,중화요리,음식점 중 '중식'을 판매·제공하는 매장,28bdc6b4-fc64-40d2-924f-ca692b977274,디온루,중화요리,전평제상인회 골목형상점가,골목형상점가,광주광역시,3.0,3.0,,,RESOLVED_AGREEMENT,False,3,,,,
7271a9bdffd3044a1ddc,test,중식,T2 동의어,q_중식_03,중화요리,음식점 중 '중식'을 판매·제공하는 매장,afe23118-b49e-42dd-a320-6c61372a5afa,오케이 중화요리,,화천재래시장,전통시장,강원특별자치도,3.0,3.0,,,RESOLVED_AGREEMENT,False,3,,,,
26535949c51b694dc8c4,test,중식,T2 동의어,q_중식_03,중화요리,음식점 중 '중식'을 판매·제공하는 매장,87415444-20e4-40e5-a93e-fe9429c077f4,중화각,중화요리,부평깡시장,전통시장,인천광역시,3.0,3.0,,,RESOLVED_AGREEMENT,False,3,,,,
9b70c6efa13070cbfc60,test,중식,T2 동의어,q_중식_04,짬뽕,음식점 중 '중식'을 판매·제공하는 매장,7c45644e-1b5f-4019-84c0-072b182c6a72,짬뽕타임,짬뽕,평촌1번가 상점가,자율상권구역,경기도,3.0,3.0,,,RESOLVED_AGREEMENT,False,3,,,,
40f1475f37eb85364f03,test,중식,T2 동의어,q_중식_04,짬뽕,음식점 중 '중식'을 판매·제공하는 매장,116365cb-ffed-43e1-9971-6df263d877cc,짜짜루,중국집,하동공설시장,전통시장,경상남도,2.0,3.0,,,P2_GRADED_ONLY,True,,,,,
cf703e382d13cbeb014b,test,중식,T2 동의어,q_중식_04,짬뽕,음식점 중 '중식'을 판매·제공하는 매장,dee6de63-830c-4e06-ab4c-e29fa2493959,본가 교동짬뽕,짬뽕,익산 다e로움 상권활성화구역,상권활성화구역,전북특별자치도,3.0,3.0,,,RESOLVED_AGREEMENT,False,3,,,,
0333b2372ba3c955ca57,test,중식,T2 동의어,q_중식_04,짬뽕,음식점 중 '중식'을 판매·제공하는 매장,c95e4d52-ee09-43ab-a1d1-b5b87805273a,평택진미 칼국수,한식,평택통복시장,전통시장,경기도,1.0,1.0,,,RESOLVED_AGREEMENT,False,1,,,,
c20d41215804905d9484,test,중식,T2 동의어,q_중식_04,짬뽕,음식점 중 '중식'을 판매·제공하는 매장,1b433a72-88fd-45d0-9969-fa945145f5de,교동짬뽕,"짬뽕, 짜장면",충효어린이공원 골목형상점가,골목형상점가,광주광역시,3.0,3.0,,,RESOLVED_AGREEMENT,False,3,,,,
3a0eb82caa52f8fa0ff4,test,중식,T2 동의어,q_중식_04,짬뽕,음식점 중 '중식'을 판매·제공하는 매장,2406df73-692b-4725-859f-6779caf8c06e,짬뽕별관,짬뽕,관저동 먹자골목 골목형상점가,골목형상점가,대전광역시,3.0,3.0,,,RESOLVED_AGREEMENT,False,3,,,,
2d8aaf98891712127b83,test,중식,T2 동의어,q_중식_04,짬뽕,음식점 중 '중식'을 판매·제공하는 매장,f3e38331-1229-4e67-a5ab-2a845d65709e,해짬뽕,짬뽕,봉리단길골목형상점가,골목형상점가,서울특별시,3.0,3.0,,,RESOLVED_AGREEMENT,False,3,,,,
b1015ec5fefea38c6416,test,중식,T2 동의어,q_중식_04,짬뽕,음식점 중 '중식'을 판매·제공하는 매장,063ab82e-a791-4cf0-90ee-cdcae351dc8e,첸,짜장면 짬뽕,원당 중앙로 골목형상점가,골목형상점가,인천광역시,3.0,3.0,,,RESOLVED_AGREEMENT,False,3,,,,
7c9a27feb8aba7373c6d,test,중식,T2 동의어,q_중식_04,짬뽕,음식점 중 '중식'을 판매·제공하는 매장,9a482496-fff4-4127-be75-b55259aa9260,열라용짬뽕,짬뽕,태백중앙로상점가,자율상권구역,강원특별자치도,3.0,3.0,,,RESOLVED_AGREEMENT,False,3,,,,
8e01d611ff54fe671cba,test,중식,T2 동의어,q_중식_04,짬뽕,음식점 중 '중식'을 판매·제공하는 매장,291ab45c-d13d-42d6-b893-ded930bb8890,율짬뽕,중국집,동쪽바다중앙시장(구 동해중앙시장),전통시장,강원특별자치도,2.0,3.0,,,P2_GRADED_ONLY,True,,,,,
a56131604cc314cf9cb7,test,중식,T2 동의어,q_중식_04,짬뽕,음식점 중 '중식'을 판매·제공하는 매장,59d08cb9-5caa-45f8-a481-2b6982fdb8c2,황제반점,짬뽕,포남용마거리골목형상점가,골목형상점가,강원특별자치도,3.0,3.0,,,RESOLVED_AGREEMENT,False,3,,,,
4f18ee99dee982bad208,test,중식,T2 동의어,q_중식_04,짬뽕,음식점 중 '중식'을 판매·제공하는 매장,a3cc52bc-8a02-4cdd-9914-6178ddfcfce0,이(李)짬뽕,짬뽕,오류버들시장골목형상점가,골목형상점가,서울특별시,3.0,3.0,,,RESOLVED_AGREEMENT,False,3,,,,
3c3c7c2ca040f3ad1682,test,중식,T2 동의어,q_중식_04,짬뽕,음식점 중 '중식'을 판매·제공하는 매장,b1d7333e-f316-42d6-8581-b73b894c5531,나들방만물점,잡화,달서시장,전통시장,대구광역시,0.0,0.0,,,RESOLVED_AGREEMENT,False,0,,,,
666af7acdd2359fad78b,test,중식,T2 동의어,q_중식_04,짬뽕,음식점 중 '중식'을 판매·제공하는 매장,f2035a80-1046-4d92-ace1-1d0c9972fdd6,짬뽕지존,짬뽕,반곡동 골목형상점가,골목형상점가,세종특별자치시,3.0,3.0,,,RESOLVED_AGREEMENT,False,3,,,,
6526e957c4b6dbf9d300,test,중식,T2 동의어,q_중식_04,짬뽕,음식점 중 '중식'을 판매·제공하는 매장,000ad086-7f53-4aa5-b6df-3e57737371e3,짬뽕이 땡기는가,짬뽕,서천시장거리 골목형상점가,골목형상점가,충청남도,3.0,3.0,,,RESOLVED_AGREEMENT,False,3,,,,
e9b0c9766d38bb47fcda,test,중식,T2 동의어,q_중식_04,짬뽕,음식점 중 '중식'을 판매·제공하는 매장,0238f2dd-085f-48bf-a543-5d59d8b2f10f,기통치킨탕수육호프,치킨탕수육,성안길상점가,자율상권구역,충청북도,2.0,3.0,,,P2_GRADED_ONLY,True,,,,,
55302ec5ab5f0187d62d,test,중식,T2 동의어,q_중식_04,짬뽕,음식점 중 '중식'을 판매·제공하는 매장,11f106c6-21aa-44b5-9a89-e53c2dfb2ba6,진차이,"탕수육, 짬뽕, 짜장",목대온기 골목형상점가,골목형상점가,대전광역시,3.0,3.0,,,RESOLVED_AGREEMENT,False,3,,,,
87820e3b031fca1876b3,test,중식,T2 동의어,q_중식_04,짬뽕,음식점 중 '중식'을 판매·제공하는 매장,0a230bc3-6a24-48f7-b574-69d45d24f49b,시골향숙식,수육,오산오색시장(구 오산중앙시장),전통시장,경기도,0.0,0.0,,,RESOLVED_AGREEMENT,False,0,,,,
a00ffe37462dc0c84268,test,중식,T2 동의어,q_중식_04,짬뽕,음식점 중 '중식'을 판매·제공하는 매장,b0f97b08-9d18-45d0-9167-060a10624cb4,도야짬뽕 양산점,짬뽕,양산동 골목형상점가,골목형상점가,광주광역시,3.0,3.0,,,RESOLVED_AGREEMENT,False,3,,,,
a5ea15545aad97044b05,test,중식,T2 동의어,q_중식_04,짬뽕,음식점 중 '중식'을 판매·제공하는 매장,86d88308-344a-4446-b0ae-6053f58dd432,성포중국집,,거제 성포 골목형상점가,골목형상점가,경상남도,2.0,3.0,,,P2_GRADED_ONLY,True,,,,,
b1089b9a1d7ddbaf7ad3,test,중식,T2 동의어,q_중식_04,짬뽕,음식점 중 '중식'을 판매·제공하는 매장,abd4cd5c-1ae9-4199-a768-12692d07f29f,범짬뽕,,대명중앙시장,전통시장,대구광역시,3.0,3.0,,,RESOLVED_AGREEMENT,False,3,,,,
42b1e1a1039bd899b36f,test,중식,T2 동의어,q_중식_04,짬뽕,음식점 중 '중식'을 판매·제공하는 매장,0193214f-e716-440d-afbe-a93f1d75a078,1키로 탕수육 산본점,탕수육,산본사거리 골목형상점가,골목형상점가,경기도,2.0,3.0,,,P2_GRADED_ONLY,True,,,,,
946980ccb47ea8ea61e6,test,중식,T2 동의어,q_중식_04,짬뽕,음식점 중 '중식'을 판매·제공하는 매장,00e0fdc1-dde3-4fc6-bb61-6bbace454a01,도야짬뽕평촌점,중식,귀인동먹거리촌 골목형상점가,골목형상점가,경기도,3.0,3.0,,,RESOLVED_AGREEMENT,False,3,,,,
325a3911f797f006bb59,test,중식,T2 동의어,q_중식_04,짬뽕,음식점 중 '중식'을 판매·제공하는 매장,004661ce-f943-4561-9c9d-d888ccc58c1e,니뽕내뽕천안신부점,퓨전짬뽕,천안신부문화거리상점가,자율상권구역,충청남도,3.0,3.0,,,RESOLVED_AGREEMENT,False,3,,,,
0eb013ac2ccd9dbd8341,test,중식,T2 동의어,q_중식_04,짬뽕,음식점 중 '중식'을 판매·제공하는 매장,7f9a916f-6895-4da2-a381-feb95f002757,짬뽕로맨스,짬뽕,정부청사 골목형상점가,골목형상점가,광주광역시,3.0,3.0,,,RESOLVED_AGREEMENT,False,3,,,,
8dd51458a7828eb72724,test,중식,T2 동의어,q_중식_04,짬뽕,음식점 중 '중식'을 판매·제공하는 매장,80c39de4-f582-417c-9f52-f1c5329257c6,상무힐링재활요양병원,보건의료 재활요양,상무평화상인회 골목형상점가,골목형상점가,광주광역시,0.0,0.0,,,RESOLVED_AGREEMENT,False,0,,,,
48f6ffe3701046cc6ca1,test,중식,T2 동의어,q_중식_04,짬뽕,음식점 중 '중식'을 판매·제공하는 매장,8cd8d90f-0b20-43e6-9bb1-80beef648c07,세화한의원,한방병원,삼환아파트 A상가 골목형 상점가,골목형상점가,부산광역시,0.0,0.0,,,RESOLVED_AGREEMENT,False,0,,,,
b0fa50d426beb9097edc,test,중식,T2 동의어,q_중식_04,짬뽕,음식점 중 '중식'을 판매·제공하는 매장,0117062e-156e-475e-bd98-93585f54e25e,몽짬뽕원주직영점,,혁신도시3구역 골목형상점가,골목형상점가,강원특별자치도,3.0,3.0,,,RESOLVED_AGREEMENT,False,3,,,,
0c008b1f63578640488a,test,중식,T2 동의어,q_중식_04,짬뽕,음식점 중 '중식'을 판매·제공하는 매장,0369b808-6d4f-4b37-8f25-7e3287a3e3a9,서반장항아리왕짬뽕,,관평동 골목형상점가,골목형상점가,대전광역시,3.0,3.0,,,RESOLVED_AGREEMENT,False,3,,,,
4cf5ae1f90d5b16773ef,test,중식,T2 동의어,q_중식_04,짬뽕,음식점 중 '중식'을 판매·제공하는 매장,912d82e7-33ad-4412-b715-ea9f87101a88,계룡각,짜장 짬뽕,엄사 골목형상점가,골목형상점가,충청남도,3.0,3.0,,,RESOLVED_AGREEMENT,False,3,,,,
4cb2537c51722c59299f,test,중식,T2 동의어,q_중식_04,짬뽕,음식점 중 '중식'을 판매·제공하는 매장,a0ea28df-8790-472a-bf80-8c94e6606648,학짬뽕,짬뽕,매곡 골목형상점가,골목형상점가,대구광역시,3.0,3.0,,,RESOLVED_AGREEMENT,False,3,,,,
11af6fbd866c54674972,test,중식,T2 동의어,q_중식_04,짬뽕,음식점 중 '중식'을 판매·제공하는 매장,55ce9129-539c-443f-979b-fe9d7f14381e,짬뽕관 대전관평점,짬뽕 짜장면,관평동 골목형상점가,골목형상점가,대전광역시,3.0,3.0,,,RESOLVED_AGREEMENT,False,3,,,,
8cb7caf1e8558daad2fd,test,중식,T2 동의어,q_중식_04,짬뽕,음식점 중 '중식'을 판매·제공하는 매장,f0ef8e71-ef86-4ec0-bbe3-2662b953af8b,짬뽕대마왕,짬뽕,첨단이웃사랑 골목형상점가,골목형상점가,광주광역시,3.0,3.0,,,RESOLVED_AGREEMENT,False,3,,,,
be0750db7ec68adde707,test,중식,T2 동의어,q_중식_04,짬뽕,음식점 중 '중식'을 판매·제공하는 매장,6513cdbd-a7b2-43d0-bc8f-422716367475,뚝배기 짬뽕,중식,화엄상가(골목형상점가),골목형상점가,전라남도,3.0,3.0,,,RESOLVED_AGREEMENT,False,3,,,,
12eb8ac2d1b4a3fe94de,test,중식,T2 동의어,q_중식_04,짬뽕,음식점 중 '중식'을 판매·제공하는 매장,011253e1-0a18-4068-84a9-9ee8f83460b6,도도,음식점(중식),화도창현상점가,골목형상점가,경기도,3.0,3.0,,,RESOLVED_AGREEMENT,False,3,,,,
1b2e1983b68fa71aaaee,test,중식,T2 동의어,q_중식_04,짬뽕,음식점 중 '중식'을 판매·제공하는 매장,a2f4a18f-e719-443b-845b-33d3981eb68d,신짬뽕,중국집,둔산3동상점가,자율상권구역,대전광역시,2.0,3.0,,,P2_GRADED_ONLY,True,,,,,
a175f7bafe081421002c,test,중식,T2 동의어,q_중식_04,짬뽕,음식점 중 '중식'을 판매·제공하는 매장,bce36e35-6688-4328-9f93-0bc5b3ce8521,디토디카페,커피,첨단동행 골목형상점가,골목형상점가,광주광역시,0.0,0.0,,,RESOLVED_AGREEMENT,False,0,,,,
5c9fbf27e99da421103d,test,중식,T2 동의어,q_중식_04,짬뽕,음식점 중 '중식'을 판매·제공하는 매장,0920f08e-ee4b-43f5-8400-8ee605567276,7080손짜장,중화요리,부곡맛고을상가,자율상권구역,경상북도,3.0,3.0,,,RESOLVED_AGREEMENT,False,3,,,,
3270637a7e1e138fa8b3,test,중식,T2 동의어,q_중식_04,짬뽕,음식점 중 '중식'을 판매·제공하는 매장,e0999c68-52e8-4d4e-bcd6-8941abbc730f,수중짬뽕전골,짬뽕,초록거리 골목형상점가,골목형상점가,경기도,3.0,3.0,,,RESOLVED_AGREEMENT,False,3,,,,
f8524d7ff0cec9e404d1,test,중식,T2 동의어,q_중식_04,짬뽕,음식점 중 '중식'을 판매·제공하는 매장,004af3ce-488b-4a6f-a066-862e26430938,호재짬뽕,,게내공원길 골목형상점가,골목형상점가,서울특별시,3.0,3.0,,,RESOLVED_AGREEMENT,False,3,,,,
003c20e829ad43f46dcd,test,중식,T2 동의어,q_중식_04,짬뽕,음식점 중 '중식'을 판매·제공하는 매장,66aa2b0b-77e6-4171-a6a3-ecc2b5663e30,명가 짬뽕,중식,용문천년시장,전통시장,경기도,3.0,3.0,,,RESOLVED_AGREEMENT,False,3,,,,
e88286c5d19b40d5a0c3,test,중식,T2 동의어,q_중식_04,짬뽕,음식점 중 '중식'을 판매·제공하는 매장,62ee0296-f1ee-45e4-a769-fc326b6b8983,내안의 짬뽕,중식,치평광명상가상인회 골목형상점가,골목형상점가,광주광역시,3.0,3.0,,,RESOLVED_AGREEMENT,False,3,,,,
ea608f6a66bd2cccf0dc,test,중식,T2 동의어,q_중식_04,짬뽕,음식점 중 '중식'을 판매·제공하는 매장,0de1bc3f-ef27-4c0c-aaf7-a28d659beba0,일품,요리,성내전통시장,전통시장,서울특별시,0.0,0.0,,,RESOLVED_AGREEMENT,False,0,,,,
27ebd693411da60105a9,test,중식,T2 동의어,q_중식_04,짬뽕,음식점 중 '중식'을 판매·제공하는 매장,2c9bc88f-66d2-4a35-9530-2fa2ea0cda4b,더 하이난,짬뽕,빛가람 로데오 골목형상점가,골목형상점가,전라남도,3.0,3.0,,,RESOLVED_AGREEMENT,False,3,,,,
b0f6ce358892182f4445,test,중식,T2 동의어,q_중식_04,짬뽕,음식점 중 '중식'을 판매·제공하는 매장,3f326928-46fb-4639-85ab-23982f105f20,도원뚝배기짬뽕,짬뽕,조운동골목형상점가,골목형상점가,강원특별자치도,3.0,3.0,,,RESOLVED_AGREEMENT,False,3,,,,
0d8164b53bfd1139db76,test,중식,T2 동의어,q_중식_04,짬뽕,음식점 중 '중식'을 판매·제공하는 매장,8c2c2a92-4c48-4081-90d1-82dc2306a3b0,오늘은 짬뽕,중식,광주송정역세권 상권활성화구역,상권활성화구역,광주광역시,3.0,3.0,,,RESOLVED_AGREEMENT,False,3,,,,
33e486b38ae4a789a9b6,test,중식,T2 동의어,q_중식_04,짬뽕,음식점 중 '중식'을 판매·제공하는 매장,00c95d45-2ff3-4066-a179-c026f0528d0c,명장,중식,옥과설산골목형상점가,골목형상점가,전라남도,3.0,3.0,,,RESOLVED_AGREEMENT,False,3,,,,
2d517e0d8938c36a6589,test,중식,T2 동의어,q_중식_04,짬뽕,음식점 중 '중식'을 판매·제공하는 매장,2eacdfb0-8f51-418e-8e74-99e8e1c2c4f0,이비가 짬뽕,,현대테라타워DIMC상점가,골목형상점가,경기도,3.0,3.0,,,RESOLVED_AGREEMENT,False,3,,,,
45202823603d65d3376e,test,중식,T2 동의어,q_중식_04,짬뽕,음식점 중 '중식'을 판매·제공하는 매장,0a638671-4362-4e7f-8d58-ab3c337463d8,더직화짬뽕,짬뽕,반석동 골목형상점가,골목형상점가,대전광역시,3.0,3.0,,,RESOLVED_AGREEMENT,False,3,,,,
512572d3be8466e43a0f,test,중식,T2 동의어,q_중식_04,짬뽕,음식점 중 '중식'을 판매·제공하는 매장,b3ca9fb7-aa18-44e3-a91e-f35b2b92af07,차이나 웍 짬뽕,짬뽕,산수 먹자골목 골목형상점가,골목형상점가,광주광역시,3.0,3.0,,,RESOLVED_AGREEMENT,False,3,,,,
782dfcae082f32ebc20e,test,중식,T2 동의어,q_중식_04,짬뽕,음식점 중 '중식'을 판매·제공하는 매장,4fd72d54-a622-4610-bc99-f7a41ce1dbc4,몽짬뽕 명덕역점,짬뽕,물베기 골목형상점가,골목형상점가,대구광역시,3.0,3.0,,,RESOLVED_AGREEMENT,False,3,,,,
23e74483d0e7b0c9bb6a,test,중식,T2 동의어,q_중식_04,짬뽕,음식점 중 '중식'을 판매·제공하는 매장,2470fc1b-711b-4656-8a4e-c6ce4320ef5e,태장교동짬뽕,짬뽕,흥양천골목형상점가,골목형상점가,강원특별자치도,3.0,3.0,,,RESOLVED_AGREEMENT,False,3,,,,
82460f7a06b161c46fcc,test,중식,T2 동의어,q_중식_04,짬뽕,음식점 중 '중식'을 판매·제공하는 매장,9aea640a-4f5c-4f54-9352-2c2279f7284d,짬뽕상회 설악점,짬뽕,설악눈메골시장,전통시장,경기도,3.0,3.0,,,RESOLVED_AGREEMENT,False,3,,,,
8e8d5c2a43a7d8514ada,test,중식,T2 동의어,q_중식_04,짬뽕,음식점 중 '중식'을 판매·제공하는 매장,0e50dcc7-9c2b-441d-b386-a4a4ddb0f875,대동식당,"족발, 수육",칠성종합 상권활성화구역,상권활성화구역,대구광역시,0.0,1.0,,,P2_GRADED_ONLY,True,,,,,
9c311e7c78e27f16718c,test,중식,T2 동의어,q_중식_04,짬뽕,음식점 중 '중식'을 판매·제공하는 매장,06fe7733-54b9-4fc8-8a3b-556f50d1cdcc,중화요리진,,주천골목형상점가,골목형상점가,강원특별자치도,3.0,3.0,,,RESOLVED_AGREEMENT,False,3,,,,
00ae8c624c53731b6cf4,test,중식,T2 동의어,q_중식_04,짬뽕,음식점 중 '중식'을 판매·제공하는 매장,a5e48ef3-aa77-40fa-b169-9f30a4dcb32d,윤씨네 짬뽕,중식,금화로상인회 골목형상점가,골목형상점가,광주광역시,3.0,3.0,,,RESOLVED_AGREEMENT,False,3,,,,
faadca64d3e5cefaf3ce,test,중식,T2 동의어,q_중식_04,짬뽕,음식점 중 '중식'을 판매·제공하는 매장,000e6461-698b-42f6-842b-cf95393fee89,탕화쿵푸마라탕 전대점,중식,중흥청춘로 골목형상점가,골목형상점가,광주광역시,3.0,3.0,,,RESOLVED_AGREEMENT,False,3,,,,
6f4dcdb21d299f4514d3,test,중식,T2 동의어,q_중식_04,짬뽕,음식점 중 '중식'을 판매·제공하는 매장,f827d76c-e55c-411c-8db9-63b7a2a197b9,짬뽕타운 인천원당점,짬뽕,원당 중앙로 골목형상점가,골목형상점가,인천광역시,3.0,3.0,,,RESOLVED_AGREEMENT,False,3,,,,
8c214de442e7d2a14072,test,중식,T2 동의어,q_중식_04,짬뽕,음식점 중 '중식'을 판매·제공하는 매장,170d00da-dc68-4dc7-9949-dfaeaeb56c8e,강짬뽕,,맹동혁신골목형상점가,골목형상점가,충청북도,3.0,3.0,,,RESOLVED_AGREEMENT,False,3,,,,
15549c8f46052ebb8a27,test,중식,T2 동의어,q_중식_04,짬뽕,음식점 중 '중식'을 판매·제공하는 매장,9f2e4402-d314-4a2f-ae44-b80a8927b46b,짬갬뽕 갈매직영,짜장면 짬뽕,초록거리 골목형상점가,골목형상점가,경기도,3.0,3.0,,,RESOLVED_AGREEMENT,False,3,,,,
bd9095b9c232a9d69cf1,test,중식,T2 동의어,q_중식_04,짬뽕,음식점 중 '중식'을 판매·제공하는 매장,8f4cfbae-c2fd-433a-966c-c1f220fe526f,수림관,중국집,당감시장,전통시장,부산광역시,2.0,3.0,,,P2_GRADED_ONLY,True,,,,,
00aa175f65548594a895,test,중식,T2 동의어,q_중식_04,짬뽕,음식점 중 '중식'을 판매·제공하는 매장,0ad1e916-8b1c-4de8-ade6-6535b3dc0631,형제반점,중화요리,오수상점가,자율상권구역,전북특별자치도,3.0,3.0,,,RESOLVED_AGREEMENT,False,3,,,,
1bfc6f40d4051d0a7c8d,test,중식,T2 동의어,q_중식_04,짬뽕,음식점 중 '중식'을 판매·제공하는 매장,d190568f-9ccf-42b7-b881-f478f4416973,판다짬뽕,짬뽕,서동전통골목시장,전통시장,부산광역시,3.0,3.0,,,RESOLVED_AGREEMENT,False,3,,,,
e37d0606af043ca743fb,test,중식,T2 동의어,q_중식_04,짬뽕,음식점 중 '중식'을 판매·제공하는 매장,e70da657-dc57-4fdf-82c7-4fbb0c51c10c,만물상회,가방신발,금촌전통시장,전통시장,경기도,0.0,0.0,,,RESOLVED_AGREEMENT,False,0,,,,
e79b5fd330158588d1e5,test,중식,T2 동의어,q_중식_04,짬뽕,음식점 중 '중식'을 판매·제공하는 매장,974ab8ea-cf0f-4dd1-a31d-8823506b1ae9,낭만짬뽕김사부,짬뽕,남성역먹거리골목형상점가,골목형상점가,서울특별시,3.0,3.0,,,RESOLVED_AGREEMENT,False,3,,,,
38714a8ce926b110bf05,test,중식,T2 동의어,q_중식_04,짬뽕,음식점 중 '중식'을 판매·제공하는 매장,6fef5ba9-4afc-4462-983a-983709c398c1,경주상회,"선식, 농산물",부평깡통시장(구 부산부평시장),전통시장,부산광역시,0.0,0.0,,,RESOLVED_AGREEMENT,False,0,,,,
74ddb9d9c858cdff9ace,test,중식,T2 동의어,q_중식_04,짬뽕,음식점 중 '중식'을 판매·제공하는 매장,39650f71-d6c1-4587-8feb-362076b0bba3,교동짬뽕,짬뽕,관저동 먹자골목 골목형상점가,골목형상점가,대전광역시,3.0,3.0,,,RESOLVED_AGREEMENT,False,3,,,,
5dc3d501ba76146858f1,test,중식,T2 동의어,q_중식_04,짬뽕,음식점 중 '중식'을 판매·제공하는 매장,df9d3831-f570-4480-9d62-0516b8f55e36,쌍용각,중식 짬뽕,전곡첫머리거리 골목형상점가,골목형상점가,경기도,3.0,3.0,,,RESOLVED_AGREEMENT,False,3,,,,
e2266e015d2c751ccabc,test,중식,T2 동의어,q_중식_04,짬뽕,음식점 중 '중식'을 판매·제공하는 매장,06834ba2-563f-4b9c-a452-d9fa21678afd,계화중식,중화요리,도화동상점가,자율상권구역,서울특별시,3.0,3.0,,,RESOLVED_AGREEMENT,False,3,,,,
4f00e07bbf32bddf5549,test,중식,T2 동의어,q_중식_04,짬뽕,음식점 중 '중식'을 판매·제공하는 매장,ffd9f292-305c-453c-b848-5dd7c8d056d3,돈짬,짬뽕,나성BRT 골목형상점가,골목형상점가,세종특별자치시,3.0,3.0,,,RESOLVED_AGREEMENT,False,3,,,,
d8abb5674b985f029aa2,test,중식,T2 동의어,q_중식_04,짬뽕,음식점 중 '중식'을 판매·제공하는 매장,c476ba0b-ae0e-4af7-a468-616a361b261d,도야짬뽕 풍암점,짬뽕,풍암중앙상인회 골목형상점가,골목형상점가,광주광역시,3.0,3.0,,,RESOLVED_AGREEMENT,False,3,,,,
e1764864f2913c211fe9,test,중식,T2 동의어,q_중식_04,짬뽕,음식점 중 '중식'을 판매·제공하는 매장,0824dba5-3349-491e-81e8-e15285168346,내안의 짬뽕,중식,풍암운리중상인회 골목형상점가,골목형상점가,광주광역시,3.0,3.0,,,RESOLVED_AGREEMENT,False,3,,,,
c77c8b3dcdc1e06ffa1a,test,중식,T2 동의어,q_중식_04,짬뽕,음식점 중 '중식'을 판매·제공하는 매장,79a95fcb-185f-46b7-ae99-2caf205a4692,교동짬뽕,짬뽕,신용동 골목형상점가,골목형상점가,광주광역시,3.0,3.0,,,RESOLVED_AGREEMENT,False,3,,,,
826639dc8a354346209a,test,중식,T2 동의어,q_중식_04,짬뽕,음식점 중 '중식'을 판매·제공하는 매장,00f2b06a-d82a-4740-ac18-d898c209d5a5,짜이짜이,중식,충장로123가 상점가,자율상권구역,광주광역시,3.0,3.0,,,RESOLVED_AGREEMENT,False,3,,,,
d6d910720c691fa23414,test,중식,T2 동의어,q_중식_04,짬뽕,음식점 중 '중식'을 판매·제공하는 매장,66b2e3f4-628f-46e2-9f7b-733c68c2d178,수짬뽕,,복수동 골목형상점가,골목형상점가,대전광역시,3.0,3.0,,,RESOLVED_AGREEMENT,False,3,,,,
bc002a40729aa1ecf186,test,중식,T2 동의어,q_중식_04,짬뽕,음식점 중 '중식'을 판매·제공하는 매장,5cd245e3-1da1-420c-8b0b-e456a19b4191,강릉 짬뽕식탁,짬뽕,엄사 골목형상점가,골목형상점가,충청남도,3.0,3.0,,,RESOLVED_AGREEMENT,False,3,,,,
7e54d4639a8c4e82b239,test,중식,T2 동의어,q_중식_04,짬뽕,음식점 중 '중식'을 판매·제공하는 매장,b240092c-63e8-4278-be68-9ace0bb89036,도야짬뽕 신내직영점,짬뽕,신내구길 골목형상점가,골목형상점가,서울특별시,3.0,3.0,,,RESOLVED_AGREEMENT,False,3,,,,
b9cd09762cbb8ef4ab19,test,중식,T2 동의어,q_중식_04,짬뽕,음식점 중 '중식'을 판매·제공하는 매장,c4414d61-95f1-4170-a365-56f976c3d7ef,시장짬뽕,짬뽕,산격종합시장,전통시장,대구광역시,3.0,3.0,,,RESOLVED_AGREEMENT,False,3,,,,
fe7efa0974de54672218,test,중식,T2 동의어,q_중식_04,짬뽕,음식점 중 '중식'을 판매·제공하는 매장,f42d991b-b649-49b5-8f59-b43d11e2d4ed,수유어묵공장,,수유전통시장(구 수유골목시장),전통시장,서울특별시,0.0,0.0,,,RESOLVED_AGREEMENT,False,0,,,,
2ee586ad6aec4a7031d5,test,중식,T2 동의어,q_중식_04,짬뽕,음식점 중 '중식'을 판매·제공하는 매장,faa4d309-a59e-4127-939e-fa8aaaa07ba3,리더짬뽕,짬뽕,관저동 먹거리 골목형상점가,골목형상점가,대전광역시,3.0,3.0,,,RESOLVED_AGREEMENT,False,3,,,,
e0e14cb552e1aa8e68f6,test,중식,T2 동의어,q_중식_04,짬뽕,음식점 중 '중식'을 판매·제공하는 매장,2913c8c0-332d-465b-8a89-dc429a11c340,진미간짬뽕,짬뽕,엄상마을상점가,골목형상점가,경기도,3.0,3.0,,,RESOLVED_AGREEMENT,False,3,,,,
e467be2b222d56218f37,test,중식,T2 동의어,q_중식_05,탕수육,음식점 중 '중식'을 판매·제공하는 매장,e4540881-c1a1-4229-89a7-75bedfe800d9,성신사,의류,창동신창시장,전통시장,서울특별시,0.0,0.0,,,RESOLVED_AGREEMENT,False,0,,,,
fd0623e049545de59a6f,test,중식,T2 동의어,q_중식_05,탕수육,음식점 중 '중식'을 판매·제공하는 매장,e02f6e95-186e-41e2-ad8d-1ce919fad2cc,뽕대감,탕수육 짜장 짬뽕,양산호수공원 골목형상점가,골목형상점가,광주광역시,3.0,3.0,,,RESOLVED_AGREEMENT,False,3,,,,
fe380de7cff34557f8c2,test,중식,T2 동의어,q_중식_05,탕수육,음식점 중 '중식'을 판매·제공하는 매장,68b82943-f945-4561-9852-c5bd08b77a58,장금이네,한식,목포동부시장,전통시장,전라남도,1.0,1.0,,,RESOLVED_AGREEMENT,False,1,,,,
a551ae58a18e45637e75,test,중식,T2 동의어,q_중식_05,탕수육,음식점 중 '중식'을 판매·제공하는 매장,06fe7733-54b9-4fc8-8a3b-556f50d1cdcc,중화요리진,,주천골목형상점가,골목형상점가,강원특별자치도,3.0,3.0,,,RESOLVED_AGREEMENT,False,3,,,,
b212e1b7b2b78044520f,test,중식,T2 동의어,q_중식_05,탕수육,음식점 중 '중식'을 판매·제공하는 매장,b9f7cecb-49b9-4836-9a8a-a453a36404c1,깡우동 안산한대앞역점,"우동, 탕수육",한대앞역상점가,자율상권구역,경기도,3.0,3.0,,,RESOLVED_AGREEMENT,False,3,,,,
b90168cda3bd2fd3d6bb,test,중식,T2 동의어,q_중식_05,탕수육,음식점 중 '중식'을 판매·제공하는 매장,531b10a2-bcf5-4c99-a0dc-abba0d3d3a63,1키로 탕수육 강동성내점,중식,성내전통시장,전통시장,서울특별시,3.0,3.0,,,RESOLVED_AGREEMENT,False,3,,,,
267074027b13a9f8078d,test,중식,T2 동의어,q_중식_05,탕수육,음식점 중 '중식'을 판매·제공하는 매장,188174ca-3bb0-4a5e-a211-a94dbbf576ae,시장탕수육,분식,신원시장,전통시장,서울특별시,2.0,3.0,,,P2_GRADED_ONLY,True,,,,,
052f7b89cb456ecabbfd,test,중식,T2 동의어,q_중식_05,탕수육,음식점 중 '중식'을 판매·제공하는 매장,244b3da5-1ca7-487f-b2fb-e79af8804cf0,올레시장흑돼지탕수육,흑돼지탕수육,서귀포매일올레시장,전통시장,제주특별자치도,3.0,3.0,,,RESOLVED_AGREEMENT,False,3,,,,
43ec854299fa979a1798,test,중식,T2 동의어,q_중식_05,탕수육,음식점 중 '중식'을 판매·제공하는 매장,34630e89-7b26-4f61-9fe2-505c358b6ca0,명가탕수육,탕수육,전남여고후문 골목형상점가,골목형상점가,광주광역시,3.0,3.0,,,RESOLVED_AGREEMENT,False,3,,,,
b68e84ad6e8056b3d6f7,test,중식,T2 동의어,q_중식_05,탕수육,음식점 중 '중식'을 판매·제공하는 매장,f9359256-2536-4123-8dcc-e3c6515189d7,영동무한리필생고기,한식,노량진만나로골목형상점가,골목형상점가,서울특별시,1.0,1.0,,,RESOLVED_AGREEMENT,False,1,,,,
1ea609c82a8d75a3d318,test,중식,T2 동의어,q_중식_05,탕수육,음식점 중 '중식'을 판매·제공하는 매장,3d556ff2-1d6c-4d5a-aec0-3b28b04ff150,할범탕수육,한식,언양알프스시장,전통시장,울산광역시,2.0,3.0,,,P2_GRADED_ONLY,True,,,,,
c1a29cc760cafdf411b9,test,중식,T2 동의어,q_중식_05,탕수육,음식점 중 '중식'을 판매·제공하는 매장,11f106c6-21aa-44b5-9a89-e53c2dfb2ba6,진차이,"탕수육, 짬뽕, 짜장",목대온기 골목형상점가,골목형상점가,대전광역시,3.0,3.0,,,RESOLVED_AGREEMENT,False,3,,,,
8cba4ff0d5ebd73f931d,test,중식,T2 동의어,q_중식_05,탕수육,음식점 중 '중식'을 판매·제공하는 매장,a2f4a18f-e719-443b-845b-33d3981eb68d,신짬뽕,중국집,둔산3동상점가,자율상권구역,대전광역시,2.0,3.0,,,P2_GRADED_ONLY,True,,,,,
331fdd65ec160ecf3818,test,중식,T2 동의어,q_중식_05,탕수육,음식점 중 '중식'을 판매·제공하는 매장,3ebbac60-2f01-4f01-9b3c-752577d809a5,1키로탕수육,한식,동원시장(진흥마켓),전통시장,서울특별시,2.0,3.0,,,P2_GRADED_ONLY,True,,,,,
ecc2baaaf7d56eb1770c,test,중식,T2 동의어,q_중식_05,탕수육,음식점 중 '중식'을 판매·제공하는 매장,c03588ba-0075-4342-8d2c-37eb85e0d774,홍짜장,짜장 짬뽕 탕수육 등,동백 이음길 골목형상점가,골목형상점가,경기도,3.0,3.0,,,RESOLVED_AGREEMENT,False,3,,,,
1f9454aa4709f84beda0,test,중식,T2 동의어,q_중식_05,탕수육,음식점 중 '중식'을 판매·제공하는 매장,00f2b06a-d82a-4740-ac18-d898c209d5a5,짜이짜이,중식,충장로123가 상점가,자율상권구역,광주광역시,3.0,3.0,,,RESOLVED_AGREEMENT,False,3,,,,
7ada9fb622ecb43db712,test,중식,T2 동의어,q_중식_05,탕수육,음식점 중 '중식'을 판매·제공하는 매장,1c098579-a77a-428c-baf6-9f22d064cb18,피탕김탕,피자 탕수육,한적골 골목형상점가,골목형상점가,충청남도,3.0,3.0,,,RESOLVED_AGREEMENT,False,3,,,,
9b235a1f257d1b8afad5,test,중식,T2 동의어,q_중식_05,탕수육,음식점 중 '중식'을 판매·제공하는 매장,0920f08e-ee4b-43f5-8400-8ee605567276,7080손짜장,중화요리,부곡맛고을상가,자율상권구역,경상북도,3.0,3.0,,,RESOLVED_AGREEMENT,False,3,,,,
b51e7b4ce58d35a9bcd6,test,중식,T2 동의어,q_중식_05,탕수육,음식점 중 '중식'을 판매·제공하는 매장,0a230bc3-6a24-48f7-b574-69d45d24f49b,시골향숙식,수육,오산오색시장(구 오산중앙시장),전통시장,경기도,0.0,0.0,,,RESOLVED_AGREEMENT,False,0,,,,
6df7f6abac23f64186e2,test,중식,T2 동의어,q_중식_05,탕수육,음식점 중 '중식'을 판매·제공하는 매장,0369b808-6d4f-4b37-8f25-7e3287a3e3a9,서반장항아리왕짬뽕,,관평동 골목형상점가,골목형상점가,대전광역시,2.0,3.0,,,P2_GRADED_ONLY,True,,,,,
cc17f68f8594962142e7,test,중식,T2 동의어,q_중식_05,탕수육,음식점 중 '중식'을 판매·제공하는 매장,291ab45c-d13d-42d6-b893-ded930bb8890,율짬뽕,중국집,동쪽바다중앙시장(구 동해중앙시장),전통시장,강원특별자치도,2.0,3.0,,,P2_GRADED_ONLY,True,,,,,
84646971185af4c8ba23,test,중식,T2 동의어,q_중식_05,탕수육,음식점 중 '중식'을 판매·제공하는 매장,570dd8ee-24aa-4aa8-8d16-5b44e8a68ab4,종로떡집,떡,동서시장,전통시장,대구광역시,0.0,0.0,,,RESOLVED_AGREEMENT,False,0,,,,
24edf005c47d49fb263e,test,중식,T2 동의어,q_중식_05,탕수육,음식점 중 '중식'을 판매·제공하는 매장,011253e1-0a18-4068-84a9-9ee8f83460b6,도도,음식점(중식),화도창현상점가,골목형상점가,경기도,3.0,3.0,,,RESOLVED_AGREEMENT,False,3,,,,
132b7b27d72d724ce46f,test,중식,T2 동의어,q_중식_05,탕수육,음식점 중 '중식'을 판매·제공하는 매장,00c95d45-2ff3-4066-a179-c026f0528d0c,명장,중식,옥과설산골목형상점가,골목형상점가,전라남도,3.0,3.0,,,RESOLVED_AGREEMENT,False,3,,,,
4258aa51002b7d32c2c0,test,중식,T2 동의어,q_중식_05,탕수육,음식점 중 '중식'을 판매·제공하는 매장,86d88308-344a-4446-b0ae-6053f58dd432,성포중국집,,거제 성포 골목형상점가,골목형상점가,경상남도,2.0,3.0,,,P2_GRADED_ONLY,True,,,,,
c16055835a6f65d7f562,test,중식,T2 동의어,q_중식_05,탕수육,음식점 중 '중식'을 판매·제공하는 매장,8469c199-20a3-4dbe-bf28-4150546201e0,피탕김탕,탕수육,아름드리 골목형상점가,골목형상점가,세종특별자치시,3.0,3.0,,,RESOLVED_AGREEMENT,False,3,,,,
7e11c82bfa91861f670c,test,중식,T2 동의어,q_중식_05,탕수육,음식점 중 '중식'을 판매·제공하는 매장,336492d4-643a-467e-b471-5a5f12daa909,교동짬뽕 신가점,짬뽕 짜장 탕수육,신가동 골목형상점가,골목형상점가,광주광역시,3.0,3.0,,,RESOLVED_AGREEMENT,False,3,,,,
02b36e00ae5be990b94e,test,중식,T2 동의어,q_중식_05,탕수육,음식점 중 '중식'을 판매·제공하는 매장,d0982d58-d186-4379-b40d-9b2dc54fbef6,짜신,"짜장, 탕수육",칠곡시장,전통시장,대구광역시,3.0,3.0,,,RESOLVED_AGREEMENT,False,3,,,,
34faa4704202af255c79,test,중식,T2 동의어,q_중식_05,탕수육,음식점 중 '중식'을 판매·제공하는 매장,f89440b8-f3a0-4cb4-a905-c2ff6d438265,소울인웍,탕수육 중새우,혁신도시6구역골목형상점가,골목형상점가,강원특별자치도,3.0,3.0,,,RESOLVED_AGREEMENT,False,3,,,,
b25816c0f72b902775e1,test,중식,T2 동의어,q_중식_05,탕수육,음식점 중 '중식'을 판매·제공하는 매장,aece2d13-dbfc-4b3b-9560-d6d711c98811,만화애니 디앤에이 미술학원,,나성중앙 골목형상점가,골목형상점가,세종특별자치시,0.0,0.0,,,RESOLVED_AGREEMENT,False,0,,,,
1590567a7efcf2a96259,test,중식,T2 동의어,q_중식_05,탕수육,음식점 중 '중식'을 판매·제공하는 매장,9792f659-d98b-4b47-95da-7334adf1eadf,탕스(탕's) 수제탕수육&펍,한식,매곡 골목형상점가,골목형상점가,대구광역시,2.0,3.0,,,P2_GRADED_ONLY,True,,,,,
c4db62135b81d50b6781,test,중식,T2 동의어,q_중식_05,탕수육,음식점 중 '중식'을 판매·제공하는 매장,116365cb-ffed-43e1-9971-6df263d877cc,짜짜루,중국집,하동공설시장,전통시장,경상남도,2.0,3.0,,,P2_GRADED_ONLY,True,,,,,
150a4ad167307178ddbe,test,중식,T2 동의어,q_중식_05,탕수육,음식점 중 '중식'을 판매·제공하는 매장,55b04d28-8e49-42e6-a1b7-60d9e5734869,리얼안심탕수육&리얼하노이 금곡점,"쌀국수, 탕수육",주막거리상점가,자율상권구역,경기도,3.0,3.0,,,RESOLVED_AGREEMENT,False,3,,,,
0a23a7112935907ca029,test,중식,T2 동의어,q_중식_05,탕수육,음식점 중 '중식'을 판매·제공하는 매장,b85ca779-d0e3-4034-b4d1-39ea3106e910,몽키반점,"짜장면, 탕수육등",목대온기 골목형상점가,골목형상점가,대전광역시,3.0,3.0,,,RESOLVED_AGREEMENT,False,3,,,,
6a7813022f4aadd3f681,test,중식,T2 동의어,q_중식_05,탕수육,음식점 중 '중식'을 판매·제공하는 매장,000ad086-7f53-4aa5-b6df-3e57737371e3,짬뽕이 땡기는가,짬뽕,서천시장거리 골목형상점가,골목형상점가,충청남도,2.0,3.0,,,P2_GRADED_ONLY,True,,,,,
591c098f65881fc1520d,test,중식,T2 동의어,q_중식_05,탕수육,음식점 중 '중식'을 판매·제공하는 매장,6a6a4a0a-a5ee-4dd4-84d5-d0ea05179744,린짬뽕,중식 중화요리 짬뽕 짜장 탕수육,고촌 행정타운 골목형상점가,골목형상점가,경기도,3.0,3.0,,,RESOLVED_AGREEMENT,False,3,,,,
ddc1374ab6c9445ad781,test,중식,T2 동의어,q_중식_05,탕수육,음식점 중 '중식'을 판매·제공하는 매장,63e13c89-f901-4776-aea7-72b5bdd89fc1,남성방오돈,한돈 탕수육 한돈 돈까스 우동,남성역 골목시장,전통시장,서울특별시,3.0,3.0,,,RESOLVED_AGREEMENT,False,3,,,,
5830697bcd28af4d2d05,test,중식,T2 동의어,q_중식_05,탕수육,음식점 중 '중식'을 판매·제공하는 매장,d6cfbf4d-35e9-4ff4-b696-4e49d2efec31,맛있는 탕수육,중식,하양꿈바우시장,전통시장,경상북도,3.0,3.0,,,RESOLVED_AGREEMENT,False,3,,,,
2014446abd3c9c439ac6,test,중식,T2 동의어,q_중식_05,탕수육,음식점 중 '중식'을 판매·제공하는 매장,86485261-00dc-48f3-bbc1-e33024bb472d,록원부엌,탕수육,상도전통시장,전통시장,서울특별시,3.0,3.0,,,RESOLVED_AGREEMENT,False,3,,,,
5111bb65c5b50a03f821,test,중식,T2 동의어,q_중식_05,탕수육,음식점 중 '중식'을 판매·제공하는 매장,28482ece-601f-4a4f-9281-7a39c0bb061f,하나,탕수육,영주로상권,자율상권구역,경상북도,3.0,3.0,,,RESOLVED_AGREEMENT,False,3,,,,
3b249fe7e5e15cca2e40,test,중식,T2 동의어,q_중식_05,탕수육,음식점 중 '중식'을 판매·제공하는 매장,364c3c8d-86e6-4ef0-b986-f29c50cf4098,할멈탕수육 상무점,,상무중앙상인회 골목형상점가,골목형상점가,,3.0,3.0,,,RESOLVED_AGREEMENT,False,3,,,,
b74e6cd5f9509342bb8c,test,중식,T2 동의어,q_중식_05,탕수육,음식점 중 '중식'을 판매·제공하는 매장,600e204c-89d5-4c13-a894-753c6e27f902,무대포 탕수육 간짜장,탕수육,부평문화인의거리골목형상점가,골목형상점가,인천광역시,3.0,3.0,,,RESOLVED_AGREEMENT,False,3,,,,
8a363c6c8cd6cf1292b1,test,중식,T2 동의어,q_중식_05,탕수육,음식점 중 '중식'을 판매·제공하는 매장,a10248da-0860-40ea-8c20-4068de9fd7af,송수근내과의원,내과,당감골목시장,전통시장,부산광역시,0.0,0.0,,,RESOLVED_AGREEMENT,False,0,,,,
e9c251f0f330b9d9a2c2,test,중식,T2 동의어,q_중식_05,탕수육,음식점 중 '중식'을 판매·제공하는 매장,f114ff52-cac2-4b7e-b09f-b52f2c4c41b9,할범탕수육 남성시장점,한식,남성사계시장,전통시장,서울특별시,2.0,3.0,,,P2_GRADED_ONLY,True,,,,,
2a59b3beb8512f2bf6be,test,중식,T2 동의어,q_중식_05,탕수육,음식점 중 '중식'을 판매·제공하는 매장,2ff8860d-57a5-47e2-b0a9-1e8d67b52103,1키로탕수육 송촌점,탕수육 전문점,송촌시장,전통시장,대전광역시,3.0,3.0,,,RESOLVED_AGREEMENT,False,3,,,,
2229fb7170903459b01a,test,중식,T2 동의어,q_중식_05,탕수육,음식점 중 '중식'을 판매·제공하는 매장,d00b872c-42e2-41fe-a44d-3c7a08731607,신마라 더웍,마라탕 탕수육,두산동밤마실거리 골목형상점가,골목형상점가,대구광역시,3.0,3.0,,,RESOLVED_AGREEMENT,False,3,,,,
6dcfd774bd1c3b0b6810,test,중식,T2 동의어,q_중식_05,탕수육,음식점 중 '중식'을 판매·제공하는 매장,06834ba2-563f-4b9c-a452-d9fa21678afd,계화중식,중화요리,도화동상점가,자율상권구역,서울특별시,3.0,3.0,,,RESOLVED_AGREEMENT,False,3,,,,
e241144674c7d240e54a,test,중식,T2 동의어,q_중식_05,탕수육,음식점 중 '중식'을 판매·제공하는 매장,85ca8d1a-08e9-4589-a1f3-95b70f914466,할멈 탕수육 김밥운남점,분식,운남우방 골목형상점가,골목형상점가,광주광역시,2.0,3.0,,,P2_GRADED_ONLY,True,,,,,
a3d904582c3389452c1b,test,중식,T2 동의어,q_중식_05,탕수육,음식점 중 '중식'을 판매·제공하는 매장,cf00e7c0-4f65-4cb8-8cc3-a3551287fbbe,쉐프의 생안심 탕수육 민락점,일반음식점,민락2지구골목형상점가,골목형상점가,경기도,2.0,3.0,,,P2_GRADED_ONLY,True,,,,,
4cb641b7a36a2f8102e7,test,중식,T2 동의어,q_중식_05,탕수육,음식점 중 '중식'을 판매·제공하는 매장,004661ce-f943-4561-9c9d-d888ccc58c1e,니뽕내뽕천안신부점,퓨전짬뽕,천안신부문화거리상점가,자율상권구역,충청남도,2.0,3.0,,,P2_GRADED_ONLY,True,,,,,
d672b4f95aa8d4a2a443,test,중식,T2 동의어,q_중식_05,탕수육,음식점 중 '중식'을 판매·제공하는 매장,7f8660f0-0447-47e2-8afc-3b25692843b6,야베스,속옷,하양꿈바우시장,전통시장,경상북도,0.0,0.0,,,RESOLVED_AGREEMENT,False,0,,,,
636dadb4bf7edf0a7665,test,중식,T2 동의어,q_중식_05,탕수육,음식점 중 '중식'을 판매·제공하는 매장,000e6461-698b-42f6-842b-cf95393fee89,탕화쿵푸마라탕 전대점,중식,중흥청춘로 골목형상점가,골목형상점가,광주광역시,3.0,3.0,,,RESOLVED_AGREEMENT,False,3,,,,
02474ea0511464eb69ed,test,중식,T2 동의어,q_중식_05,탕수육,음식점 중 '중식'을 판매·제공하는 매장,dee6b3ec-d15f-4768-aff5-c2b33fa5e4ca,급한마음탕수육,,광복마을푸른길 골목형상점가,골목형상점가,,3.0,3.0,,,RESOLVED_AGREEMENT,False,3,,,,
c2b36d4b80fc995a55ba,test,중식,T2 동의어,q_중식_05,탕수육,음식점 중 '중식'을 판매·제공하는 매장,cf22d4d4-1b57-47ab-a52a-518f10dd7bc9,푸드트럭띵하오,탕수육,오정동상점가,자율상권구역,대전광역시,3.0,3.0,,,RESOLVED_AGREEMENT,False,3,,,,
64c874ad06cc2a7a993c,test,중식,T2 동의어,q_중식_05,탕수육,음식점 중 '중식'을 판매·제공하는 매장,0de1bc3f-ef27-4c0c-aaf7-a28d659beba0,일품,요리,성내전통시장,전통시장,서울특별시,0.0,0.0,,,RESOLVED_AGREEMENT,False,0,,,,
d75c074f4d4aeb746c8c,test,중식,T2 동의어,q_중식_05,탕수육,음식점 중 '중식'을 판매·제공하는 매장,4177af4d-e143-47e9-bec3-edd4590ea14b,1키로탕수육 망포점,탕수육,태장사거리 골목형상점가,골목형상점가,경기도,3.0,3.0,,,RESOLVED_AGREEMENT,False,3,,,,
c6ffd8a0a11ee26397ae,test,중식,T2 동의어,q_중식_05,탕수육,음식점 중 '중식'을 판매·제공하는 매장,e245e104-be76-4e15-bb2d-65aa6d474f77,할멈탕수육 김밥,"탕수육, 김밥",전남대 상대 골목형상점가,골목형상점가,광주광역시,3.0,3.0,,,RESOLVED_AGREEMENT,False,3,,,,
685ecfb5aedbc36bee92,test,중식,T2 동의어,q_중식_05,탕수육,음식점 중 '중식'을 판매·제공하는 매장,2ebc7453-d648-4394-b758-c26bdf8cff04,1키로 탕수육,중식,비단길현대시장,전통시장,서울특별시,3.0,3.0,,,RESOLVED_AGREEMENT,False,3,,,,
7762a53c715aa747f316,test,중식,T2 동의어,q_중식_05,탕수육,음식점 중 '중식'을 판매·제공하는 매장,82f16ebc-c8ab-4968-8dc5-2d8c7772e03c,급한마음탕수육 금호점,탕수육 및 요리,금호1동상가번영회 골목형상점가,골목형상점가,광주광역시,3.0,3.0,,,RESOLVED_AGREEMENT,False,3,,,,
8ad6b9ebf27c7b32d40c,test,중식,T2 동의어,q_중식_05,탕수육,음식점 중 '중식'을 판매·제공하는 매장,0e50dcc7-9c2b-441d-b386-a4a4ddb0f875,대동식당,"족발, 수육",칠성종합 상권활성화구역,상권활성화구역,대구광역시,0.0,1.0,,,P2_GRADED_ONLY,True,,,,,
d10dfdccda2e28a41f28,test,중식,T2 동의어,q_중식_05,탕수육,음식점 중 '중식'을 판매·제공하는 매장,ce545418-fe98-42c3-8acd-695de94931e5,보배반점 별내로데오점,"짜장, 짬뽕, 탕수육",별내로데오상점가,골목형상점가,경기도,3.0,3.0,,,RESOLVED_AGREEMENT,False,3,,,,
7c84e71a533820e025ae,test,중식,T2 동의어,q_중식_05,탕수육,음식점 중 '중식'을 판매·제공하는 매장,325d12e1-c546-4e99-9d5c-6db78e5165a5,돈카츠의신,돈카츠 탕수육,오구구오골목형상점가,골목형상점가,경기도,3.0,3.0,,,RESOLVED_AGREEMENT,False,3,,,,
f40b991620740b1315c9,test,중식,T2 동의어,q_중식_05,탕수육,음식점 중 '중식'을 판매·제공하는 매장,0117062e-156e-475e-bd98-93585f54e25e,몽짬뽕원주직영점,,혁신도시3구역 골목형상점가,골목형상점가,강원특별자치도,2.0,3.0,,,P2_GRADED_ONLY,True,,,,,
1eeb94a03388cfcd3673,test,중식,T2 동의어,q_중식_05,탕수육,음식점 중 '중식'을 판매·제공하는 매장,8f4cfbae-c2fd-433a-966c-c1f220fe526f,수림관,중국집,당감시장,전통시장,부산광역시,2.0,3.0,,,P2_GRADED_ONLY,True,,,,,
ba27be124ab05d339d84,test,중식,T2 동의어,q_중식_05,탕수육,음식점 중 '중식'을 판매·제공하는 매장,0ad1e916-8b1c-4de8-ade6-6535b3dc0631,형제반점,중화요리,오수상점가,자율상권구역,전북특별자치도,3.0,3.0,,,RESOLVED_AGREEMENT,False,3,,,,
6d32911cea44e40b169a,test,중식,T2 동의어,q_중식_05,탕수육,음식점 중 '중식'을 판매·제공하는 매장,f67b07b5-c850-45a7-960d-ed306e85ef93,명가 교동짬뽕,짜장 짬뽕 탕수육,부송동 골목형상점가,골목형상점가,전북특별자치도,3.0,3.0,,,RESOLVED_AGREEMENT,False,3,,,,
278821c43e34f42e228b,test,중식,T2 동의어,q_중식_05,탕수육,음식점 중 '중식'을 판매·제공하는 매장,c6f80763-b240-4dd6-a174-f3bc61c91695,정쉐프탕수육,짜장면 짬뽕 탕수육 등 중식,보람동 수변상가 골목형상점가,골목형상점가,세종특별자치시,3.0,3.0,,,RESOLVED_AGREEMENT,False,3,,,,
8a8880685d1c98f1a948,test,중식,T2 동의어,q_중식_05,탕수육,음식점 중 '중식'을 판매·제공하는 매장,d946284a-e4ba-46cd-84e5-9968b2535ae6,마시내탕수육,분식,장대 골목형상점가,골목형상점가,대전광역시,2.0,3.0,,,P2_GRADED_ONLY,True,,,,,
ee49de67c5c76df0e5de,test,중식,T2 동의어,q_중식_05,탕수육,음식점 중 '중식'을 판매·제공하는 매장,0293eb2b-27fc-477b-9c89-2f3143dc68cf,갈매기수산,수산물,홍성전통시장(구 홍성정기시장),전통시장,충청남도,0.0,0.0,,,RESOLVED_AGREEMENT,False,0,,,,
39c3a77281eb33c2ffba,test,중식,T2 동의어,q_중식_05,탕수육,음식점 중 '중식'을 판매·제공하는 매장,00e0fdc1-dde3-4fc6-bb61-6bbace454a01,도야짬뽕평촌점,중식,귀인동먹거리촌 골목형상점가,골목형상점가,경기도,3.0,3.0,,,RESOLVED_AGREEMENT,False,3,,,,
d54aaf5523c72032dce9,test,중식,T2 동의어,q_중식_05,탕수육,음식점 중 '중식'을 판매·제공하는 매장,0193214f-e716-440d-afbe-a93f1d75a078,1키로 탕수육 산본점,탕수육,산본사거리 골목형상점가,골목형상점가,경기도,3.0,3.0,,,RESOLVED_AGREEMENT,False,3,,,,
c70e1959662f72438042,test,중식,T2 동의어,q_중식_05,탕수육,음식점 중 '중식'을 판매·제공하는 매장,004af3ce-488b-4a6f-a066-862e26430938,호재짬뽕,,게내공원길 골목형상점가,골목형상점가,서울특별시,2.0,3.0,,,P2_GRADED_ONLY,True,,,,,
fdaed78ad5ee479c93bb,test,중식,T2 동의어,q_중식_05,탕수육,음식점 중 '중식'을 판매·제공하는 매장,c5e73ba4-3d98-4b8d-b2df-077f584f9218,연,탕수육짜장면짬뽕등등,운암1동 골목형상점가,골목형상점가,광주광역시,3.0,3.0,,,RESOLVED_AGREEMENT,False,3,,,,
8c0a190edb1389393e52,test,중식,T2 동의어,q_중식_05,탕수육,음식점 중 '중식'을 판매·제공하는 매장,c2cd1e22-cdc2-4fa9-ba33-a42c13dd1cc4,현차이나,탕수육짜장짬뽕,방이시장,전통시장,서울특별시,3.0,3.0,,,RESOLVED_AGREEMENT,False,3,,,,
9edad8bc32842cc5626a,test,중식,T2 동의어,q_중식_05,탕수육,음식점 중 '중식'을 판매·제공하는 매장,fdc0f41f-6ef8-4852-a612-1e2b19f247ed,금정,탕수육 짜장면 짬뽕,오목교역8번출구골목형상점가,골목형상점가,서울특별시,3.0,3.0,,,RESOLVED_AGREEMENT,False,3,,,,
96148071efd008b795bd,test,중식,T2 동의어,q_중식_05,탕수육,음식점 중 '중식'을 판매·제공하는 매장,832b6e10-bb59-472a-aade-22549500659b,1kg 탕수육(구의점),,구의역 가람길 골목형상점가,골목형상점가,서울특별시,3.0,3.0,,,RESOLVED_AGREEMENT,False,3,,,,
f115992315adcd8ffec9,test,중식,T2 동의어,q_중식_05,탕수육,음식점 중 '중식'을 판매·제공하는 매장,1637d8b7-0651-456a-80da-e19cddfcc6c4,산더미 탕수육,중식,부전기장골목시장,전통시장,부산광역시,3.0,3.0,,,RESOLVED_AGREEMENT,False,3,,,,
294a12d6f0d1bbf55d39,test,중식,T2 동의어,q_중식_05,탕수육,음식점 중 '중식'을 판매·제공하는 매장,0238f2dd-085f-48bf-a543-5d59d8b2f10f,기통치킨탕수육호프,치킨탕수육,성안길상점가,자율상권구역,충청북도,3.0,3.0,,,RESOLVED_AGREEMENT,False,3,,,,
797832d4b6d66b5d399b,test,중식,T4 구어·문장,q_중식_06,중국요리 먹을 곳,음식점 중 '중식'을 판매·제공하는 매장,86d88308-344a-4446-b0ae-6053f58dd432,성포중국집,,거제 성포 골목형상점가,골목형상점가,경상남도,3.0,3.0,,,RESOLVED_AGREEMENT,False,3,,,,
9235c844912e312be708,test,중식,T4 구어·문장,q_중식_06,중국요리 먹을 곳,음식점 중 '중식'을 판매·제공하는 매장,0de1bc3f-ef27-4c0c-aaf7-a28d659beba0,일품,요리,성내전통시장,전통시장,서울특별시,0.0,0.0,,,RESOLVED_AGREEMENT,False,0,,,,
3d3219efa519bd7899b5,test,중식,T4 구어·문장,q_중식_06,중국요리 먹을 곳,음식점 중 '중식'을 판매·제공하는 매장,22a81f31-72dd-44bf-b636-73d75266e8a0,중국집,중식,양산동 골목형상점가,골목형상점가,광주광역시,3.0,3.0,,,RESOLVED_AGREEMENT,False,3,,,,
b9899d12030ac25de1dc,test,중식,T4 구어·문장,q_중식_06,중국요리 먹을 곳,음식점 중 '중식'을 판매·제공하는 매장,272b3c83-460b-4fe9-b87b-0aad069b2324,후야,의류,영주문화시장,전통시장,경상북도,0.0,0.0,,,RESOLVED_AGREEMENT,False,0,,,,
611ea746fc0197526283,test,중식,T4 구어·문장,q_중식_06,중국요리 먹을 곳,음식점 중 '중식'을 판매·제공하는 매장,004af3ce-488b-4a6f-a066-862e26430938,호재짬뽕,,게내공원길 골목형상점가,골목형상점가,서울특별시,3.0,3.0,,,RESOLVED_AGREEMENT,False,3,,,,
739be21dc7b27d90fe05,test,중식,T4 구어·문장,q_중식_06,중국요리 먹을 곳,음식점 중 '중식'을 판매·제공하는 매장,ca20e919-c230-4065-afc1-e4b2b1ff9ffc,황금맷돌,두부요리,서문대로 골목형상점가,골목형상점가,광주광역시,0.0,0.0,,,RESOLVED_AGREEMENT,False,0,,,,
109d6143e32e471c1686,test,중식,T4 구어·문장,q_중식_06,중국요리 먹을 곳,음식점 중 '중식'을 판매·제공하는 매장,0ad1e916-8b1c-4de8-ade6-6535b3dc0631,형제반점,중화요리,오수상점가,자율상권구역,전북특별자치도,3.0,3.0,,,RESOLVED_AGREEMENT,False,3,,,,
5188268b4634908aacc5,test,중식,T4 구어·문장,q_중식_06,중국요리 먹을 곳,음식점 중 '중식'을 판매·제공하는 매장,cf17a533-d07a-47b4-aa35-0c138d875bd3,중국성,중식,반석동 골목형상점가,골목형상점가,대전광역시,3.0,3.0,,,RESOLVED_AGREEMENT,False,3,,,,
bb7ec43a289577f2aa04,test,중식,T4 구어·문장,q_중식_06,중국요리 먹을 곳,음식점 중 '중식'을 판매·제공하는 매장,9b7f0ba5-f321-47b2-b4a3-5fe516b8fa70,중마시장중화요리,중국음식점,중마시장,전통시장,전라남도,3.0,3.0,,,RESOLVED_AGREEMENT,False,3,,,,
a11c203c2dbfa681d0a6,test,중식,T4 구어·문장,q_중식_06,중국요리 먹을 곳,음식점 중 '중식'을 판매·제공하는 매장,efa7a863-51b2-4de7-be9d-ea4c2e8b8129,중화요리 초마초마,중화요리,효자동4동 후곡길 골목형상점가,골목형상점가,전북특별자치도,3.0,3.0,,,RESOLVED_AGREEMENT,False,3,,,,
eaaebed0ea2a4fb2cf96,test,중식,T4 구어·문장,q_중식_06,중국요리 먹을 곳,음식점 중 '중식'을 판매·제공하는 매장,f210d6a4-56ea-45a0-88db-1140492e53e7,부천성,중국 음식,포항 대이상가 골목형상점가,골목형상점가,경상북도,3.0,0.0,,,P1_BINARY_THRESHOLD,True,,,,,
2155dfa66ed0d812a03b,test,중식,T4 구어·문장,q_중식_06,중국요리 먹을 곳,음식점 중 '중식'을 판매·제공하는 매장,e981fb70-739a-43a4-afe6-dbc7335ed296,중국집,중식,용호시장,전통시장,부산광역시,3.0,3.0,,,RESOLVED_AGREEMENT,False,3,,,,
491cb90e2f75dd7b86a7,test,중식,T4 구어·문장,q_중식_06,중국요리 먹을 곳,음식점 중 '중식'을 판매·제공하는 매장,011253e1-0a18-4068-84a9-9ee8f83460b6,도도,음식점(중식),화도창현상점가,골목형상점가,경기도,3.0,3.0,,,RESOLVED_AGREEMENT,False,3,,,,
ff6b3a298921a82f3a51,test,중식,T4 구어·문장,q_중식_06,중국요리 먹을 곳,음식점 중 '중식'을 판매·제공하는 매장,7c94ea1e-a106-49f9-8bd9-21b52e522eb6,양밍위황먼지미판,중국식찜닭,화양제일골목시장(화양제일시장),전통시장,서울특별시,0.0,0.0,,,RESOLVED_AGREEMENT,False,0,,,,
2a311dbcc2ac042dcb54,test,중식,T4 구어·문장,q_중식_06,중국요리 먹을 곳,음식점 중 '중식'을 판매·제공하는 매장,2056c69e-64b4-4b28-8ce2-800cbcec3e25,먹을꼬얌,음식,산본로데오거리(구 산본중심상가),자율상권구역,경기도,0.0,0.0,,,RESOLVED_AGREEMENT,False,0,,,,
c4ba0d094d9abb18f26d,test,중식,T4 구어·문장,q_중식_06,중국요리 먹을 곳,음식점 중 '중식'을 판매·제공하는 매장,0193214f-e716-440d-afbe-a93f1d75a078,1키로 탕수육 산본점,탕수육,산본사거리 골목형상점가,골목형상점가,경기도,3.0,3.0,,,RESOLVED_AGREEMENT,False,3,,,,
462c8e50927c4db29a02,test,중식,T4 구어·문장,q_중식_06,중국요리 먹을 곳,음식점 중 '중식'을 판매·제공하는 매장,00e0fdc1-dde3-4fc6-bb61-6bbace454a01,도야짬뽕평촌점,중식,귀인동먹거리촌 골목형상점가,골목형상점가,경기도,3.0,3.0,,,RESOLVED_AGREEMENT,False,3,,,,
cbce20009b2d3dd77211,test,중식,T4 구어·문장,q_중식_06,중국요리 먹을 곳,음식점 중 '중식'을 판매·제공하는 매장,3bc39a28-13c3-4739-b62a-bb69360a9462,청요리식당,중국음식,행복상점가,자율상권구역,경상북도,3.0,1.0,,,P1_BINARY_THRESHOLD,True,,,,,
f32cc438835f2b86e81f,test,중식,T4 구어·문장,q_중식_06,중국요리 먹을 곳,음식점 중 '중식'을 판매·제공하는 매장,27cc3228-f012-4aee-bceb-dc97e517edfd,황후쟁반짜장,중국요리,두암2동참판골 골목형상점가,골목형상점가,광주광역시,3.0,0.0,,,P1_BINARY_THRESHOLD,True,,,,,
fe1c76229e58f9a34e50,test,중식,T4 구어·문장,q_중식_06,중국요리 먹을 곳,음식점 중 '중식'을 판매·제공하는 매장,0e50dcc7-9c2b-441d-b386-a4a4ddb0f875,대동식당,"족발, 수육",칠성종합 상권활성화구역,상권활성화구역,대구광역시,0.0,1.0,,,P2_GRADED_ONLY,True,,,,,
966c1643f0d9555b2caa,test,중식,T4 구어·문장,q_중식_06,중국요리 먹을 곳,음식점 중 '중식'을 판매·제공하는 매장,f32c7a99-5cad-4df9-8806-16e7f78bc6ce,세종루,중국요리,아름동상점가,자율상권구역,세종특별자치시,3.0,0.0,,,P1_BINARY_THRESHOLD,True,,,,,
6829032b807bbe95103e,test,중식,T4 구어·문장,q_중식_06,중국요리 먹을 곳,음식점 중 '중식'을 판매·제공하는 매장,8467e561-2020-46c4-bf71-b21931c06898,맛뜨락,한식,진잠 골목형상점가,골목형상점가,대전광역시,1.0,1.0,,,RESOLVED_AGREEMENT,False,1,,,,
66158c0adae3cdb97876,test,중식,T4 구어·문장,q_중식_06,중국요리 먹을 곳,음식점 중 '중식'을 판매·제공하는 매장,19496e53-f4f7-4f8b-90d7-d5afeb350ee6,평지상회,건어물,문경중앙시장,전통시장,경상북도,0.0,0.0,,,RESOLVED_AGREEMENT,False,0,,,,
e109856e1f9de4d14add,test,중식,T4 구어·문장,q_중식_06,중국요리 먹을 곳,음식점 중 '중식'을 판매·제공하는 매장,1369e2e5-5da5-43fc-8c9e-1dda25f2cc06,하삼동커피,비알콜 음료,계양산전통시장,전통시장,인천광역시,0.0,0.0,,,RESOLVED_AGREEMENT,False,0,,,,
f8f4595d303cfccd2069,test,중식,T4 구어·문장,q_중식_06,중국요리 먹을 곳,음식점 중 '중식'을 판매·제공하는 매장,06834ba2-563f-4b9c-a452-d9fa21678afd,계화중식,중화요리,도화동상점가,자율상권구역,서울특별시,3.0,3.0,,,RESOLVED_AGREEMENT,False,3,,,,
0f42fe3d57e403e43b0a,test,중식,T4 구어·문장,q_중식_06,중국요리 먹을 곳,음식점 중 '중식'을 판매·제공하는 매장,8a40568d-0bf7-4de9-aebb-d520804fb4a5,용용선생광주상무점,중국식요리,상무지구청년상인회 골목형상점가,골목형상점가,광주광역시,0.0,0.0,,,RESOLVED_AGREEMENT,False,0,,,,
abdae5320db3555f23e6,test,중식,T4 구어·문장,q_중식_06,중국요리 먹을 곳,음식점 중 '중식'을 판매·제공하는 매장,b804cf3f-f859-49e9-ac04-446dea87c7ef,먹을래싸갈래,분식,국민시장,전통시장,부산광역시,1.0,0.0,,,P2_GRADED_ONLY,True,,,,,
a5a113eeca356444fde3,test,중식,T4 구어·문장,q_중식_06,중국요리 먹을 곳,음식점 중 '중식'을 판매·제공하는 매장,06261986-3eba-4244-b63f-397460d82f4a,이곳,미용,나주혁신도시 골목형상점가,골목형상점가,전라남도,0.0,0.0,,,RESOLVED_AGREEMENT,False,0,,,,
ff377cbacbd344684684,test,중식,T4 구어·문장,q_중식_06,중국요리 먹을 곳,음식점 중 '중식'을 판매·제공하는 매장,be9f8c61-892c-48ed-a49d-b63bd032c025,소곳,의류,고투몰(강남터미널지하도상점가),일반지하상점가,서울특별시,0.0,0.0,,,RESOLVED_AGREEMENT,False,0,,,,
c081553ede15ecf3be07,test,중식,T4 구어·문장,q_중식_06,중국요리 먹을 곳,음식점 중 '중식'을 판매·제공하는 매장,951c9963-1e48-4116-8299-05c69d690671,중국슈퍼,소매업(중국식품),광명전통시장,전통시장,경기도,1.0,0.0,,,P2_GRADED_ONLY,True,,,,,
838ed8315b526258fda9,test,중식,T4 구어·문장,q_중식_06,중국요리 먹을 곳,음식점 중 '중식'을 판매·제공하는 매장,c8105e05-4ed3-45c5-a489-ce8d10ef19c3,중국식품,중국식품,우림골목시장,전통시장,서울특별시,1.0,0.0,,,P2_GRADED_ONLY,True,,,,,
d2aee239973c57713187,test,중식,T4 구어·문장,q_중식_06,중국요리 먹을 곳,음식점 중 '중식'을 판매·제공하는 매장,7be83d91-0913-485f-b492-cb22db870f77,산돌중화요리,중화요리,꽃밭정이 골목형상점가,골목형상점가,전북특별자치도,3.0,3.0,,,RESOLVED_AGREEMENT,False,3,,,,
562cdc4186aa8273ec62,test,중식,T4 구어·문장,q_중식_06,중국요리 먹을 곳,음식점 중 '중식'을 판매·제공하는 매장,000ad086-7f53-4aa5-b6df-3e57737371e3,짬뽕이 땡기는가,짬뽕,서천시장거리 골목형상점가,골목형상점가,충청남도,3.0,3.0,,,RESOLVED_AGREEMENT,False,3,,,,
3170f330293c880c009d,test,중식,T4 구어·문장,q_중식_06,중국요리 먹을 곳,음식점 중 '중식'을 판매·제공하는 매장,699e1505-e193-431d-ab24-6834df732384,중국식품,중국식품,능동로골목시장(자양한강전통시장),전통시장,서울특별시,1.0,0.0,,,P2_GRADED_ONLY,True,,,,,
120f17da0e4326493d4c,test,중식,T4 구어·문장,q_중식_06,중국요리 먹을 곳,음식점 중 '중식'을 판매·제공하는 매장,7ff54927-9d51-414f-8b00-c4358a7a8289,예찬궁,중국요리,상현2동 골목형상점가,골목형상점가,경기도,3.0,0.0,,,P1_BINARY_THRESHOLD,True,,,,,
4e777259f34c84cba4de,test,중식,T4 구어·문장,q_중식_06,중국요리 먹을 곳,음식점 중 '중식'을 판매·제공하는 매장,74ec6c71-e0fd-448e-bed4-c4390980cb38,중국슈퍼,중국식품 과자류,부천자유시장,전통시장,경기도,1.0,0.0,,,P2_GRADED_ONLY,True,,,,,
d2bef0ab0dbdfbde2a65,test,중식,T4 구어·문장,q_중식_06,중국요리 먹을 곳,음식점 중 '중식'을 판매·제공하는 매장,0117062e-156e-475e-bd98-93585f54e25e,몽짬뽕원주직영점,,혁신도시3구역 골목형상점가,골목형상점가,강원특별자치도,3.0,3.0,,,RESOLVED_AGREEMENT,False,3,,,,
c7c7ee7d23a82255220f,test,중식,T4 구어·문장,q_중식_06,중국요리 먹을 곳,음식점 중 '중식'을 판매·제공하는 매장,76a3551b-dae4-4326-92cc-662015aedbfb,쉴 곳,한식,칠성로상점가,자율상권구역,제주특별자치도,1.0,1.0,,,RESOLVED_AGREEMENT,False,1,,,,
903b9c1cf45b4dbebf83,test,중식,T4 구어·문장,q_중식_06,중국요리 먹을 곳,음식점 중 '중식'을 판매·제공하는 매장,0a2531a2-9e72-41f0-974e-fa74b3008c7a,천하춘,중국본토요리,궁동 골목형상점가,골목형상점가,대전광역시,0.0,0.0,,,RESOLVED_AGREEMENT,False,0,,,,
c78d1cfa01a24d47a8af,test,중식,T4 구어·문장,q_중식_06,중국요리 먹을 곳,음식점 중 '중식'을 판매·제공하는 매장,000e6461-698b-42f6-842b-cf95393fee89,탕화쿵푸마라탕 전대점,중식,중흥청춘로 골목형상점가,골목형상점가,광주광역시,3.0,3.0,,,RESOLVED_AGREEMENT,False,3,,,,
3c5ac809d3b94d3a04cd,test,중식,T4 구어·문장,q_중식_06,중국요리 먹을 곳,음식점 중 '중식'을 판매·제공하는 매장,18c274e5-ccf0-401b-8776-9be7483b1b74,중국식품,중국가공품,관악신사시장,전통시장,서울특별시,1.0,0.0,,,P2_GRADED_ONLY,True,,,,,
0fee610f0408cf4860c5,test,중식,T4 구어·문장,q_중식_06,중국요리 먹을 곳,음식점 중 '중식'을 판매·제공하는 매장,004661ce-f943-4561-9c9d-d888ccc58c1e,니뽕내뽕천안신부점,퓨전짬뽕,천안신부문화거리상점가,자율상권구역,충청남도,3.0,3.0,,,RESOLVED_AGREEMENT,False,3,,,,
2f773b97d6a98fb906b7,test,중식,T4 구어·문장,q_중식_06,중국요리 먹을 곳,음식점 중 '중식'을 판매·제공하는 매장,8eccc033-7418-4fba-8cbf-9b84c9ab8df0,중국식품점,중국식품,세종대평시장,전통시장,세종특별자치시,1.0,0.0,,,P2_GRADED_ONLY,True,,,,,
3207c2b3787fa47f6d9e,test,중식,T4 구어·문장,q_중식_06,중국요리 먹을 곳,음식점 중 '중식'을 판매·제공하는 매장,7fde034b-96e4-455a-83e2-7b5692b96a17,먹을터,한식,화성행궁골목형상점가,골목형상점가,경기도,1.0,1.0,,,RESOLVED_AGREEMENT,False,1,,,,
14d40de6ba13a436f86a,test,중식,T4 구어·문장,q_중식_06,중국요리 먹을 곳,음식점 중 '중식'을 판매·제공하는 매장,24456103-f6b8-46af-8655-82e61d7265d8,커피가 머무르는 곳,커피,반드레길골목형상점가,골목형상점가,서울특별시,0.0,0.0,,,RESOLVED_AGREEMENT,False,0,,,,
95e272cffe83ff5ed209,test,중식,T4 구어·문장,q_중식_06,중국요리 먹을 곳,음식점 중 '중식'을 판매·제공하는 매장,0cddd7d4-60fb-410c-bbe3-945117dce469,중국면식,분식,부천자유시장,전통시장,경기도,1.0,0.0,,,P2_GRADED_ONLY,True,,,,,
52eec6097264aec9cef9,test,중식,T4 구어·문장,q_중식_06,중국요리 먹을 곳,음식점 중 '중식'을 판매·제공하는 매장,11f106c6-21aa-44b5-9a89-e53c2dfb2ba6,진차이,"탕수육, 짬뽕, 짜장",목대온기 골목형상점가,골목형상점가,대전광역시,3.0,3.0,,,RESOLVED_AGREEMENT,False,3,,,,
43f442ad8577d26b89f4,test,중식,T4 구어·문장,q_중식_06,중국요리 먹을 곳,음식점 중 '중식'을 판매·제공하는 매장,c5e4eb4b-b643-4e48-81a8-d26b68006cd3,중국상점,식품,전곡첫머리거리 골목형상점가,골목형상점가,경기도,0.0,0.0,,,RESOLVED_AGREEMENT,False,0,,,,
e5fb48d90a8f161a5d18,test,중식,T4 구어·문장,q_중식_06,중국요리 먹을 곳,음식점 중 '중식'을 판매·제공하는 매장,86314994-e153-4d29-bff1-05a5f036f9c5,먹쇠루,중식,대화전통시장,전통시장,강원특별자치도,3.0,3.0,,,RESOLVED_AGREEMENT,False,3,,,,
a14817cae79877c89ae3,test,중식,T4 구어·문장,q_중식_06,중국요리 먹을 곳,음식점 중 '중식'을 판매·제공하는 매장,2e1ccab1-1759-4b92-bea1-7ec4dd9edfa7,한중요리,한식,도군머리 골목형상점가,골목형상점가,광주광역시,1.0,1.0,,,RESOLVED_AGREEMENT,False,1,,,,
fe2622a6eeb23d1f018c,test,중식,T4 구어·문장,q_중식_06,중국요리 먹을 곳,음식점 중 '중식'을 판매·제공하는 매장,4006da5c-bdca-4cac-a2e6-62e108658508,이가동북요리,중식,익산그린상점가,자율상권구역,전북특별자치도,3.0,3.0,,,RESOLVED_AGREEMENT,False,3,,,,
4577a7ba4c8d0ae95672,test,중식,T4 구어·문장,q_중식_06,중국요리 먹을 곳,음식점 중 '중식'을 판매·제공하는 매장,8f4cfbae-c2fd-433a-966c-c1f220fe526f,수림관,중국집,당감시장,전통시장,부산광역시,3.0,3.0,,,RESOLVED_AGREEMENT,False,3,,,,
da44420622f6b29442d1,test,중식,T4 구어·문장,q_중식_06,중국요리 먹을 곳,음식점 중 '중식'을 판매·제공하는 매장,624d027d-83a7-4ed5-8da0-822be7305917,천안문,중국요리,연원시장,전통시장,충청북도,3.0,0.0,,,P1_BINARY_THRESHOLD,True,,,,,
25d00d71b8c86fd4ed82,test,중식,T4 구어·문장,q_중식_06,중국요리 먹을 곳,음식점 중 '중식'을 판매·제공하는 매장,06fe7733-54b9-4fc8-8a3b-556f50d1cdcc,중화요리진,,주천골목형상점가,골목형상점가,강원특별자치도,3.0,3.0,,,RESOLVED_AGREEMENT,False,3,,,,
15b70d28f592f37ba042,test,중식,T4 구어·문장,q_중식_06,중국요리 먹을 곳,음식점 중 '중식'을 판매·제공하는 매장,0a230bc3-6a24-48f7-b574-69d45d24f49b,시골향숙식,수육,오산오색시장(구 오산중앙시장),전통시장,경기도,0.0,0.0,,,RESOLVED_AGREEMENT,False,0,,,,
2052b08f4c5e88e2ae42,test,중식,T4 구어·문장,q_중식_06,중국요리 먹을 곳,음식점 중 '중식'을 판매·제공하는 매장,997326b1-b610-48cc-a9f2-450dd2ce1407,중국관,중식,대명 오손도손 골목형상점가,골목형상점가,전북특별자치도,3.0,3.0,,,RESOLVED_AGREEMENT,False,3,,,,
6c7de2dea34740f0332f,test,중식,T4 구어·문장,q_중식_06,중국요리 먹을 곳,음식점 중 '중식'을 판매·제공하는 매장,c111ac9d-3f3a-405c-a8db-4d127ccda9e2,행복이 있는 곳,잡화,제주로얄쇼핑센터,자율상권구역,제주특별자치도,0.0,0.0,,,RESOLVED_AGREEMENT,False,0,,,,
2883210ddf050dbccbd9,test,중식,T4 구어·문장,q_중식_06,중국요리 먹을 곳,음식점 중 '중식'을 판매·제공하는 매장,8adecf0d-4704-4e39-bdf9-464893460319,카페 비요리,커피,대흥동 특화거리 상점가,자율상권구역,대전광역시,0.0,0.0,,,RESOLVED_AGREEMENT,False,0,,,,
2f8ac8942e02e4c89cc0,test,중식,T4 구어·문장,q_중식_06,중국요리 먹을 곳,음식점 중 '중식'을 판매·제공하는 매장,00f2b06a-d82a-4740-ac18-d898c209d5a5,짜이짜이,중식,충장로123가 상점가,자율상권구역,광주광역시,3.0,3.0,,,RESOLVED_AGREEMENT,False,3,,,,
cf3ed544b2de047fabc5,test,중식,T4 구어·문장,q_중식_06,중국요리 먹을 곳,음식점 중 '중식'을 판매·제공하는 매장,116365cb-ffed-43e1-9971-6df263d877cc,짜짜루,중국집,하동공설시장,전통시장,경상남도,3.0,3.0,,,RESOLVED_AGREEMENT,False,3,,,,
e011078846e22e01e50f,test,중식,T4 구어·문장,q_중식_06,중국요리 먹을 곳,음식점 중 '중식'을 판매·제공하는 매장,74bb1fa2-c696-4b7f-a94c-e60b51332024,화 중화요리,중화요리,화도창현상점가,골목형상점가,경기도,3.0,3.0,,,RESOLVED_AGREEMENT,False,3,,,,
679d7d74f519b5a688de,test,중식,T4 구어·문장,q_중식_06,중국요리 먹을 곳,음식점 중 '중식'을 판매·제공하는 매장,f363e5a1-66ea-4bfe-9f6f-5da925362614,전의중국성,중국요리판매,전의왕의물시장(전의전통시장),전통시장,세종특별자치시,3.0,0.0,,,P1_BINARY_THRESHOLD,True,,,,,
afd0f74c8a3b073e9b6b,test,중식,T4 구어·문장,q_중식_06,중국요리 먹을 곳,음식점 중 '중식'을 판매·제공하는 매장,842f6cf1-6411-4f4b-be23-746d79e31656,섬곳,한식,플레이사계 지오단길 골목형상점가,골목형상점가,제주특별자치도,1.0,1.0,,,RESOLVED_AGREEMENT,False,1,,,,
99180910a8c60a5a94f9,test,중식,T4 구어·문장,q_중식_06,중국요리 먹을 곳,음식점 중 '중식'을 판매·제공하는 매장,0920f08e-ee4b-43f5-8400-8ee605567276,7080손짜장,중화요리,부곡맛고을상가,자율상권구역,경상북도,3.0,3.0,,,RESOLVED_AGREEMENT,False,3,,,,
0c16d09291614186c1bb,test,중식,T4 구어·문장,q_중식_06,중국요리 먹을 곳,음식점 중 '중식'을 판매·제공하는 매장,170e3331-357e-4ff1-a3e7-2980a16470c3,중국수련손만두,한식,김천 삼색이수상권,상권활성화구역,경상북도,1.0,3.0,,,P1_BINARY_THRESHOLD,True,,,,,
8b219a889db2a2140449,test,중식,T4 구어·문장,q_중식_06,중국요리 먹을 곳,음식점 중 '중식'을 판매·제공하는 매장,87415444-20e4-40e5-a93e-fe9429c077f4,중화각,중화요리,부평깡시장,전통시장,인천광역시,3.0,3.0,,,RESOLVED_AGREEMENT,False,3,,,,
ef736c09b7b6af358bb9,test,중식,T4 구어·문장,q_중식_06,중국요리 먹을 곳,음식점 중 '중식'을 판매·제공하는 매장,0238f2dd-085f-48bf-a543-5d59d8b2f10f,기통치킨탕수육호프,치킨탕수육,성안길상점가,자율상권구역,충청북도,3.0,3.0,,,RESOLVED_AGREEMENT,False,3,,,,
7785e5606b83d7362cbc,test,중식,T4 구어·문장,q_중식_06,중국요리 먹을 곳,음식점 중 '중식'을 판매·제공하는 매장,47fd20b0-3ece-4a9d-9802-d1d0c758e96b,주식회사태성축산유통,축산물,마장축산물시장,전통시장,서울특별시,0.0,0.0,,,RESOLVED_AGREEMENT,False,0,,,,
7d532b8f762e24de5649,test,중식,T4 구어·문장,q_중식_06,중국요리 먹을 곳,음식점 중 '중식'을 판매·제공하는 매장,e8b1682a-9e37-4c79-af72-a58a991c21ec,툭툭2,"태국요리, 도시락, 인테리어소품",서부시장,전통시장,대구광역시,0.0,0.0,,,RESOLVED_AGREEMENT,False,0,,,,
7c884f1e18e640acea76,test,중식,T4 구어·문장,q_중식_06,중국요리 먹을 곳,음식점 중 '중식'을 판매·제공하는 매장,2fa0cebe-ea4a-439a-b769-a283229714f8,윈도우 스토리,커튼,배방공수 골목형상점가,골목형상점가,충청남도,0.0,0.0,,,RESOLVED_AGREEMENT,False,0,,,,
0fe20ef28937ec1d495e,test,중식,T4 구어·문장,q_중식_06,중국요리 먹을 곳,음식점 중 '중식'을 판매·제공하는 매장,de28e5bd-01ec-499c-a2a8-fb9749892c99,육삼상회,철물 및 잡화,군위시장(구 군위전통시장),전통시장,대구광역시,0.0,0.0,,,RESOLVED_AGREEMENT,False,0,,,,
c024fd9dce6c17951e59,test,중식,T4 구어·문장,q_중식_06,중국요리 먹을 곳,음식점 중 '중식'을 판매·제공하는 매장,a1854c2c-9b04-4f26-a880-f30f1e77b56c,중국식품,,능동상가,자율상권구역,경기도,1.0,0.0,,,P2_GRADED_ONLY,True,,,,,
57c52ca61736a5739f4e,test,중식,T4 구어·문장,q_중식_06,중국요리 먹을 곳,음식점 중 '중식'을 판매·제공하는 매장,291ab45c-d13d-42d6-b893-ded930bb8890,율짬뽕,중국집,동쪽바다중앙시장(구 동해중앙시장),전통시장,강원특별자치도,3.0,3.0,,,RESOLVED_AGREEMENT,False,3,,,,
33e75e8be51b42910448,test,중식,T4 구어·문장,q_중식_06,중국요리 먹을 곳,음식점 중 '중식'을 판매·제공하는 매장,faeb9a71-7f65-4834-989f-60db010c2581,중국성,,승달 골목형상점가,골목형상점가,,,0.0,Y,,P0_UNCERTAIN_OR_MISSING,True,,,,,
b411c580fd17bbfdd79a,test,중식,T4 구어·문장,q_중식_06,중국요리 먹을 곳,음식점 중 '중식'을 판매·제공하는 매장,5b5822e0-9f7a-4e83-8cec-5b0b30ace8c0,중국식품,중국식품,두정로 두정상가길 골목형상점가,골목형상점가,충청남도,1.0,0.0,,,P2_GRADED_ONLY,True,,,,,
5377a83ffca320377380,test,중식,T4 구어·문장,q_중식_06,중국요리 먹을 곳,음식점 중 '중식'을 판매·제공하는 매장,90376d82-87fd-4a8d-99b7-9c03ee2815b1,먹을래싸갈래,,사직거인 골목형상점가,골목형상점가,부산광역시,,0.0,Y,,P0_UNCERTAIN_OR_MISSING,True,,,,,
0f4fff9961208c02d9a7,test,중식,T4 구어·문장,q_중식_06,중국요리 먹을 곳,음식점 중 '중식'을 판매·제공하는 매장,0369b808-6d4f-4b37-8f25-7e3287a3e3a9,서반장항아리왕짬뽕,,관평동 골목형상점가,골목형상점가,대전광역시,3.0,3.0,,,RESOLVED_AGREEMENT,False,3,,,,
f3897fcceeb57f42e32f,test,중식,T4 구어·문장,q_중식_06,중국요리 먹을 곳,음식점 중 '중식'을 판매·제공하는 매장,00c95d45-2ff3-4066-a179-c026f0528d0c,명장,중식,옥과설산골목형상점가,골목형상점가,전라남도,3.0,3.0,,,RESOLVED_AGREEMENT,False,3,,,,
bf09c53e06f8d57beb5a,test,중식,T4 구어·문장,q_중식_06,중국요리 먹을 곳,음식점 중 '중식'을 판매·제공하는 매장,b6542f1a-79b3-433a-b23e-d01746bca504,중국식품,,남문시장,전통시장,서울특별시,1.0,0.0,,,P2_GRADED_ONLY,True,,,,,
cc95ac4b0105b1780820,test,중식,T4 구어·문장,q_중식_06,중국요리 먹을 곳,음식점 중 '중식'을 판매·제공하는 매장,57a00ee5-cfe3-4f5f-b899-bd2ab104476e,중국성,,요촌동 골목형상점가,골목형상점가,전북특별자치도,,0.0,Y,,P0_UNCERTAIN_OR_MISSING,True,,,,,
5b75cdcaa987e21dd869,test,중식,T4 구어·문장,q_중식_06,중국요리 먹을 곳,음식점 중 '중식'을 판매·제공하는 매장,7bc42716-9c09-4c5c-b43e-e69380469aee,중국전통식품,중국식자재,금촌전통시장,전통시장,경기도,0.0,0.0,,,RESOLVED_AGREEMENT,False,0,,,,
2ecdfbc7890dc564cfb3,test,중식,T4 구어·문장,q_중식_06,중국요리 먹을 곳,음식점 중 '중식'을 판매·제공하는 매장,39a9260d-516a-40e1-acf7-d8223239db38,개발소,반려동물미용,월드상가골목형상점가,골목형상점가,인천광역시,0.0,0.0,,,RESOLVED_AGREEMENT,False,0,,,,
c41d207cb0f98d2b95f8,test,중식,T4 구어·문장,q_중식_06,중국요리 먹을 곳,음식점 중 '중식'을 판매·제공하는 매장,fbed0a52-cde9-48fd-94aa-8966b46c9462,중국식품,,평택통복시장,전통시장,경기도,1.0,0.0,,,P2_GRADED_ONLY,True,,,,,
f0aa4f2f2c529185d6a3,test,중식,T4 구어·문장,q_중식_06,중국요리 먹을 곳,음식점 중 '중식'을 판매·제공하는 매장,d79fb75b-d6eb-406c-b2a2-a4bf1df1aebd,고향중국식품,중국술과자,관악신사시장,전통시장,서울특별시,1.0,0.0,,,P2_GRADED_ONLY,True,,,,,
95993452a948adbd90f3,test,중식,T4 구어·문장,q_중식_06,중국요리 먹을 곳,음식점 중 '중식'을 판매·제공하는 매장,a2f4a18f-e719-443b-845b-33d3981eb68d,신짬뽕,중국집,둔산3동상점가,자율상권구역,대전광역시,3.0,3.0,,,RESOLVED_AGREEMENT,False,3,,,,
240465a254ab791f73cc,test,중식,T4 구어·문장,q_중식_06,중국요리 먹을 곳,음식점 중 '중식'을 판매·제공하는 매장,92f008bd-7adc-4089-8f62-62a2e3249d51,중국식품,"중국식품, 잡화",박달시장,전통시장,경기도,1.0,0.0,,,P2_GRADED_ONLY,True,,,,,
0a805cdb9927c1fe09ff,test,중식,T4 구어·문장,q_중식_06,중국요리 먹을 곳,음식점 중 '중식'을 판매·제공하는 매장,fabcfb38-28da-4997-88d7-82f3e414c79f,중국식품점,중국식품,이지더원 골목형 상점가,골목형상점가,충청남도,1.0,0.0,,,P2_GRADED_ONLY,True,,,,,
a04daa5c29add63c6152,test,중식,T4 구어·문장,q_중식_06,중국요리 먹을 곳,음식점 중 '중식'을 판매·제공하는 매장,84c47ed9-30dd-4775-8723-85088bc0413d,남강중화요리,중화요리,오수시장,전통시장,전북특별자치도,3.0,3.0,,,RESOLVED_AGREEMENT,False,3,,,,
96be1540cee7945df4a8,test,중식,T4 구어·문장,q_중식_06,중국요리 먹을 곳,음식점 중 '중식'을 판매·제공하는 매장,89bd86d9-9119-45d0-8531-86d331f2c84c,중국집,중국음식점,간성전통시장(구 천년고성시장),전통시장,강원특별자치도,3.0,3.0,,,RESOLVED_AGREEMENT,False,3,,,,
d0f16c1d19258667c05f,test,중식,T4 구어·문장,q_중식_06,중국요리 먹을 곳,음식점 중 '중식'을 판매·제공하는 매장,2743811c-5e71-4d2b-aa75-1b0147d44f2d,사우 꽃이 피는 곳,꽃,김포 풍년마을 골목형상점가,골목형상점가,경기도,0.0,0.0,,,RESOLVED_AGREEMENT,False,0,,,,
55bb83d573af780bebe0,test,중식,T4 구어·문장,q_중식_07,중국음식 먹을 데,음식점 중 '중식'을 판매·제공하는 매장,5b3321ba-06ae-4d27-87e1-31cdfa864cde,국제반점,중국음식점,해남읍 원도심 상권활성화구역,상권활성화구역,전라남도,3.0,1.0,,,P1_BINARY_THRESHOLD,True,,,,,
48b6b18af99c2b16b816,test,중식,T4 구어·문장,q_중식_07,중국음식 먹을 데,음식점 중 '중식'을 판매·제공하는 매장,afe9bbf4-e934-4b46-8beb-377d2a01cf98,중화면식,꽈배기 중국음식,부평종합시장,전통시장,인천광역시,3.0,3.0,,,RESOLVED_AGREEMENT,False,3,,,,
ea5021b233ec510a2118,test,중식,T4 구어·문장,q_중식_07,중국음식 먹을 데,음식점 중 '중식'을 판매·제공하는 매장,8185c10c-f3a5-4a2c-853a-88c3cc8aef71,락앤웍,중국음식,과천슈르탑 골목형상점가,골목형상점가,경기도,3.0,0.0,,,P1_BINARY_THRESHOLD,True,,,,,
355b2d54982f09f091db,test,중식,T4 구어·문장,q_중식_07,중국음식 먹을 데,음식점 중 '중식'을 판매·제공하는 매장,fec6730f-0db8-4329-881a-5bafee80230b,원앙당,보석류,광명새마을시장,전통시장,경기도,0.0,0.0,,,RESOLVED_AGREEMENT,False,0,,,,
f43ef0e3912528c5850d,test,중식,T4 구어·문장,q_중식_07,중국음식 먹을 데,음식점 중 '중식'을 판매·제공하는 매장,0971f4d4-95cb-47fd-8de4-ac38e2add766,광진짜장,중국음식점업,세종전통시장,전통시장,세종특별자치시,3.0,1.0,,,P1_BINARY_THRESHOLD,True,,,,,
77fb5ef71fc2cd5cb8aa,test,중식,T4 구어·문장,q_중식_07,중국음식 먹을 데,음식점 중 '중식'을 판매·제공하는 매장,0920f08e-ee4b-43f5-8400-8ee605567276,7080손짜장,중화요리,부곡맛고을상가,자율상권구역,경상북도,3.0,3.0,,,RESOLVED_AGREEMENT,False,3,,,,
a75401f01b0a846a7a37,test,중식,T4 구어·문장,q_중식_07,중국음식 먹을 데,음식점 중 '중식'을 판매·제공하는 매장,b74dd00c-dfef-41f7-9a6b-5adebaf02404,웅천사쳔성,중국음식,웅천시장,전통시장,충청남도,3.0,0.0,,,P1_BINARY_THRESHOLD,True,,,,,
c52a5143afe6c5039287,test,중식,T4 구어·문장,q_중식_07,중국음식 먹을 데,음식점 중 '중식'을 판매·제공하는 매장,3383e185-45fb-4de9-aae3-881d442702e4,소림성,중국음식,죽산삶거리 골목형상점가,골목형상점가,전북특별자치도,3.0,0.0,,,P1_BINARY_THRESHOLD,True,,,,,
5a73b9edb7c764220a17,test,중식,T4 구어·문장,q_중식_07,중국음식 먹을 데,음식점 중 '중식'을 판매·제공하는 매장,011253e1-0a18-4068-84a9-9ee8f83460b6,도도,음식점(중식),화도창현상점가,골목형상점가,경기도,3.0,3.0,,,RESOLVED_AGREEMENT,False,3,,,,
6095accef8f866bdfad7,test,중식,T4 구어·문장,q_중식_07,중국음식 먹을 데,음식점 중 '중식'을 판매·제공하는 매장,d4efbe22-6f32-4b5e-bbec-688c151bad20,지에스25(GS25) 천리타운점,주류 등,이동 골목형상점가,골목형상점가,경기도,0.0,0.0,,,RESOLVED_AGREEMENT,False,0,,,,
58c2a39b1097f7e7fed9,test,중식,T4 구어·문장,q_중식_07,중국음식 먹을 데,음식점 중 '중식'을 판매·제공하는 매장,11f106c6-21aa-44b5-9a89-e53c2dfb2ba6,진차이,"탕수육, 짬뽕, 짜장",목대온기 골목형상점가,골목형상점가,대전광역시,3.0,3.0,,,RESOLVED_AGREEMENT,False,3,,,,
7986bdaafcd63d02b48f,test,중식,T4 구어·문장,q_중식_07,중국음식 먹을 데,음식점 중 '중식'을 판매·제공하는 매장,ad570bb1-6737-495e-b0fa-2c9642e16967,중화루,중국음식,현대시장(분당구),전통시장,경기도,3.0,3.0,,,RESOLVED_AGREEMENT,False,3,,,,
ef9d07bc10f35d8bc9a2,test,중식,T4 구어·문장,q_중식_07,중국음식 먹을 데,음식점 중 '중식'을 판매·제공하는 매장,3747c4a5-a9f2-4fa3-8592-e3b2ff5ff649,한일반점,중국음식,상주남문거리 골목형상점가,골목형상점가,경상북도,3.0,0.0,,,P1_BINARY_THRESHOLD,True,,,,,
5d296422aae2d5115c22,test,중식,T4 구어·문장,q_중식_07,중국음식 먹을 데,음식점 중 '중식'을 판매·제공하는 매장,ec8e5bfa-c69e-4ad3-8cfc-596e0afd0491,상남닭오리백화점,닭 오리,창원 상남시장,전통시장,경상남도,0.0,0.0,,,RESOLVED_AGREEMENT,False,0,,,,
8b0db12f2784d0adfbdb,test,중식,T4 구어·문장,q_중식_07,중국음식 먹을 데,음식점 중 '중식'을 판매·제공하는 매장,cc611d86-51b2-47d7-ae1f-c3f3db0ccb7e,희래등,음식업(중국음식점),별양동상점가,자율상권구역,경기도,3.0,1.0,,,P1_BINARY_THRESHOLD,True,,,,,
6b82c3b20cc4b121ea88,test,중식,T4 구어·문장,q_중식_07,중국음식 먹을 데,음식점 중 '중식'을 판매·제공하는 매장,29f1863f-632b-4eba-8219-6681c4da24e1,가화만사성,중국음식점,선부광장로상점가,자율상권구역,경기도,3.0,1.0,,,P1_BINARY_THRESHOLD,True,,,,,
b7d1a7488e194a43a13c,test,중식,T4 구어·문장,q_중식_07,중국음식 먹을 데,음식점 중 '중식'을 판매·제공하는 매장,91c70fca-f0c0-4a1e-897d-4909e4485866,이영훈짬뽕,중국음식,삼각지맛길 골목형상점가,골목형상점가,대구광역시,3.0,3.0,,,RESOLVED_AGREEMENT,False,3,,,,
cfeaf093b06ee33d55a7,test,중식,T4 구어·문장,q_중식_07,중국음식 먹을 데,음식점 중 '중식'을 판매·제공하는 매장,8f4cfbae-c2fd-433a-966c-c1f220fe526f,수림관,중국집,당감시장,전통시장,부산광역시,3.0,3.0,,,RESOLVED_AGREEMENT,False,3,,,,
c28f10c8d059adad1e7c,test,중식,T4 구어·문장,q_중식_07,중국음식 먹을 데,음식점 중 '중식'을 판매·제공하는 매장,54a03220-2e4c-4ee3-bf91-75c6c5bb0483,중화명가,중국음식점업,부송동 골목형상점가,골목형상점가,전북특별자치도,3.0,3.0,,,RESOLVED_AGREEMENT,False,3,,,,
07ea8dde70411a060593,test,중식,T4 구어·문장,q_중식_07,중국음식 먹을 데,음식점 중 '중식'을 판매·제공하는 매장,7fde034b-96e4-455a-83e2-7b5692b96a17,먹을터,한식,화성행궁골목형상점가,골목형상점가,경기도,1.0,1.0,,,RESOLVED_AGREEMENT,False,1,,,,
a793dad13e06c811d4aa,test,중식,T4 구어·문장,q_중식_07,중국음식 먹을 데,음식점 중 '중식'을 판매·제공하는 매장,00e0fdc1-dde3-4fc6-bb61-6bbace454a01,도야짬뽕평촌점,중식,귀인동먹거리촌 골목형상점가,골목형상점가,경기도,3.0,3.0,,,RESOLVED_AGREEMENT,False,3,,,,
bff7f75c62e071d8d47e,test,중식,T4 구어·문장,q_중식_07,중국음식 먹을 데,음식점 중 '중식'을 판매·제공하는 매장,89bd86d9-9119-45d0-8531-86d331f2c84c,중국집,중국음식점,간성전통시장(구 천년고성시장),전통시장,강원특별자치도,3.0,3.0,,,RESOLVED_AGREEMENT,False,3,,,,
8e2cad3e5f269d40d746,test,중식,T4 구어·문장,q_중식_07,중국음식 먹을 데,음식점 중 '중식'을 판매·제공하는 매장,9b7f0ba5-f321-47b2-b4a3-5fe516b8fa70,중마시장중화요리,중국음식점,중마시장,전통시장,전라남도,3.0,3.0,,,RESOLVED_AGREEMENT,False,3,,,,
5d285b44b998702435f9,test,중식,T4 구어·문장,q_중식_07,중국음식 먹을 데,음식점 중 '중식'을 판매·제공하는 매장,0e50dcc7-9c2b-441d-b386-a4a4ddb0f875,대동식당,"족발, 수육",칠성종합 상권활성화구역,상권활성화구역,대구광역시,0.0,1.0,,,P2_GRADED_ONLY,True,,,,,
e7d4c1db1ffc446aace2,test,중식,T4 구어·문장,q_중식_07,중국음식 먹을 데,음식점 중 '중식'을 판매·제공하는 매장,c129889a-1f8c-4799-8515-5e341d6757cc,동일반점,일반중국음식,부안마실 상권활성화구역,상권활성화구역,전북특별자치도,3.0,0.0,,,P1_BINARY_THRESHOLD,True,,,,,
3a37b59b3288947742bb,test,중식,T4 구어·문장,q_중식_07,중국음식 먹을 데,음식점 중 '중식'을 판매·제공하는 매장,012fea8b-eb2a-48ba-908c-ebc87edc7b6f,홍운반점,중국음식,효자시장,전통시장,경상북도,3.0,0.0,,,P1_BINARY_THRESHOLD,True,,,,,
1a668a0bcc364c877b03,test,중식,T4 구어·문장,q_중식_07,중국음식 먹을 데,음식점 중 '중식'을 판매·제공하는 매장,1f2e53b7-9ffa-4646-83a0-493cb100585f,차이나고궁,중국음식,신효천 골목형상점가,골목형상점가,광주광역시,3.0,0.0,,,P1_BINARY_THRESHOLD,True,,,,,
aa36c174c8c4ad9499f1,test,중식,T4 구어·문장,q_중식_07,중국음식 먹을 데,음식점 중 '중식'을 판매·제공하는 매장,291ab45c-d13d-42d6-b893-ded930bb8890,율짬뽕,중국집,동쪽바다중앙시장(구 동해중앙시장),전통시장,강원특별자치도,3.0,3.0,,,RESOLVED_AGREEMENT,False,3,,,,
9fa349b83e6a6f0d8cc4,test,중식,T4 구어·문장,q_중식_07,중국음식 먹을 데,음식점 중 '중식'을 판매·제공하는 매장,0193214f-e716-440d-afbe-a93f1d75a078,1키로 탕수육 산본점,탕수육,산본사거리 골목형상점가,골목형상점가,경기도,3.0,3.0,,,RESOLVED_AGREEMENT,False,3,,,,
ef1246d942387cb0ab7e,test,중식,T4 구어·문장,q_중식_07,중국음식 먹을 데,음식점 중 '중식'을 판매·제공하는 매장,9f704cad-5520-4a93-b1a7-0030a108fe6a,팔오반점 대전 본점,중국음식점업,낭월 빛담길 골목형상점가,골목형상점가,대전광역시,3.0,1.0,,,P1_BINARY_THRESHOLD,True,,,,,
23cd25157b201279bef2,test,중식,T4 구어·문장,q_중식_07,중국음식 먹을 데,음식점 중 '중식'을 판매·제공하는 매장,06fe7733-54b9-4fc8-8a3b-556f50d1cdcc,중화요리진,,주천골목형상점가,골목형상점가,강원특별자치도,3.0,3.0,,,RESOLVED_AGREEMENT,False,3,,,,
db438845316917b948ca,test,중식,T4 구어·문장,q_중식_07,중국음식 먹을 데,음식점 중 '중식'을 판매·제공하는 매장,8d2c4109-caee-4cfa-aa13-37e939f5f13f,수은각,중국음식,울산번개시장,전통시장,울산광역시,3.0,0.0,,,P1_BINARY_THRESHOLD,True,,,,,
9f00150fab813019a9c1,test,중식,T4 구어·문장,q_중식_07,중국음식 먹을 데,음식점 중 '중식'을 판매·제공하는 매장,612cac7d-1399-4269-afab-59e4ff8dcdab,삼천각,일반 중국음식,광안리SUP샤카,골목형상점가,부산광역시,3.0,0.0,,,P1_BINARY_THRESHOLD,True,,,,,
1a7d796d59cf1da86f7a,test,중식,T4 구어·문장,q_중식_07,중국음식 먹을 데,음식점 중 '중식'을 판매·제공하는 매장,c3fe3b79-79c2-46c7-894d-523c2088ae4d,자금성,중국음식,봉화내성시장,전통시장,경상북도,3.0,0.0,,,P1_BINARY_THRESHOLD,True,,,,,
c4cd971c28de202b21c9,test,중식,T4 구어·문장,q_중식_07,중국음식 먹을 데,음식점 중 '중식'을 판매·제공하는 매장,a2f4a18f-e719-443b-845b-33d3981eb68d,신짬뽕,중국집,둔산3동상점가,자율상권구역,대전광역시,3.0,3.0,,,RESOLVED_AGREEMENT,False,3,,,,
24f601daabe211007d75,test,중식,T4 구어·문장,q_중식_07,중국음식 먹을 데,음식점 중 '중식'을 판매·제공하는 매장,3bc39a28-13c3-4739-b62a-bb69360a9462,청요리식당,중국음식,행복상점가,자율상권구역,경상북도,3.0,1.0,,,P1_BINARY_THRESHOLD,True,,,,,
5ddef29340ad10e038b4,test,중식,T4 구어·문장,q_중식_07,중국음식 먹을 데,음식점 중 '중식'을 판매·제공하는 매장,6f9b178c-d8ee-46a8-81af-7a49e6d3a239,도야짬뽕 나주혁신점,중국음식,빛가람 로데오 골목형상점가,골목형상점가,전라남도,3.0,3.0,,,RESOLVED_AGREEMENT,False,3,,,,
f54a597e13f4a383825a,test,중식,T4 구어·문장,q_중식_07,중국음식 먹을 데,음식점 중 '중식'을 판매·제공하는 매장,004af3ce-488b-4a6f-a066-862e26430938,호재짬뽕,,게내공원길 골목형상점가,골목형상점가,서울특별시,3.0,3.0,,,RESOLVED_AGREEMENT,False,3,,,,
8bf22c95734c5fdffad4,test,중식,T4 구어·문장,q_중식_07,중국음식 먹을 데,음식점 중 '중식'을 판매·제공하는 매장,ce3548a1-b6cb-464b-ae4d-8eaf76121530,대중냉면,중국음식점,으뜸길 골목형상점가,골목형상점가,경기도,3.0,1.0,,,P1_BINARY_THRESHOLD,True,,,,,
89a8601d71c6aa714b3f,test,중식,T4 구어·문장,q_중식_07,중국음식 먹을 데,음식점 중 '중식'을 판매·제공하는 매장,9aa72607-f5d9-4269-a934-c91981c0315a,두배루반점,중국음식,김천평화시장,전통시장,경상북도,3.0,0.0,,,P1_BINARY_THRESHOLD,True,,,,,
d3a3b9cd252cf7774c71,test,중식,T4 구어·문장,q_중식_07,중국음식 먹을 데,음식점 중 '중식'을 판매·제공하는 매장,7e1e717c-21cb-423c-a95e-0b6269821c27,천일반점,일반중국음식,금암동 골목형상점가,골목형상점가,전북특별자치도,3.0,0.0,,,P1_BINARY_THRESHOLD,True,,,,,
6e2841f6a644859888d3,test,중식,T4 구어·문장,q_중식_07,중국음식 먹을 데,음식점 중 '중식'을 판매·제공하는 매장,116365cb-ffed-43e1-9971-6df263d877cc,짜짜루,중국집,하동공설시장,전통시장,경상남도,3.0,3.0,,,RESOLVED_AGREEMENT,False,3,,,,
184f551aa507d755d9a6,test,중식,T4 구어·문장,q_중식_07,중국음식 먹을 데,음식점 중 '중식'을 판매·제공하는 매장,2549f934-5b97-4eb4-bd00-ae17924d4ba3,제일왕만두,일반중국음식,거창 전통시장,전통시장,경상남도,3.0,3.0,,,RESOLVED_AGREEMENT,False,3,,,,
0cfb4313428a849803c8,test,중식,T4 구어·문장,q_중식_07,중국음식 먹을 데,음식점 중 '중식'을 판매·제공하는 매장,0e670ac8-34bb-49aa-a021-96edc35b4edc,만리장성,중국음식,정선사북시장,전통시장,강원특별자치도,3.0,0.0,,,P1_BINARY_THRESHOLD,True,,,,,
08dade3c7b721891a750,test,중식,T4 구어·문장,q_중식_07,중국음식 먹을 데,음식점 중 '중식'을 판매·제공하는 매장,fa98e9c2-cd7b-47b3-910e-5cba91189a38,코끼리 카페 탕정점,커피,탕정역 지웰시티몰 3단지 골목형상점가,골목형상점가,충청남도,0.0,0.0,,,RESOLVED_AGREEMENT,False,0,,,,
7f6407ad0e76617f4caa,test,중식,T4 구어·문장,q_중식_07,중국음식 먹을 데,음식점 중 '중식'을 판매·제공하는 매장,d83b6fad-2673-436a-80d6-16297981bfdc,차이나라,중국음식및주류,동오마을골목형상점가,골목형상점가,경기도,3.0,0.0,,,P1_BINARY_THRESHOLD,True,,,,,
f03b33f9bb3bdd1673f3,test,중식,T4 구어·문장,q_중식_07,중국음식 먹을 데,음식점 중 '중식'을 판매·제공하는 매장,0ad1e916-8b1c-4de8-ade6-6535b3dc0631,형제반점,중화요리,오수상점가,자율상권구역,전북특별자치도,3.0,3.0,,,RESOLVED_AGREEMENT,False,3,,,,
01944d859cf6c2bf0801,test,중식,T4 구어·문장,q_중식_07,중국음식 먹을 데,음식점 중 '중식'을 판매·제공하는 매장,aafdcbaf-e13a-484f-a5f5-b1d8d6bb1fb7,빠오,중국음식,순헌황귀비길 골목형상점가,골목형상점가,서울특별시,3.0,0.0,,,P1_BINARY_THRESHOLD,True,,,,,
becb6f27210955e21aed,test,중식,T4 구어·문장,q_중식_07,중국음식 먹을 데,음식점 중 '중식'을 판매·제공하는 매장,db25db86-fc7d-4232-877c-55da13000e44,아서원,중국음식점업,전주서곡 골목형상점가,골목형상점가,전북특별자치도,3.0,1.0,,,P1_BINARY_THRESHOLD,True,,,,,
0fd72cd945a93ddeb029,test,중식,T4 구어·문장,q_중식_07,중국음식 먹을 데,음식점 중 '중식'을 판매·제공하는 매장,06834ba2-563f-4b9c-a452-d9fa21678afd,계화중식,중화요리,도화동상점가,자율상권구역,서울특별시,3.0,3.0,,,RESOLVED_AGREEMENT,False,3,,,,
23286eacf24afac2208b,test,중식,T4 구어·문장,q_중식_07,중국음식 먹을 데,음식점 중 '중식'을 판매·제공하는 매장,0117062e-156e-475e-bd98-93585f54e25e,몽짬뽕원주직영점,,혁신도시3구역 골목형상점가,골목형상점가,강원특별자치도,3.0,3.0,,,RESOLVED_AGREEMENT,False,3,,,,
78a862e73bf39b40d561,test,중식,T4 구어·문장,q_중식_07,중국음식 먹을 데,음식점 중 '중식'을 판매·제공하는 매장,0238f2dd-085f-48bf-a543-5d59d8b2f10f,기통치킨탕수육호프,치킨탕수육,성안길상점가,자율상권구역,충청북도,3.0,3.0,,,RESOLVED_AGREEMENT,False,3,,,,
8b7fa11b2fd2c5231657,test,중식,T4 구어·문장,q_중식_07,중국음식 먹을 데,음식점 중 '중식'을 판매·제공하는 매장,b835eebe-3200-4282-adbe-2a4a40dc5406,통영정가네짬뽕,중국음식,통영 죽림상점가,자율상권구역,경상남도,3.0,3.0,,,RESOLVED_AGREEMENT,False,3,,,,
a6e25cf23ecb67655839,test,중식,T4 구어·문장,q_중식_07,중국음식 먹을 데,음식점 중 '중식'을 판매·제공하는 매장,c95060a1-1059-435a-855b-8eafe877bae2,상해젠빙쿼즈,중국음식,오산오색시장(구 오산중앙시장),전통시장,경기도,3.0,0.0,,,P1_BINARY_THRESHOLD,True,,,,,
d21f5fc7481b81927944,test,중식,T4 구어·문장,q_중식_07,중국음식 먹을 데,음식점 중 '중식'을 판매·제공하는 매장,41da5f6d-bf89-426d-9953-81c1f16dd126,풍광양꼬치,일반음식점(중국음식),사리골상점가,자율상권구역,경기도,3.0,3.0,,,RESOLVED_AGREEMENT,False,3,,,,
d00af540293efa74c83b,test,중식,T4 구어·문장,q_중식_07,중국음식 먹을 데,음식점 중 '중식'을 판매·제공하는 매장,004661ce-f943-4561-9c9d-d888ccc58c1e,니뽕내뽕천안신부점,퓨전짬뽕,천안신부문화거리상점가,자율상권구역,충청남도,3.0,3.0,,,RESOLVED_AGREEMENT,False,3,,,,
77c04a21da64022f6154,test,중식,T4 구어·문장,q_중식_07,중국음식 먹을 데,음식점 중 '중식'을 판매·제공하는 매장,72885314-1ea4-4e31-b157-59946e7d6919,동네중국집,중국음식,창원 봉곡프라자상가,전통시장,경상남도,3.0,3.0,,,RESOLVED_AGREEMENT,False,3,,,,
46671ab455add24ab0f9,test,중식,T4 구어·문장,q_중식_07,중국음식 먹을 데,음식점 중 '중식'을 판매·제공하는 매장,86d88308-344a-4446-b0ae-6053f58dd432,성포중국집,,거제 성포 골목형상점가,골목형상점가,경상남도,3.0,3.0,,,RESOLVED_AGREEMENT,False,3,,,,
5d63c104748b05c9d396,test,중식,T4 구어·문장,q_중식_07,중국음식 먹을 데,음식점 중 '중식'을 판매·제공하는 매장,2056c69e-64b4-4b28-8ce2-800cbcec3e25,먹을꼬얌,음식,산본로데오거리(구 산본중심상가),자율상권구역,경기도,0.0,0.0,,,RESOLVED_AGREEMENT,False,0,,,,
ce9bf49a76bffb057c33,test,중식,T4 구어·문장,q_중식_07,중국음식 먹을 데,음식점 중 '중식'을 판매·제공하는 매장,48eb5298-90f7-4b7e-aac7-94295dc6ee8b,도야짬뽕하남점,중국음식,우산상인회 골목형상점가,골목형상점가,광주광역시,3.0,3.0,,,RESOLVED_AGREEMENT,False,3,,,,
4c3d1f9d7047a2709ce9,test,중식,T4 구어·문장,q_중식_07,중국음식 먹을 데,음식점 중 '중식'을 판매·제공하는 매장,000ad086-7f53-4aa5-b6df-3e57737371e3,짬뽕이 땡기는가,짬뽕,서천시장거리 골목형상점가,골목형상점가,충청남도,3.0,3.0,,,RESOLVED_AGREEMENT,False,3,,,,
fd9560b92da9b1e856cf,test,중식,T4 구어·문장,q_중식_07,중국음식 먹을 데,음식점 중 '중식'을 판매·제공하는 매장,ee3eb3fe-e95e-453c-91b5-42d3ca585736,홍연,중국음식,하남3지구 골목형상점가,골목형상점가,광주광역시,3.0,0.0,,,P1_BINARY_THRESHOLD,True,,,,,
c8e43ce305c5ba14ab48,test,중식,T4 구어·문장,q_중식_07,중국음식 먹을 데,음식점 중 '중식'을 판매·제공하는 매장,245737e6-f881-45b5-8eda-910542006a11,라이빈,중국음식점,영천시장,전통시장,서울특별시,3.0,1.0,,,P1_BINARY_THRESHOLD,True,,,,,
dc4ec68c63175c42456f,test,중식,T4 구어·문장,q_중식_07,중국음식 먹을 데,음식점 중 '중식'을 판매·제공하는 매장,0de1bc3f-ef27-4c0c-aaf7-a28d659beba0,일품,요리,성내전통시장,전통시장,서울특별시,0.0,0.0,,,RESOLVED_AGREEMENT,False,0,,,,
3d563390d27d6be43009,test,중식,T4 구어·문장,q_중식_07,중국음식 먹을 데,음식점 중 '중식'을 판매·제공하는 매장,721b6faa-f7dc-4b85-970a-c1801bb45a19,예원,중국음식,나성동 소방청 골목형상점가,골목형상점가,세종특별자치시,3.0,0.0,,,P1_BINARY_THRESHOLD,True,,,,,
6331ad20f7b1e8ce86dd,test,중식,T4 구어·문장,q_중식_07,중국음식 먹을 데,음식점 중 '중식'을 판매·제공하는 매장,000e6461-698b-42f6-842b-cf95393fee89,탕화쿵푸마라탕 전대점,중식,중흥청춘로 골목형상점가,골목형상점가,광주광역시,3.0,3.0,,,RESOLVED_AGREEMENT,False,3,,,,
a1108f177e76fe0f65fd,test,중식,T4 구어·문장,q_중식_07,중국음식 먹을 데,음식점 중 '중식'을 판매·제공하는 매장,a1d4e7ec-266d-437e-b903-1fa3f28eb53c,자매당 한의원,한방 의료,송촌동상점가,자율상권구역,대전광역시,0.0,0.0,,,RESOLVED_AGREEMENT,False,0,,,,
a0beea95d1a1aeae4bc2,test,중식,T4 구어·문장,q_중식_07,중국음식 먹을 데,음식점 중 '중식'을 판매·제공하는 매장,32e5a2a1-3bb4-47ca-87a8-d0ccc65ca9fc,베스티아 대구점,핸드폰악세사리,동성로 상권활성화구역,상권활성화구역,대구광역시,0.0,0.0,,,RESOLVED_AGREEMENT,False,0,,,,
48d720de4a59652df63c,test,중식,T4 구어·문장,q_중식_07,중국음식 먹을 데,음식점 중 '중식'을 판매·제공하는 매장,7443d410-f26f-4f15-ba1d-d59387fac2a5,와이제이푸드,중국음식,둔전골목형상점가,골목형상점가,경기도,3.0,0.0,,,P1_BINARY_THRESHOLD,True,,,,,
3cdac88ecee11f528072,test,중식,T4 구어·문장,q_중식_07,중국음식 먹을 데,음식점 중 '중식'을 판매·제공하는 매장,ad230240-a7d8-4cd9-acc5-0d3d658ababc,아메리칸피자,피자,서영대 먹자 골목형상점가,골목형상점가,광주광역시,0.0,0.0,,,RESOLVED_AGREEMENT,False,0,,,,
91aa651ef103af3e461d,test,중식,T4 구어·문장,q_중식_07,중국음식 먹을 데,음식점 중 '중식'을 판매·제공하는 매장,355e754b-a02e-4f14-9633-a64690e781d8,후평각,중국음식,후평일단지시장,전통시장,강원특별자치도,3.0,0.0,,,P1_BINARY_THRESHOLD,True,,,,,
417cdb7377529e4fe543,test,중식,T4 구어·문장,q_중식_07,중국음식 먹을 데,음식점 중 '중식'을 판매·제공하는 매장,00c95d45-2ff3-4066-a179-c026f0528d0c,명장,중식,옥과설산골목형상점가,골목형상점가,전라남도,3.0,3.0,,,RESOLVED_AGREEMENT,False,3,,,,
8ca452b302896da25b31,test,중식,T4 구어·문장,q_중식_07,중국음식 먹을 데,음식점 중 '중식'을 판매·제공하는 매장,831e07da-f1e0-485f-9abc-4517e5c8054c,보성각,중국음식,풍납시장,전통시장,서울특별시,3.0,0.0,,,P1_BINARY_THRESHOLD,True,,,,,
3f2307b22bd0fe87a8dd,test,중식,T4 구어·문장,q_중식_07,중국음식 먹을 데,음식점 중 '중식'을 판매·제공하는 매장,0369b808-6d4f-4b37-8f25-7e3287a3e3a9,서반장항아리왕짬뽕,,관평동 골목형상점가,골목형상점가,대전광역시,3.0,3.0,,,RESOLVED_AGREEMENT,False,3,,,,
0342e3f12be3d6fc86ca,test,중식,T4 구어·문장,q_중식_07,중국음식 먹을 데,음식점 중 '중식'을 판매·제공하는 매장,7fe3e2ba-4e79-4871-b9bf-525ff11e1358,정훈청과,과일,거창 전통시장,전통시장,경상남도,0.0,0.0,,,RESOLVED_AGREEMENT,False,0,,,,
2df72770d98b930ca487,test,중식,T4 구어·문장,q_중식_07,중국음식 먹을 데,음식점 중 '중식'을 판매·제공하는 매장,0a230bc3-6a24-48f7-b574-69d45d24f49b,시골향숙식,수육,오산오색시장(구 오산중앙시장),전통시장,경기도,0.0,0.0,,,RESOLVED_AGREEMENT,False,0,,,,
ff2e037b265f21e0e1e8,test,중식,T4 구어·문장,q_중식_07,중국음식 먹을 데,음식점 중 '중식'을 판매·제공하는 매장,00f2b06a-d82a-4740-ac18-d898c209d5a5,짜이짜이,중식,충장로123가 상점가,자율상권구역,광주광역시,3.0,3.0,,,RESOLVED_AGREEMENT,False,3,,,,
6852192039eda108f990,test,중식,T4 구어·문장,q_중식_07,중국음식 먹을 데,음식점 중 '중식'을 판매·제공하는 매장,a174c9bb-2f7f-426a-be92-dedeb528b9cd,왕기,중국음식점,영천시장,전통시장,서울특별시,3.0,1.0,,,P1_BINARY_THRESHOLD,True,,,,,
106ae815348e4a362d39,test,중식,T6 기계변형,q_중식_08,중식추천,음식점 중 '중식'을 판매·제공하는 매장,2d4f8eec-27f1-42ca-8756-5e14ccf792a8,쌍흥루,중식,김천 삼색이수상권,상권활성화구역,경상북도,3.0,3.0,,,RESOLVED_AGREEMENT,False,3,,,,
d2f2630287b8ee0cd079,test,중식,T6 기계변형,q_중식_08,중식추천,음식점 중 '중식'을 판매·제공하는 매장,b12d7c1a-6ab3-410b-9762-61e0329724e1,포명천천 차이니즈 일,중식,천천중심상가 골목형상점가,골목형상점가,경기도,3.0,3.0,,,RESOLVED_AGREEMENT,False,3,,,,
0c548a60c77c400d93eb,test,중식,T6 기계변형,q_중식_08,중식추천,음식점 중 '중식'을 판매·제공하는 매장,e3416de4-4eb5-4498-afeb-04e0451af41c,화경,중식,신봉동 온누리 골목형상점가,골목형상점가,경기도,3.0,3.0,,,RESOLVED_AGREEMENT,False,3,,,,
d8508ef20038d779d166,test,중식,T6 기계변형,q_중식_08,중식추천,음식점 중 '중식'을 판매·제공하는 매장,52e3e19e-1956-4985-97b5-5e9f6dd589f3,중국성,중식,영동전통시장,전통시장,충청북도,3.0,3.0,,,RESOLVED_AGREEMENT,False,3,,,,
611fe4003d57b804aef0,test,중식,T6 기계변형,q_중식_08,중식추천,음식점 중 '중식'을 판매·제공하는 매장,40d20d7e-9254-4c3a-add4-45dc25a361bc,북악루,중식,배밭골골목형상점가,골목형상점가,서울특별시,3.0,3.0,,,RESOLVED_AGREEMENT,False,3,,,,
ad3cf6b8f053aa271caa,test,중식,T6 기계변형,q_중식_08,중식추천,음식점 중 '중식'을 판매·제공하는 매장,1e7c7703-589f-460e-a72e-026c94ec0bc2,중국성,중식,오류버들시장골목형상점가,골목형상점가,서울특별시,3.0,3.0,,,RESOLVED_AGREEMENT,False,3,,,,
0fcf9112dfd450ccd2e2,test,중식,T6 기계변형,q_중식_08,중식추천,음식점 중 '중식'을 판매·제공하는 매장,0369b808-6d4f-4b37-8f25-7e3287a3e3a9,서반장항아리왕짬뽕,,관평동 골목형상점가,골목형상점가,대전광역시,3.0,3.0,,,RESOLVED_AGREEMENT,False,3,,,,
585a0ac54d8f2749601c,test,중식,T6 기계변형,q_중식_08,중식추천,음식점 중 '중식'을 판매·제공하는 매장,1f1fcc3c-a70d-4a0c-ac05-c90876fc02aa,류웬,중식,지족북로 골목형상점가,골목형상점가,대전광역시,3.0,3.0,,,RESOLVED_AGREEMENT,False,3,,,,
2d697225e6217642ed19,test,중식,T6 기계변형,q_중식_08,중식추천,음식점 중 '중식'을 판매·제공하는 매장,a2f4a18f-e719-443b-845b-33d3981eb68d,신짬뽕,중국집,둔산3동상점가,자율상권구역,대전광역시,3.0,3.0,,,RESOLVED_AGREEMENT,False,3,,,,
1f7921a9435401193119,test,중식,T6 기계변형,q_중식_08,중식추천,음식점 중 '중식'을 판매·제공하는 매장,4c935bf0-3919-47ef-b087-5ede322fd9e3,금문,중식,자양15번가골목형상점가,골목형상점가,서울특별시,3.0,3.0,,,RESOLVED_AGREEMENT,False,3,,,,
f42ae73c6a1fd6ff9c36,test,중식,T6 기계변형,q_중식_08,중식추천,음식점 중 '중식'을 판매·제공하는 매장,00e0fdc1-dde3-4fc6-bb61-6bbace454a01,도야짬뽕평촌점,중식,귀인동먹거리촌 골목형상점가,골목형상점가,경기도,3.0,3.0,,,RESOLVED_AGREEMENT,False,3,,,,
3d89d3e82d29b0bc6870,test,중식,T6 기계변형,q_중식_08,중식추천,음식점 중 '중식'을 판매·제공하는 매장,0238f2dd-085f-48bf-a543-5d59d8b2f10f,기통치킨탕수육호프,치킨탕수육,성안길상점가,자율상권구역,충청북도,3.0,3.0,,,RESOLVED_AGREEMENT,False,3,,,,
fa0b14f890f0c677aa3c,test,중식,T6 기계변형,q_중식_08,중식추천,음식점 중 '중식'을 판매·제공하는 매장,3e4a8c02-8f20-4f58-9c67-d21ca4efa592,잘된정,중식,현대시장,전통시장,인천광역시,3.0,3.0,,,RESOLVED_AGREEMENT,False,3,,,,
30e2397cd891599efad0,test,중식,T6 기계변형,q_중식_08,중식추천,음식점 중 '중식'을 판매·제공하는 매장,1208eacb-3c69-4852-803b-3f93b4807650,중국성,중식,평동 골목형상점가,골목형상점가,광주광역시,3.0,3.0,,,RESOLVED_AGREEMENT,False,3,,,,
5c7fe00cd3ea9bec627e,test,중식,T6 기계변형,q_중식_08,중식추천,음식점 중 '중식'을 판매·제공하는 매장,c1f0cbbe-cd12-476b-8695-434ad59cc4d6,차향재,중식,둔산2동 골목형상점가,골목형상점가,대전광역시,3.0,3.0,,,RESOLVED_AGREEMENT,False,3,,,,
aba2bfc1076de7b35a4a,test,중식,T6 기계변형,q_중식_08,중식추천,음식점 중 '중식'을 판매·제공하는 매장,daa7adb5-9163-4901-b094-266bb6a3a0a7,중국성,중식,순천대1번상가,자율상권구역,전라남도,3.0,3.0,,,RESOLVED_AGREEMENT,False,3,,,,
155e492c20125cf79422,test,중식,T6 기계변형,q_중식_08,중식추천,음식점 중 '중식'을 판매·제공하는 매장,33f37b6e-0423-4b02-9850-3f4415e51a24,뉴러우멘관즈,중식,남천바다내음 골목형상점가,골목형상점가,부산광역시,3.0,3.0,,,RESOLVED_AGREEMENT,False,3,,,,
3e5d046ced4bd85458f9,test,중식,T6 기계변형,q_중식_08,중식추천,음식점 중 '중식'을 판매·제공하는 매장,107fe4ff-bd42-461c-8ab6-57524d17cf3a,락궁,중식,평창동 골목형상점가,골목형상점가,서울특별시,3.0,3.0,,,RESOLVED_AGREEMENT,False,3,,,,
4efd736d48391ab7d025,test,중식,T6 기계변형,q_중식_08,중식추천,음식점 중 '중식'을 판매·제공하는 매장,cf17a533-d07a-47b4-aa35-0c138d875bd3,중국성,중식,반석동 골목형상점가,골목형상점가,대전광역시,3.0,3.0,,,RESOLVED_AGREEMENT,False,3,,,,
e312a4f9bcf91bb8013a,test,중식,T6 기계변형,q_중식_08,중식추천,음식점 중 '중식'을 판매·제공하는 매장,1671aa33-cb95-44a5-a2d3-77f96ba63cbe,클레르 스킨앤바디,미용,솔샘시장 골목형상점가,골목형상점가,서울특별시,0.0,0.0,,,RESOLVED_AGREEMENT,False,0,,,,
822e060cd9ac215ac6b1,test,중식,T6 기계변형,q_중식_08,중식추천,음식점 중 '중식'을 판매·제공하는 매장,c8eee3f7-84b0-41ee-90d9-f28e091fa270,연희중식,중식,합정동먹자골목골목형상점가,골목형상점가,서울특별시,3.0,3.0,,,RESOLVED_AGREEMENT,False,3,,,,
59bdc7ac4c5867181c26,test,중식,T6 기계변형,q_중식_08,중식추천,음식점 중 '중식'을 판매·제공하는 매장,5266ef88-5db0-42b1-bb59-1b2ea42a3449,신세계 중식당,중식,마륵동상인회 골목형상점가,골목형상점가,광주광역시,3.0,3.0,,,RESOLVED_AGREEMENT,False,3,,,,
34aeb522506bb21a0f6f,test,중식,T6 기계변형,q_중식_08,중식추천,음식점 중 '중식'을 판매·제공하는 매장,8e0fcc48-e4c6-4152-ab8c-2463a10e9987,식원,중식,도담동 골목형상점가,골목형상점가,세종특별자치시,3.0,3.0,,,RESOLVED_AGREEMENT,False,3,,,,
b9b175457f7512574a5f,test,중식,T6 기계변형,q_중식_08,중식추천,음식점 중 '중식'을 판매·제공하는 매장,5ba2fd5b-052b-4295-adfd-91a54bff813d,양쌤,중식,의왕역 골목형상점가,골목형상점가,경기도,3.0,3.0,,,RESOLVED_AGREEMENT,False,3,,,,
e2fb4d2f3c1e8b9f780e,test,중식,T6 기계변형,q_중식_08,중식추천,음식점 중 '중식'을 판매·제공하는 매장,004af3ce-488b-4a6f-a066-862e26430938,호재짬뽕,,게내공원길 골목형상점가,골목형상점가,서울특별시,3.0,3.0,,,RESOLVED_AGREEMENT,False,3,,,,
6767d965f839b47652ed,test,중식,T6 기계변형,q_중식_08,중식추천,음식점 중 '중식'을 판매·제공하는 매장,023910c1-fb9e-410b-95ee-006513998b4b,청궁,중식,남문골목형상점가,골목형상점가,강원특별자치도,3.0,3.0,,,RESOLVED_AGREEMENT,False,3,,,,
8b52d5f935e8f2db6163,test,중식,T6 기계변형,q_중식_08,중식추천,음식점 중 '중식'을 판매·제공하는 매장,bc975adc-ce5c-4aa8-b3d1-33b019d1bfe1,중식포차 가차이,중식,동인천먹자골목형상점가,골목형상점가,인천광역시,3.0,3.0,,,RESOLVED_AGREEMENT,False,3,,,,
3d2fb272c246ea94ac10,test,중식,T6 기계변형,q_중식_08,중식추천,음식점 중 '중식'을 판매·제공하는 매장,5bd157ae-9b5b-4130-b3b4-7e0794dcf437,중국성,중식,신설동들락거리,골목형상점가,서울특별시,3.0,3.0,,,RESOLVED_AGREEMENT,False,3,,,,
62417d6e78e87720eaa2,test,중식,T6 기계변형,q_중식_08,중식추천,음식점 중 '중식'을 판매·제공하는 매장,c130e134-0ad5-48de-9d54-c4c8ef441f3e,진각,중식,배곧상가,골목형상점가,경기도,3.0,3.0,,,RESOLVED_AGREEMENT,False,3,,,,
cc9a72957f099d550c26,test,중식,T6 기계변형,q_중식_08,중식추천,음식점 중 '중식'을 판매·제공하는 매장,eccbcd2f-3650-440a-840a-856df27555a4,덕취원,중식,"임계사통팔달시장(임계시장, 송계5일장)",전통시장,강원특별자치도,3.0,3.0,,,RESOLVED_AGREEMENT,False,3,,,,
f279baba3b5a6b2cc070,test,중식,T6 기계변형,q_중식_08,중식추천,음식점 중 '중식'을 판매·제공하는 매장,b71056fc-7517-41ef-8a74-2addf5885f12,칭찬,중식,슬로시티창평 골목형상점가,골목형상점가,전라남도,3.0,3.0,,,RESOLVED_AGREEMENT,False,3,,,,
df192497934bfa2ecbc6,test,중식,T6 기계변형,q_중식_08,중식추천,음식점 중 '중식'을 판매·제공하는 매장,54fa9e28-5af3-4fac-bd3e-ee82bdfce0c2,회풍루,중식,충주자유시장,전통시장,충청북도,3.0,3.0,,,RESOLVED_AGREEMENT,False,3,,,,
79451e39f68132c72a94,test,중식,T6 기계변형,q_중식_08,중식추천,음식점 중 '중식'을 판매·제공하는 매장,470eca94-ac4d-47ce-bf35-f8a193ba5e86,홍월,중식,풍암고앞상인회 골목형상점가,골목형상점가,광주광역시,3.0,3.0,,,RESOLVED_AGREEMENT,False,3,,,,
32d5f8e77b7da6027d71,test,중식,T6 기계변형,q_중식_08,중식추천,음식점 중 '중식'을 판매·제공하는 매장,d9c7e43c-457c-4323-b24d-907067e4f950,짜신,중식,산본로데오거리(구 산본중심상가),자율상권구역,경기도,3.0,3.0,,,RESOLVED_AGREEMENT,False,3,,,,
fc47a375e166205144bc,test,중식,T6 기계변형,q_중식_08,중식추천,음식점 중 '중식'을 판매·제공하는 매장,105ef797-642c-4004-8106-f288885f87fb,혜음각,중식,금암동 골목형상점가,골목형상점가,충청남도,3.0,3.0,,,RESOLVED_AGREEMENT,False,3,,,,
e68cd0f67a7c9b7df55e,test,중식,T6 기계변형,q_중식_08,중식추천,음식점 중 '중식'을 판매·제공하는 매장,66850dfd-bdc6-43cb-a051-ffed5c7d0cd4,채령,중식,"산북,소룡 골목형상점가",골목형상점가,전북특별자치도,3.0,3.0,,,RESOLVED_AGREEMENT,False,3,,,,
a68a45627496ee21c2f0,test,중식,T6 기계변형,q_중식_08,중식추천,음식점 중 '중식'을 판매·제공하는 매장,011253e1-0a18-4068-84a9-9ee8f83460b6,도도,음식점(중식),화도창현상점가,골목형상점가,경기도,3.0,3.0,,,RESOLVED_AGREEMENT,False,3,,,,
596454ab9b886edd9b8e,test,중식,T6 기계변형,q_중식_08,중식추천,음식점 중 '중식'을 판매·제공하는 매장,291ab45c-d13d-42d6-b893-ded930bb8890,율짬뽕,중국집,동쪽바다중앙시장(구 동해중앙시장),전통시장,강원특별자치도,3.0,3.0,,,RESOLVED_AGREEMENT,False,3,,,,
dcf360db3b750eda046c,test,중식,T6 기계변형,q_중식_08,중식추천,음식점 중 '중식'을 판매·제공하는 매장,0920f08e-ee4b-43f5-8400-8ee605567276,7080손짜장,중화요리,부곡맛고을상가,자율상권구역,경상북도,3.0,3.0,,,RESOLVED_AGREEMENT,False,3,,,,
8ddeedd202afd85d4573,test,중식,T6 기계변형,q_중식_08,중식추천,음식점 중 '중식'을 판매·제공하는 매장,d44649f0-2793-4994-a1d2-3ec161a62146,차푸,중식,백련시장,전통시장,서울특별시,3.0,3.0,,,RESOLVED_AGREEMENT,False,3,,,,
8a55cc60a2e13c600041,test,중식,T6 기계변형,q_중식_08,중식추천,음식점 중 '중식'을 판매·제공하는 매장,f8900928-9422-4761-861e-d5acc68788cf,중화루,중식,오치 우산중 골목형상점가,골목형상점가,광주광역시,3.0,3.0,,,RESOLVED_AGREEMENT,False,3,,,,
49a5dc2c520b72868548,test,중식,T6 기계변형,q_중식_08,중식추천,음식점 중 '중식'을 판매·제공하는 매장,6d57a898-2cd1-4372-8477-cd8d1d775aa6,올도,중식,구성언남 골목형상점가,골목형상점가,경기도,3.0,3.0,,,RESOLVED_AGREEMENT,False,3,,,,
d5b066f9ae04e6a2785e,test,중식,T6 기계변형,q_중식_08,중식추천,음식점 중 '중식'을 판매·제공하는 매장,997326b1-b610-48cc-a9f2-450dd2ce1407,중국관,중식,대명 오손도손 골목형상점가,골목형상점가,전북특별자치도,3.0,3.0,,,RESOLVED_AGREEMENT,False,3,,,,
028d59707f5f66d8d71f,test,중식,T6 기계변형,q_중식_08,중식추천,음식점 중 '중식'을 판매·제공하는 매장,973ba513-a567-4689-ba8c-170262e4fa40,중국성,중식,당진원시가지상가,자율상권구역,충청남도,3.0,3.0,,,RESOLVED_AGREEMENT,False,3,,,,
aafd19c466a58422c60c,test,중식,T6 기계변형,q_중식_08,중식추천,음식점 중 '중식'을 판매·제공하는 매장,cc27c088-bcff-4890-b024-00860c3178af,짬짜야,중식,매곡 골목형상점가,골목형상점가,대구광역시,3.0,3.0,,,RESOLVED_AGREEMENT,False,3,,,,
f02a13588ba71ca815aa,test,중식,T6 기계변형,q_중식_08,중식추천,음식점 중 '중식'을 판매·제공하는 매장,a48a6a33-60af-4219-ae0e-3ad2975c186e,윤정이노래연습장,,"산북,소룡 골목형상점가",골목형상점가,전북특별자치도,0.0,0.0,,,RESOLVED_AGREEMENT,False,0,,,,
289e7ce4f9b241b3b71e,test,중식,T6 기계변형,q_중식_08,중식추천,음식점 중 '중식'을 판매·제공하는 매장,e741f44e-68d6-4187-a762-28b12e1494b7,미옌,중식,용봉지구 골목형상점가,골목형상점가,광주광역시,3.0,3.0,,,RESOLVED_AGREEMENT,False,3,,,,
6b2ba8bde6d7ba22ad85,test,중식,T6 기계변형,q_중식_08,중식추천,음식점 중 '중식'을 판매·제공하는 매장,52aa646d-7137-469c-ad45-eade27b37dea,수타,중식,한적골 골목형상점가,골목형상점가,충청남도,3.0,3.0,,,RESOLVED_AGREEMENT,False,3,,,,
77f49725418b613f479f,test,중식,T6 기계변형,q_중식_08,중식추천,음식점 중 '중식'을 판매·제공하는 매장,4afbe5a3-dba9-4789-b133-260dc1d351ca,더춘장,중식,안양1번가 상점가,자율상권구역,경기도,3.0,3.0,,,RESOLVED_AGREEMENT,False,3,,,,
f485871c751aada9060b,test,중식,T6 기계변형,q_중식_08,중식추천,음식점 중 '중식'을 판매·제공하는 매장,093223fc-30fc-4774-9283-34215300403c,교짬,중식,영주로상권,자율상권구역,경상북도,3.0,3.0,,,RESOLVED_AGREEMENT,False,3,,,,
b46190358a924d2c9836,test,중식,T6 기계변형,q_중식_08,중식추천,음식점 중 '중식'을 판매·제공하는 매장,807ac8d2-2b5c-4592-89f3-74aba6d6fad0,중국성,중식,효자동4동 후곡길 골목형상점가,골목형상점가,전북특별자치도,3.0,3.0,,,RESOLVED_AGREEMENT,False,3,,,,
68df7deb3632e223aa8c,test,중식,T6 기계변형,q_중식_08,중식추천,음식점 중 '중식'을 판매·제공하는 매장,0ad1e916-8b1c-4de8-ade6-6535b3dc0631,형제반점,중화요리,오수상점가,자율상권구역,전북특별자치도,3.0,3.0,,,RESOLVED_AGREEMENT,False,3,,,,
80d4cab2f4aa78ebea35,test,중식,T6 기계변형,q_중식_08,중식추천,음식점 중 '중식'을 판매·제공하는 매장,116365cb-ffed-43e1-9971-6df263d877cc,짜짜루,중국집,하동공설시장,전통시장,경상남도,3.0,3.0,,,RESOLVED_AGREEMENT,False,3,,,,
ec8aef80e6cc98ae8318,test,중식,T6 기계변형,q_중식_08,중식추천,음식점 중 '중식'을 판매·제공하는 매장,9032f84a-eecb-4a7b-9cea-5a355cfbb1a6,연화 중식당,중식,갈매광장 골목형상점가,골목형상점가,경기도,3.0,3.0,,,RESOLVED_AGREEMENT,False,3,,,,
8eaf9f074817a4f4cab1,test,중식,T6 기계변형,q_중식_08,중식추천,음식점 중 '중식'을 판매·제공하는 매장,d74750ea-3c70-43b6-90c6-29a64163c2af,중식당 진,중식,표선사거리상점가(골목형상점가),골목형상점가,제주특별자치도,3.0,3.0,,,RESOLVED_AGREEMENT,False,3,,,,
4069bf16bd542b858c5c,test,중식,T6 기계변형,q_중식_08,중식추천,음식점 중 '중식'을 판매·제공하는 매장,2cfaa805-e42b-4f31-95cb-991f89eaacc5,중식당후,중식,두암1동서방로 골목형상점가,골목형상점가,광주광역시,3.0,3.0,,,RESOLVED_AGREEMENT,False,3,,,,
5bcd27490a3b7e8d6bf1,test,중식,T6 기계변형,q_중식_08,중식추천,음식점 중 '중식'을 판매·제공하는 매장,06834ba2-563f-4b9c-a452-d9fa21678afd,계화중식,중화요리,도화동상점가,자율상권구역,서울특별시,3.0,3.0,,,RESOLVED_AGREEMENT,False,3,,,,
7290cfaa145c54af55ec,test,중식,T6 기계변형,q_중식_08,중식추천,음식점 중 '중식'을 판매·제공하는 매장,61238203-427d-4de3-b040-86b35cab8a81,중국성,중식,하안주공3단지 골목형상점가,골목형상점가,경기도,3.0,3.0,,,RESOLVED_AGREEMENT,False,3,,,,
e19a5df78a018291d5e2,test,중식,T6 기계변형,q_중식_08,중식추천,음식점 중 '중식'을 판매·제공하는 매장,83efdd79-1339-409d-bcec-eedbc89e458f,불티나만두찐빵,분식,중리시장,전통시장,대전광역시,1.0,3.0,,,P1_BINARY_THRESHOLD,True,,,,,
598e506bdc294e3cc44f,test,중식,T6 기계변형,q_중식_08,중식추천,음식점 중 '중식'을 판매·제공하는 매장,ba16c348-e96c-472d-89c3-3661779067ff,심향,중식,시화공구상가,전통시장,경기도,3.0,3.0,,,RESOLVED_AGREEMENT,False,3,,,,
4588c5d0e8be2b2f6616,test,중식,T6 기계변형,q_중식_08,중식추천,음식점 중 '중식'을 판매·제공하는 매장,8af36782-d791-40dc-948b-4e4b69e7a95c,황가,중식,동먹골상가 골목형상점가,골목형상점가,대구광역시,3.0,3.0,,,RESOLVED_AGREEMENT,False,3,,,,
79155b60dd8aa9a52073,test,중식,T6 기계변형,q_중식_08,중식추천,음식점 중 '중식'을 판매·제공하는 매장,2c4aefd2-c889-4674-b472-7e232c5136ea,씨유 봉선중앙점,소매업,봉선2로 골목형상점가,골목형상점가,광주광역시,0.0,0.0,,,RESOLVED_AGREEMENT,False,0,,,,
1ea5e73cba6891ca90f1,test,중식,T6 기계변형,q_중식_08,중식추천,음식점 중 '중식'을 판매·제공하는 매장,4035a3ae-932b-4121-a2c8-1d8a814d9550,홍첸루,중식,도군머리 골목형상점가,골목형상점가,광주광역시,3.0,3.0,,,RESOLVED_AGREEMENT,False,3,,,,
dc7d7a7c6efbe071f429,test,중식,T6 기계변형,q_중식_08,중식추천,음식점 중 '중식'을 판매·제공하는 매장,713072a7-c332-4368-a78e-1226d5970683,행복관,중식,충주농산물종합시장(구 중앙청과시장),전통시장,충청북도,3.0,3.0,,,RESOLVED_AGREEMENT,False,3,,,,
82ca431f720953dcb0fb,test,중식,T6 기계변형,q_중식_08,중식추천,음식점 중 '중식'을 판매·제공하는 매장,595b4ac6-fa8c-47cd-b8f2-345944ba061d,중식당,중식,유천택지올림픽길골목형상점가,골목형상점가,강원특별자치도,3.0,3.0,,,RESOLVED_AGREEMENT,False,3,,,,
42dc744d79ffe2cdff4a,test,중식,T6 기계변형,q_중식_08,중식추천,음식점 중 '중식'을 판매·제공하는 매장,11f106c6-21aa-44b5-9a89-e53c2dfb2ba6,진차이,"탕수육, 짬뽕, 짜장",목대온기 골목형상점가,골목형상점가,대전광역시,3.0,3.0,,,RESOLVED_AGREEMENT,False,3,,,,
dd4dda419e23a5d06acb,test,중식,T6 기계변형,q_중식_08,중식추천,음식점 중 '중식'을 판매·제공하는 매장,17af65f2-1610-4af9-add9-335be3527791,브이이엘(VEL)영어학원,영어학원,동신종합시장,전통시장,경기도,0.0,0.0,,,RESOLVED_AGREEMENT,False,0,,,,
a51a9b16939669b0bd61,test,중식,T6 기계변형,q_중식_08,중식추천,음식점 중 '중식'을 판매·제공하는 매장,e981fb70-739a-43a4-afe6-dbc7335ed296,중국집,중식,용호시장,전통시장,부산광역시,3.0,3.0,,,RESOLVED_AGREEMENT,False,3,,,,
73e3fd1a2f05760cfa80,test,중식,T6 기계변형,q_중식_08,중식추천,음식점 중 '중식'을 판매·제공하는 매장,78ca98a8-1e0e-4ff3-860a-33faf5b46476,흑룡성,중식,담양중앙3번가 골목형상점가,골목형상점가,전라남도,3.0,3.0,,,RESOLVED_AGREEMENT,False,3,,,,
c7834d5b92ae21964911,test,중식,T6 기계변형,q_중식_08,중식추천,음식점 중 '중식'을 판매·제공하는 매장,00c95d45-2ff3-4066-a179-c026f0528d0c,명장,중식,옥과설산골목형상점가,골목형상점가,전라남도,3.0,3.0,,,RESOLVED_AGREEMENT,False,3,,,,
f33deb367d2335c9cd15,test,중식,T6 기계변형,q_중식_08,중식추천,음식점 중 '중식'을 판매·제공하는 매장,e54619ac-d3ca-4276-b718-197075ce5d88,중국성,중식,금부로상인회 골목형상점가,골목형상점가,광주광역시,3.0,3.0,,,RESOLVED_AGREEMENT,False,3,,,,
8065633f9881f53d21b1,test,중식,T6 기계변형,q_중식_08,중식추천,음식점 중 '중식'을 판매·제공하는 매장,8c3e4ff7-f6d6-4a46-a6b1-2c3a4eaa9cc5,중식당청이,중식,그라운드고척골목형상점가,골목형상점가,서울특별시,3.0,3.0,,,RESOLVED_AGREEMENT,False,3,,,,
f15f69a091e8fa8f3ba5,test,중식,T6 기계변형,q_중식_08,중식추천,음식점 중 '중식'을 판매·제공하는 매장,86314994-e153-4d29-bff1-05a5f036f9c5,먹쇠루,중식,대화전통시장,전통시장,강원특별자치도,3.0,3.0,,,RESOLVED_AGREEMENT,False,3,,,,
15d8149a2ecb56c9d3c3,test,중식,T6 기계변형,q_중식_08,중식추천,음식점 중 '중식'을 판매·제공하는 매장,000ad086-7f53-4aa5-b6df-3e57737371e3,짬뽕이 땡기는가,짬뽕,서천시장거리 골목형상점가,골목형상점가,충청남도,3.0,3.0,,,RESOLVED_AGREEMENT,False,3,,,,
af5959c96730a0c816d7,test,중식,T6 기계변형,q_중식_08,중식추천,음식점 중 '중식'을 판매·제공하는 매장,5cf081f9-8c0e-427a-ab4a-e21718eed174,중화각,중식,포수말 골목형상점가,골목형상점가,서울특별시,3.0,3.0,,,RESOLVED_AGREEMENT,False,3,,,,
0e352a4b4c4be72fc5b9,test,중식,T6 기계변형,q_중식_08,중식추천,음식점 중 '중식'을 판매·제공하는 매장,71a36809-d9b8-4fc0-bf5e-adb4b7088bb4,궁,중식,구성언남 골목형상점가,골목형상점가,경기도,3.0,3.0,,,RESOLVED_AGREEMENT,False,3,,,,
7c6c2d11006b3ca4e35c,test,중식,T6 기계변형,q_중식_08,중식추천,음식점 중 '중식'을 판매·제공하는 매장,ff29b2e4-7a56-4d1b-8d9d-33ac71bc0fbe,연래춘,중식,숭실마루길골목형상점가,골목형상점가,서울특별시,3.0,3.0,,,RESOLVED_AGREEMENT,False,3,,,,
a809b864c14af324d7cd,test,중식,T6 기계변형,q_중식_08,중식추천,음식점 중 '중식'을 판매·제공하는 매장,6551daa4-f6af-4f57-a65f-14f6796256cd,다향,중식,금암동 골목형상점가,골목형상점가,충청남도,3.0,3.0,,,RESOLVED_AGREEMENT,False,3,,,,
f423d077a8865fba83c5,test,중식,T6 기계변형,q_중식_08,중식추천,음식점 중 '중식'을 판매·제공하는 매장,09ebd481-839d-4613-a82e-d31af05ec77d,내빈,중식,장천동상가,자율상권구역,전라남도,3.0,3.0,,,RESOLVED_AGREEMENT,False,3,,,,
a3a24299a7c2e5ffca23,test,중식,T6 기계변형,q_중식_08,중식추천,음식점 중 '중식'을 판매·제공하는 매장,eab44e6a-e68e-4e25-9610-f52b69ea20a2,춘광,중식,무등시장,전통시장,광주광역시,3.0,3.0,,,RESOLVED_AGREEMENT,False,3,,,,
bcfdd6862ac3c5041f72,test,중식,T6 기계변형,q_중식_08,중식추천,음식점 중 '중식'을 판매·제공하는 매장,a7a18cb0-5478-4da5-9b52-23e3774fa3a7,더탕수,중식,삼척중앙시장,전통시장,강원특별자치도,3.0,3.0,,,RESOLVED_AGREEMENT,False,3,,,,
fc67156fe725df57c401,test,중식,T6 기계변형,q_중식_08,중식추천,음식점 중 '중식'을 판매·제공하는 매장,c3956e90-4857-4a68-ac18-6414206e68bf,몽림,중식,유천택지올림픽길골목형상점가,골목형상점가,강원특별자치도,3.0,3.0,,,RESOLVED_AGREEMENT,False,3,,,,
b4936c29d7912644ec9e,test,중식,T6 기계변형,q_중식_08,중식추천,음식점 중 '중식'을 판매·제공하는 매장,0193214f-e716-440d-afbe-a93f1d75a078,1키로 탕수육 산본점,탕수육,산본사거리 골목형상점가,골목형상점가,경기도,3.0,3.0,,,RESOLVED_AGREEMENT,False,3,,,,
50908f0b58d957f0d636,test,중식,T6 기계변형,q_중식_08,중식추천,음식점 중 '중식'을 판매·제공하는 매장,b8c9292a-f1cc-4103-adeb-ab179304bf97,중국성,중식,경리단길 골목형상점가,골목형상점가,서울특별시,3.0,3.0,,,RESOLVED_AGREEMENT,False,3,,,,
76bb85af9a33b68c6223,test,중식,T6 기계변형,q_중식_08,중식추천,음식점 중 '중식'을 판매·제공하는 매장,06fe7733-54b9-4fc8-8a3b-556f50d1cdcc,중화요리진,,주천골목형상점가,골목형상점가,강원특별자치도,3.0,3.0,,,RESOLVED_AGREEMENT,False,3,,,,
2a25a9b844fb4f1c7fa8,test,중식,T6 기계변형,q_중식_08,중식추천,음식점 중 '중식'을 판매·제공하는 매장,00f2b06a-d82a-4740-ac18-d898c209d5a5,짜이짜이,중식,충장로123가 상점가,자율상권구역,광주광역시,3.0,3.0,,,RESOLVED_AGREEMENT,False,3,,,,
31d519701dd134d92547,test,중식,T6 기계변형,q_중식_08,중식추천,음식점 중 '중식'을 판매·제공하는 매장,0de1bc3f-ef27-4c0c-aaf7-a28d659beba0,일품,요리,성내전통시장,전통시장,서울특별시,0.0,0.0,,,RESOLVED_AGREEMENT,False,0,,,,
35c11ba1d23177badedd,test,중식,T6 기계변형,q_중식_08,중식추천,음식점 중 '중식'을 판매·제공하는 매장,807217b7-1447-4b9a-8748-1c7baf8d763d,중국성,중식,옥과설산골목형상점가,골목형상점가,전라남도,3.0,3.0,,,RESOLVED_AGREEMENT,False,3,,,,
d51a795a82d5d3dddfdb,test,중식,T6 기계변형,q_중식_08,중식추천,음식점 중 '중식'을 판매·제공하는 매장,199e6005-6972-4653-adaf-2a55b4cab114,거맥집,슈퍼,거제 능포 골목형상점가,골목형상점가,경상남도,0.0,0.0,,,RESOLVED_AGREEMENT,False,0,,,,
f8f6c2d1dfb16a2b0401,test,중식,T6 기계변형,q_중식_08,중식추천,음식점 중 '중식'을 판매·제공하는 매장,39bd281e-7c7a-4f36-ab9d-44ea598061ed,중화각,중식,금빛탄천 골목형상점가,골목형상점가,충청남도,3.0,3.0,,,RESOLVED_AGREEMENT,False,3,,,,
b3069ecd5fa1ad1c48b6,test,중식,T6 기계변형,q_중식_08,중식추천,음식점 중 '중식'을 판매·제공하는 매장,4a123401-16a4-4372-938d-e27cfdd100e3,중화루,중식,모래내골목형상점가,골목형상점가,전북특별자치도,3.0,3.0,,,RESOLVED_AGREEMENT,False,3,,,,
d76abb49f69aa3ecc5da,test,중식,T6 기계변형,q_중식_08,중식추천,음식점 중 '중식'을 판매·제공하는 매장,c4125760-cc9e-4db6-8a50-8ad463daedfa,명윤반점,중식,대주먹자골목 골목형상점가,골목형상점가,광주광역시,3.0,3.0,,,RESOLVED_AGREEMENT,False,3,,,,
0af75b4d2e67ce4f0a71,test,중식,T6 기계변형,q_중식_08,중식추천,음식점 중 '중식'을 판매·제공하는 매장,183c55f6-2497-47ad-bbe6-d511521a1c03,취산,중식,고촌역 골목형상점가,골목형상점가,경기도,3.0,3.0,,,RESOLVED_AGREEMENT,False,3,,,,
1e3d57f8de24d5663e3c,test,중식,T6 기계변형,q_중식_08,중식추천,음식점 중 '중식'을 판매·제공하는 매장,cd33124e-9fee-4f3e-addc-63ca158820eb,화련,중식,푸른솔빛골목형상점가,골목형상점가,인천광역시,3.0,3.0,,,RESOLVED_AGREEMENT,False,3,,,,
fdef0c1cd0661a0ab058,test,중식,T6 기계변형,q_중식_08,중식추천,음식점 중 '중식'을 판매·제공하는 매장,03a07923-8090-41ee-beeb-ab6b22c4e2e6,월량관,중식,연남동골목형상점가,골목형상점가,서울특별시,3.0,3.0,,,RESOLVED_AGREEMENT,False,3,,,,
753fdfc2f04d663f5a3b,test,중식,T6 기계변형,q_중식_08,중식추천,음식점 중 '중식'을 판매·제공하는 매장,0a230bc3-6a24-48f7-b574-69d45d24f49b,시골향숙식,수육,오산오색시장(구 오산중앙시장),전통시장,경기도,0.0,0.0,,,RESOLVED_AGREEMENT,False,0,,,,
53c958dac237846c796a,test,중식,T6 기계변형,q_중식_08,중식추천,음식점 중 '중식'을 판매·제공하는 매장,86d88308-344a-4446-b0ae-6053f58dd432,성포중국집,,거제 성포 골목형상점가,골목형상점가,경상남도,3.0,3.0,,,RESOLVED_AGREEMENT,False,3,,,,
6f0c11bad003728a419f,test,중식,T6 기계변형,q_중식_08,중식추천,음식점 중 '중식'을 판매·제공하는 매장,7707f2ab-48bb-460c-bd84-27b61a860979,얌차,중식,마재상인회 골목형상점가,골목형상점가,광주광역시,3.0,3.0,,,RESOLVED_AGREEMENT,False,3,,,,
4bb315a23eab23f87752,test,중식,T6 기계변형,q_중식_08,중식추천,음식점 중 '중식'을 판매·제공하는 매장,8f4cfbae-c2fd-433a-966c-c1f220fe526f,수림관,중국집,당감시장,전통시장,부산광역시,3.0,3.0,,,RESOLVED_AGREEMENT,False,3,,,,
d5518d772dfc8ee084ee,test,중식,T6 기계변형,q_중식_08,중식추천,음식점 중 '중식'을 판매·제공하는 매장,73f970e1-f97f-4abb-8389-51a726d7560a,싱싱수산,,송화벽화시장,전통시장,서울특별시,,0.0,Y,,P0_UNCERTAIN_OR_MISSING,True,,,,,
ee17540deef160012cf2,test,중식,T6 기계변형,q_중식_08,중식추천,음식점 중 '중식'을 판매·제공하는 매장,9bb90139-1e49-4c0f-b423-17d0f10b6e97,홍월,중식,전자의거리 상점가,자율상권구역,광주광역시,3.0,3.0,,,RESOLVED_AGREEMENT,False,3,,,,
9942e6ddea0ea457bbfe,test,중식,T6 기계변형,q_중식_08,중식추천,음식점 중 '중식'을 판매·제공하는 매장,8935231a-9e65-4491-8120-4ed099021d1e,정,중식,순헌황귀비길 골목형상점가,골목형상점가,서울특별시,3.0,3.0,,,RESOLVED_AGREEMENT,False,3,,,,
41c00ec5735f45493540,test,중식,T6 기계변형,q_중식_08,중식추천,음식점 중 '중식'을 판매·제공하는 매장,22a81f31-72dd-44bf-b636-73d75266e8a0,중국집,중식,양산동 골목형상점가,골목형상점가,광주광역시,3.0,3.0,,,RESOLVED_AGREEMENT,False,3,,,,
727f2bc926746bc6e6be,test,중식,T6 기계변형,q_중식_08,중식추천,음식점 중 '중식'을 판매·제공하는 매장,004661ce-f943-4561-9c9d-d888ccc58c1e,니뽕내뽕천안신부점,퓨전짬뽕,천안신부문화거리상점가,자율상권구역,충청남도,3.0,3.0,,,RESOLVED_AGREEMENT,False,3,,,,
9819007bea688b7779fe,test,중식,T6 기계변형,q_중식_08,중식추천,음식점 중 '중식'을 판매·제공하는 매장,75e83d7a-7289-4faa-b569-10b678af81b1,충푸,중식,충무로골목형상점가,골목형상점가,서울특별시,3.0,3.0,,,RESOLVED_AGREEMENT,False,3,,,,
49740f2e762ce1e844f6,test,중식,T6 기계변형,q_중식_08,중식추천,음식점 중 '중식'을 판매·제공하는 매장,0117062e-156e-475e-bd98-93585f54e25e,몽짬뽕원주직영점,,혁신도시3구역 골목형상점가,골목형상점가,강원특별자치도,3.0,3.0,,,RESOLVED_AGREEMENT,False,3,,,,
e9dd90e8864f8e20c07a,test,중식,T6 기계변형,q_중식_08,중식추천,음식점 중 '중식'을 판매·제공하는 매장,9418d35f-a26d-4260-ade6-aab90656e88f,홍용각,중식,두암사거리 골목형상점가,골목형상점가,광주광역시,3.0,3.0,,,RESOLVED_AGREEMENT,False,3,,,,
180cb385c9692606b199,test,중식,T6 기계변형,q_중식_08,중식추천,음식점 중 '중식'을 판매·제공하는 매장,0e50dcc7-9c2b-441d-b386-a4a4ddb0f875,대동식당,"족발, 수육",칠성종합 상권활성화구역,상권활성화구역,대구광역시,0.0,1.0,,,P2_GRADED_ONLY,True,,,,,
b6d0985d72d2f8846db1,test,중식,T6 기계변형,q_중식_08,중식추천,음식점 중 '중식'을 판매·제공하는 매장,f47482df-87b1-45de-b84f-0e0e950cd927,린린,중식,도룡상인회 골목형상점가,골목형상점가,대전광역시,3.0,3.0,,,RESOLVED_AGREEMENT,False,3,,,,
c60ba0745c7856b2ad3f,test,중식,T6 기계변형,q_중식_08,중식추천,음식점 중 '중식'을 판매·제공하는 매장,66bdb299-7678-4ad2-ac02-89fa2f20c636,수반,중식,새마을골목형상점가,골목형상점가,강원특별자치도,3.0,3.0,,,RESOLVED_AGREEMENT,False,3,,,,
559af4b9775af1246292,test,중식,T6 기계변형,q_중식_08,중식추천,음식점 중 '중식'을 판매·제공하는 매장,cceeaff0-c43d-4825-9aed-80467fbd6d01,중화관,중식,문흥1동 골목형상점가,골목형상점가,광주광역시,3.0,3.0,,,RESOLVED_AGREEMENT,False,3,,,,
70f12d85adad12c26c6c,test,중식,T6 기계변형,q_중식_08,중식추천,음식점 중 '중식'을 판매·제공하는 매장,801b8a2d-b77a-4a8c-a651-cb9ce22ff0f1,청담강정 화정점,닭강정 새우강정,염주포스코상인회 골목형상점가,골목형상점가,광주광역시,0.0,0.0,,,RESOLVED_AGREEMENT,False,0,,,,
cfe5382c1f16f50013c3,test,중식,T6 기계변형,q_중식_08,중식추천,음식점 중 '중식'을 판매·제공하는 매장,5fa3d99d-8481-497a-9a8c-d08f07b55313,중래향,중식,안양중앙인정시장,전통시장,경기도,3.0,3.0,,,RESOLVED_AGREEMENT,False,3,,,,
c296634e87b30ee40343,test,중식,T6 기계변형,q_중식_08,중식추천,음식점 중 '중식'을 판매·제공하는 매장,6fe6db25-101c-4071-875c-58de2763140a,국빈,중식,종암북바위길골목형상점가,골목형상점가,서울특별시,3.0,3.0,,,RESOLVED_AGREEMENT,False,3,,,,
f226886d1a1ed40e35fd,test,중식,T6 기계변형,q_중식_08,중식추천,음식점 중 '중식'을 판매·제공하는 매장,000e6461-698b-42f6-842b-cf95393fee89,탕화쿵푸마라탕 전대점,중식,중흥청춘로 골목형상점가,골목형상점가,광주광역시,3.0,3.0,,,RESOLVED_AGREEMENT,False,3,,,,
bcf09508add8332041fe,test,중식,T6 기계변형,q_중식_08,중식추천,음식점 중 '중식'을 판매·제공하는 매장,0dc74355-33b9-450a-beb2-049628a29059,홍홍,중식,가락골 골목형상점가,골목형상점가,서울특별시,3.0,3.0,,,RESOLVED_AGREEMENT,False,3,,,,
db4611ce116428265f4e,test,중식,T6 기계변형,q_중식_08,중식추천,음식점 중 '중식'을 판매·제공하는 매장,42beb7ff-62ee-4f15-986f-d41554dc2e72,중화각,중식,전통중앙도매상가,전통시장,대전광역시,3.0,3.0,,,RESOLVED_AGREEMENT,False,3,,,,
7fa60f7cbbb48a7bc1fe,test,중식,T6 기계변형,q_중식_09,중싣,음식점 중 '중식'을 판매·제공하는 매장,06fe7733-54b9-4fc8-8a3b-556f50d1cdcc,중화요리진,,주천골목형상점가,골목형상점가,강원특별자치도,3.0,3.0,,,RESOLVED_AGREEMENT,False,3,,,,
d6ffefb500a6e58e1f16,test,중식,T6 기계변형,q_중식_09,중싣,음식점 중 '중식'을 판매·제공하는 매장,4c68247c-cee4-4d3e-963a-993858458608,중교옥,한식,대전중앙활성화구역,상권활성화구역,대전광역시,1.0,1.0,,,RESOLVED_AGREEMENT,False,1,,,,
adc3bb26741c259ec190,test,중식,T6 기계변형,q_중식_09,중싣,음식점 중 '중식'을 판매·제공하는 매장,05de4147-3bc6-4220-af11-bb783230c3da,브루클린 와이너리,주류 음료 식료품 수입과자 초콜릿,명일전통시장,전통시장,서울특별시,0.0,0.0,,,RESOLVED_AGREEMENT,False,0,,,,
1495467b2d6262b6440f,test,중식,T6 기계변형,q_중식_09,중싣,음식점 중 '중식'을 판매·제공하는 매장,7b42a70b-2bd0-41a3-a710-d59a9629da40,중화맛집,,봉화상설시장,전통시장,경상북도,,3.0,Y,,P0_UNCERTAIN_OR_MISSING,True,,,,,
37aa735ae971de2836ca,test,중식,T6 기계변형,q_중식_09,중싣,음식점 중 '중식'을 판매·제공하는 매장,4c935bf0-3919-47ef-b087-5ede322fd9e3,금문,중식,자양15번가골목형상점가,골목형상점가,서울특별시,3.0,3.0,,,RESOLVED_AGREEMENT,False,3,,,,
add69ecd0a57865e999b,test,중식,T6 기계변형,q_중식_09,중싣,음식점 중 '중식'을 판매·제공하는 매장,5bd157ae-9b5b-4130-b3b4-7e0794dcf437,중국성,중식,신설동들락거리,골목형상점가,서울특별시,3.0,3.0,,,RESOLVED_AGREEMENT,False,3,,,,
62fd2a24e71c372fb1f2,test,중식,T6 기계변형,q_중식_09,중싣,음식점 중 '중식'을 판매·제공하는 매장,66949b22-611d-4650-b074-e5d9cf6c5b24,메이지,분싣,진주 로데오거리상점가,자율상권구역,경상남도,0.0,0.0,,,RESOLVED_AGREEMENT,False,0,,,,
46f3e98f92c37210a77e,test,중식,T6 기계변형,q_중식_09,중싣,음식점 중 '중식'을 판매·제공하는 매장,09c5babf-6e18-41bd-8c2f-9aa7113e717a,중화반점,중식,지석사거리 골목형상점가,골목형상점가,광주광역시,3.0,3.0,,,RESOLVED_AGREEMENT,False,3,,,,
3e9d0c6bb25d688001ae,test,중식,T6 기계변형,q_중식_09,중싣,음식점 중 '중식'을 판매·제공하는 매장,c130e134-0ad5-48de-9d54-c4c8ef441f3e,진각,중식,배곧상가,골목형상점가,경기도,3.0,3.0,,,RESOLVED_AGREEMENT,False,3,,,,
a0499b137fc5ddc7287a,test,중식,T6 기계변형,q_중식_09,중싣,음식점 중 '중식'을 판매·제공하는 매장,86314994-e153-4d29-bff1-05a5f036f9c5,먹쇠루,중식,대화전통시장,전통시장,강원특별자치도,3.0,3.0,,,RESOLVED_AGREEMENT,False,3,,,,
1c6d63f4c61c6b5e6809,test,중식,T6 기계변형,q_중식_09,중싣,음식점 중 '중식'을 판매·제공하는 매장,8bfdb84e-4359-460c-bc18-af9ddb40ee3d,중화면점,중식,열우물전통시장( 구 십정종합시장),전통시장,인천광역시,3.0,3.0,,,RESOLVED_AGREEMENT,False,3,,,,
72c7edaafbec2fca7f66,test,중식,T6 기계변형,q_중식_09,중싣,음식점 중 '중식'을 판매·제공하는 매장,00e0fdc1-dde3-4fc6-bb61-6bbace454a01,도야짬뽕평촌점,중식,귀인동먹거리촌 골목형상점가,골목형상점가,경기도,3.0,3.0,,,RESOLVED_AGREEMENT,False,3,,,,
0e75d61fec5f20c8a2b2,test,중식,T6 기계변형,q_중식_09,중싣,음식점 중 '중식'을 판매·제공하는 매장,2cfaa805-e42b-4f31-95cb-991f89eaacc5,중식당후,중식,두암1동서방로 골목형상점가,골목형상점가,광주광역시,3.0,3.0,,,RESOLVED_AGREEMENT,False,3,,,,
db11eaa44283464fa6e8,test,중식,T6 기계변형,q_중식_09,중싣,음식점 중 '중식'을 판매·제공하는 매장,a2f4a18f-e719-443b-845b-33d3981eb68d,신짬뽕,중국집,둔산3동상점가,자율상권구역,대전광역시,3.0,3.0,,,RESOLVED_AGREEMENT,False,3,,,,
a4ac364eb2f7cbb9d7dc,test,중식,T6 기계변형,q_중식_09,중싣,음식점 중 '중식'을 판매·제공하는 매장,0369b808-6d4f-4b37-8f25-7e3287a3e3a9,서반장항아리왕짬뽕,,관평동 골목형상점가,골목형상점가,대전광역시,3.0,3.0,,,RESOLVED_AGREEMENT,False,3,,,,
440892affeeabf3b76af,test,중식,T6 기계변형,q_중식_09,중싣,음식점 중 '중식'을 판매·제공하는 매장,f580408b-1e24-45b3-b3d0-eb5867bb42c6,중경식객,중식,건대로데오거리골목형상점가,골목형상점가,서울특별시,3.0,3.0,,,RESOLVED_AGREEMENT,False,3,,,,
5e3cdd60a0f962c3e5ff,test,중식,T6 기계변형,q_중식_09,중싣,음식점 중 '중식'을 판매·제공하는 매장,0920f08e-ee4b-43f5-8400-8ee605567276,7080손짜장,중화요리,부곡맛고을상가,자율상권구역,경상북도,3.0,3.0,,,RESOLVED_AGREEMENT,False,3,,,,
ca54f35df02c4ac0b980,test,중식,T6 기계변형,q_중식_09,중싣,음식점 중 '중식'을 판매·제공하는 매장,4bae059c-d8cb-4ce5-afcd-4ffa5d61cca3,중앙옥,한식,옥천공설시장,전통시장,충청북도,1.0,1.0,,,RESOLVED_AGREEMENT,False,1,,,,
38f0b132c4a095d8ec16,test,중식,T6 기계변형,q_중식_09,중싣,음식점 중 '중식'을 판매·제공하는 매장,1e7c7703-589f-460e-a72e-026c94ec0bc2,중국성,중식,오류버들시장골목형상점가,골목형상점가,서울특별시,3.0,3.0,,,RESOLVED_AGREEMENT,False,3,,,,
b9c924399b466a254ee5,test,중식,T6 기계변형,q_중식_09,중싣,음식점 중 '중식'을 판매·제공하는 매장,5cf081f9-8c0e-427a-ab4a-e21718eed174,중화각,중식,포수말 골목형상점가,골목형상점가,서울특별시,3.0,3.0,,,RESOLVED_AGREEMENT,False,3,,,,
4889db9e2264e9478090,test,중식,T6 기계변형,q_중식_09,중싣,음식점 중 '중식'을 판매·제공하는 매장,e72f7a9e-6ac7-4734-8ab3-b60fabfac4bb,중앙김밥,한식,염매시장(구 덕산시장),전통시장,대구광역시,1.0,1.0,,,RESOLVED_AGREEMENT,False,1,,,,
2557215cef1e98482f2b,test,중식,T6 기계변형,q_중식_09,중싣,음식점 중 '중식'을 판매·제공하는 매장,1208eacb-3c69-4852-803b-3f93b4807650,중국성,중식,평동 골목형상점가,골목형상점가,광주광역시,3.0,3.0,,,RESOLVED_AGREEMENT,False,3,,,,
979093d6942ce937d12f,test,중식,T6 기계변형,q_중식_09,중싣,음식점 중 '중식'을 판매·제공하는 매장,807ac8d2-2b5c-4592-89f3-74aba6d6fad0,중국성,중식,효자동4동 후곡길 골목형상점가,골목형상점가,전북특별자치도,3.0,3.0,,,RESOLVED_AGREEMENT,False,3,,,,
2730f8e1f0b700dfc0e0,test,중식,T6 기계변형,q_중식_09,중싣,음식점 중 '중식'을 판매·제공하는 매장,aa452d2f-f46e-4efb-a797-8e4b182f3ad7,중화홍반점,중식,안양중앙인정시장,전통시장,경기도,3.0,3.0,,,RESOLVED_AGREEMENT,False,3,,,,
e01a2a0ea3eed3a66165,test,중식,T6 기계변형,q_중식_09,중싣,음식점 중 '중식'을 판매·제공하는 매장,c1f0cbbe-cd12-476b-8695-434ad59cc4d6,차향재,중식,둔산2동 골목형상점가,골목형상점가,대전광역시,3.0,3.0,,,RESOLVED_AGREEMENT,False,3,,,,
08ce0f591a1e4b5794f8,test,중식,T6 기계변형,q_중식_09,중싣,음식점 중 '중식'을 판매·제공하는 매장,6ac92570-484d-4ceb-b4f7-a869d0517a4f,후레쉬정육점,도소매(식육),암사종합시장,전통시장,서울특별시,0.0,0.0,,,RESOLVED_AGREEMENT,False,0,,,,
2b91deddb9f2d7128aac,test,중식,T6 기계변형,q_중식_09,중싣,음식점 중 '중식'을 판매·제공하는 매장,33f37b6e-0423-4b02-9850-3f4415e51a24,뉴러우멘관즈,중식,남천바다내음 골목형상점가,골목형상점가,부산광역시,3.0,3.0,,,RESOLVED_AGREEMENT,False,3,,,,
81934842249095baf8e5,test,중식,T6 기계변형,q_중식_09,중싣,음식점 중 '중식'을 판매·제공하는 매장,e741f44e-68d6-4187-a762-28b12e1494b7,미옌,중식,용봉지구 골목형상점가,골목형상점가,광주광역시,3.0,3.0,,,RESOLVED_AGREEMENT,False,3,,,,
92175b172b1015b64965,test,중식,T6 기계변형,q_중식_09,중싣,음식점 중 '중식'을 판매·제공하는 매장,79b539e6-9e52-4ce2-9854-2fccdec7c544,북문시장협동조합,밀키트,북문시장,전통시장,경상북도,0.0,0.0,,,RESOLVED_AGREEMENT,False,0,,,,
e9d52fe9686a31659f8f,test,중식,T6 기계변형,q_중식_09,중싣,음식점 중 '중식'을 판매·제공하는 매장,0ad1e916-8b1c-4de8-ade6-6535b3dc0631,형제반점,중화요리,오수상점가,자율상권구역,전북특별자치도,3.0,3.0,,,RESOLVED_AGREEMENT,False,3,,,,
5ddd4bfb4fcc70529f46,test,중식,T6 기계변형,q_중식_09,중싣,음식점 중 '중식'을 판매·제공하는 매장,470eca94-ac4d-47ce-bf35-f8a193ba5e86,홍월,중식,풍암고앞상인회 골목형상점가,골목형상점가,광주광역시,3.0,3.0,,,RESOLVED_AGREEMENT,False,3,,,,
0b4cf16190e1b60d4ff6,test,중식,T6 기계변형,q_중식_09,중싣,음식점 중 '중식'을 판매·제공하는 매장,6fe6db25-101c-4071-875c-58de2763140a,국빈,중식,종암북바위길골목형상점가,골목형상점가,서울특별시,3.0,3.0,,,RESOLVED_AGREEMENT,False,3,,,,
4cb89d41b89de71940d2,test,중식,T6 기계변형,q_중식_09,중싣,음식점 중 '중식'을 판매·제공하는 매장,03a07923-8090-41ee-beeb-ab6b22c4e2e6,월량관,중식,연남동골목형상점가,골목형상점가,서울특별시,3.0,3.0,,,RESOLVED_AGREEMENT,False,3,,,,
2f1e83ea30cb5e4a59ea,test,중식,T6 기계변형,q_중식_09,중싣,음식점 중 '중식'을 판매·제공하는 매장,023910c1-fb9e-410b-95ee-006513998b4b,청궁,중식,남문골목형상점가,골목형상점가,강원특별자치도,3.0,3.0,,,RESOLVED_AGREEMENT,False,3,,,,
cb9c9f3770c90d68ccb3,test,중식,T6 기계변형,q_중식_09,중싣,음식점 중 '중식'을 판매·제공하는 매장,cceeaff0-c43d-4825-9aed-80467fbd6d01,중화관,중식,문흥1동 골목형상점가,골목형상점가,광주광역시,3.0,3.0,,,RESOLVED_AGREEMENT,False,3,,,,
ac6ff3e859ba074f2d1b,test,중식,T6 기계변형,q_중식_09,중싣,음식점 중 '중식'을 판매·제공하는 매장,b8c9292a-f1cc-4103-adeb-ab179304bf97,중국성,중식,경리단길 골목형상점가,골목형상점가,서울특별시,3.0,3.0,,,RESOLVED_AGREEMENT,False,3,,,,
4b588c3fd1c81bccce20,test,중식,T6 기계변형,q_중식_09,중싣,음식점 중 '중식'을 판매·제공하는 매장,8c3e4ff7-f6d6-4a46-a6b1-2c3a4eaa9cc5,중식당청이,중식,그라운드고척골목형상점가,골목형상점가,서울특별시,3.0,3.0,,,RESOLVED_AGREEMENT,False,3,,,,
caea0e6d4f9576097c7d,test,중식,T6 기계변형,q_중식_09,중싣,음식점 중 '중식'을 판매·제공하는 매장,f8900928-9422-4761-861e-d5acc68788cf,중화루,중식,오치 우산중 골목형상점가,골목형상점가,광주광역시,3.0,3.0,,,RESOLVED_AGREEMENT,False,3,,,,
654585764849e31da403,test,중식,T6 기계변형,q_중식_09,중싣,음식점 중 '중식'을 판매·제공하는 매장,807217b7-1447-4b9a-8748-1c7baf8d763d,중국성,중식,옥과설산골목형상점가,골목형상점가,전라남도,3.0,3.0,,,RESOLVED_AGREEMENT,False,3,,,,
0c1873eeca810a81c6b9,test,중식,T6 기계변형,q_중식_09,중싣,음식점 중 '중식'을 판매·제공하는 매장,00f2b06a-d82a-4740-ac18-d898c209d5a5,짜이짜이,중식,충장로123가 상점가,자율상권구역,광주광역시,3.0,3.0,,,RESOLVED_AGREEMENT,False,3,,,,
2dbfa525cc0fcc71e720,test,중식,T6 기계변형,q_중식_09,중싣,음식점 중 '중식'을 판매·제공하는 매장,004661ce-f943-4561-9c9d-d888ccc58c1e,니뽕내뽕천안신부점,퓨전짬뽕,천안신부문화거리상점가,자율상권구역,충청남도,3.0,3.0,,,RESOLVED_AGREEMENT,False,3,,,,
964aa9fbfe52d82aab8a,test,중식,T6 기계변형,q_중식_09,중싣,음식점 중 '중식'을 판매·제공하는 매장,ee783d87-586a-4510-acbb-620010b4c27e,중국성,중식당,백년소상공인,기타,대전광역시,3.0,3.0,,,RESOLVED_AGREEMENT,False,3,,,,
df68a671bef231392bc9,test,중식,T6 기계변형,q_중식_09,중싣,음식점 중 '중식'을 판매·제공하는 매장,28cfa2d6-344f-4fac-97a7-08484a130daa,처갓집양념치킨 죽변항점,,죽변시장,전통시장,경상북도,0.0,0.0,,,RESOLVED_AGREEMENT,False,0,,,,
8a7ceecd851891577ecf,test,중식,T6 기계변형,q_중식_09,중싣,음식점 중 '중식'을 판매·제공하는 매장,011253e1-0a18-4068-84a9-9ee8f83460b6,도도,음식점(중식),화도창현상점가,골목형상점가,경기도,3.0,3.0,,,RESOLVED_AGREEMENT,False,3,,,,
75673d831f5e201c219d,test,중식,T6 기계변형,q_중식_09,중싣,음식점 중 '중식'을 판매·제공하는 매장,973ba513-a567-4689-ba8c-170262e4fa40,중국성,중식,당진원시가지상가,자율상권구역,충청남도,3.0,3.0,,,RESOLVED_AGREEMENT,False,3,,,,
9eb9fe04169c7da0a0b0,test,중식,T6 기계변형,q_중식_09,중싣,음식점 중 '중식'을 판매·제공하는 매장,ba16c348-e96c-472d-89c3-3661779067ff,심향,중식,시화공구상가,전통시장,경기도,3.0,3.0,,,RESOLVED_AGREEMENT,False,3,,,,
ec019810f651245a8919,test,중식,T6 기계변형,q_중식_09,중싣,음식점 중 '중식'을 판매·제공하는 매장,4b3d9822-b2f5-4b4b-b008-3014b8a13392,김가네아구찜,한식,동매신포동 골목형상점가,골목형상점가,부산광역시,1.0,1.0,,,RESOLVED_AGREEMENT,False,1,,,,
1bc97e88ffdf52d9c92e,test,중식,T6 기계변형,q_중식_09,중싣,음식점 중 '중식'을 판매·제공하는 매장,26fcf63b-90e7-4f18-aab1-436d3896658b,시네마,한싣,서원동상점가,자율상권구역,서울특별시,0.0,0.0,,,RESOLVED_AGREEMENT,False,0,,,,
d38b6d4b9c4d1c02fff7,test,중식,T6 기계변형,q_중식_09,중싣,음식점 중 '중식'을 판매·제공하는 매장,54173a27-78cf-4bc4-aa85-a737338850f7,중화반점,중식,동매신포동 골목형상점가,골목형상점가,부산광역시,3.0,3.0,,,RESOLVED_AGREEMENT,False,3,,,,
44c2a60c7fa6b8842f1a,test,중식,T6 기계변형,q_중식_09,중싣,음식점 중 '중식'을 판매·제공하는 매장,14ac2107-374f-4105-84c6-a7f6ab7ae909,중앙횟집,한식,진주 청과시장,전통시장,경상남도,1.0,1.0,,,RESOLVED_AGREEMENT,False,1,,,,
0f4ea3df339764bc7dd4,test,중식,T6 기계변형,q_중식_09,중싣,음식점 중 '중식'을 판매·제공하는 매장,22a81f31-72dd-44bf-b636-73d75266e8a0,중국집,중식,양산동 골목형상점가,골목형상점가,광주광역시,3.0,3.0,,,RESOLVED_AGREEMENT,False,3,,,,
f4392a52a8130bdb1558,test,중식,T6 기계변형,q_중식_09,중싣,음식점 중 '중식'을 판매·제공하는 매장,0238f2dd-085f-48bf-a543-5d59d8b2f10f,기통치킨탕수육호프,치킨탕수육,성안길상점가,자율상권구역,충청북도,3.0,3.0,,,RESOLVED_AGREEMENT,False,3,,,,
b2c662ad8cd78fa06b8c,test,중식,T6 기계변형,q_중식_09,중싣,음식점 중 '중식'을 판매·제공하는 매장,595b4ac6-fa8c-47cd-b8f2-345944ba061d,중식당,중식,유천택지올림픽길골목형상점가,골목형상점가,강원특별자치도,3.0,3.0,,,RESOLVED_AGREEMENT,False,3,,,,
939c36e9c08b48c2e5e7,test,중식,T6 기계변형,q_중식_09,중싣,음식점 중 '중식'을 판매·제공하는 매장,9bb90139-1e49-4c0f-b423-17d0f10b6e97,홍월,중식,전자의거리 상점가,자율상권구역,광주광역시,3.0,3.0,,,RESOLVED_AGREEMENT,False,3,,,,
4e3dc17a319c42ff2cbe,test,중식,T6 기계변형,q_중식_09,중싣,음식점 중 '중식'을 판매·제공하는 매장,00c95d45-2ff3-4066-a179-c026f0528d0c,명장,중식,옥과설산골목형상점가,골목형상점가,전라남도,3.0,3.0,,,RESOLVED_AGREEMENT,False,3,,,,
196d7b115b18b8c07229,test,중식,T6 기계변형,q_중식_09,중싣,음식점 중 '중식'을 판매·제공하는 매장,42beb7ff-62ee-4f15-986f-d41554dc2e72,중화각,중식,전통중앙도매상가,전통시장,대전광역시,3.0,3.0,,,RESOLVED_AGREEMENT,False,3,,,,
d63757275befa4752233,test,중식,T6 기계변형,q_중식_09,중싣,음식점 중 '중식'을 판매·제공하는 매장,9418d35f-a26d-4260-ade6-aab90656e88f,홍용각,중식,두암사거리 골목형상점가,골목형상점가,광주광역시,3.0,3.0,,,RESOLVED_AGREEMENT,False,3,,,,
65e7e89423c234f0b95b,test,중식,T6 기계변형,q_중식_09,중싣,음식점 중 '중식'을 판매·제공하는 매장,116365cb-ffed-43e1-9971-6df263d877cc,짜짜루,중국집,하동공설시장,전통시장,경상남도,3.0,3.0,,,RESOLVED_AGREEMENT,False,3,,,,
40d1dabf4ff7e5c47f39,test,중식,T6 기계변형,q_중식_09,중싣,음식점 중 '중식'을 판매·제공하는 매장,799f300f-b68c-4aa8-a181-1d6bd02a117b,중화복춘,중식,여수진남상가,자율상권구역,전라남도,3.0,3.0,,,RESOLVED_AGREEMENT,False,3,,,,
027181f580f8a2eea172,test,중식,T6 기계변형,q_중식_09,중싣,음식점 중 '중식'을 판매·제공하는 매장,6d57a898-2cd1-4372-8477-cd8d1d775aa6,올도,중식,구성언남 골목형상점가,골목형상점가,경기도,3.0,3.0,,,RESOLVED_AGREEMENT,False,3,,,,
ae85c50061663924c53e,test,중식,T6 기계변형,q_중식_09,중싣,음식점 중 '중식'을 판매·제공하는 매장,000ad086-7f53-4aa5-b6df-3e57737371e3,짬뽕이 땡기는가,짬뽕,서천시장거리 골목형상점가,골목형상점가,충청남도,3.0,3.0,,,RESOLVED_AGREEMENT,False,3,,,,
442d856782a71ce6182b,test,중식,T6 기계변형,q_중식_09,중싣,음식점 중 '중식'을 판매·제공하는 매장,9b205f11-b0df-4772-82b7-ba642d138d6f,역전 할머니 맥주 천상점,음싣,천상천 골목형상점가,골목형상점가,울산광역시,0.0,0.0,,,RESOLVED_AGREEMENT,False,0,,,,
c9715e5b2e8b4cdb13d4,test,중식,T6 기계변형,q_중식_09,중싣,음식점 중 '중식'을 판매·제공하는 매장,11f106c6-21aa-44b5-9a89-e53c2dfb2ba6,진차이,"탕수육, 짬뽕, 짜장",목대온기 골목형상점가,골목형상점가,대전광역시,3.0,3.0,,,RESOLVED_AGREEMENT,False,3,,,,
ba64f39add4155ed5016,test,중식,T6 기계변형,q_중식_09,중싣,음식점 중 '중식'을 판매·제공하는 매장,54bb528f-48d4-41dd-ba7e-882be8a83c02,중화식당,중식,간석자유시장,전통시장,인천광역시,3.0,3.0,,,RESOLVED_AGREEMENT,False,3,,,,
dcdb97128d3b4169a2ee,test,중식,T6 기계변형,q_중식_09,중싣,음식점 중 '중식'을 판매·제공하는 매장,eccbcd2f-3650-440a-840a-856df27555a4,덕취원,중식,"임계사통팔달시장(임계시장, 송계5일장)",전통시장,강원특별자치도,3.0,3.0,,,RESOLVED_AGREEMENT,False,3,,,,
f5b7f0b47fa9c5fe1bbb,test,중식,T6 기계변형,q_중식_09,중싣,음식점 중 '중식'을 판매·제공하는 매장,09ebd481-839d-4613-a82e-d31af05ec77d,내빈,중식,장천동상가,자율상권구역,전라남도,3.0,3.0,,,RESOLVED_AGREEMENT,False,3,,,,
b77f923df20058bd53f1,test,중식,T6 기계변형,q_중식_09,중싣,음식점 중 '중식'을 판매·제공하는 매장,54fa9e28-5af3-4fac-bd3e-ee82bdfce0c2,회풍루,중식,충주자유시장,전통시장,충청북도,3.0,3.0,,,RESOLVED_AGREEMENT,False,3,,,,
fd45dc04a431d21722d2,test,중식,T6 기계변형,q_중식_09,중싣,음식점 중 '중식'을 판매·제공하는 매장,cf17a533-d07a-47b4-aa35-0c138d875bd3,중국성,중식,반석동 골목형상점가,골목형상점가,대전광역시,3.0,3.0,,,RESOLVED_AGREEMENT,False,3,,,,
37a13e25897b55876c9f,test,중식,T6 기계변형,q_중식_09,중싣,음식점 중 '중식'을 판매·제공하는 매장,0a230bc3-6a24-48f7-b574-69d45d24f49b,시골향숙식,수육,오산오색시장(구 오산중앙시장),전통시장,경기도,0.0,0.0,,,RESOLVED_AGREEMENT,False,0,,,,
517f84d007a1f320faa8,test,중식,T6 기계변형,q_중식_09,중싣,음식점 중 '중식'을 판매·제공하는 매장,86d88308-344a-4446-b0ae-6053f58dd432,성포중국집,,거제 성포 골목형상점가,골목형상점가,경상남도,3.0,3.0,,,RESOLVED_AGREEMENT,False,3,,,,
c8838e758ceff209ca35,test,중식,T6 기계변형,q_중식_09,중싣,음식점 중 '중식'을 판매·제공하는 매장,0117062e-156e-475e-bd98-93585f54e25e,몽짬뽕원주직영점,,혁신도시3구역 골목형상점가,골목형상점가,강원특별자치도,3.0,3.0,,,RESOLVED_AGREEMENT,False,3,,,,
7e0bbb7b30cbfabe4003,test,중식,T6 기계변형,q_중식_09,중싣,음식점 중 '중식'을 판매·제공하는 매장,ddd95d5e-095a-44f8-96d6-fc76ff92c8cd,그때그집,한싣,양산상생하는하서로 골목형상점가,골목형상점가,광주광역시,0.0,0.0,,,RESOLVED_AGREEMENT,False,0,,,,
707a4f1077741d7c7259,test,중식,T6 기계변형,q_중식_09,중싣,음식점 중 '중식'을 판매·제공하는 매장,4035a3ae-932b-4121-a2c8-1d8a814d9550,홍첸루,중식,도군머리 골목형상점가,골목형상점가,광주광역시,3.0,3.0,,,RESOLVED_AGREEMENT,False,3,,,,
bbdc072366c4545392b3,test,중식,T6 기계변형,q_중식_09,중싣,음식점 중 '중식'을 판매·제공하는 매장,2d4f8eec-27f1-42ca-8756-5e14ccf792a8,쌍흥루,중식,김천 삼색이수상권,상권활성화구역,경상북도,3.0,3.0,,,RESOLVED_AGREEMENT,False,3,,,,
75cbde2224189e85eb57,test,중식,T6 기계변형,q_중식_09,중싣,음식점 중 '중식'을 판매·제공하는 매장,5fa3d99d-8481-497a-9a8c-d08f07b55313,중래향,중식,안양중앙인정시장,전통시장,경기도,3.0,3.0,,,RESOLVED_AGREEMENT,False,3,,,,
f909d3e3326fea838d4c,test,중식,T6 기계변형,q_중식_09,중싣,음식점 중 '중식'을 판매·제공하는 매장,40d20d7e-9254-4c3a-add4-45dc25a361bc,북악루,중식,배밭골골목형상점가,골목형상점가,서울특별시,3.0,3.0,,,RESOLVED_AGREEMENT,False,3,,,,
59632fead784776f3858,test,중식,T6 기계변형,q_중식_09,중싣,음식점 중 '중식'을 판매·제공하는 매장,19c43376-7f6a-493d-a37c-806877ef9e4c,중앙다먁국,약,광탄전통시장,전통시장,경기도,0.0,0.0,,,RESOLVED_AGREEMENT,False,0,,,,
325c7153c4f1c91921d8,test,중식,T6 기계변형,q_중식_09,중싣,음식점 중 '중식'을 판매·제공하는 매장,8bbc2170-2111-409e-b72b-25b3ae323852,중청루,,송도 아트포레 판매시설 골목형상점가,골목형상점가,인천광역시,,0.0,Y,,P0_UNCERTAIN_OR_MISSING,True,,,,,
a79d29d68d0ba66dea5e,test,중식,T6 기계변형,q_중식_09,중싣,음식점 중 '중식'을 판매·제공하는 매장,0de1bc3f-ef27-4c0c-aaf7-a28d659beba0,일품,요리,성내전통시장,전통시장,서울특별시,0.0,0.0,,,RESOLVED_AGREEMENT,False,0,,,,
6bc353fa012afae10c23,test,중식,T6 기계변형,q_중식_09,중싣,음식점 중 '중식'을 판매·제공하는 매장,1f1fcc3c-a70d-4a0c-ac05-c90876fc02aa,류웬,중식,지족북로 골목형상점가,골목형상점가,대전광역시,3.0,3.0,,,RESOLVED_AGREEMENT,False,3,,,,
7068e2a51557c7e5ff2f,test,중식,T6 기계변형,q_중식_09,중싣,음식점 중 '중식'을 판매·제공하는 매장,0e4e66f8-1ca1-44e9-a706-8580f3b4adec,중앙민물,,언양알프스시장,전통시장,울산광역시,,0.0,Y,,P0_UNCERTAIN_OR_MISSING,True,,,,,
eb0a6b509d80e0840535,test,중식,T6 기계변형,q_중식_09,중싣,음식점 중 '중식'을 판매·제공하는 매장,52e3e19e-1956-4985-97b5-5e9f6dd589f3,중국성,중식,영동전통시장,전통시장,충청북도,3.0,3.0,,,RESOLVED_AGREEMENT,False,3,,,,
30857a547578e731d3ad,test,중식,T6 기계변형,q_중식_09,중싣,음식점 중 '중식'을 판매·제공하는 매장,daaa54c5-6fa0-4865-a33d-67a7ccf8abb5,중경삼림,한식,북촌계동길골목형상점가,골목형상점가,서울특별시,1.0,1.0,,,RESOLVED_AGREEMENT,False,1,,,,
b1803d602a793f5ff952,test,중식,T6 기계변형,q_중식_09,중싣,음식점 중 '중식'을 판매·제공하는 매장,997326b1-b610-48cc-a9f2-450dd2ce1407,중국관,중식,대명 오손도손 골목형상점가,골목형상점가,전북특별자치도,3.0,3.0,,,RESOLVED_AGREEMENT,False,3,,,,
27d648aa07a2ce8f6293,test,중식,T6 기계변형,q_중식_09,중싣,음식점 중 '중식'을 판매·제공하는 매장,e981fb70-739a-43a4-afe6-dbc7335ed296,중국집,중식,용호시장,전통시장,부산광역시,3.0,3.0,,,RESOLVED_AGREEMENT,False,3,,,,
5d12a81e55fc37420363,test,중식,T6 기계변형,q_중식_09,중싣,음식점 중 '중식'을 판매·제공하는 매장,183c55f6-2497-47ad-bbe6-d511521a1c03,취산,중식,고촌역 골목형상점가,골목형상점가,경기도,3.0,3.0,,,RESOLVED_AGREEMENT,False,3,,,,
9fc7c4882a7243dce986,test,중식,T6 기계변형,q_중식_09,중싣,음식점 중 '중식'을 판매·제공하는 매장,7707f2ab-48bb-460c-bd84-27b61a860979,얌차,중식,마재상인회 골목형상점가,골목형상점가,광주광역시,3.0,3.0,,,RESOLVED_AGREEMENT,False,3,,,,
84edd5b58d70b3aee6a6,test,중식,T6 기계변형,q_중식_09,중싣,음식점 중 '중식'을 판매·제공하는 매장,e54619ac-d3ca-4276-b718-197075ce5d88,중국성,중식,금부로상인회 골목형상점가,골목형상점가,광주광역시,3.0,3.0,,,RESOLVED_AGREEMENT,False,3,,,,
423731107ba1c2b1ee20,test,중식,T6 기계변형,q_중식_09,중싣,음식점 중 '중식'을 판매·제공하는 매장,5abd2cc6-ab5d-4787-84fa-12ddb2fe95d5,예가,한싣,화정한울타리상인회 골목형상점가,골목형상점가,광주광역시,0.0,0.0,,,RESOLVED_AGREEMENT,False,0,,,,
24f18005ce16121e8a35,test,중식,T6 기계변형,q_중식_09,중싣,음식점 중 '중식'을 판매·제공하는 매장,d9c7e43c-457c-4323-b24d-907067e4f950,짜신,중식,산본로데오거리(구 산본중심상가),자율상권구역,경기도,3.0,3.0,,,RESOLVED_AGREEMENT,False,3,,,,
50fd6e019a865d95bd74,test,중식,T6 기계변형,q_중식_09,중싣,음식점 중 '중식'을 판매·제공하는 매장,84407aed-aacc-43b9-804f-4affd9f217d6,중화분식,중식,화성행궁골목형상점가,골목형상점가,경기도,3.0,3.0,,,RESOLVED_AGREEMENT,False,3,,,,
a474a1ae580cceb27752,test,중식,T6 기계변형,q_중식_09,중싣,음식점 중 '중식'을 판매·제공하는 매장,4afbe5a3-dba9-4789-b133-260dc1d351ca,더춘장,중식,안양1번가 상점가,자율상권구역,경기도,3.0,3.0,,,RESOLVED_AGREEMENT,False,3,,,,
2475bbbfca7fb647277a,test,중식,T6 기계변형,q_중식_09,중싣,음식점 중 '중식'을 판매·제공하는 매장,0f72df60-4299-4a8e-89c2-75e4492a3cff,와와펫,소매업(의류),공릉동도깨비시장,전통시장,서울특별시,0.0,0.0,,,RESOLVED_AGREEMENT,False,0,,,,
88381e5cf63d602799f8,test,중식,T6 기계변형,q_중식_09,중싣,음식점 중 '중식'을 판매·제공하는 매장,4a123401-16a4-4372-938d-e27cfdd100e3,중화루,중식,모래내골목형상점가,골목형상점가,전북특별자치도,3.0,3.0,,,RESOLVED_AGREEMENT,False,3,,,,
8325cbf038907fd0674b,test,중식,T6 기계변형,q_중식_09,중싣,음식점 중 '중식'을 판매·제공하는 매장,0e50dcc7-9c2b-441d-b386-a4a4ddb0f875,대동식당,"족발, 수육",칠성종합 상권활성화구역,상권활성화구역,대구광역시,0.0,1.0,,,P2_GRADED_ONLY,True,,,,,
f7c167b3e99fa9faa1ad,test,중식,T6 기계변형,q_중식_09,중싣,음식점 중 '중식'을 판매·제공하는 매장,e9cfec34-5596-4372-81ce-9fc0ec603366,미진축산광주하남점,축산,한마음,골목형상점가,광주광역시,0.0,0.0,,,RESOLVED_AGREEMENT,False,0,,,,
2c4cb9c5e6b64703e750,test,중식,T6 기계변형,q_중식_09,중싣,음식점 중 '중식'을 판매·제공하는 매장,291ab45c-d13d-42d6-b893-ded930bb8890,율짬뽕,중국집,동쪽바다중앙시장(구 동해중앙시장),전통시장,강원특별자치도,3.0,3.0,,,RESOLVED_AGREEMENT,False,3,,,,
3a8af7bc13889ad91ed0,test,중식,T6 기계변형,q_중식_09,중싣,음식점 중 '중식'을 판매·제공하는 매장,0193214f-e716-440d-afbe-a93f1d75a078,1키로 탕수육 산본점,탕수육,산본사거리 골목형상점가,골목형상점가,경기도,3.0,3.0,,,RESOLVED_AGREEMENT,False,3,,,,
f92730f0120f65029a42,test,중식,T6 기계변형,q_중식_09,중싣,음식점 중 '중식'을 판매·제공하는 매장,77daa7bf-3da8-48b2-93ce-50d58f8e16ab,중화식객,중식,진천혁신골목형상점가,골목형상점가,충청북도,3.0,3.0,,,RESOLVED_AGREEMENT,False,3,,,,
7682f51ad3eadc693e20,test,중식,T6 기계변형,q_중식_09,중싣,음식점 중 '중식'을 판매·제공하는 매장,39bd281e-7c7a-4f36-ab9d-44ea598061ed,중화각,중식,금빛탄천 골목형상점가,골목형상점가,충청남도,3.0,3.0,,,RESOLVED_AGREEMENT,False,3,,,,
f995061a185a13ffaf25,test,중식,T6 기계변형,q_중식_09,중싣,음식점 중 '중식'을 판매·제공하는 매장,21196548-89d6-43dd-8e32-205a172d0485,중화반점,중식,신금정시장 골목형 상점가,골목형상점가,부산광역시,3.0,3.0,,,RESOLVED_AGREEMENT,False,3,,,,
d5a646b3282e800ba216,test,중식,T6 기계변형,q_중식_09,중싣,음식점 중 '중식'을 판매·제공하는 매장,06834ba2-563f-4b9c-a452-d9fa21678afd,계화중식,중화요리,도화동상점가,자율상권구역,서울특별시,3.0,3.0,,,RESOLVED_AGREEMENT,False,3,,,,
8698166ec3d74b146ad5,test,중식,T6 기계변형,q_중식_09,중싣,음식점 중 '중식'을 판매·제공하는 매장,e624a8a7-8e3c-4992-a50b-0b779de2458f,중앙식당,중식,양동역별빛시장(양동쌍학시장),전통시장,경기도,3.0,3.0,,,RESOLVED_AGREEMENT,False,3,,,,
f00906032f694e2925af,test,중식,T6 기계변형,q_중식_09,중싣,음식점 중 '중식'을 판매·제공하는 매장,61238203-427d-4de3-b040-86b35cab8a81,중국성,중식,하안주공3단지 골목형상점가,골목형상점가,경기도,3.0,3.0,,,RESOLVED_AGREEMENT,False,3,,,,
0614c0cb2755ef4eb1ae,test,중식,T6 기계변형,q_중식_09,중싣,음식점 중 '중식'을 판매·제공하는 매장,8f4cfbae-c2fd-433a-966c-c1f220fe526f,수림관,중국집,당감시장,전통시장,부산광역시,3.0,3.0,,,RESOLVED_AGREEMENT,False,3,,,,
5545a9d3a98126810d94,test,중식,T6 기계변형,q_중식_09,중싣,음식점 중 '중식'을 판매·제공하는 매장,c3956e90-4857-4a68-ac18-6414206e68bf,몽림,중식,유천택지올림픽길골목형상점가,골목형상점가,강원특별자치도,3.0,3.0,,,RESOLVED_AGREEMENT,False,3,,,,
2603bc93710a3a9dee9d,test,중식,T6 기계변형,q_중식_09,중싣,음식점 중 '중식'을 판매·제공하는 매장,daa7adb5-9163-4901-b094-266bb6a3a0a7,중국성,중식,순천대1번상가,자율상권구역,전라남도,3.0,3.0,,,RESOLVED_AGREEMENT,False,3,,,,
65b6bd62ef238489d131,test,중식,T6 기계변형,q_중식_09,중싣,음식점 중 '중식'을 판매·제공하는 매장,000e6461-698b-42f6-842b-cf95393fee89,탕화쿵푸마라탕 전대점,중식,중흥청춘로 골목형상점가,골목형상점가,광주광역시,3.0,3.0,,,RESOLVED_AGREEMENT,False,3,,,,
0f8bd02e5853e886ea8a,test,중식,T6 기계변형,q_중식_09,중싣,음식점 중 '중식'을 판매·제공하는 매장,004af3ce-488b-4a6f-a066-862e26430938,호재짬뽕,,게내공원길 골목형상점가,골목형상점가,서울특별시,3.0,3.0,,,RESOLVED_AGREEMENT,False,3,,,,
77b69eb8f512dd088b8b,test,중식,T6 기계변형,q_중식_09,중싣,음식점 중 '중식'을 판매·제공하는 매장,db1967e8-0da2-4d96-9098-02b8d87136a2,선주네,잡화,월드밸리,전통시장,부산광역시,0.0,0.0,,,RESOLVED_AGREEMENT,False,0,,,,
cf8b769b1d7a5ad1684b,test,치과,T1 정확표기,q_치과_01,치과,건강·의료 중 '치과'를 판매·제공하는 매장,5cd3118f-e354-4e05-85f3-7d638d3e771b,치과라,치과,송정벚꽃골목형상점가,골목형상점가,서울특별시,3.0,3.0,,,RESOLVED_AGREEMENT,False,3,,,,
84d6bb8ab41d6bb020f3,test,치과,T1 정확표기,q_치과_01,치과,건강·의료 중 '치과'를 판매·제공하는 매장,70c0dbe9-3018-4199-b0d1-7874b902958e,조연희치과,치과,샘머리 골목형상점가,골목형상점가,대전광역시,3.0,3.0,,,RESOLVED_AGREEMENT,False,3,,,,
f625caaa2e50ac7fa559,test,치과,T1 정확표기,q_치과_01,치과,건강·의료 중 '치과'를 판매·제공하는 매장,2ca498c2-a0bd-4a3e-8ba9-a960c280540a,봉선연합치과,"임플란트, 매복사랑니 발치, 보철, 스케일링, 치과진료",대남대로181번길 골목형상점가,골목형상점가,광주광역시,3.0,3.0,,,RESOLVED_AGREEMENT,False,3,,,,
37e372a0c043635cdf9e,test,치과,T1 정확표기,q_치과_01,치과,건강·의료 중 '치과'를 판매·제공하는 매장,7d64ad02-2b66-4862-938a-510c16a63af6,혜정치과,치과,봉천달빛길골목형상점가,골목형상점가,서울특별시,3.0,3.0,,,RESOLVED_AGREEMENT,False,3,,,,
eb6a7cd66a63c9d12959,test,치과,T1 정확표기,q_치과_01,치과,건강·의료 중 '치과'를 판매·제공하는 매장,194b2aaf-04f6-4737-8248-d8bc1b394d01,김가네파주목동점,,산내마을 골목형상점가,골목형상점가,경기도,,,Y,Y,P0_UNCERTAIN_OR_MISSING,True,,,,,
48a1848804e5f0f49a85,test,치과,T1 정확표기,q_치과_01,치과,건강·의료 중 '치과'를 판매·제공하는 매장,895adb72-675c-44e9-af70-acb03275aece,e푸른치과,치과,월곡대반 골목형상점가,골목형상점가,광주광역시,3.0,3.0,,,RESOLVED_AGREEMENT,False,3,,,,
96513ac1d7b04ce4d143,test,치과,T1 정확표기,q_치과_01,치과,건강·의료 중 '치과'를 판매·제공하는 매장,3de6b61a-060a-4eeb-a6f5-2b73bf2317af,다은치과의원,"크라운, 임플란트 등",문화1동 골목형상점가,골목형상점가,대전광역시,3.0,3.0,,,RESOLVED_AGREEMENT,False,3,,,,
e98a97b8c8a34d663866,test,치과,T1 정확표기,q_치과_01,치과,건강·의료 중 '치과'를 판매·제공하는 매장,c3d346d8-057a-4bf9-86a0-0a93f7556fdd,하이치과,치과,송탄관광특구 골목형상점가,골목형상점가,경기도,3.0,3.0,,,RESOLVED_AGREEMENT,False,3,,,,
6f6f98aa3cd140a4fc2c,test,치과,T1 정확표기,q_치과_01,치과,건강·의료 중 '치과'를 판매·제공하는 매장,8911a20a-56a7-408f-b212-fe056642a83d,부성상회,,마산어시장,전통시장,경상남도,0.0,0.0,,,RESOLVED_AGREEMENT,False,0,,,,
bf25cfd25b82e531e980,test,치과,T1 정확표기,q_치과_01,치과,건강·의료 중 '치과'를 판매·제공하는 매장,10620bc2-916b-4e49-ab76-c8e662fb7d40,첨단교정,자세교정,임방울대로 골목형상점가,골목형상점가,광주광역시,0.0,0.0,,,RESOLVED_AGREEMENT,False,0,,,,
12a7992ae99cb835125d,test,치과,T1 정확표기,q_치과_01,치과,건강·의료 중 '치과'를 판매·제공하는 매장,1e5348e1-295e-4f7d-b73a-2dd2f14c1654,연세늘봄치과의원,임플란트,목동깨비시장(구 목3동시장),전통시장,서울특별시,3.0,3.0,,,RESOLVED_AGREEMENT,False,3,,,,
356c9edb465f65a35b3e,test,치과,T1 정확표기,q_치과_01,치과,건강·의료 중 '치과'를 판매·제공하는 매장,1bc33890-a1fe-4ee8-88c7-e8c265daeaf0,최성렬치과,치과,전방의거리 골목형상점가,골목형상점가,인천광역시,3.0,3.0,,,RESOLVED_AGREEMENT,False,3,,,,
4a44b552fdf23d34899f,test,치과,T1 정확표기,q_치과_01,치과,건강·의료 중 '치과'를 판매·제공하는 매장,b8eb42db-fbf2-49d6-9de3-286af6f69c66,가나치과,치과,산본로데오거리(구 산본중심상가),자율상권구역,경기도,3.0,3.0,,,RESOLVED_AGREEMENT,False,3,,,,
ea8e3f032e74409c68af,test,치과,T1 정확표기,q_치과_01,치과,건강·의료 중 '치과'를 판매·제공하는 매장,0ff8675c-e9fe-4b29-ad4c-5eb6fe90a350,서울온빛치과의원,치아진료서비스,목동깨비시장(구 목3동시장),전통시장,서울특별시,3.0,3.0,,,RESOLVED_AGREEMENT,False,3,,,,
36469f083805a495d0cd,test,치과,T1 정확표기,q_치과_01,치과,건강·의료 중 '치과'를 판매·제공하는 매장,39746a46-9108-410a-9525-d1de629aaad1,평화치과,치과,남문로 어울림 골목 골목형상점가,골목형상점가,광주광역시,3.0,3.0,,,RESOLVED_AGREEMENT,False,3,,,,
87b13c8d5b9e204827aa,test,치과,T1 정확표기,q_치과_01,치과,건강·의료 중 '치과'를 판매·제공하는 매장,66de30e7-3a55-4ed5-b253-ed773de6cf03,구구치과,치과,말바우우산 골목형상점가,골목형상점가,광주광역시,3.0,3.0,,,RESOLVED_AGREEMENT,False,3,,,,
00033b715dee87ad102e,test,치과,T1 정확표기,q_치과_01,치과,건강·의료 중 '치과'를 판매·제공하는 매장,85b604e2-54de-491d-97d0-7b1ce5fb93f5,유디수완치과,치과,수영 골목형상점가,골목형상점가,광주광역시,3.0,3.0,,,RESOLVED_AGREEMENT,False,3,,,,
7da730ff9f7d450227bc,test,치과,T1 정확표기,q_치과_01,치과,건강·의료 중 '치과'를 판매·제공하는 매장,6a898403-ebf4-41bb-b69f-85c18b469842,이마을치과,치과,봉선로2 골목형상점가,골목형상점가,광주광역시,3.0,3.0,,,RESOLVED_AGREEMENT,False,3,,,,
f5feeb0a81f33ac0f8a8,test,치과,T1 정확표기,q_치과_01,치과,건강·의료 중 '치과'를 판매·제공하는 매장,d8a8b324-9314-49d2-be2f-945d5add5d55,산본효치과,치과,산본로데오거리(구 산본중심상가),자율상권구역,경기도,3.0,3.0,,,RESOLVED_AGREEMENT,False,3,,,,
644fcd25b7ae17014696,test,치과,T1 정확표기,q_치과_01,치과,건강·의료 중 '치과'를 판매·제공하는 매장,fa7d8c78-3598-4ff2-8863-590483686413,남평치과,치과,남평읍1로 골목형상점가,골목형상점가,전라남도,3.0,3.0,,,RESOLVED_AGREEMENT,False,3,,,,
9c99dec93a88b6d11096,test,치과,T1 정확표기,q_치과_01,치과,건강·의료 중 '치과'를 판매·제공하는 매장,79e26070-f7d6-4ee6-9ee0-30497b147974,김상태치과,치과,대남숨길 골목형상점가,골목형상점가,광주광역시,3.0,3.0,,,RESOLVED_AGREEMENT,False,3,,,,
4ad54e9f46555d4ec6a6,test,치과,T1 정확표기,q_치과_01,치과,건강·의료 중 '치과'를 판매·제공하는 매장,aaa409a2-3a65-4df8-807c-8acd55119e8f,미포인트 치과,치과,목원대 골목형상점가,골목형상점가,대전광역시,3.0,3.0,,,RESOLVED_AGREEMENT,False,3,,,,
59704ad73daaf6e42cb4,test,치과,T1 정확표기,q_치과_01,치과,건강·의료 중 '치과'를 판매·제공하는 매장,b1d4f7bb-abc1-4fa9-96bf-3720f6a328f6,성도치과,치과,풍납시장,전통시장,서울특별시,3.0,3.0,,,RESOLVED_AGREEMENT,False,3,,,,
9b0763c58845681ede18,test,치과,T1 정확표기,q_치과_01,치과,건강·의료 중 '치과'를 판매·제공하는 매장,78d22d4e-a4d1-470b-919c-cf3dacd183c7,청치과의원,치과,첨단동행 골목형상점가,골목형상점가,광주광역시,3.0,3.0,,,RESOLVED_AGREEMENT,False,3,,,,
e70a181f7f7c75303010,test,치과,T1 정확표기,q_치과_01,치과,건강·의료 중 '치과'를 판매·제공하는 매장,e17cdaf5-2b86-464f-a86e-1f6db50b4a79,누가치과,치과,더불어용두 골목형상점가,골목형상점가,광주광역시,3.0,3.0,,,RESOLVED_AGREEMENT,False,3,,,,
07ccdfc24aa6a24d6431,test,치과,T1 정확표기,q_치과_01,치과,건강·의료 중 '치과'를 판매·제공하는 매장,e3e146d7-21f9-40b1-a01a-8df432f1ce48,필치과,치과,평촌1번가 상점가,자율상권구역,경기도,3.0,3.0,,,RESOLVED_AGREEMENT,False,3,,,,
126023e41adcff79fcb3,test,치과,T1 정확표기,q_치과_01,치과,건강·의료 중 '치과'를 판매·제공하는 매장,03f4ec7f-78d2-4184-8295-c29af668d98d,모세대리점(알즈너),발교정구,양양로 골목형상점가,골목형상점가,강원특별자치도,0.0,0.0,,,RESOLVED_AGREEMENT,False,0,,,,
e74a223962890b24c938,test,치과,T1 정확표기,q_치과_01,치과,건강·의료 중 '치과'를 판매·제공하는 매장,0028aa1f-32df-4fa5-b123-9a5cabf791fa,행복한치과의원,치과,산본로데오거리(구 산본중심상가),자율상권구역,경기도,3.0,3.0,,,RESOLVED_AGREEMENT,False,3,,,,
ef4c58addd7fe4fdcab3,test,치과,T1 정확표기,q_치과_01,치과,건강·의료 중 '치과'를 판매·제공하는 매장,8743b89d-adcb-4a34-992c-ec6e89281fee,e탑치과,치과,용대로119번길 골목형상점가,골목형상점가,광주광역시,3.0,3.0,,,RESOLVED_AGREEMENT,False,3,,,,
f3039bbbe5115b0a1c4c,test,치과,T1 정확표기,q_치과_01,치과,건강·의료 중 '치과'를 판매·제공하는 매장,64bf6409-54dd-4b69-bf95-770a6bc4e422,엘가치과,치과,풍암신암상인회 골목형상점가,골목형상점가,광주광역시,3.0,3.0,,,RESOLVED_AGREEMENT,False,3,,,,
9be97e0ef1f884188c8a,test,치과,T1 정확표기,q_치과_01,치과,건강·의료 중 '치과'를 판매·제공하는 매장,40d5840d-ba12-46e1-a15d-0c68c9906de5,새이치과,치과,신부유람단골목형상점가,골목형상점가,충청남도,3.0,3.0,,,RESOLVED_AGREEMENT,False,3,,,,
11bf625a25c97e82453d,test,치과,T1 정확표기,q_치과_01,치과,건강·의료 중 '치과'를 판매·제공하는 매장,93f1e979-4039-4169-91a4-6757ab5abbdb,연치과,치과,북부서 맞은편 골목형상점가,골목형상점가,광주광역시,3.0,3.0,,,RESOLVED_AGREEMENT,False,3,,,,
520ca33657480c977940,test,치과,T1 정확표기,q_치과_01,치과,건강·의료 중 '치과'를 판매·제공하는 매장,0098c5ef-1296-4b66-899d-68dbda7cb659,연세감동치과,치과,새샘하루 골목형상점가,골목형상점가,세종특별자치시,3.0,3.0,,,RESOLVED_AGREEMENT,False,3,,,,
d04ca64f51d55cfadafd,test,치과,T1 정확표기,q_치과_01,치과,건강·의료 중 '치과'를 판매·제공하는 매장,135607e4-b86f-4ee3-8ac8-d8e69133c49a,가지런e류교정치과,치과진료 치아 교정치료,말바우시장,전통시장,광주광역시,3.0,3.0,,,RESOLVED_AGREEMENT,False,3,,,,
ed88619bbf5816af2a11,test,치과,T1 정확표기,q_치과_01,치과,건강·의료 중 '치과'를 판매·제공하는 매장,0c656a62-adb0-4d46-a9d7-6754e6ffbdbb,오복치과,치과,창원 반송시장,전통시장,경상남도,3.0,3.0,,,RESOLVED_AGREEMENT,False,3,,,,
fc943d677f7d9d61de79,test,치과,T1 정확표기,q_치과_01,치과,건강·의료 중 '치과'를 판매·제공하는 매장,0002538c-b8d9-4911-81c7-966789036b09,빛고을 치과의원,의원,세은 골목형상점가,골목형상점가,광주광역시,2.0,3.0,,,P2_GRADED_ONLY,True,,,,,
c6e3012ba2db8bfd5ed4,test,치과,T1 정확표기,q_치과_01,치과,건강·의료 중 '치과'를 판매·제공하는 매장,bd3e29ad-a995-463d-9857-1cf8877cbc45,선한이웃치과,치과,양산동 골목형상점가,골목형상점가,광주광역시,3.0,3.0,,,RESOLVED_AGREEMENT,False,3,,,,
12f1647db129a85a5dc3,test,치과,T1 정확표기,q_치과_01,치과,건강·의료 중 '치과'를 판매·제공하는 매장,6c75502c-463e-449f-9223-69cdc82df1fc,백민치과,치과,북가좌동 골목형상점가,골목형상점가,서울특별시,3.0,3.0,,,RESOLVED_AGREEMENT,False,3,,,,
43123768767b99fd97ef,test,치과,T1 정확표기,q_치과_01,치과,건강·의료 중 '치과'를 판매·제공하는 매장,5079f032-d73d-407a-b312-d5e298ae8d72,선 치과,치과,풍향골 골목형상점가,골목형상점가,광주광역시,3.0,3.0,,,RESOLVED_AGREEMENT,False,3,,,,
7b8ae0ed3a36d828a1f1,test,치과,T1 정확표기,q_치과_01,치과,건강·의료 중 '치과'를 판매·제공하는 매장,9e995eb1-e1ac-4ba6-94a9-ec0d4edafe2c,연세유펜치과,치과,홍리단길 먹자 골목형상점가,골목형상점가,전북특별자치도,3.0,3.0,,,RESOLVED_AGREEMENT,False,3,,,,
01ebc84c97857a2b4845,test,치과,T1 정확표기,q_치과_01,치과,건강·의료 중 '치과'를 판매·제공하는 매장,58747c64-e635-44ba-a9b5-b525e27d8d41,명인치과,치과,상계중앙시장,전통시장,서울특별시,3.0,3.0,,,RESOLVED_AGREEMENT,False,3,,,,
5a5e75dfe294568a9575,test,치과,T1 정확표기,q_치과_01,치과,건강·의료 중 '치과'를 판매·제공하는 매장,331fd695-a9e8-4942-a9d8-1504eae5d122,서울방송스피치아카데미학원,,왕십리도선동상점가,자율상권구역,서울특별시,3.0,0.0,,,P1_BINARY_THRESHOLD,True,,,,,
22801fb3c60fd0bfa0f8,test,치과,T1 정확표기,q_치과_01,치과,건강·의료 중 '치과'를 판매·제공하는 매장,6e3d1567-df0c-4c73-80f2-c8596bc559f0,연수치과,치과,북항사랑 골목형상점가,골목형상점가,전라남도,3.0,3.0,,,RESOLVED_AGREEMENT,False,3,,,,
1648b2ed824b3d94e061,test,치과,T1 정확표기,q_치과_01,치과,건강·의료 중 '치과'를 판매·제공하는 매장,3d28b58f-311c-4fde-9b31-4a1fd6210781,김치과,치과,장성읍 골목형상점가,골목형상점가,전라남도,3.0,3.0,,,RESOLVED_AGREEMENT,False,3,,,,
f93137a122f9f839812c,test,치과,T1 정확표기,q_치과_01,치과,건강·의료 중 '치과'를 판매·제공하는 매장,e46aced4-6f7e-4073-b754-e8ea2ef9f9c5,신가치과,치과,신가동 골목형상점가,골목형상점가,광주광역시,3.0,3.0,,,RESOLVED_AGREEMENT,False,3,,,,
bd4e9093bec487dc200c,test,치과,T1 정확표기,q_치과_01,치과,건강·의료 중 '치과'를 판매·제공하는 매장,275646ee-9cd2-4d7a-8447-d065f37c7d71,봉선e치과의원,임플란트 등,봉선로1 골목형상점가,골목형상점가,광주광역시,3.0,3.0,,,RESOLVED_AGREEMENT,False,3,,,,
f826b3a00adf159c785a,test,치과,T1 정확표기,q_치과_01,치과,건강·의료 중 '치과'를 판매·제공하는 매장,99c1d966-f45d-4c0b-b151-029acc3198d6,대명치과,치과,"일곡동(제4지역:쌍용,호반,청솔2,호반일신,청솔1)",골목형상점가,광주광역시,3.0,3.0,,,RESOLVED_AGREEMENT,False,3,,,,
18ba4cede49050f3050b,test,치과,T1 정확표기,q_치과_01,치과,건강·의료 중 '치과'를 판매·제공하는 매장,9bf77e70-ac02-4135-acc3-91e6e0a659f6,구성치과,치과,구성언남 골목형상점가,골목형상점가,경기도,3.0,3.0,,,RESOLVED_AGREEMENT,False,3,,,,
686b957fc6978dff9e1d,test,치과,T1 정확표기,q_치과_01,치과,건강·의료 중 '치과'를 판매·제공하는 매장,34b07070-b0fc-4a20-867d-8f218532bc0d,이룸치과,치과,첨단아미 골목형상점가,골목형상점가,광주광역시,3.0,3.0,,,RESOLVED_AGREEMENT,False,3,,,,
1a90e0973198c7d3fa8d,test,치과,T1 정확표기,q_치과_01,치과,건강·의료 중 '치과'를 판매·제공하는 매장,0a364eba-a7a3-4404-aaff-319990382568,세븐일레븐구미인동중앙로점,편의점,구미인동시장,전통시장,경상북도,0.0,0.0,,,RESOLVED_AGREEMENT,False,0,,,,
6d6de3aac0bb41bcef09,test,치과,T1 정확표기,q_치과_01,치과,건강·의료 중 '치과'를 판매·제공하는 매장,4de4f37a-cf5d-43d2-a758-117d984bc80b,모든치과,치과,마북 골목형상점가,골목형상점가,경기도,3.0,3.0,,,RESOLVED_AGREEMENT,False,3,,,,
d6eb5f93fc7643d56aa3,test,치과,T1 정확표기,q_치과_01,치과,건강·의료 중 '치과'를 판매·제공하는 매장,989215c5-32ae-4ef5-a78d-138600cb955e,송치과,치과,하당꽃길1가 골목형상점가,골목형상점가,전라남도,3.0,3.0,,,RESOLVED_AGREEMENT,False,3,,,,
6c5627d20eeb6577cb43,test,치과,T1 정확표기,q_치과_01,치과,건강·의료 중 '치과'를 판매·제공하는 매장,ce7d76b6-dbef-434c-af6d-d797cfaff007,삼호치과,치과,삼호읍 중앙 골목형상점가,골목형상점가,전라남도,3.0,3.0,,,RESOLVED_AGREEMENT,False,3,,,,
13bc437eeaf729f8751b,test,치과,T1 정확표기,q_치과_01,치과,건강·의료 중 '치과'를 판매·제공하는 매장,288bd862-11fa-40bd-9eb8-05b6b0f744a4,태양치과,치과,중앙로 백운1동 골목형상점가,골목형상점가,광주광역시,3.0,3.0,,,RESOLVED_AGREEMENT,False,3,,,,
d4e72d2563a899d10739,test,치과,T1 정확표기,q_치과_01,치과,건강·의료 중 '치과'를 판매·제공하는 매장,05a6fc86-6dd3-4be4-bf5c-43e9e6e2a9b2,서치과,치과,산본로데오거리(구 산본중심상가),자율상권구역,경기도,3.0,3.0,,,RESOLVED_AGREEMENT,False,3,,,,
a04601f536c7d1169aa3,test,치과,T1 정확표기,q_치과_01,치과,건강·의료 중 '치과'를 판매·제공하는 매장,013192a9-d34f-4b2a-99f4-e33a2cbf1e72,서울굿모닝치과의원,치과,종촌동골목형상점가,골목형상점가,세종특별자치시,3.0,3.0,,,RESOLVED_AGREEMENT,False,3,,,,
980bc0abf51c954d93f9,test,치과,T1 정확표기,q_치과_01,치과,건강·의료 중 '치과'를 판매·제공하는 매장,9bc35632-0aab-4050-a009-7702a6b77a7b,금촌치과,치과,금촌명동로시장,전통시장,경기도,3.0,3.0,,,RESOLVED_AGREEMENT,False,3,,,,
92d07c934ed7d0f118fd,test,치과,T1 정확표기,q_치과_01,치과,건강·의료 중 '치과'를 판매·제공하는 매장,3341db55-89d2-491a-bac1-3aab68fdadb7,이봉규치과,치과,중앙로 백운1동 골목형상점가,골목형상점가,광주광역시,3.0,3.0,,,RESOLVED_AGREEMENT,False,3,,,,
63f5a90b2c6dbe3d03b0,test,치과,T1 정확표기,q_치과_01,치과,건강·의료 중 '치과'를 판매·제공하는 매장,d37069e4-9eff-47b3-bf7d-5d02f992b52a,뮤즈필라테스,쇼핑,화정꽃마을상인회 골목형상점가,골목형상점가,광주광역시,0.0,0.0,,,RESOLVED_AGREEMENT,False,0,,,,
53c42e0556f33ea8c274,test,치과,T1 정확표기,q_치과_01,치과,건강·의료 중 '치과'를 판매·제공하는 매장,8d9f195c-231f-479a-a759-f2639f2a34bd,전치과의원,치과,서산시장길 골목형상점가,골목형상점가,충청남도,3.0,3.0,,,RESOLVED_AGREEMENT,False,3,,,,
d7b39074decfae856958,test,치과,T1 정확표기,q_치과_01,치과,건강·의료 중 '치과'를 판매·제공하는 매장,000d633c-e5d5-4ab7-afea-88785b1eda92,e클린치과의원,치과,상암마을상인회 골목형상점가,골목형상점가,광주광역시,3.0,3.0,,,RESOLVED_AGREEMENT,False,3,,,,
50fddfc9ae9ae0bfab44,test,치과,T1 정확표기,q_치과_01,치과,건강·의료 중 '치과'를 판매·제공하는 매장,1013504c-b2d6-4091-8cc1-15eecee0aeff,그래비티코어,운동재활 체형교정,유천택지올림픽길골목형상점가,골목형상점가,강원특별자치도,0.0,0.0,,,RESOLVED_AGREEMENT,False,0,,,,
e06ea9807b02af5d35d2,test,치과,T1 정확표기,q_치과_01,치과,건강·의료 중 '치과'를 판매·제공하는 매장,3db97c32-a8a9-4ee5-a6ae-f4bc529ba03e,지리산숯불갈비생고기,한식,둔산3동상점가,자율상권구역,대전광역시,0.0,0.0,,,RESOLVED_AGREEMENT,False,0,,,,
49911c2844ba95dc2aa3,test,치과,T1 정확표기,q_치과_01,치과,건강·의료 중 '치과'를 판매·제공하는 매장,fc5ad37e-53e7-4e42-853e-7d730756ab0b,튼튼잇몸치과,치과,운암 다정 골목형상점가,골목형상점가,광주광역시,3.0,3.0,,,RESOLVED_AGREEMENT,False,3,,,,
998d937226b9d393a055,test,치과,T1 정확표기,q_치과_01,치과,건강·의료 중 '치과'를 판매·제공하는 매장,7deb8c24-eebc-4411-8b9e-7344def40922,상치과,치과,스타프라자전통시장,전통시장,경기도,3.0,3.0,,,RESOLVED_AGREEMENT,False,3,,,,
183204c4c066d475b5fa,test,치과,T1 정확표기,q_치과_01,치과,건강·의료 중 '치과'를 판매·제공하는 매장,3a9899b9-7abb-4076-987c-cade4d657497,류장춘치과,치과,안말초로 골목형상점가,골목형상점가,경기도,3.0,3.0,,,RESOLVED_AGREEMENT,False,3,,,,
77b150bff7727b25275a,test,치과,T1 정확표기,q_치과_01,치과,건강·의료 중 '치과'를 판매·제공하는 매장,cbb186ce-5d37-469d-b7c0-a7ccdfb1a7ae,드림치과,치과,상무중앙로46구역상인회 골목형상점가,골목형상점가,광주광역시,3.0,3.0,,,RESOLVED_AGREEMENT,False,3,,,,
574b793b2016442cf368,test,치과,T1 정확표기,q_치과_01,치과,건강·의료 중 '치과'를 판매·제공하는 매장,8eb2edc1-a763-4152-82d1-0d7bdb6d4a6b,탄탄치과,치과,두암3동 먹자골목 골목형상점가,골목형상점가,광주광역시,3.0,3.0,,,RESOLVED_AGREEMENT,False,3,,,,
f4ea5047063f6d928476,test,치과,T1 정확표기,q_치과_01,치과,건강·의료 중 '치과'를 판매·제공하는 매장,c930a463-09d7-4682-bf8d-4d1642f5063d,미래치과,치과,양양로 골목형상점가,골목형상점가,강원특별자치도,3.0,3.0,,,RESOLVED_AGREEMENT,False,3,,,,
0c6d87f8b5e917283f90,test,치과,T1 정확표기,q_치과_01,치과,건강·의료 중 '치과'를 판매·제공하는 매장,3bd55948-dcb2-46e3-97b9-5917e1b3d549,연세강치과,치과,학운동 365 골목형상점가,골목형상점가,광주광역시,3.0,3.0,,,RESOLVED_AGREEMENT,False,3,,,,
7b4dea440d59c18bbf2d,test,치과,T1 정확표기,q_치과_01,치과,건강·의료 중 '치과'를 판매·제공하는 매장,ff3dbb55-d2e2-4985-9f4f-2f54a2c000e8,뉴욕플란트 치과,치과,남양주장현전통시장,전통시장,경기도,3.0,3.0,,,RESOLVED_AGREEMENT,False,3,,,,
e36d0c8de2fa36672118,test,치과,T1 정확표기,q_치과_01,치과,건강·의료 중 '치과'를 판매·제공하는 매장,78c530c4-234d-467e-a26c-03e38ed7efba,홍치과,치과,담양중앙 골목형상점가,골목형상점가,전라남도,3.0,3.0,,,RESOLVED_AGREEMENT,False,3,,,,
7cb2f95fc0ec9a0b98b1,test,치과,T1 정확표기,q_치과_01,치과,건강·의료 중 '치과'를 판매·제공하는 매장,7ef848bc-aecf-49d5-80fc-c5f261b32bd6,미주치과,치과,중앙로 동문 상점가 골목형상점가,골목형상점가,경상북도,3.0,3.0,,,RESOLVED_AGREEMENT,False,3,,,,
e4a8b2e809aa061196e8,test,치과,T1 정확표기,q_치과_01,치과,건강·의료 중 '치과'를 판매·제공하는 매장,04f73ae1-5ba3-4b7a-9168-f300168979df,연세해맑은치과,치과교정과 진료,둔산2동 골목형상점가,골목형상점가,대전광역시,3.0,3.0,,,RESOLVED_AGREEMENT,False,3,,,,
8351e4d28939985a2a13,test,치과,T1 정확표기,q_치과_01,치과,건강·의료 중 '치과'를 판매·제공하는 매장,28c97f85-ff75-44c1-8c74-66e988296ed3,동명수산,생선,진주 논개시장,전통시장,경상남도,0.0,0.0,,,RESOLVED_AGREEMENT,False,0,,,,
c703b392ee55c81935b0,test,치과,T1 정확표기,q_치과_01,치과,건강·의료 중 '치과'를 판매·제공하는 매장,062acf6f-305e-4670-a107-58f8fe19825c,더월치과,치과,사당1동 먹자골목 상점가,자율상권구역,서울특별시,3.0,3.0,,,RESOLVED_AGREEMENT,False,3,,,,
53ba4a0d138c2a16ea25,test,치과,T1 정확표기,q_치과_01,치과,건강·의료 중 '치과'를 판매·제공하는 매장,391ef1d9-0ec7-4b5d-b714-9666ad3043c3,이치과의원,치아,창원 가음정시장,전통시장,경상남도,3.0,3.0,,,RESOLVED_AGREEMENT,False,3,,,,
b667a5cf2a157121fe79,test,치과,T1 정확표기,q_치과_01,치과,건강·의료 중 '치과'를 판매·제공하는 매장,a1fec92b-0351-4b7f-82f9-b3319928af69,뉴욕치과,치과,부평문화인의거리골목형상점가,골목형상점가,인천광역시,3.0,3.0,,,RESOLVED_AGREEMENT,False,3,,,,
adf10738febc47f86ff7,test,치과,T1 정확표기,q_치과_01,치과,건강·의료 중 '치과'를 판매·제공하는 매장,14b17bef-0f62-4765-9abd-bd023544354f,2XU용봉점,의류,패션의거리,자율상권구역,광주광역시,0.0,0.0,,,RESOLVED_AGREEMENT,False,0,,,,
3afdd56bb0e25caa7cc7,test,치과,T1 정확표기,q_치과_01,치과,건강·의료 중 '치과'를 판매·제공하는 매장,0a1a14d8-f92a-433d-bb79-64d059dc39ae,아파유,체형교정 및 교육,해밀동 골목형상점가,골목형상점가,세종특별자치시,0.0,0.0,,,RESOLVED_AGREEMENT,False,0,,,,
3d9060703efba5920610,test,치과,T1 정확표기,q_치과_01,치과,건강·의료 중 '치과'를 판매·제공하는 매장,22fdfe9d-b981-487e-85b4-c9eb1c84cded,조이플치과,치과,샘머리 골목형상점가,골목형상점가,대전광역시,3.0,3.0,,,RESOLVED_AGREEMENT,False,3,,,,
8c94a5897fb8a6ba1e92,test,치과,T1 정확표기,q_치과_01,치과,건강·의료 중 '치과'를 판매·제공하는 매장,bfaea4db-bc9c-4aec-b49a-a0352aa17ca8,서강박치과,치과,신수동토정로 골목형상점가,골목형상점가,서울특별시,3.0,3.0,,,RESOLVED_AGREEMENT,False,3,,,,
f3ce1fe2d48f252036d2,test,치과,T1 정확표기,q_치과_01,치과,건강·의료 중 '치과'를 판매·제공하는 매장,14ba8897-8073-4512-bd61-8cbcb3965506,비손치과,치과,금호1동상가번영회 골목형상점가,골목형상점가,광주광역시,3.0,3.0,,,RESOLVED_AGREEMENT,False,3,,,,
2ebbc121e136b1c27feb,test,치과,T1 정확표기,q_치과_01,치과,건강·의료 중 '치과'를 판매·제공하는 매장,6ca5a1d0-42dd-4d98-b211-1f64484943c3,애플치과,치과,테크노밸리 골목형상점가,골목형상점가,대전광역시,3.0,3.0,,,RESOLVED_AGREEMENT,False,3,,,,
080526e1a60f74c5335a,test,치과,T1 정확표기,q_치과_01,치과,건강·의료 중 '치과'를 판매·제공하는 매장,465bf4b2-dfc8-479c-b28f-5407842c4927,믿음치과,임플란트 틀니 교정 보철치료,신가아름마을,골목형상점가,광주광역시,3.0,3.0,,,RESOLVED_AGREEMENT,False,3,,,,
963bbc54a7c905e3fd3c,test,치과,T1 정확표기,q_치과_01,치과,건강·의료 중 '치과'를 판매·제공하는 매장,c6303cdb-908c-4933-84ee-369843e1095e,미래치과,치과,동울산만세대 골목형상점가,골목형상점가,울산광역시,3.0,3.0,,,RESOLVED_AGREEMENT,False,3,,,,
27bf4e55d081bbc4686e,test,치과,T1 정확표기,q_치과_01,치과,건강·의료 중 '치과'를 판매·제공하는 매장,f2faaafd-45bb-44bc-8be3-9cd95bb83ae9,시티치과,치과,의왕역 골목형상점가,골목형상점가,경기도,3.0,3.0,,,RESOLVED_AGREEMENT,False,3,,,,
86ccd37f74bc6b3955bc,test,치과,T1 정확표기,q_치과_01,치과,건강·의료 중 '치과'를 판매·제공하는 매장,b842c553-1530-4353-b832-7d90c228fc47,미소를 드림 치과,치과,풍암벚꽃길상인회 골목형상점가,골목형상점가,광주광역시,3.0,3.0,,,RESOLVED_AGREEMENT,False,3,,,,
7d0a7a0c2c01fdd3697a,test,치과,T1 정확표기,q_치과_01,치과,건강·의료 중 '치과'를 판매·제공하는 매장,20c4cf39-dc98-4781-8991-6f4d04a52d69,아름드리 치과,치아치료,희담길,골목형상점가,광주광역시,3.0,3.0,,,RESOLVED_AGREEMENT,False,3,,,,
ab90a274ae06af40752e,test,치과,T1 정확표기,q_치과_01,치과,건강·의료 중 '치과'를 판매·제공하는 매장,37715865-99a9-49cb-b0a5-2d935e64c30b,인수치과,치과,인수로골목형상점가,골목형상점가,서울특별시,3.0,3.0,,,RESOLVED_AGREEMENT,False,3,,,,
2d78c589acc847c99ce1,test,치과,T1 정확표기,q_치과_01,치과,건강·의료 중 '치과'를 판매·제공하는 매장,427edced-b89d-45b0-9846-3ad9a9135bb5,김포쌀상회,소매업(곡물),양곡시장,전통시장,경기도,0.0,0.0,,,RESOLVED_AGREEMENT,False,0,,,,
320275164df20f89d126,test,치과,T1 정확표기,q_치과_01,치과,건강·의료 중 '치과'를 판매·제공하는 매장,6d12d594-a129-42eb-89c4-276cdf60dc5a,당산치과,치과,당산이음 골목형상점가,골목형상점가,서울특별시,3.0,3.0,,,RESOLVED_AGREEMENT,False,3,,,,
64cf08afed4836446cee,test,치과,T1 정확표기,q_치과_01,치과,건강·의료 중 '치과'를 판매·제공하는 매장,dd34831b-29df-4308-9120-27d5bbbe6362,소치과,치과,금화상인회 골목형상점가,골목형상점가,광주광역시,3.0,3.0,,,RESOLVED_AGREEMENT,False,3,,,,
59fbb36990cbe9d488b8,test,치과,T1 정확표기,q_치과_01,치과,건강·의료 중 '치과'를 판매·제공하는 매장,fa419a71-d32e-4030-b145-511f248d8620,김예란치과,치과,큰방림길 골목형상점가,골목형상점가,광주광역시,3.0,3.0,,,RESOLVED_AGREEMENT,False,3,,,,
348e5f9bca9438aa9e6f,test,치과,T1 정확표기,q_치과_01,치과,건강·의료 중 '치과'를 판매·제공하는 매장,00fdab59-58f8-4c63-8765-30cb59a78156,도안프라임치과의원,치과진료,목원대 골목형상점가,골목형상점가,대전광역시,3.0,3.0,,,RESOLVED_AGREEMENT,False,3,,,,
8bc10594b8f481ea3bfb,test,치과,T2 동의어,q_치과_02,교정,건강·의료 중 '치과'를 판매·제공하는 매장,1013504c-b2d6-4091-8cc1-15eecee0aeff,그래비티코어,운동재활 체형교정,유천택지올림픽길골목형상점가,골목형상점가,강원특별자치도,0.0,0.0,,,RESOLVED_AGREEMENT,False,0,,,,
ca6dec421f096fa44ba2,test,치과,T2 동의어,q_치과_02,교정,건강·의료 중 '치과'를 판매·제공하는 매장,be34d045-bd57-42af-b149-5a739eb7d0de,보이스&보컬 스튜디오,발성 교정,장원초 입구 골목형상점가,골목형상점가,광주광역시,0.0,0.0,,,RESOLVED_AGREEMENT,False,0,,,,
56f6481392c282e3ce5f,test,치과,T2 동의어,q_치과_02,교정,건강·의료 중 '치과'를 판매·제공하는 매장,507c364a-05cd-47a5-b19a-720c2f8cc4b0,인서현치과,"일반 치과 진료, 임플란트, 교정, 스케일링, 틀니",별내별가람역상점가,골목형상점가,경기도,3.0,3.0,,,RESOLVED_AGREEMENT,False,3,,,,
92434ca79dde0d0fce06,test,치과,T2 동의어,q_치과_02,교정,건강·의료 중 '치과'를 판매·제공하는 매장,20c4cf39-dc98-4781-8991-6f4d04a52d69,아름드리 치과,치아치료,희담길,골목형상점가,광주광역시,2.0,3.0,,,P2_GRADED_ONLY,True,,,,,
8930521c45c668a23845,test,치과,T2 동의어,q_치과_02,교정,건강·의료 중 '치과'를 판매·제공하는 매장,153b9f7e-329e-4714-9941-2fa217401681,이경학바른체형센터,체형 교정 운동,효천로 골목형상점가,골목형상점가,광주광역시,0.0,0.0,,,RESOLVED_AGREEMENT,False,0,,,,
96d0e3dfff377d341cbe,test,치과,T2 동의어,q_치과_02,교정,건강·의료 중 '치과'를 판매·제공하는 매장,baf9795c-ddb0-4bd8-8ede-ef0553068893,다나제형교정필라테스 광주북구각화점,"필라테스, 운동처방, 체형교정",서희1차현대 골목형상점가,골목형상점가,광주광역시,0.0,0.0,,,RESOLVED_AGREEMENT,False,0,,,,
587a22639ae18c940db7,test,치과,T2 동의어,q_치과_02,교정,건강·의료 중 '치과'를 판매·제공하는 매장,404258d6-7b40-4110-b7dc-fc102566f15f,본 테라핏,자세교정,불당1번가골목형상점가,골목형상점가,충청남도,0.0,0.0,,,RESOLVED_AGREEMENT,False,0,,,,
875570d422275c85869c,test,치과,T2 동의어,q_치과_02,교정,건강·의료 중 '치과'를 판매·제공하는 매장,0a1a14d8-f92a-433d-bb79-64d059dc39ae,아파유,체형교정 및 교육,해밀동 골목형상점가,골목형상점가,세종특별자치시,0.0,0.0,,,RESOLVED_AGREEMENT,False,0,,,,
2d5db749e3c64ebb7b3e,test,치과,T2 동의어,q_치과_02,교정,건강·의료 중 '치과'를 판매·제공하는 매장,559d4795-c4a9-442a-ba75-cdb035fbd949,좋은몸교정센터,교정운동,성덕중사거리,골목형상점가,광주광역시,0.0,0.0,,,RESOLVED_AGREEMENT,False,0,,,,
c8685ea2723078653c1c,test,치과,T2 동의어,q_치과_02,교정,건강·의료 중 '치과'를 판매·제공하는 매장,dc7b234f-9630-48d1-a0c3-29f308552dcf,장원중화요리,중식,가경터미널시장,전통시장,충청북도,0.0,0.0,,,RESOLVED_AGREEMENT,False,0,,,,
0c5f06d37afd2f50a1bc,test,치과,T2 동의어,q_치과_02,교정,건강·의료 중 '치과'를 판매·제공하는 매장,3de6b61a-060a-4eeb-a6f5-2b73bf2317af,다은치과의원,"크라운, 임플란트 등",문화1동 골목형상점가,골목형상점가,대전광역시,2.0,3.0,,,P2_GRADED_ONLY,True,,,,,
db38bf17e4d36c4af241,test,치과,T2 동의어,q_치과_02,교정,건강·의료 중 '치과'를 판매·제공하는 매장,cc7b73f9-0d48-4430-8deb-d889cca13027,이화아동발달연구소,언어교정,어은누리 골목형상점가,골목형상점가,대전광역시,0.0,0.0,,,RESOLVED_AGREEMENT,False,0,,,,
b15075d018112faa1681,test,치과,T2 동의어,q_치과_02,교정,건강·의료 중 '치과'를 판매·제공하는 매장,e38393d4-80f2-42f3-bbe5-0ade16742880,퍼스트어린이치과의원,소아치과 진료충치 예방 교정등 및 진료비,배다리저수지 골목형상점가,골목형상점가,경기도,3.0,3.0,,,RESOLVED_AGREEMENT,False,3,,,,
4136c5f4ead9d45be96c,test,치과,T2 동의어,q_치과_02,교정,건강·의료 중 '치과'를 판매·제공하는 매장,01d89ea0-dd94-44da-a75b-c1b618122b67,구림상회,농산물,포항죽도시장,전통시장,경상북도,0.0,0.0,,,RESOLVED_AGREEMENT,False,0,,,,
619196de827a7376c01d,test,치과,T2 동의어,q_치과_02,교정,건강·의료 중 '치과'를 판매·제공하는 매장,00fdab59-58f8-4c63-8765-30cb59a78156,도안프라임치과의원,치과진료,목원대 골목형상점가,골목형상점가,대전광역시,3.0,3.0,,,RESOLVED_AGREEMENT,False,3,,,,
3810509a3fbd0ead6a19,test,치과,T2 동의어,q_치과_02,교정,건강·의료 중 '치과'를 판매·제공하는 매장,99aac281-e2cc-4e4d-acd6-68b64693ce1a,여락정,,청당4번가 골목형상점가,골목형상점가,충청남도,,0.0,Y,,P0_UNCERTAIN_OR_MISSING,True,,,,,
a48cddb9a6333e932d03,test,치과,T2 동의어,q_치과_02,교정,건강·의료 중 '치과'를 판매·제공하는 매장,9c719382-d2dd-42c5-9d23-26166e7fbd67,휴힐링테라피,체형교정,도봉산옛길골목형상점가,골목형상점가,서울특별시,0.0,0.0,,,RESOLVED_AGREEMENT,False,0,,,,
f5c9f79fbce34c5b4465,test,치과,T2 동의어,q_치과_02,교정,건강·의료 중 '치과'를 판매·제공하는 매장,3dea395b-56ca-4d2b-9594-c49d8966ae4f,후척추교정운동센터,교정운동,일곡동(제1지역:자연마을 일동초 거리) 골목형상점가,골목형상점가,광주광역시,0.0,0.0,,,RESOLVED_AGREEMENT,False,0,,,,
458c1bcec981fb436ab7,test,치과,T2 동의어,q_치과_02,교정,건강·의료 중 '치과'를 판매·제공하는 매장,cb3a2137-1eb9-4257-ab71-f2dda3aebbfb,안정 체형교정센터,체형교정 교정운동지도,용대로53번길 골목형상점가,골목형상점가,광주광역시,0.0,0.0,,,RESOLVED_AGREEMENT,False,0,,,,
ae7534d9520c12da844e,test,치과,T2 동의어,q_치과_02,교정,건강·의료 중 '치과'를 판매·제공하는 매장,673ae3eb-e8eb-4e2b-9836-69c3628f2b81,산들치과의원,교정진료를 제외한 치과치료,나주혁신도시 골목형상점가,골목형상점가,전라남도,3.0,3.0,,,RESOLVED_AGREEMENT,False,3,,,,
adb2390f0731b45c0826,test,치과,T2 동의어,q_치과_02,교정,건강·의료 중 '치과'를 판매·제공하는 매장,3fffcf61-5572-4e19-bf07-ec74344c9b6b,다나체형교정&필라테스 수완하남점,필라테스,하남 골목형상점가,골목형상점가,광주광역시,1.0,0.0,,,P2_GRADED_ONLY,True,,,,,
4daad2eb7b00b2c5cd30,test,치과,T2 동의어,q_치과_02,교정,건강·의료 중 '치과'를 판매·제공하는 매장,0028aa1f-32df-4fa5-b123-9a5cabf791fa,행복한치과의원,치과,산본로데오거리(구 산본중심상가),자율상권구역,경기도,3.0,3.0,,,RESOLVED_AGREEMENT,False,3,,,,
53cbd34ee7122ae714e2,test,치과,T2 동의어,q_치과_02,교정,건강·의료 중 '치과'를 판매·제공하는 매장,327684f6-e881-4426-91ae-bd0849693748,김형수건강센터,체형교정,문흥1동 골목형상점가,골목형상점가,광주광역시,0.0,0.0,,,RESOLVED_AGREEMENT,False,0,,,,
1cfba6c73487fa4229ac,test,치과,T2 동의어,q_치과_02,교정,건강·의료 중 '치과'를 판매·제공하는 매장,013192a9-d34f-4b2a-99f4-e33a2cbf1e72,서울굿모닝치과의원,치과,종촌동골목형상점가,골목형상점가,세종특별자치시,3.0,3.0,,,RESOLVED_AGREEMENT,False,3,,,,
9b40b26180647d619ea7,test,치과,T2 동의어,q_치과_02,교정,건강·의료 중 '치과'를 판매·제공하는 매장,a1ee8677-d16d-4e94-8710-f3e036bbcfce,도울원,교정,서현센트럴상점,골목형상점가,경기도,0.0,0.0,,,RESOLVED_AGREEMENT,False,0,,,,
699ab8d3b5c453486931,test,치과,T2 동의어,q_치과_02,교정,건강·의료 중 '치과'를 판매·제공하는 매장,1860996c-d575-44aa-a737-22395b993dde,앙앙,남녀용 겉옷 밑 셔츠 도매업,삼익패션타운,전통시장,서울특별시,0.0,0.0,,,RESOLVED_AGREEMENT,False,0,,,,
bf957766264c343e1a46,test,치과,T2 동의어,q_치과_02,교정,건강·의료 중 '치과'를 판매·제공하는 매장,bcff3939-3c9a-4514-a757-53df3aa5b68a,시원한 교정센터,슬링운동,일곡동 골목형상점가,골목형상점가,광주광역시,0.0,0.0,,,RESOLVED_AGREEMENT,False,0,,,,
80f256c7eac8d8789738,test,치과,T2 동의어,q_치과_02,교정,건강·의료 중 '치과'를 판매·제공하는 매장,a8b0b33d-f799-465a-b3cf-08875f87f008,드림척추교정센터,교정,빛가람 상리단길 골목형상점가,골목형상점가,전라남도,0.0,0.0,,,RESOLVED_AGREEMENT,False,0,,,,
4e91b4221945f08c521d,test,치과,T2 동의어,q_치과_02,교정,건강·의료 중 '치과'를 판매·제공하는 매장,49d08596-bfd5-4171-8455-ef55286f0edf,장터맛신,식당,완도전통시장(완도5일시장),전통시장,전라남도,0.0,0.0,,,RESOLVED_AGREEMENT,False,0,,,,
6698a006520e001bc823,test,치과,T2 동의어,q_치과_02,교정,건강·의료 중 '치과'를 판매·제공하는 매장,f5719c33-8628-406e-aca4-ca3bf21f2f6e,김현치과교정과치과의원,교정치료,산본로데오거리(구 산본중심상가),자율상권구역,경기도,2.0,3.0,,,P2_GRADED_ONLY,True,,,,,
1908ecdedb346a9f74ad,test,치과,T2 동의어,q_치과_02,교정,건강·의료 중 '치과'를 판매·제공하는 매장,e1124abe-0982-4690-8abf-f0f92d47a657,스포츠마사지 카이로교정,발관리,산본로데오거리(구 산본중심상가),자율상권구역,경기도,0.0,0.0,,,RESOLVED_AGREEMENT,False,0,,,,
d4d1e64c6e89d1101020,test,치과,T2 동의어,q_치과_02,교정,건강·의료 중 '치과'를 판매·제공하는 매장,602e8a85-52f0-4057-9cde-8bd67339bcf1,우리들아동청소년상담센터,심리상담 언어교정,누리 골목형상점가,골목형상점가,경기도,0.0,0.0,,,RESOLVED_AGREEMENT,False,0,,,,
216832fd07f02a6be2e6,test,치과,T2 동의어,q_치과_02,교정,건강·의료 중 '치과'를 판매·제공하는 매장,369f2fc8-a93c-49d6-a947-cfeeee5bc718,힐링산야초,건강기능식품 액상짜 바른자세교정,맛조이상인회 골목형상점가,골목형상점가,광주광역시,0.0,0.0,,,RESOLVED_AGREEMENT,False,0,,,,
6aa741ebd4fcdbfcdcb8,test,치과,T2 동의어,q_치과_02,교정,건강·의료 중 '치과'를 판매·제공하는 매장,391ef1d9-0ec7-4b5d-b714-9666ad3043c3,이치과의원,치아,창원 가음정시장,전통시장,경상남도,2.0,3.0,,,P2_GRADED_ONLY,True,,,,,
0391ddb833ebe2820b7b,test,치과,T2 동의어,q_치과_02,교정,건강·의료 중 '치과'를 판매·제공하는 매장,7fb76256-05d1-49a6-82c9-da9ce0146789,장어총각,민물장어,복이있는덕포시장,전통시장,부산광역시,0.0,0.0,,,RESOLVED_AGREEMENT,False,0,,,,
3fa137be1826717d1da6,test,치과,T2 동의어,q_치과_02,교정,건강·의료 중 '치과'를 판매·제공하는 매장,6652c8ab-fde4-4841-ab7c-d2b7b7b34e7a,다나체형교정&필라테스,체형교정,양산동 골목형상점가,골목형상점가,광주광역시,0.0,0.0,,,RESOLVED_AGREEMENT,False,0,,,,
ba2069aa7086b95241bd,test,치과,T2 동의어,q_치과_02,교정,건강·의료 중 '치과'를 판매·제공하는 매장,3298a5b8-27a7-464d-b58d-c255d30f0f6c,꿈꾸는 포차,한식,후평3동 행복마을 골목형상점가,골목형상점가,강원특별자치도,0.0,0.0,,,RESOLVED_AGREEMENT,False,0,,,,
f8c1e7863a346d388b8a,test,치과,T2 동의어,q_치과_02,교정,건강·의료 중 '치과'를 판매·제공하는 매장,135607e4-b86f-4ee3-8ac8-d8e69133c49a,가지런e류교정치과,치과진료 치아 교정치료,말바우시장,전통시장,광주광역시,3.0,3.0,,,RESOLVED_AGREEMENT,False,3,,,,
8ce653c3a56c4d6db5c3,test,치과,T2 동의어,q_치과_02,교정,건강·의료 중 '치과'를 판매·제공하는 매장,cce589e6-a8d4-4310-97df-6fff2764c85e,안양범계체형교정 본밸런스,운동지도,평촌1번가 상점가,자율상권구역,경기도,1.0,0.0,,,P2_GRADED_ONLY,True,,,,,
18a7a8cce808b3297e05,test,치과,T2 동의어,q_치과_02,교정,건강·의료 중 '치과'를 판매·제공하는 매장,04f73ae1-5ba3-4b7a-9168-f300168979df,연세해맑은치과,치과교정과 진료,둔산2동 골목형상점가,골목형상점가,대전광역시,3.0,3.0,,,RESOLVED_AGREEMENT,False,3,,,,
a8b73f66053ddce81f19,test,치과,T2 동의어,q_치과_02,교정,건강·의료 중 '치과'를 판매·제공하는 매장,1e5348e1-295e-4f7d-b73a-2dd2f14c1654,연세늘봄치과의원,임플란트,목동깨비시장(구 목3동시장),전통시장,서울특별시,2.0,3.0,,,P2_GRADED_ONLY,True,,,,,
43d8a68966093544ecec,test,치과,T2 동의어,q_치과_02,교정,건강·의료 중 '치과'를 판매·제공하는 매장,0ff8675c-e9fe-4b29-ad4c-5eb6fe90a350,서울온빛치과의원,치아진료서비스,목동깨비시장(구 목3동시장),전통시장,서울특별시,2.0,3.0,,,P2_GRADED_ONLY,True,,,,,
ce4697c7b1f9ecf0f2be,test,치과,T2 동의어,q_치과_02,교정,건강·의료 중 '치과'를 판매·제공하는 매장,157eca1f-71be-4dd7-9a14-5792630fe876,약손명가에스테틱광주서구점,체형교정,신세계앞상인회 골목형상점가,골목형상점가,광주광역시,0.0,0.0,,,RESOLVED_AGREEMENT,False,0,,,,
436d3f2f7fa8eb3ae6b0,test,치과,T2 동의어,q_치과_02,교정,건강·의료 중 '치과'를 판매·제공하는 매장,03f4ec7f-78d2-4184-8295-c29af668d98d,모세대리점(알즈너),발교정구,양양로 골목형상점가,골목형상점가,강원특별자치도,0.0,0.0,,,RESOLVED_AGREEMENT,False,0,,,,
aced22904d3b7ee600c2,test,치과,T2 동의어,q_치과_02,교정,건강·의료 중 '치과'를 판매·제공하는 매장,6c4a7709-440a-4cff-b0f3-5467a8891dd9,송진명치과교정과치과의원,교정치료,매곡 큰길 골목형상점가,골목형상점가,광주광역시,2.0,3.0,,,P2_GRADED_ONLY,True,,,,,
4eca3e1472bbae8f89cf,test,치과,T2 동의어,q_치과_02,교정,건강·의료 중 '치과'를 판매·제공하는 매장,49d50a01-c5e9-42c7-8a05-4d8e5059bbcb,레푸스과천중앙점&오블리뷰티,레픽스 및 교정기,과천중앙동상점가,자율상권구역,경기도,0.0,0.0,,,RESOLVED_AGREEMENT,False,0,,,,
d18575cb27734f308611,test,치과,T2 동의어,q_치과_02,교정,건강·의료 중 '치과'를 판매·제공하는 매장,000d633c-e5d5-4ab7-afea-88785b1eda92,e클린치과의원,치과,상암마을상인회 골목형상점가,골목형상점가,광주광역시,3.0,3.0,,,RESOLVED_AGREEMENT,False,3,,,,
12934d38aabfb3e70b42,test,치과,T2 동의어,q_치과_02,교정,건강·의료 중 '치과'를 판매·제공하는 매장,8cbc7dfa-1ea3-4910-bd6b-c1d5b9c5339f,장이문 치과 교정과 치과 의원,의료서비스,풍암벚꽃길상인회 골목형상점가,골목형상점가,광주광역시,2.0,3.0,,,P2_GRADED_ONLY,True,,,,,
c9f31db79f352808829a,test,치과,T2 동의어,q_치과_02,교정,건강·의료 중 '치과'를 판매·제공하는 매장,3c79fe39-faa0-4c5d-b183-26981ead7bfd,세종체형교정(바르다),서비스업,고운동상점가,자율상권구역,세종특별자치시,1.0,0.0,,,P2_GRADED_ONLY,True,,,,,
193be0bef29da3c26279,test,치과,T2 동의어,q_치과_02,교정,건강·의료 중 '치과'를 판매·제공하는 매장,9eb510eb-3195-4f96-ab12-12f503e25a56,천광석교정침대,교정침대,춘천동부시장,전통시장,강원특별자치도,0.0,0.0,,,RESOLVED_AGREEMENT,False,0,,,,
4b3e81f6b191a6e88fde,test,치과,T2 동의어,q_치과_02,교정,건강·의료 중 '치과'를 판매·제공하는 매장,ac6072ef-09c2-4ad8-b9e6-8a787f6c63cc,금강수산,생선,부안상설시장,전통시장,전북특별자치도,0.0,0.0,,,RESOLVED_AGREEMENT,False,0,,,,
11603e74cf0ae9f2fd08,test,치과,T2 동의어,q_치과_02,교정,건강·의료 중 '치과'를 판매·제공하는 매장,2db612f3-89c9-449a-97dc-3bb910543e6b,리바디재활운동센터,교정운동,문흥1동 골목형상점가,골목형상점가,광주광역시,0.0,0.0,,,RESOLVED_AGREEMENT,False,0,,,,
ff60d530aa5bddb51748,test,치과,T2 동의어,q_치과_02,교정,건강·의료 중 '치과'를 판매·제공하는 매장,4bcca7bd-b1f9-471b-88ad-e84c6745214f,다산센트럴치과 교정치과 의원,치과의원,다산역 로데오 상점가,자율상권구역,경기도,3.0,3.0,,,RESOLVED_AGREEMENT,False,3,,,,
054ae934faa5d4b2a35a,test,치과,T2 동의어,q_치과_02,교정,건강·의료 중 '치과'를 판매·제공하는 매장,275646ee-9cd2-4d7a-8447-d065f37c7d71,봉선e치과의원,임플란트 등,봉선로1 골목형상점가,골목형상점가,광주광역시,2.0,3.0,,,P2_GRADED_ONLY,True,,,,,
7443fcc9efb211c54361,test,치과,T2 동의어,q_치과_02,교정,건강·의료 중 '치과'를 판매·제공하는 매장,5cf20ca2-ab39-45af-bb70-2772d4bb438e,러브미치과,보존보철임플란트교정,두암3동 먹자골목 골목형상점가,골목형상점가,광주광역시,2.0,3.0,,,P2_GRADED_ONLY,True,,,,,
e92d0e32d180a3d7185d,test,치과,T2 동의어,q_치과_02,교정,건강·의료 중 '치과'를 판매·제공하는 매장,838dffc5-d5dc-4894-92ea-a48db3e81b8f,치키치키통닭,한식(치킨 등),거창 가조상점가거리,골목형상점가,경상남도,0.0,0.0,,,RESOLVED_AGREEMENT,False,0,,,,
83fe4b211855bd21da90,test,치과,T2 동의어,q_치과_02,교정,건강·의료 중 '치과'를 판매·제공하는 매장,e8e68ef7-01a0-4d05-a873-2e77b13ed6cd,해피바른체형원,체형관리 교정기,달서시장,전통시장,대구광역시,0.0,0.0,,,RESOLVED_AGREEMENT,False,0,,,,
95871c5c281796df6c38,test,치과,T2 동의어,q_치과_02,교정,건강·의료 중 '치과'를 판매·제공하는 매장,0002538c-b8d9-4911-81c7-966789036b09,빛고을 치과의원,의원,세은 골목형상점가,골목형상점가,광주광역시,2.0,3.0,,,P2_GRADED_ONLY,True,,,,,
92c139c2249e39d239fc,test,치과,T2 동의어,q_치과_02,교정,건강·의료 중 '치과'를 판매·제공하는 매장,725126a6-5b92-4a3d-8886-7724ad6a3605,바디온,체형교정,동성타워프라자,전통시장,서울특별시,0.0,0.0,,,RESOLVED_AGREEMENT,False,0,,,,
2d31b84fba9328f58cca,test,치과,T2 동의어,q_치과_02,교정,건강·의료 중 '치과'를 판매·제공하는 매장,331fd695-a9e8-4942-a9d8-1504eae5d122,서울방송스피치아카데미학원,,왕십리도선동상점가,자율상권구역,서울특별시,2.0,0.0,,,P1_BINARY_THRESHOLD,True,,,,,
d30ce6053e3f2808750b,test,치과,T2 동의어,q_치과_02,교정,건강·의료 중 '치과'를 판매·제공하는 매장,ade66423-a03f-47d6-9455-d89e1b1a8b59,해와달치과의원,임플란트 교정 치과,나주혁신도시 골목형상점가,골목형상점가,전라남도,3.0,3.0,,,RESOLVED_AGREEMENT,False,3,,,,
58a4e9a8e9fb4cc18fea,test,치과,T2 동의어,q_치과_02,교정,건강·의료 중 '치과'를 판매·제공하는 매장,6d11cea8-2130-48ef-a0d3-a20ee20fde70,오복어린이치과,구강검진 및 치과진료 교정진료,수영 골목형상점가,골목형상점가,광주광역시,3.0,3.0,,,RESOLVED_AGREEMENT,False,3,,,,
fc1dd641f41218fa0e6b,test,치과,T2 동의어,q_치과_02,교정,건강·의료 중 '치과'를 판매·제공하는 매장,4c401485-e403-4125-aa27-4dad5cc874a7,예덕힐링원,"체형교정 서비스, 안마기",나주 대호동 골목형상점가,골목형상점가,전라남도,0.0,0.0,,,RESOLVED_AGREEMENT,False,0,,,,
69f5637a642e74863abf,test,치과,T2 동의어,q_치과_02,교정,건강·의료 중 '치과'를 판매·제공하는 매장,2ca498c2-a0bd-4a3e-8ba9-a960c280540a,봉선연합치과,"임플란트, 매복사랑니 발치, 보철, 스케일링, 치과진료",대남대로181번길 골목형상점가,골목형상점가,광주광역시,3.0,3.0,,,RESOLVED_AGREEMENT,False,3,,,,
ce61d259a4695a773b47,test,치과,T2 동의어,q_치과_02,교정,건강·의료 중 '치과'를 판매·제공하는 매장,0098c5ef-1296-4b66-899d-68dbda7cb659,연세감동치과,치과,새샘하루 골목형상점가,골목형상점가,세종특별자치시,3.0,3.0,,,RESOLVED_AGREEMENT,False,3,,,,
eee45839bfd249da1a1e,test,치과,T2 동의어,q_치과_02,교정,건강·의료 중 '치과'를 판매·제공하는 매장,10620bc2-916b-4e49-ab76-c8e662fb7d40,첨단교정,자세교정,임방울대로 골목형상점가,골목형상점가,광주광역시,0.0,0.0,,,RESOLVED_AGREEMENT,False,0,,,,
36a70dc00ba05bb89738,test,치과,T2 동의어,q_치과_02,교정,건강·의료 중 '치과'를 판매·제공하는 매장,465bf4b2-dfc8-479c-b28f-5407842c4927,믿음치과,임플란트 틀니 교정 보철치료,신가아름마을,골목형상점가,광주광역시,2.0,3.0,,,P2_GRADED_ONLY,True,,,,,
dbd549e322622a1eb195,test,치과,T2 동의어,q_치과_02,교정,건강·의료 중 '치과'를 판매·제공하는 매장,12d70cab-dd08-4a43-ae9a-1b4e9fd06e0e,바루다,체형 자세교정 화장품 피부미용업,봉곡우전로 골목형상점가,골목형상점가,전북특별자치도,0.0,0.0,,,RESOLVED_AGREEMENT,False,0,,,,
e5d669ca0db90a47524b,test,치과,T2 동의어,q_치과_03,임플란트,건강·의료 중 '치과'를 판매·제공하는 매장,46969eef-c5c1-4d24-892c-a5c879832bb2,365 산본 플란트 치과,의료,산본로데오거리(구 산본중심상가),자율상권구역,경기도,2.0,3.0,,,P2_GRADED_ONLY,True,,,,,
3d8d40439f8ed1ec0615,test,치과,T2 동의어,q_치과_03,임플란트,건강·의료 중 '치과'를 판매·제공하는 매장,0002538c-b8d9-4911-81c7-966789036b09,빛고을 치과의원,의원,세은 골목형상점가,골목형상점가,광주광역시,2.0,3.0,,,P2_GRADED_ONLY,True,,,,,
7626cdb72c8f80a20c4c,test,치과,T2 동의어,q_치과_03,임플란트,건강·의료 중 '치과'를 판매·제공하는 매장,0028aa1f-32df-4fa5-b123-9a5cabf791fa,행복한치과의원,치과,산본로데오거리(구 산본중심상가),자율상권구역,경기도,3.0,3.0,,,RESOLVED_AGREEMENT,False,3,,,,
6677d427d6caa3ef3564,test,치과,T2 동의어,q_치과_03,임플란트,건강·의료 중 '치과'를 판매·제공하는 매장,10620bc2-916b-4e49-ab76-c8e662fb7d40,첨단교정,자세교정,임방울대로 골목형상점가,골목형상점가,광주광역시,0.0,0.0,,,RESOLVED_AGREEMENT,False,0,,,,
5c32d29a962a4545650a,test,치과,T2 동의어,q_치과_03,임플란트,건강·의료 중 '치과'를 판매·제공하는 매장,275646ee-9cd2-4d7a-8447-d065f37c7d71,봉선e치과의원,임플란트 등,봉선로1 골목형상점가,골목형상점가,광주광역시,3.0,3.0,,,RESOLVED_AGREEMENT,False,3,,,,
3943fd3f7a6f775c0306,test,치과,T2 동의어,q_치과_03,임플란트,건강·의료 중 '치과'를 판매·제공하는 매장,9c77d5a6-83d3-4247-b2b8-93ce1151b848,탑플란트치과,치과의원,군산수송 골목형상점가,골목형상점가,전북특별자치도,3.0,3.0,,,RESOLVED_AGREEMENT,False,3,,,,
a731948f26dce8f20496,test,치과,T2 동의어,q_치과_03,임플란트,건강·의료 중 '치과'를 판매·제공하는 매장,507c364a-05cd-47a5-b19a-720c2f8cc4b0,인서현치과,"일반 치과 진료, 임플란트, 교정, 스케일링, 틀니",별내별가람역상점가,골목형상점가,경기도,3.0,3.0,,,RESOLVED_AGREEMENT,False,3,,,,
8ac7840d4c05eb825828,test,치과,T2 동의어,q_치과_03,임플란트,건강·의료 중 '치과'를 판매·제공하는 매장,5e3a5bc2-1933-4efd-9fb9-00b7def6b3e7,동반웰빙,의료기기 휠첼어 보행기 에어매트,동운초 골목형상점가,골목형상점가,광주광역시,1.0,1.0,,,RESOLVED_AGREEMENT,False,1,,,,
ee28ddb74ec39d5a5d06,test,치과,T2 동의어,q_치과_03,임플란트,건강·의료 중 '치과'를 판매·제공하는 매장,f6275dd3-2860-4576-8772-5e137f03f242,대복식당,일반음식,충주자유시장,전통시장,충청북도,0.0,0.0,,,RESOLVED_AGREEMENT,False,0,,,,
0cf7be00162e2abc7786,test,치과,T2 동의어,q_치과_03,임플란트,건강·의료 중 '치과'를 판매·제공하는 매장,20c4cf39-dc98-4781-8991-6f4d04a52d69,아름드리 치과,치아치료,희담길,골목형상점가,광주광역시,2.0,3.0,,,P2_GRADED_ONLY,True,,,,,
5eb9b93345f0ce0cc857,test,치과,T2 동의어,q_치과_03,임플란트,건강·의료 중 '치과'를 판매·제공하는 매장,000d633c-e5d5-4ab7-afea-88785b1eda92,e클린치과의원,치과,상암마을상인회 골목형상점가,골목형상점가,광주광역시,3.0,3.0,,,RESOLVED_AGREEMENT,False,3,,,,
62ffaa8e03b6572299b9,test,치과,T2 동의어,q_치과_03,임플란트,건강·의료 중 '치과'를 판매·제공하는 매장,640042a2-11e1-4feb-83b9-ee0316be0202,올봄플란트 치과,치과의료,병점중심상가,자율상권구역,경기도,3.0,3.0,,,RESOLVED_AGREEMENT,False,3,,,,
07d3c6ebf7c73e664d54,test,치과,T2 동의어,q_치과_03,임플란트,건강·의료 중 '치과'를 판매·제공하는 매장,ff3dbb55-d2e2-4985-9f4f-2f54a2c000e8,뉴욕플란트 치과,치과,남양주장현전통시장,전통시장,경기도,3.0,3.0,,,RESOLVED_AGREEMENT,False,3,,,,
d5f4ba1c496a61904bfc,test,치과,T2 동의어,q_치과_03,임플란트,건강·의료 중 '치과'를 판매·제공하는 매장,45e37586-1720-4036-ade2-4d9b4b297ca7,피자마루 우정점,피자,우정선경상가,골목형상점가,울산광역시,0.0,0.0,,,RESOLVED_AGREEMENT,False,0,,,,
1211163d610f06622fc9,test,치과,T2 동의어,q_치과_03,임플란트,건강·의료 중 '치과'를 판매·제공하는 매장,04f73ae1-5ba3-4b7a-9168-f300168979df,연세해맑은치과,치과교정과 진료,둔산2동 골목형상점가,골목형상점가,대전광역시,3.0,3.0,,,RESOLVED_AGREEMENT,False,3,,,,
f3275da117156b6fb7e2,test,치과,T2 동의어,q_치과_03,임플란트,건강·의료 중 '치과'를 판매·제공하는 매장,1ad75cec-f753-4960-9363-65673757420b,진플란트치과의원,치과의원,청당2번가 골목형상점가,골목형상점가,충청남도,3.0,3.0,,,RESOLVED_AGREEMENT,False,3,,,,
346631d00c175797fedd,test,치과,T2 동의어,q_치과_03,임플란트,건강·의료 중 '치과'를 판매·제공하는 매장,54888ec5-16f4-48cb-acfe-609c467b98ef,대원플란트치과,치과,장성읍 골목형상점가,골목형상점가,전라남도,3.0,3.0,,,RESOLVED_AGREEMENT,False,3,,,,
b02a0b9c8cce01684005,test,치과,T2 동의어,q_치과_03,임플란트,건강·의료 중 '치과'를 판매·제공하는 매장,f266262a-d062-4707-9b13-20d94484e399,탑플란트치과 의원,치과,본치평상인회 골목형상점가,골목형상점가,광주광역시,3.0,3.0,,,RESOLVED_AGREEMENT,False,3,,,,
7b9084a85225d671ece8,test,치과,T2 동의어,q_치과_03,임플란트,건강·의료 중 '치과'를 판매·제공하는 매장,138d6908-26b4-4edb-bf04-ec26aec2c7d5,심플란트치과,치과의원,시화유통상가,전통시장,경기도,3.0,3.0,,,RESOLVED_AGREEMENT,False,3,,,,
28b0ef6368b747585b57,test,치과,T2 동의어,q_치과_03,임플란트,건강·의료 중 '치과'를 판매·제공하는 매장,d00ab911-1e29-46a9-b0e9-ae6bf67321e5,수플란트 치과,치과 의료,송촌동상점가,자율상권구역,대전광역시,3.0,3.0,,,RESOLVED_AGREEMENT,False,3,,,,
d557cb826e10314c36a7,test,치과,T2 동의어,q_치과_03,임플란트,건강·의료 중 '치과'를 판매·제공하는 매장,8ab9290e-3fac-4bfa-a1f9-a03dbcf78fd8,정읍종로치과,임플란트,정읍연지상점가,자율상권구역,전북특별자치도,3.0,3.0,,,RESOLVED_AGREEMENT,False,3,,,,
e9dc033a51e31d4e4c8c,test,치과,T2 동의어,q_치과_03,임플란트,건강·의료 중 '치과'를 판매·제공하는 매장,1fcc8aa4-70db-47bd-856a-67eed160aaa4,미래플란트치과,치과,산본로데오거리(구 산본중심상가),자율상권구역,경기도,3.0,3.0,,,RESOLVED_AGREEMENT,False,3,,,,
866273cfad77f43e863f,test,치과,T2 동의어,q_치과_03,임플란트,건강·의료 중 '치과'를 판매·제공하는 매장,1013504c-b2d6-4091-8cc1-15eecee0aeff,그래비티코어,운동재활 체형교정,유천택지올림픽길골목형상점가,골목형상점가,강원특별자치도,0.0,0.0,,,RESOLVED_AGREEMENT,False,0,,,,
addd95f2a162b54e6804,test,치과,T2 동의어,q_치과_03,임플란트,건강·의료 중 '치과'를 판매·제공하는 매장,09fa8ef3-9d94-42b9-8c74-d09a8e6f1428,송도이턱플란트치과,치과,송도 타임스페이스 골목형상점가,골목형상점가,인천광역시,3.0,3.0,,,RESOLVED_AGREEMENT,False,3,,,,
7bd1eba748f76fa4f272,test,치과,T2 동의어,q_치과_03,임플란트,건강·의료 중 '치과'를 판매·제공하는 매장,86ddd3a6-557a-49f9-8ea2-0f520c55b844,총각네고깃간,,일곡동(제1지역:자연마을 일동초 거리) 골목형상점가,골목형상점가,,0.0,0.0,,,RESOLVED_AGREEMENT,False,0,,,,
57f053d1ef2d1008da93,test,치과,T2 동의어,q_치과_03,임플란트,건강·의료 중 '치과'를 판매·제공하는 매장,0098c5ef-1296-4b66-899d-68dbda7cb659,연세감동치과,치과,새샘하루 골목형상점가,골목형상점가,세종특별자치시,3.0,3.0,,,RESOLVED_AGREEMENT,False,3,,,,
b283b1873cc2547e1653,test,치과,T2 동의어,q_치과_03,임플란트,건강·의료 중 '치과'를 판매·제공하는 매장,6e2859a7-efe5-43a9-a47e-310b6d5b9387,세종플란트치과,의료,나성동 소방청 골목형상점가,골목형상점가,세종특별자치시,2.0,3.0,,,P2_GRADED_ONLY,True,,,,,
3bf324357ae31a1d340b,test,치과,T2 동의어,q_치과_03,임플란트,건강·의료 중 '치과'를 판매·제공하는 매장,e9b23797-dc40-4bda-8954-c9fb7ed8bd3c,정담플란트 치과의원,치과진료,나주혁신도시 골목형상점가,골목형상점가,전라남도,3.0,3.0,,,RESOLVED_AGREEMENT,False,3,,,,
88e57f1c4adaac2887cf,test,치과,T2 동의어,q_치과_03,임플란트,건강·의료 중 '치과'를 판매·제공하는 매장,b534b8e4-b087-46a7-a480-ffb891905cf9,케이커,"케이크, 커피",목포원도심상점가,자율상권구역,전라남도,0.0,0.0,,,RESOLVED_AGREEMENT,False,0,,,,
a5b110744ef827418739,test,치과,T2 동의어,q_치과_03,임플란트,건강·의료 중 '치과'를 판매·제공하는 매장,380daef5-8765-43ad-b3a4-1b3706479af6,달란트,의류,마산 대동씨코아상가시장,전통시장,경상남도,0.0,0.0,,,RESOLVED_AGREEMENT,False,0,,,,
625ad538030e1f5bb26d,test,치과,T2 동의어,q_치과_03,임플란트,건강·의료 중 '치과'를 판매·제공하는 매장,d02e6845-64a6-40d2-aa31-67582c27cf0a,레지나(REGINA),미용실,일곡동 골목형상점가,골목형상점가,광주광역시,0.0,0.0,,,RESOLVED_AGREEMENT,False,0,,,,
3753a91999ad5234dab8,test,치과,T2 동의어,q_치과_03,임플란트,건강·의료 중 '치과'를 판매·제공하는 매장,2191178d-6946-45f7-9663-a7c371a6e9ff,이지플란트 치과,치과의원,동천동먹자골목2번가상인회 골목형상점가,골목형상점가,광주광역시,3.0,3.0,,,RESOLVED_AGREEMENT,False,3,,,,
1a83f77a3c14d0b3062a,test,치과,T2 동의어,q_치과_03,임플란트,건강·의료 중 '치과'를 판매·제공하는 매장,e3df56e7-f783-47c9-9895-9f2059d66b1a,명문플란트치과의원,치과,남평 강변도시 골목형상점가,골목형상점가,전라남도,3.0,3.0,,,RESOLVED_AGREEMENT,False,3,,,,
ab0a1d3cc735904eebcf,test,치과,T2 동의어,q_치과_03,임플란트,건강·의료 중 '치과'를 판매·제공하는 매장,6274c561-39a7-49d7-803f-9f498d069559,퍼스트플란트치과,차과,황계 골목형상점가,골목형상점가,광주광역시,2.0,3.0,,,P2_GRADED_ONLY,True,,,,,
02c3feaec7b2fa82abd0,test,치과,T2 동의어,q_치과_03,임플란트,건강·의료 중 '치과'를 판매·제공하는 매장,4cbe94f8-8eef-4a1d-86d3-3e6c28087eab,단단플란트치과의원,치과용품,남현동예술인마을골목형상점가,골목형상점가,서울특별시,3.0,3.0,,,RESOLVED_AGREEMENT,False,3,,,,
cf106e4663b241d807b2,test,치과,T2 동의어,q_치과_03,임플란트,건강·의료 중 '치과'를 판매·제공하는 매장,90840411-e08f-470b-95f2-9283893b1710,인천감동플란트치과,치과의원,인천모래내전통시장,전통시장,인천광역시,3.0,3.0,,,RESOLVED_AGREEMENT,False,3,,,,
fe630919eb9f674f16d3,test,치과,T2 동의어,q_치과_03,임플란트,건강·의료 중 '치과'를 판매·제공하는 매장,3de6b61a-060a-4eeb-a6f5-2b73bf2317af,다은치과의원,"크라운, 임플란트 등",문화1동 골목형상점가,골목형상점가,대전광역시,3.0,3.0,,,RESOLVED_AGREEMENT,False,3,,,,
7f8ee72d6b3dc3143876,test,치과,T2 동의어,q_치과_03,임플란트,건강·의료 중 '치과'를 판매·제공하는 매장,ade66423-a03f-47d6-9455-d89e1b1a8b59,해와달치과의원,임플란트 교정 치과,나주혁신도시 골목형상점가,골목형상점가,전라남도,3.0,3.0,,,RESOLVED_AGREEMENT,False,3,,,,
5c4a3058d87f788c3ebe,test,치과,T2 동의어,q_치과_03,임플란트,건강·의료 중 '치과'를 판매·제공하는 매장,e363f048-3fda-4018-ab0c-24033d1247fe,권플란트치과,치과의원,풍암벚꽃길상인회 골목형상점가,골목형상점가,광주광역시,3.0,3.0,,,RESOLVED_AGREEMENT,False,3,,,,
a963f4dacd9c3967400b,test,치과,T2 동의어,q_치과_03,임플란트,건강·의료 중 '치과'를 판매·제공하는 매장,6daef51e-6c04-466a-b7b4-a7f1e0b34213,대현식품,젓갈류,울산농수산물도매시장 청과소매동,골목형상점가,울산광역시,0.0,0.0,,,RESOLVED_AGREEMENT,False,0,,,,
64bf033f2aa4070e47aa,test,치과,T2 동의어,q_치과_03,임플란트,건강·의료 중 '치과'를 판매·제공하는 매장,35b292b7-41a1-4298-9684-62ee61bdfee4,아삭플란트치과,치과,상무평화상인회 골목형상점가,골목형상점가,광주광역시,3.0,3.0,,,RESOLVED_AGREEMENT,False,3,,,,
b6b18656e6002b222eb2,test,치과,T2 동의어,q_치과_03,임플란트,건강·의료 중 '치과'를 판매·제공하는 매장,2ca498c2-a0bd-4a3e-8ba9-a960c280540a,봉선연합치과,"임플란트, 매복사랑니 발치, 보철, 스케일링, 치과진료",대남대로181번길 골목형상점가,골목형상점가,광주광역시,3.0,3.0,,,RESOLVED_AGREEMENT,False,3,,,,
aee7bb181ba0dad5b6fa,test,치과,T2 동의어,q_치과_03,임플란트,건강·의료 중 '치과'를 판매·제공하는 매장,013192a9-d34f-4b2a-99f4-e33a2cbf1e72,서울굿모닝치과의원,치과,종촌동골목형상점가,골목형상점가,세종특별자치시,3.0,3.0,,,RESOLVED_AGREEMENT,False,3,,,,
fc969f90875c10f98f0e,test,치과,T2 동의어,q_치과_03,임플란트,건강·의료 중 '치과'를 판매·제공하는 매장,7b58eb90-37cd-4859-960d-e42dacaf534e,메타플란트치과의원,보건업,운암 예술 골목형상점가,골목형상점가,광주광역시,2.0,3.0,,,P2_GRADED_ONLY,True,,,,,
8fbb9de03d1534f021e4,test,치과,T2 동의어,q_치과_03,임플란트,건강·의료 중 '치과'를 판매·제공하는 매장,9570103a-a477-40d1-a7dd-fb02564bbeee,인플란트치과의원,의료,성덕중사거리,골목형상점가,광주광역시,2.0,3.0,,,P2_GRADED_ONLY,True,,,,,
3ed0ac7b4f457a4597ec,test,치과,T2 동의어,q_치과_03,임플란트,건강·의료 중 '치과'를 판매·제공하는 매장,3b58df7e-3112-4c9d-97a4-b29468f9f9ad,완플란트치과의원,치과,치평상무역상인회 골목형상점가,골목형상점가,광주광역시,3.0,3.0,,,RESOLVED_AGREEMENT,False,3,,,,
e485f014626382ed2596,test,치과,T2 동의어,q_치과_03,임플란트,건강·의료 중 '치과'를 판매·제공하는 매장,03f4ec7f-78d2-4184-8295-c29af668d98d,모세대리점(알즈너),발교정구,양양로 골목형상점가,골목형상점가,강원특별자치도,0.0,0.0,,,RESOLVED_AGREEMENT,False,0,,,,
46987f81c46b805edbf1,test,치과,T2 동의어,q_치과_03,임플란트,건강·의료 중 '치과'를 판매·제공하는 매장,331fd695-a9e8-4942-a9d8-1504eae5d122,서울방송스피치아카데미학원,,왕십리도선동상점가,자율상권구역,서울특별시,2.0,0.0,,,P1_BINARY_THRESHOLD,True,,,,,
934a3fe2617e9ef0ce95,test,치과,T2 동의어,q_치과_03,임플란트,건강·의료 중 '치과'를 판매·제공하는 매장,465bf4b2-dfc8-479c-b28f-5407842c4927,믿음치과,임플란트 틀니 교정 보철치료,신가아름마을,골목형상점가,광주광역시,3.0,3.0,,,RESOLVED_AGREEMENT,False,3,,,,
a9fc0d0351b8786d1cec,test,치과,T2 동의어,q_치과_03,임플란트,건강·의료 중 '치과'를 판매·제공하는 매장,0ff8675c-e9fe-4b29-ad4c-5eb6fe90a350,서울온빛치과의원,치아진료서비스,목동깨비시장(구 목3동시장),전통시장,서울특별시,2.0,3.0,,,P2_GRADED_ONLY,True,,,,,
b6f11e9f24a058d3a82f,test,치과,T2 동의어,q_치과_03,임플란트,건강·의료 중 '치과'를 판매·제공하는 매장,ed279a76-d55c-4f3d-8658-d9231c0f8772,함께웃는치과의원,임플란트,염주B상인회 골목형상점가,골목형상점가,광주광역시,3.0,3.0,,,RESOLVED_AGREEMENT,False,3,,,,
5b022209f2007cd74f11,test,치과,T2 동의어,q_치과_03,임플란트,건강·의료 중 '치과'를 판매·제공하는 매장,e64f73e4-5986-45e3-8706-3a77427c8b52,감성플란트치과,의료,임동 골목형상점가,골목형상점가,광주광역시,2.0,3.0,,,P2_GRADED_ONLY,True,,,,,
92e753adaa4ca90a8a01,test,치과,T2 동의어,q_치과_03,임플란트,건강·의료 중 '치과'를 판매·제공하는 매장,5c265e5e-e1a4-4169-8608-026b16e392df,진플란트치과의원,의료,청당2번가 골목형상점가,골목형상점가,충청남도,2.0,3.0,,,P2_GRADED_ONLY,True,,,,,
d140e795fd9f513419eb,test,치과,T2 동의어,q_치과_03,임플란트,건강·의료 중 '치과'를 판매·제공하는 매장,a4e04e15-e180-45bd-b432-b2308ba16e9b,양플란트치과의원,치과,구성언남 골목형상점가,골목형상점가,경기도,3.0,3.0,,,RESOLVED_AGREEMENT,False,3,,,,
cae6ffb740cbaff86b07,test,치과,T2 동의어,q_치과_03,임플란트,건강·의료 중 '치과'를 판매·제공하는 매장,5cf20ca2-ab39-45af-bb70-2772d4bb438e,러브미치과,보존보철임플란트교정,두암3동 먹자골목 골목형상점가,골목형상점가,광주광역시,3.0,3.0,,,RESOLVED_AGREEMENT,False,3,,,,
859582bee68e57489147,test,치과,T2 동의어,q_치과_03,임플란트,건강·의료 중 '치과'를 판매·제공하는 매장,1e5348e1-295e-4f7d-b73a-2dd2f14c1654,연세늘봄치과의원,임플란트,목동깨비시장(구 목3동시장),전통시장,서울특별시,3.0,3.0,,,RESOLVED_AGREEMENT,False,3,,,,
ba22b219c8d083e99cee,test,치과,T2 동의어,q_치과_03,임플란트,건강·의료 중 '치과'를 판매·제공하는 매장,ba924bbe-9088-49de-990a-7338423041de,베스트필치과,스케일링 충치치료 보철치료 신경치료 잇몸치료 사랑니발치 임플란트,서문대로704번길 골목형상점가,골목형상점가,광주광역시,3.0,3.0,,,RESOLVED_AGREEMENT,False,3,,,,
790a2cf5264f8317fd4a,test,치과,T2 동의어,q_치과_03,임플란트,건강·의료 중 '치과'를 판매·제공하는 매장,391ef1d9-0ec7-4b5d-b714-9666ad3043c3,이치과의원,치아,창원 가음정시장,전통시장,경상남도,2.0,3.0,,,P2_GRADED_ONLY,True,,,,,
40b342b0ab1cea697fbd,test,치과,T2 동의어,q_치과_03,임플란트,건강·의료 중 '치과'를 판매·제공하는 매장,0a1a14d8-f92a-433d-bb79-64d059dc39ae,아파유,체형교정 및 교육,해밀동 골목형상점가,골목형상점가,세종특별자치시,0.0,0.0,,,RESOLVED_AGREEMENT,False,0,,,,
d53754c8d107a3806337,test,치과,T2 동의어,q_치과_03,임플란트,건강·의료 중 '치과'를 판매·제공하는 매장,ae3c8315-dfbe-4f3e-b80d-e3959eda1d5f,정성플란트치과,치과의원,원미종합시장,전통시장,경기도,3.0,3.0,,,RESOLVED_AGREEMENT,False,3,,,,
3fdbae151077b20b0088,test,치과,T2 동의어,q_치과_03,임플란트,건강·의료 중 '치과'를 판매·제공하는 매장,818dd3d2-835a-4764-8894-75fb42e80186,휴플란트치과의원,치과,계림2동발전 골목형상점가,골목형상점가,광주광역시,3.0,3.0,,,RESOLVED_AGREEMENT,False,3,,,,
37db252368c57b7965f4,test,치과,T2 동의어,q_치과_03,임플란트,건강·의료 중 '치과'를 판매·제공하는 매장,135607e4-b86f-4ee3-8ac8-d8e69133c49a,가지런e류교정치과,치과진료 치아 교정치료,말바우시장,전통시장,광주광역시,3.0,3.0,,,RESOLVED_AGREEMENT,False,3,,,,
41040c0ba8a936275901,test,치과,T2 동의어,q_치과_03,임플란트,건강·의료 중 '치과'를 판매·제공하는 매장,00fdab59-58f8-4c63-8765-30cb59a78156,도안프라임치과의원,치과진료,목원대 골목형상점가,골목형상점가,대전광역시,3.0,3.0,,,RESOLVED_AGREEMENT,False,3,,,,
3c617709d5d82d6e249c,test,치과,T2 동의어,q_치과_03,임플란트,건강·의료 중 '치과'를 판매·제공하는 매장,a67510dc-afdb-4369-8c41-3d53f986f882,배터진 뚱돼지 천안본점,고기,두정동상점가,자율상권구역,충청남도,0.0,0.0,,,RESOLVED_AGREEMENT,False,0,,,,
27d15cece4da410234d6,test,치과,T2 동의어,q_치과_03,임플란트,건강·의료 중 '치과'를 판매·제공하는 매장,61d63525-f635-49e3-9157-cfc37f0bf97e,임플러스치과,치과의원,노대물빛근린공원 골목형상점가,골목형상점가,광주광역시,3.0,3.0,,,RESOLVED_AGREEMENT,False,3,,,,
29626be9de1f01b83c1a,test,치과,T2 동의어,q_치과_03,임플란트,건강·의료 중 '치과'를 판매·제공하는 매장,1ce0cff3-7771-42df-b3b9-405d44e72ad0,지플란트 치과의원,치과,우산무역 골목형상점가,골목형상점가,광주광역시,3.0,3.0,,,RESOLVED_AGREEMENT,False,3,,,,
cf9394cd99cf9dce580d,test,치과,T2 동의어,q_치과_04,치과의원,건강·의료 중 '치과'를 판매·제공하는 매장,0399746e-1ab7-4812-bb7e-4be109acbf2a,착한고기,정육,풍납시장,전통시장,서울특별시,0.0,0.0,,,RESOLVED_AGREEMENT,False,0,,,,
302a8462d1a543d6d07f,test,치과,T2 동의어,q_치과_04,치과의원,건강·의료 중 '치과'를 판매·제공하는 매장,3de6b61a-060a-4eeb-a6f5-2b73bf2317af,다은치과의원,"크라운, 임플란트 등",문화1동 골목형상점가,골목형상점가,대전광역시,3.0,3.0,,,RESOLVED_AGREEMENT,False,3,,,,
0e1ae19a377032bae8a1,test,치과,T2 동의어,q_치과_04,치과의원,건강·의료 중 '치과'를 판매·제공하는 매장,af1c0f27-53a5-4e42-aa70-8e9ab13f3608,옥과치과의원,치과의원,옥과설산골목형상점가,골목형상점가,전라남도,3.0,3.0,,,RESOLVED_AGREEMENT,False,3,,,,
b018a2acc115bf13075f,test,치과,T2 동의어,q_치과_04,치과의원,건강·의료 중 '치과'를 판매·제공하는 매장,6fe4bb7d-ac71-4921-8f2e-4794464358d5,금아치과의원,치과의원,보라매다올길골목형상점가,골목형상점가,서울특별시,3.0,3.0,,,RESOLVED_AGREEMENT,False,3,,,,
902c6541cc941b6d9ff4,test,치과,T2 동의어,q_치과_04,치과의원,건강·의료 중 '치과'를 판매·제공하는 매장,87ec1fe1-c329-43ad-bd36-ad2b1ae6b95c,이야기 치과의원,치과의원,포수말 골목형상점가,골목형상점가,서울특별시,3.0,3.0,,,RESOLVED_AGREEMENT,False,3,,,,
6e002d96923f4574ea8b,test,치과,T2 동의어,q_치과_04,치과의원,건강·의료 중 '치과'를 판매·제공하는 매장,7162b252-36f5-479f-bb93-1a01594d1d0b,민치과의원,치과의원,방림로 골목형상점가,골목형상점가,광주광역시,3.0,3.0,,,RESOLVED_AGREEMENT,False,3,,,,
0556bf88be25a0229d56,test,치과,T2 동의어,q_치과_04,치과의원,건강·의료 중 '치과'를 판매·제공하는 매장,2859fb76-4f78-433f-8626-66508e81d4e0,최웅재치과의원,치과의원,창원 가음정시장,전통시장,경상남도,3.0,3.0,,,RESOLVED_AGREEMENT,False,3,,,,
84f2acfbae81d33d1ac0,test,치과,T2 동의어,q_치과_04,치과의원,건강·의료 중 '치과'를 판매·제공하는 매장,91622740-3104-4f04-a2e8-da250f5c9743,수재활의학과의원,재활의학과,사자탑 골목형상점가,골목형상점가,전북특별자치도,1.0,2.0,,,P1_BINARY_THRESHOLD,True,,,,,
dbac89402402c18e793a,test,치과,T2 동의어,q_치과_04,치과의원,건강·의료 중 '치과'를 판매·제공하는 매장,2bbdecbd-ebbc-49ac-97ab-86d5bc9ea6ec,청십자치과의원,치과의원,효자천변1길 골목형상점가,골목형상점가,전북특별자치도,3.0,3.0,,,RESOLVED_AGREEMENT,False,3,,,,
2871b60f468485e2df5a,test,치과,T2 동의어,q_치과_04,치과의원,건강·의료 중 '치과'를 판매·제공하는 매장,4382b928-42e9-4bfa-ad3e-1ce59227480a,나눔치과의원,치과의원,전남대 상대 골목형상점가,골목형상점가,광주광역시,3.0,3.0,,,RESOLVED_AGREEMENT,False,3,,,,
2ac28ebb60d623d19d05,test,치과,T2 동의어,q_치과_04,치과의원,건강·의료 중 '치과'를 판매·제공하는 매장,00fdab59-58f8-4c63-8765-30cb59a78156,도안프라임치과의원,치과진료,목원대 골목형상점가,골목형상점가,대전광역시,3.0,3.0,,,RESOLVED_AGREEMENT,False,3,,,,
5feb54ed2174915966a9,test,치과,T2 동의어,q_치과_04,치과의원,건강·의료 중 '치과'를 판매·제공하는 매장,e4fdea19-6707-4289-8ced-429eef607104,정건치과의원,치과의원,장천동상가,자율상권구역,전라남도,3.0,3.0,,,RESOLVED_AGREEMENT,False,3,,,,
d2d843e99a2072723617,test,치과,T2 동의어,q_치과_04,치과의원,건강·의료 중 '치과'를 판매·제공하는 매장,2ca498c2-a0bd-4a3e-8ba9-a960c280540a,봉선연합치과,"임플란트, 매복사랑니 발치, 보철, 스케일링, 치과진료",대남대로181번길 골목형상점가,골목형상점가,광주광역시,3.0,3.0,,,RESOLVED_AGREEMENT,False,3,,,,
f8504c2dcd9e118bddd5,test,치과,T2 동의어,q_치과_04,치과의원,건강·의료 중 '치과'를 판매·제공하는 매장,8c5a1bc7-aeda-4e1a-9644-28da5d05a384,아이엠치과의원,치과의원,문흥2동 골목형상점가,골목형상점가,광주광역시,3.0,3.0,,,RESOLVED_AGREEMENT,False,3,,,,
b9536d3d9294dcf1476f,test,치과,T2 동의어,q_치과_04,치과의원,건강·의료 중 '치과'를 판매·제공하는 매장,dbee340e-b050-4f21-ae0a-80993fe98505,건강치과의원,치과의원,탄방동 골목형상점가,골목형상점가,대전광역시,3.0,3.0,,,RESOLVED_AGREEMENT,False,3,,,,
e23ac3e951a0d4c7beb2,test,치과,T2 동의어,q_치과_04,치과의원,건강·의료 중 '치과'를 판매·제공하는 매장,4689d15e-5629-4f67-8a40-fd84ac1152b3,예원치과의원,치과의원,송천중앙로 골목형상점가,골목형상점가,전북특별자치도,3.0,3.0,,,RESOLVED_AGREEMENT,False,3,,,,
8e44d80994a1b34bf5b6,test,치과,T2 동의어,q_치과_04,치과의원,건강·의료 중 '치과'를 판매·제공하는 매장,3d08ffb4-7687-489e-a63f-d2912926ae80,리건 치과의원,치과의원,불당1번가골목형상점가,골목형상점가,충청남도,3.0,3.0,,,RESOLVED_AGREEMENT,False,3,,,,
8da95d201bd2cb8c8c6f,test,치과,T2 동의어,q_치과_04,치과의원,건강·의료 중 '치과'를 판매·제공하는 매장,0bd9cc7c-daad-4027-8d9e-dda8eda298bb,안아파치과의원,치과의원,사자탑 골목형상점가,골목형상점가,전북특별자치도,3.0,3.0,,,RESOLVED_AGREEMENT,False,3,,,,
c966edf11f572bcb1710,test,치과,T2 동의어,q_치과_04,치과의원,건강·의료 중 '치과'를 판매·제공하는 매장,040d5848-9f9a-4a26-af71-2be8faace0e4,신창치과의원,치과의원,신창부영 골목형상점가,골목형상점가,광주광역시,3.0,3.0,,,RESOLVED_AGREEMENT,False,3,,,,
92a16e06187b0654ed5a,test,치과,T2 동의어,q_치과_04,치과의원,건강·의료 중 '치과'를 판매·제공하는 매장,d46ecd60-e8ce-43a5-8b9d-f1a1fc6536cc,하늘치과의원,치과의원,마동골목형상점가,골목형상점가,전라남도,3.0,3.0,,,RESOLVED_AGREEMENT,False,3,,,,
1b555b5172cdce1a230d,test,치과,T2 동의어,q_치과_04,치과의원,건강·의료 중 '치과'를 판매·제공하는 매장,2770ad1a-6f8b-43f8-8134-1ccbf4bf18cf,죽전예치과의원,치과의원,BOCA 보카상점가,골목형상점가,경기도,3.0,3.0,,,RESOLVED_AGREEMENT,False,3,,,,
047b05efd0c4649d6e92,test,치과,T2 동의어,q_치과_04,치과의원,건강·의료 중 '치과'를 판매·제공하는 매장,29b28672-16eb-4e49-9df4-cd4189f94c3b,블레스가든,화초및식물,신매시장,전통시장,대구광역시,0.0,0.0,,,RESOLVED_AGREEMENT,False,0,,,,
bbeb26be756bf60a4563,test,치과,T2 동의어,q_치과_04,치과의원,건강·의료 중 '치과'를 판매·제공하는 매장,20c4cf39-dc98-4781-8991-6f4d04a52d69,아름드리 치과,치아치료,희담길,골목형상점가,광주광역시,3.0,3.0,,,RESOLVED_AGREEMENT,False,3,,,,
27052bf88665f2fa4c35,test,치과,T2 동의어,q_치과_04,치과의원,건강·의료 중 '치과'를 판매·제공하는 매장,52ce93a4-ba7f-4070-aa52-ad36f4ddf934,은치과의원,치과의원,문흥2동 골목형상점가,골목형상점가,광주광역시,3.0,3.0,,,RESOLVED_AGREEMENT,False,3,,,,
90f4d382669c3ed3c9e3,test,치과,T2 동의어,q_치과_04,치과의원,건강·의료 중 '치과'를 판매·제공하는 매장,0028aa1f-32df-4fa5-b123-9a5cabf791fa,행복한치과의원,치과,산본로데오거리(구 산본중심상가),자율상권구역,경기도,3.0,3.0,,,RESOLVED_AGREEMENT,False,3,,,,
261ae509a687c1accad7,test,치과,T2 동의어,q_치과_04,치과의원,건강·의료 중 '치과'를 판매·제공하는 매장,3e2af6ec-f3f1-470a-bc1e-680c689aca4a,두치과의원,치과의원,종촌동골목형상점가,골목형상점가,세종특별자치시,3.0,3.0,,,RESOLVED_AGREEMENT,False,3,,,,
53069b2c19dea3ee4226,test,치과,T2 동의어,q_치과_04,치과의원,건강·의료 중 '치과'를 판매·제공하는 매장,31544461-a2db-488f-8568-2a11bb2ce472,해남치과의원,치과의원,해남읍 원도심 상권활성화구역,상권활성화구역,전라남도,3.0,3.0,,,RESOLVED_AGREEMENT,False,3,,,,
146e38519d647c0bd0bf,test,치과,T2 동의어,q_치과_04,치과의원,건강·의료 중 '치과'를 판매·제공하는 매장,0a1a14d8-f92a-433d-bb79-64d059dc39ae,아파유,체형교정 및 교육,해밀동 골목형상점가,골목형상점가,세종특별자치시,0.0,0.0,,,RESOLVED_AGREEMENT,False,0,,,,
6bf7492bab9290cf6316,test,치과,T2 동의어,q_치과_04,치과의원,건강·의료 중 '치과'를 판매·제공하는 매장,55b9c177-65f3-48f6-a772-6c21de5896c9,수헤어,두발 미용,궁동 골목형상점가,골목형상점가,대전광역시,0.0,0.0,,,RESOLVED_AGREEMENT,False,0,,,,
2e628b051c0bde6ce5ba,test,치과,T2 동의어,q_치과_04,치과의원,건강·의료 중 '치과'를 판매·제공하는 매장,1e5348e1-295e-4f7d-b73a-2dd2f14c1654,연세늘봄치과의원,임플란트,목동깨비시장(구 목3동시장),전통시장,서울특별시,3.0,3.0,,,RESOLVED_AGREEMENT,False,3,,,,
c60cace8f09c3d1bb7a6,test,치과,T2 동의어,q_치과_04,치과의원,건강·의료 중 '치과'를 판매·제공하는 매장,d7b6ed28-728a-4d14-81c6-bd38adf4e5a1,첨단치과,치과의원,첨단쌍이 골목형상점가,골목형상점가,광주광역시,3.0,3.0,,,RESOLVED_AGREEMENT,False,3,,,,
b736e72b9e0f21f409f5,test,치과,T2 동의어,q_치과_04,치과의원,건강·의료 중 '치과'를 판매·제공하는 매장,2ccd0849-813d-4000-9e45-56b1019e7925,자이치과의원,치과의원,금호상인회 골목형상점가,골목형상점가,광주광역시,3.0,3.0,,,RESOLVED_AGREEMENT,False,3,,,,
266c71d47004efeab757,test,치과,T2 동의어,q_치과_04,치과의원,건강·의료 중 '치과'를 판매·제공하는 매장,f7652bca-96e7-45fa-8a88-c35650efd216,희망치과의원,치과의원,더불어용두 골목형상점가,골목형상점가,광주광역시,3.0,3.0,,,RESOLVED_AGREEMENT,False,3,,,,
51e22e717e5d9f7c99eb,test,치과,T2 동의어,q_치과_04,치과의원,건강·의료 중 '치과'를 판매·제공하는 매장,a4eadc01-9551-4d95-b793-75faac7478b0,서융치과의원,치과의원,부안석정 골목형상점가,골목형상점가,전북특별자치도,3.0,3.0,,,RESOLVED_AGREEMENT,False,3,,,,
b1710de8d8105bd15c93,test,치과,T2 동의어,q_치과_04,치과의원,건강·의료 중 '치과'를 판매·제공하는 매장,396e471f-c7eb-482a-8879-d5f0fdd3eb83,수연치과의원,치과의원,효자천변1길 골목형상점가,골목형상점가,전북특별자치도,3.0,3.0,,,RESOLVED_AGREEMENT,False,3,,,,
093a04f46fd517301975,test,치과,T2 동의어,q_치과_04,치과의원,건강·의료 중 '치과'를 판매·제공하는 매장,c5938b62-99c9-4967-9e7f-ab6b8f11f58c,유치과의원,치과의원,남성사계시장,전통시장,서울특별시,3.0,3.0,,,RESOLVED_AGREEMENT,False,3,,,,
42648d870dff28758ed4,test,치과,T2 동의어,q_치과_04,치과의원,건강·의료 중 '치과'를 판매·제공하는 매장,2196e417-2838-4057-9a6d-7aa2f785ac56,전상운치과의원,치과의원,두암타운 골목형상점가,골목형상점가,광주광역시,3.0,3.0,,,RESOLVED_AGREEMENT,False,3,,,,
1d1e15e380d5cefdaec7,test,치과,T2 동의어,q_치과_04,치과의원,건강·의료 중 '치과'를 판매·제공하는 매장,9ca0da77-3dfb-4d1d-8967-c02064617b42,서울예스치과의원,치과의원,도화동상점가,자율상권구역,서울특별시,3.0,3.0,,,RESOLVED_AGREEMENT,False,3,,,,
3bc3bb9db35ab6ab588b,test,치과,T2 동의어,q_치과_04,치과의원,건강·의료 중 '치과'를 판매·제공하는 매장,08ce110f-451c-44be-8a79-f68ba111e95a,동림치과의원,치과의원,동림푸른 골목형상점가,골목형상점가,광주광역시,3.0,3.0,,,RESOLVED_AGREEMENT,False,3,,,,
7a5ddd05c9e0ea7a8842,test,치과,T2 동의어,q_치과_04,치과의원,건강·의료 중 '치과'를 판매·제공하는 매장,5b0929a0-daa7-478d-b590-d56284d5ccd8,플러스 치과의원,치과의원,럭스스퀘어 골목형상점가,골목형상점가,세종특별자치시,3.0,3.0,,,RESOLVED_AGREEMENT,False,3,,,,
80f7d9a6e06c30cca258,test,치과,T2 동의어,q_치과_04,치과의원,건강·의료 중 '치과'를 판매·제공하는 매장,afc18329-c0be-4574-af6f-17c65dc00519,엘가,귀금속,㈜르네시떼,전통시장,부산광역시,0.0,0.0,,,RESOLVED_AGREEMENT,False,0,,,,
5cb417c2bca68316842e,test,치과,T2 동의어,q_치과_04,치과의원,건강·의료 중 '치과'를 판매·제공하는 매장,fe09b498-588b-466f-a3df-b3e285794cd5,최치과의원,치과의원,전주우성타운 골목형상점가,골목형상점가,전북특별자치도,3.0,3.0,,,RESOLVED_AGREEMENT,False,3,,,,
9aaafd51d52abdee05ac,test,치과,T2 동의어,q_치과_04,치과의원,건강·의료 중 '치과'를 판매·제공하는 매장,1013504c-b2d6-4091-8cc1-15eecee0aeff,그래비티코어,운동재활 체형교정,유천택지올림픽길골목형상점가,골목형상점가,강원특별자치도,0.0,0.0,,,RESOLVED_AGREEMENT,False,0,,,,
7b1416590668fade50ef,test,치과,T2 동의어,q_치과_04,치과의원,건강·의료 중 '치과'를 판매·제공하는 매장,32af6c68-dd2c-4609-8af9-c3796e1e7fc3,가온치과의원,치과의원,금화상인회 골목형상점가,골목형상점가,광주광역시,3.0,3.0,,,RESOLVED_AGREEMENT,False,3,,,,
99ace51325bc39a2f55f,test,치과,T2 동의어,q_치과_04,치과의원,건강·의료 중 '치과'를 판매·제공하는 매장,013192a9-d34f-4b2a-99f4-e33a2cbf1e72,서울굿모닝치과의원,치과,종촌동골목형상점가,골목형상점가,세종특별자치시,3.0,3.0,,,RESOLVED_AGREEMENT,False,3,,,,
e4437f9ed31a873a89e9,test,치과,T2 동의어,q_치과_04,치과의원,건강·의료 중 '치과'를 판매·제공하는 매장,37b475a2-27d9-40c1-ad34-753cc19921de,이든치과의원,치과의원,화정한울타리상인회 골목형상점가,골목형상점가,광주광역시,3.0,3.0,,,RESOLVED_AGREEMENT,False,3,,,,
42f3407338fd91cffd30,test,치과,T2 동의어,q_치과_04,치과의원,건강·의료 중 '치과'를 판매·제공하는 매장,68aeabd1-ad53-406a-98b3-10641a435e8c,봄누리 치과의원,치과의원,상현2동 골목형상점가,골목형상점가,경기도,3.0,3.0,,,RESOLVED_AGREEMENT,False,3,,,,
0ba18a06214e3ff2092f,test,치과,T2 동의어,q_치과_04,치과의원,건강·의료 중 '치과'를 판매·제공하는 매장,e13ebf77-d494-42d9-a5cb-0486cbc4ad38,김치과의원,치과의원,슬로시티창평 골목형상점가,골목형상점가,전라남도,3.0,3.0,,,RESOLVED_AGREEMENT,False,3,,,,
18e852b60f6666795bbd,test,치과,T2 동의어,q_치과_04,치과의원,건강·의료 중 '치과'를 판매·제공하는 매장,be67c6e4-eb22-4aac-9d12-92e7bc94117c,두리치과의원,치과의원,문흥동 골목형상점가,골목형상점가,광주광역시,3.0,3.0,,,RESOLVED_AGREEMENT,False,3,,,,
767613cd87305c25b406,test,치과,T2 동의어,q_치과_04,치과의원,건강·의료 중 '치과'를 판매·제공하는 매장,e76df05d-5bba-4328-b6fc-f1adfe1d9539,장날족발,,영천공설시장,전통시장,경상북도,0.0,0.0,,,RESOLVED_AGREEMENT,False,0,,,,
b287fcc0263f2d98934b,test,치과,T2 동의어,q_치과_04,치과의원,건강·의료 중 '치과'를 판매·제공하는 매장,135607e4-b86f-4ee3-8ac8-d8e69133c49a,가지런e류교정치과,치과진료 치아 교정치료,말바우시장,전통시장,광주광역시,3.0,3.0,,,RESOLVED_AGREEMENT,False,3,,,,
c677cf686e0ceb40babf,test,치과,T2 동의어,q_치과_04,치과의원,건강·의료 중 '치과'를 판매·제공하는 매장,84ad0e59-389b-42fd-bd37-e31e2a2e6089,진월치과의원,치과의원,서문대로 678번길 골목형상점가,골목형상점가,광주광역시,3.0,3.0,,,RESOLVED_AGREEMENT,False,3,,,,
251479f63966eca38684,test,치과,T2 동의어,q_치과_04,치과의원,건강·의료 중 '치과'를 판매·제공하는 매장,6951d239-f771-433f-a3b7-a66198685513,소망치과의원,치과의원,상무중앙상인회 골목형상점가,골목형상점가,광주광역시,3.0,3.0,,,RESOLVED_AGREEMENT,False,3,,,,
71ea5d2b38346bb50d05,test,치과,T2 동의어,q_치과_04,치과의원,건강·의료 중 '치과'를 판매·제공하는 매장,0ff8675c-e9fe-4b29-ad4c-5eb6fe90a350,서울온빛치과의원,치아진료서비스,목동깨비시장(구 목3동시장),전통시장,서울특별시,3.0,3.0,,,RESOLVED_AGREEMENT,False,3,,,,
d718eb47c01bce249d80,test,치과,T2 동의어,q_치과_04,치과의원,건강·의료 중 '치과'를 판매·제공하는 매장,8214b11e-adf6-41d3-b041-844d5cde065b,최선치과의원,치과의원,산곡1번가 골목형상점가,골목형상점가,인천광역시,3.0,3.0,,,RESOLVED_AGREEMENT,False,3,,,,
450466b5e78b87b95bfc,test,치과,T2 동의어,q_치과_04,치과의원,건강·의료 중 '치과'를 판매·제공하는 매장,7330c10a-f726-4899-8bd2-5bf142d647c5,다나에 치과의원,치과의원,방이시장,전통시장,서울특별시,3.0,3.0,,,RESOLVED_AGREEMENT,False,3,,,,
20afa0498322f8cbe189,test,치과,T2 동의어,q_치과_04,치과의원,건강·의료 중 '치과'를 판매·제공하는 매장,3284f63b-278d-41cb-ae5b-b82a7789c043,봄솔치과의원,치과의원,큰장로네거리 골목형상점가,골목형상점가,대구광역시,3.0,3.0,,,RESOLVED_AGREEMENT,False,3,,,,
c22df2bcfe4949ae1dc8,test,치과,T2 동의어,q_치과_04,치과의원,건강·의료 중 '치과'를 판매·제공하는 매장,275646ee-9cd2-4d7a-8447-d065f37c7d71,봉선e치과의원,임플란트 등,봉선로1 골목형상점가,골목형상점가,광주광역시,3.0,3.0,,,RESOLVED_AGREEMENT,False,3,,,,
ed0c238f63485d21d040,test,치과,T2 동의어,q_치과_04,치과의원,건강·의료 중 '치과'를 판매·제공하는 매장,f2c8979e-6461-4b9f-b47b-eee962d3daef,옳치과,치과의원,수지성복플러스 골목형상점가,골목형상점가,경기도,3.0,3.0,,,RESOLVED_AGREEMENT,False,3,,,,
216a8bfa3714b74071fa,test,치과,T2 동의어,q_치과_04,치과의원,건강·의료 중 '치과'를 판매·제공하는 매장,85a10df5-ae8b-4a50-b712-12640a613b8d,이루다 치과의원,치과의원,군산디오션시티 G플레이스 골목형상점가,골목형상점가,전북특별자치도,3.0,3.0,,,RESOLVED_AGREEMENT,False,3,,,,
b50642d1df57c118fda0,test,치과,T2 동의어,q_치과_04,치과의원,건강·의료 중 '치과'를 판매·제공하는 매장,684b9f2f-29c9-4bd5-96b2-1912a1f12ec3,우리들치과의원,치과의원,창원 대동중앙상가,전통시장,경상남도,3.0,3.0,,,RESOLVED_AGREEMENT,False,3,,,,
733e1415ec5a1e615566,test,치과,T2 동의어,q_치과_04,치과의원,건강·의료 중 '치과'를 판매·제공하는 매장,9ff413a2-2a7f-45db-94c6-27460dff6678,신선섭치과의원,치과의원,유성봉명 골목형상점가,골목형상점가,대전광역시,3.0,3.0,,,RESOLVED_AGREEMENT,False,3,,,,
266c7678d1a29cc279f1,test,치과,T2 동의어,q_치과_04,치과의원,건강·의료 중 '치과'를 판매·제공하는 매장,78fce038-adcb-49d8-8f9f-83b52a7f6e9c,이사금치과의원,치과의원,주월장산 골목형상점가,골목형상점가,광주광역시,3.0,3.0,,,RESOLVED_AGREEMENT,False,3,,,,
d0197bc89643f01b8b08,test,치과,T2 동의어,q_치과_04,치과의원,건강·의료 중 '치과'를 판매·제공하는 매장,3c005cae-9ea2-43a2-83bd-1251a3c4b623,안치과의원,치과의원,서석초 인근 골목형상점가,골목형상점가,광주광역시,3.0,3.0,,,RESOLVED_AGREEMENT,False,3,,,,
252588370f28769ee9d8,test,치과,T2 동의어,q_치과_04,치과의원,건강·의료 중 '치과'를 판매·제공하는 매장,04268dbb-7ecd-4824-a070-aff359b3efe0,옳치치과의원,치과의원,신세계앞상인회 골목형상점가,골목형상점가,광주광역시,3.0,3.0,,,RESOLVED_AGREEMENT,False,3,,,,
78ce9202a9989235c159,test,치과,T2 동의어,q_치과_04,치과의원,건강·의료 중 '치과'를 판매·제공하는 매장,01fbf9ae-3815-4459-8cc6-be2dda1a0ff2,조시형 치과의원,치과의원,산본로데오거리(구 산본중심상가),자율상권구역,경기도,3.0,3.0,,,RESOLVED_AGREEMENT,False,3,,,,
35de568fc7abca546b9e,test,치과,T2 동의어,q_치과_04,치과의원,건강·의료 중 '치과'를 판매·제공하는 매장,7353a0ab-cc34-4cf8-b7b9-2c7b071fe60a,이튼치과의원,치과의원,신용동 골목형상점가,골목형상점가,광주광역시,3.0,3.0,,,RESOLVED_AGREEMENT,False,3,,,,
91f150a8b71d60ee27f6,test,치과,T2 동의어,q_치과_04,치과의원,건강·의료 중 '치과'를 판매·제공하는 매장,454b4416-82b8-40bd-b027-05c726d70745,강치과의원,치과의원,조암시장,전통시장,경기도,3.0,3.0,,,RESOLVED_AGREEMENT,False,3,,,,
ac15d778152818f201a2,test,치과,T2 동의어,q_치과_04,치과의원,건강·의료 중 '치과'를 판매·제공하는 매장,a7e39d98-31b8-473a-979e-357f2188f762,진치과의원,치과의원,매봉 골목형상점가,골목형상점가,광주광역시,3.0,3.0,,,RESOLVED_AGREEMENT,False,3,,,,
f73fd5693e322ae28cea,test,치과,T2 동의어,q_치과_04,치과의원,건강·의료 중 '치과'를 판매·제공하는 매장,15153846-7605-43bf-bb5d-73adfe804818,윤치과의원,치과의원,더불어용두 골목형상점가,골목형상점가,광주광역시,3.0,3.0,,,RESOLVED_AGREEMENT,False,3,,,,
1aec3826ab71423f25c6,test,치과,T2 동의어,q_치과_04,치과의원,건강·의료 중 '치과'를 판매·제공하는 매장,9ae24dbd-09d7-4ac1-8c9c-44b8f2b8c3ff,하얀치과의원,치과의원,세은 골목형상점가,골목형상점가,광주광역시,3.0,3.0,,,RESOLVED_AGREEMENT,False,3,,,,
651d1cf7b23bcda334d3,test,치과,T2 동의어,q_치과_04,치과의원,건강·의료 중 '치과'를 판매·제공하는 매장,ea2a4568-4d9a-40cc-b8c5-2cb61b688c02,이탄탄치과의원,치과의원,전주중산공원 골목형상점가,골목형상점가,전북특별자치도,3.0,3.0,,,RESOLVED_AGREEMENT,False,3,,,,
082f0c7da94e1dd9b793,test,치과,T2 동의어,q_치과_04,치과의원,건강·의료 중 '치과'를 판매·제공하는 매장,734cab7b-afde-42de-8659-bff19b3ab7e0,정치과의원,치과의원,화순중앙로골목형상점가,골목형상점가,전라남도,3.0,3.0,,,RESOLVED_AGREEMENT,False,3,,,,
3718bc7d160f1d13086b,test,치과,T2 동의어,q_치과_04,치과의원,건강·의료 중 '치과'를 판매·제공하는 매장,7fc834cb-2a07-4b49-a876-d21ac3261328,맥치과,치과의원,사리골상점가,자율상권구역,경기도,3.0,3.0,,,RESOLVED_AGREEMENT,False,3,,,,
7b0ccae27bf5c0da98dd,test,치과,T2 동의어,q_치과_04,치과의원,건강·의료 중 '치과'를 판매·제공하는 매장,04f73ae1-5ba3-4b7a-9168-f300168979df,연세해맑은치과,치과교정과 진료,둔산2동 골목형상점가,골목형상점가,대전광역시,3.0,3.0,,,RESOLVED_AGREEMENT,False,3,,,,
b63a9d0fb91ecfdbd51a,test,치과,T2 동의어,q_치과_04,치과의원,건강·의료 중 '치과'를 판매·제공하는 매장,242d36eb-ad91-4964-90c9-743523df57f0,뉴욕앤치과의원,치과의원,다시남목 골목형상점가,골목형상점가,울산광역시,3.0,3.0,,,RESOLVED_AGREEMENT,False,3,,,,
661f150ff1dbbd2ca3c4,test,치과,T2 동의어,q_치과_04,치과의원,건강·의료 중 '치과'를 판매·제공하는 매장,10620bc2-916b-4e49-ab76-c8e662fb7d40,첨단교정,자세교정,임방울대로 골목형상점가,골목형상점가,광주광역시,0.0,0.0,,,RESOLVED_AGREEMENT,False,0,,,,
2e9093cca6ebaf912bd2,test,치과,T2 동의어,q_치과_04,치과의원,건강·의료 중 '치과'를 판매·제공하는 매장,a4bd311b-baae-4123-9165-42e1898f622b,은혜치과의원,치과의원,신용동 골목형상점가,골목형상점가,광주광역시,3.0,3.0,,,RESOLVED_AGREEMENT,False,3,,,,
e023bee122d2ebb8c2dd,test,치과,T2 동의어,q_치과_04,치과의원,건강·의료 중 '치과'를 판매·제공하는 매장,68922924-536d-423a-9d62-20572075f535,뉴욕치과의원,치과의원,이리옴프라자골목형상점가,골목형상점가,인천광역시,3.0,3.0,,,RESOLVED_AGREEMENT,False,3,,,,
8d447132b54846314867,test,치과,T2 동의어,q_치과_04,치과의원,건강·의료 중 '치과'를 판매·제공하는 매장,db15b368-f6bb-4b99-933e-f17add91b827,금운사료,사료 사료알선,금구리 골목형상점가,골목형상점가,전북특별자치도,0.0,0.0,,,RESOLVED_AGREEMENT,False,0,,,,
2b767b8bbb3284cb807b,test,치과,T2 동의어,q_치과_04,치과의원,건강·의료 중 '치과'를 판매·제공하는 매장,391ef1d9-0ec7-4b5d-b714-9666ad3043c3,이치과의원,치아,창원 가음정시장,전통시장,경상남도,3.0,3.0,,,RESOLVED_AGREEMENT,False,3,,,,
fd9dfc0cdeef4513b149,test,치과,T2 동의어,q_치과_04,치과의원,건강·의료 중 '치과'를 판매·제공하는 매장,0ba1a116-9cb8-4ff2-9765-7de941746903,백세치과의원,치과의원,운암휴튼2차 골목형상점가,골목형상점가,광주광역시,3.0,3.0,,,RESOLVED_AGREEMENT,False,3,,,,
98527a4fd65ed73269f8,test,치과,T2 동의어,q_치과_04,치과의원,건강·의료 중 '치과'를 판매·제공하는 매장,52efa020-6c42-484f-8d8c-812ba1d0e92d,상록치과의원,치과의원,월드프라자,전통시장,경기도,3.0,3.0,,,RESOLVED_AGREEMENT,False,3,,,,
5e0c52ac1f0f677508c4,test,치과,T2 동의어,q_치과_04,치과의원,건강·의료 중 '치과'를 판매·제공하는 매장,465bf4b2-dfc8-479c-b28f-5407842c4927,믿음치과,임플란트 틀니 교정 보철치료,신가아름마을,골목형상점가,광주광역시,3.0,3.0,,,RESOLVED_AGREEMENT,False,3,,,,
a13affc4e5ed943bea76,test,치과,T2 동의어,q_치과_04,치과의원,건강·의료 중 '치과'를 판매·제공하는 매장,8a21c2dc-ba60-43c1-a1c8-c3d8011e42a3,휴먼치과의원,치과의원,봉곡우전로 골목형상점가,골목형상점가,전북특별자치도,3.0,3.0,,,RESOLVED_AGREEMENT,False,3,,,,
ea5448e1eaf27db8d208,test,치과,T2 동의어,q_치과_04,치과의원,건강·의료 중 '치과'를 판매·제공하는 매장,0098c5ef-1296-4b66-899d-68dbda7cb659,연세감동치과,치과,새샘하루 골목형상점가,골목형상점가,세종특별자치시,3.0,3.0,,,RESOLVED_AGREEMENT,False,3,,,,
263aa7294522cd2b8d43,test,치과,T2 동의어,q_치과_04,치과의원,건강·의료 중 '치과'를 판매·제공하는 매장,331fd695-a9e8-4942-a9d8-1504eae5d122,서울방송스피치아카데미학원,,왕십리도선동상점가,자율상권구역,서울특별시,3.0,0.0,,,P1_BINARY_THRESHOLD,True,,,,,
47f5ef4822b0bfce9119,test,치과,T2 동의어,q_치과_04,치과의원,건강·의료 중 '치과'를 판매·제공하는 매장,8d733a5b-8e53-483a-8794-e67fa259cae8,리본치과의원,치과의원,힐스상인회 골목형상점가,골목형상점가,광주광역시,3.0,3.0,,,RESOLVED_AGREEMENT,False,3,,,,
bc563338953e0ed061ef,test,치과,T2 동의어,q_치과_04,치과의원,건강·의료 중 '치과'를 판매·제공하는 매장,8caa8946-84c8-4e0b-9a76-bb88a47d8c17,이근혁치과,치과의원,자양15번가골목형상점가,골목형상점가,서울특별시,3.0,3.0,,,RESOLVED_AGREEMENT,False,3,,,,
64b5927a2354dcaeb8db,test,치과,T2 동의어,q_치과_04,치과의원,건강·의료 중 '치과'를 판매·제공하는 매장,4c57a4c2-9b02-4d56-9e61-102f75b826db,설인택치과,치과의원,여수서시장주변시장,전통시장,전라남도,3.0,3.0,,,RESOLVED_AGREEMENT,False,3,,,,
f970a167e55c6de702ff,test,치과,T2 동의어,q_치과_04,치과의원,건강·의료 중 '치과'를 판매·제공하는 매장,af509cb7-e7bc-4fcb-9042-0dc4bffb2ed7,손철용치과의원,치과의원,두암1동 골목형상점가,골목형상점가,광주광역시,3.0,3.0,,,RESOLVED_AGREEMENT,False,3,,,,
4f65c6af3b0ebf231cd5,test,치과,T2 동의어,q_치과_04,치과의원,건강·의료 중 '치과'를 판매·제공하는 매장,000d633c-e5d5-4ab7-afea-88785b1eda92,e클린치과의원,치과,상암마을상인회 골목형상점가,골목형상점가,광주광역시,3.0,3.0,,,RESOLVED_AGREEMENT,False,3,,,,
55e89d1dea1256993a5a,test,치과,T2 동의어,q_치과_04,치과의원,건강·의료 중 '치과'를 판매·제공하는 매장,4a9f2d0c-2f5b-48d3-80e4-f84786dc7bb5,세명치과의원,치과의원,이튼타워리버3차골목형상점가,골목형상점가,서울특별시,3.0,3.0,,,RESOLVED_AGREEMENT,False,3,,,,
8cb159af2c2aca0a8181,test,치과,T2 동의어,q_치과_04,치과의원,건강·의료 중 '치과'를 판매·제공하는 매장,29837b2a-f536-47da-958a-35828e6cf770,대덕치과의원,치과의원,우산동 골목형상점가,골목형상점가,광주광역시,3.0,3.0,,,RESOLVED_AGREEMENT,False,3,,,,
d7d4a2049f1fa0efd0e8,test,치과,T2 동의어,q_치과_04,치과의원,건강·의료 중 '치과'를 판매·제공하는 매장,5b497111-6c9d-4c0a-90f9-e92cfac6a294,엄옥철치과의원,치과의원,퐁당거리 골목형상점가,골목형상점가,전라남도,3.0,3.0,,,RESOLVED_AGREEMENT,False,3,,,,
a60790da9b623904ab98,test,치과,T2 동의어,q_치과_04,치과의원,건강·의료 중 '치과'를 판매·제공하는 매장,016d15ff-56e8-48dc-b935-315a81d1e9d3,하얀치과의원,치과의원,창원 성원그랜드쇼핑상가,전통시장,경상남도,3.0,3.0,,,RESOLVED_AGREEMENT,False,3,,,,
0bd5ed56982abcb81a7e,test,치과,T2 동의어,q_치과_04,치과의원,건강·의료 중 '치과'를 판매·제공하는 매장,9bcbeb62-a682-4f70-8bbd-ac0a7e2133a2,김종길치과의원,치과의원,창원 신대방 골목형상점가,골목형상점가,경상남도,3.0,3.0,,,RESOLVED_AGREEMENT,False,3,,,,
51e05b7c3075b78fb5ef,test,치과,T2 동의어,q_치과_04,치과의원,건강·의료 중 '치과'를 판매·제공하는 매장,03f4ec7f-78d2-4184-8295-c29af668d98d,모세대리점(알즈너),발교정구,양양로 골목형상점가,골목형상점가,강원특별자치도,0.0,0.0,,,RESOLVED_AGREEMENT,False,0,,,,
9cfcf1fb9e6f650281dc,test,치과,T2 동의어,q_치과_04,치과의원,건강·의료 중 '치과'를 판매·제공하는 매장,e850cea6-a79a-4c04-9bd0-34c6dc58721b,김서희반찬,김치가공,장덕로 골목형상점가,골목형상점가,광주광역시,0.0,0.0,,,RESOLVED_AGREEMENT,False,0,,,,
94c719ffcf9789b169bb,test,치과,T2 동의어,q_치과_04,치과의원,건강·의료 중 '치과'를 판매·제공하는 매장,0002538c-b8d9-4911-81c7-966789036b09,빛고을 치과의원,의원,세은 골목형상점가,골목형상점가,광주광역시,2.0,3.0,,,P2_GRADED_ONLY,True,,,,,
c9fa1f7548a1267f3d5b,test,치과,T2 동의어,q_치과_04,치과의원,건강·의료 중 '치과'를 판매·제공하는 매장,c28e23f5-b39c-45da-ad3a-e57d647cd15e,조이치과의원,치과의원,동천동먹자골목2번가상인회 골목형상점가,골목형상점가,광주광역시,3.0,3.0,,,RESOLVED_AGREEMENT,False,3,,,,
03460062fcd57eabda0c,test,치과,T2 동의어,q_치과_05,치아,건강·의료 중 '치과'를 판매·제공하는 매장,63bbfe5e-e9e9-4d70-9aae-171cce1e0768,얼죽아,,내동서부 골목형상점가,골목형상점가,대전광역시,,0.0,Y,,P0_UNCERTAIN_OR_MISSING,True,,,,,
f0f7b2879a6cab611713,test,치과,T2 동의어,q_치과_05,치아,건강·의료 중 '치과'를 판매·제공하는 매장,aa475949-1705-4df7-b050-57e6dba11a6d,컴포즈커피 광주풍암2지구점,"커피, 음료",풍암SK.광명상가상인회 골목형상점가,골목형상점가,광주광역시,0.0,0.0,,,RESOLVED_AGREEMENT,False,0,,,,
e451d7ca5fb898c6cd61,test,치과,T2 동의어,q_치과_05,치아,건강·의료 중 '치과'를 판매·제공하는 매장,275646ee-9cd2-4d7a-8447-d065f37c7d71,봉선e치과의원,임플란트 등,봉선로1 골목형상점가,골목형상점가,광주광역시,3.0,3.0,,,RESOLVED_AGREEMENT,False,3,,,,
3f58f0764236e66ba838,test,치과,T2 동의어,q_치과_05,치아,건강·의료 중 '치과'를 판매·제공하는 매장,c31d11ae-b0a5-4ca0-ab35-efeab3be2763,미소드림치과의원,치아치료,두암2동 도로변 골목형상점가,골목형상점가,광주광역시,3.0,3.0,,,RESOLVED_AGREEMENT,False,3,,,,
35953a8a303d36e5a780,test,치과,T2 동의어,q_치과_05,치아,건강·의료 중 '치과'를 판매·제공하는 매장,1013504c-b2d6-4091-8cc1-15eecee0aeff,그래비티코어,운동재활 체형교정,유천택지올림픽길골목형상점가,골목형상점가,강원특별자치도,0.0,0.0,,,RESOLVED_AGREEMENT,False,0,,,,
b3fbfbd61458e4526b0b,test,치과,T2 동의어,q_치과_05,치아,건강·의료 중 '치과'를 판매·제공하는 매장,000d633c-e5d5-4ab7-afea-88785b1eda92,e클린치과의원,치과,상암마을상인회 골목형상점가,골목형상점가,광주광역시,3.0,3.0,,,RESOLVED_AGREEMENT,False,3,,,,
3011eb573a820a9e9689,test,치과,T2 동의어,q_치과_05,치아,건강·의료 중 '치과'를 판매·제공하는 매장,54a6b36c-ffee-4fea-bb75-16c5c27a18cd,참치아도르이수점,,이수미로골목형상점가,골목형상점가,서울특별시,3.0,0.0,,,P1_BINARY_THRESHOLD,True,,,,,
40285b1a696a62dc32f8,test,치과,T2 동의어,q_치과_05,치아,건강·의료 중 '치과'를 판매·제공하는 매장,1bff10f1-3af7-407f-be27-fcf526d6128d,베네치아,음식,지산유원지 상점가,자율상권구역,광주광역시,2.0,0.0,,,P1_BINARY_THRESHOLD,True,,,,,
cc814d7eaf085d6c12cd,test,치과,T2 동의어,q_치과_05,치아,건강·의료 중 '치과'를 판매·제공하는 매장,41ad4d43-74ed-4dc8-b709-719d58726eba,채아,한식,남사한숲 골목형상점가,골목형상점가,경기도,0.0,0.0,,,RESOLVED_AGREEMENT,False,0,,,,
7e990d12abdbf60f8506,test,치과,T2 동의어,q_치과_05,치아,건강·의료 중 '치과'를 판매·제공하는 매장,649b8007-0b49-491a-a626-52edd5088f8a,두산치과,치아치료,첨단호두라 골목형상점가,골목형상점가,광주광역시,3.0,3.0,,,RESOLVED_AGREEMENT,False,3,,,,
f944e3a8943deb0e9c10,test,치과,T2 동의어,q_치과_05,치아,건강·의료 중 '치과'를 판매·제공하는 매장,1b20bf9a-b779-4dde-8d65-d345ed37d667,산타루치아,경양식,안양아크로상가골목형상점가,골목형상점가,경기도,2.0,0.0,,,P1_BINARY_THRESHOLD,True,,,,,
e919281a0383016dc4ec,test,치과,T2 동의어,q_치과_05,치아,건강·의료 중 '치과'를 판매·제공하는 매장,9da4c451-a625-4397-9ece-5ed45ae4c4db,베어글스 송도,베이글 샌드위치 치아바타 등,송도 타임스페이스 골목형상점가,골목형상점가,인천광역시,3.0,0.0,,,P1_BINARY_THRESHOLD,True,,,,,
95ed51e6cc4d30b489cd,test,치과,T2 동의어,q_치과_05,치아,건강·의료 중 '치과'를 판매·제공하는 매장,f14df4d3-9858-4a8b-8597-20fd477d8e32,갤러리 데 루치아,가구,용인어정가구단지상점가,자율상권구역,경기도,2.0,0.0,,,P1_BINARY_THRESHOLD,True,,,,,
4d522eddc83dd8332474,test,치과,T2 동의어,q_치과_05,치아,건강·의료 중 '치과'를 판매·제공하는 매장,b761600d-2f31-41a3-b86e-29504588dd44,삼형제네,,홍도 골목형상점가,골목형상점가,대전광역시,,0.0,Y,,P0_UNCERTAIN_OR_MISSING,True,,,,,
5a3f388209caf7b5878d,test,치과,T2 동의어,q_치과_05,치아,건강·의료 중 '치과'를 판매·제공하는 매장,04f73ae1-5ba3-4b7a-9168-f300168979df,연세해맑은치과,치과교정과 진료,둔산2동 골목형상점가,골목형상점가,대전광역시,3.0,3.0,,,RESOLVED_AGREEMENT,False,3,,,,
5d821bd7ab137edd0d9a,test,치과,T2 동의어,q_치과_05,치아,건강·의료 중 '치과'를 판매·제공하는 매장,0028aa1f-32df-4fa5-b123-9a5cabf791fa,행복한치과의원,치과,산본로데오거리(구 산본중심상가),자율상권구역,경기도,3.0,3.0,,,RESOLVED_AGREEMENT,False,3,,,,
5adea388bc33cd80bb60,test,치과,T2 동의어,q_치과_05,치아,건강·의료 중 '치과'를 판매·제공하는 매장,db20e8be-47ff-47d9-97bc-c471eef234f5,풍운아,,갈리단길 골목형상점가,골목형상점가,대전광역시,,0.0,Y,,P0_UNCERTAIN_OR_MISSING,True,,,,,
f41c7c7c43d203ba6fec,test,치과,T2 동의어,q_치과_05,치아,건강·의료 중 '치과'를 판매·제공하는 매장,b9632e8e-7784-42e8-9310-b0b6849641d1,소문난곱창,,여의동2가 골목형상점가,골목형상점가,전북특별자치도,,0.0,Y,,P0_UNCERTAIN_OR_MISSING,True,,,,,
ff4bcf9a9d4787df2c6b,test,치과,T2 동의어,q_치과_05,치아,건강·의료 중 '치과'를 판매·제공하는 매장,33ef2edc-7c14-4bf7-b9ea-02810245fd2b,치킨매니아,치킨,캐롤타운상점가 골목형상점가,골목형상점가,경상북도,0.0,0.0,,,RESOLVED_AGREEMENT,False,0,,,,
c5d66031e390d2e76d65,test,치과,T2 동의어,q_치과_05,치아,건강·의료 중 '치과'를 판매·제공하는 매장,4d869649-96f8-4cf4-9ce6-df473b7b1dd6,까로치아신갈점,,새천년 골목형상점가,골목형상점가,경기도,3.0,0.0,,,P1_BINARY_THRESHOLD,True,,,,,
ec7fe7dee68755f22481,test,치과,T2 동의어,q_치과_05,치아,건강·의료 중 '치과'를 판매·제공하는 매장,db1a81d2-fa76-49e9-80ba-174f85d72363,연세해밀 치과의원,치아치료,해밀동 골목형상점가,골목형상점가,세종특별자치시,3.0,3.0,,,RESOLVED_AGREEMENT,False,3,,,,
e0afd70e36af700c8328,test,치과,T2 동의어,q_치과_05,치아,건강·의료 중 '치과'를 판매·제공하는 매장,9f5ff290-5904-41ac-b9dd-14887c522e45,행복동시장,과일,천천중심상가 골목형상점가,골목형상점가,경기도,0.0,0.0,,,RESOLVED_AGREEMENT,False,0,,,,
4befdb2b6135e2f7edd1,test,치과,T2 동의어,q_치과_05,치아,건강·의료 중 '치과'를 판매·제공하는 매장,c4944fae-8de9-4a5a-b7b9-7fb58f20e798,바른이치과교정과치과의원,치아교정업,첨단시리단길,골목형상점가,광주광역시,3.0,3.0,,,RESOLVED_AGREEMENT,False,3,,,,
92d8408c760923cfe06b,test,치과,T2 동의어,q_치과_05,치아,건강·의료 중 '치과'를 판매·제공하는 매장,91783703-3274-4ef4-93f1-de083cd86644,베네치아,의류,서문시장2지구 종합상가,전통시장,대구광역시,2.0,0.0,,,P1_BINARY_THRESHOLD,True,,,,,
623e97dd6d2456b120ee,test,치과,T2 동의어,q_치과_05,치아,건강·의료 중 '치과'를 판매·제공하는 매장,6c3e79ca-fe11-4daf-93c4-6fb272932330,한스식당,한식,송하동 골목형상점가,골목형상점가,광주광역시,0.0,0.0,,,RESOLVED_AGREEMENT,False,0,,,,
0a58c53f47bdbad058c0,test,치과,T2 동의어,q_치과_05,치아,건강·의료 중 '치과'를 판매·제공하는 매장,a9a964b3-4b0b-46a5-b7dc-f4aee1d24f79,까꿍,의류,금남지하도상가2공구,일반지하상점가,광주광역시,0.0,0.0,,,RESOLVED_AGREEMENT,False,0,,,,
34e28399f72a0552bf76,test,치과,T2 동의어,q_치과_05,치아,건강·의료 중 '치과'를 판매·제공하는 매장,1e5348e1-295e-4f7d-b73a-2dd2f14c1654,연세늘봄치과의원,임플란트,목동깨비시장(구 목3동시장),전통시장,서울특별시,3.0,3.0,,,RESOLVED_AGREEMENT,False,3,,,,
708931c0e617aa919a84,test,치과,T2 동의어,q_치과_05,치아,건강·의료 중 '치과'를 판매·제공하는 매장,bae658ee-5c98-4ae4-b12c-a5329f442eff,새빛치과의원,치아치료,용산지구 골목형상점가,골목형상점가,광주광역시,3.0,3.0,,,RESOLVED_AGREEMENT,False,3,,,,
7f00f9c3d71bbd9060f8,test,치과,T2 동의어,q_치과_05,치아,건강·의료 중 '치과'를 판매·제공하는 매장,b1d7242d-f16b-483d-a304-b6eefc117a7e,루치아,기성복,아트프라자,자율상권구역,서울특별시,2.0,0.0,,,P1_BINARY_THRESHOLD,True,,,,,
1b5480b6a52b553d8538,test,치과,T2 동의어,q_치과_05,치아,건강·의료 중 '치과'를 판매·제공하는 매장,67e0a34e-95e2-4c83-befd-43dec2a9aa3d,오늘의 치아바타,,중흥동 큰샘길 골목형상점가,골목형상점가,,3.0,0.0,,,P1_BINARY_THRESHOLD,True,,,,,
0a3c4a425181b8236cf5,test,치과,T2 동의어,q_치과_05,치아,건강·의료 중 '치과'를 판매·제공하는 매장,5c9ea253-7dff-403a-bcce-60faea858b4a,커피와이유,커피,원주중앙로문화의거리,자율상권구역,강원특별자치도,0.0,0.0,,,RESOLVED_AGREEMENT,False,0,,,,
8238a8235cab55d10dc9,test,치과,T2 동의어,q_치과_05,치아,건강·의료 중 '치과'를 판매·제공하는 매장,76fc41fe-9d93-4256-9cc1-52cbb3c9b057,페리아 치킨,,홍도 골목형상점가,골목형상점가,대전광역시,0.0,0.0,,,RESOLVED_AGREEMENT,False,0,,,,
b69b513fd876fd6e167a,test,치과,T2 동의어,q_치과_05,치아,건강·의료 중 '치과'를 판매·제공하는 매장,2ca498c2-a0bd-4a3e-8ba9-a960c280540a,봉선연합치과,"임플란트, 매복사랑니 발치, 보철, 스케일링, 치과진료",대남대로181번길 골목형상점가,골목형상점가,광주광역시,3.0,3.0,,,RESOLVED_AGREEMENT,False,3,,,,
8c9e5dec101601720633,test,치과,T2 동의어,q_치과_05,치아,건강·의료 중 '치과'를 판매·제공하는 매장,28ffdc86-ff99-40b1-8b77-d738f722289e,아이조아 치과의원,치과의원,혁신도시5구역골목형상점가,골목형상점가,강원특별자치도,3.0,3.0,,,RESOLVED_AGREEMENT,False,3,,,,
491ddfc5329562309bad,test,치과,T2 동의어,q_치과_05,치아,건강·의료 중 '치과'를 판매·제공하는 매장,fc1d3535-a0d5-487f-8e55-1280673d7615,금부치아,주얼리 반지 목걸이 팔찌 귀걸이 등 귀금속 및 보석,백년소상공인,기타,서울특별시,2.0,0.0,,,P1_BINARY_THRESHOLD,True,,,,,
1acf2a5a938b304c46be,test,치과,T2 동의어,q_치과_05,치아,건강·의료 중 '치과'를 판매·제공하는 매장,b33ece3d-1ca7-45e7-92c5-b90f1049c7c4,달보드레 유기농제빵소,"호밀빵, 통밀빵, 치아바타, 바게트등 유기농, 비건전문빵",화성행궁골목형상점가,골목형상점가,경기도,3.0,0.0,,,P1_BINARY_THRESHOLD,True,,,,,
1843728c938393203f51,test,치과,T2 동의어,q_치과_05,치아,건강·의료 중 '치과'를 판매·제공하는 매장,d3c18280-f2a0-4ee6-b3fe-b3d3d2180f98,베네치아,,홍도 골목형상점가,골목형상점가,대전광역시,3.0,0.0,,,P1_BINARY_THRESHOLD,True,,,,,
bca2407f32c088c35b10,test,치과,T2 동의어,q_치과_05,치아,건강·의료 중 '치과'를 판매·제공하는 매장,a337dec0-cc4d-4637-908d-13fe15b4abf3,철물나라,철물,월산먹자골목 골목형상점가,골목형상점가,광주광역시,0.0,0.0,,,RESOLVED_AGREEMENT,False,0,,,,
f3eef6b5276cf218eae7,test,치과,T2 동의어,q_치과_05,치아,건강·의료 중 '치과'를 판매·제공하는 매장,c95c5a3f-3311-4019-a09b-07f1520b2c49,모은치과의원,치아치료,양산호수공원 골목형상점가,골목형상점가,광주광역시,3.0,3.0,,,RESOLVED_AGREEMENT,False,3,,,,
42afbbc524f92d40cfc8,test,치과,T2 동의어,q_치과_05,치아,건강·의료 중 '치과'를 판매·제공하는 매장,013192a9-d34f-4b2a-99f4-e33a2cbf1e72,서울굿모닝치과의원,치과,종촌동골목형상점가,골목형상점가,세종특별자치시,3.0,3.0,,,RESOLVED_AGREEMENT,False,3,,,,
586f6c87c8d0c08e4571,test,치과,T2 동의어,q_치과_05,치아,건강·의료 중 '치과'를 판매·제공하는 매장,7e07909a-2551-4576-93f6-9d8c50f5be75,다모아 치과의원,치과,다산상점가,골목형상점가,경기도,3.0,3.0,,,RESOLVED_AGREEMENT,False,3,,,,
c24c697ded721b23a60d,test,치과,T2 동의어,q_치과_05,치아,건강·의료 중 '치과'를 판매·제공하는 매장,465bf4b2-dfc8-479c-b28f-5407842c4927,믿음치과,임플란트 틀니 교정 보철치료,신가아름마을,골목형상점가,광주광역시,3.0,3.0,,,RESOLVED_AGREEMENT,False,3,,,,
19e0650f07b62361ec27,test,치과,T2 동의어,q_치과_05,치아,건강·의료 중 '치과'를 판매·제공하는 매장,d623def9-239c-4fa7-b07b-defedaf83e7b,인덕원치과의원,치아 치료,인덕원 골목형상점가,골목형상점가,경기도,3.0,3.0,,,RESOLVED_AGREEMENT,False,3,,,,
5926d751af82103f4b0f,test,치과,T2 동의어,q_치과_05,치아,건강·의료 중 '치과'를 판매·제공하는 매장,935845d8-64ce-4735-a8dc-a0b198b46e96,치킨매니아,치킨,천천중심상가 골목형상점가,골목형상점가,경기도,0.0,0.0,,,RESOLVED_AGREEMENT,False,0,,,,
6445fc6fddb6ef9d598a,test,치과,T2 동의어,q_치과_05,치아,건강·의료 중 '치과'를 판매·제공하는 매장,a05436f9-3c84-4954-9983-2b35010e0280,무쳐볶아,한식,임방울거리1구역 골목형상점가,골목형상점가,광주광역시,0.0,0.0,,,RESOLVED_AGREEMENT,False,0,,,,
0e84590cc1a7f07ee227,test,치과,T2 동의어,q_치과_05,치아,건강·의료 중 '치과'를 판매·제공하는 매장,6fb5974d-5d6f-491b-8a8c-5883cdd2fc24,김현오치과,치아,유안초등북길 골목형상점가,골목형상점가,광주광역시,3.0,3.0,,,RESOLVED_AGREEMENT,False,3,,,,
297f19733ebb67d454ab,test,치과,T2 동의어,q_치과_05,치아,건강·의료 중 '치과'를 판매·제공하는 매장,0098c5ef-1296-4b66-899d-68dbda7cb659,연세감동치과,치과,새샘하루 골목형상점가,골목형상점가,세종특별자치시,3.0,3.0,,,RESOLVED_AGREEMENT,False,3,,,,
c68813453aca0fb41586,test,치과,T2 동의어,q_치과_05,치아,건강·의료 중 '치과'를 판매·제공하는 매장,64fbc1fe-0f5f-4f18-8ea9-e859d36e40bd,바른수치과의원,치아치료,화정역상인회 골목형상점가,골목형상점가,광주광역시,3.0,3.0,,,RESOLVED_AGREEMENT,False,3,,,,
ef53319f7c346084a2ab,test,치과,T2 동의어,q_치과_05,치아,건강·의료 중 '치과'를 판매·제공하는 매장,0a1a14d8-f92a-433d-bb79-64d059dc39ae,아파유,체형교정 및 교육,해밀동 골목형상점가,골목형상점가,세종특별자치시,0.0,0.0,,,RESOLVED_AGREEMENT,False,0,,,,
01c7c690a53484b7b185,test,치과,T2 동의어,q_치과_05,치아,건강·의료 중 '치과'를 판매·제공하는 매장,fba59866-17b0-40d7-ad91-2ada4851988b,로치아 지족점,요리,지족반석 골목형상점가,골목형상점가,대전광역시,2.0,0.0,,,P1_BINARY_THRESHOLD,True,,,,,
e1f21b44c85153dadc83,test,치과,T2 동의어,q_치과_05,치아,건강·의료 중 '치과'를 판매·제공하는 매장,20c4cf39-dc98-4781-8991-6f4d04a52d69,아름드리 치과,치아치료,희담길,골목형상점가,광주광역시,3.0,3.0,,,RESOLVED_AGREEMENT,False,3,,,,
31691ce509cf2df52499,test,치과,T2 동의어,q_치과_05,치아,건강·의료 중 '치과'를 판매·제공하는 매장,331fd695-a9e8-4942-a9d8-1504eae5d122,서울방송스피치아카데미학원,,왕십리도선동상점가,자율상권구역,서울특별시,3.0,0.0,,,P1_BINARY_THRESHOLD,True,,,,,
1859be9e0f16e679ce27,test,치과,T2 동의어,q_치과_05,치아,건강·의료 중 '치과'를 판매·제공하는 매장,391ef1d9-0ec7-4b5d-b714-9666ad3043c3,이치과의원,치아,창원 가음정시장,전통시장,경상남도,3.0,3.0,,,RESOLVED_AGREEMENT,False,3,,,,
51287d33024d2bd543d0,test,치과,T2 동의어,q_치과_05,치아,건강·의료 중 '치과'를 판매·제공하는 매장,f802e42f-aa60-4ec7-81ee-42c0820ab7ef,아쿠치아,귀금속 시계 악세사리,충장로123가 상점가,자율상권구역,광주광역시,2.0,0.0,,,P1_BINARY_THRESHOLD,True,,,,,
3b1ebadd615fa33f888e,test,치과,T2 동의어,q_치과_05,치아,건강·의료 중 '치과'를 판매·제공하는 매장,3de6b61a-060a-4eeb-a6f5-2b73bf2317af,다은치과의원,"크라운, 임플란트 등",문화1동 골목형상점가,골목형상점가,대전광역시,3.0,3.0,,,RESOLVED_AGREEMENT,False,3,,,,
49f8b310dbde497fbdec,test,치과,T2 동의어,q_치과_05,치아,건강·의료 중 '치과'를 판매·제공하는 매장,135607e4-b86f-4ee3-8ac8-d8e69133c49a,가지런e류교정치과,치과진료 치아 교정치료,말바우시장,전통시장,광주광역시,3.0,3.0,,,RESOLVED_AGREEMENT,False,3,,,,
e44c14719dbe6c30e89e,test,치과,T2 동의어,q_치과_05,치아,건강·의료 중 '치과'를 판매·제공하는 매장,2d6fddd9-96a7-4cdd-9682-be71d156f70f,루치아,양식,월산구성로 골목형상점가,골목형상점가,광주광역시,2.0,0.0,,,P1_BINARY_THRESHOLD,True,,,,,
b4894042b9448fbd549a,test,치과,T2 동의어,q_치과_05,치아,건강·의료 중 '치과'를 판매·제공하는 매장,920665bd-4e04-44a9-a539-130fa88d6d03,치킨매니아,치킨,태기 숨빛길 골목형상점가,골목형상점가,강원특별자치도,0.0,0.0,,,RESOLVED_AGREEMENT,False,0,,,,
ba0379dda786da604d78,test,치과,T2 동의어,q_치과_05,치아,건강·의료 중 '치과'를 판매·제공하는 매장,7a93091e-27ee-447a-a8fc-16513897e8d3,포기치아 베르데,,노은상가연합 골목형상점가,골목형상점가,대전광역시,3.0,0.0,,,P1_BINARY_THRESHOLD,True,,,,,
81a8ac802a46e083a0f8,test,치과,T2 동의어,q_치과_05,치아,건강·의료 중 '치과'를 판매·제공하는 매장,c259a1d5-1b87-4ca1-bd13-4c6adc4f8f2d,베네치아옴므,,중앙동 문화골목 골목형상점가,골목형상점가,제주특별자치도,3.0,0.0,,,P1_BINARY_THRESHOLD,True,,,,,
f83970dbfb5e2e1962bf,test,치과,T2 동의어,q_치과_05,치아,건강·의료 중 '치과'를 판매·제공하는 매장,ca7a914c-1a6b-4842-b203-1bdec03716c2,최진영치과의원,치아치료,화정역상인회 골목형상점가,골목형상점가,광주광역시,3.0,3.0,,,RESOLVED_AGREEMENT,False,3,,,,
d76892940ed9180f6c0a,test,치과,T2 동의어,q_치과_05,치아,건강·의료 중 '치과'를 판매·제공하는 매장,72a0ab6d-841a-42a8-9797-2e33fc9f2114,포카치아디뽈로,양식,흑석시장골목형상점가,골목형상점가,서울특별시,2.0,0.0,,,P1_BINARY_THRESHOLD,True,,,,,
42758c074389aa5852d2,test,치과,T2 동의어,q_치과_05,치아,건강·의료 중 '치과'를 판매·제공하는 매장,773642d3-18d6-4baf-bb65-97b5d155ed9c,치아림치과의원,의료,봉선로1 골목형상점가,골목형상점가,광주광역시,2.0,3.0,,,P2_GRADED_ONLY,True,,,,,
6c379bb963f4717b7521,test,치과,T2 동의어,q_치과_05,치아,건강·의료 중 '치과'를 판매·제공하는 매장,03f4ec7f-78d2-4184-8295-c29af668d98d,모세대리점(알즈너),발교정구,양양로 골목형상점가,골목형상점가,강원특별자치도,0.0,0.0,,,RESOLVED_AGREEMENT,False,0,,,,
3987debcc0b2fa3fb70d,test,치과,T2 동의어,q_치과_05,치아,건강·의료 중 '치과'를 판매·제공하는 매장,0ff8675c-e9fe-4b29-ad4c-5eb6fe90a350,서울온빛치과의원,치아진료서비스,목동깨비시장(구 목3동시장),전통시장,서울특별시,3.0,3.0,,,RESOLVED_AGREEMENT,False,3,,,,
05a55b5eaa43a70d6a86,test,치과,T2 동의어,q_치과_05,치아,건강·의료 중 '치과'를 판매·제공하는 매장,2cd15b74-98bf-4b16-bcb1-8c03f351d840,치아커,커피 디저트,혁신도시2구역골목형상점가,골목형상점가,강원특별자치도,2.0,0.0,,,P1_BINARY_THRESHOLD,True,,,,,
5ff8ad3842dfd7a3a3b1,test,치과,T2 동의어,q_치과_05,치아,건강·의료 중 '치과'를 판매·제공하는 매장,00fdab59-58f8-4c63-8765-30cb59a78156,도안프라임치과의원,치과진료,목원대 골목형상점가,골목형상점가,대전광역시,3.0,3.0,,,RESOLVED_AGREEMENT,False,3,,,,
9fd786de84f5ff132c4b,test,치과,T2 동의어,q_치과_05,치아,건강·의료 중 '치과'를 판매·제공하는 매장,10620bc2-916b-4e49-ab76-c8e662fb7d40,첨단교정,자세교정,임방울대로 골목형상점가,골목형상점가,광주광역시,0.0,0.0,,,RESOLVED_AGREEMENT,False,0,,,,
90c29d8f99fa84caaa90,test,치과,T2 동의어,q_치과_05,치아,건강·의료 중 '치과'를 판매·제공하는 매장,4cbd7526-5ab9-4975-84a9-5e888989c3fc,열린치과병원,치아 진료,시청앞 골목형상점가,골목형상점가,충청남도,3.0,3.0,,,RESOLVED_AGREEMENT,False,3,,,,
7ae59dd59948c1a97d6e,test,치과,T2 동의어,q_치과_05,치아,건강·의료 중 '치과'를 판매·제공하는 매장,bd34d816-fd5f-455b-9a4c-69608f5f28bc,치킨매니아,치킨,광탄전통시장,전통시장,경기도,0.0,0.0,,,RESOLVED_AGREEMENT,False,0,,,,
f6b1245c1b0e90cfd656,test,치과,T2 동의어,q_치과_05,치아,건강·의료 중 '치과'를 판매·제공하는 매장,57e4c0af-1983-4569-91c8-0aa08fa1298c,예모아,,원주자유시장,전통시장,강원특별자치도,,0.0,Y,,P0_UNCERTAIN_OR_MISSING,True,,,,,
b9744ff87d0eb54912a7,test,치과,T2 동의어,q_치과_05,치아,건강·의료 중 '치과'를 판매·제공하는 매장,0002538c-b8d9-4911-81c7-966789036b09,빛고을 치과의원,의원,세은 골목형상점가,골목형상점가,광주광역시,2.0,3.0,,,P2_GRADED_ONLY,True,,,,,
53585cc18e3bfe4c65d1,test,치과,T4 구어·문장,q_치과_06,이빨 아플 때 가는 곳,건강·의료 중 '치과'를 판매·제공하는 매장,9ef96bab-5f5f-4f83-a600-e7d336653705,간절곳 튀김,음식,반송큰시장,전통시장,부산광역시,0.0,0.0,,,RESOLVED_AGREEMENT,False,0,,,,
6dc25d4aa4b5068cdeb4,test,치과,T4 구어·문장,q_치과_06,이빨 아플 때 가는 곳,건강·의료 중 '치과'를 판매·제공하는 매장,0925524a-cc38-4708-84fe-38f432f1d5e7,뚱플,커피,평택국제중앙시장,전통시장,경기도,0.0,0.0,,,RESOLVED_AGREEMENT,False,0,,,,
4b65c2a257925125fc2c,test,치과,T4 구어·문장,q_치과_06,이빨 아플 때 가는 곳,건강·의료 중 '치과'를 판매·제공하는 매장,c111ac9d-3f3a-405c-a8db-4d127ccda9e2,행복이 있는 곳,잡화,제주로얄쇼핑센터,자율상권구역,제주특별자치도,0.0,0.0,,,RESOLVED_AGREEMENT,False,0,,,,
9414fef6cd4ccb341845,test,치과,T4 구어·문장,q_치과_06,이빨 아플 때 가는 곳,건강·의료 중 '치과'를 판매·제공하는 매장,76a3551b-dae4-4326-92cc-662015aedbfb,쉴 곳,한식,칠성로상점가,자율상권구역,제주특별자치도,0.0,0.0,,,RESOLVED_AGREEMENT,False,0,,,,
03c4eaa06b029f02eba0,test,치과,T4 구어·문장,q_치과_06,이빨 아플 때 가는 곳,건강·의료 중 '치과'를 판매·제공하는 매장,cc64fbc5-3e72-4e9a-be91-c0a02a005357,날개패션,도매(의류),광희패션몰,전통시장,서울특별시,0.0,0.0,,,RESOLVED_AGREEMENT,False,0,,,,
6c437157c13ab079cc27,test,치과,T4 구어·문장,q_치과_06,이빨 아플 때 가는 곳,건강·의료 중 '치과'를 판매·제공하는 매장,8a0d8922-4190-4459-94fc-e79366c4f6f5,백반어때,한식,화순고인돌전통시장,전통시장,전라남도,0.0,0.0,,,RESOLVED_AGREEMENT,False,0,,,,
fce87c076ed23eb1d3ce,test,치과,T4 구어·문장,q_치과_06,이빨 아플 때 가는 곳,건강·의료 중 '치과'를 판매·제공하는 매장,0002538c-b8d9-4911-81c7-966789036b09,빛고을 치과의원,의원,세은 골목형상점가,골목형상점가,광주광역시,2.0,3.0,,,P2_GRADED_ONLY,True,,,,,
79a732df3414c1a83ece,test,치과,T4 구어·문장,q_치과_06,이빨 아플 때 가는 곳,건강·의료 중 '치과'를 판매·제공하는 매장,465bf4b2-dfc8-479c-b28f-5407842c4927,믿음치과,임플란트 틀니 교정 보철치료,신가아름마을,골목형상점가,광주광역시,3.0,3.0,,,RESOLVED_AGREEMENT,False,3,,,,
2e58ab4cd8156cd452c8,test,치과,T4 구어·문장,q_치과_06,이빨 아플 때 가는 곳,건강·의료 중 '치과'를 판매·제공하는 매장,20c4cf39-dc98-4781-8991-6f4d04a52d69,아름드리 치과,치아치료,희담길,골목형상점가,광주광역시,3.0,3.0,,,RESOLVED_AGREEMENT,False,3,,,,
fbefa1725c921843222c,test,치과,T4 구어·문장,q_치과_06,이빨 아플 때 가는 곳,건강·의료 중 '치과'를 판매·제공하는 매장,1e5348e1-295e-4f7d-b73a-2dd2f14c1654,연세늘봄치과의원,임플란트,목동깨비시장(구 목3동시장),전통시장,서울특별시,3.0,3.0,,,RESOLVED_AGREEMENT,False,3,,,,
22b0fa3b7a4e15ce43d4,test,치과,T4 구어·문장,q_치과_06,이빨 아플 때 가는 곳,건강·의료 중 '치과'를 판매·제공하는 매장,0098c5ef-1296-4b66-899d-68dbda7cb659,연세감동치과,치과,새샘하루 골목형상점가,골목형상점가,세종특별자치시,3.0,3.0,,,RESOLVED_AGREEMENT,False,3,,,,
5e6521cea4719afc066d,test,치과,T4 구어·문장,q_치과_06,이빨 아플 때 가는 곳,건강·의료 중 '치과'를 판매·제공하는 매장,af078c6b-c71c-4bde-873f-732a10edecfd,경남상회,야채청과,서울중부시장,전통시장,서울특별시,0.0,0.0,,,RESOLVED_AGREEMENT,False,0,,,,
456aecd0a67e15882b65,test,치과,T4 구어·문장,q_치과_06,이빨 아플 때 가는 곳,건강·의료 중 '치과'를 판매·제공하는 매장,2743811c-5e71-4d2b-aa75-1b0147d44f2d,사우 꽃이 피는 곳,꽃,김포 풍년마을 골목형상점가,골목형상점가,경기도,0.0,0.0,,,RESOLVED_AGREEMENT,False,0,,,,
ae1239092148bbd43846,test,치과,T4 구어·문장,q_치과_06,이빨 아플 때 가는 곳,건강·의료 중 '치과'를 판매·제공하는 매장,275646ee-9cd2-4d7a-8447-d065f37c7d71,봉선e치과의원,임플란트 등,봉선로1 골목형상점가,골목형상점가,광주광역시,3.0,3.0,,,RESOLVED_AGREEMENT,False,3,,,,
f76d8efd400b77e67b35,test,치과,T4 구어·문장,q_치과_06,이빨 아플 때 가는 곳,건강·의료 중 '치과'를 판매·제공하는 매장,24456103-f6b8-46af-8655-82e61d7265d8,커피가 머무르는 곳,커피,반드레길골목형상점가,골목형상점가,서울특별시,0.0,0.0,,,RESOLVED_AGREEMENT,False,0,,,,
2e6e843ee14e363c4e81,test,치과,T4 구어·문장,q_치과_06,이빨 아플 때 가는 곳,건강·의료 중 '치과'를 판매·제공하는 매장,b8e89e46-66be-42e4-b87d-b605bc3b135a,찾아가는 한우,한식,의왕도깨비시장,전통시장,경기도,0.0,0.0,,,RESOLVED_AGREEMENT,False,0,,,,
aeb32fb60f535f486f32,test,치과,T4 구어·문장,q_치과_06,이빨 아플 때 가는 곳,건강·의료 중 '치과'를 판매·제공하는 매장,3ddad914-31aa-49d0-8944-dc50a379cc92,산들촌 때깔공방,의류,성주시장,전통시장,경상북도,0.0,0.0,,,RESOLVED_AGREEMENT,False,0,,,,
3d666be07180c0b7f1e4,test,치과,T4 구어·문장,q_치과_06,이빨 아플 때 가는 곳,건강·의료 중 '치과'를 판매·제공하는 매장,0028aa1f-32df-4fa5-b123-9a5cabf791fa,행복한치과의원,치과,산본로데오거리(구 산본중심상가),자율상권구역,경기도,3.0,3.0,,,RESOLVED_AGREEMENT,False,3,,,,
a656734d2939126e86e5,test,치과,T4 구어·문장,q_치과_06,이빨 아플 때 가는 곳,건강·의료 중 '치과'를 판매·제공하는 매장,175d110f-0579-4d11-81f8-27fb3186f5ae,조금남다른커피,커피,서문시장2지구 종합상가,전통시장,대구광역시,0.0,0.0,,,RESOLVED_AGREEMENT,False,0,,,,
f45887ac3429562235a9,test,치과,T4 구어·문장,q_치과_06,이빨 아플 때 가는 곳,건강·의료 중 '치과'를 판매·제공하는 매장,25cafcf0-21f0-4684-bea5-346fac187e23,서림약국,"양약, 한약",임동 골목형상점가,골목형상점가,광주광역시,0.0,1.0,,,P2_GRADED_ONLY,True,,,,,
5fa1e2d30ce44e19cbe4,test,치과,T4 구어·문장,q_치과_06,이빨 아플 때 가는 곳,건강·의료 중 '치과'를 판매·제공하는 매장,c48e9989-3f9f-4119-beb6-f00ce225d9b6,소주빨,한식,양정자동차마을 골목형상점가,골목형상점가,울산광역시,0.0,0.0,,,RESOLVED_AGREEMENT,False,0,,,,
f4e0c6fef9e3dc0aa38e,test,치과,T4 구어·문장,q_치과_06,이빨 아플 때 가는 곳,건강·의료 중 '치과'를 판매·제공하는 매장,331fd695-a9e8-4942-a9d8-1504eae5d122,서울방송스피치아카데미학원,,왕십리도선동상점가,자율상권구역,서울특별시,3.0,0.0,,,P1_BINARY_THRESHOLD,True,,,,,
8d4e5f5703e5d979cf1f,test,치과,T4 구어·문장,q_치과_06,이빨 아플 때 가는 곳,건강·의료 중 '치과'를 판매·제공하는 매장,34dddc66-7e16-4603-aeda-6a4be0e4c573,간지뽕빨,의류,서문시장(명품프라자상가),전통시장,대구광역시,0.0,0.0,,,RESOLVED_AGREEMENT,False,0,,,,
26aac04ce1002a7e8165,test,치과,T4 구어·문장,q_치과_06,이빨 아플 때 가는 곳,건강·의료 중 '치과'를 판매·제공하는 매장,5e8e70dd-f542-455a-bac7-8e67d543c09b,이선희머리하는곳,미용,학소로 골목형상점가,골목형상점가,광주광역시,0.0,0.0,,,RESOLVED_AGREEMENT,False,0,,,,
a11eb0177bbf11b94bb2,test,치과,T4 구어·문장,q_치과_06,이빨 아플 때 가는 곳,건강·의료 중 '치과'를 판매·제공하는 매장,be9f8c61-892c-48ed-a49d-b63bd032c025,소곳,의류,고투몰(강남터미널지하도상점가),일반지하상점가,서울특별시,0.0,0.0,,,RESOLVED_AGREEMENT,False,0,,,,
a31ec1c7e24d7332ea8b,test,치과,T4 구어·문장,q_치과_06,이빨 아플 때 가는 곳,건강·의료 중 '치과'를 판매·제공하는 매장,def5c3f4-c16f-4c45-b12e-19c99a8cb549,참 착한 정육점,,부천 옥길 골목형상점가,골목형상점가,경기도,0.0,0.0,,,RESOLVED_AGREEMENT,False,0,,,,
e1fd739d8c986ebdcb73,test,치과,T4 구어·문장,q_치과_06,이빨 아플 때 가는 곳,건강·의료 중 '치과'를 판매·제공하는 매장,224b1b62-1aad-4971-b212-d696510ccee6,옷빨,여성의류,원주자유시장,전통시장,강원특별자치도,0.0,0.0,,,RESOLVED_AGREEMENT,False,0,,,,
2c25dc63b600213c5ae5,test,치과,T4 구어·문장,q_치과_06,이빨 아플 때 가는 곳,건강·의료 중 '치과'를 판매·제공하는 매장,e7c75db1-c52f-4574-8798-79a55d8e9846,여긴어때 포자,,울산대바보사거리 골목형상점가,골목형상점가,울산광역시,,0.0,Y,,P0_UNCERTAIN_OR_MISSING,True,,,,,
e951102bd2d061aa793a,test,치과,T4 구어·문장,q_치과_06,이빨 아플 때 가는 곳,건강·의료 중 '치과'를 판매·제공하는 매장,93b62a4d-ec3d-4615-9689-5f60648f177c,요만때,의류,명일전통시장,전통시장,서울특별시,0.0,0.0,,,RESOLVED_AGREEMENT,False,0,,,,
8b3442494e32f4d2d7c2,test,치과,T4 구어·문장,q_치과_06,이빨 아플 때 가는 곳,건강·의료 중 '치과'를 판매·제공하는 매장,0fc4023c-9fa1-4506-ab4d-ca2c3192746f,잘나가는 멋쟁이,여성읠,신부평지하상가,일반지하상점가,인천광역시,0.0,0.0,,,RESOLVED_AGREEMENT,False,0,,,,
744d1407cc9ac382cc11,test,치과,T4 구어·문장,q_치과_06,이빨 아플 때 가는 곳,건강·의료 중 '치과'를 판매·제공하는 매장,afef3eaa-d092-49f8-bc10-6b992ad5fbbe,컷플,미용,선유도역골목형상점가,골목형상점가,서울특별시,0.0,0.0,,,RESOLVED_AGREEMENT,False,0,,,,
7a3cc7c325f97404488c,test,치과,T4 구어·문장,q_치과_06,이빨 아플 때 가는 곳,건강·의료 중 '치과'를 판매·제공하는 매장,bdb973fd-de34-4eb1-863c-38dc720d1cca,아플리케,의류,창원 성원그랜드쇼핑상가,전통시장,경상남도,0.0,0.0,,,RESOLVED_AGREEMENT,False,0,,,,
48123516b6b952b20391,test,치과,T4 구어·문장,q_치과_06,이빨 아플 때 가는 곳,건강·의료 중 '치과'를 판매·제공하는 매장,3834a3d2-9a0e-4422-baa9-61c4a4eec597,요맘때,아동복,동해남부재래시장,전통시장,강원특별자치도,0.0,0.0,,,RESOLVED_AGREEMENT,False,0,,,,
737cca0804ad540c864b,test,치과,T4 구어·문장,q_치과_06,이빨 아플 때 가는 곳,건강·의료 중 '치과'를 판매·제공하는 매장,c0563d68-0f81-4872-8cc5-47594d519241,내가 잘가는 미용실,미용실,김천황금시장,전통시장,경상북도,0.0,0.0,,,RESOLVED_AGREEMENT,False,0,,,,
fcb72e5f987e5f2d1aa0,test,치과,T4 구어·문장,q_치과_06,이빨 아플 때 가는 곳,건강·의료 중 '치과'를 판매·제공하는 매장,e3f1dae9-984b-44fe-a156-97a09f27a303,이모네떡볶이,분식,용인중앙시장,전통시장,경기도,0.0,0.0,,,RESOLVED_AGREEMENT,False,0,,,,
46e1d5e5731362acbd1f,test,치과,T4 구어·문장,q_치과_06,이빨 아플 때 가는 곳,건강·의료 중 '치과'를 판매·제공하는 매장,f772e197-7e0d-4a8f-ac28-a9e12cc57053,때시(時),커피,파랑새원룸상인회 골목형상점가,골목형상점가,광주광역시,0.0,0.0,,,RESOLVED_AGREEMENT,False,0,,,,
8a0bebb080e8c3d3d290,test,치과,T4 구어·문장,q_치과_06,이빨 아플 때 가는 곳,건강·의료 중 '치과'를 판매·제공하는 매장,f04b2731-3052-4241-bb0e-c199b613735f,인생닭빨,한식,표선사거리상점가(골목형상점가),골목형상점가,제주특별자치도,0.0,0.0,,,RESOLVED_AGREEMENT,False,0,,,,
e02a393aebd8b424dd1b,test,치과,T4 구어·문장,q_치과_06,이빨 아플 때 가는 곳,건강·의료 중 '치과'를 판매·제공하는 매장,20db201c-d679-474d-bc8d-23db4c4f0787,곳간정육점,,선화로 골목형상점가,골목형상점가,전북특별자치도,0.0,0.0,,,RESOLVED_AGREEMENT,False,0,,,,
a28ad5587104ce8e824a,test,치과,T4 구어·문장,q_치과_06,이빨 아플 때 가는 곳,건강·의료 중 '치과'를 판매·제공하는 매장,90c0b96d-a710-48dd-b3b3-37e79355541c,찾아가는 고기,축산물,의왕도깨비시장,전통시장,경기도,0.0,0.0,,,RESOLVED_AGREEMENT,False,0,,,,
304ebac9bd7391421167,test,치과,T4 구어·문장,q_치과_06,이빨 아플 때 가는 곳,건강·의료 중 '치과'를 판매·제공하는 매장,04f73ae1-5ba3-4b7a-9168-f300168979df,연세해맑은치과,치과교정과 진료,둔산2동 골목형상점가,골목형상점가,대전광역시,3.0,3.0,,,RESOLVED_AGREEMENT,False,3,,,,
5bf7921435fbcc0040e4,test,치과,T4 구어·문장,q_치과_06,이빨 아플 때 가는 곳,건강·의료 중 '치과'를 판매·제공하는 매장,78b63fe9-0489-4290-8f5c-517e15f86c90,때깔,의류,통영 충무데파트,자율상권구역,경상남도,0.0,0.0,,,RESOLVED_AGREEMENT,False,0,,,,
fe4422459345f0129f25,test,치과,T4 구어·문장,q_치과_06,이빨 아플 때 가는 곳,건강·의료 중 '치과'를 판매·제공하는 매장,44d0bb10-a15d-422a-9dcd-ea89280178f2,접때,,두정동상점가,자율상권구역,충청남도,,0.0,Y,,P0_UNCERTAIN_OR_MISSING,True,,,,,
f972eb054ce0fafdf9de,test,치과,T4 구어·문장,q_치과_06,이빨 아플 때 가는 곳,건강·의료 중 '치과'를 판매·제공하는 매장,391ef1d9-0ec7-4b5d-b714-9666ad3043c3,이치과의원,치아,창원 가음정시장,전통시장,경상남도,3.0,3.0,,,RESOLVED_AGREEMENT,False,3,,,,
28fc6e9cdf56cc8d2326,test,치과,T4 구어·문장,q_치과_06,이빨 아플 때 가는 곳,건강·의료 중 '치과'를 판매·제공하는 매장,013192a9-d34f-4b2a-99f4-e33a2cbf1e72,서울굿모닝치과의원,치과,종촌동골목형상점가,골목형상점가,세종특별자치시,3.0,3.0,,,RESOLVED_AGREEMENT,False,3,,,,
e283d6148db9b9eaefe1,test,치과,T4 구어·문장,q_치과_06,이빨 아플 때 가는 곳,건강·의료 중 '치과'를 판매·제공하는 매장,8dc1ca0f-84e8-4fd3-b883-7c92566f5192,커피어때,,승달 골목형상점가,골목형상점가,,0.0,0.0,,,RESOLVED_AGREEMENT,False,0,,,,
6586a012031969a88611,test,치과,T4 구어·문장,q_치과_06,이빨 아플 때 가는 곳,건강·의료 중 '치과'를 판매·제공하는 매장,60f34431-6960-42f8-aabb-5d0c39d6f6d4,거꾸로 가는 시간,피부 미용,서산번화2로,자율상권구역,충청남도,0.0,0.0,,,RESOLVED_AGREEMENT,False,0,,,,
3247451acec95808b2f7,test,치과,T4 구어·문장,q_치과_06,이빨 아플 때 가는 곳,건강·의료 중 '치과'를 판매·제공하는 매장,dc218305-475a-4684-9222-f7540e9774a7,이플,두발미용,군분로 골목형상점가,골목형상점가,광주광역시,0.0,0.0,,,RESOLVED_AGREEMENT,False,0,,,,
8604c3ac176e9b4730aa,test,치과,T4 구어·문장,q_치과_06,이빨 아플 때 가는 곳,건강·의료 중 '치과'를 판매·제공하는 매장,06261986-3eba-4244-b63f-397460d82f4a,이곳,미용,나주혁신도시 골목형상점가,골목형상점가,전라남도,0.0,0.0,,,RESOLVED_AGREEMENT,False,0,,,,
5beb000d89d6a291e5c5,test,치과,T4 구어·문장,q_치과_06,이빨 아플 때 가는 곳,건강·의료 중 '치과'를 판매·제공하는 매장,2f38c6db-8998-40ae-9edc-d11122415d22,피자는치즈빨,피자,쌍촌로상인회 골목형상점가,골목형상점가,광주광역시,0.0,0.0,,,RESOLVED_AGREEMENT,False,0,,,,
7d0ac4df79954ebabae7,test,치과,T4 구어·문장,q_치과_06,이빨 아플 때 가는 곳,건강·의료 중 '치과'를 판매·제공하는 매장,1a7dc9ec-4251-4532-9fde-76eb94549b69,효정분식,분식,구매탄시장,전통시장,경기도,0.0,0.0,,,RESOLVED_AGREEMENT,False,0,,,,
4fce30c803f1e433243d,test,치과,T4 구어·문장,q_치과_06,이빨 아플 때 가는 곳,건강·의료 중 '치과'를 판매·제공하는 매장,00fdab59-58f8-4c63-8765-30cb59a78156,도안프라임치과의원,치과진료,목원대 골목형상점가,골목형상점가,대전광역시,3.0,3.0,,,RESOLVED_AGREEMENT,False,3,,,,
61cfef67b8e17b017306,test,치과,T4 구어·문장,q_치과_06,이빨 아플 때 가는 곳,건강·의료 중 '치과'를 판매·제공하는 매장,10620bc2-916b-4e49-ab76-c8e662fb7d40,첨단교정,자세교정,임방울대로 골목형상점가,골목형상점가,광주광역시,0.0,0.0,,,RESOLVED_AGREEMENT,False,0,,,,
058d77c56d6af8956d1a,test,치과,T4 구어·문장,q_치과_06,이빨 아플 때 가는 곳,건강·의료 중 '치과'를 판매·제공하는 매장,20e990e4-aaf3-4784-9ba0-caad51d06b23,곳간,한식,수완장덕 골목형상점가,골목형상점가,광주광역시,0.0,0.0,,,RESOLVED_AGREEMENT,False,0,,,,
234bc54293e40c8d3573,test,치과,T4 구어·문장,q_치과_06,이빨 아플 때 가는 곳,건강·의료 중 '치과'를 판매·제공하는 매장,d902c991-278a-4f7a-99ad-a1323d57e744,오돈때,,울산대바보사거리 골목형상점가,골목형상점가,울산광역시,,0.0,Y,,P0_UNCERTAIN_OR_MISSING,True,,,,,
a191a2cf28e19c0ee72c,test,치과,T4 구어·문장,q_치과_06,이빨 아플 때 가는 곳,건강·의료 중 '치과'를 판매·제공하는 매장,ed8d5ff3-8587-4485-9bf1-0f3970aaa0ed,시집가는날,이불,마산 창동통합상가,자율상권구역,경상남도,0.0,0.0,,,RESOLVED_AGREEMENT,False,0,,,,
0df824d28104e0abb78c,test,치과,T4 구어·문장,q_치과_06,이빨 아플 때 가는 곳,건강·의료 중 '치과'를 판매·제공하는 매장,744e7a34-a7b5-4440-a3fa-eacbac721629,육아는 장비빨,아동복,서천특화시장,전통시장,충청남도,0.0,0.0,,,RESOLVED_AGREEMENT,False,0,,,,
414873ea803996ae7602,test,치과,T4 구어·문장,q_치과_06,이빨 아플 때 가는 곳,건강·의료 중 '치과'를 판매·제공하는 매장,0a1a14d8-f92a-433d-bb79-64d059dc39ae,아파유,체형교정 및 교육,해밀동 골목형상점가,골목형상점가,세종특별자치시,0.0,0.0,,,RESOLVED_AGREEMENT,False,0,,,,
2ddf6091c1536bae31cc,test,치과,T4 구어·문장,q_치과_06,이빨 아플 때 가는 곳,건강·의료 중 '치과'를 판매·제공하는 매장,2ca498c2-a0bd-4a3e-8ba9-a960c280540a,봉선연합치과,"임플란트, 매복사랑니 발치, 보철, 스케일링, 치과진료",대남대로181번길 골목형상점가,골목형상점가,광주광역시,3.0,3.0,,,RESOLVED_AGREEMENT,False,3,,,,
5f02c34ca644a7b83d17,test,치과,T4 구어·문장,q_치과_06,이빨 아플 때 가는 곳,건강·의료 중 '치과'를 판매·제공하는 매장,6878d6bd-23f7-4cb3-ad87-56a39983acff,나는 가구다,가구,양동복개상가,전통시장,,0.0,0.0,,,RESOLVED_AGREEMENT,False,0,,,,
4c43b39c745699d34f48,test,치과,T4 구어·문장,q_치과_06,이빨 아플 때 가는 곳,건강·의료 중 '치과'를 판매·제공하는 매장,0e2e755c-8da6-4a62-a7f2-090761b15e55,가는거야 미용실,두발 미용,광복마을3-4길 골목형상점가,골목형상점가,광주광역시,0.0,0.0,,,RESOLVED_AGREEMENT,False,0,,,,
f6ff97c7d3c78d7e08e4,test,치과,T4 구어·문장,q_치과_06,이빨 아플 때 가는 곳,건강·의료 중 '치과'를 판매·제공하는 매장,05188ae9-8616-4d2e-908d-33ae934a38b1,이플,,북삼로인평 골목형상점가,골목형상점가,경상북도,,0.0,Y,,P0_UNCERTAIN_OR_MISSING,True,,,,,
82d50218c20736a4e9f2,test,치과,T4 구어·문장,q_치과_06,이빨 아플 때 가는 곳,건강·의료 중 '치과'를 판매·제공하는 매장,102e0a71-825f-4a01-88c1-026a4842cd35,이플,휴게음식,창원 반송시장,전통시장,경상남도,0.0,0.0,,,RESOLVED_AGREEMENT,False,0,,,,
c9ba0391648f1e361276,test,치과,T4 구어·문장,q_치과_06,이빨 아플 때 가는 곳,건강·의료 중 '치과'를 판매·제공하는 매장,8f2f6e10-2263-4a49-84e9-329707844929,가는길에,기념품,동문재래시장,전통시장,제주특별자치도,0.0,0.0,,,RESOLVED_AGREEMENT,False,0,,,,
8d1791aff0e83ff6ab76,test,치과,T4 구어·문장,q_치과_06,이빨 아플 때 가는 곳,건강·의료 중 '치과'를 판매·제공하는 매장,af841040-0055-4f95-bbe1-b98bb9cf9b59,밀곳,제과,부평깡통시장(구 부산부평시장),전통시장,부산광역시,0.0,0.0,,,RESOLVED_AGREEMENT,False,0,,,,
6e843994afb254cf21e4,test,치과,T4 구어·문장,q_치과_06,이빨 아플 때 가는 곳,건강·의료 중 '치과'를 판매·제공하는 매장,1dc7e3b9-345f-44a6-9b98-2c9ebaaf9f2d,요한이네,가전가구사무용가구냉난방기기업소용주방기구,연제초 앞 골목형상점가,골목형상점가,광주광역시,0.0,0.0,,,RESOLVED_AGREEMENT,False,0,,,,
4131d28b0a46c5a57f7a,test,치과,T4 구어·문장,q_치과_06,이빨 아플 때 가는 곳,건강·의료 중 '치과'를 판매·제공하는 매장,28c082bc-f6a9-4268-81ec-9d69f6468cb1,때깔,의류,하양꿈바우시장,전통시장,경상북도,0.0,0.0,,,RESOLVED_AGREEMENT,False,0,,,,
0e25f2b55c41760915ac,test,치과,T4 구어·문장,q_치과_06,이빨 아플 때 가는 곳,건강·의료 중 '치과'를 판매·제공하는 매장,1eaf6dc3-f0f0-4350-8341-9f6f4334b965,다소곳,옷,전주모래내시장,전통시장,전북특별자치도,0.0,0.0,,,RESOLVED_AGREEMENT,False,0,,,,
db60422e0ea508d66e96,test,치과,T4 구어·문장,q_치과_06,이빨 아플 때 가는 곳,건강·의료 중 '치과'를 판매·제공하는 매장,000d633c-e5d5-4ab7-afea-88785b1eda92,e클린치과의원,치과,상암마을상인회 골목형상점가,골목형상점가,광주광역시,3.0,3.0,,,RESOLVED_AGREEMENT,False,3,,,,
0ab2d85cb5f153ad1c00,test,치과,T4 구어·문장,q_치과_06,이빨 아플 때 가는 곳,건강·의료 중 '치과'를 판매·제공하는 매장,3c6fdfe4-a9c3-4300-88ee-5f48b35d9334,피자는치즈빨,피자,두암2동면앙로 골목형상점가,골목형상점가,광주광역시,0.0,0.0,,,RESOLVED_AGREEMENT,False,0,,,,
76068a70c03f7f7576ff,test,치과,T4 구어·문장,q_치과_06,이빨 아플 때 가는 곳,건강·의료 중 '치과'를 판매·제공하는 매장,135607e4-b86f-4ee3-8ac8-d8e69133c49a,가지런e류교정치과,치과진료 치아 교정치료,말바우시장,전통시장,광주광역시,3.0,3.0,,,RESOLVED_AGREEMENT,False,3,,,,
b5bce8c8a6b7c6ac1adf,test,치과,T4 구어·문장,q_치과_06,이빨 아플 때 가는 곳,건강·의료 중 '치과'를 판매·제공하는 매장,c0cc81b4-89ec-4a70-b6f7-089de1fd92a8,소소한곳,,양산 물금백호마을 골목형상점가,골목형상점가,경상남도,,0.0,Y,,P0_UNCERTAIN_OR_MISSING,True,,,,,
ff7ccc5525036a52ee8f,test,치과,T4 구어·문장,q_치과_06,이빨 아플 때 가는 곳,건강·의료 중 '치과'를 판매·제공하는 매장,cac8d18e-56e2-421f-ae79-d5c045f06678,아리아플레르,식물,수원아이파크시티8단지상가 골목형상점가,골목형상점가,경기도,0.0,0.0,,,RESOLVED_AGREEMENT,False,0,,,,
8d245098404e758992db,test,치과,T4 구어·문장,q_치과_06,이빨 아플 때 가는 곳,건강·의료 중 '치과'를 판매·제공하는 매장,03f4ec7f-78d2-4184-8295-c29af668d98d,모세대리점(알즈너),발교정구,양양로 골목형상점가,골목형상점가,강원특별자치도,0.0,0.0,,,RESOLVED_AGREEMENT,False,0,,,,
fbb267b953e07ae7118a,test,치과,T4 구어·문장,q_치과_06,이빨 아플 때 가는 곳,건강·의료 중 '치과'를 판매·제공하는 매장,72292bd2-2f5b-4c9d-888d-58e337dceb77,고기어때,,동탄그랑파사쥬 상점가,골목형상점가,경기도,0.0,0.0,,,RESOLVED_AGREEMENT,False,0,,,,
15ab9379b2f84e5bc5f6,test,치과,T4 구어·문장,q_치과_06,이빨 아플 때 가는 곳,건강·의료 중 '치과'를 판매·제공하는 매장,19b6e5db-5866-4752-afed-7fa0dc010f81,곳간,한식,태화십리대밭먹거리단지 상점가,자율상권구역,울산광역시,0.0,0.0,,,RESOLVED_AGREEMENT,False,0,,,,
93a00aa6df25ab0e00fd,test,치과,T4 구어·문장,q_치과_06,이빨 아플 때 가는 곳,건강·의료 중 '치과'를 판매·제공하는 매장,01b52fc6-d48d-430d-981d-7623dc5c38ca,가는날이장날,음식,고령대가야시장,전통시장,경상북도,0.0,0.0,,,RESOLVED_AGREEMENT,False,0,,,,
9a49d8c6e54cc32318cf,test,치과,T4 구어·문장,q_치과_06,이빨 아플 때 가는 곳,건강·의료 중 '치과'를 판매·제공하는 매장,3de6b61a-060a-4eeb-a6f5-2b73bf2317af,다은치과의원,"크라운, 임플란트 등",문화1동 골목형상점가,골목형상점가,대전광역시,3.0,3.0,,,RESOLVED_AGREEMENT,False,3,,,,
82f069bd65bc518b83e9,test,치과,T4 구어·문장,q_치과_06,이빨 아플 때 가는 곳,건강·의료 중 '치과'를 판매·제공하는 매장,842f6cf1-6411-4f4b-be23-746d79e31656,섬곳,한식,플레이사계 지오단길 골목형상점가,골목형상점가,제주특별자치도,0.0,0.0,,,RESOLVED_AGREEMENT,False,0,,,,
abc7d19589567c58ad4f,test,치과,T4 구어·문장,q_치과_06,이빨 아플 때 가는 곳,건강·의료 중 '치과'를 판매·제공하는 매장,0ff8675c-e9fe-4b29-ad4c-5eb6fe90a350,서울온빛치과의원,치아진료서비스,목동깨비시장(구 목3동시장),전통시장,서울특별시,3.0,3.0,,,RESOLVED_AGREEMENT,False,3,,,,
df6c153a96790520b47e,test,치과,T4 구어·문장,q_치과_06,이빨 아플 때 가는 곳,건강·의료 중 '치과'를 판매·제공하는 매장,6d8b186f-472d-407e-9d28-323e9237b5b4,이플,음식점,창원 반송시장,전통시장,경상남도,0.0,0.0,,,RESOLVED_AGREEMENT,False,0,,,,
8f8b068b6d8517775c0b,test,치과,T4 구어·문장,q_치과_06,이빨 아플 때 가는 곳,건강·의료 중 '치과'를 판매·제공하는 매장,1013504c-b2d6-4091-8cc1-15eecee0aeff,그래비티코어,운동재활 체형교정,유천택지올림픽길골목형상점가,골목형상점가,강원특별자치도,0.0,0.0,,,RESOLVED_AGREEMENT,False,0,,,,
db42aa80847dc5867679,test,치과,T4 구어·문장,q_치과_06,이빨 아플 때 가는 곳,건강·의료 중 '치과'를 판매·제공하는 매장,1e66f54f-6684-4ee2-bbdb-e21e30ab0207,서플,의류,화운로상인회 골목형상점가,골목형상점가,광주광역시,0.0,0.0,,,RESOLVED_AGREEMENT,False,0,,,,
5c175a74d7b9091dbb4a,test,치과,T4 구어·문장,q_치과_07,치아 치료하는 곳,건강·의료 중 '치과'를 판매·제공하는 매장,3c796233-4258-45ca-a9e9-bd021cee9d0b,강치과의원,치과 치료,행복 북문대로2 골목형상점가,골목형상점가,광주광역시,3.0,3.0,,,RESOLVED_AGREEMENT,False,3,,,,
45f694c33b726e54a49d,test,치과,T4 구어·문장,q_치과_07,치아 치료하는 곳,건강·의료 중 '치과'를 판매·제공하는 매장,64fbc1fe-0f5f-4f18-8ea9-e859d36e40bd,바른수치과의원,치아치료,화정역상인회 골목형상점가,골목형상점가,광주광역시,3.0,3.0,,,RESOLVED_AGREEMENT,False,3,,,,
14b7900b051bb5b3f8bb,test,치과,T4 구어·문장,q_치과_07,치아 치료하는 곳,건강·의료 중 '치과'를 판매·제공하는 매장,04f73ae1-5ba3-4b7a-9168-f300168979df,연세해맑은치과,치과교정과 진료,둔산2동 골목형상점가,골목형상점가,대전광역시,3.0,3.0,,,RESOLVED_AGREEMENT,False,3,,,,
fd7ad0c2402953552cfb,test,치과,T4 구어·문장,q_치과_07,치아 치료하는 곳,건강·의료 중 '치과'를 판매·제공하는 매장,d8d78a6f-ba86-4032-9d06-8f6dbd3a3dda,미술하는 아이들,공방,조종시장,전통시장,경기도,0.0,0.0,,,RESOLVED_AGREEMENT,False,0,,,,
313b6e8b672e97ddf71d,test,치과,T4 구어·문장,q_치과_07,치아 치료하는 곳,건강·의료 중 '치과'를 판매·제공하는 매장,0ff8675c-e9fe-4b29-ad4c-5eb6fe90a350,서울온빛치과의원,치아진료서비스,목동깨비시장(구 목3동시장),전통시장,서울특별시,3.0,3.0,,,RESOLVED_AGREEMENT,False,3,,,,
4b02d6a5fa477ba1dbdf,test,치과,T4 구어·문장,q_치과_07,치아 치료하는 곳,건강·의료 중 '치과'를 판매·제공하는 매장,1df783b0-4b70-4542-a0ce-085b47d08d4a,금빛,귀금속,대구패션주얼리특구,자율상권구역,대구광역시,0.0,0.0,,,RESOLVED_AGREEMENT,False,0,,,,
16d584e9ad0eeb8a025b,test,치과,T4 구어·문장,q_치과_07,치아 치료하는 곳,건강·의료 중 '치과'를 판매·제공하는 매장,b8449cfe-9baf-4659-90be-536243fc5b42,세종365치과의원,치과질환검진 및 치료,나성중앙 골목형상점가,골목형상점가,세종특별자치시,3.0,3.0,,,RESOLVED_AGREEMENT,False,3,,,,
d3551a94664c569aecf0,test,치과,T4 구어·문장,q_치과_07,치아 치료하는 곳,건강·의료 중 '치과'를 판매·제공하는 매장,c17b658e-f178-4aab-9338-b537fb2be41c,금산인삼,건강식품,고척근린시장,전통시장,서울특별시,0.0,0.0,,,RESOLVED_AGREEMENT,False,0,,,,
4b8f78ebff52fd8d85aa,test,치과,T4 구어·문장,q_치과_07,치아 치료하는 곳,건강·의료 중 '치과'를 판매·제공하는 매장,d623def9-239c-4fa7-b07b-defedaf83e7b,인덕원치과의원,치아 치료,인덕원 골목형상점가,골목형상점가,경기도,3.0,3.0,,,RESOLVED_AGREEMENT,False,3,,,,
16de3dd11571e84bd5f6,test,치과,T4 구어·문장,q_치과_07,치아 치료하는 곳,건강·의료 중 '치과'를 판매·제공하는 매장,87dcea56-a04c-43c2-9a78-3ecb4b09ebd0,머리하는 풍경,두발,화정금화로상인회 골목형상점가,골목형상점가,광주광역시,0.0,0.0,,,RESOLVED_AGREEMENT,False,0,,,,
abb6308ff02a73c40666,test,치과,T4 구어·문장,q_치과_07,치아 치료하는 곳,건강·의료 중 '치과'를 판매·제공하는 매장,649b8007-0b49-491a-a626-52edd5088f8a,두산치과,치아치료,첨단호두라 골목형상점가,골목형상점가,광주광역시,3.0,3.0,,,RESOLVED_AGREEMENT,False,3,,,,
3536a8f5f5c4c7cd8df3,test,치과,T4 구어·문장,q_치과_07,치아 치료하는 곳,건강·의료 중 '치과'를 판매·제공하는 매장,10620bc2-916b-4e49-ab76-c8e662fb7d40,첨단교정,자세교정,임방울대로 골목형상점가,골목형상점가,광주광역시,0.0,0.0,,,RESOLVED_AGREEMENT,False,0,,,,
44a6672e625e35290046,test,치과,T4 구어·문장,q_치과_07,치아 치료하는 곳,건강·의료 중 '치과'를 판매·제공하는 매장,275646ee-9cd2-4d7a-8447-d065f37c7d71,봉선e치과의원,임플란트 등,봉선로1 골목형상점가,골목형상점가,광주광역시,3.0,3.0,,,RESOLVED_AGREEMENT,False,3,,,,
0872b84ed4eec6da5eb4,test,치과,T4 구어·문장,q_치과_07,치아 치료하는 곳,건강·의료 중 '치과'를 판매·제공하는 매장,ca7a914c-1a6b-4842-b203-1bdec03716c2,최진영치과의원,치아치료,화정역상인회 골목형상점가,골목형상점가,광주광역시,3.0,3.0,,,RESOLVED_AGREEMENT,False,3,,,,
60cd052ee31816d5f000,test,치과,T4 구어·문장,q_치과_07,치아 치료하는 곳,건강·의료 중 '치과'를 판매·제공하는 매장,aa3e698a-6aa4-4882-b632-bff909cdf6e7,다올래김밥,음식(분식),성남백현카페문화거리,골목형상점가,경기도,0.0,0.0,,,RESOLVED_AGREEMENT,False,0,,,,
ddfa2efdf5020c37531d,test,치과,T4 구어·문장,q_치과_07,치아 치료하는 곳,건강·의료 중 '치과'를 판매·제공하는 매장,0a1a14d8-f92a-433d-bb79-64d059dc39ae,아파유,체형교정 및 교육,해밀동 골목형상점가,골목형상점가,세종특별자치시,0.0,0.0,,,RESOLVED_AGREEMENT,False,0,,,,
bb91dbb2098c2fd58531,test,치과,T4 구어·문장,q_치과_07,치아 치료하는 곳,건강·의료 중 '치과'를 판매·제공하는 매장,0028aa1f-32df-4fa5-b123-9a5cabf791fa,행복한치과의원,치과,산본로데오거리(구 산본중심상가),자율상권구역,경기도,3.0,3.0,,,RESOLVED_AGREEMENT,False,3,,,,
59bafdd67f0af93b7d40,test,치과,T4 구어·문장,q_치과_07,치아 치료하는 곳,건강·의료 중 '치과'를 판매·제공하는 매장,24456103-f6b8-46af-8655-82e61d7265d8,커피가 머무르는 곳,커피,반드레길골목형상점가,골목형상점가,서울특별시,0.0,0.0,,,RESOLVED_AGREEMENT,False,0,,,,
54ba303238c5413c05cd,test,치과,T4 구어·문장,q_치과_07,치아 치료하는 곳,건강·의료 중 '치과'를 판매·제공하는 매장,000d633c-e5d5-4ab7-afea-88785b1eda92,e클린치과의원,치과,상암마을상인회 골목형상점가,골목형상점가,광주광역시,3.0,3.0,,,RESOLVED_AGREEMENT,False,3,,,,
d73a019e07cfd0b894f8,test,치과,T4 구어·문장,q_치과_07,치아 치료하는 곳,건강·의료 중 '치과'를 판매·제공하는 매장,842f6cf1-6411-4f4b-be23-746d79e31656,섬곳,한식,플레이사계 지오단길 골목형상점가,골목형상점가,제주특별자치도,0.0,0.0,,,RESOLVED_AGREEMENT,False,0,,,,
58662e20c0c61061c55c,test,치과,T4 구어·문장,q_치과_07,치아 치료하는 곳,건강·의료 중 '치과'를 판매·제공하는 매장,5f5537e5-9dd0-4175-8de8-ecfdaea2cea4,바디앤솔 필라테스 나성점,필라테스,나성동 골목형상점가,골목형상점가,세종특별자치시,0.0,0.0,,,RESOLVED_AGREEMENT,False,0,,,,
2ce8a395e6fbc1958e97,test,치과,T4 구어·문장,q_치과_07,치아 치료하는 곳,건강·의료 중 '치과'를 판매·제공하는 매장,2cd15b74-98bf-4b16-bcb1-8c03f351d840,치아커,커피 디저트,혁신도시2구역골목형상점가,골목형상점가,강원특별자치도,2.0,0.0,,,P1_BINARY_THRESHOLD,True,,,,,
f6fe02d7300fc4a85392,test,치과,T4 구어·문장,q_치과_07,치아 치료하는 곳,건강·의료 중 '치과'를 판매·제공하는 매장,2743811c-5e71-4d2b-aa75-1b0147d44f2d,사우 꽃이 피는 곳,꽃,김포 풍년마을 골목형상점가,골목형상점가,경기도,0.0,0.0,,,RESOLVED_AGREEMENT,False,0,,,,
cda433365442c167568f,test,치과,T4 구어·문장,q_치과_07,치아 치료하는 곳,건강·의료 중 '치과'를 판매·제공하는 매장,c7746715-821a-4a03-8841-38154e36415e,집밥,,도마달 골목형상점가,골목형상점가,대전광역시,,0.0,Y,,P0_UNCERTAIN_OR_MISSING,True,,,,,
a30892b0077a0e00450f,test,치과,T4 구어·문장,q_치과_07,치아 치료하는 곳,건강·의료 중 '치과'를 판매·제공하는 매장,526d5226-5a90-4377-8ee7-cf95821bdcde,라탄하는 시간,공예품,담양중앙 골목형상점가,골목형상점가,전라남도,0.0,0.0,,,RESOLVED_AGREEMENT,False,0,,,,
599c3513116fcf83d68f,test,치과,T4 구어·문장,q_치과_07,치아 치료하는 곳,건강·의료 중 '치과'를 판매·제공하는 매장,465bf4b2-dfc8-479c-b28f-5407842c4927,믿음치과,임플란트 틀니 교정 보철치료,신가아름마을,골목형상점가,광주광역시,3.0,3.0,,,RESOLVED_AGREEMENT,False,3,,,,
98c08a019c0b0c89aca7,test,치과,T4 구어·문장,q_치과_07,치아 치료하는 곳,건강·의료 중 '치과'를 판매·제공하는 매장,135607e4-b86f-4ee3-8ac8-d8e69133c49a,가지런e류교정치과,치과진료 치아 교정치료,말바우시장,전통시장,광주광역시,3.0,3.0,,,RESOLVED_AGREEMENT,False,3,,,,
f26cfc7206e5e5dd380b,test,치과,T4 구어·문장,q_치과_07,치아 치료하는 곳,건강·의료 중 '치과'를 판매·제공하는 매장,c111ac9d-3f3a-405c-a8db-4d127ccda9e2,행복이 있는 곳,잡화,제주로얄쇼핑센터,자율상권구역,제주특별자치도,0.0,0.0,,,RESOLVED_AGREEMENT,False,0,,,,
bf75c3ba379cab0191c0,test,치과,T4 구어·문장,q_치과_07,치아 치료하는 곳,건강·의료 중 '치과'를 판매·제공하는 매장,db1a81d2-fa76-49e9-80ba-174f85d72363,연세해밀 치과의원,치아치료,해밀동 골목형상점가,골목형상점가,세종특별자치시,3.0,3.0,,,RESOLVED_AGREEMENT,False,3,,,,
c65b932fb16f55cded84,test,치과,T4 구어·문장,q_치과_07,치아 치료하는 곳,건강·의료 중 '치과'를 판매·제공하는 매장,471522f2-c140-4a98-867d-5abda2f03f58,베스트한방병원,치료,금화로상인회 골목형상점가,골목형상점가,광주광역시,1.0,2.0,,,P1_BINARY_THRESHOLD,True,,,,,
52037f3d912d654555eb,test,치과,T4 구어·문장,q_치과_07,치아 치료하는 곳,건강·의료 중 '치과'를 판매·제공하는 매장,06261986-3eba-4244-b63f-397460d82f4a,이곳,미용,나주혁신도시 골목형상점가,골목형상점가,전라남도,0.0,0.0,,,RESOLVED_AGREEMENT,False,0,,,,
37f60d07d66787e19261,test,치과,T4 구어·문장,q_치과_07,치아 치료하는 곳,건강·의료 중 '치과'를 판매·제공하는 매장,be9f8c61-892c-48ed-a49d-b63bd032c025,소곳,의류,고투몰(강남터미널지하도상점가),일반지하상점가,서울특별시,0.0,0.0,,,RESOLVED_AGREEMENT,False,0,,,,
7b3b590fec115988aab5,test,치과,T4 구어·문장,q_치과_07,치아 치료하는 곳,건강·의료 중 '치과'를 판매·제공하는 매장,25e13912-6a81-41d7-900a-12b4077e03b2,으뜸한의원,치료,반석동 골목형상점가,골목형상점가,대전광역시,1.0,2.0,,,P1_BINARY_THRESHOLD,True,,,,,
8740b9a6b65f8ba8da9e,test,치과,T4 구어·문장,q_치과_07,치아 치료하는 곳,건강·의료 중 '치과'를 판매·제공하는 매장,331fd695-a9e8-4942-a9d8-1504eae5d122,서울방송스피치아카데미학원,,왕십리도선동상점가,자율상권구역,서울특별시,3.0,0.0,,,P1_BINARY_THRESHOLD,True,,,,,
fae6c6636bc4bc06f76c,test,치과,T4 구어·문장,q_치과_07,치아 치료하는 곳,건강·의료 중 '치과'를 판매·제공하는 매장,1013504c-b2d6-4091-8cc1-15eecee0aeff,그래비티코어,운동재활 체형교정,유천택지올림픽길골목형상점가,골목형상점가,강원특별자치도,0.0,0.0,,,RESOLVED_AGREEMENT,False,0,,,,
46c106c43dd81e1ae636,test,치과,T4 구어·문장,q_치과_07,치아 치료하는 곳,건강·의료 중 '치과'를 판매·제공하는 매장,0098c5ef-1296-4b66-899d-68dbda7cb659,연세감동치과,치과,새샘하루 골목형상점가,골목형상점가,세종특별자치시,3.0,3.0,,,RESOLVED_AGREEMENT,False,3,,,,
6ae28fe0537997a7ce6a,test,치과,T4 구어·문장,q_치과_07,치아 치료하는 곳,건강·의료 중 '치과'를 판매·제공하는 매장,0002538c-b8d9-4911-81c7-966789036b09,빛고을 치과의원,의원,세은 골목형상점가,골목형상점가,광주광역시,2.0,3.0,,,P2_GRADED_ONLY,True,,,,,
ba7609921d3e8e4c1c65,test,치과,T4 구어·문장,q_치과_07,치아 치료하는 곳,건강·의료 중 '치과'를 판매·제공하는 매장,d121e15f-dff6-4157-99f0-e3a20442838b,경희용운한의원,치료,용운시장,전통시장,대전광역시,1.0,2.0,,,P1_BINARY_THRESHOLD,True,,,,,
5fd137e1db6b407f130c,test,치과,T4 구어·문장,q_치과_07,치아 치료하는 곳,건강·의료 중 '치과'를 판매·제공하는 매장,f802e42f-aa60-4ec7-81ee-42c0820ab7ef,아쿠치아,귀금속 시계 악세사리,충장로123가 상점가,자율상권구역,광주광역시,2.0,0.0,,,P1_BINARY_THRESHOLD,True,,,,,
ca4c4233c2f28b0b8ef5,test,치과,T4 구어·문장,q_치과_07,치아 치료하는 곳,건강·의료 중 '치과'를 판매·제공하는 매장,1b20bf9a-b779-4dde-8d65-d345ed37d667,산타루치아,경양식,안양아크로상가골목형상점가,골목형상점가,경기도,2.0,0.0,,,P1_BINARY_THRESHOLD,True,,,,,
a6a0e6afdfaf540cfc97,test,치과,T4 구어·문장,q_치과_07,치아 치료하는 곳,건강·의료 중 '치과'를 판매·제공하는 매장,ed73e61f-d4aa-4b8e-9e23-d2274a66eee5,머리하는 날,미용,송도용보 골목형상점가,골목형상점가,광주광역시,0.0,0.0,,,RESOLVED_AGREEMENT,False,0,,,,
e33b8b55a51de6ca49a6,test,치과,T4 구어·문장,q_치과_07,치아 치료하는 곳,건강·의료 중 '치과'를 판매·제공하는 매장,4cbd7526-5ab9-4975-84a9-5e888989c3fc,열린치과병원,치아 진료,시청앞 골목형상점가,골목형상점가,충청남도,3.0,3.0,,,RESOLVED_AGREEMENT,False,3,,,,
7ac4f59a37277f4158c4,test,치과,T4 구어·문장,q_치과_07,치아 치료하는 곳,건강·의료 중 '치과'를 판매·제공하는 매장,fba59866-17b0-40d7-ad91-2ada4851988b,로치아 지족점,요리,지족반석 골목형상점가,골목형상점가,대전광역시,2.0,0.0,,,P1_BINARY_THRESHOLD,True,,,,,
0b97d34741d120147dd8,test,치과,T4 구어·문장,q_치과_07,치아 치료하는 곳,건강·의료 중 '치과'를 판매·제공하는 매장,1e5348e1-295e-4f7d-b73a-2dd2f14c1654,연세늘봄치과의원,임플란트,목동깨비시장(구 목3동시장),전통시장,서울특별시,3.0,3.0,,,RESOLVED_AGREEMENT,False,3,,,,
ab180944ec4902396ce3,test,치과,T4 구어·문장,q_치과_07,치아 치료하는 곳,건강·의료 중 '치과'를 판매·제공하는 매장,1bff10f1-3af7-407f-be27-fcf526d6128d,베네치아,음식,지산유원지 상점가,자율상권구역,광주광역시,2.0,0.0,,,P1_BINARY_THRESHOLD,True,,,,,
ed828def82349796cc45,test,치과,T4 구어·문장,q_치과_07,치아 치료하는 곳,건강·의료 중 '치과'를 판매·제공하는 매장,7a93091e-27ee-447a-a8fc-16513897e8d3,포기치아 베르데,,노은상가연합 골목형상점가,골목형상점가,대전광역시,3.0,0.0,,,P1_BINARY_THRESHOLD,True,,,,,
99f385aea4485a5f13d5,test,치과,T4 구어·문장,q_치과_07,치아 치료하는 곳,건강·의료 중 '치과'를 판매·제공하는 매장,2ca498c2-a0bd-4a3e-8ba9-a960c280540a,봉선연합치과,"임플란트, 매복사랑니 발치, 보철, 스케일링, 치과진료",대남대로181번길 골목형상점가,골목형상점가,광주광역시,3.0,3.0,,,RESOLVED_AGREEMENT,False,3,,,,
61632c3d1993386f7590,test,치과,T4 구어·문장,q_치과_07,치아 치료하는 곳,건강·의료 중 '치과'를 판매·제공하는 매장,c25ffb04-ed91-420a-b58b-563cafbcd503,시떼저팬,인테리어소품,㈜르네시떼,전통시장,부산광역시,0.0,0.0,,,RESOLVED_AGREEMENT,False,0,,,,
772a76e0129701514a70,test,치과,T4 구어·문장,q_치과_07,치아 치료하는 곳,건강·의료 중 '치과'를 판매·제공하는 매장,1c48ef6c-d475-4858-8aab-0ee9b8033fdb,면도하는 총각,,순천원도심상점가,자율상권구역,,,0.0,Y,,P0_UNCERTAIN_OR_MISSING,True,,,,,
fceb9ea61ce823b8b7b1,test,치과,T4 구어·문장,q_치과_07,치아 치료하는 곳,건강·의료 중 '치과'를 판매·제공하는 매장,76a3551b-dae4-4326-92cc-662015aedbfb,쉴 곳,한식,칠성로상점가,자율상권구역,제주특별자치도,0.0,0.0,,,RESOLVED_AGREEMENT,False,0,,,,
9b5a2b8b8cf32a6a0a1d,test,치과,T4 구어·문장,q_치과_07,치아 치료하는 곳,건강·의료 중 '치과'를 판매·제공하는 매장,391ef1d9-0ec7-4b5d-b714-9666ad3043c3,이치과의원,치아,창원 가음정시장,전통시장,경상남도,3.0,3.0,,,RESOLVED_AGREEMENT,False,3,,,,
af9973818373846e2865,test,치과,T4 구어·문장,q_치과_07,치아 치료하는 곳,건강·의료 중 '치과'를 판매·제공하는 매장,b1d7242d-f16b-483d-a304-b6eefc117a7e,루치아,기성복,아트프라자,자율상권구역,서울특별시,2.0,0.0,,,P1_BINARY_THRESHOLD,True,,,,,
9304e8cfb68423673f85,test,치과,T4 구어·문장,q_치과_07,치아 치료하는 곳,건강·의료 중 '치과'를 판매·제공하는 매장,dc98d1fc-3eaf-4eaa-a11f-90a637553aae,꽃자리,한옥체험숙박,전주한옥마을 골목형상점가,골목형상점가,전북특별자치도,0.0,0.0,,,RESOLVED_AGREEMENT,False,0,,,,
3dc457e134feec026615,test,치과,T4 구어·문장,q_치과_07,치아 치료하는 곳,건강·의료 중 '치과'를 판매·제공하는 매장,6791acf3-62a4-45f2-87c1-c9cd56489c85,박은영에스테틱,,사리골상점가,자율상권구역,경기도,0.0,0.0,,,RESOLVED_AGREEMENT,False,0,,,,
236e367e638e2cc9f652,test,치과,T4 구어·문장,q_치과_07,치아 치료하는 곳,건강·의료 중 '치과'를 판매·제공하는 매장,d3c18280-f2a0-4ee6-b3fe-b3d3d2180f98,베네치아,,홍도 골목형상점가,골목형상점가,대전광역시,3.0,0.0,,,P1_BINARY_THRESHOLD,True,,,,,
2f4ebcbf85309817dc22,test,치과,T4 구어·문장,q_치과_07,치아 치료하는 곳,건강·의료 중 '치과'를 판매·제공하는 매장,6fb5974d-5d6f-491b-8a8c-5883cdd2fc24,김현오치과,치아,유안초등북길 골목형상점가,골목형상점가,광주광역시,3.0,3.0,,,RESOLVED_AGREEMENT,False,3,,,,
2ab1b2af32473b026f6b,test,치과,T4 구어·문장,q_치과_07,치아 치료하는 곳,건강·의료 중 '치과'를 판매·제공하는 매장,20c4cf39-dc98-4781-8991-6f4d04a52d69,아름드리 치과,치아치료,희담길,골목형상점가,광주광역시,3.0,3.0,,,RESOLVED_AGREEMENT,False,3,,,,
1015e8e6c6faec3dd7b8,test,치과,T4 구어·문장,q_치과_07,치아 치료하는 곳,건강·의료 중 '치과'를 판매·제공하는 매장,3de6b61a-060a-4eeb-a6f5-2b73bf2317af,다은치과의원,"크라운, 임플란트 등",문화1동 골목형상점가,골목형상점가,대전광역시,3.0,3.0,,,RESOLVED_AGREEMENT,False,3,,,,
fcb765ec15c060dea305,test,치과,T4 구어·문장,q_치과_07,치아 치료하는 곳,건강·의료 중 '치과'를 판매·제공하는 매장,13a15c0b-7143-4162-b2f1-7ae9f203b5d7,네일하는 소리,네일,오구구오골목형상점가,골목형상점가,경기도,0.0,0.0,,,RESOLVED_AGREEMENT,False,0,,,,
ce24bc0e139b7ee748f4,test,치과,T4 구어·문장,q_치과_07,치아 치료하는 곳,건강·의료 중 '치과'를 판매·제공하는 매장,67e0a34e-95e2-4c83-befd-43dec2a9aa3d,오늘의 치아바타,,중흥동 큰샘길 골목형상점가,골목형상점가,,3.0,0.0,,,P1_BINARY_THRESHOLD,True,,,,,
6a0d0c18d51106960d33,test,치과,T4 구어·문장,q_치과_07,치아 치료하는 곳,건강·의료 중 '치과'를 판매·제공하는 매장,d02b1495-52ce-40fa-a9ad-a4673b74e9e8,송파마음한의원,치료,방이시장,전통시장,서울특별시,1.0,2.0,,,P1_BINARY_THRESHOLD,True,,,,,
35da07935774ec0f6e54,test,치과,T4 구어·문장,q_치과_07,치아 치료하는 곳,건강·의료 중 '치과'를 판매·제공하는 매장,c95c5a3f-3311-4019-a09b-07f1520b2c49,모은치과의원,치아치료,양산호수공원 골목형상점가,골목형상점가,광주광역시,3.0,3.0,,,RESOLVED_AGREEMENT,False,3,,,,
4ba7b1b13a907739295d,test,치과,T4 구어·문장,q_치과_07,치아 치료하는 곳,건강·의료 중 '치과'를 판매·제공하는 매장,bae658ee-5c98-4ae4-b12c-a5329f442eff,새빛치과의원,치아치료,용산지구 골목형상점가,골목형상점가,광주광역시,3.0,3.0,,,RESOLVED_AGREEMENT,False,3,,,,
283a6d84198292ac56fe,test,치과,T4 구어·문장,q_치과_07,치아 치료하는 곳,건강·의료 중 '치과'를 판매·제공하는 매장,44f0ae81-bd1f-489f-a26b-f17eae7ea79d,미용하는 강아지,,관저상가 골목형상점가,골목형상점가,대전광역시,0.0,0.0,,,RESOLVED_AGREEMENT,False,0,,,,
880708401f4bea589396,test,치과,T4 구어·문장,q_치과_07,치아 치료하는 곳,건강·의료 중 '치과'를 판매·제공하는 매장,81daa6e5-04d4-46ec-9a09-2461470e9ea7,요가하는 나무,요가원,까치산시장,전통시장,서울특별시,0.0,0.0,,,RESOLVED_AGREEMENT,False,0,,,,
db682e6e456c86adcdd9,test,치과,T4 구어·문장,q_치과_07,치아 치료하는 곳,건강·의료 중 '치과'를 판매·제공하는 매장,8753dd1a-9ed0-466a-bf15-ca920d69cbb8,늘푸른병원,치료,월산4동 골목형상점가,골목형상점가,광주광역시,1.0,2.0,,,P1_BINARY_THRESHOLD,True,,,,,
f6ed7c6a94816c521966,test,치과,T4 구어·문장,q_치과_07,치아 치료하는 곳,건강·의료 중 '치과'를 판매·제공하는 매장,91783703-3274-4ef4-93f1-de083cd86644,베네치아,의류,서문시장2지구 종합상가,전통시장,대구광역시,2.0,0.0,,,P1_BINARY_THRESHOLD,True,,,,,
343a247981eff5c5189a,test,치과,T4 구어·문장,q_치과_07,치아 치료하는 곳,건강·의료 중 '치과'를 판매·제공하는 매장,03f4ec7f-78d2-4184-8295-c29af668d98d,모세대리점(알즈너),발교정구,양양로 골목형상점가,골목형상점가,강원특별자치도,0.0,0.0,,,RESOLVED_AGREEMENT,False,0,,,,
37618a84cb7c23c723a5,test,치과,T4 구어·문장,q_치과_07,치아 치료하는 곳,건강·의료 중 '치과'를 판매·제공하는 매장,11cd1c46-68d6-44f2-823a-c34949e9df6e,치유동물병원,반려동물 치료,장덕투게더 골목형상점가,골목형상점가,광주광역시,1.0,2.0,,,P1_BINARY_THRESHOLD,True,,,,,
2896be0d5fdf87aa39e9,test,치과,T4 구어·문장,q_치과_07,치아 치료하는 곳,건강·의료 중 '치과'를 판매·제공하는 매장,c31d11ae-b0a5-4ca0-ab35-efeab3be2763,미소드림치과의원,치아치료,두암2동 도로변 골목형상점가,골목형상점가,광주광역시,3.0,3.0,,,RESOLVED_AGREEMENT,False,3,,,,
bc937114a9905d12b66c,test,치과,T4 구어·문장,q_치과_07,치아 치료하는 곳,건강·의료 중 '치과'를 판매·제공하는 매장,2d6fddd9-96a7-4cdd-9682-be71d156f70f,루치아,양식,월산구성로 골목형상점가,골목형상점가,광주광역시,2.0,0.0,,,P1_BINARY_THRESHOLD,True,,,,,
544f9fc079a19cebb85a,test,치과,T4 구어·문장,q_치과_07,치아 치료하는 곳,건강·의료 중 '치과'를 판매·제공하는 매장,773642d3-18d6-4baf-bb65-97b5d155ed9c,치아림치과의원,의료,봉선로1 골목형상점가,골목형상점가,광주광역시,2.0,3.0,,,P2_GRADED_ONLY,True,,,,,
19cc7819d8f43585cc41,test,치과,T4 구어·문장,q_치과_07,치아 치료하는 곳,건강·의료 중 '치과'를 판매·제공하는 매장,00fdab59-58f8-4c63-8765-30cb59a78156,도안프라임치과의원,치과진료,목원대 골목형상점가,골목형상점가,대전광역시,3.0,3.0,,,RESOLVED_AGREEMENT,False,3,,,,
079050603416423d1741,test,치과,T4 구어·문장,q_치과_07,치아 치료하는 곳,건강·의료 중 '치과'를 판매·제공하는 매장,013192a9-d34f-4b2a-99f4-e33a2cbf1e72,서울굿모닝치과의원,치과,종촌동골목형상점가,골목형상점가,세종특별자치시,3.0,3.0,,,RESOLVED_AGREEMENT,False,3,,,,
fd351657160a28213bcb,test,치과,T6 기계변형,q_치과_08,치과추천,건강·의료 중 '치과'를 판매·제공하는 매장,391ef1d9-0ec7-4b5d-b714-9666ad3043c3,이치과의원,치아,창원 가음정시장,전통시장,경상남도,3.0,3.0,,,RESOLVED_AGREEMENT,False,3,,,,
b64e5a66387d3f59ffe7,test,치과,T6 기계변형,q_치과_08,치과추천,건강·의료 중 '치과'를 판매·제공하는 매장,a8b6cf7a-28c9-4b75-8edf-1c7a23b8350d,연세 자연 치과,치과의료,금암동 골목형상점가,골목형상점가,충청남도,3.0,3.0,,,RESOLVED_AGREEMENT,False,3,,,,
e70509cc39a1f389b841,test,치과,T6 기계변형,q_치과_08,치과추천,건강·의료 중 '치과'를 판매·제공하는 매장,000d633c-e5d5-4ab7-afea-88785b1eda92,e클린치과의원,치과,상암마을상인회 골목형상점가,골목형상점가,광주광역시,3.0,3.0,,,RESOLVED_AGREEMENT,False,3,,,,
abcc6d80057c979d9c44,test,치과,T6 기계변형,q_치과_08,치과추천,건강·의료 중 '치과'를 판매·제공하는 매장,0ff8675c-e9fe-4b29-ad4c-5eb6fe90a350,서울온빛치과의원,치아진료서비스,목동깨비시장(구 목3동시장),전통시장,서울특별시,3.0,3.0,,,RESOLVED_AGREEMENT,False,3,,,,
e325eed60f37993cd649,test,치과,T6 기계변형,q_치과_08,치과추천,건강·의료 중 '치과'를 판매·제공하는 매장,80c4738a-934b-4b41-9de9-a82a5967a614,천외천,한식,상봉먹자골목형상점가,골목형상점가,서울특별시,0.0,0.0,,,RESOLVED_AGREEMENT,False,0,,,,
6489303b0416c7cd65d7,test,치과,T6 기계변형,q_치과_08,치과추천,건강·의료 중 '치과'를 판매·제공하는 매장,8caa8946-84c8-4e0b-9a76-bb88a47d8c17,이근혁치과,치과의원,자양15번가골목형상점가,골목형상점가,서울특별시,3.0,3.0,,,RESOLVED_AGREEMENT,False,3,,,,
24f74f3c60f05cf4813e,test,치과,T6 기계변형,q_치과_08,치과추천,건강·의료 중 '치과'를 판매·제공하는 매장,331fd695-a9e8-4942-a9d8-1504eae5d122,서울방송스피치아카데미학원,,왕십리도선동상점가,자율상권구역,서울특별시,3.0,0.0,,,P1_BINARY_THRESHOLD,True,,,,,
56c8662e7cd368c9d397,test,치과,T6 기계변형,q_치과_08,치과추천,건강·의료 중 '치과'를 판매·제공하는 매장,275646ee-9cd2-4d7a-8447-d065f37c7d71,봉선e치과의원,임플란트 등,봉선로1 골목형상점가,골목형상점가,광주광역시,3.0,3.0,,,RESOLVED_AGREEMENT,False,3,,,,
f662fd7e34ec4b2203e6,test,치과,T6 기계변형,q_치과_08,치과추천,건강·의료 중 '치과'를 판매·제공하는 매장,f2c8979e-6461-4b9f-b47b-eee962d3daef,옳치과,치과의원,수지성복플러스 골목형상점가,골목형상점가,경기도,3.0,3.0,,,RESOLVED_AGREEMENT,False,3,,,,
a05e84cc34b227c1762a,test,치과,T6 기계변형,q_치과_08,치과추천,건강·의료 중 '치과'를 판매·제공하는 매장,87ec1fe1-c329-43ad-bd36-ad2b1ae6b95c,이야기 치과의원,치과의원,포수말 골목형상점가,골목형상점가,서울특별시,3.0,3.0,,,RESOLVED_AGREEMENT,False,3,,,,
a8d06c8c1e4710890798,test,치과,T6 기계변형,q_치과_08,치과추천,건강·의료 중 '치과'를 판매·제공하는 매장,a2fb1df1-f703-4777-a006-2302ba8b3506,대광치과의원,치과,상무중앙상인회 골목형상점가,골목형상점가,광주광역시,3.0,3.0,,,RESOLVED_AGREEMENT,False,3,,,,
1981d7086e625a552aff,test,치과,T6 기계변형,q_치과_08,치과추천,건강·의료 중 '치과'를 판매·제공하는 매장,b842c553-1530-4353-b832-7d90c228fc47,미소를 드림 치과,치과,풍암벚꽃길상인회 골목형상점가,골목형상점가,광주광역시,3.0,3.0,,,RESOLVED_AGREEMENT,False,3,,,,
bfb593d6846c597b8bed,test,치과,T6 기계변형,q_치과_08,치과추천,건강·의료 중 '치과'를 판매·제공하는 매장,4b44e31c-3e17-46c6-853d-19f061db9d50,김학동 치과의원,치과,도봉산옛길골목형상점가,골목형상점가,서울특별시,3.0,3.0,,,RESOLVED_AGREEMENT,False,3,,,,
8ee8e59e4f9e23cebf0f,test,치과,T6 기계변형,q_치과_08,치과추천,건강·의료 중 '치과'를 판매·제공하는 매장,aaa409a2-3a65-4df8-807c-8acd55119e8f,미포인트 치과,치과,목원대 골목형상점가,골목형상점가,대전광역시,3.0,3.0,,,RESOLVED_AGREEMENT,False,3,,,,
2499a03529d0128c3b09,test,치과,T6 기계변형,q_치과_08,치과추천,건강·의료 중 '치과'를 판매·제공하는 매장,8d9f195c-231f-479a-a759-f2639f2a34bd,전치과의원,치과,서산시장길 골목형상점가,골목형상점가,충청남도,3.0,3.0,,,RESOLVED_AGREEMENT,False,3,,,,
caefc2683fc086b0da6c,test,치과,T6 기계변형,q_치과_08,치과추천,건강·의료 중 '치과'를 판매·제공하는 매장,d67e357c-f91e-41ab-b218-fc67945b700a,가지런이 치과교정과 치과의원,치과의원,빛가람 하나로 골목형상점가,골목형상점가,전라남도,3.0,3.0,,,RESOLVED_AGREEMENT,False,3,,,,
69d06745bb2ff5dbfc98,test,치과,T6 기계변형,q_치과_08,치과추천,건강·의료 중 '치과'를 판매·제공하는 매장,c51f3ba8-be6b-4678-8ab7-413adbb80da1,휴치과의원,치과,상무백운상인회 골목형상점가,골목형상점가,광주광역시,3.0,3.0,,,RESOLVED_AGREEMENT,False,3,,,,
d2528ff006253ca91407,test,치과,T6 기계변형,q_치과_08,치과추천,건강·의료 중 '치과'를 판매·제공하는 매장,20c4cf39-dc98-4781-8991-6f4d04a52d69,아름드리 치과,치아치료,희담길,골목형상점가,광주광역시,3.0,3.0,,,RESOLVED_AGREEMENT,False,3,,,,
1a3273833e23c28b4bf1,test,치과,T6 기계변형,q_치과_08,치과추천,건강·의료 중 '치과'를 판매·제공하는 매장,e3e146d7-21f9-40b1-a01a-8df432f1ce48,필치과,치과,평촌1번가 상점가,자율상권구역,경기도,3.0,3.0,,,RESOLVED_AGREEMENT,False,3,,,,
59102970a30c2ee540e7,test,치과,T6 기계변형,q_치과_08,치과추천,건강·의료 중 '치과'를 판매·제공하는 매장,22d1e0ec-d4b4-4b09-9a8b-3e8d471a84c4,해바라기 치과의원,치과,구성언남 골목형상점가,골목형상점가,경기도,3.0,3.0,,,RESOLVED_AGREEMENT,False,3,,,,
cfe632665fc461056bb3,test,치과,T6 기계변형,q_치과_08,치과추천,건강·의료 중 '치과'를 판매·제공하는 매장,5cd3118f-e354-4e05-85f3-7d638d3e771b,치과라,치과,송정벚꽃골목형상점가,골목형상점가,서울특별시,3.0,3.0,,,RESOLVED_AGREEMENT,False,3,,,,
c1f622610883c157f94f,test,치과,T6 기계변형,q_치과_08,치과추천,건강·의료 중 '치과'를 판매·제공하는 매장,03f4ec7f-78d2-4184-8295-c29af668d98d,모세대리점(알즈너),발교정구,양양로 골목형상점가,골목형상점가,강원특별자치도,0.0,0.0,,,RESOLVED_AGREEMENT,False,0,,,,
6ec4ac3515e14d417cdd,test,치과,T6 기계변형,q_치과_08,치과추천,건강·의료 중 '치과'를 판매·제공하는 매장,d8c5eedf-7d2d-4c7b-973d-32c576ce5969,길치과의원,치과,주월리 골목형상점가,골목형상점가,광주광역시,3.0,3.0,,,RESOLVED_AGREEMENT,False,3,,,,
23e70e9563c50c2311e1,test,치과,T6 기계변형,q_치과_08,치과추천,건강·의료 중 '치과'를 판매·제공하는 매장,4c57a4c2-9b02-4d56-9e61-102f75b826db,설인택치과,치과의원,여수서시장주변시장,전통시장,전라남도,3.0,3.0,,,RESOLVED_AGREEMENT,False,3,,,,
0d6e293042dbde317433,test,치과,T6 기계변형,q_치과_08,치과추천,건강·의료 중 '치과'를 판매·제공하는 매장,1bc33890-a1fe-4ee8-88c7-e8c265daeaf0,최성렬치과,치과,전방의거리 골목형상점가,골목형상점가,인천광역시,3.0,3.0,,,RESOLVED_AGREEMENT,False,3,,,,
41ddb7075aa5d1338252,test,치과,T6 기계변형,q_치과_08,치과추천,건강·의료 중 '치과'를 판매·제공하는 매장,ff3dbb55-d2e2-4985-9f4f-2f54a2c000e8,뉴욕플란트 치과,치과,남양주장현전통시장,전통시장,경기도,3.0,3.0,,,RESOLVED_AGREEMENT,False,3,,,,
e22bbce2dbaaf1c7fa5a,test,치과,T6 기계변형,q_치과_08,치과추천,건강·의료 중 '치과'를 판매·제공하는 매장,3de6b61a-060a-4eeb-a6f5-2b73bf2317af,다은치과의원,"크라운, 임플란트 등",문화1동 골목형상점가,골목형상점가,대전광역시,3.0,3.0,,,RESOLVED_AGREEMENT,False,3,,,,
80d6b9a9eca8ebd2d288,test,치과,T6 기계변형,q_치과_08,치과추천,건강·의료 중 '치과'를 판매·제공하는 매장,bb5fbdf1-4731-403c-97f3-fe166bf93899,핑크 엄브렐라,음료 및 베이커리,반석동 골목형상점가,골목형상점가,대전광역시,0.0,0.0,,,RESOLVED_AGREEMENT,False,0,,,,
6f15249b7261222fa126,test,치과,T6 기계변형,q_치과_08,치과추천,건강·의료 중 '치과'를 판매·제공하는 매장,34b07070-b0fc-4a20-867d-8f218532bc0d,이룸치과,치과,첨단아미 골목형상점가,골목형상점가,광주광역시,3.0,3.0,,,RESOLVED_AGREEMENT,False,3,,,,
77da44084813805565d0,test,치과,T6 기계변형,q_치과_08,치과추천,건강·의료 중 '치과'를 판매·제공하는 매장,0cb60491-ac57-43fb-b3ce-ad404208544e,미소최치과의원,치과,영등포 로타리상가 골목형상점가,골목형상점가,서울특별시,3.0,3.0,,,RESOLVED_AGREEMENT,False,3,,,,
6ab8cd349bbb3ce406e5,test,치과,T6 기계변형,q_치과_08,치과추천,건강·의료 중 '치과'를 판매·제공하는 매장,640042a2-11e1-4feb-83b9-ee0316be0202,올봄플란트 치과,치과의료,병점중심상가,자율상권구역,경기도,3.0,3.0,,,RESOLVED_AGREEMENT,False,3,,,,
dfc7ef0505f0e2c861d5,test,치과,T6 기계변형,q_치과_08,치과추천,건강·의료 중 '치과'를 판매·제공하는 매장,7bd701e6-606a-4f8c-bc8d-2c35b34348a1,서울휴치과의원,치과,두텁바위 골목형상점가,골목형상점가,서울특별시,3.0,3.0,,,RESOLVED_AGREEMENT,False,3,,,,
aaccc12b247448280d67,test,치과,T6 기계변형,q_치과_08,치과추천,건강·의료 중 '치과'를 판매·제공하는 매장,d6bad3c3-cfe5-482f-a673-fd2df3a1f8e8,엄마세탁수선,옷수선,오산원동상점가,골목형상점가,경기도,0.0,0.0,,,RESOLVED_AGREEMENT,False,0,,,,
1f8e61b0d05065ded207,test,치과,T6 기계변형,q_치과_08,치과추천,건강·의료 중 '치과'를 판매·제공하는 매장,5cc4fd29-f56a-411d-b3ef-88397ebe2e85,동양천막기업,천막,발산마을상인회 골목형상점가,골목형상점가,광주광역시,0.0,0.0,,,RESOLVED_AGREEMENT,False,0,,,,
8539a686b82b6680099c,test,치과,T6 기계변형,q_치과_08,치과추천,건강·의료 중 '치과'를 판매·제공하는 매장,2ca498c2-a0bd-4a3e-8ba9-a960c280540a,봉선연합치과,"임플란트, 매복사랑니 발치, 보철, 스케일링, 치과진료",대남대로181번길 골목형상점가,골목형상점가,광주광역시,3.0,3.0,,,RESOLVED_AGREEMENT,False,3,,,,
ad72ef38e4382cb6c699,test,치과,T6 기계변형,q_치과_08,치과추천,건강·의료 중 '치과'를 판매·제공하는 매장,17a0ae98-e70b-4f7b-8db2-8bfc8bc18b97,햇살가득 치과교정과 치과의원,치과진료,더불어용두 골목형상점가,골목형상점가,광주광역시,3.0,3.0,,,RESOLVED_AGREEMENT,False,3,,,,
0e76b911081f20e0d509,test,치과,T6 기계변형,q_치과_08,치과추천,건강·의료 중 '치과'를 판매·제공하는 매장,465bf4b2-dfc8-479c-b28f-5407842c4927,믿음치과,임플란트 틀니 교정 보철치료,신가아름마을,골목형상점가,광주광역시,3.0,3.0,,,RESOLVED_AGREEMENT,False,3,,,,
5c2c29e6d6ee7f0bcc70,test,치과,T6 기계변형,q_치과_08,치과추천,건강·의료 중 '치과'를 판매·제공하는 매장,e54b8ed1-f5ea-44e9-a2b4-9a7991a3520b,서울꼭치과의원,치과,"지웰시티몰 1,2단지 골목형상점가",골목형상점가,충청남도,3.0,3.0,,,RESOLVED_AGREEMENT,False,3,,,,
58d3c6507a79e7608786,test,치과,T6 기계변형,q_치과_08,치과추천,건강·의료 중 '치과'를 판매·제공하는 매장,0a1a14d8-f92a-433d-bb79-64d059dc39ae,아파유,체형교정 및 교육,해밀동 골목형상점가,골목형상점가,세종특별자치시,0.0,0.0,,,RESOLVED_AGREEMENT,False,0,,,,
9f840d6ae984ea644a39,test,치과,T6 기계변형,q_치과_08,치과추천,건강·의료 중 '치과'를 판매·제공하는 매장,989224fe-1919-4048-9ea2-21885da3a601,최택휴치과의원,치과,남구 용대로 골목형상점가,골목형상점가,광주광역시,3.0,3.0,,,RESOLVED_AGREEMENT,False,3,,,,
c101d6c01e012678c98e,test,치과,T6 기계변형,q_치과_08,치과추천,건강·의료 중 '치과'를 판매·제공하는 매장,5079f032-d73d-407a-b312-d5e298ae8d72,선 치과,치과,풍향골 골목형상점가,골목형상점가,광주광역시,3.0,3.0,,,RESOLVED_AGREEMENT,False,3,,,,
d575598c9a989fbfe63a,test,치과,T6 기계변형,q_치과_08,치과추천,건강·의료 중 '치과'를 판매·제공하는 매장,00fdab59-58f8-4c63-8765-30cb59a78156,도안프라임치과의원,치과진료,목원대 골목형상점가,골목형상점가,대전광역시,3.0,3.0,,,RESOLVED_AGREEMENT,False,3,,,,
5167d67baee8e0abd3cc,test,치과,T6 기계변형,q_치과_08,치과추천,건강·의료 중 '치과'를 판매·제공하는 매장,bf1b8a06-2b05-4057-baa7-7667292aceab,희망등대 치과의원,치과,모란시장 쉼터길 골목형상점가,골목형상점가,경기도,3.0,3.0,,,RESOLVED_AGREEMENT,False,3,,,,
797c911092faac29358e,test,치과,T6 기계변형,q_치과_08,치과추천,건강·의료 중 '치과'를 판매·제공하는 매장,2191178d-6946-45f7-9663-a7c371a6e9ff,이지플란트 치과,치과의원,동천동먹자골목2번가상인회 골목형상점가,골목형상점가,광주광역시,3.0,3.0,,,RESOLVED_AGREEMENT,False,3,,,,
e0e4aaeb3977cdc76009,test,치과,T6 기계변형,q_치과_08,치과추천,건강·의료 중 '치과'를 판매·제공하는 매장,7deb8c24-eebc-4411-8b9e-7344def40922,상치과,치과,스타프라자전통시장,전통시장,경기도,3.0,3.0,,,RESOLVED_AGREEMENT,False,3,,,,
3f658fc451f3839fb410,test,치과,T6 기계변형,q_치과_08,치과추천,건강·의료 중 '치과'를 판매·제공하는 매장,135607e4-b86f-4ee3-8ac8-d8e69133c49a,가지런e류교정치과,치과진료 치아 교정치료,말바우시장,전통시장,광주광역시,3.0,3.0,,,RESOLVED_AGREEMENT,False,3,,,,
bb928fcaf725da0ab39c,test,치과,T6 기계변형,q_치과_08,치과추천,건강·의료 중 '치과'를 판매·제공하는 매장,93f1e979-4039-4169-91a4-6757ab5abbdb,연치과,치과,북부서 맞은편 골목형상점가,골목형상점가,광주광역시,3.0,3.0,,,RESOLVED_AGREEMENT,False,3,,,,
00fc2920c0054ab5c274,test,치과,T6 기계변형,q_치과_08,치과추천,건강·의료 중 '치과'를 판매·제공하는 매장,87ef17ae-f4fc-43be-991a-57f9139bac1b,서울으뜸치과의원,치과,사강시장,전통시장,경기도,3.0,3.0,,,RESOLVED_AGREEMENT,False,3,,,,
d21cc4461e768f653307,test,치과,T6 기계변형,q_치과_08,치과추천,건강·의료 중 '치과'를 판매·제공하는 매장,6a898403-ebf4-41bb-b69f-85c18b469842,이마을치과,치과,봉선로2 골목형상점가,골목형상점가,광주광역시,3.0,3.0,,,RESOLVED_AGREEMENT,False,3,,,,
a2007f8806555e642ef3,test,치과,T6 기계변형,q_치과_08,치과추천,건강·의료 중 '치과'를 판매·제공하는 매장,96a40d27-9ca5-435f-ac04-43e2853e7dcb,태후사랑,미용,묵동도깨비시장골목형상점가,골목형상점가,서울특별시,0.0,0.0,,,RESOLVED_AGREEMENT,False,0,,,,
937f7292a66513d1304d,test,치과,T6 기계변형,q_치과_08,치과추천,건강·의료 중 '치과'를 판매·제공하는 매장,7e07909a-2551-4576-93f6-9d8c50f5be75,다모아 치과의원,치과,다산상점가,골목형상점가,경기도,3.0,3.0,,,RESOLVED_AGREEMENT,False,3,,,,
6aee816b3581267c0a4e,test,치과,T6 기계변형,q_치과_08,치과추천,건강·의료 중 '치과'를 판매·제공하는 매장,6d12d594-a129-42eb-89c4-276cdf60dc5a,당산치과,치과,당산이음 골목형상점가,골목형상점가,서울특별시,3.0,3.0,,,RESOLVED_AGREEMENT,False,3,,,,
04c712d1afe61dec4578,test,치과,T6 기계변형,q_치과_08,치과추천,건강·의료 중 '치과'를 판매·제공하는 매장,91530d38-2365-42c3-9f91-467594eeeaa1,서울 림 치과,치과의원,연경바경빌딩 골목형상점가,골목형상점가,대구광역시,3.0,3.0,,,RESOLVED_AGREEMENT,False,3,,,,
731b0f5aa42683ce27ee,test,치과,T6 기계변형,q_치과_08,치과추천,건강·의료 중 '치과'를 판매·제공하는 매장,9bc35632-0aab-4050-a009-7702a6b77a7b,금촌치과,치과,금촌명동로시장,전통시장,경기도,3.0,3.0,,,RESOLVED_AGREEMENT,False,3,,,,
1301149f305b46510773,test,치과,T6 기계변형,q_치과_08,치과추천,건강·의료 중 '치과'를 판매·제공하는 매장,ec9a7180-e55f-43f7-91c9-316e7984315b,클리브랜드 치과교정과 치과의원,치과의원,금화상인회 골목형상점가,골목형상점가,광주광역시,3.0,3.0,,,RESOLVED_AGREEMENT,False,3,,,,
7ed1db0b2c39a5f7090d,test,치과,T6 기계변형,q_치과_08,치과추천,건강·의료 중 '치과'를 판매·제공하는 매장,3a92995d-8fe7-41ba-819b-9264a1bd9449,이좋은 치과의원,치과,장미원골목시장,전통시장,서울특별시,3.0,3.0,,,RESOLVED_AGREEMENT,False,3,,,,
4deed223907ab34d7d3f,test,치과,T6 기계변형,q_치과_08,치과추천,건강·의료 중 '치과'를 판매·제공하는 매장,013192a9-d34f-4b2a-99f4-e33a2cbf1e72,서울굿모닝치과의원,치과,종촌동골목형상점가,골목형상점가,세종특별자치시,3.0,3.0,,,RESOLVED_AGREEMENT,False,3,,,,
8df35d75700d6069d06d,test,치과,T6 기계변형,q_치과_08,치과추천,건강·의료 중 '치과'를 판매·제공하는 매장,10620bc2-916b-4e49-ab76-c8e662fb7d40,첨단교정,자세교정,임방울대로 골목형상점가,골목형상점가,광주광역시,0.0,0.0,,,RESOLVED_AGREEMENT,False,0,,,,
329f65f2794739aaed83,test,치과,T6 기계변형,q_치과_08,치과추천,건강·의료 중 '치과'를 판매·제공하는 매장,0098c5ef-1296-4b66-899d-68dbda7cb659,연세감동치과,치과,새샘하루 골목형상점가,골목형상점가,세종특별자치시,3.0,3.0,,,RESOLVED_AGREEMENT,False,3,,,,
9fc27f43c6d536de43f3,test,치과,T6 기계변형,q_치과_08,치과추천,건강·의료 중 '치과'를 판매·제공하는 매장,dd015436-256a-4582-b437-28ecdfc5867a,서울 건 치과의원,치과,양지중앙 골목형상점가,골목형상점가,경기도,3.0,3.0,,,RESOLVED_AGREEMENT,False,3,,,,
9df0773e3dfbc6d36cad,test,치과,T6 기계변형,q_치과_08,치과추천,건강·의료 중 '치과'를 판매·제공하는 매장,dd34831b-29df-4308-9120-27d5bbbe6362,소치과,치과,금화상인회 골목형상점가,골목형상점가,광주광역시,3.0,3.0,,,RESOLVED_AGREEMENT,False,3,,,,
3aa02769a63af11e9aff,test,치과,T6 기계변형,q_치과_08,치과추천,건강·의료 중 '치과'를 판매·제공하는 매장,f164af55-8a13-4860-96fa-e9566b8cd00d,흰돌치과의원,치과,안골광장 골목형상점가,골목형상점가,전북특별자치도,3.0,3.0,,,RESOLVED_AGREEMENT,False,3,,,,
0f97d5821deea6a0eb8c,test,치과,T6 기계변형,q_치과_08,치과추천,건강·의료 중 '치과'를 판매·제공하는 매장,f607ee50-3e92-496c-8e2c-267b45119d63,슈바이처치과의원,치과,송정역카페거리골목형상점가,골목형상점가,서울특별시,3.0,3.0,,,RESOLVED_AGREEMENT,False,3,,,,
d2b752bb3cd90c95641e,test,치과,T6 기계변형,q_치과_08,치과추천,건강·의료 중 '치과'를 판매·제공하는 매장,989215c5-32ae-4ef5-a78d-138600cb955e,송치과,치과,하당꽃길1가 골목형상점가,골목형상점가,전라남도,3.0,3.0,,,RESOLVED_AGREEMENT,False,3,,,,
c3ba7ce6560fa3b4624c,test,치과,T6 기계변형,q_치과_08,치과추천,건강·의료 중 '치과'를 판매·제공하는 매장,22fdfe9d-b981-487e-85b4-c9eb1c84cded,조이플치과,치과,샘머리 골목형상점가,골목형상점가,대전광역시,3.0,3.0,,,RESOLVED_AGREEMENT,False,3,,,,
8f1f475285ba7454a462,test,치과,T6 기계변형,q_치과_08,치과추천,건강·의료 중 '치과'를 판매·제공하는 매장,e1c86e18-6ec2-41a2-bd38-41c104456562,셀렉토화성향남2지구,,향남2지구 로데오상가,골목형상점가,경기도,,0.0,Y,,P0_UNCERTAIN_OR_MISSING,True,,,,,
04076d8bf428310d2679,test,치과,T6 기계변형,q_치과_08,치과추천,건강·의료 중 '치과'를 판매·제공하는 매장,7fc834cb-2a07-4b49-a876-d21ac3261328,맥치과,치과의원,사리골상점가,자율상권구역,경기도,3.0,3.0,,,RESOLVED_AGREEMENT,False,3,,,,
40973d175f1f5770e52d,test,치과,T6 기계변형,q_치과_08,치과추천,건강·의료 중 '치과'를 판매·제공하는 매장,3d08ffb4-7687-489e-a63f-d2912926ae80,리건 치과의원,치과의원,불당1번가골목형상점가,골목형상점가,충청남도,3.0,3.0,,,RESOLVED_AGREEMENT,False,3,,,,
a61a92fe7f007737ad35,test,치과,T6 기계변형,q_치과_08,치과추천,건강·의료 중 '치과'를 판매·제공하는 매장,d00ab911-1e29-46a9-b0e9-ae6bf67321e5,수플란트 치과,치과 의료,송촌동상점가,자율상권구역,대전광역시,3.0,3.0,,,RESOLVED_AGREEMENT,False,3,,,,
b26aae2e173ef12cedf7,test,치과,T6 기계변형,q_치과_08,치과추천,건강·의료 중 '치과'를 판매·제공하는 매장,76f95a4a-264c-431a-a0c7-3864ae13037a,형제치과의원,치과,서귀포중심상가번영회,자율상권구역,제주특별자치도,3.0,3.0,,,RESOLVED_AGREEMENT,False,3,,,,
68cc5cf9ae4cb986603a,test,치과,T6 기계변형,q_치과_08,치과추천,건강·의료 중 '치과'를 판매·제공하는 매장,78d22d4e-a4d1-470b-919c-cf3dacd183c7,청치과의원,치과,첨단동행 골목형상점가,골목형상점가,광주광역시,3.0,3.0,,,RESOLVED_AGREEMENT,False,3,,,,
b682ef4007e64bcef7eb,test,치과,T6 기계변형,q_치과_08,치과추천,건강·의료 중 '치과'를 판매·제공하는 매장,9eed7ece-67b4-4ca7-879a-9c2ec5063e2a,부산복해물칼국수,한식,산본로데오거리(구 산본중심상가),자율상권구역,경기도,0.0,0.0,,,RESOLVED_AGREEMENT,False,0,,,,
1ab60bcf5e2a1a0e4fed,test,치과,T6 기계변형,q_치과_08,치과추천,건강·의료 중 '치과'를 판매·제공하는 매장,70e9abbb-612d-4306-8938-d440002d32de,바른우리 치과교정과 치과의원,치과의원,새롬동 골목형상점가,골목형상점가,세종특별자치시,3.0,3.0,,,RESOLVED_AGREEMENT,False,3,,,,
d842a65e581bdea0f610,test,치과,T6 기계변형,q_치과_08,치과추천,건강·의료 중 '치과'를 판매·제공하는 매장,05a6fc86-6dd3-4be4-bf5c-43e9e6e2a9b2,서치과,치과,산본로데오거리(구 산본중심상가),자율상권구역,경기도,3.0,3.0,,,RESOLVED_AGREEMENT,False,3,,,,
676f63c92309eb2dfb7b,test,치과,T6 기계변형,q_치과_08,치과추천,건강·의료 중 '치과'를 판매·제공하는 매장,a1fec92b-0351-4b7f-82f9-b3319928af69,뉴욕치과,치과,부평문화인의거리골목형상점가,골목형상점가,인천광역시,3.0,3.0,,,RESOLVED_AGREEMENT,False,3,,,,
37e9d46af652a91f1226,test,치과,T6 기계변형,q_치과_08,치과추천,건강·의료 중 '치과'를 판매·제공하는 매장,f1e29665-cfe2-47c0-8ac0-e913ba6746b7,한경윤 치과의원,치과,봉선중앙로 골목형상점가,골목형상점가,광주광역시,3.0,3.0,,,RESOLVED_AGREEMENT,False,3,,,,
f90048ac73662ba8eec9,test,치과,T6 기계변형,q_치과_08,치과추천,건강·의료 중 '치과'를 판매·제공하는 매장,fc5ad37e-53e7-4e42-853e-7d730756ab0b,튼튼잇몸치과,치과,운암 다정 골목형상점가,골목형상점가,광주광역시,3.0,3.0,,,RESOLVED_AGREEMENT,False,3,,,,
c8f7efe2f44313a7bd80,test,치과,T6 기계변형,q_치과_08,치과추천,건강·의료 중 '치과'를 판매·제공하는 매장,062acf6f-305e-4670-a107-58f8fe19825c,더월치과,치과,사당1동 먹자골목 상점가,자율상권구역,서울특별시,3.0,3.0,,,RESOLVED_AGREEMENT,False,3,,,,
c35957509996c9f154fa,test,치과,T6 기계변형,q_치과_08,치과추천,건강·의료 중 '치과'를 판매·제공하는 매장,04f73ae1-5ba3-4b7a-9168-f300168979df,연세해맑은치과,치과교정과 진료,둔산2동 골목형상점가,골목형상점가,대전광역시,3.0,3.0,,,RESOLVED_AGREEMENT,False,3,,,,
0dc554d8a88cae50cb76,test,치과,T6 기계변형,q_치과_08,치과추천,건강·의료 중 '치과'를 판매·제공하는 매장,cfa2a005-9397-4671-998f-d24963510305,아루카 치과의원,치과,담양중앙3번가 골목형상점가,골목형상점가,전라남도,3.0,3.0,,,RESOLVED_AGREEMENT,False,3,,,,
2c1cc0ccdde909fc07f5,test,치과,T6 기계변형,q_치과_08,치과추천,건강·의료 중 '치과'를 판매·제공하는 매장,1e5348e1-295e-4f7d-b73a-2dd2f14c1654,연세늘봄치과의원,임플란트,목동깨비시장(구 목3동시장),전통시장,서울특별시,3.0,3.0,,,RESOLVED_AGREEMENT,False,3,,,,
dd9b784ccfd86c40b576,test,치과,T6 기계변형,q_치과_08,치과추천,건강·의료 중 '치과'를 판매·제공하는 매장,1ce0cff3-7771-42df-b3b9-405d44e72ad0,지플란트 치과의원,치과,우산무역 골목형상점가,골목형상점가,광주광역시,3.0,3.0,,,RESOLVED_AGREEMENT,False,3,,,,
b8799ea1488ad3b021ba,test,치과,T6 기계변형,q_치과_08,치과추천,건강·의료 중 '치과'를 판매·제공하는 매장,1013504c-b2d6-4091-8cc1-15eecee0aeff,그래비티코어,운동재활 체형교정,유천택지올림픽길골목형상점가,골목형상점가,강원특별자치도,0.0,0.0,,,RESOLVED_AGREEMENT,False,0,,,,
0fcf402ace3fd64bb881,test,치과,T6 기계변형,q_치과_08,치과추천,건강·의료 중 '치과'를 판매·제공하는 매장,fa419a71-d32e-4030-b145-511f248d8620,김예란치과,치과,큰방림길 골목형상점가,골목형상점가,광주광역시,3.0,3.0,,,RESOLVED_AGREEMENT,False,3,,,,
d95651f2215f61717350,test,치과,T6 기계변형,q_치과_08,치과추천,건강·의료 중 '치과'를 판매·제공하는 매장,79e26070-f7d6-4ee6-9ee0-30497b147974,김상태치과,치과,대남숨길 골목형상점가,골목형상점가,광주광역시,3.0,3.0,,,RESOLVED_AGREEMENT,False,3,,,,
16600fdb5e8b901105c3,test,치과,T6 기계변형,q_치과_08,치과추천,건강·의료 중 '치과'를 판매·제공하는 매장,78c530c4-234d-467e-a26c-03e38ed7efba,홍치과,치과,담양중앙 골목형상점가,골목형상점가,전라남도,3.0,3.0,,,RESOLVED_AGREEMENT,False,3,,,,
ed8e83077c4795d4df28,test,치과,T6 기계변형,q_치과_08,치과추천,건강·의료 중 '치과'를 판매·제공하는 매장,25103c22-0fc8-45af-bcab-b855af228dc0,미소더함 치과교정과 치과의원,치과의원,산성로 상권활성화구역,상권활성화구역,경기도,3.0,3.0,,,RESOLVED_AGREEMENT,False,3,,,,
25fa133cc988c1270201,test,치과,T6 기계변형,q_치과_08,치과추천,건강·의료 중 '치과'를 판매·제공하는 매장,fa7d8c78-3598-4ff2-8863-590483686413,남평치과,치과,남평읍1로 골목형상점가,골목형상점가,전라남도,3.0,3.0,,,RESOLVED_AGREEMENT,False,3,,,,
72129b9220a692f2aceb,test,치과,T6 기계변형,q_치과_08,치과추천,건강·의료 중 '치과'를 판매·제공하는 매장,6ca5a1d0-42dd-4d98-b211-1f64484943c3,애플치과,치과,테크노밸리 골목형상점가,골목형상점가,대전광역시,3.0,3.0,,,RESOLVED_AGREEMENT,False,3,,,,
c01e5ab122548c6ec485,test,치과,T6 기계변형,q_치과_08,치과추천,건강·의료 중 '치과'를 판매·제공하는 매장,85a10df5-ae8b-4a50-b712-12640a613b8d,이루다 치과의원,치과의원,군산디오션시티 G플레이스 골목형상점가,골목형상점가,전북특별자치도,3.0,3.0,,,RESOLVED_AGREEMENT,False,3,,,,
33ea0c98c57ee284de92,test,치과,T6 기계변형,q_치과_08,치과추천,건강·의료 중 '치과'를 판매·제공하는 매장,1801f608-7e98-4b54-baa9-987912d74527,투명한 치과의원,치과,평촌역 상점가,자율상권구역,경기도,3.0,3.0,,,RESOLVED_AGREEMENT,False,3,,,,
b4cadbeebd771c4e8774,test,치과,T6 기계변형,q_치과_08,치과추천,건강·의료 중 '치과'를 판매·제공하는 매장,0002538c-b8d9-4911-81c7-966789036b09,빛고을 치과의원,의원,세은 골목형상점가,골목형상점가,광주광역시,2.0,3.0,,,P2_GRADED_ONLY,True,,,,,
1293f280029226d54f21,test,치과,T6 기계변형,q_치과_08,치과추천,건강·의료 중 '치과'를 판매·제공하는 매장,992b0c82-8054-428e-9407-156d7af13014,창평성심 치과의원,치과,슬로시티창평 골목형상점가,골목형상점가,전라남도,3.0,3.0,,,RESOLVED_AGREEMENT,False,3,,,,
f0cfc108179001283083,test,치과,T6 기계변형,q_치과_08,치과추천,건강·의료 중 '치과'를 판매·제공하는 매장,0028aa1f-32df-4fa5-b123-9a5cabf791fa,행복한치과의원,치과,산본로데오거리(구 산본중심상가),자율상권구역,경기도,3.0,3.0,,,RESOLVED_AGREEMENT,False,3,,,,
3f25bb44bf9646e702a3,test,치과,T6 기계변형,q_치과_08,치과추천,건강·의료 중 '치과'를 판매·제공하는 매장,85006a2f-ec36-4d54-8d70-c60f7374aa75,현대안경원,안경,증평장뜰재래시장,전통시장,충청북도,0.0,0.0,,,RESOLVED_AGREEMENT,False,0,,,,
63ac8bbaba75b5b91f53,test,치과,T6 기계변형,q_치과_08,치과추천,건강·의료 중 '치과'를 판매·제공하는 매장,3d28b58f-311c-4fde-9b31-4a1fd6210781,김치과,치과,장성읍 골목형상점가,골목형상점가,전라남도,3.0,3.0,,,RESOLVED_AGREEMENT,False,3,,,,
bffd66f7c8c2dda5b1ec,test,치과,T6 기계변형,q_치과_08,치과추천,건강·의료 중 '치과'를 판매·제공하는 매장,cb42af66-c213-4262-bbd9-f045487a0dd0,참조은 치과의원,치과,하당꽃길1가 골목형상점가,골목형상점가,전라남도,3.0,3.0,,,RESOLVED_AGREEMENT,False,3,,,,
369b0e1318cd551b64e4,test,치과,T6 기계변형,q_치과_08,치과추천,건강·의료 중 '치과'를 판매·제공하는 매장,d7b6ed28-728a-4d14-81c6-bd38adf4e5a1,첨단치과,치과의원,첨단쌍이 골목형상점가,골목형상점가,광주광역시,3.0,3.0,,,RESOLVED_AGREEMENT,False,3,,,,
f408f735642192429ccb,test,치과,T6 기계변형,q_치과_08,치과추천,건강·의료 중 '치과'를 판매·제공하는 매장,6f192765-bcb3-44d5-8de3-6dec4444ef88,당신의 치과의원,치과,광천동상인회 골목형상점가,골목형상점가,광주광역시,3.0,3.0,,,RESOLVED_AGREEMENT,False,3,,,,
02dfb46007922377d898,test,치과,T6 기계변형,q_치과_08,치과추천,건강·의료 중 '치과'를 판매·제공하는 매장,942969ba-8586-4782-a731-651eb828c493,유노힐링센터,화장품건강식품기자재등납품,계수마을상인회 골목형상점가,골목형상점가,광주광역시,0.0,0.0,,,RESOLVED_AGREEMENT,False,0,,,,
cbc7fc4befedceb8e23d,test,치과,T6 기계변형,q_치과_08,치과추천,건강·의료 중 '치과'를 판매·제공하는 매장,14ba8897-8073-4512-bd61-8cbcb3965506,비손치과,치과,금호1동상가번영회 골목형상점가,골목형상점가,광주광역시,3.0,3.0,,,RESOLVED_AGREEMENT,False,3,,,,
5c19c46f360364c04962,test,치과,T6 기계변형,q_치과_08,치과추천,건강·의료 중 '치과'를 판매·제공하는 매장,25ded7e9-54fc-485d-b67e-6b4eff1e691b,조은에스 치과,치과진료,운천테라스길상인회 골목형상점가,골목형상점가,광주광역시,3.0,3.0,,,RESOLVED_AGREEMENT,False,3,,,,
a34bef1186e6a7fbe79f,test,치과,T6 기계변형,q_치과_09,치돠,건강·의료 중 '치과'를 판매·제공하는 매장,71becd22-9c79-46c1-81f5-85e10933ee88,닭앤썸,치킨,월산상가 골목형 상점가,골목형상점가,충청남도,0.0,0.0,,,RESOLVED_AGREEMENT,False,0,,,,
f91f327559b31658c4d6,test,치과,T6 기계변형,q_치과_09,치돠,건강·의료 중 '치과'를 판매·제공하는 매장,33ef2edc-7c14-4bf7-b9ea-02810245fd2b,치킨매니아,치킨,캐롤타운상점가 골목형상점가,골목형상점가,경상북도,0.0,0.0,,,RESOLVED_AGREEMENT,False,0,,,,
51a8e8c7db53e7863cea,test,치과,T6 기계변형,q_치과_09,치돠,건강·의료 중 '치과'를 판매·제공하는 매장,10620bc2-916b-4e49-ab76-c8e662fb7d40,첨단교정,자세교정,임방울대로 골목형상점가,골목형상점가,광주광역시,0.0,0.0,,,RESOLVED_AGREEMENT,False,0,,,,
f4e4d9f03c6b0dd9d480,test,치과,T6 기계변형,q_치과_09,치돠,건강·의료 중 '치과'를 판매·제공하는 매장,844aa25a-9ef9-4a3e-be7e-8aed036d9340,소테굽닭,치킨,봉선먹자골목 골목형상점가,골목형상점가,광주광역시,0.0,0.0,,,RESOLVED_AGREEMENT,False,0,,,,
0ac85c592c833003c2c4,test,치과,T6 기계변형,q_치과_09,치돠,건강·의료 중 '치과'를 판매·제공하는 매장,0098c5ef-1296-4b66-899d-68dbda7cb659,연세감동치과,치과,새샘하루 골목형상점가,골목형상점가,세종특별자치시,3.0,3.0,,,RESOLVED_AGREEMENT,False,3,,,,
0d313d42104d658eaa0f,test,치과,T6 기계변형,q_치과_09,치돠,건강·의료 중 '치과'를 판매·제공하는 매장,04f73ae1-5ba3-4b7a-9168-f300168979df,연세해맑은치과,치과교정과 진료,둔산2동 골목형상점가,골목형상점가,대전광역시,3.0,3.0,,,RESOLVED_AGREEMENT,False,3,,,,
0376da06e0271d643626,test,치과,T6 기계변형,q_치과_09,치돠,건강·의료 중 '치과'를 판매·제공하는 매장,a5a7c7a5-3076-4e38-9f06-9e731fa1794f,치킨마루,치킨,외대글로벌길 골목형상점가,골목형상점가,경기도,0.0,0.0,,,RESOLVED_AGREEMENT,False,0,,,,
66a1c73240053404fa7d,test,치과,T6 기계변형,q_치과_09,치돠,건강·의료 중 '치과'를 판매·제공하는 매장,a8c0fe1c-cc91-4d5d-b3e1-4f14bf0f93a0,치맥타임,치킨,한적골 골목형상점가,골목형상점가,충청남도,0.0,0.0,,,RESOLVED_AGREEMENT,False,0,,,,
ea7e646a3ed196eb4a8f,test,치과,T6 기계변형,q_치과_09,치돠,건강·의료 중 '치과'를 판매·제공하는 매장,5079f032-d73d-407a-b312-d5e298ae8d72,선 치과,치과,풍향골 골목형상점가,골목형상점가,광주광역시,3.0,3.0,,,RESOLVED_AGREEMENT,False,3,,,,
ae676ad7d2629fe463aa,test,치과,T6 기계변형,q_치과_09,치돠,건강·의료 중 '치과'를 판매·제공하는 매장,7691166e-9c55-4345-b144-61b21e7835f3,치킨시대,치킨,명지대앞골목형상점가,골목형상점가,서울특별시,0.0,0.0,,,RESOLVED_AGREEMENT,False,0,,,,
c68125229e5a310934cb,test,치과,T6 기계변형,q_치과_09,치돠,건강·의료 중 '치과'를 판매·제공하는 매장,920665bd-4e04-44a9-a539-130fa88d6d03,치킨매니아,치킨,태기 숨빛길 골목형상점가,골목형상점가,강원특별자치도,0.0,0.0,,,RESOLVED_AGREEMENT,False,0,,,,
495d68f02d27a8979164,test,치과,T6 기계변형,q_치과_09,치돠,건강·의료 중 '치과'를 판매·제공하는 매장,eefa9aae-bb76-4c37-8d58-57b86cf574a2,치킨포차,치킨,두꺼비시장,전통시장,충청북도,0.0,0.0,,,RESOLVED_AGREEMENT,False,0,,,,
73c6980d21ab1d0e703d,test,치과,T6 기계변형,q_치과_09,치돠,건강·의료 중 '치과'를 판매·제공하는 매장,697c37e9-730c-47f5-b1e5-4cb882e7f4f1,닭스,치킨,만년동 골목형상점가,골목형상점가,대전광역시,0.0,0.0,,,RESOLVED_AGREEMENT,False,0,,,,
1275051e19892539925b,test,치과,T6 기계변형,q_치과_09,치돠,건강·의료 중 '치과'를 판매·제공하는 매장,275646ee-9cd2-4d7a-8447-d065f37c7d71,봉선e치과의원,임플란트 등,봉선로1 골목형상점가,골목형상점가,광주광역시,3.0,3.0,,,RESOLVED_AGREEMENT,False,3,,,,
0895bb72e1a8b7bccadf,test,치과,T6 기계변형,q_치과_09,치돠,건강·의료 중 '치과'를 판매·제공하는 매장,1ad8842f-e296-4624-8184-f17524c142d7,치킨아이,치킨,"일곡동(제8지역:롯데,벽산,동아,삼호,월드스파)",골목형상점가,광주광역시,0.0,0.0,,,RESOLVED_AGREEMENT,False,0,,,,
128cbd6f545ad657eae3,test,치과,T6 기계변형,q_치과_09,치돠,건강·의료 중 '치과'를 판매·제공하는 매장,8ff31f7d-c142-428d-b79a-2dda4c4598a1,치킨더갈릭,치킨,염주상인회 골목형상점가,골목형상점가,광주광역시,0.0,0.0,,,RESOLVED_AGREEMENT,False,0,,,,
a6a8ad4cf181a5d7fe2a,test,치과,T6 기계변형,q_치과_09,치돠,건강·의료 중 '치과'를 판매·제공하는 매장,135607e4-b86f-4ee3-8ac8-d8e69133c49a,가지런e류교정치과,치과진료 치아 교정치료,말바우시장,전통시장,광주광역시,3.0,3.0,,,RESOLVED_AGREEMENT,False,3,,,,
459b35bf2fe183d0e97c,test,치과,T6 기계변형,q_치과_09,치돠,건강·의료 중 '치과'를 판매·제공하는 매장,03f4ec7f-78d2-4184-8295-c29af668d98d,모세대리점(알즈너),발교정구,양양로 골목형상점가,골목형상점가,강원특별자치도,0.0,0.0,,,RESOLVED_AGREEMENT,False,0,,,,
90dc0c1da22da470a5fa,test,치과,T6 기계변형,q_치과_09,치돠,건강·의료 중 '치과'를 판매·제공하는 매장,8731faa3-4ed3-4927-b075-eca7b6fdf9b8,치킨은핑계,치킨,문흥2동 골목형상점가,골목형상점가,광주광역시,0.0,0.0,,,RESOLVED_AGREEMENT,False,0,,,,
09b9c196d1780ac534f7,test,치과,T6 기계변형,q_치과_09,치돠,건강·의료 중 '치과'를 판매·제공하는 매장,93291202-98f5-4089-9207-56dd364b22c2,치킨아이,치킨,매곡 사랑길 골목형상점가,골목형상점가,광주광역시,0.0,0.0,,,RESOLVED_AGREEMENT,False,0,,,,
9572bfa2ae58af994345,test,치과,T6 기계변형,q_치과_09,치돠,건강·의료 중 '치과'를 판매·제공하는 매장,20c4cf39-dc98-4781-8991-6f4d04a52d69,아름드리 치과,치아치료,희담길,골목형상점가,광주광역시,3.0,3.0,,,RESOLVED_AGREEMENT,False,3,,,,
a1dde9fa9b86706fced6,test,치과,T6 기계변형,q_치과_09,치돠,건강·의료 중 '치과'를 판매·제공하는 매장,1efc6e5a-a7cf-4e74-8bff-41bf4d3faef7,치킨마루,치킨,성남남한산성시장(구 은행골목시장),전통시장,경기도,0.0,0.0,,,RESOLVED_AGREEMENT,False,0,,,,
34dca89e1dec34632c0b,test,치과,T6 기계변형,q_치과_09,치돠,건강·의료 중 '치과'를 판매·제공하는 매장,377a7e39-bf6e-43eb-817b-47369ca61e45,치킨 홀릭,치킨,동오마을골목형상점가,골목형상점가,경기도,0.0,0.0,,,RESOLVED_AGREEMENT,False,0,,,,
41e37a1956a974e265ec,test,치과,T6 기계변형,q_치과_09,치돠,건강·의료 중 '치과'를 판매·제공하는 매장,bb34511f-018e-4cd3-8ebe-ab56c41bf4a2,연와종,치킨까스,퍼스트원 골목형상점가,골목형상점가,세종특별자치시,0.0,0.0,,,RESOLVED_AGREEMENT,False,0,,,,
af17a6e72188bf7a5651,test,치과,T6 기계변형,q_치과_09,치돠,건강·의료 중 '치과'를 판매·제공하는 매장,29c49708-c333-4f11-8193-31465a4e503c,치킨아이,치킨,우산로 골목형상점가,골목형상점가,광주광역시,0.0,0.0,,,RESOLVED_AGREEMENT,False,0,,,,
78d870f38f2168db641a,test,치과,T6 기계변형,q_치과_09,치돠,건강·의료 중 '치과'를 판매·제공하는 매장,787d131e-5249-4a65-83d5-dc5d4969ebe2,치킨마마,치킨,성내전통시장,전통시장,서울특별시,0.0,0.0,,,RESOLVED_AGREEMENT,False,0,,,,
afd1925713ffcaeb9b10,test,치과,T6 기계변형,q_치과_09,치돠,건강·의료 중 '치과'를 판매·제공하는 매장,847b980d-a51f-4c2b-98ae-e10fccc26f1d,다코기,치킨,구일로 골목형상점가,골목형상점가,서울특별시,0.0,0.0,,,RESOLVED_AGREEMENT,False,0,,,,
f910a4c94ca0c3f0fe9e,test,치과,T6 기계변형,q_치과_09,치돠,건강·의료 중 '치과'를 판매·제공하는 매장,38ffb36a-6aec-414c-a41f-b14f7545a667,치킨마을,치킨,상봉먹자골목형상점가,골목형상점가,서울특별시,0.0,0.0,,,RESOLVED_AGREEMENT,False,0,,,,
3bc246ee8b44828d214d,test,치과,T6 기계변형,q_치과_09,치돠,건강·의료 중 '치과'를 판매·제공하는 매장,e7e47e54-9e10-4f3c-9360-bc110f258ecf,치키니즘,치킨,당산이음 골목형상점가,골목형상점가,서울특별시,0.0,0.0,,,RESOLVED_AGREEMENT,False,0,,,,
fd9d08f7e39a7ea061ac,test,치과,T6 기계변형,q_치과_09,치돠,건강·의료 중 '치과'를 판매·제공하는 매장,b1442101-8e28-4834-b9c7-1d2dac29bbd2,즐겁다,치킨,아현시장,전통시장,서울특별시,0.0,0.0,,,RESOLVED_AGREEMENT,False,0,,,,
a4ece567e215df03272e,test,치과,T6 기계변형,q_치과_09,치돠,건강·의료 중 '치과'를 판매·제공하는 매장,d7d30e88-890c-4006-85b9-0327ee7335a3,치킨마트,치킨,성정시장(구 성정5단지시장),전통시장,충청남도,0.0,0.0,,,RESOLVED_AGREEMENT,False,0,,,,
7f2ec33983c820c72be7,test,치과,T6 기계변형,q_치과_09,치돠,건강·의료 중 '치과'를 판매·제공하는 매장,3b9e5c1b-c4de-4c2a-b935-1b50ed6fa7c4,치킨생각 노원,치킨,상계주공1단지 가상가,자율상권구역,서울특별시,0.0,0.0,,,RESOLVED_AGREEMENT,False,0,,,,
ce9cc053140fda4f8dc2,test,치과,T6 기계변형,q_치과_09,치돠,건강·의료 중 '치과'를 판매·제공하는 매장,f1f95ad8-6f6a-4f8b-ab1c-bea5e044b44f,치킨뱅이,치킨,신사세로수길골목형상점가,골목형상점가,서울특별시,0.0,0.0,,,RESOLVED_AGREEMENT,False,0,,,,
de61a4890ba60f0b49cc,test,치과,T6 기계변형,q_치과_09,치돠,건강·의료 중 '치과'를 판매·제공하는 매장,3de6b61a-060a-4eeb-a6f5-2b73bf2317af,다은치과의원,"크라운, 임플란트 등",문화1동 골목형상점가,골목형상점가,대전광역시,3.0,3.0,,,RESOLVED_AGREEMENT,False,3,,,,
c9387bc06086dba7e420,test,치과,T6 기계변형,q_치과_09,치돠,건강·의료 중 '치과'를 판매·제공하는 매장,9663c38f-b57f-4792-ba8f-ffcbb0b6c18c,치킨뱅이,치킨,금암동 골목형상점가,골목형상점가,충청남도,0.0,0.0,,,RESOLVED_AGREEMENT,False,0,,,,
859f3f563e4afd8ad438,test,치과,T6 기계변형,q_치과_09,치돠,건강·의료 중 '치과'를 판매·제공하는 매장,a3eebac4-27b8-4d15-845b-3038463485e4,치완,한식,광양시장골목형상점가,골목형상점가,제주특별자치도,0.0,0.0,,,RESOLVED_AGREEMENT,False,0,,,,
5f6be0e38e8b73c80da1,test,치과,T6 기계변형,q_치과_09,치돠,건강·의료 중 '치과'를 판매·제공하는 매장,48b6abbe-df1c-4a79-b9c8-287e445ebf16,치킨천국,치킨,오치2동 골목형상점가,골목형상점가,광주광역시,0.0,0.0,,,RESOLVED_AGREEMENT,False,0,,,,
e2bba857bf7e1e52f8b3,test,치과,T6 기계변형,q_치과_09,치돠,건강·의료 중 '치과'를 판매·제공하는 매장,16940596-6c36-47c6-a1c9-62a3757eeef8,남매네참숯마을,음식(한식),북광장상가,자율상권구역,경기도,0.0,0.0,,,RESOLVED_AGREEMENT,False,0,,,,
f160a463ac1037090313,test,치과,T6 기계변형,q_치과_09,치돠,건강·의료 중 '치과'를 판매·제공하는 매장,805a8a93-efdd-4a2f-9049-e533f03d2d2c,닭섬,치킨,궁동 골목형상점가,골목형상점가,대전광역시,0.0,0.0,,,RESOLVED_AGREEMENT,False,0,,,,
f4c379fb1e660854c9ad,test,치과,T6 기계변형,q_치과_09,치돠,건강·의료 중 '치과'를 판매·제공하는 매장,0002538c-b8d9-4911-81c7-966789036b09,빛고을 치과의원,의원,세은 골목형상점가,골목형상점가,광주광역시,2.0,3.0,,,P2_GRADED_ONLY,True,,,,,
5176f9153657b94733c5,test,치과,T6 기계변형,q_치과_09,치돠,건강·의료 중 '치과'를 판매·제공하는 매장,366a2d0e-ec8f-473e-8b4d-c02b13071420,치맥라이프,치킨,해방촌 골목형상점가,골목형상점가,서울특별시,0.0,0.0,,,RESOLVED_AGREEMENT,False,0,,,,
ac7597b6f77f133a568e,test,치과,T6 기계변형,q_치과_09,치돠,건강·의료 중 '치과'를 판매·제공하는 매장,3777e89a-95d9-4942-8997-15eb2553e6fc,반햇닭,치킨,쌍리단길상점가,자율상권구역,서울특별시,0.0,0.0,,,RESOLVED_AGREEMENT,False,0,,,,
0b9a257bf6f54c4e30a7,test,치과,T6 기계변형,q_치과_09,치돠,건강·의료 중 '치과'를 판매·제공하는 매장,391ef1d9-0ec7-4b5d-b714-9666ad3043c3,이치과의원,치아,창원 가음정시장,전통시장,경상남도,3.0,3.0,,,RESOLVED_AGREEMENT,False,3,,,,
6be89909833ba4aa5754,test,치과,T6 기계변형,q_치과_09,치돠,건강·의료 중 '치과'를 판매·제공하는 매장,08ee7d5a-0dad-49ec-b75f-9005b0d69a2e,치블리,치킨 및 주류,"각화서희,더샵주변 골목형상점가",골목형상점가,광주광역시,0.0,0.0,,,RESOLVED_AGREEMENT,False,0,,,,
62ff334f689bf7e2a715,test,치과,T6 기계변형,q_치과_09,치돠,건강·의료 중 '치과'를 판매·제공하는 매장,5cd3118f-e354-4e05-85f3-7d638d3e771b,치과라,치과,송정벚꽃골목형상점가,골목형상점가,서울특별시,3.0,3.0,,,RESOLVED_AGREEMENT,False,3,,,,
c7f68defcfc9e0a3c983,test,치과,T6 기계변형,q_치과_09,치돠,건강·의료 중 '치과'를 판매·제공하는 매장,861574ea-97c5-41dd-a1d6-aa3dbad7cdba,좋은생활할인마트,생활용품,용남시장,전통시장,인천광역시,0.0,0.0,,,RESOLVED_AGREEMENT,False,0,,,,
5ca8fe44ef35ed730d56,test,치과,T6 기계변형,q_치과_09,치돠,건강·의료 중 '치과'를 판매·제공하는 매장,3bf8ea5b-82b7-4af8-8f3e-1b1c541c70b6,치어스,치킨,사가정51길 골목형상점가,골목형상점가,서울특별시,0.0,0.0,,,RESOLVED_AGREEMENT,False,0,,,,
71083f343a30cf85f1ed,test,치과,T6 기계변형,q_치과_09,치돠,건강·의료 중 '치과'를 판매·제공하는 매장,56d553f9-54b5-4b17-89de-70701ed38379,치킨천국맥주,치킨,수완장덕 골목형상점가,골목형상점가,광주광역시,0.0,0.0,,,RESOLVED_AGREEMENT,False,0,,,,
2e9ce5df9c9a6699e4d9,test,치과,T6 기계변형,q_치과_09,치돠,건강·의료 중 '치과'를 판매·제공하는 매장,e8d8737d-d60a-4852-bd23-0e73828bb893,치킨꼬꼬,치킨,신포시장,전통시장,인천광역시,0.0,0.0,,,RESOLVED_AGREEMENT,False,0,,,,
f50c7e9ad20ce7351b5d,test,치과,T6 기계변형,q_치과_09,치돠,건강·의료 중 '치과'를 판매·제공하는 매장,cd1391c9-0bd0-4eb0-a3f5-6eedcd6bf9b3,치킨박사,치킨,새마을시장,전통시장,서울특별시,0.0,0.0,,,RESOLVED_AGREEMENT,False,0,,,,
0969ee15236f5fa782a5,test,치과,T6 기계변형,q_치과_09,치돠,건강·의료 중 '치과'를 판매·제공하는 매장,841269cd-6141-43ee-bf9d-0fc779083c82,치킹스맨,치킨,서문대로 골목형상점가,골목형상점가,광주광역시,0.0,0.0,,,RESOLVED_AGREEMENT,False,0,,,,
faebe7e9b9c60cc534ce,test,치과,T6 기계변형,q_치과_09,치돠,건강·의료 중 '치과'를 판매·제공하는 매장,d22cc449-54d8-4da7-aae6-83ef77b5dd11,치킨의민족,치킨,반구시장,전통시장,울산광역시,0.0,0.0,,,RESOLVED_AGREEMENT,False,0,,,,
44540bde951e0d407a38,test,치과,T6 기계변형,q_치과_09,치돠,건강·의료 중 '치과'를 판매·제공하는 매장,4b08bf08-1f0b-490a-9390-0476a82b2e98,치킨생각,치킨,장미제일시장,전통시장,서울특별시,0.0,0.0,,,RESOLVED_AGREEMENT,False,0,,,,
293d5d997cc28882fd05,test,치과,T6 기계변형,q_치과_09,치돠,건강·의료 중 '치과'를 판매·제공하는 매장,e299aff2-d0a0-40ee-959f-4fdc77569a2f,치킨달인,치킨,반딧불이연무시장,전통시장,경기도,0.0,0.0,,,RESOLVED_AGREEMENT,False,0,,,,
dc58dcb22fd83c9927a6,test,치과,T6 기계변형,q_치과_09,치돠,건강·의료 중 '치과'를 판매·제공하는 매장,cc70dd3e-db11-443a-84a0-d5f0e4e7cc10,빽보이피자 충남계룡점,피자,두마면 대실골목형상점가,골목형상점가,충청남도,0.0,0.0,,,RESOLVED_AGREEMENT,False,0,,,,
4e2e82145c8e1c737b47,test,치과,T6 기계변형,q_치과_09,치돠,건강·의료 중 '치과'를 판매·제공하는 매장,9a15e2f9-8102-46af-b6c5-b1fd2e446b3b,치킨마트,치킨,봉일천전통시장,전통시장,경기도,0.0,0.0,,,RESOLVED_AGREEMENT,False,0,,,,
af4cf0caa1cac2c51640,test,치과,T6 기계변형,q_치과_09,치돠,건강·의료 중 '치과'를 판매·제공하는 매장,331fd695-a9e8-4942-a9d8-1504eae5d122,서울방송스피치아카데미학원,,왕십리도선동상점가,자율상권구역,서울특별시,3.0,0.0,,,P1_BINARY_THRESHOLD,True,,,,,
b21642d7e9dc615ee1ed,test,치과,T6 기계변형,q_치과_09,치돠,건강·의료 중 '치과'를 판매·제공하는 매장,8917df9a-6a24-46d2-99a9-72de8299bcb1,치킨퐁,치킨,군분로 골목형상점가,골목형상점가,광주광역시,0.0,0.0,,,RESOLVED_AGREEMENT,False,0,,,,
8434d2d7fb2d44accb30,test,치과,T6 기계변형,q_치과_09,치돠,건강·의료 중 '치과'를 판매·제공하는 매장,013192a9-d34f-4b2a-99f4-e33a2cbf1e72,서울굿모닝치과의원,치과,종촌동골목형상점가,골목형상점가,세종특별자치시,3.0,3.0,,,RESOLVED_AGREEMENT,False,3,,,,
017ad17c9180d276c37e,test,치과,T6 기계변형,q_치과_09,치돠,건강·의료 중 '치과'를 판매·제공하는 매장,aa5eda8d-f944-40c3-910f-970e71acb913,반했닭,치킨,방학동도깨비시장,전통시장,서울특별시,0.0,0.0,,,RESOLVED_AGREEMENT,False,0,,,,
6f5b942c863ca5396cf4,test,치과,T6 기계변형,q_치과_09,치돠,건강·의료 중 '치과'를 판매·제공하는 매장,adf10e9f-78c4-4341-89eb-eabf3d34ea53,통딹,치킨,방어진항 골목형상점가,골목형상점가,울산광역시,0.0,0.0,,,RESOLVED_AGREEMENT,False,0,,,,
48baa6f35482c1246288,test,치과,T6 기계변형,q_치과_09,치돠,건강·의료 중 '치과'를 판매·제공하는 매장,5685c308-f211-4e30-a88f-3bb6e98a8789,치킨마루,치킨,동백 이음길 골목형상점가,골목형상점가,경기도,0.0,0.0,,,RESOLVED_AGREEMENT,False,0,,,,
f2874acaa0b0bf85069f,test,치과,T6 기계변형,q_치과_09,치돠,건강·의료 중 '치과'를 판매·제공하는 매장,ba4337f2-b1c5-42cf-b40e-b261082d0ce5,치코파닭,치킨,경주북부시장(북부상가),전통시장,경상북도,0.0,0.0,,,RESOLVED_AGREEMENT,False,0,,,,
b72c8ab184d8d56d541a,test,치과,T6 기계변형,q_치과_09,치돠,건강·의료 중 '치과'를 판매·제공하는 매장,c1e47e00-0174-4fc1-bf0e-8e0e27532113,치킨고래,치킨,성환1번가 골목형상점가,골목형상점가,충청남도,0.0,0.0,,,RESOLVED_AGREEMENT,False,0,,,,
6520987b845c0c5f6efa,test,치과,T6 기계변형,q_치과_09,치돠,건강·의료 중 '치과'를 판매·제공하는 매장,32813c4e-ed67-4dbb-97e5-21e273ae72eb,꼬생방,치킨,구리전통시장,전통시장,경기도,0.0,0.0,,,RESOLVED_AGREEMENT,False,0,,,,
3e0eb999fc68f63ca609,test,치과,T6 기계변형,q_치과_09,치돠,건강·의료 중 '치과'를 판매·제공하는 매장,0ff8675c-e9fe-4b29-ad4c-5eb6fe90a350,서울온빛치과의원,치아진료서비스,목동깨비시장(구 목3동시장),전통시장,서울특별시,3.0,3.0,,,RESOLVED_AGREEMENT,False,3,,,,
f7bd074535e14bd9dd57,test,치과,T6 기계변형,q_치과_09,치돠,건강·의료 중 '치과'를 판매·제공하는 매장,151ba4a3-2c21-4768-bb75-ed0e8d74104f,치퀸,치킨,인헌시장,전통시장,서울특별시,0.0,0.0,,,RESOLVED_AGREEMENT,False,0,,,,
dbc4fd2d4c8236815d99,test,치과,T6 기계변형,q_치과_09,치돠,건강·의료 중 '치과'를 판매·제공하는 매장,00fdab59-58f8-4c63-8765-30cb59a78156,도안프라임치과의원,치과진료,목원대 골목형상점가,골목형상점가,대전광역시,3.0,3.0,,,RESOLVED_AGREEMENT,False,3,,,,
3a5a9e1ce23f509d9152,test,치과,T6 기계변형,q_치과_09,치돠,건강·의료 중 '치과'를 판매·제공하는 매장,43f3f580-185a-4504-9587-7221ef20b9cc,치킨가,치킨,보라빛거리골목형상점가,골목형상점가,서울특별시,0.0,0.0,,,RESOLVED_AGREEMENT,False,0,,,,
458114f5b87340875bb9,test,치과,T6 기계변형,q_치과_09,치돠,건강·의료 중 '치과'를 판매·제공하는 매장,7b206294-267b-4851-80b9-71eef8ea16b0,닭꾼,치킨,무등시장,전통시장,광주광역시,0.0,0.0,,,RESOLVED_AGREEMENT,False,0,,,,
f530b4bd31df0d49797d,test,치과,T6 기계변형,q_치과_09,치돠,건강·의료 중 '치과'를 판매·제공하는 매장,92f18f9f-4bca-43b5-981a-599d37830b85,군계일학,치킨,양산호수공원 골목형상점가,골목형상점가,광주광역시,0.0,0.0,,,RESOLVED_AGREEMENT,False,0,,,,
43d493cda76fef680e17,test,치과,T6 기계변형,q_치과_09,치돠,건강·의료 중 '치과'를 판매·제공하는 매장,465bf4b2-dfc8-479c-b28f-5407842c4927,믿음치과,임플란트 틀니 교정 보철치료,신가아름마을,골목형상점가,광주광역시,3.0,3.0,,,RESOLVED_AGREEMENT,False,3,,,,
ebf5156af4aa40a83ee2,test,치과,T6 기계변형,q_치과_09,치돠,건강·의료 중 '치과'를 판매·제공하는 매장,1e5348e1-295e-4f7d-b73a-2dd2f14c1654,연세늘봄치과의원,임플란트,목동깨비시장(구 목3동시장),전통시장,서울특별시,3.0,3.0,,,RESOLVED_AGREEMENT,False,3,,,,
c880472a663ca300ac84,test,치과,T6 기계변형,q_치과_09,치돠,건강·의료 중 '치과'를 판매·제공하는 매장,cb3d9d5d-0bee-4100-8dc2-b2c35f0827db,한솥수완점,도시락,희담길,골목형상점가,광주광역시,0.0,0.0,,,RESOLVED_AGREEMENT,False,0,,,,
6fc58220e4071624ce49,test,치과,T6 기계변형,q_치과_09,치돠,건강·의료 중 '치과'를 판매·제공하는 매장,6fcf0d23-6784-4ace-9c72-9a653cbe57bd,치킨주막,치킨,종암북바위길골목형상점가,골목형상점가,서울특별시,0.0,0.0,,,RESOLVED_AGREEMENT,False,0,,,,
30fa07ac3ff35236f973,test,치과,T6 기계변형,q_치과_09,치돠,건강·의료 중 '치과'를 판매·제공하는 매장,7dd988f4-1f18-4615-966c-c8c2341979e3,투윙 치킨,치킨,서동전통골목시장,전통시장,부산광역시,0.0,0.0,,,RESOLVED_AGREEMENT,False,0,,,,
8f48b07c1b343007a9b2,test,치과,T6 기계변형,q_치과_09,치돠,건강·의료 중 '치과'를 판매·제공하는 매장,13fbd0dd-a1b1-407f-b79d-16db3a0483f3,치사빤스,의류,말바우시장,전통시장,광주광역시,0.0,0.0,,,RESOLVED_AGREEMENT,False,0,,,,
e28de6795012347561eb,test,치과,T6 기계변형,q_치과_09,치돠,건강·의료 중 '치과'를 판매·제공하는 매장,e74d323d-cfae-4710-972e-bbfa677bee42,치맥컴퍼니,치킨,보람동 골목형상점가,골목형상점가,세종특별자치시,0.0,0.0,,,RESOLVED_AGREEMENT,False,0,,,,
d9407c00cc76adfb4aa3,test,치과,T6 기계변형,q_치과_09,치돠,건강·의료 중 '치과'를 판매·제공하는 매장,c77c192f-69f7-4d5a-9436-d06e1f1dc458,치킨밴드,치킨 한식,"일곡동(제7지역:대림1,현대2,진로,대우,한일)",골목형상점가,광주광역시,0.0,0.0,,,RESOLVED_AGREEMENT,False,0,,,,
e1b31ab936dc787639b0,test,치과,T6 기계변형,q_치과_09,치돠,건강·의료 중 '치과'를 판매·제공하는 매장,19acca8f-5bf9-479b-8c25-0637d20f0de4,치킨마루,치킨,노량진만나로골목형상점가,골목형상점가,서울특별시,0.0,0.0,,,RESOLVED_AGREEMENT,False,0,,,,
800760b4d2721252278a,test,치과,T6 기계변형,q_치과_09,치돠,건강·의료 중 '치과'를 판매·제공하는 매장,c1122b7b-51c5-4bee-9c18-6dac7fd2a791,최우수,육류,성북천골목형상점가,골목형상점가,서울특별시,0.0,0.0,,,RESOLVED_AGREEMENT,False,0,,,,
c550276f6e72a176eb2f,test,치과,T6 기계변형,q_치과_09,치돠,건강·의료 중 '치과'를 판매·제공하는 매장,6cadb0da-5ddc-4da7-bcf4-0912d3cd47a9,치르치르,치킨,온양온천역 골목형 상점가,골목형상점가,충청남도,0.0,0.0,,,RESOLVED_AGREEMENT,False,0,,,,
819831b51b92f2568490,test,치과,T6 기계변형,q_치과_09,치돠,건강·의료 중 '치과'를 판매·제공하는 매장,0a1a14d8-f92a-433d-bb79-64d059dc39ae,아파유,체형교정 및 교육,해밀동 골목형상점가,골목형상점가,세종특별자치시,0.0,0.0,,,RESOLVED_AGREEMENT,False,0,,,,
53d772ff73a6e04a2707,test,치과,T6 기계변형,q_치과_09,치돠,건강·의료 중 '치과'를 판매·제공하는 매장,840dd9d1-18f8-49f5-902d-bfef23a5ac66,경북민예,"도소매(공예품,잡화)",남대문시장,전통시장,서울특별시,0.0,0.0,,,RESOLVED_AGREEMENT,False,0,,,,
932cf1e9c93c8e63de1b,test,치과,T6 기계변형,q_치과_09,치돠,건강·의료 중 '치과'를 판매·제공하는 매장,dcdbee18-964c-4de6-9227-a4562b750d9c,서만통닭,치킨,상주중앙시장,전통시장,경상북도,0.0,0.0,,,RESOLVED_AGREEMENT,False,0,,,,
2dcea7cd3f203d04f2cc,test,치과,T6 기계변형,q_치과_09,치돠,건강·의료 중 '치과'를 판매·제공하는 매장,4223c842-122f-4274-8a65-02cb49d9d0da,콩마트,잡화마트,창원 명곡종합상가,전통시장,경상남도,0.0,0.0,,,RESOLVED_AGREEMENT,False,0,,,,
3c71d432950f98da46ee,test,치과,T6 기계변형,q_치과_09,치돠,건강·의료 중 '치과'를 판매·제공하는 매장,000d633c-e5d5-4ab7-afea-88785b1eda92,e클린치과의원,치과,상암마을상인회 골목형상점가,골목형상점가,광주광역시,3.0,3.0,,,RESOLVED_AGREEMENT,False,3,,,,
41c5208c4a3279be465e,test,치과,T6 기계변형,q_치과_09,치돠,건강·의료 중 '치과'를 판매·제공하는 매장,1013504c-b2d6-4091-8cc1-15eecee0aeff,그래비티코어,운동재활 체형교정,유천택지올림픽길골목형상점가,골목형상점가,강원특별자치도,0.0,0.0,,,RESOLVED_AGREEMENT,False,0,,,,
8f0caf182a5c241ba175,test,치과,T6 기계변형,q_치과_09,치돠,건강·의료 중 '치과'를 판매·제공하는 매장,c08adf7a-ff17-4384-b728-8fda873045cd,치킨다이닝,치킨,518먹자골목상인회 골목형상점가,골목형상점가,광주광역시,0.0,0.0,,,RESOLVED_AGREEMENT,False,0,,,,
7d13c436dc3cb8d5d055,test,치과,T6 기계변형,q_치과_09,치돠,건강·의료 중 '치과'를 판매·제공하는 매장,0028aa1f-32df-4fa5-b123-9a5cabf791fa,행복한치과의원,치과,산본로데오거리(구 산본중심상가),자율상권구역,경기도,3.0,3.0,,,RESOLVED_AGREEMENT,False,3,,,,
a962cdba6519af97e5eb,test,치과,T6 기계변형,q_치과_09,치돠,건강·의료 중 '치과'를 판매·제공하는 매장,2ca498c2-a0bd-4a3e-8ba9-a960c280540a,봉선연합치과,"임플란트, 매복사랑니 발치, 보철, 스케일링, 치과진료",대남대로181번길 골목형상점가,골목형상점가,광주광역시,3.0,3.0,,,RESOLVED_AGREEMENT,False,3,,,,
96e9c5c30082266af35f,test,치과,T6 기계변형,q_치과_09,치돠,건강·의료 중 '치과'를 판매·제공하는 매장,47fc1e40-c783-4136-a6c0-27c5f7466937,치킨플러스,치킨,예천맛고을시장,전통시장,경상북도,0.0,0.0,,,RESOLVED_AGREEMENT,False,0,,,,
765515f96e0f08e2f4b4,test,치과,T6 기계변형,q_치과_09,치돠,건강·의료 중 '치과'를 판매·제공하는 매장,33c4d5b8-ec2b-4c34-8c42-9323b077cf33,후생사1매장,슈퍼마켓,도마큰시장,전통시장,대전광역시,0.0,0.0,,,RESOLVED_AGREEMENT,False,0,,,,
20e283f2c19710b76476,test,침구,T1 정확표기,q_침구_01,침구,생활·마트 중 '침구'를 판매·제공하는 매장,015d152e-ed78-4d55-a7c5-5c8fce6debf7,후평종합이불,"침구류, 수건",후평일단지시장,전통시장,강원특별자치도,3.0,3.0,,,RESOLVED_AGREEMENT,False,3,,,,
d30e61911f5c84d4463e,test,침구,T1 정확표기,q_침구_01,침구,생활·마트 중 '침구'를 판매·제공하는 매장,7da076cb-167d-4784-ba5b-129feb1521a9,경원수산,수산물,부산공동어시장상점가,자율상권구역,부산광역시,0.0,0.0,,,RESOLVED_AGREEMENT,False,0,,,,
befdf94e489b8937f93b,test,침구,T1 정확표기,q_침구_01,침구,생활·마트 중 '침구'를 판매·제공하는 매장,dc089934-ae67-409a-8389-37289156064b,마레J,침구,고투몰(강남터미널지하도상점가),일반지하상점가,서울특별시,3.0,3.0,,,RESOLVED_AGREEMENT,False,3,,,,
2a584ce9f535ff8f6859,test,침구,T1 정확표기,q_침구_01,침구,생활·마트 중 '침구'를 판매·제공하는 매장,05291547-c22d-430e-95c2-e31bda19a90a,슈퍼타이 본점,세탁,월드시티상가 골목형상점가,골목형상점가,울산광역시,1.0,0.0,,,P2_GRADED_ONLY,True,,,,,
a49f44a4d1092f98133f,test,침구,T1 정확표기,q_침구_01,침구,생활·마트 중 '침구'를 판매·제공하는 매장,02149791-6e33-4077-a92d-4f7756bbaa40,잉꼬이불,이불,센트럴프라자,골목형상점가,울산광역시,3.0,3.0,,,RESOLVED_AGREEMENT,False,3,,,,
7a19813ef175f19b871b,test,침구,T1 정확표기,q_침구_01,침구,생활·마트 중 '침구'를 판매·제공하는 매장,ae44497a-78e5-4beb-a8d7-1ec3cf284828,영광침구,침구,광장시장,전통시장,서울특별시,3.0,3.0,,,RESOLVED_AGREEMENT,False,3,,,,
669425fa908cbe5d50b5,test,침구,T1 정확표기,q_침구_01,침구,생활·마트 중 '침구'를 판매·제공하는 매장,3220ecbc-c954-43f8-864f-d8a8b8c65378,신혼침구,침구,신금정시장 골목형 상점가,골목형상점가,부산광역시,3.0,3.0,,,RESOLVED_AGREEMENT,False,3,,,,
5e2d2cd1f3c0c16c1eab,test,침구,T1 정확표기,q_침구_01,침구,생활·마트 중 '침구'를 판매·제공하는 매장,012f526e-9f74-4b7a-86ab-887e82649cba,나주커튼,커튼,나주목사고을시장,전통시장,,3.0,2.0,,,P2_GRADED_ONLY,True,,,,,
524476fd7d2a05645c48,test,침구,T1 정확표기,q_침구_01,침구,생활·마트 중 '침구'를 판매·제공하는 매장,4ce4642b-c58e-491a-be5e-2e2eff885047,샤프란 침구,침구,두류1번가,일반지하상점가,대구광역시,3.0,3.0,,,RESOLVED_AGREEMENT,False,3,,,,
0d382114d8fd1d5da36a,test,침구,T1 정확표기,q_침구_01,침구,생활·마트 중 '침구'를 판매·제공하는 매장,020914cd-8086-4fad-ab39-bbae265d6a60,양진이불,침구,경주성동공설시장,전통시장,경상북도,3.0,3.0,,,RESOLVED_AGREEMENT,False,3,,,,
bac9ee927f130a7dbcc8,test,침구,T1 정확표기,q_침구_01,침구,생활·마트 중 '침구'를 판매·제공하는 매장,91ae9a94-5cf2-40fe-ad52-edf66528097f,동신침구,침구,양동복개상가,전통시장,광주광역시,3.0,3.0,,,RESOLVED_AGREEMENT,False,3,,,,
928069b54db5709c3630,test,침구,T1 정확표기,q_침구_01,침구,생활·마트 중 '침구'를 판매·제공하는 매장,539f39b5-a5a0-4b81-a65f-efc7f6dc5478,덕신침구,침구,영양시장,전통시장,경상북도,3.0,3.0,,,RESOLVED_AGREEMENT,False,3,,,,
3a79317a228ba30ee5bf,test,침구,T1 정확표기,q_침구_01,침구,생활·마트 중 '침구'를 판매·제공하는 매장,bd70b396-33c7-4075-a035-a2879ce7545d,엘르 침구,침구,중앙상가시장,전통시장,대전광역시,3.0,3.0,,,RESOLVED_AGREEMENT,False,3,,,,
2a70511629b466db7b81,test,침구,T1 정확표기,q_침구_01,침구,생활·마트 중 '침구'를 판매·제공하는 매장,33931977-6b22-40ab-aed4-1efaa95106ca,노경상회,침구,부산진시장,전통시장,부산광역시,3.0,3.0,,,RESOLVED_AGREEMENT,False,3,,,,
24f0846e9be554c08e72,test,침구,T1 정확표기,q_침구_01,침구,생활·마트 중 '침구'를 판매·제공하는 매장,f5a1d060-2d2d-42c0-9527-3c97c34fae8a,보보침구,침구,㈜르네시떼,전통시장,부산광역시,3.0,3.0,,,RESOLVED_AGREEMENT,False,3,,,,
c39ad1390ba58407f350,test,침구,T1 정확표기,q_침구_01,침구,생활·마트 중 '침구'를 판매·제공하는 매장,020bee4a-baa0-4c84-a1d2-1ffe5e745eb7,유영주단,"이불, 한복",대가야 자율상권구역,,경상북도,3.0,3.0,,,RESOLVED_AGREEMENT,False,3,,,,
5832e0a8d43435f491dd,test,침구,T1 정확표기,q_침구_01,침구,생활·마트 중 '침구'를 판매·제공하는 매장,27ffa690-fb99-4739-a1ac-bacc9b04c530,영동침구,침구,광장시장,전통시장,서울특별시,3.0,3.0,,,RESOLVED_AGREEMENT,False,3,,,,
039d4022e8765c2ab0ff,test,침구,T1 정확표기,q_침구_01,침구,생활·마트 중 '침구'를 판매·제공하는 매장,6dcf63c6-2550-4dcd-9630-61ed26c3834d,대림침구,침구,광장시장,전통시장,서울특별시,3.0,3.0,,,RESOLVED_AGREEMENT,False,3,,,,
5e51f4984d634bce87af,test,침구,T1 정확표기,q_침구_01,침구,생활·마트 중 '침구'를 판매·제공하는 매장,01fa75f4-4cdb-4d62-931a-2b130cdef613,에띠앙이불집,이불,익산장(구 북부장),전통시장,전북특별자치도,3.0,3.0,,,RESOLVED_AGREEMENT,False,3,,,,
d78af4aa48fe87ef5d26,test,침구,T1 정확표기,q_침구_01,침구,생활·마트 중 '침구'를 판매·제공하는 매장,6c0eacee-745a-4ff0-8dfa-5c464854e301,행복황토침구,침구,양동복개상가,전통시장,,3.0,3.0,,,RESOLVED_AGREEMENT,False,3,,,,
bf36afb7f25f6f58d615,test,침구,T1 정확표기,q_침구_01,침구,생활·마트 중 '침구'를 판매·제공하는 매장,a13342f8-c8e1-4403-8ef2-35578bcc6781,대선침구,침구,김제전통시장,전통시장,전북특별자치도,3.0,3.0,,,RESOLVED_AGREEMENT,False,3,,,,
6efd8e20d4a0bca7b7cd,test,침구,T1 정확표기,q_침구_01,침구,생활·마트 중 '침구'를 판매·제공하는 매장,2d82305e-aea2-4733-8e91-9cfe0f07b6d0,샤론침구,침구,중흥행복마을 골목형상점가,골목형상점가,광주광역시,3.0,3.0,,,RESOLVED_AGREEMENT,False,3,,,,
1ac8bf4d341dddf4edbf,test,침구,T1 정확표기,q_침구_01,침구,생활·마트 중 '침구'를 판매·제공하는 매장,19b2bf20-9d77-4fe7-a977-98fee8494e37,경주침구,침구,부산진시장,전통시장,부산광역시,3.0,3.0,,,RESOLVED_AGREEMENT,False,3,,,,
ca799805d40b3ebcd536,test,침구,T1 정확표기,q_침구_01,침구,생활·마트 중 '침구'를 판매·제공하는 매장,be9e14ff-432a-46a0-b756-cc9e85240f00,부영침구,침구,장성읍 골목형상점가,골목형상점가,전라남도,3.0,3.0,,,RESOLVED_AGREEMENT,False,3,,,,
3cf4f6e897e0d6b1672b,test,침구,T1 정확표기,q_침구_01,침구,생활·마트 중 '침구'를 판매·제공하는 매장,0168e10e-c168-404c-83b2-0d1fd89d65e6,루디아,혼수 커튼,양동복개상가,전통시장,,3.0,2.0,,,P2_GRADED_ONLY,True,,,,,
3d020329d0674184aebe,test,침구,T1 정확표기,q_침구_01,침구,생활·마트 중 '침구'를 판매·제공하는 매장,00f84355-823b-4c23-bb49-e842bf41a1a3,금호커텐,커튼,양동복개상가,전통시장,,3.0,2.0,,,P2_GRADED_ONLY,True,,,,,
7bed39cfbc20262c81f7,test,침구,T1 정확표기,q_침구_01,침구,생활·마트 중 '침구'를 판매·제공하는 매장,b1f38ecf-7b45-4f06-8787-e5c1928833a6,아방침구,침구,동래시장,전통시장,부산광역시,3.0,3.0,,,RESOLVED_AGREEMENT,False,3,,,,
f16d967d7c649f451a0c,test,침구,T1 정확표기,q_침구_01,침구,생활·마트 중 '침구'를 판매·제공하는 매장,71ec07b7-d502-4967-b472-d081c1259bb9,원앙침구,침구,영신상가,전통시장,서울특별시,3.0,3.0,,,RESOLVED_AGREEMENT,False,3,,,,
75bbac148949c77b3630,test,침구,T1 정확표기,q_침구_01,침구,생활·마트 중 '침구'를 판매·제공하는 매장,3a29a3a7-18fd-4666-99b1-68f7caee7849,새별침구,침구,서문공설시장,전통시장,제주특별자치도,3.0,3.0,,,RESOLVED_AGREEMENT,False,3,,,,
8db19bffdb263a6b8470,test,침구,T1 정확표기,q_침구_01,침구,생활·마트 중 '침구'를 판매·제공하는 매장,009cda97-be64-4deb-8311-f6e42d4eca25,갤러리커튼,커튼블라인드침구,홀릭스,골목형상점가,광주광역시,3.0,3.0,,,RESOLVED_AGREEMENT,False,3,,,,
16292a5936702e0667cf,test,침구,T1 정확표기,q_침구_01,침구,생활·마트 중 '침구'를 판매·제공하는 매장,6b978c94-cdc0-4212-8524-571079962642,영풍침구,침구,진주 중앙시장,전통시장,경상남도,3.0,3.0,,,RESOLVED_AGREEMENT,False,3,,,,
64bfa60c060c489ebf72,test,침구,T1 정확표기,q_침구_01,침구,생활·마트 중 '침구'를 판매·제공하는 매장,e0884744-655d-46de-92af-e0fb59461473,최고다푸줏간,육류,제일시장,전통시장,서울특별시,0.0,0.0,,,RESOLVED_AGREEMENT,False,0,,,,
5836c4e931319063599d,test,침구,T1 정확표기,q_침구_01,침구,생활·마트 중 '침구'를 판매·제공하는 매장,9c344717-bc28-4456-b48a-dd4e5d869df4,니블,침구,북촌계동길골목형상점가,골목형상점가,서울특별시,3.0,3.0,,,RESOLVED_AGREEMENT,False,3,,,,
293dc4b76bf73d3f8bb1,test,침구,T1 정확표기,q_침구_01,침구,생활·마트 중 '침구'를 판매·제공하는 매장,52475ece-386d-439a-a811-67d64a7bbdc1,대원침구,침구,길동복조리시장,전통시장,서울특별시,3.0,3.0,,,RESOLVED_AGREEMENT,False,3,,,,
368154cbc93f5df7a18d,test,침구,T1 정확표기,q_침구_01,침구,생활·마트 중 '침구'를 판매·제공하는 매장,01022b54-7fac-43ff-8e1e-8e0c95d34ac6,아이편한♥소리잠매트,침구 등,성남프라자,전통시장,울산광역시,3.0,3.0,,,RESOLVED_AGREEMENT,False,3,,,,
794cc7f9fd259a7192ce,test,침구,T1 정확표기,q_침구_01,침구,생활·마트 중 '침구'를 판매·제공하는 매장,b5182eaa-0eab-4a05-8b53-cff69e548a3d,대창침구,침구,경주성동공설시장,전통시장,경상북도,3.0,3.0,,,RESOLVED_AGREEMENT,False,3,,,,
330e3c7b9affa1fe2a1b,test,침구,T1 정확표기,q_침구_01,침구,생활·마트 중 '침구'를 판매·제공하는 매장,940fd7a3-caac-4ca5-bd04-9e4f3a731453,해피론이불,침구,서부시장(서부재래시장),전통시장,충청남도,3.0,3.0,,,RESOLVED_AGREEMENT,False,3,,,,
6ddf7ffa605bf9f95e30,test,침구,T1 정확표기,q_침구_01,침구,생활·마트 중 '침구'를 판매·제공하는 매장,355f9a17-48ff-42c0-b20a-e8a2165a422f,이불자리,침구,수정전통시장,전통시장,부산광역시,3.0,3.0,,,RESOLVED_AGREEMENT,False,3,,,,
c99be78d27b2f1f983a4,test,침구,T1 정확표기,q_침구_01,침구,생활·마트 중 '침구'를 판매·제공하는 매장,c5affa2b-e68b-4093-ac49-8c4616128ea0,LG강진대리점,전자제품,강진중앙로상가,자율상권구역,전라남도,0.0,0.0,,,RESOLVED_AGREEMENT,False,0,,,,
465ae0c4bb78b13268f6,test,침구,T1 정확표기,q_침구_01,침구,생활·마트 중 '침구'를 판매·제공하는 매장,73ce10a8-2ba5-4e4f-b7bf-082ee0e5fee4,한일침구,침구,부산국제시장,전통시장,부산광역시,3.0,3.0,,,RESOLVED_AGREEMENT,False,3,,,,
0506d768fe5bb36a4113,test,침구,T1 정확표기,q_침구_01,침구,생활·마트 중 '침구'를 판매·제공하는 매장,5199b659-3eb8-4e20-974a-7d3cd73135d3,예강 침구,침구류,동원전통종합시장,전통시장,서울특별시,3.0,3.0,,,RESOLVED_AGREEMENT,False,3,,,,
aeb99b9e6a52740b8f72,test,침구,T1 정확표기,q_침구_01,침구,생활·마트 중 '침구'를 판매·제공하는 매장,b574317c-4a13-4a6c-9927-7cd3fb6e22ee,두레침구,침구,"온양온천시장(온양재래시장, 전통시장)",전통시장,충청남도,3.0,3.0,,,RESOLVED_AGREEMENT,False,3,,,,
4c7b1a41d3ebae74ed8b,test,침구,T1 정확표기,q_침구_01,침구,생활·마트 중 '침구'를 판매·제공하는 매장,6c66511a-7a4f-449a-9159-f134f165e432,동광침구,침구,중앙메가프라자,전통시장,대전광역시,3.0,3.0,,,RESOLVED_AGREEMENT,False,3,,,,
137ddb0a9fd3901052bc,test,침구,T1 정확표기,q_침구_01,침구,생활·마트 중 '침구'를 판매·제공하는 매장,69be7628-957a-4519-94d0-6894f764db96,유신침구,침구,부산진시장,전통시장,부산광역시,3.0,3.0,,,RESOLVED_AGREEMENT,False,3,,,,
8b3a28adc3759cb5829e,test,침구,T1 정확표기,q_침구_01,침구,생활·마트 중 '침구'를 판매·제공하는 매장,3049db9b-3aed-4582-923c-1d9f2389493c,황실침구,침구,전통중앙도매상가,전통시장,대전광역시,3.0,3.0,,,RESOLVED_AGREEMENT,False,3,,,,
a0e5dacda249dbac6d42,test,침구,T1 정확표기,q_침구_01,침구,생활·마트 중 '침구'를 판매·제공하는 매장,61057e75-4b2e-460d-8dcd-edc88e1a48c6,앤웜,침구,지중해마을 골목형상점가,골목형상점가,충청남도,3.0,3.0,,,RESOLVED_AGREEMENT,False,3,,,,
747fc71b976c6c202f09,test,침구,T1 정확표기,q_침구_01,침구,생활·마트 중 '침구'를 판매·제공하는 매장,41812a87-761c-445e-8fd9-721754f8d4f1,오시고,농산물,하양꿈바우시장,전통시장,경상북도,0.0,0.0,,,RESOLVED_AGREEMENT,False,0,,,,
f09219f5e96c386c30fa,test,침구,T1 정확표기,q_침구_01,침구,생활·마트 중 '침구'를 판매·제공하는 매장,2cd86109-34ae-4f1a-91b2-9cb2040e90ca,유림침구,침구,의령전통시장,전통시장,경상남도,3.0,3.0,,,RESOLVED_AGREEMENT,False,3,,,,
c91db73269f20d4ce17e,test,침구,T1 정확표기,q_침구_01,침구,생활·마트 중 '침구'를 판매·제공하는 매장,00083664-fb4e-4e3b-bb0a-d9a0a1e8f87f,롯데세탁소,,와룡로 골목형상점가,골목형상점가,전북특별자치도,1.0,0.0,,,P2_GRADED_ONLY,True,,,,,
8b87c11500b9fee35fd2,test,침구,T1 정확표기,q_침구_01,침구,생활·마트 중 '침구'를 판매·제공하는 매장,45d14c5d-9be3-442b-9438-103ddc2328c6,시온주단,한복대여,포항죽도농산물시장,전통시장,경상북도,1.0,2.0,,,P1_BINARY_THRESHOLD,True,,,,,
b3d7d2831d59c6e8a133,test,침구,T1 정확표기,q_침구_01,침구,생활·마트 중 '침구'를 판매·제공하는 매장,6e0278b6-3f40-4293-bf54-6d1f47394982,주원,침구,광장시장,전통시장,서울특별시,3.0,3.0,,,RESOLVED_AGREEMENT,False,3,,,,
270793588e5260b02c91,test,침구,T1 정확표기,q_침구_01,침구,생활·마트 중 '침구'를 판매·제공하는 매장,01c8223c-7693-4269-8de1-ef21d68577d4,신흥침구사,침구,중앙신시장,전통시장,경상북도,3.0,3.0,,,RESOLVED_AGREEMENT,False,3,,,,
b9d3ba7afa2a621e6677,test,침구,T1 정확표기,q_침구_01,침구,생활·마트 중 '침구'를 판매·제공하는 매장,f201e303-477a-4472-b6f5-2f787b983c71,경남침구,침구,진주 중앙시장,전통시장,경상남도,3.0,3.0,,,RESOLVED_AGREEMENT,False,3,,,,
0a63bd13a4baa2cbe641,test,침구,T1 정확표기,q_침구_01,침구,생활·마트 중 '침구'를 판매·제공하는 매장,ffd9b451-0f0b-4324-8577-c446e5f0797e,황실침구,침구,양동복개상가,전통시장,,3.0,3.0,,,RESOLVED_AGREEMENT,False,3,,,,
97818c29c03ec0fdeaea,test,침구,T1 정확표기,q_침구_01,침구,생활·마트 중 '침구'를 판매·제공하는 매장,bf23ae6d-3be2-48a8-abb5-c87f013dde73,현대매트,침구,영주소백쇼핑몰,전통시장,경상북도,3.0,3.0,,,RESOLVED_AGREEMENT,False,3,,,,
fcc9974b2eea602b3ed6,test,침구,T1 정확표기,q_침구_01,침구,생활·마트 중 '침구'를 판매·제공하는 매장,020246a6-0250-41f7-93e8-4b7cbdd9f5e2,덕광상회,이불,금산금빛시장(금산시장),전통시장,충청남도,3.0,3.0,,,RESOLVED_AGREEMENT,False,3,,,,
da0fa0748fb003db23f6,test,침구,T1 정확표기,q_침구_01,침구,생활·마트 중 '침구'를 판매·제공하는 매장,b890b0bc-f593-4fae-a27f-e404488d3b7f,오롬하우스,침구,고투몰(강남터미널지하도상점가),일반지하상점가,서울특별시,3.0,3.0,,,RESOLVED_AGREEMENT,False,3,,,,
03ad35b76d5b136a29c2,test,침구,T1 정확표기,q_침구_01,침구,생활·마트 중 '침구'를 판매·제공하는 매장,0214317c-c9f8-4af4-8b93-7d7d52ee1acb,창과방,커튼,남대문시장,전통시장,서울특별시,3.0,2.0,,,P2_GRADED_ONLY,True,,,,,
aa0a92899eb43f2593db,test,침구,T1 정확표기,q_침구_01,침구,생활·마트 중 '침구'를 판매·제공하는 매장,01de114b-b852-4451-bf02-e87d19da999b,유메이트,소매업(이불),안양중앙인정시장,전통시장,경기도,3.0,3.0,,,RESOLVED_AGREEMENT,False,3,,,,
80803760ac0db9d607ba,test,침구,T1 정확표기,q_침구_01,침구,생활·마트 중 '침구'를 판매·제공하는 매장,44162f88-abcf-4437-8a89-7e0405060a40,제일침구,침구,양동복개상가,전통시장,,3.0,3.0,,,RESOLVED_AGREEMENT,False,3,,,,
c8dd613fbf33bdb27915,test,침구,T1 정확표기,q_침구_01,침구,생활·마트 중 '침구'를 판매·제공하는 매장,eadd2efb-f3ff-42af-997f-e1079ba08542,다비치히어링보청기군산수송점,보청기,수송누리 골목형상점가,골목형상점가,전북특별자치도,0.0,0.0,,,RESOLVED_AGREEMENT,False,0,,,,
7a09f2d67b8b335ba971,test,침구,T1 정확표기,q_침구_01,침구,생활·마트 중 '침구'를 판매·제공하는 매장,4cb6a0c6-3a11-4894-ac4d-b3ceda71d113,자이침구,침구,신봉동 온누리 골목형상점가,골목형상점가,경기도,3.0,3.0,,,RESOLVED_AGREEMENT,False,3,,,,
89c35558b2ab0e967f6c,test,침구,T1 정확표기,q_침구_01,침구,생활·마트 중 '침구'를 판매·제공하는 매장,124d5d0a-4fe8-438e-a79f-e68d9a91cc03,선경침구,침구,용인중앙시장,전통시장,경기도,3.0,3.0,,,RESOLVED_AGREEMENT,False,3,,,,
a208bce32dcb131cf6cd,test,침구,T1 정확표기,q_침구_01,침구,생활·마트 중 '침구'를 판매·제공하는 매장,1ce7fce6-b899-41ec-85f4-cd65aa04226f,공주침구,침구,구서오시게시장,전통시장,부산광역시,3.0,3.0,,,RESOLVED_AGREEMENT,False,3,,,,
c87fe023ffa8e65fe1b2,test,침구,T1 정확표기,q_침구_01,침구,생활·마트 중 '침구'를 판매·제공하는 매장,02187a22-27d8-4fad-a650-42495bec004f,부흥상회,이불,용현시장,전통시장,인천광역시,3.0,3.0,,,RESOLVED_AGREEMENT,False,3,,,,
d1b66ad3d824a80c8389,test,침구,T1 정확표기,q_침구_01,침구,생활·마트 중 '침구'를 판매·제공하는 매장,48cd0eab-61fe-47ff-ad2f-70683f1caea1,위드뷰티,뷰티,전남대후문골목형상점가,골목형상점가,광주광역시,0.0,0.0,,,RESOLVED_AGREEMENT,False,0,,,,
b279241b6127fb1c5a5b,test,침구,T1 정확표기,q_침구_01,침구,생활·마트 중 '침구'를 판매·제공하는 매장,05b65353-0840-4470-97da-e5b1b4c99338,광성침구,침구,광장시장,전통시장,서울특별시,3.0,3.0,,,RESOLVED_AGREEMENT,False,3,,,,
c8c120ccc4cf60f6c153,test,침구,T1 정확표기,q_침구_01,침구,생활·마트 중 '침구'를 판매·제공하는 매장,57aad33c-d6bf-4649-9410-afb56e3bb0e3,인드림,침구,영선신시장,전통시장,대구광역시,3.0,3.0,,,RESOLVED_AGREEMENT,False,3,,,,
73ded2444cc9270a351e,test,침구,T1 정확표기,q_침구_01,침구,생활·마트 중 '침구'를 판매·제공하는 매장,00c164d0-76c7-4e7a-9676-ecfdbb052077,크린토피아신창점,세탁,신창수문 골목형상점가,골목형상점가,광주광역시,1.0,0.0,,,P2_GRADED_ONLY,True,,,,,
89fc0adc9691322faabc,test,침구,T1 정확표기,q_침구_01,침구,생활·마트 중 '침구'를 판매·제공하는 매장,3f41c978-6514-4045-9f39-460282084f20,안성침구,침구,마산 부림시장,전통시장,경상남도,3.0,3.0,,,RESOLVED_AGREEMENT,False,3,,,,
084fd5a0b3966d2ce346,test,침구,T1 정확표기,q_침구_01,침구,생활·마트 중 '침구'를 판매·제공하는 매장,43eae82c-423a-4568-8f7d-d4b7659aa8f5,루꼬베르,침구,역전지하상가,일반지하상점가,대전광역시,3.0,3.0,,,RESOLVED_AGREEMENT,False,3,,,,
d200b52153bb42e5ed1a,test,침구,T1 정확표기,q_침구_01,침구,생활·마트 중 '침구'를 판매·제공하는 매장,0a7829cd-024f-4ed3-9746-18a16cc96c4e,왕관상사,침구,자양15번가골목형상점가,골목형상점가,서울특별시,3.0,3.0,,,RESOLVED_AGREEMENT,False,3,,,,
4f5c4f11ed270ea55343,test,침구,T1 정확표기,q_침구_01,침구,생활·마트 중 '침구'를 판매·제공하는 매장,1a95ac0b-f903-419e-9b4f-2aa2594ae8a0,이브방,침구,공주산성시장,전통시장,충청남도,3.0,3.0,,,RESOLVED_AGREEMENT,False,3,,,,
c93ece4c20500e603403,test,침구,T1 정확표기,q_침구_01,침구,생활·마트 중 '침구'를 판매·제공하는 매장,c3cb5733-571e-44d0-b783-3c6625f1ca61,대왕침구,침구,신도봉시장,전통시장,서울특별시,3.0,3.0,,,RESOLVED_AGREEMENT,False,3,,,,
386d41d54b945c0c1970,test,침구,T1 정확표기,q_침구_01,침구,생활·마트 중 '침구'를 판매·제공하는 매장,0056f4f0-208d-4d7c-996c-9e6526fea6cf,한일침구,침구,목포원도심상점가,자율상권구역,전라남도,3.0,3.0,,,RESOLVED_AGREEMENT,False,3,,,,
696925d8b556bb1a84cd,test,침구,T1 정확표기,q_침구_01,침구,생활·마트 중 '침구'를 판매·제공하는 매장,a8ff2edd-5dc6-4d8f-a633-b9e292e305fa,보드란침구,침구 잡화,군산중앙로 골목형상점가,골목형상점가,전북특별자치도,3.0,3.0,,,RESOLVED_AGREEMENT,False,3,,,,
70abae1109ed62f149ba,test,침구,T1 정확표기,q_침구_01,침구,생활·마트 중 '침구'를 판매·제공하는 매장,fdeb6c01-bcdb-4067-9b27-378b6d9abc12,네츄럴,소매(의류),고투몰(강남터미널지하도상점가),일반지하상점가,서울특별시,1.0,0.0,,,P2_GRADED_ONLY,True,,,,,
b9f0946224c6a2415649,test,침구,T1 정확표기,q_침구_01,침구,생활·마트 중 '침구'를 판매·제공하는 매장,6a3fee36-545a-4da8-a71d-fb2995040803,침구나라,침구,영등포제일상가,자율상권구역,서울특별시,3.0,3.0,,,RESOLVED_AGREEMENT,False,3,,,,
bb048e85b563d4ced62b,test,침구,T1 정확표기,q_침구_01,침구,생활·마트 중 '침구'를 판매·제공하는 매장,a6f687e3-6ebc-4a7a-9ff9-58c575088ad5,대동침구,침구,수원영동시장,전통시장,경기도,3.0,3.0,,,RESOLVED_AGREEMENT,False,3,,,,
19f4f35fdc6ffb6eaf6a,test,침구,T1 정확표기,q_침구_01,침구,생활·마트 중 '침구'를 판매·제공하는 매장,34eb58c4-7805-4adb-a68b-07bf9bdcad60,구로침구,침구,남구로시장,전통시장,서울특별시,3.0,3.0,,,RESOLVED_AGREEMENT,False,3,,,,
d03c720552ef83f1f7c3,test,침구,T1 정확표기,q_침구_01,침구,생활·마트 중 '침구'를 판매·제공하는 매장,03c8c5a6-0d2c-40d6-befb-bbe4a1badfc6,현대침구,침구,포항죽도농산물시장,전통시장,경상북도,3.0,3.0,,,RESOLVED_AGREEMENT,False,3,,,,
a19a767668cf0f558f0e,test,침구,T1 정확표기,q_침구_01,침구,생활·마트 중 '침구'를 판매·제공하는 매장,6e524b62-7a38-4ee8-8c16-3d6e19d6c0a1,베틀즈,침구,부산진시장,전통시장,부산광역시,3.0,3.0,,,RESOLVED_AGREEMENT,False,3,,,,
bf17723fe71ade3a8730,test,침구,T1 정확표기,q_침구_01,침구,생활·마트 중 '침구'를 판매·제공하는 매장,0f822c7a-7ae1-4224-90af-bc8c5014c8be,이영희침구,침구,섬유제품관,전통시장,대구광역시,3.0,3.0,,,RESOLVED_AGREEMENT,False,3,,,,
caac66045611e64fd193,test,침구,T1 정확표기,q_침구_01,침구,생활·마트 중 '침구'를 판매·제공하는 매장,67f5d98e-ef04-40f6-b715-a5a3312d1686,장미침구,침구,까치산시장,전통시장,서울특별시,3.0,3.0,,,RESOLVED_AGREEMENT,False,3,,,,
f0fdeaa0b9eb9012c6b1,test,침구,T1 정확표기,q_침구_01,침구,생활·마트 중 '침구'를 판매·제공하는 매장,9d4838d3-4e8f-4458-aa28-eaeea91189d4,엘르침구,침구,모아패션아울렛 골목형상점가,골목형상점가,경기도,3.0,3.0,,,RESOLVED_AGREEMENT,False,3,,,,
949d92d51cc7cfff2e89,test,침구,T1 정확표기,q_침구_01,침구,생활·마트 중 '침구'를 판매·제공하는 매장,00831337-1223-4dcf-9c42-67ca874b1ef6,무지개,침구류,부산진시장,전통시장,부산광역시,3.0,3.0,,,RESOLVED_AGREEMENT,False,3,,,,
ca7450d052240392891c,test,침구,T1 정확표기,q_침구_01,침구,생활·마트 중 '침구'를 판매·제공하는 매장,62c8db12-0955-4f9b-b6a2-45fd42271e29,침구백화점,침구,괴산시장,전통시장,충청북도,3.0,3.0,,,RESOLVED_AGREEMENT,False,3,,,,
0c12d7413a6ae117c412,test,침구,T1 정확표기,q_침구_01,침구,생활·마트 중 '침구'를 판매·제공하는 매장,4fa4b3b7-18b3-4612-aa66-7c6a44f41d40,나라침구,침구,서문시장 제1지구1층(직물시장),전통시장,대구광역시,3.0,3.0,,,RESOLVED_AGREEMENT,False,3,,,,
82ed0cbb2904d8fdd388,test,침구,T1 정확표기,q_침구_01,침구,생활·마트 중 '침구'를 판매·제공하는 매장,462894d4-10a0-4c8a-bb86-86f38691edda,미광침구,침구,남대문시장,전통시장,서울특별시,3.0,3.0,,,RESOLVED_AGREEMENT,False,3,,,,
f6037b1288f17eceef2a,test,침구,T1 정확표기,q_침구_01,침구,생활·마트 중 '침구'를 판매·제공하는 매장,033fc658-a256-42a6-8ebf-24763bc43ba1,신광컴퓨터세탁소,세탁소,대야 골목형상점가,골목형상점가,전북특별자치도,1.0,0.0,,,P2_GRADED_ONLY,True,,,,,
f25b16fd53f38e5979dc,test,침구,T1 정확표기,q_침구_01,침구,생활·마트 중 '침구'를 판매·제공하는 매장,d7ec3d7f-ef6d-4107-8798-c1cafe470dfa,한일패션침구,침구,군산공설시장,전통시장,전북특별자치도,3.0,3.0,,,RESOLVED_AGREEMENT,False,3,,,,
4a48db0a0989aedb6d78,test,침구,T1 정확표기,q_침구_01,침구,생활·마트 중 '침구'를 판매·제공하는 매장,019c9868-92c6-4e25-b2ea-903f322c9acf,맡겨봐신발세탁,세탁,임동 골목형상점가,골목형상점가,광주광역시,1.0,0.0,,,P2_GRADED_ONLY,True,,,,,
a17bbb0b213f5fe4259b,test,침구,T2 동의어,q_침구_02,이불,생활·마트 중 '침구'를 판매·제공하는 매장,01022b54-7fac-43ff-8e1e-8e0c95d34ac6,아이편한♥소리잠매트,침구 등,성남프라자,전통시장,울산광역시,3.0,3.0,,,RESOLVED_AGREEMENT,False,3,,,,
cc58c5a9c8d6a6cf1a4a,test,침구,T2 동의어,q_침구_02,이불,생활·마트 중 '침구'를 판매·제공하는 매장,d31c9925-8a52-4954-a6ce-ccaa64592641,현대이불,이불,비단길현대시장,전통시장,서울특별시,3.0,3.0,,,RESOLVED_AGREEMENT,False,3,,,,
a0133c05266834897ae1,test,침구,T2 동의어,q_침구_02,이불,생활·마트 중 '침구'를 판매·제공하는 매장,020bee4a-baa0-4c84-a1d2-1ffe5e745eb7,유영주단,"이불, 한복",대가야 자율상권구역,,경상북도,3.0,3.0,,,RESOLVED_AGREEMENT,False,3,,,,
dbe1a6f9bc38ac7bb26e,test,침구,T2 동의어,q_침구_02,이불,생활·마트 중 '침구'를 판매·제공하는 매장,00c164d0-76c7-4e7a-9676-ecfdbb052077,크린토피아신창점,세탁,신창수문 골목형상점가,골목형상점가,광주광역시,1.0,0.0,,,P2_GRADED_ONLY,True,,,,,
31f9cadba580460b66a9,test,침구,T2 동의어,q_침구_02,이불,생활·마트 중 '침구'를 판매·제공하는 매장,36605745-783b-45bf-80cf-aa23e5ef2d1f,해전이불,이불,양산 덕계종합상설시장,전통시장,경상남도,3.0,3.0,,,RESOLVED_AGREEMENT,False,3,,,,
05fce83f37874733bb86,test,침구,T2 동의어,q_침구_02,이불,생활·마트 중 '침구'를 판매·제공하는 매장,5f856f68-330e-468a-905b-6973e464efb7,이불장만,이불,춘천풍물시장,전통시장,강원특별자치도,3.0,3.0,,,RESOLVED_AGREEMENT,False,3,,,,
86a9dacb3a84e54cc124,test,침구,T2 동의어,q_침구_02,이불,생활·마트 중 '침구'를 판매·제공하는 매장,044ac1ec-b7b4-4c67-85fb-2281e7c6998b,한신이불,이불,오산오색시장(구 오산중앙시장),전통시장,경기도,3.0,3.0,,,RESOLVED_AGREEMENT,False,3,,,,
41f6d6334b2c1a96f0e8,test,침구,T2 동의어,q_침구_02,이불,생활·마트 중 '침구'를 판매·제공하는 매장,033fc658-a256-42a6-8ebf-24763bc43ba1,신광컴퓨터세탁소,세탁소,대야 골목형상점가,골목형상점가,전북특별자치도,1.0,0.0,,,P2_GRADED_ONLY,True,,,,,
b634144fda52994c86a4,test,침구,T2 동의어,q_침구_02,이불,생활·마트 중 '침구'를 판매·제공하는 매장,312fb726-61e7-42b3-8e05-e46101031d89,현진이불,이불,성내전통시장,전통시장,서울특별시,3.0,3.0,,,RESOLVED_AGREEMENT,False,3,,,,
fa4322d8cee0fbc9e75d,test,침구,T2 동의어,q_침구_02,이불,생활·마트 중 '침구'를 판매·제공하는 매장,82bfa994-c84b-453c-8abf-8e499bcd1296,명남이불,이불,문막시장,전통시장,강원특별자치도,3.0,3.0,,,RESOLVED_AGREEMENT,False,3,,,,
d8aab3a86027c90829e8,test,침구,T2 동의어,q_침구_02,이불,생활·마트 중 '침구'를 판매·제공하는 매장,26ed91c8-2a68-4d9f-8eb9-76bfc81983cc,무쇠짬뽕,중식,다사역 골목형상점가,골목형상점가,대구광역시,0.0,0.0,,,RESOLVED_AGREEMENT,False,0,,,,
729b812c619881b03388,test,침구,T2 동의어,q_침구_02,이불,생활·마트 중 '침구'를 판매·제공하는 매장,e91c534c-ca7a-4c24-9797-b2557abccfd9,천금이불,이불,전주중앙상가시장,전통시장,전북특별자치도,3.0,3.0,,,RESOLVED_AGREEMENT,False,3,,,,
7e85e059cf787ab6e0da,test,침구,T2 동의어,q_침구_02,이불,생활·마트 중 '침구'를 판매·제공하는 매장,00083664-fb4e-4e3b-bb0a-d9a0a1e8f87f,롯데세탁소,,와룡로 골목형상점가,골목형상점가,전북특별자치도,1.0,0.0,,,P2_GRADED_ONLY,True,,,,,
161a5206f8adb5415557,test,침구,T2 동의어,q_침구_02,이불,생활·마트 중 '침구'를 판매·제공하는 매장,cbaa5934-030b-4251-ab20-e97a375bab5a,도환사,이불,수유시장,전통시장,서울특별시,3.0,3.0,,,RESOLVED_AGREEMENT,False,3,,,,
914d0199a95228046386,test,침구,T2 동의어,q_침구_02,이불,생활·마트 중 '침구'를 판매·제공하는 매장,1120e4fd-7656-4ba3-a9ea-d6bc7bfb2f10,시온이불,이불,갈마프라자 골목형상점가,골목형상점가,대전광역시,3.0,3.0,,,RESOLVED_AGREEMENT,False,3,,,,
5028fe1f41e5c3522f07,test,침구,T2 동의어,q_침구_02,이불,생활·마트 중 '침구'를 판매·제공하는 매장,ec8ce93a-8b7f-46d4-bb89-2a0ebe1a5a5a,핑크이불,이불,마산 대동씨코아상가시장,전통시장,경상남도,3.0,3.0,,,RESOLVED_AGREEMENT,False,3,,,,
f37f884d1f4b028e6c29,test,침구,T2 동의어,q_침구_02,이불,생활·마트 중 '침구'를 판매·제공하는 매장,fa8608ae-7155-4e49-a3e4-6d7cfb04c48f,영풍이불,이불,중앙메가프라자,전통시장,대전광역시,3.0,3.0,,,RESOLVED_AGREEMENT,False,3,,,,
21ad10ab156c575613e2,test,침구,T2 동의어,q_침구_02,이불,생활·마트 중 '침구'를 판매·제공하는 매장,26130dc8-f89b-478d-9c25-35fa1ffd444f,가나이불,이불,군산공설시장,전통시장,전북특별자치도,3.0,3.0,,,RESOLVED_AGREEMENT,False,3,,,,
d392afa5a5216c2de746,test,침구,T2 동의어,q_침구_02,이불,생활·마트 중 '침구'를 판매·제공하는 매장,01fa75f4-4cdb-4d62-931a-2b130cdef613,에띠앙이불집,이불,익산장(구 북부장),전통시장,전북특별자치도,3.0,3.0,,,RESOLVED_AGREEMENT,False,3,,,,
c54aab85ac91f4941578,test,침구,T2 동의어,q_침구_02,이불,생활·마트 중 '침구'를 판매·제공하는 매장,8a106cc2-2861-46db-a0fb-6038ac97c71b,국제냉동수산,수산물,동문시장㈜,전통시장,제주특별자치도,0.0,0.0,,,RESOLVED_AGREEMENT,False,0,,,,
d425cc27e781a1d39092,test,침구,T2 동의어,q_침구_02,이불,생활·마트 중 '침구'를 판매·제공하는 매장,6349cc16-9fe6-487a-a7ed-ca8795e9cce5,명성이불,이불,관문상가시장,전통시장,대구광역시,3.0,3.0,,,RESOLVED_AGREEMENT,False,3,,,,
0aa0b7866eed3b07aa1e,test,침구,T2 동의어,q_침구_02,이불,생활·마트 중 '침구'를 판매·제공하는 매장,47448f96-a247-4fab-8857-9731bb34a5a9,수은이불,이불,유진상가,전통시장,서울특별시,3.0,3.0,,,RESOLVED_AGREEMENT,False,3,,,,
ff1ac843334a5a9b63e1,test,침구,T2 동의어,q_침구_02,이불,생활·마트 중 '침구'를 판매·제공하는 매장,b61fa63c-5271-4295-91f5-78ba546dda90,형제랑이불,이불,양동복개상가,전통시장,광주광역시,3.0,3.0,,,RESOLVED_AGREEMENT,False,3,,,,
f1513781de5e5b24b8ac,test,침구,T2 동의어,q_침구_02,이불,생활·마트 중 '침구'를 판매·제공하는 매장,02187a22-27d8-4fad-a650-42495bec004f,부흥상회,이불,용현시장,전통시장,인천광역시,3.0,3.0,,,RESOLVED_AGREEMENT,False,3,,,,
dcbde5ad5fdd61927b84,test,침구,T2 동의어,q_침구_02,이불,생활·마트 중 '침구'를 판매·제공하는 매장,332556f4-f4db-41da-80cc-fb31deac7711,정이불,이불,비단길현대시장,전통시장,서울특별시,3.0,3.0,,,RESOLVED_AGREEMENT,False,3,,,,
343cc8091b7f5cc0e055,test,침구,T2 동의어,q_침구_02,이불,생활·마트 중 '침구'를 판매·제공하는 매장,fcf2d023-c5a8-488b-b727-097fbd6f605c,대우이불,이불,군산공설시장,전통시장,전북특별자치도,3.0,3.0,,,RESOLVED_AGREEMENT,False,3,,,,
ecf6a6887b0e4c0ca4e1,test,침구,T2 동의어,q_침구_02,이불,생활·마트 중 '침구'를 판매·제공하는 매장,fd1f2de0-f47e-4df2-8e23-8a97ba99e17d,핑크이불,이불,구미새마을중앙시장,전통시장,경상북도,3.0,3.0,,,RESOLVED_AGREEMENT,False,3,,,,
3b180277980acd73e323,test,침구,T2 동의어,q_침구_02,이불,생활·마트 중 '침구'를 판매·제공하는 매장,5c040c58-27f4-480c-9dce-9b4d9822455a,천사이불,이불,남부종합시장,전통시장,인천광역시,3.0,3.0,,,RESOLVED_AGREEMENT,False,3,,,,
37645790e41b6e14ad8f,test,침구,T2 동의어,q_침구_02,이불,생활·마트 중 '침구'를 판매·제공하는 매장,00831337-1223-4dcf-9c42-67ca874b1ef6,무지개,침구류,부산진시장,전통시장,부산광역시,3.0,3.0,,,RESOLVED_AGREEMENT,False,3,,,,
9af76d1442be4efc2b05,test,침구,T2 동의어,q_침구_02,이불,생활·마트 중 '침구'를 판매·제공하는 매장,d5896cb3-59f2-4a0f-90cf-dffc4836d261,신양이불,이불,서문시장 제1지구2층(포목시장),전통시장,대구광역시,3.0,3.0,,,RESOLVED_AGREEMENT,False,3,,,,
8ecbea8af5027c3f8185,test,침구,T2 동의어,q_침구_02,이불,생활·마트 중 '침구'를 판매·제공하는 매장,009cda97-be64-4deb-8311-f6e42d4eca25,갤러리커튼,커튼블라인드침구,홀릭스,골목형상점가,광주광역시,3.0,3.0,,,RESOLVED_AGREEMENT,False,3,,,,
9225a614de9571f1b6e1,test,침구,T2 동의어,q_침구_02,이불,생활·마트 중 '침구'를 판매·제공하는 매장,020914cd-8086-4fad-ab39-bbae265d6a60,양진이불,침구,경주성동공설시장,전통시장,경상북도,3.0,3.0,,,RESOLVED_AGREEMENT,False,3,,,,
c46517de5530c6f591c5,test,침구,T2 동의어,q_침구_02,이불,생활·마트 중 '침구'를 판매·제공하는 매장,d5dec2e1-d810-45ff-b076-ec29c23d4c68,예담이불,이불,부평종합시장,전통시장,인천광역시,3.0,3.0,,,RESOLVED_AGREEMENT,False,3,,,,
64bf84986bdfa50293df,test,침구,T2 동의어,q_침구_02,이불,생활·마트 중 '침구'를 판매·제공하는 매장,827f99eb-fe1c-4cd3-add5-698974d8a42e,행복이불,이불,수원역전시장,전통시장,경기도,3.0,3.0,,,RESOLVED_AGREEMENT,False,3,,,,
07479f5278c900a5180e,test,침구,T2 동의어,q_침구_02,이불,생활·마트 중 '침구'를 판매·제공하는 매장,6fa9647d-cef1-4bed-b758-2cd57995d9fb,정우이불,이불,밀양 수산시장,전통시장,경상남도,3.0,3.0,,,RESOLVED_AGREEMENT,False,3,,,,
813735813c3f80cd707f,test,침구,T2 동의어,q_침구_02,이불,생활·마트 중 '침구'를 판매·제공하는 매장,acf7e309-98a2-4bee-b601-ba81fe8ac324,맛찬,반찬,영동전통시장,전통시장,서울특별시,0.0,0.0,,,RESOLVED_AGREEMENT,False,0,,,,
c2ad21c9051c1bd871be,test,침구,T2 동의어,q_침구_02,이불,생활·마트 중 '침구'를 판매·제공하는 매장,cf5039bf-1b72-4d70-af1b-fbfa85102ac5,이불집,이불,장승백이전통시장(구 만수창대시장),전통시장,인천광역시,3.0,3.0,,,RESOLVED_AGREEMENT,False,3,,,,
bc274c7cda4966e6d931,test,침구,T2 동의어,q_침구_02,이불,생활·마트 중 '침구'를 판매·제공하는 매장,abe05e0d-2af7-467d-8085-ee3745da7de2,백송이불,이불,신정상가시장,전통시장,울산광역시,3.0,3.0,,,RESOLVED_AGREEMENT,False,3,,,,
cf8f5982d1ad3ca25849,test,침구,T2 동의어,q_침구_02,이불,생활·마트 중 '침구'를 판매·제공하는 매장,8c86a5ac-7f57-4726-9c0a-3493d712dbcb,세연이불,이불,서문시장 제1지구1층(직물시장),전통시장,대구광역시,3.0,3.0,,,RESOLVED_AGREEMENT,False,3,,,,
bbb9fe8bdb5fde626500,test,침구,T2 동의어,q_침구_02,이불,생활·마트 중 '침구'를 판매·제공하는 매장,05291547-c22d-430e-95c2-e31bda19a90a,슈퍼타이 본점,세탁,월드시티상가 골목형상점가,골목형상점가,울산광역시,1.0,0.0,,,P2_GRADED_ONLY,True,,,,,
2e53bab9efc372a657fa,test,침구,T2 동의어,q_침구_02,이불,생활·마트 중 '침구'를 판매·제공하는 매장,63b68c45-5774-42f5-92d4-bec9c1e19109,경주이불,이불,부안상설시장,전통시장,전북특별자치도,3.0,3.0,,,RESOLVED_AGREEMENT,False,3,,,,
8809d8e744bc0f509352,test,침구,T2 동의어,q_침구_02,이불,생활·마트 중 '침구'를 판매·제공하는 매장,4b9baf23-acc5-4a25-bc38-6e5b88a06a77,초원식당,음식점,인제시장,전통시장,강원특별자치도,0.0,0.0,,,RESOLVED_AGREEMENT,False,0,,,,
a1dc5b9c23b0dd0c979f,test,침구,T2 동의어,q_침구_02,이불,생활·마트 중 '침구'를 판매·제공하는 매장,70811b6e-7893-40f2-8a72-76e1fc41ebe2,마춤이불,이불,마산 수남상가,전통시장,경상남도,3.0,3.0,,,RESOLVED_AGREEMENT,False,3,,,,
7ab31c84d99f6dc52595,test,침구,T2 동의어,q_침구_02,이불,생활·마트 중 '침구'를 판매·제공하는 매장,ff192627-a959-45d8-800e-1592b6c39803,홈사랑,이불,북부중앙 골목형상점가,골목형상점가,경기도,3.0,3.0,,,RESOLVED_AGREEMENT,False,3,,,,
46c385cb5720129609e0,test,침구,T2 동의어,q_침구_02,이불,생활·마트 중 '침구'를 판매·제공하는 매장,1c8cb171-a0f1-4b64-aea8-94c9bdb8feb3,패션이불,이불,동문시장㈜,전통시장,제주특별자치도,3.0,3.0,,,RESOLVED_AGREEMENT,False,3,,,,
bab1dae29f62240f3e00,test,침구,T2 동의어,q_침구_02,이불,생활·마트 중 '침구'를 판매·제공하는 매장,5c17d230-4e6e-45ec-8147-2132f530db9c,목화이불,이불,진안시장(진안고원시장),전통시장,전북특별자치도,3.0,3.0,,,RESOLVED_AGREEMENT,False,3,,,,
982f4abb023babc3a496,test,침구,T2 동의어,q_침구_02,이불,생활·마트 중 '침구'를 판매·제공하는 매장,75cb857c-894b-48f0-a460-add42ef3f618,이불랑침구,이불,오산오색시장(구 오산중앙시장),전통시장,경기도,3.0,3.0,,,RESOLVED_AGREEMENT,False,3,,,,
03d91dd32ca2d92c8a30,test,침구,T2 동의어,q_침구_02,이불,생활·마트 중 '침구'를 판매·제공하는 매장,a088bd31-4ec7-432a-9248-4c820b254141,조은이불,이불,서문시장 제1지구2층(포목시장),전통시장,대구광역시,3.0,3.0,,,RESOLVED_AGREEMENT,False,3,,,,
2c4ab818da860babb44d,test,침구,T2 동의어,q_침구_02,이불,생활·마트 중 '침구'를 판매·제공하는 매장,f8050b0a-0f61-4d0b-aa77-415d8da4200c,백양이불,이불,설악눈메골시장,전통시장,경기도,3.0,3.0,,,RESOLVED_AGREEMENT,False,3,,,,
aacb722235203941451c,test,침구,T2 동의어,q_침구_02,이불,생활·마트 중 '침구'를 판매·제공하는 매장,01de114b-b852-4451-bf02-e87d19da999b,유메이트,소매업(이불),안양중앙인정시장,전통시장,경기도,3.0,3.0,,,RESOLVED_AGREEMENT,False,3,,,,
ea0469cc5c9b3376e176,test,침구,T2 동의어,q_침구_02,이불,생활·마트 중 '침구'를 판매·제공하는 매장,0168e10e-c168-404c-83b2-0d1fd89d65e6,루디아,혼수 커튼,양동복개상가,전통시장,,3.0,2.0,,,P2_GRADED_ONLY,True,,,,,
170e81b4fe6ea9954303,test,침구,T2 동의어,q_침구_02,이불,생활·마트 중 '침구'를 판매·제공하는 매장,c1ddef12-1aba-4d2d-b5e8-fa589f52b87c,이쁜이불,이불,필그린쇼핑센타,골목형상점가,울산광역시,3.0,3.0,,,RESOLVED_AGREEMENT,False,3,,,,
58de95ade170a15e19b0,test,침구,T2 동의어,q_침구_02,이불,생활·마트 중 '침구'를 판매·제공하는 매장,414ae9d9-178e-4e71-bc5a-20d46c8e8abc,은혜이불,이불,문창시장,전통시장,대전광역시,3.0,3.0,,,RESOLVED_AGREEMENT,False,3,,,,
03ee4f18ccb589733de6,test,침구,T2 동의어,q_침구_02,이불,생활·마트 중 '침구'를 판매·제공하는 매장,9619a429-83fc-4aa8-8d6f-5bfd7f856b02,영남이불,이불,의령전통시장,전통시장,경상남도,3.0,3.0,,,RESOLVED_AGREEMENT,False,3,,,,
e2ebb39875fbbe0a1323,test,침구,T2 동의어,q_침구_02,이불,생활·마트 중 '침구'를 판매·제공하는 매장,a76c00e7-e644-4b7c-9685-2038e1054739,예담이불,이불,문창시장,전통시장,대전광역시,3.0,3.0,,,RESOLVED_AGREEMENT,False,3,,,,
6fbbd4b787192aaed2da,test,침구,T2 동의어,q_침구_02,이불,생활·마트 중 '침구'를 판매·제공하는 매장,af320f3a-af8c-4773-b5c7-ce706f584b9d,운성이불,이불,부산진시장,전통시장,부산광역시,3.0,3.0,,,RESOLVED_AGREEMENT,False,3,,,,
da04a1c3637e4e9fc8e2,test,침구,T2 동의어,q_침구_02,이불,생활·마트 중 '침구'를 판매·제공하는 매장,9af5feb3-3a79-4bb7-8d7b-04f8755bb236,엄마이불,이불,양동복개상가,전통시장,광주광역시,3.0,3.0,,,RESOLVED_AGREEMENT,False,3,,,,
a85ff58046ef438cc807,test,침구,T2 동의어,q_침구_02,이불,생활·마트 중 '침구'를 판매·제공하는 매장,7470b831-3dd2-4b0e-9de5-53da2296c5a6,삼우이불,이불,동부시장,전통시장,인천광역시,3.0,3.0,,,RESOLVED_AGREEMENT,False,3,,,,
3a1ffb7ec6e3c9b0cfa8,test,침구,T2 동의어,q_침구_02,이불,생활·마트 중 '침구'를 판매·제공하는 매장,505754f0-ac77-49e9-9a9c-4b3ffac8bbe5,시몬이불,이불,창동신창시장,전통시장,서울특별시,3.0,3.0,,,RESOLVED_AGREEMENT,False,3,,,,
3f55bf3a6f92f1e1fd83,test,침구,T2 동의어,q_침구_02,이불,생활·마트 중 '침구'를 판매·제공하는 매장,1b343dba-e630-4a75-a71a-194f7f6ceeed,육구이불,이불,천안중앙시장,전통시장,충청남도,3.0,3.0,,,RESOLVED_AGREEMENT,False,3,,,,
71af9e4e50034d56a0e1,test,침구,T2 동의어,q_침구_02,이불,생활·마트 중 '침구'를 판매·제공하는 매장,6f39f43a-3aa0-459b-ac0d-4fa20da9c6a7,조양철물,철물,청주소나무길 골목형상점가,골목형상점가,충청북도,0.0,0.0,,,RESOLVED_AGREEMENT,False,0,,,,
f599220f6f793445a403,test,침구,T2 동의어,q_침구_02,이불,생활·마트 중 '침구'를 판매·제공하는 매장,871456dc-7da2-4db3-8ad4-cf75c984b2ad,예쁜이불,이불,현대 골목형상점가,골목형상점가,전라남도,3.0,3.0,,,RESOLVED_AGREEMENT,False,3,,,,
d3ba0b6cd9557d1b5483,test,침구,T2 동의어,q_침구_02,이불,생활·마트 중 '침구'를 판매·제공하는 매장,4d4b14a4-4d26-4855-bc58-9d76e2c671bb,삼덕이불,이불,신정상가시장,전통시장,울산광역시,3.0,3.0,,,RESOLVED_AGREEMENT,False,3,,,,
836611b8a01c1656d6ac,test,침구,T2 동의어,q_침구_02,이불,생활·마트 중 '침구'를 판매·제공하는 매장,3e62eb7b-f5fb-4001-a277-b7c68d21cf44,원앙이불,이불,남대문시장,전통시장,서울특별시,3.0,3.0,,,RESOLVED_AGREEMENT,False,3,,,,
ce185c0b3c3b6d03b915,test,침구,T2 동의어,q_침구_02,이불,생활·마트 중 '침구'를 판매·제공하는 매장,d9d06d49-bc2c-438e-a9b7-32e1d81157eb,궁전이불,이불,군산중앙로 골목형상점가,골목형상점가,전북특별자치도,3.0,3.0,,,RESOLVED_AGREEMENT,False,3,,,,
1b8bf94bf399d6ae9e7a,test,침구,T2 동의어,q_침구_02,이불,생활·마트 중 '침구'를 판매·제공하는 매장,caad0c58-6b5c-4131-8437-ad337f7d2d32,옥천이불,이불,신중앙시장,전통시장,대전광역시,3.0,3.0,,,RESOLVED_AGREEMENT,False,3,,,,
f88305bf4dbeb17b67eb,test,침구,T2 동의어,q_침구_02,이불,생활·마트 중 '침구'를 판매·제공하는 매장,08acf691-26c6-4ee1-9dcf-3bc65d49b836,신월이불,이불,신월3동시장골목형상점가,골목형상점가,서울특별시,3.0,3.0,,,RESOLVED_AGREEMENT,False,3,,,,
caa494be7013b9b0a89a,test,침구,T2 동의어,q_침구_02,이불,생활·마트 중 '침구'를 판매·제공하는 매장,8c175486-b2e3-427e-849f-72c4dfbae548,참아름이불,이불,동원전통종합시장,전통시장,서울특별시,3.0,3.0,,,RESOLVED_AGREEMENT,False,3,,,,
1693593a5ea7357bd863,test,침구,T2 동의어,q_침구_02,이불,생활·마트 중 '침구'를 판매·제공하는 매장,051edb07-83ea-4d01-b1e4-ec6bb5964bfb,목화이불,이불,부산진시장,전통시장,부산광역시,3.0,3.0,,,RESOLVED_AGREEMENT,False,3,,,,
c677c182aa9cac0551ac,test,침구,T2 동의어,q_침구_02,이불,생활·마트 중 '침구'를 판매·제공하는 매장,8fff3693-4952-4b80-b5df-57210e277e84,이쁜이이불,이불,고성시장,전통시장,경상남도,3.0,3.0,,,RESOLVED_AGREEMENT,False,3,,,,
cc4392556ff2dded6fed,test,침구,T2 동의어,q_침구_02,이불,생활·마트 중 '침구'를 판매·제공하는 매장,019c9868-92c6-4e25-b2ea-903f322c9acf,맡겨봐신발세탁,세탁,임동 골목형상점가,골목형상점가,광주광역시,1.0,0.0,,,P2_GRADED_ONLY,True,,,,,
f55e6295b6365a4598f2,test,침구,T2 동의어,q_침구_02,이불,생활·마트 중 '침구'를 판매·제공하는 매장,7f90557e-39c6-4c4d-9b49-0230ceee5131,금촌이불,이불,금촌전통시장,전통시장,경기도,3.0,3.0,,,RESOLVED_AGREEMENT,False,3,,,,
9c31ecf4bdf5cb4c98ef,test,침구,T2 동의어,q_침구_02,이불,생활·마트 중 '침구'를 판매·제공하는 매장,310c9424-eac7-476a-9a67-c7c75fd071a1,이불,,부산진시장,전통시장,부산광역시,3.0,3.0,,,RESOLVED_AGREEMENT,False,3,,,,
7f634afb8eebd9f21283,test,침구,T2 동의어,q_침구_02,이불,생활·마트 중 '침구'를 판매·제공하는 매장,00f84355-823b-4c23-bb49-e842bf41a1a3,금호커텐,커튼,양동복개상가,전통시장,,3.0,2.0,,,P2_GRADED_ONLY,True,,,,,
43d14786a45ec1091e3f,test,침구,T2 동의어,q_침구_02,이불,생활·마트 중 '침구'를 판매·제공하는 매장,6645fadd-8271-4a2c-899f-a78cee73b407,이불집,이불,부천신흥시장,전통시장,경기도,3.0,3.0,,,RESOLVED_AGREEMENT,False,3,,,,
0ca21d7e8cbe3557d420,test,침구,T2 동의어,q_침구_02,이불,생활·마트 중 '침구'를 판매·제공하는 매장,e63624f4-b3d9-42c8-8cb7-f33b52a60070,남평이불,이불,남평5일시장,전통시장,전라남도,3.0,3.0,,,RESOLVED_AGREEMENT,False,3,,,,
517be2875ebc3d63cfbf,test,침구,T2 동의어,q_침구_02,이불,생활·마트 중 '침구'를 판매·제공하는 매장,e65d5b9c-c37c-4d6e-9096-e199ee6ab53f,모아이불,이불,엄사 골목형상점가,골목형상점가,충청남도,3.0,3.0,,,RESOLVED_AGREEMENT,False,3,,,,
70687d6c2f2300901def,test,침구,T2 동의어,q_침구_02,이불,생활·마트 중 '침구'를 판매·제공하는 매장,0214317c-c9f8-4af4-8b93-7d7d52ee1acb,창과방,커튼,남대문시장,전통시장,서울특별시,3.0,2.0,,,P2_GRADED_ONLY,True,,,,,
c1b7237bd2a3e530f3c5,test,침구,T2 동의어,q_침구_02,이불,생활·마트 중 '침구'를 판매·제공하는 매장,40555502-0ca4-4f0a-89cc-2a68be4ac658,진보이불,이불,창원 지귀시장,전통시장,경상남도,3.0,3.0,,,RESOLVED_AGREEMENT,False,3,,,,
737355d6fae209bb3dcf,test,침구,T2 동의어,q_침구_02,이불,생활·마트 중 '침구'를 판매·제공하는 매장,173c4f05-ba1c-4cc8-9bce-c32997c05bce,영도이불,이불,군산공설시장,전통시장,전북특별자치도,3.0,3.0,,,RESOLVED_AGREEMENT,False,3,,,,
30a90141f6a72479ff5f,test,침구,T2 동의어,q_침구_02,이불,생활·마트 중 '침구'를 판매·제공하는 매장,7d8f2d67-f8dc-4e33-ba21-ab1537060ee8,한독이불,이불,송탄시장(송북시장),전통시장,경기도,3.0,3.0,,,RESOLVED_AGREEMENT,False,3,,,,
8eefcad11d541bd49b66,test,침구,T2 동의어,q_침구_02,이불,생활·마트 중 '침구'를 판매·제공하는 매장,aa590fe8-fc68-4e09-9012-10fd2bd3dae1,다니엘 이불,이불,"온양온천시장(온양재래시장, 전통시장)",전통시장,충청남도,3.0,3.0,,,RESOLVED_AGREEMENT,False,3,,,,
3a75523ecee79c334341,test,침구,T2 동의어,q_침구_02,이불,생활·마트 중 '침구'를 판매·제공하는 매장,0eb187dc-1e99-4170-a6ed-e9dff3d21b6c,은혜이불,이불,문경중앙시장,전통시장,경상북도,3.0,3.0,,,RESOLVED_AGREEMENT,False,3,,,,
5b1cba741c7c4504d7f2,test,침구,T2 동의어,q_침구_02,이불,생활·마트 중 '침구'를 판매·제공하는 매장,015d152e-ed78-4d55-a7c5-5c8fce6debf7,후평종합이불,"침구류, 수건",후평일단지시장,전통시장,강원특별자치도,3.0,3.0,,,RESOLVED_AGREEMENT,False,3,,,,
bf7ac6efeb6ed6b758ef,test,침구,T2 동의어,q_침구_02,이불,생활·마트 중 '침구'를 판매·제공하는 매장,834e8003-815c-49db-a0ba-0250aa2baaf0,알톤자전거,자전거 스포츠용품,장승배기로 골목형상점가,골목형상점가,전북특별자치도,0.0,0.0,,,RESOLVED_AGREEMENT,False,0,,,,
e416c6d4dbed8dc9dda3,test,침구,T2 동의어,q_침구_02,이불,생활·마트 중 '침구'를 판매·제공하는 매장,02149791-6e33-4077-a92d-4f7756bbaa40,잉꼬이불,이불,센트럴프라자,골목형상점가,울산광역시,3.0,3.0,,,RESOLVED_AGREEMENT,False,3,,,,
21df9f22e7a513cd3180,test,침구,T2 동의어,q_침구_02,이불,생활·마트 중 '침구'를 판매·제공하는 매장,cf116c04-37ec-475b-a55c-c565b2025e5f,팔도이불,이불,수영팔도시장(구 수영팔도상가시장),전통시장,부산광역시,3.0,3.0,,,RESOLVED_AGREEMENT,False,3,,,,
f2b44d30aa5b08f4c7a0,test,침구,T2 동의어,q_침구_02,이불,생활·마트 중 '침구'를 판매·제공하는 매장,01c8223c-7693-4269-8de1-ef21d68577d4,신흥침구사,침구,중앙신시장,전통시장,경상북도,3.0,3.0,,,RESOLVED_AGREEMENT,False,3,,,,
43af7a40e47f617ddbaf,test,침구,T2 동의어,q_침구_02,이불,생활·마트 중 '침구'를 판매·제공하는 매장,a21dafbc-1d1c-4a1f-b5e4-ac57b3a5623b,대명이불,이불,창원 상남시장,전통시장,경상남도,3.0,3.0,,,RESOLVED_AGREEMENT,False,3,,,,
f96bc2e486d1c67ab931,test,침구,T2 동의어,q_침구_02,이불,생활·마트 중 '침구'를 판매·제공하는 매장,e73da1ff-a040-47a9-9436-534a34eb0f9f,삼화이불,이불,김천중앙시장,전통시장,경상북도,3.0,3.0,,,RESOLVED_AGREEMENT,False,3,,,,
d6f625158ca6da1d8943,test,침구,T2 동의어,q_침구_02,이불,생활·마트 중 '침구'를 판매·제공하는 매장,602ce2c9-ce34-4090-ab16-3e370cfa68a6,흥부이불,이불,도마큰시장,전통시장,대전광역시,3.0,3.0,,,RESOLVED_AGREEMENT,False,3,,,,
73e15d4615f05461ee50,test,침구,T2 동의어,q_침구_02,이불,생활·마트 중 '침구'를 판매·제공하는 매장,b8bdfd9b-afb6-4f45-9b95-3f3d667b0b21,세나이불,이불,군산공설시장,전통시장,전북특별자치도,3.0,3.0,,,RESOLVED_AGREEMENT,False,3,,,,
e0354931c544d3eed29b,test,침구,T2 동의어,q_침구_02,이불,생활·마트 중 '침구'를 판매·제공하는 매장,dfc5c005-040b-495b-9966-505a560f2474,대왕이불,이불,망원동월드컵시장,전통시장,서울특별시,3.0,3.0,,,RESOLVED_AGREEMENT,False,3,,,,
4319c220ff01c981c156,test,침구,T2 동의어,q_침구_02,이불,생활·마트 중 '침구'를 판매·제공하는 매장,012f526e-9f74-4b7a-86ab-887e82649cba,나주커튼,커튼,나주목사고을시장,전통시장,,3.0,2.0,,,P2_GRADED_ONLY,True,,,,,
ba6c94d2563c5a4c649d,test,침구,T2 동의어,q_침구_02,이불,생활·마트 중 '침구'를 판매·제공하는 매장,b658c695-42d6-4166-9fd6-69b2acc3abe1,홍옥이불,이불,의정부제일시장,전통시장,경기도,3.0,3.0,,,RESOLVED_AGREEMENT,False,3,,,,
f9904b0f49eafa53cbee,test,침구,T2 동의어,q_침구_02,이불,생활·마트 중 '침구'를 판매·제공하는 매장,ee374b4f-3b5a-4d72-a8c5-fb91e8dbec22,황금당,귀금속,구리전통시장,전통시장,경기도,0.0,0.0,,,RESOLVED_AGREEMENT,False,0,,,,
a3877bc54c84c4f36215,test,침구,T2 동의어,q_침구_02,이불,생활·마트 중 '침구'를 판매·제공하는 매장,ae553b19-db0f-4366-bd17-950926b3bb51,한국이불,이불,부천자유시장,전통시장,경기도,3.0,3.0,,,RESOLVED_AGREEMENT,False,3,,,,
c1803f2300b368024a25,test,침구,T2 동의어,q_침구_02,이불,생활·마트 중 '침구'를 판매·제공하는 매장,82b56a62-ec50-41f9-94ff-4d2a70ae7a79,살롱드 박 헤어,"컷, 펌",캐롤타운상점가 골목형상점가,골목형상점가,경상북도,0.0,0.0,,,RESOLVED_AGREEMENT,False,0,,,,
e6a877775d196917409f,test,침구,T2 동의어,q_침구_02,이불,생활·마트 중 '침구'를 판매·제공하는 매장,8825f45a-d623-499b-ae69-de2f0a1d5b2c,구월이불,이불,구월시장,전통시장,인천광역시,3.0,3.0,,,RESOLVED_AGREEMENT,False,3,,,,
6695289366e58a9f4ce5,test,침구,T2 동의어,q_침구_02,이불,생활·마트 중 '침구'를 판매·제공하는 매장,5dc92951-6107-4307-b077-91066beae305,이불공장,이불,하양꿈바우시장,전통시장,경상북도,3.0,3.0,,,RESOLVED_AGREEMENT,False,3,,,,
e3fb253736c70097e7aa,test,침구,T2 동의어,q_침구_02,이불,생활·마트 중 '침구'를 판매·제공하는 매장,0829fe47-f308-40f0-a247-23107e05e184,대원이불,이불,사가정시장,전통시장,서울특별시,3.0,3.0,,,RESOLVED_AGREEMENT,False,3,,,,
6d38aec8f8d239d6361c,test,침구,T2 동의어,q_침구_02,이불,생활·마트 중 '침구'를 판매·제공하는 매장,0c070458-933d-4b37-93e8-3933daa97cc2,신행상회,이불,김천중앙시장,전통시장,경상북도,3.0,3.0,,,RESOLVED_AGREEMENT,False,3,,,,
422f2de8eb053c11abc2,test,침구,T2 동의어,q_침구_02,이불,생활·마트 중 '침구'를 판매·제공하는 매장,eebe2a61-8abd-4556-8d35-f58a5ff997dd,성도이불,이불,서문시장4지구종합대체상가(베네시움),전통시장,대구광역시,3.0,3.0,,,RESOLVED_AGREEMENT,False,3,,,,
1207a56efd02bf9005ba,test,침구,T2 동의어,q_침구_02,이불,생활·마트 중 '침구'를 판매·제공하는 매장,18e2403b-4db0-4914-b0df-bcff5e4251d4,영천이불,이불,봉덕신시장,전통시장,대구광역시,3.0,3.0,,,RESOLVED_AGREEMENT,False,3,,,,
4dee1cba1cedf9b8e3eb,test,침구,T2 동의어,q_침구_02,이불,생활·마트 중 '침구'를 판매·제공하는 매장,0056f4f0-208d-4d7c-996c-9e6526fea6cf,한일침구,침구,목포원도심상점가,자율상권구역,전라남도,3.0,3.0,,,RESOLVED_AGREEMENT,False,3,,,,
d0b723c30fb750c8b1bf,test,침구,T2 동의어,q_침구_02,이불,생활·마트 중 '침구'를 판매·제공하는 매장,f2920d11-a11f-4e20-9112-ccb8fc8ef957,대창이불,이불,평택통복시장,전통시장,경기도,3.0,3.0,,,RESOLVED_AGREEMENT,False,3,,,,
f8cb4e13d7a3db926919,test,침구,T2 동의어,q_침구_02,이불,생활·마트 중 '침구'를 판매·제공하는 매장,c98f57fe-8439-43f4-aa7e-138f23488155,성환이불,이불,성환1번가 골목형상점가,골목형상점가,충청남도,3.0,3.0,,,RESOLVED_AGREEMENT,False,3,,,,
c4ebe4bf806d5768e442,test,침구,T2 동의어,q_침구_02,이불,생활·마트 중 '침구'를 판매·제공하는 매장,020246a6-0250-41f7-93e8-4b7cbdd9f5e2,덕광상회,이불,금산금빛시장(금산시장),전통시장,충청남도,3.0,3.0,,,RESOLVED_AGREEMENT,False,3,,,,
2ddd6873a973f36d6c58,test,침구,T2 동의어,q_침구_03,이불가게,생활·마트 중 '침구'를 판매·제공하는 매장,5ba86170-2a4c-41be-a5d9-b118dd0e6b62,오빠가게,야채,남부종합시장,전통시장,인천광역시,0.0,0.0,,,RESOLVED_AGREEMENT,False,0,,,,
118e56aec0d1d015a4e9,test,침구,T2 동의어,q_침구_03,이불가게,생활·마트 중 '침구'를 판매·제공하는 매장,45629af1-7f77-40b6-baaf-c8f833278a94,야채가게,죽,계양산전통시장,전통시장,인천광역시,0.0,0.0,,,RESOLVED_AGREEMENT,False,0,,,,
882643584511d292f81f,test,침구,T2 동의어,q_침구_03,이불가게,생활·마트 중 '침구'를 판매·제공하는 매장,5dc92951-6107-4307-b077-91066beae305,이불공장,이불,하양꿈바우시장,전통시장,경상북도,3.0,3.0,,,RESOLVED_AGREEMENT,False,3,,,,
97487edd964eb406c0cb,test,침구,T2 동의어,q_침구_03,이불가게,생활·마트 중 '침구'를 판매·제공하는 매장,ab649915-7ba4-4fcc-9588-daf4702a4eba,김밥가게,김밥,혁신도시5구역골목형상점가,골목형상점가,강원특별자치도,0.0,0.0,,,RESOLVED_AGREEMENT,False,0,,,,
930ad14bfbb257226a95,test,침구,T2 동의어,q_침구_03,이불가게,생활·마트 중 '침구'를 판매·제공하는 매장,00c164d0-76c7-4e7a-9676-ecfdbb052077,크린토피아신창점,세탁,신창수문 골목형상점가,골목형상점가,광주광역시,1.0,0.0,,,P2_GRADED_ONLY,True,,,,,
2a1eaa4c0e2102bb6b05,test,침구,T2 동의어,q_침구_03,이불가게,생활·마트 중 '침구'를 판매·제공하는 매장,00083664-fb4e-4e3b-bb0a-d9a0a1e8f87f,롯데세탁소,,와룡로 골목형상점가,골목형상점가,전북특별자치도,1.0,0.0,,,P2_GRADED_ONLY,True,,,,,
42618bc224118db72c14,test,침구,T2 동의어,q_침구_03,이불가게,생활·마트 중 '침구'를 판매·제공하는 매장,253e10cf-4a33-4db2-8e33-9f947afa0c56,속옷가게,의류,영동전통시장,전통시장,충청북도,1.0,0.0,,,P2_GRADED_ONLY,True,,,,,
c053cf397415a0cf4068,test,침구,T2 동의어,q_침구_03,이불가게,생활·마트 중 '침구'를 판매·제공하는 매장,fef94ae5-7152-40bc-b8ac-fdfafa365091,맛있는가게,,진주 자유시장,전통시장,경상남도,,0.0,Y,,P0_UNCERTAIN_OR_MISSING,True,,,,,
0d5a26c886a45d9ae288,test,침구,T2 동의어,q_침구_03,이불가게,생활·마트 중 '침구'를 판매·제공하는 매장,2d9a91df-c256-4726-9e01-9e491c7b297a,블루,옷가게,전주중앙상가시장,전통시장,전북특별자치도,0.0,0.0,,,RESOLVED_AGREEMENT,False,0,,,,
3374879f8f84564ff7a6,test,침구,T2 동의어,q_침구_03,이불가게,생활·마트 중 '침구'를 판매·제공하는 매장,4ed4c4e4-eba9-4f13-a775-40b1d4ecfb32,조은가게,야채,한민시장,전통시장,대전광역시,0.0,0.0,,,RESOLVED_AGREEMENT,False,0,,,,
ed5d7fb8e15829c8f9b6,test,침구,T2 동의어,q_침구_03,이불가게,생활·마트 중 '침구'를 판매·제공하는 매장,92680538-0270-4243-8146-c65efbb9ffa3,대왕동태탕,동태탕,장안마실골목형상점가,골목형상점가,서울특별시,0.0,0.0,,,RESOLVED_AGREEMENT,False,0,,,,
1fab2a205eb5cf956de5,test,침구,T2 동의어,q_침구_03,이불가게,생활·마트 중 '침구'를 판매·제공하는 매장,7bad5493-050a-42bd-83e6-4e3b321b8c7b,달콤가게,여성의류,서문대로663번길 골목형상점가,골목형상점가,광주광역시,1.0,0.0,,,P2_GRADED_ONLY,True,,,,,
9c5f174598f224c4f5ca,test,침구,T2 동의어,q_침구_03,이불가게,생활·마트 중 '침구'를 판매·제공하는 매장,5a3374e3-5fb0-42b2-b4b7-e9c83a25f7bd,신주옥미 수완지구점,한식,해피니스,골목형상점가,광주광역시,0.0,0.0,,,RESOLVED_AGREEMENT,False,0,,,,
c91c01e924d19b30350f,test,침구,T2 동의어,q_침구_03,이불가게,생활·마트 중 '침구'를 판매·제공하는 매장,d59b2475-464c-47de-be2b-ad98fa07ad83,이불창고,이불 및 잡화,빛가람 하나로 골목형상점가,골목형상점가,전라남도,3.0,3.0,,,RESOLVED_AGREEMENT,False,3,,,,
40ceb5beccc15b7c8454,test,침구,T2 동의어,q_침구_03,이불가게,생활·마트 중 '침구'를 판매·제공하는 매장,ffa782dc-e0ff-4365-8fd0-3e3c6440106d,요앞떡가게,떡류,장승백이전통시장(구 만수창대시장),전통시장,인천광역시,0.0,3.0,,,P1_BINARY_THRESHOLD,True,,,,,
b87ab3574757548c9430,test,침구,T2 동의어,q_침구_03,이불가게,생활·마트 중 '침구'를 판매·제공하는 매장,ca3a52af-6f42-400a-a7e0-13469f38ba56,비아옷가게,의류,부산평화시장,전통시장,부산광역시,1.0,0.0,,,P2_GRADED_ONLY,True,,,,,
2c75e93e7ed8d49fdee9,test,침구,T2 동의어,q_침구_03,이불가게,생활·마트 중 '침구'를 판매·제공하는 매장,b1eece7f-4a30-4985-8a59-f7b98885ac99,선이가게,수산물,고성시장,전통시장,경상남도,0.0,0.0,,,RESOLVED_AGREEMENT,False,0,,,,
f88d813ff760c1a0a4cf,test,침구,T2 동의어,q_침구_03,이불가게,생활·마트 중 '침구'를 판매·제공하는 매장,01c8223c-7693-4269-8de1-ef21d68577d4,신흥침구사,침구,중앙신시장,전통시장,경상북도,3.0,3.0,,,RESOLVED_AGREEMENT,False,3,,,,
ecbd42c7dcf90ab4aae8,test,침구,T2 동의어,q_침구_03,이불가게,생활·마트 중 '침구'를 판매·제공하는 매장,0be8ab99-895f-4831-a1ed-dec14b6d60dc,이불백화점,이불,양산 남부시장상가,전통시장,경상남도,3.0,3.0,,,RESOLVED_AGREEMENT,False,3,,,,
a215df009b4965e7da5e,test,침구,T2 동의어,q_침구_03,이불가게,생활·마트 중 '침구'를 판매·제공하는 매장,020246a6-0250-41f7-93e8-4b7cbdd9f5e2,덕광상회,이불,금산금빛시장(금산시장),전통시장,충청남도,3.0,3.0,,,RESOLVED_AGREEMENT,False,3,,,,
26c879cea059ee2a402d,test,침구,T2 동의어,q_침구_03,이불가게,생활·마트 중 '침구'를 판매·제공하는 매장,7d1f635a-858b-4190-bfa8-12bc824fd3d2,배영민신발가게,신발,남문시장,전통시장,서울특별시,0.0,0.0,,,RESOLVED_AGREEMENT,False,0,,,,
67e9d0c2032eade22029,test,침구,T2 동의어,q_침구_03,이불가게,생활·마트 중 '침구'를 판매·제공하는 매장,5f856f68-330e-468a-905b-6973e464efb7,이불장만,이불,춘천풍물시장,전통시장,강원특별자치도,3.0,3.0,,,RESOLVED_AGREEMENT,False,3,,,,
26eeaf6080d71b390e9d,test,침구,T2 동의어,q_침구_03,이불가게,생활·마트 중 '침구'를 판매·제공하는 매장,05291547-c22d-430e-95c2-e31bda19a90a,슈퍼타이 본점,세탁,월드시티상가 골목형상점가,골목형상점가,울산광역시,1.0,0.0,,,P2_GRADED_ONLY,True,,,,,
e16726ffd6890567e5df,test,침구,T2 동의어,q_침구_03,이불가게,생활·마트 중 '침구'를 판매·제공하는 매장,72d4a81e-0014-47d7-b905-48aca9d5dbde,이불나라,이불,동대문지하상가(구 동대문지하쇼핑센터),일반지하상점가,서울특별시,3.0,3.0,,,RESOLVED_AGREEMENT,False,3,,,,
28ef83f7e60a1c2d0f96,test,침구,T2 동의어,q_침구_03,이불가게,생활·마트 중 '침구'를 판매·제공하는 매장,b80cb310-b3a1-4388-b3e6-7a07565759ff,이불랜드,수예 이불,서남신시장,전통시장,대구광역시,3.0,3.0,,,RESOLVED_AGREEMENT,False,3,,,,
7fad20f9ce1d6d898b41,test,침구,T2 동의어,q_침구_03,이불가게,생활·마트 중 '침구'를 판매·제공하는 매장,aab932c8-3492-4193-acad-950769ceeac4,연어가게,연어,연신내골목형상점가,골목형상점가,서울특별시,0.0,0.0,,,RESOLVED_AGREEMENT,False,0,,,,
6720baf89f0c75674212,test,침구,T2 동의어,q_침구_03,이불가게,생활·마트 중 '침구'를 판매·제공하는 매장,02149791-6e33-4077-a92d-4f7756bbaa40,잉꼬이불,이불,센트럴프라자,골목형상점가,울산광역시,3.0,3.0,,,RESOLVED_AGREEMENT,False,3,,,,
38bc613f953a05f3276d,test,침구,T2 동의어,q_침구_03,이불가게,생활·마트 중 '침구'를 판매·제공하는 매장,0214317c-c9f8-4af4-8b93-7d7d52ee1acb,창과방,커튼,남대문시장,전통시장,서울특별시,3.0,2.0,,,P2_GRADED_ONLY,True,,,,,
d93db56312a8ee0783af,test,침구,T2 동의어,q_침구_03,이불가게,생활·마트 중 '침구'를 판매·제공하는 매장,a0a976ce-bfe9-4704-93fa-35315d9e0770,고은방 이불집,이불,신대방1동온누리길골목형상점가,골목형상점가,서울특별시,3.0,3.0,,,RESOLVED_AGREEMENT,False,3,,,,
6de9366e280e1379ffa7,test,침구,T2 동의어,q_침구_03,이불가게,생활·마트 중 '침구'를 판매·제공하는 매장,7b8995cf-37fc-4f4f-aff3-156ffe3441c7,마실가게,한식,자갈치해안시장,전통시장,부산광역시,0.0,0.0,,,RESOLVED_AGREEMENT,False,0,,,,
32dd550237499c5bbb9e,test,침구,T2 동의어,q_침구_03,이불가게,생활·마트 중 '침구'를 판매·제공하는 매장,aa05555d-38e3-46c9-add2-b6f68fcf2214,들령가게,농수산,서귀포매일올레시장,전통시장,제주특별자치도,0.0,0.0,,,RESOLVED_AGREEMENT,False,0,,,,
9c880162c4620e080173,test,침구,T2 동의어,q_침구_03,이불가게,생활·마트 중 '침구'를 판매·제공하는 매장,ba9b9a60-f8a9-4b90-9dff-c577b684ac8a,거리가게,,청주육거리종합시장,전통시장,충청북도,,0.0,Y,,P0_UNCERTAIN_OR_MISSING,True,,,,,
c58b5593958018991194,test,침구,T2 동의어,q_침구_03,이불가게,생활·마트 중 '침구'를 판매·제공하는 매장,3855d21b-a3a8-4881-b987-4eb773721d6a,대륙수산,농축수산품,"안면도수산시장(구, 안면도장터)",전통시장,충청남도,0.0,0.0,,,RESOLVED_AGREEMENT,False,0,,,,
b2c10bcdcde628393cdb,test,침구,T2 동의어,q_침구_03,이불가게,생활·마트 중 '침구'를 판매·제공하는 매장,01fa75f4-4cdb-4d62-931a-2b130cdef613,에띠앙이불집,이불,익산장(구 북부장),전통시장,전북특별자치도,3.0,3.0,,,RESOLVED_AGREEMENT,False,3,,,,
8a577d05057582aac66c,test,침구,T2 동의어,q_침구_03,이불가게,생활·마트 중 '침구'를 판매·제공하는 매장,6e2bb88e-67bd-4c96-8cab-e2e0a520339b,이불창고,이불잡화,수완이지더원 골목형상점가,골목형상점가,광주광역시,3.0,3.0,,,RESOLVED_AGREEMENT,False,3,,,,
c620a7cea61e6082dad3,test,침구,T2 동의어,q_침구_03,이불가게,생활·마트 중 '침구'를 판매·제공하는 매장,009cda97-be64-4deb-8311-f6e42d4eca25,갤러리커튼,커튼블라인드침구,홀릭스,골목형상점가,광주광역시,3.0,3.0,,,RESOLVED_AGREEMENT,False,3,,,,
f0a129249663342902be,test,침구,T2 동의어,q_침구_03,이불가게,생활·마트 중 '침구'를 판매·제공하는 매장,151d1698-2503-4ffc-9e3b-bac014989306,싸가지고가게,식품,계양산전통시장,전통시장,인천광역시,0.0,0.0,,,RESOLVED_AGREEMENT,False,0,,,,
e337fde859b2d0e285f9,test,침구,T2 동의어,q_침구_03,이불가게,생활·마트 중 '침구'를 판매·제공하는 매장,015d152e-ed78-4d55-a7c5-5c8fce6debf7,후평종합이불,"침구류, 수건",후평일단지시장,전통시장,강원특별자치도,3.0,3.0,,,RESOLVED_AGREEMENT,False,3,,,,
49225be6ee2d327878b9,test,침구,T2 동의어,q_침구_03,이불가게,생활·마트 중 '침구'를 판매·제공하는 매장,94962552-a258-4a87-b9db-3686ebedc036,이불창고,이불잡화,영천 골목형상점가,골목형상점가,광주광역시,3.0,3.0,,,RESOLVED_AGREEMENT,False,3,,,,
c4ed63a9d44c6cad86f4,test,침구,T2 동의어,q_침구_03,이불가게,생활·마트 중 '침구'를 판매·제공하는 매장,ca066f84-926c-4c9b-8025-4d4b083c9639,이불나라,이불,방신전통시장,전통시장,서울특별시,3.0,3.0,,,RESOLVED_AGREEMENT,False,3,,,,
07b40fd5d86891a00e4c,test,침구,T2 동의어,q_침구_03,이불가게,생활·마트 중 '침구'를 판매·제공하는 매장,4e4f05a6-c4b7-4d5f-8fa1-45be4163e663,우리동네가게,,범리단길 골목형상점가,골목형상점가,부산광역시,,,Y,Y,P0_UNCERTAIN_OR_MISSING,True,,,,,
bbd47935ceb1cfb2e2a4,test,침구,T2 동의어,q_침구_03,이불가게,생활·마트 중 '침구'를 판매·제공하는 매장,6645fadd-8271-4a2c-899f-a78cee73b407,이불집,이불,부천신흥시장,전통시장,경기도,3.0,3.0,,,RESOLVED_AGREEMENT,False,3,,,,
e7c0efb7570bc67bf69e,test,침구,T2 동의어,q_침구_03,이불가게,생활·마트 중 '침구'를 판매·제공하는 매장,3d24f1c5-bc98-4cee-84af-3e5aa0fd0a53,우리동네반찬가게,반찬가게,신금정시장 골목형 상점가,골목형상점가,부산광역시,0.0,0.0,,,RESOLVED_AGREEMENT,False,0,,,,
26fbbad2d1239b3dda03,test,침구,T2 동의어,q_침구_03,이불가게,생활·마트 중 '침구'를 판매·제공하는 매장,fc9df4a0-71ad-43b7-bde4-51b439cdaecc,시슬리 제주점,의류,이도패션거리 골목형상점가,골목형상점가,제주특별자치도,1.0,0.0,,,P2_GRADED_ONLY,True,,,,,
cddbd66b846e25b3ee39,test,침구,T2 동의어,q_침구_03,이불가게,생활·마트 중 '침구'를 판매·제공하는 매장,c15b7d24-b90f-4edb-a4d7-38d243dad39e,가게,담배,대명시장,전통시장,대구광역시,0.0,0.0,,,RESOLVED_AGREEMENT,False,0,,,,
3ab457c7162a5ed77597,test,침구,T2 동의어,q_침구_03,이불가게,생활·마트 중 '침구'를 판매·제공하는 매장,020bee4a-baa0-4c84-a1d2-1ffe5e745eb7,유영주단,"이불, 한복",대가야 자율상권구역,,경상북도,3.0,3.0,,,RESOLVED_AGREEMENT,False,3,,,,
012bb66058b0986c086e,test,침구,T2 동의어,q_침구_03,이불가게,생활·마트 중 '침구'를 판매·제공하는 매장,310c9424-eac7-476a-9a67-c7c75fd071a1,이불,,부산진시장,전통시장,부산광역시,3.0,3.0,,,RESOLVED_AGREEMENT,False,3,,,,
cf14d2d9d8f913bea181,test,침구,T2 동의어,q_침구_03,이불가게,생활·마트 중 '침구'를 판매·제공하는 매장,0168e10e-c168-404c-83b2-0d1fd89d65e6,루디아,혼수 커튼,양동복개상가,전통시장,,3.0,2.0,,,P2_GRADED_ONLY,True,,,,,
b83aa8e7ad2b7ba3addf,test,침구,T2 동의어,q_침구_03,이불가게,생활·마트 중 '침구'를 판매·제공하는 매장,01022b54-7fac-43ff-8e1e-8e0c95d34ac6,아이편한♥소리잠매트,침구 등,성남프라자,전통시장,울산광역시,3.0,3.0,,,RESOLVED_AGREEMENT,False,3,,,,
9e7eecd33dc1418ce73d,test,침구,T2 동의어,q_침구_03,이불가게,생활·마트 중 '침구'를 판매·제공하는 매장,e7d99fed-785c-453d-924c-b057d85ca19a,반찬가게,반찬,거진전통시장,전통시장,강원특별자치도,0.0,0.0,,,RESOLVED_AGREEMENT,False,0,,,,
61e88237e02bfe2d4ef0,test,침구,T2 동의어,q_침구_03,이불가게,생활·마트 중 '침구'를 판매·제공하는 매장,53776ad6-4a97-4445-b7f6-e236725c5048,대박옷가게,옷가게,안동광석거리 골목형상점가,골목형상점가,경상북도,0.0,0.0,,,RESOLVED_AGREEMENT,False,0,,,,
c853079be5f2ca39720f,test,침구,T2 동의어,q_침구_03,이불가게,생활·마트 중 '침구'를 판매·제공하는 매장,b6930828-0bf6-4236-9e08-7fabf1748282,삼촌가게,커튼,울산시장,전통시장,울산광역시,3.0,2.0,,,P2_GRADED_ONLY,True,,,,,
324c1ddd1555469954cb,test,침구,T2 동의어,q_침구_03,이불가게,생활·마트 중 '침구'를 판매·제공하는 매장,a9e9e40f-65cf-4e1d-bbff-c3b2ee8ffff9,죽돈,한식,반드레길골목형상점가,골목형상점가,서울특별시,0.0,0.0,,,RESOLVED_AGREEMENT,False,0,,,,
5c8bef650d09b0975e60,test,침구,T2 동의어,q_침구_03,이불가게,생활·마트 중 '침구'를 판매·제공하는 매장,020914cd-8086-4fad-ab39-bbae265d6a60,양진이불,침구,경주성동공설시장,전통시장,경상북도,3.0,3.0,,,RESOLVED_AGREEMENT,False,3,,,,
e081b23ed7f184bd71a3,test,침구,T2 동의어,q_침구_03,이불가게,생활·마트 중 '침구'를 판매·제공하는 매장,f12eab0f-9520-4105-9084-8a7ca2e7816a,행복한가게,,상도도깨비골목형상점가,골목형상점가,서울특별시,,,Y,Y,P0_UNCERTAIN_OR_MISSING,True,,,,,
3ec05bcde0e5543202bd,test,침구,T2 동의어,q_침구_03,이불가게,생활·마트 중 '침구'를 판매·제공하는 매장,00f84355-823b-4c23-bb49-e842bf41a1a3,금호커텐,커튼,양동복개상가,전통시장,,3.0,2.0,,,P2_GRADED_ONLY,True,,,,,
d58cf78acb8962cb8b83,test,침구,T2 동의어,q_침구_03,이불가게,생활·마트 중 '침구'를 판매·제공하는 매장,e9450f12-25da-4928-90e1-73f1fe0f9d65,이불마루,이불,대송시장,전통시장,울산광역시,3.0,3.0,,,RESOLVED_AGREEMENT,False,3,,,,
37d17e0456bfe288eda9,test,침구,T2 동의어,q_침구_03,이불가게,생활·마트 중 '침구'를 판매·제공하는 매장,9ea481ab-2428-47f9-ac8e-b5f9fe09c154,이불하나,,첨단청사초롱길 골목형상점가,골목형상점가,,3.0,3.0,,,RESOLVED_AGREEMENT,False,3,,,,
32c23d8e2813e13768fa,test,침구,T2 동의어,q_침구_03,이불가게,생활·마트 중 '침구'를 판매·제공하는 매장,00831337-1223-4dcf-9c42-67ca874b1ef6,무지개,침구류,부산진시장,전통시장,부산광역시,3.0,3.0,,,RESOLVED_AGREEMENT,False,3,,,,
93bb0c3439bde6a635ba,test,침구,T2 동의어,q_침구_03,이불가게,생활·마트 중 '침구'를 판매·제공하는 매장,85970af3-b9b0-447f-a5f4-23b3ccb94e04,이불나라,이불,염주먹자골목B구역상인회 골목형상점가,골목형상점가,광주광역시,3.0,3.0,,,RESOLVED_AGREEMENT,False,3,,,,
a35d09483fea546c2256,test,침구,T2 동의어,q_침구_03,이불가게,생활·마트 중 '침구'를 판매·제공하는 매장,fdb659ed-6903-4c1c-948c-198d6c4a9cb2,이불할인매장,이불,동문동 골목형상점가,골목형상점가,충청남도,3.0,3.0,,,RESOLVED_AGREEMENT,False,3,,,,
21f094668cfb23e7084d,test,침구,T2 동의어,q_침구_03,이불가게,생활·마트 중 '침구'를 판매·제공하는 매장,ce428479-0251-4b91-a391-7b5886951dc3,과일가게,기타,복이있는덕포시장,전통시장,부산광역시,0.0,0.0,,,RESOLVED_AGREEMENT,False,0,,,,
ce8ca426910afd26dad5,test,침구,T2 동의어,q_침구_03,이불가게,생활·마트 중 '침구'를 판매·제공하는 매장,6ecc78a6-78b8-46e7-a34e-ed11d1911d3f,별상회,한식,청주북부시장,전통시장,충청북도,0.0,0.0,,,RESOLVED_AGREEMENT,False,0,,,,
6b621e306ff394824eb6,test,침구,T2 동의어,q_침구_03,이불가게,생활·마트 중 '침구'를 판매·제공하는 매장,ea8d26c6-86c4-4683-a101-8e2e01f1af4c,옷가게,의류,상주왕산상점가,자율상권구역,경상북도,1.0,0.0,,,P2_GRADED_ONLY,True,,,,,
57422861b175f6be66b0,test,침구,T2 동의어,q_침구_03,이불가게,생활·마트 중 '침구'를 판매·제공하는 매장,b6feb932-ddba-4f6a-a495-259a91b539a1,동하생선가게,,화곡 초록맛거리 골목형상점가,골목형상점가,서울특별시,0.0,0.0,,,RESOLVED_AGREEMENT,False,0,,,,
70224dad25542086ffeb,test,침구,T2 동의어,q_침구_03,이불가게,생활·마트 중 '침구'를 판매·제공하는 매장,70811b6e-7893-40f2-8a72-76e1fc41ebe2,마춤이불,이불,마산 수남상가,전통시장,경상남도,3.0,3.0,,,RESOLVED_AGREEMENT,False,3,,,,
c8710f847927231661e9,test,침구,T2 동의어,q_침구_03,이불가게,생활·마트 중 '침구'를 판매·제공하는 매장,944b9295-f522-4923-98ac-36b124b48684,이불나라,"소매, 이불",솔샘시장 골목형상점가,골목형상점가,서울특별시,3.0,3.0,,,RESOLVED_AGREEMENT,False,3,,,,
b114278ff39a852caeb0,test,침구,T2 동의어,q_침구_03,이불가게,생활·마트 중 '침구'를 판매·제공하는 매장,02187a22-27d8-4fad-a650-42495bec004f,부흥상회,이불,용현시장,전통시장,인천광역시,3.0,3.0,,,RESOLVED_AGREEMENT,False,3,,,,
710b8bb20cb8cd6e4ca1,test,침구,T2 동의어,q_침구_03,이불가게,생활·마트 중 '침구'를 판매·제공하는 매장,2ea36676-4b7c-44e7-b9d1-3c56a7aae578,컴포즈커피 세종시청점,커피,보람동 골목형상점가,골목형상점가,세종특별자치시,0.0,0.0,,,RESOLVED_AGREEMENT,False,0,,,,
076215d0b3e561ba390a,test,침구,T2 동의어,q_침구_03,이불가게,생활·마트 중 '침구'를 판매·제공하는 매장,7d7d8a60-aacc-4f21-897b-444addc3554b,과일가게,과일,은행시장,전통시장,경기도,0.0,0.0,,,RESOLVED_AGREEMENT,False,0,,,,
f79747ccbe8eb7e7909e,test,침구,T2 동의어,q_침구_03,이불가게,생활·마트 중 '침구'를 판매·제공하는 매장,8cc37527-661e-45d1-a12c-62839828bd03,우리 모두의 반찬가게,반찬가게,다정한 골목형상점가,골목형상점가,세종특별자치시,0.0,0.0,,,RESOLVED_AGREEMENT,False,0,,,,
bcee9b23034c83b4bd42,test,침구,T2 동의어,q_침구_03,이불가게,생활·마트 중 '침구'를 판매·제공하는 매장,7713a217-9c04-48d2-ada1-0d4b3658687a,유한회사 영광축산,축산물,가락몰골목형상점가,골목형상점가,서울특별시,0.0,0.0,,,RESOLVED_AGREEMENT,False,0,,,,
34ec514ee4cd6c6d1073,test,침구,T2 동의어,q_침구_03,이불가게,생활·마트 중 '침구'를 판매·제공하는 매장,08924258-ea57-439b-890c-7549332f776b,행복가게,잡화,중앙로 지하상가 상점가,일반지하상점가,대전광역시,1.0,1.0,,,RESOLVED_AGREEMENT,False,1,,,,
36e3737921fba602c02f,test,침구,T2 동의어,q_침구_03,이불가게,생활·마트 중 '침구'를 판매·제공하는 매장,65163e4d-256a-42cf-8e21-9c561289e588,커피가게,커피,광주여대 골목형상점가,골목형상점가,광주광역시,0.0,0.0,,,RESOLVED_AGREEMENT,False,0,,,,
814ca272c1c4b4dc49b5,test,침구,T2 동의어,q_침구_03,이불가게,생활·마트 중 '침구'를 판매·제공하는 매장,b0d12be1-8fe8-471e-8108-9c3850098564,꽃옷가게,,낭주골 골목형상점가,골목형상점가,전북특별자치도,0.0,0.0,,,RESOLVED_AGREEMENT,False,0,,,,
606052cf3ecb1d5dc5f6,test,침구,T2 동의어,q_침구_03,이불가게,생활·마트 중 '침구'를 판매·제공하는 매장,cacafa3e-a69d-42db-8acd-6713cea63db0,구멍가게,,망원시장,전통시장,서울특별시,,0.0,Y,,P0_UNCERTAIN_OR_MISSING,True,,,,,
531d660270ce8882dec3,test,침구,T2 동의어,q_침구_03,이불가게,생활·마트 중 '침구'를 판매·제공하는 매장,6bcb6f87-0565-4425-9ca7-306adeede94f,도담옷가게,의류,카림애비뉴애 골목형상점가,골목형상점가,세종특별자치시,1.0,0.0,,,P2_GRADED_ONLY,True,,,,,
3edaabfc8a8abf4b3004,test,침구,T2 동의어,q_침구_03,이불가게,생활·마트 중 '침구'를 판매·제공하는 매장,5c55b609-2e0f-4319-b960-25580e714d4c,차칸가게,과일,일산시장(구 일산전통시장),전통시장,경기도,0.0,0.0,,,RESOLVED_AGREEMENT,False,0,,,,
ba78d2367e9c21c7eec2,test,침구,T2 동의어,q_침구_03,이불가게,생활·마트 중 '침구'를 판매·제공하는 매장,75cb857c-894b-48f0-a460-add42ef3f618,이불랑침구,이불,오산오색시장(구 오산중앙시장),전통시장,경기도,3.0,3.0,,,RESOLVED_AGREEMENT,False,3,,,,
e0ac0bafbc669efb6600,test,침구,T2 동의어,q_침구_03,이불가게,생활·마트 중 '침구'를 판매·제공하는 매장,019c9868-92c6-4e25-b2ea-903f322c9acf,맡겨봐신발세탁,세탁,임동 골목형상점가,골목형상점가,광주광역시,1.0,0.0,,,P2_GRADED_ONLY,True,,,,,
926ad8d609cee55dadce,test,침구,T2 동의어,q_침구_03,이불가게,생활·마트 중 '침구'를 판매·제공하는 매장,b658c695-42d6-4166-9fd6-69b2acc3abe1,홍옥이불,이불,의정부제일시장,전통시장,경기도,3.0,3.0,,,RESOLVED_AGREEMENT,False,3,,,,
4aab2ed25416feb6fc1e,test,침구,T2 동의어,q_침구_03,이불가게,생활·마트 중 '침구'를 판매·제공하는 매장,d238e069-7283-40e8-9fd5-9950c4068c7a,처녀이불가게,이불 한복,황지자유시장,전통시장,강원특별자치도,3.0,3.0,,,RESOLVED_AGREEMENT,False,3,,,,
e02c963e6201aa210bba,test,침구,T2 동의어,q_침구_03,이불가게,생활·마트 중 '침구'를 판매·제공하는 매장,34780809-6672-4380-9290-0663fa132a8f,불가리,의류,신평화패션타운,전통시장,서울특별시,1.0,0.0,,,P2_GRADED_ONLY,True,,,,,
3dde418f7d9e43dc3057,test,침구,T2 동의어,q_침구_03,이불가게,생활·마트 중 '침구'를 판매·제공하는 매장,94c4bf2a-85e8-4856-a125-6d8d04a63c13,모아옷가게,의류,밀양 아리랑시장,전통시장,경상남도,1.0,0.0,,,P2_GRADED_ONLY,True,,,,,
192c7d05bfdf6f241af3,test,침구,T2 동의어,q_침구_03,이불가게,생활·마트 중 '침구'를 판매·제공하는 매장,aa590fe8-fc68-4e09-9012-10fd2bd3dae1,다니엘 이불,이불,"온양온천시장(온양재래시장, 전통시장)",전통시장,충청남도,3.0,3.0,,,RESOLVED_AGREEMENT,False,3,,,,
4a8c4616fbe75459956a,test,침구,T2 동의어,q_침구_03,이불가게,생활·마트 중 '침구'를 판매·제공하는 매장,cbaa5934-030b-4251-ab20-e97a375bab5a,도환사,이불,수유시장,전통시장,서울특별시,3.0,3.0,,,RESOLVED_AGREEMENT,False,3,,,,
bb179f2a407f9c70b8a5,test,침구,T2 동의어,q_침구_03,이불가게,생활·마트 중 '침구'를 판매·제공하는 매장,5964c7cd-bcf5-49dd-8cf5-c5967b0fa149,향기가게,허브용품,안양1번가 상점가,자율상권구역,경기도,0.0,0.0,,,RESOLVED_AGREEMENT,False,0,,,,
e1c267fce9073a98a376,test,침구,T2 동의어,q_침구_03,이불가게,생활·마트 중 '침구'를 판매·제공하는 매장,cf5039bf-1b72-4d70-af1b-fbfa85102ac5,이불집,이불,장승백이전통시장(구 만수창대시장),전통시장,인천광역시,3.0,3.0,,,RESOLVED_AGREEMENT,False,3,,,,
988607b3a27e6031e5fe,test,침구,T2 동의어,q_침구_03,이불가게,생활·마트 중 '침구'를 판매·제공하는 매장,033fc658-a256-42a6-8ebf-24763bc43ba1,신광컴퓨터세탁소,세탁소,대야 골목형상점가,골목형상점가,전북특별자치도,1.0,0.0,,,P2_GRADED_ONLY,True,,,,,
0ad3235286ca50405cb0,test,침구,T2 동의어,q_침구_03,이불가게,생활·마트 중 '침구'를 판매·제공하는 매장,82bfa994-c84b-453c-8abf-8e499bcd1296,명남이불,이불,문막시장,전통시장,강원특별자치도,3.0,3.0,,,RESOLVED_AGREEMENT,False,3,,,,
6788500e1598526a254e,test,침구,T2 동의어,q_침구_03,이불가게,생활·마트 중 '침구'를 판매·제공하는 매장,352f1f51-a7ee-4677-9904-29e24ae15b42,이불과화장품,이불및 화장품,유성시장 골목형상점가,골목형상점가,대전광역시,3.0,3.0,,,RESOLVED_AGREEMENT,False,3,,,,
f28d8c3be5c006bb717d,test,침구,T2 동의어,q_침구_03,이불가게,생활·마트 중 '침구'를 판매·제공하는 매장,012f526e-9f74-4b7a-86ab-887e82649cba,나주커튼,커튼,나주목사고을시장,전통시장,,3.0,2.0,,,P2_GRADED_ONLY,True,,,,,
f7a85877cb1da3fbba74,test,침구,T2 동의어,q_침구_03,이불가게,생활·마트 중 '침구'를 판매·제공하는 매장,92d7826a-07a5-47d5-8e20-7d254bc7db01,이불백화점,이불 외,논산화지중앙시장,전통시장,충청남도,3.0,3.0,,,RESOLVED_AGREEMENT,False,3,,,,
88045f3876b448a8e796,test,침구,T2 동의어,q_침구_03,이불가게,생활·마트 중 '침구'를 판매·제공하는 매장,0056f4f0-208d-4d7c-996c-9e6526fea6cf,한일침구,침구,목포원도심상점가,자율상권구역,전라남도,3.0,3.0,,,RESOLVED_AGREEMENT,False,3,,,,
d6cba48eca3d4985d10f,test,침구,T2 동의어,q_침구_03,이불가게,생활·마트 중 '침구'를 판매·제공하는 매장,01de114b-b852-4451-bf02-e87d19da999b,유메이트,소매업(이불),안양중앙인정시장,전통시장,경기도,3.0,3.0,,,RESOLVED_AGREEMENT,False,3,,,,
798664d5a5c86dc6bd8a,test,침구,T2 동의어,q_침구_04,침구류,생활·마트 중 '침구'를 판매·제공하는 매장,02149791-6e33-4077-a92d-4f7756bbaa40,잉꼬이불,이불,센트럴프라자,골목형상점가,울산광역시,3.0,3.0,,,RESOLVED_AGREEMENT,False,3,,,,
4b3d8354f60f561ee542,test,침구,T2 동의어,q_침구_04,침구류,생활·마트 중 '침구'를 판매·제공하는 매장,01c8223c-7693-4269-8de1-ef21d68577d4,신흥침구사,침구,중앙신시장,전통시장,경상북도,3.0,3.0,,,RESOLVED_AGREEMENT,False,3,,,,
1b8f8994279e279848e3,test,침구,T2 동의어,q_침구_04,침구류,생활·마트 중 '침구'를 판매·제공하는 매장,168df2c5-2525-43b4-9d3d-16db71175a13,미유,침구류,창원 성원그랜드쇼핑상가,전통시장,경상남도,3.0,3.0,,,RESOLVED_AGREEMENT,False,3,,,,
64fa30d51029d2bd7c0a,test,침구,T2 동의어,q_침구_04,침구류,생활·마트 중 '침구'를 판매·제공하는 매장,87457450-e52e-47cf-8f85-fbb18359c19f,예단가,침구류,원주중앙시장활성화구역,상권활성화구역,강원특별자치도,3.0,3.0,,,RESOLVED_AGREEMENT,False,3,,,,
8110296c481f0f6afb16,test,침구,T2 동의어,q_침구_04,침구류,생활·마트 중 '침구'를 판매·제공하는 매장,d490e08b-e413-48b0-99ea-a472d9b3940a,다다홈,침구류,암사종합시장,전통시장,서울특별시,3.0,3.0,,,RESOLVED_AGREEMENT,False,3,,,,
d353272113669175648f,test,침구,T2 동의어,q_침구_04,침구류,생활·마트 중 '침구'를 판매·제공하는 매장,aefd6f40-536b-47d9-b955-eacb72a22dce,함양침구,침구류,구서오시게시장,전통시장,부산광역시,3.0,3.0,,,RESOLVED_AGREEMENT,False,3,,,,
405398fa10989f904c51,test,침구,T2 동의어,q_침구_04,침구류,생활·마트 중 '침구'를 판매·제공하는 매장,ad15bd55-aac6-415d-96d5-7648d641116c,소망침구,침구류,고흥전통시장,전통시장,전라남도,3.0,3.0,,,RESOLVED_AGREEMENT,False,3,,,,
740b14b9b14f497760fa,test,침구,T2 동의어,q_침구_04,침구류,생활·마트 중 '침구'를 판매·제공하는 매장,033fc658-a256-42a6-8ebf-24763bc43ba1,신광컴퓨터세탁소,세탁소,대야 골목형상점가,골목형상점가,전북특별자치도,1.0,0.0,,,P2_GRADED_ONLY,True,,,,,
f17e98aec59bdbb4d7ae,test,침구,T2 동의어,q_침구_04,침구류,생활·마트 중 '침구'를 판매·제공하는 매장,083fc3f4-8b60-4de0-92fa-71f579f4ff52,장미침구,침구류,인천모래내전통시장,전통시장,인천광역시,3.0,3.0,,,RESOLVED_AGREEMENT,False,3,,,,
c9290b69c26c65eabdf6,test,침구,T2 동의어,q_침구_04,침구류,생활·마트 중 '침구'를 판매·제공하는 매장,020914cd-8086-4fad-ab39-bbae265d6a60,양진이불,침구,경주성동공설시장,전통시장,경상북도,3.0,3.0,,,RESOLVED_AGREEMENT,False,3,,,,
30a2a0f386cc98892fd7,test,침구,T2 동의어,q_침구_04,침구류,생활·마트 중 '침구'를 판매·제공하는 매장,36d7fe2d-79d6-42a0-8963-606e2ebe2827,청춘,침구류,무주반딧불상권활성화구역,상권활성화구역,전북특별자치도,3.0,3.0,,,RESOLVED_AGREEMENT,False,3,,,,
14553260877a326937d5,test,침구,T2 동의어,q_침구_04,침구류,생활·마트 중 '침구'를 판매·제공하는 매장,01022b54-7fac-43ff-8e1e-8e0c95d34ac6,아이편한♥소리잠매트,침구 등,성남프라자,전통시장,울산광역시,3.0,3.0,,,RESOLVED_AGREEMENT,False,3,,,,
ffaecc51ca8f1cffd72a,test,침구,T2 동의어,q_침구_04,침구류,생활·마트 중 '침구'를 판매·제공하는 매장,87307e59-31be-43be-9d26-2fcd9ffb36c7,하니침구,침구류,창원 상남시장,전통시장,경상남도,3.0,3.0,,,RESOLVED_AGREEMENT,False,3,,,,
0ebd1404527d0ab692d2,test,침구,T2 동의어,q_침구_04,침구류,생활·마트 중 '침구'를 판매·제공하는 매장,00831337-1223-4dcf-9c42-67ca874b1ef6,무지개,침구류,부산진시장,전통시장,부산광역시,3.0,3.0,,,RESOLVED_AGREEMENT,False,3,,,,
37663734c8f9062a3189,test,침구,T2 동의어,q_침구_04,침구류,생활·마트 중 '침구'를 판매·제공하는 매장,77559c96-3504-468b-b336-12b1dae328fa,강공장_방글침구,침구류,오류골먹자골목 골목형상점가,골목형상점가,서울특별시,3.0,3.0,,,RESOLVED_AGREEMENT,False,3,,,,
d3c3296a85cb9216f7fc,test,침구,T2 동의어,q_침구_04,침구류,생활·마트 중 '침구'를 판매·제공하는 매장,b786f7f5-2039-4a1f-b9f1-7677dc8a5510,보드란침구,침구류,석교동 이웃마루 골목형상점가,골목형상점가,대전광역시,3.0,3.0,,,RESOLVED_AGREEMENT,False,3,,,,
e88d6442cab39dde2406,test,침구,T2 동의어,q_침구_04,침구류,생활·마트 중 '침구'를 판매·제공하는 매장,262db1be-2719-4b20-bdb2-76a7072a0877,모던센스,침구류,제천시 원도심 상권활성화구역,상권활성화구역,충청북도,3.0,3.0,,,RESOLVED_AGREEMENT,False,3,,,,
39d2c9f997dad685428a,test,침구,T2 동의어,q_침구_04,침구류,생활·마트 중 '침구'를 판매·제공하는 매장,2298a7ad-1b45-4817-8d05-1f602acc387c,이불왕국,침구류,괴정골목시장,전통시장,부산광역시,3.0,3.0,,,RESOLVED_AGREEMENT,False,3,,,,
fa0de411e2c11aa29643,test,침구,T2 동의어,q_침구_04,침구류,생활·마트 중 '침구'를 판매·제공하는 매장,9a2b2819-4ca6-42ec-b979-752e20938a55,제일침구,침구류,남대문시장,전통시장,서울특별시,3.0,3.0,,,RESOLVED_AGREEMENT,False,3,,,,
849ea7b052a716e273b1,test,침구,T2 동의어,q_침구_04,침구류,생활·마트 중 '침구'를 판매·제공하는 매장,d795ec28-cb1b-4eb6-8001-5c3e6865efd6,디샵(D shop),,중화산로 골목형상점가,골목형상점가,전북특별자치도,,0.0,Y,,P0_UNCERTAIN_OR_MISSING,True,,,,,
fc833d416c79eea3c1bd,test,침구,T2 동의어,q_침구_04,침구류,생활·마트 중 '침구'를 판매·제공하는 매장,020246a6-0250-41f7-93e8-4b7cbdd9f5e2,덕광상회,이불,금산금빛시장(금산시장),전통시장,충청남도,3.0,3.0,,,RESOLVED_AGREEMENT,False,3,,,,
1ad668a4b57c8f02a8b3,test,침구,T2 동의어,q_침구_04,침구류,생활·마트 중 '침구'를 판매·제공하는 매장,019c9868-92c6-4e25-b2ea-903f322c9acf,맡겨봐신발세탁,세탁,임동 골목형상점가,골목형상점가,광주광역시,1.0,0.0,,,P2_GRADED_ONLY,True,,,,,
1579fb167821defc4ba9,test,침구,T2 동의어,q_침구_04,침구류,생활·마트 중 '침구'를 판매·제공하는 매장,00083664-fb4e-4e3b-bb0a-d9a0a1e8f87f,롯데세탁소,,와룡로 골목형상점가,골목형상점가,전북특별자치도,1.0,0.0,,,P2_GRADED_ONLY,True,,,,,
f0191abe88358a510286,test,침구,T2 동의어,q_침구_04,침구류,생활·마트 중 '침구'를 판매·제공하는 매장,fb61618e-cd3f-4523-8e4d-18871044e881,제일침구,침구류,남해전통시장,전통시장,경상남도,3.0,3.0,,,RESOLVED_AGREEMENT,False,3,,,,
d3601e939f283816405c,test,침구,T2 동의어,q_침구_04,침구류,생활·마트 중 '침구'를 판매·제공하는 매장,a65a589c-39be-45cd-a070-75984e666c46,예은침구,침구류,양동복개상가,전통시장,,3.0,3.0,,,RESOLVED_AGREEMENT,False,3,,,,
13a3ad9be1b5ab25a2c5,test,침구,T2 동의어,q_침구_04,침구류,생활·마트 중 '침구'를 판매·제공하는 매장,16c55f0f-a9cc-4335-a6ae-86d9c661cf3f,에덴한숙이불,침구류,호계공설시장,전통시장,울산광역시,3.0,3.0,,,RESOLVED_AGREEMENT,False,3,,,,
57fa431ece6f124ee629,test,침구,T2 동의어,q_침구_04,침구류,생활·마트 중 '침구'를 판매·제공하는 매장,999eb045-07a6-4f6c-9235-0cbd8a95112a,다정한의원,한의원,양평1동어울림골목형상점가,골목형상점가,서울특별시,0.0,0.0,,,RESOLVED_AGREEMENT,False,0,,,,
16143fde9b0497a162b8,test,침구,T2 동의어,q_침구_04,침구류,생활·마트 중 '침구'를 판매·제공하는 매장,47b8c891-f464-43de-96f1-7c3ac4dace12,나리침구,침구류,영도시장,전통시장,서울특별시,3.0,3.0,,,RESOLVED_AGREEMENT,False,3,,,,
14c5381dd3651c099d6b,test,침구,T2 동의어,q_침구_04,침구류,생활·마트 중 '침구'를 판매·제공하는 매장,410b465a-7263-4dff-8f0f-0102206fab7c,규영혼수,침구류,청주육거리종합시장,전통시장,충청북도,3.0,3.0,,,RESOLVED_AGREEMENT,False,3,,,,
7a47ccb6d2c5f314c12b,test,침구,T2 동의어,q_침구_04,침구류,생활·마트 중 '침구'를 판매·제공하는 매장,95457022-8072-4172-8108-a44e318bfd13,성진,침구류,장대동패션상가 골목형상점가,골목형상점가,대전광역시,3.0,3.0,,,RESOLVED_AGREEMENT,False,3,,,,
ae0334a09c7683a3f423,test,침구,T2 동의어,q_침구_04,침구류,생활·마트 중 '침구'를 판매·제공하는 매장,4b2c2759-0072-411b-a164-907a3adc6558,영천닭집,생닭,포항죽도시장,전통시장,경상북도,0.0,0.0,,,RESOLVED_AGREEMENT,False,0,,,,
a3c44544b3a452e8b52b,test,침구,T2 동의어,q_침구_04,침구류,생활·마트 중 '침구'를 판매·제공하는 매장,3f92a649-861e-4e70-bbe8-78069219be04,세종프라임인지학습연구소,학습코칭,나성중앙 골목형상점가,골목형상점가,세종특별자치시,0.0,0.0,,,RESOLVED_AGREEMENT,False,0,,,,
8ef6d06ef2307949a35a,test,침구,T2 동의어,q_침구_04,침구류,생활·마트 중 '침구'를 판매·제공하는 매장,01fa75f4-4cdb-4d62-931a-2b130cdef613,에띠앙이불집,이불,익산장(구 북부장),전통시장,전북특별자치도,3.0,3.0,,,RESOLVED_AGREEMENT,False,3,,,,
7efb43d9b8b66b87f71b,test,침구,T2 동의어,q_침구_04,침구류,생활·마트 중 '침구'를 판매·제공하는 매장,5449e8de-10ec-480a-8c5a-aeca1f154e3f,광목나라,침구류,전통중앙도매상가,전통시장,대전광역시,3.0,3.0,,,RESOLVED_AGREEMENT,False,3,,,,
31532f53589cdb10ec8b,test,침구,T2 동의어,q_침구_04,침구류,생활·마트 중 '침구'를 판매·제공하는 매장,cccc5cb1-79fe-4b25-a64d-19c4b00b20f0,사랑자리,침구류,서문시장2지구 종합상가,전통시장,대구광역시,3.0,3.0,,,RESOLVED_AGREEMENT,False,3,,,,
ed273948bab9943c0b1c,test,침구,T2 동의어,q_침구_04,침구류,생활·마트 중 '침구'를 판매·제공하는 매장,118b486d-6231-4803-b5de-83e5c6880af5,은혜침구,침구류,원주자유시장,전통시장,강원특별자치도,3.0,3.0,,,RESOLVED_AGREEMENT,False,3,,,,
dbbe7980a08121fc3168,test,침구,T2 동의어,q_침구_04,침구류,생활·마트 중 '침구'를 판매·제공하는 매장,0056f4f0-208d-4d7c-996c-9e6526fea6cf,한일침구,침구,목포원도심상점가,자율상권구역,전라남도,3.0,3.0,,,RESOLVED_AGREEMENT,False,3,,,,
290f97f72bb741b95285,test,침구,T2 동의어,q_침구_04,침구류,생활·마트 중 '침구'를 판매·제공하는 매장,30be8100-41b7-46b7-818e-4aa463046a12,산격침구,침구류,서문시장2지구 종합상가,전통시장,대구광역시,3.0,3.0,,,RESOLVED_AGREEMENT,False,3,,,,
36a37342007ecf10251c,test,침구,T2 동의어,q_침구_04,침구류,생활·마트 중 '침구'를 판매·제공하는 매장,58264035-6b28-4402-bf79-446636723fee,강원침구,침구류,수원역전시장,전통시장,경기도,3.0,3.0,,,RESOLVED_AGREEMENT,False,3,,,,
43161c64aee81c7916ba,test,침구,T2 동의어,q_침구_04,침구류,생활·마트 중 '침구'를 판매·제공하는 매장,c76da09a-06c9-49a0-a59d-aa5c12c99c2d,코지,침구류,은마종합상점가,자율상권구역,서울특별시,3.0,3.0,,,RESOLVED_AGREEMENT,False,3,,,,
94dd2f69d243934cc382,test,침구,T2 동의어,q_침구_04,침구류,생활·마트 중 '침구'를 판매·제공하는 매장,e234d442-f7b4-4745-adf7-f4e3b6ad32f4,그리꼬매,침구류,전주한옥마을 골목형상점가,골목형상점가,전북특별자치도,3.0,3.0,,,RESOLVED_AGREEMENT,False,3,,,,
63b7bc0959ff066fe2c1,test,침구,T2 동의어,q_침구_04,침구류,생활·마트 중 '침구'를 판매·제공하는 매장,f113ace7-c9f8-489b-b227-0ad8b37c7d86,부부침구,침구류,천안중앙시장,전통시장,충청남도,3.0,3.0,,,RESOLVED_AGREEMENT,False,3,,,,
81051cb67ff3d3c9acde,test,침구,T2 동의어,q_침구_04,침구류,생활·마트 중 '침구'를 판매·제공하는 매장,00f84355-823b-4c23-bb49-e842bf41a1a3,금호커텐,커튼,양동복개상가,전통시장,,3.0,2.0,,,P2_GRADED_ONLY,True,,,,,
10242b56181e320ff62d,test,침구,T2 동의어,q_침구_04,침구류,생활·마트 중 '침구'를 판매·제공하는 매장,8926cb4a-1556-43c2-922f-0b936e05febc,황궁침구,침구류,전통중앙도매상가,전통시장,대전광역시,3.0,3.0,,,RESOLVED_AGREEMENT,False,3,,,,
9f4efe22357efd6be9df,test,침구,T2 동의어,q_침구_04,침구류,생활·마트 중 '침구'를 판매·제공하는 매장,92176ea8-94ce-4be6-91e9-df64d755584d,삼성침구,침구류,중앙시장,전통시장,인천광역시,3.0,3.0,,,RESOLVED_AGREEMENT,False,3,,,,
61ba3fdb72f7646df61a,test,침구,T2 동의어,q_침구_04,침구류,생활·마트 중 '침구'를 판매·제공하는 매장,676ef9fb-0c07-4b3b-a9d0-1b63cb5571d6,그린침구,침구류,한빛프라자 골목형상점가,골목형상점가,대전광역시,3.0,3.0,,,RESOLVED_AGREEMENT,False,3,,,,
081a75870135cbd10d04,test,침구,T2 동의어,q_침구_04,침구류,생활·마트 중 '침구'를 판매·제공하는 매장,3fc4de37-55df-4c96-8d2d-1349253f7f20,충남침구,침구류,자유도매시장,전통시장,대전광역시,3.0,3.0,,,RESOLVED_AGREEMENT,False,3,,,,
4a1e934a2381d0ffdddb,test,침구,T2 동의어,q_침구_04,침구류,생활·마트 중 '침구'를 판매·제공하는 매장,02187a22-27d8-4fad-a650-42495bec004f,부흥상회,이불,용현시장,전통시장,인천광역시,3.0,3.0,,,RESOLVED_AGREEMENT,False,3,,,,
4475a1c34f98ad16d69e,test,침구,T2 동의어,q_침구_04,침구류,생활·마트 중 '침구'를 판매·제공하는 매장,309ae8d2-ac09-4327-af2c-1a7feb1daa9b,도경,침구류,오정시장,전통시장,경기도,3.0,3.0,,,RESOLVED_AGREEMENT,False,3,,,,
3b5a766ed8f4d0a1925d,test,침구,T2 동의어,q_침구_04,침구류,생활·마트 중 '침구'를 판매·제공하는 매장,2f32d4a6-f95f-498b-bc6f-f41abb0cea6a,서울침구,침구류,풍납시장,전통시장,서울특별시,3.0,3.0,,,RESOLVED_AGREEMENT,False,3,,,,
600ab88f5963ff80f0f7,test,침구,T2 동의어,q_침구_04,침구류,생활·마트 중 '침구'를 판매·제공하는 매장,5bec73d3-3d85-4542-b7bd-c6a415ace4bb,꿈애궁전,침구류,석봉동골목형상점가,골목형상점가,대전광역시,3.0,3.0,,,RESOLVED_AGREEMENT,False,3,,,,
f3e82d2f1b746de5c22c,test,침구,T2 동의어,q_침구_04,침구류,생활·마트 중 '침구'를 판매·제공하는 매장,20e29365-80e2-4e59-978e-85742076a9c1,소미침구,침구류,횡성전통시장,전통시장,강원특별자치도,3.0,3.0,,,RESOLVED_AGREEMENT,False,3,,,,
795bb2b34eb3ee172676,test,침구,T2 동의어,q_침구_04,침구류,생활·마트 중 '침구'를 판매·제공하는 매장,00c164d0-76c7-4e7a-9676-ecfdbb052077,크린토피아신창점,세탁,신창수문 골목형상점가,골목형상점가,광주광역시,1.0,0.0,,,P2_GRADED_ONLY,True,,,,,
86ee3808a215b0ec4f58,test,침구,T2 동의어,q_침구_04,침구류,생활·마트 중 '침구'를 판매·제공하는 매장,cd4b5f9f-e59a-4587-b62d-bfb54396df16,오복침구,침구류,부산국제시장,전통시장,부산광역시,3.0,3.0,,,RESOLVED_AGREEMENT,False,3,,,,
ebca8967bf1370b5bd03,test,침구,T2 동의어,q_침구_04,침구류,생활·마트 중 '침구'를 판매·제공하는 매장,012f526e-9f74-4b7a-86ab-887e82649cba,나주커튼,커튼,나주목사고을시장,전통시장,,3.0,2.0,,,P2_GRADED_ONLY,True,,,,,
05eea98ea5efe7160301,test,침구,T2 동의어,q_침구_04,침구류,생활·마트 중 '침구'를 판매·제공하는 매장,7d118582-8ccc-47b1-8314-f79bfbed294b,종합침구,침구류,초량전통시장,전통시장,부산광역시,3.0,3.0,,,RESOLVED_AGREEMENT,False,3,,,,
816cb5a281b0b804ffed,test,침구,T2 동의어,q_침구_04,침구류,생활·마트 중 '침구'를 판매·제공하는 매장,6db8379d-89f0-4e0d-8e2e-17374653a160,부산침구,침구류,진주 동부시장,전통시장,경상남도,3.0,3.0,,,RESOLVED_AGREEMENT,False,3,,,,
0228c47218a02c4dfe31,test,침구,T2 동의어,q_침구_04,침구류,생활·마트 중 '침구'를 판매·제공하는 매장,35c8225d-a6b8-4660-a86c-30cc51dedfbc,이불사랑,침구류,서천특화시장,전통시장,충청남도,3.0,3.0,,,RESOLVED_AGREEMENT,False,3,,,,
c45d12af9943263138e0,test,침구,T2 동의어,q_침구_04,침구류,생활·마트 중 '침구'를 판매·제공하는 매장,5ec6b15e-6edc-4bce-bc87-d6ef399b28eb,보명침구,침구류,부산진시장,전통시장,부산광역시,3.0,3.0,,,RESOLVED_AGREEMENT,False,3,,,,
dfbbdb0b7937c3917033,test,침구,T2 동의어,q_침구_04,침구류,생활·마트 중 '침구'를 판매·제공하는 매장,29e4cf87-26ff-4546-b5af-caa0a9d45195,샤롯데,침구류,제일종합시장,전통시장,강원특별자치도,3.0,3.0,,,RESOLVED_AGREEMENT,False,3,,,,
54075a918e4ecdbae3f7,test,침구,T2 동의어,q_침구_04,침구류,생활·마트 중 '침구'를 판매·제공하는 매장,6b7df73a-6efa-4ec8-9a2b-529337f5ae7e,예향침구,침구류,장미원골목시장,전통시장,서울특별시,3.0,3.0,,,RESOLVED_AGREEMENT,False,3,,,,
444709a7e6d1b2954a4a,test,침구,T2 동의어,q_침구_04,침구류,생활·마트 중 '침구'를 판매·제공하는 매장,5d2b77f4-47b8-4b01-9e73-62fc102fd7c1,신창침구,침구류,진주 논개시장,전통시장,경상남도,3.0,3.0,,,RESOLVED_AGREEMENT,False,3,,,,
cd59cbf1cd530ac07429,test,침구,T2 동의어,q_침구_04,침구류,생활·마트 중 '침구'를 판매·제공하는 매장,d6b5d30b-4e74-4df2-8fff-23d9dbaf7a3c,이가이불,침구류,봉우시장골목형상점가,골목형상점가,서울특별시,3.0,3.0,,,RESOLVED_AGREEMENT,False,3,,,,
e1b273679b0881b26562,test,침구,T2 동의어,q_침구_04,침구류,생활·마트 중 '침구'를 판매·제공하는 매장,8c470ffc-8f1a-4794-b837-dd59bb2e86ee,바이혀니,옷,조암시장,전통시장,경기도,0.0,0.0,,,RESOLVED_AGREEMENT,False,0,,,,
7b47effc7d735237d23a,test,침구,T2 동의어,q_침구_04,침구류,생활·마트 중 '침구'를 판매·제공하는 매장,9e06afa9-a4b6-4c34-a115-e9033052df7b,대영,침구류,석계음식문화거리골목형상점가,골목형상점가,서울특별시,3.0,3.0,,,RESOLVED_AGREEMENT,False,3,,,,
aab68acd927c27aaab7c,test,침구,T2 동의어,q_침구_04,침구류,생활·마트 중 '침구'를 판매·제공하는 매장,148efc97-4621-4072-a364-f30154f27a60,슬립파파,침구류,북문대로419번길 골목형상점가,골목형상점가,광주광역시,3.0,3.0,,,RESOLVED_AGREEMENT,False,3,,,,
d9838e9d4dc78e24cc1b,test,침구,T2 동의어,q_침구_04,침구류,생활·마트 중 '침구'를 판매·제공하는 매장,5199b659-3eb8-4e20-974a-7d3cd73135d3,예강 침구,침구류,동원전통종합시장,전통시장,서울특별시,3.0,3.0,,,RESOLVED_AGREEMENT,False,3,,,,
427d3207498439e3d0a6,test,침구,T2 동의어,q_침구_04,침구류,생활·마트 중 '침구'를 판매·제공하는 매장,05291547-c22d-430e-95c2-e31bda19a90a,슈퍼타이 본점,세탁,월드시티상가 골목형상점가,골목형상점가,울산광역시,1.0,0.0,,,P2_GRADED_ONLY,True,,,,,
3e332c2b4c61fa83b52a,test,침구,T2 동의어,q_침구_04,침구류,생활·마트 중 '침구'를 판매·제공하는 매장,01de114b-b852-4451-bf02-e87d19da999b,유메이트,소매업(이불),안양중앙인정시장,전통시장,경기도,3.0,3.0,,,RESOLVED_AGREEMENT,False,3,,,,
afa7655d7e1cc4d26b36,test,침구,T2 동의어,q_침구_04,침구류,생활·마트 중 '침구'를 판매·제공하는 매장,8fe4b10f-09af-458b-93fc-3ca7a0aa4e04,김민우한의원,침 약침 봉침 부항 추나 왕뜸 한약 경옥고 공진단 다이어트한약,구매탄시장,전통시장,경기도,0.0,0.0,,,RESOLVED_AGREEMENT,False,0,,,,
9b4d908639ab5bb2e3ad,test,침구,T2 동의어,q_침구_04,침구류,생활·마트 중 '침구'를 판매·제공하는 매장,d5128ec7-e640-4ec5-91b1-051874405a7e,샬롬,침구류,고투몰(강남터미널지하도상점가),일반지하상점가,서울특별시,3.0,3.0,,,RESOLVED_AGREEMENT,False,3,,,,
7e9f65a63c5e8e829db0,test,침구,T2 동의어,q_침구_04,침구류,생활·마트 중 '침구'를 판매·제공하는 매장,015d152e-ed78-4d55-a7c5-5c8fce6debf7,후평종합이불,"침구류, 수건",후평일단지시장,전통시장,강원특별자치도,3.0,3.0,,,RESOLVED_AGREEMENT,False,3,,,,
c3e17d1070adc43a993f,test,침구,T2 동의어,q_침구_04,침구류,생활·마트 중 '침구'를 판매·제공하는 매장,75061660-8895-4ddc-81a1-4ffb9af1159a,청영이불,침구류,구미새마을중앙시장,전통시장,경상북도,3.0,3.0,,,RESOLVED_AGREEMENT,False,3,,,,
b0365d5556aaa826747f,test,침구,T2 동의어,q_침구_04,침구류,생활·마트 중 '침구'를 판매·제공하는 매장,914f40b8-a367-474d-a401-afb18fe04ea5,현대침구,침구류,서문시장 제1지구1층(직물시장),전통시장,대구광역시,3.0,3.0,,,RESOLVED_AGREEMENT,False,3,,,,
fd0da44e20eaf44a2ed5,test,침구,T2 동의어,q_침구_04,침구류,생활·마트 중 '침구'를 판매·제공하는 매장,3a7f3cb3-6e3a-4ae1-8535-53fcc8067ac4,유안침장,침구류,서문시장2지구 종합상가,전통시장,대구광역시,3.0,3.0,,,RESOLVED_AGREEMENT,False,3,,,,
f1ccdf39d20093a2abbd,test,침구,T2 동의어,q_침구_04,침구류,생활·마트 중 '침구'를 판매·제공하는 매장,7d354b0f-9786-405c-bb97-2afa4ad3295a,고흥침구,침구류,동대문종합시장,전통시장,서울특별시,3.0,3.0,,,RESOLVED_AGREEMENT,False,3,,,,
87a91222f9af884bc245,test,침구,T2 동의어,q_침구_04,침구류,생활·마트 중 '침구'를 판매·제공하는 매장,888d4a73-d584-4e16-82c4-fd24b32a1a87,은남침구,침구류,부산진시장,전통시장,부산광역시,3.0,3.0,,,RESOLVED_AGREEMENT,False,3,,,,
a601a681eedfc7e01add,test,침구,T2 동의어,q_침구_04,침구류,생활·마트 중 '침구'를 판매·제공하는 매장,b7e6e926-af0d-41b5-af34-ec7d0ac526aa,우진침구,침구류,부산진시장,전통시장,부산광역시,3.0,3.0,,,RESOLVED_AGREEMENT,False,3,,,,
3861dd83c09294ef7673,test,침구,T2 동의어,q_침구_04,침구류,생활·마트 중 '침구'를 판매·제공하는 매장,aa2134bc-da93-4c81-b951-42b0672a3f7a,제일침구,침구류,하양꿈바우시장,전통시장,경상북도,3.0,3.0,,,RESOLVED_AGREEMENT,False,3,,,,
3c39e20931d662cf4db8,test,침구,T2 동의어,q_침구_04,침구류,생활·마트 중 '침구'를 판매·제공하는 매장,ca1a9a97-d6c4-4b38-9dfe-319b265faed1,코코침장,침구류,구역전시장,전통시장,울산광역시,3.0,3.0,,,RESOLVED_AGREEMENT,False,3,,,,
549a75de3e06db485b69,test,침구,T2 동의어,q_침구_04,침구류,생활·마트 중 '침구'를 판매·제공하는 매장,93b3e994-e2c1-47f9-8c04-b7a9d4a2d883,꽃샘,침구류,석촌시장,전통시장,서울특별시,3.0,3.0,,,RESOLVED_AGREEMENT,False,3,,,,
0b2e880691bf70224175,test,침구,T2 동의어,q_침구_04,침구류,생활·마트 중 '침구'를 판매·제공하는 매장,bc02618e-dd05-4f14-9131-61a2ad243611,에셰트하일,침구류,은마종합상점가,자율상권구역,서울특별시,3.0,3.0,,,RESOLVED_AGREEMENT,False,3,,,,
71f7c64ef4c7d7411d29,test,침구,T2 동의어,q_침구_04,침구류,생활·마트 중 '침구'를 판매·제공하는 매장,099d8207-c61e-455c-978b-d7f806382e76,현대침구,침구류,녹동전통시장,전통시장,전라남도,3.0,3.0,,,RESOLVED_AGREEMENT,False,3,,,,
af8392237473d8e1ca70,test,침구,T2 동의어,q_침구_04,침구류,생활·마트 중 '침구'를 판매·제공하는 매장,64958a25-763f-4bd4-bdb7-d5ec75db9e24,모든침구,침구류,함안 가야전통시장,전통시장,경상남도,3.0,3.0,,,RESOLVED_AGREEMENT,False,3,,,,
093b7855beb09299fb9d,test,침구,T2 동의어,q_침구_04,침구류,생활·마트 중 '침구'를 판매·제공하는 매장,4f766a1b-05fc-4b4a-adc2-655666ef8aef,대양침구,침구류,안양중앙인정시장,전통시장,경기도,3.0,3.0,,,RESOLVED_AGREEMENT,False,3,,,,
9b23e94883ea142fca7e,test,침구,T2 동의어,q_침구_04,침구류,생활·마트 중 '침구'를 판매·제공하는 매장,3685205d-1641-4cef-96d1-52acb03fe527,인일상회,침구류,현대시장,전통시장,인천광역시,3.0,3.0,,,RESOLVED_AGREEMENT,False,3,,,,
ef851a831d63b18e7f97,test,침구,T2 동의어,q_침구_04,침구류,생활·마트 중 '침구'를 판매·제공하는 매장,020bee4a-baa0-4c84-a1d2-1ffe5e745eb7,유영주단,"이불, 한복",대가야 자율상권구역,,경상북도,3.0,3.0,,,RESOLVED_AGREEMENT,False,3,,,,
0f43f87c3b31dd1763e2,test,침구,T2 동의어,q_침구_04,침구류,생활·마트 중 '침구'를 판매·제공하는 매장,d7952409-934c-475d-a3f6-e3447cdbed2e,원일침구,침구류,길음시장,전통시장,서울특별시,3.0,3.0,,,RESOLVED_AGREEMENT,False,3,,,,
a5d3f139f609f380e655,test,침구,T2 동의어,q_침구_04,침구류,생활·마트 중 '침구'를 판매·제공하는 매장,344d2182-3e23-4a5e-aaa2-945b8ddd7bca,미원터닝침구,침구류,광장시장,전통시장,서울특별시,3.0,3.0,,,RESOLVED_AGREEMENT,False,3,,,,
125f563662364f307697,test,침구,T2 동의어,q_침구_04,침구류,생활·마트 중 '침구'를 판매·제공하는 매장,0168e10e-c168-404c-83b2-0d1fd89d65e6,루디아,혼수 커튼,양동복개상가,전통시장,,3.0,2.0,,,P2_GRADED_ONLY,True,,,,,
ab5deff1b63f44c1d04e,test,침구,T2 동의어,q_침구_04,침구류,생활·마트 중 '침구'를 판매·제공하는 매장,fb847e15-33b6-48e8-baaa-aadc93711632,금호이용원,이용원,남원공설시장,전통시장,전북특별자치도,0.0,0.0,,,RESOLVED_AGREEMENT,False,0,,,,
c7f8b0da6997039e5fa9,test,침구,T2 동의어,q_침구_04,침구류,생활·마트 중 '침구'를 판매·제공하는 매장,f090a9c2-3584-469d-8387-40eab1d4efdf,동양침구,침구류,마산 부림시장,전통시장,경상남도,3.0,3.0,,,RESOLVED_AGREEMENT,False,3,,,,
57612f947fa779d5a796,test,침구,T2 동의어,q_침구_04,침구류,생활·마트 중 '침구'를 판매·제공하는 매장,6c6a428b-1948-4ab9-8742-8baa716c5146,현대침구,침구류,호계종합시장,전통시장,경기도,3.0,3.0,,,RESOLVED_AGREEMENT,False,3,,,,
35cf8954ca196cab78d1,test,침구,T2 동의어,q_침구_04,침구류,생활·마트 중 '침구'를 판매·제공하는 매장,77743384-2bf3-40d8-9f45-91701407937d,순안침구,침구류,자유도매시장,전통시장,대전광역시,3.0,3.0,,,RESOLVED_AGREEMENT,False,3,,,,
8e77bebb48518051b49b,test,침구,T2 동의어,q_침구_04,침구류,생활·마트 중 '침구'를 판매·제공하는 매장,6ef525dc-5235-4301-b45f-97f258d80b0e,그린방,침구류,남양주장현전통시장,전통시장,경기도,3.0,3.0,,,RESOLVED_AGREEMENT,False,3,,,,
43287223d0c603f99f4f,test,침구,T2 동의어,q_침구_04,침구류,생활·마트 중 '침구'를 판매·제공하는 매장,ede851c2-a67e-4db0-88c3-809feaae7b8a,해피론이불,침구류,사직시장(구 사직전통시장),전통시장,충청북도,3.0,3.0,,,RESOLVED_AGREEMENT,False,3,,,,
fb0ea9f9aa5a787ddcae,test,침구,T2 동의어,q_침구_04,침구류,생활·마트 중 '침구'를 판매·제공하는 매장,37469472-cea0-4fca-9f0d-b6a47f692ed9,나리침구,침구류,오치주공 골목형상점가,골목형상점가,광주광역시,3.0,3.0,,,RESOLVED_AGREEMENT,False,3,,,,
5f623dee7fd5ecfa14b2,test,침구,T2 동의어,q_침구_04,침구류,생활·마트 중 '침구'를 판매·제공하는 매장,009cda97-be64-4deb-8311-f6e42d4eca25,갤러리커튼,커튼블라인드침구,홀릭스,골목형상점가,광주광역시,3.0,3.0,,,RESOLVED_AGREEMENT,False,3,,,,
404c6b4b6755a0f307e7,test,침구,T2 동의어,q_침구_04,침구류,생활·마트 중 '침구'를 판매·제공하는 매장,0214317c-c9f8-4af4-8b93-7d7d52ee1acb,창과방,커튼,남대문시장,전통시장,서울특별시,3.0,2.0,,,P2_GRADED_ONLY,True,,,,,
d652efc87548ca5c9060,test,침구,T2 동의어,q_침구_04,침구류,생활·마트 중 '침구'를 판매·제공하는 매장,1417ec92-f368-4b4f-965d-fc362395efa6,데오스타일,"의류, 잡화",미금현대벤처빌시장,전통시장,경기도,1.0,1.0,,,RESOLVED_AGREEMENT,False,1,,,,
6efb654d62648eee25d7,test,침구,T2 동의어,q_침구_05,커튼,생활·마트 중 '침구'를 판매·제공하는 매장,42406167-d1e3-4640-9ac1-82934bc89a74,수창커튼,커튼,양동복개상가,전통시장,광주광역시,3.0,3.0,,,RESOLVED_AGREEMENT,False,3,,,,
a47e09d89738e2c24cce,test,침구,T2 동의어,q_침구_05,커튼,생활·마트 중 '침구'를 판매·제공하는 매장,1e8b2732-28f9-47b5-8c65-abb534c866df,달다커튼,커튼,청북가구단지상점가,골목형상점가,경기도,3.0,3.0,,,RESOLVED_AGREEMENT,False,3,,,,
6c082351bc455b998669,test,침구,T2 동의어,q_침구_05,커튼,생활·마트 중 '침구'를 판매·제공하는 매장,00083664-fb4e-4e3b-bb0a-d9a0a1e8f87f,롯데세탁소,,와룡로 골목형상점가,골목형상점가,전북특별자치도,1.0,0.0,,,P2_GRADED_ONLY,True,,,,,
58b42be454f56fb4fdd1,test,침구,T2 동의어,q_침구_05,커튼,생활·마트 중 '침구'를 판매·제공하는 매장,f725ecdf-618b-4fec-a235-581e828e53f0,대우휀스개발(주),용접철망 휀스,백년소상공인,기타,경상북도,0.0,0.0,,,RESOLVED_AGREEMENT,False,0,,,,
782726f32a7b633230cd,test,침구,T2 동의어,q_침구_05,커튼,생활·마트 중 '침구'를 판매·제공하는 매장,6be09d96-ab14-4919-bc4b-458234a0c838,홍성커튼,커튼,홍성상설시장,전통시장,충청남도,3.0,3.0,,,RESOLVED_AGREEMENT,False,3,,,,
e619e62e265288588023,test,침구,T2 동의어,q_침구_05,커튼,생활·마트 중 '침구'를 판매·제공하는 매장,0056f4f0-208d-4d7c-996c-9e6526fea6cf,한일침구,침구,목포원도심상점가,자율상권구역,전라남도,3.0,3.0,,,RESOLVED_AGREEMENT,False,3,,,,
d3babcb7e53a3508c40c,test,침구,T2 동의어,q_침구_05,커튼,생활·마트 중 '침구'를 판매·제공하는 매장,eb7b80db-e9c7-41de-a4d1-d810d9749da5,신세계커튼,커튼,부산진시장,전통시장,부산광역시,3.0,3.0,,,RESOLVED_AGREEMENT,False,3,,,,
869574ab9d4af59a181e,test,침구,T2 동의어,q_침구_05,커튼,생활·마트 중 '침구'를 판매·제공하는 매장,71a33971-d8f7-4305-b187-7c631a26a0b8,빈데코,커튼,섬유제품관,전통시장,대구광역시,3.0,3.0,,,RESOLVED_AGREEMENT,False,3,,,,
6db77ca8f2d4f8752d20,test,침구,T2 동의어,q_침구_05,커튼,생활·마트 중 '침구'를 판매·제공하는 매장,66bc36bc-48ed-4d4a-81ef-2f2e5ef24202,버들거텐,커튼,사거리온누리 골목형상점가,골목형상점가,충청남도,3.0,3.0,,,RESOLVED_AGREEMENT,False,3,,,,
10ddce1216308d2fe37d,test,침구,T2 동의어,q_침구_05,커튼,생활·마트 중 '침구'를 판매·제공하는 매장,135bcbb4-3ba8-47a3-85fc-727585446366,예쁜창,커튼,양동복개상가,전통시장,,3.0,3.0,,,RESOLVED_AGREEMENT,False,3,,,,
65ccc76c04cb4e69ba64,test,침구,T2 동의어,q_침구_05,커튼,생활·마트 중 '침구'를 판매·제공하는 매장,02149791-6e33-4077-a92d-4f7756bbaa40,잉꼬이불,이불,센트럴프라자,골목형상점가,울산광역시,2.0,3.0,,,P2_GRADED_ONLY,True,,,,,
ecb30620c13969e2ad43,test,침구,T2 동의어,q_침구_05,커튼,생활·마트 중 '침구'를 판매·제공하는 매장,5cf19e66-68c7-4379-ae8c-ad328d8bf7b8,은영커피,"김밥, 커피",광장시장,전통시장,서울특별시,0.0,0.0,,,RESOLVED_AGREEMENT,False,0,,,,
4b570e980a7cb9fa6485,test,침구,T2 동의어,q_침구_05,커튼,생활·마트 중 '침구'를 판매·제공하는 매장,3f2a450a-4c26-4af3-9968-5d2cfa481865,장미헤어샾,미용실,봉선중앙로 골목형상점가,골목형상점가,광주광역시,0.0,0.0,,,RESOLVED_AGREEMENT,False,0,,,,
fabb72186513842dd788,test,침구,T2 동의어,q_침구_05,커튼,생활·마트 중 '침구'를 판매·제공하는 매장,692a9a56-321d-4c97-ad69-7d2e9ea7fbe1,대명커텐,커튼,의정부제일시장,전통시장,경기도,3.0,3.0,,,RESOLVED_AGREEMENT,False,3,,,,
071030ae0869269b7c66,test,침구,T2 동의어,q_침구_05,커튼,생활·마트 중 '침구'를 판매·제공하는 매장,05291547-c22d-430e-95c2-e31bda19a90a,슈퍼타이 본점,세탁,월드시티상가 골목형상점가,골목형상점가,울산광역시,1.0,0.0,,,P2_GRADED_ONLY,True,,,,,
a03f9d21582ec808532d,test,침구,T2 동의어,q_침구_05,커튼,생활·마트 중 '침구'를 판매·제공하는 매장,45144539-8ea6-40a5-bba9-31cfb254bf74,가람코텐,커튼,서문시장2지구 종합상가,전통시장,대구광역시,3.0,3.0,,,RESOLVED_AGREEMENT,False,3,,,,
0c8070e10f715dde9974,test,침구,T2 동의어,q_침구_05,커튼,생활·마트 중 '침구'를 판매·제공하는 매장,eca61440-8bd2-425e-9f15-0ca974cedba2,(유)언제나농산,과일,가락몰골목형상점가,골목형상점가,서울특별시,0.0,0.0,,,RESOLVED_AGREEMENT,False,0,,,,
123e8345d6ef7e38ba6a,test,침구,T2 동의어,q_침구_05,커튼,생활·마트 중 '침구'를 판매·제공하는 매장,6abb327d-f81b-4a9a-ba08-d4f3dc591834,커튼이야기,커튼,빛가람 하나로 골목형상점가,골목형상점가,전라남도,3.0,3.0,,,RESOLVED_AGREEMENT,False,3,,,,
45ebfba41ff35b334b44,test,침구,T2 동의어,q_침구_05,커튼,생활·마트 중 '침구'를 판매·제공하는 매장,759beedb-8aef-47e1-a49f-c9afd2b9a379,예쁜창,커튼,구미새마을중앙시장,전통시장,경상북도,3.0,3.0,,,RESOLVED_AGREEMENT,False,3,,,,
71e9ecb5a80594b35542,test,침구,T2 동의어,q_침구_05,커튼,생활·마트 중 '침구'를 판매·제공하는 매장,00831337-1223-4dcf-9c42-67ca874b1ef6,무지개,침구류,부산진시장,전통시장,부산광역시,3.0,3.0,,,RESOLVED_AGREEMENT,False,3,,,,
aed3bc54f9f8ef82b325,test,침구,T2 동의어,q_침구_05,커튼,생활·마트 중 '침구'를 판매·제공하는 매장,3618c110-f79f-47b4-9523-c0eb8db3136a,제이(J)커튼,"커튼, 블라인드",산울림 골목형상점가,골목형상점가,세종특별자치시,3.0,3.0,,,RESOLVED_AGREEMENT,False,3,,,,
85b1c9fb64981124b720,test,침구,T2 동의어,q_침구_05,커튼,생활·마트 중 '침구'를 판매·제공하는 매장,020bee4a-baa0-4c84-a1d2-1ffe5e745eb7,유영주단,"이불, 한복",대가야 자율상권구역,,경상북도,2.0,3.0,,,P2_GRADED_ONLY,True,,,,,
d7ab06c94376bbdb34cc,test,침구,T2 동의어,q_침구_05,커튼,생활·마트 중 '침구'를 판매·제공하는 매장,9acb74fe-eec1-4043-83c5-7638542d8823,창가네커튼,커튼,과천새서울프라자시장,전통시장,경기도,3.0,3.0,,,RESOLVED_AGREEMENT,False,3,,,,
5f92b4ed8598166c6290,test,침구,T2 동의어,q_침구_05,커튼,생활·마트 중 '침구'를 판매·제공하는 매장,dfa923dc-da84-4d0c-b819-8c78a48a94d0,대도커튼,커튼,서문시장 제1지구1층(직물시장),전통시장,대구광역시,3.0,3.0,,,RESOLVED_AGREEMENT,False,3,,,,
a5693152ae3cff6b2fe5,test,침구,T2 동의어,q_침구_05,커튼,생활·마트 중 '침구'를 판매·제공하는 매장,009cda97-be64-4deb-8311-f6e42d4eca25,갤러리커튼,커튼블라인드침구,홀릭스,골목형상점가,광주광역시,3.0,3.0,,,RESOLVED_AGREEMENT,False,3,,,,
daa2da42547f5b6dce6f,test,침구,T2 동의어,q_침구_05,커튼,생활·마트 중 '침구'를 판매·제공하는 매장,6078898e-4bc8-49bd-8c28-1a5ad856615e,철이네커튼,커튼,아현시장,전통시장,서울특별시,3.0,3.0,,,RESOLVED_AGREEMENT,False,3,,,,
7045eb90aac664a6327a,test,침구,T2 동의어,q_침구_05,커튼,생활·마트 중 '침구'를 판매·제공하는 매장,27fb29c7-617d-406f-9926-6e63e889d4cf,공간커튼,커튼,양동복개상가,전통시장,,3.0,3.0,,,RESOLVED_AGREEMENT,False,3,,,,
983c97cde76b02eac03f,test,침구,T2 동의어,q_침구_05,커튼,생활·마트 중 '침구'를 판매·제공하는 매장,a52a4c8a-8e7b-4e85-85ea-44144d9b1990,이든커튼,커튼 소품,창원 성원그랜드쇼핑상가,전통시장,경상남도,3.0,3.0,,,RESOLVED_AGREEMENT,False,3,,,,
df663d2cdc30f2779d15,test,침구,T2 동의어,q_침구_05,커튼,생활·마트 중 '침구'를 판매·제공하는 매장,020246a6-0250-41f7-93e8-4b7cbdd9f5e2,덕광상회,이불,금산금빛시장(금산시장),전통시장,충청남도,2.0,3.0,,,P2_GRADED_ONLY,True,,,,,
e9fa0831d1292f6fa6f8,test,침구,T2 동의어,q_침구_05,커튼,생활·마트 중 '침구'를 판매·제공하는 매장,82fd9bc7-42a1-447d-b385-6473c0ad2f89,봉커튼 블라인드,커튼,금호사랑 상인회 골목형상점가,골목형상점가,전라남도,3.0,3.0,,,RESOLVED_AGREEMENT,False,3,,,,
b78867ddb594bb3a6d7f,test,침구,T2 동의어,q_침구_05,커튼,생활·마트 중 '침구'를 판매·제공하는 매장,36c33800-e827-498e-9f80-0632f57572a6,세종커튼,"커튼, 이불",조치원 전통길 골목형상점가,골목형상점가,세종특별자치시,3.0,3.0,,,RESOLVED_AGREEMENT,False,3,,,,
5728403b946764aa5ace,test,침구,T2 동의어,q_침구_05,커튼,생활·마트 중 '침구'를 판매·제공하는 매장,01c8223c-7693-4269-8de1-ef21d68577d4,신흥침구사,침구,중앙신시장,전통시장,경상북도,3.0,3.0,,,RESOLVED_AGREEMENT,False,3,,,,
d2405767bcfa298d86ec,test,침구,T2 동의어,q_침구_05,커튼,생활·마트 중 '침구'를 판매·제공하는 매장,ee406013-de26-4c4d-af00-38190f46c3a9,커튼하우스,이불 커튼,현대시장,전통시장,인천광역시,3.0,3.0,,,RESOLVED_AGREEMENT,False,3,,,,
7efe249813d7b98b8060,test,침구,T2 동의어,q_침구_05,커튼,생활·마트 중 '침구'를 판매·제공하는 매장,2a382a8f-ed3e-48de-b96d-190f138e1c3f,화이트커튼,커튼 소매,진주 동성상가,전통시장,경상남도,3.0,3.0,,,RESOLVED_AGREEMENT,False,3,,,,
1ef764ed43fd32b3f16e,test,침구,T2 동의어,q_침구_05,커튼,생활·마트 중 '침구'를 판매·제공하는 매장,aa64c8d7-6946-493a-80dd-347e7d531c48,명품커텐,커튼,부산진시장,전통시장,부산광역시,3.0,3.0,,,RESOLVED_AGREEMENT,False,3,,,,
9f2a3257bc2318bfc354,test,침구,T2 동의어,q_침구_05,커튼,생활·마트 중 '침구'를 판매·제공하는 매장,607df75a-cdca-4ec3-93a8-184736d3eb6f,커튼명가,커튼,양동복개상가,전통시장,광주광역시,3.0,3.0,,,RESOLVED_AGREEMENT,False,3,,,,
899bb7f64ebda2fc7c5d,test,침구,T2 동의어,q_침구_05,커튼,생활·마트 중 '침구'를 판매·제공하는 매장,01fa75f4-4cdb-4d62-931a-2b130cdef613,에띠앙이불집,이불,익산장(구 북부장),전통시장,전북특별자치도,2.0,3.0,,,P2_GRADED_ONLY,True,,,,,
aaeaddd89dd970d176ab,test,침구,T2 동의어,q_침구_05,커튼,생활·마트 중 '침구'를 판매·제공하는 매장,a4298544-263f-41e8-8dc1-562b53f9e140,커튼과창,커튼,수완중흥대방 골목형상점가,골목형상점가,광주광역시,3.0,3.0,,,RESOLVED_AGREEMENT,False,3,,,,
e2482fc4616d0964cde8,test,침구,T2 동의어,q_침구_05,커튼,생활·마트 중 '침구'를 판매·제공하는 매장,08e00744-486c-42bc-a1ce-7019cbfde486,금비,커튼,양동복개상가,전통시장,광주광역시,3.0,3.0,,,RESOLVED_AGREEMENT,False,3,,,,
f6eaa2c1af820d46a8e6,test,침구,T2 동의어,q_침구_05,커튼,생활·마트 중 '침구'를 판매·제공하는 매장,41ab8207-a733-4255-82fd-08ce982a7fc1,미창커튼,커튼,양동복개상가,전통시장,광주광역시,3.0,3.0,,,RESOLVED_AGREEMENT,False,3,,,,
7f88167302254248f991,test,침구,T2 동의어,q_침구_05,커튼,생활·마트 중 '침구'를 판매·제공하는 매장,00f84355-823b-4c23-bb49-e842bf41a1a3,금호커텐,커튼,양동복개상가,전통시장,,3.0,3.0,,,RESOLVED_AGREEMENT,False,3,,,,
14fe5502fb5384f9424f,test,침구,T2 동의어,q_침구_05,커튼,생활·마트 중 '침구'를 판매·제공하는 매장,a9c1687a-d293-4836-b34c-8e418f346acf,커튼하우스,커튼,송림골 골목형상점가,골목형상점가,인천광역시,3.0,3.0,,,RESOLVED_AGREEMENT,False,3,,,,
0fbbd9f7c1f5973097ec,test,침구,T2 동의어,q_침구_05,커튼,생활·마트 중 '침구'를 판매·제공하는 매장,019c9868-92c6-4e25-b2ea-903f322c9acf,맡겨봐신발세탁,세탁,임동 골목형상점가,골목형상점가,광주광역시,1.0,0.0,,,P2_GRADED_ONLY,True,,,,,
e0e8dbe1e8f556d41195,test,침구,T2 동의어,q_침구_05,커튼,생활·마트 중 '침구'를 판매·제공하는 매장,58639a7a-d232-4ece-bc7a-3f745b520c9e,해림커튼,커튼,부산진시장,전통시장,부산광역시,3.0,3.0,,,RESOLVED_AGREEMENT,False,3,,,,
fcfd6e5ae9c096c02a0d,test,침구,T2 동의어,q_침구_05,커튼,생활·마트 중 '침구'를 판매·제공하는 매장,012f526e-9f74-4b7a-86ab-887e82649cba,나주커튼,커튼,나주목사고을시장,전통시장,,3.0,3.0,,,RESOLVED_AGREEMENT,False,3,,,,
fdb3a09555b1dc7195f8,test,침구,T2 동의어,q_침구_05,커튼,생활·마트 중 '침구'를 판매·제공하는 매장,01022b54-7fac-43ff-8e1e-8e0c95d34ac6,아이편한♥소리잠매트,침구 등,성남프라자,전통시장,울산광역시,3.0,3.0,,,RESOLVED_AGREEMENT,False,3,,,,
6bbfb3022cc03470547c,test,침구,T2 동의어,q_침구_05,커튼,생활·마트 중 '침구'를 판매·제공하는 매장,3095c4dd-b9e5-40e1-bce3-0d99ce25704c,W창,커튼,치평동아파트연합상인회 골목형상점가,골목형상점가,광주광역시,3.0,3.0,,,RESOLVED_AGREEMENT,False,3,,,,
7f2ac7c1554aed460b08,test,침구,T2 동의어,q_침구_05,커튼,생활·마트 중 '침구'를 판매·제공하는 매장,181ff07d-b4d0-4222-984c-bebb6b2f945c,시온커튼,커튼,원동중앙로골목형상점가,골목형상점가,대전광역시,3.0,3.0,,,RESOLVED_AGREEMENT,False,3,,,,
abc004d2c286bef15d64,test,침구,T2 동의어,q_침구_05,커튼,생활·마트 중 '침구'를 판매·제공하는 매장,02187a22-27d8-4fad-a650-42495bec004f,부흥상회,이불,용현시장,전통시장,인천광역시,2.0,3.0,,,P2_GRADED_ONLY,True,,,,,
7958f870abac026b3935,test,침구,T2 동의어,q_침구_05,커튼,생활·마트 중 '침구'를 판매·제공하는 매장,b374f14a-3a73-4e30-8f95-e435796040f7,영심이헤어,미용실,하단자율상권구역,기타,부산광역시,0.0,0.0,,,RESOLVED_AGREEMENT,False,0,,,,
772cda974b112e373a40,test,침구,T2 동의어,q_침구_05,커튼,생활·마트 중 '침구'를 판매·제공하는 매장,be4407e8-3b9c-4fa6-8915-74f6c5755da3,웰빙커튼,커튼,양동복개상가,전통시장,,3.0,3.0,,,RESOLVED_AGREEMENT,False,3,,,,
2179f9177e0228d7fb5b,test,침구,T2 동의어,q_침구_05,커튼,생활·마트 중 '침구'를 판매·제공하는 매장,6da73773-bc16-4579-96b2-a66d39d3aca2,오늘의 커튼,"커튼, 블라인드",양동복개상가,전통시장,광주광역시,3.0,3.0,,,RESOLVED_AGREEMENT,False,3,,,,
d69b7a733aefa32949b7,test,침구,T2 동의어,q_침구_05,커튼,생활·마트 중 '침구'를 판매·제공하는 매장,0214317c-c9f8-4af4-8b93-7d7d52ee1acb,창과방,커튼,남대문시장,전통시장,서울특별시,3.0,3.0,,,RESOLVED_AGREEMENT,False,3,,,,
21a375c887b2a4cdce59,test,침구,T2 동의어,q_침구_05,커튼,생활·마트 중 '침구'를 판매·제공하는 매장,4b9ea816-dbbb-467b-8062-b045c7931bbb,큐텍스커튼,커튼,서문시장 제1지구1층(직물시장),전통시장,대구광역시,3.0,3.0,,,RESOLVED_AGREEMENT,False,3,,,,
436d68af06a388f11c0c,test,침구,T2 동의어,q_침구_05,커튼,생활·마트 중 '침구'를 판매·제공하는 매장,f7584e0f-b26e-4122-bf59-6bca0a8351ee,새봄약국,,엑스포코아 골목형상점가,골목형상점가,대전광역시,0.0,0.0,,,RESOLVED_AGREEMENT,False,0,,,,
3be2a3c22e68476ac21b,test,침구,T2 동의어,q_침구_05,커튼,생활·마트 중 '침구'를 판매·제공하는 매장,cffd5832-84ec-4362-a062-c34907ca943b,선경,커튼,영신상가,전통시장,서울특별시,3.0,3.0,,,RESOLVED_AGREEMENT,False,3,,,,
9942373a160a7080f763,test,침구,T2 동의어,q_침구_05,커튼,생활·마트 중 '침구'를 판매·제공하는 매장,7782d592-52dd-4ba3-b2d4-a79136f1f38b,믿음커튼,커튼,양동복개상가,전통시장,,3.0,3.0,,,RESOLVED_AGREEMENT,False,3,,,,
9067f9b6c53cc2610ef3,test,침구,T2 동의어,q_침구_05,커튼,생활·마트 중 '침구'를 판매·제공하는 매장,30cc95ec-b097-4003-96eb-e851f5f1ddf0,창원커튼,커튼,창원 성원그랜드쇼핑상가,전통시장,경상남도,3.0,3.0,,,RESOLVED_AGREEMENT,False,3,,,,
c96db34f40b8b3f0d4b0,test,침구,T2 동의어,q_침구_05,커튼,생활·마트 중 '침구'를 판매·제공하는 매장,400930de-8367-41a2-a8ab-005e5a050233,코디룸커튼,커튼,양동복개상가,전통시장,광주광역시,3.0,3.0,,,RESOLVED_AGREEMENT,False,3,,,,
e39f5b680e70d05e361f,test,침구,T2 동의어,q_침구_05,커튼,생활·마트 중 '침구'를 판매·제공하는 매장,015d152e-ed78-4d55-a7c5-5c8fce6debf7,후평종합이불,"침구류, 수건",후평일단지시장,전통시장,강원특별자치도,3.0,3.0,,,RESOLVED_AGREEMENT,False,3,,,,
1d335ee29f35948a6bc2,test,침구,T2 동의어,q_침구_05,커튼,생활·마트 중 '침구'를 판매·제공하는 매장,6642e5bf-cf55-484d-837c-17a9951d9d9f,테마장식커튼,커튼,양동복개상가,전통시장,광주광역시,3.0,3.0,,,RESOLVED_AGREEMENT,False,3,,,,
d32ed0ebd0a1ec01c87b,test,침구,T2 동의어,q_침구_05,커튼,생활·마트 중 '침구'를 판매·제공하는 매장,7b2c33dc-596f-4416-8409-5202f766fd0c,대흥청과,과일,봉천현대시장,전통시장,서울특별시,0.0,0.0,,,RESOLVED_AGREEMENT,False,0,,,,
18e691bbd0648fb107d2,test,침구,T2 동의어,q_침구_05,커튼,생활·마트 중 '침구'를 판매·제공하는 매장,9c4fe798-176c-4ca5-bcdc-694522ba3876,창커튼,커튼,성정가구거리상점가,자율상권구역,충청남도,3.0,3.0,,,RESOLVED_AGREEMENT,False,3,,,,
f93524caf5c4ad7388d5,test,침구,T2 동의어,q_침구_05,커튼,생활·마트 중 '침구'를 판매·제공하는 매장,086ce282-c1b2-472e-a604-d4419e782a66,행운커튼,커튼,양동복개상가,전통시장,,3.0,3.0,,,RESOLVED_AGREEMENT,False,3,,,,
efcb0aa9a7a3e48de4e2,test,침구,T2 동의어,q_침구_05,커튼,생활·마트 중 '침구'를 판매·제공하는 매장,acac3275-b02a-4d8b-837d-b0cac75f8460,예담화커튼,커튼,서문시장(명품프라자상가),전통시장,대구광역시,3.0,3.0,,,RESOLVED_AGREEMENT,False,3,,,,
7fdccb06f8239a9a980a,test,침구,T2 동의어,q_침구_05,커튼,생활·마트 중 '침구'를 판매·제공하는 매장,5d7e03d1-e47d-4037-8079-ed91dea8e87a,빵파레,완구,동대문문구완구거리,자율상권구역,서울특별시,0.0,0.0,,,RESOLVED_AGREEMENT,False,0,,,,
a88c44eb7b1e963b90c8,test,침구,T2 동의어,q_침구_05,커튼,생활·마트 중 '침구'를 판매·제공하는 매장,01de114b-b852-4451-bf02-e87d19da999b,유메이트,소매업(이불),안양중앙인정시장,전통시장,경기도,2.0,3.0,,,P2_GRADED_ONLY,True,,,,,
63d8c0834f8cd7112356,test,침구,T2 동의어,q_침구_05,커튼,생활·마트 중 '침구'를 판매·제공하는 매장,0168e10e-c168-404c-83b2-0d1fd89d65e6,루디아,혼수 커튼,양동복개상가,전통시장,,3.0,3.0,,,RESOLVED_AGREEMENT,False,3,,,,
5e72fe39b592f95c639c,test,침구,T2 동의어,q_침구_05,커튼,생활·마트 중 '침구'를 판매·제공하는 매장,6fb8b4a3-0ab0-43e3-8c72-50cb4ee301f1,홈랜드,커튼,계산시장,전통시장,인천광역시,3.0,3.0,,,RESOLVED_AGREEMENT,False,3,,,,
38cfe48e2817c72aa02a,test,침구,T2 동의어,q_침구_05,커튼,생활·마트 중 '침구'를 판매·제공하는 매장,f4ccb07f-2447-4e26-a346-756c03636a3f,서울커튼,커튼,양동복개상가,전통시장,광주광역시,3.0,3.0,,,RESOLVED_AGREEMENT,False,3,,,,
80a8df17e9210b026956,test,침구,T2 동의어,q_침구_05,커튼,생활·마트 중 '침구'를 판매·제공하는 매장,020914cd-8086-4fad-ab39-bbae265d6a60,양진이불,침구,경주성동공설시장,전통시장,경상북도,3.0,3.0,,,RESOLVED_AGREEMENT,False,3,,,,
bb0cc976bfff7e142877,test,침구,T2 동의어,q_침구_05,커튼,생활·마트 중 '침구'를 판매·제공하는 매장,0316f00f-03d1-48b6-b0ef-875aaa9d5bc7,진커튼,커튼,부산진시장,전통시장,부산광역시,3.0,3.0,,,RESOLVED_AGREEMENT,False,3,,,,
554ca41a913053912118,test,침구,T2 동의어,q_침구_05,커튼,생활·마트 중 '침구'를 판매·제공하는 매장,68dc67ad-e97e-4527-8ee4-3834ae7532e5,명동커튼,커튼,양동복개상가,전통시장,광주광역시,3.0,3.0,,,RESOLVED_AGREEMENT,False,3,,,,
28355960da9c06d1b369,test,침구,T2 동의어,q_침구_05,커튼,생활·마트 중 '침구'를 판매·제공하는 매장,033fc658-a256-42a6-8ebf-24763bc43ba1,신광컴퓨터세탁소,세탁소,대야 골목형상점가,골목형상점가,전북특별자치도,1.0,0.0,,,P2_GRADED_ONLY,True,,,,,
05776dc4a9a54d058b95,test,침구,T2 동의어,q_침구_05,커튼,생활·마트 중 '침구'를 판매·제공하는 매장,00c164d0-76c7-4e7a-9676-ecfdbb052077,크린토피아신창점,세탁,신창수문 골목형상점가,골목형상점가,광주광역시,1.0,0.0,,,P2_GRADED_ONLY,True,,,,,
981af3745b6d6a0fc872,test,침구,T2 동의어,q_침구_05,커튼,생활·마트 중 '침구'를 판매·제공하는 매장,7f884963-cb0b-4fc1-b28e-c0b355ca0daf,커튼스타일,커튼 외,청북가구단지상점가,골목형상점가,경기도,3.0,3.0,,,RESOLVED_AGREEMENT,False,3,,,,
c2517e62dfc0124c5491,test,침구,T2 동의어,q_침구_05,커튼,생활·마트 중 '침구'를 판매·제공하는 매장,609da8e7-d3b3-43f5-ab8b-64dfb743dd48,지연커튼,커튼,양동복개상가,전통시장,광주광역시,3.0,3.0,,,RESOLVED_AGREEMENT,False,3,,,,
681dfadb559a15819f70,test,침구,T2 동의어,q_침구_05,커튼,생활·마트 중 '침구'를 판매·제공하는 매장,f33a09b4-aab7-45b4-84a3-4f1ea0e484bb,핑크방,커튼,창원 성원그랜드쇼핑상가,전통시장,경상남도,3.0,3.0,,,RESOLVED_AGREEMENT,False,3,,,,
31b70b3e13480f405179,test,침구,T2 동의어,q_침구_05,커튼,생활·마트 중 '침구'를 판매·제공하는 매장,9ad01a1f-9b07-41c5-ae81-8a09aa8b6bc6,에스엘커튼,커튼,은마종합상점가,자율상권구역,서울특별시,3.0,3.0,,,RESOLVED_AGREEMENT,False,3,,,,
41957e926e807bad96e9,test,침구,T4 구어·문장,q_침구_06,이불 사려면,생활·마트 중 '침구'를 판매·제공하는 매장,01fa75f4-4cdb-4d62-931a-2b130cdef613,에띠앙이불집,이불,익산장(구 북부장),전통시장,전북특별자치도,3.0,3.0,,,RESOLVED_AGREEMENT,False,3,,,,
e35dc3a4d443136e0d32,test,침구,T4 구어·문장,q_침구_06,이불 사려면,생활·마트 중 '침구'를 판매·제공하는 매장,033fc658-a256-42a6-8ebf-24763bc43ba1,신광컴퓨터세탁소,세탁소,대야 골목형상점가,골목형상점가,전북특별자치도,1.0,0.0,,,P2_GRADED_ONLY,True,,,,,
c4cfbf8f4291d4eb1a69,test,침구,T4 구어·문장,q_침구_06,이불 사려면,생활·마트 중 '침구'를 판매·제공하는 매장,2baaddd0-c786-49be-b251-8118a2916689,우림이불,이불,황지자유시장,전통시장,강원특별자치도,3.0,3.0,,,RESOLVED_AGREEMENT,False,3,,,,
94bdc7d0b975e90ea987,test,침구,T4 구어·문장,q_침구_06,이불 사려면,생활·마트 중 '침구'를 판매·제공하는 매장,8c175486-b2e3-427e-849f-72c4dfbae548,참아름이불,이불,동원전통종합시장,전통시장,서울특별시,3.0,3.0,,,RESOLVED_AGREEMENT,False,3,,,,
9a824ab2d34624d5f51c,test,침구,T4 구어·문장,q_침구_06,이불 사려면,생활·마트 중 '침구'를 판매·제공하는 매장,d0618d2e-8c7b-4639-a6e4-c45b65ce3b50,현대이불,이불,부산진시장,전통시장,부산광역시,3.0,3.0,,,RESOLVED_AGREEMENT,False,3,,,,
82a4340854bc7877cee6,test,침구,T4 구어·문장,q_침구_06,이불 사려면,생활·마트 중 '침구'를 판매·제공하는 매장,0d726e14-a9f1-401f-91a8-945a39d476eb,평림이불,이불,돌곶이시장,전통시장,서울특별시,3.0,3.0,,,RESOLVED_AGREEMENT,False,3,,,,
19d82598f2ef9348ddaf,test,침구,T4 구어·문장,q_침구_06,이불 사려면,생활·마트 중 '침구'를 판매·제공하는 매장,d5896cb3-59f2-4a0f-90cf-dffc4836d261,신양이불,이불,서문시장 제1지구2층(포목시장),전통시장,대구광역시,3.0,3.0,,,RESOLVED_AGREEMENT,False,3,,,,
be3c5827cd8d128dc40d,test,침구,T4 구어·문장,q_침구_06,이불 사려면,생활·마트 중 '침구'를 판매·제공하는 매장,8c86a5ac-7f57-4726-9c0a-3493d712dbcb,세연이불,이불,서문시장 제1지구1층(직물시장),전통시장,대구광역시,3.0,3.0,,,RESOLVED_AGREEMENT,False,3,,,,
d50606f6952a22f4cc5d,test,침구,T4 구어·문장,q_침구_06,이불 사려면,생활·마트 중 '침구'를 판매·제공하는 매장,310c9424-eac7-476a-9a67-c7c75fd071a1,이불,,부산진시장,전통시장,부산광역시,3.0,3.0,,,RESOLVED_AGREEMENT,False,3,,,,
597524e0c4e072e24e2d,test,침구,T4 구어·문장,q_침구_06,이불 사려면,생활·마트 중 '침구'를 판매·제공하는 매장,fa8608ae-7155-4e49-a3e4-6d7cfb04c48f,영풍이불,이불,중앙메가프라자,전통시장,대전광역시,3.0,3.0,,,RESOLVED_AGREEMENT,False,3,,,,
17ae89710c55bf87258e,test,침구,T4 구어·문장,q_침구_06,이불 사려면,생활·마트 중 '침구'를 판매·제공하는 매장,505754f0-ac77-49e9-9a9c-4b3ffac8bbe5,시몬이불,이불,창동신창시장,전통시장,서울특별시,3.0,3.0,,,RESOLVED_AGREEMENT,False,3,,,,
c3fe8c95ab9de687e80f,test,침구,T4 구어·문장,q_침구_06,이불 사려면,생활·마트 중 '침구'를 판매·제공하는 매장,cf116c04-37ec-475b-a55c-c565b2025e5f,팔도이불,이불,수영팔도시장(구 수영팔도상가시장),전통시장,부산광역시,3.0,3.0,,,RESOLVED_AGREEMENT,False,3,,,,
e57bc7e9fd385561601a,test,침구,T4 구어·문장,q_침구_06,이불 사려면,생활·마트 중 '침구'를 판매·제공하는 매장,abe05e0d-2af7-467d-8085-ee3745da7de2,백송이불,이불,신정상가시장,전통시장,울산광역시,3.0,3.0,,,RESOLVED_AGREEMENT,False,3,,,,
5931dfb1b3395b9020fa,test,침구,T4 구어·문장,q_침구_06,이불 사려면,생활·마트 중 '침구'를 판매·제공하는 매장,b658c695-42d6-4166-9fd6-69b2acc3abe1,홍옥이불,이불,의정부제일시장,전통시장,경기도,3.0,3.0,,,RESOLVED_AGREEMENT,False,3,,,,
1d56b23346490d125572,test,침구,T4 구어·문장,q_침구_06,이불 사려면,생활·마트 중 '침구'를 판매·제공하는 매장,332556f4-f4db-41da-80cc-fb31deac7711,정이불,이불,비단길현대시장,전통시장,서울특별시,3.0,3.0,,,RESOLVED_AGREEMENT,False,3,,,,
436455e93bcfd435278a,test,침구,T4 구어·문장,q_침구_06,이불 사려면,생활·마트 중 '침구'를 판매·제공하는 매장,cbaa5934-030b-4251-ab20-e97a375bab5a,도환사,이불,수유시장,전통시장,서울특별시,3.0,3.0,,,RESOLVED_AGREEMENT,False,3,,,,
18f3e798e333f7692b9b,test,침구,T4 구어·문장,q_침구_06,이불 사려면,생활·마트 중 '침구'를 판매·제공하는 매장,fd1f2de0-f47e-4df2-8e23-8a97ba99e17d,핑크이불,이불,구미새마을중앙시장,전통시장,경상북도,3.0,3.0,,,RESOLVED_AGREEMENT,False,3,,,,
1490d70beb72af71064a,test,침구,T4 구어·문장,q_침구_06,이불 사려면,생활·마트 중 '침구'를 판매·제공하는 매장,05291547-c22d-430e-95c2-e31bda19a90a,슈퍼타이 본점,세탁,월드시티상가 골목형상점가,골목형상점가,울산광역시,1.0,0.0,,,P2_GRADED_ONLY,True,,,,,
f4383819179a3bd86685,test,침구,T4 구어·문장,q_침구_06,이불 사려면,생활·마트 중 '침구'를 판매·제공하는 매장,e91c534c-ca7a-4c24-9797-b2557abccfd9,천금이불,이불,전주중앙상가시장,전통시장,전북특별자치도,3.0,3.0,,,RESOLVED_AGREEMENT,False,3,,,,
1bde8f62224c24b63a15,test,침구,T4 구어·문장,q_침구_06,이불 사려면,생활·마트 중 '침구'를 판매·제공하는 매장,01022b54-7fac-43ff-8e1e-8e0c95d34ac6,아이편한♥소리잠매트,침구 등,성남프라자,전통시장,울산광역시,3.0,3.0,,,RESOLVED_AGREEMENT,False,3,,,,
66c4a763b36a006f5258,test,침구,T4 구어·문장,q_침구_06,이불 사려면,생활·마트 중 '침구'를 판매·제공하는 매장,6fa9647d-cef1-4bed-b758-2cd57995d9fb,정우이불,이불,밀양 수산시장,전통시장,경상남도,3.0,3.0,,,RESOLVED_AGREEMENT,False,3,,,,
77f61611786456871b71,test,침구,T4 구어·문장,q_침구_06,이불 사려면,생활·마트 중 '침구'를 판매·제공하는 매장,a76c00e7-e644-4b7c-9685-2038e1054739,예담이불,이불,문창시장,전통시장,대전광역시,3.0,3.0,,,RESOLVED_AGREEMENT,False,3,,,,
4e9b25246c55b39e1032,test,침구,T4 구어·문장,q_침구_06,이불 사려면,생활·마트 중 '침구'를 판매·제공하는 매장,36605745-783b-45bf-80cf-aa23e5ef2d1f,해전이불,이불,양산 덕계종합상설시장,전통시장,경상남도,3.0,3.0,,,RESOLVED_AGREEMENT,False,3,,,,
a9c3412cffcab4f70031,test,침구,T4 구어·문장,q_침구_06,이불 사려면,생활·마트 중 '침구'를 판매·제공하는 매장,01de114b-b852-4451-bf02-e87d19da999b,유메이트,소매업(이불),안양중앙인정시장,전통시장,경기도,3.0,3.0,,,RESOLVED_AGREEMENT,False,3,,,,
86fb3a6157577abd38c8,test,침구,T4 구어·문장,q_침구_06,이불 사려면,생활·마트 중 '침구'를 판매·제공하는 매장,f8050b0a-0f61-4d0b-aa77-415d8da4200c,백양이불,이불,설악눈메골시장,전통시장,경기도,3.0,3.0,,,RESOLVED_AGREEMENT,False,3,,,,
932607a436196d566f63,test,침구,T4 구어·문장,q_침구_06,이불 사려면,생활·마트 중 '침구'를 판매·제공하는 매장,00083664-fb4e-4e3b-bb0a-d9a0a1e8f87f,롯데세탁소,,와룡로 골목형상점가,골목형상점가,전북특별자치도,1.0,0.0,,,P2_GRADED_ONLY,True,,,,,
674e915fb1ad64cb2e3c,test,침구,T4 구어·문장,q_침구_06,이불 사려면,생활·마트 중 '침구'를 판매·제공하는 매장,82bfa994-c84b-453c-8abf-8e499bcd1296,명남이불,이불,문막시장,전통시장,강원특별자치도,3.0,3.0,,,RESOLVED_AGREEMENT,False,3,,,,
bec9e91133671b3a125a,test,침구,T4 구어·문장,q_침구_06,이불 사려면,생활·마트 중 '침구'를 판매·제공하는 매장,b61fa63c-5271-4295-91f5-78ba546dda90,형제랑이불,이불,양동복개상가,전통시장,광주광역시,3.0,3.0,,,RESOLVED_AGREEMENT,False,3,,,,
42bf73978aaf5ba37514,test,침구,T4 구어·문장,q_침구_06,이불 사려면,생활·마트 중 '침구'를 판매·제공하는 매장,dfc5c005-040b-495b-9966-505a560f2474,대왕이불,이불,망원동월드컵시장,전통시장,서울특별시,3.0,3.0,,,RESOLVED_AGREEMENT,False,3,,,,
0853c0e6d6a121936d1f,test,침구,T4 구어·문장,q_침구_06,이불 사려면,생활·마트 중 '침구'를 판매·제공하는 매장,871456dc-7da2-4db3-8ad4-cf75c984b2ad,예쁜이불,이불,현대 골목형상점가,골목형상점가,전라남도,3.0,3.0,,,RESOLVED_AGREEMENT,False,3,,,,
b12676a66e4c4b7a36c1,test,침구,T4 구어·문장,q_침구_06,이불 사려면,생활·마트 중 '침구'를 판매·제공하는 매장,00c164d0-76c7-4e7a-9676-ecfdbb052077,크린토피아신창점,세탁,신창수문 골목형상점가,골목형상점가,광주광역시,1.0,0.0,,,P2_GRADED_ONLY,True,,,,,
b6b1450d79fe3bf0e277,test,침구,T4 구어·문장,q_침구_06,이불 사려면,생활·마트 중 '침구'를 판매·제공하는 매장,044ac1ec-b7b4-4c67-85fb-2281e7c6998b,한신이불,이불,오산오색시장(구 오산중앙시장),전통시장,경기도,3.0,3.0,,,RESOLVED_AGREEMENT,False,3,,,,
1f62222a540fb5f9674d,test,침구,T4 구어·문장,q_침구_06,이불 사려면,생활·마트 중 '침구'를 판매·제공하는 매장,d2f496d3-59bb-461b-8be9-ebe28e39d33c,사임당이불,이불,서문시장 제1지구1층(직물시장),전통시장,대구광역시,3.0,3.0,,,RESOLVED_AGREEMENT,False,3,,,,
64ac83fc84b6a252e288,test,침구,T4 구어·문장,q_침구_06,이불 사려면,생활·마트 중 '침구'를 판매·제공하는 매장,6645fadd-8271-4a2c-899f-a78cee73b407,이불집,이불,부천신흥시장,전통시장,경기도,3.0,3.0,,,RESOLVED_AGREEMENT,False,3,,,,
1eabf615aa8bd0827c25,test,침구,T4 구어·문장,q_침구_06,이불 사려면,생활·마트 중 '침구'를 판매·제공하는 매장,02187a22-27d8-4fad-a650-42495bec004f,부흥상회,이불,용현시장,전통시장,인천광역시,3.0,3.0,,,RESOLVED_AGREEMENT,False,3,,,,
f08d3281fa8671343512,test,침구,T4 구어·문장,q_침구_06,이불 사려면,생활·마트 중 '침구'를 판매·제공하는 매장,c1ddef12-1aba-4d2d-b5e8-fa589f52b87c,이쁜이불,이불,필그린쇼핑센타,골목형상점가,울산광역시,3.0,3.0,,,RESOLVED_AGREEMENT,False,3,,,,
2e5821ac1288cc8e5ff0,test,침구,T4 구어·문장,q_침구_06,이불 사려면,생활·마트 중 '침구'를 판매·제공하는 매장,a21dafbc-1d1c-4a1f-b5e4-ac57b3a5623b,대명이불,이불,창원 상남시장,전통시장,경상남도,3.0,3.0,,,RESOLVED_AGREEMENT,False,3,,,,
01cfd1c87bb78e64cd56,test,침구,T4 구어·문장,q_침구_06,이불 사려면,생활·마트 중 '침구'를 판매·제공하는 매장,df4a6af7-f8c1-43a0-b54a-ea295223dd25,산에향기약초,약초,제천한방마을 골목형상점가,골목형상점가,충청북도,0.0,0.0,,,RESOLVED_AGREEMENT,False,0,,,,
441b454a8b0a31612242,test,침구,T4 구어·문장,q_침구_06,이불 사려면,생활·마트 중 '침구'를 판매·제공하는 매장,8825f45a-d623-499b-ae69-de2f0a1d5b2c,구월이불,이불,구월시장,전통시장,인천광역시,3.0,3.0,,,RESOLVED_AGREEMENT,False,3,,,,
1e67291bf9de83aab2ca,test,침구,T4 구어·문장,q_침구_06,이불 사려면,생활·마트 중 '침구'를 판매·제공하는 매장,9a9bc7fb-ae65-44b4-911d-8ea44c7054f9,명동의류타운,,장흥중앙로 골목형상점가,골목형상점가,,1.0,0.0,,,P2_GRADED_ONLY,True,,,,,
7f07428dbd1e62454561,test,침구,T4 구어·문장,q_침구_06,이불 사려면,생활·마트 중 '침구'를 판매·제공하는 매장,0056f4f0-208d-4d7c-996c-9e6526fea6cf,한일침구,침구,목포원도심상점가,자율상권구역,전라남도,3.0,3.0,,,RESOLVED_AGREEMENT,False,3,,,,
531191e406db84c4ed79,test,침구,T4 구어·문장,q_침구_06,이불 사려면,생활·마트 중 '침구'를 판매·제공하는 매장,ec8ce93a-8b7f-46d4-bb89-2a0ebe1a5a5a,핑크이불,이불,마산 대동씨코아상가시장,전통시장,경상남도,3.0,3.0,,,RESOLVED_AGREEMENT,False,3,,,,
22fe72c871aa535b7c0a,test,침구,T4 구어·문장,q_침구_06,이불 사려면,생활·마트 중 '침구'를 판매·제공하는 매장,38d23ac9-7da0-4645-ab16-46725090848e,선경이불,이불,마산 부림시장,전통시장,경상남도,3.0,3.0,,,RESOLVED_AGREEMENT,False,3,,,,
02861ab93865d5fb0ef5,test,침구,T4 구어·문장,q_침구_06,이불 사려면,생활·마트 중 '침구'를 판매·제공하는 매장,019c9868-92c6-4e25-b2ea-903f322c9acf,맡겨봐신발세탁,세탁,임동 골목형상점가,골목형상점가,광주광역시,1.0,0.0,,,P2_GRADED_ONLY,True,,,,,
1a3c84d2ce453a84b25f,test,침구,T4 구어·문장,q_침구_06,이불 사려면,생활·마트 중 '침구'를 판매·제공하는 매장,020246a6-0250-41f7-93e8-4b7cbdd9f5e2,덕광상회,이불,금산금빛시장(금산시장),전통시장,충청남도,3.0,3.0,,,RESOLVED_AGREEMENT,False,3,,,,
fba84152c97b5206a632,test,침구,T4 구어·문장,q_침구_06,이불 사려면,생활·마트 중 '침구'를 판매·제공하는 매장,58f1076e-5a94-4c1b-bdcd-a3886a2b0f15,명동의류,옷,영월종합상가,전통시장,강원특별자치도,1.0,0.0,,,P2_GRADED_ONLY,True,,,,,
8dbca48e7bc980456b5d,test,침구,T4 구어·문장,q_침구_06,이불 사려면,생활·마트 중 '침구'를 판매·제공하는 매장,00831337-1223-4dcf-9c42-67ca874b1ef6,무지개,침구류,부산진시장,전통시장,부산광역시,3.0,3.0,,,RESOLVED_AGREEMENT,False,3,,,,
5e457e2a4c327d4735b2,test,침구,T4 구어·문장,q_침구_06,이불 사려면,생활·마트 중 '침구'를 판매·제공하는 매장,caad0c58-6b5c-4131-8437-ad337f7d2d32,옥천이불,이불,신중앙시장,전통시장,대전광역시,3.0,3.0,,,RESOLVED_AGREEMENT,False,3,,,,
9ab51b28c9da43c33c1c,test,침구,T4 구어·문장,q_침구_06,이불 사려면,생활·마트 중 '침구'를 판매·제공하는 매장,c98f57fe-8439-43f4-aa7e-138f23488155,성환이불,이불,성환1번가 골목형상점가,골목형상점가,충청남도,3.0,3.0,,,RESOLVED_AGREEMENT,False,3,,,,
4d673e763e45cee76c43,test,침구,T4 구어·문장,q_침구_06,이불 사려면,생활·마트 중 '침구'를 판매·제공하는 매장,ae553b19-db0f-4366-bd17-950926b3bb51,한국이불,이불,부천자유시장,전통시장,경기도,3.0,3.0,,,RESOLVED_AGREEMENT,False,3,,,,
7be3df4009e20737ed89,test,침구,T4 구어·문장,q_침구_06,이불 사려면,생활·마트 중 '침구'를 판매·제공하는 매장,08acf691-26c6-4ee1-9dcf-3bc65d49b836,신월이불,이불,신월3동시장골목형상점가,골목형상점가,서울특별시,3.0,3.0,,,RESOLVED_AGREEMENT,False,3,,,,
ff2c69de0840ef10399e,test,침구,T4 구어·문장,q_침구_06,이불 사려면,생활·마트 중 '침구'를 판매·제공하는 매장,b8bdfd9b-afb6-4f45-9b95-3f3d667b0b21,세나이불,이불,군산공설시장,전통시장,전북특별자치도,3.0,3.0,,,RESOLVED_AGREEMENT,False,3,,,,
31fe40e7ea726e7f9777,test,침구,T4 구어·문장,q_침구_06,이불 사려면,생활·마트 중 '침구'를 판매·제공하는 매장,aa590fe8-fc68-4e09-9012-10fd2bd3dae1,다니엘 이불,이불,"온양온천시장(온양재래시장, 전통시장)",전통시장,충청남도,3.0,3.0,,,RESOLVED_AGREEMENT,False,3,,,,
5c3ee78858c7ef4b7cc9,test,침구,T4 구어·문장,q_침구_06,이불 사려면,생활·마트 중 '침구'를 판매·제공하는 매장,0214317c-c9f8-4af4-8b93-7d7d52ee1acb,창과방,커튼,남대문시장,전통시장,서울특별시,3.0,2.0,,,P2_GRADED_ONLY,True,,,,,
ba3499efb49f7c670c73,test,침구,T4 구어·문장,q_침구_06,이불 사려면,생활·마트 중 '침구'를 판매·제공하는 매장,40555502-0ca4-4f0a-89cc-2a68be4ac658,진보이불,이불,창원 지귀시장,전통시장,경상남도,3.0,3.0,,,RESOLVED_AGREEMENT,False,3,,,,
6e7be1bd36b3ef73bbc7,test,침구,T4 구어·문장,q_침구_06,이불 사려면,생활·마트 중 '침구'를 판매·제공하는 매장,061d6315-27ef-48e0-9b2c-498520c82a02,행복이불,이불,진주 논개시장,전통시장,경상남도,3.0,3.0,,,RESOLVED_AGREEMENT,False,3,,,,
247dfb0df3a1611d13b9,test,침구,T4 구어·문장,q_침구_06,이불 사려면,생활·마트 중 '침구'를 판매·제공하는 매장,a088bd31-4ec7-432a-9248-4c820b254141,조은이불,이불,서문시장 제1지구2층(포목시장),전통시장,대구광역시,3.0,3.0,,,RESOLVED_AGREEMENT,False,3,,,,
24f9a2c7912158ea3e05,test,침구,T4 구어·문장,q_침구_06,이불 사려면,생활·마트 중 '침구'를 판매·제공하는 매장,012f526e-9f74-4b7a-86ab-887e82649cba,나주커튼,커튼,나주목사고을시장,전통시장,,3.0,2.0,,,P2_GRADED_ONLY,True,,,,,
60fe7c850eb17e0c9b33,test,침구,T4 구어·문장,q_침구_06,이불 사려면,생활·마트 중 '침구'를 판매·제공하는 매장,7f90557e-39c6-4c4d-9b49-0230ceee5131,금촌이불,이불,금촌전통시장,전통시장,경기도,3.0,3.0,,,RESOLVED_AGREEMENT,False,3,,,,
14f168658200cddf7d68,test,침구,T4 구어·문장,q_침구_06,이불 사려면,생활·마트 중 '침구'를 판매·제공하는 매장,5dc92951-6107-4307-b077-91066beae305,이불공장,이불,하양꿈바우시장,전통시장,경상북도,3.0,3.0,,,RESOLVED_AGREEMENT,False,3,,,,
7ab4412e6649811be857,test,침구,T4 구어·문장,q_침구_06,이불 사려면,생활·마트 중 '침구'를 판매·제공하는 매장,602ce2c9-ce34-4090-ab16-3e370cfa68a6,흥부이불,이불,도마큰시장,전통시장,대전광역시,3.0,3.0,,,RESOLVED_AGREEMENT,False,3,,,,
153d11eea124527d4337,test,침구,T4 구어·문장,q_침구_06,이불 사려면,생활·마트 중 '침구'를 판매·제공하는 매장,5c040c58-27f4-480c-9dce-9b4d9822455a,천사이불,이불,남부종합시장,전통시장,인천광역시,3.0,3.0,,,RESOLVED_AGREEMENT,False,3,,,,
f2e21984a2b263361068,test,침구,T4 구어·문장,q_침구_06,이불 사려면,생활·마트 중 '침구'를 판매·제공하는 매장,1a18636c-10de-4abf-b39f-53dd751debf5,황금성,중식,진부전통시장,전통시장,강원특별자치도,0.0,0.0,,,RESOLVED_AGREEMENT,False,0,,,,
3bfefe16944da1f4022f,test,침구,T4 구어·문장,q_침구_06,이불 사려면,생활·마트 중 '침구'를 판매·제공하는 매장,4d4b14a4-4d26-4855-bc58-9d76e2c671bb,삼덕이불,이불,신정상가시장,전통시장,울산광역시,3.0,3.0,,,RESOLVED_AGREEMENT,False,3,,,,
095f54c58fb80c786fc3,test,침구,T4 구어·문장,q_침구_06,이불 사려면,생활·마트 중 '침구'를 판매·제공하는 매장,015d152e-ed78-4d55-a7c5-5c8fce6debf7,후평종합이불,"침구류, 수건",후평일단지시장,전통시장,강원특별자치도,3.0,3.0,,,RESOLVED_AGREEMENT,False,3,,,,
34433e7faf5904126abb,test,침구,T4 구어·문장,q_침구_06,이불 사려면,생활·마트 중 '침구'를 판매·제공하는 매장,1c8cb171-a0f1-4b64-aea8-94c9bdb8feb3,패션이불,이불,동문시장㈜,전통시장,제주특별자치도,3.0,3.0,,,RESOLVED_AGREEMENT,False,3,,,,
9d6ce9005f34a71bcd0f,test,침구,T4 구어·문장,q_침구_06,이불 사려면,생활·마트 중 '침구'를 판매·제공하는 매장,e63624f4-b3d9-42c8-8cb7-f33b52a60070,남평이불,이불,남평5일시장,전통시장,전라남도,3.0,3.0,,,RESOLVED_AGREEMENT,False,3,,,,
aae202e18faebc75f8a7,test,침구,T4 구어·문장,q_침구_06,이불 사려면,생활·마트 중 '침구'를 판매·제공하는 매장,cf5039bf-1b72-4d70-af1b-fbfa85102ac5,이불집,이불,장승백이전통시장(구 만수창대시장),전통시장,인천광역시,3.0,3.0,,,RESOLVED_AGREEMENT,False,3,,,,
b2a6495493800667ee1d,test,침구,T4 구어·문장,q_침구_06,이불 사려면,생활·마트 중 '침구'를 판매·제공하는 매장,097c6e7e-c8c0-4a55-aa15-486f5d40f159,하성이불,이불,중앙전통시장,전통시장,울산광역시,3.0,3.0,,,RESOLVED_AGREEMENT,False,3,,,,
db0d0324aac2098a0087,test,침구,T4 구어·문장,q_침구_06,이불 사려면,생활·마트 중 '침구'를 판매·제공하는 매장,fcf2d023-c5a8-488b-b727-097fbd6f605c,대우이불,이불,군산공설시장,전통시장,전북특별자치도,3.0,3.0,,,RESOLVED_AGREEMENT,False,3,,,,
55b942c1b33b56fbb47f,test,침구,T4 구어·문장,q_침구_06,이불 사려면,생활·마트 중 '침구'를 판매·제공하는 매장,d9d06d49-bc2c-438e-a9b7-32e1d81157eb,궁전이불,이불,군산중앙로 골목형상점가,골목형상점가,전북특별자치도,3.0,3.0,,,RESOLVED_AGREEMENT,False,3,,,,
282090f50c5a71f8f002,test,침구,T4 구어·문장,q_침구_06,이불 사려면,생활·마트 중 '침구'를 판매·제공하는 매장,7d8f2d67-f8dc-4e33-ba21-ab1537060ee8,한독이불,이불,송탄시장(송북시장),전통시장,경기도,3.0,3.0,,,RESOLVED_AGREEMENT,False,3,,,,
bf55348d45bb22e49ac0,test,침구,T4 구어·문장,q_침구_06,이불 사려면,생활·마트 중 '침구'를 판매·제공하는 매장,9af5feb3-3a79-4bb7-8d7b-04f8755bb236,엄마이불,이불,양동복개상가,전통시장,광주광역시,3.0,3.0,,,RESOLVED_AGREEMENT,False,3,,,,
7887aa77cfea14f7a35a,test,침구,T4 구어·문장,q_침구_06,이불 사려면,생활·마트 중 '침구'를 판매·제공하는 매장,7470b831-3dd2-4b0e-9de5-53da2296c5a6,삼우이불,이불,동부시장,전통시장,인천광역시,3.0,3.0,,,RESOLVED_AGREEMENT,False,3,,,,
930c426452ca924b7ac3,test,침구,T4 구어·문장,q_침구_06,이불 사려면,생활·마트 중 '침구'를 판매·제공하는 매장,26130dc8-f89b-478d-9c25-35fa1ffd444f,가나이불,이불,군산공설시장,전통시장,전북특별자치도,3.0,3.0,,,RESOLVED_AGREEMENT,False,3,,,,
72a0222721b1833d7d8e,test,침구,T4 구어·문장,q_침구_06,이불 사려면,생활·마트 중 '침구'를 판매·제공하는 매장,eebe2a61-8abd-4556-8d35-f58a5ff997dd,성도이불,이불,서문시장4지구종합대체상가(베네시움),전통시장,대구광역시,3.0,3.0,,,RESOLVED_AGREEMENT,False,3,,,,
104e9a0d5b71b5918d51,test,침구,T4 구어·문장,q_침구_06,이불 사려면,생활·마트 중 '침구'를 판매·제공하는 매장,173c4f05-ba1c-4cc8-9bce-c32997c05bce,영도이불,이불,군산공설시장,전통시장,전북특별자치도,3.0,3.0,,,RESOLVED_AGREEMENT,False,3,,,,
78789b1dbde519b61daa,test,침구,T4 구어·문장,q_침구_06,이불 사려면,생활·마트 중 '침구'를 판매·제공하는 매장,20e5b917-8232-4832-b04e-42fe3498d678,선화이불,이불,인천신흥시장,전통시장,인천광역시,3.0,3.0,,,RESOLVED_AGREEMENT,False,3,,,,
8aa2d5af9cc96068a262,test,침구,T4 구어·문장,q_침구_06,이불 사려면,생활·마트 중 '침구'를 판매·제공하는 매장,5c490bd6-afec-4fee-a6c3-c7bd63da5d76,과천해신탕 과천본점,"한식, 해신탕",별양동상점가,자율상권구역,경기도,0.0,0.0,,,RESOLVED_AGREEMENT,False,0,,,,
3a1c24914a69cb4300d6,test,침구,T4 구어·문장,q_침구_06,이불 사려면,생활·마트 중 '침구'를 판매·제공하는 매장,0829fe47-f308-40f0-a247-23107e05e184,대원이불,이불,사가정시장,전통시장,서울특별시,3.0,3.0,,,RESOLVED_AGREEMENT,False,3,,,,
f23b8e71584b15614a21,test,침구,T4 구어·문장,q_침구_06,이불 사려면,생활·마트 중 '침구'를 판매·제공하는 매장,73513cab-a4a4-44af-89c5-4bb62af230ed,렙업PC방(인덕원점),서비스 및 휴게음식,인덕원 골목형상점가,골목형상점가,경기도,0.0,0.0,,,RESOLVED_AGREEMENT,False,0,,,,
9bdd4be9921846e7aada,test,침구,T4 구어·문장,q_침구_06,이불 사려면,생활·마트 중 '침구'를 판매·제공하는 매장,5f856f68-330e-468a-905b-6973e464efb7,이불장만,이불,춘천풍물시장,전통시장,강원특별자치도,3.0,3.0,,,RESOLVED_AGREEMENT,False,3,,,,
64cf7aba45a47ad7d9c2,test,침구,T4 구어·문장,q_침구_06,이불 사려면,생활·마트 중 '침구'를 판매·제공하는 매장,00f84355-823b-4c23-bb49-e842bf41a1a3,금호커텐,커튼,양동복개상가,전통시장,,3.0,2.0,,,P2_GRADED_ONLY,True,,,,,
741cca8750783ff99380,test,침구,T4 구어·문장,q_침구_06,이불 사려면,생활·마트 중 '침구'를 판매·제공하는 매장,01c8223c-7693-4269-8de1-ef21d68577d4,신흥침구사,침구,중앙신시장,전통시장,경상북도,3.0,3.0,,,RESOLVED_AGREEMENT,False,3,,,,
9e7c1e3939bac2040937,test,침구,T4 구어·문장,q_침구_06,이불 사려면,생활·마트 중 '침구'를 판매·제공하는 매장,6caf3a73-dfab-44da-8552-68e994fcf095,영주이불,이불,감전시장,전통시장,부산광역시,3.0,3.0,,,RESOLVED_AGREEMENT,False,3,,,,
cdf74fef069ea680b3d8,test,침구,T4 구어·문장,q_침구_06,이불 사려면,생활·마트 중 '침구'를 판매·제공하는 매장,134fa1f0-bb0e-49ba-8601-97c9b2e0a7a6,합천이불,이불,마산 수남상가,전통시장,경상남도,3.0,3.0,,,RESOLVED_AGREEMENT,False,3,,,,
2a54ee2f0c62b77b7f6f,test,침구,T4 구어·문장,q_침구_06,이불 사려면,생활·마트 중 '침구'를 판매·제공하는 매장,009cda97-be64-4deb-8311-f6e42d4eca25,갤러리커튼,커튼블라인드침구,홀릭스,골목형상점가,광주광역시,3.0,3.0,,,RESOLVED_AGREEMENT,False,3,,,,
e61dcc8af7ec35b7a45d,test,침구,T4 구어·문장,q_침구_06,이불 사려면,생활·마트 중 '침구'를 판매·제공하는 매장,a6d39fee-c29b-4bfb-b5e6-7d7032a07518,문구방구 아이파크시티점,문구용품,수원아이파크시티8단지상가 골목형상점가,골목형상점가,경기도,0.0,0.0,,,RESOLVED_AGREEMENT,False,0,,,,
24f7231bf43c280f7af3,test,침구,T4 구어·문장,q_침구_06,이불 사려면,생활·마트 중 '침구'를 판매·제공하는 매장,0168e10e-c168-404c-83b2-0d1fd89d65e6,루디아,혼수 커튼,양동복개상가,전통시장,,3.0,2.0,,,P2_GRADED_ONLY,True,,,,,
4a3550ea97a1aa25ff68,test,침구,T4 구어·문장,q_침구_06,이불 사려면,생활·마트 중 '침구'를 판매·제공하는 매장,020bee4a-baa0-4c84-a1d2-1ffe5e745eb7,유영주단,"이불, 한복",대가야 자율상권구역,,경상북도,3.0,3.0,,,RESOLVED_AGREEMENT,False,3,,,,
20b86da4e0889124fe0e,test,침구,T4 구어·문장,q_침구_06,이불 사려면,생활·마트 중 '침구'를 판매·제공하는 매장,c751094e-938d-4c1c-ad71-a9cd17bbbfdc,하나청과,과일,구미시농산물도매시장 골목형상점가,골목형상점가,경상북도,0.0,0.0,,,RESOLVED_AGREEMENT,False,0,,,,
882bbaff3dd721db382a,test,침구,T4 구어·문장,q_침구_06,이불 사려면,생활·마트 중 '침구'를 판매·제공하는 매장,414ae9d9-178e-4e71-bc5a-20d46c8e8abc,은혜이불,이불,문창시장,전통시장,대전광역시,3.0,3.0,,,RESOLVED_AGREEMENT,False,3,,,,
9b2d9b88eb0739f8fa09,test,침구,T4 구어·문장,q_침구_06,이불 사려면,생활·마트 중 '침구'를 판매·제공하는 매장,8fff3693-4952-4b80-b5df-57210e277e84,이쁜이이불,이불,고성시장,전통시장,경상남도,3.0,3.0,,,RESOLVED_AGREEMENT,False,3,,,,
0fd092669b63f5c6fa15,test,침구,T4 구어·문장,q_침구_06,이불 사려면,생활·마트 중 '침구'를 판매·제공하는 매장,ff192627-a959-45d8-800e-1592b6c39803,홈사랑,이불,북부중앙 골목형상점가,골목형상점가,경기도,3.0,3.0,,,RESOLVED_AGREEMENT,False,3,,,,
208b5930b1ad59726aca,test,침구,T4 구어·문장,q_침구_06,이불 사려면,생활·마트 중 '침구'를 판매·제공하는 매장,0c070458-933d-4b37-93e8-3933daa97cc2,신행상회,이불,김천중앙시장,전통시장,경상북도,3.0,3.0,,,RESOLVED_AGREEMENT,False,3,,,,
10bf7f14d6ae546ca8f5,test,침구,T4 구어·문장,q_침구_06,이불 사려면,생활·마트 중 '침구'를 판매·제공하는 매장,02149791-6e33-4077-a92d-4f7756bbaa40,잉꼬이불,이불,센트럴프라자,골목형상점가,울산광역시,3.0,3.0,,,RESOLVED_AGREEMENT,False,3,,,,
289fd721e79544bf768c,test,침구,T4 구어·문장,q_침구_06,이불 사려면,생활·마트 중 '침구'를 판매·제공하는 매장,8deecb03-2f05-43ab-9146-2eecf324dda5,형제이불,이불,양동복개상가,전통시장,,3.0,3.0,,,RESOLVED_AGREEMENT,False,3,,,,
189aa991c2aae461e3aa,test,침구,T4 구어·문장,q_침구_06,이불 사려면,생활·마트 중 '침구'를 판매·제공하는 매장,020914cd-8086-4fad-ab39-bbae265d6a60,양진이불,침구,경주성동공설시장,전통시장,경상북도,3.0,3.0,,,RESOLVED_AGREEMENT,False,3,,,,
dd4ecf23b0134387c8e0,test,침구,T4 구어·문장,q_침구_06,이불 사려면,생활·마트 중 '침구'를 판매·제공하는 매장,70811b6e-7893-40f2-8a72-76e1fc41ebe2,마춤이불,이불,마산 수남상가,전통시장,경상남도,3.0,3.0,,,RESOLVED_AGREEMENT,False,3,,,,
b8f9e7c9293c9c87f75d,test,침구,T4 구어·문장,q_침구_06,이불 사려면,생활·마트 중 '침구'를 판매·제공하는 매장,abece56e-be9a-4b7f-9d38-3d862258f671,선경이불,이불,서문시장2지구 종합상가,전통시장,대구광역시,3.0,3.0,,,RESOLVED_AGREEMENT,False,3,,,,
62e63f1c1b14e4a851d6,test,침구,T4 구어·문장,q_침구_06,이불 사려면,생활·마트 중 '침구'를 판매·제공하는 매장,3e62eb7b-f5fb-4001-a277-b7c68d21cf44,원앙이불,이불,남대문시장,전통시장,서울특별시,3.0,3.0,,,RESOLVED_AGREEMENT,False,3,,,,
1329bbce6f88b5f173c5,test,침구,T4 구어·문장,q_침구_06,이불 사려면,생활·마트 중 '침구'를 판매·제공하는 매장,75cb857c-894b-48f0-a460-add42ef3f618,이불랑침구,이불,오산오색시장(구 오산중앙시장),전통시장,경기도,3.0,3.0,,,RESOLVED_AGREEMENT,False,3,,,,
39a6c5e5bfae240be18d,test,침구,T4 구어·문장,q_침구_06,이불 사려면,생활·마트 중 '침구'를 판매·제공하는 매장,cbffd98b-4c0c-467c-9faf-0e4bace27054,시장이불,이불,강구시장,전통시장,경상북도,3.0,3.0,,,RESOLVED_AGREEMENT,False,3,,,,
e62f0358e4d9df0d9b54,test,침구,T4 구어·문장,q_침구_06,이불 사려면,생활·마트 중 '침구'를 판매·제공하는 매장,0eb187dc-1e99-4170-a6ed-e9dff3d21b6c,은혜이불,이불,문경중앙시장,전통시장,경상북도,3.0,3.0,,,RESOLVED_AGREEMENT,False,3,,,,
806bfc321b1564f9deea,test,침구,T4 구어·문장,q_침구_06,이불 사려면,생활·마트 중 '침구'를 판매·제공하는 매장,d5dec2e1-d810-45ff-b076-ec29c23d4c68,예담이불,이불,부평종합시장,전통시장,인천광역시,3.0,3.0,,,RESOLVED_AGREEMENT,False,3,,,,
e7df88cd2522a7a422cf,test,침구,T4 구어·문장,q_침구_07,이불 파는 곳,생활·마트 중 '침구'를 판매·제공하는 매장,82bfa994-c84b-453c-8abf-8e499bcd1296,명남이불,이불,문막시장,전통시장,강원특별자치도,3.0,3.0,,,RESOLVED_AGREEMENT,False,3,,,,
ac6015c7ae9869e434aa,test,침구,T4 구어·문장,q_침구_07,이불 파는 곳,생활·마트 중 '침구'를 판매·제공하는 매장,009cda97-be64-4deb-8311-f6e42d4eca25,갤러리커튼,커튼블라인드침구,홀릭스,골목형상점가,광주광역시,3.0,3.0,,,RESOLVED_AGREEMENT,False,3,,,,
12a57eb0d0d9f880ec0d,test,침구,T4 구어·문장,q_침구_07,이불 파는 곳,생활·마트 중 '침구'를 판매·제공하는 매장,76a3551b-dae4-4326-92cc-662015aedbfb,쉴 곳,한식,칠성로상점가,자율상권구역,제주특별자치도,0.0,0.0,,,RESOLVED_AGREEMENT,False,0,,,,
26c68dbe2735a650bb74,test,침구,T4 구어·문장,q_침구_07,이불 파는 곳,생활·마트 중 '침구'를 판매·제공하는 매장,602ce2c9-ce34-4090-ab16-3e370cfa68a6,흥부이불,이불,도마큰시장,전통시장,대전광역시,3.0,3.0,,,RESOLVED_AGREEMENT,False,3,,,,
000cb8885a51909a9b4c,test,침구,T4 구어·문장,q_침구_07,이불 파는 곳,생활·마트 중 '침구'를 판매·제공하는 매장,01022b54-7fac-43ff-8e1e-8e0c95d34ac6,아이편한♥소리잠매트,침구 등,성남프라자,전통시장,울산광역시,3.0,3.0,,,RESOLVED_AGREEMENT,False,3,,,,
774a84e2836714b40486,test,침구,T4 구어·문장,q_침구_07,이불 파는 곳,생활·마트 중 '침구'를 판매·제공하는 매장,3e62eb7b-f5fb-4001-a277-b7c68d21cf44,원앙이불,이불,남대문시장,전통시장,서울특별시,3.0,3.0,,,RESOLVED_AGREEMENT,False,3,,,,
bcd195efc8b7935434c3,test,침구,T4 구어·문장,q_침구_07,이불 파는 곳,생활·마트 중 '침구'를 판매·제공하는 매장,019c9868-92c6-4e25-b2ea-903f322c9acf,맡겨봐신발세탁,세탁,임동 골목형상점가,골목형상점가,광주광역시,1.0,0.0,,,P2_GRADED_ONLY,True,,,,,
4baf1e44877c8676e2ed,test,침구,T4 구어·문장,q_침구_07,이불 파는 곳,생활·마트 중 '침구'를 판매·제공하는 매장,0214317c-c9f8-4af4-8b93-7d7d52ee1acb,창과방,커튼,남대문시장,전통시장,서울특별시,3.0,2.0,,,P2_GRADED_ONLY,True,,,,,
4e7f1fbf1cd4c53d1898,test,침구,T4 구어·문장,q_침구_07,이불 파는 곳,생활·마트 중 '침구'를 판매·제공하는 매장,c1ddef12-1aba-4d2d-b5e8-fa589f52b87c,이쁜이불,이불,필그린쇼핑센타,골목형상점가,울산광역시,3.0,3.0,,,RESOLVED_AGREEMENT,False,3,,,,
99b27c1b370b38e1298b,test,침구,T4 구어·문장,q_침구_07,이불 파는 곳,생활·마트 중 '침구'를 판매·제공하는 매장,00831337-1223-4dcf-9c42-67ca874b1ef6,무지개,침구류,부산진시장,전통시장,부산광역시,3.0,3.0,,,RESOLVED_AGREEMENT,False,3,,,,
63346bde0f8f562a823e,test,침구,T4 구어·문장,q_침구_07,이불 파는 곳,생활·마트 중 '침구'를 판매·제공하는 매장,00f84355-823b-4c23-bb49-e842bf41a1a3,금호커텐,커튼,양동복개상가,전통시장,,3.0,2.0,,,P2_GRADED_ONLY,True,,,,,
366594652106d30d69ef,test,침구,T4 구어·문장,q_침구_07,이불 파는 곳,생활·마트 중 '침구'를 판매·제공하는 매장,2baaddd0-c786-49be-b251-8118a2916689,우림이불,이불,황지자유시장,전통시장,강원특별자치도,3.0,3.0,,,RESOLVED_AGREEMENT,False,3,,,,
ebecb676015a4193ea0e,test,침구,T4 구어·문장,q_침구_07,이불 파는 곳,생활·마트 중 '침구'를 판매·제공하는 매장,0eb187dc-1e99-4170-a6ed-e9dff3d21b6c,은혜이불,이불,문경중앙시장,전통시장,경상북도,3.0,3.0,,,RESOLVED_AGREEMENT,False,3,,,,
c942b9b245020b1d5100,test,침구,T4 구어·문장,q_침구_07,이불 파는 곳,생활·마트 중 '침구'를 판매·제공하는 매장,5f856f68-330e-468a-905b-6973e464efb7,이불장만,이불,춘천풍물시장,전통시장,강원특별자치도,3.0,3.0,,,RESOLVED_AGREEMENT,False,3,,,,
7b8946ce675a3de7c147,test,침구,T4 구어·문장,q_침구_07,이불 파는 곳,생활·마트 중 '침구'를 판매·제공하는 매장,cf5039bf-1b72-4d70-af1b-fbfa85102ac5,이불집,이불,장승백이전통시장(구 만수창대시장),전통시장,인천광역시,3.0,3.0,,,RESOLVED_AGREEMENT,False,3,,,,
f8ae0c609069330bbdc2,test,침구,T4 구어·문장,q_침구_07,이불 파는 곳,생활·마트 중 '침구'를 판매·제공하는 매장,8deecb03-2f05-43ab-9146-2eecf324dda5,형제이불,이불,양동복개상가,전통시장,,3.0,3.0,,,RESOLVED_AGREEMENT,False,3,,,,
b6d0a538f649236947c7,test,침구,T4 구어·문장,q_침구_07,이불 파는 곳,생활·마트 중 '침구'를 판매·제공하는 매장,00083664-fb4e-4e3b-bb0a-d9a0a1e8f87f,롯데세탁소,,와룡로 골목형상점가,골목형상점가,전북특별자치도,1.0,0.0,,,P2_GRADED_ONLY,True,,,,,
b28433cc943564e8d0f4,test,침구,T4 구어·문장,q_침구_07,이불 파는 곳,생활·마트 중 '침구'를 판매·제공하는 매장,020914cd-8086-4fad-ab39-bbae265d6a60,양진이불,침구,경주성동공설시장,전통시장,경상북도,3.0,3.0,,,RESOLVED_AGREEMENT,False,3,,,,
64d973981eb9a7d427e9,test,침구,T4 구어·문장,q_침구_07,이불 파는 곳,생활·마트 중 '침구'를 판매·제공하는 매장,2743811c-5e71-4d2b-aa75-1b0147d44f2d,사우 꽃이 피는 곳,꽃,김포 풍년마을 골목형상점가,골목형상점가,경기도,0.0,0.0,,,RESOLVED_AGREEMENT,False,0,,,,
5397599fee44eb0fcd65,test,침구,T4 구어·문장,q_침구_07,이불 파는 곳,생활·마트 중 '침구'를 판매·제공하는 매장,871456dc-7da2-4db3-8ad4-cf75c984b2ad,예쁜이불,이불,현대 골목형상점가,골목형상점가,전라남도,3.0,3.0,,,RESOLVED_AGREEMENT,False,3,,,,
f7295c9c4ecb3da550c2,test,침구,T4 구어·문장,q_침구_07,이불 파는 곳,생활·마트 중 '침구'를 판매·제공하는 매장,015d152e-ed78-4d55-a7c5-5c8fce6debf7,후평종합이불,"침구류, 수건",후평일단지시장,전통시장,강원특별자치도,3.0,3.0,,,RESOLVED_AGREEMENT,False,3,,,,
67fd370df25df01543d7,test,침구,T4 구어·문장,q_침구_07,이불 파는 곳,생활·마트 중 '침구'를 판매·제공하는 매장,ec8ce93a-8b7f-46d4-bb89-2a0ebe1a5a5a,핑크이불,이불,마산 대동씨코아상가시장,전통시장,경상남도,3.0,3.0,,,RESOLVED_AGREEMENT,False,3,,,,
4e7c35fc0908cd3fbbb1,test,침구,T4 구어·문장,q_침구_07,이불 파는 곳,생활·마트 중 '침구'를 판매·제공하는 매장,fcf2d023-c5a8-488b-b727-097fbd6f605c,대우이불,이불,군산공설시장,전통시장,전북특별자치도,3.0,3.0,,,RESOLVED_AGREEMENT,False,3,,,,
c3f078243dd524213690,test,침구,T4 구어·문장,q_침구_07,이불 파는 곳,생활·마트 중 '침구'를 판매·제공하는 매장,f53dd40b-6392-438f-b283-f48a789e49eb,제이에프옷가게,의류,구로시장,전통시장,서울특별시,1.0,0.0,,,P2_GRADED_ONLY,True,,,,,
c118a19e31ea993b537e,test,침구,T4 구어·문장,q_침구_07,이불 파는 곳,생활·마트 중 '침구'를 판매·제공하는 매장,332556f4-f4db-41da-80cc-fb31deac7711,정이불,이불,비단길현대시장,전통시장,서울특별시,3.0,3.0,,,RESOLVED_AGREEMENT,False,3,,,,
9a9cdde84a7d234d3bbc,test,침구,T4 구어·문장,q_침구_07,이불 파는 곳,생활·마트 중 '침구'를 판매·제공하는 매장,1c8cb171-a0f1-4b64-aea8-94c9bdb8feb3,패션이불,이불,동문시장㈜,전통시장,제주특별자치도,3.0,3.0,,,RESOLVED_AGREEMENT,False,3,,,,
bfc7bd6219c48c1e4c58,test,침구,T4 구어·문장,q_침구_07,이불 파는 곳,생활·마트 중 '침구'를 판매·제공하는 매장,7377c7e9-48e1-48a0-8e11-c99675ee695a,부산이불,이불,대왕암 월봉시장,전통시장,울산광역시,3.0,3.0,,,RESOLVED_AGREEMENT,False,3,,,,
d5cfdf3d224bafbe67a6,test,침구,T4 구어·문장,q_침구_07,이불 파는 곳,생활·마트 중 '침구'를 판매·제공하는 매장,580ed7f6-718c-41b7-853c-3dc54ca6d957,불티나튀김,한식,오치2동 골목형상점가,골목형상점가,광주광역시,0.0,0.0,,,RESOLVED_AGREEMENT,False,0,,,,
86a33fa9263ef9fe3191,test,침구,T4 구어·문장,q_침구_07,이불 파는 곳,생활·마트 중 '침구'를 판매·제공하는 매장,40555502-0ca4-4f0a-89cc-2a68be4ac658,진보이불,이불,창원 지귀시장,전통시장,경상남도,3.0,3.0,,,RESOLVED_AGREEMENT,False,3,,,,
47a41160bc4ef8c4a84e,test,침구,T4 구어·문장,q_침구_07,이불 파는 곳,생활·마트 중 '침구'를 판매·제공하는 매장,cbffd98b-4c0c-467c-9faf-0e4bace27054,시장이불,이불,강구시장,전통시장,경상북도,3.0,3.0,,,RESOLVED_AGREEMENT,False,3,,,,
cc266ea4aa7c218f10a1,test,침구,T4 구어·문장,q_침구_07,이불 파는 곳,생활·마트 중 '침구'를 판매·제공하는 매장,d9d06d49-bc2c-438e-a9b7-32e1d81157eb,궁전이불,이불,군산중앙로 골목형상점가,골목형상점가,전북특별자치도,3.0,3.0,,,RESOLVED_AGREEMENT,False,3,,,,
56a30153c90ec6da84e6,test,침구,T4 구어·문장,q_침구_07,이불 파는 곳,생활·마트 중 '침구'를 판매·제공하는 매장,8825f45a-d623-499b-ae69-de2f0a1d5b2c,구월이불,이불,구월시장,전통시장,인천광역시,3.0,3.0,,,RESOLVED_AGREEMENT,False,3,,,,
db292e1e686e52af4a4f,test,침구,T4 구어·문장,q_침구_07,이불 파는 곳,생활·마트 중 '침구'를 판매·제공하는 매장,70811b6e-7893-40f2-8a72-76e1fc41ebe2,마춤이불,이불,마산 수남상가,전통시장,경상남도,3.0,3.0,,,RESOLVED_AGREEMENT,False,3,,,,
380e15fb245b29296ee1,test,침구,T4 구어·문장,q_침구_07,이불 파는 곳,생활·마트 중 '침구'를 판매·제공하는 매장,81d0568a-416d-4f70-adbd-00390a9d9e58,착한이불,이불,부천상동시장,전통시장,경기도,3.0,3.0,,,RESOLVED_AGREEMENT,False,3,,,,
623810421958d22a4477,test,침구,T4 구어·문장,q_침구_07,이불 파는 곳,생활·마트 중 '침구'를 판매·제공하는 매장,cf116c04-37ec-475b-a55c-c565b2025e5f,팔도이불,이불,수영팔도시장(구 수영팔도상가시장),전통시장,부산광역시,3.0,3.0,,,RESOLVED_AGREEMENT,False,3,,,,
547328eb4975a3a18743,test,침구,T4 구어·문장,q_침구_07,이불 파는 곳,생활·마트 중 '침구'를 판매·제공하는 매장,5dc92951-6107-4307-b077-91066beae305,이불공장,이불,하양꿈바우시장,전통시장,경상북도,3.0,3.0,,,RESOLVED_AGREEMENT,False,3,,,,
ff9764237afbde814f9a,test,침구,T4 구어·문장,q_침구_07,이불 파는 곳,생활·마트 중 '침구'를 판매·제공하는 매장,505754f0-ac77-49e9-9a9c-4b3ffac8bbe5,시몬이불,이불,창동신창시장,전통시장,서울특별시,3.0,3.0,,,RESOLVED_AGREEMENT,False,3,,,,
5626e37d9c998f70fb19,test,침구,T4 구어·문장,q_침구_07,이불 파는 곳,생활·마트 중 '침구'를 판매·제공하는 매장,7d8f2d67-f8dc-4e33-ba21-ab1537060ee8,한독이불,이불,송탄시장(송북시장),전통시장,경기도,3.0,3.0,,,RESOLVED_AGREEMENT,False,3,,,,
dce6535cfe052ba3d11b,test,침구,T4 구어·문장,q_침구_07,이불 파는 곳,생활·마트 중 '침구'를 판매·제공하는 매장,3dec7844-4f58-4643-8ac0-3182cb80908a,포유컴북구점,컴퓨터 수리및 수리전자상거래,두암1동군왕로 골목형상점가,골목형상점가,광주광역시,0.0,0.0,,,RESOLVED_AGREEMENT,False,0,,,,
809e8093197480c30ca0,test,침구,T4 구어·문장,q_침구_07,이불 파는 곳,생활·마트 중 '침구'를 판매·제공하는 매장,02149791-6e33-4077-a92d-4f7756bbaa40,잉꼬이불,이불,센트럴프라자,골목형상점가,울산광역시,3.0,3.0,,,RESOLVED_AGREEMENT,False,3,,,,
0dce708c21976ba29a8b,test,침구,T4 구어·문장,q_침구_07,이불 파는 곳,생활·마트 중 '침구'를 판매·제공하는 매장,767aec0c-b0d5-49c6-8093-d90ee91306de,라꼬스테 이천점,소매업(의류외),이천중앙로상가,자율상권구역,경기도,1.0,0.0,,,P2_GRADED_ONLY,True,,,,,
907b84baabaa991b9253,test,침구,T4 구어·문장,q_침구_07,이불 파는 곳,생활·마트 중 '침구'를 판매·제공하는 매장,ff192627-a959-45d8-800e-1592b6c39803,홈사랑,이불,북부중앙 골목형상점가,골목형상점가,경기도,3.0,3.0,,,RESOLVED_AGREEMENT,False,3,,,,
b114195f13e7303737f3,test,침구,T4 구어·문장,q_침구_07,이불 파는 곳,생활·마트 중 '침구'를 판매·제공하는 매장,f2920d11-a11f-4e20-9112-ccb8fc8ef957,대창이불,이불,평택통복시장,전통시장,경기도,3.0,3.0,,,RESOLVED_AGREEMENT,False,3,,,,
6329097d8907fb3f755d,test,침구,T4 구어·문장,q_침구_07,이불 파는 곳,생활·마트 중 '침구'를 판매·제공하는 매장,eebe2a61-8abd-4556-8d35-f58a5ff997dd,성도이불,이불,서문시장4지구종합대체상가(베네시움),전통시장,대구광역시,3.0,3.0,,,RESOLVED_AGREEMENT,False,3,,,,
5f56cf9aabe2a615308e,test,침구,T4 구어·문장,q_침구_07,이불 파는 곳,생활·마트 중 '침구'를 판매·제공하는 매장,c26146c0-1610-430b-9984-0d7212573c07,삼성이불,이불,남항시장,전통시장,부산광역시,3.0,3.0,,,RESOLVED_AGREEMENT,False,3,,,,
bebfd65ad7289db081d0,test,침구,T4 구어·문장,q_침구_07,이불 파는 곳,생활·마트 중 '침구'를 판매·제공하는 매장,4d4b14a4-4d26-4855-bc58-9d76e2c671bb,삼덕이불,이불,신정상가시장,전통시장,울산광역시,3.0,3.0,,,RESOLVED_AGREEMENT,False,3,,,,
e9c285ad48114cf6e01f,test,침구,T4 구어·문장,q_침구_07,이불 파는 곳,생활·마트 중 '침구'를 판매·제공하는 매장,75cb857c-894b-48f0-a460-add42ef3f618,이불랑침구,이불,오산오색시장(구 오산중앙시장),전통시장,경기도,3.0,3.0,,,RESOLVED_AGREEMENT,False,3,,,,
0df9e0c9b2534ec81fc0,test,침구,T4 구어·문장,q_침구_07,이불 파는 곳,생활·마트 중 '침구'를 판매·제공하는 매장,01c8223c-7693-4269-8de1-ef21d68577d4,신흥침구사,침구,중앙신시장,전통시장,경상북도,3.0,3.0,,,RESOLVED_AGREEMENT,False,3,,,,
e6f8e7ef543ab1129b46,test,침구,T4 구어·문장,q_침구_07,이불 파는 곳,생활·마트 중 '침구'를 판매·제공하는 매장,0168e10e-c168-404c-83b2-0d1fd89d65e6,루디아,혼수 커튼,양동복개상가,전통시장,,3.0,2.0,,,P2_GRADED_ONLY,True,,,,,
b98fa86209404c4489da,test,침구,T4 구어·문장,q_침구_07,이불 파는 곳,생활·마트 중 '침구'를 판매·제공하는 매장,e63624f4-b3d9-42c8-8cb7-f33b52a60070,남평이불,이불,남평5일시장,전통시장,전라남도,3.0,3.0,,,RESOLVED_AGREEMENT,False,3,,,,
b3628504bcc2f858a83f,test,침구,T4 구어·문장,q_침구_07,이불 파는 곳,생활·마트 중 '침구'를 판매·제공하는 매장,0c070458-933d-4b37-93e8-3933daa97cc2,신행상회,이불,김천중앙시장,전통시장,경상북도,3.0,3.0,,,RESOLVED_AGREEMENT,False,3,,,,
8312a3b10c3a061adeb8,test,침구,T4 구어·문장,q_침구_07,이불 파는 곳,생활·마트 중 '침구'를 판매·제공하는 매장,8c175486-b2e3-427e-849f-72c4dfbae548,참아름이불,이불,동원전통종합시장,전통시장,서울특별시,3.0,3.0,,,RESOLVED_AGREEMENT,False,3,,,,
a22f2b3c457e912599f9,test,침구,T4 구어·문장,q_침구_07,이불 파는 곳,생활·마트 중 '침구'를 판매·제공하는 매장,08acf691-26c6-4ee1-9dcf-3bc65d49b836,신월이불,이불,신월3동시장골목형상점가,골목형상점가,서울특별시,3.0,3.0,,,RESOLVED_AGREEMENT,False,3,,,,
ea03cf1eca0413d600af,test,침구,T4 구어·문장,q_침구_07,이불 파는 곳,생활·마트 중 '침구'를 판매·제공하는 매장,05291547-c22d-430e-95c2-e31bda19a90a,슈퍼타이 본점,세탁,월드시티상가 골목형상점가,골목형상점가,울산광역시,1.0,0.0,,,P2_GRADED_ONLY,True,,,,,
bab0e2e1d75927547632,test,침구,T4 구어·문장,q_침구_07,이불 파는 곳,생활·마트 중 '침구'를 판매·제공하는 매장,d5dec2e1-d810-45ff-b076-ec29c23d4c68,예담이불,이불,부평종합시장,전통시장,인천광역시,3.0,3.0,,,RESOLVED_AGREEMENT,False,3,,,,
99fd5eba1ab0fe231bbc,test,침구,T4 구어·문장,q_침구_07,이불 파는 곳,생활·마트 중 '침구'를 판매·제공하는 매장,012f526e-9f74-4b7a-86ab-887e82649cba,나주커튼,커튼,나주목사고을시장,전통시장,,3.0,2.0,,,P2_GRADED_ONLY,True,,,,,
332eb601f969884070cf,test,침구,T4 구어·문장,q_침구_07,이불 파는 곳,생활·마트 중 '침구'를 판매·제공하는 매장,02187a22-27d8-4fad-a650-42495bec004f,부흥상회,이불,용현시장,전통시장,인천광역시,3.0,3.0,,,RESOLVED_AGREEMENT,False,3,,,,
90d136bd728b84c5385a,test,침구,T4 구어·문장,q_침구_07,이불 파는 곳,생활·마트 중 '침구'를 판매·제공하는 매장,dfc5c005-040b-495b-9966-505a560f2474,대왕이불,이불,망원동월드컵시장,전통시장,서울특별시,3.0,3.0,,,RESOLVED_AGREEMENT,False,3,,,,
316601f2d3ce239a71da,test,침구,T4 구어·문장,q_침구_07,이불 파는 곳,생활·마트 중 '침구'를 판매·제공하는 매장,044ac1ec-b7b4-4c67-85fb-2281e7c6998b,한신이불,이불,오산오색시장(구 오산중앙시장),전통시장,경기도,3.0,3.0,,,RESOLVED_AGREEMENT,False,3,,,,
4c00aa6b5d016c1b8491,test,침구,T4 구어·문장,q_침구_07,이불 파는 곳,생활·마트 중 '침구'를 판매·제공하는 매장,a21dafbc-1d1c-4a1f-b5e4-ac57b3a5623b,대명이불,이불,창원 상남시장,전통시장,경상남도,3.0,3.0,,,RESOLVED_AGREEMENT,False,3,,,,
7e982ad9f1e15e0d402d,test,침구,T4 구어·문장,q_침구_07,이불 파는 곳,생활·마트 중 '침구'를 판매·제공하는 매장,01fa75f4-4cdb-4d62-931a-2b130cdef613,에띠앙이불집,이불,익산장(구 북부장),전통시장,전북특별자치도,3.0,3.0,,,RESOLVED_AGREEMENT,False,3,,,,
72c7897845291d91b009,test,침구,T4 구어·문장,q_침구_07,이불 파는 곳,생활·마트 중 '침구'를 판매·제공하는 매장,061d6315-27ef-48e0-9b2c-498520c82a02,행복이불,이불,진주 논개시장,전통시장,경상남도,3.0,3.0,,,RESOLVED_AGREEMENT,False,3,,,,
1b61c1a0af69a080338a,test,침구,T4 구어·문장,q_침구_07,이불 파는 곳,생활·마트 중 '침구'를 판매·제공하는 매장,6fa9647d-cef1-4bed-b758-2cd57995d9fb,정우이불,이불,밀양 수산시장,전통시장,경상남도,3.0,3.0,,,RESOLVED_AGREEMENT,False,3,,,,
9d79ac2526ae2a64edd5,test,침구,T4 구어·문장,q_침구_07,이불 파는 곳,생활·마트 중 '침구'를 판매·제공하는 매장,8fff3693-4952-4b80-b5df-57210e277e84,이쁜이이불,이불,고성시장,전통시장,경상남도,3.0,3.0,,,RESOLVED_AGREEMENT,False,3,,,,
bdca7e24d59700a2da38,test,침구,T4 구어·문장,q_침구_07,이불 파는 곳,생활·마트 중 '침구'를 판매·제공하는 매장,36605745-783b-45bf-80cf-aa23e5ef2d1f,해전이불,이불,양산 덕계종합상설시장,전통시장,경상남도,3.0,3.0,,,RESOLVED_AGREEMENT,False,3,,,,
f66f550c8a5a9e2f1e1c,test,침구,T4 구어·문장,q_침구_07,이불 파는 곳,생활·마트 중 '침구'를 판매·제공하는 매장,b8bdfd9b-afb6-4f45-9b95-3f3d667b0b21,세나이불,이불,군산공설시장,전통시장,전북특별자치도,3.0,3.0,,,RESOLVED_AGREEMENT,False,3,,,,
43740831d43a837ef78d,test,침구,T4 구어·문장,q_침구_07,이불 파는 곳,생활·마트 중 '침구'를 판매·제공하는 매장,e0b9f20b-82aa-4363-8068-8de16939357d,피자헛양산물금점,피자,양산 나래메트로시티 골목형상점가,골목형상점가,경상남도,0.0,0.0,,,RESOLVED_AGREEMENT,False,0,,,,
043018909b7f2ec15f54,test,침구,T4 구어·문장,q_침구_07,이불 파는 곳,생활·마트 중 '침구'를 판매·제공하는 매장,c98f57fe-8439-43f4-aa7e-138f23488155,성환이불,이불,성환1번가 골목형상점가,골목형상점가,충청남도,3.0,3.0,,,RESOLVED_AGREEMENT,False,3,,,,
b1fe2375adca32629fca,test,침구,T4 구어·문장,q_침구_07,이불 파는 곳,생활·마트 중 '침구'를 판매·제공하는 매장,168d1455-a622-43ef-8b61-227659cd30c4,용두동할매쭈꾸미,쭈꾸미 볶음 낙지 볶음,첨단아미 골목형상점가,골목형상점가,광주광역시,0.0,0.0,,,RESOLVED_AGREEMENT,False,0,,,,
d6718ac14a8b501ddfe1,test,침구,T4 구어·문장,q_침구_07,이불 파는 곳,생활·마트 중 '침구'를 판매·제공하는 매장,caad0c58-6b5c-4131-8437-ad337f7d2d32,옥천이불,이불,신중앙시장,전통시장,대전광역시,3.0,3.0,,,RESOLVED_AGREEMENT,False,3,,,,
e6fd7d7a9a59270ce83e,test,침구,T4 구어·문장,q_침구_07,이불 파는 곳,생활·마트 중 '침구'를 판매·제공하는 매장,01de114b-b852-4451-bf02-e87d19da999b,유메이트,소매업(이불),안양중앙인정시장,전통시장,경기도,3.0,3.0,,,RESOLVED_AGREEMENT,False,3,,,,
db0edde8ede8a883a107,test,침구,T4 구어·문장,q_침구_07,이불 파는 곳,생활·마트 중 '침구'를 판매·제공하는 매장,f8050b0a-0f61-4d0b-aa77-415d8da4200c,백양이불,이불,설악눈메골시장,전통시장,경기도,3.0,3.0,,,RESOLVED_AGREEMENT,False,3,,,,
cd2104b83ce599325c42,test,침구,T4 구어·문장,q_침구_07,이불 파는 곳,생활·마트 중 '침구'를 판매·제공하는 매장,23d8d4d3-7ecb-48c9-aeec-db9c56a80561,오남매엄마의반찬,반찬,일신시장(舊 부일종합시장),전통시장,인천광역시,0.0,0.0,,,RESOLVED_AGREEMENT,False,0,,,,
d8f8418b032d11de7984,test,침구,T4 구어·문장,q_침구_07,이불 파는 곳,생활·마트 중 '침구'를 판매·제공하는 매장,310c9424-eac7-476a-9a67-c7c75fd071a1,이불,,부산진시장,전통시장,부산광역시,3.0,3.0,,,RESOLVED_AGREEMENT,False,3,,,,
072fb0f3fa0b0b899ef3,test,침구,T4 구어·문장,q_침구_07,이불 파는 곳,생활·마트 중 '침구'를 판매·제공하는 매장,b61fa63c-5271-4295-91f5-78ba546dda90,형제랑이불,이불,양동복개상가,전통시장,광주광역시,3.0,3.0,,,RESOLVED_AGREEMENT,False,3,,,,
d57605857354e0894f30,test,침구,T4 구어·문장,q_침구_07,이불 파는 곳,생활·마트 중 '침구'를 판매·제공하는 매장,fa8608ae-7155-4e49-a3e4-6d7cfb04c48f,영풍이불,이불,중앙메가프라자,전통시장,대전광역시,3.0,3.0,,,RESOLVED_AGREEMENT,False,3,,,,
3bd9438f7e3728da8d59,test,침구,T4 구어·문장,q_침구_07,이불 파는 곳,생활·마트 중 '침구'를 판매·제공하는 매장,fd1f2de0-f47e-4df2-8e23-8a97ba99e17d,핑크이불,이불,구미새마을중앙시장,전통시장,경상북도,3.0,3.0,,,RESOLVED_AGREEMENT,False,3,,,,
508c5b7254f11b8b8e09,test,침구,T4 구어·문장,q_침구_07,이불 파는 곳,생활·마트 중 '침구'를 판매·제공하는 매장,173c4f05-ba1c-4cc8-9bce-c32997c05bce,영도이불,이불,군산공설시장,전통시장,전북특별자치도,3.0,3.0,,,RESOLVED_AGREEMENT,False,3,,,,
da3e2f9524e4d45bff32,test,침구,T4 구어·문장,q_침구_07,이불 파는 곳,생활·마트 중 '침구'를 판매·제공하는 매장,7470b831-3dd2-4b0e-9de5-53da2296c5a6,삼우이불,이불,동부시장,전통시장,인천광역시,3.0,3.0,,,RESOLVED_AGREEMENT,False,3,,,,
6676b9a1f1b34c8067b9,test,침구,T4 구어·문장,q_침구_07,이불 파는 곳,생활·마트 중 '침구'를 판매·제공하는 매장,dd1df50e-113f-405b-b154-b16c9745e57d,대신이불,이불,큰장로네거리 골목형상점가,골목형상점가,대구광역시,3.0,3.0,,,RESOLVED_AGREEMENT,False,3,,,,
33d63280d804c50ec871,test,침구,T4 구어·문장,q_침구_07,이불 파는 곳,생활·마트 중 '침구'를 판매·제공하는 매장,5c040c58-27f4-480c-9dce-9b4d9822455a,천사이불,이불,남부종합시장,전통시장,인천광역시,3.0,3.0,,,RESOLVED_AGREEMENT,False,3,,,,
a74b71262c3e2ac552e7,test,침구,T4 구어·문장,q_침구_07,이불 파는 곳,생활·마트 중 '침구'를 판매·제공하는 매장,0056f4f0-208d-4d7c-996c-9e6526fea6cf,한일침구,침구,목포원도심상점가,자율상권구역,전라남도,3.0,3.0,,,RESOLVED_AGREEMENT,False,3,,,,
4c9e0fab85b85cdc4851,test,침구,T4 구어·문장,q_침구_07,이불 파는 곳,생활·마트 중 '침구'를 판매·제공하는 매장,cbaa5934-030b-4251-ab20-e97a375bab5a,도환사,이불,수유시장,전통시장,서울특별시,3.0,3.0,,,RESOLVED_AGREEMENT,False,3,,,,
b794ddd09b80287f4211,test,침구,T4 구어·문장,q_침구_07,이불 파는 곳,생활·마트 중 '침구'를 판매·제공하는 매장,020246a6-0250-41f7-93e8-4b7cbdd9f5e2,덕광상회,이불,금산금빛시장(금산시장),전통시장,충청남도,3.0,3.0,,,RESOLVED_AGREEMENT,False,3,,,,
e995172cb4f7622401f7,test,침구,T4 구어·문장,q_침구_07,이불 파는 곳,생활·마트 중 '침구'를 판매·제공하는 매장,92f79976-66b2-4da9-96df-d969c3648347,진천약국,약국,진천중앙시장,전통시장,충청북도,0.0,0.0,,,RESOLVED_AGREEMENT,False,0,,,,
a5e71fb9015576cd66ed,test,침구,T4 구어·문장,q_침구_07,이불 파는 곳,생활·마트 중 '침구'를 판매·제공하는 매장,d5896cb3-59f2-4a0f-90cf-dffc4836d261,신양이불,이불,서문시장 제1지구2층(포목시장),전통시장,대구광역시,3.0,3.0,,,RESOLVED_AGREEMENT,False,3,,,,
94c483f4bab8fb6b4ab1,test,침구,T4 구어·문장,q_침구_07,이불 파는 곳,생활·마트 중 '침구'를 판매·제공하는 매장,ae553b19-db0f-4366-bd17-950926b3bb51,한국이불,이불,부천자유시장,전통시장,경기도,3.0,3.0,,,RESOLVED_AGREEMENT,False,3,,,,
7990663655a968633a5c,test,침구,T4 구어·문장,q_침구_07,이불 파는 곳,생활·마트 중 '침구'를 판매·제공하는 매장,aa590fe8-fc68-4e09-9012-10fd2bd3dae1,다니엘 이불,이불,"온양온천시장(온양재래시장, 전통시장)",전통시장,충청남도,3.0,3.0,,,RESOLVED_AGREEMENT,False,3,,,,
07745450acd46bb2f72f,test,침구,T4 구어·문장,q_침구_07,이불 파는 곳,생활·마트 중 '침구'를 판매·제공하는 매장,b9a867f3-fc78-4f44-b8f5-4edd86b9ad44,차산이불,이불,남해전통시장,전통시장,경상남도,3.0,3.0,,,RESOLVED_AGREEMENT,False,3,,,,
08073dd948aa783beaa3,test,침구,T4 구어·문장,q_침구_07,이불 파는 곳,생활·마트 중 '침구'를 판매·제공하는 매장,8c86a5ac-7f57-4726-9c0a-3493d712dbcb,세연이불,이불,서문시장 제1지구1층(직물시장),전통시장,대구광역시,3.0,3.0,,,RESOLVED_AGREEMENT,False,3,,,,
7bff9428922d21e24e39,test,침구,T4 구어·문장,q_침구_07,이불 파는 곳,생활·마트 중 '침구'를 판매·제공하는 매장,26130dc8-f89b-478d-9c25-35fa1ffd444f,가나이불,이불,군산공설시장,전통시장,전북특별자치도,3.0,3.0,,,RESOLVED_AGREEMENT,False,3,,,,
98bf40cc41c137b58648,test,침구,T4 구어·문장,q_침구_07,이불 파는 곳,생활·마트 중 '침구'를 판매·제공하는 매장,6645fadd-8271-4a2c-899f-a78cee73b407,이불집,이불,부천신흥시장,전통시장,경기도,3.0,3.0,,,RESOLVED_AGREEMENT,False,3,,,,
2ac3e8ed65be50ad6f14,test,침구,T4 구어·문장,q_침구_07,이불 파는 곳,생활·마트 중 '침구'를 판매·제공하는 매장,d7ce90dc-7ade-4878-9ca6-c646280b7d3e,진주이불,이불,부산진시장,전통시장,부산광역시,3.0,3.0,,,RESOLVED_AGREEMENT,False,3,,,,
bf4bfed1f701b8f4976a,test,침구,T4 구어·문장,q_침구_07,이불 파는 곳,생활·마트 중 '침구'를 판매·제공하는 매장,b658c695-42d6-4166-9fd6-69b2acc3abe1,홍옥이불,이불,의정부제일시장,전통시장,경기도,3.0,3.0,,,RESOLVED_AGREEMENT,False,3,,,,
ece81cfdad658847e11e,test,침구,T4 구어·문장,q_침구_07,이불 파는 곳,생활·마트 중 '침구'를 판매·제공하는 매장,0829fe47-f308-40f0-a247-23107e05e184,대원이불,이불,사가정시장,전통시장,서울특별시,3.0,3.0,,,RESOLVED_AGREEMENT,False,3,,,,
368b460f55cc2b37b7b8,test,침구,T4 구어·문장,q_침구_07,이불 파는 곳,생활·마트 중 '침구'를 판매·제공하는 매장,9af5feb3-3a79-4bb7-8d7b-04f8755bb236,엄마이불,이불,양동복개상가,전통시장,광주광역시,3.0,3.0,,,RESOLVED_AGREEMENT,False,3,,,,
6e30a0393d16f606af91,test,침구,T4 구어·문장,q_침구_07,이불 파는 곳,생활·마트 중 '침구'를 판매·제공하는 매장,033fc658-a256-42a6-8ebf-24763bc43ba1,신광컴퓨터세탁소,세탁소,대야 골목형상점가,골목형상점가,전북특별자치도,1.0,0.0,,,P2_GRADED_ONLY,True,,,,,
e13ee055e9a7cf80a8e0,test,침구,T4 구어·문장,q_침구_07,이불 파는 곳,생활·마트 중 '침구'를 판매·제공하는 매장,7f90557e-39c6-4c4d-9b49-0230ceee5131,금촌이불,이불,금촌전통시장,전통시장,경기도,3.0,3.0,,,RESOLVED_AGREEMENT,False,3,,,,
d9c82eccc9b9f8b83c7a,test,침구,T4 구어·문장,q_침구_07,이불 파는 곳,생활·마트 중 '침구'를 판매·제공하는 매장,a76c00e7-e644-4b7c-9685-2038e1054739,예담이불,이불,문창시장,전통시장,대전광역시,3.0,3.0,,,RESOLVED_AGREEMENT,False,3,,,,
5cdc875247ec017e9709,test,침구,T4 구어·문장,q_침구_07,이불 파는 곳,생활·마트 중 '침구'를 판매·제공하는 매장,abe05e0d-2af7-467d-8085-ee3745da7de2,백송이불,이불,신정상가시장,전통시장,울산광역시,3.0,3.0,,,RESOLVED_AGREEMENT,False,3,,,,
9e24aa7c866920c4f031,test,침구,T4 구어·문장,q_침구_07,이불 파는 곳,생활·마트 중 '침구'를 판매·제공하는 매장,6caf3a73-dfab-44da-8552-68e994fcf095,영주이불,이불,감전시장,전통시장,부산광역시,3.0,3.0,,,RESOLVED_AGREEMENT,False,3,,,,
0295ee0c0327efe58648,test,침구,T4 구어·문장,q_침구_07,이불 파는 곳,생활·마트 중 '침구'를 판매·제공하는 매장,ce1abaa3-05b2-4fab-a879-68d1444809c3,세진이불,이불,약목시장,기타,경상북도,3.0,3.0,,,RESOLVED_AGREEMENT,False,3,,,,
c990d3ea24dcb901a56a,test,침구,T4 구어·문장,q_침구_07,이불 파는 곳,생활·마트 중 '침구'를 판매·제공하는 매장,020bee4a-baa0-4c84-a1d2-1ffe5e745eb7,유영주단,"이불, 한복",대가야 자율상권구역,,경상북도,3.0,3.0,,,RESOLVED_AGREEMENT,False,3,,,,
7c09a4f6a6df9f16a66d,test,침구,T4 구어·문장,q_침구_07,이불 파는 곳,생활·마트 중 '침구'를 판매·제공하는 매장,00c164d0-76c7-4e7a-9676-ecfdbb052077,크린토피아신창점,세탁,신창수문 골목형상점가,골목형상점가,광주광역시,1.0,0.0,,,P2_GRADED_ONLY,True,,,,,
1c9a0d4d81778988504f,test,침구,T4 구어·문장,q_침구_07,이불 파는 곳,생활·마트 중 '침구'를 판매·제공하는 매장,414ae9d9-178e-4e71-bc5a-20d46c8e8abc,은혜이불,이불,문창시장,전통시장,대전광역시,3.0,3.0,,,RESOLVED_AGREEMENT,False,3,,,,
bf8a6c11ac474fae3098,test,침구,T4 구어·문장,q_침구_08,침구 사는 데,생활·마트 중 '침구'를 판매·제공하는 매장,3a29a3a7-18fd-4666-99b1-68f7caee7849,새별침구,침구,서문공설시장,전통시장,제주특별자치도,3.0,3.0,,,RESOLVED_AGREEMENT,False,3,,,,
f573c6a43a387157ec1c,test,침구,T4 구어·문장,q_침구_08,침구 사는 데,생활·마트 중 '침구'를 판매·제공하는 매장,62c8db12-0955-4f9b-b6a2-45fd42271e29,침구백화점,침구,괴산시장,전통시장,충청북도,3.0,3.0,,,RESOLVED_AGREEMENT,False,3,,,,
57226c0adfbfd41c8a43,test,침구,T4 구어·문장,q_침구_08,침구 사는 데,생활·마트 중 '침구'를 판매·제공하는 매장,9c344717-bc28-4456-b48a-dd4e5d869df4,니블,침구,북촌계동길골목형상점가,골목형상점가,서울특별시,3.0,3.0,,,RESOLVED_AGREEMENT,False,3,,,,
fb7c596ef23a5206141f,test,침구,T4 구어·문장,q_침구_08,침구 사는 데,생활·마트 중 '침구'를 판매·제공하는 매장,01022b54-7fac-43ff-8e1e-8e0c95d34ac6,아이편한♥소리잠매트,침구 등,성남프라자,전통시장,울산광역시,3.0,3.0,,,RESOLVED_AGREEMENT,False,3,,,,
d49332fd70ba42d0ce2b,test,침구,T4 구어·문장,q_침구_08,침구 사는 데,생활·마트 중 '침구'를 판매·제공하는 매장,44162f88-abcf-4437-8a89-7e0405060a40,제일침구,침구,양동복개상가,전통시장,,3.0,3.0,,,RESOLVED_AGREEMENT,False,3,,,,
d2ad06e70500370fede2,test,침구,T4 구어·문장,q_침구_08,침구 사는 데,생활·마트 중 '침구'를 판매·제공하는 매장,a6f687e3-6ebc-4a7a-9ff9-58c575088ad5,대동침구,침구,수원영동시장,전통시장,경기도,3.0,3.0,,,RESOLVED_AGREEMENT,False,3,,,,
f5760b0de7f7c6b30285,test,침구,T4 구어·문장,q_침구_08,침구 사는 데,생활·마트 중 '침구'를 판매·제공하는 매장,0a68216a-c89b-4cd5-8e83-9470ebc0f877,경남침구,침구,원동중앙로골목형상점가,골목형상점가,대전광역시,3.0,3.0,,,RESOLVED_AGREEMENT,False,3,,,,
86c9c0bef39bd1b17537,test,침구,T4 구어·문장,q_침구_08,침구 사는 데,생활·마트 중 '침구'를 판매·제공하는 매장,462894d4-10a0-4c8a-bb86-86f38691edda,미광침구,침구,남대문시장,전통시장,서울특별시,3.0,3.0,,,RESOLVED_AGREEMENT,False,3,,,,
ea6a99fd1a63fe25c6f0,test,침구,T4 구어·문장,q_침구_08,침구 사는 데,생활·마트 중 '침구'를 판매·제공하는 매장,91ae9a94-5cf2-40fe-ad52-edf66528097f,동신침구,침구,양동복개상가,전통시장,광주광역시,3.0,3.0,,,RESOLVED_AGREEMENT,False,3,,,,
44747febf4e81e686819,test,침구,T4 구어·문장,q_침구_08,침구 사는 데,생활·마트 중 '침구'를 판매·제공하는 매장,015d152e-ed78-4d55-a7c5-5c8fce6debf7,후평종합이불,"침구류, 수건",후평일단지시장,전통시장,강원특별자치도,3.0,3.0,,,RESOLVED_AGREEMENT,False,3,,,,
2149ca47fcb5ab848c7c,test,침구,T4 구어·문장,q_침구_08,침구 사는 데,생활·마트 중 '침구'를 판매·제공하는 매장,6b978c94-cdc0-4212-8524-571079962642,영풍침구,침구,진주 중앙시장,전통시장,경상남도,3.0,3.0,,,RESOLVED_AGREEMENT,False,3,,,,
358d76d0b83dfcf20b74,test,침구,T4 구어·문장,q_침구_08,침구 사는 데,생활·마트 중 '침구'를 판매·제공하는 매장,6c0eacee-745a-4ff0-8dfa-5c464854e301,행복황토침구,침구,양동복개상가,전통시장,,3.0,3.0,,,RESOLVED_AGREEMENT,False,3,,,,
6a3c075bd56efe2da311,test,침구,T4 구어·문장,q_침구_08,침구 사는 데,생활·마트 중 '침구'를 판매·제공하는 매장,00083664-fb4e-4e3b-bb0a-d9a0a1e8f87f,롯데세탁소,,와룡로 골목형상점가,골목형상점가,전북특별자치도,1.0,0.0,,,P2_GRADED_ONLY,True,,,,,
4187dab56fb1606575e7,test,침구,T4 구어·문장,q_침구_08,침구 사는 데,생활·마트 중 '침구'를 판매·제공하는 매장,34eb58c4-7805-4adb-a68b-07bf9bdcad60,구로침구,침구,남구로시장,전통시장,서울특별시,3.0,3.0,,,RESOLVED_AGREEMENT,False,3,,,,
80299c8be6e1703cd30f,test,침구,T4 구어·문장,q_침구_08,침구 사는 데,생활·마트 중 '침구'를 판매·제공하는 매장,1625bebf-ab8d-4cd4-9e9c-c01076ce31f2,민지양품,잡화,부천자유시장,전통시장,경기도,1.0,1.0,,,RESOLVED_AGREEMENT,False,1,,,,
a517e9a63bc8347c474f,test,침구,T4 구어·문장,q_침구_08,침구 사는 데,생활·마트 중 '침구'를 판매·제공하는 매장,03c8c5a6-0d2c-40d6-befb-bbe4a1badfc6,현대침구,침구,포항죽도농산물시장,전통시장,경상북도,3.0,3.0,,,RESOLVED_AGREEMENT,False,3,,,,
6ec4bcb6d67db9c32a6a,test,침구,T4 구어·문장,q_침구_08,침구 사는 데,생활·마트 중 '침구'를 판매·제공하는 매장,0214317c-c9f8-4af4-8b93-7d7d52ee1acb,창과방,커튼,남대문시장,전통시장,서울특별시,3.0,2.0,,,P2_GRADED_ONLY,True,,,,,
a30a61baf9e60a49df9c,test,침구,T4 구어·문장,q_침구_08,침구 사는 데,생활·마트 중 '침구'를 판매·제공하는 매장,71ec07b7-d502-4967-b472-d081c1259bb9,원앙침구,침구,영신상가,전통시장,서울특별시,3.0,3.0,,,RESOLVED_AGREEMENT,False,3,,,,
dd9cf8170f76c5b1d708,test,침구,T4 구어·문장,q_침구_08,침구 사는 데,생활·마트 중 '침구'를 판매·제공하는 매장,020bee4a-baa0-4c84-a1d2-1ffe5e745eb7,유영주단,"이불, 한복",대가야 자율상권구역,,경상북도,3.0,3.0,,,RESOLVED_AGREEMENT,False,3,,,,
6f21ee4adb84c13b23f9,test,침구,T4 구어·문장,q_침구_08,침구 사는 데,생활·마트 중 '침구'를 판매·제공하는 매장,f325fccf-2f65-4000-86f1-21516b583aad,우리수산(41호),생선,인천종합어시장,전통시장,인천광역시,0.0,0.0,,,RESOLVED_AGREEMENT,False,0,,,,
c9260e467741fc00899a,test,침구,T4 구어·문장,q_침구_08,침구 사는 데,생활·마트 중 '침구'를 판매·제공하는 매장,05b65353-0840-4470-97da-e5b1b4c99338,광성침구,침구,광장시장,전통시장,서울특별시,3.0,3.0,,,RESOLVED_AGREEMENT,False,3,,,,
15cd7216dda7afdf34de,test,침구,T4 구어·문장,q_침구_08,침구 사는 데,생활·마트 중 '침구'를 판매·제공하는 매장,6a3fee36-545a-4da8-a71d-fb2995040803,침구나라,침구,영등포제일상가,자율상권구역,서울특별시,3.0,3.0,,,RESOLVED_AGREEMENT,False,3,,,,
fae1849b8035c844954b,test,침구,T4 구어·문장,q_침구_08,침구 사는 데,생활·마트 중 '침구'를 판매·제공하는 매장,0056f4f0-208d-4d7c-996c-9e6526fea6cf,한일침구,침구,목포원도심상점가,자율상권구역,전라남도,3.0,3.0,,,RESOLVED_AGREEMENT,False,3,,,,
067baa733e7052211b3e,test,침구,T4 구어·문장,q_침구_08,침구 사는 데,생활·마트 중 '침구'를 판매·제공하는 매장,33931977-6b22-40ab-aed4-1efaa95106ca,노경상회,침구,부산진시장,전통시장,부산광역시,3.0,3.0,,,RESOLVED_AGREEMENT,False,3,,,,
a1e6c23f29b99fac6503,test,침구,T4 구어·문장,q_침구_08,침구 사는 데,생활·마트 중 '침구'를 판매·제공하는 매장,67f5d98e-ef04-40f6-b715-a5a3312d1686,장미침구,침구,까치산시장,전통시장,서울특별시,3.0,3.0,,,RESOLVED_AGREEMENT,False,3,,,,
6e2e10c9d8f6c0a6791a,test,침구,T4 구어·문장,q_침구_08,침구 사는 데,생활·마트 중 '침구'를 판매·제공하는 매장,be9e14ff-432a-46a0-b756-cc9e85240f00,부영침구,침구,장성읍 골목형상점가,골목형상점가,전라남도,3.0,3.0,,,RESOLVED_AGREEMENT,False,3,,,,
9203efc4a1563d5bddd4,test,침구,T4 구어·문장,q_침구_08,침구 사는 데,생활·마트 중 '침구'를 판매·제공하는 매장,b574317c-4a13-4a6c-9927-7cd3fb6e22ee,두레침구,침구,"온양온천시장(온양재래시장, 전통시장)",전통시장,충청남도,3.0,3.0,,,RESOLVED_AGREEMENT,False,3,,,,
9cf0cdcb975b4fbd7fb6,test,침구,T4 구어·문장,q_침구_08,침구 사는 데,생활·마트 중 '침구'를 판매·제공하는 매장,355f9a17-48ff-42c0-b20a-e8a2165a422f,이불자리,침구,수정전통시장,전통시장,부산광역시,3.0,3.0,,,RESOLVED_AGREEMENT,False,3,,,,
5e704c734310ce5128ff,test,침구,T4 구어·문장,q_침구_08,침구 사는 데,생활·마트 중 '침구'를 판매·제공하는 매장,00c164d0-76c7-4e7a-9676-ecfdbb052077,크린토피아신창점,세탁,신창수문 골목형상점가,골목형상점가,광주광역시,1.0,0.0,,,P2_GRADED_ONLY,True,,,,,
8ab6f086e3cba7f24bd0,test,침구,T4 구어·문장,q_침구_08,침구 사는 데,생활·마트 중 '침구'를 판매·제공하는 매장,2cd86109-34ae-4f1a-91b2-9cb2040e90ca,유림침구,침구,의령전통시장,전통시장,경상남도,3.0,3.0,,,RESOLVED_AGREEMENT,False,3,,,,
cdb316b40ea285d0cda3,test,침구,T4 구어·문장,q_침구_08,침구 사는 데,생활·마트 중 '침구'를 판매·제공하는 매장,6c66511a-7a4f-449a-9159-f134f165e432,동광침구,침구,중앙메가프라자,전통시장,대전광역시,3.0,3.0,,,RESOLVED_AGREEMENT,False,3,,,,
d44806f11920a94a4435,test,침구,T4 구어·문장,q_침구_08,침구 사는 데,생활·마트 중 '침구'를 판매·제공하는 매장,00831337-1223-4dcf-9c42-67ca874b1ef6,무지개,침구류,부산진시장,전통시장,부산광역시,3.0,3.0,,,RESOLVED_AGREEMENT,False,3,,,,
d8a1ec3f99e84f70769a,test,침구,T4 구어·문장,q_침구_08,침구 사는 데,생활·마트 중 '침구'를 판매·제공하는 매장,9d4838d3-4e8f-4458-aa28-eaeea91189d4,엘르침구,침구,모아패션아울렛 골목형상점가,골목형상점가,경기도,3.0,3.0,,,RESOLVED_AGREEMENT,False,3,,,,
da0e75123e125b1aab86,test,침구,T4 구어·문장,q_침구_08,침구 사는 데,생활·마트 중 '침구'를 판매·제공하는 매장,714aba11-7655-4593-8c81-c9e1c63c1f1c,하삼동커피울산달천점,커피,달천상가 골목형상점가,골목형상점가,울산광역시,0.0,0.0,,,RESOLVED_AGREEMENT,False,0,,,,
d49703565ac9a2a57ac9,test,침구,T4 구어·문장,q_침구_08,침구 사는 데,생활·마트 중 '침구'를 판매·제공하는 매장,61057e75-4b2e-460d-8dcd-edc88e1a48c6,앤웜,침구,지중해마을 골목형상점가,골목형상점가,충청남도,3.0,3.0,,,RESOLVED_AGREEMENT,False,3,,,,
bef37f1a2a4aec5c6524,test,침구,T4 구어·문장,q_침구_08,침구 사는 데,생활·마트 중 '침구'를 판매·제공하는 매장,19b2bf20-9d77-4fe7-a977-98fee8494e37,경주침구,침구,부산진시장,전통시장,부산광역시,3.0,3.0,,,RESOLVED_AGREEMENT,False,3,,,,
bbf33da03b147772b9ea,test,침구,T4 구어·문장,q_침구_08,침구 사는 데,생활·마트 중 '침구'를 판매·제공하는 매장,57aad33c-d6bf-4649-9410-afb56e3bb0e3,인드림,침구,영선신시장,전통시장,대구광역시,3.0,3.0,,,RESOLVED_AGREEMENT,False,3,,,,
b44a82a6d85834465ae8,test,침구,T4 구어·문장,q_침구_08,침구 사는 데,생활·마트 중 '침구'를 판매·제공하는 매장,458e866c-5f8f-43b7-a1dd-e80f296ed417,드림침구,침구,평택통복시장,전통시장,경기도,3.0,3.0,,,RESOLVED_AGREEMENT,False,3,,,,
c1777e14d1e0767331b3,test,침구,T4 구어·문장,q_침구_08,침구 사는 데,생활·마트 중 '침구'를 판매·제공하는 매장,009cda97-be64-4deb-8311-f6e42d4eca25,갤러리커튼,커튼블라인드침구,홀릭스,골목형상점가,광주광역시,3.0,3.0,,,RESOLVED_AGREEMENT,False,3,,,,
08f8605b9ea19f8108e0,test,침구,T4 구어·문장,q_침구_08,침구 사는 데,생활·마트 중 '침구'를 판매·제공하는 매장,ebe3814c-c8c1-46fd-90ae-e10e3d8e6d07,금산주단,"한복대여 및 수선, 악세사리",자유도매시장,전통시장,대전광역시,1.0,2.0,,,P1_BINARY_THRESHOLD,True,,,,,
4dd109ed85c4a6a491c2,test,침구,T4 구어·문장,q_침구_08,침구 사는 데,생활·마트 중 '침구'를 판매·제공하는 매장,cfd3eae3-4daf-4222-86c6-f9fd95f14e3a,현대침구,침구,광장시장,전통시장,서울특별시,3.0,3.0,,,RESOLVED_AGREEMENT,False,3,,,,
7735a6ad99dab2eab168,test,침구,T4 구어·문장,q_침구_08,침구 사는 데,생활·마트 중 '침구'를 판매·제공하는 매장,01fa75f4-4cdb-4d62-931a-2b130cdef613,에띠앙이불집,이불,익산장(구 북부장),전통시장,전북특별자치도,3.0,3.0,,,RESOLVED_AGREEMENT,False,3,,,,
4a8518bfba13941dc97a,test,침구,T4 구어·문장,q_침구_08,침구 사는 데,생활·마트 중 '침구'를 판매·제공하는 매장,dfcbb32c-6389-40a7-9b5c-a588cb75a526,컬럼비아 봉담점,의류,봉담 트레보아울렛 상점가,골목형상점가,경기도,1.0,0.0,,,P2_GRADED_ONLY,True,,,,,
cad1061a8f4682c91159,test,침구,T4 구어·문장,q_침구_08,침구 사는 데,생활·마트 중 '침구'를 판매·제공하는 매장,bf23ae6d-3be2-48a8-abb5-c87f013dde73,현대매트,침구,영주소백쇼핑몰,전통시장,경상북도,3.0,3.0,,,RESOLVED_AGREEMENT,False,3,,,,
402b71a690ce81579ac4,test,침구,T4 구어·문장,q_침구_08,침구 사는 데,생활·마트 중 '침구'를 판매·제공하는 매장,6e0278b6-3f40-4293-bf54-6d1f47394982,주원,침구,광장시장,전통시장,서울특별시,3.0,3.0,,,RESOLVED_AGREEMENT,False,3,,,,
c55ff15794c965d5df5e,test,침구,T4 구어·문장,q_침구_08,침구 사는 데,생활·마트 중 '침구'를 판매·제공하는 매장,6e524b62-7a38-4ee8-8c16-3d6e19d6c0a1,베틀즈,침구,부산진시장,전통시장,부산광역시,3.0,3.0,,,RESOLVED_AGREEMENT,False,3,,,,
c3e3f4c0720413c1bcaa,test,침구,T4 구어·문장,q_침구_08,침구 사는 데,생활·마트 중 '침구'를 판매·제공하는 매장,c3cb5733-571e-44d0-b783-3c6625f1ca61,대왕침구,침구,신도봉시장,전통시장,서울특별시,3.0,3.0,,,RESOLVED_AGREEMENT,False,3,,,,
af1c408da9d7dd7a1078,test,침구,T4 구어·문장,q_침구_08,침구 사는 데,생활·마트 중 '침구'를 판매·제공하는 매장,0f822c7a-7ae1-4224-90af-bc8c5014c8be,이영희침구,침구,섬유제품관,전통시장,대구광역시,3.0,3.0,,,RESOLVED_AGREEMENT,False,3,,,,
0f79bc2e66a886b9fa6f,test,침구,T4 구어·문장,q_침구_08,침구 사는 데,생활·마트 중 '침구'를 판매·제공하는 매장,0168e10e-c168-404c-83b2-0d1fd89d65e6,루디아,혼수 커튼,양동복개상가,전통시장,,3.0,2.0,,,P2_GRADED_ONLY,True,,,,,
918ceb08ae400925536a,test,침구,T4 구어·문장,q_침구_08,침구 사는 데,생활·마트 중 '침구'를 판매·제공하는 매장,2d82305e-aea2-4733-8e91-9cfe0f07b6d0,샤론침구,침구,중흥행복마을 골목형상점가,골목형상점가,광주광역시,3.0,3.0,,,RESOLVED_AGREEMENT,False,3,,,,
51a9dfe900ab9a33af15,test,침구,T4 구어·문장,q_침구_08,침구 사는 데,생활·마트 중 '침구'를 판매·제공하는 매장,5199b659-3eb8-4e20-974a-7d3cd73135d3,예강 침구,침구류,동원전통종합시장,전통시장,서울특별시,3.0,3.0,,,RESOLVED_AGREEMENT,False,3,,,,
f289453573a69e226250,test,침구,T4 구어·문장,q_침구_08,침구 사는 데,생활·마트 중 '침구'를 판매·제공하는 매장,73ce10a8-2ba5-4e4f-b7bf-082ee0e5fee4,한일침구,침구,부산국제시장,전통시장,부산광역시,3.0,3.0,,,RESOLVED_AGREEMENT,False,3,,,,
d2c06e335c2c9b48811b,test,침구,T4 구어·문장,q_침구_08,침구 사는 데,생활·마트 중 '침구'를 판매·제공하는 매장,01de114b-b852-4451-bf02-e87d19da999b,유메이트,소매업(이불),안양중앙인정시장,전통시장,경기도,3.0,3.0,,,RESOLVED_AGREEMENT,False,3,,,,
5a22e5863c391c1deb04,test,침구,T4 구어·문장,q_침구_08,침구 사는 데,생활·마트 중 '침구'를 판매·제공하는 매장,020246a6-0250-41f7-93e8-4b7cbdd9f5e2,덕광상회,이불,금산금빛시장(금산시장),전통시장,충청남도,3.0,3.0,,,RESOLVED_AGREEMENT,False,3,,,,
b7c9c703c0317bedaaaf,test,침구,T4 구어·문장,q_침구_08,침구 사는 데,생활·마트 중 '침구'를 판매·제공하는 매장,a13342f8-c8e1-4403-8ef2-35578bcc6781,대선침구,침구,김제전통시장,전통시장,전북특별자치도,3.0,3.0,,,RESOLVED_AGREEMENT,False,3,,,,
044446815e29dbdab385,test,침구,T4 구어·문장,q_침구_08,침구 사는 데,생활·마트 중 '침구'를 판매·제공하는 매장,1a95ac0b-f903-419e-9b4f-2aa2594ae8a0,이브방,침구,공주산성시장,전통시장,충청남도,3.0,3.0,,,RESOLVED_AGREEMENT,False,3,,,,
28ec22fed54bc662dc2a,test,침구,T4 구어·문장,q_침구_08,침구 사는 데,생활·마트 중 '침구'를 판매·제공하는 매장,ffd9b451-0f0b-4324-8577-c446e5f0797e,황실침구,침구,양동복개상가,전통시장,,3.0,3.0,,,RESOLVED_AGREEMENT,False,3,,,,
3ae068afdc6e5c8ad5cb,test,침구,T4 구어·문장,q_침구_08,침구 사는 데,생활·마트 중 '침구'를 판매·제공하는 매장,3049db9b-3aed-4582-923c-1d9f2389493c,황실침구,침구,전통중앙도매상가,전통시장,대전광역시,3.0,3.0,,,RESOLVED_AGREEMENT,False,3,,,,
0f2ddc861984423b22b1,test,침구,T4 구어·문장,q_침구_08,침구 사는 데,생활·마트 중 '침구'를 판매·제공하는 매장,033fc658-a256-42a6-8ebf-24763bc43ba1,신광컴퓨터세탁소,세탁소,대야 골목형상점가,골목형상점가,전북특별자치도,1.0,0.0,,,P2_GRADED_ONLY,True,,,,,
a336131e73fbabd490e7,test,침구,T4 구어·문장,q_침구_08,침구 사는 데,생활·마트 중 '침구'를 판매·제공하는 매장,d562d708-29ca-460f-bd02-e167a1596ed2,휴먼사랑한의원,한의원,효자동4동 후곡길 골목형상점가,골목형상점가,전북특별자치도,0.0,0.0,,,RESOLVED_AGREEMENT,False,0,,,,
8aee9e2cd1964266c864,test,침구,T4 구어·문장,q_침구_08,침구 사는 데,생활·마트 중 '침구'를 판매·제공하는 매장,d7ec3d7f-ef6d-4107-8798-c1cafe470dfa,한일패션침구,침구,군산공설시장,전통시장,전북특별자치도,3.0,3.0,,,RESOLVED_AGREEMENT,False,3,,,,
3a403bf8accbc530ec53,test,침구,T4 구어·문장,q_침구_08,침구 사는 데,생활·마트 중 '침구'를 판매·제공하는 매장,02149791-6e33-4077-a92d-4f7756bbaa40,잉꼬이불,이불,센트럴프라자,골목형상점가,울산광역시,3.0,3.0,,,RESOLVED_AGREEMENT,False,3,,,,
bc26ed1e4bef57456333,test,침구,T4 구어·문장,q_침구_08,침구 사는 데,생활·마트 중 '침구'를 판매·제공하는 매장,124d5d0a-4fe8-438e-a79f-e68d9a91cc03,선경침구,침구,용인중앙시장,전통시장,경기도,3.0,3.0,,,RESOLVED_AGREEMENT,False,3,,,,
f60bcb7d5f71c3f62f8f,test,침구,T4 구어·문장,q_침구_08,침구 사는 데,생활·마트 중 '침구'를 판매·제공하는 매장,bd70b396-33c7-4075-a035-a2879ce7545d,엘르 침구,침구,중앙상가시장,전통시장,대전광역시,3.0,3.0,,,RESOLVED_AGREEMENT,False,3,,,,
93b5522f2b2097c8c8fa,test,침구,T4 구어·문장,q_침구_08,침구 사는 데,생활·마트 중 '침구'를 판매·제공하는 매장,b890b0bc-f593-4fae-a27f-e404488d3b7f,오롬하우스,침구,고투몰(강남터미널지하도상점가),일반지하상점가,서울특별시,3.0,3.0,,,RESOLVED_AGREEMENT,False,3,,,,
dcc5091794011b794bb4,test,침구,T4 구어·문장,q_침구_08,침구 사는 데,생활·마트 중 '침구'를 판매·제공하는 매장,02187a22-27d8-4fad-a650-42495bec004f,부흥상회,이불,용현시장,전통시장,인천광역시,3.0,3.0,,,RESOLVED_AGREEMENT,False,3,,,,
807063d6a3b5441ddcf9,test,침구,T4 구어·문장,q_침구_08,침구 사는 데,생활·마트 중 '침구'를 판매·제공하는 매장,05291547-c22d-430e-95c2-e31bda19a90a,슈퍼타이 본점,세탁,월드시티상가 골목형상점가,골목형상점가,울산광역시,1.0,0.0,,,P2_GRADED_ONLY,True,,,,,
812320c8bbf4e8567df1,test,침구,T4 구어·문장,q_침구_08,침구 사는 데,생활·마트 중 '침구'를 판매·제공하는 매장,b5182eaa-0eab-4a05-8b53-cff69e548a3d,대창침구,침구,경주성동공설시장,전통시장,경상북도,3.0,3.0,,,RESOLVED_AGREEMENT,False,3,,,,
11c0b58c20d62ea6edc7,test,침구,T4 구어·문장,q_침구_08,침구 사는 데,생활·마트 중 '침구'를 판매·제공하는 매장,012f526e-9f74-4b7a-86ab-887e82649cba,나주커튼,커튼,나주목사고을시장,전통시장,,3.0,2.0,,,P2_GRADED_ONLY,True,,,,,
3f3f8b077684daea0b36,test,침구,T4 구어·문장,q_침구_08,침구 사는 데,생활·마트 중 '침구'를 판매·제공하는 매장,019c9868-92c6-4e25-b2ea-903f322c9acf,맡겨봐신발세탁,세탁,임동 골목형상점가,골목형상점가,광주광역시,1.0,0.0,,,P2_GRADED_ONLY,True,,,,,
c0ddb98452ca57a6248a,test,침구,T4 구어·문장,q_침구_08,침구 사는 데,생활·마트 중 '침구'를 판매·제공하는 매장,69be7628-957a-4519-94d0-6894f764db96,유신침구,침구,부산진시장,전통시장,부산광역시,3.0,3.0,,,RESOLVED_AGREEMENT,False,3,,,,
c02ba54fcd25d92519a7,test,침구,T4 구어·문장,q_침구_08,침구 사는 데,생활·마트 중 '침구'를 판매·제공하는 매장,01c8223c-7693-4269-8de1-ef21d68577d4,신흥침구사,침구,중앙신시장,전통시장,경상북도,3.0,3.0,,,RESOLVED_AGREEMENT,False,3,,,,
85b952c27aa2e371cf6e,test,침구,T4 구어·문장,q_침구_08,침구 사는 데,생활·마트 중 '침구'를 판매·제공하는 매장,a8ff2edd-5dc6-4d8f-a633-b9e292e305fa,보드란침구,침구 잡화,군산중앙로 골목형상점가,골목형상점가,전북특별자치도,3.0,3.0,,,RESOLVED_AGREEMENT,False,3,,,,
85ea6d975b5cc7acda9b,test,침구,T4 구어·문장,q_침구_08,침구 사는 데,생활·마트 중 '침구'를 판매·제공하는 매장,1ce7fce6-b899-41ec-85f4-cd65aa04226f,공주침구,침구,구서오시게시장,전통시장,부산광역시,3.0,3.0,,,RESOLVED_AGREEMENT,False,3,,,,
9386b89f54679fa121de,test,침구,T4 구어·문장,q_침구_08,침구 사는 데,생활·마트 중 '침구'를 판매·제공하는 매장,4fa4b3b7-18b3-4612-aa66-7c6a44f41d40,나라침구,침구,서문시장 제1지구1층(직물시장),전통시장,대구광역시,3.0,3.0,,,RESOLVED_AGREEMENT,False,3,,,,
2f848ba7cc1d519cbad1,test,침구,T4 구어·문장,q_침구_08,침구 사는 데,생활·마트 중 '침구'를 판매·제공하는 매장,3220ecbc-c954-43f8-864f-d8a8b8c65378,신혼침구,침구,신금정시장 골목형 상점가,골목형상점가,부산광역시,3.0,3.0,,,RESOLVED_AGREEMENT,False,3,,,,
3e82cb577fc5bf2b3308,test,침구,T4 구어·문장,q_침구_08,침구 사는 데,생활·마트 중 '침구'를 판매·제공하는 매장,3f41c978-6514-4045-9f39-460282084f20,안성침구,침구,마산 부림시장,전통시장,경상남도,3.0,3.0,,,RESOLVED_AGREEMENT,False,3,,,,
5a21c3d1a8b05a67fc9b,test,침구,T4 구어·문장,q_침구_08,침구 사는 데,생활·마트 중 '침구'를 판매·제공하는 매장,52475ece-386d-439a-a811-67d64a7bbdc1,대원침구,침구,길동복조리시장,전통시장,서울특별시,3.0,3.0,,,RESOLVED_AGREEMENT,False,3,,,,
8135acfb6b4c01254da0,test,침구,T4 구어·문장,q_침구_08,침구 사는 데,생활·마트 중 '침구'를 판매·제공하는 매장,f5a1d060-2d2d-42c0-9527-3c97c34fae8a,보보침구,침구,㈜르네시떼,전통시장,부산광역시,3.0,3.0,,,RESOLVED_AGREEMENT,False,3,,,,
222d1439fc2d0c11ebbc,test,침구,T4 구어·문장,q_침구_08,침구 사는 데,생활·마트 중 '침구'를 판매·제공하는 매장,cffd04e9-12ef-4303-bde4-e7ae16201b97,개구쟁이,의류,㈜르네시떼,전통시장,부산광역시,1.0,0.0,,,P2_GRADED_ONLY,True,,,,,
937c65e82ccf43fe112f,test,침구,T4 구어·문장,q_침구_08,침구 사는 데,생활·마트 중 '침구'를 판매·제공하는 매장,0a7829cd-024f-4ed3-9746-18a16cc96c4e,왕관상사,침구,자양15번가골목형상점가,골목형상점가,서울특별시,3.0,3.0,,,RESOLVED_AGREEMENT,False,3,,,,
64acb3e25899eaa30aa5,test,침구,T4 구어·문장,q_침구_08,침구 사는 데,생활·마트 중 '침구'를 판매·제공하는 매장,539f39b5-a5a0-4b81-a65f-efc7f6dc5478,덕신침구,침구,영양시장,전통시장,경상북도,3.0,3.0,,,RESOLVED_AGREEMENT,False,3,,,,
cfc6e1747781eeccb40e,test,침구,T4 구어·문장,q_침구_08,침구 사는 데,생활·마트 중 '침구'를 판매·제공하는 매장,4cb6a0c6-3a11-4894-ac4d-b3ceda71d113,자이침구,침구,신봉동 온누리 골목형상점가,골목형상점가,경기도,3.0,3.0,,,RESOLVED_AGREEMENT,False,3,,,,
80a28423007605a24e56,test,침구,T4 구어·문장,q_침구_08,침구 사는 데,생활·마트 중 '침구'를 판매·제공하는 매장,4ce4642b-c58e-491a-be5e-2e2eff885047,샤프란 침구,침구,두류1번가,일반지하상점가,대구광역시,3.0,3.0,,,RESOLVED_AGREEMENT,False,3,,,,
95801e882c37ca9d81cb,test,침구,T4 구어·문장,q_침구_08,침구 사는 데,생활·마트 중 '침구'를 판매·제공하는 매장,6dcf63c6-2550-4dcd-9630-61ed26c3834d,대림침구,침구,광장시장,전통시장,서울특별시,3.0,3.0,,,RESOLVED_AGREEMENT,False,3,,,,
e92eee939eef115d5a63,test,침구,T4 구어·문장,q_침구_08,침구 사는 데,생활·마트 중 '침구'를 판매·제공하는 매장,ae44497a-78e5-4beb-a8d7-1ec3cf284828,영광침구,침구,광장시장,전통시장,서울특별시,3.0,3.0,,,RESOLVED_AGREEMENT,False,3,,,,
b3eca2e32f352352fbdf,test,침구,T4 구어·문장,q_침구_08,침구 사는 데,생활·마트 중 '침구'를 판매·제공하는 매장,00f84355-823b-4c23-bb49-e842bf41a1a3,금호커텐,커튼,양동복개상가,전통시장,,3.0,2.0,,,P2_GRADED_ONLY,True,,,,,
81614d93cf8e0de01eaf,test,침구,T4 구어·문장,q_침구_08,침구 사는 데,생활·마트 중 '침구'를 판매·제공하는 매장,dc089934-ae67-409a-8389-37289156064b,마레J,침구,고투몰(강남터미널지하도상점가),일반지하상점가,서울특별시,3.0,3.0,,,RESOLVED_AGREEMENT,False,3,,,,
79de32da5a85915d14ba,test,침구,T4 구어·문장,q_침구_08,침구 사는 데,생활·마트 중 '침구'를 판매·제공하는 매장,020914cd-8086-4fad-ab39-bbae265d6a60,양진이불,침구,경주성동공설시장,전통시장,경상북도,3.0,3.0,,,RESOLVED_AGREEMENT,False,3,,,,
3df55dc13a53c83ce674,test,침구,T4 구어·문장,q_침구_08,침구 사는 데,생활·마트 중 '침구'를 판매·제공하는 매장,43eae82c-423a-4568-8f7d-d4b7659aa8f5,루꼬베르,침구,역전지하상가,일반지하상점가,대전광역시,3.0,3.0,,,RESOLVED_AGREEMENT,False,3,,,,
67c42a2a10eb6cfde719,test,침구,T4 구어·문장,q_침구_08,침구 사는 데,생활·마트 중 '침구'를 판매·제공하는 매장,940fd7a3-caac-4ca5-bd04-9e4f3a731453,해피론이불,침구,서부시장(서부재래시장),전통시장,충청남도,3.0,3.0,,,RESOLVED_AGREEMENT,False,3,,,,
ccb165bbae3433b84583,test,침구,T4 구어·문장,q_침구_08,침구 사는 데,생활·마트 중 '침구'를 판매·제공하는 매장,27ffa690-fb99-4739-a1ac-bacc9b04c530,영동침구,침구,광장시장,전통시장,서울특별시,3.0,3.0,,,RESOLVED_AGREEMENT,False,3,,,,
51c1a3dead7be6cb7cda,test,침구,T4 구어·문장,q_침구_08,침구 사는 데,생활·마트 중 '침구'를 판매·제공하는 매장,7af67501-dbe7-446e-956a-99e7272a6d3f,㈜에이원물류,"장류, 양곡외",구월도매전통시장,전통시장,인천광역시,0.0,0.0,,,RESOLVED_AGREEMENT,False,0,,,,
6cea636bf0b4b399be31,test,침구,T4 구어·문장,q_침구_08,침구 사는 데,생활·마트 중 '침구'를 판매·제공하는 매장,f201e303-477a-4472-b6f5-2f787b983c71,경남침구,침구,진주 중앙시장,전통시장,경상남도,3.0,3.0,,,RESOLVED_AGREEMENT,False,3,,,,
7d4171b381b0f19db53d,test,침구,T6 기계변형,q_침구_09,침구추천,생활·마트 중 '침구'를 판매·제공하는 매장,6c0eacee-745a-4ff0-8dfa-5c464854e301,행복황토침구,침구,양동복개상가,전통시장,,3.0,3.0,,,RESOLVED_AGREEMENT,False,3,,,,
c86a464c03df9418ea34,test,침구,T6 기계변형,q_침구_09,침구추천,생활·마트 중 '침구'를 판매·제공하는 매장,b786f7f5-2039-4a1f-b9f1-7677dc8a5510,보드란침구,침구류,석교동 이웃마루 골목형상점가,골목형상점가,대전광역시,3.0,3.0,,,RESOLVED_AGREEMENT,False,3,,,,
546aea459f00008e81c8,test,침구,T6 기계변형,q_침구_09,침구추천,생활·마트 중 '침구'를 판매·제공하는 매장,02187a22-27d8-4fad-a650-42495bec004f,부흥상회,이불,용현시장,전통시장,인천광역시,3.0,3.0,,,RESOLVED_AGREEMENT,False,3,,,,
8f2aa715713405116b05,test,침구,T6 기계변형,q_침구_09,침구추천,생활·마트 중 '침구'를 판매·제공하는 매장,20e29365-80e2-4e59-978e-85742076a9c1,소미침구,침구류,횡성전통시장,전통시장,강원특별자치도,3.0,3.0,,,RESOLVED_AGREEMENT,False,3,,,,
538570343aff4d6fd628,test,침구,T6 기계변형,q_침구_09,침구추천,생활·마트 중 '침구'를 판매·제공하는 매장,6e0278b6-3f40-4293-bf54-6d1f47394982,주원,침구,광장시장,전통시장,서울특별시,3.0,3.0,,,RESOLVED_AGREEMENT,False,3,,,,
5c3e5689be05866992d8,test,침구,T6 기계변형,q_침구_09,침구추천,생활·마트 중 '침구'를 판매·제공하는 매장,020bee4a-baa0-4c84-a1d2-1ffe5e745eb7,유영주단,"이불, 한복",대가야 자율상권구역,,경상북도,3.0,3.0,,,RESOLVED_AGREEMENT,False,3,,,,
79917cd129121ecd33c5,test,침구,T6 기계변형,q_침구_09,침구추천,생활·마트 중 '침구'를 판매·제공하는 매장,a650a5f9-6f72-46b0-b2c0-4919a1accf0f,아트방 침구,"침구류, 수건",인천모래내전통시장,전통시장,인천광역시,3.0,3.0,,,RESOLVED_AGREEMENT,False,3,,,,
85dd0caea35f1c51e1ba,test,침구,T6 기계변형,q_침구_09,침구추천,생활·마트 중 '침구'를 판매·제공하는 매장,01022b54-7fac-43ff-8e1e-8e0c95d34ac6,아이편한♥소리잠매트,침구 등,성남프라자,전통시장,울산광역시,3.0,3.0,,,RESOLVED_AGREEMENT,False,3,,,,
6a439f109a749a02a3ab,test,침구,T6 기계변형,q_침구_09,침구추천,생활·마트 중 '침구'를 판매·제공하는 매장,3f41c978-6514-4045-9f39-460282084f20,안성침구,침구,마산 부림시장,전통시장,경상남도,3.0,3.0,,,RESOLVED_AGREEMENT,False,3,,,,
58e989d1135c18a50c3f,test,침구,T6 기계변형,q_침구_09,침구추천,생활·마트 중 '침구'를 판매·제공하는 매장,91ae9a94-5cf2-40fe-ad52-edf66528097f,동신침구,침구,양동복개상가,전통시장,광주광역시,3.0,3.0,,,RESOLVED_AGREEMENT,False,3,,,,
c8adb4246ac5aec48e87,test,침구,T6 기계변형,q_침구_09,침구추천,생활·마트 중 '침구'를 판매·제공하는 매장,529bacff-abe7-4d8e-ba9d-7cb81517c718,하올,미용실,명지국제 골목형상점가,골목형상점가,부산광역시,0.0,0.0,,,RESOLVED_AGREEMENT,False,0,,,,
b0270fb3a0261aa51324,test,침구,T6 기계변형,q_침구_09,침구추천,생활·마트 중 '침구'를 판매·제공하는 매장,9c344717-bc28-4456-b48a-dd4e5d869df4,니블,침구,북촌계동길골목형상점가,골목형상점가,서울특별시,3.0,3.0,,,RESOLVED_AGREEMENT,False,3,,,,
3933ce5f8ed60ae42b5b,test,침구,T6 기계변형,q_침구_09,침구추천,생활·마트 중 '침구'를 판매·제공하는 매장,77743384-2bf3-40d8-9f45-91701407937d,순안침구,침구류,자유도매시장,전통시장,대전광역시,3.0,3.0,,,RESOLVED_AGREEMENT,False,3,,,,
59c2ed0968a06794bd24,test,침구,T6 기계변형,q_침구_09,침구추천,생활·마트 중 '침구'를 판매·제공하는 매장,01fa75f4-4cdb-4d62-931a-2b130cdef613,에띠앙이불집,이불,익산장(구 북부장),전통시장,전북특별자치도,3.0,3.0,,,RESOLVED_AGREEMENT,False,3,,,,
4b59bceaff74548d274c,test,침구,T6 기계변형,q_침구_09,침구추천,생활·마트 중 '침구'를 판매·제공하는 매장,7d118582-8ccc-47b1-8314-f79bfbed294b,종합침구,침구류,초량전통시장,전통시장,부산광역시,3.0,3.0,,,RESOLVED_AGREEMENT,False,3,,,,
3fa5beac1a6c9ac84785,test,침구,T6 기계변형,q_침구_09,침구추천,생활·마트 중 '침구'를 판매·제공하는 매장,4cb6a0c6-3a11-4894-ac4d-b3ceda71d113,자이침구,침구,신봉동 온누리 골목형상점가,골목형상점가,경기도,3.0,3.0,,,RESOLVED_AGREEMENT,False,3,,,,
4ae3e337ab516fa47068,test,침구,T6 기계변형,q_침구_09,침구추천,생활·마트 중 '침구'를 판매·제공하는 매장,0168e10e-c168-404c-83b2-0d1fd89d65e6,루디아,혼수 커튼,양동복개상가,전통시장,,3.0,2.0,,,P2_GRADED_ONLY,True,,,,,
6833ab722c616eb6660f,test,침구,T6 기계변형,q_침구_09,침구추천,생활·마트 중 '침구'를 판매·제공하는 매장,b574317c-4a13-4a6c-9927-7cd3fb6e22ee,두레침구,침구,"온양온천시장(온양재래시장, 전통시장)",전통시장,충청남도,3.0,3.0,,,RESOLVED_AGREEMENT,False,3,,,,
fda053a1f5260ce222b5,test,침구,T6 기계변형,q_침구_09,침구추천,생활·마트 중 '침구'를 판매·제공하는 매장,00f84355-823b-4c23-bb49-e842bf41a1a3,금호커텐,커튼,양동복개상가,전통시장,,3.0,2.0,,,P2_GRADED_ONLY,True,,,,,
b6c059b387a8129aa3ee,test,침구,T6 기계변형,q_침구_09,침구추천,생활·마트 중 '침구'를 판매·제공하는 매장,124d5d0a-4fe8-438e-a79f-e68d9a91cc03,선경침구,침구,용인중앙시장,전통시장,경기도,3.0,3.0,,,RESOLVED_AGREEMENT,False,3,,,,
b1fe15b63065426a29ff,test,침구,T6 기계변형,q_침구_09,침구추천,생활·마트 중 '침구'를 판매·제공하는 매장,4ce4642b-c58e-491a-be5e-2e2eff885047,샤프란 침구,침구,두류1번가,일반지하상점가,대구광역시,3.0,3.0,,,RESOLVED_AGREEMENT,False,3,,,,
35e3ed9809efea7f27be,test,침구,T6 기계변형,q_침구_09,침구추천,생활·마트 중 '침구'를 판매·제공하는 매장,ad15bd55-aac6-415d-96d5-7648d641116c,소망침구,침구류,고흥전통시장,전통시장,전라남도,3.0,3.0,,,RESOLVED_AGREEMENT,False,3,,,,
2af93b2fae47ddd7f90f,test,침구,T6 기계변형,q_침구_09,침구추천,생활·마트 중 '침구'를 판매·제공하는 매장,4f626184-e84e-4908-a2e8-132b2d87c804,백년식당,건강식품,야음상가시장,전통시장,울산광역시,0.0,0.0,,,RESOLVED_AGREEMENT,False,0,,,,
5399b93029628b376605,test,침구,T6 기계변형,q_침구_09,침구추천,생활·마트 중 '침구'를 판매·제공하는 매장,f201e303-477a-4472-b6f5-2f787b983c71,경남침구,침구,진주 중앙시장,전통시장,경상남도,3.0,3.0,,,RESOLVED_AGREEMENT,False,3,,,,
1dbeb6591993ab3ed8c9,test,침구,T6 기계변형,q_침구_09,침구추천,생활·마트 중 '침구'를 판매·제공하는 매장,00083664-fb4e-4e3b-bb0a-d9a0a1e8f87f,롯데세탁소,,와룡로 골목형상점가,골목형상점가,전북특별자치도,1.0,0.0,,,P2_GRADED_ONLY,True,,,,,
25765ba42cba12ca4ada,test,침구,T6 기계변형,q_침구_09,침구추천,생활·마트 중 '침구'를 판매·제공하는 매장,539f39b5-a5a0-4b81-a65f-efc7f6dc5478,덕신침구,침구,영양시장,전통시장,경상북도,3.0,3.0,,,RESOLVED_AGREEMENT,False,3,,,,
dc2ea998e931132aeb94,test,침구,T6 기계변형,q_침구_09,침구추천,생활·마트 중 '침구'를 판매·제공하는 매장,a6f687e3-6ebc-4a7a-9ff9-58c575088ad5,대동침구,침구,수원영동시장,전통시장,경기도,3.0,3.0,,,RESOLVED_AGREEMENT,False,3,,,,
1bd4f8a68a1d477a9787,test,침구,T6 기계변형,q_침구_09,침구추천,생활·마트 중 '침구'를 판매·제공하는 매장,62c8db12-0955-4f9b-b6a2-45fd42271e29,침구백화점,침구,괴산시장,전통시장,충청북도,3.0,3.0,,,RESOLVED_AGREEMENT,False,3,,,,
9dd2191fb51c6d6b263d,test,침구,T6 기계변형,q_침구_09,침구추천,생활·마트 중 '침구'를 판매·제공하는 매장,0a7829cd-024f-4ed3-9746-18a16cc96c4e,왕관상사,침구,자양15번가골목형상점가,골목형상점가,서울특별시,3.0,3.0,,,RESOLVED_AGREEMENT,False,3,,,,
95dfc0a5fcf8f1f75dd2,test,침구,T6 기계변형,q_침구_09,침구추천,생활·마트 중 '침구'를 판매·제공하는 매장,57aad33c-d6bf-4649-9410-afb56e3bb0e3,인드림,침구,영선신시장,전통시장,대구광역시,3.0,3.0,,,RESOLVED_AGREEMENT,False,3,,,,
9a55b99e0a9b71cebe01,test,침구,T6 기계변형,q_침구_09,침구추천,생활·마트 중 '침구'를 판매·제공하는 매장,b1f38ecf-7b45-4f06-8787-e5c1928833a6,아방침구,침구,동래시장,전통시장,부산광역시,3.0,3.0,,,RESOLVED_AGREEMENT,False,3,,,,
73e2a60f8d6ee75e71d9,test,침구,T6 기계변형,q_침구_09,침구추천,생활·마트 중 '침구'를 판매·제공하는 매장,019c9868-92c6-4e25-b2ea-903f322c9acf,맡겨봐신발세탁,세탁,임동 골목형상점가,골목형상점가,광주광역시,1.0,0.0,,,P2_GRADED_ONLY,True,,,,,
bcaaf1570ddc809c80a4,test,침구,T6 기계변형,q_침구_09,침구추천,생활·마트 중 '침구'를 판매·제공하는 매장,9b7fb646-ae2b-4f7b-8735-21b4a9a2a636,생수식당,분식,구미산업유통단지,전통시장,경상북도,0.0,0.0,,,RESOLVED_AGREEMENT,False,0,,,,
20acd7161cf763324b5d,test,침구,T6 기계변형,q_침구_09,침구추천,생활·마트 중 '침구'를 판매·제공하는 매장,015d152e-ed78-4d55-a7c5-5c8fce6debf7,후평종합이불,"침구류, 수건",후평일단지시장,전통시장,강원특별자치도,3.0,3.0,,,RESOLVED_AGREEMENT,False,3,,,,
85303a617b8b30bcc25b,test,침구,T6 기계변형,q_침구_09,침구추천,생활·마트 중 '침구'를 판매·제공하는 매장,73ce10a8-2ba5-4e4f-b7bf-082ee0e5fee4,한일침구,침구,부산국제시장,전통시장,부산광역시,3.0,3.0,,,RESOLVED_AGREEMENT,False,3,,,,
ad172a4671f1a2012cdf,test,침구,T6 기계변형,q_침구_09,침구추천,생활·마트 중 '침구'를 판매·제공하는 매장,5199b659-3eb8-4e20-974a-7d3cd73135d3,예강 침구,침구류,동원전통종합시장,전통시장,서울특별시,3.0,3.0,,,RESOLVED_AGREEMENT,False,3,,,,
cb2c00a28f7e804478c6,test,침구,T6 기계변형,q_침구_09,침구추천,생활·마트 중 '침구'를 판매·제공하는 매장,6180a371-4adf-4f18-83be-56d2af4aa6b7,오슈동죽칼국수,음식,송촌동상점가,자율상권구역,대전광역시,0.0,0.0,,,RESOLVED_AGREEMENT,False,0,,,,
8cfb1cef6706e217f8b8,test,침구,T6 기계변형,q_침구_09,침구추천,생활·마트 중 '침구'를 판매·제공하는 매장,c3cb5733-571e-44d0-b783-3c6625f1ca61,대왕침구,침구,신도봉시장,전통시장,서울특별시,3.0,3.0,,,RESOLVED_AGREEMENT,False,3,,,,
6351cc9bf354f81705ff,test,침구,T6 기계변형,q_침구_09,침구추천,생활·마트 중 '침구'를 판매·제공하는 매장,355f9a17-48ff-42c0-b20a-e8a2165a422f,이불자리,침구,수정전통시장,전통시장,부산광역시,3.0,3.0,,,RESOLVED_AGREEMENT,False,3,,,,
127c39735bad59ab978c,test,침구,T6 기계변형,q_침구_09,침구추천,생활·마트 중 '침구'를 판매·제공하는 매장,020246a6-0250-41f7-93e8-4b7cbdd9f5e2,덕광상회,이불,금산금빛시장(금산시장),전통시장,충청남도,3.0,3.0,,,RESOLVED_AGREEMENT,False,3,,,,
3198035f9e486e178fc1,test,침구,T6 기계변형,q_침구_09,침구추천,생활·마트 중 '침구'를 판매·제공하는 매장,6b978c94-cdc0-4212-8524-571079962642,영풍침구,침구,진주 중앙시장,전통시장,경상남도,3.0,3.0,,,RESOLVED_AGREEMENT,False,3,,,,
01eba0633abfb9cab8b7,test,침구,T6 기계변형,q_침구_09,침구추천,생활·마트 중 '침구'를 판매·제공하는 매장,27ffa690-fb99-4739-a1ac-bacc9b04c530,영동침구,침구,광장시장,전통시장,서울특별시,3.0,3.0,,,RESOLVED_AGREEMENT,False,3,,,,
d4f2e1872c399ab0ddce,test,침구,T6 기계변형,q_침구_09,침구추천,생활·마트 중 '침구'를 판매·제공하는 매장,0056f4f0-208d-4d7c-996c-9e6526fea6cf,한일침구,침구,목포원도심상점가,자율상권구역,전라남도,3.0,3.0,,,RESOLVED_AGREEMENT,False,3,,,,
b23b889b309875f44bbc,test,침구,T6 기계변형,q_침구_09,침구추천,생활·마트 중 '침구'를 판매·제공하는 매장,012f526e-9f74-4b7a-86ab-887e82649cba,나주커튼,커튼,나주목사고을시장,전통시장,,3.0,2.0,,,P2_GRADED_ONLY,True,,,,,
2f98863ffe50d9be31da,test,침구,T6 기계변형,q_침구_09,침구추천,생활·마트 중 '침구'를 판매·제공하는 매장,0214317c-c9f8-4af4-8b93-7d7d52ee1acb,창과방,커튼,남대문시장,전통시장,서울특별시,3.0,2.0,,,P2_GRADED_ONLY,True,,,,,
a3932e2ee6629eda4bb5,test,침구,T6 기계변형,q_침구_09,침구추천,생활·마트 중 '침구'를 판매·제공하는 매장,6b7df73a-6efa-4ec8-9a2b-529337f5ae7e,예향침구,침구류,장미원골목시장,전통시장,서울특별시,3.0,3.0,,,RESOLVED_AGREEMENT,False,3,,,,
815b2f1c98c9f3c70dc5,test,침구,T6 기계변형,q_침구_09,침구추천,생활·마트 중 '침구'를 판매·제공하는 매장,cfd3eae3-4daf-4222-86c6-f9fd95f14e3a,현대침구,침구,광장시장,전통시장,서울특별시,3.0,3.0,,,RESOLVED_AGREEMENT,False,3,,,,
aa0efb534eec1a29357a,test,침구,T6 기계변형,q_침구_09,침구추천,생활·마트 중 '침구'를 판매·제공하는 매장,909e22d7-553e-4f96-9d6e-1c7d11fd9b39,조금나루맛집,한식,오치2동 골목형상점가,골목형상점가,광주광역시,0.0,0.0,,,RESOLVED_AGREEMENT,False,0,,,,
f78ed62712d15e4949d4,test,침구,T6 기계변형,q_침구_09,침구추천,생활·마트 중 '침구'를 판매·제공하는 매장,05291547-c22d-430e-95c2-e31bda19a90a,슈퍼타이 본점,세탁,월드시티상가 골목형상점가,골목형상점가,울산광역시,1.0,0.0,,,P2_GRADED_ONLY,True,,,,,
33bc18a9f1aee8880eec,test,침구,T6 기계변형,q_침구_09,침구추천,생활·마트 중 '침구'를 판매·제공하는 매장,1a95ac0b-f903-419e-9b4f-2aa2594ae8a0,이브방,침구,공주산성시장,전통시장,충청남도,3.0,3.0,,,RESOLVED_AGREEMENT,False,3,,,,
c0dd0ed1da5eb72dcc17,test,침구,T6 기계변형,q_침구_09,침구추천,생활·마트 중 '침구'를 판매·제공하는 매장,02149791-6e33-4077-a92d-4f7756bbaa40,잉꼬이불,이불,센트럴프라자,골목형상점가,울산광역시,3.0,3.0,,,RESOLVED_AGREEMENT,False,3,,,,
8d099f552ace61e21448,test,침구,T6 기계변형,q_침구_09,침구추천,생활·마트 중 '침구'를 판매·제공하는 매장,6e524b62-7a38-4ee8-8c16-3d6e19d6c0a1,베틀즈,침구,부산진시장,전통시장,부산광역시,3.0,3.0,,,RESOLVED_AGREEMENT,False,3,,,,
906a5a730f264b93bdc1,test,침구,T6 기계변형,q_침구_09,침구추천,생활·마트 중 '침구'를 판매·제공하는 매장,7d354b0f-9786-405c-bb97-2afa4ad3295a,고흥침구,침구류,동대문종합시장,전통시장,서울특별시,3.0,3.0,,,RESOLVED_AGREEMENT,False,3,,,,
3bdb4cc0501fca4a04b6,test,침구,T6 기계변형,q_침구_09,침구추천,생활·마트 중 '침구'를 판매·제공하는 매장,3a29a3a7-18fd-4666-99b1-68f7caee7849,새별침구,침구,서문공설시장,전통시장,제주특별자치도,3.0,3.0,,,RESOLVED_AGREEMENT,False,3,,,,
58e032dd667f7b1971d3,test,침구,T6 기계변형,q_침구_09,침구추천,생활·마트 중 '침구'를 판매·제공하는 매장,009cda97-be64-4deb-8311-f6e42d4eca25,갤러리커튼,커튼블라인드침구,홀릭스,골목형상점가,광주광역시,3.0,3.0,,,RESOLVED_AGREEMENT,False,3,,,,
520962d43c389d4dd26a,test,침구,T6 기계변형,q_침구_09,침구추천,생활·마트 중 '침구'를 판매·제공하는 매장,6a3fee36-545a-4da8-a71d-fb2995040803,침구나라,침구,영등포제일상가,자율상권구역,서울특별시,3.0,3.0,,,RESOLVED_AGREEMENT,False,3,,,,
0e62aac2044d100681b1,test,침구,T6 기계변형,q_침구_09,침구추천,생활·마트 중 '침구'를 판매·제공하는 매장,00831337-1223-4dcf-9c42-67ca874b1ef6,무지개,침구류,부산진시장,전통시장,부산광역시,3.0,3.0,,,RESOLVED_AGREEMENT,False,3,,,,
ac42b4ac98113e4ddb29,test,침구,T6 기계변형,q_침구_09,침구추천,생활·마트 중 '침구'를 판매·제공하는 매장,033fc658-a256-42a6-8ebf-24763bc43ba1,신광컴퓨터세탁소,세탁소,대야 골목형상점가,골목형상점가,전북특별자치도,1.0,0.0,,,P2_GRADED_ONLY,True,,,,,
95908bb342185260bbeb,test,침구,T6 기계변형,q_침구_09,침구추천,생활·마트 중 '침구'를 판매·제공하는 매장,020914cd-8086-4fad-ab39-bbae265d6a60,양진이불,침구,경주성동공설시장,전통시장,경상북도,3.0,3.0,,,RESOLVED_AGREEMENT,False,3,,,,
c9f8e27e68ecd0a935e5,test,침구,T6 기계변형,q_침구_09,침구추천,생활·마트 중 '침구'를 판매·제공하는 매장,3049db9b-3aed-4582-923c-1d9f2389493c,황실침구,침구,전통중앙도매상가,전통시장,대전광역시,3.0,3.0,,,RESOLVED_AGREEMENT,False,3,,,,
f1a6e97f3580f53d83c3,test,침구,T6 기계변형,q_침구_09,침구추천,생활·마트 중 '침구'를 판매·제공하는 매장,52475ece-386d-439a-a811-67d64a7bbdc1,대원침구,침구,길동복조리시장,전통시장,서울특별시,3.0,3.0,,,RESOLVED_AGREEMENT,False,3,,,,
c3db247d1cc260480535,test,침구,T6 기계변형,q_침구_09,침구추천,생활·마트 중 '침구'를 판매·제공하는 매장,03c8c5a6-0d2c-40d6-befb-bbe4a1badfc6,현대침구,침구,포항죽도농산물시장,전통시장,경상북도,3.0,3.0,,,RESOLVED_AGREEMENT,False,3,,,,
83ecf3d8da453da64cfa,test,침구,T6 기계변형,q_침구_09,침구추천,생활·마트 중 '침구'를 판매·제공하는 매장,01de114b-b852-4451-bf02-e87d19da999b,유메이트,소매업(이불),안양중앙인정시장,전통시장,경기도,3.0,3.0,,,RESOLVED_AGREEMENT,False,3,,,,
33c14fd07ef6dccacdf0,test,침구,T6 기계변형,q_침구_09,침구추천,생활·마트 중 '침구'를 판매·제공하는 매장,a13342f8-c8e1-4403-8ef2-35578bcc6781,대선침구,침구,김제전통시장,전통시장,전북특별자치도,3.0,3.0,,,RESOLVED_AGREEMENT,False,3,,,,
dd857651807a385daa18,test,침구,T6 기계변형,q_침구_09,침구추천,생활·마트 중 '침구'를 판매·제공하는 매장,bd70b396-33c7-4075-a035-a2879ce7545d,엘르 침구,침구,중앙상가시장,전통시장,대전광역시,3.0,3.0,,,RESOLVED_AGREEMENT,False,3,,,,
447b46894d85b57b684e,test,침구,T6 기계변형,q_침구_09,침구추천,생활·마트 중 '침구'를 판매·제공하는 매장,be9e14ff-432a-46a0-b756-cc9e85240f00,부영침구,침구,장성읍 골목형상점가,골목형상점가,전라남도,3.0,3.0,,,RESOLVED_AGREEMENT,False,3,,,,
a59e6ceeb06b86b35a12,test,침구,T6 기계변형,q_침구_09,침구추천,생활·마트 중 '침구'를 판매·제공하는 매장,00c164d0-76c7-4e7a-9676-ecfdbb052077,크린토피아신창점,세탁,신창수문 골목형상점가,골목형상점가,광주광역시,1.0,0.0,,,P2_GRADED_ONLY,True,,,,,
260899b18315b8e60453,test,침구,T6 기계변형,q_침구_09,침구추천,생활·마트 중 '침구'를 판매·제공하는 매장,77559c96-3504-468b-b336-12b1dae328fa,강공장_방글침구,침구류,오류골먹자골목 골목형상점가,골목형상점가,서울특별시,3.0,3.0,,,RESOLVED_AGREEMENT,False,3,,,,
b1d3337b98d1d5613e33,test,침구,T6 기계변형,q_침구_09,침구추천,생활·마트 중 '침구'를 판매·제공하는 매장,9d4838d3-4e8f-4458-aa28-eaeea91189d4,엘르침구,침구,모아패션아울렛 골목형상점가,골목형상점가,경기도,3.0,3.0,,,RESOLVED_AGREEMENT,False,3,,,,
6c1519bbe7bf20abbc1a,test,침구,T6 기계변형,q_침구_09,침구추천,생활·마트 중 '침구'를 판매·제공하는 매장,676ef9fb-0c07-4b3b-a9d0-1b63cb5571d6,그린침구,침구류,한빛프라자 골목형상점가,골목형상점가,대전광역시,3.0,3.0,,,RESOLVED_AGREEMENT,False,3,,,,
f1f0124c11263da80f84,test,침구,T6 기계변형,q_침구_09,침구추천,생활·마트 중 '침구'를 판매·제공하는 매장,5d2b77f4-47b8-4b01-9e73-62fc102fd7c1,신창침구,침구류,진주 논개시장,전통시장,경상남도,3.0,3.0,,,RESOLVED_AGREEMENT,False,3,,,,
e80207dcd0d6aea61ab2,test,침구,T6 기계변형,q_침구_09,침구추천,생활·마트 중 '침구'를 판매·제공하는 매장,67f5d98e-ef04-40f6-b715-a5a3312d1686,장미침구,침구,까치산시장,전통시장,서울특별시,3.0,3.0,,,RESOLVED_AGREEMENT,False,3,,,,
b2cb32f5bc69f975e963,test,침구,T6 기계변형,q_침구_09,침구추천,생활·마트 중 '침구'를 판매·제공하는 매장,19b2bf20-9d77-4fe7-a977-98fee8494e37,경주침구,침구,부산진시장,전통시장,부산광역시,3.0,3.0,,,RESOLVED_AGREEMENT,False,3,,,,
2f7b976ca0b49575fff7,test,침구,T6 기계변형,q_침구_09,침구추천,생활·마트 중 '침구'를 판매·제공하는 매장,458e866c-5f8f-43b7-a1dd-e80f296ed417,드림침구,침구,평택통복시장,전통시장,경기도,3.0,3.0,,,RESOLVED_AGREEMENT,False,3,,,,
ca5e1f0c5b08690c2e3a,test,침구,T6 기계변형,q_침구_09,침구추천,생활·마트 중 '침구'를 판매·제공하는 매장,118b486d-6231-4803-b5de-83e5c6880af5,은혜침구,침구류,원주자유시장,전통시장,강원특별자치도,3.0,3.0,,,RESOLVED_AGREEMENT,False,3,,,,
cce29a242171d7fe8014,test,침구,T6 기계변형,q_침구_09,침구추천,생활·마트 중 '침구'를 판매·제공하는 매장,c9fd195e-74f7-4068-8ae6-3e3bc6a5380d,프라임누가약국,의약품,전대병원오거리 골목형상점가,골목형상점가,광주광역시,0.0,0.0,,,RESOLVED_AGREEMENT,False,0,,,,
e543d34f70b4da220e8b,test,침구,T6 기계변형,q_침구_09,침구추천,생활·마트 중 '침구'를 판매·제공하는 매장,065b7b13-3b93-45e7-b5c0-3f58a16a5304,카츠림,돈가스,청계면 목대후문 골목형상점가,골목형상점가,전라남도,0.0,0.0,,,RESOLVED_AGREEMENT,False,0,,,,
a720230aac266a2a1e07,test,침구,T6 기계변형,q_침구_09,침구추천,생활·마트 중 '침구'를 판매·제공하는 매장,ffd9b451-0f0b-4324-8577-c446e5f0797e,황실침구,침구,양동복개상가,전통시장,,3.0,3.0,,,RESOLVED_AGREEMENT,False,3,,,,
debe837594ee0fdba030,test,침구,T6 기계변형,q_침구_09,침구추천,생활·마트 중 '침구'를 판매·제공하는 매장,66d7aaac-f22a-45c4-ae2d-1d48cd3b321c,이모네반찬,"김치, 반찬류",전주우성타운 골목형상점가,골목형상점가,전북특별자치도,0.0,0.0,,,RESOLVED_AGREEMENT,False,0,,,,
fac7640fb654a92a4d26,test,침구,T6 기계변형,q_침구_09,침구추천,생활·마트 중 '침구'를 판매·제공하는 매장,6db8379d-89f0-4e0d-8e2e-17374653a160,부산침구,침구류,진주 동부시장,전통시장,경상남도,3.0,3.0,,,RESOLVED_AGREEMENT,False,3,,,,
5f9267bf1d7b2d8b84ba,test,침구,T6 기계변형,q_침구_09,침구추천,생활·마트 중 '침구'를 판매·제공하는 매장,4fa4b3b7-18b3-4612-aa66-7c6a44f41d40,나라침구,침구,서문시장 제1지구1층(직물시장),전통시장,대구광역시,3.0,3.0,,,RESOLVED_AGREEMENT,False,3,,,,
9ae5c246e11184f5216a,test,침구,T6 기계변형,q_침구_09,침구추천,생활·마트 중 '침구'를 판매·제공하는 매장,6dcf63c6-2550-4dcd-9630-61ed26c3834d,대림침구,침구,광장시장,전통시장,서울특별시,3.0,3.0,,,RESOLVED_AGREEMENT,False,3,,,,
e239ac9b9ffc5997e643,test,침구,T6 기계변형,q_침구_09,침구추천,생활·마트 중 '침구'를 판매·제공하는 매장,f5a1d060-2d2d-42c0-9527-3c97c34fae8a,보보침구,침구,㈜르네시떼,전통시장,부산광역시,3.0,3.0,,,RESOLVED_AGREEMENT,False,3,,,,
bf72d52ff3462c0859ad,test,침구,T6 기계변형,q_침구_09,침구추천,생활·마트 중 '침구'를 판매·제공하는 매장,3220ecbc-c954-43f8-864f-d8a8b8c65378,신혼침구,침구,신금정시장 골목형 상점가,골목형상점가,부산광역시,3.0,3.0,,,RESOLVED_AGREEMENT,False,3,,,,
c9afd9f3fa890310e496,test,침구,T6 기계변형,q_침구_09,침구추천,생활·마트 중 '침구'를 판매·제공하는 매장,1ce7fce6-b899-41ec-85f4-cd65aa04226f,공주침구,침구,구서오시게시장,전통시장,부산광역시,3.0,3.0,,,RESOLVED_AGREEMENT,False,3,,,,
561eeee0491a67b08f64,test,침구,T6 기계변형,q_침구_09,침구추천,생활·마트 중 '침구'를 판매·제공하는 매장,2d82305e-aea2-4733-8e91-9cfe0f07b6d0,샤론침구,침구,중흥행복마을 골목형상점가,골목형상점가,광주광역시,3.0,3.0,,,RESOLVED_AGREEMENT,False,3,,,,
175723d399da85b996b4,test,침구,T6 기계변형,q_침구_09,침구추천,생활·마트 중 '침구'를 판매·제공하는 매장,34eb58c4-7805-4adb-a68b-07bf9bdcad60,구로침구,침구,남구로시장,전통시장,서울특별시,3.0,3.0,,,RESOLVED_AGREEMENT,False,3,,,,
b41ac91ef87123a078d1,test,침구,T6 기계변형,q_침구_09,침구추천,생활·마트 중 '침구'를 판매·제공하는 매장,61057e75-4b2e-460d-8dcd-edc88e1a48c6,앤웜,침구,지중해마을 골목형상점가,골목형상점가,충청남도,3.0,3.0,,,RESOLVED_AGREEMENT,False,3,,,,
ee0883b13694ac8d6068,test,침구,T6 기계변형,q_침구_09,침구추천,생활·마트 중 '침구'를 판매·제공하는 매장,64958a25-763f-4bd4-bdb7-d5ec75db9e24,모든침구,침구류,함안 가야전통시장,전통시장,경상남도,3.0,3.0,,,RESOLVED_AGREEMENT,False,3,,,,
66283c2dcd49ba19b3a3,test,침구,T6 기계변형,q_침구_09,침구추천,생활·마트 중 '침구'를 판매·제공하는 매장,b5182eaa-0eab-4a05-8b53-cff69e548a3d,대창침구,침구,경주성동공설시장,전통시장,경상북도,3.0,3.0,,,RESOLVED_AGREEMENT,False,3,,,,
cfc24d117c4a7fd08fb3,test,침구,T6 기계변형,q_침구_09,침구추천,생활·마트 중 '침구'를 판매·제공하는 매장,083fc3f4-8b60-4de0-92fa-71f579f4ff52,장미침구,침구류,인천모래내전통시장,전통시장,인천광역시,3.0,3.0,,,RESOLVED_AGREEMENT,False,3,,,,
ee4d86ede5a14d24254a,test,침구,T6 기계변형,q_침구_09,침구추천,생활·마트 중 '침구'를 판매·제공하는 매장,69be7628-957a-4519-94d0-6894f764db96,유신침구,침구,부산진시장,전통시장,부산광역시,3.0,3.0,,,RESOLVED_AGREEMENT,False,3,,,,
d3f1b6e081164df8b368,test,침구,T6 기계변형,q_침구_09,침구추천,생활·마트 중 '침구'를 판매·제공하는 매장,01c8223c-7693-4269-8de1-ef21d68577d4,신흥침구사,침구,중앙신시장,전통시장,경상북도,3.0,3.0,,,RESOLVED_AGREEMENT,False,3,,,,
bbf7f82aeae4e8f14676,test,침구,T6 기계변형,q_침구_09,침구추천,생활·마트 중 '침구'를 판매·제공하는 매장,6c66511a-7a4f-449a-9159-f134f165e432,동광침구,침구,중앙메가프라자,전통시장,대전광역시,3.0,3.0,,,RESOLVED_AGREEMENT,False,3,,,,
51dd546e4e33fa15586b,test,침구,T6 기계변형,q_침구_10,침두,생활·마트 중 '침구'를 판매·제공하는 매장,35b9e8da-b8a6-4851-baf6-2de676c05300,덕보만두,만두,신산격종합시장 골목형상점가,골목형상점가,대구광역시,0.0,0.0,,,RESOLVED_AGREEMENT,False,0,,,,
1f97dc467b23dc8decda,test,침구,T6 기계변형,q_침구_10,침두,생활·마트 중 '침구'를 판매·제공하는 매장,46161106-0e2f-4bdb-8911-3298ab9a7243,오양만두,만두,서둔동 골목형상점가,골목형상점가,경기도,0.0,0.0,,,RESOLVED_AGREEMENT,False,0,,,,
6d625fc94154b7e0e915,test,침구,T6 기계변형,q_침구_10,침두,생활·마트 중 '침구'를 판매·제공하는 매장,00c164d0-76c7-4e7a-9676-ecfdbb052077,크린토피아신창점,세탁,신창수문 골목형상점가,골목형상점가,광주광역시,1.0,0.0,,,P2_GRADED_ONLY,True,,,,,
d74b990f9520b6154715,test,침구,T6 기계변형,q_침구_10,침두,생활·마트 중 '침구'를 판매·제공하는 매장,9c45ac41-323f-44cd-8901-7b4f9793b583,이석만두,만두,가수원상점가,자율상권구역,대전광역시,0.0,0.0,,,RESOLVED_AGREEMENT,False,0,,,,
cbe88f0e12c1755e2523,test,침구,T6 기계변형,q_침구_10,침두,생활·마트 중 '침구'를 판매·제공하는 매장,015d152e-ed78-4d55-a7c5-5c8fce6debf7,후평종합이불,"침구류, 수건",후평일단지시장,전통시장,강원특별자치도,3.0,3.0,,,RESOLVED_AGREEMENT,False,3,,,,
1aa32ca0b831a844cca4,test,침구,T6 기계변형,q_침구_10,침두,생활·마트 중 '침구'를 판매·제공하는 매장,3c3dc3b8-2838-4c77-aeda-6bd7b5882dc3,하까오손만두,만두,부사동 인삼거리 골목형상점가,골목형상점가,대전광역시,0.0,0.0,,,RESOLVED_AGREEMENT,False,0,,,,
82f970e2fb27f7a1a5e9,test,침구,T6 기계변형,q_침구_10,침두,생활·마트 중 '침구'를 판매·제공하는 매장,389915e1-3ba3-42db-8c09-2ef5698c0b6d,독일비타민건강샵,휴게음식,구미새마을중앙시장,전통시장,경상북도,0.0,0.0,,,RESOLVED_AGREEMENT,False,0,,,,
ed875fa68f5da029ea77,test,침구,T6 기계변형,q_침구_10,침두,생활·마트 중 '침구'를 판매·제공하는 매장,5726305e-0723-4eff-84a4-e6c3f120e980,미성당납작만두,만두,지범골목먹거리타운 골목형상점가,골목형상점가,대구광역시,0.0,0.0,,,RESOLVED_AGREEMENT,False,0,,,,
d29b94e7f848624fc2ed,test,침구,T6 기계변형,q_침구_10,침두,생활·마트 중 '침구'를 판매·제공하는 매장,d66745b3-2063-4a23-9bc9-1c435dcb8d69,고향만두,만두,원주자유시장,전통시장,강원특별자치도,0.0,0.0,,,RESOLVED_AGREEMENT,False,0,,,,
82db9d70198c9f2f51ce,test,침구,T6 기계변형,q_침구_10,침두,생활·마트 중 '침구'를 판매·제공하는 매장,83d83af7-79c7-4dff-9df7-55e7277f48ec,엄마손납작만두,만두,칠성원시장,전통시장,대구광역시,0.0,0.0,,,RESOLVED_AGREEMENT,False,0,,,,
ef15156e7a8c6d23a909,test,침구,T6 기계변형,q_침구_10,침두,생활·마트 중 '침구'를 판매·제공하는 매장,e9d4f18a-06b9-4673-8287-8e8017275a76,시장만두,한식,관고전통시장,전통시장,경기도,0.0,0.0,,,RESOLVED_AGREEMENT,False,0,,,,
dce0aeeb754f4a1f9f57,test,침구,T6 기계변형,q_침구_10,침두,생활·마트 중 '침구'를 판매·제공하는 매장,020bee4a-baa0-4c84-a1d2-1ffe5e745eb7,유영주단,"이불, 한복",대가야 자율상권구역,,경상북도,3.0,3.0,,,RESOLVED_AGREEMENT,False,3,,,,
27b944e61eda3f13fe99,test,침구,T6 기계변형,q_침구_10,침두,생활·마트 중 '침구'를 판매·제공하는 매장,2613f2dc-65bb-4746-b383-dfba0ce85bae,옥연만두,만두,청주사창시장,전통시장,충청북도,0.0,0.0,,,RESOLVED_AGREEMENT,False,0,,,,
66cce252a4fd5034d0fb,test,침구,T6 기계변형,q_침구_10,침두,생활·마트 중 '침구'를 판매·제공하는 매장,5c95230f-f707-47c6-91a3-6a5c15b5f3bc,수경손만두,만두,대평동 골목형상점가,골목형상점가,세종특별자치시,0.0,0.0,,,RESOLVED_AGREEMENT,False,0,,,,
53c19fcf3fe6ea28f86d,test,침구,T6 기계변형,q_침구_10,침두,생활·마트 중 '침구'를 판매·제공하는 매장,4586ae15-956f-4a7e-8c38-32064db8780e,나비구두,구두,구리전통시장,전통시장,경기도,0.0,0.0,,,RESOLVED_AGREEMENT,False,0,,,,
b44562d427282cc101e8,test,침구,T6 기계변형,q_침구_10,침두,생활·마트 중 '침구'를 판매·제공하는 매장,f12f1f14-4aff-4465-a716-65c90e4239a3,호연만두,만두,초량전통시장,전통시장,부산광역시,0.0,0.0,,,RESOLVED_AGREEMENT,False,0,,,,
17e0a485afd82844eeaf,test,침구,T6 기계변형,q_침구_10,침두,생활·마트 중 '침구'를 판매·제공하는 매장,a7b36306-b9cd-4a7b-b0b3-044e82b90810,부흥만두,만두,천안중앙시장,전통시장,충청남도,0.0,0.0,,,RESOLVED_AGREEMENT,False,0,,,,
5c2bf026c364dc39b59a,test,침구,T6 기계변형,q_침구_10,침두,생활·마트 중 '침구'를 판매·제공하는 매장,30f17efd-d9cf-429f-b40f-d00c53beb733,천사행복식당,한식,압해읍골목형상점가,골목형상점가,전라남도,0.0,0.0,,,RESOLVED_AGREEMENT,False,0,,,,
601fd5f8a1644dd74bea,test,침구,T6 기계변형,q_침구_10,침두,생활·마트 중 '침구'를 판매·제공하는 매장,101767d7-2b80-49db-89bd-55c5bbd4a4a1,대호손만두,만두,안양관양시장,전통시장,경기도,0.0,0.0,,,RESOLVED_AGREEMENT,False,0,,,,
023952be9a47bf0d522c,test,침구,T6 기계변형,q_침구_10,침두,생활·마트 중 '침구'를 판매·제공하는 매장,8d10d3b6-2dad-4572-8752-f523a8471dad,오빠만두,만두,양주옥정호수공원상점가,골목형상점가,경기도,0.0,0.0,,,RESOLVED_AGREEMENT,False,0,,,,
9bb85af074a828b22cf2,test,침구,T6 기계변형,q_침구_10,침두,생활·마트 중 '침구'를 판매·제공하는 매장,00083664-fb4e-4e3b-bb0a-d9a0a1e8f87f,롯데세탁소,,와룡로 골목형상점가,골목형상점가,전북특별자치도,1.0,0.0,,,P2_GRADED_ONLY,True,,,,,
f29bd7d6a8db5aed4188,test,침구,T6 기계변형,q_침구_10,침두,생활·마트 중 '침구'를 판매·제공하는 매장,b68c105d-fd16-4a58-9349-89e8342795d9,화실만두,만두,원주자유시장,전통시장,강원특별자치도,0.0,0.0,,,RESOLVED_AGREEMENT,False,0,,,,
71fa12d9d29391f652d3,test,침구,T6 기계변형,q_침구_10,침두,생활·마트 중 '침구'를 판매·제공하는 매장,01c8223c-7693-4269-8de1-ef21d68577d4,신흥침구사,침구,중앙신시장,전통시장,경상북도,3.0,3.0,,,RESOLVED_AGREEMENT,False,3,,,,
28f7d022fdfce0aabcd7,test,침구,T6 기계변형,q_침구_10,침두,생활·마트 중 '침구'를 판매·제공하는 매장,0168e10e-c168-404c-83b2-0d1fd89d65e6,루디아,혼수 커튼,양동복개상가,전통시장,,3.0,2.0,,,P2_GRADED_ONLY,True,,,,,
d11908c9d7fa3d3f9a27,test,침구,T6 기계변형,q_침구_10,침두,생활·마트 중 '침구'를 판매·제공하는 매장,033fc658-a256-42a6-8ebf-24763bc43ba1,신광컴퓨터세탁소,세탁소,대야 골목형상점가,골목형상점가,전북특별자치도,1.0,0.0,,,P2_GRADED_ONLY,True,,,,,
39dd7ff2b1a0da343f30,test,침구,T6 기계변형,q_침구_10,침두,생활·마트 중 '침구'를 판매·제공하는 매장,5db2393c-54a9-4e60-99dc-a3f9fe8303a7,한끼만두,만두,신도봉시장,전통시장,서울특별시,0.0,0.0,,,RESOLVED_AGREEMENT,False,0,,,,
cd49f2c4559ef6add121,test,침구,T6 기계변형,q_침구_10,침두,생활·마트 중 '침구'를 판매·제공하는 매장,3f4df234-0983-45e8-9516-09a6aa997761,우리만두,만두,두암2동참판골 골목형상점가,골목형상점가,광주광역시,0.0,0.0,,,RESOLVED_AGREEMENT,False,0,,,,
4e8c5658ba4c8038b41d,test,침구,T6 기계변형,q_침구_10,침두,생활·마트 중 '침구'를 판매·제공하는 매장,8f8ccf5b-09da-40c5-bdd4-1c588f364930,명당만두,만두,수정전통시장,전통시장,부산광역시,0.0,0.0,,,RESOLVED_AGREEMENT,False,0,,,,
bd0f791bf67cd874e268,test,침구,T6 기계변형,q_침구_10,침두,생활·마트 중 '침구'를 판매·제공하는 매장,019c9868-92c6-4e25-b2ea-903f322c9acf,맡겨봐신발세탁,세탁,임동 골목형상점가,골목형상점가,광주광역시,1.0,0.0,,,P2_GRADED_ONLY,True,,,,,
44761785e0e6b8952b15,test,침구,T6 기계변형,q_침구_10,침두,생활·마트 중 '침구'를 판매·제공하는 매장,cc183367-f254-40c2-8746-7921c677c73f,그럴만두,만두,용봉지구 골목형상점가,골목형상점가,광주광역시,0.0,0.0,,,RESOLVED_AGREEMENT,False,0,,,,
e4554f270bd7fb4b54b4,test,침구,T6 기계변형,q_침구_10,침두,생활·마트 중 '침구'를 판매·제공하는 매장,94d2ec71-9ec2-4344-b354-83ed89e054d6,금용만두,만두,구포역세권상점가,자율상권구역,부산광역시,0.0,0.0,,,RESOLVED_AGREEMENT,False,0,,,,
07ea1e8c5dde390e58e7,test,침구,T6 기계변형,q_침구_10,침두,생활·마트 중 '침구'를 판매·제공하는 매장,cfa1eaef-d8ec-48b6-9bc6-75cfc54de1d1,명동만두,만두,부천자유시장,전통시장,경기도,0.0,0.0,,,RESOLVED_AGREEMENT,False,0,,,,
27a30284a12c86cdb0d7,test,침구,T6 기계변형,q_침구_10,침두,생활·마트 중 '침구'를 판매·제공하는 매장,020914cd-8086-4fad-ab39-bbae265d6a60,양진이불,침구,경주성동공설시장,전통시장,경상북도,3.0,3.0,,,RESOLVED_AGREEMENT,False,3,,,,
bc616d70a37aca58929f,test,침구,T6 기계변형,q_침구_10,침두,생활·마트 중 '침구'를 판매·제공하는 매장,d1075d91-769e-48d8-ace0-b0081423b8b5,모아만두,만두,청주사창시장,전통시장,충청북도,0.0,0.0,,,RESOLVED_AGREEMENT,False,0,,,,
d6a2baf2e92d46aaf1f2,test,침구,T6 기계변형,q_침구_10,침두,생활·마트 중 '침구'를 판매·제공하는 매장,01de114b-b852-4451-bf02-e87d19da999b,유메이트,소매업(이불),안양중앙인정시장,전통시장,경기도,3.0,3.0,,,RESOLVED_AGREEMENT,False,3,,,,
b29e91565270389fd1cd,test,침구,T6 기계변형,q_침구_10,침두,생활·마트 중 '침구'를 판매·제공하는 매장,479cf7dd-973e-45e8-a91c-150718469887,철이만두,만두,돌곶이시장,전통시장,서울특별시,0.0,0.0,,,RESOLVED_AGREEMENT,False,0,,,,
e971db32117ed45fa01f,test,침구,T6 기계변형,q_침구_10,침두,생활·마트 중 '침구'를 판매·제공하는 매장,d483c4a5-fe54-4b04-b3bf-9e6ad2ffdd04,핸두,만두,효천로 골목형상점가,골목형상점가,광주광역시,0.0,0.0,,,RESOLVED_AGREEMENT,False,0,,,,
ee89e69f2e3b1b41c36c,test,침구,T6 기계변형,q_침구_10,침두,생활·마트 중 '침구'를 판매·제공하는 매장,c635f3a4-6304-4497-93d4-033e872387ef,춘만두,한식,역삼동 골목형상점가,골목형상점가,서울특별시,0.0,0.0,,,RESOLVED_AGREEMENT,False,0,,,,
1d15cd5aa904bc35a70e,test,침구,T6 기계변형,q_침구_10,침두,생활·마트 중 '침구'를 판매·제공하는 매장,2c385c7e-5a8b-4f70-b4b4-ef1f215b04ae,생생통만두,만두,계양산전통시장,전통시장,인천광역시,0.0,0.0,,,RESOLVED_AGREEMENT,False,0,,,,
762d3ec40d2fb1e89776,test,침구,T6 기계변형,q_침구_10,침두,생활·마트 중 '침구'를 판매·제공하는 매장,903dc2d4-1384-4c10-be5b-dc4db4c321e9,진미만두,만두,의왕도깨비시장,전통시장,경기도,0.0,0.0,,,RESOLVED_AGREEMENT,False,0,,,,
777bebf58fae3058f0ce,test,침구,T6 기계변형,q_침구_10,침두,생활·마트 중 '침구'를 판매·제공하는 매장,01022b54-7fac-43ff-8e1e-8e0c95d34ac6,아이편한♥소리잠매트,침구 등,성남프라자,전통시장,울산광역시,3.0,3.0,,,RESOLVED_AGREEMENT,False,3,,,,
37658dc48f8913832658,test,침구,T6 기계변형,q_침구_10,침두,생활·마트 중 '침구'를 판매·제공하는 매장,06a2e1ce-3b99-4e0f-88de-bc4e31d9f439,짱만두,만두,행복상점가,자율상권구역,경상북도,0.0,0.0,,,RESOLVED_AGREEMENT,False,0,,,,
6e401ba702c2c0bef0f1,test,침구,T6 기계변형,q_침구_10,침두,생활·마트 중 '침구'를 판매·제공하는 매장,b137b53e-5958-484a-8756-0622ac8f9030,한강손만두,만두,이촌종합시장,전통시장,서울특별시,0.0,0.0,,,RESOLVED_AGREEMENT,False,0,,,,
2f5d18631caf24d31b4d,test,침구,T6 기계변형,q_침구_10,침두,생활·마트 중 '침구'를 판매·제공하는 매장,be81d247-2f6e-4668-9231-3123bfc315a7,임계만두,만두,동쪽바다중앙시장(구 동해중앙시장),전통시장,강원특별자치도,0.0,0.0,,,RESOLVED_AGREEMENT,False,0,,,,
2d2f9cd512fcd6da2e38,test,침구,T6 기계변형,q_침구_10,침두,생활·마트 중 '침구'를 판매·제공하는 매장,64e5c998-9146-41c6-8bd6-8750f32ad3ca,영선만두,만두,칠성본시장,전통시장,대구광역시,0.0,0.0,,,RESOLVED_AGREEMENT,False,0,,,,
a36684e141aec30185bc,test,침구,T6 기계변형,q_침구_10,침두,생활·마트 중 '침구'를 판매·제공하는 매장,2d63c0fa-1e70-42bd-ac34-4595f4c6aa30,산동만두,만두,신정상가시장,전통시장,울산광역시,0.0,0.0,,,RESOLVED_AGREEMENT,False,0,,,,
bff8039cf4d36014030a,test,침구,T6 기계변형,q_침구_10,침두,생활·마트 중 '침구'를 판매·제공하는 매장,00f84355-823b-4c23-bb49-e842bf41a1a3,금호커텐,커튼,양동복개상가,전통시장,,3.0,2.0,,,P2_GRADED_ONLY,True,,,,,
73e4a2589368a7c5f6e1,test,침구,T6 기계변형,q_침구_10,침두,생활·마트 중 '침구'를 판매·제공하는 매장,415808ce-735f-47c0-a5e1-739be2ae8aed,옵서예만두,만두,연산골목시장상점가,자율상권구역,부산광역시,0.0,0.0,,,RESOLVED_AGREEMENT,False,0,,,,
a7962727b79b59ed1222,test,침구,T6 기계변형,q_침구_10,침두,생활·마트 중 '침구'를 판매·제공하는 매장,eb4c0a8b-6e42-416a-903e-ed0d4ea076ae,그럴만두,만두,참샘상인회 골목형상점가,골목형상점가,광주광역시,0.0,0.0,,,RESOLVED_AGREEMENT,False,0,,,,
629327b8e81b3d2d0842,test,침구,T6 기계변형,q_침구_10,침두,생활·마트 중 '침구'를 판매·제공하는 매장,1908e85d-3ab7-402f-a34e-f3edb7e05a4a,무한감자탕뼈구이,한식,청당2번가 골목형상점가,골목형상점가,충청남도,0.0,0.0,,,RESOLVED_AGREEMENT,False,0,,,,
ca12c253d8a59b67be01,test,침구,T6 기계변형,q_침구_10,침두,생활·마트 중 '침구'를 판매·제공하는 매장,8d270d18-3a8a-418a-8ea6-eeef4deb63f3,무두,음식,보이저진월 골목형상점가,골목형상점가,광주광역시,0.0,0.0,,,RESOLVED_AGREEMENT,False,0,,,,
47b45f1be8e9ab5b7998,test,침구,T6 기계변형,q_침구_10,침두,생활·마트 중 '침구'를 판매·제공하는 매장,00e34fb5-e7d3-43aa-b574-400ee31abae5,은혜만두,만두,북동 골목형상점가,골목형상점가,광주광역시,0.0,0.0,,,RESOLVED_AGREEMENT,False,0,,,,
6cb2b7e94bec103a6694,test,침구,T6 기계변형,q_침구_10,침두,생활·마트 중 '침구'를 판매·제공하는 매장,02187a22-27d8-4fad-a650-42495bec004f,부흥상회,이불,용현시장,전통시장,인천광역시,3.0,3.0,,,RESOLVED_AGREEMENT,False,3,,,,
8af70a647c01db08fe39,test,침구,T6 기계변형,q_침구_10,침두,생활·마트 중 '침구'를 판매·제공하는 매장,abcc7cbc-f5bd-4367-bc39-17dbc3212bda,진심만두,만두,대전정원시장,전통시장,대전광역시,0.0,0.0,,,RESOLVED_AGREEMENT,False,0,,,,
23ed726a9ff1ca0bb81e,test,침구,T6 기계변형,q_침구_10,침두,생활·마트 중 '침구'를 판매·제공하는 매장,3c6ac8f9-a5ab-4cf1-aee9-be44918d5542,소코아,카레,상무연하상인회 골목형상점가,골목형상점가,광주광역시,0.0,0.0,,,RESOLVED_AGREEMENT,False,0,,,,
0b98ae9b436e9f2d93ef,test,침구,T6 기계변형,q_침구_10,침두,생활·마트 중 '침구'를 판매·제공하는 매장,01fa75f4-4cdb-4d62-931a-2b130cdef613,에띠앙이불집,이불,익산장(구 북부장),전통시장,전북특별자치도,3.0,3.0,,,RESOLVED_AGREEMENT,False,3,,,,
975af93282245907719b,test,침구,T6 기계변형,q_침구_10,침두,생활·마트 중 '침구'를 판매·제공하는 매장,be674521-7e1b-4b30-8ef8-2ca902b64fbc,본만두,만두,예석 골목형상점가,골목형상점가,충청남도,0.0,0.0,,,RESOLVED_AGREEMENT,False,0,,,,
42b840765dc4a97abecf,test,침구,T6 기계변형,q_침구_10,침두,생활·마트 중 '침구'를 판매·제공하는 매장,a4255f11-991c-4549-bab6-476b4d71a4d5,광진약업사,한약,대구약령시장,전통시장,대구광역시,0.0,0.0,,,RESOLVED_AGREEMENT,False,0,,,,
4b599059f569d38d5b8c,test,침구,T6 기계변형,q_침구_10,침두,생활·마트 중 '침구'를 판매·제공하는 매장,126571a5-c768-4cf0-9328-c6de5217f2f2,유리구두,구두,강남역지하도상점가,일반지하상점가,서울특별시,0.0,0.0,,,RESOLVED_AGREEMENT,False,0,,,,
df02283fe46fe7fd431c,test,침구,T6 기계변형,q_침구_10,침두,생활·마트 중 '침구'를 판매·제공하는 매장,93a21205-3c44-40d5-9f2e-f1d03be41509,무아만두,만두,구성언남 골목형상점가,골목형상점가,경기도,0.0,0.0,,,RESOLVED_AGREEMENT,False,0,,,,
9803d3a154ca2ceec33a,test,침구,T6 기계변형,q_침구_10,침두,생활·마트 중 '침구'를 판매·제공하는 매장,9954bf0c-4bb6-43e4-97a7-10ca7dcd8524,통큰만두,만두,퐁당거리 골목형상점가,골목형상점가,전라남도,0.0,0.0,,,RESOLVED_AGREEMENT,False,0,,,,
0502a23ebe6b4d7c6a9a,test,침구,T6 기계변형,q_침구_10,침두,생활·마트 중 '침구'를 판매·제공하는 매장,f489394a-a57d-48fc-bd75-cf310dc998f2,창민만두,만두,청구시장,전통시장,대구광역시,0.0,0.0,,,RESOLVED_AGREEMENT,False,0,,,,
fb2a2ff7f45a1fc11b63,test,침구,T6 기계변형,q_침구_10,침두,생활·마트 중 '침구'를 판매·제공하는 매장,472ef84c-d521-4fd7-9e50-2c489d103e44,대박손만두,만두,청주육거리종합시장,전통시장,충청북도,0.0,0.0,,,RESOLVED_AGREEMENT,False,0,,,,
af7cbf4ad32418528388,test,침구,T6 기계변형,q_침구_10,침두,생활·마트 중 '침구'를 판매·제공하는 매장,009cda97-be64-4deb-8311-f6e42d4eca25,갤러리커튼,커튼블라인드침구,홀릭스,골목형상점가,광주광역시,3.0,3.0,,,RESOLVED_AGREEMENT,False,3,,,,
278a7bd7f5b5e839129d,test,침구,T6 기계변형,q_침구_10,침두,생활·마트 중 '침구'를 판매·제공하는 매장,26ba9f4f-748d-47ea-97e2-74ac483ff388,미니만두,만두,흥해시장,전통시장,경상북도,0.0,0.0,,,RESOLVED_AGREEMENT,False,0,,,,
a8aeb9412fff07f794a6,test,침구,T6 기계변형,q_침구_10,침두,생활·마트 중 '침구'를 판매·제공하는 매장,3b91ec2a-2606-41d3-9120-a40662269044,호호만두,만두,신창수문 골목형상점가,골목형상점가,광주광역시,0.0,0.0,,,RESOLVED_AGREEMENT,False,0,,,,
f3ef6ad69256935f6809,test,침구,T6 기계변형,q_침구_10,침두,생활·마트 중 '침구'를 판매·제공하는 매장,020246a6-0250-41f7-93e8-4b7cbdd9f5e2,덕광상회,이불,금산금빛시장(금산시장),전통시장,충청남도,3.0,3.0,,,RESOLVED_AGREEMENT,False,3,,,,
68f49367732ec73ddb71,test,침구,T6 기계변형,q_침구_10,침두,생활·마트 중 '침구'를 판매·제공하는 매장,96f50398-2b80-4734-a344-4dbfe754629b,에이뉴배트,알루미늄배트,백년소상공인,기타,경상북도,0.0,0.0,,,RESOLVED_AGREEMENT,False,0,,,,
ea8ec6e48135657a583e,test,침구,T6 기계변형,q_침구_10,침두,생활·마트 중 '침구'를 판매·제공하는 매장,05291547-c22d-430e-95c2-e31bda19a90a,슈퍼타이 본점,세탁,월드시티상가 골목형상점가,골목형상점가,울산광역시,1.0,0.0,,,P2_GRADED_ONLY,True,,,,,
471ce3b73b29a3599d52,test,침구,T6 기계변형,q_침구_10,침두,생활·마트 중 '침구'를 판매·제공하는 매장,a3aaee09-8a16-4288-a267-c0c055a94a07,도담만두,만두,신봉동 온누리 골목형상점가,골목형상점가,경기도,0.0,0.0,,,RESOLVED_AGREEMENT,False,0,,,,
6c0c6987efb438584838,test,침구,T6 기계변형,q_침구_10,침두,생활·마트 중 '침구'를 판매·제공하는 매장,1a3f8172-6cfa-48c1-934b-3724bd4cd50a,완두,의류,서문시장2지구 종합상가,전통시장,대구광역시,1.0,0.0,,,P2_GRADED_ONLY,True,,,,,
9e626140715c01629530,test,침구,T6 기계변형,q_침구_10,침두,생활·마트 중 '침구'를 판매·제공하는 매장,41f7e55d-ee69-431a-b571-6156eed34b3e,감자만두,만두,두호1시장,전통시장,경상북도,0.0,0.0,,,RESOLVED_AGREEMENT,False,0,,,,
3bec492d1eedd3d7c192,test,침구,T6 기계변형,q_침구_10,침두,생활·마트 중 '침구'를 판매·제공하는 매장,45d62901-2b61-493a-b793-53e77a2bf233,광수만두,만두,금호상인회 골목형상점가,골목형상점가,광주광역시,0.0,0.0,,,RESOLVED_AGREEMENT,False,0,,,,
3c85ac97285f6790adfd,test,침구,T6 기계변형,q_침구_10,침두,생활·마트 중 '침구'를 판매·제공하는 매장,7fb27403-28ca-4cc0-b090-7ff99007c830,아담만두,만두,부평문화인의거리골목형상점가,골목형상점가,인천광역시,0.0,0.0,,,RESOLVED_AGREEMENT,False,0,,,,
a1c641ad2bda19942f55,test,침구,T6 기계변형,q_침구_10,침두,생활·마트 중 '침구'를 판매·제공하는 매장,012f526e-9f74-4b7a-86ab-887e82649cba,나주커튼,커튼,나주목사고을시장,전통시장,,3.0,2.0,,,P2_GRADED_ONLY,True,,,,,
6f51061e38abe0d5b325,test,침구,T6 기계변형,q_침구_10,침두,생활·마트 중 '침구'를 판매·제공하는 매장,6147b1d1-9240-417c-9c32-58446a0a1696,영만두,만두,복대시장,전통시장,충청북도,0.0,0.0,,,RESOLVED_AGREEMENT,False,0,,,,
c24c73ce600bac83026d,test,침구,T6 기계변형,q_침구_10,침두,생활·마트 중 '침구'를 판매·제공하는 매장,45225395-481d-48d0-aea9-2f6620231636,우리웰빙만두,만두,대구교동시장,전통시장,대구광역시,0.0,0.0,,,RESOLVED_AGREEMENT,False,0,,,,
b676565386eaa1302867,test,침구,T6 기계변형,q_침구_10,침두,생활·마트 중 '침구'를 판매·제공하는 매장,9f32988e-c732-4b7b-a9b0-9c03a8ead883,화정만두,만두,화삼골상인회 골목형상점가,골목형상점가,광주광역시,0.0,0.0,,,RESOLVED_AGREEMENT,False,0,,,,
ddbbcc7e7a38f823dc2b,test,침구,T6 기계변형,q_침구_10,침두,생활·마트 중 '침구'를 판매·제공하는 매장,00831337-1223-4dcf-9c42-67ca874b1ef6,무지개,침구류,부산진시장,전통시장,부산광역시,3.0,3.0,,,RESOLVED_AGREEMENT,False,3,,,,
8c3e92d958489c1f2113,test,침구,T6 기계변형,q_침구_10,침두,생활·마트 중 '침구'를 판매·제공하는 매장,d6a1f694-0466-4f83-9c24-e7a5bd51a8b4,별난만두,만두,목포동부시장,전통시장,전라남도,0.0,0.0,,,RESOLVED_AGREEMENT,False,0,,,,
18b0e85cdfe36a9faa8e,test,침구,T6 기계변형,q_침구_10,침두,생활·마트 중 '침구'를 판매·제공하는 매장,c72865af-0ec7-488f-9e4e-68cdb0da8f1d,대궐곰만두,,홀릭스,골목형상점가,,0.0,0.0,,,RESOLVED_AGREEMENT,False,0,,,,
5545724468a3818e5a61,test,침구,T6 기계변형,q_침구_10,침두,생활·마트 중 '침구'를 판매·제공하는 매장,764e21ea-3457-4269-a210-e6cf26635035,수파크스크린골프,파크스크린써비스,수유시장,전통시장,서울특별시,0.0,0.0,,,RESOLVED_AGREEMENT,False,0,,,,
3cfa05916453ec3ebcb2,test,침구,T6 기계변형,q_침구_10,침두,생활·마트 중 '침구'를 판매·제공하는 매장,dc92b2eb-5979-4c3b-8d97-a2778cd127d4,삼촌만두,만두,영월종합상가,전통시장,강원특별자치도,0.0,0.0,,,RESOLVED_AGREEMENT,False,0,,,,
4adc97ce7ebcb7898f88,test,침구,T6 기계변형,q_침구_10,침두,생활·마트 중 '침구'를 판매·제공하는 매장,0214317c-c9f8-4af4-8b93-7d7d52ee1acb,창과방,커튼,남대문시장,전통시장,서울특별시,3.0,2.0,,,P2_GRADED_ONLY,True,,,,,
c5032d5434eeee18c47f,test,침구,T6 기계변형,q_침구_10,침두,생활·마트 중 '침구'를 판매·제공하는 매장,e039126e-6171-4da5-9056-ba8533a70859,명랑시대 쌀 핫도그 경성대점,"핫도그, 떡볶이",유엔남구 대학로 상권,,부산광역시,0.0,0.0,,,RESOLVED_AGREEMENT,False,0,,,,
2da8eed21edf1b0dfb80,test,침구,T6 기계변형,q_침구_10,침두,생활·마트 중 '침구'를 판매·제공하는 매장,b4704186-5a1b-4ecf-b444-9fc86c8e5b74,신영남만두,만두,칠성본시장,전통시장,대구광역시,0.0,0.0,,,RESOLVED_AGREEMENT,False,0,,,,
c8afa5190e9535390d1a,test,침구,T6 기계변형,q_침구_10,침두,생활·마트 중 '침구'를 판매·제공하는 매장,b5cde6f7-d102-49da-a75a-cb92d0a4588a,수제만두,만두,복이있는덕포시장,전통시장,부산광역시,0.0,0.0,,,RESOLVED_AGREEMENT,False,0,,,,
01bf9330317f42222983,test,침구,T6 기계변형,q_침구_10,침두,생활·마트 중 '침구'를 판매·제공하는 매장,9e0359dd-9273-45e4-81f8-1a13e80d9006,모모만두,만두,화서시장,전통시장,경기도,0.0,0.0,,,RESOLVED_AGREEMENT,False,0,,,,
38c277ab4c1e2c935125,test,침구,T6 기계변형,q_침구_10,침두,생활·마트 중 '침구'를 판매·제공하는 매장,02149791-6e33-4077-a92d-4f7756bbaa40,잉꼬이불,이불,센트럴프라자,골목형상점가,울산광역시,3.0,3.0,,,RESOLVED_AGREEMENT,False,3,,,,
093598ec1baeb3ecf065,test,침구,T6 기계변형,q_침구_10,침두,생활·마트 중 '침구'를 판매·제공하는 매장,178b9363-1bdb-40d4-951e-f6d97ddef34c,부산만두,만두,경주중앙시장,전통시장,경상북도,0.0,0.0,,,RESOLVED_AGREEMENT,False,0,,,,
ab94a4540782d56d27bf,test,침구,T6 기계변형,q_침구_10,침두,생활·마트 중 '침구'를 판매·제공하는 매장,d8fea2cf-2aab-4cd7-b933-ef6d2678f5f8,침향귀뜸봉,귀뜸봉,대사동 보문산 골목형상점가,골목형상점가,대전광역시,0.0,0.0,,,RESOLVED_AGREEMENT,False,0,,,,
06b79d9a001144ec8b0a,test,침구,T6 기계변형,q_침구_10,침두,생활·마트 중 '침구'를 판매·제공하는 매장,0056f4f0-208d-4d7c-996c-9e6526fea6cf,한일침구,침구,목포원도심상점가,자율상권구역,전라남도,3.0,3.0,,,RESOLVED_AGREEMENT,False,3,,,,
a5ef4f2afc56c79666d4,test,침구,T6 기계변형,q_침구_10,침두,생활·마트 중 '침구'를 판매·제공하는 매장,115c11cd-d133-4c97-bc3b-d2157395f565,할매육칼두,한식,지족동 골목형상점가,골목형상점가,대전광역시,0.0,0.0,,,RESOLVED_AGREEMENT,False,0,,,,
60bbdecfc9e38f8de124,test,침구,T6 기계변형,q_침구_10,침두,생활·마트 중 '침구'를 판매·제공하는 매장,1b0032f6-1cc3-4466-ba1f-2fc85261315c,복만두,만두,도마큰시장,전통시장,대전광역시,0.0,0.0,,,RESOLVED_AGREEMENT,False,0,,,,
ab0449e6b0b5c74f71bc,test,칼국수,T1 정확표기,q_칼국수_01,국수,음식점 중 '칼국수'를 판매·제공하는 매장,00baf772-7ca3-475a-a614-a5dc35286be7,시골막국수와 옹심이 충북혁신도시점,막국수,맹동혁신골목형상점가,골목형상점가,충청북도,3.0,3.0,,,RESOLVED_AGREEMENT,False,3,,,,
ab0b3d545555ff19e2ac,test,칼국수,T1 정확표기,q_칼국수_01,국수,음식점 중 '칼국수'를 판매·제공하는 매장,00d50d90-8afb-448e-b0fa-401fedd78dcb,공산성국수,국수,공산성골목형상점가,골목형상점가,충청남도,3.0,3.0,,,RESOLVED_AGREEMENT,False,3,,,,
eab7643de1101b031e15,test,칼국수,T1 정확표기,q_칼국수_01,국수,음식점 중 '칼국수'를 판매·제공하는 매장,b9c8dd46-3af9-4559-b1a8-3ce3cdbd3f0a,잔치국수,국수,동해남부재래시장,전통시장,강원특별자치도,3.0,3.0,,,RESOLVED_AGREEMENT,False,3,,,,
db6ac1d0cde2d9ef484a,test,칼국수,T1 정확표기,q_칼국수_01,국수,음식점 중 '칼국수'를 판매·제공하는 매장,5bc9c75c-a619-4898-bcde-983e7a8d1d9c,국수랑묵이랑,국수,엄사 골목형상점가,골목형상점가,충청남도,3.0,3.0,,,RESOLVED_AGREEMENT,False,3,,,,
6967c09369792f931db6,test,칼국수,T1 정확표기,q_칼국수_01,국수,음식점 중 '칼국수'를 판매·제공하는 매장,369c00db-6623-40ee-befb-7365669c9672,우리국수,국수,진주 새서부시장,전통시장,경상남도,3.0,3.0,,,RESOLVED_AGREEMENT,False,3,,,,
bc66b07bc45cb68205a6,test,칼국수,T1 정확표기,q_칼국수_01,국수,음식점 중 '칼국수'를 판매·제공하는 매장,0000a9c5-57f2-4719-9ec3-e5d864c7f008,새여울잔치국수,국수,용정 골목형상점가,골목형상점가,대전광역시,3.0,3.0,,,RESOLVED_AGREEMENT,False,3,,,,
f3c43deb472de2ec8cbf,test,칼국수,T1 정확표기,q_칼국수_01,국수,음식점 중 '칼국수'를 판매·제공하는 매장,ef3fdba9-8886-4ab2-ba31-478d531881e9,오엔(ON)국수,국수,강원대학교후문골목형상점가,골목형상점가,강원특별자치도,3.0,3.0,,,RESOLVED_AGREEMENT,False,3,,,,
a6f6b5e17ec3a865f24a,test,칼국수,T1 정확표기,q_칼국수_01,국수,음식점 중 '칼국수'를 판매·제공하는 매장,06f75744-2402-4294-b625-ea7e792558a0,시장국수,국수,김천평화시장,전통시장,경상북도,3.0,3.0,,,RESOLVED_AGREEMENT,False,3,,,,
8c87c917d43fb0c3f199,test,칼국수,T1 정확표기,q_칼국수_01,국수,음식점 중 '칼국수'를 판매·제공하는 매장,d73effdc-aafc-46b9-b7d3-54597c782abb,만나국수,국수,조암시장,전통시장,경기도,3.0,3.0,,,RESOLVED_AGREEMENT,False,3,,,,
fef15f6f6b042df93c5d,test,칼국수,T1 정확표기,q_칼국수_01,국수,음식점 중 '칼국수'를 판매·제공하는 매장,01e8f807-6020-486c-bd59-38a7035bc453,구례밀밭,국수,화엄상가(골목형상점가),골목형상점가,전라남도,3.0,3.0,,,RESOLVED_AGREEMENT,False,3,,,,
7e6ed5eec7764662b784,test,칼국수,T1 정확표기,q_칼국수_01,국수,음식점 중 '칼국수'를 판매·제공하는 매장,bcc60ef3-7838-47fa-9437-111414384f94,그날..국수,국수,외대글로벌길 골목형상점가,골목형상점가,경기도,3.0,3.0,,,RESOLVED_AGREEMENT,False,3,,,,
9fb880fcaa863380a9d1,test,칼국수,T1 정확표기,q_칼국수_01,국수,음식점 중 '칼국수'를 판매·제공하는 매장,f85f191a-9025-493a-b780-da021d722bca,왕한율,국수,충주무학시장,전통시장,충청북도,3.0,3.0,,,RESOLVED_AGREEMENT,False,3,,,,
206c9484d5e2a184ed61,test,칼국수,T1 정확표기,q_칼국수_01,국수,음식점 중 '칼국수'를 판매·제공하는 매장,b58fbae4-374a-49c6-8732-12f9c802556a,산수유국수,국수,지리산나들이장터,전통시장,전라남도,3.0,3.0,,,RESOLVED_AGREEMENT,False,3,,,,
b17893147e3565acf706,test,칼국수,T1 정확표기,q_칼국수_01,국수,음식점 중 '칼국수'를 판매·제공하는 매장,b0238905-4861-4ede-975e-788778c27467,진우네집 국수,국수,국수거리 골목형상점가,골목형상점가,전라남도,3.0,3.0,,,RESOLVED_AGREEMENT,False,3,,,,
5cc58087493f8ebc565a,test,칼국수,T1 정확표기,q_칼국수_01,국수,음식점 중 '칼국수'를 판매·제공하는 매장,685a4c35-7956-482a-8af5-41339c6af85d,케이헤어샵,헤어미용,중흥햇빛촌 골목형상점가,골목형상점가,광주광역시,0.0,0.0,,,RESOLVED_AGREEMENT,False,0,,,,
04e6b428ca2fc2abe9b5,test,칼국수,T1 정확표기,q_칼국수_01,국수,음식점 중 '칼국수'를 판매·제공하는 매장,026a0871-a49e-4bdc-b5b8-6aa08f84947a,유정이네 국수,국수,나성동 국세청 골목형상점가,골목형상점가,세종특별자치시,3.0,3.0,,,RESOLVED_AGREEMENT,False,3,,,,
8360af4976d0f8685d09,test,칼국수,T1 정확표기,q_칼국수_01,국수,음식점 중 '칼국수'를 판매·제공하는 매장,77f78289-dd6a-4294-9d9d-dfcfca9c88d7,국수,한식,샛강두리골목형상점가,골목형상점가,서울특별시,2.0,3.0,,,P2_GRADED_ONLY,True,,,,,
507c9967fe6ff83f9eea,test,칼국수,T1 정확표기,q_칼국수_01,국수,음식점 중 '칼국수'를 판매·제공하는 매장,0182c177-fcc7-47b0-8e12-99eb221aff79,시장초장식당,"칼국수, 열무비빔밥, 국, 반찬",경주중앙시장,전통시장,경상북도,3.0,3.0,,,RESOLVED_AGREEMENT,False,3,,,,
cada1804f567c5033841,test,칼국수,T1 정확표기,q_칼국수_01,국수,음식점 중 '칼국수'를 판매·제공하는 매장,0cdea40b-df17-41f5-aad7-8d3cfefc0f89,수제비집,수제비,주막거리상점가,자율상권구역,경기도,3.0,3.0,,,RESOLVED_AGREEMENT,False,3,,,,
7f2fb3ec1bc7b2766e99,test,칼국수,T1 정확표기,q_칼국수_01,국수,음식점 중 '칼국수'를 판매·제공하는 매장,f35b7551-6858-42ac-9bc8-5cb043e836d4,권혁규손국수,국수,부평종합시장,전통시장,인천광역시,3.0,3.0,,,RESOLVED_AGREEMENT,False,3,,,,
ee16247f0bb2a7a051ae,test,칼국수,T1 정확표기,q_칼국수_01,국수,음식점 중 '칼국수'를 판매·제공하는 매장,bd10e01e-0964-4575-84c3-f7c449dfb3a1,뚝방국수,국수,담양중앙3번가 골목형상점가,골목형상점가,전라남도,3.0,3.0,,,RESOLVED_AGREEMENT,False,3,,,,
772aac70932af5949ecf,test,칼국수,T1 정확표기,q_칼국수_01,국수,음식점 중 '칼국수'를 판매·제공하는 매장,01a468d2-cf3e-4db1-826a-771917b2e910,제주일월국수,국수,관평동 골목형상점가,골목형상점가,대전광역시,3.0,3.0,,,RESOLVED_AGREEMENT,False,3,,,,
16f9f46604a114f0ce70,test,칼국수,T1 정확표기,q_칼국수_01,국수,음식점 중 '칼국수'를 판매·제공하는 매장,2f3d0c2f-dbd9-4d48-aa2d-7ac54e054219,우암국수,국수,청주북부시장,전통시장,충청북도,3.0,3.0,,,RESOLVED_AGREEMENT,False,3,,,,
70fbe5e3dab3efe32d0c,test,칼국수,T1 정확표기,q_칼국수_01,국수,음식점 중 '칼국수'를 판매·제공하는 매장,c23275e4-6a03-4561-b11b-b33de58f670d,들안길,국수,칠성시장,전통시장,대구광역시,3.0,3.0,,,RESOLVED_AGREEMENT,False,3,,,,
48517b9483bc73fd5024,test,칼국수,T1 정확표기,q_칼국수_01,국수,음식점 중 '칼국수'를 판매·제공하는 매장,375e02dc-0bcf-48e9-a1ee-407214a54f94,국수집,국수,조종시장,전통시장,경기도,3.0,3.0,,,RESOLVED_AGREEMENT,False,3,,,,
c28d28bae0f2f141dae7,test,칼국수,T1 정확표기,q_칼국수_01,국수,음식점 중 '칼국수'를 판매·제공하는 매장,aaf99dc5-5259-4634-85ca-1a0a0edcc813,조은날N국수,국수,소담마실길 골목형상점가,골목형상점가,세종특별자치시,3.0,3.0,,,RESOLVED_AGREEMENT,False,3,,,,
91cef3cd000bd4d90dc6,test,칼국수,T1 정확표기,q_칼국수_01,국수,음식점 중 '칼국수'를 판매·제공하는 매장,8580b405-72f3-4a0a-a205-97557fa181aa,이모칼국수,국수,거제시장,전통시장,부산광역시,3.0,3.0,,,RESOLVED_AGREEMENT,False,3,,,,
544ffd4b8e71f76bc3af,test,칼국수,T1 정확표기,q_칼국수_01,국수,음식점 중 '칼국수'를 판매·제공하는 매장,0d36cfdd-f8a4-41f1-a864-8a98a8a82fff,우리분식,수제비,포항죽도시장,전통시장,경상북도,3.0,3.0,,,RESOLVED_AGREEMENT,False,3,,,,
c482dd46ee65bd0ffe8a,test,칼국수,T1 정확표기,q_칼국수_01,국수,음식점 중 '칼국수'를 판매·제공하는 매장,6c995fa6-db9e-42ab-a0cd-6b5dbad58c3b,소회네 국수,분식,밀양 내일전통시장,전통시장,경상남도,2.0,3.0,,,P2_GRADED_ONLY,True,,,,,
dfad644303a5e9385599,test,칼국수,T1 정확표기,q_칼국수_01,국수,음식점 중 '칼국수'를 판매·제공하는 매장,0b26ec14-485f-4826-8e69-f2e2fd0ef91e,원조어탕,어탕수제비.칼국수,구미 금리단길 골목형상점가,골목형상점가,경상북도,3.0,3.0,,,RESOLVED_AGREEMENT,False,3,,,,
3a7a7a609268d9b6b8c2,test,칼국수,T1 정확표기,q_칼국수_01,국수,음식점 중 '칼국수'를 판매·제공하는 매장,2f7ef796-3436-4a31-97d7-9c935f34f4fa,피플,"잡화, 기념품",누웨마루거리상점가,자율상권구역,제주특별자치도,0.0,0.0,,,RESOLVED_AGREEMENT,False,0,,,,
395592482ee465d7fe12,test,칼국수,T1 정확표기,q_칼국수_01,국수,음식점 중 '칼국수'를 판매·제공하는 매장,61fe860e-a117-4ee5-bc48-6aebb47d557a,국수나라,국수,예산상설시장,전통시장,충청남도,3.0,3.0,,,RESOLVED_AGREEMENT,False,3,,,,
7c80a846d999499dd790,test,칼국수,T1 정확표기,q_칼국수_01,국수,음식점 중 '칼국수'를 판매·제공하는 매장,2ed713f1-2bff-4afd-ac91-f80e5c08331f,국수집,국수,호계종합시장,전통시장,경기도,3.0,3.0,,,RESOLVED_AGREEMENT,False,3,,,,
3db83a5a2119f2f92c11,test,칼국수,T1 정확표기,q_칼국수_01,국수,음식점 중 '칼국수'를 판매·제공하는 매장,2ffc1f39-0937-4b31-91d8-0a9a62bb012c,춘천막국수,국수,청량리종합시장,전통시장,서울특별시,3.0,3.0,,,RESOLVED_AGREEMENT,False,3,,,,
5c0bb0ec29bd3817dd33,test,칼국수,T1 정확표기,q_칼국수_01,국수,음식점 중 '칼국수'를 판매·제공하는 매장,c8a24ab8-6e8d-4a54-a023-9d33acb699fe,이정자국수,국수,외대글로벌길 골목형상점가,골목형상점가,경기도,3.0,3.0,,,RESOLVED_AGREEMENT,False,3,,,,
7aed45ea2116822b64f8,test,칼국수,T1 정확표기,q_칼국수_01,국수,음식점 중 '칼국수'를 판매·제공하는 매장,5ed0ae7b-03be-4662-8b23-f5997b06dcb3,할매국수,국수,무주시장(반딧불장터),전통시장,전북특별자치도,3.0,3.0,,,RESOLVED_AGREEMENT,False,3,,,,
0df931aef05a6507ee48,test,칼국수,T1 정확표기,q_칼국수_01,국수,음식점 중 '칼국수'를 판매·제공하는 매장,fb138867-9420-4295-a1ea-8846f4c00b03,국수소리,국수,세종대평시장,전통시장,세종특별자치시,3.0,3.0,,,RESOLVED_AGREEMENT,False,3,,,,
087f97ecd0e5558951fa,test,칼국수,T1 정확표기,q_칼국수_01,국수,음식점 중 '칼국수'를 판매·제공하는 매장,01204ba5-bc3e-4a17-83cd-1dd9bee98d5e,규수방,국수,대전정원시장,전통시장,대전광역시,3.0,3.0,,,RESOLVED_AGREEMENT,False,3,,,,
b3f7d925dc3d6c5905a5,test,칼국수,T1 정확표기,q_칼국수_01,국수,음식점 중 '칼국수'를 판매·제공하는 매장,4f06413d-8bd4-4e47-bf58-5a3e575c3866,소낭국수,국수,외도3 골목형상점가,골목형상점가,제주특별자치도,3.0,3.0,,,RESOLVED_AGREEMENT,False,3,,,,
70f88fdebf23b211b262,test,칼국수,T1 정확표기,q_칼국수_01,국수,음식점 중 '칼국수'를 판매·제공하는 매장,a3c0f859-090a-404f-a3a5-e741ae368f89,사창국수,국수,청주사창시장,전통시장,충청북도,3.0,3.0,,,RESOLVED_AGREEMENT,False,3,,,,
44dded79f530efcf7a8e,test,칼국수,T1 정확표기,q_칼국수_01,국수,음식점 중 '칼국수'를 판매·제공하는 매장,7c1e1c34-0112-4551-b545-c7be61b87efb,상동국수,국수,부천상동시장,전통시장,경기도,3.0,3.0,,,RESOLVED_AGREEMENT,False,3,,,,
111e4cc6e02cce49b46c,test,칼국수,T1 정확표기,q_칼국수_01,국수,음식점 중 '칼국수'를 판매·제공하는 매장,2783796b-a2ef-4e20-a3b2-ca2560fc34fe,큰들국수,국수,진주 자유시장,전통시장,경상남도,3.0,3.0,,,RESOLVED_AGREEMENT,False,3,,,,
72b54ab16509f82d5bcb,test,칼국수,T1 정확표기,q_칼국수_01,국수,음식점 중 '칼국수'를 판매·제공하는 매장,9ba2d291-430b-44e0-b4a8-e3da38a38053,백록국수,국수,더센트럴 골목형상점가,골목형상점가,세종특별자치시,3.0,3.0,,,RESOLVED_AGREEMENT,False,3,,,,
2b0284e80a2920f6fdc2,test,칼국수,T1 정확표기,q_칼국수_01,국수,음식점 중 '칼국수'를 판매·제공하는 매장,4c933697-3869-454d-a70d-ee89e7b7883c,진국수,국수,원당온누리 골목형상점가,골목형상점가,경기도,3.0,3.0,,,RESOLVED_AGREEMENT,False,3,,,,
02c2761b6feac68a3a84,test,칼국수,T1 정확표기,q_칼국수_01,국수,음식점 중 '칼국수'를 판매·제공하는 매장,7e03c7a9-d8a2-4755-81fc-256852e3a5e7,금풍국수,국수,신매시장,전통시장,대구광역시,3.0,3.0,,,RESOLVED_AGREEMENT,False,3,,,,
7fc50ec3a02010a695e9,test,칼국수,T1 정확표기,q_칼국수_01,국수,음식점 중 '칼국수'를 판매·제공하는 매장,1decd31b-604b-4a9a-b330-822be87f48f4,국수천국,국수,서변중앙시장,전통시장,대구광역시,3.0,3.0,,,RESOLVED_AGREEMENT,False,3,,,,
bbe28fefd8a0de29c3bd,test,칼국수,T1 정확표기,q_칼국수_01,국수,음식점 중 '칼국수'를 판매·제공하는 매장,b6a49cf0-6380-48c6-941b-a9a2afc613eb,어사또닷컴,"수산물, 건어물",수원못골종합시장,전통시장,경기도,0.0,0.0,,,RESOLVED_AGREEMENT,False,0,,,,
e4a0faa835d950dfbcf3,test,칼국수,T1 정확표기,q_칼국수_01,국수,음식점 중 '칼국수'를 판매·제공하는 매장,feca8c21-4cd2-449a-8b50-6fe1e3276cd8,국수집,국수,1913송정역시장,전통시장,광주광역시,3.0,3.0,,,RESOLVED_AGREEMENT,False,3,,,,
f91e7d92c892ac436491,test,칼국수,T1 정확표기,q_칼국수_01,국수,음식점 중 '칼국수'를 판매·제공하는 매장,b9999c5b-7169-430b-bda2-49a7819c2adf,고령대장간,"농기구, 생활도구",고령대가야시장,전통시장,경상북도,0.0,0.0,,,RESOLVED_AGREEMENT,False,0,,,,
41bd94a835d195a8dc09,test,칼국수,T1 정확표기,q_칼국수_01,국수,음식점 중 '칼국수'를 판매·제공하는 매장,e782a278-2798-4dac-9450-d6e08ef6d436,국수엔 포차,국수,예술광장로상점가,자율상권구역,경기도,3.0,3.0,,,RESOLVED_AGREEMENT,False,3,,,,
f8c61132c879ba5629da,test,칼국수,T1 정확표기,q_칼국수_01,국수,음식점 중 '칼국수'를 판매·제공하는 매장,b21217b5-3b7c-42c9-9062-52ea01c636fc,국시,국수,서산시장길 골목형상점가,골목형상점가,충청남도,3.0,3.0,,,RESOLVED_AGREEMENT,False,3,,,,
7d63b403e4bb50fd7dae,test,칼국수,T1 정확표기,q_칼국수_01,국수,음식점 중 '칼국수'를 판매·제공하는 매장,f0ea64b8-0bd5-4c7d-8a16-183a8634713d,교대캐롬당구클럽,당구장,영선신시장,전통시장,대구광역시,0.0,0.0,,,RESOLVED_AGREEMENT,False,0,,,,
120ebf546b436e8bb390,test,칼국수,T1 정확표기,q_칼국수_01,국수,음식점 중 '칼국수'를 판매·제공하는 매장,57488f1d-c460-48bc-966b-7dc5432011b2,미소댓잎국수 본점,국수,프로방스 골목형상점가,골목형상점가,전라남도,3.0,3.0,,,RESOLVED_AGREEMENT,False,3,,,,
21808a86c2d035981b75,test,칼국수,T1 정확표기,q_칼국수_01,국수,음식점 중 '칼국수'를 판매·제공하는 매장,e08e4f6c-7033-4c17-b23e-1d3841e5978f,서하국수,국수,상도약수골목형상점가,골목형상점가,서울특별시,3.0,3.0,,,RESOLVED_AGREEMENT,False,3,,,,
e567edb4d681068cbb66,test,칼국수,T1 정확표기,q_칼국수_01,국수,음식점 중 '칼국수'를 판매·제공하는 매장,60bb6b44-9232-45aa-8b3c-574f96ef1d1f,국수면가,국수,강진읍시장,전통시장,전라남도,3.0,3.0,,,RESOLVED_AGREEMENT,False,3,,,,
4a17e7258d1338817852,test,칼국수,T1 정확표기,q_칼국수_01,국수,음식점 중 '칼국수'를 판매·제공하는 매장,637be741-6789-4274-a89e-873cf68f5044,영동국수,국수,영동전통시장,전통시장,서울특별시,3.0,3.0,,,RESOLVED_AGREEMENT,False,3,,,,
34aeb82b61a0df23eecc,test,칼국수,T1 정확표기,q_칼국수_01,국수,음식점 중 '칼국수'를 판매·제공하는 매장,9e702db2-1692-4244-8069-f38c65b3e5a0,오늘도 국수,국수,중동효성 골목형상점가,골목형상점가,대구광역시,3.0,3.0,,,RESOLVED_AGREEMENT,False,3,,,,
1e92bfc5f1f887dbfac7,test,칼국수,T1 정확표기,q_칼국수_01,국수,음식점 중 '칼국수'를 판매·제공하는 매장,61ed8cc0-52ff-4200-bd6b-48a7b92fabcd,옛날국수,국수,고산구시장 상점가,자율상권구역,전북특별자치도,3.0,3.0,,,RESOLVED_AGREEMENT,False,3,,,,
f23c7d773e74177d2134,test,칼국수,T1 정확표기,q_칼국수_01,국수,음식점 중 '칼국수'를 판매·제공하는 매장,bddebdee-3054-4a13-850e-8299332ff239,청년국수,국수,용산용문시장,전통시장,서울특별시,3.0,3.0,,,RESOLVED_AGREEMENT,False,3,,,,
2447dda18af42618f26a,test,칼국수,T1 정확표기,q_칼국수_01,국수,음식점 중 '칼국수'를 판매·제공하는 매장,3b486da8-f4cb-4cca-a7c1-f31f705f3201,국수나무,국수,학운동 365 골목형상점가,골목형상점가,광주광역시,3.0,3.0,,,RESOLVED_AGREEMENT,False,3,,,,
cdee2a819312fafa6352,test,칼국수,T1 정확표기,q_칼국수_01,국수,음식점 중 '칼국수'를 판매·제공하는 매장,ae5e694a-1209-4f16-b1eb-da09583f9ce4,담양국수,국수,무등산상가거리상점가,자율상권구역,광주광역시,3.0,3.0,,,RESOLVED_AGREEMENT,False,3,,,,
2105831209f246b96d44,test,칼국수,T1 정확표기,q_칼국수_01,국수,음식점 중 '칼국수'를 판매·제공하는 매장,275cea6e-73b8-4110-879c-cd7e5c4e96b3,소표국수,국수,석촌시장,전통시장,서울특별시,3.0,3.0,,,RESOLVED_AGREEMENT,False,3,,,,
cef636907a1149b08100,test,칼국수,T1 정확표기,q_칼국수_01,국수,음식점 중 '칼국수'를 판매·제공하는 매장,f5d8333e-cc37-457d-97a1-30c359a25a11,봉황국수,국수,선산봉황시장(구 선산종합시장),전통시장,경상북도,3.0,3.0,,,RESOLVED_AGREEMENT,False,3,,,,
abe8b2ae4f54bd5c48b2,test,칼국수,T1 정확표기,q_칼국수_01,국수,음식점 중 '칼국수'를 판매·제공하는 매장,b89619af-64c5-4036-b3d9-22c85aeb2578,동진국수,국수,동문재래시장,전통시장,제주특별자치도,3.0,3.0,,,RESOLVED_AGREEMENT,False,3,,,,
1946d74130b8bb5f9f6c,test,칼국수,T1 정확표기,q_칼국수_01,국수,음식점 중 '칼국수'를 판매·제공하는 매장,00057366-f4a3-4b3b-a763-5545eb9cda8a,구봉국수,잔치국수,여수서시장주변시장,전통시장,전라남도,3.0,3.0,,,RESOLVED_AGREEMENT,False,3,,,,
9e5810dacb76bdc017c3,test,칼국수,T1 정확표기,q_칼국수_01,국수,음식점 중 '칼국수'를 판매·제공하는 매장,941b8671-65c2-40db-a83d-6622db8a89db,예닮국수,국수,외도4 골목형상점가,골목형상점가,제주특별자치도,3.0,3.0,,,RESOLVED_AGREEMENT,False,3,,,,
0c0a601830a6faa9cc7f,test,칼국수,T1 정확표기,q_칼국수_01,국수,음식점 중 '칼국수'를 판매·제공하는 매장,445f1ea6-c711-4fc5-910b-c3d78ce4f1b6,진국수,국수,연서시장,전통시장,서울특별시,3.0,3.0,,,RESOLVED_AGREEMENT,False,3,,,,
0c2f9c0890bd77a9396b,test,칼국수,T1 정확표기,q_칼국수_01,국수,음식점 중 '칼국수'를 판매·제공하는 매장,ba3493ac-8abd-48c4-96df-b06bfdf15e81,보문국수,국수,대사동 보문산 골목형상점가,골목형상점가,대전광역시,3.0,3.0,,,RESOLVED_AGREEMENT,False,3,,,,
71c397ac1247c1590437,test,칼국수,T1 정확표기,q_칼국수_01,국수,음식점 중 '칼국수'를 판매·제공하는 매장,32819aaa-51da-42df-98d3-947df90cf40b,장터국수,국수,오산오색시장(구 오산중앙시장),전통시장,경기도,3.0,3.0,,,RESOLVED_AGREEMENT,False,3,,,,
6c0de5269b51c630529b,test,칼국수,T1 정확표기,q_칼국수_01,국수,음식점 중 '칼국수'를 판매·제공하는 매장,6da63fad-14af-4d12-a144-33a315ee1eea,국수마당,국수,중앙상가시장,전통시장,대전광역시,3.0,3.0,,,RESOLVED_AGREEMENT,False,3,,,,
f1d6206335fb3f613a86,test,칼국수,T1 정확표기,q_칼국수_01,국수,음식점 중 '칼국수'를 판매·제공하는 매장,d1c9771a-7ea3-4863-9b15-c3b0c61cedca,다원국수,국수,강남골목시장 골목형상점가,골목형상점가,서울특별시,3.0,3.0,,,RESOLVED_AGREEMENT,False,3,,,,
199ec264561bea1e4c98,test,칼국수,T1 정확표기,q_칼국수_01,국수,음식점 중 '칼국수'를 판매·제공하는 매장,08c5802c-4482-41a0-9ad3-be15877d3753,세종국수,국수,나성동 국세청 골목형상점가,골목형상점가,세종특별자치시,3.0,3.0,,,RESOLVED_AGREEMENT,False,3,,,,
3e2b87bf16c2cacf4cfb,test,칼국수,T1 정확표기,q_칼국수_01,국수,음식점 중 '칼국수'를 판매·제공하는 매장,06c08c2a-1549-4a5b-ab2e-b385ac252f13,방이손칼국수,간이음식 칼국수 수제비,방이시장,전통시장,서울특별시,3.0,3.0,,,RESOLVED_AGREEMENT,False,3,,,,
59cc879edf14b93beb03,test,칼국수,T1 정확표기,q_칼국수_01,국수,음식점 중 '칼국수'를 판매·제공하는 매장,302f3444-03a0-4fa9-87ee-daccdacebb21,멸치국수,국수,다산역 로데오 상점가,자율상권구역,경기도,3.0,3.0,,,RESOLVED_AGREEMENT,False,3,,,,
dfa04ff20cdce9003c6d,test,칼국수,T1 정확표기,q_칼국수_01,국수,음식점 중 '칼국수'를 판매·제공하는 매장,00cef312-cb5c-4dea-ad69-88c556146024,주산팥죽,"팥죽, 칼국수",부안상설시장,전통시장,전북특별자치도,3.0,3.0,,,RESOLVED_AGREEMENT,False,3,,,,
582086a54952b72e6547,test,칼국수,T1 정확표기,q_칼국수_01,국수,음식점 중 '칼국수'를 판매·제공하는 매장,ad7ea2f4-39f5-4bd8-9200-d04ccc1525bb,부부국수,국수,중리시장,전통시장,대전광역시,3.0,3.0,,,RESOLVED_AGREEMENT,False,3,,,,
3a0ee95a986e21b6c1ab,test,칼국수,T1 정확표기,q_칼국수_01,국수,음식점 중 '칼국수'를 판매·제공하는 매장,789e3c46-51d5-472a-96e8-ee4bf0012fd5,호로록국수,국수,삼천동제일 골목형상점가,골목형상점가,전북특별자치도,3.0,3.0,,,RESOLVED_AGREEMENT,False,3,,,,
38d2795a7acc3556c518,test,칼국수,T1 정확표기,q_칼국수_01,국수,음식점 중 '칼국수'를 판매·제공하는 매장,ef84a7fd-7097-43bd-b242-a7c5b6ed01b6,시장국수,국수,대명시장,전통시장,대구광역시,3.0,3.0,,,RESOLVED_AGREEMENT,False,3,,,,
b465ed46a394b98afd2e,test,칼국수,T1 정확표기,q_칼국수_01,국수,음식점 중 '칼국수'를 판매·제공하는 매장,013fc799-6c55-4fa3-b332-1251f068c422,행복식당,수제비,포항죽도시장,전통시장,경상북도,3.0,3.0,,,RESOLVED_AGREEMENT,False,3,,,,
ef62a16b9d2bca3883c6,test,칼국수,T1 정확표기,q_칼국수_01,국수,음식점 중 '칼국수'를 판매·제공하는 매장,68faafb7-2856-4c4c-a32e-ae2f5aaf2e38,상설전집,,양산 덕계종합상설시장,전통시장,경상남도,,0.0,Y,,P0_UNCERTAIN_OR_MISSING,True,,,,,
e330246969b9351fc016,test,칼국수,T1 정확표기,q_칼국수_01,국수,음식점 중 '칼국수'를 판매·제공하는 매장,20bc5df6-6fb4-4e6b-bb4b-2c6822e6902d,국수명가,국수,울진시장(울진바지게시장),전통시장,경상북도,3.0,3.0,,,RESOLVED_AGREEMENT,False,3,,,,
26bcf3427a3a4435bc6d,test,칼국수,T1 정확표기,q_칼국수_01,국수,음식점 중 '칼국수'를 판매·제공하는 매장,00b090ad-30c0-4573-a43a-123f5116851b,호호정 멸치국수,,그랜드프라자&상용b상가 상점가,골목형상점가,경기도,3.0,3.0,,,RESOLVED_AGREEMENT,False,3,,,,
10f51daa80f303f54a03,test,칼국수,T1 정확표기,q_칼국수_01,국수,음식점 중 '칼국수'를 판매·제공하는 매장,8bdfa5eb-6175-4c54-bcfe-6de982a05f75,원조국수,국수,인왕시장,전통시장,서울특별시,3.0,3.0,,,RESOLVED_AGREEMENT,False,3,,,,
8dc99ad9613f5f4967e4,test,칼국수,T1 정확표기,q_칼국수_01,국수,음식점 중 '칼국수'를 판매·제공하는 매장,faa22799-2a69-4f73-92d2-63a4a348c277,라은국수,국수,수원남문패션1번가시장,전통시장,경기도,3.0,3.0,,,RESOLVED_AGREEMENT,False,3,,,,
f0cfd9a8213ba4baeaf0,test,칼국수,T1 정확표기,q_칼국수_01,국수,음식점 중 '칼국수'를 판매·제공하는 매장,8bfd0609-74c8-4bd6-82f9-6eba2f38f78d,꽃뫼국수,국수,홍천중앙시장(홍천신시장),전통시장,강원특별자치도,3.0,3.0,,,RESOLVED_AGREEMENT,False,3,,,,
5e57bf5e664e39e7f2e7,test,칼국수,T1 정확표기,q_칼국수_01,국수,음식점 중 '칼국수'를 판매·제공하는 매장,8f4ed9d9-a08b-4fbd-988a-df54fdd0750a,부여국수,국수,산성시장,전통시장,대전광역시,3.0,3.0,,,RESOLVED_AGREEMENT,False,3,,,,
2d319177db21b35a58bb,test,칼국수,T1 정확표기,q_칼국수_01,국수,음식점 중 '칼국수'를 판매·제공하는 매장,299737d7-9faf-4082-9c81-d38509dc0329,양지상회,식품,수정전통시장,전통시장,부산광역시,0.0,0.0,,,RESOLVED_AGREEMENT,False,0,,,,
a50da92b8d22b29fefa2,test,칼국수,T1 정확표기,q_칼국수_01,국수,음식점 중 '칼국수'를 판매·제공하는 매장,51a8bfd1-8236-4348-bf25-25c1b0df0f74,국수나무,국수,맹동혁신골목형상점가,골목형상점가,충청북도,3.0,3.0,,,RESOLVED_AGREEMENT,False,3,,,,
1bcd13a1cfda8c22a4e4,test,칼국수,T1 정확표기,q_칼국수_01,국수,음식점 중 '칼국수'를 판매·제공하는 매장,843d38ce-1268-4997-9673-e086a0bead35,수정화원,화훼,남양역골로상점가,골목형상점가,경기도,0.0,0.0,,,RESOLVED_AGREEMENT,False,0,,,,
340fd5d502368a159dd6,test,칼국수,T1 정확표기,q_칼국수_02,칼국수,음식점 중 '칼국수'를 판매·제공하는 매장,27eee9a0-3023-4b50-86e4-23256a562b98,명산칼국수,칼국수,명산시장,전통시장,전북특별자치도,3.0,3.0,,,RESOLVED_AGREEMENT,False,3,,,,
cf616a84e389708597ee,test,칼국수,T1 정확표기,q_칼국수_02,칼국수,음식점 중 '칼국수'를 판매·제공하는 매장,7ba5e7d3-cda1-4832-9e57-cdd52e979f7a,오씨칼국수,칼국수,대전중앙활성화구역,상권활성화구역,대전광역시,3.0,3.0,,,RESOLVED_AGREEMENT,False,3,,,,
9381d9f2ddc8cc831949,test,칼국수,T1 정확표기,q_칼국수_02,칼국수,음식점 중 '칼국수'를 판매·제공하는 매장,00057366-f4a3-4b3b-a763-5545eb9cda8a,구봉국수,잔치국수,여수서시장주변시장,전통시장,전라남도,3.0,3.0,,,RESOLVED_AGREEMENT,False,3,,,,
d708dd4a1b9df9fe9a03,test,칼국수,T1 정확표기,q_칼국수_02,칼국수,음식점 중 '칼국수'를 판매·제공하는 매장,8f4c648f-e21f-47c0-aefe-49120312a923,한성칼국수,칼국수,147골목형상점가,골목형상점가,충청남도,3.0,3.0,,,RESOLVED_AGREEMENT,False,3,,,,
0589bb8c2d7078488c65,test,칼국수,T1 정확표기,q_칼국수_02,칼국수,음식점 중 '칼국수'를 판매·제공하는 매장,49735036-77e6-4cb2-9483-0ce564db9982,미소칼국수,칼국수,엄사 골목형상점가,골목형상점가,충청남도,3.0,3.0,,,RESOLVED_AGREEMENT,False,3,,,,
243c2c62cd50dfc22a29,test,칼국수,T1 정확표기,q_칼국수_02,칼국수,음식점 중 '칼국수'를 판매·제공하는 매장,01e8f807-6020-486c-bd59-38a7035bc453,구례밀밭,국수,화엄상가(골목형상점가),골목형상점가,전라남도,3.0,3.0,,,RESOLVED_AGREEMENT,False,3,,,,
785b96faaf71f5faa2bc,test,칼국수,T1 정확표기,q_칼국수_02,칼국수,음식점 중 '칼국수'를 판매·제공하는 매장,30e27e5c-1278-4df9-b17f-584963b19a28,가락칼국수,칼국수,가락타운상가시장,전통시장,부산광역시,3.0,3.0,,,RESOLVED_AGREEMENT,False,3,,,,
4e2fdda939ee3132f48d,test,칼국수,T1 정확표기,q_칼국수_02,칼국수,음식점 중 '칼국수'를 판매·제공하는 매장,a2bae145-8dc4-4c6d-bd6a-76f138773ec2,반반칼국수,칼국수,두류젊코상권,상권활성화구역,대구광역시,3.0,3.0,,,RESOLVED_AGREEMENT,False,3,,,,
7e8c49a217a11057420d,test,칼국수,T1 정확표기,q_칼국수_02,칼국수,음식점 중 '칼국수'를 판매·제공하는 매장,711404c8-1a70-45bc-9d85-8ac8ccf0ef19,팔공티,커피 음료,둔촌스포츠거리 골목형상점가,골목형상점가,서울특별시,0.0,0.0,,,RESOLVED_AGREEMENT,False,0,,,,
0586af4e3e6f055ca3af,test,칼국수,T1 정확표기,q_칼국수_02,칼국수,음식점 중 '칼국수'를 판매·제공하는 매장,30a52fb5-a588-4516-8d57-b7a28359970d,미스티클럽,신발,과천새서울프라자시장,전통시장,경기도,0.0,0.0,,,RESOLVED_AGREEMENT,False,0,,,,
443ca7e9f7b0daffa8c8,test,칼국수,T1 정확표기,q_칼국수_02,칼국수,음식점 중 '칼국수'를 판매·제공하는 매장,01a468d2-cf3e-4db1-826a-771917b2e910,제주일월국수,국수,관평동 골목형상점가,골목형상점가,대전광역시,3.0,3.0,,,RESOLVED_AGREEMENT,False,3,,,,
3a4d4fc3c1f959a1fe36,test,칼국수,T1 정확표기,q_칼국수_02,칼국수,음식점 중 '칼국수'를 판매·제공하는 매장,377e6aa6-21ed-4466-8e3a-c614baea66b0,칼국'S,칼국수,양양로 골목형상점가,골목형상점가,강원특별자치도,3.0,3.0,,,RESOLVED_AGREEMENT,False,3,,,,
75515ba7115199a2b0e5,test,칼국수,T1 정확표기,q_칼국수_02,칼국수,음식점 중 '칼국수'를 판매·제공하는 매장,00baf772-7ca3-475a-a614-a5dc35286be7,시골막국수와 옹심이 충북혁신도시점,막국수,맹동혁신골목형상점가,골목형상점가,충청북도,3.0,3.0,,,RESOLVED_AGREEMENT,False,3,,,,
101253eecfe63cf45735,test,칼국수,T1 정확표기,q_칼국수_02,칼국수,음식점 중 '칼국수'를 판매·제공하는 매장,deacdff6-a68e-4d7d-b13f-912cc89e365c,백명애칼국수,칼국수,신안동용봉초 골목형상점가,골목형상점가,광주광역시,3.0,3.0,,,RESOLVED_AGREEMENT,False,3,,,,
c5693eb44074d7627d93,test,칼국수,T1 정확표기,q_칼국수_02,칼국수,음식점 중 '칼국수'를 판매·제공하는 매장,cc0337d4-93e4-400b-83f2-833edcaf3185,미락칼국수,칼국수,용정 골목형상점가,골목형상점가,대전광역시,3.0,3.0,,,RESOLVED_AGREEMENT,False,3,,,,
ed27bf81bce8f383757f,test,칼국수,T1 정확표기,q_칼국수_02,칼국수,음식점 중 '칼국수'를 판매·제공하는 매장,05a6826b-394c-473e-924c-a22d416bb6f7,홍성칼국수,칼국수,월산상가 골목형 상점가,골목형상점가,충청남도,3.0,3.0,,,RESOLVED_AGREEMENT,False,3,,,,
f91f066af0f2fea18f3f,test,칼국수,T1 정확표기,q_칼국수_02,칼국수,음식점 중 '칼국수'를 판매·제공하는 매장,cfc4d139-028c-43b9-a2e8-79b5b6bcaa9d,부여칼국수,칼국수,부여중앙시장,전통시장,충청남도,3.0,3.0,,,RESOLVED_AGREEMENT,False,3,,,,
95295a3fc45b885092af,test,칼국수,T1 정확표기,q_칼국수_02,칼국수,음식점 중 '칼국수'를 판매·제공하는 매장,1bb09400-6e31-4154-9049-3ca78697b0dc,만나칼국수,칼국수,충주자유시장,전통시장,충청북도,3.0,3.0,,,RESOLVED_AGREEMENT,False,3,,,,
1c7eb74464b5f17d8c2a,test,칼국수,T1 정확표기,q_칼국수_02,칼국수,음식점 중 '칼국수'를 판매·제공하는 매장,25e98022-3d18-4a75-bc69-4b1247398959,본채칼국수,칼국수,아름드리 골목형상점가,골목형상점가,세종특별자치시,3.0,3.0,,,RESOLVED_AGREEMENT,False,3,,,,
6c178d98d2cb604687f2,test,칼국수,T1 정확표기,q_칼국수_02,칼국수,음식점 중 '칼국수'를 판매·제공하는 매장,4dff02bf-492d-4bec-8665-968dfb0fe9e4,선화스튜디오,,현대테라타워DIMC상점가,골목형상점가,경기도,0.0,0.0,,,RESOLVED_AGREEMENT,False,0,,,,
7697db59604d3e9c38d5,test,칼국수,T1 정확표기,q_칼국수_02,칼국수,음식점 중 '칼국수'를 판매·제공하는 매장,2611721d-a975-4f2a-804c-5484406c0846,옛날 손 칼국수,칼국수,안중시장,전통시장,경기도,3.0,3.0,,,RESOLVED_AGREEMENT,False,3,,,,
2ee1df1d9c11983afd2f,test,칼국수,T1 정확표기,q_칼국수_02,칼국수,음식점 중 '칼국수'를 판매·제공하는 매장,161646e1-0ab7-438b-bd96-af65799e07d9,해들칼국수,칼국수,보람동 골목형상점가,골목형상점가,세종특별자치시,3.0,3.0,,,RESOLVED_AGREEMENT,False,3,,,,
0ca91d06353e115d86d9,test,칼국수,T1 정확표기,q_칼국수_02,칼국수,음식점 중 '칼국수'를 판매·제공하는 매장,d481410a-7f1f-40ad-8510-4937164e0813,공주칼국수,칼국수,엄사 골목형상점가,골목형상점가,충청남도,3.0,3.0,,,RESOLVED_AGREEMENT,False,3,,,,
1e035128214e38de4176,test,칼국수,T1 정확표기,q_칼국수_02,칼국수,음식점 중 '칼국수'를 판매·제공하는 매장,aae0089a-9329-4e74-ab94-868473c4ee43,야사뽕잎칼국수,칼국수,중문로 골목형상점가,골목형상점가,광주광역시,3.0,3.0,,,RESOLVED_AGREEMENT,False,3,,,,
3653ba4384953fabbd89,test,칼국수,T1 정확표기,q_칼국수_02,칼국수,음식점 중 '칼국수'를 판매·제공하는 매장,00b090ad-30c0-4573-a43a-123f5116851b,호호정 멸치국수,,그랜드프라자&상용b상가 상점가,골목형상점가,경기도,3.0,3.0,,,RESOLVED_AGREEMENT,False,3,,,,
ffd7f86346d32d43ff2e,test,칼국수,T1 정확표기,q_칼국수_02,칼국수,음식점 중 '칼국수'를 판매·제공하는 매장,694748d9-9d59-419d-911f-a89786698ce0,은언칼국수,칼국수,부평깡통시장(구 부산부평시장),전통시장,부산광역시,3.0,3.0,,,RESOLVED_AGREEMENT,False,3,,,,
61ce9fda4d61f4779e64,test,칼국수,T1 정확표기,q_칼국수_02,칼국수,음식점 중 '칼국수'를 판매·제공하는 매장,51668cd0-bc11-44bb-b3d3-6b899de88e38,이모네 칼국수,칼국수,문창시장,전통시장,대전광역시,3.0,3.0,,,RESOLVED_AGREEMENT,False,3,,,,
3a4a9038118086d478f0,test,칼국수,T1 정확표기,q_칼국수_02,칼국수,음식점 중 '칼국수'를 판매·제공하는 매장,0cdea40b-df17-41f5-aad7-8d3cfefc0f89,수제비집,수제비,주막거리상점가,자율상권구역,경기도,3.0,3.0,,,RESOLVED_AGREEMENT,False,3,,,,
700bb6762ab53c2ae388,test,칼국수,T1 정확표기,q_칼국수_02,칼국수,음식점 중 '칼국수'를 판매·제공하는 매장,5551a7ae-e6b9-4ee5-8ea8-36bfdfd610e5,경주칼국수,칼국수,신정상가시장,전통시장,울산광역시,3.0,3.0,,,RESOLVED_AGREEMENT,False,3,,,,
b364748f1f6c204812c9,test,칼국수,T1 정확표기,q_칼국수_02,칼국수,음식점 중 '칼국수'를 판매·제공하는 매장,ce8e3a41-53e7-4322-869c-659542093cf7,오씨칼국수,칼국수,도룡상인회 골목형상점가,골목형상점가,대전광역시,3.0,3.0,,,RESOLVED_AGREEMENT,False,3,,,,
49e664f7a75bdbff11e7,test,칼국수,T1 정확표기,q_칼국수_02,칼국수,음식점 중 '칼국수'를 판매·제공하는 매장,aa5b0696-90a6-4e69-935f-f14bc837e9a2,동원 칼국수,칼국수,한솔동4단지상점가,자율상권구역,세종특별자치시,3.0,3.0,,,RESOLVED_AGREEMENT,False,3,,,,
3e21a1b249e5e54b20d9,test,칼국수,T1 정확표기,q_칼국수_02,칼국수,음식점 중 '칼국수'를 판매·제공하는 매장,5a258958-73c9-4e83-a2c6-c8c4a1a5d565,명동칼국수,칼국수,동쪽바다중앙시장(구 동해중앙시장),전통시장,강원특별자치도,3.0,3.0,,,RESOLVED_AGREEMENT,False,3,,,,
75a99d1fa372699d67d5,test,칼국수,T1 정확표기,q_칼국수_02,칼국수,음식점 중 '칼국수'를 판매·제공하는 매장,5815bcfc-8a1b-47b2-bb32-3325136137e6,목도칼국수,칼국수,목도시장,전통시장,충청북도,3.0,3.0,,,RESOLVED_AGREEMENT,False,3,,,,
b3a8f7ecaf6d361d7ad8,test,칼국수,T1 정확표기,q_칼국수_02,칼국수,음식점 중 '칼국수'를 판매·제공하는 매장,3e665603-2bde-4c69-9293-96286cd56aac,시장칼국수,칼국수,용호골목시장,전통시장,부산광역시,3.0,3.0,,,RESOLVED_AGREEMENT,False,3,,,,
2fdbe10ee2952f0ccd90,test,칼국수,T1 정확표기,q_칼국수_02,칼국수,음식점 중 '칼국수'를 판매·제공하는 매장,806415b3-9191-45a9-b75f-32f1d42ed275,안흥칼국수,칼국수,자양전통시장,전통시장,서울특별시,3.0,3.0,,,RESOLVED_AGREEMENT,False,3,,,,
d011a6b4192a3d143dfd,test,칼국수,T1 정확표기,q_칼국수_02,칼국수,음식점 중 '칼국수'를 판매·제공하는 매장,5bef578b-4f6f-497a-9e99-c8b1390a7472,정칼국수,칼국수,안성 전통 옛장터길 골목형상점가,골목형상점가,경기도,3.0,3.0,,,RESOLVED_AGREEMENT,False,3,,,,
16466be7f3cdd1436ce1,test,칼국수,T1 정확표기,q_칼국수_02,칼국수,음식점 중 '칼국수'를 판매·제공하는 매장,827f943a-ddce-4bbd-83b9-08ee7a7932c2,이민창칼국수,칼국수,나주 대호동 골목형상점가,골목형상점가,전라남도,3.0,3.0,,,RESOLVED_AGREEMENT,False,3,,,,
15c265f3ad835ef96a9f,test,칼국수,T1 정확표기,q_칼국수_02,칼국수,음식점 중 '칼국수'를 판매·제공하는 매장,606bcf1e-bf32-428a-93f7-57c29565b2e9,남호상회,건어물,남포동건어물도매시장,전통시장,부산광역시,0.0,0.0,,,RESOLVED_AGREEMENT,False,0,,,,
359e35039f0a31761998,test,칼국수,T1 정확표기,q_칼국수_02,칼국수,음식점 중 '칼국수'를 판매·제공하는 매장,ad0acae0-f6c1-4931-af2c-100596b5b821,삼보칼국수,칼국수,양정 골목형상점가,골목형상점가,울산광역시,3.0,3.0,,,RESOLVED_AGREEMENT,False,3,,,,
f7031f83b9197a7df082,test,칼국수,T1 정확표기,q_칼국수_02,칼국수,음식점 중 '칼국수'를 판매·제공하는 매장,bad99154-d43c-4812-b15f-6e9945bbb7b9,물총칼국수,칼국수,송죽만석 골목형상점가,골목형상점가,경기도,3.0,3.0,,,RESOLVED_AGREEMENT,False,3,,,,
d686d2bea3fc98693fc2,test,칼국수,T1 정확표기,q_칼국수_02,칼국수,음식점 중 '칼국수'를 판매·제공하는 매장,0b26ec14-485f-4826-8e69-f2e2fd0ef91e,원조어탕,어탕수제비.칼국수,구미 금리단길 골목형상점가,골목형상점가,경상북도,3.0,3.0,,,RESOLVED_AGREEMENT,False,3,,,,
2143b318ba7f4d771ee6,test,칼국수,T1 정확표기,q_칼국수_02,칼국수,음식점 중 '칼국수'를 판매·제공하는 매장,beb4a5b7-ae5c-49eb-85b8-e02ff641cab9,총총칼국수,칼국수,구미 금리단길 골목형상점가,골목형상점가,경상북도,3.0,3.0,,,RESOLVED_AGREEMENT,False,3,,,,
76a9dbf7b1b27ff50e51,test,칼국수,T1 정확표기,q_칼국수_02,칼국수,음식점 중 '칼국수'를 판매·제공하는 매장,e6cd9e85-af10-4eaa-948f-00af7ee18be9,행복한 칼국수,칼국수,방이시장,전통시장,서울특별시,3.0,3.0,,,RESOLVED_AGREEMENT,False,3,,,,
ca8219b9bd7e385135cc,test,칼국수,T1 정확표기,q_칼국수_02,칼국수,음식점 중 '칼국수'를 판매·제공하는 매장,06c08c2a-1549-4a5b-ab2e-b385ac252f13,방이손칼국수,간이음식 칼국수 수제비,방이시장,전통시장,서울특별시,3.0,3.0,,,RESOLVED_AGREEMENT,False,3,,,,
cccfc36f3d6650ce30be,test,칼국수,T1 정확표기,q_칼국수_02,칼국수,음식점 중 '칼국수'를 판매·제공하는 매장,6e5fca87-7567-4adf-8e68-321f9c04c1bf,일신참칼국수,칼국수,동오마을골목형상점가,골목형상점가,경기도,3.0,3.0,,,RESOLVED_AGREEMENT,False,3,,,,
0e5dc64a42318284b05c,test,칼국수,T1 정확표기,q_칼국수_02,칼국수,음식점 중 '칼국수'를 판매·제공하는 매장,e263bb4d-234b-460a-b548-2e6de66a19dc,송미칼국수,칼국수,양양전통시장,전통시장,강원특별자치도,3.0,3.0,,,RESOLVED_AGREEMENT,False,3,,,,
79f80ec80adaf27ee963,test,칼국수,T1 정확표기,q_칼국수_02,칼국수,음식점 중 '칼국수'를 판매·제공하는 매장,36c76ba4-a015-4d8b-bf3f-dee27e3ca702,맛나칼국수,칼국수,창원 양곡시장,전통시장,경상남도,3.0,3.0,,,RESOLVED_AGREEMENT,False,3,,,,
6508576e02e20c74639e,test,칼국수,T1 정확표기,q_칼국수_02,칼국수,음식점 중 '칼국수'를 판매·제공하는 매장,d476a12e-8d15-4a22-963c-da683a83a23a,두류칼국수,칼국수,두류신시장,전통시장,대구광역시,3.0,3.0,,,RESOLVED_AGREEMENT,False,3,,,,
ae9be1f41965cc95f929,test,칼국수,T1 정확표기,q_칼국수_02,칼국수,음식점 중 '칼국수'를 판매·제공하는 매장,578752b4-2e88-4b5e-a247-f544612e311c,풍물나들이,한식,춘천풍물시장,전통시장,강원특별자치도,1.0,1.0,,,RESOLVED_AGREEMENT,False,1,,,,
4987f28610bf16bd4897,test,칼국수,T1 정확표기,q_칼국수_02,칼국수,음식점 중 '칼국수'를 판매·제공하는 매장,84a43e31-89e8-4f18-82f6-85d4610acf92,도연칼국수,칼국수,수암종합시장,전통시장,울산광역시,3.0,3.0,,,RESOLVED_AGREEMENT,False,3,,,,
9076f4116924a9abb2ce,test,칼국수,T1 정확표기,q_칼국수_02,칼국수,음식점 중 '칼국수'를 판매·제공하는 매장,29f6bb27-28fc-4fde-ac4b-6893fb8418a9,제일그릇,그릇,진주 논개시장,전통시장,경상남도,0.0,0.0,,,RESOLVED_AGREEMENT,False,0,,,,
3238eec78e6f3fda2f65,test,칼국수,T1 정확표기,q_칼국수_02,칼국수,음식점 중 '칼국수'를 판매·제공하는 매장,8dff9166-5872-4d40-a901-3465ae7fcc8c,중앙국수,칼국수,천안중앙시장,전통시장,충청남도,3.0,3.0,,,RESOLVED_AGREEMENT,False,3,,,,
7028ba157333fd9b325f,test,칼국수,T1 정확표기,q_칼국수_02,칼국수,음식점 중 '칼국수'를 판매·제공하는 매장,1eae0844-4247-476a-988d-c65b4a03665a,동큐칼국수,칼국수,도마큰시장,전통시장,대전광역시,3.0,3.0,,,RESOLVED_AGREEMENT,False,3,,,,
0dcfbc538edb5b24d3b4,test,칼국수,T1 정확표기,q_칼국수_02,칼국수,음식점 중 '칼국수'를 판매·제공하는 매장,5baa24e7-8d1f-47c0-be33-9d8579a52372,칼국수방,칼국수,현대유통쇼핑센터,전통시장,경상북도,3.0,3.0,,,RESOLVED_AGREEMENT,False,3,,,,
5ffdb3916e61a040a750,test,칼국수,T1 정확표기,q_칼국수_02,칼국수,음식점 중 '칼국수'를 판매·제공하는 매장,24bcdcc8-ff8c-4f51-9070-acdee4b38647,왕칼국수,칼국수,금남시장,전통시장,서울특별시,3.0,3.0,,,RESOLVED_AGREEMENT,False,3,,,,
cae1a2c47419e5f45a01,test,칼국수,T1 정확표기,q_칼국수_02,칼국수,음식점 중 '칼국수'를 판매·제공하는 매장,013fc799-6c55-4fa3-b332-1251f068c422,행복식당,수제비,포항죽도시장,전통시장,경상북도,3.0,3.0,,,RESOLVED_AGREEMENT,False,3,,,,
e61a9315d4fd426708b1,test,칼국수,T1 정확표기,q_칼국수_02,칼국수,음식점 중 '칼국수'를 판매·제공하는 매장,00d50d90-8afb-448e-b0fa-401fedd78dcb,공산성국수,국수,공산성골목형상점가,골목형상점가,충청남도,3.0,3.0,,,RESOLVED_AGREEMENT,False,3,,,,
cc7e99ec83cd0789621a,test,칼국수,T1 정확표기,q_칼국수_02,칼국수,음식점 중 '칼국수'를 판매·제공하는 매장,0d36cfdd-f8a4-41f1-a864-8a98a8a82fff,우리분식,수제비,포항죽도시장,전통시장,경상북도,3.0,3.0,,,RESOLVED_AGREEMENT,False,3,,,,
15533fb5c2a37d2aff91,test,칼국수,T1 정확표기,q_칼국수_02,칼국수,음식점 중 '칼국수'를 판매·제공하는 매장,5f6bb9f5-b25b-4f1e-ae2d-513b2e877a17,시장칼국수,칼국수,송화벽화시장,전통시장,서울특별시,3.0,3.0,,,RESOLVED_AGREEMENT,False,3,,,,
3d06c4b517da00de7463,test,칼국수,T1 정확표기,q_칼국수_02,칼국수,음식점 중 '칼국수'를 판매·제공하는 매장,0000a9c5-57f2-4719-9ec3-e5d864c7f008,새여울잔치국수,국수,용정 골목형상점가,골목형상점가,대전광역시,3.0,3.0,,,RESOLVED_AGREEMENT,False,3,,,,
cad05cfcdd6f412dec99,test,칼국수,T1 정확표기,q_칼국수_02,칼국수,음식점 중 '칼국수'를 판매·제공하는 매장,f9902b31-8408-402c-ac24-af684d0886fe,원조칼국수,칼국수,금남시장,전통시장,서울특별시,3.0,3.0,,,RESOLVED_AGREEMENT,False,3,,,,
96aa2de46afa1228ec1d,test,칼국수,T1 정확표기,q_칼국수_02,칼국수,음식점 중 '칼국수'를 판매·제공하는 매장,ded5c28c-5443-41e6-8330-22c629693d13,진칼국수,칼국수,도마큰시장,전통시장,대전광역시,3.0,3.0,,,RESOLVED_AGREEMENT,False,3,,,,
b7377fad141759c83a10,test,칼국수,T1 정확표기,q_칼국수_02,칼국수,음식점 중 '칼국수'를 판매·제공하는 매장,01204ba5-bc3e-4a17-83cd-1dd9bee98d5e,규수방,국수,대전정원시장,전통시장,대전광역시,3.0,3.0,,,RESOLVED_AGREEMENT,False,3,,,,
01e02ad576fff8d33d44,test,칼국수,T1 정확표기,q_칼국수_02,칼국수,음식점 중 '칼국수'를 판매·제공하는 매장,d511f270-ec84-485f-9cb4-a11a154967a7,오씨 손 칼국수,칼국수,나성동 국세청 골목형상점가,골목형상점가,세종특별자치시,3.0,3.0,,,RESOLVED_AGREEMENT,False,3,,,,
d34d6b3b302e59d3a33a,test,칼국수,T1 정확표기,q_칼국수_02,칼국수,음식점 중 '칼국수'를 판매·제공하는 매장,01a9b9f4-ca16-4571-bb85-8a4cd071d003,손칼국수,칼국수,홍천시장(홍천구시장),전통시장,강원특별자치도,3.0,3.0,,,RESOLVED_AGREEMENT,False,3,,,,
3b238977a3e1206a11c5,test,칼국수,T1 정확표기,q_칼국수_02,칼국수,음식점 중 '칼국수'를 판매·제공하는 매장,0c9ad644-594c-473d-9376-1c085aed1702,옛날칼국수,칼국수,까치산시장,전통시장,서울특별시,3.0,3.0,,,RESOLVED_AGREEMENT,False,3,,,,
a56f6e68758045cd69dc,test,칼국수,T1 정확표기,q_칼국수_02,칼국수,음식점 중 '칼국수'를 판매·제공하는 매장,33e63f7a-daed-4724-bd5c-167928399d5d,영시칼국수,칼국수,하양꿈바우시장,전통시장,경상북도,3.0,3.0,,,RESOLVED_AGREEMENT,False,3,,,,
3d5dfc6eff4268383529,test,칼국수,T1 정확표기,q_칼국수_02,칼국수,음식점 중 '칼국수'를 판매·제공하는 매장,00cef312-cb5c-4dea-ad69-88c556146024,주산팥죽,"팥죽, 칼국수",부안상설시장,전통시장,전북특별자치도,3.0,3.0,,,RESOLVED_AGREEMENT,False,3,,,,
e41543710f90699f590e,test,칼국수,T1 정확표기,q_칼국수_02,칼국수,음식점 중 '칼국수'를 판매·제공하는 매장,1a1b038c-2929-4c34-b2ca-7ce4a362d6c0,동천칼국수,칼국수,백년소상공인,,충청북도,3.0,3.0,,,RESOLVED_AGREEMENT,False,3,,,,
6b0c6bba7968d7756992,test,칼국수,T1 정확표기,q_칼국수_02,칼국수,음식점 중 '칼국수'를 판매·제공하는 매장,45bbcd3b-25d6-42da-8ae6-6b7ab83ab896,김강심칼국수,칼국수,매월동상인회 골목형상점가,골목형상점가,광주광역시,3.0,3.0,,,RESOLVED_AGREEMENT,False,3,,,,
1cb245f876919d9819c8,test,칼국수,T1 정확표기,q_칼국수_02,칼국수,음식점 중 '칼국수'를 판매·제공하는 매장,fb74048d-40cf-4a3d-9760-61387dfa24fe,파장상회야채,농산물,북수원시장( 구 파장시장),전통시장,경기도,0.0,0.0,,,RESOLVED_AGREEMENT,False,0,,,,
513fbe0de6f8faaab9e9,test,칼국수,T1 정확표기,q_칼국수_02,칼국수,음식점 중 '칼국수'를 판매·제공하는 매장,1d4001e1-26d6-4887-8150-32c09eff0275,그린칼국수,칼국수,오천시장,전통시장,경상북도,3.0,3.0,,,RESOLVED_AGREEMENT,False,3,,,,
06b11d8a4622df8b8631,test,칼국수,T1 정확표기,q_칼국수_02,칼국수,음식점 중 '칼국수'를 판매·제공하는 매장,c46730e5-0294-446c-bc97-c85c4cfeb575,통큰칼국수,칼국수,박달시장,전통시장,경기도,3.0,3.0,,,RESOLVED_AGREEMENT,False,3,,,,
73c9ff24db8e0c3ef820,test,칼국수,T1 정확표기,q_칼국수_02,칼국수,음식점 중 '칼국수'를 판매·제공하는 매장,6211b809-6477-49a3-b91c-eb270d905bf9,무주칼국수,칼국수,신포시장,전통시장,인천광역시,3.0,3.0,,,RESOLVED_AGREEMENT,False,3,,,,
f956de3c2c7fdc587056,test,칼국수,T1 정확표기,q_칼국수_02,칼국수,음식점 중 '칼국수'를 판매·제공하는 매장,7f598a26-3c13-448e-b8b2-d2246a07e735,누이랑 칼국수,칼국수,길동복조리시장,전통시장,서울특별시,3.0,3.0,,,RESOLVED_AGREEMENT,False,3,,,,
85d57afd8ee202ed92ca,test,칼국수,T1 정확표기,q_칼국수_02,칼국수,음식점 중 '칼국수'를 판매·제공하는 매장,1d4ba661-8472-4e63-83f3-c66eb0517dba,온닭,칼국수,쌍학로상인회 골목형상점가,골목형상점가,광주광역시,3.0,3.0,,,RESOLVED_AGREEMENT,False,3,,,,
c22d285a40d82293fb62,test,칼국수,T1 정확표기,q_칼국수_02,칼국수,음식점 중 '칼국수'를 판매·제공하는 매장,de0f0b46-918f-4a59-9c22-86b65c9b6cba,쌍쌍칼국수,칼국수,쌍리단길상점가,자율상권구역,서울특별시,3.0,3.0,,,RESOLVED_AGREEMENT,False,3,,,,
60821a4b1eb967871e44,test,칼국수,T1 정확표기,q_칼국수_02,칼국수,음식점 중 '칼국수'를 판매·제공하는 매장,bb1bc1a9-d51d-4dd9-a08d-9104efab288b,제주조개칼국수,칼국수,칠성로상점가,자율상권구역,제주특별자치도,3.0,3.0,,,RESOLVED_AGREEMENT,False,3,,,,
bb3d847049564bd52dab,test,칼국수,T1 정확표기,q_칼국수_02,칼국수,음식점 중 '칼국수'를 판매·제공하는 매장,82ef4616-8e59-40c0-bc51-eb8a57243e87,태화철물,철물,수유재래시장,전통시장,서울특별시,0.0,0.0,,,RESOLVED_AGREEMENT,False,0,,,,
d847e5e27581a994049b,test,칼국수,T1 정확표기,q_칼국수_02,칼국수,음식점 중 '칼국수'를 판매·제공하는 매장,7d66ca30-167c-4796-b6ff-4c3f4e1840a0,태웅칼국수,칼국수,남부골목시장,전통시장,서울특별시,3.0,3.0,,,RESOLVED_AGREEMENT,False,3,,,,
96cc77aec512a7060ef4,test,칼국수,T1 정확표기,q_칼국수_02,칼국수,음식점 중 '칼국수'를 판매·제공하는 매장,e2174ade-b456-4da8-853c-579a295c068a,수라궁중칼국수,칼국수,느다리 골목형상점가,골목형상점가,대전광역시,3.0,3.0,,,RESOLVED_AGREEMENT,False,3,,,,
cd51e6c3ad1e7252b281,test,칼국수,T1 정확표기,q_칼국수_02,칼국수,음식점 중 '칼국수'를 판매·제공하는 매장,d4416584-0ac9-4231-b17a-2b5876adaa51,상우칼국수,칼국수,월산4동 골목형상점가,골목형상점가,광주광역시,3.0,3.0,,,RESOLVED_AGREEMENT,False,3,,,,
42e3257718f526257c0f,test,칼국수,T1 정확표기,q_칼국수_02,칼국수,음식점 중 '칼국수'를 판매·제공하는 매장,1b72a5c9-2712-41aa-8bbf-edce9d238c00,행복손칼국수,칼국수,반곡동행복 골목형상점가,골목형상점가,세종특별자치시,3.0,3.0,,,RESOLVED_AGREEMENT,False,3,,,,
0f4f2b331587aed3eb9e,test,칼국수,T1 정확표기,q_칼국수_02,칼국수,음식점 중 '칼국수'를 판매·제공하는 매장,a8574240-9341-40d9-9d2d-c0cbf8793695,뜨락칼국수,칼국수,주천골목형상점가,골목형상점가,강원특별자치도,3.0,3.0,,,RESOLVED_AGREEMENT,False,3,,,,
dba9b90900ed4843f3c8,test,칼국수,T1 정확표기,q_칼국수_02,칼국수,음식점 중 '칼국수'를 판매·제공하는 매장,8282218c-90a5-439a-9d84-66177535d1ac,장기칼국수,칼국수,오천시장,전통시장,경상북도,3.0,3.0,,,RESOLVED_AGREEMENT,False,3,,,,
64b72816b9ad69fbbc21,test,칼국수,T1 정확표기,q_칼국수_02,칼국수,음식점 중 '칼국수'를 판매·제공하는 매장,0aa1c4a4-48c0-4eaf-a236-0136965e01a5,신흥칼국수,칼국수,부천신흥시장,전통시장,경기도,3.0,3.0,,,RESOLVED_AGREEMENT,False,3,,,,
3c5c32171bdf6613fcec,test,칼국수,T1 정확표기,q_칼국수_02,칼국수,음식점 중 '칼국수'를 판매·제공하는 매장,b727861a-9a20-4694-9a34-14f9a0e43445,연동칼국수,칼국수,연동골목시장,자율상권구역,부산광역시,3.0,3.0,,,RESOLVED_AGREEMENT,False,3,,,,
d1e0af2d37db36396127,test,칼국수,T1 정확표기,q_칼국수_02,칼국수,음식점 중 '칼국수'를 판매·제공하는 매장,3948ab17-ef32-42ee-a662-707fae6454d9,송미령칼국수,칼국수,부사시장,전통시장,대전광역시,3.0,3.0,,,RESOLVED_AGREEMENT,False,3,,,,
93cfa9ea506ec43490a1,test,칼국수,T1 정확표기,q_칼국수_02,칼국수,음식점 중 '칼국수'를 판매·제공하는 매장,94095616-66d0-45f0-aad2-c6990e8fa832,조선절면:칼국수,칼국수,노은상가연합 골목형상점가,골목형상점가,대전광역시,3.0,3.0,,,RESOLVED_AGREEMENT,False,3,,,,
199b2e8bb555efd33684,test,칼국수,T1 정확표기,q_칼국수_02,칼국수,음식점 중 '칼국수'를 판매·제공하는 매장,0afd7055-8c73-4104-8790-70550bdb04a3,홍두깨 칼국수,칼국수,원종고강제일시장(부천제일시장),전통시장,경기도,3.0,3.0,,,RESOLVED_AGREEMENT,False,3,,,,
0282c7a4430cda58d5d2,test,칼국수,T1 정확표기,q_칼국수_02,칼국수,음식점 중 '칼국수'를 판매·제공하는 매장,0182c177-fcc7-47b0-8e12-99eb221aff79,시장초장식당,"칼국수, 열무비빔밥, 국, 반찬",경주중앙시장,전통시장,경상북도,3.0,3.0,,,RESOLVED_AGREEMENT,False,3,,,,
903987a3fd25e84cded7,test,칼국수,T1 정확표기,q_칼국수_02,칼국수,음식점 중 '칼국수'를 판매·제공하는 매장,24e20700-5985-48cb-9d5e-b498ce8f15d4,목포칼국수,칼국수,청량리농수산물시장,전통시장,서울특별시,3.0,3.0,,,RESOLVED_AGREEMENT,False,3,,,,
5085886326e6e0daa317,test,칼국수,T1 정확표기,q_칼국수_02,칼국수,음식점 중 '칼국수'를 판매·제공하는 매장,0fa3f1ae-17e9-4b92-9a8e-fa378a9ae05b,대덕칼국수,칼국수,단양구경시장(단양인정시장),전통시장,충청북도,3.0,3.0,,,RESOLVED_AGREEMENT,False,3,,,,
c83b63e85d5e1dbd4caf,test,칼국수,T1 정확표기,q_칼국수_02,칼국수,음식점 중 '칼국수'를 판매·제공하는 매장,7176d35a-8154-46de-9b95-7133b97b1020,안골 칼국수,칼국수,어은누리 골목형상점가,골목형상점가,대전광역시,3.0,3.0,,,RESOLVED_AGREEMENT,False,3,,,,
c2603ebae19540432fbd,test,칼국수,T1 정확표기,q_칼국수_02,칼국수,음식점 중 '칼국수'를 판매·제공하는 매장,0481f4ab-3e3b-4448-b34a-839dea91b642,경북칼국수,칼국수,신정상가시장,전통시장,울산광역시,3.0,3.0,,,RESOLVED_AGREEMENT,False,3,,,,
6e682e18e776b965431b,test,칼국수,T2 동의어,q_칼국수_03,국수집,음식점 중 '칼국수'를 판매·제공하는 매장,e3260da8-ec85-4a58-b7f8-8fe2f75d4922,장터국수집,한식,유구시장,전통시장,충청남도,2.0,3.0,,,P2_GRADED_ONLY,True,,,,,
98c6b34bf451e4090b76,test,칼국수,T2 동의어,q_칼국수_03,국수집,음식점 중 '칼국수'를 판매·제공하는 매장,375e02dc-0bcf-48e9-a1ee-407214a54f94,국수집,국수,조종시장,전통시장,경기도,3.0,3.0,,,RESOLVED_AGREEMENT,False,3,,,,
12a01ac9e057e3c972d2,test,칼국수,T2 동의어,q_칼국수_03,국수집,음식점 중 '칼국수'를 판매·제공하는 매장,1dc4d843-0c1e-4121-b57c-805ab7a7f446,공주병,여성의류,미포1길 골목형상점가,골목형상점가,울산광역시,0.0,0.0,,,RESOLVED_AGREEMENT,False,0,,,,
7ca3354ec186bd658799,test,칼국수,T2 동의어,q_칼국수_03,국수집,음식점 중 '칼국수'를 판매·제공하는 매장,01a468d2-cf3e-4db1-826a-771917b2e910,제주일월국수,국수,관평동 골목형상점가,골목형상점가,대전광역시,3.0,3.0,,,RESOLVED_AGREEMENT,False,3,,,,
6c69b0e8b36d2d905e76,test,칼국수,T2 동의어,q_칼국수_03,국수집,음식점 중 '칼국수'를 판매·제공하는 매장,0b8c3a72-acd7-40fa-9e3f-683fae8f95a9,시장국수집,한식 음식점업,문산자유시장,전통시장,경기도,2.0,3.0,,,P2_GRADED_ONLY,True,,,,,
7d60d9b1f68f0f30ee58,test,칼국수,T2 동의어,q_칼국수_03,국수집,음식점 중 '칼국수'를 판매·제공하는 매장,02457d93-c70f-4fee-bbbe-38e35d009983,선유도국수집,음식점,선유도역골목형상점가,골목형상점가,서울특별시,2.0,3.0,,,P2_GRADED_ONLY,True,,,,,
a7f03ec6e4097679a19f,test,칼국수,T2 동의어,q_칼국수_03,국수집,음식점 중 '칼국수'를 판매·제공하는 매장,00057366-f4a3-4b3b-a763-5545eb9cda8a,구봉국수,잔치국수,여수서시장주변시장,전통시장,전라남도,3.0,3.0,,,RESOLVED_AGREEMENT,False,3,,,,
8f616bcdea0db7235c9c,test,칼국수,T2 동의어,q_칼국수_03,국수집,음식점 중 '칼국수'를 판매·제공하는 매장,0d36cfdd-f8a4-41f1-a864-8a98a8a82fff,우리분식,수제비,포항죽도시장,전통시장,경상북도,3.0,3.0,,,RESOLVED_AGREEMENT,False,3,,,,
8e28dc318ba3b60350ce,test,칼국수,T2 동의어,q_칼국수_03,국수집,음식점 중 '칼국수'를 판매·제공하는 매장,d52eb5ce-05bd-4cbb-89a1-fdf8f9ddff29,옛날국수집,국수,부천자유시장,전통시장,경기도,3.0,3.0,,,RESOLVED_AGREEMENT,False,3,,,,
bf25ffe805161f204f4c,test,칼국수,T2 동의어,q_칼국수_03,국수집,음식점 중 '칼국수'를 판매·제공하는 매장,23f9a1b1-89e2-4190-a251-f17f3f537227,은분이네 국수집,음식(국수),연일전통시장,전통시장,경상북도,3.0,3.0,,,RESOLVED_AGREEMENT,False,3,,,,
33d830025f5c689aa503,test,칼국수,T2 동의어,q_칼국수_03,국수집,음식점 중 '칼국수'를 판매·제공하는 매장,32e26112-f2cd-463d-93b5-4df82925755e,예로체한의원,한약,평촌1번가 상점가,자율상권구역,경기도,0.0,0.0,,,RESOLVED_AGREEMENT,False,0,,,,
b354ef5041859fa8b777,test,칼국수,T2 동의어,q_칼국수_03,국수집,음식점 중 '칼국수'를 판매·제공하는 매장,a7727762-becb-4da0-9c2b-16651c88a504,행복한 국수집,한식,오케이 양산동 골목형상점가,골목형상점가,광주광역시,2.0,3.0,,,P2_GRADED_ONLY,True,,,,,
e0fc979e6335baf153f9,test,칼국수,T2 동의어,q_칼국수_03,국수집,음식점 중 '칼국수'를 판매·제공하는 매장,f24f75f4-ac99-41bb-913e-5b4594d0d526,국수파는집,국수,한글거리 상점가상인회,자율상권구역,세종특별자치시,3.0,3.0,,,RESOLVED_AGREEMENT,False,3,,,,
4534174231c48a3d3940,test,칼국수,T2 동의어,q_칼국수_03,국수집,음식점 중 '칼국수'를 판매·제공하는 매장,013fc799-6c55-4fa3-b332-1251f068c422,행복식당,수제비,포항죽도시장,전통시장,경상북도,3.0,3.0,,,RESOLVED_AGREEMENT,False,3,,,,
f6e184c9b8ae3e31328a,test,칼국수,T2 동의어,q_칼국수_03,국수집,음식점 중 '칼국수'를 판매·제공하는 매장,91128aa8-3f3b-428c-9586-ae12b4379afb,마시왕잔치국수,국수집,성복 온누리 골목형상점가,골목형상점가,경기도,3.0,3.0,,,RESOLVED_AGREEMENT,False,3,,,,
60220a3a61dab3e1d40f,test,칼국수,T2 동의어,q_칼국수_03,국수집,음식점 중 '칼국수'를 판매·제공하는 매장,ac8e482f-0fee-45c1-8a5a-c2aab6855f43,가온디엔씨,컴퓨터,대구종합유통단지전자관사업협동조합,전통시장,대구광역시,0.0,0.0,,,RESOLVED_AGREEMENT,False,0,,,,
0613036d9c72148756ff,test,칼국수,T2 동의어,q_칼국수_03,국수집,음식점 중 '칼국수'를 판매·제공하는 매장,e61077e2-d33e-4664-9143-5587535a88ff,항아리국수집,국수,평택통복시장,전통시장,경기도,3.0,3.0,,,RESOLVED_AGREEMENT,False,3,,,,
4f7ee7ecc0e3acd55a27,test,칼국수,T2 동의어,q_칼국수_03,국수집,음식점 중 '칼국수'를 판매·제공하는 매장,f24166f6-8534-4660-a356-9f35ddb40555,꼬끼요&고기요,전기구이바베큐,수유중앙골목시장골목형상점가,골목형상점가,서울특별시,0.0,0.0,,,RESOLVED_AGREEMENT,False,0,,,,
515bdb82c84c88a82461,test,칼국수,T2 동의어,q_칼국수_03,국수집,음식점 중 '칼국수'를 판매·제공하는 매장,00b090ad-30c0-4573-a43a-123f5116851b,호호정 멸치국수,,그랜드프라자&상용b상가 상점가,골목형상점가,경기도,3.0,3.0,,,RESOLVED_AGREEMENT,False,3,,,,
9675bbd34f93849bcc25,test,칼국수,T2 동의어,q_칼국수_03,국수집,음식점 중 '칼국수'를 판매·제공하는 매장,815af770-71ae-4e59-a4b9-7335baf257cb,모모네국수집,분식,평촌1번가 상점가,자율상권구역,경기도,2.0,3.0,,,P2_GRADED_ONLY,True,,,,,
a7acbc3776f853b6276d,test,칼국수,T2 동의어,q_칼국수_03,국수집,음식점 중 '칼국수'를 판매·제공하는 매장,ec88c998-1b87-41be-9f5c-f0aa3ad509c0,만복국수집,만복국수집,포항 쌍사상가 골목형상점가,골목형상점가,경상북도,3.0,3.0,,,RESOLVED_AGREEMENT,False,3,,,,
f1208bcb4ed222ed9f37,test,칼국수,T2 동의어,q_칼국수_03,국수집,음식점 중 '칼국수'를 판매·제공하는 매장,ae0b0c09-a041-4b36-a209-9f46f1db8a53,서울혼수집,외의,봉화상설시장,전통시장,경상북도,0.0,0.0,,,RESOLVED_AGREEMENT,False,0,,,,
7078ae5b6b97c0622d1e,test,칼국수,T2 동의어,q_칼국수_03,국수집,음식점 중 '칼국수'를 판매·제공하는 매장,4da52781-3d20-464d-a73f-c44ccbe615e0,국수밀당,,산격대우상가골목형상점가,골목형상점가,대구광역시,3.0,3.0,,,RESOLVED_AGREEMENT,False,3,,,,
584c7704cb7de86c3dbf,test,칼국수,T2 동의어,q_칼국수_03,국수집,음식점 중 '칼국수'를 판매·제공하는 매장,4f410dde-971b-485a-a66b-d1c36d7a7e9e,행복한국수집,국수,전주중산공원 골목형상점가,골목형상점가,전북특별자치도,3.0,3.0,,,RESOLVED_AGREEMENT,False,3,,,,
482fcf8407671d2b7cf9,test,칼국수,T2 동의어,q_칼국수_03,국수집,음식점 중 '칼국수'를 판매·제공하는 매장,0000a9c5-57f2-4719-9ec3-e5d864c7f008,새여울잔치국수,국수,용정 골목형상점가,골목형상점가,대전광역시,3.0,3.0,,,RESOLVED_AGREEMENT,False,3,,,,
1db32599ce384f1891df,test,칼국수,T2 동의어,q_칼국수_03,국수집,음식점 중 '칼국수'를 판매·제공하는 매장,0d8fce0a-d4db-4f9d-b3ac-23b11915cf70,할머니국수집,국수,봉동생강골시장,전통시장,전북특별자치도,3.0,3.0,,,RESOLVED_AGREEMENT,False,3,,,,
d0d9bf51061b094efaf6,test,칼국수,T2 동의어,q_칼국수_03,국수집,음식점 중 '칼국수'를 판매·제공하는 매장,e7ce3a35-5e5a-4364-922c-c7bcf68771d4,쌀국수집,동남아음식,구미 아카데미상가 골목형상점가,골목형상점가,경상북도,2.0,3.0,,,P2_GRADED_ONLY,True,,,,,
0a8e7f9c55780875b080,test,칼국수,T2 동의어,q_칼국수_03,국수집,음식점 중 '칼국수'를 판매·제공하는 매장,b8ec3442-2e1e-45b7-94f3-e8b9fc2dfc7b,소문난 손칼국수집,칼국수,하남시서석바대상점가,자율상권구역,경기도,3.0,3.0,,,RESOLVED_AGREEMENT,False,3,,,,
4229b11dd20bd5d6ce05,test,칼국수,T2 동의어,q_칼국수_03,국수집,음식점 중 '칼국수'를 판매·제공하는 매장,7dae17ea-307c-4fd2-9d98-5784294c42f0,김가네국수집,국수 김밥,신도봉시장,전통시장,서울특별시,3.0,3.0,,,RESOLVED_AGREEMENT,False,3,,,,
3c69be6e74f29e4b7b7c,test,칼국수,T2 동의어,q_칼국수_03,국수집,음식점 중 '칼국수'를 판매·제공하는 매장,0b26ec14-485f-4826-8e69-f2e2fd0ef91e,원조어탕,어탕수제비.칼국수,구미 금리단길 골목형상점가,골목형상점가,경상북도,3.0,3.0,,,RESOLVED_AGREEMENT,False,3,,,,
bbfcdda766fd09bd7bb0,test,칼국수,T2 동의어,q_칼국수_03,국수집,음식점 중 '칼국수'를 판매·제공하는 매장,fa823281-bd00-4ff9-9aaa-b1cee2c4322c,마마도수집,중식,대림역도림로 골목형상점가,골목형상점가,서울특별시,1.0,0.0,,,P2_GRADED_ONLY,True,,,,,
8cd02b97ee1c66484c25,test,칼국수,T2 동의어,q_칼국수_03,국수집,음식점 중 '칼국수'를 판매·제공하는 매장,723fafb0-c413-4609-a197-29d4f3ab0683,노난국수집.보쌈.전 가평점,한식,가평잣고을시장,전통시장,경기도,2.0,3.0,,,P2_GRADED_ONLY,True,,,,,
84acf9d1291ebbe31366,test,칼국수,T2 동의어,q_칼국수_03,국수집,음식점 중 '칼국수'를 판매·제공하는 매장,1541aa4d-f5ec-4859-9fb0-526fe494945a,만복국수집,보쌈,장기동 먹거리상가 골목형상점가,골목형상점가,대구광역시,2.0,3.0,,,P2_GRADED_ONLY,True,,,,,
2026df8c66ab7e701e7b,test,칼국수,T2 동의어,q_칼국수_03,국수집,음식점 중 '칼국수'를 판매·제공하는 매장,19257d21-0e13-4704-bf7a-85ea7f5070e9,정가네국수집,한식,안동서부시장,전통시장,경상북도,2.0,3.0,,,P2_GRADED_ONLY,True,,,,,
305d2db3b62a03ffbe63,test,칼국수,T2 동의어,q_칼국수_03,국수집,음식점 중 '칼국수'를 판매·제공하는 매장,5edae118-f6c3-4ba7-8efc-4a3044cf30fb,어수정국수집,국수,문산자유시장,전통시장,경기도,3.0,3.0,,,RESOLVED_AGREEMENT,False,3,,,,
2a72a14bf355707843cd,test,칼국수,T2 동의어,q_칼국수_03,국수집,음식점 중 '칼국수'를 판매·제공하는 매장,31b77c04-8f4f-45e8-bf2c-a02ca420d6d5,국수포차,,서부시장,전통시장,대구광역시,3.0,3.0,,,RESOLVED_AGREEMENT,False,3,,,,
18ac0b730eb3337045fa,test,칼국수,T2 동의어,q_칼국수_03,국수집,음식점 중 '칼국수'를 판매·제공하는 매장,454a7e0a-c814-40d6-9500-cc37197e2bdc,시장국수집,음식점,남부골목시장,전통시장,서울특별시,2.0,3.0,,,P2_GRADED_ONLY,True,,,,,
a065d47cd3e1ca49fe5a,test,칼국수,T2 동의어,q_칼국수_03,국수집,음식점 중 '칼국수'를 판매·제공하는 매장,06c08c2a-1549-4a5b-ab2e-b385ac252f13,방이손칼국수,간이음식 칼국수 수제비,방이시장,전통시장,서울특별시,3.0,3.0,,,RESOLVED_AGREEMENT,False,3,,,,
a5dbc8424673c58700b9,test,칼국수,T2 동의어,q_칼국수_03,국수집,음식점 중 '칼국수'를 판매·제공하는 매장,00d50d90-8afb-448e-b0fa-401fedd78dcb,공산성국수,국수,공산성골목형상점가,골목형상점가,충청남도,3.0,3.0,,,RESOLVED_AGREEMENT,False,3,,,,
a29caf93de13ff09562b,test,칼국수,T2 동의어,q_칼국수_03,국수집,음식점 중 '칼국수'를 판매·제공하는 매장,02f0d2df-412f-4757-9c4c-b3a40267f829,스타무용학원,무용학원,매곡 가인 골목형상점가,골목형상점가,광주광역시,0.0,0.0,,,RESOLVED_AGREEMENT,False,0,,,,
8166fc6460a7a0d91d48,test,칼국수,T2 동의어,q_칼국수_03,국수집,음식점 중 '칼국수'를 판매·제공하는 매장,6910f554-a3d1-49f6-9346-cf50f0cd6c5c,고령할매국수집,한식,고령대가야시장,전통시장,경상북도,2.0,3.0,,,P2_GRADED_ONLY,True,,,,,
19f81249142c05d3c2a2,test,칼국수,T2 동의어,q_칼국수_03,국수집,음식점 중 '칼국수'를 판매·제공하는 매장,80a55574-a0c3-499a-9783-a74ed70d9c26,만복 국수집(두류점),한식,대구예전우시장,전통시장,대구광역시,2.0,3.0,,,P2_GRADED_ONLY,True,,,,,
492ddc487b6ee8ec8ab4,test,칼국수,T2 동의어,q_칼국수_03,국수집,음식점 중 '칼국수'를 판매·제공하는 매장,b0d9b6b9-9380-48bf-9f0f-227a816c17c7,시장국수집,한식,진보전통시장,전통시장,경상북도,2.0,3.0,,,P2_GRADED_ONLY,True,,,,,
8fbdaefa0bf179dae583,test,칼국수,T2 동의어,q_칼국수_03,국수집,음식점 중 '칼국수'를 판매·제공하는 매장,2edb08fa-b9de-45f4-a728-7d0feff49499,영순네국수집,국수,우산청년골목형상점가,골목형상점가,강원특별자치도,3.0,3.0,,,RESOLVED_AGREEMENT,False,3,,,,
6712943263449ad9062d,test,칼국수,T2 동의어,q_칼국수_03,국수집,음식점 중 '칼국수'를 판매·제공하는 매장,4ebf1032-1a9f-49f6-b379-c7506be5218c,맨도롱국수집,한식,천지동 아랑조을거리,골목형상점가,제주특별자치도,2.0,3.0,,,P2_GRADED_ONLY,True,,,,,
2190c65b2f4c6bba528e,test,칼국수,T2 동의어,q_칼국수_03,국수집,음식점 중 '칼국수'를 판매·제공하는 매장,0182c177-fcc7-47b0-8e12-99eb221aff79,시장초장식당,"칼국수, 열무비빔밥, 국, 반찬",경주중앙시장,전통시장,경상북도,3.0,3.0,,,RESOLVED_AGREEMENT,False,3,,,,
6850c06fe89d99182c6a,test,칼국수,T2 동의어,q_칼국수_03,국수집,음식점 중 '칼국수'를 판매·제공하는 매장,cb9053a2-bd18-42a5-b753-d2e518d3f876,안면도전통손칼국수집,한식,성안길상점가,자율상권구역,충청북도,2.0,3.0,,,P2_GRADED_ONLY,True,,,,,
7c807d184d9c95d32029,test,칼국수,T2 동의어,q_칼국수_03,국수집,음식점 중 '칼국수'를 판매·제공하는 매장,01204ba5-bc3e-4a17-83cd-1dd9bee98d5e,규수방,국수,대전정원시장,전통시장,대전광역시,3.0,3.0,,,RESOLVED_AGREEMENT,False,3,,,,
c78bc070bf99315ab5af,test,칼국수,T2 동의어,q_칼국수_03,국수집,음식점 중 '칼국수'를 판매·제공하는 매장,00baf772-7ca3-475a-a614-a5dc35286be7,시골막국수와 옹심이 충북혁신도시점,막국수,맹동혁신골목형상점가,골목형상점가,충청북도,3.0,3.0,,,RESOLVED_AGREEMENT,False,3,,,,
a7257c228e7d35f66a32,test,칼국수,T2 동의어,q_칼국수_03,국수집,음식점 중 '칼국수'를 판매·제공하는 매장,fc54672a-2561-4c0a-be60-f84ee2360df4,성복동 국수집,국수,성복 온누리 골목형상점가,골목형상점가,경기도,3.0,3.0,,,RESOLVED_AGREEMENT,False,3,,,,
b8ee667d6f1f4620a6e9,test,칼국수,T2 동의어,q_칼국수_03,국수집,음식점 중 '칼국수'를 판매·제공하는 매장,0dc3ab7d-7bf0-49b3-a1e1-b42c046471ef,국수집,한식,은행나무시장(구시흥중앙시장),전통시장,서울특별시,2.0,3.0,,,P2_GRADED_ONLY,True,,,,,
b96726d5c1595922b377,test,칼국수,T2 동의어,q_칼국수_03,국수집,음식점 중 '칼국수'를 판매·제공하는 매장,2ed713f1-2bff-4afd-ac91-f80e5c08331f,국수집,국수,호계종합시장,전통시장,경기도,3.0,3.0,,,RESOLVED_AGREEMENT,False,3,,,,
cffd8b9e692407f8a07e,test,칼국수,T2 동의어,q_칼국수_03,국수집,음식점 중 '칼국수'를 판매·제공하는 매장,1f3bd9b3-91ac-44a8-8043-87a3462bff1b,구름한조각,커피디저트,부여중앙시장,전통시장,충청남도,0.0,0.0,,,RESOLVED_AGREEMENT,False,0,,,,
865032c897f1f97367a9,test,칼국수,T2 동의어,q_칼국수_03,국수집,음식점 중 '칼국수'를 판매·제공하는 매장,df47ed50-573a-4630-8546-1cd8669aaf80,멸치국수집,국수,보라빛거리골목형상점가,골목형상점가,서울특별시,3.0,3.0,,,RESOLVED_AGREEMENT,False,3,,,,
6ffe3855b97df7d72714,test,칼국수,T2 동의어,q_칼국수_03,국수집,음식점 중 '칼국수'를 판매·제공하는 매장,feca8c21-4cd2-449a-8b50-6fe1e3276cd8,국수집,국수,1913송정역시장,전통시장,광주광역시,3.0,3.0,,,RESOLVED_AGREEMENT,False,3,,,,
4209c557cdb7b6089ee7,test,칼국수,T2 동의어,q_칼국수_03,국수집,음식점 중 '칼국수'를 판매·제공하는 매장,00cef312-cb5c-4dea-ad69-88c556146024,주산팥죽,"팥죽, 칼국수",부안상설시장,전통시장,전북특별자치도,3.0,3.0,,,RESOLVED_AGREEMENT,False,3,,,,
45dbc495bc269c9fa6dc,test,칼국수,T2 동의어,q_칼국수_03,국수집,음식점 중 '칼국수'를 판매·제공하는 매장,df2e608e-4f09-4f5b-a92d-4c70a01052bf,김안과의원,안과,평화시장 닭똥집명물거리 골목형상점가,골목형상점가,대구광역시,0.0,0.0,,,RESOLVED_AGREEMENT,False,0,,,,
513f4a76fdade33c7103,test,칼국수,T2 동의어,q_칼국수_03,국수집,음식점 중 '칼국수'를 판매·제공하는 매장,50a24325-a263-4d83-9566-51e410a226b6,미래도국수집,국수,도래미시장,전통시장,강원특별자치도,3.0,3.0,,,RESOLVED_AGREEMENT,False,3,,,,
d203c381d1ec81165e4d,test,칼국수,T2 동의어,q_칼국수_03,국수집,음식점 중 '칼국수'를 판매·제공하는 매장,0cdea40b-df17-41f5-aad7-8d3cfefc0f89,수제비집,수제비,주막거리상점가,자율상권구역,경기도,3.0,3.0,,,RESOLVED_AGREEMENT,False,3,,,,
a6abe17b242685c295af,test,칼국수,T2 동의어,q_칼국수_03,국수집,음식점 중 '칼국수'를 판매·제공하는 매장,20bc5df6-6fb4-4e6b-bb4b-2c6822e6902d,국수명가,국수,울진시장(울진바지게시장),전통시장,경상북도,3.0,3.0,,,RESOLVED_AGREEMENT,False,3,,,,
e723ac74df589fc3f39b,test,칼국수,T2 동의어,q_칼국수_03,국수집,음식점 중 '칼국수'를 판매·제공하는 매장,ab277536-269b-4c96-8a54-71f395369781,진주국수집,식당,진해 경화시장,전통시장,경상남도,2.0,3.0,,,P2_GRADED_ONLY,True,,,,,
870f84af8cdf685b14ba,test,칼국수,T2 동의어,q_칼국수_03,국수집,음식점 중 '칼국수'를 판매·제공하는 매장,8e908fb1-e865-4502-bbe8-ffd0daa402bc,영옥이네국수집,국수,효자동 신봉길 골목형상점가,골목형상점가,전북특별자치도,3.0,3.0,,,RESOLVED_AGREEMENT,False,3,,,,
1487068ee029cc5feb74,test,칼국수,T2 동의어,q_칼국수_03,국수집,음식점 중 '칼국수'를 판매·제공하는 매장,b0238905-4861-4ede-975e-788778c27467,진우네집 국수,국수,국수거리 골목형상점가,골목형상점가,전라남도,3.0,3.0,,,RESOLVED_AGREEMENT,False,3,,,,
61f3ffa043cdf7c5e070,test,칼국수,T2 동의어,q_칼국수_03,국수집,음식점 중 '칼국수'를 판매·제공하는 매장,4aeabaa7-5075-4c19-a7c9-c77f0eada671,여수집,한식,개롱골장군거리 골목형상점가,골목형상점가,서울특별시,1.0,1.0,,,RESOLVED_AGREEMENT,False,1,,,,
cf3e7c4d0144b8a09678,test,칼국수,T2 동의어,q_칼국수_03,국수집,음식점 중 '칼국수'를 판매·제공하는 매장,1c344df3-9e03-41ff-89c3-85afa4f719ac,첨단오뚜기국수집앤세계맥주,국수,첨단리채 골목형상점가,골목형상점가,광주광역시,3.0,3.0,,,RESOLVED_AGREEMENT,False,3,,,,
3732fae8a2b18826ea5d,test,칼국수,T2 동의어,q_칼국수_03,국수집,음식점 중 '칼국수'를 판매·제공하는 매장,01e8f807-6020-486c-bd59-38a7035bc453,구례밀밭,국수,화엄상가(골목형상점가),골목형상점가,전라남도,3.0,3.0,,,RESOLVED_AGREEMENT,False,3,,,,
2a777d73498608fd2818,test,칼국수,T2 동의어,q_칼국수_03,국수집,음식점 중 '칼국수'를 판매·제공하는 매장,812f0d17-d37d-4c0b-9f9b-801f25b17ad4,옛날촌국수집,한식,진해 경화시장,전통시장,경상남도,2.0,3.0,,,P2_GRADED_ONLY,True,,,,,
771546ccc52d8da2446b,test,칼국수,T2 동의어,q_칼국수_03,국수집,음식점 중 '칼국수'를 판매·제공하는 매장,3b1754bb-1bd2-4a1b-bea4-9978244ec55b,국수집,일반음식점,연무 골목형상점가,골목형상점가,경기도,2.0,3.0,,,P2_GRADED_ONLY,True,,,,,
c55c014d80ba7958b9a0,test,칼국수,T2 동의어,q_칼국수_03,국수집,음식점 중 '칼국수'를 판매·제공하는 매장,67753060-da6f-48b3-a8be-857a2affb770,대현식당,,동대구시장,전통시장,대구광역시,,1.0,Y,,P0_UNCERTAIN_OR_MISSING,True,,,,,
fbdf67a6ec442c4368b1,test,칼국수,T2 동의어,q_칼국수_04,손칼국수,음식점 중 '칼국수'를 판매·제공하는 매장,3c855b86-fbe2-49d3-bfae-01e8bb184b5f,(유)남성유통,축산물,가락몰골목형상점가,골목형상점가,서울특별시,0.0,0.0,,,RESOLVED_AGREEMENT,False,0,,,,
02d322ad2e8ce8525c63,test,칼국수,T2 동의어,q_칼국수_04,손칼국수,음식점 중 '칼국수'를 판매·제공하는 매장,08299bfa-36aa-4c4d-a71a-d4bab6d761e9,청해손칼국수,칼국수,상대동 골목형상점가,골목형상점가,대전광역시,3.0,3.0,,,RESOLVED_AGREEMENT,False,3,,,,
07a40202f8bb391aab2c,test,칼국수,T2 동의어,q_칼국수_04,손칼국수,음식점 중 '칼국수'를 판매·제공하는 매장,359533c0-c0ff-43aa-991e-73f448b7dcd5,단골손칼국수,칼국수,고암 골목형상점가,골목형상점가,충청북도,3.0,3.0,,,RESOLVED_AGREEMENT,False,3,,,,
9569a969b5a28b43ad30,test,칼국수,T2 동의어,q_칼국수_04,손칼국수,음식점 중 '칼국수'를 판매·제공하는 매장,f1005ac5-23dc-4291-8b36-6fbc301f0b95,양동상회,곡물 쌀,양동닭전길시장,전통시장,광주광역시,0.0,0.0,,,RESOLVED_AGREEMENT,False,0,,,,
24b156e2927aa512ddf6,test,칼국수,T2 동의어,q_칼국수_04,손칼국수,음식점 중 '칼국수'를 판매·제공하는 매장,4824ab92-fc99-40f3-b219-4181598dcee8,이모손칼국수,칼국수,진해중앙시장,전통시장,경상남도,3.0,3.0,,,RESOLVED_AGREEMENT,False,3,,,,
8a592c0f7b0c9655fee2,test,칼국수,T2 동의어,q_칼국수_04,손칼국수,음식점 중 '칼국수'를 판매·제공하는 매장,b9e5d89c-f000-4f24-862a-e18bb037e267,손칼국수개성빈대떡,칼국수,감전시장,전통시장,부산광역시,3.0,3.0,,,RESOLVED_AGREEMENT,False,3,,,,
ed7c8ef5dc75e109e8b3,test,칼국수,T2 동의어,q_칼국수_04,손칼국수,음식점 중 '칼국수'를 판매·제공하는 매장,3ccb7a19-305c-4aab-8325-9cbb63e9239c,옛보리밥손칼국수,한식,선산봉황시장(구 선산종합시장),전통시장,경상북도,2.0,3.0,,,P2_GRADED_ONLY,True,,,,,
9199bd3b68f74395d31f,test,칼국수,T2 동의어,q_칼국수_04,손칼국수,음식점 중 '칼국수'를 판매·제공하는 매장,d3913055-56c1-45b0-91d5-6ff9d72b662f,유성 손칼국수,칼국수,구성언남 골목형상점가,골목형상점가,경기도,3.0,3.0,,,RESOLVED_AGREEMENT,False,3,,,,
03f71b1370a671a99fea,test,칼국수,T2 동의어,q_칼국수_04,손칼국수,음식점 중 '칼국수'를 판매·제공하는 매장,e29c4508-b91a-4b02-995f-1df5912a3639,솔샘손칼국수,한식,솔샘시장 골목형상점가,골목형상점가,서울특별시,2.0,3.0,,,P2_GRADED_ONLY,True,,,,,
9485690efd1c22de792a,test,칼국수,T2 동의어,q_칼국수_04,손칼국수,음식점 중 '칼국수'를 판매·제공하는 매장,59f7058f-b877-45e7-b60a-d56bf155ddc8,보람손칼국수,국수,정훈한마음골목시장,골목형상점가,서울특별시,3.0,3.0,,,RESOLVED_AGREEMENT,False,3,,,,
80b787ba15e6cc667985,test,칼국수,T2 동의어,q_칼국수_04,손칼국수,음식점 중 '칼국수'를 판매·제공하는 매장,0182c177-fcc7-47b0-8e12-99eb221aff79,시장초장식당,"칼국수, 열무비빔밥, 국, 반찬",경주중앙시장,전통시장,경상북도,3.0,3.0,,,RESOLVED_AGREEMENT,False,3,,,,
3a32125d72152de76cb2,test,칼국수,T2 동의어,q_칼국수_04,손칼국수,음식점 중 '칼국수'를 판매·제공하는 매장,677b1145-36b6-42b4-9c2b-e364fc25d557,레릿비미커피,,낭주골 골목형상점가,골목형상점가,전북특별자치도,0.0,0.0,,,RESOLVED_AGREEMENT,False,0,,,,
3ae49616b7607932ac81,test,칼국수,T2 동의어,q_칼국수_04,손칼국수,음식점 중 '칼국수'를 판매·제공하는 매장,d93c8af7-c86e-41ba-aaae-914b9dc9183e,덕풍손칼국수,손칼국수,덕풍전통시장,전통시장,경기도,3.0,3.0,,,RESOLVED_AGREEMENT,False,3,,,,
34cf56619d5d7e7788be,test,칼국수,T2 동의어,q_칼국수_04,손칼국수,음식점 중 '칼국수'를 판매·제공하는 매장,01204ba5-bc3e-4a17-83cd-1dd9bee98d5e,규수방,국수,대전정원시장,전통시장,대전광역시,3.0,3.0,,,RESOLVED_AGREEMENT,False,3,,,,
8449f0c42813a3c6965f,test,칼국수,T2 동의어,q_칼국수_04,손칼국수,음식점 중 '칼국수'를 판매·제공하는 매장,285066e9-4529-4f59-a690-9f56579c4336,홍두깨손칼국수,손칼국수,신기시장,전통시장,인천광역시,3.0,3.0,,,RESOLVED_AGREEMENT,False,3,,,,
a60f3f7e9aff3c97d78a,test,칼국수,T2 동의어,q_칼국수_04,손칼국수,음식점 중 '칼국수'를 판매·제공하는 매장,a35b79e9-2427-49af-ae34-7f8dfb6bd0a5,웰빙손칼국수,한식,팔등로기부거리,골목형상점가,울산광역시,2.0,3.0,,,P2_GRADED_ONLY,True,,,,,
634207bbc5b9cb7aaf30,test,칼국수,T2 동의어,q_칼국수_04,손칼국수,음식점 중 '칼국수'를 판매·제공하는 매장,c2be3db3-08ee-483f-9963-a7bebeaf9484,밀가손칼국수,칼국수,수완장덕 골목형상점가,골목형상점가,광주광역시,3.0,3.0,,,RESOLVED_AGREEMENT,False,3,,,,
94e960bb4544356b0be0,test,칼국수,T2 동의어,q_칼국수_04,손칼국수,음식점 중 '칼국수'를 판매·제공하는 매장,33645fae-9604-4c72-a10d-014ba5e9022d,문제집 이십사,도서 문구,신창진흥 골목형상점가,골목형상점가,광주광역시,0.0,0.0,,,RESOLVED_AGREEMENT,False,0,,,,
038f95eca9283cd5925c,test,칼국수,T2 동의어,q_칼국수_04,손칼국수,음식점 중 '칼국수'를 판매·제공하는 매장,00d50d90-8afb-448e-b0fa-401fedd78dcb,공산성국수,국수,공산성골목형상점가,골목형상점가,충청남도,3.0,3.0,,,RESOLVED_AGREEMENT,False,3,,,,
2763c98d3e7da7786ae6,test,칼국수,T2 동의어,q_칼국수_04,손칼국수,음식점 중 '칼국수'를 판매·제공하는 매장,0297eb2b-0a3e-43e3-a38c-181475cf9cbd,고모네 손칼국수,칼국수,구봉산길 골목형상점가,골목형상점가,대전광역시,3.0,3.0,,,RESOLVED_AGREEMENT,False,3,,,,
52a9c534620c3d63cddf,test,칼국수,T2 동의어,q_칼국수_04,손칼국수,음식점 중 '칼국수'를 판매·제공하는 매장,1d4a6f3b-cc61-42e6-9966-510484a95129,무안손칼국수,,승달 골목형상점가,골목형상점가,,3.0,3.0,,,RESOLVED_AGREEMENT,False,3,,,,
5e2304db498f8044ec68,test,칼국수,T2 동의어,q_칼국수_04,손칼국수,음식점 중 '칼국수'를 판매·제공하는 매장,f69ce230-25a6-4334-9a67-e2c9a7a9f558,강대감손칼국수,칼국수,정이있는 구포시장,전통시장,부산광역시,3.0,3.0,,,RESOLVED_AGREEMENT,False,3,,,,
ac1d4f206f7350aa1aba,test,칼국수,T2 동의어,q_칼국수_04,손칼국수,음식점 중 '칼국수'를 판매·제공하는 매장,fc6986a6-924b-452b-af06-e21f2cf8eea0,개포동 손칼국수,음식,강남개포시장(구 개포2동중심상점가),자율상권구역,서울특별시,2.0,3.0,,,P2_GRADED_ONLY,True,,,,,
f4800fbbd84996fd07f7,test,칼국수,T2 동의어,q_칼국수_04,손칼국수,음식점 중 '칼국수'를 판매·제공하는 매장,51466066-02f8-45c0-ba96-87ddff9307cc,만복이네 손칼국수,분식,괴정골목시장,전통시장,부산광역시,2.0,3.0,,,P2_GRADED_ONLY,True,,,,,
fab0a14893de9ef8a92b,test,칼국수,T2 동의어,q_칼국수_04,손칼국수,음식점 중 '칼국수'를 판매·제공하는 매장,b8ec3442-2e1e-45b7-94f3-e8b9fc2dfc7b,소문난 손칼국수집,칼국수,하남시서석바대상점가,자율상권구역,경기도,3.0,3.0,,,RESOLVED_AGREEMENT,False,3,,,,
a6ac362ae34e3d09ec95,test,칼국수,T2 동의어,q_칼국수_04,손칼국수,음식점 중 '칼국수'를 판매·제공하는 매장,e5d77aab-e243-409d-b107-87144c20820f,봉이손칼국수,칼국수,경창시장,전통시장,서울특별시,3.0,3.0,,,RESOLVED_AGREEMENT,False,3,,,,
8b76e5534a8008864cea,test,칼국수,T2 동의어,q_칼국수_04,손칼국수,음식점 중 '칼국수'를 판매·제공하는 매장,00baf772-7ca3-475a-a614-a5dc35286be7,시골막국수와 옹심이 충북혁신도시점,막국수,맹동혁신골목형상점가,골목형상점가,충청북도,3.0,3.0,,,RESOLVED_AGREEMENT,False,3,,,,
15a1494619d8852c6808,test,칼국수,T2 동의어,q_칼국수_04,손칼국수,음식점 중 '칼국수'를 판매·제공하는 매장,e72ab36a-5ae0-4ecd-b5e7-9c98b1bebf8c,금손칼국수,칼국수,슬기로운 지족역 골목형상점가,골목형상점가,대전광역시,3.0,3.0,,,RESOLVED_AGREEMENT,False,3,,,,
9f106dd6f84d2b51d7de,test,칼국수,T2 동의어,q_칼국수_04,손칼국수,음식점 중 '칼국수'를 판매·제공하는 매장,c193a3c8-dad4-41d8-bd66-fe5468e1d7e3,충남인삼,인삼,경동시장,전통시장,서울특별시,0.0,0.0,,,RESOLVED_AGREEMENT,False,0,,,,
7ad94fe2631f2dab1f5f,test,칼국수,T2 동의어,q_칼국수_04,손칼국수,음식점 중 '칼국수'를 판매·제공하는 매장,3bdb44aa-848d-42e2-9ef4-86367e3abd0f,한고수손칼국수,칼국수,경산공설시장,전통시장,경상북도,3.0,3.0,,,RESOLVED_AGREEMENT,False,3,,,,
6c4dc28883e12300b16d,test,칼국수,T2 동의어,q_칼국수_04,손칼국수,음식점 중 '칼국수'를 판매·제공하는 매장,06c08c2a-1549-4a5b-ab2e-b385ac252f13,방이손칼국수,간이음식 칼국수 수제비,방이시장,전통시장,서울특별시,3.0,3.0,,,RESOLVED_AGREEMENT,False,3,,,,
f0a0412da49697f5a2b2,test,칼국수,T2 동의어,q_칼국수_04,손칼국수,음식점 중 '칼국수'를 판매·제공하는 매장,01e8f807-6020-486c-bd59-38a7035bc453,구례밀밭,국수,화엄상가(골목형상점가),골목형상점가,전라남도,3.0,3.0,,,RESOLVED_AGREEMENT,False,3,,,,
338d86e4572b01f77da4,test,칼국수,T2 동의어,q_칼국수_04,손칼국수,음식점 중 '칼국수'를 판매·제공하는 매장,00057366-f4a3-4b3b-a763-5545eb9cda8a,구봉국수,잔치국수,여수서시장주변시장,전통시장,전라남도,3.0,3.0,,,RESOLVED_AGREEMENT,False,3,,,,
72c30b10eeeeb54b0dbe,test,칼국수,T2 동의어,q_칼국수_04,손칼국수,음식점 중 '칼국수'를 판매·제공하는 매장,87e716e7-df7c-4046-b5de-8fc4813dc4d3,토함산 손칼국수,한식,불국상가시장,전통시장,경상북도,2.0,3.0,,,P2_GRADED_ONLY,True,,,,,
93699c56a7b634110c9e,test,칼국수,T2 동의어,q_칼국수_04,손칼국수,음식점 중 '칼국수'를 판매·제공하는 매장,3ad9bebf-1c31-4923-bf0d-7796c8261237,동원손칼국수,,송강동 골목형상점가,골목형상점가,대전광역시,3.0,3.0,,,RESOLVED_AGREEMENT,False,3,,,,
fa45344fabbf6ed633b3,test,칼국수,T2 동의어,q_칼국수_04,손칼국수,음식점 중 '칼국수'를 판매·제공하는 매장,e6dc5d0c-b873-4c91-97ed-d3ee246f05d9,부부손칼국수,음식,창원 성원그랜드쇼핑상가,전통시장,경상남도,2.0,3.0,,,P2_GRADED_ONLY,True,,,,,
7ec437da833fb389097e,test,칼국수,T2 동의어,q_칼국수_04,손칼국수,음식점 중 '칼국수'를 판매·제공하는 매장,9915f9ee-6d8d-4822-bedc-32821580e774,옛날손칼국수,칼국수,황지자유시장,전통시장,강원특별자치도,3.0,3.0,,,RESOLVED_AGREEMENT,False,3,,,,
2f35506689ec95c09a69,test,칼국수,T2 동의어,q_칼국수_04,손칼국수,음식점 중 '칼국수'를 판매·제공하는 매장,0970464e-23f4-44de-96ce-ab1c3bffecfb,장안손칼국수,한식,모래내골목형상점가,골목형상점가,전북특별자치도,2.0,3.0,,,P2_GRADED_ONLY,True,,,,,
bacff3d4d57b1ebd941f,test,칼국수,T2 동의어,q_칼국수_04,손칼국수,음식점 중 '칼국수'를 판매·제공하는 매장,013fc799-6c55-4fa3-b332-1251f068c422,행복식당,수제비,포항죽도시장,전통시장,경상북도,3.0,3.0,,,RESOLVED_AGREEMENT,False,3,,,,
94614d699e6faaf8e0c1,test,칼국수,T2 동의어,q_칼국수_04,손칼국수,음식점 중 '칼국수'를 판매·제공하는 매장,2be96f6f-63ce-48fa-a535-bf7746339e20,원조손칼국수,칼국수,열매 골목형상점가,골목형상점가,대전광역시,3.0,3.0,,,RESOLVED_AGREEMENT,False,3,,,,
32708415e9c32c3e3b00,test,칼국수,T2 동의어,q_칼국수_04,손칼국수,음식점 중 '칼국수'를 판매·제공하는 매장,954717cf-6442-46d7-891c-b8becc8c8316,엄마손칼국수,칼국수,풍암신암상인회 골목형상점가,골목형상점가,광주광역시,3.0,3.0,,,RESOLVED_AGREEMENT,False,3,,,,
b6588e22e0e2b1ff4459,test,칼국수,T2 동의어,q_칼국수_04,손칼국수,음식점 중 '칼국수'를 판매·제공하는 매장,00b090ad-30c0-4573-a43a-123f5116851b,호호정 멸치국수,,그랜드프라자&상용b상가 상점가,골목형상점가,경기도,3.0,3.0,,,RESOLVED_AGREEMENT,False,3,,,,
3f6dc477cca98cd54985,test,칼국수,T2 동의어,q_칼국수_04,손칼국수,음식점 중 '칼국수'를 판매·제공하는 매장,01a468d2-cf3e-4db1-826a-771917b2e910,제주일월국수,국수,관평동 골목형상점가,골목형상점가,대전광역시,3.0,3.0,,,RESOLVED_AGREEMENT,False,3,,,,
9cae15a1ac9960c2cb20,test,칼국수,T2 동의어,q_칼국수_04,손칼국수,음식점 중 '칼국수'를 판매·제공하는 매장,1b72a5c9-2712-41aa-8bbf-edce9d238c00,행복손칼국수,칼국수,반곡동행복 골목형상점가,골목형상점가,세종특별자치시,3.0,3.0,,,RESOLVED_AGREEMENT,False,3,,,,
3c8f7e70994749f1d68e,test,칼국수,T2 동의어,q_칼국수_04,손칼국수,음식점 중 '칼국수'를 판매·제공하는 매장,44320be2-de0b-4e4c-a4a3-19b73c24bf61,화봉손칼국수,칼국수,휴먼시아 3단지 골목형상점가,골목형상점가,울산광역시,3.0,3.0,,,RESOLVED_AGREEMENT,False,3,,,,
3c87cb705a84d7def660,test,칼국수,T2 동의어,q_칼국수_04,손칼국수,음식점 중 '칼국수'를 판매·제공하는 매장,01095557-5374-4194-ad0b-e45c410a675d,반들한식뷔페,음식,서면1번가 자율상권구역,,부산광역시,1.0,1.0,,,RESOLVED_AGREEMENT,False,1,,,,
9b8c2856f0745b9e14d1,test,칼국수,T2 동의어,q_칼국수_04,손칼국수,음식점 중 '칼국수'를 판매·제공하는 매장,4c9047f1-7a06-4f7c-8cff-572c3abd83a3,이천손칼국수,칼국수,하가지구 골목형상점가,골목형상점가,전북특별자치도,3.0,3.0,,,RESOLVED_AGREEMENT,False,3,,,,
173524a96b8cb4fe6af0,test,칼국수,T2 동의어,q_칼국수_04,손칼국수,음식점 중 '칼국수'를 판매·제공하는 매장,afd676a6-dc17-4576-b16d-b838ef5630d7,자란만식품,젓갈,반여농산물도매시장 관련상품동,골목형상점가,부산광역시,0.0,0.0,,,RESOLVED_AGREEMENT,False,0,,,,
e45c8551d638bd0c2122,test,칼국수,T2 동의어,q_칼국수_04,손칼국수,음식점 중 '칼국수'를 판매·제공하는 매장,e612f9db-ebf3-46c1-9a44-86b06d769232,황도바지락 손칼국수,분식,BOCA 보카상점가,골목형상점가,경기도,2.0,3.0,,,P2_GRADED_ONLY,True,,,,,
9137d69aa107be25106c,test,칼국수,T2 동의어,q_칼국수_04,손칼국수,음식점 중 '칼국수'를 판매·제공하는 매장,f83d61cb-7a00-4984-8a43-eed2479ca6a7,별미손칼국수,칼국수,호계종합시장,전통시장,경기도,3.0,3.0,,,RESOLVED_AGREEMENT,False,3,,,,
59315d56e917ba78006f,test,칼국수,T2 동의어,q_칼국수_04,손칼국수,음식점 중 '칼국수'를 판매·제공하는 매장,2ed772d3-6017-45b1-80c2-addd7e0f3b6d,물치손칼국수,손칼국수,양양로 골목형상점가,골목형상점가,강원특별자치도,3.0,3.0,,,RESOLVED_AGREEMENT,False,3,,,,
e6cd6474135dfda099d4,test,칼국수,T2 동의어,q_칼국수_04,손칼국수,음식점 중 '칼국수'를 판매·제공하는 매장,618b1547-16b3-4a60-bff4-477a6eb991c8,이모손칼국수,칼국수,현풍백년도깨비시장,전통시장,대구광역시,3.0,3.0,,,RESOLVED_AGREEMENT,False,3,,,,
76103925aa070c5e365b,test,칼국수,T2 동의어,q_칼국수_04,손칼국수,음식점 중 '칼국수'를 판매·제공하는 매장,dc1606fc-6def-4298-947d-35e9591411ab,해드미 손칼국수,칼국수,송죽만석 골목형상점가,골목형상점가,경기도,3.0,3.0,,,RESOLVED_AGREEMENT,False,3,,,,
e5ad5b30b0363c9bfb8a,test,칼국수,T2 동의어,q_칼국수_04,손칼국수,음식점 중 '칼국수'를 판매·제공하는 매장,7afdabda-4d6c-4e36-a171-9a1f8d6ef02d,제일손칼국수,칼국수,원종고강제일시장(부천제일시장),전통시장,경기도,3.0,3.0,,,RESOLVED_AGREEMENT,False,3,,,,
10a1aff8a3bd734594d7,test,칼국수,T2 동의어,q_칼국수_04,손칼국수,음식점 중 '칼국수'를 판매·제공하는 매장,4e4f64b3-364e-4d32-9f56-8d0373b1ce4c,수정손칼국수,칼국수,주문진종합시장,전통시장,강원특별자치도,3.0,3.0,,,RESOLVED_AGREEMENT,False,3,,,,
a3f18a148ba75f0f212e,test,칼국수,T2 동의어,q_칼국수_04,손칼국수,음식점 중 '칼국수'를 판매·제공하는 매장,b8520047-79eb-433e-b412-e801c27ca8d2,명랑손칼국수,음식,이천중앙로상가,자율상권구역,경기도,2.0,3.0,,,P2_GRADED_ONLY,True,,,,,
d221f1c5a130236a74da,test,칼국수,T2 동의어,q_칼국수_04,손칼국수,음식점 중 '칼국수'를 판매·제공하는 매장,ee63d92d-c2b3-4ef5-bf13-b6747045458e,장마루 손칼국수,칼국수,반여2동상가시장,전통시장,부산광역시,3.0,3.0,,,RESOLVED_AGREEMENT,False,3,,,,
2eeb9facfb55510699f3,test,칼국수,T2 동의어,q_칼국수_04,손칼국수,음식점 중 '칼국수'를 판매·제공하는 매장,0f48999f-1940-477b-9529-0ec2a79bad85,동호손칼국수,칼국수,신정상가시장,전통시장,울산광역시,3.0,3.0,,,RESOLVED_AGREEMENT,False,3,,,,
9ea5d8d116595439e88d,test,칼국수,T2 동의어,q_칼국수_04,손칼국수,음식점 중 '칼국수'를 판매·제공하는 매장,a3ab4c8f-eea8-43e6-bccf-b7ebef972723,엄마손칼국수,칼국수,까치산시장,전통시장,서울특별시,3.0,3.0,,,RESOLVED_AGREEMENT,False,3,,,,
8086a7fb565d973f893d,test,칼국수,T2 동의어,q_칼국수_04,손칼국수,음식점 중 '칼국수'를 판매·제공하는 매장,4ffd97b3-f448-47fb-b5d2-450ba0218557,고향손칼국수,분식,동매신포동 골목형상점가,골목형상점가,부산광역시,2.0,3.0,,,P2_GRADED_ONLY,True,,,,,
bad49e40814bd404ba24,test,칼국수,T2 동의어,q_칼국수_04,손칼국수,음식점 중 '칼국수'를 판매·제공하는 매장,ab7a18f4-8bb6-4ebc-b984-ca5a004fa0e9,손칼국수잘하는집,한식,신림별빛거리골목형상점가,골목형상점가,서울특별시,2.0,3.0,,,P2_GRADED_ONLY,True,,,,,
f0f7f18ad939fc47d5f5,test,칼국수,T2 동의어,q_칼국수_04,손칼국수,음식점 중 '칼국수'를 판매·제공하는 매장,ba1dcf7b-457a-41ad-b52e-aad7e34e147a,손칼국수,손칼국수,신평골목시장,전통시장,부산광역시,3.0,3.0,,,RESOLVED_AGREEMENT,False,3,,,,
ad3531f30c25d8809a4d,test,칼국수,T2 동의어,q_칼국수_04,손칼국수,음식점 중 '칼국수'를 판매·제공하는 매장,01a9b9f4-ca16-4571-bb85-8a4cd071d003,손칼국수,칼국수,홍천시장(홍천구시장),전통시장,강원특별자치도,3.0,3.0,,,RESOLVED_AGREEMENT,False,3,,,,
c742afcf3f97d4ee9057,test,칼국수,T2 동의어,q_칼국수_04,손칼국수,음식점 중 '칼국수'를 판매·제공하는 매장,0d36cfdd-f8a4-41f1-a864-8a98a8a82fff,우리분식,수제비,포항죽도시장,전통시장,경상북도,3.0,3.0,,,RESOLVED_AGREEMENT,False,3,,,,
0e51e76364d675e88e3f,test,칼국수,T2 동의어,q_칼국수_04,손칼국수,음식점 중 '칼국수'를 판매·제공하는 매장,f68128de-855c-4ae5-a0d3-03d348d01733,엄마손칼국수,칼국수,금곡골목형상점가,자율상권구역,경기도,3.0,3.0,,,RESOLVED_AGREEMENT,False,3,,,,
fe01872d094be459473d,test,칼국수,T2 동의어,q_칼국수_04,손칼국수,음식점 중 '칼국수'를 판매·제공하는 매장,19beba25-1a98-4cac-a5b7-1b99f8d807d4,부양수산,수산물,부전시장,전통시장,부산광역시,0.0,0.0,,,RESOLVED_AGREEMENT,False,0,,,,
324e9e3b939dfc515ad3,test,칼국수,T2 동의어,q_칼국수_04,손칼국수,음식점 중 '칼국수'를 판매·제공하는 매장,252b7e7f-5526-422e-8113-c3b103e75b1e,한양손칼국수,칼국수,공산성골목형상점가,골목형상점가,충청남도,3.0,3.0,,,RESOLVED_AGREEMENT,False,3,,,,
6e619ca3ea255a0a5ccc,test,칼국수,T2 동의어,q_칼국수_04,손칼국수,음식점 중 '칼국수'를 판매·제공하는 매장,09e05b7a-7b3a-496d-97c6-f6f2fd26b1a0,홍두깨손칼국수,칼국수,신기시장,전통시장,인천광역시,3.0,3.0,,,RESOLVED_AGREEMENT,False,3,,,,
d45623ad35a4ccd7daf1,test,칼국수,T2 동의어,q_칼국수_04,손칼국수,음식점 중 '칼국수'를 판매·제공하는 매장,84426c9f-2cbe-40ac-8bab-e2c80c27d795,둔산손칼국수,칼국수,둔산3동상점가,자율상권구역,대전광역시,3.0,3.0,,,RESOLVED_AGREEMENT,False,3,,,,
cce98fa569b7639e374c,test,칼국수,T2 동의어,q_칼국수_04,손칼국수,음식점 중 '칼국수'를 판매·제공하는 매장,0b26ec14-485f-4826-8e69-f2e2fd0ef91e,원조어탕,어탕수제비.칼국수,구미 금리단길 골목형상점가,골목형상점가,경상북도,3.0,3.0,,,RESOLVED_AGREEMENT,False,3,,,,
f92d7fabb5176156acae,test,칼국수,T2 동의어,q_칼국수_04,손칼국수,음식점 중 '칼국수'를 판매·제공하는 매장,483548ff-3945-4e53-aac7-4b09bfc167f0,옛맛 손칼국수,,망미정다운 골목형상점가,골목형상점가,부산광역시,3.0,3.0,,,RESOLVED_AGREEMENT,False,3,,,,
4242cb613ca951b4ac16,test,칼국수,T2 동의어,q_칼국수_04,손칼국수,음식점 중 '칼국수'를 판매·제공하는 매장,1bf08e40-9b8c-47af-bedf-e7fcd6d6346f,민속손칼국수,한식,남광주시장,전통시장,,2.0,3.0,,,P2_GRADED_ONLY,True,,,,,
14d54d6c96afd4877c4b,test,칼국수,T2 동의어,q_칼국수_04,손칼국수,음식점 중 '칼국수'를 판매·제공하는 매장,0cdea40b-df17-41f5-aad7-8d3cfefc0f89,수제비집,수제비,주막거리상점가,자율상권구역,경기도,3.0,3.0,,,RESOLVED_AGREEMENT,False,3,,,,
3fc4e60a917b75d1bfcb,test,칼국수,T2 동의어,q_칼국수_04,손칼국수,음식점 중 '칼국수'를 판매·제공하는 매장,00cef312-cb5c-4dea-ad69-88c556146024,주산팥죽,"팥죽, 칼국수",부안상설시장,전통시장,전북특별자치도,3.0,3.0,,,RESOLVED_AGREEMENT,False,3,,,,
4e363de27e9fc3f7b716,test,칼국수,T2 동의어,q_칼국수_04,손칼국수,음식점 중 '칼국수'를 판매·제공하는 매장,8f331b73-3618-44fc-97e1-6e25f72c92f5,명문손칼국수,칼국수,신정상가시장,전통시장,울산광역시,3.0,3.0,,,RESOLVED_AGREEMENT,False,3,,,,
6a20ed0f9995ba11ec99,test,칼국수,T2 동의어,q_칼국수_04,손칼국수,음식점 중 '칼국수'를 판매·제공하는 매장,0000a9c5-57f2-4719-9ec3-e5d864c7f008,새여울잔치국수,국수,용정 골목형상점가,골목형상점가,대전광역시,3.0,3.0,,,RESOLVED_AGREEMENT,False,3,,,,
f1b98f50157beb477d93,test,칼국수,T2 동의어,q_칼국수_04,손칼국수,음식점 중 '칼국수'를 판매·제공하는 매장,a0727c13-4b18-42e5-8bb5-80b291b3c3c3,담소샤브손칼국수,칼국수,예석 골목형상점가,골목형상점가,충청남도,3.0,3.0,,,RESOLVED_AGREEMENT,False,3,,,,
7882ccefeb575963a229,test,칼국수,T2 동의어,q_칼국수_05,수제비,음식점 중 '칼국수'를 판매·제공하는 매장,c2d2894b-85e6-403b-814b-dcfada308188,신촌수제비,한식,이중섭거리 명동로상가,골목형상점가,제주특별자치도,2.0,3.0,,,P2_GRADED_ONLY,True,,,,,
2ff569e25c7c77d59f49,test,칼국수,T2 동의어,q_칼국수_05,수제비,음식점 중 '칼국수'를 판매·제공하는 매장,00cef312-cb5c-4dea-ad69-88c556146024,주산팥죽,"팥죽, 칼국수",부안상설시장,전통시장,전북특별자치도,3.0,3.0,,,RESOLVED_AGREEMENT,False,3,,,,
7958ebcee075b51f82d0,test,칼국수,T2 동의어,q_칼국수_05,수제비,음식점 중 '칼국수'를 판매·제공하는 매장,6ae3849f-be8d-411c-8fac-9b56fa147686,옹심이,찹쌀수제비,경주성동공설시장,전통시장,경상북도,3.0,3.0,,,RESOLVED_AGREEMENT,False,3,,,,
2f58d92d219743d4a16e,test,칼국수,T2 동의어,q_칼국수_05,수제비,음식점 중 '칼국수'를 판매·제공하는 매장,5bd3aa91-bf99-4ae9-a181-6de82660c49e,명동얼큰수제비,음식점,고투몰(강남터미널지하도상점가),일반지하상점가,서울특별시,2.0,3.0,,,P2_GRADED_ONLY,True,,,,,
52251fbba3f29325c042,test,칼국수,T2 동의어,q_칼국수_05,수제비,음식점 중 '칼국수'를 판매·제공하는 매장,3f54d9b7-8760-4a18-bafc-89b2a8870889,고을수제비,한식,시티프라자골목형상점가,골목형상점가,전라남도,2.0,3.0,,,P2_GRADED_ONLY,True,,,,,
ed07113764b34861b053,test,칼국수,T2 동의어,q_칼국수_05,수제비,음식점 중 '칼국수'를 판매·제공하는 매장,8aef786a-634a-4fbe-a2ef-87586e867051,밀당 손수제비 전문점,수제비,보람동 골목형상점가,골목형상점가,세종특별자치시,3.0,3.0,,,RESOLVED_AGREEMENT,False,3,,,,
52edcfc9e99af810d1b8,test,칼국수,T2 동의어,q_칼국수_05,수제비,음식점 중 '칼국수'를 판매·제공하는 매장,5a2384f6-dbf4-435d-950c-e63685b8ad4c,이레들깨수제비,,복수동 골목형상점가,골목형상점가,대전광역시,3.0,3.0,,,RESOLVED_AGREEMENT,False,3,,,,
9f2bd1ce5613f0215798,test,칼국수,T2 동의어,q_칼국수_05,수제비,음식점 중 '칼국수'를 판매·제공하는 매장,cd9319d0-4d0b-4cbc-a517-a846ce085fcc,부자주걱수제비,분식,논산화지중앙시장,전통시장,충청남도,2.0,3.0,,,P2_GRADED_ONLY,True,,,,,
3a8edca5b28185d5097b,test,칼국수,T2 동의어,q_칼국수_05,수제비,음식점 중 '칼국수'를 판매·제공하는 매장,b0c693ad-578a-4f60-9731-8c4122760892,강산수제비,한식,수암상가시장,전통시장,울산광역시,2.0,3.0,,,P2_GRADED_ONLY,True,,,,,
efa62880edeecf7c587d,test,칼국수,T2 동의어,q_칼국수_05,수제비,음식점 중 '칼국수'를 판매·제공하는 매장,00057366-f4a3-4b3b-a763-5545eb9cda8a,구봉국수,잔치국수,여수서시장주변시장,전통시장,전라남도,2.0,3.0,,,P2_GRADED_ONLY,True,,,,,
81766b092148e833e531,test,칼국수,T2 동의어,q_칼국수_05,수제비,음식점 중 '칼국수'를 판매·제공하는 매장,bdc39819-3d54-4a3e-838f-59c6f07dee4d,항아리수제비,한식,목동로데오골목형상점가,골목형상점가,서울특별시,2.0,3.0,,,P2_GRADED_ONLY,True,,,,,
8317db5fa8a133418b1f,test,칼국수,T2 동의어,q_칼국수_05,수제비,음식점 중 '칼국수'를 판매·제공하는 매장,c68b7904-dafe-4b5b-9529-f03b6bb21221,동서수제비,수제비,신정상가시장,전통시장,울산광역시,3.0,3.0,,,RESOLVED_AGREEMENT,False,3,,,,
b634059df7b61bb97687,test,칼국수,T2 동의어,q_칼국수_05,수제비,음식점 중 '칼국수'를 판매·제공하는 매장,2e528479-17ab-4db5-8233-e21b8bfe7458,칼슨그레이시 세종주짓수(본관),교육서비스,나성동 소방청 골목형상점가,골목형상점가,세종특별자치시,0.0,0.0,,,RESOLVED_AGREEMENT,False,0,,,,
72110c71bbc8afcb5113,test,칼국수,T2 동의어,q_칼국수_05,수제비,음식점 중 '칼국수'를 판매·제공하는 매장,93e2e01a-6d16-43a2-90b9-3f2f7cd2e7d5,국수손수제비,칼국수 수제비,대추골골목형상점가,골목형상점가,서울특별시,3.0,3.0,,,RESOLVED_AGREEMENT,False,3,,,,
a3f23955469495f974ea,test,칼국수,T2 동의어,q_칼국수_05,수제비,음식점 중 '칼국수'를 판매·제공하는 매장,5e45355b-6f16-4823-bd7a-d7cec006632a,전주MOON호떡,식자재판매,전주남부시장,전통시장,전북특별자치도,0.0,0.0,,,RESOLVED_AGREEMENT,False,0,,,,
2260f346d490892d3c6f,test,칼국수,T2 동의어,q_칼국수_05,수제비,음식점 중 '칼국수'를 판매·제공하는 매장,01204ba5-bc3e-4a17-83cd-1dd9bee98d5e,규수방,국수,대전정원시장,전통시장,대전광역시,2.0,3.0,,,P2_GRADED_ONLY,True,,,,,
3a3271a1fb3a38d31aca,test,칼국수,T2 동의어,q_칼국수_05,수제비,음식점 중 '칼국수'를 판매·제공하는 매장,a94745fa-07b9-48a2-864f-761631aa58e5,왕돈까스&왕냉면,한식,영등포 로타리상가 골목형상점가,골목형상점가,서울특별시,1.0,1.0,,,RESOLVED_AGREEMENT,False,1,,,,
953e100b87e8304be8bd,test,칼국수,T2 동의어,q_칼국수_05,수제비,음식점 중 '칼국수'를 판매·제공하는 매장,01e8f807-6020-486c-bd59-38a7035bc453,구례밀밭,국수,화엄상가(골목형상점가),골목형상점가,전라남도,2.0,3.0,,,P2_GRADED_ONLY,True,,,,,
ede5090e994f534573f2,test,칼국수,T2 동의어,q_칼국수_05,수제비,음식점 중 '칼국수'를 판매·제공하는 매장,e12385f8-57f2-459d-9496-71d1ce695597,영원한 식당,수제비,대룡시장골목형상점가,골목형상점가,인천광역시,3.0,3.0,,,RESOLVED_AGREEMENT,False,3,,,,
9e7a4dc902236729daeb,test,칼국수,T2 동의어,q_칼국수_05,수제비,음식점 중 '칼국수'를 판매·제공하는 매장,d61a71af-dba7-47b1-bba2-5f82cda89262,수제비랑 국수랑,수제비 국수,"빛가람 스타타워, 메가티움1차, 메가티움2차 골목형상점가",골목형상점가,전라남도,3.0,3.0,,,RESOLVED_AGREEMENT,False,3,,,,
81828e2649a265f3e162,test,칼국수,T2 동의어,q_칼국수_05,수제비,음식점 중 '칼국수'를 판매·제공하는 매장,0182c177-fcc7-47b0-8e12-99eb221aff79,시장초장식당,"칼국수, 열무비빔밥, 국, 반찬",경주중앙시장,전통시장,경상북도,3.0,3.0,,,RESOLVED_AGREEMENT,False,3,,,,
912c2309c1a39c5a562c,test,칼국수,T2 동의어,q_칼국수_05,수제비,음식점 중 '칼국수'를 판매·제공하는 매장,f2303db0-efcd-4219-afe0-2f09113313cd,묵은정칼국수&수제비,칼국수수제비,선화맛길 골목형상점가,골목형상점가,대전광역시,3.0,3.0,,,RESOLVED_AGREEMENT,False,3,,,,
edeb74a34716f67a8846,test,칼국수,T2 동의어,q_칼국수_05,수제비,음식점 중 '칼국수'를 판매·제공하는 매장,9f426180-85e3-40d3-b3f3-93adec8446ae,엄마손수제비,한식,염매시장(구 덕산시장),전통시장,대구광역시,2.0,3.0,,,P2_GRADED_ONLY,True,,,,,
a43b20e77d7c4c2a52fe,test,칼국수,T2 동의어,q_칼국수_05,수제비,음식점 중 '칼국수'를 판매·제공하는 매장,977f2506-a8db-414e-a72e-1fd1bd47b581,박순자 녹두집,수제비,대인동예술담길 골목형상점가,골목형상점가,광주광역시,3.0,3.0,,,RESOLVED_AGREEMENT,False,3,,,,
4fb56b46d1c0882ce88b,test,칼국수,T2 동의어,q_칼국수_05,수제비,음식점 중 '칼국수'를 판매·제공하는 매장,45e6c989-a379-4537-9fa4-4e440d09655c,이오헤어,미용,그라운드고척골목형상점가,골목형상점가,서울특별시,0.0,0.0,,,RESOLVED_AGREEMENT,False,0,,,,
260ae008efa4029a6310,test,칼국수,T2 동의어,q_칼국수_05,수제비,음식점 중 '칼국수'를 판매·제공하는 매장,00d50d90-8afb-448e-b0fa-401fedd78dcb,공산성국수,국수,공산성골목형상점가,골목형상점가,충청남도,2.0,3.0,,,P2_GRADED_ONLY,True,,,,,
42be91a4563b3a787013,test,칼국수,T2 동의어,q_칼국수_05,수제비,음식점 중 '칼국수'를 판매·제공하는 매장,4f8a8764-8d60-4cc3-a3a2-de09cdc58bb7,삼례수제비,음식,삼례시장,전통시장,전북특별자치도,2.0,3.0,,,P2_GRADED_ONLY,True,,,,,
41c5fc64bd97c6f7e3af,test,칼국수,T2 동의어,q_칼국수_05,수제비,음식점 중 '칼국수'를 판매·제공하는 매장,01a468d2-cf3e-4db1-826a-771917b2e910,제주일월국수,국수,관평동 골목형상점가,골목형상점가,대전광역시,2.0,3.0,,,P2_GRADED_ONLY,True,,,,,
b8d635445d0ff12ee6f5,test,칼국수,T2 동의어,q_칼국수_05,수제비,음식점 중 '칼국수'를 판매·제공하는 매장,53b67b85-9729-42f4-a0e5-cea2165ce732,일품 들깨 수제비,한식,양주신산시장마을상점가,골목형상점가,경기도,2.0,3.0,,,P2_GRADED_ONLY,True,,,,,
47cf742c1b7fa80ea778,test,칼국수,T2 동의어,q_칼국수_05,수제비,음식점 중 '칼국수'를 판매·제공하는 매장,bf2fba29-582f-462a-a3bf-02e2a469d279,섬진강다슬기수제비,다슬기수제비,토지면 섬진강대로 골목형상점가,골목형상점가,전라남도,3.0,3.0,,,RESOLVED_AGREEMENT,False,3,,,,
9aa36fef21017ce0b414,test,칼국수,T2 동의어,q_칼국수_05,수제비,음식점 중 '칼국수'를 판매·제공하는 매장,9fa300e1-132a-4993-90e9-704e00b700c3,지니솝,수제비누,북평민속시장(북평민속5일장),전통시장,강원특별자치도,3.0,3.0,,,RESOLVED_AGREEMENT,False,3,,,,
1e75c60e3b7ebb52958e,test,칼국수,T2 동의어,q_칼국수_05,수제비,음식점 중 '칼국수'를 판매·제공하는 매장,643cbe42-cd3b-4cff-b9ee-d049a624adb7,강촌 손 수제비,칼국수,나성BRT 골목형상점가,골목형상점가,세종특별자치시,3.0,3.0,,,RESOLVED_AGREEMENT,False,3,,,,
83df9a01b37a906fd1b5,test,칼국수,T2 동의어,q_칼국수_05,수제비,음식점 중 '칼국수'를 판매·제공하는 매장,f1ef77cc-0f72-4a62-be96-756ded508a69,회랑수제비,음식,성서용산시장,전통시장,대구광역시,2.0,3.0,,,P2_GRADED_ONLY,True,,,,,
873b7428a2f1db1ede2f,test,칼국수,T2 동의어,q_칼국수_05,수제비,음식점 중 '칼국수'를 판매·제공하는 매장,47e22d40-20ee-4dcf-90a4-5b27b6c11e3b,섬진강다슬기수제비,수제비,계수마을상인회 골목형상점가,골목형상점가,광주광역시,3.0,3.0,,,RESOLVED_AGREEMENT,False,3,,,,
4426430d37ebdafee9b4,test,칼국수,T2 동의어,q_칼국수_05,수제비,음식점 중 '칼국수'를 판매·제공하는 매장,0b26ec14-485f-4826-8e69-f2e2fd0ef91e,원조어탕,어탕수제비.칼국수,구미 금리단길 골목형상점가,골목형상점가,경상북도,3.0,3.0,,,RESOLVED_AGREEMENT,False,3,,,,
7e6a621947a1c0d8da10,test,칼국수,T2 동의어,q_칼국수_05,수제비,음식점 중 '칼국수'를 판매·제공하는 매장,06c08c2a-1549-4a5b-ab2e-b385ac252f13,방이손칼국수,간이음식 칼국수 수제비,방이시장,전통시장,서울특별시,3.0,3.0,,,RESOLVED_AGREEMENT,False,3,,,,
b55715f4bdad4c52dfa4,test,칼국수,T2 동의어,q_칼국수_05,수제비,음식점 중 '칼국수'를 판매·제공하는 매장,0000a9c5-57f2-4719-9ec3-e5d864c7f008,새여울잔치국수,국수,용정 골목형상점가,골목형상점가,대전광역시,2.0,3.0,,,P2_GRADED_ONLY,True,,,,,
3f21ca2d50ea064aa918,test,칼국수,T2 동의어,q_칼국수_05,수제비,음식점 중 '칼국수'를 판매·제공하는 매장,fb22ff3c-ed74-453f-9d72-53405697c755,만복수제비,,요촌동 골목형상점가,골목형상점가,전북특별자치도,3.0,3.0,,,RESOLVED_AGREEMENT,False,3,,,,
2effb01b3eeed24df945,test,칼국수,T2 동의어,q_칼국수_05,수제비,음식점 중 '칼국수'를 판매·제공하는 매장,00b090ad-30c0-4573-a43a-123f5116851b,호호정 멸치국수,,그랜드프라자&상용b상가 상점가,골목형상점가,경기도,2.0,3.0,,,P2_GRADED_ONLY,True,,,,,
a01291a11662ba27c37d,test,칼국수,T2 동의어,q_칼국수_05,수제비,음식점 중 '칼국수'를 판매·제공하는 매장,b04fdfe0-17fb-4195-a8c9-426ae100db44,칠성수제비,수제비,칠성상가시장,전통시장,대구광역시,3.0,3.0,,,RESOLVED_AGREEMENT,False,3,,,,
7e15a4c2433e11c7446a,test,칼국수,T2 동의어,q_칼국수_05,수제비,음식점 중 '칼국수'를 판매·제공하는 매장,25110d82-d4bd-4e02-b548-a6cda293bbc8,호남의류,의류,부여도심 상권활성화구역,상권활성화구역,충청남도,0.0,0.0,,,RESOLVED_AGREEMENT,False,0,,,,
4494e31ec3d26e612cba,test,칼국수,T2 동의어,q_칼국수_05,수제비,음식점 중 '칼국수'를 판매·제공하는 매장,881b16d0-e525-4886-954b-5e856f12408e,소문난 손수제비,수제비,서현센트럴상점,골목형상점가,경기도,3.0,3.0,,,RESOLVED_AGREEMENT,False,3,,,,
baadec44874ea5faf22e,test,칼국수,T2 동의어,q_칼국수_05,수제비,음식점 중 '칼국수'를 판매·제공하는 매장,0d36cfdd-f8a4-41f1-a864-8a98a8a82fff,우리분식,수제비,포항죽도시장,전통시장,경상북도,3.0,3.0,,,RESOLVED_AGREEMENT,False,3,,,,
e66f84c93e98e0106220,test,칼국수,T2 동의어,q_칼국수_05,수제비,음식점 중 '칼국수'를 판매·제공하는 매장,5ac7721f-cabc-4150-981b-75a067e7ca84,서순자손수제비,수제비,화원시장,전통시장,대구광역시,3.0,3.0,,,RESOLVED_AGREEMENT,False,3,,,,
119be3f6deb3ceb71fc4,test,칼국수,T2 동의어,q_칼국수_05,수제비,음식점 중 '칼국수'를 판매·제공하는 매장,608a6a22-64eb-4476-b1fa-659643480919,수제비 옹심이집,한식,금호행복시장(금호시장),전통시장,경기도,2.0,3.0,,,P2_GRADED_ONLY,True,,,,,
15375ac90a75077a3c69,test,칼국수,T2 동의어,q_칼국수_05,수제비,음식점 중 '칼국수'를 판매·제공하는 매장,b95533c3-4c3c-4f06-a019-a60ecbd9b862,굽네치킨,,미리산길 골목형상점가,골목형상점가,,0.0,0.0,,,RESOLVED_AGREEMENT,False,0,,,,
ec3c29ef39eabedce1e6,test,칼국수,T2 동의어,q_칼국수_05,수제비,음식점 중 '칼국수'를 판매·제공하는 매장,a0c4443b-1b77-4304-9648-e169b3765359,부평매운수제비,,사직거인 골목형상점가,골목형상점가,부산광역시,3.0,3.0,,,RESOLVED_AGREEMENT,False,3,,,,
b1006b044a7efcbe2892,test,칼국수,T2 동의어,q_칼국수_05,수제비,음식점 중 '칼국수'를 판매·제공하는 매장,a8b43b20-4f88-49ae-ae74-7eec85b181ff,묵돌이,"다슬기탕, 수제비",토지면 섬진강대로 골목형상점가,골목형상점가,전라남도,3.0,3.0,,,RESOLVED_AGREEMENT,False,3,,,,
2145c2cb155c1ffe641a,test,칼국수,T2 동의어,q_칼국수_05,수제비,음식점 중 '칼국수'를 판매·제공하는 매장,c664aa58-8fe0-48f1-92ca-0f7ad469f617,쌍둥이네국수,국수 수제비,구미 금리단길 골목형상점가,골목형상점가,경상북도,3.0,3.0,,,RESOLVED_AGREEMENT,False,3,,,,
2324b5efb3fd40c48908,test,칼국수,T2 동의어,q_칼국수_05,수제비,음식점 중 '칼국수'를 판매·제공하는 매장,98cb31e7-0f92-4563-a1c8-04aab17a8607,매운수제비,한식,다시남목 골목형상점가,골목형상점가,울산광역시,2.0,3.0,,,P2_GRADED_ONLY,True,,,,,
3a7fdd4df38c85157b13,test,칼국수,T2 동의어,q_칼국수_05,수제비,음식점 중 '칼국수'를 판매·제공하는 매장,00baf772-7ca3-475a-a614-a5dc35286be7,시골막국수와 옹심이 충북혁신도시점,막국수,맹동혁신골목형상점가,골목형상점가,충청북도,2.0,3.0,,,P2_GRADED_ONLY,True,,,,,
93ab5272423793f7c9fa,test,칼국수,T2 동의어,q_칼국수_05,수제비,음식점 중 '칼국수'를 판매·제공하는 매장,1aafe64e-8190-4033-a526-c8602a48bd3e,제비제비수제비,한식,군산공설시장,전통시장,전북특별자치도,2.0,3.0,,,P2_GRADED_ONLY,True,,,,,
640955d16bb63cdc6262,test,칼국수,T2 동의어,q_칼국수_05,수제비,음식점 중 '칼국수'를 판매·제공하는 매장,f905e949-7566-4f60-966f-392d96d2ee3b,동의보감 수제비,한식,건리단길 골목형상점가,골목형상점가,서울특별시,2.0,3.0,,,P2_GRADED_ONLY,True,,,,,
a04cc134a279387c6ddb,test,칼국수,T2 동의어,q_칼국수_05,수제비,음식점 중 '칼국수'를 판매·제공하는 매장,02546717-61c4-406f-9f44-3c98659bbb0e,초원집식당,한식,꼼리단길 골목형상점가,골목형상점가,부산광역시,1.0,1.0,,,RESOLVED_AGREEMENT,False,1,,,,
ebd8cd6928d2e03e2e5f,test,칼국수,T2 동의어,q_칼국수_05,수제비,음식점 중 '칼국수'를 판매·제공하는 매장,95d0a71e-8a56-4266-8059-c4fec9c2e77a,까사미아좌천점,가구,부산좌천동가구상가,자율상권구역,부산광역시,0.0,0.0,,,RESOLVED_AGREEMENT,False,0,,,,
0fc2f68316a0765b5d4d,test,칼국수,T2 동의어,q_칼국수_05,수제비,음식점 중 '칼국수'를 판매·제공하는 매장,0cdea40b-df17-41f5-aad7-8d3cfefc0f89,수제비집,수제비,주막거리상점가,자율상권구역,경기도,3.0,3.0,,,RESOLVED_AGREEMENT,False,3,,,,
95e626cd2b95083748b6,test,칼국수,T2 동의어,q_칼국수_05,수제비,음식점 중 '칼국수'를 판매·제공하는 매장,b4303a9c-9ddd-4502-86dd-eb87433d3cf7,밀촌,들깨메밀수제비,귀인동먹거리촌 골목형상점가,골목형상점가,경기도,3.0,3.0,,,RESOLVED_AGREEMENT,False,3,,,,
7ac052a81b1e823ac3e3,test,칼국수,T2 동의어,q_칼국수_05,수제비,음식점 중 '칼국수'를 판매·제공하는 매장,f70a3045-e6de-416e-bd9f-6c9b054fc7df,수제비먹는닭갈비,한식,행당시장상점가,자율상권구역,서울특별시,2.0,3.0,,,P2_GRADED_ONLY,True,,,,,
4077eea30ba36f712d85,test,칼국수,T2 동의어,q_칼국수_05,수제비,음식점 중 '칼국수'를 판매·제공하는 매장,a1075c25-5a71-432c-969b-00c5f8cbe7ee,수제비먹는닭갈비,수,행당시장상점가,자율상권구역,서울특별시,2.0,3.0,,,P2_GRADED_ONLY,True,,,,,
a20d9eb0ce737121a951,test,칼국수,T2 동의어,q_칼국수_05,수제비,음식점 중 '칼국수'를 판매·제공하는 매장,82ed7bda-efa2-4ab0-acdf-f7e77005b6c0,고부16,다슬기 수제비,토지면 섬진강대로 골목형상점가,골목형상점가,전라남도,3.0,3.0,,,RESOLVED_AGREEMENT,False,3,,,,
0777b301d077c35e40d7,test,칼국수,T2 동의어,q_칼국수_05,수제비,음식점 중 '칼국수'를 판매·제공하는 매장,cf3dd1b2-8856-49c2-b77c-24105c74eb39,송가네칼국수제비,칼국수 수제비,백운먹자 골목형상점가,골목형상점가,광주광역시,3.0,3.0,,,RESOLVED_AGREEMENT,False,3,,,,
983febb990daf1aaf0c0,test,칼국수,T2 동의어,q_칼국수_05,수제비,음식점 중 '칼국수'를 판매·제공하는 매장,013fc799-6c55-4fa3-b332-1251f068c422,행복식당,수제비,포항죽도시장,전통시장,경상북도,3.0,3.0,,,RESOLVED_AGREEMENT,False,3,,,,
93ea51ca891c489f4ef6,test,칼국수,T2 동의어,q_칼국수_05,수제비,음식점 중 '칼국수'를 판매·제공하는 매장,0e7f48a1-addb-45e1-bddb-56a6aa1af25c,바람난 얼큰 수제비,한식,평촌1번가 상점가,자율상권구역,경기도,2.0,3.0,,,P2_GRADED_ONLY,True,,,,,
0d1cbfcfe57c3f0557ab,test,칼국수,T2 동의어,q_칼국수_05,수제비,음식점 중 '칼국수'를 판매·제공하는 매장,f35a72fc-3f7b-4df4-9b4b-e95b60923a66,일삼오손수제비,,어양부송 골목형상점가,골목형상점가,전북특별자치도,3.0,3.0,,,RESOLVED_AGREEMENT,False,3,,,,
5584b980a38fa2a3cd58,test,칼국수,T2 동의어,q_칼국수_05,수제비,음식점 중 '칼국수'를 판매·제공하는 매장,20fd13f6-b9db-4e2c-9a49-e25e8f22aa53,방실이식당,국수 수제비,구미새마을중앙시장,전통시장,경상북도,3.0,3.0,,,RESOLVED_AGREEMENT,False,3,,,,
b96a9952ad2c66c5d7f4,test,칼국수,T2 동의어,q_칼국수_06,잔치국수,음식점 중 '칼국수'를 판매·제공하는 매장,55175438-b00a-43de-b468-efb7b0be9808,주미네보리밥잔치국수,보리밥,간석자유시장,전통시장,인천광역시,2.0,3.0,,,P2_GRADED_ONLY,True,,,,,
324958339659c397cdf1,test,칼국수,T2 동의어,q_칼국수_06,잔치국수,음식점 중 '칼국수'를 판매·제공하는 매장,eb2b4078-7036-47ef-8d29-dec32edb736e,보물,,성남중앙지하시장,일반지하상점가,경기도,,0.0,Y,,P0_UNCERTAIN_OR_MISSING,True,,,,,
d49d4da7cdd9f36fec95,test,칼국수,T2 동의어,q_칼국수_06,잔치국수,음식점 중 '칼국수'를 판매·제공하는 매장,0cdea40b-df17-41f5-aad7-8d3cfefc0f89,수제비집,수제비,주막거리상점가,자율상권구역,경기도,2.0,3.0,,,P2_GRADED_ONLY,True,,,,,
a0a0ca00eae3510c95d0,test,칼국수,T2 동의어,q_칼국수_06,잔치국수,음식점 중 '칼국수'를 판매·제공하는 매장,00baf772-7ca3-475a-a614-a5dc35286be7,시골막국수와 옹심이 충북혁신도시점,막국수,맹동혁신골목형상점가,골목형상점가,충청북도,3.0,3.0,,,RESOLVED_AGREEMENT,False,3,,,,
27fb6cb59e1a4dfbbbf4,test,칼국수,T2 동의어,q_칼국수_06,잔치국수,음식점 중 '칼국수'를 판매·제공하는 매장,60cf82c6-fa62-4266-af46-a1cc18c0f866,토박이 잔치국수,한식 면 요리 전문점,나주 예가람,골목형상점가,전라남도,2.0,3.0,,,P2_GRADED_ONLY,True,,,,,
d74f0ccb4b8d46fea24e,test,칼국수,T2 동의어,q_칼국수_06,잔치국수,음식점 중 '칼국수'를 판매·제공하는 매장,43ceec1c-b33f-4dd3-8560-dd641643d725,멸치국수,국수,동화동골목형상가,골목형상점가,서울특별시,3.0,3.0,,,RESOLVED_AGREEMENT,False,3,,,,
c99a6ea7ffb859a84519,test,칼국수,T2 동의어,q_칼국수_06,잔치국수,음식점 중 '칼국수'를 판매·제공하는 매장,966e75c8-b091-4576-9eb3-8b26458913af,들녁잔치국수,한식,부천자유시장,전통시장,경기도,2.0,3.0,,,P2_GRADED_ONLY,True,,,,,
ed69ee7d4703b7950aa0,test,칼국수,T2 동의어,q_칼국수_06,잔치국수,음식점 중 '칼국수'를 판매·제공하는 매장,1196eb27-29e6-4034-a577-6372a80d8201,꼬치구이스토리,김밥 떡볶이 닭꼬치 각종튀김 라면 잔치국수 우동 등 분식류,장대 골목형상점가,골목형상점가,대전광역시,3.0,3.0,,,RESOLVED_AGREEMENT,False,3,,,,
ce68bb1fdabdba12042c,test,칼국수,T2 동의어,q_칼국수_06,잔치국수,음식점 중 '칼국수'를 판매·제공하는 매장,d8ab735f-3d95-4054-bab6-71d3edfaecda,연화분식,칼국수 잔치국수,남목전통시장,전통시장,울산광역시,3.0,3.0,,,RESOLVED_AGREEMENT,False,3,,,,
94245f93e2b89bab964d,test,칼국수,T2 동의어,q_칼국수_06,잔치국수,음식점 중 '칼국수'를 판매·제공하는 매장,54245fde-3f7f-4127-8320-2eb2840c360c,맛있는 잔치국수,한식,장흥시장 골목형상점가,골목형상점가,전라남도,2.0,3.0,,,P2_GRADED_ONLY,True,,,,,
8e0e2ef0327159b4d7d5,test,칼국수,T2 동의어,q_칼국수_06,잔치국수,음식점 중 '칼국수'를 판매·제공하는 매장,9026d4d2-3a33-41be-82f5-71e84e7dcc70,추어탕&잔치국수,한식,정이있는 구포시장,전통시장,부산광역시,2.0,3.0,,,P2_GRADED_ONLY,True,,,,,
bd9da1ba56b086386288,test,칼국수,T2 동의어,q_칼국수_06,잔치국수,음식점 중 '칼국수'를 판매·제공하는 매장,91128aa8-3f3b-428c-9586-ae12b4379afb,마시왕잔치국수,국수집,성복 온누리 골목형상점가,골목형상점가,경기도,3.0,3.0,,,RESOLVED_AGREEMENT,False,3,,,,
e05c4834f8bc7bf785e4,test,칼국수,T2 동의어,q_칼국수_06,잔치국수,음식점 중 '칼국수'를 판매·제공하는 매장,00057366-f4a3-4b3b-a763-5545eb9cda8a,구봉국수,잔치국수,여수서시장주변시장,전통시장,전라남도,3.0,3.0,,,RESOLVED_AGREEMENT,False,3,,,,
ad5585d0cc30a10f324d,test,칼국수,T2 동의어,q_칼국수_06,잔치국수,음식점 중 '칼국수'를 판매·제공하는 매장,302f3444-03a0-4fa9-87ee-daccdacebb21,멸치국수,국수,다산역 로데오 상점가,자율상권구역,경기도,3.0,3.0,,,RESOLVED_AGREEMENT,False,3,,,,
b19104a7701c75e189db,test,칼국수,T2 동의어,q_칼국수_06,잔치국수,음식점 중 '칼국수'를 판매·제공하는 매장,62d839ce-356b-43c4-a0c1-2e7cfc72e713,예가잔치국수,국수,메트로센터(반월당지하쇼핑),일반지하상점가,대구광역시,3.0,3.0,,,RESOLVED_AGREEMENT,False,3,,,,
c82a158462253f1baf42,test,칼국수,T2 동의어,q_칼국수_06,잔치국수,음식점 중 '칼국수'를 판매·제공하는 매장,8a71c846-01b0-45be-9909-4a578f496b39,스시990원주중앙점,한식,원주중앙로문화의거리,자율상권구역,강원특별자치도,1.0,1.0,,,RESOLVED_AGREEMENT,False,1,,,,
671401aee3ae2f50fe5a,test,칼국수,T2 동의어,q_칼국수_06,잔치국수,음식점 중 '칼국수'를 판매·제공하는 매장,507bfce5-b929-4fc8-9598-092a2c29eb64,안동잔치국수,국수,느다리 골목형상점가,골목형상점가,대전광역시,3.0,3.0,,,RESOLVED_AGREEMENT,False,3,,,,
32b4082e7d33c823add1,test,칼국수,T2 동의어,q_칼국수_06,잔치국수,음식점 중 '칼국수'를 판매·제공하는 매장,c08170c1-a728-4e46-aa9f-10da81401046,구수리잔치국수,국수,자양번영로골목형상점가,골목형상점가,서울특별시,3.0,3.0,,,RESOLVED_AGREEMENT,False,3,,,,
47f2dcf5f02e40af2feb,test,칼국수,T2 동의어,q_칼국수_06,잔치국수,음식점 중 '칼국수'를 판매·제공하는 매장,d0fb5b81-d8f0-4a30-aeff-50b5cbdd4a71,횡성잔치국수,음식,횡성전통시장,전통시장,강원특별자치도,2.0,3.0,,,P2_GRADED_ONLY,True,,,,,
c1136521d259ab7e5217,test,칼국수,T2 동의어,q_칼국수_06,잔치국수,음식점 중 '칼국수'를 판매·제공하는 매장,cacfe2f9-5faa-4b16-86bd-5567759f16db,장터멸치국수,한식,원종중앙시장,전통시장,경기도,2.0,3.0,,,P2_GRADED_ONLY,True,,,,,
b460b915138163f2490c,test,칼국수,T2 동의어,q_칼국수_06,잔치국수,음식점 중 '칼국수'를 판매·제공하는 매장,1d335b46-9172-439e-ab7f-08d1120608dd,쌍둥이네제주토속잔치국수,국수,이중섭거리 명동로상가,골목형상점가,제주특별자치도,3.0,3.0,,,RESOLVED_AGREEMENT,False,3,,,,
31b0889adf62e96eba53,test,칼국수,T2 동의어,q_칼국수_06,잔치국수,음식점 중 '칼국수'를 판매·제공하는 매장,6459f970-b0ec-44d2-82eb-e4b0d878e0a4,배대감들마루축산,,첨단하나로,골목형상점가,,0.0,0.0,,,RESOLVED_AGREEMENT,False,0,,,,
b12eb8476b4ed20d07d6,test,칼국수,T2 동의어,q_칼국수_06,잔치국수,음식점 중 '칼국수'를 판매·제공하는 매장,04a85d3c-a86b-4066-82fe-eefd1e4c4cf3,금호식품,장류,구월도매전통시장,전통시장,인천광역시,0.0,0.0,,,RESOLVED_AGREEMENT,False,0,,,,
d8371b0f5f791e0fcf85,test,칼국수,T2 동의어,q_칼국수_06,잔치국수,음식점 중 '칼국수'를 판매·제공하는 매장,5cb2f08b-a815-4762-b0a8-c4fd39916de2,등촌멸치국수,한식,공항대로골목형상점가,골목형상점가,서울특별시,2.0,3.0,,,P2_GRADED_ONLY,True,,,,,
7950c049fb7e5b5a1a56,test,칼국수,T2 동의어,q_칼국수_06,잔치국수,음식점 중 '칼국수'를 판매·제공하는 매장,bb62c6f3-dfec-4eb6-a4bb-a37bc87dbf52,옛날멸치국수,국수,유성신나는 골목형상점가,골목형상점가,대전광역시,3.0,3.0,,,RESOLVED_AGREEMENT,False,3,,,,
790f53e2f71bf3280fee,test,칼국수,T2 동의어,q_칼국수_06,잔치국수,음식점 중 '칼국수'를 판매·제공하는 매장,cc632925-0194-41de-a7f9-0c11257ee1e9,잔치집국수,음식,삼척중앙시장,전통시장,강원특별자치도,2.0,3.0,,,P2_GRADED_ONLY,True,,,,,
7768b39d32b2e1ad8f21,test,칼국수,T2 동의어,q_칼국수_06,잔치국수,음식점 중 '칼국수'를 판매·제공하는 매장,0d36cfdd-f8a4-41f1-a864-8a98a8a82fff,우리분식,수제비,포항죽도시장,전통시장,경상북도,2.0,3.0,,,P2_GRADED_ONLY,True,,,,,
eb5f4037ecb5dcc7922c,test,칼국수,T2 동의어,q_칼국수_06,잔치국수,음식점 중 '칼국수'를 판매·제공하는 매장,01204ba5-bc3e-4a17-83cd-1dd9bee98d5e,규수방,국수,대전정원시장,전통시장,대전광역시,3.0,3.0,,,RESOLVED_AGREEMENT,False,3,,,,
82c865384766c16cc4b4,test,칼국수,T2 동의어,q_칼국수_06,잔치국수,음식점 중 '칼국수'를 판매·제공하는 매장,69cd8cee-3d2e-4cec-86bd-1d01be3aea4b,미광식품,"콩나물, 두부",진주 청과시장,전통시장,경상남도,0.0,0.0,,,RESOLVED_AGREEMENT,False,0,,,,
ac08f5c5bfad9f0228e7,test,칼국수,T2 동의어,q_칼국수_06,잔치국수,음식점 중 '칼국수'를 판매·제공하는 매장,8d2ed27b-b693-4ce6-b951-3d9f91ee508f,부평멸치국수,국수,효실천거리 골목형상점가,골목형상점가,인천광역시,3.0,3.0,,,RESOLVED_AGREEMENT,False,3,,,,
be9e51439c8c8af7dcaf,test,칼국수,T2 동의어,q_칼국수_06,잔치국수,음식점 중 '칼국수'를 판매·제공하는 매장,131c9c80-48f2-4f59-8e0b-fff6649626ea,이모네 잔치국수,,매곡에뜰2차 골목형상점가,골목형상점가,울산광역시,3.0,3.0,,,RESOLVED_AGREEMENT,False,3,,,,
52a8cb035e6c12ae9359,test,칼국수,T2 동의어,q_칼국수_06,잔치국수,음식점 중 '칼국수'를 판매·제공하는 매장,013fc799-6c55-4fa3-b332-1251f068c422,행복식당,수제비,포항죽도시장,전통시장,경상북도,2.0,3.0,,,P2_GRADED_ONLY,True,,,,,
7b7253db245d02309930,test,칼국수,T2 동의어,q_칼국수_06,잔치국수,음식점 중 '칼국수'를 판매·제공하는 매장,bede7426-cde2-4a2e-8aa2-091ac02f7b1a,유솔,"의류, 잡화, 스포츠용품",진주 비봉시장,전통시장,경상남도,0.0,0.0,,,RESOLVED_AGREEMENT,False,0,,,,
cfaccdc6416b2d52a4c2,test,칼국수,T2 동의어,q_칼국수_06,잔치국수,음식점 중 '칼국수'를 판매·제공하는 매장,6181310b-1376-4eb2-bdc3-33844deefa1b,원조멸치국수 자양점,멸치국수,자양15번가골목형상점가,골목형상점가,서울특별시,3.0,3.0,,,RESOLVED_AGREEMENT,False,3,,,,
f9f149068b1f850131c9,test,칼국수,T2 동의어,q_칼국수_06,잔치국수,음식점 중 '칼국수'를 판매·제공하는 매장,d94728d1-35f6-47d2-bad5-8afc89077191,조은맛집,백반정식 잔치국수 생선구이 등,북평민속시장(북평민속5일장),전통시장,강원특별자치도,3.0,3.0,,,RESOLVED_AGREEMENT,False,3,,,,
8539ecbf80a679312df6,test,칼국수,T2 동의어,q_칼국수_06,잔치국수,음식점 중 '칼국수'를 판매·제공하는 매장,cff70e79-89d7-482d-8cf1-bc74143c9a5f,금터잔치국수,분식,신도꼼지락시장,전통시장,대전광역시,2.0,3.0,,,P2_GRADED_ONLY,True,,,,,
3eba96c6247614a78826,test,칼국수,T2 동의어,q_칼국수_06,잔치국수,음식점 중 '칼국수'를 판매·제공하는 매장,d8456e70-2f70-4e0d-9b90-6a27c348076e,고향잔치국수,한식점업,초지항아리 골목형상점가,골목형상점가,경기도,2.0,3.0,,,P2_GRADED_ONLY,True,,,,,
ea779cfbd25e75669b30,test,칼국수,T2 동의어,q_칼국수_06,잔치국수,음식점 중 '칼국수'를 판매·제공하는 매장,e4ec2c32-3e95-4922-a9b3-e9963504607d,덕성잔치국수,음식점업,다시남목 골목형상점가,골목형상점가,울산광역시,2.0,3.0,,,P2_GRADED_ONLY,True,,,,,
e0cb79004e69a6d4ceb7,test,칼국수,T2 동의어,q_칼국수_06,잔치국수,음식점 중 '칼국수'를 판매·제공하는 매장,306b6929-a5c6-4fd4-855f-ae5f76eca9ca,외할머니네,"팥칼국수, 잔치국수, 비빔국수, 열무국수",하남 골목형상점가,골목형상점가,광주광역시,3.0,3.0,,,RESOLVED_AGREEMENT,False,3,,,,
2146d74818c90720d20f,test,칼국수,T2 동의어,q_칼국수_06,잔치국수,음식점 중 '칼국수'를 판매·제공하는 매장,812a15cf-1fb3-40d0-912d-3540d3c6f460,잔치국수,한식,일동전통시장,전통시장,경기도,2.0,3.0,,,P2_GRADED_ONLY,True,,,,,
6e7f11ccd4e6df3d99b3,test,칼국수,T2 동의어,q_칼국수_06,잔치국수,음식점 중 '칼국수'를 판매·제공하는 매장,0182c177-fcc7-47b0-8e12-99eb221aff79,시장초장식당,"칼국수, 열무비빔밥, 국, 반찬",경주중앙시장,전통시장,경상북도,3.0,3.0,,,RESOLVED_AGREEMENT,False,3,,,,
1b74fbfcc95fff200728,test,칼국수,T2 동의어,q_칼국수_06,잔치국수,음식점 중 '칼국수'를 판매·제공하는 매장,0000a9c5-57f2-4719-9ec3-e5d864c7f008,새여울잔치국수,국수,용정 골목형상점가,골목형상점가,대전광역시,3.0,3.0,,,RESOLVED_AGREEMENT,False,3,,,,
263d803503c70351fff6,test,칼국수,T2 동의어,q_칼국수_06,잔치국수,음식점 중 '칼국수'를 판매·제공하는 매장,00d50d90-8afb-448e-b0fa-401fedd78dcb,공산성국수,국수,공산성골목형상점가,골목형상점가,충청남도,3.0,3.0,,,RESOLVED_AGREEMENT,False,3,,,,
286c5057749e0dfee371,test,칼국수,T2 동의어,q_칼국수_06,잔치국수,음식점 중 '칼국수'를 판매·제공하는 매장,bc06f63a-b17b-4c6d-8e08-1ed8edcb0caa,멸치국수,,순천향대 골목형상점가,골목형상점가,충청남도,3.0,3.0,,,RESOLVED_AGREEMENT,False,3,,,,
01e73c4448b85320f3d8,test,칼국수,T2 동의어,q_칼국수_06,잔치국수,음식점 중 '칼국수'를 판매·제공하는 매장,01a468d2-cf3e-4db1-826a-771917b2e910,제주일월국수,국수,관평동 골목형상점가,골목형상점가,대전광역시,3.0,3.0,,,RESOLVED_AGREEMENT,False,3,,,,
e9917e54d4baa5b8a027,test,칼국수,T2 동의어,q_칼국수_06,잔치국수,음식점 중 '칼국수'를 판매·제공하는 매장,df5d24d6-da47-4d28-b917-0901b83d2b7f,혜수네 잔치국수,한식,오류골먹자골목 골목형상점가,골목형상점가,서울특별시,2.0,3.0,,,P2_GRADED_ONLY,True,,,,,
f2f0745aa0a75292116f,test,칼국수,T2 동의어,q_칼국수_06,잔치국수,음식점 중 '칼국수'를 판매·제공하는 매장,da93354c-a3e6-4275-a9b2-e2ff83e7293f,만원푸드,"잔치국수, 붕어빵 등",춘천번개시장,전통시장,강원특별자치도,3.0,3.0,,,RESOLVED_AGREEMENT,False,3,,,,
0cc4eef8585a216b2e93,test,칼국수,T2 동의어,q_칼국수_06,잔치국수,음식점 중 '칼국수'를 판매·제공하는 매장,00b090ad-30c0-4573-a43a-123f5116851b,호호정 멸치국수,,그랜드프라자&상용b상가 상점가,골목형상점가,경기도,3.0,3.0,,,RESOLVED_AGREEMENT,False,3,,,,
29281505f7122b95f516,test,칼국수,T2 동의어,q_칼국수_06,잔치국수,음식점 중 '칼국수'를 판매·제공하는 매장,af30af7d-7881-43b4-82e0-cf122a1543af,영화잔치국수,음식(한식),장안문거북시장,전통시장,경기도,2.0,3.0,,,P2_GRADED_ONLY,True,,,,,
1684d886896126342ddc,test,칼국수,T2 동의어,q_칼국수_06,잔치국수,음식점 중 '칼국수'를 판매·제공하는 매장,f05c3d33-9f52-4456-8c25-b0ad0849e56c,대동할매국수,잔치국수,안락상가시장,전통시장,부산광역시,3.0,3.0,,,RESOLVED_AGREEMENT,False,3,,,,
9c327edd204a17850a8e,test,칼국수,T2 동의어,q_칼국수_06,잔치국수,음식점 중 '칼국수'를 판매·제공하는 매장,1ab61d4f-9ff2-4d7b-aff8-7f18284b9650,산촌잔치국수,분식,남대문시장,전통시장,서울특별시,2.0,3.0,,,P2_GRADED_ONLY,True,,,,,
a1c1c873aeec3878cd71,test,칼국수,T2 동의어,q_칼국수_06,잔치국수,음식점 중 '칼국수'를 판매·제공하는 매장,b9c8dd46-3af9-4559-b1a8-3ce3cdbd3f0a,잔치국수,국수,동해남부재래시장,전통시장,강원특별자치도,3.0,3.0,,,RESOLVED_AGREEMENT,False,3,,,,
873a768bd1c15ad1d6b2,test,칼국수,T2 동의어,q_칼국수_06,잔치국수,음식점 중 '칼국수'를 판매·제공하는 매장,df9ade1e-d301-4d17-920c-cffafbbebe04,명품잔치국수은평,국수,응암소담길 골목형상점가,골목형상점가,서울특별시,3.0,3.0,,,RESOLVED_AGREEMENT,False,3,,,,
36ca766e880dd13c2dd3,test,칼국수,T2 동의어,q_칼국수_06,잔치국수,음식점 중 '칼국수'를 판매·제공하는 매장,44b300d0-b7d2-45a2-ab55-7064db8e96ec,시장잔치국수,음식점업(휴게음식),의왕도깨비시장,전통시장,경기도,2.0,3.0,,,P2_GRADED_ONLY,True,,,,,
4c675bb1e933aaab8351,test,칼국수,T2 동의어,q_칼국수_06,잔치국수,음식점 중 '칼국수'를 판매·제공하는 매장,ef4792aa-0ff5-4f8e-8613-7d5280e221e7,소문난잔치국수,음식점업(한식),송탄시장(송북시장),전통시장,경기도,2.0,3.0,,,P2_GRADED_ONLY,True,,,,,
54dc31747ac4e67035d7,test,칼국수,T2 동의어,q_칼국수_06,잔치국수,음식점 중 '칼국수'를 판매·제공하는 매장,06c08c2a-1549-4a5b-ab2e-b385ac252f13,방이손칼국수,간이음식 칼국수 수제비,방이시장,전통시장,서울특별시,3.0,3.0,,,RESOLVED_AGREEMENT,False,3,,,,
aed3d5e639d14ba15973,test,칼국수,T2 동의어,q_칼국수_06,잔치국수,음식점 중 '칼국수'를 판매·제공하는 매장,e0cde3d2-8ab6-42b8-85d1-cab908834de2,서민식당,잔치국수,온양온천역 골목형 상점가,골목형상점가,충청남도,3.0,3.0,,,RESOLVED_AGREEMENT,False,3,,,,
6cde2e04bb704cbdcf70,test,칼국수,T2 동의어,q_칼국수_06,잔치국수,음식점 중 '칼국수'를 판매·제공하는 매장,0662e446-e512-470d-8c71-843284e41524,낙원잔치국수,잔치국수,낙원동골목형상점가,골목형상점가,강원특별자치도,3.0,3.0,,,RESOLVED_AGREEMENT,False,3,,,,
a85092a8483db71b0e16,test,칼국수,T2 동의어,q_칼국수_06,잔치국수,음식점 중 '칼국수'를 판매·제공하는 매장,0b26ec14-485f-4826-8e69-f2e2fd0ef91e,원조어탕,어탕수제비.칼국수,구미 금리단길 골목형상점가,골목형상점가,경상북도,3.0,3.0,,,RESOLVED_AGREEMENT,False,3,,,,
36f54196d6c08aa50d8f,test,칼국수,T2 동의어,q_칼국수_06,잔치국수,음식점 중 '칼국수'를 판매·제공하는 매장,f70e8bd1-36d9-49bd-80dc-c4391a6871e2,옛맛잔치국수,음식(국수),경창시장,전통시장,서울특별시,3.0,3.0,,,RESOLVED_AGREEMENT,False,3,,,,
151268ac24b22c280c9d,test,칼국수,T2 동의어,q_칼국수_06,잔치국수,음식점 중 '칼국수'를 판매·제공하는 매장,128a2745-7b52-4f8e-83d5-ca3c1c36a91b,스파리스 휘트니스,헬스,정왕시장,전통시장,경기도,0.0,0.0,,,RESOLVED_AGREEMENT,False,0,,,,
fada4493b59bbfb5b1d6,test,칼국수,T2 동의어,q_칼국수_06,잔치국수,음식점 중 '칼국수'를 판매·제공하는 매장,00cef312-cb5c-4dea-ad69-88c556146024,주산팥죽,"팥죽, 칼국수",부안상설시장,전통시장,전북특별자치도,3.0,3.0,,,RESOLVED_AGREEMENT,False,3,,,,
5573fe0137dbcd7e0c24,test,칼국수,T2 동의어,q_칼국수_06,잔치국수,음식점 중 '칼국수'를 판매·제공하는 매장,5b6204b7-6a5c-4764-831f-04c1e6ed3cdb,예나,잔치국수,정선아리랑시장,전통시장,강원특별자치도,3.0,3.0,,,RESOLVED_AGREEMENT,False,3,,,,
4bec15c9c4ff0b5fb486,test,칼국수,T2 동의어,q_칼국수_06,잔치국수,음식점 중 '칼국수'를 판매·제공하는 매장,c7b9ba6a-437a-4b68-9dfc-0fbf4bc4a0a1,범물본가국수 시지점,잔치국수 돈까스,신매시장,전통시장,대구광역시,3.0,3.0,,,RESOLVED_AGREEMENT,False,3,,,,
42ed8257ddbf4588e96d,test,칼국수,T2 동의어,q_칼국수_06,잔치국수,음식점 중 '칼국수'를 판매·제공하는 매장,7c21ff58-1dd9-41a1-b366-50610036b092,이삭토스트,토스트,흥덕 다채움 골목형 상점가,골목형상점가,경기도,0.0,0.0,,,RESOLVED_AGREEMENT,False,0,,,,
9e0d4e0b419423a3009e,test,칼국수,T2 동의어,q_칼국수_06,잔치국수,음식점 중 '칼국수'를 판매·제공하는 매장,01e8f807-6020-486c-bd59-38a7035bc453,구례밀밭,국수,화엄상가(골목형상점가),골목형상점가,전라남도,3.0,3.0,,,RESOLVED_AGREEMENT,False,3,,,,
eb6be342548d8e67767f,test,칼국수,T4 구어·문장,q_칼국수_07,면요리 먹을 곳,음식점 중 '칼국수'를 판매·제공하는 매장,b804cf3f-f859-49e9-ac04-446dea87c7ef,먹을래싸갈래,분식,국민시장,전통시장,부산광역시,1.0,1.0,,,RESOLVED_AGREEMENT,False,1,,,,
0f6b931f48573e41cf3c,test,칼국수,T4 구어·문장,q_칼국수_07,면요리 먹을 곳,음식점 중 '칼국수'를 판매·제공하는 매장,93e2c3eb-e515-47ad-8f12-77720144528e,염주골,요리,염주먹자골목B구역상인회 골목형상점가,골목형상점가,광주광역시,0.0,0.0,,,RESOLVED_AGREEMENT,False,0,,,,
15f4ac1d425ff84cbb1d,test,칼국수,T4 구어·문장,q_칼국수_07,면요리 먹을 곳,음식점 중 '칼국수'를 판매·제공하는 매장,dc63224f-52dc-4f44-b291-1b54f2e8df7c,밀과보리칼국수,면요리,홍도동 상점가,자율상권구역,대전광역시,3.0,3.0,,,RESOLVED_AGREEMENT,False,3,,,,
e0db643b04e34811dc66,test,칼국수,T4 구어·문장,q_칼국수_07,면요리 먹을 곳,음식점 중 '칼국수'를 판매·제공하는 매장,48cd5218-a78a-4901-9a0d-feff167b3788,박순옥비빔국수,"한식, 면 요리",갓바위골목형상점가,골목형상점가,강원특별자치도,3.0,3.0,,,RESOLVED_AGREEMENT,False,3,,,,
3bb5c66a36250c36d6c1,test,칼국수,T4 구어·문장,q_칼국수_07,면요리 먹을 곳,음식점 중 '칼국수'를 판매·제공하는 매장,efa7a863-51b2-4de7-be9d-ea4c2e8b8129,중화요리 초마초마,중화요리,효자동4동 후곡길 골목형상점가,골목형상점가,전북특별자치도,0.0,0.0,,,RESOLVED_AGREEMENT,False,0,,,,
68e55d8abaa8c2d22312,test,칼국수,T4 구어·문장,q_칼국수_07,면요리 먹을 곳,음식점 중 '칼국수'를 판매·제공하는 매장,04af378c-87c3-494e-b9b2-1c0232b07f5e,원조강릉칼국수,한식 면 요리,만년동 골목형상점가,골목형상점가,대전광역시,3.0,3.0,,,RESOLVED_AGREEMENT,False,3,,,,
8df8ff445c1d02a12714,test,칼국수,T4 구어·문장,q_칼국수_07,면요리 먹을 곳,음식점 중 '칼국수'를 판매·제공하는 매장,06c08c2a-1549-4a5b-ab2e-b385ac252f13,방이손칼국수,간이음식 칼국수 수제비,방이시장,전통시장,서울특별시,3.0,3.0,,,RESOLVED_AGREEMENT,False,3,,,,
419a67516dd9f32e3e79,test,칼국수,T4 구어·문장,q_칼국수_07,면요리 먹을 곳,음식점 중 '칼국수'를 판매·제공하는 매장,50fe5486-6e1a-44b2-8dce-c01fb7410b3c,남풍큰옷집,의류,신평화패션타운,전통시장,서울특별시,0.0,0.0,,,RESOLVED_AGREEMENT,False,0,,,,
50ff730b4b476e4b6cea,test,칼국수,T4 구어·문장,q_칼국수_07,면요리 먹을 곳,음식점 중 '칼국수'를 판매·제공하는 매장,07e6317e-8529-4a99-b6ff-6463affed556,만다리,면요리,두암2동광신맨션주변 골목형상점가,골목형상점가,광주광역시,3.0,0.0,,,P1_BINARY_THRESHOLD,True,,,,,
b9f060159a6fbaccf203,test,칼국수,T4 구어·문장,q_칼국수_07,면요리 먹을 곳,음식점 중 '칼국수'를 판매·제공하는 매장,1d8d579f-fef4-4b58-846e-6a7924e3230a,소재,한식코스요리,중흥자재거리 골목형상점가,골목형상점가,광주광역시,1.0,1.0,,,RESOLVED_AGREEMENT,False,1,,,,
6b0db25a7d8303aa2849,test,칼국수,T4 구어·문장,q_칼국수_07,면요리 먹을 곳,음식점 중 '칼국수'를 판매·제공하는 매장,00baf772-7ca3-475a-a614-a5dc35286be7,시골막국수와 옹심이 충북혁신도시점,막국수,맹동혁신골목형상점가,골목형상점가,충청북도,3.0,3.0,,,RESOLVED_AGREEMENT,False,3,,,,
97bd60c2e0f675843de9,test,칼국수,T4 구어·문장,q_칼국수_07,면요리 먹을 곳,음식점 중 '칼국수'를 판매·제공하는 매장,1884958d-fc89-47e6-95e7-f5ffbcfa8e99,금산흑염소,흑염소,부천한신시장,전통시장,경기도,0.0,0.0,,,RESOLVED_AGREEMENT,False,0,,,,
fd9728e8e74544c3e1d9,test,칼국수,T4 구어·문장,q_칼국수_07,면요리 먹을 곳,음식점 중 '칼국수'를 판매·제공하는 매장,be9f8c61-892c-48ed-a49d-b63bd032c025,소곳,의류,고투몰(강남터미널지하도상점가),일반지하상점가,서울특별시,0.0,0.0,,,RESOLVED_AGREEMENT,False,0,,,,
305422e96ac1db7ecee9,test,칼국수,T4 구어·문장,q_칼국수_07,면요리 먹을 곳,음식점 중 '칼국수'를 판매·제공하는 매장,00cef312-cb5c-4dea-ad69-88c556146024,주산팥죽,"팥죽, 칼국수",부안상설시장,전통시장,전북특별자치도,3.0,3.0,,,RESOLVED_AGREEMENT,False,3,,,,
2d246e113a18887c5864,test,칼국수,T4 구어·문장,q_칼국수_07,면요리 먹을 곳,음식점 중 '칼국수'를 판매·제공하는 매장,7be83d91-0913-485f-b492-cb22db870f77,산돌중화요리,중화요리,꽃밭정이 골목형상점가,골목형상점가,전북특별자치도,0.0,0.0,,,RESOLVED_AGREEMENT,False,0,,,,
0ced507ae03edafb60d8,test,칼국수,T4 구어·문장,q_칼국수_07,면요리 먹을 곳,음식점 중 '칼국수'를 판매·제공하는 매장,4006da5c-bdca-4cac-a2e6-62e108658508,이가동북요리,중식,익산그린상점가,자율상권구역,전북특별자치도,1.0,0.0,,,P2_GRADED_ONLY,True,,,,,
14c10237400dc186a995,test,칼국수,T4 구어·문장,q_칼국수_07,면요리 먹을 곳,음식점 중 '칼국수'를 판매·제공하는 매장,c669426f-fb7e-4fe1-bcc0-133f71cfd8f0,족발야시장 세종도담점,족발 보쌈 면요리 전요리 주먹밥 주류 음료,도담동 골목형상점가,골목형상점가,세종특별자치시,3.0,2.0,,,P2_GRADED_ONLY,True,,,,,
878b4f459ff2ab5eafaa,test,칼국수,T4 구어·문장,q_칼국수_07,면요리 먹을 곳,음식점 중 '칼국수'를 판매·제공하는 매장,c62aab3e-95e3-484d-8efc-8afce0f7a868,청년순대국 안양점,순대,석수본동 골목형상점가,골목형상점가,경기도,0.0,0.0,,,RESOLVED_AGREEMENT,False,0,,,,
1553bd908f8989ea99a3,test,칼국수,T4 구어·문장,q_칼국수_07,면요리 먹을 곳,음식점 중 '칼국수'를 판매·제공하는 매장,0d36cfdd-f8a4-41f1-a864-8a98a8a82fff,우리분식,수제비,포항죽도시장,전통시장,경상북도,3.0,3.0,,,RESOLVED_AGREEMENT,False,3,,,,
0e9e1d41e32f924675c3,test,칼국수,T4 구어·문장,q_칼국수_07,면요리 먹을 곳,음식점 중 '칼국수'를 판매·제공하는 매장,50076371-efa0-482e-ba76-1f6b2194e659,탄탄면공방 등촌역점,면요리,공항대로골목형상점가,골목형상점가,서울특별시,3.0,0.0,,,P1_BINARY_THRESHOLD,True,,,,,
223f128fb7ac267f38df,test,칼국수,T4 구어·문장,q_칼국수_07,면요리 먹을 곳,음식점 중 '칼국수'를 판매·제공하는 매장,65d6e3b4-d0c0-4ef6-9ad5-8bf553906bc4,황궁중화요리,,하남 골목형상점가,골목형상점가,,0.0,0.0,,,RESOLVED_AGREEMENT,False,0,,,,
8b6064ed8d3e7b626eaa,test,칼국수,T4 구어·문장,q_칼국수_07,면요리 먹을 곳,음식점 중 '칼국수'를 판매·제공하는 매장,a31b0428-3491-4a68-a74d-63599238ce6c,중화식탁,중화면요리,신토평먹자거리 골목형상점가,골목형상점가,경기도,3.0,0.0,,,P1_BINARY_THRESHOLD,True,,,,,
1054261c5be0d7a647ac,test,칼국수,T4 구어·문장,q_칼국수_07,면요리 먹을 곳,음식점 중 '칼국수'를 판매·제공하는 매장,06261986-3eba-4244-b63f-397460d82f4a,이곳,미용,나주혁신도시 골목형상점가,골목형상점가,전라남도,0.0,0.0,,,RESOLVED_AGREEMENT,False,0,,,,
33dd4c11bd1b2f4d073e,test,칼국수,T4 구어·문장,q_칼국수_07,면요리 먹을 곳,음식점 중 '칼국수'를 판매·제공하는 매장,2743811c-5e71-4d2b-aa75-1b0147d44f2d,사우 꽃이 피는 곳,꽃,김포 풍년마을 골목형상점가,골목형상점가,경기도,0.0,0.0,,,RESOLVED_AGREEMENT,False,0,,,,
7efdef35c62f93dba15e,test,칼국수,T4 구어·문장,q_칼국수_07,면요리 먹을 곳,음식점 중 '칼국수'를 판매·제공하는 매장,2e1ccab1-1759-4b92-bea1-7ec4dd9edfa7,한중요리,한식,도군머리 골목형상점가,골목형상점가,광주광역시,1.0,1.0,,,RESOLVED_AGREEMENT,False,1,,,,
15c6483799564e8f61b4,test,칼국수,T4 구어·문장,q_칼국수_07,면요리 먹을 곳,음식점 중 '칼국수'를 판매·제공하는 매장,76a3551b-dae4-4326-92cc-662015aedbfb,쉴 곳,한식,칠성로상점가,자율상권구역,제주특별자치도,1.0,1.0,,,RESOLVED_AGREEMENT,False,1,,,,
a871982632674f93d9a5,test,칼국수,T4 구어·문장,q_칼국수_07,면요리 먹을 곳,음식점 중 '칼국수'를 판매·제공하는 매장,9d82c785-7bb3-4879-a551-871ccb010193,오쉐프요리,일반음식,문화의거리 상점가,자율상권구역,울산광역시,0.0,0.0,,,RESOLVED_AGREEMENT,False,0,,,,
bc7d7d3c68aac86a109a,test,칼국수,T4 구어·문장,q_칼국수_07,면요리 먹을 곳,음식점 중 '칼국수'를 판매·제공하는 매장,00d50d90-8afb-448e-b0fa-401fedd78dcb,공산성국수,국수,공산성골목형상점가,골목형상점가,충청남도,3.0,3.0,,,RESOLVED_AGREEMENT,False,3,,,,
41670801f1b568b4f593,test,칼국수,T4 구어·문장,q_칼국수_07,면요리 먹을 곳,음식점 중 '칼국수'를 판매·제공하는 매장,00b090ad-30c0-4573-a43a-123f5116851b,호호정 멸치국수,,그랜드프라자&상용b상가 상점가,골목형상점가,경기도,3.0,3.0,,,RESOLVED_AGREEMENT,False,3,,,,
268634e5dea7ad4dfab5,test,칼국수,T4 구어·문장,q_칼국수_07,면요리 먹을 곳,음식점 중 '칼국수'를 판매·제공하는 매장,3067b4a8-7c51-46d8-8c65-1128a21fcb16,현대유통정육점,식육,나운금빛 골목형상점가,골목형상점가,전북특별자치도,0.0,0.0,,,RESOLVED_AGREEMENT,False,0,,,,
dfddf8a2193523e0b388,test,칼국수,T4 구어·문장,q_칼국수_07,면요리 먹을 곳,음식점 중 '칼국수'를 판매·제공하는 매장,0de1bc3f-ef27-4c0c-aaf7-a28d659beba0,일품,요리,성내전통시장,전통시장,서울특별시,0.0,0.0,,,RESOLVED_AGREEMENT,False,0,,,,
e4a8d88d61dc52f650e8,test,칼국수,T4 구어·문장,q_칼국수_07,면요리 먹을 곳,음식점 중 '칼국수'를 판매·제공하는 매장,24456103-f6b8-46af-8655-82e61d7265d8,커피가 머무르는 곳,커피,반드레길골목형상점가,골목형상점가,서울특별시,0.0,0.0,,,RESOLVED_AGREEMENT,False,0,,,,
5fe434170ebeb500451d,test,칼국수,T4 구어·문장,q_칼국수_07,면요리 먹을 곳,음식점 중 '칼국수'를 판매·제공하는 매장,0cdea40b-df17-41f5-aad7-8d3cfefc0f89,수제비집,수제비,주막거리상점가,자율상권구역,경기도,3.0,3.0,,,RESOLVED_AGREEMENT,False,3,,,,
0a1c3d5ddd5b3c445534,test,칼국수,T4 구어·문장,q_칼국수_07,면요리 먹을 곳,음식점 중 '칼국수'를 판매·제공하는 매장,af841040-0055-4f95-bbe1-b98bb9cf9b59,밀곳,제과,부평깡통시장(구 부산부평시장),전통시장,부산광역시,0.0,0.0,,,RESOLVED_AGREEMENT,False,0,,,,
7af4ec8ad7852a41cf2b,test,칼국수,T4 구어·문장,q_칼국수_07,면요리 먹을 곳,음식점 중 '칼국수'를 판매·제공하는 매장,ed6dede5-baee-433a-aedd-0a100ca15766,면박사,한식 면 요리 전문점,용문 골목형상점가,골목형상점가,제주특별자치도,3.0,1.0,,,P1_BINARY_THRESHOLD,True,,,,,
4fd05b980a195d07f5f0,test,칼국수,T4 구어·문장,q_칼국수_07,면요리 먹을 곳,음식점 중 '칼국수'를 판매·제공하는 매장,1a03adef-4cb8-42ae-89ab-487ca61d5a35,꿈바우버섯집,버섯요리,하양꿈바우시장,전통시장,경상북도,0.0,0.0,,,RESOLVED_AGREEMENT,False,0,,,,
4d738e9240b431b1613e,test,칼국수,T4 구어·문장,q_칼국수_07,면요리 먹을 곳,음식점 중 '칼국수'를 판매·제공하는 매장,8adecf0d-4704-4e39-bdf9-464893460319,카페 비요리,커피,대흥동 특화거리 상점가,자율상권구역,대전광역시,0.0,0.0,,,RESOLVED_AGREEMENT,False,0,,,,
1fab27742793f1f013ea,test,칼국수,T4 구어·문장,q_칼국수_07,면요리 먹을 곳,음식점 중 '칼국수'를 판매·제공하는 매장,540c3f3d-5db4-493d-bbfe-78754e50f761,윤가밀냉면,한식 면요리,서대신동골목시장,전통시장,부산광역시,3.0,1.0,,,P1_BINARY_THRESHOLD,True,,,,,
ab7b503890074d10224a,test,칼국수,T4 구어·문장,q_칼국수_07,면요리 먹을 곳,음식점 중 '칼국수'를 판매·제공하는 매장,96929dc7-3532-4592-a918-529a77ceac89,고뚱보우육면,면요리,쌍용1번가 골목형상점가,골목형상점가,충청남도,3.0,0.0,,,P1_BINARY_THRESHOLD,True,,,,,
8b9305fd56f8d2cf771a,test,칼국수,T4 구어·문장,q_칼국수_07,면요리 먹을 곳,음식점 중 '칼국수'를 판매·제공하는 매장,ea978e87-2e72-4f37-a3d1-fc3ec44cc23a,충무칼국수,한식 면 요리 전문점,통영중앙전통시장,전통시장,경상남도,3.0,3.0,,,RESOLVED_AGREEMENT,False,3,,,,
31bce2665deedb4b903d,test,칼국수,T4 구어·문장,q_칼국수_07,면요리 먹을 곳,음식점 중 '칼국수'를 판매·제공하는 매장,84c47ed9-30dd-4775-8723-85088bc0413d,남강중화요리,중화요리,오수시장,전통시장,전북특별자치도,0.0,0.0,,,RESOLVED_AGREEMENT,False,0,,,,
bb34a473e15a309507a2,test,칼국수,T4 구어·문장,q_칼국수_07,면요리 먹을 곳,음식점 중 '칼국수'를 판매·제공하는 매장,465db8aa-dcb7-42ef-81c7-c45577529e34,현풍닭칼국수 경산오거리점,한식 면요리,경산중앙로상점가,자율상권구역,경상북도,3.0,3.0,,,RESOLVED_AGREEMENT,False,3,,,,
3e456248f060cfd059df,test,칼국수,T4 구어·문장,q_칼국수_07,면요리 먹을 곳,음식점 중 '칼국수'를 판매·제공하는 매장,f0b7a128-54c5-4412-9bc8-621abd6f7c7c,면식당 계명대점,면요리,성서계대로데오거리 골목형상점가,골목형상점가,대구광역시,3.0,1.0,,,P1_BINARY_THRESHOLD,True,,,,,
e2429a272ee1d1b253f1,test,칼국수,T4 구어·문장,q_칼국수_07,면요리 먹을 곳,음식점 중 '칼국수'를 판매·제공하는 매장,01a468d2-cf3e-4db1-826a-771917b2e910,제주일월국수,국수,관평동 골목형상점가,골목형상점가,대전광역시,3.0,3.0,,,RESOLVED_AGREEMENT,False,3,,,,
f5c1bc6e5325e5314802,test,칼국수,T4 구어·문장,q_칼국수_07,면요리 먹을 곳,음식점 중 '칼국수'를 판매·제공하는 매장,3f21ef87-725f-4fa7-87a4-cd5ac3aad800,청와삼대,면 요리,문화1동 골목형상점가,골목형상점가,대전광역시,3.0,0.0,,,P1_BINARY_THRESHOLD,True,,,,,
090d2ab3a7b61082fe07,test,칼국수,T4 구어·문장,q_칼국수_07,면요리 먹을 곳,음식점 중 '칼국수'를 판매·제공하는 매장,01204ba5-bc3e-4a17-83cd-1dd9bee98d5e,규수방,국수,대전정원시장,전통시장,대전광역시,3.0,3.0,,,RESOLVED_AGREEMENT,False,3,,,,
c49bd38072405c1e8493,test,칼국수,T4 구어·문장,q_칼국수_07,면요리 먹을 곳,음식점 중 '칼국수'를 판매·제공하는 매장,0b26ec14-485f-4826-8e69-f2e2fd0ef91e,원조어탕,어탕수제비.칼국수,구미 금리단길 골목형상점가,골목형상점가,경상북도,3.0,3.0,,,RESOLVED_AGREEMENT,False,3,,,,
9441b6ec492bad79368e,test,칼국수,T4 구어·문장,q_칼국수_07,면요리 먹을 곳,음식점 중 '칼국수'를 판매·제공하는 매장,01e8f807-6020-486c-bd59-38a7035bc453,구례밀밭,국수,화엄상가(골목형상점가),골목형상점가,전라남도,3.0,3.0,,,RESOLVED_AGREEMENT,False,3,,,,
e45fd8139be293a84cf6,test,칼국수,T4 구어·문장,q_칼국수_07,면요리 먹을 곳,음식점 중 '칼국수'를 판매·제공하는 매장,0df3eced-9f53-4b4c-9218-80455bc5ca93,국수나무(수완점),분식 돈가스 면요리,홀릭스,골목형상점가,광주광역시,3.0,3.0,,,RESOLVED_AGREEMENT,False,3,,,,
d35004aaa37873d28910,test,칼국수,T4 구어·문장,q_칼국수_07,면요리 먹을 곳,음식점 중 '칼국수'를 판매·제공하는 매장,d277d9c0-79df-4118-a02c-c8a546a81a8e,진동상회,생선,마산어시장,전통시장,경상남도,0.0,0.0,,,RESOLVED_AGREEMENT,False,0,,,,
5ac7089c4f89a5b97206,test,칼국수,T4 구어·문장,q_칼국수_07,면요리 먹을 곳,음식점 중 '칼국수'를 판매·제공하는 매장,eea09970-6660-41da-84b4-3dbad9e180b5,동해반찬,,포항큰동해시장,전통시장,경상북도,0.0,0.0,,,RESOLVED_AGREEMENT,False,0,,,,
fb8cfdc20548b9d93642,test,칼국수,T4 구어·문장,q_칼국수_07,면요리 먹을 곳,음식점 중 '칼국수'를 판매·제공하는 매장,2995d096-5a82-4ae1-be31-a489cb2ab4cc,라쎄종,요리,더센트럴 골목형상점가,골목형상점가,세종특별자치시,0.0,0.0,,,RESOLVED_AGREEMENT,False,0,,,,
75228f07474dcf8afab8,test,칼국수,T4 구어·문장,q_칼국수_07,면요리 먹을 곳,음식점 중 '칼국수'를 판매·제공하는 매장,4f20341f-a11c-45c4-ad42-332bea16ee8a,니뽕내뽕,면요리,갈매애비뉴 골목형상점가,골목형상점가,경기도,3.0,0.0,,,P1_BINARY_THRESHOLD,True,,,,,
c4edb5b713828a0988d8,test,칼국수,T4 구어·문장,q_칼국수_07,면요리 먹을 곳,음식점 중 '칼국수'를 판매·제공하는 매장,74bb1fa2-c696-4b7f-a94c-e60b51332024,화 중화요리,중화요리,화도창현상점가,골목형상점가,경기도,0.0,0.0,,,RESOLVED_AGREEMENT,False,0,,,,
c5ddb59d267fc94544bb,test,칼국수,T4 구어·문장,q_칼국수_07,면요리 먹을 곳,음식점 중 '칼국수'를 판매·제공하는 매장,2056c69e-64b4-4b28-8ce2-800cbcec3e25,먹을꼬얌,음식,산본로데오거리(구 산본중심상가),자율상권구역,경기도,0.0,0.0,,,RESOLVED_AGREEMENT,False,0,,,,
421e3aaff5590a0f2edf,test,칼국수,T4 구어·문장,q_칼국수_07,면요리 먹을 곳,음식점 중 '칼국수'를 판매·제공하는 매장,4e95af1f-4577-41e9-a75a-f1f278894255,그녀의카페since2018,커피전문점,수완아름마을,골목형상점가,광주광역시,0.0,0.0,,,RESOLVED_AGREEMENT,False,0,,,,
7c966946d6f33904aed4,test,칼국수,T4 구어·문장,q_칼국수_07,면요리 먹을 곳,음식점 중 '칼국수'를 판매·제공하는 매장,ceaffbbf-995f-4cdf-957b-4ac77b2470c4,송산칼국수,한식면요리,사강시장,전통시장,경기도,3.0,3.0,,,RESOLVED_AGREEMENT,False,3,,,,
ff1fd6a9c676b88fc2a1,test,칼국수,T4 구어·문장,q_칼국수_07,면요리 먹을 곳,음식점 중 '칼국수'를 판매·제공하는 매장,082318d1-b53c-40e8-9a48-18eb2a490e1a,국수나무,면요리,군산수송 골목형상점가,골목형상점가,전북특별자치도,3.0,3.0,,,RESOLVED_AGREEMENT,False,3,,,,
5b373bafff12309bb382,test,칼국수,T4 구어·문장,q_칼국수_07,면요리 먹을 곳,음식점 중 '칼국수'를 판매·제공하는 매장,3086efe6-0293-476f-a32f-35d8522477d2,산수옥모밀,면요리,동림2 골목형상점가,골목형상점가,광주광역시,3.0,0.0,,,P1_BINARY_THRESHOLD,True,,,,,
ca2d16e5e9caaacafddf,test,칼국수,T4 구어·문장,q_칼국수_07,면요리 먹을 곳,음식점 중 '칼국수'를 판매·제공하는 매장,bccf2da8-aad7-4c8b-beaf-19a0a0a7eea9,국시집,한식 면 요리 전문점,고흥전통시장,전통시장,전라남도,3.0,1.0,,,P1_BINARY_THRESHOLD,True,,,,,
75cceb3c97acd5a0e100,test,칼국수,T4 구어·문장,q_칼국수_07,면요리 먹을 곳,음식점 중 '칼국수'를 판매·제공하는 매장,842f6cf1-6411-4f4b-be23-746d79e31656,섬곳,한식,플레이사계 지오단길 골목형상점가,골목형상점가,제주특별자치도,1.0,1.0,,,RESOLVED_AGREEMENT,False,1,,,,
94f5feeeea0518b8cdca,test,칼국수,T4 구어·문장,q_칼국수_07,면요리 먹을 곳,음식점 중 '칼국수'를 판매·제공하는 매장,d18c17e3-9f8f-4dce-bfae-024689a1bdf4,옥이네분식,면요리,중동사랑시장,전통시장,경기도,3.0,1.0,,,P1_BINARY_THRESHOLD,True,,,,,
9739cd7d554ececfdb04,test,칼국수,T4 구어·문장,q_칼국수_07,면요리 먹을 곳,음식점 중 '칼국수'를 판매·제공하는 매장,00057366-f4a3-4b3b-a763-5545eb9cda8a,구봉국수,잔치국수,여수서시장주변시장,전통시장,전라남도,3.0,3.0,,,RESOLVED_AGREEMENT,False,3,,,,
31aa136cf7a05df561f9,test,칼국수,T4 구어·문장,q_칼국수_07,면요리 먹을 곳,음식점 중 '칼국수'를 판매·제공하는 매장,0182c177-fcc7-47b0-8e12-99eb221aff79,시장초장식당,"칼국수, 열무비빔밥, 국, 반찬",경주중앙시장,전통시장,경상북도,3.0,3.0,,,RESOLVED_AGREEMENT,False,3,,,,
598d285a27cde417812a,test,칼국수,T4 구어·문장,q_칼국수_07,면요리 먹을 곳,음식점 중 '칼국수'를 판매·제공하는 매장,90376d82-87fd-4a8d-99b7-9c03ee2815b1,먹을래싸갈래,,사직거인 골목형상점가,골목형상점가,부산광역시,,0.0,Y,,P0_UNCERTAIN_OR_MISSING,True,,,,,
b74bc412632c0a524c2f,test,칼국수,T4 구어·문장,q_칼국수_07,면요리 먹을 곳,음식점 중 '칼국수'를 판매·제공하는 매장,e034c88a-281e-4656-9caf-17c82651dfee,최가네 삼겹살,한식,난곡 신사맛길 골목형상점가,골목형상점가,서울특별시,1.0,1.0,,,RESOLVED_AGREEMENT,False,1,,,,
6538d882acf7bd7197d5,test,칼국수,T4 구어·문장,q_칼국수_07,면요리 먹을 곳,음식점 중 '칼국수'를 판매·제공하는 매장,c111ac9d-3f3a-405c-a8db-4d127ccda9e2,행복이 있는 곳,잡화,제주로얄쇼핑센터,자율상권구역,제주특별자치도,0.0,0.0,,,RESOLVED_AGREEMENT,False,0,,,,
8632141f8f259bb11a9e,test,칼국수,T4 구어·문장,q_칼국수_07,면요리 먹을 곳,음식점 중 '칼국수'를 판매·제공하는 매장,7fde034b-96e4-455a-83e2-7b5692b96a17,먹을터,한식,화성행궁골목형상점가,골목형상점가,경기도,1.0,1.0,,,RESOLVED_AGREEMENT,False,1,,,,
d20821cdf40e494f243e,test,칼국수,T4 구어·문장,q_칼국수_07,면요리 먹을 곳,음식점 중 '칼국수'를 판매·제공하는 매장,c2cc2bc0-4145-46ee-8d0b-d896b3678f65,면앤밥,,풍세로세광 골목형상점가,골목형상점가,충청남도,,0.0,Y,,P0_UNCERTAIN_OR_MISSING,True,,,,,
9aa9225fdb80619d2b84,test,칼국수,T4 구어·문장,q_칼국수_07,면요리 먹을 곳,음식점 중 '칼국수'를 판매·제공하는 매장,0000a9c5-57f2-4719-9ec3-e5d864c7f008,새여울잔치국수,국수,용정 골목형상점가,골목형상점가,대전광역시,3.0,3.0,,,RESOLVED_AGREEMENT,False,3,,,,
fb41211a26a75114dd0a,test,칼국수,T4 구어·문장,q_칼국수_07,면요리 먹을 곳,음식점 중 '칼국수'를 판매·제공하는 매장,1b48a4ae-094d-42ca-a00a-79dad4238a1c,최고당돈가스,돈가스 및 한식 면요리,마북 골목형상점가,골목형상점가,경기도,3.0,1.0,,,P1_BINARY_THRESHOLD,True,,,,,
cdd6405ff148ca7647a5,test,칼국수,T4 구어·문장,q_칼국수_07,면요리 먹을 곳,음식점 중 '칼국수'를 판매·제공하는 매장,dde74325-8f92-4321-9ce6-52d069e55acb,어니스트식스티,면요리,나주혁신도시 골목형상점가,골목형상점가,전라남도,3.0,0.0,,,P1_BINARY_THRESHOLD,True,,,,,
11534180be32e713ba91,test,칼국수,T4 구어·문장,q_칼국수_07,면요리 먹을 곳,음식점 중 '칼국수'를 판매·제공하는 매장,a3666bb6-07d6-49b3-b68a-bc8855582f8a,국수나무,면요리,동백 이음길 골목형상점가,골목형상점가,경기도,3.0,3.0,,,RESOLVED_AGREEMENT,False,3,,,,
1e40c836d7227898db1c,test,칼국수,T4 구어·문장,q_칼국수_07,면요리 먹을 곳,음식점 중 '칼국수'를 판매·제공하는 매장,8128c412-4fc3-44a5-b1de-2005725d6ab8,장터중화요리,,남창옹기종기시장,전통시장,울산광역시,0.0,0.0,,,RESOLVED_AGREEMENT,False,0,,,,
310f651bb2bc9bd2f57c,test,칼국수,T4 구어·문장,q_칼국수_07,면요리 먹을 곳,음식점 중 '칼국수'를 판매·제공하는 매장,013fc799-6c55-4fa3-b332-1251f068c422,행복식당,수제비,포항죽도시장,전통시장,경상북도,3.0,3.0,,,RESOLVED_AGREEMENT,False,3,,,,
97d1403fd7f097012822,test,칼국수,T4 구어·문장,q_칼국수_07,면요리 먹을 곳,음식점 중 '칼국수'를 판매·제공하는 매장,ca20e919-c230-4065-afc1-e4b2b1ff9ffc,황금맷돌,두부요리,서문대로 골목형상점가,골목형상점가,광주광역시,0.0,0.0,,,RESOLVED_AGREEMENT,False,0,,,,
ac5bccd41d8152bcef00,test,칼국수,T4 구어·문장,q_칼국수_08,면요리 먹을 데,음식점 중 '칼국수'를 판매·제공하는 매장,e14c85de-7845-4b2e-b2b4-377d02aa52ce,커먼,의류,상원시장,전통시장,대구광역시,0.0,0.0,,,RESOLVED_AGREEMENT,False,0,,,,
f2cce168b46b1fa3fae1,test,칼국수,T4 구어·문장,q_칼국수_08,면요리 먹을 데,음식점 중 '칼국수'를 판매·제공하는 매장,04af378c-87c3-494e-b9b2-1c0232b07f5e,원조강릉칼국수,한식 면 요리,만년동 골목형상점가,골목형상점가,대전광역시,3.0,3.0,,,RESOLVED_AGREEMENT,False,3,,,,
e18930f3f5cbcc028b6e,test,칼국수,T4 구어·문장,q_칼국수_08,면요리 먹을 데,음식점 중 '칼국수'를 판매·제공하는 매장,bccf2da8-aad7-4c8b-beaf-19a0a0a7eea9,국시집,한식 면 요리 전문점,고흥전통시장,전통시장,전라남도,3.0,1.0,,,P1_BINARY_THRESHOLD,True,,,,,
ae668905073924815fab,test,칼국수,T4 구어·문장,q_칼국수_08,면요리 먹을 데,음식점 중 '칼국수'를 판매·제공하는 매장,efc0066d-50df-49c8-a700-41683b245910,아날로그샵,의류 및 잡화,원도심 상권활성화구역,상권활성화구역,대전광역시,0.0,0.0,,,RESOLVED_AGREEMENT,False,0,,,,
f068ce9554cd863d0d79,test,칼국수,T4 구어·문장,q_칼국수_08,면요리 먹을 데,음식점 중 '칼국수'를 판매·제공하는 매장,4f20341f-a11c-45c4-ad42-332bea16ee8a,니뽕내뽕,면요리,갈매애비뉴 골목형상점가,골목형상점가,경기도,3.0,0.0,,,P1_BINARY_THRESHOLD,True,,,,,
3556a29a258a2a4a0f46,test,칼국수,T4 구어·문장,q_칼국수_08,면요리 먹을 데,음식점 중 '칼국수'를 판매·제공하는 매장,c669426f-fb7e-4fe1-bcc0-133f71cfd8f0,족발야시장 세종도담점,족발 보쌈 면요리 전요리 주먹밥 주류 음료,도담동 골목형상점가,골목형상점가,세종특별자치시,3.0,2.0,,,P2_GRADED_ONLY,True,,,,,
e9484b3e479fba1d8500,test,칼국수,T4 구어·문장,q_칼국수_08,면요리 먹을 데,음식점 중 '칼국수'를 판매·제공하는 매장,282b0e8b-051c-49f9-a707-b982df803589,까라벨라 데 오르,스파게티,동명동 카페거리 골목형상점가,골목형상점가,광주광역시,0.0,0.0,,,RESOLVED_AGREEMENT,False,0,,,,
a0d401e9829393c9a7ca,test,칼국수,T4 구어·문장,q_칼국수_08,면요리 먹을 데,음식점 중 '칼국수'를 판매·제공하는 매장,62f8146c-aa85-4d94-9947-0f19fd052da5,데즐링,,쌍촌명지상인회 골목형상점가,골목형상점가,,,0.0,Y,,P0_UNCERTAIN_OR_MISSING,True,,,,,
4f30bbd7e056646ba4f0,test,칼국수,T4 구어·문장,q_칼국수_08,면요리 먹을 데,음식점 중 '칼국수'를 판매·제공하는 매장,ea978e87-2e72-4f37-a3d1-fc3ec44cc23a,충무칼국수,한식 면 요리 전문점,통영중앙전통시장,전통시장,경상남도,3.0,3.0,,,RESOLVED_AGREEMENT,False,3,,,,
81800c243c1f040bfe00,test,칼국수,T4 구어·문장,q_칼국수_08,면요리 먹을 데,음식점 중 '칼국수'를 판매·제공하는 매장,7be83d91-0913-485f-b492-cb22db870f77,산돌중화요리,중화요리,꽃밭정이 골목형상점가,골목형상점가,전북특별자치도,0.0,0.0,,,RESOLVED_AGREEMENT,False,0,,,,
2f01c50a1f5b7c63fd7d,test,칼국수,T4 구어·문장,q_칼국수_08,면요리 먹을 데,음식점 중 '칼국수'를 판매·제공하는 매장,1a03adef-4cb8-42ae-89ab-487ca61d5a35,꿈바우버섯집,버섯요리,하양꿈바우시장,전통시장,경상북도,0.0,0.0,,,RESOLVED_AGREEMENT,False,0,,,,
67180423590bd1358043,test,칼국수,T4 구어·문장,q_칼국수_08,면요리 먹을 데,음식점 중 '칼국수'를 판매·제공하는 매장,465db8aa-dcb7-42ef-81c7-c45577529e34,현풍닭칼국수 경산오거리점,한식 면요리,경산중앙로상점가,자율상권구역,경상북도,3.0,3.0,,,RESOLVED_AGREEMENT,False,3,,,,
62a641e4dd7dff90f8c7,test,칼국수,T4 구어·문장,q_칼국수_08,면요리 먹을 데,음식점 중 '칼국수'를 판매·제공하는 매장,c770037b-f805-49d6-bba9-6f6e0e53fa2a,피자스쿨(원주우산점),피자,우산청년골목형상점가,골목형상점가,강원특별자치도,0.0,0.0,,,RESOLVED_AGREEMENT,False,0,,,,
18c9f04d60e6e6a7bb68,test,칼국수,T4 구어·문장,q_칼국수_08,면요리 먹을 데,음식점 중 '칼국수'를 판매·제공하는 매장,0de1bc3f-ef27-4c0c-aaf7-a28d659beba0,일품,요리,성내전통시장,전통시장,서울특별시,0.0,0.0,,,RESOLVED_AGREEMENT,False,0,,,,
65ccee3f3a1b836fbdac,test,칼국수,T4 구어·문장,q_칼국수_08,면요리 먹을 데,음식점 중 '칼국수'를 판매·제공하는 매장,84c47ed9-30dd-4775-8723-85088bc0413d,남강중화요리,중화요리,오수시장,전통시장,전북특별자치도,0.0,0.0,,,RESOLVED_AGREEMENT,False,0,,,,
32d62853e5c30e5759ea,test,칼국수,T4 구어·문장,q_칼국수_08,면요리 먹을 데,음식점 중 '칼국수'를 판매·제공하는 매장,00d50d90-8afb-448e-b0fa-401fedd78dcb,공산성국수,국수,공산성골목형상점가,골목형상점가,충청남도,3.0,3.0,,,RESOLVED_AGREEMENT,False,3,,,,
6d69fd9e1db0644c5b6e,test,칼국수,T4 구어·문장,q_칼국수_08,면요리 먹을 데,음식점 중 '칼국수'를 판매·제공하는 매장,50076371-efa0-482e-ba76-1f6b2194e659,탄탄면공방 등촌역점,면요리,공항대로골목형상점가,골목형상점가,서울특별시,3.0,0.0,,,P1_BINARY_THRESHOLD,True,,,,,
86347e8fe3d084804b66,test,칼국수,T4 구어·문장,q_칼국수_08,면요리 먹을 데,음식점 중 '칼국수'를 판매·제공하는 매장,00cef312-cb5c-4dea-ad69-88c556146024,주산팥죽,"팥죽, 칼국수",부안상설시장,전통시장,전북특별자치도,3.0,3.0,,,RESOLVED_AGREEMENT,False,3,,,,
b6525f99c37ae726e42f,test,칼국수,T4 구어·문장,q_칼국수_08,면요리 먹을 데,음식점 중 '칼국수'를 판매·제공하는 매장,74bb1fa2-c696-4b7f-a94c-e60b51332024,화 중화요리,중화요리,화도창현상점가,골목형상점가,경기도,0.0,0.0,,,RESOLVED_AGREEMENT,False,0,,,,
448e5875c0d738eedc7e,test,칼국수,T4 구어·문장,q_칼국수_08,면요리 먹을 데,음식점 중 '칼국수'를 판매·제공하는 매장,93e2c3eb-e515-47ad-8f12-77720144528e,염주골,요리,염주먹자골목B구역상인회 골목형상점가,골목형상점가,광주광역시,0.0,0.0,,,RESOLVED_AGREEMENT,False,0,,,,
d7a4020d485a3e80d57c,test,칼국수,T4 구어·문장,q_칼국수_08,면요리 먹을 데,음식점 중 '칼국수'를 판매·제공하는 매장,9f376ed2-d382-4ba5-9917-691220621a3b,예당타르트,타르트,예산상설시장,전통시장,충청남도,0.0,0.0,,,RESOLVED_AGREEMENT,False,0,,,,
a8838488aceaa95aa1d4,test,칼국수,T4 구어·문장,q_칼국수_08,면요리 먹을 데,음식점 중 '칼국수'를 판매·제공하는 매장,00057366-f4a3-4b3b-a763-5545eb9cda8a,구봉국수,잔치국수,여수서시장주변시장,전통시장,전라남도,3.0,3.0,,,RESOLVED_AGREEMENT,False,3,,,,
c5fcd6613ca530043c55,test,칼국수,T4 구어·문장,q_칼국수_08,면요리 먹을 데,음식점 중 '칼국수'를 판매·제공하는 매장,90376d82-87fd-4a8d-99b7-9c03ee2815b1,먹을래싸갈래,,사직거인 골목형상점가,골목형상점가,부산광역시,,0.0,Y,,P0_UNCERTAIN_OR_MISSING,True,,,,,
279d2b19d5f0990c56d0,test,칼국수,T4 구어·문장,q_칼국수_08,면요리 먹을 데,음식점 중 '칼국수'를 판매·제공하는 매장,3f21ef87-725f-4fa7-87a4-cd5ac3aad800,청와삼대,면 요리,문화1동 골목형상점가,골목형상점가,대전광역시,3.0,0.0,,,P1_BINARY_THRESHOLD,True,,,,,
e2be13331aa0202067be,test,칼국수,T4 구어·문장,q_칼국수_08,면요리 먹을 데,음식점 중 '칼국수'를 판매·제공하는 매장,01204ba5-bc3e-4a17-83cd-1dd9bee98d5e,규수방,국수,대전정원시장,전통시장,대전광역시,3.0,3.0,,,RESOLVED_AGREEMENT,False,3,,,,
2d3d109830646a8d76cc,test,칼국수,T4 구어·문장,q_칼국수_08,면요리 먹을 데,음식점 중 '칼국수'를 판매·제공하는 매장,efa7a863-51b2-4de7-be9d-ea4c2e8b8129,중화요리 초마초마,중화요리,효자동4동 후곡길 골목형상점가,골목형상점가,전북특별자치도,0.0,0.0,,,RESOLVED_AGREEMENT,False,0,,,,
3cb5ab3dbbaa9fa68fa2,test,칼국수,T4 구어·문장,q_칼국수_08,면요리 먹을 데,음식점 중 '칼국수'를 판매·제공하는 매장,ceaffbbf-995f-4cdf-957b-4ac77b2470c4,송산칼국수,한식면요리,사강시장,전통시장,경기도,3.0,3.0,,,RESOLVED_AGREEMENT,False,3,,,,
99041e728d5b25ae177d,test,칼국수,T4 구어·문장,q_칼국수_08,면요리 먹을 데,음식점 중 '칼국수'를 판매·제공하는 매장,0182c177-fcc7-47b0-8e12-99eb221aff79,시장초장식당,"칼국수, 열무비빔밥, 국, 반찬",경주중앙시장,전통시장,경상북도,3.0,3.0,,,RESOLVED_AGREEMENT,False,3,,,,
82604b427595dcba6e0d,test,칼국수,T4 구어·문장,q_칼국수_08,면요리 먹을 데,음식점 중 '칼국수'를 판매·제공하는 매장,4febd5e3-6468-4a2d-86f1-ac806b41a8cb,시장식당,한식,양구중앙시장,전통시장,강원특별자치도,1.0,1.0,,,RESOLVED_AGREEMENT,False,1,,,,
aa277cdece6d726d8d5e,test,칼국수,T4 구어·문장,q_칼국수_08,면요리 먹을 데,음식점 중 '칼국수'를 판매·제공하는 매장,65d6e3b4-d0c0-4ef6-9ad5-8bf553906bc4,황궁중화요리,,하남 골목형상점가,골목형상점가,,0.0,0.0,,,RESOLVED_AGREEMENT,False,0,,,,
141f32459d676261504a,test,칼국수,T4 구어·문장,q_칼국수_08,면요리 먹을 데,음식점 중 '칼국수'를 판매·제공하는 매장,1d8d579f-fef4-4b58-846e-6a7924e3230a,소재,한식코스요리,중흥자재거리 골목형상점가,골목형상점가,광주광역시,1.0,1.0,,,RESOLVED_AGREEMENT,False,1,,,,
b14c08e629e1de5a52c8,test,칼국수,T4 구어·문장,q_칼국수_08,면요리 먹을 데,음식점 중 '칼국수'를 판매·제공하는 매장,f0b7a128-54c5-4412-9bc8-621abd6f7c7c,면식당 계명대점,면요리,성서계대로데오거리 골목형상점가,골목형상점가,대구광역시,3.0,1.0,,,P1_BINARY_THRESHOLD,True,,,,,
0ef0d2130d482882f9a6,test,칼국수,T4 구어·문장,q_칼국수_08,면요리 먹을 데,음식점 중 '칼국수'를 판매·제공하는 매장,9d82c785-7bb3-4879-a551-871ccb010193,오쉐프요리,일반음식,문화의거리 상점가,자율상권구역,울산광역시,0.0,0.0,,,RESOLVED_AGREEMENT,False,0,,,,
88fd8e03b6d9bca31750,test,칼국수,T4 구어·문장,q_칼국수_08,면요리 먹을 데,음식점 중 '칼국수'를 판매·제공하는 매장,4006da5c-bdca-4cac-a2e6-62e108658508,이가동북요리,중식,익산그린상점가,자율상권구역,전북특별자치도,1.0,0.0,,,P2_GRADED_ONLY,True,,,,,
b643ed45506ed8f0c043,test,칼국수,T4 구어·문장,q_칼국수_08,면요리 먹을 데,음식점 중 '칼국수'를 판매·제공하는 매장,37f4da31-01d0-4a5e-beb6-00bbe79abc0d,히데,의류,춘천지하상가,일반지하상점가,강원특별자치도,0.0,0.0,,,RESOLVED_AGREEMENT,False,0,,,,
6843469441015f0b3e21,test,칼국수,T4 구어·문장,q_칼국수_08,면요리 먹을 데,음식점 중 '칼국수'를 판매·제공하는 매장,ca20e919-c230-4065-afc1-e4b2b1ff9ffc,황금맷돌,두부요리,서문대로 골목형상점가,골목형상점가,광주광역시,0.0,0.0,,,RESOLVED_AGREEMENT,False,0,,,,
df88931296e5486e7188,test,칼국수,T4 구어·문장,q_칼국수_08,면요리 먹을 데,음식점 중 '칼국수'를 판매·제공하는 매장,0b26ec14-485f-4826-8e69-f2e2fd0ef91e,원조어탕,어탕수제비.칼국수,구미 금리단길 골목형상점가,골목형상점가,경상북도,3.0,3.0,,,RESOLVED_AGREEMENT,False,3,,,,
738c81e4e611d653503a,test,칼국수,T4 구어·문장,q_칼국수_08,면요리 먹을 데,음식점 중 '칼국수'를 판매·제공하는 매장,4b72e8f8-17b1-4bea-ba72-fb03413724d8,우리동네 생선가게,수산물,삼례상점가,자율상권구역,전북특별자치도,0.0,0.0,,,RESOLVED_AGREEMENT,False,0,,,,
9e5ee0bb40f855b3b3c9,test,칼국수,T4 구어·문장,q_칼국수_08,면요리 먹을 데,음식점 중 '칼국수'를 판매·제공하는 매장,dc63224f-52dc-4f44-b291-1b54f2e8df7c,밀과보리칼국수,면요리,홍도동 상점가,자율상권구역,대전광역시,3.0,3.0,,,RESOLVED_AGREEMENT,False,3,,,,
d13c542397ef887f5b18,test,칼국수,T4 구어·문장,q_칼국수_08,면요리 먹을 데,음식점 중 '칼국수'를 판매·제공하는 매장,0df3eced-9f53-4b4c-9218-80455bc5ca93,국수나무(수완점),분식 돈가스 면요리,홀릭스,골목형상점가,광주광역시,3.0,3.0,,,RESOLVED_AGREEMENT,False,3,,,,
200233e538b0f14bdcf5,test,칼국수,T4 구어·문장,q_칼국수_08,면요리 먹을 데,음식점 중 '칼국수'를 판매·제공하는 매장,0d36cfdd-f8a4-41f1-a864-8a98a8a82fff,우리분식,수제비,포항죽도시장,전통시장,경상북도,3.0,3.0,,,RESOLVED_AGREEMENT,False,3,,,,
8f0d3c45a951c1ddaf65,test,칼국수,T4 구어·문장,q_칼국수_08,면요리 먹을 데,음식점 중 '칼국수'를 판매·제공하는 매장,082318d1-b53c-40e8-9a48-18eb2a490e1a,국수나무,면요리,군산수송 골목형상점가,골목형상점가,전북특별자치도,3.0,3.0,,,RESOLVED_AGREEMENT,False,3,,,,
404f3124628e09ff7115,test,칼국수,T4 구어·문장,q_칼국수_08,면요리 먹을 데,음식점 중 '칼국수'를 판매·제공하는 매장,00b090ad-30c0-4573-a43a-123f5116851b,호호정 멸치국수,,그랜드프라자&상용b상가 상점가,골목형상점가,경기도,3.0,3.0,,,RESOLVED_AGREEMENT,False,3,,,,
22b61b34ea96e7884af4,test,칼국수,T4 구어·문장,q_칼국수_08,면요리 먹을 데,음식점 중 '칼국수'를 판매·제공하는 매장,d18c17e3-9f8f-4dce-bfae-024689a1bdf4,옥이네분식,면요리,중동사랑시장,전통시장,경기도,3.0,1.0,,,P1_BINARY_THRESHOLD,True,,,,,
2700c98d17d7602b5467,test,칼국수,T4 구어·문장,q_칼국수_08,면요리 먹을 데,음식점 중 '칼국수'를 판매·제공하는 매장,01e8f807-6020-486c-bd59-38a7035bc453,구례밀밭,국수,화엄상가(골목형상점가),골목형상점가,전라남도,3.0,3.0,,,RESOLVED_AGREEMENT,False,3,,,,
b25d3cb061746e8ae81d,test,칼국수,T4 구어·문장,q_칼국수_08,면요리 먹을 데,음식점 중 '칼국수'를 판매·제공하는 매장,96929dc7-3532-4592-a918-529a77ceac89,고뚱보우육면,면요리,쌍용1번가 골목형상점가,골목형상점가,충청남도,3.0,0.0,,,P1_BINARY_THRESHOLD,True,,,,,
93f1ba363024a9b35169,test,칼국수,T4 구어·문장,q_칼국수_08,면요리 먹을 데,음식점 중 '칼국수'를 판매·제공하는 매장,7fde034b-96e4-455a-83e2-7b5692b96a17,먹을터,한식,화성행궁골목형상점가,골목형상점가,경기도,1.0,1.0,,,RESOLVED_AGREEMENT,False,1,,,,
c3aa584b322b5862d914,test,칼국수,T4 구어·문장,q_칼국수_08,면요리 먹을 데,음식점 중 '칼국수'를 판매·제공하는 매장,aba76fc2-984e-4030-ba01-e2e7d78264c7,데 아로즈 대전둔산본점,,갈리단길 골목형상점가,골목형상점가,대전광역시,,0.0,Y,,P0_UNCERTAIN_OR_MISSING,True,,,,,
9af817a4d1dc96a185a3,test,칼국수,T4 구어·문장,q_칼국수_08,면요리 먹을 데,음식점 중 '칼국수'를 판매·제공하는 매장,ebc32746-24b5-4453-871f-8ff4bcbd3e8a,왕십리곱창,한식,사가정51길 골목형상점가,골목형상점가,서울특별시,1.0,1.0,,,RESOLVED_AGREEMENT,False,1,,,,
357ca2ed5ea261c2cbf7,test,칼국수,T4 구어·문장,q_칼국수_08,면요리 먹을 데,음식점 중 '칼국수'를 판매·제공하는 매장,540c3f3d-5db4-493d-bbfe-78754e50f761,윤가밀냉면,한식 면요리,서대신동골목시장,전통시장,부산광역시,3.0,1.0,,,P1_BINARY_THRESHOLD,True,,,,,
edfeb27b13af72126b98,test,칼국수,T4 구어·문장,q_칼국수_08,면요리 먹을 데,음식점 중 '칼국수'를 판매·제공하는 매장,ed6dede5-baee-433a-aedd-0a100ca15766,면박사,한식 면 요리 전문점,용문 골목형상점가,골목형상점가,제주특별자치도,3.0,1.0,,,P1_BINARY_THRESHOLD,True,,,,,
78495aeba15d3c19cb76,test,칼국수,T4 구어·문장,q_칼국수_08,면요리 먹을 데,음식점 중 '칼국수'를 판매·제공하는 매장,e84f10ea-1a03-4e21-b777-e72ceb2834e5,뭐먹을래,음식점,의왕예술의거리골목형상점가,골목형상점가,경기도,1.0,1.0,,,RESOLVED_AGREEMENT,False,1,,,,
770e86f54bc0d09b7baf,test,칼국수,T4 구어·문장,q_칼국수_08,면요리 먹을 데,음식점 중 '칼국수'를 판매·제공하는 매장,b804cf3f-f859-49e9-ac04-446dea87c7ef,먹을래싸갈래,분식,국민시장,전통시장,부산광역시,1.0,1.0,,,RESOLVED_AGREEMENT,False,1,,,,
4c6ae7d6ce8f09da5542,test,칼국수,T4 구어·문장,q_칼국수_08,면요리 먹을 데,음식점 중 '칼국수'를 판매·제공하는 매장,c2cc2bc0-4145-46ee-8d0b-d896b3678f65,면앤밥,,풍세로세광 골목형상점가,골목형상점가,충청남도,,0.0,Y,,P0_UNCERTAIN_OR_MISSING,True,,,,,
8642c58fe51c0402a248,test,칼국수,T4 구어·문장,q_칼국수_08,면요리 먹을 데,음식점 중 '칼국수'를 판매·제공하는 매장,1b48a4ae-094d-42ca-a00a-79dad4238a1c,최고당돈가스,돈가스 및 한식 면요리,마북 골목형상점가,골목형상점가,경기도,3.0,1.0,,,P1_BINARY_THRESHOLD,True,,,,,
2bd9347ef5208e98d83e,test,칼국수,T4 구어·문장,q_칼국수_08,면요리 먹을 데,음식점 중 '칼국수'를 판매·제공하는 매장,07e6317e-8529-4a99-b6ff-6463affed556,만다리,면요리,두암2동광신맨션주변 골목형상점가,골목형상점가,광주광역시,3.0,0.0,,,P1_BINARY_THRESHOLD,True,,,,,
dfb687f613a6fd806a95,test,칼국수,T4 구어·문장,q_칼국수_08,면요리 먹을 데,음식점 중 '칼국수'를 판매·제공하는 매장,8275d55c-c689-430d-bf80-fc62660a6a7c,병천토속순대,국밥,신석로골목형상점가,골목형상점가,인천광역시,0.0,0.0,,,RESOLVED_AGREEMENT,False,0,,,,
5ef60a576512c6f5985b,test,칼국수,T4 구어·문장,q_칼국수_08,면요리 먹을 데,음식점 중 '칼국수'를 판매·제공하는 매장,01a468d2-cf3e-4db1-826a-771917b2e910,제주일월국수,국수,관평동 골목형상점가,골목형상점가,대전광역시,3.0,3.0,,,RESOLVED_AGREEMENT,False,3,,,,
8d290761f7dbb8ee8b06,test,칼국수,T4 구어·문장,q_칼국수_08,면요리 먹을 데,음식점 중 '칼국수'를 판매·제공하는 매장,aa405760-bfe9-433c-8bbc-1be195bb6ced,삼무흑돼지,막창요리,누웨마루거리상점가,자율상권구역,제주특별자치도,0.0,0.0,,,RESOLVED_AGREEMENT,False,0,,,,
423db1d9062689210825,test,칼국수,T4 구어·문장,q_칼국수_08,면요리 먹을 데,음식점 중 '칼국수'를 판매·제공하는 매장,3086efe6-0293-476f-a32f-35d8522477d2,산수옥모밀,면요리,동림2 골목형상점가,골목형상점가,광주광역시,3.0,0.0,,,P1_BINARY_THRESHOLD,True,,,,,
25ce81b3a06938b70e1d,test,칼국수,T4 구어·문장,q_칼국수_08,면요리 먹을 데,음식점 중 '칼국수'를 판매·제공하는 매장,2e1ccab1-1759-4b92-bea1-7ec4dd9edfa7,한중요리,한식,도군머리 골목형상점가,골목형상점가,광주광역시,1.0,1.0,,,RESOLVED_AGREEMENT,False,1,,,,
a9554a63a0a414c55037,test,칼국수,T4 구어·문장,q_칼국수_08,면요리 먹을 데,음식점 중 '칼국수'를 판매·제공하는 매장,f14df4d3-9858-4a8b-8597-20fd477d8e32,갤러리 데 루치아,가구,용인어정가구단지상점가,자율상권구역,경기도,0.0,0.0,,,RESOLVED_AGREEMENT,False,0,,,,
4d9a6d0985ea68009aa3,test,칼국수,T4 구어·문장,q_칼국수_08,면요리 먹을 데,음식점 중 '칼국수'를 판매·제공하는 매장,2056c69e-64b4-4b28-8ce2-800cbcec3e25,먹을꼬얌,음식,산본로데오거리(구 산본중심상가),자율상권구역,경기도,0.0,0.0,,,RESOLVED_AGREEMENT,False,0,,,,
1bd54378c30291fa6544,test,칼국수,T4 구어·문장,q_칼국수_08,면요리 먹을 데,음식점 중 '칼국수'를 판매·제공하는 매장,dde74325-8f92-4321-9ce6-52d069e55acb,어니스트식스티,면요리,나주혁신도시 골목형상점가,골목형상점가,전라남도,3.0,0.0,,,P1_BINARY_THRESHOLD,True,,,,,
7d861b9874d6bee58fbe,test,칼국수,T4 구어·문장,q_칼국수_08,면요리 먹을 데,음식점 중 '칼국수'를 판매·제공하는 매장,0000a9c5-57f2-4719-9ec3-e5d864c7f008,새여울잔치국수,국수,용정 골목형상점가,골목형상점가,대전광역시,3.0,3.0,,,RESOLVED_AGREEMENT,False,3,,,,
4399f538e23db2c4023c,test,칼국수,T4 구어·문장,q_칼국수_08,면요리 먹을 데,음식점 중 '칼국수'를 판매·제공하는 매장,a3666bb6-07d6-49b3-b68a-bc8855582f8a,국수나무,면요리,동백 이음길 골목형상점가,골목형상점가,경기도,3.0,3.0,,,RESOLVED_AGREEMENT,False,3,,,,
565bd25b392ae519533f,test,칼국수,T4 구어·문장,q_칼국수_08,면요리 먹을 데,음식점 중 '칼국수'를 판매·제공하는 매장,8f69b854-2bb1-4c60-9270-208d55b08d3f,예쁜데,,골든타임 골목형상점가,골목형상점가,경기도,,0.0,Y,,P0_UNCERTAIN_OR_MISSING,True,,,,,
4bf78cb22d1b0d99e1ed,test,칼국수,T4 구어·문장,q_칼국수_08,면요리 먹을 데,음식점 중 '칼국수'를 판매·제공하는 매장,2995d096-5a82-4ae1-be31-a489cb2ab4cc,라쎄종,요리,더센트럴 골목형상점가,골목형상점가,세종특별자치시,0.0,0.0,,,RESOLVED_AGREEMENT,False,0,,,,
a7d090ebddc6d5666f52,test,칼국수,T4 구어·문장,q_칼국수_08,면요리 먹을 데,음식점 중 '칼국수'를 판매·제공하는 매장,8128c412-4fc3-44a5-b1de-2005725d6ab8,장터중화요리,,남창옹기종기시장,전통시장,울산광역시,0.0,0.0,,,RESOLVED_AGREEMENT,False,0,,,,
5f7bb79d5dff406e0968,test,칼국수,T4 구어·문장,q_칼국수_08,면요리 먹을 데,음식점 중 '칼국수'를 판매·제공하는 매장,a31b0428-3491-4a68-a74d-63599238ce6c,중화식탁,중화면요리,신토평먹자거리 골목형상점가,골목형상점가,경기도,3.0,0.0,,,P1_BINARY_THRESHOLD,True,,,,,
e70aad59341ffaf1f53c,test,칼국수,T4 구어·문장,q_칼국수_08,면요리 먹을 데,음식점 중 '칼국수'를 판매·제공하는 매장,00baf772-7ca3-475a-a614-a5dc35286be7,시골막국수와 옹심이 충북혁신도시점,막국수,맹동혁신골목형상점가,골목형상점가,충청북도,3.0,3.0,,,RESOLVED_AGREEMENT,False,3,,,,
e947d38508fa5968eb5f,test,칼국수,T4 구어·문장,q_칼국수_08,면요리 먹을 데,음식점 중 '칼국수'를 판매·제공하는 매장,06c08c2a-1549-4a5b-ab2e-b385ac252f13,방이손칼국수,간이음식 칼국수 수제비,방이시장,전통시장,서울특별시,3.0,3.0,,,RESOLVED_AGREEMENT,False,3,,,,
b0badc3a297dcab088ba,test,칼국수,T4 구어·문장,q_칼국수_08,면요리 먹을 데,음식점 중 '칼국수'를 판매·제공하는 매장,0cdea40b-df17-41f5-aad7-8d3cfefc0f89,수제비집,수제비,주막거리상점가,자율상권구역,경기도,3.0,3.0,,,RESOLVED_AGREEMENT,False,3,,,,
cd1c1da353882c42a405,test,칼국수,T4 구어·문장,q_칼국수_08,면요리 먹을 데,음식점 중 '칼국수'를 판매·제공하는 매장,8adecf0d-4704-4e39-bdf9-464893460319,카페 비요리,커피,대흥동 특화거리 상점가,자율상권구역,대전광역시,0.0,0.0,,,RESOLVED_AGREEMENT,False,0,,,,
19d8ff2d1aa40ff6a3c3,test,칼국수,T4 구어·문장,q_칼국수_08,면요리 먹을 데,음식점 중 '칼국수'를 판매·제공하는 매장,013fc799-6c55-4fa3-b332-1251f068c422,행복식당,수제비,포항죽도시장,전통시장,경상북도,3.0,3.0,,,RESOLVED_AGREEMENT,False,3,,,,
dfccd8ce7cf2bbdb837d,test,칼국수,T4 구어·문장,q_칼국수_08,면요리 먹을 데,음식점 중 '칼국수'를 판매·제공하는 매장,2dca3187-cb9a-4a1f-a639-7092a0e9fcfb,남도복국,복요리,동화동골목형상가,골목형상점가,서울특별시,0.0,0.0,,,RESOLVED_AGREEMENT,False,0,,,,
c23e95ac85899ab3ab56,test,칼국수,T4 구어·문장,q_칼국수_08,면요리 먹을 데,음식점 중 '칼국수'를 판매·제공하는 매장,48cd5218-a78a-4901-9a0d-feff167b3788,박순옥비빔국수,"한식, 면 요리",갓바위골목형상점가,골목형상점가,강원특별자치도,3.0,3.0,,,RESOLVED_AGREEMENT,False,3,,,,
397fd9299309259e0952,test,칼국수,T4 구어·문장,q_칼국수_08,면요리 먹을 데,음식점 중 '칼국수'를 판매·제공하는 매장,ac106d8a-ddb2-4c56-9e3f-d0e096371a59,루이중화요리,,검단신도시 아라 맛집 골목형상점가,골목형상점가,인천광역시,0.0,0.0,,,RESOLVED_AGREEMENT,False,0,,,,
90969b2607612c48c614,test,칼국수,T6 기계변형,q_칼국수_09,칼국구,음식점 중 '칼국수'를 판매·제공하는 매장,24e20700-5985-48cb-9d5e-b498ce8f15d4,목포칼국수,칼국수,청량리농수산물시장,전통시장,서울특별시,3.0,3.0,,,RESOLVED_AGREEMENT,False,3,,,,
4d1c227165e0f6648cc2,test,칼국수,T6 기계변형,q_칼국수_09,칼국구,음식점 중 '칼국수'를 판매·제공하는 매장,1395d0a1-1271-4dc7-b667-3e514a02479d,송가,칼국수,혁신도시2구역골목형상점가,골목형상점가,강원특별자치도,3.0,3.0,,,RESOLVED_AGREEMENT,False,3,,,,
6775183771fc89612d89,test,칼국수,T6 기계변형,q_칼국수_09,칼국구,음식점 중 '칼국수'를 판매·제공하는 매장,0b26ec14-485f-4826-8e69-f2e2fd0ef91e,원조어탕,어탕수제비.칼국수,구미 금리단길 골목형상점가,골목형상점가,경상북도,3.0,3.0,,,RESOLVED_AGREEMENT,False,3,,,,
54d3d081f45f4e675028,test,칼국수,T6 기계변형,q_칼국수_09,칼국구,음식점 중 '칼국수'를 판매·제공하는 매장,8282218c-90a5-439a-9d84-66177535d1ac,장기칼국수,칼국수,오천시장,전통시장,경상북도,3.0,3.0,,,RESOLVED_AGREEMENT,False,3,,,,
8c4ee473495f92769ce8,test,칼국수,T6 기계변형,q_칼국수_09,칼국구,음식점 중 '칼국수'를 판매·제공하는 매장,1eae0844-4247-476a-988d-c65b4a03665a,동큐칼국수,칼국수,도마큰시장,전통시장,대전광역시,3.0,3.0,,,RESOLVED_AGREEMENT,False,3,,,,
40f1cb5420cca72ebd79,test,칼국수,T6 기계변형,q_칼국수_09,칼국구,음식점 중 '칼국수'를 판매·제공하는 매장,51668cd0-bc11-44bb-b3d3-6b899de88e38,이모네 칼국수,칼국수,문창시장,전통시장,대전광역시,3.0,3.0,,,RESOLVED_AGREEMENT,False,3,,,,
b8b599992835ab3a816a,test,칼국수,T6 기계변형,q_칼국수_09,칼국구,음식점 중 '칼국수'를 판매·제공하는 매장,0442dc06-1ec8-418a-9ec8-b712384f729d,물오름 바지락 칼국수,칼국수,동천동벚꽃길상인회 골목형상점가,골목형상점가,광주광역시,3.0,3.0,,,RESOLVED_AGREEMENT,False,3,,,,
81b50c61ab6bbd13eaae,test,칼국수,T6 기계변형,q_칼국수_09,칼국구,음식점 중 '칼국수'를 판매·제공하는 매장,ded5c28c-5443-41e6-8330-22c629693d13,진칼국수,칼국수,도마큰시장,전통시장,대전광역시,3.0,3.0,,,RESOLVED_AGREEMENT,False,3,,,,
8e6586068774d9eeec01,test,칼국수,T6 기계변형,q_칼국수_09,칼국구,음식점 중 '칼국수'를 판매·제공하는 매장,16bf3560-8e70-40a0-a07c-2a2fe1459269,형제 홍두깨 손 칼국수,칼국수,서원동상점가,자율상권구역,서울특별시,3.0,3.0,,,RESOLVED_AGREEMENT,False,3,,,,
28c6d20d16e504f1f1e1,test,칼국수,T6 기계변형,q_칼국수_09,칼국구,음식점 중 '칼국수'를 판매·제공하는 매장,1eded5ab-b141-4822-88a7-4813aed7942d,장수칼국수,칼국수,송정역카페거리골목형상점가,골목형상점가,서울특별시,3.0,3.0,,,RESOLVED_AGREEMENT,False,3,,,,
6ccdbc46e14c32e6b710,test,칼국수,T6 기계변형,q_칼국수_09,칼국구,음식점 중 '칼국수'를 판매·제공하는 매장,cfc4d139-028c-43b9-a2e8-79b5b6bcaa9d,부여칼국수,칼국수,부여중앙시장,전통시장,충청남도,3.0,3.0,,,RESOLVED_AGREEMENT,False,3,,,,
65b753d84392fee6ea0e,test,칼국수,T6 기계변형,q_칼국수_09,칼국구,음식점 중 '칼국수'를 판매·제공하는 매장,94095616-66d0-45f0-aad2-c6990e8fa832,조선절면:칼국수,칼국수,노은상가연합 골목형상점가,골목형상점가,대전광역시,3.0,3.0,,,RESOLVED_AGREEMENT,False,3,,,,
987e59191ffa025710df,test,칼국수,T6 기계변형,q_칼국수_09,칼국구,음식점 중 '칼국수'를 판매·제공하는 매장,013fc799-6c55-4fa3-b332-1251f068c422,행복식당,수제비,포항죽도시장,전통시장,경상북도,3.0,3.0,,,RESOLVED_AGREEMENT,False,3,,,,
bb95cfa13583216aa2f6,test,칼국수,T6 기계변형,q_칼국수_09,칼국구,음식점 중 '칼국수'를 판매·제공하는 매장,06c08c2a-1549-4a5b-ab2e-b385ac252f13,방이손칼국수,간이음식 칼국수 수제비,방이시장,전통시장,서울특별시,3.0,3.0,,,RESOLVED_AGREEMENT,False,3,,,,
02ff51740ddd38775fca,test,칼국수,T6 기계변형,q_칼국수_09,칼국구,음식점 중 '칼국수'를 판매·제공하는 매장,2f99d1e9-3376-46a4-bcc5-baa8fc42cc42,남향분식,칼국수,호계공설시장,전통시장,울산광역시,3.0,3.0,,,RESOLVED_AGREEMENT,False,3,,,,
7c37651aba5b501a29b3,test,칼국수,T6 기계변형,q_칼국수_09,칼국구,음식점 중 '칼국수'를 판매·제공하는 매장,7212d922-60a4-45d2-b754-b5da1572f253,전국구푸드,한식,창원 상남시장,전통시장,경상남도,1.0,1.0,,,RESOLVED_AGREEMENT,False,1,,,,
5ac6d0a76d4fcef4e0a3,test,칼국수,T6 기계변형,q_칼국수_09,칼국구,음식점 중 '칼국수'를 판매·제공하는 매장,00baf772-7ca3-475a-a614-a5dc35286be7,시골막국수와 옹심이 충북혁신도시점,막국수,맹동혁신골목형상점가,골목형상점가,충청북도,3.0,3.0,,,RESOLVED_AGREEMENT,False,3,,,,
ce5c7851989b6b155ead,test,칼국수,T6 기계변형,q_칼국수_09,칼국구,음식점 중 '칼국수'를 판매·제공하는 매장,0afd7055-8c73-4104-8790-70550bdb04a3,홍두깨 칼국수,칼국수,원종고강제일시장(부천제일시장),전통시장,경기도,3.0,3.0,,,RESOLVED_AGREEMENT,False,3,,,,
5850bec313620eca09ec,test,칼국수,T6 기계변형,q_칼국수_09,칼국구,음식점 중 '칼국수'를 판매·제공하는 매장,d476a12e-8d15-4a22-963c-da683a83a23a,두류칼국수,칼국수,두류신시장,전통시장,대구광역시,3.0,3.0,,,RESOLVED_AGREEMENT,False,3,,,,
4c3c93be7fb9039ee7fb,test,칼국수,T6 기계변형,q_칼국수_09,칼국구,음식점 중 '칼국수'를 판매·제공하는 매장,f736f363-2b5d-4ac0-838d-6097b35756cd,중앙고무상회,신발,양평물맑은시장,전통시장,경기도,0.0,0.0,,,RESOLVED_AGREEMENT,False,0,,,,
f9178510da8b5dbd6a62,test,칼국수,T6 기계변형,q_칼국수_09,칼국구,음식점 중 '칼국수'를 판매·제공하는 매장,5551a7ae-e6b9-4ee5-8ea8-36bfdfd610e5,경주칼국수,칼국수,신정상가시장,전통시장,울산광역시,3.0,3.0,,,RESOLVED_AGREEMENT,False,3,,,,
3578bfc935c288fc57ad,test,칼국수,T6 기계변형,q_칼국수_09,칼국구,음식점 중 '칼국수'를 판매·제공하는 매장,5baa24e7-8d1f-47c0-be33-9d8579a52372,칼국수방,칼국수,현대유통쇼핑센터,전통시장,경상북도,3.0,3.0,,,RESOLVED_AGREEMENT,False,3,,,,
b3670ec426591f776401,test,칼국수,T6 기계변형,q_칼국수_09,칼국구,음식점 중 '칼국수'를 판매·제공하는 매장,0d36cfdd-f8a4-41f1-a864-8a98a8a82fff,우리분식,수제비,포항죽도시장,전통시장,경상북도,3.0,3.0,,,RESOLVED_AGREEMENT,False,3,,,,
2cd9d9768780337b2732,test,칼국수,T6 기계변형,q_칼국수_09,칼국구,음식점 중 '칼국수'를 판매·제공하는 매장,7176d35a-8154-46de-9b95-7133b97b1020,안골 칼국수,칼국수,어은누리 골목형상점가,골목형상점가,대전광역시,3.0,3.0,,,RESOLVED_AGREEMENT,False,3,,,,
9d54544f8a1152ce8922,test,칼국수,T6 기계변형,q_칼국수_09,칼국구,음식점 중 '칼국수'를 판매·제공하는 매장,0cdea40b-df17-41f5-aad7-8d3cfefc0f89,수제비집,수제비,주막거리상점가,자율상권구역,경기도,3.0,3.0,,,RESOLVED_AGREEMENT,False,3,,,,
0ad9765f0cc24bb22282,test,칼국수,T6 기계변형,q_칼국수_09,칼국구,음식점 중 '칼국수'를 판매·제공하는 매장,1d4ba661-8472-4e63-83f3-c66eb0517dba,온닭,칼국수,쌍학로상인회 골목형상점가,골목형상점가,광주광역시,3.0,3.0,,,RESOLVED_AGREEMENT,False,3,,,,
74362f0c53665577f352,test,칼국수,T6 기계변형,q_칼국수_09,칼국구,음식점 중 '칼국수'를 판매·제공하는 매장,2611721d-a975-4f2a-804c-5484406c0846,옛날 손 칼국수,칼국수,안중시장,전통시장,경기도,3.0,3.0,,,RESOLVED_AGREEMENT,False,3,,,,
7dbbc263c9fa6c5eed5d,test,칼국수,T6 기계변형,q_칼국수_09,칼국구,음식점 중 '칼국수'를 판매·제공하는 매장,301dc923-8730-44b7-b594-b12228c532bc,"장모님 칼국수, 김치","칼국수, 김치",보정중심 골목형상점가,골목형상점가,경기도,3.0,3.0,,,RESOLVED_AGREEMENT,False,3,,,,
360818695b76af9190aa,test,칼국수,T6 기계변형,q_칼국수_09,칼국구,음식점 중 '칼국수'를 판매·제공하는 매장,f5d30f6a-16ec-4965-8254-ddd379e7784b,강고집 바지락 칼국수,칼국수,촬영소사거리골목형상점가,골목형상점가,서울특별시,3.0,3.0,,,RESOLVED_AGREEMENT,False,3,,,,
5a9d27d5de326e4bbd89,test,칼국수,T6 기계변형,q_칼국수_09,칼국구,음식점 중 '칼국수'를 판매·제공하는 매장,0fa3f1ae-17e9-4b92-9a8e-fa378a9ae05b,대덕칼국수,칼국수,단양구경시장(단양인정시장),전통시장,충청북도,3.0,3.0,,,RESOLVED_AGREEMENT,False,3,,,,
6c5ed4bb57175876a083,test,칼국수,T6 기계변형,q_칼국수_09,칼국구,음식점 중 '칼국수'를 판매·제공하는 매장,d23aeccf-199d-44c3-b116-1d2eab07bfbb,광교 칼국수,,상현 마실로 골목형상점가,골목형상점가,경기도,3.0,3.0,,,RESOLVED_AGREEMENT,False,3,,,,
ec2f4cbd00fdf2f5acf8,test,칼국수,T6 기계변형,q_칼국수_09,칼국구,음식점 중 '칼국수'를 판매·제공하는 매장,01204ba5-bc3e-4a17-83cd-1dd9bee98d5e,규수방,국수,대전정원시장,전통시장,대전광역시,3.0,3.0,,,RESOLVED_AGREEMENT,False,3,,,,
0d36307c6454bee15e92,test,칼국수,T6 기계변형,q_칼국수_09,칼국구,음식점 중 '칼국수'를 판매·제공하는 매장,56abdac2-b014-4969-b28a-51cb1dfbf74e,홍두깨 칼국수,음식점업(칼국수),평택통복시장,전통시장,경기도,3.0,3.0,,,RESOLVED_AGREEMENT,False,3,,,,
953eeff72463785c58ac,test,칼국수,T6 기계변형,q_칼국수_09,칼국구,음식점 중 '칼국수'를 판매·제공하는 매장,24bcdcc8-ff8c-4f51-9070-acdee4b38647,왕칼국수,칼국수,금남시장,전통시장,서울특별시,3.0,3.0,,,RESOLVED_AGREEMENT,False,3,,,,
bfdef5477353db145c90,test,칼국수,T6 기계변형,q_칼국수_09,칼국구,음식점 중 '칼국수'를 판매·제공하는 매장,0481f4ab-3e3b-4448-b34a-839dea91b642,경북칼국수,칼국수,신정상가시장,전통시장,울산광역시,3.0,3.0,,,RESOLVED_AGREEMENT,False,3,,,,
71fb1fa558db1a03a683,test,칼국수,T6 기계변형,q_칼국수_09,칼국구,음식점 중 '칼국수'를 판매·제공하는 매장,ad0acae0-f6c1-4931-af2c-100596b5b821,삼보칼국수,칼국수,양정 골목형상점가,골목형상점가,울산광역시,3.0,3.0,,,RESOLVED_AGREEMENT,False,3,,,,
0810bfb60b2160d856d8,test,칼국수,T6 기계변형,q_칼국수_09,칼국구,음식점 중 '칼국수'를 판매·제공하는 매장,f144b567-7a2c-427e-a68e-9a7751b16df0,진담,칼국수,새마을골목형상점가,골목형상점가,강원특별자치도,3.0,3.0,,,RESOLVED_AGREEMENT,False,3,,,,
d4592e66026213810d53,test,칼국수,T6 기계변형,q_칼국수_09,칼국구,음식점 중 '칼국수'를 판매·제공하는 매장,68b6e1b6-fd6d-4a7c-9dce-478707582c82,이런칼국수를보았나,칼국수,방아머리 골목형상점가,골목형상점가,경기도,3.0,3.0,,,RESOLVED_AGREEMENT,False,3,,,,
1ee0146169d7dae2d019,test,칼국수,T6 기계변형,q_칼국수_09,칼국구,음식점 중 '칼국수'를 판매·제공하는 매장,01e8f807-6020-486c-bd59-38a7035bc453,구례밀밭,국수,화엄상가(골목형상점가),골목형상점가,전라남도,3.0,3.0,,,RESOLVED_AGREEMENT,False,3,,,,
6a94aa6af561edbc47e9,test,칼국수,T6 기계변형,q_칼국수_09,칼국구,음식점 중 '칼국수'를 판매·제공하는 매장,00b090ad-30c0-4573-a43a-123f5116851b,호호정 멸치국수,,그랜드프라자&상용b상가 상점가,골목형상점가,경기도,3.0,3.0,,,RESOLVED_AGREEMENT,False,3,,,,
fcd448bb3ecdcc89cdd7,test,칼국수,T6 기계변형,q_칼국수_09,칼국구,음식점 중 '칼국수'를 판매·제공하는 매장,31f555cf-7604-4de8-b23b-e70351ca287b,원조칼국수,칼국수,종암북바위길골목형상점가,골목형상점가,서울특별시,3.0,3.0,,,RESOLVED_AGREEMENT,False,3,,,,
4b729669db2eb17a4efd,test,칼국수,T6 기계변형,q_칼국수_09,칼국구,음식점 중 '칼국수'를 판매·제공하는 매장,beb4a5b7-ae5c-49eb-85b8-e02ff641cab9,총총칼국수,칼국수,구미 금리단길 골목형상점가,골목형상점가,경상북도,3.0,3.0,,,RESOLVED_AGREEMENT,False,3,,,,
d33ebafd6133ae120f07,test,칼국수,T6 기계변형,q_칼국수_09,칼국구,음식점 중 '칼국수'를 판매·제공하는 매장,0000a9c5-57f2-4719-9ec3-e5d864c7f008,새여울잔치국수,국수,용정 골목형상점가,골목형상점가,대전광역시,3.0,3.0,,,RESOLVED_AGREEMENT,False,3,,,,
3f2882ae36a17e8ed03a,test,칼국수,T6 기계변형,q_칼국수_09,칼국구,음식점 중 '칼국수'를 판매·제공하는 매장,de0f0b46-918f-4a59-9c22-86b65c9b6cba,쌍쌍칼국수,칼국수,쌍리단길상점가,자율상권구역,서울특별시,3.0,3.0,,,RESOLVED_AGREEMENT,False,3,,,,
716e7d9205567c1dd643,test,칼국수,T6 기계변형,q_칼국수_09,칼국구,음식점 중 '칼국수'를 판매·제공하는 매장,0182c177-fcc7-47b0-8e12-99eb221aff79,시장초장식당,"칼국수, 열무비빔밥, 국, 반찬",경주중앙시장,전통시장,경상북도,3.0,3.0,,,RESOLVED_AGREEMENT,False,3,,,,
d09d8c489af1467ee0d2,test,칼국수,T6 기계변형,q_칼국수_09,칼국구,음식점 중 '칼국수'를 판매·제공하는 매장,00cef312-cb5c-4dea-ad69-88c556146024,주산팥죽,"팥죽, 칼국수",부안상설시장,전통시장,전북특별자치도,3.0,3.0,,,RESOLVED_AGREEMENT,False,3,,,,
85cd1560439bd5875378,test,칼국수,T6 기계변형,q_칼국수_09,칼국구,음식점 중 '칼국수'를 판매·제공하는 매장,827f943a-ddce-4bbd-83b9-08ee7a7932c2,이민창칼국수,칼국수,나주 대호동 골목형상점가,골목형상점가,전라남도,3.0,3.0,,,RESOLVED_AGREEMENT,False,3,,,,
d74651bcbf7416c651c2,test,칼국수,T6 기계변형,q_칼국수_09,칼국구,음식점 중 '칼국수'를 판매·제공하는 매장,49735036-77e6-4cb2-9483-0ce564db9982,미소칼국수,칼국수,엄사 골목형상점가,골목형상점가,충청남도,3.0,3.0,,,RESOLVED_AGREEMENT,False,3,,,,
8d6f73012d5a336cc402,test,칼국수,T6 기계변형,q_칼국수_09,칼국구,음식점 중 '칼국수'를 판매·제공하는 매장,25e98022-3d18-4a75-bc69-4b1247398959,본채칼국수,칼국수,아름드리 골목형상점가,골목형상점가,세종특별자치시,3.0,3.0,,,RESOLVED_AGREEMENT,False,3,,,,
9e30bb7cada10c238e83,test,칼국수,T6 기계변형,q_칼국수_09,칼국구,음식점 중 '칼국수'를 판매·제공하는 매장,806415b3-9191-45a9-b75f-32f1d42ed275,안흥칼국수,칼국수,자양전통시장,전통시장,서울특별시,3.0,3.0,,,RESOLVED_AGREEMENT,False,3,,,,
da2ab7618daaff72f668,test,칼국수,T6 기계변형,q_칼국수_09,칼국구,음식점 중 '칼국수'를 판매·제공하는 매장,ba4f92a5-1d73-407c-a7ff-ef1b90e576e6,가평칼국수,칼국수,작전시장,전통시장,인천광역시,3.0,3.0,,,RESOLVED_AGREEMENT,False,3,,,,
7ffb08b1bd6f800537a5,test,칼국수,T6 기계변형,q_칼국수_09,칼국구,음식점 중 '칼국수'를 판매·제공하는 매장,377e6aa6-21ed-4466-8e3a-c614baea66b0,칼국'S,칼국수,양양로 골목형상점가,골목형상점가,강원특별자치도,3.0,3.0,,,RESOLVED_AGREEMENT,False,3,,,,
29fa0473e963f3d21abf,test,칼국수,T6 기계변형,q_칼국수_09,칼국구,음식점 중 '칼국수'를 판매·제공하는 매장,1bb09400-6e31-4154-9049-3ca78697b0dc,만나칼국수,칼국수,충주자유시장,전통시장,충청북도,3.0,3.0,,,RESOLVED_AGREEMENT,False,3,,,,
a4b83809fe77ba996a2c,test,칼국수,T6 기계변형,q_칼국수_09,칼국구,음식점 중 '칼국수'를 판매·제공하는 매장,d2b798fd-cc63-4525-a3af-5049319cb177,장터쌈밥,한식,웅천시장,전통시장,충청남도,1.0,1.0,,,RESOLVED_AGREEMENT,False,1,,,,
bb27e22a52f51ecf4e57,test,칼국수,T6 기계변형,q_칼국수_09,칼국구,음식점 중 '칼국수'를 판매·제공하는 매장,d87ff0f6-caf4-418b-98e9-9b1028e748db,글라스스타일의왕,안경 및 렌즈 소매업,의왕예술의거리골목형상점가,골목형상점가,경기도,0.0,0.0,,,RESOLVED_AGREEMENT,False,0,,,,
5db251baebe4bff24613,test,칼국수,T6 기계변형,q_칼국수_09,칼국구,음식점 중 '칼국수'를 판매·제공하는 매장,bad99154-d43c-4812-b15f-6e9945bbb7b9,물총칼국수,칼국수,송죽만석 골목형상점가,골목형상점가,경기도,3.0,3.0,,,RESOLVED_AGREEMENT,False,3,,,,
afe3f73e5b9b73117f0c,test,칼국수,T6 기계변형,q_칼국수_09,칼국구,음식점 중 '칼국수'를 판매·제공하는 매장,cb52e6f6-d4d1-4810-8f73-60760fcc7c23,"옹심이 칼국수, 팥죽",칼국수,봉선로19번길 골목형상점가,골목형상점가,광주광역시,3.0,3.0,,,RESOLVED_AGREEMENT,False,3,,,,
cd8383ec54bff869e0b2,test,칼국수,T6 기계변형,q_칼국수_09,칼국구,음식점 중 '칼국수'를 판매·제공하는 매장,deacdff6-a68e-4d7d-b13f-912cc89e365c,백명애칼국수,칼국수,신안동용봉초 골목형상점가,골목형상점가,광주광역시,3.0,3.0,,,RESOLVED_AGREEMENT,False,3,,,,
8fb4f65ec8033b4545c9,test,칼국수,T6 기계변형,q_칼국수_09,칼국구,음식점 중 '칼국수'를 판매·제공하는 매장,194a6ba3-eb15-4044-bdb9-e05ee54c118a,본촌칼국수,칼국수,금메달 양산택지로 골목형상점가,골목형상점가,광주광역시,3.0,3.0,,,RESOLVED_AGREEMENT,False,3,,,,
4ca8f3ce3e6ce5467ea3,test,칼국수,T6 기계변형,q_칼국수_09,칼국구,음식점 중 '칼국수'를 판매·제공하는 매장,e6cd9e85-af10-4eaa-948f-00af7ee18be9,행복한 칼국수,칼국수,방이시장,전통시장,서울특별시,3.0,3.0,,,RESOLVED_AGREEMENT,False,3,,,,
1f3d8fff1e53ec46ebef,test,칼국수,T6 기계변형,q_칼국수_09,칼국구,음식점 중 '칼국수'를 판매·제공하는 매장,01a9b9f4-ca16-4571-bb85-8a4cd071d003,손칼국수,칼국수,홍천시장(홍천구시장),전통시장,강원특별자치도,3.0,3.0,,,RESOLVED_AGREEMENT,False,3,,,,
0ed098e9b89971e64a03,test,칼국수,T6 기계변형,q_칼국수_09,칼국구,음식점 중 '칼국수'를 판매·제공하는 매장,01a468d2-cf3e-4db1-826a-771917b2e910,제주일월국수,국수,관평동 골목형상점가,골목형상점가,대전광역시,3.0,3.0,,,RESOLVED_AGREEMENT,False,3,,,,
44fc9dbd67878f29f030,test,칼국수,T6 기계변형,q_칼국수_09,칼국구,음식점 중 '칼국수'를 판매·제공하는 매장,aa5b0696-90a6-4e69-935f-f14bc837e9a2,동원 칼국수,칼국수,한솔동4단지상점가,자율상권구역,세종특별자치시,3.0,3.0,,,RESOLVED_AGREEMENT,False,3,,,,
2731130a025dfea7ecf9,test,칼국수,T6 기계변형,q_칼국수_09,칼국구,음식점 중 '칼국수'를 판매·제공하는 매장,33e63f7a-daed-4724-bd5c-167928399d5d,영시칼국수,칼국수,하양꿈바우시장,전통시장,경상북도,3.0,3.0,,,RESOLVED_AGREEMENT,False,3,,,,
7dd8bb75d3ff4cbc2fd6,test,칼국수,T6 기계변형,q_칼국수_09,칼국구,음식점 중 '칼국수'를 판매·제공하는 매장,694748d9-9d59-419d-911f-a89786698ce0,은언칼국수,칼국수,부평깡통시장(구 부산부평시장),전통시장,부산광역시,3.0,3.0,,,RESOLVED_AGREEMENT,False,3,,,,
37aab9fb85fcc0708c9c,test,칼국수,T6 기계변형,q_칼국수_09,칼국구,음식점 중 '칼국수'를 판매·제공하는 매장,00057366-f4a3-4b3b-a763-5545eb9cda8a,구봉국수,잔치국수,여수서시장주변시장,전통시장,전라남도,3.0,3.0,,,RESOLVED_AGREEMENT,False,3,,,,
46bc1a14e1ead55647d8,test,칼국수,T6 기계변형,q_칼국수_09,칼국구,음식점 중 '칼국수'를 판매·제공하는 매장,7ba5e7d3-cda1-4832-9e57-cdd52e979f7a,오씨칼국수,칼국수,대전중앙활성화구역,상권활성화구역,대전광역시,3.0,3.0,,,RESOLVED_AGREEMENT,False,3,,,,
1a8ba365089631395591,test,칼국수,T6 기계변형,q_칼국수_09,칼국구,음식점 중 '칼국수'를 판매·제공하는 매장,89f84d78-8cbb-455b-b7ae-80d66727b903,경남패션,의류,창원 상남시장,전통시장,경상남도,0.0,0.0,,,RESOLVED_AGREEMENT,False,0,,,,
fa89d288c9369df27507,test,칼국수,T6 기계변형,q_칼국수_09,칼국구,음식점 중 '칼국수'를 판매·제공하는 매장,19b604ed-fe4e-4bcf-a4a1-2db1832c2fc4,와이투헤어,에센스 샴푸,전주원도심 골목형상점가,골목형상점가,전북특별자치도,0.0,0.0,,,RESOLVED_AGREEMENT,False,0,,,,
87e588242812c951162a,test,칼국수,T6 기계변형,q_칼국수_09,칼국구,음식점 중 '칼국수'를 판매·제공하는 매장,161646e1-0ab7-438b-bd96-af65799e07d9,해들칼국수,칼국수,보람동 골목형상점가,골목형상점가,세종특별자치시,3.0,3.0,,,RESOLVED_AGREEMENT,False,3,,,,
34fa7176e06784b0c3aa,test,칼국수,T6 기계변형,q_칼국수_09,칼국구,음식점 중 '칼국수'를 판매·제공하는 매장,0aa1c4a4-48c0-4eaf-a236-0136965e01a5,신흥칼국수,칼국수,부천신흥시장,전통시장,경기도,3.0,3.0,,,RESOLVED_AGREEMENT,False,3,,,,
382e32c3f4d934ba75c2,test,칼국수,T6 기계변형,q_칼국수_09,칼국구,음식점 중 '칼국수'를 판매·제공하는 매장,16744acc-1952-4618-8eaa-1c7ba90386e7,부산어묵,어묵,동원전통시장상점가,자율상권구역,서울특별시,0.0,0.0,,,RESOLVED_AGREEMENT,False,0,,,,
083378a575258d678e9b,test,칼국수,T6 기계변형,q_칼국수_09,칼국구,음식점 중 '칼국수'를 판매·제공하는 매장,201b4425-4191-4b40-8e4a-de3e12fb8131,양산칼국수,칼국수,양산 남부시장상가,전통시장,경상남도,3.0,3.0,,,RESOLVED_AGREEMENT,False,3,,,,
00f44059d6f8ab3bde06,test,칼국수,T6 기계변형,q_칼국수_09,칼국구,음식점 중 '칼국수'를 판매·제공하는 매장,d9a6b700-9bb0-4940-aed0-1f6eefbde6d1,오버롤즈,옷,동명동 카페거리 골목형상점가,골목형상점가,광주광역시,0.0,0.0,,,RESOLVED_AGREEMENT,False,0,,,,
01755a7216cef157fa29,test,칼국수,T6 기계변형,q_칼국수_09,칼국구,음식점 중 '칼국수'를 판매·제공하는 매장,f2ae92b8-681a-424a-90ff-f317b37231c6,장터 칼국수,,창동신창시장,전통시장,서울특별시,3.0,3.0,,,RESOLVED_AGREEMENT,False,3,,,,
f832ad667f1d86a4a21a,test,칼국수,T6 기계변형,q_칼국수_09,칼국구,음식점 중 '칼국수'를 판매·제공하는 매장,1f6e1a30-54e1-45d3-b86a-7aaa292bfd02,금산피복,도소매(의류),평화시장,전통시장,서울특별시,0.0,0.0,,,RESOLVED_AGREEMENT,False,0,,,,
fcddb1c67def64fef63c,test,칼국수,T6 기계변형,q_칼국수_09,칼국구,음식점 중 '칼국수'를 판매·제공하는 매장,7f598a26-3c13-448e-b8b2-d2246a07e735,누이랑 칼국수,칼국수,길동복조리시장,전통시장,서울특별시,3.0,3.0,,,RESOLVED_AGREEMENT,False,3,,,,
bbd45f33467106ad8349,test,칼국수,T6 기계변형,q_칼국수_09,칼국구,음식점 중 '칼국수'를 판매·제공하는 매장,5bef578b-4f6f-497a-9e99-c8b1390a7472,정칼국수,칼국수,안성 전통 옛장터길 골목형상점가,골목형상점가,경기도,3.0,3.0,,,RESOLVED_AGREEMENT,False,3,,,,
30fac51f2c5290e1a937,test,칼국수,T6 기계변형,q_칼국수_09,칼국구,음식점 중 '칼국수'를 판매·제공하는 매장,8dff9166-5872-4d40-a901-3465ae7fcc8c,중앙국수,칼국수,천안중앙시장,전통시장,충청남도,3.0,3.0,,,RESOLVED_AGREEMENT,False,3,,,,
fecf1aeba8ef1b0500bc,test,칼국수,T6 기계변형,q_칼국수_09,칼국구,음식점 중 '칼국수'를 판매·제공하는 매장,b9586798-9aa9-4dd0-b599-da5fcff02eb5,"항아리수제비,칼국수",칼국수,도봉산옛길골목형상점가,골목형상점가,서울특별시,3.0,3.0,,,RESOLVED_AGREEMENT,False,3,,,,
29ba4ae070f84cdf7609,test,칼국수,T6 기계변형,q_칼국수_09,칼국구,음식점 중 '칼국수'를 판매·제공하는 매장,ce8e3a41-53e7-4322-869c-659542093cf7,오씨칼국수,칼국수,도룡상인회 골목형상점가,골목형상점가,대전광역시,3.0,3.0,,,RESOLVED_AGREEMENT,False,3,,,,
5502bbcc703235a4d678,test,칼국수,T6 기계변형,q_칼국수_09,칼국구,음식점 중 '칼국수'를 판매·제공하는 매장,d511f270-ec84-485f-9cb4-a11a154967a7,오씨 손 칼국수,칼국수,나성동 국세청 골목형상점가,골목형상점가,세종특별자치시,3.0,3.0,,,RESOLVED_AGREEMENT,False,3,,,,
8d3bec2365d2282c385b,test,칼국수,T6 기계변형,q_칼국수_09,칼국구,음식점 중 '칼국수'를 판매·제공하는 매장,4178912d-a0ee-45cc-a04a-8d0b29a39cee,도담얼큰이 칼국수,칼국수,카림애비뉴애 골목형상점가,골목형상점가,세종특별자치시,3.0,3.0,,,RESOLVED_AGREEMENT,False,3,,,,
a6008a829585538e2292,test,칼국수,T6 기계변형,q_칼국수_09,칼국구,음식점 중 '칼국수'를 판매·제공하는 매장,e6639878-2227-4156-a3ab-19645c7492fe,옛날칼국수,칼국수,신정상가시장,전통시장,울산광역시,3.0,3.0,,,RESOLVED_AGREEMENT,False,3,,,,
aa5af793c2f7ac6cc1e5,test,칼국수,T6 기계변형,q_칼국수_09,칼국구,음식점 중 '칼국수'를 판매·제공하는 매장,00d50d90-8afb-448e-b0fa-401fedd78dcb,공산성국수,국수,공산성골목형상점가,골목형상점가,충청남도,3.0,3.0,,,RESOLVED_AGREEMENT,False,3,,,,
db1ebda11f7912b76961,test,칼국수,T6 기계변형,q_칼국수_09,칼국구,음식점 중 '칼국수'를 판매·제공하는 매장,1d4001e1-26d6-4887-8150-32c09eff0275,그린칼국수,칼국수,오천시장,전통시장,경상북도,3.0,3.0,,,RESOLVED_AGREEMENT,False,3,,,,
0e29a242de8e735341e5,test,칼국수,T6 기계변형,q_칼국수_10,칼국수추천,음식점 중 '칼국수'를 판매·제공하는 매장,694748d9-9d59-419d-911f-a89786698ce0,은언칼국수,칼국수,부평깡통시장(구 부산부평시장),전통시장,부산광역시,3.0,3.0,,,RESOLVED_AGREEMENT,False,3,,,,
34fef06c9cf4f39cde20,test,칼국수,T6 기계변형,q_칼국수_10,칼국수추천,음식점 중 '칼국수'를 판매·제공하는 매장,0cdea40b-df17-41f5-aad7-8d3cfefc0f89,수제비집,수제비,주막거리상점가,자율상권구역,경기도,3.0,3.0,,,RESOLVED_AGREEMENT,False,3,,,,
f94b0c05087c93d843e8,test,칼국수,T6 기계변형,q_칼국수_10,칼국수추천,음식점 중 '칼국수'를 판매·제공하는 매장,00d50d90-8afb-448e-b0fa-401fedd78dcb,공산성국수,국수,공산성골목형상점가,골목형상점가,충청남도,3.0,3.0,,,RESOLVED_AGREEMENT,False,3,,,,
8d5a2101b15d3695434d,test,칼국수,T6 기계변형,q_칼국수_10,칼국수추천,음식점 중 '칼국수'를 판매·제공하는 매장,cb52e6f6-d4d1-4810-8f73-60760fcc7c23,"옹심이 칼국수, 팥죽",칼국수,봉선로19번길 골목형상점가,골목형상점가,광주광역시,3.0,3.0,,,RESOLVED_AGREEMENT,False,3,,,,
1e5644192f866173ca50,test,칼국수,T6 기계변형,q_칼국수_10,칼국수추천,음식점 중 '칼국수'를 판매·제공하는 매장,7ba5e7d3-cda1-4832-9e57-cdd52e979f7a,오씨칼국수,칼국수,대전중앙활성화구역,상권활성화구역,대전광역시,3.0,3.0,,,RESOLVED_AGREEMENT,False,3,,,,
f3d77257e52193361989,test,칼국수,T6 기계변형,q_칼국수_10,칼국수추천,음식점 중 '칼국수'를 판매·제공하는 매장,1d4ba661-8472-4e63-83f3-c66eb0517dba,온닭,칼국수,쌍학로상인회 골목형상점가,골목형상점가,광주광역시,3.0,3.0,,,RESOLVED_AGREEMENT,False,3,,,,
a52dd7af494e6213693d,test,칼국수,T6 기계변형,q_칼국수_10,칼국수추천,음식점 중 '칼국수'를 판매·제공하는 매장,8282218c-90a5-439a-9d84-66177535d1ac,장기칼국수,칼국수,오천시장,전통시장,경상북도,3.0,3.0,,,RESOLVED_AGREEMENT,False,3,,,,
82b36334fd82ff670659,test,칼국수,T6 기계변형,q_칼국수_10,칼국수추천,음식점 중 '칼국수'를 판매·제공하는 매장,0d36cfdd-f8a4-41f1-a864-8a98a8a82fff,우리분식,수제비,포항죽도시장,전통시장,경상북도,3.0,3.0,,,RESOLVED_AGREEMENT,False,3,,,,
eec429948361d083c6ba,test,칼국수,T6 기계변형,q_칼국수_10,칼국수추천,음식점 중 '칼국수'를 판매·제공하는 매장,ce8e3a41-53e7-4322-869c-659542093cf7,오씨칼국수,칼국수,도룡상인회 골목형상점가,골목형상점가,대전광역시,3.0,3.0,,,RESOLVED_AGREEMENT,False,3,,,,
76220d93db7e929a8f52,test,칼국수,T6 기계변형,q_칼국수_10,칼국수추천,음식점 중 '칼국수'를 판매·제공하는 매장,4ac762f6-bf22-4038-a5f9-20f1a1023927,양평칼국수,칼국수,장호원전통시장,전통시장,경기도,3.0,3.0,,,RESOLVED_AGREEMENT,False,3,,,,
c171c175b99e1e8dbcd0,test,칼국수,T6 기계변형,q_칼국수_10,칼국수추천,음식점 중 '칼국수'를 판매·제공하는 매장,0aa1c4a4-48c0-4eaf-a236-0136965e01a5,신흥칼국수,칼국수,부천신흥시장,전통시장,경기도,3.0,3.0,,,RESOLVED_AGREEMENT,False,3,,,,
e2436603f4cc46595c23,test,칼국수,T6 기계변형,q_칼국수_10,칼국수추천,음식점 중 '칼국수'를 판매·제공하는 매장,ded5c28c-5443-41e6-8330-22c629693d13,진칼국수,칼국수,도마큰시장,전통시장,대전광역시,3.0,3.0,,,RESOLVED_AGREEMENT,False,3,,,,
4467bb50f2bc7243d8d6,test,칼국수,T6 기계변형,q_칼국수_10,칼국수추천,음식점 중 '칼국수'를 판매·제공하는 매장,49735036-77e6-4cb2-9483-0ce564db9982,미소칼국수,칼국수,엄사 골목형상점가,골목형상점가,충청남도,3.0,3.0,,,RESOLVED_AGREEMENT,False,3,,,,
218676f555b34938912b,test,칼국수,T6 기계변형,q_칼국수_10,칼국수추천,음식점 중 '칼국수'를 판매·제공하는 매장,8dff9166-5872-4d40-a901-3465ae7fcc8c,중앙국수,칼국수,천안중앙시장,전통시장,충청남도,3.0,3.0,,,RESOLVED_AGREEMENT,False,3,,,,
7a171782211af372445d,test,칼국수,T6 기계변형,q_칼국수_10,칼국수추천,음식점 중 '칼국수'를 판매·제공하는 매장,24e20700-5985-48cb-9d5e-b498ce8f15d4,목포칼국수,칼국수,청량리농수산물시장,전통시장,서울특별시,3.0,3.0,,,RESOLVED_AGREEMENT,False,3,,,,
fbe243b13fb5a7532535,test,칼국수,T6 기계변형,q_칼국수_10,칼국수추천,음식점 중 '칼국수'를 판매·제공하는 매장,013fc799-6c55-4fa3-b332-1251f068c422,행복식당,수제비,포항죽도시장,전통시장,경상북도,3.0,3.0,,,RESOLVED_AGREEMENT,False,3,,,,
d7c52b2cc39a49b6d488,test,칼국수,T6 기계변형,q_칼국수_10,칼국수추천,음식점 중 '칼국수'를 판매·제공하는 매장,00057366-f4a3-4b3b-a763-5545eb9cda8a,구봉국수,잔치국수,여수서시장주변시장,전통시장,전라남도,3.0,3.0,,,RESOLVED_AGREEMENT,False,3,,,,
9ba4a2c3ec8331f8b2d2,test,칼국수,T6 기계변형,q_칼국수_10,칼국수추천,음식점 중 '칼국수'를 판매·제공하는 매장,de0f0b46-918f-4a59-9c22-86b65c9b6cba,쌍쌍칼국수,칼국수,쌍리단길상점가,자율상권구역,서울특별시,3.0,3.0,,,RESOLVED_AGREEMENT,False,3,,,,
5e1867a2c6b1c666ea3f,test,칼국수,T6 기계변형,q_칼국수_10,칼국수추천,음식점 중 '칼국수'를 판매·제공하는 매장,0000a9c5-57f2-4719-9ec3-e5d864c7f008,새여울잔치국수,국수,용정 골목형상점가,골목형상점가,대전광역시,3.0,3.0,,,RESOLVED_AGREEMENT,False,3,,,,
815966555eb4cbe88537,test,칼국수,T6 기계변형,q_칼국수_10,칼국수추천,음식점 중 '칼국수'를 판매·제공하는 매장,1eae0844-4247-476a-988d-c65b4a03665a,동큐칼국수,칼국수,도마큰시장,전통시장,대전광역시,3.0,3.0,,,RESOLVED_AGREEMENT,False,3,,,,
9992c139127ea807241f,test,칼국수,T6 기계변형,q_칼국수_10,칼국수추천,음식점 중 '칼국수'를 판매·제공하는 매장,00cef312-cb5c-4dea-ad69-88c556146024,주산팥죽,"팥죽, 칼국수",부안상설시장,전통시장,전북특별자치도,3.0,3.0,,,RESOLVED_AGREEMENT,False,3,,,,
ec039bdbc5982253bb82,test,칼국수,T6 기계변형,q_칼국수_10,칼국수추천,음식점 중 '칼국수'를 판매·제공하는 매장,e72ab36a-5ae0-4ecd-b5e7-9c98b1bebf8c,금손칼국수,칼국수,슬기로운 지족역 골목형상점가,골목형상점가,대전광역시,3.0,3.0,,,RESOLVED_AGREEMENT,False,3,,,,
abacf92ea00ef52d14a6,test,칼국수,T6 기계변형,q_칼국수_10,칼국수추천,음식점 중 '칼국수'를 판매·제공하는 매장,6bab8626-d3c9-49ab-8200-36e003a0a1a2,중앙칼국수,칼국수,궁동 골목형상점가,골목형상점가,대전광역시,3.0,3.0,,,RESOLVED_AGREEMENT,False,3,,,,
438c11141ddebe84af30,test,칼국수,T6 기계변형,q_칼국수_10,칼국수추천,음식점 중 '칼국수'를 판매·제공하는 매장,00b090ad-30c0-4573-a43a-123f5116851b,호호정 멸치국수,,그랜드프라자&상용b상가 상점가,골목형상점가,경기도,3.0,3.0,,,RESOLVED_AGREEMENT,False,3,,,,
03e170a90e2f04d4ae87,test,칼국수,T6 기계변형,q_칼국수_10,칼국수추천,음식점 중 '칼국수'를 판매·제공하는 매장,2f99d1e9-3376-46a4-bcc5-baa8fc42cc42,남향분식,칼국수,호계공설시장,전통시장,울산광역시,3.0,3.0,,,RESOLVED_AGREEMENT,False,3,,,,
7dd41cec66e43ca7041f,test,칼국수,T6 기계변형,q_칼국수_10,칼국수추천,음식점 중 '칼국수'를 판매·제공하는 매장,806415b3-9191-45a9-b75f-32f1d42ed275,안흥칼국수,칼국수,자양전통시장,전통시장,서울특별시,3.0,3.0,,,RESOLVED_AGREEMENT,False,3,,,,
81f8a50ea57adf36fd64,test,칼국수,T6 기계변형,q_칼국수_10,칼국수추천,음식점 중 '칼국수'를 판매·제공하는 매장,e2174ade-b456-4da8-853c-579a295c068a,수라궁중칼국수,칼국수,느다리 골목형상점가,골목형상점가,대전광역시,3.0,3.0,,,RESOLVED_AGREEMENT,False,3,,,,
dbd6030004d2099b90d0,test,칼국수,T6 기계변형,q_칼국수_10,칼국수추천,음식점 중 '칼국수'를 판매·제공하는 매장,0b26ec14-485f-4826-8e69-f2e2fd0ef91e,원조어탕,어탕수제비.칼국수,구미 금리단길 골목형상점가,골목형상점가,경상북도,3.0,3.0,,,RESOLVED_AGREEMENT,False,3,,,,
05b03a99fe20fc76c6aa,test,칼국수,T6 기계변형,q_칼국수_10,칼국수추천,음식점 중 '칼국수'를 판매·제공하는 매장,827f943a-ddce-4bbd-83b9-08ee7a7932c2,이민창칼국수,칼국수,나주 대호동 골목형상점가,골목형상점가,전라남도,3.0,3.0,,,RESOLVED_AGREEMENT,False,3,,,,
7f3e627ae0cdfecafde2,test,칼국수,T6 기계변형,q_칼국수_10,칼국수추천,음식점 중 '칼국수'를 판매·제공하는 매장,3ca6f1a2-d7d4-427e-b976-f62c219da667,카모,한식,조대 정문 골목형상점가,골목형상점가,광주광역시,1.0,1.0,,,RESOLVED_AGREEMENT,False,1,,,,
be3d17269b70b4177e1d,test,칼국수,T6 기계변형,q_칼국수_10,칼국수추천,음식점 중 '칼국수'를 판매·제공하는 매장,beb4a5b7-ae5c-49eb-85b8-e02ff641cab9,총총칼국수,칼국수,구미 금리단길 골목형상점가,골목형상점가,경상북도,3.0,3.0,,,RESOLVED_AGREEMENT,False,3,,,,
79e866cd111061e4970b,test,칼국수,T6 기계변형,q_칼국수_10,칼국수추천,음식점 중 '칼국수'를 판매·제공하는 매장,5baa24e7-8d1f-47c0-be33-9d8579a52372,칼국수방,칼국수,현대유통쇼핑센터,전통시장,경상북도,3.0,3.0,,,RESOLVED_AGREEMENT,False,3,,,,
fdc9004d0467ab3028ed,test,칼국수,T6 기계변형,q_칼국수_10,칼국수추천,음식점 중 '칼국수'를 판매·제공하는 매장,18cfb224-f01a-4176-a192-084024cc2c00,소담칼국수,칼국수,달서시장,전통시장,대구광역시,3.0,3.0,,,RESOLVED_AGREEMENT,False,3,,,,
1a1540e841d16417a4fe,test,칼국수,T6 기계변형,q_칼국수_10,칼국수추천,음식점 중 '칼국수'를 판매·제공하는 매장,ff8a5d89-8ec0-496c-a9f0-496d11ec78bf,영림상역,스텐레스주방기구,대전도매시장,전통시장,대전광역시,0.0,0.0,,,RESOLVED_AGREEMENT,False,0,,,,
cdaafd65abd8b3ba7639,test,칼국수,T6 기계변형,q_칼국수_10,칼국수추천,음식점 중 '칼국수'를 판매·제공하는 매장,01a9b9f4-ca16-4571-bb85-8a4cd071d003,손칼국수,칼국수,홍천시장(홍천구시장),전통시장,강원특별자치도,3.0,3.0,,,RESOLVED_AGREEMENT,False,3,,,,
d23ba022eadfc9d6a764,test,칼국수,T6 기계변형,q_칼국수_10,칼국수추천,음식점 중 '칼국수'를 판매·제공하는 매장,7176d35a-8154-46de-9b95-7133b97b1020,안골 칼국수,칼국수,어은누리 골목형상점가,골목형상점가,대전광역시,3.0,3.0,,,RESOLVED_AGREEMENT,False,3,,,,
bbb9799b21a41db7cd4f,test,칼국수,T6 기계변형,q_칼국수_10,칼국수추천,음식점 중 '칼국수'를 판매·제공하는 매장,1d4001e1-26d6-4887-8150-32c09eff0275,그린칼국수,칼국수,오천시장,전통시장,경상북도,3.0,3.0,,,RESOLVED_AGREEMENT,False,3,,,,
13243a654c2cbf8daed1,test,칼국수,T6 기계변형,q_칼국수_10,칼국수추천,음식점 중 '칼국수'를 판매·제공하는 매장,84a43e31-89e8-4f18-82f6-85d4610acf92,도연칼국수,칼국수,수암종합시장,전통시장,울산광역시,3.0,3.0,,,RESOLVED_AGREEMENT,False,3,,,,
d481c5efa3f682c9c6f1,test,칼국수,T6 기계변형,q_칼국수_10,칼국수추천,음식점 중 '칼국수'를 판매·제공하는 매장,72ec7d9a-8c5e-4c3f-9554-4827bc1a7907,몽글몽글,제과제빵,야사문화골목형상점가,골목형상점가,경상북도,0.0,0.0,,,RESOLVED_AGREEMENT,False,0,,,,
721340f7f4aa2e8c731c,test,칼국수,T6 기계변형,q_칼국수_10,칼국수추천,음식점 중 '칼국수'를 판매·제공하는 매장,3a623515-c48f-4bbb-bdf5-bbf9c291821a,장순수산,수산물,소래포구전통어시장,전통시장,인천광역시,0.0,0.0,,,RESOLVED_AGREEMENT,False,0,,,,
18bf7a843d99931c7a9e,test,칼국수,T6 기계변형,q_칼국수_10,칼국수추천,음식점 중 '칼국수'를 판매·제공하는 매장,0481f4ab-3e3b-4448-b34a-839dea91b642,경북칼국수,칼국수,신정상가시장,전통시장,울산광역시,3.0,3.0,,,RESOLVED_AGREEMENT,False,3,,,,
5f9a272ddd7b3cb7e528,test,칼국수,T6 기계변형,q_칼국수_10,칼국수추천,음식점 중 '칼국수'를 판매·제공하는 매장,e6ef4d83-9392-4149-9ba9-3e4bee736e1e,넘버원 구제나라,의류,말바우시장,전통시장,광주광역시,0.0,0.0,,,RESOLVED_AGREEMENT,False,0,,,,
6484ec465489e65980c6,test,칼국수,T6 기계변형,q_칼국수_10,칼국수추천,음식점 중 '칼국수'를 판매·제공하는 매장,4178912d-a0ee-45cc-a04a-8d0b29a39cee,도담얼큰이 칼국수,칼국수,카림애비뉴애 골목형상점가,골목형상점가,세종특별자치시,3.0,3.0,,,RESOLVED_AGREEMENT,False,3,,,,
ac6c51a84412eb7efdd9,test,칼국수,T6 기계변형,q_칼국수_10,칼국수추천,음식점 중 '칼국수'를 판매·제공하는 매장,68b6e1b6-fd6d-4a7c-9dce-478707582c82,이런칼국수를보았나,칼국수,방아머리 골목형상점가,골목형상점가,경기도,3.0,3.0,,,RESOLVED_AGREEMENT,False,3,,,,
32942e65d790a3ce27eb,test,칼국수,T6 기계변형,q_칼국수_10,칼국수추천,음식점 중 '칼국수'를 판매·제공하는 매장,d476a12e-8d15-4a22-963c-da683a83a23a,두류칼국수,칼국수,두류신시장,전통시장,대구광역시,3.0,3.0,,,RESOLVED_AGREEMENT,False,3,,,,
35df7ea179427ba70035,test,칼국수,T6 기계변형,q_칼국수_10,칼국수추천,음식점 중 '칼국수'를 판매·제공하는 매장,1395d0a1-1271-4dc7-b667-3e514a02479d,송가,칼국수,혁신도시2구역골목형상점가,골목형상점가,강원특별자치도,3.0,3.0,,,RESOLVED_AGREEMENT,False,3,,,,
ad248d38f44b3cf6c9e5,test,칼국수,T6 기계변형,q_칼국수_10,칼국수추천,음식점 중 '칼국수'를 판매·제공하는 매장,039be575-84e0-4489-a7d7-74dd657b9d2e,건강백세,건강기능식품,안양중앙인정시장,전통시장,경기도,0.0,0.0,,,RESOLVED_AGREEMENT,False,0,,,,
5cce3a46f2f82fbd1239,test,칼국수,T6 기계변형,q_칼국수_10,칼국수추천,음식점 중 '칼국수'를 판매·제공하는 매장,00baf772-7ca3-475a-a614-a5dc35286be7,시골막국수와 옹심이 충북혁신도시점,막국수,맹동혁신골목형상점가,골목형상점가,충청북도,3.0,3.0,,,RESOLVED_AGREEMENT,False,3,,,,
21a189e25f3d8346674e,test,칼국수,T6 기계변형,q_칼국수_10,칼국수추천,음식점 중 '칼국수'를 판매·제공하는 매장,01e8f807-6020-486c-bd59-38a7035bc453,구례밀밭,국수,화엄상가(골목형상점가),골목형상점가,전라남도,3.0,3.0,,,RESOLVED_AGREEMENT,False,3,,,,
07311fab002278208bb9,test,칼국수,T6 기계변형,q_칼국수_10,칼국수추천,음식점 중 '칼국수'를 판매·제공하는 매장,33e63f7a-daed-4724-bd5c-167928399d5d,영시칼국수,칼국수,하양꿈바우시장,전통시장,경상북도,3.0,3.0,,,RESOLVED_AGREEMENT,False,3,,,,
0a14f935e76300000dd3,test,칼국수,T6 기계변형,q_칼국수_10,칼국수추천,음식점 중 '칼국수'를 판매·제공하는 매장,01204ba5-bc3e-4a17-83cd-1dd9bee98d5e,규수방,국수,대전정원시장,전통시장,대전광역시,3.0,3.0,,,RESOLVED_AGREEMENT,False,3,,,,
f1a84b87979b6ae72609,test,칼국수,T6 기계변형,q_칼국수_10,칼국수추천,음식점 중 '칼국수'를 판매·제공하는 매장,5bef578b-4f6f-497a-9e99-c8b1390a7472,정칼국수,칼국수,안성 전통 옛장터길 골목형상점가,골목형상점가,경기도,3.0,3.0,,,RESOLVED_AGREEMENT,False,3,,,,
04e84a8d7333cd49a531,test,칼국수,T6 기계변형,q_칼국수_10,칼국수추천,음식점 중 '칼국수'를 판매·제공하는 매장,cfc4d139-028c-43b9-a2e8-79b5b6bcaa9d,부여칼국수,칼국수,부여중앙시장,전통시장,충청남도,3.0,3.0,,,RESOLVED_AGREEMENT,False,3,,,,
f1822043bcd05624df44,test,칼국수,T6 기계변형,q_칼국수_10,칼국수추천,음식점 중 '칼국수'를 판매·제공하는 매장,ad0acae0-f6c1-4931-af2c-100596b5b821,삼보칼국수,칼국수,양정 골목형상점가,골목형상점가,울산광역시,3.0,3.0,,,RESOLVED_AGREEMENT,False,3,,,,
fbcc8582b8e0c7286f75,test,칼국수,T6 기계변형,q_칼국수_10,칼국수추천,음식점 중 '칼국수'를 판매·제공하는 매장,377e6aa6-21ed-4466-8e3a-c614baea66b0,칼국'S,칼국수,양양로 골목형상점가,골목형상점가,강원특별자치도,3.0,3.0,,,RESOLVED_AGREEMENT,False,3,,,,
9fb64b0e1e3f818089aa,test,칼국수,T6 기계변형,q_칼국수_10,칼국수추천,음식점 중 '칼국수'를 판매·제공하는 매장,94095616-66d0-45f0-aad2-c6990e8fa832,조선절면:칼국수,칼국수,노은상가연합 골목형상점가,골목형상점가,대전광역시,3.0,3.0,,,RESOLVED_AGREEMENT,False,3,,,,
4ce657855d310f0adda7,test,칼국수,T6 기계변형,q_칼국수_10,칼국수추천,음식점 중 '칼국수'를 판매·제공하는 매장,af87ef47-fdd2-4a4a-9811-7855ef2ecfff,양평칼국수,칼국수,엄사 골목형상점가,골목형상점가,충청남도,3.0,3.0,,,RESOLVED_AGREEMENT,False,3,,,,
77149e9ab78b4f9f9190,test,칼국수,T6 기계변형,q_칼국수_10,칼국수추천,음식점 중 '칼국수'를 판매·제공하는 매장,a8574240-9341-40d9-9d2d-c0cbf8793695,뜨락칼국수,칼국수,주천골목형상점가,골목형상점가,강원특별자치도,3.0,3.0,,,RESOLVED_AGREEMENT,False,3,,,,
d5f00a1a4fccd80bfeb3,test,칼국수,T6 기계변형,q_칼국수_10,칼국수추천,음식점 중 '칼국수'를 판매·제공하는 매장,0afd7055-8c73-4104-8790-70550bdb04a3,홍두깨 칼국수,칼국수,원종고강제일시장(부천제일시장),전통시장,경기도,3.0,3.0,,,RESOLVED_AGREEMENT,False,3,,,,
4bf11228fe2da6f8bf95,test,칼국수,T6 기계변형,q_칼국수_10,칼국수추천,음식점 중 '칼국수'를 판매·제공하는 매장,06c08c2a-1549-4a5b-ab2e-b385ac252f13,방이손칼국수,간이음식 칼국수 수제비,방이시장,전통시장,서울특별시,3.0,3.0,,,RESOLVED_AGREEMENT,False,3,,,,
36c4be402fc26b7ed33c,test,칼국수,T6 기계변형,q_칼국수_10,칼국수추천,음식점 중 '칼국수'를 판매·제공하는 매장,01a468d2-cf3e-4db1-826a-771917b2e910,제주일월국수,국수,관평동 골목형상점가,골목형상점가,대전광역시,3.0,3.0,,,RESOLVED_AGREEMENT,False,3,,,,
603acc800ca955914a47,test,칼국수,T6 기계변형,q_칼국수_10,칼국수추천,음식점 중 '칼국수'를 판매·제공하는 매장,d4416584-0ac9-4231-b17a-2b5876adaa51,상우칼국수,칼국수,월산4동 골목형상점가,골목형상점가,광주광역시,3.0,3.0,,,RESOLVED_AGREEMENT,False,3,,,,
631394bee2809e0a3789,test,칼국수,T6 기계변형,q_칼국수_10,칼국수추천,음식점 중 '칼국수'를 판매·제공하는 매장,deacdff6-a68e-4d7d-b13f-912cc89e365c,백명애칼국수,칼국수,신안동용봉초 골목형상점가,골목형상점가,광주광역시,3.0,3.0,,,RESOLVED_AGREEMENT,False,3,,,,
59ac8385ad5591bd07d8,test,칼국수,T6 기계변형,q_칼국수_10,칼국수추천,음식점 중 '칼국수'를 판매·제공하는 매장,2611721d-a975-4f2a-804c-5484406c0846,옛날 손 칼국수,칼국수,안중시장,전통시장,경기도,3.0,3.0,,,RESOLVED_AGREEMENT,False,3,,,,
f5f0d86bfd481da94036,test,칼국수,T6 기계변형,q_칼국수_10,칼국수추천,음식점 중 '칼국수'를 판매·제공하는 매장,1bb09400-6e31-4154-9049-3ca78697b0dc,만나칼국수,칼국수,충주자유시장,전통시장,충청북도,3.0,3.0,,,RESOLVED_AGREEMENT,False,3,,,,
010fcd7e0692e277fef3,test,칼국수,T6 기계변형,q_칼국수_10,칼국수추천,음식점 중 '칼국수'를 판매·제공하는 매장,5965a957-6c4d-44fe-8adb-cc44214e4769,리얼 클린 족욕 (용답점),족욕,성동용답상가시장,전통시장,서울특별시,0.0,0.0,,,RESOLVED_AGREEMENT,False,0,,,,
30bf100779e54cab75b2,test,칼국수,T6 기계변형,q_칼국수_10,칼국수추천,음식점 중 '칼국수'를 판매·제공하는 매장,25e98022-3d18-4a75-bc69-4b1247398959,본채칼국수,칼국수,아름드리 골목형상점가,골목형상점가,세종특별자치시,3.0,3.0,,,RESOLVED_AGREEMENT,False,3,,,,
f0579de67ca080ac6afe,test,칼국수,T6 기계변형,q_칼국수_10,칼국수추천,음식점 중 '칼국수'를 판매·제공하는 매장,5a258958-73c9-4e83-a2c6-c8c4a1a5d565,명동칼국수,칼국수,동쪽바다중앙시장(구 동해중앙시장),전통시장,강원특별자치도,3.0,3.0,,,RESOLVED_AGREEMENT,False,3,,,,
b8854ed9cfb245b9b942,test,칼국수,T6 기계변형,q_칼국수_10,칼국수추천,음식점 중 '칼국수'를 판매·제공하는 매장,d511f270-ec84-485f-9cb4-a11a154967a7,오씨 손 칼국수,칼국수,나성동 국세청 골목형상점가,골목형상점가,세종특별자치시,3.0,3.0,,,RESOLVED_AGREEMENT,False,3,,,,
e831488253279580c22b,test,칼국수,T6 기계변형,q_칼국수_10,칼국수추천,음식점 중 '칼국수'를 판매·제공하는 매장,0fa3f1ae-17e9-4b92-9a8e-fa378a9ae05b,대덕칼국수,칼국수,단양구경시장(단양인정시장),전통시장,충청북도,3.0,3.0,,,RESOLVED_AGREEMENT,False,3,,,,
c919da8f7c507c14a5dc,test,칼국수,T6 기계변형,q_칼국수_10,칼국수추천,음식점 중 '칼국수'를 판매·제공하는 매장,7d66ca30-167c-4796-b6ff-4c3f4e1840a0,태웅칼국수,칼국수,남부골목시장,전통시장,서울특별시,3.0,3.0,,,RESOLVED_AGREEMENT,False,3,,,,
b1aa2007f91d99ebc1d2,test,칼국수,T6 기계변형,q_칼국수_10,칼국수추천,음식점 중 '칼국수'를 판매·제공하는 매장,3e665603-2bde-4c69-9293-96286cd56aac,시장칼국수,칼국수,용호골목시장,전통시장,부산광역시,3.0,3.0,,,RESOLVED_AGREEMENT,False,3,,,,
cafd28f9bd702d606706,test,칼국수,T6 기계변형,q_칼국수_10,칼국수추천,음식점 중 '칼국수'를 판매·제공하는 매장,31f555cf-7604-4de8-b23b-e70351ca287b,원조칼국수,칼국수,종암북바위길골목형상점가,골목형상점가,서울특별시,3.0,3.0,,,RESOLVED_AGREEMENT,False,3,,,,
2c671c4523badb19fde4,test,칼국수,T6 기계변형,q_칼국수_10,칼국수추천,음식점 중 '칼국수'를 판매·제공하는 매장,ba4f92a5-1d73-407c-a7ff-ef1b90e576e6,가평칼국수,칼국수,작전시장,전통시장,인천광역시,3.0,3.0,,,RESOLVED_AGREEMENT,False,3,,,,
fffb6f238260aabca917,test,칼국수,T6 기계변형,q_칼국수_10,칼국수추천,음식점 중 '칼국수'를 판매·제공하는 매장,aa5b0696-90a6-4e69-935f-f14bc837e9a2,동원 칼국수,칼국수,한솔동4단지상점가,자율상권구역,세종특별자치시,3.0,3.0,,,RESOLVED_AGREEMENT,False,3,,,,
995a6edb0792b1835d8c,test,칼국수,T6 기계변형,q_칼국수_10,칼국수추천,음식점 중 '칼국수'를 판매·제공하는 매장,51668cd0-bc11-44bb-b3d3-6b899de88e38,이모네 칼국수,칼국수,문창시장,전통시장,대전광역시,3.0,3.0,,,RESOLVED_AGREEMENT,False,3,,,,
17e094d9738973ec74a4,test,칼국수,T6 기계변형,q_칼국수_10,칼국수추천,음식점 중 '칼국수'를 판매·제공하는 매장,36c76ba4-a015-4d8b-bf3f-dee27e3ca702,맛나칼국수,칼국수,창원 양곡시장,전통시장,경상남도,3.0,3.0,,,RESOLVED_AGREEMENT,False,3,,,,
870298fb4d85e47e8ca9,test,칼국수,T6 기계변형,q_칼국수_10,칼국수추천,음식점 중 '칼국수'를 판매·제공하는 매장,e6cd9e85-af10-4eaa-948f-00af7ee18be9,행복한 칼국수,칼국수,방이시장,전통시장,서울특별시,3.0,3.0,,,RESOLVED_AGREEMENT,False,3,,,,
2f15adf4d83a4d77cedc,test,칼국수,T6 기계변형,q_칼국수_10,칼국수추천,음식점 중 '칼국수'를 판매·제공하는 매장,7f598a26-3c13-448e-b8b2-d2246a07e735,누이랑 칼국수,칼국수,길동복조리시장,전통시장,서울특별시,3.0,3.0,,,RESOLVED_AGREEMENT,False,3,,,,
119dab5e10e4a0ccee7a,test,칼국수,T6 기계변형,q_칼국수_10,칼국수추천,음식점 중 '칼국수'를 판매·제공하는 매장,3948ab17-ef32-42ee-a662-707fae6454d9,송미령칼국수,칼국수,부사시장,전통시장,대전광역시,3.0,3.0,,,RESOLVED_AGREEMENT,False,3,,,,
428729604a19bc930a19,test,칼국수,T6 기계변형,q_칼국수_10,칼국수추천,음식점 중 '칼국수'를 판매·제공하는 매장,98230635-cb37-4cc0-be02-bfe5d3a7eace,미주칼국수,칼국수,태백마루 자율상권,,강원특별자치도,3.0,3.0,,,RESOLVED_AGREEMENT,False,3,,,,
95ac50a211e7526e5258,test,칼국수,T6 기계변형,q_칼국수_10,칼국수추천,음식점 중 '칼국수'를 판매·제공하는 매장,0182c177-fcc7-47b0-8e12-99eb221aff79,시장초장식당,"칼국수, 열무비빔밥, 국, 반찬",경주중앙시장,전통시장,경상북도,3.0,3.0,,,RESOLVED_AGREEMENT,False,3,,,,
998d1c7301369d3dcef7,test,칼국수,T6 기계변형,q_칼국수_10,칼국수추천,음식점 중 '칼국수'를 판매·제공하는 매장,161646e1-0ab7-438b-bd96-af65799e07d9,해들칼국수,칼국수,보람동 골목형상점가,골목형상점가,세종특별자치시,3.0,3.0,,,RESOLVED_AGREEMENT,False,3,,,,
f8d6e171fbc35d4edda3,test,칼국수,T6 기계변형,q_칼국수_10,칼국수추천,음식점 중 '칼국수'를 판매·제공하는 매장,24bcdcc8-ff8c-4f51-9070-acdee4b38647,왕칼국수,칼국수,금남시장,전통시장,서울특별시,3.0,3.0,,,RESOLVED_AGREEMENT,False,3,,,,
2e4c1aabedc398b4ce19,test,칼국수,T6 기계변형,q_칼국수_10,칼국수추천,음식점 중 '칼국수'를 판매·제공하는 매장,bad99154-d43c-4812-b15f-6e9945bbb7b9,물총칼국수,칼국수,송죽만석 골목형상점가,골목형상점가,경기도,3.0,3.0,,,RESOLVED_AGREEMENT,False,3,,,,
262f6ac283590be57885,test,칼국수,T6 기계변형,q_칼국수_10,칼국수추천,음식점 중 '칼국수'를 판매·제공하는 매장,d87f4c2e-5de3-48cd-95fc-5d395800dd4f,강산분식,분식,대림중앙시장,전통시장,서울특별시,1.0,1.0,,,RESOLVED_AGREEMENT,False,1,,,,
822b67dbedce5391f31f,test,피부관리,T1 정확표기,q_피부관리_01,피부관리,뷰티·미용 중 '피부관리'를 판매·제공하는 매장,fe969718-772c-4af3-bf2a-2fd8a8908ce4,올리브 피부관리,,발섬 골목형상점가,골목형상점가,,3.0,3.0,,,RESOLVED_AGREEMENT,False,3,,,,
750a4cf97bb98383c8b8,test,피부관리,T1 정확표기,q_피부관리_01,피부관리,뷰티·미용 중 '피부관리'를 판매·제공하는 매장,3990d086-cf5e-472f-b34f-238c3ca2eda5,안은실피부관리,피부관리,매봉 골목형상점가,골목형상점가,광주광역시,3.0,3.0,,,RESOLVED_AGREEMENT,False,3,,,,
9cb7811052593be56c93,test,피부관리,T1 정확표기,q_피부관리_01,피부관리,뷰티·미용 중 '피부관리'를 판매·제공하는 매장,7eac69f4-908f-47cc-b82a-c268fb2b4c7e,피부미인,피부관리,맛조이상인회 골목형상점가,골목형상점가,광주광역시,3.0,3.0,,,RESOLVED_AGREEMENT,False,3,,,,
3b9cc0f8c74b1b1de360,test,피부관리,T1 정확표기,q_피부관리_01,피부관리,뷰티·미용 중 '피부관리'를 판매·제공하는 매장,00286d17-4dd8-4803-9e0d-4ce25169c0f7,에이치컬링,눈썹,약수초등길 중산 골목형상점가,골목형상점가,울산광역시,3.0,0.0,,,P1_BINARY_THRESHOLD,True,,,,,
bb7ff699571626e25cbf,test,피부관리,T1 정확표기,q_피부관리_01,피부관리,뷰티·미용 중 '피부관리'를 판매·제공하는 매장,5b50fe3e-f7dd-4723-b4d8-21da2e3069b0,최혜경 피부관리,피부관리,지족반석 골목형상점가,골목형상점가,대전광역시,3.0,3.0,,,RESOLVED_AGREEMENT,False,3,,,,
e9bc35d564c0af698cc5,test,피부관리,T1 정확표기,q_피부관리_01,피부관리,뷰티·미용 중 '피부관리'를 판매·제공하는 매장,e4dc4cb3-66b5-4732-9e9b-4665f82767b0,레노마골프,의류 용품,태전패션거리 골목형상점가,골목형상점가,대구광역시,0.0,0.0,,,RESOLVED_AGREEMENT,False,0,,,,
94eb9b75f2e186584740,test,피부관리,T1 정확표기,q_피부관리_01,피부관리,뷰티·미용 중 '피부관리'를 판매·제공하는 매장,04e23271-38ff-40c1-92b8-657773758b60,무아르왁싱,"왁싱, 제모",과천스마트케이 골목형상점가,골목형상점가,경기도,3.0,3.0,,,RESOLVED_AGREEMENT,False,3,,,,
89a20ffd06dad0a2537d,test,피부관리,T1 정확표기,q_피부관리_01,피부관리,뷰티·미용 중 '피부관리'를 판매·제공하는 매장,2aecebcc-4570-48c3-982c-578c6451bd8f,이불상회,침구,해미읍성전통시장,전통시장,충청남도,0.0,0.0,,,RESOLVED_AGREEMENT,False,0,,,,
52ae7c954a597ae5b29c,test,피부관리,T1 정확표기,q_피부관리_01,피부관리,뷰티·미용 중 '피부관리'를 판매·제공하는 매장,7103f85e-1715-42c0-9dac-2d009dfb6667,지수 피부,피부관리,한들물빛도시 골목형 상점가,골목형상점가,충청남도,3.0,3.0,,,RESOLVED_AGREEMENT,False,3,,,,
6717e259c93bf9c5e2a4,test,피부관리,T1 정확표기,q_피부관리_01,피부관리,뷰티·미용 중 '피부관리'를 판매·제공하는 매장,b6f1730c-189c-4570-93eb-2f48572784d7,뷰니크,피부관리,모란시장 쉼터길 골목형상점가,골목형상점가,경기도,3.0,3.0,,,RESOLVED_AGREEMENT,False,3,,,,
d7127dfe98ae22cb24c5,test,피부관리,T1 정확표기,q_피부관리_01,피부관리,뷰티·미용 중 '피부관리'를 판매·제공하는 매장,0017ec9c-4997-4ef5-a552-7fffc7dd149c,아리따움 진주서부점,화장품,진주 새서부시장,전통시장,경상남도,1.0,2.0,,,P1_BINARY_THRESHOLD,True,,,,,
8b9112c0168ed2912370,test,피부관리,T1 정확표기,q_피부관리_01,피부관리,뷰티·미용 중 '피부관리'를 판매·제공하는 매장,ed776ea2-48e0-4240-a74f-24847112201b,프와,피부관리,첨단강변로 골목형상점가,골목형상점가,광주광역시,3.0,3.0,,,RESOLVED_AGREEMENT,False,3,,,,
80bad916ccead62952df,test,피부관리,T1 정확표기,q_피부관리_01,피부관리,뷰티·미용 중 '피부관리'를 판매·제공하는 매장,04197336-2bd8-40eb-95d9-f9bd1d83b049,아온에스테틱,,대방디엠시티 골목형상점가,골목형상점가,전북특별자치도,3.0,3.0,,,RESOLVED_AGREEMENT,False,3,,,,
21efebc0e190ab5f8f31,test,피부관리,T1 정확표기,q_피부관리_01,피부관리,뷰티·미용 중 '피부관리'를 판매·제공하는 매장,0abba293-9605-4d6d-9250-b5235a9dbce9,아네스피부관리샵,피부관리,대사동 보문산 골목형상점가,골목형상점가,대전광역시,3.0,3.0,,,RESOLVED_AGREEMENT,False,3,,,,
28bc2cdfe3820564fc3b,test,피부관리,T1 정확표기,q_피부관리_01,피부관리,뷰티·미용 중 '피부관리'를 판매·제공하는 매장,0c3f6ae1-9bec-46f1-a43a-b61009758761,세종왁싱 보람뷰티,왁싱 속눈썹펌,보람동 골목형상점가,골목형상점가,세종특별자치시,3.0,3.0,,,RESOLVED_AGREEMENT,False,3,,,,
4706afb2354dadad9522,test,피부관리,T1 정확표기,q_피부관리_01,피부관리,뷰티·미용 중 '피부관리'를 판매·제공하는 매장,046cbfe5-07f7-4135-ba0f-99244138dc77,미뷰티,피부관리,시청음식문화의거리 골목형상점가,골목형상점가,광주광역시,3.0,3.0,,,RESOLVED_AGREEMENT,False,3,,,,
6858a660439f4f50ae62,test,피부관리,T1 정확표기,q_피부관리_01,피부관리,뷰티·미용 중 '피부관리'를 판매·제공하는 매장,eb96c1aa-4621-4fdf-92e0-2e360eba5c1e,선물뷰티,피부관리,군분로꽁양상인회 골목형상점가,골목형상점가,광주광역시,3.0,3.0,,,RESOLVED_AGREEMENT,False,3,,,,
c23c9e33f6851b41a97c,test,피부관리,T1 정확표기,q_피부관리_01,피부관리,뷰티·미용 중 '피부관리'를 판매·제공하는 매장,14f45676-ca6f-4fcb-aea7-c6b95ac1a077,루아 휴 헤드스파&에스테틱,,퍼스트원 골목형상점가,골목형상점가,세종특별자치시,3.0,3.0,,,RESOLVED_AGREEMENT,False,3,,,,
4d5fbde15b06d9340512,test,피부관리,T1 정확표기,q_피부관리_01,피부관리,뷰티·미용 중 '피부관리'를 판매·제공하는 매장,00131122-77cf-4772-b141-202f0f950f5c,라라샵,화장품,유성신나는 골목형상점가,골목형상점가,대전광역시,1.0,2.0,,,P1_BINARY_THRESHOLD,True,,,,,
a2bc39f6568c2e1bd781,test,피부관리,T1 정확표기,q_피부관리_01,피부관리,뷰티·미용 중 '피부관리'를 판매·제공하는 매장,c63f57db-8317-4837-9c2f-78359ed1f2af,피부미인,피부관리,하남시서석바대상점가,자율상권구역,경기도,3.0,3.0,,,RESOLVED_AGREEMENT,False,3,,,,
2c13e9ca9e5ab8339083,test,피부관리,T1 정확표기,q_피부관리_01,피부관리,뷰티·미용 중 '피부관리'를 판매·제공하는 매장,6481fbb1-f7bc-4157-9a12-6f598de05fab,더화율,피부관리,동운초 골목형상점가,골목형상점가,광주광역시,3.0,3.0,,,RESOLVED_AGREEMENT,False,3,,,,
3867058788604ede1cb1,test,피부관리,T1 정확표기,q_피부관리_01,피부관리,뷰티·미용 중 '피부관리'를 판매·제공하는 매장,e2fc2301-685f-463c-97ef-1bf2deaa9a1b,척척밥상 the meat 파주운정점,,가람로 골목형상점가,골목형상점가,경기도,,0.0,Y,,P0_UNCERTAIN_OR_MISSING,True,,,,,
3ac21c48a70667196507,test,피부관리,T1 정확표기,q_피부관리_01,피부관리,뷰티·미용 중 '피부관리'를 판매·제공하는 매장,9e21cfb2-807c-47e7-9481-7df84118cb34,핫뷰티,피부관리,고은상인회 골목형상점가,골목형상점가,광주광역시,3.0,3.0,,,RESOLVED_AGREEMENT,False,3,,,,
3893c3aaf0251f72699c,test,피부관리,T1 정확표기,q_피부관리_01,피부관리,뷰티·미용 중 '피부관리'를 판매·제공하는 매장,546621d6-4b9b-4fc9-bb2d-230b4e94f7b0,고운뷰티,피부관리,쌍리단길상점가,자율상권구역,서울특별시,3.0,3.0,,,RESOLVED_AGREEMENT,False,3,,,,
05ad69074fa40220e304,test,피부관리,T1 정확표기,q_피부관리_01,피부관리,뷰티·미용 중 '피부관리'를 판매·제공하는 매장,94286395-d913-4d2c-b941-8bc245c803dd,생생피부관리실,피부관리,봉선중앙로 골목형상점가,골목형상점가,광주광역시,3.0,3.0,,,RESOLVED_AGREEMENT,False,3,,,,
cb7cb99c04a2c72415c3,test,피부관리,T1 정확표기,q_피부관리_01,피부관리,뷰티·미용 중 '피부관리'를 판매·제공하는 매장,ccaa4789-23bb-4d6b-83c0-fd9793e07e62,고궁피부관리,피부관리,뒤뜰골목형상점가,골목형상점가,강원특별자치도,3.0,3.0,,,RESOLVED_AGREEMENT,False,3,,,,
4d51a8aa24fe59300a6f,test,피부관리,T1 정확표기,q_피부관리_01,피부관리,뷰티·미용 중 '피부관리'를 판매·제공하는 매장,1ac4ae73-6d9b-4466-8bd3-9c4edcc910ec,솔비쥬,피부관리,산본로데오거리(구 산본중심상가),자율상권구역,경기도,3.0,3.0,,,RESOLVED_AGREEMENT,False,3,,,,
9320dee5177e88ea6540,test,피부관리,T1 정확표기,q_피부관리_01,피부관리,뷰티·미용 중 '피부관리'를 판매·제공하는 매장,00998e68-6f7e-4b3f-9476-72ba1ac3466e,라테라스 테라피,피부관리,치평1230상인회 골목형상점가,골목형상점가,광주광역시,3.0,3.0,,,RESOLVED_AGREEMENT,False,3,,,,
62bbe913c756516f25e1,test,피부관리,T1 정확표기,q_피부관리_01,피부관리,뷰티·미용 중 '피부관리'를 판매·제공하는 매장,22bab0b6-b1a0-4a03-9332-f121f20a75cb,키웰,피부관리,평촌1번가 상점가,자율상권구역,경기도,3.0,3.0,,,RESOLVED_AGREEMENT,False,3,,,,
ccc278b1145ade759651,test,피부관리,T1 정확표기,q_피부관리_01,피부관리,뷰티·미용 중 '피부관리'를 판매·제공하는 매장,eee4cb9a-447f-4e24-b168-de011b68be72,찬란하다,피부관리,힐스테이트에코 골목형상점가,골목형상점가,경기도,3.0,3.0,,,RESOLVED_AGREEMENT,False,3,,,,
8261221e884c328ce585,test,피부관리,T1 정확표기,q_피부관리_01,피부관리,뷰티·미용 중 '피부관리'를 판매·제공하는 매장,bbdabe1b-d08d-4430-a775-5be05df250cd,얼짱 피부관리실,"피부관리, 마사지",산본로데오거리(구 산본중심상가),자율상권구역,경기도,3.0,3.0,,,RESOLVED_AGREEMENT,False,3,,,,
84bec57234cab23b2258,test,피부관리,T1 정확표기,q_피부관리_01,피부관리,뷰티·미용 중 '피부관리'를 판매·제공하는 매장,fd8d72f6-c777-4375-abff-406318d1ab15,궁화피부관리,피부관리,원주중앙로문화의거리,자율상권구역,강원특별자치도,3.0,3.0,,,RESOLVED_AGREEMENT,False,3,,,,
e66fe65ed7ac115204c8,test,피부관리,T1 정확표기,q_피부관리_01,피부관리,뷰티·미용 중 '피부관리'를 판매·제공하는 매장,0145ebc4-2c3b-48a5-bdee-30b3cbffc69a,비바뷰티왁싱스튜디오,왁싱,백운진다리 골목형상점가,골목형상점가,광주광역시,3.0,3.0,,,RESOLVED_AGREEMENT,False,3,,,,
6f5d29f8f05045c2ec13,test,피부관리,T1 정확표기,q_피부관리_01,피부관리,뷰티·미용 중 '피부관리'를 판매·제공하는 매장,ed7860ef-954d-4d1d-aef4-71b97202d08e,코샤뷰티,피부관리,나성동 골목형상점가,골목형상점가,세종특별자치시,3.0,3.0,,,RESOLVED_AGREEMENT,False,3,,,,
a29f54a25bfb772e051b,test,피부관리,T1 정확표기,q_피부관리_01,피부관리,뷰티·미용 중 '피부관리'를 판매·제공하는 매장,e6996bf0-aedf-4c5c-a6de-0c0e951326b6,맑은피부관리,피부관리,매곡 가인 골목형상점가,골목형상점가,광주광역시,3.0,3.0,,,RESOLVED_AGREEMENT,False,3,,,,
65d1ddaa80e2bfcc2e7e,test,피부관리,T1 정확표기,q_피부관리_01,피부관리,뷰티·미용 중 '피부관리'를 판매·제공하는 매장,372f1714-6cef-4d7a-8a96-94a41e487d35,동탄 피부관리 더마라보떼,피부관리,북광장상가,자율상권구역,경기도,3.0,3.0,,,RESOLVED_AGREEMENT,False,3,,,,
3f15fbbd7466e7d4f299,test,피부관리,T1 정확표기,q_피부관리_01,피부관리,뷰티·미용 중 '피부관리'를 판매·제공하는 매장,1fff1a97-19a3-4140-b0a1-443bbd619473,시월뷰티,피부관리,해남읍 원도심 상권활성화구역,상권활성화구역,전라남도,3.0,3.0,,,RESOLVED_AGREEMENT,False,3,,,,
0b4b6db759f7e3449e66,test,피부관리,T1 정확표기,q_피부관리_01,피부관리,뷰티·미용 중 '피부관리'를 판매·제공하는 매장,29e03f7f-9231-4e67-a68f-a2b4be606245,창원피부관리다올,피부관리,창원 대동중앙상가,전통시장,경상남도,3.0,3.0,,,RESOLVED_AGREEMENT,False,3,,,,
972a4aafbeb2ee30c58b,test,피부관리,T1 정확표기,q_피부관리_01,피부관리,뷰티·미용 중 '피부관리'를 판매·제공하는 매장,00265f28-b733-4489-86bc-b86339c2f6c0,이비속눈썹,속눈썹연장,추억담은광주역뒷길 골목형상점가,골목형상점가,광주광역시,3.0,3.0,,,RESOLVED_AGREEMENT,False,3,,,,
d2803367796892298822,test,피부관리,T1 정확표기,q_피부관리_01,피부관리,뷰티·미용 중 '피부관리'를 판매·제공하는 매장,01c0d290-258d-473d-b10e-ab313f96502b,연에스테틱,,유촌동상인회 골목형상점가,골목형상점가,광주광역시,3.0,3.0,,,RESOLVED_AGREEMENT,False,3,,,,
da333acf8ed13d55db51,test,피부관리,T1 정확표기,q_피부관리_01,피부관리,뷰티·미용 중 '피부관리'를 판매·제공하는 매장,f6bdfc7c-65b6-4a36-9aba-b8b6a05db8f4,더향기,피부관리,과천중앙동상점가,자율상권구역,경기도,3.0,3.0,,,RESOLVED_AGREEMENT,False,3,,,,
699ed7e28c9f1678ba6d,test,피부관리,T1 정확표기,q_피부관리_01,피부관리,뷰티·미용 중 '피부관리'를 판매·제공하는 매장,4715b54a-3475-4c0a-90b3-2f0f9023f1db,뾰샤시,피부관리,부평문화인의거리골목형상점가,골목형상점가,인천광역시,3.0,3.0,,,RESOLVED_AGREEMENT,False,3,,,,
630103ecfa4ea8ddd38d,test,피부관리,T1 정확표기,q_피부관리_01,피부관리,뷰티·미용 중 '피부관리'를 판매·제공하는 매장,101ddd19-74aa-466a-9487-9c9c45eaee05,김현주피부관리실,피부관리,매곡 사랑길 골목형상점가,골목형상점가,광주광역시,3.0,3.0,,,RESOLVED_AGREEMENT,False,3,,,,
aa05fdb28b5bd9898037,test,피부관리,T1 정확표기,q_피부관리_01,피부관리,뷰티·미용 중 '피부관리'를 판매·제공하는 매장,bb337b6e-666a-4954-812d-5ea105c190f8,예쁜공주 피부관리실,피부관리,송정 다누리 골목형상점가,골목형상점가,광주광역시,3.0,3.0,,,RESOLVED_AGREEMENT,False,3,,,,
8e5add59634c41b82326,test,피부관리,T1 정확표기,q_피부관리_01,피부관리,뷰티·미용 중 '피부관리'를 판매·제공하는 매장,2cc9bba4-4f72-4133-aee2-a90fac3bbfd3,유산식당,한식,영덕시장,전통시장,경상북도,0.0,0.0,,,RESOLVED_AGREEMENT,False,0,,,,
9f327ec4e50a38931192,test,피부관리,T1 정확표기,q_피부관리_01,피부관리,뷰티·미용 중 '피부관리'를 판매·제공하는 매장,e5eabd81-2e89-43a7-8ad2-8be1fa6c8a05,더빛날,피부관리,양산동 행복 골목형상점가,골목형상점가,광주광역시,3.0,3.0,,,RESOLVED_AGREEMENT,False,3,,,,
dc1ff27c5b24509ca105,test,피부관리,T1 정확표기,q_피부관리_01,피부관리,뷰티·미용 중 '피부관리'를 판매·제공하는 매장,0b781873-4848-440d-9845-519fe314cb94,비비한 뷰티&왁싱,피부왁싱,호남동불로동천변 골목형상점가,골목형상점가,광주광역시,3.0,3.0,,,RESOLVED_AGREEMENT,False,3,,,,
e560fd642f7ef926da27,test,피부관리,T1 정확표기,q_피부관리_01,피부관리,뷰티·미용 중 '피부관리'를 판매·제공하는 매장,d4c600bb-6b64-4266-b9fd-13494b9b63b1,고기장이,도소매업(식육판매업),마장축산물시장,전통시장,서울특별시,0.0,0.0,,,RESOLVED_AGREEMENT,False,0,,,,
becc5580dfa25da41cc0,test,피부관리,T1 정확표기,q_피부관리_01,피부관리,뷰티·미용 중 '피부관리'를 판매·제공하는 매장,ed40e867-d5f3-47ae-860d-0d50c17a1182,디에뜨샵,피부관리,목원대 골목형상점가,골목형상점가,대전광역시,3.0,3.0,,,RESOLVED_AGREEMENT,False,3,,,,
7a7fc95a1632738ca756,test,피부관리,T1 정확표기,q_피부관리_01,피부관리,뷰티·미용 중 '피부관리'를 판매·제공하는 매장,9de4b13f-f088-40b5-b0f1-8f889aebc836,순,피부관리,남천바다내음 골목형상점가,골목형상점가,부산광역시,3.0,3.0,,,RESOLVED_AGREEMENT,False,3,,,,
e16b90556b5c14ca8a14,test,피부관리,T1 정확표기,q_피부관리_01,피부관리,뷰티·미용 중 '피부관리'를 판매·제공하는 매장,046c8087-df4f-4578-bcf6-ddb6ac06bd93,아나토미 에스테틱 천안점,에스테틱,불당1번가골목형상점가,골목형상점가,충청남도,3.0,3.0,,,RESOLVED_AGREEMENT,False,3,,,,
ec751d5df3d4e452d46c,test,피부관리,T1 정확표기,q_피부관리_01,피부관리,뷰티·미용 중 '피부관리'를 판매·제공하는 매장,02288afa-ef79-4f20-a297-bf30982d8a6b,제이지니테라피,피부관리. 윤곽. 비대칭관리,부천 옥길 골목형상점가,골목형상점가,경기도,3.0,3.0,,,RESOLVED_AGREEMENT,False,3,,,,
a29a10e1deaad75b1f7a,test,피부관리,T1 정확표기,q_피부관리_01,피부관리,뷰티·미용 중 '피부관리'를 판매·제공하는 매장,031f5ecb-08f7-4c58-bf2e-694c3f2c2210,뷰티명가,피부관리,사리골상점가,자율상권구역,경기도,3.0,3.0,,,RESOLVED_AGREEMENT,False,3,,,,
7137f1dcd07d44cb39d4,test,피부관리,T1 정확표기,q_피부관리_01,피부관리,뷰티·미용 중 '피부관리'를 판매·제공하는 매장,45ca7ab3-31ac-4c06-8286-3a019b090424,피부가꿈,피부관리,신안동서암대로 골목형상점가,골목형상점가,광주광역시,3.0,3.0,,,RESOLVED_AGREEMENT,False,3,,,,
bfde153500253de6eb3f,test,피부관리,T1 정확표기,q_피부관리_01,피부관리,뷰티·미용 중 '피부관리'를 판매·제공하는 매장,4027331f-cc97-4fab-83e1-e494b22d77f0,에스,피부관리,남봉덕 골목형상점가,골목형상점가,대구광역시,3.0,3.0,,,RESOLVED_AGREEMENT,False,3,,,,
953667a4f9936a610ec5,test,피부관리,T1 정확표기,q_피부관리_01,피부관리,뷰티·미용 중 '피부관리'를 판매·제공하는 매장,8a2422d7-6c83-4f2e-bd5c-c4fe2449fa1b,경빈피부관리실,피부관리,나성동 소방청 골목형상점가,골목형상점가,세종특별자치시,3.0,3.0,,,RESOLVED_AGREEMENT,False,3,,,,
3d770c8a75a3e19ad36c,test,피부관리,T1 정확표기,q_피부관리_01,피부관리,뷰티·미용 중 '피부관리'를 판매·제공하는 매장,bc75484f-389c-4f7b-ba5d-164ca56ac6df,피부힐링순,피부관리,세은 골목형상점가,골목형상점가,광주광역시,3.0,3.0,,,RESOLVED_AGREEMENT,False,3,,,,
3d75d293383fc83eea5c,test,피부관리,T1 정확표기,q_피부관리_01,피부관리,뷰티·미용 중 '피부관리'를 판매·제공하는 매장,f61f0bcf-a6f8-43e1-8587-8c9022bef47c,대현셀프세차장,세차 광택 코팅,용주로사랑길 골목형상점가,골목형상점가,광주광역시,0.0,0.0,,,RESOLVED_AGREEMENT,False,0,,,,
fcd612d976b274bdc05b,test,피부관리,T1 정확표기,q_피부관리_01,피부관리,뷰티·미용 중 '피부관리'를 판매·제공하는 매장,008c73ed-3ece-452b-aa49-b96b73ff1ba1,온결 스킨앤바디,화장품,가재마을 골목형상점가,골목형상점가,세종특별자치시,1.0,2.0,,,P1_BINARY_THRESHOLD,True,,,,,
12b180a475ff0ea39179,test,피부관리,T1 정확표기,q_피부관리_01,피부관리,뷰티·미용 중 '피부관리'를 판매·제공하는 매장,b4d2891d-3bc5-4eb0-b16b-40ec831a9162,두얼몸짱,피부관리,건국다복 골목형상점가,골목형상점가,광주광역시,3.0,3.0,,,RESOLVED_AGREEMENT,False,3,,,,
90723d1202eb0d3689a7,test,피부관리,T1 정확표기,q_피부관리_01,피부관리,뷰티·미용 중 '피부관리'를 판매·제공하는 매장,003cdc8a-95fe-43ea-8350-f4c63913a6f8,정선화장품,화장품,오천시장,전통시장,경상북도,1.0,2.0,,,P1_BINARY_THRESHOLD,True,,,,,
c8963161c19ab9bd46a3,test,피부관리,T1 정확표기,q_피부관리_01,피부관리,뷰티·미용 중 '피부관리'를 판매·제공하는 매장,00222f52-5d1f-4fb1-b0a6-7b4864ce177f,아리따움서대문연희점,화장품,연희사러가,전통시장,서울특별시,1.0,2.0,,,P1_BINARY_THRESHOLD,True,,,,,
e839369f90dd02539f75,test,피부관리,T1 정확표기,q_피부관리_01,피부관리,뷰티·미용 중 '피부관리'를 판매·제공하는 매장,006a03c8-0b03-4a37-bab3-4d9d608fbc7b,디바스킨 본점,피부관리,나주혁신도시 골목형상점가,골목형상점가,전라남도,3.0,3.0,,,RESOLVED_AGREEMENT,False,3,,,,
76286d601c0a82d39d01,test,피부관리,T1 정확표기,q_피부관리_01,피부관리,뷰티·미용 중 '피부관리'를 판매·제공하는 매장,ff4e6f5e-fc14-4371-a58c-a1a98c2b6d14,블링뷰티,피부관리,광주송정역세권 상권활성화구역,상권활성화구역,광주광역시,3.0,3.0,,,RESOLVED_AGREEMENT,False,3,,,,
2550683766d2ab91fda7,test,피부관리,T1 정확표기,q_피부관리_01,피부관리,뷰티·미용 중 '피부관리'를 판매·제공하는 매장,5e8047ea-4879-4f80-bd71-351dfa01f818,피부봐요,피부관리,문흥라인아파트 골목형상점가,골목형상점가,광주광역시,3.0,3.0,,,RESOLVED_AGREEMENT,False,3,,,,
0a398a0c04b7c9af85e6,test,피부관리,T1 정확표기,q_피부관리_01,피부관리,뷰티·미용 중 '피부관리'를 판매·제공하는 매장,013c7cfa-cbf1-4606-bfd2-cae2985377c0,피크래쉬룸(PEAK LASH ROOM),"메이크업, 속눈썹",금암동 골목형상점가,골목형상점가,충청남도,3.0,3.0,,,RESOLVED_AGREEMENT,False,3,,,,
fd103cba1c807717ca1b,test,피부관리,T1 정확표기,q_피부관리_01,피부관리,뷰티·미용 중 '피부관리'를 판매·제공하는 매장,1716c347-0b46-470c-924b-25282801578d,오라클피부관리,피부관리,봉선먹자골목 골목형상점가,골목형상점가,광주광역시,3.0,3.0,,,RESOLVED_AGREEMENT,False,3,,,,
02ee46c7831a817fae66,test,피부관리,T1 정확표기,q_피부관리_01,피부관리,뷰티·미용 중 '피부관리'를 판매·제공하는 매장,910eff81-e6cc-4bfa-80ef-998c616430e4,휴스킨,피부관리,한듬레포츠,골목형상점가,광주광역시,3.0,3.0,,,RESOLVED_AGREEMENT,False,3,,,,
85a7d474f22ca0ae73ce,test,피부관리,T1 정확표기,q_피부관리_01,피부관리,뷰티·미용 중 '피부관리'를 판매·제공하는 매장,36550d25-2c6c-4354-9a60-db04bfeaa620,노은동최승희피부관리,피부관리,노은역 골목형상점가,골목형상점가,대전광역시,3.0,3.0,,,RESOLVED_AGREEMENT,False,3,,,,
9fff67846b9d56b0047a,test,피부관리,T1 정확표기,q_피부관리_01,피부관리,뷰티·미용 중 '피부관리'를 판매·제공하는 매장,f76afa0e-705c-43f8-adbf-6a7bee257190,피부The빛나,피부관리,노블레스 골목형상점가,골목형상점가,경기도,3.0,3.0,,,RESOLVED_AGREEMENT,False,3,,,,
1ab0f48d14aafd01b8af,test,피부관리,T1 정확표기,q_피부관리_01,피부관리,뷰티·미용 중 '피부관리'를 판매·제공하는 매장,022f921a-9545-4be5-a4ce-d628a782c282,마이뷰티,피부관리 왁싱 속눈썹,마산 오동동 창동 어시장 상권활성화구역,상권활성화구역,경상남도,3.0,3.0,,,RESOLVED_AGREEMENT,False,3,,,,
82b956fa3a1e0975b67e,test,피부관리,T1 정확표기,q_피부관리_01,피부관리,뷰티·미용 중 '피부관리'를 판매·제공하는 매장,eb802516-84bf-46b3-8363-8d1b22ce2f72,바림,피부관리,우산중흥에쓰클래스 골목형상점가,골목형상점가,광주광역시,3.0,3.0,,,RESOLVED_AGREEMENT,False,3,,,,
252fd4f128b161eec7ac,test,피부관리,T1 정확표기,q_피부관리_01,피부관리,뷰티·미용 중 '피부관리'를 판매·제공하는 매장,09e962f0-1376-4347-b30e-60edd1ef994c,미소뷰티,피부관리,정 있는 서암대로 골목형상점가,골목형상점가,광주광역시,3.0,3.0,,,RESOLVED_AGREEMENT,False,3,,,,
df244012fa095dfd39dc,test,피부관리,T1 정확표기,q_피부관리_01,피부관리,뷰티·미용 중 '피부관리'를 판매·제공하는 매장,6e7df1c3-c7e7-4871-a322-f06ed75a2d35,드에르,피부관리,신창호반,골목형상점가,광주광역시,3.0,3.0,,,RESOLVED_AGREEMENT,False,3,,,,
953927e64afb6edd4772,test,피부관리,T1 정확표기,q_피부관리_01,피부관리,뷰티·미용 중 '피부관리'를 판매·제공하는 매장,3fa4f182-a366-486a-b16d-bd753e333230,피부미인,피부관리,문흥동 골목형상점가,골목형상점가,광주광역시,3.0,3.0,,,RESOLVED_AGREEMENT,False,3,,,,
b3bc55eea7c9cd3475f2,test,피부관리,T1 정확표기,q_피부관리_01,피부관리,뷰티·미용 중 '피부관리'를 판매·제공하는 매장,0133de50-f3d8-44d7-99fb-0a05f3b2b13e,졔졔살롱,속눈썹미용,운암이 골목형상점가,골목형상점가,광주광역시,3.0,3.0,,,RESOLVED_AGREEMENT,False,3,,,,
a582b54904a7c42b48d0,test,피부관리,T1 정확표기,q_피부관리_01,피부관리,뷰티·미용 중 '피부관리'를 판매·제공하는 매장,183723cf-0dca-4954-bd5c-21915fc6eda7,허브피부관리,피부관리,남성역먹거리골목형상점가,골목형상점가,서울특별시,3.0,3.0,,,RESOLVED_AGREEMENT,False,3,,,,
b1da80d0431aee04f37f,test,피부관리,T1 정확표기,q_피부관리_01,피부관리,뷰티·미용 중 '피부관리'를 판매·제공하는 매장,1bed0a4f-6ce9-4f46-a9f3-dfe7ccd9272a,은피부관리,피부관리,까치산시장,전통시장,서울특별시,3.0,3.0,,,RESOLVED_AGREEMENT,False,3,,,,
5526835b1ce7e0a25ec3,test,피부관리,T1 정확표기,q_피부관리_01,피부관리,뷰티·미용 중 '피부관리'를 판매·제공하는 매장,7d5eb096-e9e7-4be8-90a2-afb8b8b326b5,소담피부관리실,피부관리,소촌골 골목형상점가,골목형상점가,광주광역시,3.0,3.0,,,RESOLVED_AGREEMENT,False,3,,,,
23c5b2c0db8608e4a554,test,피부관리,T1 정확표기,q_피부관리_01,피부관리,뷰티·미용 중 '피부관리'를 판매·제공하는 매장,e41dbd2c-5c11-4eed-a278-efd594442775,김밥천국,김밥 및 분식,금호1동상가번영회 골목형상점가,골목형상점가,광주광역시,0.0,0.0,,,RESOLVED_AGREEMENT,False,0,,,,
b53d9b6db8137e9fab30,test,피부관리,T1 정확표기,q_피부관리_01,피부관리,뷰티·미용 중 '피부관리'를 판매·제공하는 매장,1d39494e-cc63-4ac2-af0f-0f349de60e56,르주비아 에스테틱,,포항중앙상가,전통시장,경상북도,3.0,3.0,,,RESOLVED_AGREEMENT,False,3,,,,
8dbec0aa798e42f9a51d,test,피부관리,T1 정확표기,q_피부관리_01,피부관리,뷰티·미용 중 '피부관리'를 판매·제공하는 매장,7f653f2d-d4e1-4bf9-9426-2f6b399b499f,호키랜드 사이버,컴퓨터및주변기기,역전지하상가,일반지하상점가,대전광역시,0.0,0.0,,,RESOLVED_AGREEMENT,False,0,,,,
ae1aea4432af66fdf5b1,test,피부관리,T1 정확표기,q_피부관리_01,피부관리,뷰티·미용 중 '피부관리'를 판매·제공하는 매장,b399d6c9-0372-45d6-ac0e-1626b7693823,중앙뷰티,피부관리,장미제일시장,전통시장,서울특별시,3.0,3.0,,,RESOLVED_AGREEMENT,False,3,,,,
c18b84ef9e0e01d74eb3,test,피부관리,T1 정확표기,q_피부관리_01,피부관리,뷰티·미용 중 '피부관리'를 판매·제공하는 매장,670e7311-d73b-4c4f-8c97-a306b4a212e1,김은영피부관리,피부관리,치평상무역상인회 골목형상점가,골목형상점가,광주광역시,3.0,3.0,,,RESOLVED_AGREEMENT,False,3,,,,
e5a76906228191de7b66,test,피부관리,T1 정확표기,q_피부관리_01,피부관리,뷰티·미용 중 '피부관리'를 판매·제공하는 매장,2256f2b2-62e3-4b64-b370-3342f9b0cdfa,선피부관리,피부관리 화장품,문흥1동 골목형상점가,골목형상점가,광주광역시,3.0,3.0,,,RESOLVED_AGREEMENT,False,3,,,,
caed1660f19e7074ddda,test,피부관리,T1 정확표기,q_피부관리_01,피부관리,뷰티·미용 중 '피부관리'를 판매·제공하는 매장,4a57a9fa-cdd9-4981-84b2-4deba0d69ba4,피부튼튼e,피부관리,오목교역8번출구골목형상점가,골목형상점가,서울특별시,3.0,3.0,,,RESOLVED_AGREEMENT,False,3,,,,
b88502399835b6216b84,test,피부관리,T1 정확표기,q_피부관리_01,피부관리,뷰티·미용 중 '피부관리'를 판매·제공하는 매장,004a8de5-69c1-4c55-a507-54e016703431,마중물뷰티동,소매(화장품),은마종합상점가,자율상권구역,서울특별시,1.0,2.0,,,P1_BINARY_THRESHOLD,True,,,,,
04afa3525be01bd54ee7,test,피부관리,T1 정확표기,q_피부관리_01,피부관리,뷰티·미용 중 '피부관리'를 판매·제공하는 매장,158a9cc4-064a-4dbf-a6af-c93bfcbce3e5,다정피부관리실,피부관리,다정중앙 골목형상점가,골목형상점가,세종특별자치시,3.0,3.0,,,RESOLVED_AGREEMENT,False,3,,,,
4c0bee325a4e78bb28a2,test,피부관리,T1 정확표기,q_피부관리_01,피부관리,뷰티·미용 중 '피부관리'를 판매·제공하는 매장,006a3db3-f148-48fb-a3ac-1a758ffae755,제이솜에스테틱,피부관리,효행구봉담상점가,골목형상점가,경기도,3.0,3.0,,,RESOLVED_AGREEMENT,False,3,,,,
95c4bc47b9e866a5096e,test,피부관리,T2 동의어,q_피부관리_02,속눈썹,뷰티·미용 중 '피부관리'를 판매·제공하는 매장,5e0c3ceb-c480-4a40-801b-d0f5d3d07efb,두포옥,순두부,두류젊코상권,상권활성화구역,대구광역시,0.0,0.0,,,RESOLVED_AGREEMENT,False,0,,,,
edb444f916c582ece9ca,test,피부관리,T2 동의어,q_피부관리_02,속눈썹,뷰티·미용 중 '피부관리'를 판매·제공하는 매장,003cdc8a-95fe-43ea-8350-f4c63913a6f8,정선화장품,화장품,오천시장,전통시장,경상북도,1.0,2.0,,,P1_BINARY_THRESHOLD,True,,,,,
77921135a05276125dc3,test,피부관리,T2 동의어,q_피부관리_02,속눈썹,뷰티·미용 중 '피부관리'를 판매·제공하는 매장,ff06b6b9-473a-4686-986b-168f33acc2a2,부엉이 눈썹,속눈썹,코끼리시장,전통시장,경기도,3.0,3.0,,,RESOLVED_AGREEMENT,False,3,,,,
5f5d4b83b7322478d6e9,test,피부관리,T2 동의어,q_피부관리_02,속눈썹,뷰티·미용 중 '피부관리'를 판매·제공하는 매장,34452c9a-739f-49d8-9944-a087b544e818,까망뷰티,속눈썹,화성향남2지구상점가,자율상권구역,경기도,3.0,3.0,,,RESOLVED_AGREEMENT,False,3,,,,
15f6c6f2ed98bc7b6f79,test,피부관리,T2 동의어,q_피부관리_02,속눈썹,뷰티·미용 중 '피부관리'를 판매·제공하는 매장,008c73ed-3ece-452b-aa49-b96b73ff1ba1,온결 스킨앤바디,화장품,가재마을 골목형상점가,골목형상점가,세종특별자치시,1.0,2.0,,,P1_BINARY_THRESHOLD,True,,,,,
e21445a8553cd10b5e2d,test,피부관리,T2 동의어,q_피부관리_02,속눈썹,뷰티·미용 중 '피부관리'를 판매·제공하는 매장,0ed827bf-beec-4e81-b4c8-9520b217bc47,더재인,미용 속눈썹,산본로데오거리(구 산본중심상가),자율상권구역,경기도,3.0,3.0,,,RESOLVED_AGREEMENT,False,3,,,,
9cfe165edc46f960b81a,test,피부관리,T2 동의어,q_피부관리_02,속눈썹,뷰티·미용 중 '피부관리'를 판매·제공하는 매장,bfb5910c-9bf5-4ff4-9867-6e27ac750c88,퓨어미,속눈썹,월곡달빛오거리골목형상점가,골목형상점가,서울특별시,3.0,3.0,,,RESOLVED_AGREEMENT,False,3,,,,
45d842f79c67e4c54e7b,test,피부관리,T2 동의어,q_피부관리_02,속눈썹,뷰티·미용 중 '피부관리'를 판매·제공하는 매장,01c0d290-258d-473d-b10e-ab313f96502b,연에스테틱,,유촌동상인회 골목형상점가,골목형상점가,광주광역시,2.0,3.0,,,P2_GRADED_ONLY,True,,,,,
ff6a19dad9791cd055a7,test,피부관리,T2 동의어,q_피부관리_02,속눈썹,뷰티·미용 중 '피부관리'를 판매·제공하는 매장,3ce13656-1891-40be-ac0f-80ae1d5ca29a,스타속눈썹,속눈썹연장,매봉 골목형상점가,골목형상점가,광주광역시,3.0,3.0,,,RESOLVED_AGREEMENT,False,3,,,,
ca5d759b6b327a623586,test,피부관리,T2 동의어,q_피부관리_02,속눈썹,뷰티·미용 중 '피부관리'를 판매·제공하는 매장,5acc7359-7911-41b1-875a-82af4bcf3273,아임래쉬,속눈썹,목대온기 골목형상점가,골목형상점가,대전광역시,3.0,3.0,,,RESOLVED_AGREEMENT,False,3,,,,
21389a71610dfd45338a,test,피부관리,T2 동의어,q_피부관리_02,속눈썹,뷰티·미용 중 '피부관리'를 판매·제공하는 매장,30271eca-614e-4bb6-bd06-20d0b13608f5,벨린뷰티,속눈썹 펌,하당꽃길1가 골목형상점가,골목형상점가,전라남도,3.0,3.0,,,RESOLVED_AGREEMENT,False,3,,,,
0b97df9b17770d70e822,test,피부관리,T2 동의어,q_피부관리_02,속눈썹,뷰티·미용 중 '피부관리'를 판매·제공하는 매장,bb777c49-f9b5-41ed-bdec-7ed435545f07,여기래쉬,속눈썹,선운별 골목형상점가,골목형상점가,광주광역시,3.0,3.0,,,RESOLVED_AGREEMENT,False,3,,,,
f99df5012b49c0bb3006,test,피부관리,T2 동의어,q_피부관리_02,속눈썹,뷰티·미용 중 '피부관리'를 판매·제공하는 매장,06397209-babc-4444-8228-23e885cf23a1,동천으뜸한의원,한의원,동천동먹자골목1번가상인회 골목형상점가,골목형상점가,광주광역시,0.0,1.0,,,P2_GRADED_ONLY,True,,,,,
e1bfa438846e6ba71ea2,test,피부관리,T2 동의어,q_피부관리_02,속눈썹,뷰티·미용 중 '피부관리'를 판매·제공하는 매장,bf437496-dd2e-4ced-8ad0-890147b5d5d9,올리브뷰티 세종점 눈썹 &속눈썹,속눈썹,나성중앙 골목형상점가,골목형상점가,세종특별자치시,3.0,3.0,,,RESOLVED_AGREEMENT,False,3,,,,
afb266e34ff18640aa40,test,피부관리,T2 동의어,q_피부관리_02,속눈썹,뷰티·미용 중 '피부관리'를 판매·제공하는 매장,33a3f7f0-a5ad-4f75-921f-49e851d82fae,트웬티뷰티,속눈썹,하남3지구 골목형상점가,골목형상점가,광주광역시,3.0,3.0,,,RESOLVED_AGREEMENT,False,3,,,,
a58586b731a7997319ac,test,피부관리,T2 동의어,q_피부관리_02,속눈썹,뷰티·미용 중 '피부관리'를 판매·제공하는 매장,0c3f6ae1-9bec-46f1-a43a-b61009758761,세종왁싱 보람뷰티,왁싱 속눈썹펌,보람동 골목형상점가,골목형상점가,세종특별자치시,3.0,3.0,,,RESOLVED_AGREEMENT,False,3,,,,
f0ef1087609360c1bb1d,test,피부관리,T2 동의어,q_피부관리_02,속눈썹,뷰티·미용 중 '피부관리'를 판매·제공하는 매장,022f921a-9545-4be5-a4ce-d628a782c282,마이뷰티,피부관리 왁싱 속눈썹,마산 오동동 창동 어시장 상권활성화구역,상권활성화구역,경상남도,3.0,3.0,,,RESOLVED_AGREEMENT,False,3,,,,
a09cfd0c0c82fdb4c2e0,test,피부관리,T2 동의어,q_피부관리_02,속눈썹,뷰티·미용 중 '피부관리'를 판매·제공하는 매장,cf6f819a-fba1-406b-83b0-82f078de08d6,평화상회,기성복,평택통복시장,전통시장,경기도,0.0,0.0,,,RESOLVED_AGREEMENT,False,0,,,,
9472f668b38bf4a385e7,test,피부관리,T2 동의어,q_피부관리_02,속눈썹,뷰티·미용 중 '피부관리'를 판매·제공하는 매장,525396f7-f8bb-4baa-8915-6fff6c94d011,에스앤디,속눈썹,송정중앙 골목형상점가,골목형상점가,광주광역시,3.0,3.0,,,RESOLVED_AGREEMENT,False,3,,,,
ece6745eec74f2e2ac79,test,피부관리,T2 동의어,q_피부관리_02,속눈썹,뷰티·미용 중 '피부관리'를 판매·제공하는 매장,2a0026d0-ce28-4b1a-b574-cec645ea0a40,퀸뷰티샵,속눈썹,성남중앙지하시장,일반지하상점가,경기도,3.0,3.0,,,RESOLVED_AGREEMENT,False,3,,,,
7e1180678f318f67de44,test,피부관리,T2 동의어,q_피부관리_02,속눈썹,뷰티·미용 중 '피부관리'를 판매·제공하는 매장,7e65ac17-c67c-43d2-a5ed-e11400427b93,로즈드엘,속눈썹,온새미로상인회 골목형상점가,골목형상점가,광주광역시,3.0,3.0,,,RESOLVED_AGREEMENT,False,3,,,,
de643550ae41f9c90950,test,피부관리,T2 동의어,q_피부관리_02,속눈썹,뷰티·미용 중 '피부관리'를 판매·제공하는 매장,cfbfa154-4e68-46f6-9f8f-6934e4bac398,라라뷰티,속눈썹,창원 성원그랜드쇼핑상가,전통시장,경상남도,3.0,3.0,,,RESOLVED_AGREEMENT,False,3,,,,
9bc3fd2cc911e80a1b8c,test,피부관리,T2 동의어,q_피부관리_02,속눈썹,뷰티·미용 중 '피부관리'를 판매·제공하는 매장,ae8f0b6b-7de2-471a-b25e-333aa6e25afd,이끌레르,속눈썹,풍암호수앞상인회 골목형상점가,골목형상점가,광주광역시,3.0,3.0,,,RESOLVED_AGREEMENT,False,3,,,,
de0d29a242348eca0371,test,피부관리,T2 동의어,q_피부관리_02,속눈썹,뷰티·미용 중 '피부관리'를 판매·제공하는 매장,95c04d45-f80d-4cea-9030-672405d4fa86,윤이크,속눈썹,첨단이웃사랑 골목형상점가,골목형상점가,광주광역시,3.0,3.0,,,RESOLVED_AGREEMENT,False,3,,,,
d3587a2d4d75eee8f92f,test,피부관리,T2 동의어,q_피부관리_02,속눈썹,뷰티·미용 중 '피부관리'를 판매·제공하는 매장,00998e68-6f7e-4b3f-9476-72ba1ac3466e,라테라스 테라피,피부관리,치평1230상인회 골목형상점가,골목형상점가,광주광역시,2.0,3.0,,,P2_GRADED_ONLY,True,,,,,
3da10ac0d80ee282c210,test,피부관리,T2 동의어,q_피부관리_02,속눈썹,뷰티·미용 중 '피부관리'를 판매·제공하는 매장,004a8de5-69c1-4c55-a507-54e016703431,마중물뷰티동,소매(화장품),은마종합상점가,자율상권구역,서울특별시,1.0,2.0,,,P1_BINARY_THRESHOLD,True,,,,,
9648171ac95e2e9d1f88,test,피부관리,T2 동의어,q_피부관리_02,속눈썹,뷰티·미용 중 '피부관리'를 판매·제공하는 매장,cde4a6cb-e11b-45cd-8df4-51070ee21006,삼정방앗간,방앗간,원종고강제일시장(부천제일시장),전통시장,경기도,0.0,0.0,,,RESOLVED_AGREEMENT,False,0,,,,
9d212db2218882ddd09b,test,피부관리,T2 동의어,q_피부관리_02,속눈썹,뷰티·미용 중 '피부관리'를 판매·제공하는 매장,bce5cf67-6304-400c-a580-7e3028052a37,유위드,속눈썹,중외공원길 골목형상점가,골목형상점가,광주광역시,3.0,3.0,,,RESOLVED_AGREEMENT,False,3,,,,
dcc237ca0a6aa3b947ef,test,피부관리,T2 동의어,q_피부관리_02,속눈썹,뷰티·미용 중 '피부관리'를 판매·제공하는 매장,f89160cf-0788-440d-a56c-648d13736392,설라인,속눈썹,첨단청사초롱길 골목형상점가,골목형상점가,광주광역시,3.0,3.0,,,RESOLVED_AGREEMENT,False,3,,,,
a9d0544f840b69703bba,test,피부관리,T2 동의어,q_피부관리_02,속눈썹,뷰티·미용 중 '피부관리'를 판매·제공하는 매장,7a4d5783-53ec-4dc8-9a3d-2aacf7ce16fc,디어써니,속눈썹,월곡달빛오거리골목형상점가,골목형상점가,서울특별시,3.0,3.0,,,RESOLVED_AGREEMENT,False,3,,,,
c7eeb65201f7975908f7,test,피부관리,T2 동의어,q_피부관리_02,속눈썹,뷰티·미용 중 '피부관리'를 판매·제공하는 매장,96e1ac48-8c39-43c1-a6f5-7bcc7d02df1d,비니속눈썹,속눈썹,웰컴시티,전통시장,울산광역시,3.0,3.0,,,RESOLVED_AGREEMENT,False,3,,,,
92943a279c0b22dac4c2,test,피부관리,T2 동의어,q_피부관리_02,속눈썹,뷰티·미용 중 '피부관리'를 판매·제공하는 매장,8c356246-8217-4be0-ac0f-28918d1fcabc,첫눈애 속눈썹,속눈썹,현대센트럴스퀘어,골목형상점가,경기도,3.0,3.0,,,RESOLVED_AGREEMENT,False,3,,,,
0c6fa3a63832ffdc7ec8,test,피부관리,T2 동의어,q_피부관리_02,속눈썹,뷰티·미용 중 '피부관리'를 판매·제공하는 매장,9e129584-e199-413a-872e-367b458fe514,자연스런눈썹,속눈썹,마륵동상인회 골목형상점가,골목형상점가,광주광역시,3.0,3.0,,,RESOLVED_AGREEMENT,False,3,,,,
0793babfd62943f84500,test,피부관리,T2 동의어,q_피부관리_02,속눈썹,뷰티·미용 중 '피부관리'를 판매·제공하는 매장,70d8d6c9-b9e0-47bd-946a-e35eced03dd4,래쉬래빗,속눈썹,성남중앙지하시장,일반지하상점가,경기도,3.0,3.0,,,RESOLVED_AGREEMENT,False,3,,,,
6b6626a4283daa89743f,test,피부관리,T2 동의어,q_피부관리_02,속눈썹,뷰티·미용 중 '피부관리'를 판매·제공하는 매장,79e37c2d-6053-45c7-aa67-baf0eef7591f,오베아(OBEA),"속눈썹 연장, 속눈썹 펌",북구빛나는 골목형상점가,골목형상점가,광주광역시,3.0,3.0,,,RESOLVED_AGREEMENT,False,3,,,,
e11074b2099d36157687,test,피부관리,T2 동의어,q_피부관리_02,속눈썹,뷰티·미용 중 '피부관리'를 판매·제공하는 매장,1605747c-d46b-4f80-8777-1308d3ff625e,아이레이디,속눈썹,신용동 골목형상점가,골목형상점가,광주광역시,3.0,3.0,,,RESOLVED_AGREEMENT,False,3,,,,
f6dfd67360401b7f55ef,test,피부관리,T2 동의어,q_피부관리_02,속눈썹,뷰티·미용 중 '피부관리'를 판매·제공하는 매장,006a03c8-0b03-4a37-bab3-4d9d608fbc7b,디바스킨 본점,피부관리,나주혁신도시 골목형상점가,골목형상점가,전라남도,2.0,3.0,,,P2_GRADED_ONLY,True,,,,,
04b7ff55d2151cbaeb4c,test,피부관리,T2 동의어,q_피부관리_02,속눈썹,뷰티·미용 중 '피부관리'를 판매·제공하는 매장,00222f52-5d1f-4fb1-b0a6-7b4864ce177f,아리따움서대문연희점,화장품,연희사러가,전통시장,서울특별시,1.0,2.0,,,P1_BINARY_THRESHOLD,True,,,,,
f28f92f09e4c6fdcc273,test,피부관리,T2 동의어,q_피부관리_02,속눈썹,뷰티·미용 중 '피부관리'를 판매·제공하는 매장,f78b58d4-5939-40ec-9683-2b415c5ec0f8,뷰티더비,속눈썹,광복마을길 골목형상점가,골목형상점가,광주광역시,3.0,3.0,,,RESOLVED_AGREEMENT,False,3,,,,
a53f3f9e825660dc6450,test,피부관리,T2 동의어,q_피부관리_02,속눈썹,뷰티·미용 중 '피부관리'를 판매·제공하는 매장,d2898586-e65d-4ce1-8d7b-4fbcabb87cd2,정무합기도체육관,합기도수련,벽산황계로 골목형상점가,골목형상점가,광주광역시,0.0,0.0,,,RESOLVED_AGREEMENT,False,0,,,,
6477f5e8bec394e65df9,test,피부관리,T2 동의어,q_피부관리_02,속눈썹,뷰티·미용 중 '피부관리'를 판매·제공하는 매장,e84b16f9-d996-45e6-8b9c-64729925a62a,퀸비속눈썹,속눈썹,금산프라자 골목형상점가,골목형상점가,경기도,3.0,3.0,,,RESOLVED_AGREEMENT,False,3,,,,
3fc1125f99f6e9807848,test,피부관리,T2 동의어,q_피부관리_02,속눈썹,뷰티·미용 중 '피부관리'를 판매·제공하는 매장,740eb5ca-620a-4bbc-82d7-5bc563ec11cd,리프레쉬,속눈썹,파랑새원룸상인회 골목형상점가,골목형상점가,광주광역시,3.0,3.0,,,RESOLVED_AGREEMENT,False,3,,,,
cdbe1f303bb250bc436e,test,피부관리,T2 동의어,q_피부관리_02,속눈썹,뷰티·미용 중 '피부관리'를 판매·제공하는 매장,855ba4dc-e111-4a57-a06c-0ce13b4f2b9b,연이네속눈썹,속눈썹연장,귀인동먹거리촌 골목형상점가,골목형상점가,경기도,3.0,3.0,,,RESOLVED_AGREEMENT,False,3,,,,
06d1101c1697cf9ef2e6,test,피부관리,T2 동의어,q_피부관리_02,속눈썹,뷰티·미용 중 '피부관리'를 판매·제공하는 매장,0017ec9c-4997-4ef5-a552-7fffc7dd149c,아리따움 진주서부점,화장품,진주 새서부시장,전통시장,경상남도,1.0,2.0,,,P1_BINARY_THRESHOLD,True,,,,,
555f2d1c8b232017eb81,test,피부관리,T2 동의어,q_피부관리_02,속눈썹,뷰티·미용 중 '피부관리'를 판매·제공하는 매장,00286d17-4dd8-4803-9e0d-4ce25169c0f7,에이치컬링,눈썹,약수초등길 중산 골목형상점가,골목형상점가,울산광역시,2.0,0.0,,,P1_BINARY_THRESHOLD,True,,,,,
6b14bf4165ae5f35023f,test,피부관리,T2 동의어,q_피부관리_02,속눈썹,뷰티·미용 중 '피부관리'를 판매·제공하는 매장,aadf5d6c-1690-4b09-9610-d4e4f9cf6d3c,아몬드,의류,서문시장2지구 종합상가,전통시장,대구광역시,0.0,0.0,,,RESOLVED_AGREEMENT,False,0,,,,
d3f1fcbe790bf1435df0,test,피부관리,T2 동의어,q_피부관리_02,속눈썹,뷰티·미용 중 '피부관리'를 판매·제공하는 매장,7aa59cee-5e9d-4e7b-b415-05e1f2d271bf,오늘the예쁜눈썹,속눈썹,서방골 골목형상점가,골목형상점가,광주광역시,3.0,3.0,,,RESOLVED_AGREEMENT,False,3,,,,
e347f915a8217159ee83,test,피부관리,T2 동의어,q_피부관리_02,속눈썹,뷰티·미용 중 '피부관리'를 판매·제공하는 매장,16159cfe-55e0-46d6-8fb7-83578471099d,주주브로우,속눈썹,해오름 골목형상점가,골목형상점가,경기도,3.0,3.0,,,RESOLVED_AGREEMENT,False,3,,,,
8bbb17ac7934ab8da2c4,test,피부관리,T2 동의어,q_피부관리_02,속눈썹,뷰티·미용 중 '피부관리'를 판매·제공하는 매장,0133de50-f3d8-44d7-99fb-0a05f3b2b13e,졔졔살롱,속눈썹미용,운암이 골목형상점가,골목형상점가,광주광역시,3.0,3.0,,,RESOLVED_AGREEMENT,False,3,,,,
0f61ae237f034c1de0ee,test,피부관리,T2 동의어,q_피부관리_02,속눈썹,뷰티·미용 중 '피부관리'를 판매·제공하는 매장,fa2edafb-65de-4168-8473-1efe2f062f41,바이준래쉬,속눈썹,하남 골목형상점가,골목형상점가,광주광역시,3.0,3.0,,,RESOLVED_AGREEMENT,False,3,,,,
323283967de5760a3c29,test,피부관리,T2 동의어,q_피부관리_02,속눈썹,뷰티·미용 중 '피부관리'를 판매·제공하는 매장,006a3db3-f148-48fb-a3ac-1a758ffae755,제이솜에스테틱,피부관리,효행구봉담상점가,골목형상점가,경기도,2.0,3.0,,,P2_GRADED_ONLY,True,,,,,
3aaa32da1bdec9f7a2bd,test,피부관리,T2 동의어,q_피부관리_02,속눈썹,뷰티·미용 중 '피부관리'를 판매·제공하는 매장,5af2c705-04bc-45a4-bc3c-e8db03ecb96d,이엘래쉬,속눈썹,신림별빛거리골목형상점가,골목형상점가,서울특별시,3.0,3.0,,,RESOLVED_AGREEMENT,False,3,,,,
a6e3eee7d7750c0ab78d,test,피부관리,T2 동의어,q_피부관리_02,속눈썹,뷰티·미용 중 '피부관리'를 판매·제공하는 매장,fccc3d4e-fbcd-410b-8866-8bf48db442d2,원트래쉬,속눈썹,옛 경양방죽 골목형상점가,골목형상점가,광주광역시,3.0,3.0,,,RESOLVED_AGREEMENT,False,3,,,,
9e53acafc2967c17dcce,test,피부관리,T2 동의어,q_피부관리_02,속눈썹,뷰티·미용 중 '피부관리'를 판매·제공하는 매장,013c7cfa-cbf1-4606-bfd2-cae2985377c0,피크래쉬룸(PEAK LASH ROOM),"메이크업, 속눈썹",금암동 골목형상점가,골목형상점가,충청남도,3.0,3.0,,,RESOLVED_AGREEMENT,False,3,,,,
4b7265a0bd18a02c0d8a,test,피부관리,T2 동의어,q_피부관리_02,속눈썹,뷰티·미용 중 '피부관리'를 판매·제공하는 매장,14f45676-ca6f-4fcb-aea7-c6b95ac1a077,루아 휴 헤드스파&에스테틱,,퍼스트원 골목형상점가,골목형상점가,세종특별자치시,2.0,3.0,,,P2_GRADED_ONLY,True,,,,,
b9702286ac74150b3b4c,test,피부관리,T2 동의어,q_피부관리_02,속눈썹,뷰티·미용 중 '피부관리'를 판매·제공하는 매장,00265f28-b733-4489-86bc-b86339c2f6c0,이비속눈썹,속눈썹연장,추억담은광주역뒷길 골목형상점가,골목형상점가,광주광역시,3.0,3.0,,,RESOLVED_AGREEMENT,False,3,,,,
bc590c154bef0a144a7e,test,피부관리,T2 동의어,q_피부관리_02,속눈썹,뷰티·미용 중 '피부관리'를 판매·제공하는 매장,2f0a3579-ecfa-49a1-bf9e-55512757d117,탑퀄래쉬,속눈썹,운암 예술 골목형상점가,골목형상점가,광주광역시,3.0,3.0,,,RESOLVED_AGREEMENT,False,3,,,,
e431598f29a772c623a2,test,피부관리,T2 동의어,q_피부관리_02,속눈썹,뷰티·미용 중 '피부관리'를 판매·제공하는 매장,0d33be7a-50a3-4872-b8b4-bd3efbd1f0b3,투유뷰티,속눈썹,풍암벚꽃길상인회 골목형상점가,골목형상점가,광주광역시,3.0,3.0,,,RESOLVED_AGREEMENT,False,3,,,,
f36d8b6bd0b6d59e046e,test,피부관리,T2 동의어,q_피부관리_02,속눈썹,뷰티·미용 중 '피부관리'를 판매·제공하는 매장,93795f0e-5c8b-4e75-bc62-66a306c9775c,버블래쉬,속눈썹,평촌1번가 상점가,자율상권구역,경기도,3.0,3.0,,,RESOLVED_AGREEMENT,False,3,,,,
db0e4a473e5d6d86cbf1,test,피부관리,T2 동의어,q_피부관리_02,속눈썹,뷰티·미용 중 '피부관리'를 판매·제공하는 매장,1d8563a3-6453-4917-8557-2e0f451878cf,뮤트온,속눈썹,양림공예거리 골목형상점가,골목형상점가,광주광역시,3.0,3.0,,,RESOLVED_AGREEMENT,False,3,,,,
fdd85a436603580d2a5d,test,피부관리,T2 동의어,q_피부관리_02,속눈썹,뷰티·미용 중 '피부관리'를 판매·제공하는 매장,490473b5-6838-46e5-915e-9c97344e4fcf,섬세희,속눈썹,무등산그린웰로제비앙 골목형상점가,골목형상점가,광주광역시,3.0,3.0,,,RESOLVED_AGREEMENT,False,3,,,,
21a49b7bb1dbec87dda1,test,피부관리,T2 동의어,q_피부관리_02,속눈썹,뷰티·미용 중 '피부관리'를 판매·제공하는 매장,bc933edc-4f95-4110-aa31-eb1a34865838,누니브로우,속눈썹,설악로데오거리상점가,자율상권구역,강원특별자치도,3.0,3.0,,,RESOLVED_AGREEMENT,False,3,,,,
310acc5743aef289f63e,test,피부관리,T2 동의어,q_피부관리_02,속눈썹,뷰티·미용 중 '피부관리'를 판매·제공하는 매장,5381c5e8-4b3e-4506-bbdf-54070c5f5f8d,서유뷰티,속눈썹,연제동 골목형상점가,골목형상점가,광주광역시,3.0,3.0,,,RESOLVED_AGREEMENT,False,3,,,,
985c3c5579ce1ee8f60d,test,피부관리,T2 동의어,q_피부관리_02,속눈썹,뷰티·미용 중 '피부관리'를 판매·제공하는 매장,f62e4a2d-6c0b-48d7-909a-6c3a2d16d72d,레이디스,속눈썹 연장 속눈썹 펌,부평 문화의거리,전통시장,인천광역시,3.0,3.0,,,RESOLVED_AGREEMENT,False,3,,,,
0440f3bdcbc12dbfc2fd,test,피부관리,T2 동의어,q_피부관리_02,속눈썹,뷰티·미용 중 '피부관리'를 판매·제공하는 매장,04e23271-38ff-40c1-92b8-657773758b60,무아르왁싱,"왁싱, 제모",과천스마트케이 골목형상점가,골목형상점가,경기도,2.0,3.0,,,P2_GRADED_ONLY,True,,,,,
84231a10c51f6a87c869,test,피부관리,T2 동의어,q_피부관리_02,속눈썹,뷰티·미용 중 '피부관리'를 판매·제공하는 매장,02288afa-ef79-4f20-a297-bf30982d8a6b,제이지니테라피,피부관리. 윤곽. 비대칭관리,부천 옥길 골목형상점가,골목형상점가,경기도,2.0,3.0,,,P2_GRADED_ONLY,True,,,,,
774274597804bb43c304,test,피부관리,T2 동의어,q_피부관리_02,속눈썹,뷰티·미용 중 '피부관리'를 판매·제공하는 매장,c3dd7319-73f4-4aa4-8a6e-e54ccbba4705,미미샾,속눈썹,의정부역지하상가,일반지하상점가,경기도,3.0,3.0,,,RESOLVED_AGREEMENT,False,3,,,,
89221807b76260f0c05c,test,피부관리,T2 동의어,q_피부관리_02,속눈썹,뷰티·미용 중 '피부관리'를 판매·제공하는 매장,9f970692-385c-45b2-b36a-0bc236187644,우리청과마트,청과,예술의거리 골목형상점가,골목형상점가,광주광역시,0.0,0.0,,,RESOLVED_AGREEMENT,False,0,,,,
372093e554bdbe1401d2,test,피부관리,T2 동의어,q_피부관리_02,속눈썹,뷰티·미용 중 '피부관리'를 판매·제공하는 매장,b30b358e-df9e-410d-acd1-dbc341f3a443,온양온천시장상인회협동조합,잡화,"온양온천시장(온양재래시장, 전통시장)",전통시장,충청남도,0.0,0.0,,,RESOLVED_AGREEMENT,False,0,,,,
e7e28f29425833aa6326,test,피부관리,T2 동의어,q_피부관리_02,속눈썹,뷰티·미용 중 '피부관리'를 판매·제공하는 매장,0145ebc4-2c3b-48a5-bdee-30b3cbffc69a,비바뷰티왁싱스튜디오,왁싱,백운진다리 골목형상점가,골목형상점가,광주광역시,2.0,3.0,,,P2_GRADED_ONLY,True,,,,,
9afad00555ec7a141e67,test,피부관리,T2 동의어,q_피부관리_02,속눈썹,뷰티·미용 중 '피부관리'를 판매·제공하는 매장,b1160ab1-25f8-42ac-b60c-8f9f30d5218b,브로아,속눈썹,삼각동 골목형상점가,골목형상점가,광주광역시,3.0,3.0,,,RESOLVED_AGREEMENT,False,3,,,,
f4bc19edac9ef5f9a547,test,피부관리,T2 동의어,q_피부관리_02,속눈썹,뷰티·미용 중 '피부관리'를 판매·제공하는 매장,04197336-2bd8-40eb-95d9-f9bd1d83b049,아온에스테틱,,대방디엠시티 골목형상점가,골목형상점가,전북특별자치도,2.0,3.0,,,P2_GRADED_ONLY,True,,,,,
6e31a7a01296cbefaa99,test,피부관리,T2 동의어,q_피부관리_02,속눈썹,뷰티·미용 중 '피부관리'를 판매·제공하는 매장,ce83ca58-a7e6-4713-8b4f-64ec89b465bd,뷰티끄혜,속눈썹,문정동로데오상점가,자율상권구역,서울특별시,3.0,3.0,,,RESOLVED_AGREEMENT,False,3,,,,
8e0c4d76b38948df6b2d,test,피부관리,T2 동의어,q_피부관리_02,속눈썹,뷰티·미용 중 '피부관리'를 판매·제공하는 매장,6e8cf584-d574-423a-9a7c-479341a6e4a1,눈썹공쥬,속눈썹,봉선1로 골목형상점가,골목형상점가,광주광역시,3.0,3.0,,,RESOLVED_AGREEMENT,False,3,,,,
bef23e9ac408617293a1,test,피부관리,T2 동의어,q_피부관리_02,속눈썹,뷰티·미용 중 '피부관리'를 판매·제공하는 매장,eb80cdec-f33b-4cd4-a2b0-aeff52b7dbeb,이유엘,속눈썹,오케이 양산동 골목형상점가,골목형상점가,광주광역시,3.0,3.0,,,RESOLVED_AGREEMENT,False,3,,,,
7e0d2e342a0c4f1af10b,test,피부관리,T2 동의어,q_피부관리_02,속눈썹,뷰티·미용 중 '피부관리'를 판매·제공하는 매장,820c3557-bbb6-4914-b19a-343b1537be16,김대리뷰티랩,"속눈썹 펌, 속눈썹 연장",태장사거리 골목형상점가,골목형상점가,경기도,3.0,3.0,,,RESOLVED_AGREEMENT,False,3,,,,
05afe6f27c3f9514d9a1,test,피부관리,T2 동의어,q_피부관리_02,속눈썹,뷰티·미용 중 '피부관리'를 판매·제공하는 매장,42dbdde7-ae1d-413e-a6f9-e13a277be2e5,이엠뷰티,속눈썹,야탑 골목형상점가,골목형상점가,경기도,3.0,3.0,,,RESOLVED_AGREEMENT,False,3,,,,
ad8a1925124d1163155a,test,피부관리,T2 동의어,q_피부관리_02,속눈썹,뷰티·미용 중 '피부관리'를 판매·제공하는 매장,c2c425c3-02e8-4f4b-8f82-50fb65c35a51,써니 속눈썹,속눈썹,첨단시네파크 골목형상점가,골목형상점가,광주광역시,3.0,3.0,,,RESOLVED_AGREEMENT,False,3,,,,
68010bedb069d8e19268,test,피부관리,T2 동의어,q_피부관리_02,속눈썹,뷰티·미용 중 '피부관리'를 판매·제공하는 매장,00131122-77cf-4772-b141-202f0f950f5c,라라샵,화장품,유성신나는 골목형상점가,골목형상점가,대전광역시,1.0,2.0,,,P1_BINARY_THRESHOLD,True,,,,,
f18c5cd66b4bc51012f4,test,피부관리,T2 동의어,q_피부관리_02,속눈썹,뷰티·미용 중 '피부관리'를 판매·제공하는 매장,ec0b938b-cbe0-4a08-9425-2483303b56aa,스튜디오헨,속눈썹 미용,산본로데오거리(구 산본중심상가),자율상권구역,경기도,3.0,3.0,,,RESOLVED_AGREEMENT,False,3,,,,
e2ebdebd2e1d82c76c39,test,피부관리,T2 동의어,q_피부관리_02,속눈썹,뷰티·미용 중 '피부관리'를 판매·제공하는 매장,f4efb8a0-d62e-412a-9f9d-0e60ab022141,슈속눈썹,속눈썹 미용업,거제 장평종합시장,전통시장,경상남도,3.0,3.0,,,RESOLVED_AGREEMENT,False,3,,,,
7468867133aecfbac853,test,피부관리,T2 동의어,q_피부관리_02,속눈썹,뷰티·미용 중 '피부관리'를 판매·제공하는 매장,046c8087-df4f-4578-bcf6-ddb6ac06bd93,아나토미 에스테틱 천안점,에스테틱,불당1번가골목형상점가,골목형상점가,충청남도,2.0,3.0,,,P2_GRADED_ONLY,True,,,,,
04b94fd1ba8a4b41f730,test,피부관리,T2 동의어,q_피부관리_02,속눈썹,뷰티·미용 중 '피부관리'를 판매·제공하는 매장,675e9c3f-b2a8-4ff7-ba86-baa0d692968c,달다뷰티,속눈썹,나주혁신도시 골목형상점가,골목형상점가,전라남도,3.0,3.0,,,RESOLVED_AGREEMENT,False,3,,,,
34b1583480dcef8a2cde,test,피부관리,T2 동의어,q_피부관리_02,속눈썹,뷰티·미용 중 '피부관리'를 판매·제공하는 매장,52601f73-99b1-4f51-9043-ef7afee396ed,"네일도,속눈썹","속눈썹, 네일",하단자율상권구역,기타,부산광역시,3.0,3.0,,,RESOLVED_AGREEMENT,False,3,,,,
467631f824a5d7cfa441,test,피부관리,T2 동의어,q_피부관리_02,속눈썹,뷰티·미용 중 '피부관리'를 판매·제공하는 매장,0b781873-4848-440d-9845-519fe314cb94,비비한 뷰티&왁싱,피부왁싱,호남동불로동천변 골목형상점가,골목형상점가,광주광역시,2.0,3.0,,,P2_GRADED_ONLY,True,,,,,
77e1fa0e937525c2b7f3,test,피부관리,T2 동의어,q_피부관리_02,속눈썹,뷰티·미용 중 '피부관리'를 판매·제공하는 매장,1d39494e-cc63-4ac2-af0f-0f349de60e56,르주비아 에스테틱,,포항중앙상가,전통시장,경상북도,2.0,3.0,,,P2_GRADED_ONLY,True,,,,,
435874550057783c3afc,test,피부관리,T2 동의어,q_피부관리_03,에스테틱,뷰티·미용 중 '피부관리'를 판매·제공하는 매장,0b781873-4848-440d-9845-519fe314cb94,비비한 뷰티&왁싱,피부왁싱,호남동불로동천변 골목형상점가,골목형상점가,광주광역시,2.0,3.0,,,P2_GRADED_ONLY,True,,,,,
6500c2a698cfbdebbb0b,test,피부관리,T2 동의어,q_피부관리_03,에스테틱,뷰티·미용 중 '피부관리'를 판매·제공하는 매장,65850af6-ca33-4bec-a5e6-5e8fdb3003c4,에스테틱 핸즈온유,,한뜰누리 골목형상점가,골목형상점가,세종특별자치시,3.0,3.0,,,RESOLVED_AGREEMENT,False,3,,,,
c24a4ffc4370f4f89e2b,test,피부관리,T2 동의어,q_피부관리_03,에스테틱,뷰티·미용 중 '피부관리'를 판매·제공하는 매장,54adb860-03fc-427a-88f6-d2a120f2872f,봄날에스테틱,,비카인드 자율상권구역,,경상북도,3.0,3.0,,,RESOLVED_AGREEMENT,False,3,,,,
65795b753387b85e605e,test,피부관리,T2 동의어,q_피부관리_03,에스테틱,뷰티·미용 중 '피부관리'를 판매·제공하는 매장,906640d4-8721-4a97-a261-530daeaa1c90,불탄,돼지고기,일곡동 골목형상점가,골목형상점가,광주광역시,0.0,0.0,,,RESOLVED_AGREEMENT,False,0,,,,
e7eeefd35360860421b4,test,피부관리,T2 동의어,q_피부관리_03,에스테틱,뷰티·미용 중 '피부관리'를 판매·제공하는 매장,c9807917-2e3c-4cb6-97c2-5f2e6a8e3e6b,한비 에스테틱,피부관리,전남대 상대 골목형상점가,골목형상점가,광주광역시,3.0,3.0,,,RESOLVED_AGREEMENT,False,3,,,,
27fca76147ccda2d9f97,test,피부관리,T2 동의어,q_피부관리_03,에스테틱,뷰티·미용 중 '피부관리'를 판매·제공하는 매장,03d1cc56-4ab0-4784-8dfa-bcae8e0a5fec,듀엘 에스테틱,피부관리,신림별빛거리골목형상점가,골목형상점가,서울특별시,3.0,3.0,,,RESOLVED_AGREEMENT,False,3,,,,
401610661b42030ab6dd,test,피부관리,T2 동의어,q_피부관리_03,에스테틱,뷰티·미용 중 '피부관리'를 판매·제공하는 매장,00265f28-b733-4489-86bc-b86339c2f6c0,이비속눈썹,속눈썹연장,추억담은광주역뒷길 골목형상점가,골목형상점가,광주광역시,2.0,3.0,,,P2_GRADED_ONLY,True,,,,,
c6c8e6dd2fc0b178e031,test,피부관리,T2 동의어,q_피부관리_03,에스테틱,뷰티·미용 중 '피부관리'를 판매·제공하는 매장,04e23271-38ff-40c1-92b8-657773758b60,무아르왁싱,"왁싱, 제모",과천스마트케이 골목형상점가,골목형상점가,경기도,2.0,3.0,,,P2_GRADED_ONLY,True,,,,,
50ff8a54be3b0a6a29ac,test,피부관리,T2 동의어,q_피부관리_03,에스테틱,뷰티·미용 중 '피부관리'를 판매·제공하는 매장,b9407981-f790-47b4-85f8-a8fe0b484d5a,유에스테틱,,송강동 골목형상점가,골목형상점가,대전광역시,3.0,3.0,,,RESOLVED_AGREEMENT,False,3,,,,
7317ec0ce6dc5e34ab5a,test,피부관리,T2 동의어,q_피부관리_03,에스테틱,뷰티·미용 중 '피부관리'를 판매·제공하는 매장,1f6f8f5a-ec51-4dab-b14f-ee796b8f1716,아음 에스테틱,피부미용,영통역아이파크 골목형상점가,골목형상점가,경기도,2.0,3.0,,,P2_GRADED_ONLY,True,,,,,
c80559f1cc29c8ffb5ee,test,피부관리,T2 동의어,q_피부관리_03,에스테틱,뷰티·미용 중 '피부관리'를 판매·제공하는 매장,0c3f6ae1-9bec-46f1-a43a-b61009758761,세종왁싱 보람뷰티,왁싱 속눈썹펌,보람동 골목형상점가,골목형상점가,세종특별자치시,2.0,3.0,,,P2_GRADED_ONLY,True,,,,,
b21e304a6a9d1f3bb09e,test,피부관리,T2 동의어,q_피부관리_03,에스테틱,뷰티·미용 중 '피부관리'를 판매·제공하는 매장,022f921a-9545-4be5-a4ce-d628a782c282,마이뷰티,피부관리 왁싱 속눈썹,마산 오동동 창동 어시장 상권활성화구역,상권활성화구역,경상남도,3.0,3.0,,,RESOLVED_AGREEMENT,False,3,,,,
86f6d1fae5a6bc50ffc7,test,피부관리,T2 동의어,q_피부관리_03,에스테틱,뷰티·미용 중 '피부관리'를 판매·제공하는 매장,d37407b5-f03f-4f56-8aa3-13ce75d21bfe,김영아 에스테틱,,사직거인 골목형상점가,골목형상점가,부산광역시,3.0,3.0,,,RESOLVED_AGREEMENT,False,3,,,,
cd38dcc051b000cc3534,test,피부관리,T2 동의어,q_피부관리_03,에스테틱,뷰티·미용 중 '피부관리'를 판매·제공하는 매장,a744a4d7-17a0-4130-b4b0-1e32641ea3da,끌림에스테틱,,명장중앙 골목형상점가,골목형상점가,부산광역시,3.0,3.0,,,RESOLVED_AGREEMENT,False,3,,,,
fad64192ed37c748708e,test,피부관리,T2 동의어,q_피부관리_03,에스테틱,뷰티·미용 중 '피부관리'를 판매·제공하는 매장,81d31250-2aa1-4db2-85ea-90b6a0371db7,에제르 에스테틱,피부미용,범한프라자시장,전통시장,경기도,2.0,3.0,,,P2_GRADED_ONLY,True,,,,,
28512555f3740212e922,test,피부관리,T2 동의어,q_피부관리_03,에스테틱,뷰티·미용 중 '피부관리'를 판매·제공하는 매장,cabf3a35-5940-43b8-877d-09b8d23c478a,오늘 에스테틱,미용 화장품,월산상가 골목형 상점가,골목형상점가,충청남도,2.0,3.0,,,P2_GRADED_ONLY,True,,,,,
5af9b2ca08a5cb37852f,test,피부관리,T2 동의어,q_피부관리_03,에스테틱,뷰티·미용 중 '피부관리'를 판매·제공하는 매장,46b5b700-a2fa-4241-97e3-e1c100784b13,원 에프에스(FS),"식자재, 집단급식소식품판매",마산어시장,전통시장,경상남도,0.0,0.0,,,RESOLVED_AGREEMENT,False,0,,,,
229f739d9a0ce3d1e40a,test,피부관리,T2 동의어,q_피부관리_03,에스테틱,뷰티·미용 중 '피부관리'를 판매·제공하는 매장,008c73ed-3ece-452b-aa49-b96b73ff1ba1,온결 스킨앤바디,화장품,가재마을 골목형상점가,골목형상점가,세종특별자치시,1.0,2.0,,,P1_BINARY_THRESHOLD,True,,,,,
153f84ae1a344ef8cf4b,test,피부관리,T2 동의어,q_피부관리_03,에스테틱,뷰티·미용 중 '피부관리'를 판매·제공하는 매장,3a44a587-1ca3-4209-afad-dea190f3fb96,와드 에스테틱,미용,신사세로수길골목형상점가,골목형상점가,서울특별시,2.0,3.0,,,P2_GRADED_ONLY,True,,,,,
d922f31fda792fc2efdd,test,피부관리,T2 동의어,q_피부관리_03,에스테틱,뷰티·미용 중 '피부관리'를 판매·제공하는 매장,659ee2fd-cd1f-45e1-b4d7-b7b9c8e8af37,휴에스테틱,미용,지웰시티자이상가 골목형상점가,골목형상점가,울산광역시,2.0,3.0,,,P2_GRADED_ONLY,True,,,,,
298c066a2358265124b9,test,피부관리,T2 동의어,q_피부관리_03,에스테틱,뷰티·미용 중 '피부관리'를 판매·제공하는 매장,51fe0412-c586-462a-8feb-21c94bc423b0,혜아리움 에스테틱,,선부광장로상점가,자율상권구역,경기도,3.0,3.0,,,RESOLVED_AGREEMENT,False,3,,,,
39ca305d6ba6a05a1eec,test,피부관리,T2 동의어,q_피부관리_03,에스테틱,뷰티·미용 중 '피부관리'를 판매·제공하는 매장,0133de50-f3d8-44d7-99fb-0a05f3b2b13e,졔졔살롱,속눈썹미용,운암이 골목형상점가,골목형상점가,광주광역시,2.0,3.0,,,P2_GRADED_ONLY,True,,,,,
ce9cd48d1f4e523eba5a,test,피부관리,T2 동의어,q_피부관리_03,에스테틱,뷰티·미용 중 '피부관리'를 판매·제공하는 매장,27ab6aeb-80a7-42ae-bf92-1ad49d110100,수수한 에스테틱,서비스,옛 경양방죽 골목형상점가,골목형상점가,광주광역시,2.0,3.0,,,P2_GRADED_ONLY,True,,,,,
8bf315c2861debc7c842,test,피부관리,T2 동의어,q_피부관리_03,에스테틱,뷰티·미용 중 '피부관리'를 판매·제공하는 매장,189373fe-0b87-46cc-8260-c73318026f00,렌 에스테틱,피부관리,효천로 골목형상점가,골목형상점가,광주광역시,3.0,3.0,,,RESOLVED_AGREEMENT,False,3,,,,
10776e1a2e422007c948,test,피부관리,T2 동의어,q_피부관리_03,에스테틱,뷰티·미용 중 '피부관리'를 판매·제공하는 매장,9e362ea8-3592-49a7-89ec-4fc18a85c0dd,에르떼 에스테틱,미용,양원숲길 골목형상점가,골목형상점가,서울특별시,2.0,3.0,,,P2_GRADED_ONLY,True,,,,,
96435bc2ddb1f676636a,test,피부관리,T2 동의어,q_피부관리_03,에스테틱,뷰티·미용 중 '피부관리'를 판매·제공하는 매장,006a3db3-f148-48fb-a3ac-1a758ffae755,제이솜에스테틱,피부관리,효행구봉담상점가,골목형상점가,경기도,3.0,3.0,,,RESOLVED_AGREEMENT,False,3,,,,
9d94f89ff89ee9a36549,test,피부관리,T2 동의어,q_피부관리_03,에스테틱,뷰티·미용 중 '피부관리'를 판매·제공하는 매장,56fc6689-0ef2-4263-960c-ce42bb768410,에스테틱 영온,피부관리,송정우정 골목형상점가,골목형상점가,광주광역시,3.0,3.0,,,RESOLVED_AGREEMENT,False,3,,,,
79b5213341258522a3ff,test,피부관리,T2 동의어,q_피부관리_03,에스테틱,뷰티·미용 중 '피부관리'를 판매·제공하는 매장,00998e68-6f7e-4b3f-9476-72ba1ac3466e,라테라스 테라피,피부관리,치평1230상인회 골목형상점가,골목형상점가,광주광역시,3.0,3.0,,,RESOLVED_AGREEMENT,False,3,,,,
06af027978db2c2c2df5,test,피부관리,T2 동의어,q_피부관리_03,에스테틱,뷰티·미용 중 '피부관리'를 판매·제공하는 매장,da19e724-97b0-4ddf-9d78-7c51fc95d066,코샤 에스테틱,피부미용,나성동 골목형상점가,골목형상점가,세종특별자치시,2.0,3.0,,,P2_GRADED_ONLY,True,,,,,
b7c125cd8ffcd247a330,test,피부관리,T2 동의어,q_피부관리_03,에스테틱,뷰티·미용 중 '피부관리'를 판매·제공하는 매장,01e7b141-ae3b-42a3-9322-65f1223986b0,에일린 에스테틱,미용,포항 대이상가 골목형상점가,골목형상점가,경상북도,2.0,3.0,,,P2_GRADED_ONLY,True,,,,,
f5a5ae00faae2cf5399c,test,피부관리,T2 동의어,q_피부관리_03,에스테틱,뷰티·미용 중 '피부관리'를 판매·제공하는 매장,dd4b390c-1a76-4f09-ade3-d184a3f6f438,카라 에스테틱,,반도 골목형상점가,골목형상점가,충청남도,3.0,3.0,,,RESOLVED_AGREEMENT,False,3,,,,
bb17a552fcae98642838,test,피부관리,T2 동의어,q_피부관리_03,에스테틱,뷰티·미용 중 '피부관리'를 판매·제공하는 매장,eb7426c8-17de-4d0b-8731-086155d9c0f9,퓨어에스테틱,,강남개포시장(구 개포2동중심상점가),자율상권구역,서울특별시,3.0,3.0,,,RESOLVED_AGREEMENT,False,3,,,,
bce77981739dd4e76ae6,test,피부관리,T2 동의어,q_피부관리_03,에스테틱,뷰티·미용 중 '피부관리'를 판매·제공하는 매장,14f45676-ca6f-4fcb-aea7-c6b95ac1a077,루아 휴 헤드스파&에스테틱,,퍼스트원 골목형상점가,골목형상점가,세종특별자치시,3.0,3.0,,,RESOLVED_AGREEMENT,False,3,,,,
7669f80e27f95c42b159,test,피부관리,T2 동의어,q_피부관리_03,에스테틱,뷰티·미용 중 '피부관리'를 판매·제공하는 매장,5f6f22ca-af61-40df-9519-08611206b284,윤슬에스테틱,,치동천 수변상가,자율상권구역,경기도,3.0,3.0,,,RESOLVED_AGREEMENT,False,3,,,,
c08612e9de0258516bfb,test,피부관리,T2 동의어,q_피부관리_03,에스테틱,뷰티·미용 중 '피부관리'를 판매·제공하는 매장,ce89996a-0f72-478f-b10a-ed8e5e2ef269,아미가 에스테틱,,잠실 장미종합상가 골목형상점가,골목형상점가,서울특별시,3.0,3.0,,,RESOLVED_AGREEMENT,False,3,,,,
18d187e4f3beda5b3ea6,test,피부관리,T2 동의어,q_피부관리_03,에스테틱,뷰티·미용 중 '피부관리'를 판매·제공하는 매장,1d39494e-cc63-4ac2-af0f-0f349de60e56,르주비아 에스테틱,,포항중앙상가,전통시장,경상북도,3.0,3.0,,,RESOLVED_AGREEMENT,False,3,,,,
7a77352bc5606c12bc14,test,피부관리,T2 동의어,q_피부관리_03,에스테틱,뷰티·미용 중 '피부관리'를 판매·제공하는 매장,541a4a0e-99f8-4beb-b6e8-2351362277b8,언트 에스테틱,피부미용,평촌1번가 상점가,자율상권구역,경기도,2.0,3.0,,,P2_GRADED_ONLY,True,,,,,
157f564e8d37475927c8,test,피부관리,T2 동의어,q_피부관리_03,에스테틱,뷰티·미용 중 '피부관리'를 판매·제공하는 매장,3583cc29-2711-4e01-953b-784de545f930,양푼이동태탕,동태탕알탕,서구청먹자골목상인회 골목형상점가,골목형상점가,광주광역시,0.0,0.0,,,RESOLVED_AGREEMENT,False,0,,,,
46582542d8664bafbd9c,test,피부관리,T2 동의어,q_피부관리_03,에스테틱,뷰티·미용 중 '피부관리'를 판매·제공하는 매장,013c7cfa-cbf1-4606-bfd2-cae2985377c0,피크래쉬룸(PEAK LASH ROOM),"메이크업, 속눈썹",금암동 골목형상점가,골목형상점가,충청남도,2.0,3.0,,,P2_GRADED_ONLY,True,,,,,
b1312bbedc4a32a48a96,test,피부관리,T2 동의어,q_피부관리_03,에스테틱,뷰티·미용 중 '피부관리'를 판매·제공하는 매장,04197336-2bd8-40eb-95d9-f9bd1d83b049,아온에스테틱,,대방디엠시티 골목형상점가,골목형상점가,전북특별자치도,3.0,3.0,,,RESOLVED_AGREEMENT,False,3,,,,
20b748e653cddce70636,test,피부관리,T2 동의어,q_피부관리_03,에스테틱,뷰티·미용 중 '피부관리'를 판매·제공하는 매장,b5e027e9-0b89-4a1e-835a-bca919eb9541,예지미 에스테틱,미용,산본로데오거리(구 산본중심상가),자율상권구역,경기도,2.0,3.0,,,P2_GRADED_ONLY,True,,,,,
6fe1700d31b4936fb9ac,test,피부관리,T2 동의어,q_피부관리_03,에스테틱,뷰티·미용 중 '피부관리'를 판매·제공하는 매장,e4ce4778-6726-45be-ac95-528d3c72e35b,르올 에스테틱,피부 미용업,유성문화원 골목형상점가,골목형상점가,대전광역시,2.0,3.0,,,P2_GRADED_ONLY,True,,,,,
b3ed2ab768eaba9b9f10,test,피부관리,T2 동의어,q_피부관리_03,에스테틱,뷰티·미용 중 '피부관리'를 판매·제공하는 매장,5452f66d-e187-4ee9-be07-8e272b68980f,에스테틱 은보떼,,첨단쌍이 골목형상점가,골목형상점가,광주광역시,3.0,3.0,,,RESOLVED_AGREEMENT,False,3,,,,
921c369666a580c7e41e,test,피부관리,T2 동의어,q_피부관리_03,에스테틱,뷰티·미용 중 '피부관리'를 판매·제공하는 매장,a4e57122-7838-44b6-8681-59b4089ed8e1,청담에스테틱,,아주대 대학로 골목형상점가,골목형상점가,경기도,3.0,3.0,,,RESOLVED_AGREEMENT,False,3,,,,
775056cedc910cd29b0d,test,피부관리,T2 동의어,q_피부관리_03,에스테틱,뷰티·미용 중 '피부관리'를 판매·제공하는 매장,9b369eb1-bd43-413a-bd34-c25407c0c5d0,현에스테틱,,용대로119번길 골목형상점가,골목형상점가,,3.0,3.0,,,RESOLVED_AGREEMENT,False,3,,,,
fd431f7ea5ad8c84e2ed,test,피부관리,T2 동의어,q_피부관리_03,에스테틱,뷰티·미용 중 '피부관리'를 판매·제공하는 매장,046c8087-df4f-4578-bcf6-ddb6ac06bd93,아나토미 에스테틱 천안점,에스테틱,불당1번가골목형상점가,골목형상점가,충청남도,3.0,3.0,,,RESOLVED_AGREEMENT,False,3,,,,
702514a8ce9b930e8363,test,피부관리,T2 동의어,q_피부관리_03,에스테틱,뷰티·미용 중 '피부관리'를 판매·제공하는 매장,4bf3d422-841c-4f45-aa1a-aa1b0d319dfb,자연속에 에스테틱,피부미용,나성동 골목형상점가,골목형상점가,세종특별자치시,2.0,3.0,,,P2_GRADED_ONLY,True,,,,,
3fbfe800d04b0b3c6c0a,test,피부관리,T2 동의어,q_피부관리_03,에스테틱,뷰티·미용 중 '피부관리'를 판매·제공하는 매장,50e3349c-2269-40d7-b19f-dc08d7381a60,루담에스테틱,,루원푸르지오 골목형상점가,골목형상점가,인천광역시,3.0,3.0,,,RESOLVED_AGREEMENT,False,3,,,,
bb14825b612ea3245e7e,test,피부관리,T2 동의어,q_피부관리_03,에스테틱,뷰티·미용 중 '피부관리'를 판매·제공하는 매장,cf6d06e8-aeb0-412c-8c1b-cbb28f2e11d3,트리엘 에스테틱,피부,중흥동 큰샘길 골목형상점가,골목형상점가,광주광역시,2.0,3.0,,,P2_GRADED_ONLY,True,,,,,
1ec1e14281e3ec86647a,test,피부관리,T2 동의어,q_피부관리_03,에스테틱,뷰티·미용 중 '피부관리'를 판매·제공하는 매장,6694bbf7-95a6-479a-b3df-9a95642d4389,웰 에스테틱,화장품,엄사 골목형상점가,골목형상점가,충청남도,2.0,3.0,,,P2_GRADED_ONLY,True,,,,,
b5fa9f13f9c2d0841537,test,피부관리,T2 동의어,q_피부관리_03,에스테틱,뷰티·미용 중 '피부관리'를 판매·제공하는 매장,02288afa-ef79-4f20-a297-bf30982d8a6b,제이지니테라피,피부관리. 윤곽. 비대칭관리,부천 옥길 골목형상점가,골목형상점가,경기도,3.0,3.0,,,RESOLVED_AGREEMENT,False,3,,,,
56559f9997658a5972b5,test,피부관리,T2 동의어,q_피부관리_03,에스테틱,뷰티·미용 중 '피부관리'를 판매·제공하는 매장,789835d3-852a-4838-b485-a5d37cfaef45,홍천족발,족발보쌈,도농상점가,자율상권구역,경기도,0.0,0.0,,,RESOLVED_AGREEMENT,False,0,,,,
1570d39a5641ec821e01,test,피부관리,T2 동의어,q_피부관리_03,에스테틱,뷰티·미용 중 '피부관리'를 판매·제공하는 매장,fe483c7a-5ea7-4613-9254-d49fa22d9968,룬 에스테틱,피부미용,현대센트럴스퀘어,골목형상점가,경기도,2.0,3.0,,,P2_GRADED_ONLY,True,,,,,
70bc373f7724a09a798c,test,피부관리,T2 동의어,q_피부관리_03,에스테틱,뷰티·미용 중 '피부관리'를 판매·제공하는 매장,b508f13d-f990-405e-9742-0cbec3b7f3a7,유에스테틱,,루원푸르지오 골목형상점가,골목형상점가,인천광역시,3.0,3.0,,,RESOLVED_AGREEMENT,False,3,,,,
8bfffd06b76079ddf49f,test,피부관리,T2 동의어,q_피부관리_03,에스테틱,뷰티·미용 중 '피부관리'를 판매·제공하는 매장,e342a9ae-fec9-4c1c-ad0f-9e2e4555d64d,율에스테틱,화장품,정읍중앙로상점가,자율상권구역,전북특별자치도,2.0,3.0,,,P2_GRADED_ONLY,True,,,,,
da954c29b5f376302c7c,test,피부관리,T2 동의어,q_피부관리_03,에스테틱,뷰티·미용 중 '피부관리'를 판매·제공하는 매장,7fd8806c-9066-4414-b4d8-1d49fc12bff2,바니 에스테틱,,한들물빛도시 골목형 상점가,골목형상점가,충청남도,3.0,3.0,,,RESOLVED_AGREEMENT,False,3,,,,
7c12875769ab5c5e99d0,test,피부관리,T2 동의어,q_피부관리_03,에스테틱,뷰티·미용 중 '피부관리'를 판매·제공하는 매장,0145ebc4-2c3b-48a5-bdee-30b3cbffc69a,비바뷰티왁싱스튜디오,왁싱,백운진다리 골목형상점가,골목형상점가,광주광역시,2.0,3.0,,,P2_GRADED_ONLY,True,,,,,
b3abd5b9b82b123259d7,test,피부관리,T2 동의어,q_피부관리_03,에스테틱,뷰티·미용 중 '피부관리'를 판매·제공하는 매장,f5414291-e36f-4f69-b21c-6115ef871b5f,톤에스테틱,,어진동 골목형상점가,골목형상점가,세종특별자치시,3.0,3.0,,,RESOLVED_AGREEMENT,False,3,,,,
21285c264443eed3e4f5,test,피부관리,T2 동의어,q_피부관리_03,에스테틱,뷰티·미용 중 '피부관리'를 판매·제공하는 매장,46f151c1-8fa0-45f8-bda4-ecd82c74ccfa,맘앤맘마광주광산점,이유식,선운 골목형상점가,골목형상점가,광주광역시,0.0,0.0,,,RESOLVED_AGREEMENT,False,0,,,,
46e6e68568df40f77b7d,test,피부관리,T2 동의어,q_피부관리_03,에스테틱,뷰티·미용 중 '피부관리'를 판매·제공하는 매장,0017ec9c-4997-4ef5-a552-7fffc7dd149c,아리따움 진주서부점,화장품,진주 새서부시장,전통시장,경상남도,1.0,2.0,,,P1_BINARY_THRESHOLD,True,,,,,
94e0400ea00d505b56a7,test,피부관리,T2 동의어,q_피부관리_03,에스테틱,뷰티·미용 중 '피부관리'를 판매·제공하는 매장,93bc3ed7-3968-4438-82e2-7a69f5340c09,헤이븐 헤어&에스테틱,,퀸덤3단지골목형상점가,골목형상점가,부산광역시,3.0,3.0,,,RESOLVED_AGREEMENT,False,3,,,,
10e8319b6ad7bf00d640,test,피부관리,T2 동의어,q_피부관리_03,에스테틱,뷰티·미용 중 '피부관리'를 판매·제공하는 매장,003cdc8a-95fe-43ea-8350-f4c63913a6f8,정선화장품,화장품,오천시장,전통시장,경상북도,1.0,2.0,,,P1_BINARY_THRESHOLD,True,,,,,
0634226a6278c1dd11d5,test,피부관리,T2 동의어,q_피부관리_03,에스테틱,뷰티·미용 중 '피부관리'를 판매·제공하는 매장,d300bd1f-b7dc-4cb8-9faf-1a7183760d53,꿈꾸는 아이들 서점,도서,옥산동골목형상점가,골목형상점가,경상북도,0.0,0.0,,,RESOLVED_AGREEMENT,False,0,,,,
6bb405e2aca30de22316,test,피부관리,T2 동의어,q_피부관리_03,에스테틱,뷰티·미용 중 '피부관리'를 판매·제공하는 매장,885c4770-334a-4f37-92e4-fef4f816a252,해스테틱,,대봉모리 골목형상점가,골목형상점가,대구광역시,2.0,0.0,,,P1_BINARY_THRESHOLD,True,,,,,
3d08388abb37c1b4c5a6,test,피부관리,T2 동의어,q_피부관리_03,에스테틱,뷰티·미용 중 '피부관리'를 판매·제공하는 매장,e8549c75-d81d-4d9a-bfea-0c25fccd6a12,씨앤씨(C&C)에스테틱,에스테틱,마산 대동씨코아상가시장,전통시장,경상남도,3.0,3.0,,,RESOLVED_AGREEMENT,False,3,,,,
b8d71c6c7dd5a9c49651,test,피부관리,T2 동의어,q_피부관리_03,에스테틱,뷰티·미용 중 '피부관리'를 판매·제공하는 매장,f6092160-57a9-42eb-92a6-dd6783f3840c,보다 에스테틱,피부,동탄상가,자율상권구역,경기도,2.0,3.0,,,P2_GRADED_ONLY,True,,,,,
113452cf40a39fa01219,test,피부관리,T2 동의어,q_피부관리_03,에스테틱,뷰티·미용 중 '피부관리'를 판매·제공하는 매장,177d0d8a-93c5-4ed5-a959-545c6b2995ed,손길 에스테틱,피부 미용업,다정중앙 골목형상점가,골목형상점가,세종특별자치시,2.0,3.0,,,P2_GRADED_ONLY,True,,,,,
ec90031ae6781ed9880b,test,피부관리,T2 동의어,q_피부관리_03,에스테틱,뷰티·미용 중 '피부관리'를 판매·제공하는 매장,a45bcc00-3c9d-409d-ab15-ce82186310df,고운 에스테틱,,화정현대 골목형상점가,골목형상점가,경기도,3.0,3.0,,,RESOLVED_AGREEMENT,False,3,,,,
e270d7053211f3d9094c,test,피부관리,T2 동의어,q_피부관리_03,에스테틱,뷰티·미용 중 '피부관리'를 판매·제공하는 매장,7f3c6716-5d9d-488f-ac18-fd623c2d788d,더라인미 에스테틱,미용,탕정역 지웰시티몰 3단지 골목형상점가,골목형상점가,충청남도,2.0,3.0,,,P2_GRADED_ONLY,True,,,,,
4c9dd49689c47bb4bccf,test,피부관리,T2 동의어,q_피부관리_03,에스테틱,뷰티·미용 중 '피부관리'를 판매·제공하는 매장,01c0d290-258d-473d-b10e-ab313f96502b,연에스테틱,,유촌동상인회 골목형상점가,골목형상점가,광주광역시,3.0,3.0,,,RESOLVED_AGREEMENT,False,3,,,,
a913a5958fbcf08e5913,test,피부관리,T2 동의어,q_피부관리_03,에스테틱,뷰티·미용 중 '피부관리'를 판매·제공하는 매장,004a8de5-69c1-4c55-a507-54e016703431,마중물뷰티동,소매(화장품),은마종합상점가,자율상권구역,서울특별시,1.0,2.0,,,P1_BINARY_THRESHOLD,True,,,,,
2a3d873ad230d5faa0e0,test,피부관리,T2 동의어,q_피부관리_03,에스테틱,뷰티·미용 중 '피부관리'를 판매·제공하는 매장,00131122-77cf-4772-b141-202f0f950f5c,라라샵,화장품,유성신나는 골목형상점가,골목형상점가,대전광역시,1.0,2.0,,,P1_BINARY_THRESHOLD,True,,,,,
22d86b0aa5f849d9b69f,test,피부관리,T2 동의어,q_피부관리_03,에스테틱,뷰티·미용 중 '피부관리'를 판매·제공하는 매장,00222f52-5d1f-4fb1-b0a6-7b4864ce177f,아리따움서대문연희점,화장품,연희사러가,전통시장,서울특별시,1.0,2.0,,,P1_BINARY_THRESHOLD,True,,,,,
3467f35a2cabf9487e71,test,피부관리,T2 동의어,q_피부관리_03,에스테틱,뷰티·미용 중 '피부관리'를 판매·제공하는 매장,7ff530f8-60b7-4dba-b2e0-d093e3765692,화온에스테틱,,양산길 골목형상점가,골목형상점가,,3.0,3.0,,,RESOLVED_AGREEMENT,False,3,,,,
1f66eb55c6ab1c259e5a,test,피부관리,T2 동의어,q_피부관리_03,에스테틱,뷰티·미용 중 '피부관리'를 판매·제공하는 매장,029468d3-b99b-4bdb-bf72-a4594ba30be8,율에스테틱,화장품,계림그랜드센트럴 골목형상점가,골목형상점가,광주광역시,2.0,3.0,,,P2_GRADED_ONLY,True,,,,,
1c47ed193957e106c8cb,test,피부관리,T2 동의어,q_피부관리_03,에스테틱,뷰티·미용 중 '피부관리'를 판매·제공하는 매장,d68b48a9-a454-4afd-a443-2b77d5d65e96,맵시,의류,제일종합시장,전통시장,강원특별자치도,0.0,0.0,,,RESOLVED_AGREEMENT,False,0,,,,
58620084fd66221056b6,test,피부관리,T2 동의어,q_피부관리_03,에스테틱,뷰티·미용 중 '피부관리'를 판매·제공하는 매장,46548400-b0ff-4d19-9aa3-523e048fb98b,반 에스테틱,피부미용,온누리상인회 골목형상점가,골목형상점가,광주광역시,2.0,3.0,,,P2_GRADED_ONLY,True,,,,,
294d521c8a428aadbf4d,test,피부관리,T2 동의어,q_피부관리_03,에스테틱,뷰티·미용 중 '피부관리'를 판매·제공하는 매장,4b305cfb-defb-497e-8f47-8b272e9067c1,수예담 에스테틱,,보람동 골목형상점가,골목형상점가,세종특별자치시,3.0,3.0,,,RESOLVED_AGREEMENT,False,3,,,,
517cd211338f6bc74124,test,피부관리,T2 동의어,q_피부관리_03,에스테틱,뷰티·미용 중 '피부관리'를 판매·제공하는 매장,00286d17-4dd8-4803-9e0d-4ce25169c0f7,에이치컬링,눈썹,약수초등길 중산 골목형상점가,골목형상점가,울산광역시,2.0,0.0,,,P1_BINARY_THRESHOLD,True,,,,,
eefc9972d916c11faec8,test,피부관리,T2 동의어,q_피부관리_03,에스테틱,뷰티·미용 중 '피부관리'를 판매·제공하는 매장,a520cf50-5897-4774-84bb-57052c8fe074,피치에스테틱,,상무원마륵상인회 골목형상점가,골목형상점가,광주광역시,3.0,3.0,,,RESOLVED_AGREEMENT,False,3,,,,
420f8a1864a645436278,test,피부관리,T2 동의어,q_피부관리_03,에스테틱,뷰티·미용 중 '피부관리'를 판매·제공하는 매장,4948ea41-d83f-4692-9e85-e8fa95e825f5,도도에스테틱,,도안우미 골목형상점가,골목형상점가,대전광역시,3.0,3.0,,,RESOLVED_AGREEMENT,False,3,,,,
488615f8d0be5a032d04,test,피부관리,T2 동의어,q_피부관리_03,에스테틱,뷰티·미용 중 '피부관리'를 판매·제공하는 매장,341b6307-28a3-4788-9c01-f63d46d288d2,서희영 에스테틱,,용산동 골목형상점가,골목형상점가,대전광역시,3.0,3.0,,,RESOLVED_AGREEMENT,False,3,,,,
14ddde77e0bd9aad8cfb,test,피부관리,T2 동의어,q_피부관리_03,에스테틱,뷰티·미용 중 '피부관리'를 판매·제공하는 매장,67ed2c05-6593-4c00-aa63-64773e192040,주언 헤어 에스테틱,미용,장안마실골목형상점가,골목형상점가,서울특별시,2.0,3.0,,,P2_GRADED_ONLY,True,,,,,
e7c5245f7f8143b9d803,test,피부관리,T2 동의어,q_피부관리_03,에스테틱,뷰티·미용 중 '피부관리'를 판매·제공하는 매장,f6ddaee4-3a22-4ab9-b092-c8c579d04dbb,수성한우숯불구이,,원주미로예술중앙시장(원주중앙시장),전통시장,강원특별자치도,0.0,0.0,,,RESOLVED_AGREEMENT,False,0,,,,
8bb1684acc29dc8dcc62,test,피부관리,T2 동의어,q_피부관리_03,에스테틱,뷰티·미용 중 '피부관리'를 판매·제공하는 매장,81fa5ec4-4763-4031-ae5a-0d94ee229d52,나만의 휴일,에스테틱,둔산꽃길 골목형상점가,골목형상점가,대전광역시,3.0,3.0,,,RESOLVED_AGREEMENT,False,3,,,,
1c4db148327bd1e46c3b,test,피부관리,T2 동의어,q_피부관리_03,에스테틱,뷰티·미용 중 '피부관리'를 판매·제공하는 매장,006a03c8-0b03-4a37-bab3-4d9d608fbc7b,디바스킨 본점,피부관리,나주혁신도시 골목형상점가,골목형상점가,전라남도,3.0,3.0,,,RESOLVED_AGREEMENT,False,3,,,,
c7a6abdfac2a5f72646f,test,피부관리,T2 동의어,q_피부관리_03,에스테틱,뷰티·미용 중 '피부관리'를 판매·제공하는 매장,1e946cea-1054-418c-a56c-d12ea2a79387,맑을린 에스테틱,피부미용업,계림아이파크SK뷰 골목형상점가,골목형상점가,광주광역시,2.0,3.0,,,P2_GRADED_ONLY,True,,,,,
0ad38e5312eef3952ddc,test,피부관리,T2 동의어,q_피부관리_04,왁싱,뷰티·미용 중 '피부관리'를 판매·제공하는 매장,508ecebe-9c67-40f2-89c0-d6b3b36eed72,"안녕,예쁜사람",왁싱,화정금화로상인회 골목형상점가,골목형상점가,광주광역시,3.0,3.0,,,RESOLVED_AGREEMENT,False,3,,,,
738206aa06a09b046b56,test,피부관리,T2 동의어,q_피부관리_04,왁싱,뷰티·미용 중 '피부관리'를 판매·제공하는 매장,006a3db3-f148-48fb-a3ac-1a758ffae755,제이솜에스테틱,피부관리,효행구봉담상점가,골목형상점가,경기도,2.0,3.0,,,P2_GRADED_ONLY,True,,,,,
abf4d25cdc3ecf0a25cf,test,피부관리,T2 동의어,q_피부관리_04,왁싱,뷰티·미용 중 '피부관리'를 판매·제공하는 매장,00286d17-4dd8-4803-9e0d-4ce25169c0f7,에이치컬링,눈썹,약수초등길 중산 골목형상점가,골목형상점가,울산광역시,2.0,0.0,,,P1_BINARY_THRESHOLD,True,,,,,
492e88ca7eac866eee36,test,피부관리,T2 동의어,q_피부관리_04,왁싱,뷰티·미용 중 '피부관리'를 판매·제공하는 매장,792178f1-96e6-46d7-962a-a772387e2ae3,왁싱오브나이팅게일 광주점,왁싱,첨단강변로 골목형상점가,골목형상점가,광주광역시,3.0,3.0,,,RESOLVED_AGREEMENT,False,3,,,,
8d97c21b96d255b75272,test,피부관리,T2 동의어,q_피부관리_04,왁싱,뷰티·미용 중 '피부관리'를 판매·제공하는 매장,2fb8a62a-7d94-43b4-95ea-a800f22abf44,디테일왁싱,왁싱샵,용강동상점가,자율상권구역,서울특별시,3.0,3.0,,,RESOLVED_AGREEMENT,False,3,,,,
8415179451c9f757803b,test,피부관리,T2 동의어,q_피부관리_04,왁싱,뷰티·미용 중 '피부관리'를 판매·제공하는 매장,9f9bdb58-dfd9-41a3-a2ae-0b6fefb80503,리쎄바 슈가링왁싱,왁싱,현대센트럴스퀘어,골목형상점가,경기도,3.0,3.0,,,RESOLVED_AGREEMENT,False,3,,,,
f83240db7e4549da7eac,test,피부관리,T2 동의어,q_피부관리_04,왁싱,뷰티·미용 중 '피부관리'를 판매·제공하는 매장,e4e45f1d-ac84-4cfd-abdd-e21785767241,22뷰티,속눈썹 왁싱,우산동상인회 골목형상점가,골목형상점가,광주광역시,3.0,3.0,,,RESOLVED_AGREEMENT,False,3,,,,
fccbc31ba7ca1c98d39b,test,피부관리,T2 동의어,q_피부관리_04,왁싱,뷰티·미용 중 '피부관리'를 판매·제공하는 매장,2c83f6bf-df2e-4af4-a24e-fccca93ae95e,디어모왁싱,속눈썹 왁싱,온누리상인회 골목형상점가,골목형상점가,광주광역시,3.0,3.0,,,RESOLVED_AGREEMENT,False,3,,,,
8fa2910bac6ea7941bf8,test,피부관리,T2 동의어,q_피부관리_04,왁싱,뷰티·미용 중 '피부관리'를 판매·제공하는 매장,2078c731-a9cf-4370-b73a-5e44cc885e3c,왁싱탑탠,피부미용왁싱,배방상점가,자율상권구역,충청남도,3.0,3.0,,,RESOLVED_AGREEMENT,False,3,,,,
78c9104985ab402f5c7b,test,피부관리,T2 동의어,q_피부관리_04,왁싱,뷰티·미용 중 '피부관리'를 판매·제공하는 매장,003cdc8a-95fe-43ea-8350-f4c63913a6f8,정선화장품,화장품,오천시장,전통시장,경상북도,1.0,2.0,,,P1_BINARY_THRESHOLD,True,,,,,
8c4e625fc674c2ebe9e4,test,피부관리,T2 동의어,q_피부관리_04,왁싱,뷰티·미용 중 '피부관리'를 판매·제공하는 매장,75a29b8e-f049-4a06-b63c-58302e3ec15b,셀렉왁싱,왁싱,화삼골상인회 골목형상점가,골목형상점가,광주광역시,3.0,3.0,,,RESOLVED_AGREEMENT,False,3,,,,
2c15a34133090300ae85,test,피부관리,T2 동의어,q_피부관리_04,왁싱,뷰티·미용 중 '피부관리'를 판매·제공하는 매장,6f21d7c7-b93b-45e4-b11e-2c377fa80475,왁싱유,왁싱,운남우방 골목형상점가,골목형상점가,광주광역시,3.0,3.0,,,RESOLVED_AGREEMENT,False,3,,,,
682075b4807d0b3146f2,test,피부관리,T2 동의어,q_피부관리_04,왁싱,뷰티·미용 중 '피부관리'를 판매·제공하는 매장,2409d003-e94b-44f6-8128-bbdcfca5c184,클리어왁싱,왁싱,한들물빛도시 골목형 상점가,골목형상점가,충청남도,3.0,3.0,,,RESOLVED_AGREEMENT,False,3,,,,
63a9794d01bb47afb511,test,피부관리,T2 동의어,q_피부관리_04,왁싱,뷰티·미용 중 '피부관리'를 판매·제공하는 매장,e3110c4a-1b62-41be-8cca-9e19061e6019,왁싱킴,화장품 왁싱 속눈썹,두정동상점가,자율상권구역,충청남도,3.0,3.0,,,RESOLVED_AGREEMENT,False,3,,,,
52e3d5fcaf65fab1704a,test,피부관리,T2 동의어,q_피부관리_04,왁싱,뷰티·미용 중 '피부관리'를 판매·제공하는 매장,1d39494e-cc63-4ac2-af0f-0f349de60e56,르주비아 에스테틱,,포항중앙상가,전통시장,경상북도,2.0,3.0,,,P2_GRADED_ONLY,True,,,,,
64359f0251baf0fea32c,test,피부관리,T2 동의어,q_피부관리_04,왁싱,뷰티·미용 중 '피부관리'를 판매·제공하는 매장,ba789b75-3e54-42ac-a83f-e3b4d2f95912,배스킨라빈스 (목포 하당),아이스크림,하당꽃길1가 골목형상점가,골목형상점가,전라남도,0.0,0.0,,,RESOLVED_AGREEMENT,False,0,,,,
5aee1c74f2318a45b974,test,피부관리,T2 동의어,q_피부관리_04,왁싱,뷰티·미용 중 '피부관리'를 판매·제공하는 매장,e6f49270-89f4-43f5-80e1-08de0908b363,무르,피부미용 및 왁싱,치평동아파트연합상인회 골목형상점가,골목형상점가,광주광역시,3.0,3.0,,,RESOLVED_AGREEMENT,False,3,,,,
3e6a4a5e24b8afe62472,test,피부관리,T2 동의어,q_피부관리_04,왁싱,뷰티·미용 중 '피부관리'를 판매·제공하는 매장,c8411f4b-bbc5-4031-9407-303225905209,맨즈우먼 태닝&왁싱,왁싱,치평광명상가상인회 골목형상점가,골목형상점가,광주광역시,3.0,3.0,,,RESOLVED_AGREEMENT,False,3,,,,
4a4c3999dccaa7e805ec,test,피부관리,T2 동의어,q_피부관리_04,왁싱,뷰티·미용 중 '피부관리'를 판매·제공하는 매장,00222f52-5d1f-4fb1-b0a6-7b4864ce177f,아리따움서대문연희점,화장품,연희사러가,전통시장,서울특별시,1.0,2.0,,,P1_BINARY_THRESHOLD,True,,,,,
b02868368d9929931b02,test,피부관리,T2 동의어,q_피부관리_04,왁싱,뷰티·미용 중 '피부관리'를 판매·제공하는 매장,ad2f7acc-6eb1-4d5d-a614-c5fc0f8741ce,더블리스왁싱 광주첨단점,왁싱,첨단이웃사랑 골목형상점가,골목형상점가,광주광역시,3.0,3.0,,,RESOLVED_AGREEMENT,False,3,,,,
fc7a14635010f85adbae,test,피부관리,T2 동의어,q_피부관리_04,왁싱,뷰티·미용 중 '피부관리'를 판매·제공하는 매장,181d4438-dacd-4334-9f8c-cce671bb5f00,모넌왁싱,왁싱,성수역골목형상점가,골목형상점가,서울특별시,3.0,3.0,,,RESOLVED_AGREEMENT,False,3,,,,
44876e5895a673443d7a,test,피부관리,T2 동의어,q_피부관리_04,왁싱,뷰티·미용 중 '피부관리'를 판매·제공하는 매장,04197336-2bd8-40eb-95d9-f9bd1d83b049,아온에스테틱,,대방디엠시티 골목형상점가,골목형상점가,전북특별자치도,2.0,3.0,,,P2_GRADED_ONLY,True,,,,,
11465b77dea6409b825a,test,피부관리,T2 동의어,q_피부관리_04,왁싱,뷰티·미용 중 '피부관리'를 판매·제공하는 매장,00998e68-6f7e-4b3f-9476-72ba1ac3466e,라테라스 테라피,피부관리,치평1230상인회 골목형상점가,골목형상점가,광주광역시,2.0,3.0,,,P2_GRADED_ONLY,True,,,,,
c6498e8f19d979efb7c5,test,피부관리,T2 동의어,q_피부관리_04,왁싱,뷰티·미용 중 '피부관리'를 판매·제공하는 매장,00131122-77cf-4772-b141-202f0f950f5c,라라샵,화장품,유성신나는 골목형상점가,골목형상점가,대전광역시,1.0,2.0,,,P1_BINARY_THRESHOLD,True,,,,,
90f84180412843ab3ea3,test,피부관리,T2 동의어,q_피부관리_04,왁싱,뷰티·미용 중 '피부관리'를 판매·제공하는 매장,3ff9318c-0584-4ce6-ad90-72f7bf218d71,원오브왁싱,왁싱,각화2지구 골목형상점가,골목형상점가,광주광역시,3.0,3.0,,,RESOLVED_AGREEMENT,False,3,,,,
b9d122edece4761ecb8d,test,피부관리,T2 동의어,q_피부관리_04,왁싱,뷰티·미용 중 '피부관리'를 판매·제공하는 매장,29a03816-584d-415f-9a4e-722260a136c4,인까사 빛고을점,가구도소매,빛고을 골목형상점가,골목형상점가,광주광역시,0.0,0.0,,,RESOLVED_AGREEMENT,False,0,,,,
bf4208da0827d5a12080,test,피부관리,T2 동의어,q_피부관리_04,왁싱,뷰티·미용 중 '피부관리'를 판매·제공하는 매장,e4a314a2-50af-4a2b-98be-4851832ff3a6,써니왁싱,"피부관리, 왁싱",흥국상가,자율상권구역,전라남도,3.0,3.0,,,RESOLVED_AGREEMENT,False,3,,,,
03ccc3ad1eabf026efa0,test,피부관리,T2 동의어,q_피부관리_04,왁싱,뷰티·미용 중 '피부관리'를 판매·제공하는 매장,5ef0f7c7-1082-4d0f-9236-4eb01b4e20a9,슈가앤필,왁싱,계림그랜드센트럴 골목형상점가,골목형상점가,광주광역시,3.0,3.0,,,RESOLVED_AGREEMENT,False,3,,,,
524cbec37cbc06b3f717,test,피부관리,T2 동의어,q_피부관리_04,왁싱,뷰티·미용 중 '피부관리'를 판매·제공하는 매장,0c3f6ae1-9bec-46f1-a43a-b61009758761,세종왁싱 보람뷰티,왁싱 속눈썹펌,보람동 골목형상점가,골목형상점가,세종특별자치시,3.0,3.0,,,RESOLVED_AGREEMENT,False,3,,,,
3bf0898211251a36bf20,test,피부관리,T2 동의어,q_피부관리_04,왁싱,뷰티·미용 중 '피부관리'를 판매·제공하는 매장,9c78e6fd-7b0e-45e2-ac4c-76e60629b88b,비아살롱,네일 왁싱,약수시장골목형상점가,골목형상점가,서울특별시,3.0,3.0,,,RESOLVED_AGREEMENT,False,3,,,,
52bdb04e4a5f1e6043c2,test,피부관리,T2 동의어,q_피부관리_04,왁싱,뷰티·미용 중 '피부관리'를 판매·제공하는 매장,f905d64e-cc92-440c-9928-63e01fafdad1,엄지뷰티 왁싱&토탈샵 담양본점,왁싱,담양중앙 골목형상점가,골목형상점가,전라남도,3.0,3.0,,,RESOLVED_AGREEMENT,False,3,,,,
550e932ba280649f185c,test,피부관리,T2 동의어,q_피부관리_04,왁싱,뷰티·미용 중 '피부관리'를 판매·제공하는 매장,b9675871-9830-4ab9-8292-2f5e44c798c3,아야나뷰티 세종점 속눈썹&왁싱,속눈썹 왁싱,나성동 소방청 골목형상점가,골목형상점가,세종특별자치시,3.0,3.0,,,RESOLVED_AGREEMENT,False,3,,,,
287a09ed90188d07163f,test,피부관리,T2 동의어,q_피부관리_04,왁싱,뷰티·미용 중 '피부관리'를 판매·제공하는 매장,0d176e2a-696f-4810-8a90-2054d23c6078,아이리스,왁싱,엄사 골목형상점가,골목형상점가,충청남도,3.0,3.0,,,RESOLVED_AGREEMENT,False,3,,,,
2d977ec4ffec95c36919,test,피부관리,T2 동의어,q_피부관리_04,왁싱,뷰티·미용 중 '피부관리'를 판매·제공하는 매장,00265f28-b733-4489-86bc-b86339c2f6c0,이비속눈썹,속눈썹연장,추억담은광주역뒷길 골목형상점가,골목형상점가,광주광역시,2.0,3.0,,,P2_GRADED_ONLY,True,,,,,
0679083c880653c8014f,test,피부관리,T2 동의어,q_피부관리_04,왁싱,뷰티·미용 중 '피부관리'를 판매·제공하는 매장,ff411902-2ea6-4b4a-b89b-c171c59304a7,아몰리왁싱,왁싱,옥정폴리플라자5차상점가,골목형상점가,경기도,3.0,3.0,,,RESOLVED_AGREEMENT,False,3,,,,
bc82bb1a0b9da52b8c25,test,피부관리,T2 동의어,q_피부관리_04,왁싱,뷰티·미용 중 '피부관리'를 판매·제공하는 매장,5c16c03f-0d72-474b-806f-21a84f5e06b8,천리바른마음치과의원,치과의원,이동 골목형상점가,골목형상점가,경기도,0.0,1.0,,,P2_GRADED_ONLY,True,,,,,
e6d68232e259282238b2,test,피부관리,T2 동의어,q_피부관리_04,왁싱,뷰티·미용 중 '피부관리'를 판매·제공하는 매장,0017ec9c-4997-4ef5-a552-7fffc7dd149c,아리따움 진주서부점,화장품,진주 새서부시장,전통시장,경상남도,1.0,2.0,,,P1_BINARY_THRESHOLD,True,,,,,
2e21b310c9e6be243a80,test,피부관리,T2 동의어,q_피부관리_04,왁싱,뷰티·미용 중 '피부관리'를 판매·제공하는 매장,8e0250f4-fc7c-400c-9a62-736ec26d7213,키코왁싱,왁싱,도화동상점가,자율상권구역,서울특별시,3.0,3.0,,,RESOLVED_AGREEMENT,False,3,,,,
a6bbed2cc10120b3ab57,test,피부관리,T2 동의어,q_피부관리_04,왁싱,뷰티·미용 중 '피부관리'를 판매·제공하는 매장,c021a580-bbe5-4118-b147-7bbb6c4d1bae,모왁싱,왁싱,보람동 골목형상점가,골목형상점가,세종특별자치시,3.0,3.0,,,RESOLVED_AGREEMENT,False,3,,,,
c75fda17b6e5475bdb69,test,피부관리,T2 동의어,q_피부관리_04,왁싱,뷰티·미용 중 '피부관리'를 판매·제공하는 매장,013c7cfa-cbf1-4606-bfd2-cae2985377c0,피크래쉬룸(PEAK LASH ROOM),"메이크업, 속눈썹",금암동 골목형상점가,골목형상점가,충청남도,2.0,3.0,,,P2_GRADED_ONLY,True,,,,,
ea06767681dbff02cc59,test,피부관리,T2 동의어,q_피부관리_04,왁싱,뷰티·미용 중 '피부관리'를 판매·제공하는 매장,4460041f-3a67-40ed-a092-0a7e516711f5,모모랩 김언니네 왁싱,바디왁싱,장동로터리 골목형상점가,골목형상점가,광주광역시,3.0,3.0,,,RESOLVED_AGREEMENT,False,3,,,,
def884ffe0afec0e6489,test,피부관리,T2 동의어,q_피부관리_04,왁싱,뷰티·미용 중 '피부관리'를 판매·제공하는 매장,008c73ed-3ece-452b-aa49-b96b73ff1ba1,온결 스킨앤바디,화장품,가재마을 골목형상점가,골목형상점가,세종특별자치시,1.0,2.0,,,P1_BINARY_THRESHOLD,True,,,,,
85d39aa3e085643d948e,test,피부관리,T2 동의어,q_피부관리_04,왁싱,뷰티·미용 중 '피부관리'를 판매·제공하는 매장,3ed4cb5f-704c-48a4-9aaa-f9b794a56044,광주왁싱 무어시든,왁싱,중흥동 큰샘길 골목형상점가,골목형상점가,광주광역시,3.0,3.0,,,RESOLVED_AGREEMENT,False,3,,,,
812d02be6c6f16b260df,test,피부관리,T2 동의어,q_피부관리_04,왁싱,뷰티·미용 중 '피부관리'를 판매·제공하는 매장,ece0f6c3-aa23-432c-9c05-aa7a5bb3ce69,춘심살롱,왁싱 피부,카림애비뉴애 골목형상점가,골목형상점가,세종특별자치시,3.0,3.0,,,RESOLVED_AGREEMENT,False,3,,,,
0dfaf014b61e6163f0ec,test,피부관리,T2 동의어,q_피부관리_04,왁싱,뷰티·미용 중 '피부관리'를 판매·제공하는 매장,5e63146f-041d-4250-84b3-2ba606a10fd8,케이네일 앤 왁싱,,남악중앙 골목형상점가,골목형상점가,,3.0,3.0,,,RESOLVED_AGREEMENT,False,3,,,,
94b21dc3897c658eb752,test,피부관리,T2 동의어,q_피부관리_04,왁싱,뷰티·미용 중 '피부관리'를 판매·제공하는 매장,31c00244-dec6-4577-85fc-7bfb56432a69,한가을헤어샵,,사동로 골목형상점가,골목형상점가,,0.0,2.0,,,P1_BINARY_THRESHOLD,True,,,,,
c10125a1e2a94fb398ce,test,피부관리,T2 동의어,q_피부관리_04,왁싱,뷰티·미용 중 '피부관리'를 판매·제공하는 매장,d4358345-4092-4443-b677-0abad334e0f7,강호상회,야채,부산새벽시장,전통시장,부산광역시,0.0,0.0,,,RESOLVED_AGREEMENT,False,0,,,,
2e328a57ac59745436e3,test,피부관리,T2 동의어,q_피부관리_04,왁싱,뷰티·미용 중 '피부관리'를 판매·제공하는 매장,f2057194-7fc8-4350-9a47-041fa2697a8a,뷰네뜨,왁싱,월산상가 골목형 상점가,골목형상점가,충청남도,3.0,3.0,,,RESOLVED_AGREEMENT,False,3,,,,
f784d7b5443edf9e43e7,test,피부관리,T2 동의어,q_피부관리_04,왁싱,뷰티·미용 중 '피부관리'를 판매·제공하는 매장,2f3b4b34-0392-42ac-8d20-367ca5b1daa6,브리예속눈썹왁싱,속눈썹 왁싱,의왕가구거리 골목형상점가,골목형상점가,경기도,3.0,3.0,,,RESOLVED_AGREEMENT,False,3,,,,
832326c2a69744c0567f,test,피부관리,T2 동의어,q_피부관리_04,왁싱,뷰티·미용 중 '피부관리'를 판매·제공하는 매장,b06e4b11-3b91-4046-97b2-2a99e46c9921,슈하링 왁싱,피부 미용업,대남숨길 골목형상점가,골목형상점가,광주광역시,2.0,3.0,,,P2_GRADED_ONLY,True,,,,,
162a16cae4dfb7abd029,test,피부관리,T2 동의어,q_피부관리_04,왁싱,뷰티·미용 중 '피부관리'를 판매·제공하는 매장,006a03c8-0b03-4a37-bab3-4d9d608fbc7b,디바스킨 본점,피부관리,나주혁신도시 골목형상점가,골목형상점가,전라남도,2.0,3.0,,,P2_GRADED_ONLY,True,,,,,
93678dcb514ff9e1ba6b,test,피부관리,T2 동의어,q_피부관리_04,왁싱,뷰티·미용 중 '피부관리'를 판매·제공하는 매장,640b7b57-a0f2-4e6f-b2d2-49c7867af968,브로우죠닝,왁싱,LC타워거리 골목형상점가,골목형상점가,광주광역시,3.0,3.0,,,RESOLVED_AGREEMENT,False,3,,,,
8d43936eef6867834ef9,test,피부관리,T2 동의어,q_피부관리_04,왁싱,뷰티·미용 중 '피부관리'를 판매·제공하는 매장,0b781873-4848-440d-9845-519fe314cb94,비비한 뷰티&왁싱,피부왁싱,호남동불로동천변 골목형상점가,골목형상점가,광주광역시,3.0,3.0,,,RESOLVED_AGREEMENT,False,3,,,,
50fc7da2712ce8331fe5,test,피부관리,T2 동의어,q_피부관리_04,왁싱,뷰티·미용 중 '피부관리'를 판매·제공하는 매장,c410b9a6-8ba0-4778-acbb-7dd644472dc5,온미왁싱,왁싱 피부미용,다산중앙로 상점가,자율상권구역,경기도,3.0,3.0,,,RESOLVED_AGREEMENT,False,3,,,,
3434a8b0e6ee94f6a336,test,피부관리,T2 동의어,q_피부관리_04,왁싱,뷰티·미용 중 '피부관리'를 판매·제공하는 매장,2abefd73-aa57-4d3e-a10e-4fd69c62eb3f,제이왁싱,왁싱,성남중앙지하시장,일반지하상점가,경기도,3.0,3.0,,,RESOLVED_AGREEMENT,False,3,,,,
b2d93c2b85cda59a0806,test,피부관리,T2 동의어,q_피부관리_04,왁싱,뷰티·미용 중 '피부관리'를 판매·제공하는 매장,04e23271-38ff-40c1-92b8-657773758b60,무아르왁싱,"왁싱, 제모",과천스마트케이 골목형상점가,골목형상점가,경기도,3.0,3.0,,,RESOLVED_AGREEMENT,False,3,,,,
2e0f2cea8b622c04e0f7,test,피부관리,T2 동의어,q_피부관리_04,왁싱,뷰티·미용 중 '피부관리'를 판매·제공하는 매장,14f45676-ca6f-4fcb-aea7-c6b95ac1a077,루아 휴 헤드스파&에스테틱,,퍼스트원 골목형상점가,골목형상점가,세종특별자치시,2.0,3.0,,,P2_GRADED_ONLY,True,,,,,
2f18fb586b3c252f8965,test,피부관리,T2 동의어,q_피부관리_04,왁싱,뷰티·미용 중 '피부관리'를 판매·제공하는 매장,db9af001-9d88-4871-b708-b470085903c1,리포윅스슈가링왁싱 전대점,왁싱,전남대후문골목형상점가,골목형상점가,광주광역시,3.0,3.0,,,RESOLVED_AGREEMENT,False,3,,,,
81d90e327c1452e46805,test,피부관리,T2 동의어,q_피부관리_04,왁싱,뷰티·미용 중 '피부관리'를 판매·제공하는 매장,7e916dfa-c2da-4870-9498-3f9a3983f190,왁싱샵입니다,왁싱,천안신부문화거리상점가,자율상권구역,충청남도,3.0,3.0,,,RESOLVED_AGREEMENT,False,3,,,,
b3767c3d2caa0695f645,test,피부관리,T2 동의어,q_피부관리_04,왁싱,뷰티·미용 중 '피부관리'를 판매·제공하는 매장,02288afa-ef79-4f20-a297-bf30982d8a6b,제이지니테라피,피부관리. 윤곽. 비대칭관리,부천 옥길 골목형상점가,골목형상점가,경기도,2.0,3.0,,,P2_GRADED_ONLY,True,,,,,
f5d7e2b6b9dfd0ac3a12,test,피부관리,T2 동의어,q_피부관리_04,왁싱,뷰티·미용 중 '피부관리'를 판매·제공하는 매장,0133de50-f3d8-44d7-99fb-0a05f3b2b13e,졔졔살롱,속눈썹미용,운암이 골목형상점가,골목형상점가,광주광역시,2.0,3.0,,,P2_GRADED_ONLY,True,,,,,
f2a7afc8786e173670ee,test,피부관리,T2 동의어,q_피부관리_04,왁싱,뷰티·미용 중 '피부관리'를 판매·제공하는 매장,8b95ed41-ca3f-4719-ac96-06b99b8dcf65,하이슈가왁싱,왁싱,나주혁신도시 골목형상점가,골목형상점가,전라남도,3.0,3.0,,,RESOLVED_AGREEMENT,False,3,,,,
97dc108261cd41215d2d,test,피부관리,T2 동의어,q_피부관리_04,왁싱,뷰티·미용 중 '피부관리'를 판매·제공하는 매장,10438442-a66e-4675-9cfa-fdb04e6d8020,스코빌바버샵,이발,전남대후문골목형상점가,골목형상점가,광주광역시,0.0,0.0,,,RESOLVED_AGREEMENT,False,0,,,,
2abe7e1b21f92cfe3e2f,test,피부관리,T2 동의어,q_피부관리_04,왁싱,뷰티·미용 중 '피부관리'를 판매·제공하는 매장,49c299c9-009f-4bd2-b01b-146395b5b6ce,리본,여성복,현풍백년도깨비시장,전통시장,대구광역시,0.0,0.0,,,RESOLVED_AGREEMENT,False,0,,,,
48c8446f2ecaffecef8c,test,피부관리,T2 동의어,q_피부관리_04,왁싱,뷰티·미용 중 '피부관리'를 판매·제공하는 매장,c01eaf1d-d41e-4a31-bab3-d055aedb4145,시링,왁싱,맛조이상인회 골목형상점가,골목형상점가,광주광역시,3.0,3.0,,,RESOLVED_AGREEMENT,False,3,,,,
9e1ab482112ff8b78d9a,test,피부관리,T2 동의어,q_피부관리_04,왁싱,뷰티·미용 중 '피부관리'를 판매·제공하는 매장,1812da1f-cbc7-4327-9f5d-14947113b98e,김치랑국이랑,반찬,서원시장,전통시장,부산광역시,0.0,0.0,,,RESOLVED_AGREEMENT,False,0,,,,
474299a6afb8b56468a3,test,피부관리,T2 동의어,q_피부관리_04,왁싱,뷰티·미용 중 '피부관리'를 판매·제공하는 매장,0145ebc4-2c3b-48a5-bdee-30b3cbffc69a,비바뷰티왁싱스튜디오,왁싱,백운진다리 골목형상점가,골목형상점가,광주광역시,3.0,3.0,,,RESOLVED_AGREEMENT,False,3,,,,
41ad3c216d9532015198,test,피부관리,T2 동의어,q_피부관리_04,왁싱,뷰티·미용 중 '피부관리'를 판매·제공하는 매장,01c0d290-258d-473d-b10e-ab313f96502b,연에스테틱,,유촌동상인회 골목형상점가,골목형상점가,광주광역시,2.0,3.0,,,P2_GRADED_ONLY,True,,,,,
b8bc4e6b478c56ded1b1,test,피부관리,T2 동의어,q_피부관리_04,왁싱,뷰티·미용 중 '피부관리'를 판매·제공하는 매장,1060f6c9-0b6c-4684-a1c2-5e251173af7d,왁싱쿤,왁싱서비스,상무1동아파트상인회 골목형상점가,골목형상점가,광주광역시,3.0,3.0,,,RESOLVED_AGREEMENT,False,3,,,,
718faa8ad5b5b3544d4b,test,피부관리,T2 동의어,q_피부관리_04,왁싱,뷰티·미용 중 '피부관리'를 판매·제공하는 매장,046c8087-df4f-4578-bcf6-ddb6ac06bd93,아나토미 에스테틱 천안점,에스테틱,불당1번가골목형상점가,골목형상점가,충청남도,2.0,3.0,,,P2_GRADED_ONLY,True,,,,,
28278e1a8a96cfeeeebb,test,피부관리,T2 동의어,q_피부관리_04,왁싱,뷰티·미용 중 '피부관리'를 판매·제공하는 매장,c94f5dbf-55e3-4e54-96f0-dc9f8512f5ff,리아트뷰티&왁싱,피부미용속눈썹 왁싱,어썸시티,골목형상점가,광주광역시,3.0,3.0,,,RESOLVED_AGREEMENT,False,3,,,,
4a18d1225233b8399d00,test,피부관리,T2 동의어,q_피부관리_04,왁싱,뷰티·미용 중 '피부관리'를 판매·제공하는 매장,bde1528f-c826-469d-9e07-294c3837c3d3,라벨르,왁싱,평촌1번가 상점가,자율상권구역,경기도,3.0,3.0,,,RESOLVED_AGREEMENT,False,3,,,,
5c0bfc80ec89349d7ed0,test,피부관리,T2 동의어,q_피부관리_04,왁싱,뷰티·미용 중 '피부관리'를 판매·제공하는 매장,d5fe2818-0f26-4d93-91bd-25b6704063fc,원라벨뷰티&왁싱,왁싱,설죽로 패션의거리 골목형상점가,골목형상점가,광주광역시,3.0,3.0,,,RESOLVED_AGREEMENT,False,3,,,,
757caf91be179959eb28,test,피부관리,T2 동의어,q_피부관리_04,왁싱,뷰티·미용 중 '피부관리'를 판매·제공하는 매장,28a1f173-0c6c-496b-a041-ab3c607d6b72,유즈 왁싱&뷰티,왁싱,쌍촌역상인회 골목형상점가,골목형상점가,광주광역시,3.0,3.0,,,RESOLVED_AGREEMENT,False,3,,,,
86a9f29549c01a878ccb,test,피부관리,T2 동의어,q_피부관리_04,왁싱,뷰티·미용 중 '피부관리'를 판매·제공하는 매장,022f921a-9545-4be5-a4ce-d628a782c282,마이뷰티,피부관리 왁싱 속눈썹,마산 오동동 창동 어시장 상권활성화구역,상권활성화구역,경상남도,3.0,3.0,,,RESOLVED_AGREEMENT,False,3,,,,
335d4ebe0d68ec3db8bd,test,피부관리,T2 동의어,q_피부관리_04,왁싱,뷰티·미용 중 '피부관리'를 판매·제공하는 매장,004a8de5-69c1-4c55-a507-54e016703431,마중물뷰티동,소매(화장품),은마종합상점가,자율상권구역,서울특별시,1.0,2.0,,,P1_BINARY_THRESHOLD,True,,,,,
d30882910e02f581f2bc,test,피부관리,T2 동의어,q_피부관리_04,왁싱,뷰티·미용 중 '피부관리'를 판매·제공하는 매장,2215daf5-066c-467d-bdb2-dda228bbd030,아이유 왁싱,,안흥초교 사거리 골목형상점가,골목형상점가,경기도,3.0,3.0,,,RESOLVED_AGREEMENT,False,3,,,,
d6d9c55606a0bc190d9f,test,피부관리,T5 서비스,q_피부관리_05,속눈썹 연장,뷰티·미용 중 '피부관리'를 판매·제공하는 매장,34452c9a-739f-49d8-9944-a087b544e818,까망뷰티,속눈썹,화성향남2지구상점가,자율상권구역,경기도,3.0,3.0,,,RESOLVED_AGREEMENT,False,3,,,,
09665b5688c165c6ddcd,test,피부관리,T5 서비스,q_피부관리_05,속눈썹 연장,뷰티·미용 중 '피부관리'를 판매·제공하는 매장,5af2c705-04bc-45a4-bc3c-e8db03ecb96d,이엘래쉬,속눈썹,신림별빛거리골목형상점가,골목형상점가,서울특별시,3.0,3.0,,,RESOLVED_AGREEMENT,False,3,,,,
1d626883e6430da74524,test,피부관리,T5 서비스,q_피부관리_05,속눈썹 연장,뷰티·미용 중 '피부관리'를 판매·제공하는 매장,3ce13656-1891-40be-ac0f-80ae1d5ca29a,스타속눈썹,속눈썹연장,매봉 골목형상점가,골목형상점가,광주광역시,3.0,3.0,,,RESOLVED_AGREEMENT,False,3,,,,
a6259fb660d83f35c0b2,test,피부관리,T5 서비스,q_피부관리_05,속눈썹 연장,뷰티·미용 중 '피부관리'를 판매·제공하는 매장,00222f52-5d1f-4fb1-b0a6-7b4864ce177f,아리따움서대문연희점,화장품,연희사러가,전통시장,서울특별시,1.0,2.0,,,P1_BINARY_THRESHOLD,True,,,,,
a83590379b4d1a85e2b7,test,피부관리,T5 서비스,q_피부관리_05,속눈썹 연장,뷰티·미용 중 '피부관리'를 판매·제공하는 매장,93795f0e-5c8b-4e75-bc62-66a306c9775c,버블래쉬,속눈썹,평촌1번가 상점가,자율상권구역,경기도,3.0,3.0,,,RESOLVED_AGREEMENT,False,3,,,,
a265eebe2710ba530f46,test,피부관리,T5 서비스,q_피부관리_05,속눈썹 연장,뷰티·미용 중 '피부관리'를 판매·제공하는 매장,5acc7359-7911-41b1-875a-82af4bcf3273,아임래쉬,속눈썹,목대온기 골목형상점가,골목형상점가,대전광역시,3.0,3.0,,,RESOLVED_AGREEMENT,False,3,,,,
5e56f721ca74c10059c7,test,피부관리,T5 서비스,q_피부관리_05,속눈썹 연장,뷰티·미용 중 '피부관리'를 판매·제공하는 매장,8c356246-8217-4be0-ac0f-28918d1fcabc,첫눈애 속눈썹,속눈썹,현대센트럴스퀘어,골목형상점가,경기도,3.0,3.0,,,RESOLVED_AGREEMENT,False,3,,,,
d48be5ee480dfba91c64,test,피부관리,T5 서비스,q_피부관리_05,속눈썹 연장,뷰티·미용 중 '피부관리'를 판매·제공하는 매장,f148ed2e-3476-4a99-822f-5f4015fa81eb,조이뷰티,속눈썹증모 연장,정부청사 골목형상점가,골목형상점가,광주광역시,3.0,3.0,,,RESOLVED_AGREEMENT,False,3,,,,
069582a476df2e933d98,test,피부관리,T5 서비스,q_피부관리_05,속눈썹 연장,뷰티·미용 중 '피부관리'를 판매·제공하는 매장,ff06b6b9-473a-4686-986b-168f33acc2a2,부엉이 눈썹,속눈썹,코끼리시장,전통시장,경기도,3.0,3.0,,,RESOLVED_AGREEMENT,False,3,,,,
0e0568554107104c4e36,test,피부관리,T5 서비스,q_피부관리_05,속눈썹 연장,뷰티·미용 중 '피부관리'를 판매·제공하는 매장,eb80cdec-f33b-4cd4-a2b0-aeff52b7dbeb,이유엘,속눈썹,오케이 양산동 골목형상점가,골목형상점가,광주광역시,3.0,3.0,,,RESOLVED_AGREEMENT,False,3,,,,
8899fe3e6e3f9851cc4d,test,피부관리,T5 서비스,q_피부관리_05,속눈썹 연장,뷰티·미용 중 '피부관리'를 판매·제공하는 매장,b62e6eef-2d66-401b-a058-b930e3410340,베어래쉬,속눈썹 연장,평촌1번가 상점가,자율상권구역,경기도,3.0,3.0,,,RESOLVED_AGREEMENT,False,3,,,,
35e4d5dd915c90c1702f,test,피부관리,T5 서비스,q_피부관리_05,속눈썹 연장,뷰티·미용 중 '피부관리'를 판매·제공하는 매장,fa2edafb-65de-4168-8473-1efe2f062f41,바이준래쉬,속눈썹,하남 골목형상점가,골목형상점가,광주광역시,3.0,3.0,,,RESOLVED_AGREEMENT,False,3,,,,
4e195bcd7dcdb5076735,test,피부관리,T5 서비스,q_피부관리_05,속눈썹 연장,뷰티·미용 중 '피부관리'를 판매·제공하는 매장,7c92e237-f215-4b1c-a700-d2e3c2023b1b,조밭골,한식,명덕마을 골목형상점가,골목형상점가,울산광역시,0.0,0.0,,,RESOLVED_AGREEMENT,False,0,,,,
bbbdd374623352389b51,test,피부관리,T5 서비스,q_피부관리_05,속눈썹 연장,뷰티·미용 중 '피부관리'를 판매·제공하는 매장,00286d17-4dd8-4803-9e0d-4ce25169c0f7,에이치컬링,눈썹,약수초등길 중산 골목형상점가,골목형상점가,울산광역시,2.0,0.0,,,P1_BINARY_THRESHOLD,True,,,,,
1558016c058e1522fd8e,test,피부관리,T5 서비스,q_피부관리_05,속눈썹 연장,뷰티·미용 중 '피부관리'를 판매·제공하는 매장,79a75239-9ec0-4d83-8aac-0c05e8498ee1,바림브로우 양주옥정점,속눈썹 펌 연장,옥정폴리플라자5차상점가,골목형상점가,경기도,3.0,3.0,,,RESOLVED_AGREEMENT,False,3,,,,
8207bd5a4989daf632f3,test,피부관리,T5 서비스,q_피부관리_05,속눈썹 연장,뷰티·미용 중 '피부관리'를 판매·제공하는 매장,e1deb9af-d181-40c6-90f0-ed47e95d52e9,홍뷰티샵,속눈썹 연장 증모,화성향남2지구상점가,자율상권구역,경기도,3.0,3.0,,,RESOLVED_AGREEMENT,False,3,,,,
473a0d3c7724d792dd08,test,피부관리,T5 서비스,q_피부관리_05,속눈썹 연장,뷰티·미용 중 '피부관리'를 판매·제공하는 매장,01c0d290-258d-473d-b10e-ab313f96502b,연에스테틱,,유촌동상인회 골목형상점가,골목형상점가,광주광역시,2.0,3.0,,,P2_GRADED_ONLY,True,,,,,
915c6cda58875d7b6118,test,피부관리,T5 서비스,q_피부관리_05,속눈썹 연장,뷰티·미용 중 '피부관리'를 판매·제공하는 매장,ebf02670-072e-4200-a802-8f69fe6364f5,BB,속눈썹연장,우미린상가,골목형상점가,전라남도,3.0,3.0,,,RESOLVED_AGREEMENT,False,3,,,,
1081db8f2d82c402fab3,test,피부관리,T5 서비스,q_피부관리_05,속눈썹 연장,뷰티·미용 중 '피부관리'를 판매·제공하는 매장,c0f45014-2374-4520-ba70-f27370d78915,브라이드마리,웨딩드레스,백석역 골목형상점가,골목형상점가,경기도,0.0,0.0,,,RESOLVED_AGREEMENT,False,0,,,,
79b2e32d08baba8408bd,test,피부관리,T5 서비스,q_피부관리_05,속눈썹 연장,뷰티·미용 중 '피부관리'를 판매·제공하는 매장,0017ec9c-4997-4ef5-a552-7fffc7dd149c,아리따움 진주서부점,화장품,진주 새서부시장,전통시장,경상남도,1.0,2.0,,,P1_BINARY_THRESHOLD,True,,,,,
ebdf9152fb3a713cc6b7,test,피부관리,T5 서비스,q_피부관리_05,속눈썹 연장,뷰티·미용 중 '피부관리'를 판매·제공하는 매장,046c8087-df4f-4578-bcf6-ddb6ac06bd93,아나토미 에스테틱 천안점,에스테틱,불당1번가골목형상점가,골목형상점가,충청남도,2.0,3.0,,,P2_GRADED_ONLY,True,,,,,
7d912bdd22d85ac96b3d,test,피부관리,T5 서비스,q_피부관리_05,속눈썹 연장,뷰티·미용 중 '피부관리'를 판매·제공하는 매장,f7c37410-276d-4b0d-8a41-9eb311752832,삼형제김밥 암사역점,김밥,암사종합시장,전통시장,서울특별시,0.0,0.0,,,RESOLVED_AGREEMENT,False,0,,,,
3c47374dd4d372c1e899,test,피부관리,T5 서비스,q_피부관리_05,속눈썹 연장,뷰티·미용 중 '피부관리'를 판매·제공하는 매장,1d8563a3-6453-4917-8557-2e0f451878cf,뮤트온,속눈썹,양림공예거리 골목형상점가,골목형상점가,광주광역시,3.0,3.0,,,RESOLVED_AGREEMENT,False,3,,,,
9afd521319f7ce145aff,test,피부관리,T5 서비스,q_피부관리_05,속눈썹 연장,뷰티·미용 중 '피부관리'를 판매·제공하는 매장,ce83ca58-a7e6-4713-8b4f-64ec89b465bd,뷰티끄혜,속눈썹,문정동로데오상점가,자율상권구역,서울특별시,3.0,3.0,,,RESOLVED_AGREEMENT,False,3,,,,
89521cb72def9ee19897,test,피부관리,T5 서비스,q_피부관리_05,속눈썹 연장,뷰티·미용 중 '피부관리'를 판매·제공하는 매장,49ece0c1-d22c-405a-817a-53d16ffe82ee,글림,속눈썹연장,어울림양산로 골목형상점가,골목형상점가,광주광역시,3.0,3.0,,,RESOLVED_AGREEMENT,False,3,,,,
54cd12da44faf543a52a,test,피부관리,T5 서비스,q_피부관리_05,속눈썹 연장,뷰티·미용 중 '피부관리'를 판매·제공하는 매장,f4efb8a0-d62e-412a-9f9d-0e60ab022141,슈속눈썹,속눈썹 미용업,거제 장평종합시장,전통시장,경상남도,3.0,3.0,,,RESOLVED_AGREEMENT,False,3,,,,
c6bffa261b31f455847d,test,피부관리,T5 서비스,q_피부관리_05,속눈썹 연장,뷰티·미용 중 '피부관리'를 판매·제공하는 매장,d5c8c27b-310a-48ab-b289-bd739f3f5a6f,아이멜로우,속눈썹연장 속눈썹펌,양정전통시장,전통시장,부산광역시,3.0,3.0,,,RESOLVED_AGREEMENT,False,3,,,,
42c6493f0db44fa8332b,test,피부관리,T5 서비스,q_피부관리_05,속눈썹 연장,뷰티·미용 중 '피부관리'를 판매·제공하는 매장,7530b294-47f4-4aaa-b668-a7aaf2bca105,제니래쉬,속눈썹 연장 펌 화장품 소매업,산수초앞 골목형상점가,골목형상점가,광주광역시,3.0,3.0,,,RESOLVED_AGREEMENT,False,3,,,,
e1ca57526538989060d4,test,피부관리,T5 서비스,q_피부관리_05,속눈썹 연장,뷰티·미용 중 '피부관리'를 판매·제공하는 매장,0b781873-4848-440d-9845-519fe314cb94,비비한 뷰티&왁싱,피부왁싱,호남동불로동천변 골목형상점가,골목형상점가,광주광역시,2.0,3.0,,,P2_GRADED_ONLY,True,,,,,
6bab292f722b3c4028ab,test,피부관리,T5 서비스,q_피부관리_05,속눈썹 연장,뷰티·미용 중 '피부관리'를 판매·제공하는 매장,00998e68-6f7e-4b3f-9476-72ba1ac3466e,라테라스 테라피,피부관리,치평1230상인회 골목형상점가,골목형상점가,광주광역시,2.0,3.0,,,P2_GRADED_ONLY,True,,,,,
f9dab2f447ffc65282ea,test,피부관리,T5 서비스,q_피부관리_05,속눈썹 연장,뷰티·미용 중 '피부관리'를 판매·제공하는 매장,bfb5910c-9bf5-4ff4-9867-6e27ac750c88,퓨어미,속눈썹,월곡달빛오거리골목형상점가,골목형상점가,서울특별시,3.0,3.0,,,RESOLVED_AGREEMENT,False,3,,,,
ee028113a7636af8a5f2,test,피부관리,T5 서비스,q_피부관리_05,속눈썹 연장,뷰티·미용 중 '피부관리'를 판매·제공하는 매장,004a8de5-69c1-4c55-a507-54e016703431,마중물뷰티동,소매(화장품),은마종합상점가,자율상권구역,서울특별시,1.0,2.0,,,P1_BINARY_THRESHOLD,True,,,,,
45323948c1b704f54971,test,피부관리,T5 서비스,q_피부관리_05,속눈썹 연장,뷰티·미용 중 '피부관리'를 판매·제공하는 매장,cdde0755-9275-4ac1-81b3-5f197fd92456,아토(Atto),속눈썹 연장 펌,능동상가,자율상권구역,경기도,3.0,3.0,,,RESOLVED_AGREEMENT,False,3,,,,
011439fa0e30a43565cc,test,피부관리,T5 서비스,q_피부관리_05,속눈썹 연장,뷰티·미용 중 '피부관리'를 판매·제공하는 매장,f78b58d4-5939-40ec-9683-2b415c5ec0f8,뷰티더비,속눈썹,광복마을길 골목형상점가,골목형상점가,광주광역시,3.0,3.0,,,RESOLVED_AGREEMENT,False,3,,,,
276fa6380c616a117587,test,피부관리,T5 서비스,q_피부관리_05,속눈썹 연장,뷰티·미용 중 '피부관리'를 판매·제공하는 매장,9e129584-e199-413a-872e-367b458fe514,자연스런눈썹,속눈썹,마륵동상인회 골목형상점가,골목형상점가,광주광역시,3.0,3.0,,,RESOLVED_AGREEMENT,False,3,,,,
1411fc71959c2ee00a9d,test,피부관리,T5 서비스,q_피부관리_05,속눈썹 연장,뷰티·미용 중 '피부관리'를 판매·제공하는 매장,52601f73-99b1-4f51-9043-ef7afee396ed,"네일도,속눈썹","속눈썹, 네일",하단자율상권구역,기타,부산광역시,3.0,3.0,,,RESOLVED_AGREEMENT,False,3,,,,
e5e0e6c46b1f92522dea,test,피부관리,T5 서비스,q_피부관리_05,속눈썹 연장,뷰티·미용 중 '피부관리'를 판매·제공하는 매장,2a0026d0-ce28-4b1a-b574-cec645ea0a40,퀸뷰티샵,속눈썹,성남중앙지하시장,일반지하상점가,경기도,3.0,3.0,,,RESOLVED_AGREEMENT,False,3,,,,
2b8546b4afca0ded94d0,test,피부관리,T5 서비스,q_피부관리_05,속눈썹 연장,뷰티·미용 중 '피부관리'를 판매·제공하는 매장,db7ffc4b-3314-4470-b3dd-a3f79c92201f,크리스탈아이래쉬,속눈썹펌 연장,평촌역 상점가,자율상권구역,경기도,3.0,3.0,,,RESOLVED_AGREEMENT,False,3,,,,
e30bdde5b9ab217b2e67,test,피부관리,T5 서비스,q_피부관리_05,속눈썹 연장,뷰티·미용 중 '피부관리'를 판매·제공하는 매장,008c73ed-3ece-452b-aa49-b96b73ff1ba1,온결 스킨앤바디,화장품,가재마을 골목형상점가,골목형상점가,세종특별자치시,1.0,2.0,,,P1_BINARY_THRESHOLD,True,,,,,
b80c8723203fb2747337,test,피부관리,T5 서비스,q_피부관리_05,속눈썹 연장,뷰티·미용 중 '피부관리'를 판매·제공하는 매장,04e23271-38ff-40c1-92b8-657773758b60,무아르왁싱,"왁싱, 제모",과천스마트케이 골목형상점가,골목형상점가,경기도,2.0,3.0,,,P2_GRADED_ONLY,True,,,,,
55fa499dab800a951169,test,피부관리,T5 서비스,q_피부관리_05,속눈썹 연장,뷰티·미용 중 '피부관리'를 판매·제공하는 매장,c3dd7319-73f4-4aa4-8a6e-e54ccbba4705,미미샾,속눈썹,의정부역지하상가,일반지하상점가,경기도,3.0,3.0,,,RESOLVED_AGREEMENT,False,3,,,,
8023acdc1ad414b73ed0,test,피부관리,T5 서비스,q_피부관리_05,속눈썹 연장,뷰티·미용 중 '피부관리'를 판매·제공하는 매장,bf437496-dd2e-4ced-8ad0-890147b5d5d9,올리브뷰티 세종점 눈썹 &속눈썹,속눈썹,나성중앙 골목형상점가,골목형상점가,세종특별자치시,3.0,3.0,,,RESOLVED_AGREEMENT,False,3,,,,
c487ea63defb781629b5,test,피부관리,T5 서비스,q_피부관리_05,속눈썹 연장,뷰티·미용 중 '피부관리'를 판매·제공하는 매장,0133de50-f3d8-44d7-99fb-0a05f3b2b13e,졔졔살롱,속눈썹미용,운암이 골목형상점가,골목형상점가,광주광역시,3.0,3.0,,,RESOLVED_AGREEMENT,False,3,,,,
489243feb91f37800f9e,test,피부관리,T5 서비스,q_피부관리_05,속눈썹 연장,뷰티·미용 중 '피부관리'를 판매·제공하는 매장,586aa0d2-84ea-48bc-877c-36683a097734,윙크아이,반영구눈썹 속눈썹연장,주안시민지하도상점가,일반지하상점가,인천광역시,3.0,3.0,,,RESOLVED_AGREEMENT,False,3,,,,
f1061e4fd70d8a96127f,test,피부관리,T5 서비스,q_피부관리_05,속눈썹 연장,뷰티·미용 중 '피부관리'를 판매·제공하는 매장,6e8cf584-d574-423a-9a7c-479341a6e4a1,눈썹공쥬,속눈썹,봉선1로 골목형상점가,골목형상점가,광주광역시,3.0,3.0,,,RESOLVED_AGREEMENT,False,3,,,,
fc3396ed976e95c00430,test,피부관리,T5 서비스,q_피부관리_05,속눈썹 연장,뷰티·미용 중 '피부관리'를 판매·제공하는 매장,bb777c49-f9b5-41ed-bdec-7ed435545f07,여기래쉬,속눈썹,선운별 골목형상점가,골목형상점가,광주광역시,3.0,3.0,,,RESOLVED_AGREEMENT,False,3,,,,
396214038383c9620103,test,피부관리,T5 서비스,q_피부관리_05,속눈썹 연장,뷰티·미용 중 '피부관리'를 판매·제공하는 매장,b32e1c5f-f5e3-4802-bfc6-2b4d3b65da34,슬뷰티,속눈썹연장,나주혁신도시 골목형상점가,골목형상점가,전라남도,3.0,3.0,,,RESOLVED_AGREEMENT,False,3,,,,
a07a53b41aa4d2bf07b6,test,피부관리,T5 서비스,q_피부관리_05,속눈썹 연장,뷰티·미용 중 '피부관리'를 판매·제공하는 매장,7a4d5783-53ec-4dc8-9a3d-2aacf7ce16fc,디어써니,속눈썹,월곡달빛오거리골목형상점가,골목형상점가,서울특별시,3.0,3.0,,,RESOLVED_AGREEMENT,False,3,,,,
6728fbe53a439028b8f0,test,피부관리,T5 서비스,q_피부관리_05,속눈썹 연장,뷰티·미용 중 '피부관리'를 판매·제공하는 매장,1520764b-a562-49ac-8d5d-33a8ab99269d,드뮤즈뷰티,속눈썹연장 속눈썹펌,첨단이웃사랑 골목형상점가,골목형상점가,광주광역시,3.0,3.0,,,RESOLVED_AGREEMENT,False,3,,,,
4ec3bae87fa632b5b206,test,피부관리,T5 서비스,q_피부관리_05,속눈썹 연장,뷰티·미용 중 '피부관리'를 판매·제공하는 매장,6fd0a33a-8fc1-436e-a2b0-891c4b3cbfac,플라이래쉬,속눈썹 연장 피부미용,운천상무시장 골목형상점가,골목형상점가,광주광역시,3.0,3.0,,,RESOLVED_AGREEMENT,False,3,,,,
677d5b2b4ca4a1c0896d,test,피부관리,T5 서비스,q_피부관리_05,속눈썹 연장,뷰티·미용 중 '피부관리'를 판매·제공하는 매장,bce5cf67-6304-400c-a580-7e3028052a37,유위드,속눈썹,중외공원길 골목형상점가,골목형상점가,광주광역시,3.0,3.0,,,RESOLVED_AGREEMENT,False,3,,,,
5edd342bcfba38777a39,test,피부관리,T5 서비스,q_피부관리_05,속눈썹 연장,뷰티·미용 중 '피부관리'를 판매·제공하는 매장,14f45676-ca6f-4fcb-aea7-c6b95ac1a077,루아 휴 헤드스파&에스테틱,,퍼스트원 골목형상점가,골목형상점가,세종특별자치시,2.0,3.0,,,P2_GRADED_ONLY,True,,,,,
2b10504961f443af6e72,test,피부관리,T5 서비스,q_피부관리_05,속눈썹 연장,뷰티·미용 중 '피부관리'를 판매·제공하는 매장,7c7eb950-f7e4-45f4-938b-4947ab1c0e5b,블루밍아이래쉬,속눈썹증모 연장,혁신도시5구역골목형상점가,골목형상점가,강원특별자치도,3.0,3.0,,,RESOLVED_AGREEMENT,False,3,,,,
662c7fcc63da07e98664,test,피부관리,T5 서비스,q_피부관리_05,속눈썹 연장,뷰티·미용 중 '피부관리'를 판매·제공하는 매장,02288afa-ef79-4f20-a297-bf30982d8a6b,제이지니테라피,피부관리. 윤곽. 비대칭관리,부천 옥길 골목형상점가,골목형상점가,경기도,2.0,3.0,,,P2_GRADED_ONLY,True,,,,,
3db7d65ec6d8759c151c,test,피부관리,T5 서비스,q_피부관리_05,속눈썹 연장,뷰티·미용 중 '피부관리'를 판매·제공하는 매장,c2c425c3-02e8-4f4b-8f82-50fb65c35a51,써니 속눈썹,속눈썹,첨단시네파크 골목형상점가,골목형상점가,광주광역시,3.0,3.0,,,RESOLVED_AGREEMENT,False,3,,,,
60481aa560426d4fedbd,test,피부관리,T5 서비스,q_피부관리_05,속눈썹 연장,뷰티·미용 중 '피부관리'를 판매·제공하는 매장,855ba4dc-e111-4a57-a06c-0ce13b4f2b9b,연이네속눈썹,속눈썹연장,귀인동먹거리촌 골목형상점가,골목형상점가,경기도,3.0,3.0,,,RESOLVED_AGREEMENT,False,3,,,,
ef945c3920188dc5c712,test,피부관리,T5 서비스,q_피부관리_05,속눈썹 연장,뷰티·미용 중 '피부관리'를 판매·제공하는 매장,013c7cfa-cbf1-4606-bfd2-cae2985377c0,피크래쉬룸(PEAK LASH ROOM),"메이크업, 속눈썹",금암동 골목형상점가,골목형상점가,충청남도,3.0,3.0,,,RESOLVED_AGREEMENT,False,3,,,,
cba096f99cfb0a519f6b,test,피부관리,T5 서비스,q_피부관리_05,속눈썹 연장,뷰티·미용 중 '피부관리'를 판매·제공하는 매장,604fd235-a1b1-49c1-8450-7136c8f727c3,미아플라워,꽃집,미사강변 골목형상점가,골목형상점가,경기도,0.0,0.0,,,RESOLVED_AGREEMENT,False,0,,,,
3bcf7ba2100e7cd06807,test,피부관리,T5 서비스,q_피부관리_05,속눈썹 연장,뷰티·미용 중 '피부관리'를 판매·제공하는 매장,eeb8024b-1161-43a3-a2be-f43dc5cfa2bc,예쁠데이,"속눈썹연장, 속눈썹펌, 속눈썹관리",첨단이웃사랑 골목형상점가,골목형상점가,광주광역시,3.0,3.0,,,RESOLVED_AGREEMENT,False,3,,,,
23810d9dff5f5429eb04,test,피부관리,T5 서비스,q_피부관리_05,속눈썹 연장,뷰티·미용 중 '피부관리'를 판매·제공하는 매장,0145ebc4-2c3b-48a5-bdee-30b3cbffc69a,비바뷰티왁싱스튜디오,왁싱,백운진다리 골목형상점가,골목형상점가,광주광역시,2.0,3.0,,,P2_GRADED_ONLY,True,,,,,
f4d7ced4b142089751af,test,피부관리,T5 서비스,q_피부관리_05,속눈썹 연장,뷰티·미용 중 '피부관리'를 판매·제공하는 매장,e84b16f9-d996-45e6-8b9c-64729925a62a,퀸비속눈썹,속눈썹,금산프라자 골목형상점가,골목형상점가,경기도,3.0,3.0,,,RESOLVED_AGREEMENT,False,3,,,,
14e9e2a8ac3aeed9db1a,test,피부관리,T5 서비스,q_피부관리_05,속눈썹 연장,뷰티·미용 중 '피부관리'를 판매·제공하는 매장,f62e4a2d-6c0b-48d7-909a-6c3a2d16d72d,레이디스,속눈썹 연장 속눈썹 펌,부평 문화의거리,전통시장,인천광역시,3.0,3.0,,,RESOLVED_AGREEMENT,False,3,,,,
da20e2653d37d72566f6,test,피부관리,T5 서비스,q_피부관리_05,속눈썹 연장,뷰티·미용 중 '피부관리'를 판매·제공하는 매장,95c04d45-f80d-4cea-9030-672405d4fa86,윤이크,속눈썹,첨단이웃사랑 골목형상점가,골목형상점가,광주광역시,3.0,3.0,,,RESOLVED_AGREEMENT,False,3,,,,
12e0c4978d1f07f0034f,test,피부관리,T5 서비스,q_피부관리_05,속눈썹 연장,뷰티·미용 중 '피부관리'를 판매·제공하는 매장,072ec852-5c33-4a82-b557-89a2925dff58,빽보이피자전주효자점,양식 피자 서양식,봉곡우전로 골목형상점가,골목형상점가,전북특별자치도,0.0,0.0,,,RESOLVED_AGREEMENT,False,0,,,,
ea008e5b4412dc496ff0,test,피부관리,T5 서비스,q_피부관리_05,속눈썹 연장,뷰티·미용 중 '피부관리'를 판매·제공하는 매장,006a03c8-0b03-4a37-bab3-4d9d608fbc7b,디바스킨 본점,피부관리,나주혁신도시 골목형상점가,골목형상점가,전라남도,2.0,3.0,,,P2_GRADED_ONLY,True,,,,,
4667fc0fbfbd8a5a9bda,test,피부관리,T5 서비스,q_피부관리_05,속눈썹 연장,뷰티·미용 중 '피부관리'를 판매·제공하는 매장,f89160cf-0788-440d-a56c-648d13736392,설라인,속눈썹,첨단청사초롱길 골목형상점가,골목형상점가,광주광역시,3.0,3.0,,,RESOLVED_AGREEMENT,False,3,,,,
e9809f17a04095144582,test,피부관리,T5 서비스,q_피부관리_05,속눈썹 연장,뷰티·미용 중 '피부관리'를 판매·제공하는 매장,2f0a3579-ecfa-49a1-bf9e-55512757d117,탑퀄래쉬,속눈썹,운암 예술 골목형상점가,골목형상점가,광주광역시,3.0,3.0,,,RESOLVED_AGREEMENT,False,3,,,,
5b171746c1bfe6a75339,test,피부관리,T5 서비스,q_피부관리_05,속눈썹 연장,뷰티·미용 중 '피부관리'를 판매·제공하는 매장,00131122-77cf-4772-b141-202f0f950f5c,라라샵,화장품,유성신나는 골목형상점가,골목형상점가,대전광역시,1.0,2.0,,,P1_BINARY_THRESHOLD,True,,,,,
89bffc58b1984cbe1534,test,피부관리,T5 서비스,q_피부관리_05,속눈썹 연장,뷰티·미용 중 '피부관리'를 판매·제공하는 매장,8568fcc6-c096-4f6c-97dd-a0d8d563c35a,루시아이,속눈썹연장 및 속눈썹 펌,신가동 골목형상점가,골목형상점가,광주광역시,3.0,3.0,,,RESOLVED_AGREEMENT,False,3,,,,
8e982dfccfb8e1dcfe62,test,피부관리,T5 서비스,q_피부관리_05,속눈썹 연장,뷰티·미용 중 '피부관리'를 판매·제공하는 매장,490473b5-6838-46e5-915e-9c97344e4fcf,섬세희,속눈썹,무등산그린웰로제비앙 골목형상점가,골목형상점가,광주광역시,3.0,3.0,,,RESOLVED_AGREEMENT,False,3,,,,
6482ed250b551857c1a0,test,피부관리,T5 서비스,q_피부관리_05,속눈썹 연장,뷰티·미용 중 '피부관리'를 판매·제공하는 매장,6b151665-6b16-40a9-9496-68dbfa58f64b,미유,속눈썹연장,월곡1동 골목형상점가,골목형상점가,광주광역시,3.0,3.0,,,RESOLVED_AGREEMENT,False,3,,,,
acb19e23a7cf4b1c6b28,test,피부관리,T5 서비스,q_피부관리_05,속눈썹 연장,뷰티·미용 중 '피부관리'를 판매·제공하는 매장,33a3f7f0-a5ad-4f75-921f-49e851d82fae,트웬티뷰티,속눈썹,하남3지구 골목형상점가,골목형상점가,광주광역시,3.0,3.0,,,RESOLVED_AGREEMENT,False,3,,,,
08e69aff01119976dd10,test,피부관리,T5 서비스,q_피부관리_05,속눈썹 연장,뷰티·미용 중 '피부관리'를 판매·제공하는 매장,5d1d11d7-1a05-4f3f-a7bf-e91324f4231c,아이라이트,속눈썹 연장 및 속눈썹 펌 시술,정부청사 골목형상점가,골목형상점가,광주광역시,3.0,3.0,,,RESOLVED_AGREEMENT,False,3,,,,
acfb0adc6461f0cc3faa,test,피부관리,T5 서비스,q_피부관리_05,속눈썹 연장,뷰티·미용 중 '피부관리'를 판매·제공하는 매장,96e1ac48-8c39-43c1-a6f5-7bcc7d02df1d,비니속눈썹,속눈썹,웰컴시티,전통시장,울산광역시,3.0,3.0,,,RESOLVED_AGREEMENT,False,3,,,,
74eeb9d6e1105a5c91ee,test,피부관리,T5 서비스,q_피부관리_05,속눈썹 연장,뷰티·미용 중 '피부관리'를 판매·제공하는 매장,4afddc58-8c9c-4ee8-a6e4-251aca1ed73c,진부BYC,속옷,진부전통시장,전통시장,강원특별자치도,0.0,0.0,,,RESOLVED_AGREEMENT,False,0,,,,
e751d5c2399bbd44c081,test,피부관리,T5 서비스,q_피부관리_05,속눈썹 연장,뷰티·미용 중 '피부관리'를 판매·제공하는 매장,6ada0534-ecae-48e1-9db2-b0a88162ceff,천수상회,건강원,봉화상설시장,전통시장,경상북도,0.0,1.0,,,P2_GRADED_ONLY,True,,,,,
90efd3e400bcacdf2785,test,피부관리,T5 서비스,q_피부관리_05,속눈썹 연장,뷰티·미용 중 '피부관리'를 판매·제공하는 매장,a4eb3f39-7886-413f-a3e6-a10385d06c39,아이보라,속눈썹 연장,광천동상인회 골목형상점가,골목형상점가,광주광역시,3.0,3.0,,,RESOLVED_AGREEMENT,False,3,,,,
e9de3cedde11840a3024,test,피부관리,T5 서비스,q_피부관리_05,속눈썹 연장,뷰티·미용 중 '피부관리'를 판매·제공하는 매장,14139e1d-96a0-4b24-948b-e738714b88f3,눈독,속눈썹연장,518먹자골목상인회 골목형상점가,골목형상점가,광주광역시,3.0,3.0,,,RESOLVED_AGREEMENT,False,3,,,,
ba1eab5cab132d78325b,test,피부관리,T5 서비스,q_피부관리_05,속눈썹 연장,뷰티·미용 중 '피부관리'를 판매·제공하는 매장,04197336-2bd8-40eb-95d9-f9bd1d83b049,아온에스테틱,,대방디엠시티 골목형상점가,골목형상점가,전북특별자치도,2.0,3.0,,,P2_GRADED_ONLY,True,,,,,
c0abfa876150fa0b2d38,test,피부관리,T5 서비스,q_피부관리_05,속눈썹 연장,뷰티·미용 중 '피부관리'를 판매·제공하는 매장,42dbdde7-ae1d-413e-a6f9-e13a277be2e5,이엠뷰티,속눈썹,야탑 골목형상점가,골목형상점가,경기도,3.0,3.0,,,RESOLVED_AGREEMENT,False,3,,,,
38338ab7ee42d3aff174,test,피부관리,T5 서비스,q_피부관리_05,속눈썹 연장,뷰티·미용 중 '피부관리'를 판매·제공하는 매장,0ed827bf-beec-4e81-b4c8-9520b217bc47,더재인,미용 속눈썹,산본로데오거리(구 산본중심상가),자율상권구역,경기도,3.0,3.0,,,RESOLVED_AGREEMENT,False,3,,,,
2c5d0b854b3061d247dd,test,피부관리,T5 서비스,q_피부관리_05,속눈썹 연장,뷰티·미용 중 '피부관리'를 판매·제공하는 매장,820c3557-bbb6-4914-b19a-343b1537be16,김대리뷰티랩,"속눈썹 펌, 속눈썹 연장",태장사거리 골목형상점가,골목형상점가,경기도,3.0,3.0,,,RESOLVED_AGREEMENT,False,3,,,,
4a2071dc9d7a52cb627e,test,피부관리,T5 서비스,q_피부관리_05,속눈썹 연장,뷰티·미용 중 '피부관리'를 판매·제공하는 매장,5d6d12db-4046-4822-86b1-c985786ab845,썸래쉬,속눈썹 연장,매곡 골목형상점가,골목형상점가,대구광역시,3.0,3.0,,,RESOLVED_AGREEMENT,False,3,,,,
e22d595a15b837a9a5fa,test,피부관리,T5 서비스,q_피부관리_05,속눈썹 연장,뷰티·미용 중 '피부관리'를 판매·제공하는 매장,a2dd6f9e-3823-474f-b765-10b67924a877,센트럴비뇨의학과의원,요로 결석 치료 남성 및 여성의 배뇨 장애 치료 성 매개 질환 검사 각종 남,화정소담상인회 골목형상점가,골목형상점가,광주광역시,0.0,1.0,,,P2_GRADED_ONLY,True,,,,,
4a36c6d29136cd5d56fe,test,피부관리,T5 서비스,q_피부관리_05,속눈썹 연장,뷰티·미용 중 '피부관리'를 판매·제공하는 매장,1d39494e-cc63-4ac2-af0f-0f349de60e56,르주비아 에스테틱,,포항중앙상가,전통시장,경상북도,2.0,3.0,,,P2_GRADED_ONLY,True,,,,,
6e8328b734718e81f538,test,피부관리,T5 서비스,q_피부관리_05,속눈썹 연장,뷰티·미용 중 '피부관리'를 판매·제공하는 매장,79e37c2d-6053-45c7-aa67-baf0eef7591f,오베아(OBEA),"속눈썹 연장, 속눈썹 펌",북구빛나는 골목형상점가,골목형상점가,광주광역시,3.0,3.0,,,RESOLVED_AGREEMENT,False,3,,,,
d5f2320faa9ab38076eb,test,피부관리,T5 서비스,q_피부관리_05,속눈썹 연장,뷰티·미용 중 '피부관리'를 판매·제공하는 매장,23a80ca7-816f-4096-bf82-237bfd0b3134,리앤드,속눈썹연장,518먹자골목상인회 골목형상점가,골목형상점가,광주광역시,3.0,3.0,,,RESOLVED_AGREEMENT,False,3,,,,
eea3102346ecd74bf851,test,피부관리,T5 서비스,q_피부관리_05,속눈썹 연장,뷰티·미용 중 '피부관리'를 판매·제공하는 매장,00265f28-b733-4489-86bc-b86339c2f6c0,이비속눈썹,속눈썹연장,추억담은광주역뒷길 골목형상점가,골목형상점가,광주광역시,3.0,3.0,,,RESOLVED_AGREEMENT,False,3,,,,
e659cb730d5f9dff3474,test,피부관리,T5 서비스,q_피부관리_05,속눈썹 연장,뷰티·미용 중 '피부관리'를 판매·제공하는 매장,006a3db3-f148-48fb-a3ac-1a758ffae755,제이솜에스테틱,피부관리,효행구봉담상점가,골목형상점가,경기도,2.0,3.0,,,P2_GRADED_ONLY,True,,,,,
1f3e250935e381da3a82,test,피부관리,T5 서비스,q_피부관리_05,속눈썹 연장,뷰티·미용 중 '피부관리'를 판매·제공하는 매장,0c3f6ae1-9bec-46f1-a43a-b61009758761,세종왁싱 보람뷰티,왁싱 속눈썹펌,보람동 골목형상점가,골목형상점가,세종특별자치시,3.0,3.0,,,RESOLVED_AGREEMENT,False,3,,,,
603b08d49a9ff334eac2,test,피부관리,T5 서비스,q_피부관리_05,속눈썹 연장,뷰티·미용 중 '피부관리'를 판매·제공하는 매장,003cdc8a-95fe-43ea-8350-f4c63913a6f8,정선화장품,화장품,오천시장,전통시장,경상북도,1.0,2.0,,,P1_BINARY_THRESHOLD,True,,,,,
da57bfbb18592ecfd374,test,피부관리,T5 서비스,q_피부관리_05,속눈썹 연장,뷰티·미용 중 '피부관리'를 판매·제공하는 매장,022f921a-9545-4be5-a4ce-d628a782c282,마이뷰티,피부관리 왁싱 속눈썹,마산 오동동 창동 어시장 상권활성화구역,상권활성화구역,경상남도,3.0,3.0,,,RESOLVED_AGREEMENT,False,3,,,,
ff95327f30c61232530a,test,피부관리,T5 서비스,q_피부관리_06,피부관리 받는 곳,뷰티·미용 중 '피부관리'를 판매·제공하는 매장,101ddd19-74aa-466a-9487-9c9c45eaee05,김현주피부관리실,피부관리,매곡 사랑길 골목형상점가,골목형상점가,광주광역시,3.0,3.0,,,RESOLVED_AGREEMENT,False,3,,,,
f9ea85ab6cd0e0be1713,test,피부관리,T5 서비스,q_피부관리_06,피부관리 받는 곳,뷰티·미용 중 '피부관리'를 판매·제공하는 매장,00131122-77cf-4772-b141-202f0f950f5c,라라샵,화장품,유성신나는 골목형상점가,골목형상점가,대전광역시,1.0,2.0,,,P1_BINARY_THRESHOLD,True,,,,,
8339e22acba33ac70c4c,test,피부관리,T5 서비스,q_피부관리_06,피부관리 받는 곳,뷰티·미용 중 '피부관리'를 판매·제공하는 매장,013c7cfa-cbf1-4606-bfd2-cae2985377c0,피크래쉬룸(PEAK LASH ROOM),"메이크업, 속눈썹",금암동 골목형상점가,골목형상점가,충청남도,3.0,3.0,,,RESOLVED_AGREEMENT,False,3,,,,
8f14010797e495a2196e,test,피부관리,T5 서비스,q_피부관리_06,피부관리 받는 곳,뷰티·미용 중 '피부관리'를 판매·제공하는 매장,670e7311-d73b-4c4f-8c97-a306b4a212e1,김은영피부관리,피부관리,치평상무역상인회 골목형상점가,골목형상점가,광주광역시,3.0,3.0,,,RESOLVED_AGREEMENT,False,3,,,,
afecba6f9aae7313c814,test,피부관리,T5 서비스,q_피부관리_06,피부관리 받는 곳,뷰티·미용 중 '피부관리'를 판매·제공하는 매장,e6996bf0-aedf-4c5c-a6de-0c0e951326b6,맑은피부관리,피부관리,매곡 가인 골목형상점가,골목형상점가,광주광역시,3.0,3.0,,,RESOLVED_AGREEMENT,False,3,,,,
ebd4ff7bb38cca5da342,test,피부관리,T5 서비스,q_피부관리_06,피부관리 받는 곳,뷰티·미용 중 '피부관리'를 판매·제공하는 매장,046c8087-df4f-4578-bcf6-ddb6ac06bd93,아나토미 에스테틱 천안점,에스테틱,불당1번가골목형상점가,골목형상점가,충청남도,3.0,3.0,,,RESOLVED_AGREEMENT,False,3,,,,
acb7e35e538e13dca4d9,test,피부관리,T5 서비스,q_피부관리_06,피부관리 받는 곳,뷰티·미용 중 '피부관리'를 판매·제공하는 매장,ff0b0947-0af2-4943-9130-6c55e50d9b4f,미원방앗간,방앗간,청주육거리종합시장,전통시장,충청북도,0.0,0.0,,,RESOLVED_AGREEMENT,False,0,,,,
0b02785b04663c7e3b4f,test,피부관리,T5 서비스,q_피부관리_06,피부관리 받는 곳,뷰티·미용 중 '피부관리'를 판매·제공하는 매장,eb802516-84bf-46b3-8363-8d1b22ce2f72,바림,피부관리,우산중흥에쓰클래스 골목형상점가,골목형상점가,광주광역시,3.0,3.0,,,RESOLVED_AGREEMENT,False,3,,,,
17c58629ca0aac6883a5,test,피부관리,T5 서비스,q_피부관리_06,피부관리 받는 곳,뷰티·미용 중 '피부관리'를 판매·제공하는 매장,1716c347-0b46-470c-924b-25282801578d,오라클피부관리,피부관리,봉선먹자골목 골목형상점가,골목형상점가,광주광역시,3.0,3.0,,,RESOLVED_AGREEMENT,False,3,,,,
72928a5d943362f909de,test,피부관리,T5 서비스,q_피부관리_06,피부관리 받는 곳,뷰티·미용 중 '피부관리'를 판매·제공하는 매장,4a57a9fa-cdd9-4981-84b2-4deba0d69ba4,피부튼튼e,피부관리,오목교역8번출구골목형상점가,골목형상점가,서울특별시,3.0,3.0,,,RESOLVED_AGREEMENT,False,3,,,,
90e83f4ca6a54dccf8c1,test,피부관리,T5 서비스,q_피부관리_06,피부관리 받는 곳,뷰티·미용 중 '피부관리'를 판매·제공하는 매장,01c0d290-258d-473d-b10e-ab313f96502b,연에스테틱,,유촌동상인회 골목형상점가,골목형상점가,광주광역시,3.0,3.0,,,RESOLVED_AGREEMENT,False,3,,,,
97972aad9c2fcc1c81d1,test,피부관리,T5 서비스,q_피부관리_06,피부관리 받는 곳,뷰티·미용 중 '피부관리'를 판매·제공하는 매장,0c3f6ae1-9bec-46f1-a43a-b61009758761,세종왁싱 보람뷰티,왁싱 속눈썹펌,보람동 골목형상점가,골목형상점가,세종특별자치시,3.0,3.0,,,RESOLVED_AGREEMENT,False,3,,,,
51c29306f4527f212a80,test,피부관리,T5 서비스,q_피부관리_06,피부관리 받는 곳,뷰티·미용 중 '피부관리'를 판매·제공하는 매장,14f45676-ca6f-4fcb-aea7-c6b95ac1a077,루아 휴 헤드스파&에스테틱,,퍼스트원 골목형상점가,골목형상점가,세종특별자치시,3.0,3.0,,,RESOLVED_AGREEMENT,False,3,,,,
1b920a41a3a507b449f5,test,피부관리,T5 서비스,q_피부관리_06,피부관리 받는 곳,뷰티·미용 중 '피부관리'를 판매·제공하는 매장,eee4cb9a-447f-4e24-b168-de011b68be72,찬란하다,피부관리,힐스테이트에코 골목형상점가,골목형상점가,경기도,3.0,3.0,,,RESOLVED_AGREEMENT,False,3,,,,
8146d79d6a849622b45d,test,피부관리,T5 서비스,q_피부관리_06,피부관리 받는 곳,뷰티·미용 중 '피부관리'를 판매·제공하는 매장,04e23271-38ff-40c1-92b8-657773758b60,무아르왁싱,"왁싱, 제모",과천스마트케이 골목형상점가,골목형상점가,경기도,3.0,3.0,,,RESOLVED_AGREEMENT,False,3,,,,
18b34aa819dc4ff52580,test,피부관리,T5 서비스,q_피부관리_06,피부관리 받는 곳,뷰티·미용 중 '피부관리'를 판매·제공하는 매장,b40cbba1-1e96-4097-89df-2fb42e636b89,희예헤어샵,미용,안골사거리 골목형상점가,골목형상점가,전북특별자치도,1.0,2.0,,,P1_BINARY_THRESHOLD,True,,,,,
9158bc9ee8d52bdb802d,test,피부관리,T5 서비스,q_피부관리_06,피부관리 받는 곳,뷰티·미용 중 '피부관리'를 판매·제공하는 매장,00222f52-5d1f-4fb1-b0a6-7b4864ce177f,아리따움서대문연희점,화장품,연희사러가,전통시장,서울특별시,1.0,2.0,,,P1_BINARY_THRESHOLD,True,,,,,
fc2c4c07d6d1b19d9ccf,test,피부관리,T5 서비스,q_피부관리_06,피부관리 받는 곳,뷰티·미용 중 '피부관리'를 판매·제공하는 매장,7103f85e-1715-42c0-9dac-2d009dfb6667,지수 피부,피부관리,한들물빛도시 골목형 상점가,골목형상점가,충청남도,3.0,3.0,,,RESOLVED_AGREEMENT,False,3,,,,
386863cfe437913e917f,test,피부관리,T5 서비스,q_피부관리_06,피부관리 받는 곳,뷰티·미용 중 '피부관리'를 판매·제공하는 매장,9de4b13f-f088-40b5-b0f1-8f889aebc836,순,피부관리,남천바다내음 골목형상점가,골목형상점가,부산광역시,3.0,3.0,,,RESOLVED_AGREEMENT,False,3,,,,
38d5a2b5691c69b87e9b,test,피부관리,T5 서비스,q_피부관리_06,피부관리 받는 곳,뷰티·미용 중 '피부관리'를 판매·제공하는 매장,5e8047ea-4879-4f80-bd71-351dfa01f818,피부봐요,피부관리,문흥라인아파트 골목형상점가,골목형상점가,광주광역시,3.0,3.0,,,RESOLVED_AGREEMENT,False,3,,,,
f18b11e5d213dd9b3a54,test,피부관리,T5 서비스,q_피부관리_06,피부관리 받는 곳,뷰티·미용 중 '피부관리'를 판매·제공하는 매장,1d39494e-cc63-4ac2-af0f-0f349de60e56,르주비아 에스테틱,,포항중앙상가,전통시장,경상북도,3.0,3.0,,,RESOLVED_AGREEMENT,False,3,,,,
0f7892677357b8c3e3cf,test,피부관리,T5 서비스,q_피부관리_06,피부관리 받는 곳,뷰티·미용 중 '피부관리'를 판매·제공하는 매장,b4d2891d-3bc5-4eb0-b16b-40ec831a9162,두얼몸짱,피부관리,건국다복 골목형상점가,골목형상점가,광주광역시,3.0,3.0,,,RESOLVED_AGREEMENT,False,3,,,,
605cb6e96781d79589c6,test,피부관리,T5 서비스,q_피부관리_06,피부관리 받는 곳,뷰티·미용 중 '피부관리'를 판매·제공하는 매장,6e7df1c3-c7e7-4871-a322-f06ed75a2d35,드에르,피부관리,신창호반,골목형상점가,광주광역시,3.0,3.0,,,RESOLVED_AGREEMENT,False,3,,,,
ba5923c3a67d3e89db83,test,피부관리,T5 서비스,q_피부관리_06,피부관리 받는 곳,뷰티·미용 중 '피부관리'를 판매·제공하는 매장,bb337b6e-666a-4954-812d-5ea105c190f8,예쁜공주 피부관리실,피부관리,송정 다누리 골목형상점가,골목형상점가,광주광역시,3.0,3.0,,,RESOLVED_AGREEMENT,False,3,,,,
132e3bf6d87c1729e1c8,test,피부관리,T5 서비스,q_피부관리_06,피부관리 받는 곳,뷰티·미용 중 '피부관리'를 판매·제공하는 매장,fe969718-772c-4af3-bf2a-2fd8a8908ce4,올리브 피부관리,,발섬 골목형상점가,골목형상점가,,3.0,3.0,,,RESOLVED_AGREEMENT,False,3,,,,
b7ecaf6f8e84010ca8d6,test,피부관리,T5 서비스,q_피부관리_06,피부관리 받는 곳,뷰티·미용 중 '피부관리'를 판매·제공하는 매장,006a03c8-0b03-4a37-bab3-4d9d608fbc7b,디바스킨 본점,피부관리,나주혁신도시 골목형상점가,골목형상점가,전라남도,3.0,3.0,,,RESOLVED_AGREEMENT,False,3,,,,
cbb9c1bf49300b2489ed,test,피부관리,T5 서비스,q_피부관리_06,피부관리 받는 곳,뷰티·미용 중 '피부관리'를 판매·제공하는 매장,0b781873-4848-440d-9845-519fe314cb94,비비한 뷰티&왁싱,피부왁싱,호남동불로동천변 골목형상점가,골목형상점가,광주광역시,3.0,3.0,,,RESOLVED_AGREEMENT,False,3,,,,
058f3c45c4e945e4021c,test,피부관리,T5 서비스,q_피부관리_06,피부관리 받는 곳,뷰티·미용 중 '피부관리'를 판매·제공하는 매장,372f1714-6cef-4d7a-8a96-94a41e487d35,동탄 피부관리 더마라보떼,피부관리,북광장상가,자율상권구역,경기도,3.0,3.0,,,RESOLVED_AGREEMENT,False,3,,,,
23dbe5da22aace6a0aca,test,피부관리,T5 서비스,q_피부관리_06,피부관리 받는 곳,뷰티·미용 중 '피부관리'를 판매·제공하는 매장,2256f2b2-62e3-4b64-b370-3342f9b0cdfa,선피부관리,피부관리 화장품,문흥1동 골목형상점가,골목형상점가,광주광역시,3.0,3.0,,,RESOLVED_AGREEMENT,False,3,,,,
26019989c1d8d643fe52,test,피부관리,T5 서비스,q_피부관리_06,피부관리 받는 곳,뷰티·미용 중 '피부관리'를 판매·제공하는 매장,25a3fec3-45ae-4770-85fa-e7fe2ac4fbaf,마르샤,피부관리,박달시장,전통시장,경기도,3.0,3.0,,,RESOLVED_AGREEMENT,False,3,,,,
c9fc9a377ff29f6e322d,test,피부관리,T5 서비스,q_피부관리_06,피부관리 받는 곳,뷰티·미용 중 '피부관리'를 판매·제공하는 매장,eb96c1aa-4621-4fdf-92e0-2e360eba5c1e,선물뷰티,피부관리,군분로꽁양상인회 골목형상점가,골목형상점가,광주광역시,3.0,3.0,,,RESOLVED_AGREEMENT,False,3,,,,
75f79d712ccdac650b58,test,피부관리,T5 서비스,q_피부관리_06,피부관리 받는 곳,뷰티·미용 중 '피부관리'를 판매·제공하는 매장,006a3db3-f148-48fb-a3ac-1a758ffae755,제이솜에스테틱,피부관리,효행구봉담상점가,골목형상점가,경기도,3.0,3.0,,,RESOLVED_AGREEMENT,False,3,,,,
a9769417f7aff031893d,test,피부관리,T5 서비스,q_피부관리_06,피부관리 받는 곳,뷰티·미용 중 '피부관리'를 판매·제공하는 매장,e5eabd81-2e89-43a7-8ad2-8be1fa6c8a05,더빛날,피부관리,양산동 행복 골목형상점가,골목형상점가,광주광역시,3.0,3.0,,,RESOLVED_AGREEMENT,False,3,,,,
9d18d932a21fe6580eff,test,피부관리,T5 서비스,q_피부관리_06,피부관리 받는 곳,뷰티·미용 중 '피부관리'를 판매·제공하는 매장,94286395-d913-4d2c-b941-8bc245c803dd,생생피부관리실,피부관리,봉선중앙로 골목형상점가,골목형상점가,광주광역시,3.0,3.0,,,RESOLVED_AGREEMENT,False,3,,,,
846937d354e4d7110a53,test,피부관리,T5 서비스,q_피부관리_06,피부관리 받는 곳,뷰티·미용 중 '피부관리'를 판매·제공하는 매장,0133de50-f3d8-44d7-99fb-0a05f3b2b13e,졔졔살롱,속눈썹미용,운암이 골목형상점가,골목형상점가,광주광역시,3.0,3.0,,,RESOLVED_AGREEMENT,False,3,,,,
82967ae59b53f727c0ca,test,피부관리,T5 서비스,q_피부관리_06,피부관리 받는 곳,뷰티·미용 중 '피부관리'를 판매·제공하는 매장,4027331f-cc97-4fab-83e1-e494b22d77f0,에스,피부관리,남봉덕 골목형상점가,골목형상점가,대구광역시,3.0,3.0,,,RESOLVED_AGREEMENT,False,3,,,,
5b264b0d33a02d5e912c,test,피부관리,T5 서비스,q_피부관리_06,피부관리 받는 곳,뷰티·미용 중 '피부관리'를 판매·제공하는 매장,0017ec9c-4997-4ef5-a552-7fffc7dd149c,아리따움 진주서부점,화장품,진주 새서부시장,전통시장,경상남도,1.0,2.0,,,P1_BINARY_THRESHOLD,True,,,,,
36487e493860b4f7dfaa,test,피부관리,T5 서비스,q_피부관리_06,피부관리 받는 곳,뷰티·미용 중 '피부관리'를 판매·제공하는 매장,1bed0a4f-6ce9-4f46-a9f3-dfe7ccd9272a,은피부관리,피부관리,까치산시장,전통시장,서울특별시,3.0,3.0,,,RESOLVED_AGREEMENT,False,3,,,,
442c3a15e770a0be76f5,test,피부관리,T5 서비스,q_피부관리_06,피부관리 받는 곳,뷰티·미용 중 '피부관리'를 판매·제공하는 매장,4715b54a-3475-4c0a-90b3-2f0f9023f1db,뾰샤시,피부관리,부평문화인의거리골목형상점가,골목형상점가,인천광역시,3.0,3.0,,,RESOLVED_AGREEMENT,False,3,,,,
651feb3b4a12297d1ea1,test,피부관리,T5 서비스,q_피부관리_06,피부관리 받는 곳,뷰티·미용 중 '피부관리'를 판매·제공하는 매장,183723cf-0dca-4954-bd5c-21915fc6eda7,허브피부관리,피부관리,남성역먹거리골목형상점가,골목형상점가,서울특별시,3.0,3.0,,,RESOLVED_AGREEMENT,False,3,,,,
0e4773c0663a300bdf78,test,피부관리,T5 서비스,q_피부관리_06,피부관리 받는 곳,뷰티·미용 중 '피부관리'를 판매·제공하는 매장,1ac4ae73-6d9b-4466-8bd3-9c4edcc910ec,솔비쥬,피부관리,산본로데오거리(구 산본중심상가),자율상권구역,경기도,3.0,3.0,,,RESOLVED_AGREEMENT,False,3,,,,
495070a951367ae0d79c,test,피부관리,T5 서비스,q_피부관리_06,피부관리 받는 곳,뷰티·미용 중 '피부관리'를 판매·제공하는 매장,45ca7ab3-31ac-4c06-8286-3a019b090424,피부가꿈,피부관리,신안동서암대로 골목형상점가,골목형상점가,광주광역시,3.0,3.0,,,RESOLVED_AGREEMENT,False,3,,,,
448f797b8deb9ddf0ee9,test,피부관리,T5 서비스,q_피부관리_06,피부관리 받는 곳,뷰티·미용 중 '피부관리'를 판매·제공하는 매장,73815bc2-f41b-4b63-8bcb-1af8fa6dc877,중앙청과,과일,서동시장(창인시장),전통시장,전북특별자치도,0.0,0.0,,,RESOLVED_AGREEMENT,False,0,,,,
aade8c9282b13902d134,test,피부관리,T5 서비스,q_피부관리_06,피부관리 받는 곳,뷰티·미용 중 '피부관리'를 판매·제공하는 매장,02288afa-ef79-4f20-a297-bf30982d8a6b,제이지니테라피,피부관리. 윤곽. 비대칭관리,부천 옥길 골목형상점가,골목형상점가,경기도,3.0,3.0,,,RESOLVED_AGREEMENT,False,3,,,,
7e9704a3fa51bf16e19d,test,피부관리,T5 서비스,q_피부관리_06,피부관리 받는 곳,뷰티·미용 중 '피부관리'를 판매·제공하는 매장,c63f57db-8317-4837-9c2f-78359ed1f2af,피부미인,피부관리,하남시서석바대상점가,자율상권구역,경기도,3.0,3.0,,,RESOLVED_AGREEMENT,False,3,,,,
c67e8d81e07180f0c484,test,피부관리,T5 서비스,q_피부관리_06,피부관리 받는 곳,뷰티·미용 중 '피부관리'를 판매·제공하는 매장,b399d6c9-0372-45d6-ac0e-1626b7693823,중앙뷰티,피부관리,장미제일시장,전통시장,서울특별시,3.0,3.0,,,RESOLVED_AGREEMENT,False,3,,,,
76728cdae789202ba4ef,test,피부관리,T5 서비스,q_피부관리_06,피부관리 받는 곳,뷰티·미용 중 '피부관리'를 판매·제공하는 매장,e85614d3-14c5-441c-86fb-85e4bc32adcf,서문축산,,내산 골목형상점가,골목형상점가,대구광역시,0.0,0.0,,,RESOLVED_AGREEMENT,False,0,,,,
bd6fb0224520fc0538d1,test,피부관리,T5 서비스,q_피부관리_06,피부관리 받는 곳,뷰티·미용 중 '피부관리'를 판매·제공하는 매장,ed776ea2-48e0-4240-a74f-24847112201b,프와,피부관리,첨단강변로 골목형상점가,골목형상점가,광주광역시,3.0,3.0,,,RESOLVED_AGREEMENT,False,3,,,,
5c5c633edf9adca7ce92,test,피부관리,T5 서비스,q_피부관리_06,피부관리 받는 곳,뷰티·미용 중 '피부관리'를 판매·제공하는 매장,29e03f7f-9231-4e67-a68f-a2b4be606245,창원피부관리다올,피부관리,창원 대동중앙상가,전통시장,경상남도,3.0,3.0,,,RESOLVED_AGREEMENT,False,3,,,,
045b53405a131e2e4ec3,test,피부관리,T5 서비스,q_피부관리_06,피부관리 받는 곳,뷰티·미용 중 '피부관리'를 판매·제공하는 매장,1fff1a97-19a3-4140-b0a1-443bbd619473,시월뷰티,피부관리,해남읍 원도심 상권활성화구역,상권활성화구역,전라남도,3.0,3.0,,,RESOLVED_AGREEMENT,False,3,,,,
9a0ee9c1b45e8b785f75,test,피부관리,T5 서비스,q_피부관리_06,피부관리 받는 곳,뷰티·미용 중 '피부관리'를 판매·제공하는 매장,158a9cc4-064a-4dbf-a6af-c93bfcbce3e5,다정피부관리실,피부관리,다정중앙 골목형상점가,골목형상점가,세종특별자치시,3.0,3.0,,,RESOLVED_AGREEMENT,False,3,,,,
b8725ad9b48abd5a3276,test,피부관리,T5 서비스,q_피부관리_06,피부관리 받는 곳,뷰티·미용 중 '피부관리'를 판매·제공하는 매장,9e21cfb2-807c-47e7-9481-7df84118cb34,핫뷰티,피부관리,고은상인회 골목형상점가,골목형상점가,광주광역시,3.0,3.0,,,RESOLVED_AGREEMENT,False,3,,,,
865d577c53893b9ee3cb,test,피부관리,T5 서비스,q_피부관리_06,피부관리 받는 곳,뷰티·미용 중 '피부관리'를 판매·제공하는 매장,36550d25-2c6c-4354-9a60-db04bfeaa620,노은동최승희피부관리,피부관리,노은역 골목형상점가,골목형상점가,대전광역시,3.0,3.0,,,RESOLVED_AGREEMENT,False,3,,,,
5a52045f976152d15c7c,test,피부관리,T5 서비스,q_피부관리_06,피부관리 받는 곳,뷰티·미용 중 '피부관리'를 판매·제공하는 매장,bc75484f-389c-4f7b-ba5d-164ca56ac6df,피부힐링순,피부관리,세은 골목형상점가,골목형상점가,광주광역시,3.0,3.0,,,RESOLVED_AGREEMENT,False,3,,,,
88ca2c2d63d3bf676261,test,피부관리,T5 서비스,q_피부관리_06,피부관리 받는 곳,뷰티·미용 중 '피부관리'를 판매·제공하는 매장,22bab0b6-b1a0-4a03-9332-f121f20a75cb,키웰,피부관리,평촌1번가 상점가,자율상권구역,경기도,3.0,3.0,,,RESOLVED_AGREEMENT,False,3,,,,
4b50050a8ba9e252e446,test,피부관리,T5 서비스,q_피부관리_06,피부관리 받는 곳,뷰티·미용 중 '피부관리'를 판매·제공하는 매장,b2ad126d-3a50-4704-8cd4-32f529beac2c,태풍참치,참치회,운암시장 주변 골목형상점가,골목형상점가,광주광역시,0.0,0.0,,,RESOLVED_AGREEMENT,False,0,,,,
a0c3c9646bd1ab83caff,test,피부관리,T5 서비스,q_피부관리_06,피부관리 받는 곳,뷰티·미용 중 '피부관리'를 판매·제공하는 매장,60747679-85be-444e-aa8f-354b366ce0a9,유미김밥,김밥분식,양산호수공원 골목형상점가,골목형상점가,광주광역시,0.0,0.0,,,RESOLVED_AGREEMENT,False,0,,,,
903a1d11f843844637b7,test,피부관리,T5 서비스,q_피부관리_06,피부관리 받는 곳,뷰티·미용 중 '피부관리'를 판매·제공하는 매장,3fa4f182-a366-486a-b16d-bd753e333230,피부미인,피부관리,문흥동 골목형상점가,골목형상점가,광주광역시,3.0,3.0,,,RESOLVED_AGREEMENT,False,3,,,,
fe27839f1ee7c2930dc8,test,피부관리,T5 서비스,q_피부관리_06,피부관리 받는 곳,뷰티·미용 중 '피부관리'를 판매·제공하는 매장,00286d17-4dd8-4803-9e0d-4ce25169c0f7,에이치컬링,눈썹,약수초등길 중산 골목형상점가,골목형상점가,울산광역시,3.0,0.0,,,P1_BINARY_THRESHOLD,True,,,,,
949f28e1880f6d8533f3,test,피부관리,T5 서비스,q_피부관리_06,피부관리 받는 곳,뷰티·미용 중 '피부관리'를 판매·제공하는 매장,7d5eb096-e9e7-4be8-90a2-afb8b8b326b5,소담피부관리실,피부관리,소촌골 골목형상점가,골목형상점가,광주광역시,3.0,3.0,,,RESOLVED_AGREEMENT,False,3,,,,
b3d2841a0bbced818e71,test,피부관리,T5 서비스,q_피부관리_06,피부관리 받는 곳,뷰티·미용 중 '피부관리'를 판매·제공하는 매장,fd8d72f6-c777-4375-abff-406318d1ab15,궁화피부관리,피부관리,원주중앙로문화의거리,자율상권구역,강원특별자치도,3.0,3.0,,,RESOLVED_AGREEMENT,False,3,,,,
27d28810cfb3b4870d11,test,피부관리,T5 서비스,q_피부관리_06,피부관리 받는 곳,뷰티·미용 중 '피부관리'를 판매·제공하는 매장,09e962f0-1376-4347-b30e-60edd1ef994c,미소뷰티,피부관리,정 있는 서암대로 골목형상점가,골목형상점가,광주광역시,3.0,3.0,,,RESOLVED_AGREEMENT,False,3,,,,
031ea260597ec692a328,test,피부관리,T5 서비스,q_피부관리_06,피부관리 받는 곳,뷰티·미용 중 '피부관리'를 판매·제공하는 매장,00998e68-6f7e-4b3f-9476-72ba1ac3466e,라테라스 테라피,피부관리,치평1230상인회 골목형상점가,골목형상점가,광주광역시,3.0,3.0,,,RESOLVED_AGREEMENT,False,3,,,,
8f4d8f744801ef6e93b4,test,피부관리,T5 서비스,q_피부관리_06,피부관리 받는 곳,뷰티·미용 중 '피부관리'를 판매·제공하는 매장,10a75492-cc23-46d2-847a-563591ad8cb1,봉투총판,비닐,부산국제시장,전통시장,부산광역시,0.0,0.0,,,RESOLVED_AGREEMENT,False,0,,,,
136423a80055635b243c,test,피부관리,T5 서비스,q_피부관리_06,피부관리 받는 곳,뷰티·미용 중 '피부관리'를 판매·제공하는 매장,003cdc8a-95fe-43ea-8350-f4c63913a6f8,정선화장품,화장품,오천시장,전통시장,경상북도,1.0,2.0,,,P1_BINARY_THRESHOLD,True,,,,,
f6abc6d7b0119c27bdbe,test,피부관리,T5 서비스,q_피부관리_06,피부관리 받는 곳,뷰티·미용 중 '피부관리'를 판매·제공하는 매장,ff4e6f5e-fc14-4371-a58c-a1a98c2b6d14,블링뷰티,피부관리,광주송정역세권 상권활성화구역,상권활성화구역,광주광역시,3.0,3.0,,,RESOLVED_AGREEMENT,False,3,,,,
e939abb584d3e2bd4986,test,피부관리,T5 서비스,q_피부관리_06,피부관리 받는 곳,뷰티·미용 중 '피부관리'를 판매·제공하는 매장,0145ebc4-2c3b-48a5-bdee-30b3cbffc69a,비바뷰티왁싱스튜디오,왁싱,백운진다리 골목형상점가,골목형상점가,광주광역시,3.0,3.0,,,RESOLVED_AGREEMENT,False,3,,,,
434e5d09050b7effb6f7,test,피부관리,T5 서비스,q_피부관리_06,피부관리 받는 곳,뷰티·미용 중 '피부관리'를 판매·제공하는 매장,8a2422d7-6c83-4f2e-bd5c-c4fe2449fa1b,경빈피부관리실,피부관리,나성동 소방청 골목형상점가,골목형상점가,세종특별자치시,3.0,3.0,,,RESOLVED_AGREEMENT,False,3,,,,
f484c9294d79caa37e2f,test,피부관리,T5 서비스,q_피부관리_06,피부관리 받는 곳,뷰티·미용 중 '피부관리'를 판매·제공하는 매장,004a8de5-69c1-4c55-a507-54e016703431,마중물뷰티동,소매(화장품),은마종합상점가,자율상권구역,서울특별시,1.0,2.0,,,P1_BINARY_THRESHOLD,True,,,,,
35c1fe52af92986d81c6,test,피부관리,T5 서비스,q_피부관리_06,피부관리 받는 곳,뷰티·미용 중 '피부관리'를 판매·제공하는 매장,f76afa0e-705c-43f8-adbf-6a7bee257190,피부The빛나,피부관리,노블레스 골목형상점가,골목형상점가,경기도,3.0,3.0,,,RESOLVED_AGREEMENT,False,3,,,,
90844ff41538ec8a3a51,test,피부관리,T5 서비스,q_피부관리_06,피부관리 받는 곳,뷰티·미용 중 '피부관리'를 판매·제공하는 매장,008c73ed-3ece-452b-aa49-b96b73ff1ba1,온결 스킨앤바디,화장품,가재마을 골목형상점가,골목형상점가,세종특별자치시,1.0,2.0,,,P1_BINARY_THRESHOLD,True,,,,,
0aa89db3f28f64773a28,test,피부관리,T5 서비스,q_피부관리_06,피부관리 받는 곳,뷰티·미용 중 '피부관리'를 판매·제공하는 매장,546621d6-4b9b-4fc9-bb2d-230b4e94f7b0,고운뷰티,피부관리,쌍리단길상점가,자율상권구역,서울특별시,3.0,3.0,,,RESOLVED_AGREEMENT,False,3,,,,
8828d7a76dbd71f4e158,test,피부관리,T5 서비스,q_피부관리_06,피부관리 받는 곳,뷰티·미용 중 '피부관리'를 판매·제공하는 매장,ed7860ef-954d-4d1d-aef4-71b97202d08e,코샤뷰티,피부관리,나성동 골목형상점가,골목형상점가,세종특별자치시,3.0,3.0,,,RESOLVED_AGREEMENT,False,3,,,,
1842118b1080e340ed45,test,피부관리,T5 서비스,q_피부관리_06,피부관리 받는 곳,뷰티·미용 중 '피부관리'를 판매·제공하는 매장,ccaa4789-23bb-4d6b-83c0-fd9793e07e62,고궁피부관리,피부관리,뒤뜰골목형상점가,골목형상점가,강원특별자치도,3.0,3.0,,,RESOLVED_AGREEMENT,False,3,,,,
f12f564bd7565811ba82,test,피부관리,T5 서비스,q_피부관리_06,피부관리 받는 곳,뷰티·미용 중 '피부관리'를 판매·제공하는 매장,910eff81-e6cc-4bfa-80ef-998c616430e4,휴스킨,피부관리,한듬레포츠,골목형상점가,광주광역시,3.0,3.0,,,RESOLVED_AGREEMENT,False,3,,,,
9e225e53cd032f9c5013,test,피부관리,T5 서비스,q_피부관리_06,피부관리 받는 곳,뷰티·미용 중 '피부관리'를 판매·제공하는 매장,031f5ecb-08f7-4c58-bf2e-694c3f2c2210,뷰티명가,피부관리,사리골상점가,자율상권구역,경기도,3.0,3.0,,,RESOLVED_AGREEMENT,False,3,,,,
fe0f609e1170a781666c,test,피부관리,T5 서비스,q_피부관리_06,피부관리 받는 곳,뷰티·미용 중 '피부관리'를 판매·제공하는 매장,9c21c05a-3fa2-4f53-96e9-a8cb787d6819,터치미,피부관리,송강동 골목형상점가,골목형상점가,대전광역시,3.0,3.0,,,RESOLVED_AGREEMENT,False,3,,,,
a6cf0e25fa785762cecd,test,피부관리,T5 서비스,q_피부관리_06,피부관리 받는 곳,뷰티·미용 중 '피부관리'를 판매·제공하는 매장,5b50fe3e-f7dd-4723-b4d8-21da2e3069b0,최혜경 피부관리,피부관리,지족반석 골목형상점가,골목형상점가,대전광역시,3.0,3.0,,,RESOLVED_AGREEMENT,False,3,,,,
d14d5084812df476d5e9,test,피부관리,T5 서비스,q_피부관리_06,피부관리 받는 곳,뷰티·미용 중 '피부관리'를 판매·제공하는 매장,022f921a-9545-4be5-a4ce-d628a782c282,마이뷰티,피부관리 왁싱 속눈썹,마산 오동동 창동 어시장 상권활성화구역,상권활성화구역,경상남도,3.0,3.0,,,RESOLVED_AGREEMENT,False,3,,,,
59e7331cc0b31cc33d15,test,피부관리,T5 서비스,q_피부관리_06,피부관리 받는 곳,뷰티·미용 중 '피부관리'를 판매·제공하는 매장,f023bc00-5bd2-47d3-a752-7ee4285fa3dd,굽네치킨,치킨,신대지구상가,자율상권구역,전라남도,0.0,0.0,,,RESOLVED_AGREEMENT,False,0,,,,
98b0c7d7a36cb0405932,test,피부관리,T5 서비스,q_피부관리_06,피부관리 받는 곳,뷰티·미용 중 '피부관리'를 판매·제공하는 매장,3990d086-cf5e-472f-b34f-238c3ca2eda5,안은실피부관리,피부관리,매봉 골목형상점가,골목형상점가,광주광역시,3.0,3.0,,,RESOLVED_AGREEMENT,False,3,,,,
f6a546cd5bc901c478ba,test,피부관리,T5 서비스,q_피부관리_06,피부관리 받는 곳,뷰티·미용 중 '피부관리'를 판매·제공하는 매장,00265f28-b733-4489-86bc-b86339c2f6c0,이비속눈썹,속눈썹연장,추억담은광주역뒷길 골목형상점가,골목형상점가,광주광역시,3.0,3.0,,,RESOLVED_AGREEMENT,False,3,,,,
5f00b60458cc963b4714,test,피부관리,T5 서비스,q_피부관리_06,피부관리 받는 곳,뷰티·미용 중 '피부관리'를 판매·제공하는 매장,6481fbb1-f7bc-4157-9a12-6f598de05fab,더화율,피부관리,동운초 골목형상점가,골목형상점가,광주광역시,3.0,3.0,,,RESOLVED_AGREEMENT,False,3,,,,
7ea37875c64a5ca549ff,test,피부관리,T5 서비스,q_피부관리_06,피부관리 받는 곳,뷰티·미용 중 '피부관리'를 판매·제공하는 매장,0abba293-9605-4d6d-9250-b5235a9dbce9,아네스피부관리샵,피부관리,대사동 보문산 골목형상점가,골목형상점가,대전광역시,3.0,3.0,,,RESOLVED_AGREEMENT,False,3,,,,
6cd1236b4412f4ceebc0,test,피부관리,T5 서비스,q_피부관리_06,피부관리 받는 곳,뷰티·미용 중 '피부관리'를 판매·제공하는 매장,bbdabe1b-d08d-4430-a775-5be05df250cd,얼짱 피부관리실,"피부관리, 마사지",산본로데오거리(구 산본중심상가),자율상권구역,경기도,3.0,3.0,,,RESOLVED_AGREEMENT,False,3,,,,
48f3158e9179f1d8a1a1,test,피부관리,T5 서비스,q_피부관리_06,피부관리 받는 곳,뷰티·미용 중 '피부관리'를 판매·제공하는 매장,04197336-2bd8-40eb-95d9-f9bd1d83b049,아온에스테틱,,대방디엠시티 골목형상점가,골목형상점가,전북특별자치도,3.0,3.0,,,RESOLVED_AGREEMENT,False,3,,,,
1f786477254c88249fe0,test,피부관리,T5 서비스,q_피부관리_06,피부관리 받는 곳,뷰티·미용 중 '피부관리'를 판매·제공하는 매장,b6f1730c-189c-4570-93eb-2f48572784d7,뷰니크,피부관리,모란시장 쉼터길 골목형상점가,골목형상점가,경기도,3.0,3.0,,,RESOLVED_AGREEMENT,False,3,,,,
58a647c60323185b563d,test,피부관리,T5 서비스,q_피부관리_06,피부관리 받는 곳,뷰티·미용 중 '피부관리'를 판매·제공하는 매장,ed40e867-d5f3-47ae-860d-0d50c17a1182,디에뜨샵,피부관리,목원대 골목형상점가,골목형상점가,대전광역시,3.0,3.0,,,RESOLVED_AGREEMENT,False,3,,,,
c50525361f8a135e9645,test,피부관리,T5 서비스,q_피부관리_06,피부관리 받는 곳,뷰티·미용 중 '피부관리'를 판매·제공하는 매장,7eac69f4-908f-47cc-b82a-c268fb2b4c7e,피부미인,피부관리,맛조이상인회 골목형상점가,골목형상점가,광주광역시,3.0,3.0,,,RESOLVED_AGREEMENT,False,3,,,,
0bba8b03dfd20bfdf17f,test,피부관리,T5 서비스,q_피부관리_06,피부관리 받는 곳,뷰티·미용 중 '피부관리'를 판매·제공하는 매장,f6bdfc7c-65b6-4a36-9aba-b8b6a05db8f4,더향기,피부관리,과천중앙동상점가,자율상권구역,경기도,3.0,3.0,,,RESOLVED_AGREEMENT,False,3,,,,
55cc470158baebe244ac,test,피부관리,T6 기계변형,q_피부관리_07,피부 관리,뷰티·미용 중 '피부관리'를 판매·제공하는 매장,5e8047ea-4879-4f80-bd71-351dfa01f818,피부봐요,피부관리,문흥라인아파트 골목형상점가,골목형상점가,광주광역시,3.0,3.0,,,RESOLVED_AGREEMENT,False,3,,,,
46b2cb0e36f44693310f,test,피부관리,T6 기계변형,q_피부관리_07,피부 관리,뷰티·미용 중 '피부관리'를 판매·제공하는 매장,8d1f31d1-48f8-49d4-aaa4-e74c1d1c753e,은선상회,"식잡, 야채",강진읍시장,전통시장,전라남도,0.0,0.0,,,RESOLVED_AGREEMENT,False,0,,,,
7d8e78b4a5248fed883b,test,피부관리,T6 기계변형,q_피부관리_07,피부 관리,뷰티·미용 중 '피부관리'를 판매·제공하는 매장,0133de50-f3d8-44d7-99fb-0a05f3b2b13e,졔졔살롱,속눈썹미용,운암이 골목형상점가,골목형상점가,광주광역시,3.0,3.0,,,RESOLVED_AGREEMENT,False,3,,,,
163fc2f8b166a7b58e37,test,피부관리,T6 기계변형,q_피부관리_07,피부 관리,뷰티·미용 중 '피부관리'를 판매·제공하는 매장,dac2cb07-7728-4595-97ad-b0fd6f41f08b,푸르던뷰티 에스테틱,피부미용 관리 서비스,신가동 골목형상점가,골목형상점가,광주광역시,3.0,3.0,,,RESOLVED_AGREEMENT,False,3,,,,
ba56e0f156eb608ed664,test,피부관리,T6 기계변형,q_피부관리_07,피부 관리,뷰티·미용 중 '피부관리'를 판매·제공하는 매장,25eb70e4-859a-4850-8903-702413d9a87d,수향수산횟집,수산물,주문진건어물시장,전통시장,강원특별자치도,0.0,0.0,,,RESOLVED_AGREEMENT,False,0,,,,
ca6195ddd9eb32f4ab52,test,피부관리,T6 기계변형,q_피부관리_07,피부 관리,뷰티·미용 중 '피부관리'를 판매·제공하는 매장,9e491526-e765-4456-a8fd-69a4e6c63277,푸른아로마,피부마사지 관리,서영대 먹자 골목형상점가,골목형상점가,광주광역시,1.0,3.0,,,P1_BINARY_THRESHOLD,True,,,,,
be6632a47c0da3dfd0ae,test,피부관리,T6 기계변형,q_피부관리_07,피부 관리,뷰티·미용 중 '피부관리'를 판매·제공하는 매장,0145ebc4-2c3b-48a5-bdee-30b3cbffc69a,비바뷰티왁싱스튜디오,왁싱,백운진다리 골목형상점가,골목형상점가,광주광역시,3.0,3.0,,,RESOLVED_AGREEMENT,False,3,,,,
74eb43e48d859602d504,test,피부관리,T6 기계변형,q_피부관리_07,피부 관리,뷰티·미용 중 '피부관리'를 판매·제공하는 매장,1d39494e-cc63-4ac2-af0f-0f349de60e56,르주비아 에스테틱,,포항중앙상가,전통시장,경상북도,3.0,3.0,,,RESOLVED_AGREEMENT,False,3,,,,
08915b3e0ffe0a6fbc06,test,피부관리,T6 기계변형,q_피부관리_07,피부 관리,뷰티·미용 중 '피부관리'를 판매·제공하는 매장,00998e68-6f7e-4b3f-9476-72ba1ac3466e,라테라스 테라피,피부관리,치평1230상인회 골목형상점가,골목형상점가,광주광역시,3.0,3.0,,,RESOLVED_AGREEMENT,False,3,,,,
9c4dec6f69c3fb528c8b,test,피부관리,T6 기계변형,q_피부관리_07,피부 관리,뷰티·미용 중 '피부관리'를 판매·제공하는 매장,ccaa4789-23bb-4d6b-83c0-fd9793e07e62,고궁피부관리,피부관리,뒤뜰골목형상점가,골목형상점가,강원특별자치도,3.0,3.0,,,RESOLVED_AGREEMENT,False,3,,,,
65d790dcf621807e47d6,test,피부관리,T6 기계변형,q_피부관리_07,피부 관리,뷰티·미용 중 '피부관리'를 판매·제공하는 매장,006a3db3-f148-48fb-a3ac-1a758ffae755,제이솜에스테틱,피부관리,효행구봉담상점가,골목형상점가,경기도,3.0,3.0,,,RESOLVED_AGREEMENT,False,3,,,,
9621283353d8f33d0f47,test,피부관리,T6 기계변형,q_피부관리_07,피부 관리,뷰티·미용 중 '피부관리'를 판매·제공하는 매장,14ecd542-a1bb-475f-b26c-3e807e0f9e16,고양이속눈썹,관리,소촌중앙 골목형상점가,골목형상점가,광주광역시,2.0,3.0,,,P2_GRADED_ONLY,True,,,,,
e38030087285d75c4a82,test,피부관리,T6 기계변형,q_피부관리_07,피부 관리,뷰티·미용 중 '피부관리'를 판매·제공하는 매장,00265f28-b733-4489-86bc-b86339c2f6c0,이비속눈썹,속눈썹연장,추억담은광주역뒷길 골목형상점가,골목형상점가,광주광역시,3.0,3.0,,,RESOLVED_AGREEMENT,False,3,,,,
b09d6bcbf97a006f0cbb,test,피부관리,T6 기계변형,q_피부관리_07,피부 관리,뷰티·미용 중 '피부관리'를 판매·제공하는 매장,00131122-77cf-4772-b141-202f0f950f5c,라라샵,화장품,유성신나는 골목형상점가,골목형상점가,대전광역시,1.0,2.0,,,P1_BINARY_THRESHOLD,True,,,,,
fc377d2c32290eee4591,test,피부관리,T6 기계변형,q_피부관리_07,피부 관리,뷰티·미용 중 '피부관리'를 판매·제공하는 매장,14f45676-ca6f-4fcb-aea7-c6b95ac1a077,루아 휴 헤드스파&에스테틱,,퍼스트원 골목형상점가,골목형상점가,세종특별자치시,3.0,3.0,,,RESOLVED_AGREEMENT,False,3,,,,
df715a3c4ba1fa09a560,test,피부관리,T6 기계변형,q_피부관리_07,피부 관리,뷰티·미용 중 '피부관리'를 판매·제공하는 매장,372f1714-6cef-4d7a-8a96-94a41e487d35,동탄 피부관리 더마라보떼,피부관리,북광장상가,자율상권구역,경기도,3.0,3.0,,,RESOLVED_AGREEMENT,False,3,,,,
a19c8fa667f0d92eb9d5,test,피부관리,T6 기계변형,q_피부관리_07,피부 관리,뷰티·미용 중 '피부관리'를 판매·제공하는 매장,4a57a9fa-cdd9-4981-84b2-4deba0d69ba4,피부튼튼e,피부관리,오목교역8번출구골목형상점가,골목형상점가,서울특별시,3.0,3.0,,,RESOLVED_AGREEMENT,False,3,,,,
344cf8b77e2a121fc438,test,피부관리,T6 기계변형,q_피부관리_07,피부 관리,뷰티·미용 중 '피부관리'를 판매·제공하는 매장,04197336-2bd8-40eb-95d9-f9bd1d83b049,아온에스테틱,,대방디엠시티 골목형상점가,골목형상점가,전북특별자치도,3.0,3.0,,,RESOLVED_AGREEMENT,False,3,,,,
e499376d8fd477ee03aa,test,피부관리,T6 기계변형,q_피부관리_07,피부 관리,뷰티·미용 중 '피부관리'를 판매·제공하는 매장,bae5b4ac-2e89-4bb0-8962-b0c8077f7ec1,수힐링테라피,피부 관리 용품,노대물빛근린공원 골목형상점가,골목형상점가,광주광역시,3.0,0.0,,,P1_BINARY_THRESHOLD,True,,,,,
c44edbe00ddca4f320dd,test,피부관리,T6 기계변형,q_피부관리_07,피부 관리,뷰티·미용 중 '피부관리'를 판매·제공하는 매장,f18fdab0-fc3e-46b2-b3aa-66a10c5bc1ec,동안피부,피부관리 화장품,주안시민지하도상점가,일반지하상점가,인천광역시,3.0,3.0,,,RESOLVED_AGREEMENT,False,3,,,,
34525011d122b3d34340,test,피부관리,T6 기계변형,q_피부관리_07,피부 관리,뷰티·미용 중 '피부관리'를 판매·제공하는 매장,02288afa-ef79-4f20-a297-bf30982d8a6b,제이지니테라피,피부관리. 윤곽. 비대칭관리,부천 옥길 골목형상점가,골목형상점가,경기도,3.0,3.0,,,RESOLVED_AGREEMENT,False,3,,,,
2fb71d81e100528af27f,test,피부관리,T6 기계변형,q_피부관리_07,피부 관리,뷰티·미용 중 '피부관리'를 판매·제공하는 매장,fdef9f44-8108-4a37-b338-1766920bbf67,리빙피부관리,피부 미용,"일곡동(제4지역:쌍용,호반,청솔2,호반일신,청솔1)",골목형상점가,광주광역시,3.0,3.0,,,RESOLVED_AGREEMENT,False,3,,,,
fb765c0b1eb8c7040f2a,test,피부관리,T6 기계변형,q_피부관리_07,피부 관리,뷰티·미용 중 '피부관리'를 판매·제공하는 매장,013c7cfa-cbf1-4606-bfd2-cae2985377c0,피크래쉬룸(PEAK LASH ROOM),"메이크업, 속눈썹",금암동 골목형상점가,골목형상점가,충청남도,3.0,3.0,,,RESOLVED_AGREEMENT,False,3,,,,
bb43d0537e0a05ea1621,test,피부관리,T6 기계변형,q_피부관리_07,피부 관리,뷰티·미용 중 '피부관리'를 판매·제공하는 매장,670e7311-d73b-4c4f-8c97-a306b4a212e1,김은영피부관리,피부관리,치평상무역상인회 골목형상점가,골목형상점가,광주광역시,3.0,3.0,,,RESOLVED_AGREEMENT,False,3,,,,
eee2fe188dd1dcce46e5,test,피부관리,T6 기계변형,q_피부관리_07,피부 관리,뷰티·미용 중 '피부관리'를 판매·제공하는 매장,9de4b13f-f088-40b5-b0f1-8f889aebc836,순,피부관리,남천바다내음 골목형상점가,골목형상점가,부산광역시,3.0,3.0,,,RESOLVED_AGREEMENT,False,3,,,,
5072020c4a92ff0bf19f,test,피부관리,T6 기계변형,q_피부관리_07,피부 관리,뷰티·미용 중 '피부관리'를 판매·제공하는 매장,9d37c5bf-6392-4468-b6cb-da1738b289e6,피부미인,피부 미용업,대남숨길 골목형상점가,골목형상점가,광주광역시,3.0,0.0,,,P1_BINARY_THRESHOLD,True,,,,,
e113bdcf51c0dbb49940,test,피부관리,T6 기계변형,q_피부관리_07,피부 관리,뷰티·미용 중 '피부관리'를 판매·제공하는 매장,fd8d72f6-c777-4375-abff-406318d1ab15,궁화피부관리,피부관리,원주중앙로문화의거리,자율상권구역,강원특별자치도,3.0,3.0,,,RESOLVED_AGREEMENT,False,3,,,,
365d0b478f3adc037aa9,test,피부관리,T6 기계변형,q_피부관리_07,피부 관리,뷰티·미용 중 '피부관리'를 판매·제공하는 매장,3e89449e-4eb7-41e7-b24e-73cad1f014f3,삼성미의원,피부,가재마을 골목형상점가,골목형상점가,세종특별자치시,0.0,1.0,,,P2_GRADED_ONLY,True,,,,,
30155a435e2cc950e1ce,test,피부관리,T6 기계변형,q_피부관리_07,피부 관리,뷰티·미용 중 '피부관리'를 판매·제공하는 매장,2e0ed8a9-8d8f-4636-a919-5a8aefa2ab2e,더쉼스킨앤바디,피부 바디관리,동편마을중심상가 골목형상점가,골목형상점가,경기도,0.0,0.0,,,RESOLVED_AGREEMENT,False,0,,,,
13ceebcb9a5d59bdd7fd,test,피부관리,T6 기계변형,q_피부관리_07,피부 관리,뷰티·미용 중 '피부관리'를 판매·제공하는 매장,9910a278-ce4e-4ae2-b3b2-91721d18f762,하울,피부,도군머리 골목형상점가,골목형상점가,광주광역시,0.0,0.0,,,RESOLVED_AGREEMENT,False,0,,,,
70f1941260b616b7a41f,test,피부관리,T6 기계변형,q_피부관리_07,피부 관리,뷰티·미용 중 '피부관리'를 판매·제공하는 매장,0c3f6ae1-9bec-46f1-a43a-b61009758761,세종왁싱 보람뷰티,왁싱 속눈썹펌,보람동 골목형상점가,골목형상점가,세종특별자치시,3.0,3.0,,,RESOLVED_AGREEMENT,False,3,,,,
d2fd155712d12f853e28,test,피부관리,T6 기계변형,q_피부관리_07,피부 관리,뷰티·미용 중 '피부관리'를 판매·제공하는 매장,7b1a1c5e-075d-4566-b91d-9dd73445a836,안나래쉬,피부,세은 골목형상점가,골목형상점가,광주광역시,0.0,0.0,,,RESOLVED_AGREEMENT,False,0,,,,
812f78b477670b56246d,test,피부관리,T6 기계변형,q_피부관리_07,피부 관리,뷰티·미용 중 '피부관리'를 판매·제공하는 매장,771570be-0573-4316-9129-3f3339751d26,예쁜피부,피부,신가동 골목형상점가,골목형상점가,광주광역시,0.0,0.0,,,RESOLVED_AGREEMENT,False,0,,,,
46053f809977fd63efbf,test,피부관리,T6 기계변형,q_피부관리_07,피부 관리,뷰티·미용 중 '피부관리'를 판매·제공하는 매장,3fa4f182-a366-486a-b16d-bd753e333230,피부미인,피부관리,문흥동 골목형상점가,골목형상점가,광주광역시,3.0,3.0,,,RESOLVED_AGREEMENT,False,3,,,,
f5d0da586a01af327e5a,test,피부관리,T6 기계변형,q_피부관리_07,피부 관리,뷰티·미용 중 '피부관리'를 판매·제공하는 매장,2a640150-32c1-4a8f-88ce-69536d215619,GS25 금오현대,"식품, 주류, 의양품",금오골목형상점가,골목형상점가,경기도,0.0,0.0,,,RESOLVED_AGREEMENT,False,0,,,,
fb3564181483a8b9d338,test,피부관리,T6 기계변형,q_피부관리_07,피부 관리,뷰티·미용 중 '피부관리'를 판매·제공하는 매장,7eac69f4-908f-47cc-b82a-c268fb2b4c7e,피부미인,피부관리,맛조이상인회 골목형상점가,골목형상점가,광주광역시,3.0,3.0,,,RESOLVED_AGREEMENT,False,3,,,,
a7c9ddc08b4e631ad2fe,test,피부관리,T6 기계변형,q_피부관리_07,피부 관리,뷰티·미용 중 '피부관리'를 판매·제공하는 매장,183723cf-0dca-4954-bd5c-21915fc6eda7,허브피부관리,피부관리,남성역먹거리골목형상점가,골목형상점가,서울특별시,3.0,3.0,,,RESOLVED_AGREEMENT,False,3,,,,
4474013c2e29e2cc3e2b,test,피부관리,T6 기계변형,q_피부관리_07,피부 관리,뷰티·미용 중 '피부관리'를 판매·제공하는 매장,e1940356-1b4b-440f-85ab-14f9f493e821,탁뷰티,피부 미용,신창진흥 골목형상점가,골목형상점가,광주광역시,3.0,2.0,,,P2_GRADED_ONLY,True,,,,,
b9cf4097b6bd1c4f8f4d,test,피부관리,T6 기계변형,q_피부관리_07,피부 관리,뷰티·미용 중 '피부관리'를 판매·제공하는 매장,9231f366-a829-48e1-b372-c3e8c4476cd2,다뮤브로우,피부 미용,운정역 중심상가 골목형상점가,골목형상점가,경기도,3.0,0.0,,,P1_BINARY_THRESHOLD,True,,,,,
aafc6dfdfb912b7a6838,test,피부관리,T6 기계변형,q_피부관리_07,피부 관리,뷰티·미용 중 '피부관리'를 판매·제공하는 매장,924e18c7-f00a-4a43-adf6-3fcfbb7cce32,뽀용왁싱,피부 미용,매봉 골목형상점가,골목형상점가,광주광역시,3.0,3.0,,,RESOLVED_AGREEMENT,False,3,,,,
57b8937df9f89391a745,test,피부관리,T6 기계변형,q_피부관리_07,피부 관리,뷰티·미용 중 '피부관리'를 판매·제공하는 매장,e6996bf0-aedf-4c5c-a6de-0c0e951326b6,맑은피부관리,피부관리,매곡 가인 골목형상점가,골목형상점가,광주광역시,3.0,3.0,,,RESOLVED_AGREEMENT,False,3,,,,
eb107c2adf6a19c1f6a7,test,피부관리,T6 기계변형,q_피부관리_07,피부 관리,뷰티·미용 중 '피부관리'를 판매·제공하는 매장,c8d90403-d778-42b6-b99f-62bc9e7c9948,모모뷰티,피부 관리,운암북문대로 골목형상점가,골목형상점가,광주광역시,3.0,3.0,,,RESOLVED_AGREEMENT,False,3,,,,
041284ef769ad693a301,test,피부관리,T6 기계변형,q_피부관리_07,피부 관리,뷰티·미용 중 '피부관리'를 판매·제공하는 매장,be4a1a2d-9b9a-4e95-8a8e-c5bf5ad9fc4f,윤정헤어샵,"일반미용업, 의류",문경중앙시장,전통시장,경상북도,1.0,2.0,,,P1_BINARY_THRESHOLD,True,,,,,
c08d059dba56f7b0df88,test,피부관리,T6 기계변형,q_피부관리_07,피부 관리,뷰티·미용 중 '피부관리'를 판매·제공하는 매장,bf0c52c8-2289-4d18-9b0d-31afa1050d5b,제이샵뷰티,피부,양산동 골목형상점가,골목형상점가,광주광역시,0.0,2.0,,,P1_BINARY_THRESHOLD,True,,,,,
03f64d6f62326b7d8578,test,피부관리,T6 기계변형,q_피부관리_07,피부 관리,뷰티·미용 중 '피부관리'를 판매·제공하는 매장,c63f57db-8317-4837-9c2f-78359ed1f2af,피부미인,피부관리,하남시서석바대상점가,자율상권구역,경기도,3.0,3.0,,,RESOLVED_AGREEMENT,False,3,,,,
3f9db7327cfabee801f4,test,피부관리,T6 기계변형,q_피부관리_07,피부 관리,뷰티·미용 중 '피부관리'를 판매·제공하는 매장,6d2db3bc-9183-4c99-b11f-2ef9cd0f9dbf,한스킨,피부,금부로상인회 골목형상점가,골목형상점가,광주광역시,0.0,0.0,,,RESOLVED_AGREEMENT,False,0,,,,
9edaed50cdb39be54394,test,피부관리,T6 기계변형,q_피부관리_07,피부 관리,뷰티·미용 중 '피부관리'를 판매·제공하는 매장,8dce8af7-7c12-48b6-a6d0-41492809ba81,피우리,피부 미용 네일,남구 용대로 골목형상점가,골목형상점가,광주광역시,3.0,3.0,,,RESOLVED_AGREEMENT,False,3,,,,
e6de902e79313fc6af70,test,피부관리,T6 기계변형,q_피부관리_07,피부 관리,뷰티·미용 중 '피부관리'를 판매·제공하는 매장,3990d086-cf5e-472f-b34f-238c3ca2eda5,안은실피부관리,피부관리,매봉 골목형상점가,골목형상점가,광주광역시,3.0,3.0,,,RESOLVED_AGREEMENT,False,3,,,,
7d7785a75019a8952bb4,test,피부관리,T6 기계변형,q_피부관리_07,피부 관리,뷰티·미용 중 '피부관리'를 판매·제공하는 매장,7507af5d-dcb0-4f35-a5b5-ecd1b2a3f3e0,더헤스트,피부 관리,경신사거리 골목형상점가,골목형상점가,광주광역시,3.0,0.0,,,P1_BINARY_THRESHOLD,True,,,,,
043d19b156d7ac81041e,test,피부관리,T6 기계변형,q_피부관리_07,피부 관리,뷰티·미용 중 '피부관리'를 판매·제공하는 매장,69f06ad8-03b1-4e7a-aa1d-ac227d208edc,리엔왁싱,피부 미용,두정로 두정상가길 골목형상점가,골목형상점가,충청남도,3.0,3.0,,,RESOLVED_AGREEMENT,False,3,,,,
656a052cbd27f74e56dd,test,피부관리,T6 기계변형,q_피부관리_07,피부 관리,뷰티·미용 중 '피부관리'를 판매·제공하는 매장,c498bc87-cb1f-44cf-a970-ed675cb48909,유앤지의원,피부,남이동길골목형상점가,골목형상점가,서울특별시,0.0,1.0,,,P2_GRADED_ONLY,True,,,,,
34d8df01ba9181811a6c,test,피부관리,T6 기계변형,q_피부관리_07,피부 관리,뷰티·미용 중 '피부관리'를 판매·제공하는 매장,45ca7ab3-31ac-4c06-8286-3a019b090424,피부가꿈,피부관리,신안동서암대로 골목형상점가,골목형상점가,광주광역시,3.0,3.0,,,RESOLVED_AGREEMENT,False,3,,,,
90563d9168f0fd3c29ed,test,피부관리,T6 기계변형,q_피부관리_07,피부 관리,뷰티·미용 중 '피부관리'를 판매·제공하는 매장,1e474bbc-cbfb-4f3f-bf02-f17f7432010f,윤에스테틱,피부 관리업,다산역 로데오 상점가,자율상권구역,경기도,3.0,3.0,,,RESOLVED_AGREEMENT,False,3,,,,
6e326123d515a6992cd2,test,피부관리,T6 기계변형,q_피부관리_07,피부 관리,뷰티·미용 중 '피부관리'를 판매·제공하는 매장,f2c999e3-8321-45aa-956c-5d6e366d4947,온리피부관리,피부 미용,매곡 사랑길 골목형상점가,골목형상점가,광주광역시,3.0,3.0,,,RESOLVED_AGREEMENT,False,3,,,,
b2bf656794756d130c79,test,피부관리,T6 기계변형,q_피부관리_07,피부 관리,뷰티·미용 중 '피부관리'를 판매·제공하는 매장,7103f85e-1715-42c0-9dac-2d009dfb6667,지수 피부,피부관리,한들물빛도시 골목형 상점가,골목형상점가,충청남도,3.0,3.0,,,RESOLVED_AGREEMENT,False,3,,,,
b9ec0793f6a15b4064ca,test,피부관리,T6 기계변형,q_피부관리_07,피부 관리,뷰티·미용 중 '피부관리'를 판매·제공하는 매장,0b781873-4848-440d-9845-519fe314cb94,비비한 뷰티&왁싱,피부왁싱,호남동불로동천변 골목형상점가,골목형상점가,광주광역시,3.0,3.0,,,RESOLVED_AGREEMENT,False,3,,,,
199e49409ea768615f1b,test,피부관리,T6 기계변형,q_피부관리_07,피부 관리,뷰티·미용 중 '피부관리'를 판매·제공하는 매장,5b50fe3e-f7dd-4723-b4d8-21da2e3069b0,최혜경 피부관리,피부관리,지족반석 골목형상점가,골목형상점가,대전광역시,3.0,3.0,,,RESOLVED_AGREEMENT,False,3,,,,
4c268a670cffa1c1101f,test,피부관리,T6 기계변형,q_피부관리_07,피부 관리,뷰티·미용 중 '피부관리'를 판매·제공하는 매장,4665a5c0-b936-4c72-a6a9-6efc4154cd3e,미소피부관샵,피부,신세계앞상인회 골목형상점가,골목형상점가,광주광역시,0.0,0.0,,,RESOLVED_AGREEMENT,False,0,,,,
d0578576f19945a74657,test,피부관리,T6 기계변형,q_피부관리_07,피부 관리,뷰티·미용 중 '피부관리'를 판매·제공하는 매장,d3610e57-8a1c-449e-87af-29265416a558,라뷰티크,피부,쌍촌골상인회 골목형상점가,골목형상점가,광주광역시,0.0,2.0,,,P1_BINARY_THRESHOLD,True,,,,,
7e86c7422dfd557b1ca4,test,피부관리,T6 기계변형,q_피부관리_07,피부 관리,뷰티·미용 중 '피부관리'를 판매·제공하는 매장,3fcd7a05-a009-4d65-849b-6f878915d757,위즈뷰,피부,신용동 골목형상점가,골목형상점가,광주광역시,0.0,0.0,,,RESOLVED_AGREEMENT,False,0,,,,
bc76c2a56b81acc63c79,test,피부관리,T6 기계변형,q_피부관리_07,피부 관리,뷰티·미용 중 '피부관리'를 판매·제공하는 매장,0017ec9c-4997-4ef5-a552-7fffc7dd149c,아리따움 진주서부점,화장품,진주 새서부시장,전통시장,경상남도,1.0,2.0,,,P1_BINARY_THRESHOLD,True,,,,,
d5cd70c37648803a7053,test,피부관리,T6 기계변형,q_피부관리_07,피부 관리,뷰티·미용 중 '피부관리'를 판매·제공하는 매장,a97cad62-ba63-444f-a318-1d5e64197c37,반한피부,피부관리,방이시장,전통시장,서울특별시,3.0,3.0,,,RESOLVED_AGREEMENT,False,3,,,,
bcb54e5b26e0c201d48f,test,피부관리,T6 기계변형,q_피부관리_07,피부 관리,뷰티·미용 중 '피부관리'를 판매·제공하는 매장,9ef8fc08-8ba8-4489-9249-713e06360aca,"피부,꽃피다",피부,상무오월로상인회 골목형상점가,골목형상점가,광주광역시,0.0,0.0,,,RESOLVED_AGREEMENT,False,0,,,,
1756633cb59c6eca65d9,test,피부관리,T6 기계변형,q_피부관리_07,피부 관리,뷰티·미용 중 '피부관리'를 판매·제공하는 매장,00222f52-5d1f-4fb1-b0a6-7b4864ce177f,아리따움서대문연희점,화장품,연희사러가,전통시장,서울특별시,1.0,2.0,,,P1_BINARY_THRESHOLD,True,,,,,
1e9b45c4ea5dc459aa16,test,피부관리,T6 기계변형,q_피부관리_07,피부 관리,뷰티·미용 중 '피부관리'를 판매·제공하는 매장,455f9753-96be-4292-baac-1e466b09e67b,하얀피부 예쁜몸매,피부관리,민락2지구골목형상점가,골목형상점가,경기도,3.0,3.0,,,RESOLVED_AGREEMENT,False,3,,,,
fdcec23bc53aa74534b8,test,피부관리,T6 기계변형,q_피부관리_07,피부 관리,뷰티·미용 중 '피부관리'를 판매·제공하는 매장,004a8de5-69c1-4c55-a507-54e016703431,마중물뷰티동,소매(화장품),은마종합상점가,자율상권구역,서울특별시,1.0,2.0,,,P1_BINARY_THRESHOLD,True,,,,,
3b7551dddb937d7bfa38,test,피부관리,T6 기계변형,q_피부관리_07,피부 관리,뷰티·미용 중 '피부관리'를 판매·제공하는 매장,bc75484f-389c-4f7b-ba5d-164ca56ac6df,피부힐링순,피부관리,세은 골목형상점가,골목형상점가,광주광역시,3.0,3.0,,,RESOLVED_AGREEMENT,False,3,,,,
4b59d654044805dcbcc0,test,피부관리,T6 기계변형,q_피부관리_07,피부 관리,뷰티·미용 중 '피부관리'를 판매·제공하는 매장,1716c347-0b46-470c-924b-25282801578d,오라클피부관리,피부관리,봉선먹자골목 골목형상점가,골목형상점가,광주광역시,3.0,3.0,,,RESOLVED_AGREEMENT,False,3,,,,
274e903d45fedbb33474,test,피부관리,T6 기계변형,q_피부관리_07,피부 관리,뷰티·미용 중 '피부관리'를 판매·제공하는 매장,df1b048b-b8fc-45b3-ae2f-f26393b6813d,대덕닭도리탕,삼계탕,월평1동 상인연합회,골목형상점가,대전광역시,0.0,0.0,,,RESOLVED_AGREEMENT,False,0,,,,
d25af0a265fb125d0b9f,test,피부관리,T6 기계변형,q_피부관리_07,피부 관리,뷰티·미용 중 '피부관리'를 판매·제공하는 매장,006a03c8-0b03-4a37-bab3-4d9d608fbc7b,디바스킨 본점,피부관리,나주혁신도시 골목형상점가,골목형상점가,전라남도,3.0,3.0,,,RESOLVED_AGREEMENT,False,3,,,,
5464472e00afd38c4d14,test,피부관리,T6 기계변형,q_피부관리_07,피부 관리,뷰티·미용 중 '피부관리'를 판매·제공하는 매장,003cdc8a-95fe-43ea-8350-f4c63913a6f8,정선화장품,화장품,오천시장,전통시장,경상북도,1.0,2.0,,,P1_BINARY_THRESHOLD,True,,,,,
7f44e46e7d054fc7af6a,test,피부관리,T6 기계변형,q_피부관리_07,피부 관리,뷰티·미용 중 '피부관리'를 판매·제공하는 매장,99973d84-7f47-4547-b51f-169ec7a326e1,위드제이뷰티,"피부, 바디 관리",포일중앙 골목형상점가,골목형상점가,경기도,0.0,2.0,,,P1_BINARY_THRESHOLD,True,,,,,
38b961e8cacfc334208a,test,피부관리,T6 기계변형,q_피부관리_07,피부 관리,뷰티·미용 중 '피부관리'를 판매·제공하는 매장,046c8087-df4f-4578-bcf6-ddb6ac06bd93,아나토미 에스테틱 천안점,에스테틱,불당1번가골목형상점가,골목형상점가,충청남도,3.0,3.0,,,RESOLVED_AGREEMENT,False,3,,,,
cfc0ce9b10dc2fc55702,test,피부관리,T6 기계변형,q_피부관리_07,피부 관리,뷰티·미용 중 '피부관리'를 판매·제공하는 매장,d0c07fb7-168b-4648-b0e4-20393e6023ed,플뢰르,피부 미용,나성동 소방청 골목형상점가,골목형상점가,세종특별자치시,3.0,0.0,,,P1_BINARY_THRESHOLD,True,,,,,
9463aeb5f2c947a5f9af,test,피부관리,T6 기계변형,q_피부관리_07,피부 관리,뷰티·미용 중 '피부관리'를 판매·제공하는 매장,a0eeea45-1944-4015-9666-60d5df561ad0,형제정식한상,한식,조종시장,전통시장,경기도,0.0,0.0,,,RESOLVED_AGREEMENT,False,0,,,,
91c70445bbe1f592b211,test,피부관리,T6 기계변형,q_피부관리_07,피부 관리,뷰티·미용 중 '피부관리'를 판매·제공하는 매장,ece0f6c3-aa23-432c-9c05-aa7a5bb3ce69,춘심살롱,왁싱 피부,카림애비뉴애 골목형상점가,골목형상점가,세종특별자치시,3.0,3.0,,,RESOLVED_AGREEMENT,False,3,,,,
7885a0f3309f4c0bca8e,test,피부관리,T6 기계변형,q_피부관리_07,피부 관리,뷰티·미용 중 '피부관리'를 판매·제공하는 매장,3d778712-776f-4080-8b70-08de5c9f6770,예손피부,피부관리,금호아파트상인회 골목형상점가,골목형상점가,광주광역시,3.0,3.0,,,RESOLVED_AGREEMENT,False,3,,,,
eddf84be635c3de5f3d1,test,피부관리,T6 기계변형,q_피부관리_07,피부 관리,뷰티·미용 중 '피부관리'를 판매·제공하는 매장,f8309725-44a0-4027-98a6-1eff561f1bd2,꼼브레,피부,계림두산위브 골목형상점가,골목형상점가,광주광역시,0.0,0.0,,,RESOLVED_AGREEMENT,False,0,,,,
624e5a2155408a75608e,test,피부관리,T6 기계변형,q_피부관리_07,피부 관리,뷰티·미용 중 '피부관리'를 판매·제공하는 매장,b5742c2b-f1a2-41ab-96fd-84bdcb5207ea,칭따오양꼬치,음식,함송상가,골목형상점가,경기도,0.0,0.0,,,RESOLVED_AGREEMENT,False,0,,,,
ce66d417f344c2ce39d7,test,피부관리,T6 기계변형,q_피부관리_07,피부 관리,뷰티·미용 중 '피부관리'를 판매·제공하는 매장,1bed0a4f-6ce9-4f46-a9f3-dfe7ccd9272a,은피부관리,피부관리,까치산시장,전통시장,서울특별시,3.0,3.0,,,RESOLVED_AGREEMENT,False,3,,,,
abb25f6528dd6e4989db,test,피부관리,T6 기계변형,q_피부관리_07,피부 관리,뷰티·미용 중 '피부관리'를 판매·제공하는 매장,65181732-a7e1-4055-bc31-7cdd2ac8c50d,숨쉬는 피부,피부관리샵,상무1동아파트상인회 골목형상점가,골목형상점가,광주광역시,3.0,3.0,,,RESOLVED_AGREEMENT,False,3,,,,
71c1a237ce95ecff7bde,test,피부관리,T6 기계변형,q_피부관리_07,피부 관리,뷰티·미용 중 '피부관리'를 판매·제공하는 매장,d50c7cf2-6135-4da0-847b-464b19bd31ef,뷰린,피부,신창 골목형상점가,골목형상점가,광주광역시,0.0,0.0,,,RESOLVED_AGREEMENT,False,0,,,,
eb66279a50477a145f3b,test,피부관리,T6 기계변형,q_피부관리_07,피부 관리,뷰티·미용 중 '피부관리'를 판매·제공하는 매장,886f5eb3-47a7-4670-b4bf-e72bdd3acfd3,콜마르브레드,제과,어은누리 골목형상점가,골목형상점가,대전광역시,0.0,0.0,,,RESOLVED_AGREEMENT,False,0,,,,
3ab84d4ecbdc88110b5d,test,피부관리,T6 기계변형,q_피부관리_07,피부 관리,뷰티·미용 중 '피부관리'를 판매·제공하는 매장,e1ef4f13-83c7-402e-97a3-47b88a065eb0,고은피부,피부 관리,풍암신암상인회 골목형상점가,골목형상점가,광주광역시,3.0,0.0,,,P1_BINARY_THRESHOLD,True,,,,,
5dbfd04846a3e4e10f45,test,피부관리,T6 기계변형,q_피부관리_07,피부 관리,뷰티·미용 중 '피부관리'를 판매·제공하는 매장,643b0291-1616-4781-a480-29db53c20097,더the예쁜피부#,피부관리,신용동 육교 앞 골목형상점가,골목형상점가,광주광역시,3.0,3.0,,,RESOLVED_AGREEMENT,False,3,,,,
00d7e6ff6714804982d8,test,피부관리,T6 기계변형,q_피부관리_07,피부 관리,뷰티·미용 중 '피부관리'를 판매·제공하는 매장,008c73ed-3ece-452b-aa49-b96b73ff1ba1,온결 스킨앤바디,화장품,가재마을 골목형상점가,골목형상점가,세종특별자치시,1.0,2.0,,,P1_BINARY_THRESHOLD,True,,,,,
52a87b32469015747a2e,test,피부관리,T6 기계변형,q_피부관리_07,피부 관리,뷰티·미용 중 '피부관리'를 판매·제공하는 매장,f9873286-d68d-4233-a493-d2f0e61188af,고운피부,피부관리,송도용보 골목형상점가,골목형상점가,광주광역시,3.0,3.0,,,RESOLVED_AGREEMENT,False,3,,,,
c592df11b7f66ba5ff39,test,피부관리,T6 기계변형,q_피부관리_07,피부 관리,뷰티·미용 중 '피부관리'를 판매·제공하는 매장,6e44499e-52d2-4784-b2d7-a4533f891627,스킨쓰담,피부 미용,사당1동 먹자골목 상점가,자율상권구역,서울특별시,3.0,0.0,,,P1_BINARY_THRESHOLD,True,,,,,
465223362d2bee3d90a0,test,피부관리,T6 기계변형,q_피부관리_07,피부 관리,뷰티·미용 중 '피부관리'를 판매·제공하는 매장,0837f571-cf88-47c4-99a7-2a77d609a62b,플투레,피부 미용,강진읍 상권활성화구역,상권활성화구역,전라남도,3.0,0.0,,,P1_BINARY_THRESHOLD,True,,,,,
1233e75d4863d74a150e,test,피부관리,T6 기계변형,q_피부관리_07,피부 관리,뷰티·미용 중 '피부관리'를 판매·제공하는 매장,d5e4476f-d880-40fb-b0c6-ec47a58671b7,가령헤어샵,피부,성주시장,전통시장,경상북도,0.0,2.0,,,P1_BINARY_THRESHOLD,True,,,,,
5ee85a151c92142390c9,test,피부관리,T6 기계변형,q_피부관리_07,피부 관리,뷰티·미용 중 '피부관리'를 판매·제공하는 매장,022f921a-9545-4be5-a4ce-d628a782c282,마이뷰티,피부관리 왁싱 속눈썹,마산 오동동 창동 어시장 상권활성화구역,상권활성화구역,경상남도,3.0,3.0,,,RESOLVED_AGREEMENT,False,3,,,,
34582ddf9820d7a717ed,test,피부관리,T6 기계변형,q_피부관리_07,피부 관리,뷰티·미용 중 '피부관리'를 판매·제공하는 매장,04e23271-38ff-40c1-92b8-657773758b60,무아르왁싱,"왁싱, 제모",과천스마트케이 골목형상점가,골목형상점가,경기도,3.0,3.0,,,RESOLVED_AGREEMENT,False,3,,,,
43e65be040d8e45d4be4,test,피부관리,T6 기계변형,q_피부관리_07,피부 관리,뷰티·미용 중 '피부관리'를 판매·제공하는 매장,00286d17-4dd8-4803-9e0d-4ce25169c0f7,에이치컬링,눈썹,약수초등길 중산 골목형상점가,골목형상점가,울산광역시,3.0,0.0,,,P1_BINARY_THRESHOLD,True,,,,,
e71913b6088215a9bd92,test,피부관리,T6 기계변형,q_피부관리_07,피부 관리,뷰티·미용 중 '피부관리'를 판매·제공하는 매장,b82bdc75-124f-44b3-bb3f-87f8ac0a3b5f,지윤의 자연피부,피부,하안10단지 골목형상점가,골목형상점가,경기도,0.0,0.0,,,RESOLVED_AGREEMENT,False,0,,,,
4ae7136ab702e7726b3b,test,피부관리,T6 기계변형,q_피부관리_07,피부 관리,뷰티·미용 중 '피부관리'를 판매·제공하는 매장,72191216-dbb8-48f3-8889-7cc83727f001,아름다운피부,피부관리 화장품,첨단월계 골목형상점가,골목형상점가,광주광역시,3.0,3.0,,,RESOLVED_AGREEMENT,False,3,,,,
690734605a2ca6260e50,test,피부관리,T6 기계변형,q_피부관리_07,피부 관리,뷰티·미용 중 '피부관리'를 판매·제공하는 매장,94c51132-ae33-4b02-83a7-f2825f636cd1,윤블리,미용 피부,문학로 골목형상점가,골목형상점가,전북특별자치도,1.0,0.0,,,P2_GRADED_ONLY,True,,,,,
b82d39d9914e55cea181,test,피부관리,T6 기계변형,q_피부관리_07,피부 관리,뷰티·미용 중 '피부관리'를 판매·제공하는 매장,01c0d290-258d-473d-b10e-ab313f96502b,연에스테틱,,유촌동상인회 골목형상점가,골목형상점가,광주광역시,3.0,3.0,,,RESOLVED_AGREEMENT,False,3,,,,
47611ce924c1550c546a,test,피부관리,T6 기계변형,q_피부관리_07,피부 관리,뷰티·미용 중 '피부관리'를 판매·제공하는 매장,af2808ec-379d-4005-b0b6-cfef626f0e0b,미소그린피부,애스테틱 피부관리,노대물빛근린공원 골목형상점가,골목형상점가,광주광역시,3.0,3.0,,,RESOLVED_AGREEMENT,False,3,,,,
634cc41333b94541f442,test,피부관리,T6 기계변형,q_피부관리_08,피부관이,뷰티·미용 중 '피부관리'를 판매·제공하는 매장,bc75484f-389c-4f7b-ba5d-164ca56ac6df,피부힐링순,피부관리,세은 골목형상점가,골목형상점가,광주광역시,3.0,3.0,,,RESOLVED_AGREEMENT,False,3,,,,
4031cf9dc2e00f4a5c72,test,피부관리,T6 기계변형,q_피부관리_08,피부관이,뷰티·미용 중 '피부관리'를 판매·제공하는 매장,02288afa-ef79-4f20-a297-bf30982d8a6b,제이지니테라피,피부관리. 윤곽. 비대칭관리,부천 옥길 골목형상점가,골목형상점가,경기도,3.0,3.0,,,RESOLVED_AGREEMENT,False,3,,,,
200db5741d505327bff8,test,피부관리,T6 기계변형,q_피부관리_08,피부관이,뷰티·미용 중 '피부관리'를 판매·제공하는 매장,1fff1a97-19a3-4140-b0a1-443bbd619473,시월뷰티,피부관리,해남읍 원도심 상권활성화구역,상권활성화구역,전라남도,3.0,3.0,,,RESOLVED_AGREEMENT,False,3,,,,
9211c7c5011f265b4809,test,피부관리,T6 기계변형,q_피부관리_08,피부관이,뷰티·미용 중 '피부관리'를 판매·제공하는 매장,006a03c8-0b03-4a37-bab3-4d9d608fbc7b,디바스킨 본점,피부관리,나주혁신도시 골목형상점가,골목형상점가,전라남도,3.0,3.0,,,RESOLVED_AGREEMENT,False,3,,,,
27ee7abc118ab59ad040,test,피부관리,T6 기계변형,q_피부관리_08,피부관이,뷰티·미용 중 '피부관리'를 판매·제공하는 매장,e6996bf0-aedf-4c5c-a6de-0c0e951326b6,맑은피부관리,피부관리,매곡 가인 골목형상점가,골목형상점가,광주광역시,3.0,3.0,,,RESOLVED_AGREEMENT,False,3,,,,
2ffe0990ccf752ce5324,test,피부관리,T6 기계변형,q_피부관리_08,피부관이,뷰티·미용 중 '피부관리'를 판매·제공하는 매장,003cdc8a-95fe-43ea-8350-f4c63913a6f8,정선화장품,화장품,오천시장,전통시장,경상북도,1.0,2.0,,,P1_BINARY_THRESHOLD,True,,,,,
f0718f53f4c8f7cf7c3b,test,피부관리,T6 기계변형,q_피부관리_08,피부관이,뷰티·미용 중 '피부관리'를 판매·제공하는 매장,ea47817f-bef3-49b5-ae47-94a8894697cb,"빛이,나",피부관리,각화동 골목형상점가,골목형상점가,광주광역시,3.0,3.0,,,RESOLVED_AGREEMENT,False,3,,,,
7e6b3a87c1302f875d03,test,피부관리,T6 기계변형,q_피부관리_08,피부관이,뷰티·미용 중 '피부관리'를 판매·제공하는 매장,008c73ed-3ece-452b-aa49-b96b73ff1ba1,온결 스킨앤바디,화장품,가재마을 골목형상점가,골목형상점가,세종특별자치시,1.0,2.0,,,P1_BINARY_THRESHOLD,True,,,,,
24e1a2fe6176b4c84d99,test,피부관리,T6 기계변형,q_피부관리_08,피부관이,뷰티·미용 중 '피부관리'를 판매·제공하는 매장,546621d6-4b9b-4fc9-bb2d-230b4e94f7b0,고운뷰티,피부관리,쌍리단길상점가,자율상권구역,서울특별시,3.0,3.0,,,RESOLVED_AGREEMENT,False,3,,,,
cc94b0836759b148c2f0,test,피부관리,T6 기계변형,q_피부관리_08,피부관이,뷰티·미용 중 '피부관리'를 판매·제공하는 매장,0c3f6ae1-9bec-46f1-a43a-b61009758761,세종왁싱 보람뷰티,왁싱 속눈썹펌,보람동 골목형상점가,골목형상점가,세종특별자치시,3.0,3.0,,,RESOLVED_AGREEMENT,False,3,,,,
b9b938f3e181303d8d94,test,피부관리,T6 기계변형,q_피부관리_08,피부관이,뷰티·미용 중 '피부관리'를 판매·제공하는 매장,1716c347-0b46-470c-924b-25282801578d,오라클피부관리,피부관리,봉선먹자골목 골목형상점가,골목형상점가,광주광역시,3.0,3.0,,,RESOLVED_AGREEMENT,False,3,,,,
5e068c4366d650af0765,test,피부관리,T6 기계변형,q_피부관리_08,피부관이,뷰티·미용 중 '피부관리'를 판매·제공하는 매장,2c2eec55-fd91-4353-ae07-aeed444c0211,성인쇼파,쇼파수리업,두암시장주변 골목형상점가,골목형상점가,광주광역시,0.0,0.0,,,RESOLVED_AGREEMENT,False,0,,,,
3721262347b71cb77dc2,test,피부관리,T6 기계변형,q_피부관리_08,피부관이,뷰티·미용 중 '피부관리'를 판매·제공하는 매장,183723cf-0dca-4954-bd5c-21915fc6eda7,허브피부관리,피부관리,남성역먹거리골목형상점가,골목형상점가,서울특별시,3.0,3.0,,,RESOLVED_AGREEMENT,False,3,,,,
a7a8ec169f277237b278,test,피부관리,T6 기계변형,q_피부관리_08,피부관이,뷰티·미용 중 '피부관리'를 판매·제공하는 매장,c63f57db-8317-4837-9c2f-78359ed1f2af,피부미인,피부관리,하남시서석바대상점가,자율상권구역,경기도,3.0,3.0,,,RESOLVED_AGREEMENT,False,3,,,,
ac04eebc2a4b0aff23ab,test,피부관리,T6 기계변형,q_피부관리_08,피부관이,뷰티·미용 중 '피부관리'를 판매·제공하는 매장,3fa4f182-a366-486a-b16d-bd753e333230,피부미인,피부관리,문흥동 골목형상점가,골목형상점가,광주광역시,3.0,3.0,,,RESOLVED_AGREEMENT,False,3,,,,
6e9097fa878d8a7c09b7,test,피부관리,T6 기계변형,q_피부관리_08,피부관이,뷰티·미용 중 '피부관리'를 판매·제공하는 매장,94286395-d913-4d2c-b941-8bc245c803dd,생생피부관리실,피부관리,봉선중앙로 골목형상점가,골목형상점가,광주광역시,3.0,3.0,,,RESOLVED_AGREEMENT,False,3,,,,
f4c3e9dabbd71cc6ef9b,test,피부관리,T6 기계변형,q_피부관리_08,피부관이,뷰티·미용 중 '피부관리'를 판매·제공하는 매장,22bab0b6-b1a0-4a03-9332-f121f20a75cb,키웰,피부관리,평촌1번가 상점가,자율상권구역,경기도,3.0,3.0,,,RESOLVED_AGREEMENT,False,3,,,,
47a19b41cb86d3a98459,test,피부관리,T6 기계변형,q_피부관리_08,피부관이,뷰티·미용 중 '피부관리'를 판매·제공하는 매장,372f1714-6cef-4d7a-8a96-94a41e487d35,동탄 피부관리 더마라보떼,피부관리,북광장상가,자율상권구역,경기도,3.0,3.0,,,RESOLVED_AGREEMENT,False,3,,,,
08ee75adb85a06dbdf31,test,피부관리,T6 기계변형,q_피부관리_08,피부관이,뷰티·미용 중 '피부관리'를 판매·제공하는 매장,087a51ab-d4a5-498b-b11f-45dc6e8b1435,내토 잡곡 야채,농산물,내토전통시장,전통시장,충청북도,0.0,0.0,,,RESOLVED_AGREEMENT,False,0,,,,
e9c1b004b5f02b0ddf71,test,피부관리,T6 기계변형,q_피부관리_08,피부관이,뷰티·미용 중 '피부관리'를 판매·제공하는 매장,046c8087-df4f-4578-bcf6-ddb6ac06bd93,아나토미 에스테틱 천안점,에스테틱,불당1번가골목형상점가,골목형상점가,충청남도,3.0,3.0,,,RESOLVED_AGREEMENT,False,3,,,,
2578c1aa1f8c9d95b6bd,test,피부관리,T6 기계변형,q_피부관리_08,피부관이,뷰티·미용 중 '피부관리'를 판매·제공하는 매장,1d39494e-cc63-4ac2-af0f-0f349de60e56,르주비아 에스테틱,,포항중앙상가,전통시장,경상북도,3.0,3.0,,,RESOLVED_AGREEMENT,False,3,,,,
b82f45d7b1b42baa71df,test,피부관리,T6 기계변형,q_피부관리_08,피부관이,뷰티·미용 중 '피부관리'를 판매·제공하는 매장,f6bdfc7c-65b6-4a36-9aba-b8b6a05db8f4,더향기,피부관리,과천중앙동상점가,자율상권구역,경기도,3.0,3.0,,,RESOLVED_AGREEMENT,False,3,,,,
8e96121e5f609d1299b2,test,피부관리,T6 기계변형,q_피부관리_08,피부관이,뷰티·미용 중 '피부관리'를 판매·제공하는 매장,ed40e867-d5f3-47ae-860d-0d50c17a1182,디에뜨샵,피부관리,목원대 골목형상점가,골목형상점가,대전광역시,3.0,3.0,,,RESOLVED_AGREEMENT,False,3,,,,
89c52c72b238d18401a1,test,피부관리,T6 기계변형,q_피부관리_08,피부관이,뷰티·미용 중 '피부관리'를 판매·제공하는 매장,ed7860ef-954d-4d1d-aef4-71b97202d08e,코샤뷰티,피부관리,나성동 골목형상점가,골목형상점가,세종특별자치시,3.0,3.0,,,RESOLVED_AGREEMENT,False,3,,,,
f6260eb16dc38fc455c9,test,피부관리,T6 기계변형,q_피부관리_08,피부관이,뷰티·미용 중 '피부관리'를 판매·제공하는 매장,00998e68-6f7e-4b3f-9476-72ba1ac3466e,라테라스 테라피,피부관리,치평1230상인회 골목형상점가,골목형상점가,광주광역시,3.0,3.0,,,RESOLVED_AGREEMENT,False,3,,,,
c84ef6981a73e188f316,test,피부관리,T6 기계변형,q_피부관리_08,피부관이,뷰티·미용 중 '피부관리'를 판매·제공하는 매장,09e962f0-1376-4347-b30e-60edd1ef994c,미소뷰티,피부관리,정 있는 서암대로 골목형상점가,골목형상점가,광주광역시,3.0,3.0,,,RESOLVED_AGREEMENT,False,3,,,,
25adca8df93a50c9a918,test,피부관리,T6 기계변형,q_피부관리_08,피부관이,뷰티·미용 중 '피부관리'를 판매·제공하는 매장,4665a5c0-b936-4c72-a6a9-6efc4154cd3e,미소피부관샵,피부,신세계앞상인회 골목형상점가,골목형상점가,광주광역시,0.0,0.0,,,RESOLVED_AGREEMENT,False,0,,,,
0fc72be06e6ff87b042c,test,피부관리,T6 기계변형,q_피부관리_08,피부관이,뷰티·미용 중 '피부관리'를 판매·제공하는 매장,022f921a-9545-4be5-a4ce-d628a782c282,마이뷰티,피부관리 왁싱 속눈썹,마산 오동동 창동 어시장 상권활성화구역,상권활성화구역,경상남도,3.0,3.0,,,RESOLVED_AGREEMENT,False,3,,,,
e4f0e06c4a06dd60d47d,test,피부관리,T6 기계변형,q_피부관리_08,피부관이,뷰티·미용 중 '피부관리'를 판매·제공하는 매장,eb96c1aa-4621-4fdf-92e0-2e360eba5c1e,선물뷰티,피부관리,군분로꽁양상인회 골목형상점가,골목형상점가,광주광역시,3.0,3.0,,,RESOLVED_AGREEMENT,False,3,,,,
be165119482c28bd6453,test,피부관리,T6 기계변형,q_피부관리_08,피부관이,뷰티·미용 중 '피부관리'를 판매·제공하는 매장,0abba293-9605-4d6d-9250-b5235a9dbce9,아네스피부관리샵,피부관리,대사동 보문산 골목형상점가,골목형상점가,대전광역시,3.0,3.0,,,RESOLVED_AGREEMENT,False,3,,,,
6d694f8dfd9a6a386395,test,피부관리,T6 기계변형,q_피부관리_08,피부관이,뷰티·미용 중 '피부관리'를 판매·제공하는 매장,b6f1730c-189c-4570-93eb-2f48572784d7,뷰니크,피부관리,모란시장 쉼터길 골목형상점가,골목형상점가,경기도,3.0,3.0,,,RESOLVED_AGREEMENT,False,3,,,,
359db56f25bff3df6f04,test,피부관리,T6 기계변형,q_피부관리_08,피부관이,뷰티·미용 중 '피부관리'를 판매·제공하는 매장,101ddd19-74aa-466a-9487-9c9c45eaee05,김현주피부관리실,피부관리,매곡 사랑길 골목형상점가,골목형상점가,광주광역시,3.0,3.0,,,RESOLVED_AGREEMENT,False,3,,,,
8e6b4200e246c6ad34a8,test,피부관리,T6 기계변형,q_피부관리_08,피부관이,뷰티·미용 중 '피부관리'를 판매·제공하는 매장,ff4e6f5e-fc14-4371-a58c-a1a98c2b6d14,블링뷰티,피부관리,광주송정역세권 상권활성화구역,상권활성화구역,광주광역시,3.0,3.0,,,RESOLVED_AGREEMENT,False,3,,,,
2377c1cf84a3a0f827ee,test,피부관리,T6 기계변형,q_피부관리_08,피부관이,뷰티·미용 중 '피부관리'를 판매·제공하는 매장,0133de50-f3d8-44d7-99fb-0a05f3b2b13e,졔졔살롱,속눈썹미용,운암이 골목형상점가,골목형상점가,광주광역시,3.0,3.0,,,RESOLVED_AGREEMENT,False,3,,,,
8668ca96a0889a1e3136,test,피부관리,T6 기계변형,q_피부관리_08,피부관이,뷰티·미용 중 '피부관리'를 판매·제공하는 매장,65181732-a7e1-4055-bc31-7cdd2ac8c50d,숨쉬는 피부,피부관리샵,상무1동아파트상인회 골목형상점가,골목형상점가,광주광역시,3.0,3.0,,,RESOLVED_AGREEMENT,False,3,,,,
8f9d8dcc338f20787817,test,피부관리,T6 기계변형,q_피부관리_08,피부관이,뷰티·미용 중 '피부관리'를 판매·제공하는 매장,29e03f7f-9231-4e67-a68f-a2b4be606245,창원피부관리다올,피부관리,창원 대동중앙상가,전통시장,경상남도,3.0,3.0,,,RESOLVED_AGREEMENT,False,3,,,,
4938d5bdcd4eb39ebf59,test,피부관리,T6 기계변형,q_피부관리_08,피부관이,뷰티·미용 중 '피부관리'를 판매·제공하는 매장,031f5ecb-08f7-4c58-bf2e-694c3f2c2210,뷰티명가,피부관리,사리골상점가,자율상권구역,경기도,3.0,3.0,,,RESOLVED_AGREEMENT,False,3,,,,
f1b98d710a20eb80c61f,test,피부관리,T6 기계변형,q_피부관리_08,피부관이,뷰티·미용 중 '피부관리'를 판매·제공하는 매장,04e23271-38ff-40c1-92b8-657773758b60,무아르왁싱,"왁싱, 제모",과천스마트케이 골목형상점가,골목형상점가,경기도,3.0,3.0,,,RESOLVED_AGREEMENT,False,3,,,,
ccc0e2568bb587def5de,test,피부관리,T6 기계변형,q_피부관리_08,피부관이,뷰티·미용 중 '피부관리'를 판매·제공하는 매장,abd220f5-aa3b-48cf-aad2-900c1a588d07,시장닭집,닭,봉화상설시장,전통시장,경상북도,0.0,0.0,,,RESOLVED_AGREEMENT,False,0,,,,
b825cacd112c126018b1,test,피부관리,T6 기계변형,q_피부관리_08,피부관이,뷰티·미용 중 '피부관리'를 판매·제공하는 매장,7103f85e-1715-42c0-9dac-2d009dfb6667,지수 피부,피부관리,한들물빛도시 골목형 상점가,골목형상점가,충청남도,3.0,3.0,,,RESOLVED_AGREEMENT,False,3,,,,
c93f9e43145dcf62b491,test,피부관리,T6 기계변형,q_피부관리_08,피부관이,뷰티·미용 중 '피부관리'를 판매·제공하는 매장,2256f2b2-62e3-4b64-b370-3342f9b0cdfa,선피부관리,피부관리 화장품,문흥1동 골목형상점가,골목형상점가,광주광역시,3.0,3.0,,,RESOLVED_AGREEMENT,False,3,,,,
ff235ae0b60b86bd0285,test,피부관리,T6 기계변형,q_피부관리_08,피부관이,뷰티·미용 중 '피부관리'를 판매·제공하는 매장,910eff81-e6cc-4bfa-80ef-998c616430e4,휴스킨,피부관리,한듬레포츠,골목형상점가,광주광역시,3.0,3.0,,,RESOLVED_AGREEMENT,False,3,,,,
dbac7128b4dea994997b,test,피부관리,T6 기계변형,q_피부관리_08,피부관이,뷰티·미용 중 '피부관리'를 판매·제공하는 매장,2d06d5df-d991-4b5c-82ae-625d62d6138b,세계로주방,주방기기,상공회의소누리상인회 골목형상점가,골목형상점가,광주광역시,0.0,0.0,,,RESOLVED_AGREEMENT,False,0,,,,
43cd15ee595b1e36265a,test,피부관리,T6 기계변형,q_피부관리_08,피부관이,뷰티·미용 중 '피부관리'를 판매·제공하는 매장,ccaa4789-23bb-4d6b-83c0-fd9793e07e62,고궁피부관리,피부관리,뒤뜰골목형상점가,골목형상점가,강원특별자치도,3.0,3.0,,,RESOLVED_AGREEMENT,False,3,,,,
f601ee971880dd3d3ec1,test,피부관리,T6 기계변형,q_피부관리_08,피부관이,뷰티·미용 중 '피부관리'를 판매·제공하는 매장,4a57a9fa-cdd9-4981-84b2-4deba0d69ba4,피부튼튼e,피부관리,오목교역8번출구골목형상점가,골목형상점가,서울특별시,3.0,3.0,,,RESOLVED_AGREEMENT,False,3,,,,
d81453bc25caa862e99c,test,피부관리,T6 기계변형,q_피부관리_08,피부관이,뷰티·미용 중 '피부관리'를 판매·제공하는 매장,0017ec9c-4997-4ef5-a552-7fffc7dd149c,아리따움 진주서부점,화장품,진주 새서부시장,전통시장,경상남도,1.0,2.0,,,P1_BINARY_THRESHOLD,True,,,,,
9f0653272eb892eb7337,test,피부관리,T6 기계변형,q_피부관리_08,피부관이,뷰티·미용 중 '피부관리'를 판매·제공하는 매장,e5eabd81-2e89-43a7-8ad2-8be1fa6c8a05,더빛날,피부관리,양산동 행복 골목형상점가,골목형상점가,광주광역시,3.0,3.0,,,RESOLVED_AGREEMENT,False,3,,,,
ec09af173107ab86257f,test,피부관리,T6 기계변형,q_피부관리_08,피부관이,뷰티·미용 중 '피부관리'를 판매·제공하는 매장,00131122-77cf-4772-b141-202f0f950f5c,라라샵,화장품,유성신나는 골목형상점가,골목형상점가,대전광역시,1.0,2.0,,,P1_BINARY_THRESHOLD,True,,,,,
7118a3914bad7862e1ad,test,피부관리,T6 기계변형,q_피부관리_08,피부관이,뷰티·미용 중 '피부관리'를 판매·제공하는 매장,7d5eb096-e9e7-4be8-90a2-afb8b8b326b5,소담피부관리실,피부관리,소촌골 골목형상점가,골목형상점가,광주광역시,3.0,3.0,,,RESOLVED_AGREEMENT,False,3,,,,
c1337ee01eafad78ed94,test,피부관리,T6 기계변형,q_피부관리_08,피부관이,뷰티·미용 중 '피부관리'를 판매·제공하는 매장,01c0d290-258d-473d-b10e-ab313f96502b,연에스테틱,,유촌동상인회 골목형상점가,골목형상점가,광주광역시,3.0,3.0,,,RESOLVED_AGREEMENT,False,3,,,,
cb17a49211b2c46ed54b,test,피부관리,T6 기계변형,q_피부관리_08,피부관이,뷰티·미용 중 '피부관리'를 판매·제공하는 매장,39b0e1e2-959e-49fb-b6e0-50b99d71a55c,하남돼지집 범계점,한식,평촌1번가 상점가,자율상권구역,경기도,0.0,0.0,,,RESOLVED_AGREEMENT,False,0,,,,
1dedded4703a9345df44,test,피부관리,T6 기계변형,q_피부관리_08,피부관이,뷰티·미용 중 '피부관리'를 판매·제공하는 매장,5e8047ea-4879-4f80-bd71-351dfa01f818,피부봐요,피부관리,문흥라인아파트 골목형상점가,골목형상점가,광주광역시,3.0,3.0,,,RESOLVED_AGREEMENT,False,3,,,,
00d01deae68668d17c41,test,피부관리,T6 기계변형,q_피부관리_08,피부관이,뷰티·미용 중 '피부관리'를 판매·제공하는 매장,eee4cb9a-447f-4e24-b168-de011b68be72,찬란하다,피부관리,힐스테이트에코 골목형상점가,골목형상점가,경기도,3.0,3.0,,,RESOLVED_AGREEMENT,False,3,,,,
4228250945d246d2178f,test,피부관리,T6 기계변형,q_피부관리_08,피부관이,뷰티·미용 중 '피부관리'를 판매·제공하는 매장,1ac4ae73-6d9b-4466-8bd3-9c4edcc910ec,솔비쥬,피부관리,산본로데오거리(구 산본중심상가),자율상권구역,경기도,3.0,3.0,,,RESOLVED_AGREEMENT,False,3,,,,
1dcf5b40a43d36892510,test,피부관리,T6 기계변형,q_피부관리_08,피부관이,뷰티·미용 중 '피부관리'를 판매·제공하는 매장,00286d17-4dd8-4803-9e0d-4ce25169c0f7,에이치컬링,눈썹,약수초등길 중산 골목형상점가,골목형상점가,울산광역시,3.0,0.0,,,P1_BINARY_THRESHOLD,True,,,,,
9556eb87d9335bc0c73b,test,피부관리,T6 기계변형,q_피부관리_08,피부관이,뷰티·미용 중 '피부관리'를 판매·제공하는 매장,8a2422d7-6c83-4f2e-bd5c-c4fe2449fa1b,경빈피부관리실,피부관리,나성동 소방청 골목형상점가,골목형상점가,세종특별자치시,3.0,3.0,,,RESOLVED_AGREEMENT,False,3,,,,
fd7df085812a8ad2225a,test,피부관리,T6 기계변형,q_피부관리_08,피부관이,뷰티·미용 중 '피부관리'를 판매·제공하는 매장,00265f28-b733-4489-86bc-b86339c2f6c0,이비속눈썹,속눈썹연장,추억담은광주역뒷길 골목형상점가,골목형상점가,광주광역시,3.0,3.0,,,RESOLVED_AGREEMENT,False,3,,,,
3dfa90666054cb517fea,test,피부관리,T6 기계변형,q_피부관리_08,피부관이,뷰티·미용 중 '피부관리'를 판매·제공하는 매장,670e7311-d73b-4c4f-8c97-a306b4a212e1,김은영피부관리,피부관리,치평상무역상인회 골목형상점가,골목형상점가,광주광역시,3.0,3.0,,,RESOLVED_AGREEMENT,False,3,,,,
837a1c1f39fc40adaf84,test,피부관리,T6 기계변형,q_피부관리_08,피부관이,뷰티·미용 중 '피부관리'를 판매·제공하는 매장,6020cad2-f76c-4072-86ae-5502dfbb86c6,태 피부관리실,피부미용,엄사 골목형상점가,골목형상점가,충청남도,3.0,3.0,,,RESOLVED_AGREEMENT,False,3,,,,
d7c07948812462b9b971,test,피부관리,T6 기계변형,q_피부관리_08,피부관이,뷰티·미용 중 '피부관리'를 판매·제공하는 매장,3990d086-cf5e-472f-b34f-238c3ca2eda5,안은실피부관리,피부관리,매봉 골목형상점가,골목형상점가,광주광역시,3.0,3.0,,,RESOLVED_AGREEMENT,False,3,,,,
f1a39f7908f97c80b372,test,피부관리,T6 기계변형,q_피부관리_08,피부관이,뷰티·미용 중 '피부관리'를 판매·제공하는 매장,14f45676-ca6f-4fcb-aea7-c6b95ac1a077,루아 휴 헤드스파&에스테틱,,퍼스트원 골목형상점가,골목형상점가,세종특별자치시,3.0,3.0,,,RESOLVED_AGREEMENT,False,3,,,,
69b0df83c0e196fa1eb2,test,피부관리,T6 기계변형,q_피부관리_08,피부관이,뷰티·미용 중 '피부관리'를 판매·제공하는 매장,9de4b13f-f088-40b5-b0f1-8f889aebc836,순,피부관리,남천바다내음 골목형상점가,골목형상점가,부산광역시,3.0,3.0,,,RESOLVED_AGREEMENT,False,3,,,,
f19cc7d9b570b70f18b6,test,피부관리,T6 기계변형,q_피부관리_08,피부관이,뷰티·미용 중 '피부관리'를 판매·제공하는 매장,bbdabe1b-d08d-4430-a775-5be05df250cd,얼짱 피부관리실,"피부관리, 마사지",산본로데오거리(구 산본중심상가),자율상권구역,경기도,3.0,3.0,,,RESOLVED_AGREEMENT,False,3,,,,
1f4d5ae75bd353f1f7b1,test,피부관리,T6 기계변형,q_피부관리_08,피부관이,뷰티·미용 중 '피부관리'를 판매·제공하는 매장,013c7cfa-cbf1-4606-bfd2-cae2985377c0,피크래쉬룸(PEAK LASH ROOM),"메이크업, 속눈썹",금암동 골목형상점가,골목형상점가,충청남도,3.0,3.0,,,RESOLVED_AGREEMENT,False,3,,,,
ebc73524c37ddab1e132,test,피부관리,T6 기계변형,q_피부관리_08,피부관이,뷰티·미용 중 '피부관리'를 판매·제공하는 매장,0b781873-4848-440d-9845-519fe314cb94,비비한 뷰티&왁싱,피부왁싱,호남동불로동천변 골목형상점가,골목형상점가,광주광역시,3.0,3.0,,,RESOLVED_AGREEMENT,False,3,,,,
4114acb815c35560f961,test,피부관리,T6 기계변형,q_피부관리_08,피부관이,뷰티·미용 중 '피부관리'를 판매·제공하는 매장,006a3db3-f148-48fb-a3ac-1a758ffae755,제이솜에스테틱,피부관리,효행구봉담상점가,골목형상점가,경기도,3.0,3.0,,,RESOLVED_AGREEMENT,False,3,,,,
cdc4de7505ad90efbe81,test,피부관리,T6 기계변형,q_피부관리_08,피부관이,뷰티·미용 중 '피부관리'를 판매·제공하는 매장,7eac69f4-908f-47cc-b82a-c268fb2b4c7e,피부미인,피부관리,맛조이상인회 골목형상점가,골목형상점가,광주광역시,3.0,3.0,,,RESOLVED_AGREEMENT,False,3,,,,
a8d771c09b5186a8b6fd,test,피부관리,T6 기계변형,q_피부관리_08,피부관이,뷰티·미용 중 '피부관리'를 판매·제공하는 매장,3d778712-776f-4080-8b70-08de5c9f6770,예손피부,피부관리,금호아파트상인회 골목형상점가,골목형상점가,광주광역시,3.0,3.0,,,RESOLVED_AGREEMENT,False,3,,,,
5bb49a2d88677bb401e2,test,피부관리,T6 기계변형,q_피부관리_08,피부관이,뷰티·미용 중 '피부관리'를 판매·제공하는 매장,9e21cfb2-807c-47e7-9481-7df84118cb34,핫뷰티,피부관리,고은상인회 골목형상점가,골목형상점가,광주광역시,3.0,3.0,,,RESOLVED_AGREEMENT,False,3,,,,
7b88b3327dab40b5f5c2,test,피부관리,T6 기계변형,q_피부관리_08,피부관이,뷰티·미용 중 '피부관리'를 판매·제공하는 매장,a97cad62-ba63-444f-a318-1d5e64197c37,반한피부,피부관리,방이시장,전통시장,서울특별시,3.0,3.0,,,RESOLVED_AGREEMENT,False,3,,,,
f671f2e773c48d7e5a80,test,피부관리,T6 기계변형,q_피부관리_08,피부관이,뷰티·미용 중 '피부관리'를 판매·제공하는 매장,04197336-2bd8-40eb-95d9-f9bd1d83b049,아온에스테틱,,대방디엠시티 골목형상점가,골목형상점가,전북특별자치도,3.0,3.0,,,RESOLVED_AGREEMENT,False,3,,,,
2481ca9c09dcdeed8b55,test,피부관리,T6 기계변형,q_피부관리_08,피부관이,뷰티·미용 중 '피부관리'를 판매·제공하는 매장,ed776ea2-48e0-4240-a74f-24847112201b,프와,피부관리,첨단강변로 골목형상점가,골목형상점가,광주광역시,3.0,3.0,,,RESOLVED_AGREEMENT,False,3,,,,
dfa69522fb7fcda023aa,test,피부관리,T6 기계변형,q_피부관리_08,피부관이,뷰티·미용 중 '피부관리'를 판매·제공하는 매장,6e7df1c3-c7e7-4871-a322-f06ed75a2d35,드에르,피부관리,신창호반,골목형상점가,광주광역시,3.0,3.0,,,RESOLVED_AGREEMENT,False,3,,,,
8f1345b5a80f8a603385,test,피부관리,T6 기계변형,q_피부관리_08,피부관이,뷰티·미용 중 '피부관리'를 판매·제공하는 매장,1bed0a4f-6ce9-4f46-a9f3-dfe7ccd9272a,은피부관리,피부관리,까치산시장,전통시장,서울특별시,3.0,3.0,,,RESOLVED_AGREEMENT,False,3,,,,
113ca68e1453bb37398e,test,피부관리,T6 기계변형,q_피부관리_08,피부관이,뷰티·미용 중 '피부관리'를 판매·제공하는 매장,380cb182-6658-4d1d-9a42-a896e072e096,정서윤 피부관리샵,화장품 피부관리샵,농성누리상인회 골목형상점가,골목형상점가,광주광역시,3.0,3.0,,,RESOLVED_AGREEMENT,False,3,,,,
3f00ad982f2e48cf46cf,test,피부관리,T6 기계변형,q_피부관리_08,피부관이,뷰티·미용 중 '피부관리'를 판매·제공하는 매장,fb503492-99ec-4c25-83f9-f7ceac0b65ae,일흥상회,그릇소매,속초중앙전통시장,전통시장,강원특별자치도,0.0,0.0,,,RESOLVED_AGREEMENT,False,0,,,,
07cb0a7f7684a6767fff,test,피부관리,T6 기계변형,q_피부관리_08,피부관이,뷰티·미용 중 '피부관리'를 판매·제공하는 매장,bb337b6e-666a-4954-812d-5ea105c190f8,예쁜공주 피부관리실,피부관리,송정 다누리 골목형상점가,골목형상점가,광주광역시,3.0,3.0,,,RESOLVED_AGREEMENT,False,3,,,,
99de7f0a52350271ce09,test,피부관리,T6 기계변형,q_피부관리_08,피부관이,뷰티·미용 중 '피부관리'를 판매·제공하는 매장,5b50fe3e-f7dd-4723-b4d8-21da2e3069b0,최혜경 피부관리,피부관리,지족반석 골목형상점가,골목형상점가,대전광역시,3.0,3.0,,,RESOLVED_AGREEMENT,False,3,,,,
dc0d3049d449752effea,test,피부관리,T6 기계변형,q_피부관리_08,피부관이,뷰티·미용 중 '피부관리'를 판매·제공하는 매장,6481fbb1-f7bc-4157-9a12-6f598de05fab,더화율,피부관리,동운초 골목형상점가,골목형상점가,광주광역시,3.0,3.0,,,RESOLVED_AGREEMENT,False,3,,,,
2c540ef378342f81a9f4,test,피부관리,T6 기계변형,q_피부관리_08,피부관이,뷰티·미용 중 '피부관리'를 판매·제공하는 매장,f76afa0e-705c-43f8-adbf-6a7bee257190,피부The빛나,피부관리,노블레스 골목형상점가,골목형상점가,경기도,3.0,3.0,,,RESOLVED_AGREEMENT,False,3,,,,
2274a31183cf03e18f7e,test,피부관리,T6 기계변형,q_피부관리_08,피부관이,뷰티·미용 중 '피부관리'를 판매·제공하는 매장,4715b54a-3475-4c0a-90b3-2f0f9023f1db,뾰샤시,피부관리,부평문화인의거리골목형상점가,골목형상점가,인천광역시,3.0,3.0,,,RESOLVED_AGREEMENT,False,3,,,,
71620e7fc9f59df5525d,test,피부관리,T6 기계변형,q_피부관리_08,피부관이,뷰티·미용 중 '피부관리'를 판매·제공하는 매장,1e43f034-0adc-4bce-99ed-4bb886cc281b,서우,도자기,예스파크 상점가,자율상권구역,경기도,0.0,0.0,,,RESOLVED_AGREEMENT,False,0,,,,
a27aae8513bac45c715a,test,피부관리,T6 기계변형,q_피부관리_08,피부관이,뷰티·미용 중 '피부관리'를 판매·제공하는 매장,158a9cc4-064a-4dbf-a6af-c93bfcbce3e5,다정피부관리실,피부관리,다정중앙 골목형상점가,골목형상점가,세종특별자치시,3.0,3.0,,,RESOLVED_AGREEMENT,False,3,,,,
e2769213cee153155bb7,test,피부관리,T6 기계변형,q_피부관리_08,피부관이,뷰티·미용 중 '피부관리'를 판매·제공하는 매장,0145ebc4-2c3b-48a5-bdee-30b3cbffc69a,비바뷰티왁싱스튜디오,왁싱,백운진다리 골목형상점가,골목형상점가,광주광역시,3.0,3.0,,,RESOLVED_AGREEMENT,False,3,,,,
16a301a026966b8c4c18,test,피부관리,T6 기계변형,q_피부관리_08,피부관이,뷰티·미용 중 '피부관리'를 판매·제공하는 매장,fd8d72f6-c777-4375-abff-406318d1ab15,궁화피부관리,피부관리,원주중앙로문화의거리,자율상권구역,강원특별자치도,3.0,3.0,,,RESOLVED_AGREEMENT,False,3,,,,
941ce4923614b855a599,test,피부관리,T6 기계변형,q_피부관리_08,피부관이,뷰티·미용 중 '피부관리'를 판매·제공하는 매장,00222f52-5d1f-4fb1-b0a6-7b4864ce177f,아리따움서대문연희점,화장품,연희사러가,전통시장,서울특별시,1.0,2.0,,,P1_BINARY_THRESHOLD,True,,,,,
dffef31b2b47761a03d8,test,피부관리,T6 기계변형,q_피부관리_08,피부관이,뷰티·미용 중 '피부관리'를 판매·제공하는 매장,eb802516-84bf-46b3-8363-8d1b22ce2f72,바림,피부관리,우산중흥에쓰클래스 골목형상점가,골목형상점가,광주광역시,3.0,3.0,,,RESOLVED_AGREEMENT,False,3,,,,
dbf71e2672369344581f,test,피부관리,T6 기계변형,q_피부관리_08,피부관이,뷰티·미용 중 '피부관리'를 판매·제공하는 매장,45ca7ab3-31ac-4c06-8286-3a019b090424,피부가꿈,피부관리,신안동서암대로 골목형상점가,골목형상점가,광주광역시,3.0,3.0,,,RESOLVED_AGREEMENT,False,3,,,,
5879d66856dcdf544c8f,test,피부관리,T6 기계변형,q_피부관리_08,피부관이,뷰티·미용 중 '피부관리'를 판매·제공하는 매장,4027331f-cc97-4fab-83e1-e494b22d77f0,에스,피부관리,남봉덕 골목형상점가,골목형상점가,대구광역시,3.0,3.0,,,RESOLVED_AGREEMENT,False,3,,,,
f17bd43c6543e6b4e127,test,피부관리,T6 기계변형,q_피부관리_08,피부관이,뷰티·미용 중 '피부관리'를 판매·제공하는 매장,004a8de5-69c1-4c55-a507-54e016703431,마중물뷰티동,소매(화장품),은마종합상점가,자율상권구역,서울특별시,1.0,2.0,,,P1_BINARY_THRESHOLD,True,,,,,
3c5274bda3bc9b3f6928,test,피부관리,T6 기계변형,q_피부관리_08,피부관이,뷰티·미용 중 '피부관리'를 판매·제공하는 매장,b399d6c9-0372-45d6-ac0e-1626b7693823,중앙뷰티,피부관리,장미제일시장,전통시장,서울특별시,3.0,3.0,,,RESOLVED_AGREEMENT,False,3,,,,
693bcf543ec6cd0510ad,test,피부관리,T6 기계변형,q_피부관리_08,피부관이,뷰티·미용 중 '피부관리'를 판매·제공하는 매장,b9aefae3-2928-4add-a9be-cb53a3454b64,약손,"피부관리, 피부미용",성복 온누리 골목형상점가,골목형상점가,경기도,3.0,3.0,,,RESOLVED_AGREEMENT,False,3,,,,
d24f318b4a37b7a17b55,test,피부관리,T6 기계변형,q_피부관리_08,피부관이,뷰티·미용 중 '피부관리'를 판매·제공하는 매장,bc693a8f-ec75-4caf-9ba4-e65c9c8a2963,신포횟집,,명지시장,전통시장,부산광역시,0.0,0.0,,,RESOLVED_AGREEMENT,False,0,,,,
53845d501a320e54e7fa,test,피부관리,T6 기계변형,q_피부관리_08,피부관이,뷰티·미용 중 '피부관리'를 판매·제공하는 매장,b4d2891d-3bc5-4eb0-b16b-40ec831a9162,두얼몸짱,피부관리,건국다복 골목형상점가,골목형상점가,광주광역시,3.0,3.0,,,RESOLVED_AGREEMENT,False,3,,,,
1f082ad3d0fb60e91aac,test,한복,T4 구어·문장,q_한복_01,한복,패션·잡화 중 '한복'을 판매·제공하는 매장,00ac3078-caa7-424e-9231-c68b60f56f92,세이웨딩,웨딩드레스대여,송도 아트포레 판매시설 골목형상점가,골목형상점가,인천광역시,1.0,2.0,,,P1_BINARY_THRESHOLD,True,,,,,
087edba28907bf9bfb7b,test,한복,T4 구어·문장,q_한복_01,한복,패션·잡화 중 '한복'을 판매·제공하는 매장,0d036f3d-df0d-4ed6-a573-a18b1de39811,장미한복,한복,길음시장,전통시장,서울특별시,3.0,3.0,,,RESOLVED_AGREEMENT,False,3,,,,
471411244ec12fd9b568,test,한복,T4 구어·문장,q_한복_01,한복,패션·잡화 중 '한복'을 판매·제공하는 매장,11669cd1-e65d-4539-92be-bc35ba91737c,원더풀웨딩,,대봉서한포레스트,골목형상점가,대구광역시,,2.0,Y,,P0_UNCERTAIN_OR_MISSING,True,,,,,
a0d610f60a00795c5f25,test,한복,T4 구어·문장,q_한복_01,한복,패션·잡화 중 '한복'을 판매·제공하는 매장,825b4f00-cdd1-4cbf-8018-8b9678f43c60,서울한복,한복,공주산성시장,전통시장,충청남도,3.0,3.0,,,RESOLVED_AGREEMENT,False,3,,,,
0b007bee12ea3e732c2c,test,한복,T4 구어·문장,q_한복_01,한복,패션·잡화 중 '한복'을 판매·제공하는 매장,97c62e8c-1aaa-4ba6-8553-55546ba69f0d,한복우영경,한복,마산 오동동 창동 어시장 상권활성화구역,상권활성화구역,경상남도,3.0,3.0,,,RESOLVED_AGREEMENT,False,3,,,,
e92118201f0d6c508a1e,test,한복,T4 구어·문장,q_한복_01,한복,패션·잡화 중 '한복'을 판매·제공하는 매장,2d2ea938-e325-4400-80dd-4f6f667f2057,한복마루,한복,종로5가역일번출구상점가,자율상권구역,서울특별시,3.0,3.0,,,RESOLVED_AGREEMENT,False,3,,,,
cc38eca41a258a14a734,test,한복,T4 구어·문장,q_한복_01,한복,패션·잡화 중 '한복'을 판매·제공하는 매장,79179220-14e2-48ae-931d-dc44207cc834,한복1호,한복,춘천중앙시장,전통시장,강원특별자치도,3.0,3.0,,,RESOLVED_AGREEMENT,False,3,,,,
cf965e5ca15051aa4f39,test,한복,T4 구어·문장,q_한복_01,한복,패션·잡화 중 '한복'을 판매·제공하는 매장,47f0a0f4-a630-4f70-bbdc-dc6001056698,청실한복,한복,길음시장,전통시장,서울특별시,3.0,3.0,,,RESOLVED_AGREEMENT,False,3,,,,
18ec79ca991cb2e5a2e2,test,한복,T4 구어·문장,q_한복_01,한복,패션·잡화 중 '한복'을 판매·제공하는 매장,e7d27ba6-591e-44e3-a016-a03693aa5673,눈편한안경,소매(안경),남구로시장,전통시장,서울특별시,0.0,0.0,,,RESOLVED_AGREEMENT,False,0,,,,
bbd1cf8e52be84d8de9a,test,한복,T4 구어·문장,q_한복_01,한복,패션·잡화 중 '한복'을 판매·제공하는 매장,038882ae-58c6-440b-aa4f-184bc2f4223d,보네르웨딩 대구점,,대봉모리 골목형상점가,골목형상점가,대구광역시,,2.0,Y,,P0_UNCERTAIN_OR_MISSING,True,,,,,
870e23853375f6a934e4,test,한복,T4 구어·문장,q_한복_01,한복,패션·잡화 중 '한복'을 판매·제공하는 매장,00c3c29f-87af-47fd-8ff7-0388875001b3,송한복,한복,김해 동상전통시장,전통시장,경상남도,3.0,3.0,,,RESOLVED_AGREEMENT,False,3,,,,
1c0be09358fdb56d234f,test,한복,T4 구어·문장,q_한복_01,한복,패션·잡화 중 '한복'을 판매·제공하는 매장,01e74fa1-18aa-4637-8924-300b81159fb9,목화주단,한복,장천동상가,자율상권구역,전라남도,3.0,3.0,,,RESOLVED_AGREEMENT,False,3,,,,
81d01db938d19c3cd3ea,test,한복,T4 구어·문장,q_한복_01,한복,패션·잡화 중 '한복'을 판매·제공하는 매장,8e4ce98c-0454-46d1-95cf-5a31da7b36a2,보라한복,한복,㈜여수서시장,전통시장,전라남도,3.0,3.0,,,RESOLVED_AGREEMENT,False,3,,,,
f15386d066f4ba17a79a,test,한복,T4 구어·문장,q_한복_01,한복,패션·잡화 중 '한복'을 판매·제공하는 매장,ea9bb3fe-6541-4cca-a683-832b1eb565fb,칠보한복,한복,삼척중앙시장,전통시장,강원특별자치도,3.0,3.0,,,RESOLVED_AGREEMENT,False,3,,,,
b9d939c85b38be11fd62,test,한복,T4 구어·문장,q_한복_01,한복,패션·잡화 중 '한복'을 판매·제공하는 매장,23b40add-5c94-44fa-9db8-ffff6bc34865,젤죤사,세탁,서림행복가득한골목형상점가,골목형상점가,서울특별시,0.0,0.0,,,RESOLVED_AGREEMENT,False,0,,,,
eeced9081a841441742e,test,한복,T4 구어·문장,q_한복_01,한복,패션·잡화 중 '한복'을 판매·제공하는 매장,2f3e3ec3-6bea-4bb1-9f93-3934ab5f370d,한목,한복,원주자유시장,전통시장,강원특별자치도,3.0,3.0,,,RESOLVED_AGREEMENT,False,3,,,,
c427a501b0d64a17c659,test,한복,T4 구어·문장,q_한복_01,한복,패션·잡화 중 '한복'을 판매·제공하는 매장,5bd2611a-cf96-402d-8b3d-2fd25159b5ea,아형한복,한복,광장시장,전통시장,서울특별시,3.0,3.0,,,RESOLVED_AGREEMENT,False,3,,,,
a560fe4dfbf2a1c93ee6,test,한복,T4 구어·문장,q_한복_01,한복,패션·잡화 중 '한복'을 판매·제공하는 매장,9d1474f0-e211-4995-bd4d-b1de7408ab3f,더날,한복,석세스,골목형상점가,광주광역시,3.0,3.0,,,RESOLVED_AGREEMENT,False,3,,,,
5ef6792cb478712e63ed,test,한복,T4 구어·문장,q_한복_01,한복,패션·잡화 중 '한복'을 판매·제공하는 매장,4afb6f12-539e-4c19-bc6b-9245b0e79e38,혜정한복,한복,원주미로예술중앙시장(원주중앙시장),전통시장,강원특별자치도,3.0,3.0,,,RESOLVED_AGREEMENT,False,3,,,,
f9b6ac0f95d4607a7398,test,한복,T4 구어·문장,q_한복_01,한복,패션·잡화 중 '한복'을 판매·제공하는 매장,6b999ff4-d7a3-4c2e-8ceb-17f3866e8514,나래솔한복,한복,광장전통시장,자율상권구역,서울특별시,3.0,3.0,,,RESOLVED_AGREEMENT,False,3,,,,
c0966c1efe30061a4f0f,test,한복,T4 구어·문장,q_한복_01,한복,패션·잡화 중 '한복'을 판매·제공하는 매장,00c1d894-3324-4f16-aeb3-a94ca47af3ac,금실주단,한복,서문시장 제1지구1층(직물시장),전통시장,대구광역시,3.0,3.0,,,RESOLVED_AGREEMENT,False,3,,,,
1e0b75d432242eea7c91,test,한복,T4 구어·문장,q_한복_01,한복,패션·잡화 중 '한복'을 판매·제공하는 매장,2d52a875-b38f-4104-bf1a-fdc6f7ad2749,미화한복,한복,음성시장,전통시장,충청북도,3.0,3.0,,,RESOLVED_AGREEMENT,False,3,,,,
915cbe9f4f64806f0d67,test,한복,T4 구어·문장,q_한복_01,한복,패션·잡화 중 '한복'을 판매·제공하는 매장,a75f0684-c4de-455b-b62b-ebfa233b102e,장미한복,한복,거제 고현종합시장,전통시장,경상남도,3.0,3.0,,,RESOLVED_AGREEMENT,False,3,,,,
874cdbe6218eefc8731a,test,한복,T4 구어·문장,q_한복_01,한복,패션·잡화 중 '한복'을 판매·제공하는 매장,bc9fa43f-5cbf-4155-aacb-2c1f647c8037,가나안153,기타,전주중앙상가시장,전통시장,전북특별자치도,0.0,0.0,,,RESOLVED_AGREEMENT,False,0,,,,
a1d9156345194e45dc6f,test,한복,T4 구어·문장,q_한복_01,한복,패션·잡화 중 '한복'을 판매·제공하는 매장,ba1b3b4c-c585-40ee-a1e5-0bdc7e91f6f7,라연,한복,보람동 골목형상점가,골목형상점가,세종특별자치시,3.0,3.0,,,RESOLVED_AGREEMENT,False,3,,,,
aee5bd163933475c2a2c,test,한복,T4 구어·문장,q_한복_01,한복,패션·잡화 중 '한복'을 판매·제공하는 매장,a0184390-bf89-4ec7-bc85-693d14c89fc1,서울한복,한복,부산진시장,전통시장,부산광역시,3.0,3.0,,,RESOLVED_AGREEMENT,False,3,,,,
7bd57f6a0f70ec20b86a,test,한복,T4 구어·문장,q_한복_01,한복,패션·잡화 중 '한복'을 판매·제공하는 매장,3ea158ce-b39c-458b-b0ad-3f446f5be3ee,미성한복,한복,광장시장,전통시장,서울특별시,3.0,3.0,,,RESOLVED_AGREEMENT,False,3,,,,
502ae934f71d578430b2,test,한복,T4 구어·문장,q_한복_01,한복,패션·잡화 중 '한복'을 판매·제공하는 매장,d40ad0d1-3b26-4dd2-ace2-14ae1a9857b9,데레사한복,한복,강화중앙시장(A·B동),전통시장,인천광역시,3.0,3.0,,,RESOLVED_AGREEMENT,False,3,,,,
593d18838583085051a6,test,한복,T4 구어·문장,q_한복_01,한복,패션·잡화 중 '한복'을 판매·제공하는 매장,1c9db9e2-5eda-4c80-a361-13c2272f113c,궁전한복,한복,상주중앙시장,전통시장,경상북도,3.0,3.0,,,RESOLVED_AGREEMENT,False,3,,,,
74419be691c5bbe0298d,test,한복,T4 구어·문장,q_한복_01,한복,패션·잡화 중 '한복'을 판매·제공하는 매장,da5f9fea-1598-40db-8755-02ff1f454032,름한복,한복,부산진시장,전통시장,부산광역시,3.0,3.0,,,RESOLVED_AGREEMENT,False,3,,,,
d321b21dde471bba765e,test,한복,T4 구어·문장,q_한복_01,한복,패션·잡화 중 '한복'을 판매·제공하는 매장,853c53a6-bab8-40cb-94fb-18034ce054dc,조원한복,한복,부산남문시장,전통시장,부산광역시,3.0,3.0,,,RESOLVED_AGREEMENT,False,3,,,,
9a85200a74e7b949597b,test,한복,T4 구어·문장,q_한복_01,한복,패션·잡화 중 '한복'을 판매·제공하는 매장,65627a5f-387f-4dbe-b4e1-ffe5efddd7db,제일한복,한복,부산진시장,전통시장,부산광역시,3.0,3.0,,,RESOLVED_AGREEMENT,False,3,,,,
b88073ac2036008ea293,test,한복,T4 구어·문장,q_한복_01,한복,패션·잡화 중 '한복'을 판매·제공하는 매장,0f3a8ff9-2e83-48dd-9bad-88969584a132,원 웨딩컨설팅,웨딩컨설팅,호남동불로동천변 골목형상점가,골목형상점가,광주광역시,0.0,2.0,,,P1_BINARY_THRESHOLD,True,,,,,
ffdac05f14d6e3c4215c,test,한복,T4 구어·문장,q_한복_01,한복,패션·잡화 중 '한복'을 판매·제공하는 매장,3d2b1e60-8d60-41ae-9032-a76be753a865,낭만포차 18번 2호점,일반음식,쫑포상가 골목형상점가,골목형상점가,전라남도,0.0,0.0,,,RESOLVED_AGREEMENT,False,0,,,,
a6f21813e43b6746932d,test,한복,T4 구어·문장,q_한복_01,한복,패션·잡화 중 '한복'을 판매·제공하는 매장,067f6264-4724-41fa-aeb2-98bec9f1f517,(주)더그린컴퍼니,웨딩컨설팅,송도 아트포레 판매시설 골목형상점가,골목형상점가,인천광역시,0.0,2.0,,,P1_BINARY_THRESHOLD,True,,,,,
78a3196cc67904eb69c5,test,한복,T4 구어·문장,q_한복_01,한복,패션·잡화 중 '한복'을 판매·제공하는 매장,154d22b0-7ea3-483f-887a-d58660ce890c,백색지한복,한복,운천상무시장 골목형상점가,골목형상점가,광주광역시,3.0,3.0,,,RESOLVED_AGREEMENT,False,3,,,,
4b96eeacc72086779ecc,test,한복,T4 구어·문장,q_한복_01,한복,패션·잡화 중 '한복'을 판매·제공하는 매장,68f987e5-890f-488c-b457-2d622843f7d7,공주한복,"한복, 한복지",대전중앙활성화구역,상권활성화구역,대전광역시,3.0,3.0,,,RESOLVED_AGREEMENT,False,3,,,,
13a623879c5d162a477c,test,한복,T4 구어·문장,q_한복_01,한복,패션·잡화 중 '한복'을 판매·제공하는 매장,621d0939-e321-49fe-9eab-e43b7d8add43,들풀,한복,성남중앙지하시장,일반지하상점가,경기도,3.0,3.0,,,RESOLVED_AGREEMENT,False,3,,,,
e85cc013937c752a83c7,test,한복,T4 구어·문장,q_한복_01,한복,패션·잡화 중 '한복'을 판매·제공하는 매장,cfdd31be-dd9a-4699-9ee3-5261bc95998a,고전한복,한복,진주 중앙시장,전통시장,경상남도,3.0,3.0,,,RESOLVED_AGREEMENT,False,3,,,,
d5cf5680f7ed32df3790,test,한복,T4 구어·문장,q_한복_01,한복,패션·잡화 중 '한복'을 판매·제공하는 매장,0bd002b4-f2c5-412e-a911-120fd6233ce3,이룸한복,한복,호남동불로동천변 골목형상점가,골목형상점가,광주광역시,3.0,3.0,,,RESOLVED_AGREEMENT,False,3,,,,
c718213fc79f11e2cbdc,test,한복,T4 구어·문장,q_한복_01,한복,패션·잡화 중 '한복'을 판매·제공하는 매장,ef47be0c-4ed5-4ed6-ac7f-834a0a5d6cd3,한복파랑,한복,청계5가 쇼핑센터,일반지하상점가,서울특별시,3.0,3.0,,,RESOLVED_AGREEMENT,False,3,,,,
6e8669b69ac7e6b12057,test,한복,T4 구어·문장,q_한복_01,한복,패션·잡화 중 '한복'을 판매·제공하는 매장,45a8ca70-99dd-40c4-b55d-e7db45a7d2e4,희한복,한복,커낼워크상점가,골목형상점가,인천광역시,3.0,3.0,,,RESOLVED_AGREEMENT,False,3,,,,
d9da9e9a82b63ac88e22,test,한복,T4 구어·문장,q_한복_01,한복,패션·잡화 중 '한복'을 판매·제공하는 매장,c1b44ef9-f6aa-4eca-b696-dde96f2cf597,환주한복,한복,선산봉황시장(구 선산종합시장),전통시장,경상북도,3.0,3.0,,,RESOLVED_AGREEMENT,False,3,,,,
6ed32a90e28b9bfd592e,test,한복,T4 구어·문장,q_한복_01,한복,패션·잡화 중 '한복'을 판매·제공하는 매장,9aed93d4-07ff-4195-b38a-74b3f9359b32,보경한복,한복,경주성동공설시장,전통시장,경상북도,3.0,3.0,,,RESOLVED_AGREEMENT,False,3,,,,
a564852a9a473b4d3692,test,한복,T4 구어·문장,q_한복_01,한복,패션·잡화 중 '한복'을 판매·제공하는 매장,66dfe2b5-55f2-4bb3-9b9e-105261d33358,미림한복,한복,동문시장㈜,전통시장,제주특별자치도,3.0,3.0,,,RESOLVED_AGREEMENT,False,3,,,,
bf410beb76b48a6c915f,test,한복,T4 구어·문장,q_한복_01,한복,패션·잡화 중 '한복'을 판매·제공하는 매장,18acff46-9084-4a88-b5e8-ad94c0f66974,이쁜한복,한복,전주한옥마을 골목형상점가,골목형상점가,전북특별자치도,3.0,3.0,,,RESOLVED_AGREEMENT,False,3,,,,
240f8ece46067328ba8a,test,한복,T4 구어·문장,q_한복_01,한복,패션·잡화 중 '한복'을 판매·제공하는 매장,b4f01ee6-846d-4728-9d19-236f460d46d7,수련한복,한복,무주반딧불상권활성화구역,상권활성화구역,전북특별자치도,3.0,3.0,,,RESOLVED_AGREEMENT,False,3,,,,
752ff804b11f7f7934db,test,한복,T4 구어·문장,q_한복_01,한복,패션·잡화 중 '한복'을 판매·제공하는 매장,c20d2783-2dfd-47b0-aff1-64035d5a2c62,충남한복,한복,일산서문상점가,자율상권구역,경기도,3.0,3.0,,,RESOLVED_AGREEMENT,False,3,,,,
b214c05268f0295f1f91,test,한복,T4 구어·문장,q_한복_01,한복,패션·잡화 중 '한복'을 판매·제공하는 매장,976e88f2-7515-40ab-a495-8223ef1d7b20,한복,한복,종오지하쇼핑센터,일반지하상점가,서울특별시,3.0,3.0,,,RESOLVED_AGREEMENT,False,3,,,,
dbd231ec3380bd67f208,test,한복,T4 구어·문장,q_한복_01,한복,패션·잡화 중 '한복'을 판매·제공하는 매장,04b71878-8fd2-497b-ae87-157151589255,신부클럽(한복),한복,정서진중앙시장(구 서구중앙시장),전통시장,인천광역시,3.0,3.0,,,RESOLVED_AGREEMENT,False,3,,,,
4c7627491835adf9801f,test,한복,T4 구어·문장,q_한복_01,한복,패션·잡화 중 '한복'을 판매·제공하는 매장,d9b5bf6c-028e-4334-9526-2443baff809d,대궁한복,한복,포항죽도시장,전통시장,경상북도,3.0,3.0,,,RESOLVED_AGREEMENT,False,3,,,,
4ec2cbd6e5a6fd83d7cc,test,한복,T4 구어·문장,q_한복_01,한복,패션·잡화 중 '한복'을 판매·제공하는 매장,71218425-a420-4f89-8f4b-8b81ef735747,비담한복,한복,두암지구입구 골목형상점가,골목형상점가,광주광역시,3.0,3.0,,,RESOLVED_AGREEMENT,False,3,,,,
e76359be4152311b308f,test,한복,T4 구어·문장,q_한복_01,한복,패션·잡화 중 '한복'을 판매·제공하는 매장,ef2d39ed-face-454f-82ab-fc279a6e220e,중앙종묘사,"농약, 종자",삼척중앙시장,전통시장,강원특별자치도,0.0,0.0,,,RESOLVED_AGREEMENT,False,0,,,,
1702d15a6cc8e7524046,test,한복,T4 구어·문장,q_한복_01,한복,패션·잡화 중 '한복'을 판매·제공하는 매장,e7d61408-3af5-4262-a23b-73cf9b537754,선주한복,한복,선산봉황시장(구 선산종합시장),전통시장,경상북도,3.0,3.0,,,RESOLVED_AGREEMENT,False,3,,,,
85074be18a1bab457502,test,한복,T4 구어·문장,q_한복_01,한복,패션·잡화 중 '한복'을 판매·제공하는 매장,2806002e-a76e-4437-ba05-3e410d3ef814,최은희 한복,한복,안양중앙인정시장,전통시장,경기도,3.0,3.0,,,RESOLVED_AGREEMENT,False,3,,,,
850dd89c9cb90b369ba3,test,한복,T4 구어·문장,q_한복_01,한복,패션·잡화 중 '한복'을 판매·제공하는 매장,a54d36ad-0eff-4717-a434-fa804796d3de,유명해한복,한복,군산역전종합시장,전통시장,전북특별자치도,3.0,3.0,,,RESOLVED_AGREEMENT,False,3,,,,
72a1416877339449dd41,test,한복,T4 구어·문장,q_한복_01,한복,패션·잡화 중 '한복'을 판매·제공하는 매장,6415a356-714f-4159-9f79-e98a4427002b,왕자한복,한복,부산진시장,전통시장,부산광역시,3.0,3.0,,,RESOLVED_AGREEMENT,False,3,,,,
4309f85384837a35390d,test,한복,T4 구어·문장,q_한복_01,한복,패션·잡화 중 '한복'을 판매·제공하는 매장,906d5b84-9fd4-44a8-aaed-d0d5ee72d28f,서울한복,한복,고산구시장 상점가,자율상권구역,전북특별자치도,3.0,3.0,,,RESOLVED_AGREEMENT,False,3,,,,
75140d216098c1891a10,test,한복,T4 구어·문장,q_한복_01,한복,패션·잡화 중 '한복'을 판매·제공하는 매장,ead874bc-f5dc-46d4-bba5-3c78878068ac,키즈칼리지구리어학원,교육서비스,구리역골목형상점가,골목형상점가,경기도,0.0,0.0,,,RESOLVED_AGREEMENT,False,0,,,,
f24a65148569e04dad85,test,한복,T4 구어·문장,q_한복_01,한복,패션·잡화 중 '한복'을 판매·제공하는 매장,ca7b87f4-bed8-4afd-9d19-6f6b18dc4b9f,수한복,한복,종오지하쇼핑센터,일반지하상점가,서울특별시,3.0,3.0,,,RESOLVED_AGREEMENT,False,3,,,,
6a73b3095a96d6713260,test,한복,T4 구어·문장,q_한복_01,한복,패션·잡화 중 '한복'을 판매·제공하는 매장,0fe46bd9-5077-4395-b7e9-7dbd41d4d8f5,만만한복,한복,칠성로상점가,자율상권구역,제주특별자치도,3.0,3.0,,,RESOLVED_AGREEMENT,False,3,,,,
4c5af79e8f235f7ddf5a,test,한복,T4 구어·문장,q_한복_01,한복,패션·잡화 중 '한복'을 판매·제공하는 매장,bcdd760b-1226-415c-9809-b59d0d695aa0,유니한복,한복,대봉동웨딩거리상점가,자율상권구역,대구광역시,3.0,3.0,,,RESOLVED_AGREEMENT,False,3,,,,
202b10af9cef10d77a11,test,한복,T4 구어·문장,q_한복_01,한복,패션·잡화 중 '한복'을 판매·제공하는 매장,63e92035-d2b0-4f46-8e3a-76d6c9db8724,이지현 한복,한복,서문시장 제1지구1층(직물시장),전통시장,대구광역시,3.0,3.0,,,RESOLVED_AGREEMENT,False,3,,,,
e91a2ff6d5f0b49b13fd,test,한복,T4 구어·문장,q_한복_01,한복,패션·잡화 중 '한복'을 판매·제공하는 매장,b4b94664-0e11-47dc-a3d8-08b5533d2669,원앙한복,한복,신장전통시장,전통시장,경기도,3.0,3.0,,,RESOLVED_AGREEMENT,False,3,,,,
b8c32509cd29c3befd02,test,한복,T4 구어·문장,q_한복_01,한복,패션·잡화 중 '한복'을 판매·제공하는 매장,c28a341a-7ab2-47e8-ba53-c37c6561dadf,안중한복,한복,안중시장,전통시장,경기도,3.0,3.0,,,RESOLVED_AGREEMENT,False,3,,,,
76393ffbc16bc65b5153,test,한복,T4 구어·문장,q_한복_01,한복,패션·잡화 중 '한복'을 판매·제공하는 매장,173f447d-b504-44d2-9bdd-b0153777824b,영광한복,한복,마산 부림시장,전통시장,경상남도,3.0,3.0,,,RESOLVED_AGREEMENT,False,3,,,,
fa230d2876582e870812,test,한복,T4 구어·문장,q_한복_01,한복,패션·잡화 중 '한복'을 판매·제공하는 매장,9167e96b-673f-4857-bfa8-491205ddddd9,소현한복,한복,부산국제시장,전통시장,부산광역시,3.0,3.0,,,RESOLVED_AGREEMENT,False,3,,,,
335f968e9baede3c376a,test,한복,T4 구어·문장,q_한복_01,한복,패션·잡화 중 '한복'을 판매·제공하는 매장,3c16f2bc-053f-48da-9f42-16729feaa8a7,보경민물,민물고기,칠성상가시장,전통시장,대구광역시,0.0,0.0,,,RESOLVED_AGREEMENT,False,0,,,,
364e62aca38e984b4bee,test,한복,T4 구어·문장,q_한복_01,한복,패션·잡화 중 '한복'을 판매·제공하는 매장,d890b3ed-f350-4fa1-aa74-412d7e98880d,초연한복,한복,북촌계동길골목형상점가,골목형상점가,서울특별시,3.0,3.0,,,RESOLVED_AGREEMENT,False,3,,,,
9b14ec695ec018464d7e,test,한복,T4 구어·문장,q_한복_01,한복,패션·잡화 중 '한복'을 판매·제공하는 매장,7965649a-0877-43ec-8edd-abdab37afa32,한복촌,한복,의정부제일시장,전통시장,경기도,3.0,3.0,,,RESOLVED_AGREEMENT,False,3,,,,
ce551d62b61decfda066,test,한복,T4 구어·문장,q_한복_01,한복,패션·잡화 중 '한복'을 판매·제공하는 매장,00245c02-047e-4e41-8165-b7cb89adff8d,고전사랑,한복,서문시장 제1지구1층(직물시장),전통시장,대구광역시,3.0,3.0,,,RESOLVED_AGREEMENT,False,3,,,,
8674c7899975b6334a94,test,한복,T4 구어·문장,q_한복_01,한복,패션·잡화 중 '한복'을 판매·제공하는 매장,69e3eb67-5f64-472a-86b7-bfee986a4fd1,라경한복,한복,중앙메가프라자,전통시장,대전광역시,3.0,3.0,,,RESOLVED_AGREEMENT,False,3,,,,
55dc28d2fc1e81cc4d1f,test,한복,T4 구어·문장,q_한복_01,한복,패션·잡화 중 '한복'을 판매·제공하는 매장,1b1e1182-fcb4-4f3a-80d1-ebc82ac0b82a,덕선한복,한복,부산진시장,전통시장,부산광역시,3.0,3.0,,,RESOLVED_AGREEMENT,False,3,,,,
271d3b687d6c05d5693c,test,한복,T4 구어·문장,q_한복_01,한복,패션·잡화 중 '한복'을 판매·제공하는 매장,c8b22ab4-abc0-4b60-9bd0-a3a74f070c60,삼성한복,한복,㈜여수중앙시장,전통시장,전라남도,3.0,3.0,,,RESOLVED_AGREEMENT,False,3,,,,
90106def2f1e5499c590,test,한복,T4 구어·문장,q_한복_01,한복,패션·잡화 중 '한복'을 판매·제공하는 매장,5e939153-1aa7-4410-bc91-56ef79fd0af6,백조한복,한복,충장로45가 상점가,자율상권구역,광주광역시,3.0,3.0,,,RESOLVED_AGREEMENT,False,3,,,,
036640324079b5f3e44e,test,한복,T4 구어·문장,q_한복_01,한복,패션·잡화 중 '한복'을 판매·제공하는 매장,ffa0962f-36c6-4c1b-a42a-543b28ec0e14,한지숙한복,한복,부천자유시장,전통시장,경기도,3.0,3.0,,,RESOLVED_AGREEMENT,False,3,,,,
ba3c93e769c4c37a85a0,test,한복,T4 구어·문장,q_한복_01,한복,패션·잡화 중 '한복'을 판매·제공하는 매장,1f9a0430-dd98-440a-ad98-85163b4bfb0f,현대한복,한복,사천읍시장,전통시장,경상남도,3.0,3.0,,,RESOLVED_AGREEMENT,False,3,,,,
f43384b0341a2e8e5720,test,한복,T4 구어·문장,q_한복_01,한복,패션·잡화 중 '한복'을 판매·제공하는 매장,9b659c8c-85d1-4274-831c-dc610df0ea1d,미광한복,한복,구미종합제일시장,전통시장,경상북도,3.0,3.0,,,RESOLVED_AGREEMENT,False,3,,,,
7ed217090d9b356feb08,test,한복,T4 구어·문장,q_한복_01,한복,패션·잡화 중 '한복'을 판매·제공하는 매장,8591e5a8-ff00-4e9a-8a5c-f6c9fcf97521,샤론한복,한복,중앙시장,전통시장,인천광역시,3.0,3.0,,,RESOLVED_AGREEMENT,False,3,,,,
c6e5f218ebaaa9208add,test,한복,T4 구어·문장,q_한복_01,한복,패션·잡화 중 '한복'을 판매·제공하는 매장,296f05d4-1ab2-4142-a1be-91793a30c965,성림한복,한복,광장시장,전통시장,서울특별시,3.0,3.0,,,RESOLVED_AGREEMENT,False,3,,,,
1f0fe90e9850b6baa17e,test,한복,T4 구어·문장,q_한복_01,한복,패션·잡화 중 '한복'을 판매·제공하는 매장,9513c77f-d186-48b4-a0a9-750cc4a1e6cb,금림,한복,제2경주중심상가시장(경주봉황중심상가시장),전통시장,경상북도,3.0,3.0,,,RESOLVED_AGREEMENT,False,3,,,,
7b4786809425afe7202c,test,한복,T4 구어·문장,q_한복_01,한복,패션·잡화 중 '한복'을 판매·제공하는 매장,e35713ae-00ff-4204-8461-498e375da127,하나한복,한복,군산공설시장,전통시장,전북특별자치도,3.0,3.0,,,RESOLVED_AGREEMENT,False,3,,,,
1afe2e91a6440b075e4c,test,한복,T4 구어·문장,q_한복_01,한복,패션·잡화 중 '한복'을 판매·제공하는 매장,d42fd0b6-3a11-47e7-9b29-ed1bbbc7e2d3,나비한복,한복,서문시장 제1지구2층(포목시장),전통시장,대구광역시,3.0,3.0,,,RESOLVED_AGREEMENT,False,3,,,,
4cde6a1b28f4f6e53032,test,한복,T4 구어·문장,q_한복_01,한복,패션·잡화 중 '한복'을 판매·제공하는 매장,da02ab00-3b4f-41bc-b9e5-13ac29cee895,진여한복,한복,장천동상가,자율상권구역,전라남도,3.0,3.0,,,RESOLVED_AGREEMENT,False,3,,,,
e6b91b778aca772b6cb7,test,한복,T4 구어·문장,q_한복_01,한복,패션·잡화 중 '한복'을 판매·제공하는 매장,927b3439-70a2-4aa2-ba85-13482a879854,별고전한복,한복,의정부제일시장,전통시장,경기도,3.0,3.0,,,RESOLVED_AGREEMENT,False,3,,,,
ed234633425d13402a92,test,한복,T4 구어·문장,q_한복_01,한복,패션·잡화 중 '한복'을 판매·제공하는 매장,eba07ad2-6337-43c3-9f80-b562bd0a24ef,아싸점핑다이어트클럽,스포츠,병점중심상가,자율상권구역,경기도,0.0,0.0,,,RESOLVED_AGREEMENT,False,0,,,,
1e5666836cd55bf102c1,test,한복,T4 구어·문장,q_한복_01,한복,패션·잡화 중 '한복'을 판매·제공하는 매장,157f82ea-dacb-416f-9efa-bac3fb738169,다온한복,한복,원주중앙로문화의거리,자율상권구역,강원특별자치도,3.0,3.0,,,RESOLVED_AGREEMENT,False,3,,,,
98bff2e349375b9bca77,test,한복,T4 구어·문장,q_한복_01,한복,패션·잡화 중 '한복'을 판매·제공하는 매장,01a85ccc-159c-4ee6-9351-fc0447f12c33,목화상회,한복,송정매일시장,전통시장,광주광역시,3.0,3.0,,,RESOLVED_AGREEMENT,False,3,,,,
f345368e019859c48d5e,test,한복,T4 구어·문장,q_한복_01,한복,패션·잡화 중 '한복'을 판매·제공하는 매장,9c8a6b98-f2cb-4996-98e5-2ddb81e56094,서순령 한복,한복,삼산가구전문거리,골목형상점가,울산광역시,3.0,3.0,,,RESOLVED_AGREEMENT,False,3,,,,
02b792509c86d817fd0f,test,한복,T4 구어·문장,q_한복_01,한복,패션·잡화 중 '한복'을 판매·제공하는 매장,460ae106-cc91-4c14-965f-85ad299bc477,맵시한복,한복,목포신중앙시장,전통시장,전라남도,3.0,3.0,,,RESOLVED_AGREEMENT,False,3,,,,
b4e9f6bbaff5439b5425,test,한복,T4 구어·문장,q_한복_02,한복 맞추는 곳,패션·잡화 중 '한복'을 판매·제공하는 매장,b66ecdcf-4aa5-4061-979a-020c8a0b7c8d,태화상회,신발,남목전통시장,전통시장,울산광역시,0.0,0.0,,,RESOLVED_AGREEMENT,False,0,,,,
be559f30f14fded8df39,test,한복,T4 구어·문장,q_한복_02,한복 맞추는 곳,패션·잡화 중 '한복'을 판매·제공하는 매장,154d22b0-7ea3-483f-887a-d58660ce890c,백색지한복,한복,운천상무시장 골목형상점가,골목형상점가,광주광역시,3.0,3.0,,,RESOLVED_AGREEMENT,False,3,,,,
f88ad4a3f8463a9d4128,test,한복,T4 구어·문장,q_한복_02,한복 맞추는 곳,패션·잡화 중 '한복'을 판매·제공하는 매장,9b659c8c-85d1-4274-831c-dc610df0ea1d,미광한복,한복,구미종합제일시장,전통시장,경상북도,3.0,3.0,,,RESOLVED_AGREEMENT,False,3,,,,
a6298460207dd2bd75ed,test,한복,T4 구어·문장,q_한복_02,한복 맞추는 곳,패션·잡화 중 '한복'을 판매·제공하는 매장,9c8a6b98-f2cb-4996-98e5-2ddb81e56094,서순령 한복,한복,삼산가구전문거리,골목형상점가,울산광역시,3.0,3.0,,,RESOLVED_AGREEMENT,False,3,,,,
b0e6d99d51e9738b90fb,test,한복,T4 구어·문장,q_한복_02,한복 맞추는 곳,패션·잡화 중 '한복'을 판매·제공하는 매장,da5f9fea-1598-40db-8755-02ff1f454032,름한복,한복,부산진시장,전통시장,부산광역시,3.0,3.0,,,RESOLVED_AGREEMENT,False,3,,,,
de58be9bc9bd93ce0e20,test,한복,T4 구어·문장,q_한복_02,한복 맞추는 곳,패션·잡화 중 '한복'을 판매·제공하는 매장,3f8856ca-cc17-4a9b-a953-26863832c79a,중앙한복,한복,용인중앙시장,전통시장,경기도,3.0,3.0,,,RESOLVED_AGREEMENT,False,3,,,,
9d9aa420a8b021a72c44,test,한복,T4 구어·문장,q_한복_02,한복 맞추는 곳,패션·잡화 중 '한복'을 판매·제공하는 매장,65627a5f-387f-4dbe-b4e1-ffe5efddd7db,제일한복,한복,부산진시장,전통시장,부산광역시,3.0,3.0,,,RESOLVED_AGREEMENT,False,3,,,,
9928674e061ccc150f8c,test,한복,T4 구어·문장,q_한복_02,한복 맞추는 곳,패션·잡화 중 '한복'을 판매·제공하는 매장,28c12fb4-3ff0-455b-bac6-44a4fd5ef95f,할매부침,전,신기시장,전통시장,인천광역시,0.0,0.0,,,RESOLVED_AGREEMENT,False,0,,,,
ac83b031703c85f879d3,test,한복,T4 구어·문장,q_한복_02,한복 맞추는 곳,패션·잡화 중 '한복'을 판매·제공하는 매장,36d828c1-2ee0-43f1-9e82-1db2dde88121,재야한복,"한복, 수선, 맞춤",부산남문시장,전통시장,부산광역시,3.0,3.0,,,RESOLVED_AGREEMENT,False,3,,,,
1035c16561dc8c43860c,test,한복,T4 구어·문장,q_한복_02,한복 맞추는 곳,패션·잡화 중 '한복'을 판매·제공하는 매장,0493e03e-fbea-4dc2-98d6-21819221d13c,성주한복,한복,양동시장,전통시장,광주광역시,3.0,3.0,,,RESOLVED_AGREEMENT,False,3,,,,
5b05cc1c4cd8eded46f0,test,한복,T4 구어·문장,q_한복_02,한복 맞추는 곳,패션·잡화 중 '한복'을 판매·제공하는 매장,1c9db9e2-5eda-4c80-a361-13c2272f113c,궁전한복,한복,상주중앙시장,전통시장,경상북도,3.0,3.0,,,RESOLVED_AGREEMENT,False,3,,,,
3ae4e6e687d81d3ff4af,test,한복,T4 구어·문장,q_한복_02,한복 맞추는 곳,패션·잡화 중 '한복'을 판매·제공하는 매장,00ac3078-caa7-424e-9231-c68b60f56f92,세이웨딩,웨딩드레스대여,송도 아트포레 판매시설 골목형상점가,골목형상점가,인천광역시,1.0,2.0,,,P1_BINARY_THRESHOLD,True,,,,,
17338f020ef2786cdee7,test,한복,T4 구어·문장,q_한복_02,한복 맞추는 곳,패션·잡화 중 '한복'을 판매·제공하는 매장,eda5a34a-554a-4a76-88d9-a5e71527bfc1,진경한복,한복,강릉중앙시장,전통시장,강원특별자치도,3.0,3.0,,,RESOLVED_AGREEMENT,False,3,,,,
c0e2222cc258338b96d5,test,한복,T4 구어·문장,q_한복_02,한복 맞추는 곳,패션·잡화 중 '한복'을 판매·제공하는 매장,0f3a8ff9-2e83-48dd-9bad-88969584a132,원 웨딩컨설팅,웨딩컨설팅,호남동불로동천변 골목형상점가,골목형상점가,광주광역시,0.0,2.0,,,P1_BINARY_THRESHOLD,True,,,,,
744143b81a12a7407d87,test,한복,T4 구어·문장,q_한복_02,한복 맞추는 곳,패션·잡화 중 '한복'을 판매·제공하는 매장,2ad56f81-20e1-456b-a167-03bfd7bbb03d,청운유통,농산물,서울약령시장,전통시장,서울특별시,0.0,0.0,,,RESOLVED_AGREEMENT,False,0,,,,
a972025546af15d2705d,test,한복,T4 구어·문장,q_한복_02,한복 맞추는 곳,패션·잡화 중 '한복'을 판매·제공하는 매장,63e92035-d2b0-4f46-8e3a-76d6c9db8724,이지현 한복,한복,서문시장 제1지구1층(직물시장),전통시장,대구광역시,3.0,3.0,,,RESOLVED_AGREEMENT,False,3,,,,
71190ec01a5f52adc2df,test,한복,T4 구어·문장,q_한복_02,한복 맞추는 곳,패션·잡화 중 '한복'을 판매·제공하는 매장,2806002e-a76e-4437-ba05-3e410d3ef814,최은희 한복,한복,안양중앙인정시장,전통시장,경기도,3.0,3.0,,,RESOLVED_AGREEMENT,False,3,,,,
9de1e2cdee145e7c6e6d,test,한복,T4 구어·문장,q_한복_02,한복 맞추는 곳,패션·잡화 중 '한복'을 판매·제공하는 매장,6415a356-714f-4159-9f79-e98a4427002b,왕자한복,한복,부산진시장,전통시장,부산광역시,3.0,3.0,,,RESOLVED_AGREEMENT,False,3,,,,
6d24b5a90a87aefe8c04,test,한복,T4 구어·문장,q_한복_02,한복 맞추는 곳,패션·잡화 중 '한복'을 판매·제공하는 매장,1b1e1182-fcb4-4f3a-80d1-ebc82ac0b82a,덕선한복,한복,부산진시장,전통시장,부산광역시,3.0,3.0,,,RESOLVED_AGREEMENT,False,3,,,,
e29fab2b04d7b891fd5e,test,한복,T4 구어·문장,q_한복_02,한복 맞추는 곳,패션·잡화 중 '한복'을 판매·제공하는 매장,07248249-d252-4dc9-af7c-02138f6d253b,유선한복,한복,광장시장,전통시장,서울특별시,3.0,3.0,,,RESOLVED_AGREEMENT,False,3,,,,
8a15d7ba6dcc41151b4d,test,한복,T4 구어·문장,q_한복_02,한복 맞추는 곳,패션·잡화 중 '한복'을 판매·제공하는 매장,ca7b87f4-bed8-4afd-9d19-6f6b18dc4b9f,수한복,한복,종오지하쇼핑센터,일반지하상점가,서울특별시,3.0,3.0,,,RESOLVED_AGREEMENT,False,3,,,,
b2c3261de3b457eab5c9,test,한복,T4 구어·문장,q_한복_02,한복 맞추는 곳,패션·잡화 중 '한복'을 판매·제공하는 매장,76a3551b-dae4-4326-92cc-662015aedbfb,쉴 곳,한식,칠성로상점가,자율상권구역,제주특별자치도,0.0,0.0,,,RESOLVED_AGREEMENT,False,0,,,,
23ef8ab1ef83069149dd,test,한복,T4 구어·문장,q_한복_02,한복 맞추는 곳,패션·잡화 중 '한복'을 판매·제공하는 매장,7dc9696d-bc23-4121-96de-165b66873d95,은원양다리양꼬치,중식,샛강두리골목형상점가,골목형상점가,서울특별시,0.0,0.0,,,RESOLVED_AGREEMENT,False,0,,,,
38e6cea4cb84a5caf621,test,한복,T4 구어·문장,q_한복_02,한복 맞추는 곳,패션·잡화 중 '한복'을 판매·제공하는 매장,d0d9de6e-ab3d-4c26-91d7-a34267422fd6,혜원한복,한복,부산남문시장,전통시장,부산광역시,3.0,3.0,,,RESOLVED_AGREEMENT,False,3,,,,
8d714a3649478ba701f0,test,한복,T4 구어·문장,q_한복_02,한복 맞추는 곳,패션·잡화 중 '한복'을 판매·제공하는 매장,7965649a-0877-43ec-8edd-abdab37afa32,한복촌,한복,의정부제일시장,전통시장,경기도,3.0,3.0,,,RESOLVED_AGREEMENT,False,3,,,,
0b1109888166df3aa5c3,test,한복,T4 구어·문장,q_한복_02,한복 맞추는 곳,패션·잡화 중 '한복'을 판매·제공하는 매장,04b71878-8fd2-497b-ae87-157151589255,신부클럽(한복),한복,정서진중앙시장(구 서구중앙시장),전통시장,인천광역시,3.0,3.0,,,RESOLVED_AGREEMENT,False,3,,,,
f110240c2fc839b4e3aa,test,한복,T4 구어·문장,q_한복_02,한복 맞추는 곳,패션·잡화 중 '한복'을 판매·제공하는 매장,b4b94664-0e11-47dc-a3d8-08b5533d2669,원앙한복,한복,신장전통시장,전통시장,경기도,3.0,3.0,,,RESOLVED_AGREEMENT,False,3,,,,
e40aafee650e8102050b,test,한복,T4 구어·문장,q_한복_02,한복 맞추는 곳,패션·잡화 중 '한복'을 판매·제공하는 매장,272b2a55-cd79-48b1-9e35-df659d81a3f4,창조통닭,닭,진주 청과시장,전통시장,경상남도,0.0,0.0,,,RESOLVED_AGREEMENT,False,0,,,,
2ea42da47200966a028d,test,한복,T4 구어·문장,q_한복_02,한복 맞추는 곳,패션·잡화 중 '한복'을 판매·제공하는 매장,0bd002b4-f2c5-412e-a911-120fd6233ce3,이룸한복,한복,호남동불로동천변 골목형상점가,골목형상점가,광주광역시,3.0,3.0,,,RESOLVED_AGREEMENT,False,3,,,,
df19521631c9d4113636,test,한복,T4 구어·문장,q_한복_02,한복 맞추는 곳,패션·잡화 중 '한복'을 판매·제공하는 매장,8591e5a8-ff00-4e9a-8a5c-f6c9fcf97521,샤론한복,한복,중앙시장,전통시장,인천광역시,3.0,3.0,,,RESOLVED_AGREEMENT,False,3,,,,
8f8706c7dadda49f54b5,test,한복,T4 구어·문장,q_한복_02,한복 맞추는 곳,패션·잡화 중 '한복'을 판매·제공하는 매장,d4d3d0bd-d199-49a9-afee-421bbf6dd9e9,고려한복,한복,남해전통시장,전통시장,경상남도,3.0,3.0,,,RESOLVED_AGREEMENT,False,3,,,,
a84269658541dd62141a,test,한복,T4 구어·문장,q_한복_02,한복 맞추는 곳,패션·잡화 중 '한복'을 판매·제공하는 매장,d5c7030b-889e-47f1-ab90-b500d09ee01e,윤순영패션,의류,여주한글시장(여주중앙로상점가),전통시장,경기도,1.0,1.0,,,RESOLVED_AGREEMENT,False,1,,,,
4c788a73f916380b7bf9,test,한복,T4 구어·문장,q_한복_02,한복 맞추는 곳,패션·잡화 중 '한복'을 판매·제공하는 매장,7834da5f-3d22-47f2-92c8-6f275879f0bf,순수한복,한복,의정부역지하상가,일반지하상점가,경기도,3.0,3.0,,,RESOLVED_AGREEMENT,False,3,,,,
95caf259e478a4f6dc64,test,한복,T4 구어·문장,q_한복_02,한복 맞추는 곳,패션·잡화 중 '한복'을 판매·제공하는 매장,d42fd0b6-3a11-47e7-9b29-ed1bbbc7e2d3,나비한복,한복,서문시장 제1지구2층(포목시장),전통시장,대구광역시,3.0,3.0,,,RESOLVED_AGREEMENT,False,3,,,,
34710ac4ff4672cb49ba,test,한복,T4 구어·문장,q_한복_02,한복 맞추는 곳,패션·잡화 중 '한복'을 판매·제공하는 매장,825b4f00-cdd1-4cbf-8018-8b9678f43c60,서울한복,한복,공주산성시장,전통시장,충청남도,3.0,3.0,,,RESOLVED_AGREEMENT,False,3,,,,
139f4c28c9f800ba8ed0,test,한복,T4 구어·문장,q_한복_02,한복 맞추는 곳,패션·잡화 중 '한복'을 판매·제공하는 매장,00245c02-047e-4e41-8165-b7cb89adff8d,고전사랑,한복,서문시장 제1지구1층(직물시장),전통시장,대구광역시,3.0,3.0,,,RESOLVED_AGREEMENT,False,3,,,,
9d03386f85d241dda2cc,test,한복,T4 구어·문장,q_한복_02,한복 맞추는 곳,패션·잡화 중 '한복'을 판매·제공하는 매장,9d1474f0-e211-4995-bd4d-b1de7408ab3f,더날,한복,석세스,골목형상점가,광주광역시,3.0,3.0,,,RESOLVED_AGREEMENT,False,3,,,,
50a049eb75220d4974b3,test,한복,T4 구어·문장,q_한복_02,한복 맞추는 곳,패션·잡화 중 '한복'을 판매·제공하는 매장,00c1d894-3324-4f16-aeb3-a94ca47af3ac,금실주단,한복,서문시장 제1지구1층(직물시장),전통시장,대구광역시,3.0,3.0,,,RESOLVED_AGREEMENT,False,3,,,,
dfffbf949c5d481804af,test,한복,T4 구어·문장,q_한복_02,한복 맞추는 곳,패션·잡화 중 '한복'을 판매·제공하는 매장,da02ab00-3b4f-41bc-b9e5-13ac29cee895,진여한복,한복,장천동상가,자율상권구역,전라남도,3.0,3.0,,,RESOLVED_AGREEMENT,False,3,,,,
0c6348d0ddb5ca0263db,test,한복,T4 구어·문장,q_한복_02,한복 맞추는 곳,패션·잡화 중 '한복'을 판매·제공하는 매장,5bd2611a-cf96-402d-8b3d-2fd25159b5ea,아형한복,한복,광장시장,전통시장,서울특별시,3.0,3.0,,,RESOLVED_AGREEMENT,False,3,,,,
b9955f761827b29cafe4,test,한복,T4 구어·문장,q_한복_02,한복 맞추는 곳,패션·잡화 중 '한복'을 판매·제공하는 매장,ba1b3b4c-c585-40ee-a1e5-0bdc7e91f6f7,라연,한복,보람동 골목형상점가,골목형상점가,세종특별자치시,3.0,3.0,,,RESOLVED_AGREEMENT,False,3,,,,
7d2ecf1a66ed606b27d1,test,한복,T4 구어·문장,q_한복_02,한복 맞추는 곳,패션·잡화 중 '한복'을 판매·제공하는 매장,1f474f8f-8be7-4c65-97d3-dd0ce8ce42a6,민희한복,한복,촬영소사거리골목형상점가,골목형상점가,서울특별시,3.0,3.0,,,RESOLVED_AGREEMENT,False,3,,,,
de3beddb81cac25e73ea,test,한복,T4 구어·문장,q_한복_02,한복 맞추는 곳,패션·잡화 중 '한복'을 판매·제공하는 매장,d40ad0d1-3b26-4dd2-ace2-14ae1a9857b9,데레사한복,한복,강화중앙시장(A·B동),전통시장,인천광역시,3.0,3.0,,,RESOLVED_AGREEMENT,False,3,,,,
63a3034adf256820f39d,test,한복,T4 구어·문장,q_한복_02,한복 맞추는 곳,패션·잡화 중 '한복'을 판매·제공하는 매장,45a8ca70-99dd-40c4-b55d-e7db45a7d2e4,희한복,한복,커낼워크상점가,골목형상점가,인천광역시,3.0,3.0,,,RESOLVED_AGREEMENT,False,3,,,,
4c89d0f6ed0ebf8090a6,test,한복,T4 구어·문장,q_한복_02,한복 맞추는 곳,패션·잡화 중 '한복'을 판매·제공하는 매장,e35713ae-00ff-4204-8461-498e375da127,하나한복,한복,군산공설시장,전통시장,전북특별자치도,3.0,3.0,,,RESOLVED_AGREEMENT,False,3,,,,
cf983f0c0847ca6931d7,test,한복,T4 구어·문장,q_한복_02,한복 맞추는 곳,패션·잡화 중 '한복'을 판매·제공하는 매장,2743811c-5e71-4d2b-aa75-1b0147d44f2d,사우 꽃이 피는 곳,꽃,김포 풍년마을 골목형상점가,골목형상점가,경기도,0.0,0.0,,,RESOLVED_AGREEMENT,False,0,,,,
76bd2a9f6cddbf6ccc7b,test,한복,T4 구어·문장,q_한복_02,한복 맞추는 곳,패션·잡화 중 '한복'을 판매·제공하는 매장,cfdd31be-dd9a-4699-9ee3-5261bc95998a,고전한복,한복,진주 중앙시장,전통시장,경상남도,3.0,3.0,,,RESOLVED_AGREEMENT,False,3,,,,
db734a00bdadc0a4ac16,test,한복,T4 구어·문장,q_한복_02,한복 맞추는 곳,패션·잡화 중 '한복'을 판매·제공하는 매장,2d2ea938-e325-4400-80dd-4f6f667f2057,한복마루,한복,종로5가역일번출구상점가,자율상권구역,서울특별시,3.0,3.0,,,RESOLVED_AGREEMENT,False,3,,,,
a0cc53075698df5e94fd,test,한복,T4 구어·문장,q_한복_02,한복 맞추는 곳,패션·잡화 중 '한복'을 판매·제공하는 매장,66dfe2b5-55f2-4bb3-9b9e-105261d33358,미림한복,한복,동문시장㈜,전통시장,제주특별자치도,3.0,3.0,,,RESOLVED_AGREEMENT,False,3,,,,
a8c938db7a28afb5156c,test,한복,T4 구어·문장,q_한복_02,한복 맞추는 곳,패션·잡화 중 '한복'을 판매·제공하는 매장,47f0a0f4-a630-4f70-bbdc-dc6001056698,청실한복,한복,길음시장,전통시장,서울특별시,3.0,3.0,,,RESOLVED_AGREEMENT,False,3,,,,
6ec13d975b907d95d578,test,한복,T4 구어·문장,q_한복_02,한복 맞추는 곳,패션·잡화 중 '한복'을 판매·제공하는 매장,ef47be0c-4ed5-4ed6-ac7f-834a0a5d6cd3,한복파랑,한복,청계5가 쇼핑센터,일반지하상점가,서울특별시,3.0,3.0,,,RESOLVED_AGREEMENT,False,3,,,,
5be518fc9fc68d708062,test,한복,T4 구어·문장,q_한복_02,한복 맞추는 곳,패션·잡화 중 '한복'을 판매·제공하는 매장,c111ac9d-3f3a-405c-a8db-4d127ccda9e2,행복이 있는 곳,잡화,제주로얄쇼핑센터,자율상권구역,제주특별자치도,0.0,0.0,,,RESOLVED_AGREEMENT,False,0,,,,
9bb87d15584021d2ced8,test,한복,T4 구어·문장,q_한복_02,한복 맞추는 곳,패션·잡화 중 '한복'을 판매·제공하는 매장,6b999ff4-d7a3-4c2e-8ceb-17f3866e8514,나래솔한복,한복,광장전통시장,자율상권구역,서울특별시,3.0,3.0,,,RESOLVED_AGREEMENT,False,3,,,,
3c47d7ad73e5c80d2e6d,test,한복,T4 구어·문장,q_한복_02,한복 맞추는 곳,패션·잡화 중 '한복'을 판매·제공하는 매장,1fa32e27-fc14-4f14-890b-995a2b1b1b25,태일한복,한복,부산진시장,전통시장,부산광역시,3.0,3.0,,,RESOLVED_AGREEMENT,False,3,,,,
0f3994c58bdacdb5eb83,test,한복,T4 구어·문장,q_한복_02,한복 맞추는 곳,패션·잡화 중 '한복'을 판매·제공하는 매장,01a85ccc-159c-4ee6-9351-fc0447f12c33,목화상회,한복,송정매일시장,전통시장,광주광역시,3.0,3.0,,,RESOLVED_AGREEMENT,False,3,,,,
1f6b3c4695db3ff681a8,test,한복,T4 구어·문장,q_한복_02,한복 맞추는 곳,패션·잡화 중 '한복'을 판매·제공하는 매장,b4f01ee6-846d-4728-9d19-236f460d46d7,수련한복,한복,무주반딧불상권활성화구역,상권활성화구역,전북특별자치도,3.0,3.0,,,RESOLVED_AGREEMENT,False,3,,,,
5af4ef7571c2972c38ee,test,한복,T4 구어·문장,q_한복_02,한복 맞추는 곳,패션·잡화 중 '한복'을 판매·제공하는 매장,908375b1-6747-4a5e-8dee-70ad7d205e4b,미성한복,한복,안양중앙시장,전통시장,경기도,3.0,3.0,,,RESOLVED_AGREEMENT,False,3,,,,
fc72b2555c21c6292e58,test,한복,T4 구어·문장,q_한복_02,한복 맞추는 곳,패션·잡화 중 '한복'을 판매·제공하는 매장,2f3e3ec3-6bea-4bb1-9f93-3934ab5f370d,한목,한복,원주자유시장,전통시장,강원특별자치도,3.0,3.0,,,RESOLVED_AGREEMENT,False,3,,,,
30d4864e12c04b5d7723,test,한복,T4 구어·문장,q_한복_02,한복 맞추는 곳,패션·잡화 중 '한복'을 판매·제공하는 매장,685d2f67-6903-4593-aeb2-0937b42721a8,그래비티(홍성점),커피 빵,월산상가 골목형 상점가,골목형상점가,충청남도,0.0,0.0,,,RESOLVED_AGREEMENT,False,0,,,,
b2c63d13443c75573543,test,한복,T4 구어·문장,q_한복_02,한복 맞추는 곳,패션·잡화 중 '한복'을 판매·제공하는 매장,853c53a6-bab8-40cb-94fb-18034ce054dc,조원한복,한복,부산남문시장,전통시장,부산광역시,3.0,3.0,,,RESOLVED_AGREEMENT,False,3,,,,
3347d9e70dab62270b45,test,한복,T4 구어·문장,q_한복_02,한복 맞추는 곳,패션·잡화 중 '한복'을 판매·제공하는 매장,621d0939-e321-49fe-9eab-e43b7d8add43,들풀,한복,성남중앙지하시장,일반지하상점가,경기도,3.0,3.0,,,RESOLVED_AGREEMENT,False,3,,,,
1612f9eaa60f2216b6b0,test,한복,T4 구어·문장,q_한복_02,한복 맞추는 곳,패션·잡화 중 '한복'을 판매·제공하는 매장,c20d2783-2dfd-47b0-aff1-64035d5a2c62,충남한복,한복,일산서문상점가,자율상권구역,경기도,3.0,3.0,,,RESOLVED_AGREEMENT,False,3,,,,
1f8bd75ade88548647b3,test,한복,T4 구어·문장,q_한복_02,한복 맞추는 곳,패션·잡화 중 '한복'을 판매·제공하는 매장,173f447d-b504-44d2-9bdd-b0153777824b,영광한복,한복,마산 부림시장,전통시장,경상남도,3.0,3.0,,,RESOLVED_AGREEMENT,False,3,,,,
a6a32dfb59485d55d80a,test,한복,T4 구어·문장,q_한복_02,한복 맞추는 곳,패션·잡화 중 '한복'을 판매·제공하는 매장,9513c77f-d186-48b4-a0a9-750cc4a1e6cb,금림,한복,제2경주중심상가시장(경주봉황중심상가시장),전통시장,경상북도,3.0,3.0,,,RESOLVED_AGREEMENT,False,3,,,,
14456df5d9563d125dc7,test,한복,T4 구어·문장,q_한복_02,한복 맞추는 곳,패션·잡화 중 '한복'을 판매·제공하는 매장,d9b5bf6c-028e-4334-9526-2443baff809d,대궁한복,한복,포항죽도시장,전통시장,경상북도,3.0,3.0,,,RESOLVED_AGREEMENT,False,3,,,,
2c9f89ec92d685afb382,test,한복,T4 구어·문장,q_한복_02,한복 맞추는 곳,패션·잡화 중 '한복'을 판매·제공하는 매장,976e88f2-7515-40ab-a495-8223ef1d7b20,한복,한복,종오지하쇼핑센터,일반지하상점가,서울특별시,3.0,3.0,,,RESOLVED_AGREEMENT,False,3,,,,
c3d7ab2f44f2d5ddada5,test,한복,T4 구어·문장,q_한복_02,한복 맞추는 곳,패션·잡화 중 '한복'을 판매·제공하는 매장,296f05d4-1ab2-4142-a1be-91793a30c965,성림한복,한복,광장시장,전통시장,서울특별시,3.0,3.0,,,RESOLVED_AGREEMENT,False,3,,,,
f6df8339cd329ea5189e,test,한복,T4 구어·문장,q_한복_02,한복 맞추는 곳,패션·잡화 중 '한복'을 판매·제공하는 매장,157f82ea-dacb-416f-9efa-bac3fb738169,다온한복,한복,원주중앙로문화의거리,자율상권구역,강원특별자치도,3.0,3.0,,,RESOLVED_AGREEMENT,False,3,,,,
b9c7e201cc9385baca93,test,한복,T4 구어·문장,q_한복_02,한복 맞추는 곳,패션·잡화 중 '한복'을 판매·제공하는 매장,6aa02b6c-4dcc-4f3c-85dc-a3090a36ab77,현대한복,한복,구리전통시장,전통시장,경기도,3.0,3.0,,,RESOLVED_AGREEMENT,False,3,,,,
549cb28bdcee2417552d,test,한복,T4 구어·문장,q_한복_02,한복 맞추는 곳,패션·잡화 중 '한복'을 판매·제공하는 매장,9aed93d4-07ff-4195-b38a-74b3f9359b32,보경한복,한복,경주성동공설시장,전통시장,경상북도,3.0,3.0,,,RESOLVED_AGREEMENT,False,3,,,,
948e729e4b16b1a45749,test,한복,T4 구어·문장,q_한복_02,한복 맞추는 곳,패션·잡화 중 '한복'을 판매·제공하는 매장,067f6264-4724-41fa-aeb2-98bec9f1f517,(주)더그린컴퍼니,웨딩컨설팅,송도 아트포레 판매시설 골목형상점가,골목형상점가,인천광역시,0.0,2.0,,,P1_BINARY_THRESHOLD,True,,,,,
67335d36b236b0245fd2,test,한복,T4 구어·문장,q_한복_02,한복 맞추는 곳,패션·잡화 중 '한복'을 판매·제공하는 매장,18acff46-9084-4a88-b5e8-ad94c0f66974,이쁜한복,한복,전주한옥마을 골목형상점가,골목형상점가,전북특별자치도,3.0,3.0,,,RESOLVED_AGREEMENT,False,3,,,,
a2b42ca5c17fe8533cb1,test,한복,T4 구어·문장,q_한복_02,한복 맞추는 곳,패션·잡화 중 '한복'을 판매·제공하는 매장,71218425-a420-4f89-8f4b-8b81ef735747,비담한복,한복,두암지구입구 골목형상점가,골목형상점가,광주광역시,3.0,3.0,,,RESOLVED_AGREEMENT,False,3,,,,
d9cf21d335a268d632c6,test,한복,T4 구어·문장,q_한복_02,한복 맞추는 곳,패션·잡화 중 '한복'을 판매·제공하는 매장,68f987e5-890f-488c-b457-2d622843f7d7,공주한복,"한복, 한복지",대전중앙활성화구역,상권활성화구역,대전광역시,3.0,3.0,,,RESOLVED_AGREEMENT,False,3,,,,
6cce931b8f227157d893,test,한복,T4 구어·문장,q_한복_02,한복 맞추는 곳,패션·잡화 중 '한복'을 판매·제공하는 매장,927b3439-70a2-4aa2-ba85-13482a879854,별고전한복,한복,의정부제일시장,전통시장,경기도,3.0,3.0,,,RESOLVED_AGREEMENT,False,3,,,,
95871001347db7415409,test,한복,T4 구어·문장,q_한복_02,한복 맞추는 곳,패션·잡화 중 '한복'을 판매·제공하는 매장,3ea158ce-b39c-458b-b0ad-3f446f5be3ee,미성한복,한복,광장시장,전통시장,서울특별시,3.0,3.0,,,RESOLVED_AGREEMENT,False,3,,,,
cad51f891ed8c65dc263,test,한복,T4 구어·문장,q_한복_02,한복 맞추는 곳,패션·잡화 중 '한복'을 판매·제공하는 매장,da13f546-c415-4c55-8e73-e14f04b90a4e,여성시대,여성의류,모래내시장골목형상점가,골목형상점가,서울특별시,1.0,1.0,,,RESOLVED_AGREEMENT,False,1,,,,
678582eb3157af87b280,test,한복,T4 구어·문장,q_한복_02,한복 맞추는 곳,패션·잡화 중 '한복'을 판매·제공하는 매장,97c62e8c-1aaa-4ba6-8553-55546ba69f0d,한복우영경,한복,마산 오동동 창동 어시장 상권활성화구역,상권활성화구역,경상남도,3.0,3.0,,,RESOLVED_AGREEMENT,False,3,,,,
49aac5165777a2f49513,test,한복,T4 구어·문장,q_한복_02,한복 맞추는 곳,패션·잡화 중 '한복'을 판매·제공하는 매장,79179220-14e2-48ae-931d-dc44207cc834,한복1호,한복,춘천중앙시장,전통시장,강원특별자치도,3.0,3.0,,,RESOLVED_AGREEMENT,False,3,,,,
20115a92baabf8a46390,test,한복,T4 구어·문장,q_한복_02,한복 맞추는 곳,패션·잡화 중 '한복'을 판매·제공하는 매장,038882ae-58c6-440b-aa4f-184bc2f4223d,보네르웨딩 대구점,,대봉모리 골목형상점가,골목형상점가,대구광역시,,2.0,Y,,P0_UNCERTAIN_OR_MISSING,True,,,,,
28bbc209708f27e44b16,test,한복,T4 구어·문장,q_한복_02,한복 맞추는 곳,패션·잡화 중 '한복'을 판매·제공하는 매장,69e3eb67-5f64-472a-86b7-bfee986a4fd1,라경한복,한복,중앙메가프라자,전통시장,대전광역시,3.0,3.0,,,RESOLVED_AGREEMENT,False,3,,,,
24a1e1ce0e41cfd0d6c1,test,한복,T4 구어·문장,q_한복_02,한복 맞추는 곳,패션·잡화 중 '한복'을 판매·제공하는 매장,c28a341a-7ab2-47e8-ba53-c37c6561dadf,안중한복,한복,안중시장,전통시장,경기도,3.0,3.0,,,RESOLVED_AGREEMENT,False,3,,,,
33499ea89faf4d13a682,test,한복,T4 구어·문장,q_한복_02,한복 맞추는 곳,패션·잡화 중 '한복'을 판매·제공하는 매장,11669cd1-e65d-4539-92be-bc35ba91737c,원더풀웨딩,,대봉서한포레스트,골목형상점가,대구광역시,,2.0,Y,,P0_UNCERTAIN_OR_MISSING,True,,,,,
3aaa9acc0b37ff41bf13,test,한복,T4 구어·문장,q_한복_02,한복 맞추는 곳,패션·잡화 중 '한복'을 판매·제공하는 매장,a0184390-bf89-4ec7-bc85-693d14c89fc1,서울한복,한복,부산진시장,전통시장,부산광역시,3.0,3.0,,,RESOLVED_AGREEMENT,False,3,,,,
2c6e952e5ab02e9d2e5f,test,한복,T4 구어·문장,q_한복_02,한복 맞추는 곳,패션·잡화 중 '한복'을 판매·제공하는 매장,00c3c29f-87af-47fd-8ff7-0388875001b3,송한복,한복,김해 동상전통시장,전통시장,경상남도,3.0,3.0,,,RESOLVED_AGREEMENT,False,3,,,,
e570a5bce0c17dfd38ab,test,한복,T4 구어·문장,q_한복_02,한복 맞추는 곳,패션·잡화 중 '한복'을 판매·제공하는 매장,01e74fa1-18aa-4637-8924-300b81159fb9,목화주단,한복,장천동상가,자율상권구역,전라남도,3.0,3.0,,,RESOLVED_AGREEMENT,False,3,,,,
7dac26a976b05848a909,test,한복,T4 구어·문장,q_한복_02,한복 맞추는 곳,패션·잡화 중 '한복'을 판매·제공하는 매장,a54d36ad-0eff-4717-a434-fa804796d3de,유명해한복,한복,군산역전종합시장,전통시장,전북특별자치도,3.0,3.0,,,RESOLVED_AGREEMENT,False,3,,,,
d1d9faaded05c1e95f6e,test,한의원,T1 정확표기,q_한의원_01,한의원,건강·의료 중 '한의원'을 판매·제공하는 매장,faeccc07-3892-4407-b40b-740d6fa4da7c,정한의원,한의원,홍제골목형상점가,골목형상점가,서울특별시,3.0,3.0,,,RESOLVED_AGREEMENT,False,3,,,,
9cf518ec24a7d7ea7311,test,한의원,T1 정확표기,q_한의원_01,한의원,건강·의료 중 '한의원'을 판매·제공하는 매장,480283a4-7c9f-4e05-a664-b2075952f137,수한의원,한의원,일곡동 골목형상점가,골목형상점가,광주광역시,3.0,3.0,,,RESOLVED_AGREEMENT,False,3,,,,
6df0c10eecf3156eff59,test,한의원,T1 정확표기,q_한의원_01,한의원,건강·의료 중 '한의원'을 판매·제공하는 매장,9ce10344-6dad-4d23-ac20-c0c6ee1e9900,조종 한의원,한의원,조종시장,전통시장,경기도,3.0,3.0,,,RESOLVED_AGREEMENT,False,3,,,,
054eb0d8f5962b9889a8,test,한의원,T1 정확표기,q_한의원_01,한의원,건강·의료 중 '한의원'을 판매·제공하는 매장,1cbb3f1b-a8b1-417b-8ab0-6afe6a39b38d,필한의원,한의원,엄사 골목형상점가,골목형상점가,충청남도,3.0,3.0,,,RESOLVED_AGREEMENT,False,3,,,,
c6223c726a4b055234c3,test,한의원,T1 정확표기,q_한의원_01,한의원,건강·의료 중 '한의원'을 판매·제공하는 매장,049687c2-f8a0-4684-a17f-fd57b7fb23f3,맞춤한의원,한방진료,새마을시장,전통시장,서울특별시,3.0,3.0,,,RESOLVED_AGREEMENT,False,3,,,,
a38e3a9f2dddf8731717,test,한의원,T1 정확표기,q_한의원_01,한의원,건강·의료 중 '한의원'을 판매·제공하는 매장,774e367a-0daa-4963-b51c-9d7890e43c02,윤한의원,한의원,산본로데오거리(구 산본중심상가),자율상권구역,경기도,3.0,3.0,,,RESOLVED_AGREEMENT,False,3,,,,
54a3c8376f35bcdeea5b,test,한의원,T1 정확표기,q_한의원_01,한의원,건강·의료 중 '한의원'을 판매·제공하는 매장,00c44c1d-ee28-4fc2-a0f0-e3454de86603,준 한의원,한방의료서비스,첨단연신로 골목형상점가,골목형상점가,광주광역시,3.0,3.0,,,RESOLVED_AGREEMENT,False,3,,,,
25fda3f5a791cbaaef08,test,한의원,T1 정확표기,q_한의원_01,한의원,건강·의료 중 '한의원'을 판매·제공하는 매장,76d8e9cc-0071-4425-b991-013de6a7e75a,차한의원,한의원,군산나운상가 골목형상점가,골목형상점가,전북특별자치도,3.0,3.0,,,RESOLVED_AGREEMENT,False,3,,,,
6f60caced81349aac86b,test,한의원,T1 정확표기,q_한의원_01,한의원,건강·의료 중 '한의원'을 판매·제공하는 매장,9f2a6872-5d33-43ca-a108-515b31f110ae,양형길한의원,한의원,안말초로 골목형상점가,골목형상점가,경기도,3.0,3.0,,,RESOLVED_AGREEMENT,False,3,,,,
4dc02251de57acc41c1d,test,한의원,T1 정확표기,q_한의원_01,한의원,건강·의료 중 '한의원'을 판매·제공하는 매장,3edaee1c-1c05-4e63-ad86-a39b18d0a6ce,김태희 한의원,한의원,석계역 골목형상점가,골목형상점가,서울특별시,3.0,3.0,,,RESOLVED_AGREEMENT,False,3,,,,
437e9d2ded637443e6f9,test,한의원,T1 정확표기,q_한의원_01,한의원,건강·의료 중 '한의원'을 판매·제공하는 매장,6d55a5f1-2336-47db-95dd-67b144415580,임한의원,한의원,미장사랑 골목형상점가,골목형상점가,전북특별자치도,3.0,3.0,,,RESOLVED_AGREEMENT,False,3,,,,
6731e68c9377ccf2e379,test,한의원,T1 정확표기,q_한의원_01,한의원,건강·의료 중 '한의원'을 판매·제공하는 매장,82bb3d55-ff12-47b9-a3e9-14be24ddd571,홍한의원,한의원,노원역9번출구 골목형상점가,골목형상점가,서울특별시,3.0,3.0,,,RESOLVED_AGREEMENT,False,3,,,,
8fb944c4d81066d0e5c4,test,한의원,T1 정확표기,q_한의원_01,한의원,건강·의료 중 '한의원'을 판매·제공하는 매장,07642cd2-da01-4c61-b136-9b7960b98e30,흙다방,한방차,을지로지하보도쇼핑센터,일반지하상점가,서울특별시,3.0,0.0,,,P1_BINARY_THRESHOLD,True,,,,,
f1c82c0e27f175d1de35,test,한의원,T1 정확표기,q_한의원_01,한의원,건강·의료 중 '한의원'을 판매·제공하는 매장,e869107c-14a2-41d5-9f9c-23a1edc3f167,김포한의원,한의원,김포 풍년마을 골목형상점가,골목형상점가,경기도,3.0,3.0,,,RESOLVED_AGREEMENT,False,3,,,,
f01c5b42ea311abfd212,test,한의원,T1 정확표기,q_한의원_01,한의원,건강·의료 중 '한의원'을 판매·제공하는 매장,783b5a13-eca0-41dc-89a5-521fab7a336d,창생 한의원,한의원,효자휴먼시아 골목형상점가,골목형상점가,전북특별자치도,3.0,3.0,,,RESOLVED_AGREEMENT,False,3,,,,
b65f8cc2fd026be8b750,test,한의원,T1 정확표기,q_한의원_01,한의원,건강·의료 중 '한의원'을 판매·제공하는 매장,00523307-cc4c-4b0c-8b2f-176ca7450d24,오름한의원,한의원,아차산등산로골목형상점가,골목형상점가,서울특별시,3.0,3.0,,,RESOLVED_AGREEMENT,False,3,,,,
3eaf93af617693562b47,test,한의원,T1 정확표기,q_한의원_01,한의원,건강·의료 중 '한의원'을 판매·제공하는 매장,224c347a-ce91-4ef0-ac8d-7b3c8d32699d,광제당 한의원,한의원,선부광장로상점가,자율상권구역,경기도,3.0,3.0,,,RESOLVED_AGREEMENT,False,3,,,,
abfe1a8371735c8e2ca0,test,한의원,T1 정확표기,q_한의원_01,한의원,건강·의료 중 '한의원'을 판매·제공하는 매장,eccf80db-8a48-47af-bbbf-69866235d8c7,맥한의원,한의원,혁신도시5구역골목형상점가,골목형상점가,강원특별자치도,3.0,3.0,,,RESOLVED_AGREEMENT,False,3,,,,
87150382270c5eb78660,test,한의원,T1 정확표기,q_한의원_01,한의원,건강·의료 중 '한의원'을 판매·제공하는 매장,0532ce10-a52b-42cf-8bd4-5412db78e694,계룡산한의원,한방의료서비스,신도안면 골목형상점가,골목형상점가,충청남도,3.0,3.0,,,RESOLVED_AGREEMENT,False,3,,,,
bbde7e714fce65ce324b,test,한의원,T1 정확표기,q_한의원_01,한의원,건강·의료 중 '한의원'을 판매·제공하는 매장,20ad171b-58ef-440b-bd2e-15ac23775ce1,청담한의원,침 한약 약침 추나치료 등,화정한울타리상인회 골목형상점가,골목형상점가,광주광역시,3.0,3.0,,,RESOLVED_AGREEMENT,False,3,,,,
e8fe9f06ec8adcdacd0e,test,한의원,T1 정확표기,q_한의원_01,한의원,건강·의료 중 '한의원'을 판매·제공하는 매장,1c8a8990-c1c5-4b90-99a1-09919d081f9a,건강미현대웰빙의원,진료,광산 송2송2 골목형상점가,골목형상점가,광주광역시,1.0,2.0,,,P1_BINARY_THRESHOLD,True,,,,,
b3bc6ad73f270c181944,test,한의원,T1 정확표기,q_한의원_01,한의원,건강·의료 중 '한의원'을 판매·제공하는 매장,2e572c8d-7b0b-43d0-9e8a-6eb019dd8977,수한의원,한의원,극동종합상가 골목형상점가,골목형상점가,서울특별시,3.0,3.0,,,RESOLVED_AGREEMENT,False,3,,,,
9ba090a2ad50496a69ad,test,한의원,T1 정확표기,q_한의원_01,한의원,건강·의료 중 '한의원'을 판매·제공하는 매장,00192f22-a492-4ba5-a62d-65bf0d0ec7b9,큰물한의원,한의원,전주서곡 골목형상점가,골목형상점가,전북특별자치도,3.0,3.0,,,RESOLVED_AGREEMENT,False,3,,,,
53795ae751bcb46d05a4,test,한의원,T1 정확표기,q_한의원_01,한의원,건강·의료 중 '한의원'을 판매·제공하는 매장,02942ca3-7579-4db2-becb-fb2b1e71e633,보광한약방,한약방,내수전통시장,전통시장,충청북도,3.0,3.0,,,RESOLVED_AGREEMENT,False,3,,,,
a78dbe8b7bbd38dac9b7,test,한의원,T1 정확표기,q_한의원_01,한의원,건강·의료 중 '한의원'을 판매·제공하는 매장,5d1aa930-9b1d-4900-93cf-f2c1b845da44,동행한의원,한의원,자양15번가골목형상점가,골목형상점가,서울특별시,3.0,3.0,,,RESOLVED_AGREEMENT,False,3,,,,
78b56f05156af29b2576,test,한의원,T1 정확표기,q_한의원_01,한의원,건강·의료 중 '한의원'을 판매·제공하는 매장,ea216576-82be-43a4-adc5-4b26aa73f1c0,박천길한의원,한의원,석소 골목형상점가,골목형상점가,전북특별자치도,3.0,3.0,,,RESOLVED_AGREEMENT,False,3,,,,
b1bb5dfee2baed74b055,test,한의원,T1 정확표기,q_한의원_01,한의원,건강·의료 중 '한의원'을 판매·제공하는 매장,c6e09bd4-7dfe-4b63-a098-b423ac602df6,호수한우,,도안호수공원 골목형상점가,골목형상점가,대전광역시,0.0,0.0,,,RESOLVED_AGREEMENT,False,0,,,,
5cbbe07d2dbf29cfc54a,test,한의원,T1 정확표기,q_한의원_01,한의원,건강·의료 중 '한의원'을 판매·제공하는 매장,e39e7f3e-8809-421b-82fc-4c22d5465d11,해득금천한의원,한의원,비단길현대시장,전통시장,서울특별시,3.0,3.0,,,RESOLVED_AGREEMENT,False,3,,,,
bb0d6edd0a8c828e35a8,test,한의원,T1 정확표기,q_한의원_01,한의원,건강·의료 중 '한의원'을 판매·제공하는 매장,dad3ffcb-4a83-47d8-82ce-187d88534338,에덴한의원,한의원,우산골 골목형상점가,골목형상점가,광주광역시,3.0,3.0,,,RESOLVED_AGREEMENT,False,3,,,,
50770bda3a60d5cd6c92,test,한의원,T1 정확표기,q_한의원_01,한의원,건강·의료 중 '한의원'을 판매·제공하는 매장,cd8e9be2-b81a-46c4-91ff-2f1765c74d74,자혜한의원,한의원,하가지구 골목형상점가,골목형상점가,전북특별자치도,3.0,3.0,,,RESOLVED_AGREEMENT,False,3,,,,
08d90be20b86f2c7227a,test,한의원,T1 정확표기,q_한의원_01,한의원,건강·의료 중 '한의원'을 판매·제공하는 매장,85af6195-dd69-4f16-8505-71071e5416a7,이룸한의원,한의원,카림애비뉴애 골목형상점가,골목형상점가,세종특별자치시,3.0,3.0,,,RESOLVED_AGREEMENT,False,3,,,,
bb38062f10a7e9345a2e,test,한의원,T1 정확표기,q_한의원_01,한의원,건강·의료 중 '한의원'을 판매·제공하는 매장,ed76a240-84c5-46c3-9e3c-252d9c63e314,백삼 한의원,한의원,금곡골목형상점가,자율상권구역,경기도,3.0,3.0,,,RESOLVED_AGREEMENT,False,3,,,,
b4498b7fb73cbf25bd40,test,한의원,T1 정확표기,q_한의원_01,한의원,건강·의료 중 '한의원'을 판매·제공하는 매장,19cefd1b-55da-414c-9a76-100501dcac06,명작한의원,한의원,군산수송 골목형상점가,골목형상점가,전북특별자치도,3.0,3.0,,,RESOLVED_AGREEMENT,False,3,,,,
da2314e4f8d0cd85a479,test,한의원,T1 정확표기,q_한의원_01,한의원,건강·의료 중 '한의원'을 판매·제공하는 매장,975e330a-3226-4001-85dc-6a2397c14c54,국제한의원,한의원,롯데 리치빌골목형상점가,골목형상점가,대전광역시,3.0,3.0,,,RESOLVED_AGREEMENT,False,3,,,,
b323d06769847af21ef3,test,한의원,T1 정확표기,q_한의원_01,한의원,건강·의료 중 '한의원'을 판매·제공하는 매장,f6360fc7-05e6-4065-9637-1c041d2aba3c,김양식한의원,한의원,산본로데오거리(구 산본중심상가),자율상권구역,경기도,3.0,3.0,,,RESOLVED_AGREEMENT,False,3,,,,
293dd5a4772e10b9d232,test,한의원,T1 정확표기,q_한의원_01,한의원,건강·의료 중 '한의원'을 판매·제공하는 매장,aab2ffa8-c47d-48f0-b6a9-89f51ef16d28,허혁한의원,한의원,만년동 골목형상점가,골목형상점가,대전광역시,3.0,3.0,,,RESOLVED_AGREEMENT,False,3,,,,
b062ea7b3aaac891575b,test,한의원,T1 정확표기,q_한의원_01,한의원,건강·의료 중 '한의원'을 판매·제공하는 매장,77cfdbfc-2a2d-4cf3-9c63-2c5590d39d3c,심기쁨 한의원,한의원,불당1번가골목형상점가,골목형상점가,충청남도,3.0,3.0,,,RESOLVED_AGREEMENT,False,3,,,,
ddcdd21f5ce493c73370,test,한의원,T1 정확표기,q_한의원_01,한의원,건강·의료 중 '한의원'을 판매·제공하는 매장,00681cee-2849-497b-b7d1-548576542ed2,풍암한의원,한의원,풍암벚꽃길상인회 골목형상점가,골목형상점가,광주광역시,3.0,3.0,,,RESOLVED_AGREEMENT,False,3,,,,
3ffce5588ee545f48287,test,한의원,T1 정확표기,q_한의원_01,한의원,건강·의료 중 '한의원'을 판매·제공하는 매장,dc7c7080-812f-4962-ac12-aa1c99c1da90,제이네일,"네일, 속눈썹펌, 영양제 판매",가락타운상가시장,전통시장,부산광역시,0.0,0.0,,,RESOLVED_AGREEMENT,False,0,,,,
3f5542f4ca74d273e9b5,test,한의원,T1 정확표기,q_한의원_01,한의원,건강·의료 중 '한의원'을 판매·제공하는 매장,1f7e80a1-1de6-4816-874a-e0b4e708241a,필한의원,한의원,병점중심상가,자율상권구역,경기도,3.0,3.0,,,RESOLVED_AGREEMENT,False,3,,,,
acd3ebf2da4f3f88c637,test,한의원,T1 정확표기,q_한의원_01,한의원,건강·의료 중 '한의원'을 판매·제공하는 매장,005be19f-78f9-455e-9516-5b6ada9b2f79,명주약업사,한약도매,학성새벽시장,전통시장,울산광역시,3.0,3.0,,,RESOLVED_AGREEMENT,False,3,,,,
1b17c630a755c34961be,test,한의원,T1 정확표기,q_한의원_01,한의원,건강·의료 중 '한의원'을 판매·제공하는 매장,1296d23b-b0a8-41b2-84b1-ca3409a6004c,용한의원,한의원,반월동 골목형상점가,골목형상점가,전북특별자치도,3.0,3.0,,,RESOLVED_AGREEMENT,False,3,,,,
a8a695c8181ad2168594,test,한의원,T1 정확표기,q_한의원_01,한의원,건강·의료 중 '한의원'을 판매·제공하는 매장,a9980cb6-9a33-4fe2-b32d-7819725ea4d2,새움한의원,한의원,영통역아이파크 골목형상점가,골목형상점가,경기도,3.0,3.0,,,RESOLVED_AGREEMENT,False,3,,,,
75e955bda79848d55f7e,test,한의원,T1 정확표기,q_한의원_01,한의원,건강·의료 중 '한의원'을 판매·제공하는 매장,7a02710b-07bb-4ab9-b138-f3b46e2e8a53,손앤정키즈한의원,한의원,수원아이파크시티8단지상가 골목형상점가,골목형상점가,경기도,3.0,3.0,,,RESOLVED_AGREEMENT,False,3,,,,
c6003bf7a5f4736c1b24,test,한의원,T1 정확표기,q_한의원_01,한의원,건강·의료 중 '한의원'을 판매·제공하는 매장,835e99d1-dc39-4e94-b2f1-44e90fc1202a,몸과맘엔한의원,한의원,상도전통시장,전통시장,서울특별시,3.0,3.0,,,RESOLVED_AGREEMENT,False,3,,,,
044f8cfc68928e5c390b,test,한의원,T1 정확표기,q_한의원_01,한의원,건강·의료 중 '한의원'을 판매·제공하는 매장,05bd1be6-df0d-4b92-8db8-8779c613a5b8,본한의원,한의원,보람동 골목형상점가,골목형상점가,세종특별자치시,3.0,3.0,,,RESOLVED_AGREEMENT,False,3,,,,
ab8ce759991ae30bb41b,test,한의원,T1 정확표기,q_한의원_01,한의원,건강·의료 중 '한의원'을 판매·제공하는 매장,54f5faab-87f9-4550-b0b2-0ad921934b1c,대건한의원,한의원,운남동우체국 골목형상점가,골목형상점가,광주광역시,3.0,3.0,,,RESOLVED_AGREEMENT,False,3,,,,
3b56eb4e97571595bafa,test,한의원,T1 정확표기,q_한의원_01,한의원,건강·의료 중 '한의원'을 판매·제공하는 매장,d11b1911-e077-4e8a-b3fa-0356d3b8a194,쩐집,,반딧불이연무시장,전통시장,경기도,,0.0,Y,,P0_UNCERTAIN_OR_MISSING,True,,,,,
b670cef260fbee492b34,test,한의원,T1 정확표기,q_한의원_01,한의원,건강·의료 중 '한의원'을 판매·제공하는 매장,3a1fd7b7-d52e-485e-8eca-d230de10868e,금강한의원,물리치료 부항 뜸 추나 약침 침치료 한약 보약,조치원중심가로상점가,자율상권구역,세종특별자치시,3.0,3.0,,,RESOLVED_AGREEMENT,False,3,,,,
e3e11017f0753fe768b5,test,한의원,T1 정확표기,q_한의원_01,한의원,건강·의료 중 '한의원'을 판매·제공하는 매장,5158b5ca-8f48-4043-9516-9b0816222363,수한의원,한의원,인수로골목형상점가,골목형상점가,서울특별시,3.0,3.0,,,RESOLVED_AGREEMENT,False,3,,,,
a6a6f58ccbf916b8bd51,test,한의원,T1 정확표기,q_한의원_01,한의원,건강·의료 중 '한의원'을 판매·제공하는 매장,e482b7e1-6708-493c-9244-4894f63b711c,문치환 한의원,한의원,호매실역중심상가 골목형상점가,골목형상점가,경기도,3.0,3.0,,,RESOLVED_AGREEMENT,False,3,,,,
dfcf0493ef54042777eb,test,한의원,T1 정확표기,q_한의원_01,한의원,건강·의료 중 '한의원'을 판매·제공하는 매장,836d8deb-1cff-410b-8a61-1deffc8b540c,홍범한의원,한의원,비단길현대시장,전통시장,서울특별시,3.0,3.0,,,RESOLVED_AGREEMENT,False,3,,,,
d3d1e79d0b5a40fd41ab,test,한의원,T1 정확표기,q_한의원_01,한의원,건강·의료 중 '한의원'을 판매·제공하는 매장,784447de-be76-4c96-937d-1f49f891a07c,한규설한의원,한의원,용정 골목형상점가,골목형상점가,대전광역시,3.0,3.0,,,RESOLVED_AGREEMENT,False,3,,,,
afdee3172ddee2973fff,test,한의원,T1 정확표기,q_한의원_01,한의원,건강·의료 중 '한의원'을 판매·제공하는 매장,04a734bb-1790-4ecd-9398-2fd3359294d0,제일의원,진료,두암시장주변 골목형상점가,골목형상점가,광주광역시,1.0,2.0,,,P1_BINARY_THRESHOLD,True,,,,,
61804df15b131e536199,test,한의원,T1 정확표기,q_한의원_01,한의원,건강·의료 중 '한의원'을 판매·제공하는 매장,44fb7656-0ff5-4d44-9f84-f3e07d7adc0f,김남규 한의원,,장대동패션상가 골목형상점가,골목형상점가,대전광역시,3.0,3.0,,,RESOLVED_AGREEMENT,False,3,,,,
af16349c3c475ef22be6,test,한의원,T1 정확표기,q_한의원_01,한의원,건강·의료 중 '한의원'을 판매·제공하는 매장,5ed7db57-3c7f-410b-a8d8-cc427744f11e,이원섭한의원,한의원,송촌동상점가,자율상권구역,대전광역시,3.0,3.0,,,RESOLVED_AGREEMENT,False,3,,,,
ad359bcd603588779386,test,한의원,T1 정확표기,q_한의원_01,한의원,건강·의료 중 '한의원'을 판매·제공하는 매장,26226842-a08c-47c4-ba86-074f3f85f97e,윤재권 한의원,한의원,북항사랑 골목형상점가,골목형상점가,전라남도,3.0,3.0,,,RESOLVED_AGREEMENT,False,3,,,,
d86c67ca3c19dfdf0adf,test,한의원,T1 정확표기,q_한의원_01,한의원,건강·의료 중 '한의원'을 판매·제공하는 매장,f89c9af8-dda3-457a-b2f0-79a835cc18d9,박한의원,한의원,남평읍1로 골목형상점가,골목형상점가,전라남도,3.0,3.0,,,RESOLVED_AGREEMENT,False,3,,,,
bfceec1bc1823c9c6c9e,test,한의원,T1 정확표기,q_한의원_01,한의원,건강·의료 중 '한의원'을 판매·제공하는 매장,56a528df-4581-4e02-a89e-d02aa0bb9016,봄꽃한의원,한의원,공주산성시장,전통시장,충청남도,3.0,3.0,,,RESOLVED_AGREEMENT,False,3,,,,
5183cf5e076f6423cb99,test,한의원,T1 정확표기,q_한의원_01,한의원,건강·의료 중 '한의원'을 판매·제공하는 매장,2c408b86-dd0a-436e-b626-a1794986b121,우노한의원,한의원,한민시장,전통시장,대전광역시,3.0,3.0,,,RESOLVED_AGREEMENT,False,3,,,,
ad15cd54fc44b4b188de,test,한의원,T1 정확표기,q_한의원_01,한의원,건강·의료 중 '한의원'을 판매·제공하는 매장,508433c9-cf31-465a-8461-4569db1263a1,미까사,가구,대구종합유통단지전자관사업협동조합,전통시장,대구광역시,0.0,0.0,,,RESOLVED_AGREEMENT,False,0,,,,
b099934c18565b6c27b4,test,한의원,T1 정확표기,q_한의원_01,한의원,건강·의료 중 '한의원'을 판매·제공하는 매장,181a214d-8129-4d50-805b-53211442b29d,경희인 한의원,한의원,노룬산골목시장,전통시장,서울특별시,3.0,3.0,,,RESOLVED_AGREEMENT,False,3,,,,
206b046fb63cb829c9f5,test,한의원,T1 정확표기,q_한의원_01,한의원,건강·의료 중 '한의원'을 판매·제공하는 매장,0ab1eb9a-a600-4ac0-8ce5-615819efcf3f,차차한의원,한방,배방공수 골목형상점가,골목형상점가,충청남도,3.0,3.0,,,RESOLVED_AGREEMENT,False,3,,,,
96bbe342afbc27c7b82f,test,한의원,T1 정확표기,q_한의원_01,한의원,건강·의료 중 '한의원'을 판매·제공하는 매장,d675c06d-27e6-4d33-acb7-7b9b08e9456d,평단한의원,한의원,현대센트럴스퀘어,골목형상점가,경기도,3.0,3.0,,,RESOLVED_AGREEMENT,False,3,,,,
fa7c1fccbba2dee143a1,test,한의원,T1 정확표기,q_한의원_01,한의원,건강·의료 중 '한의원'을 판매·제공하는 매장,c9e86f57-3565-460b-855e-b7377c9db2fd,활천당 한의원,한의원,영동중앙시장,전통시장,충청북도,3.0,3.0,,,RESOLVED_AGREEMENT,False,3,,,,
c839a5c96d2bde6540db,test,한의원,T1 정확표기,q_한의원_01,한의원,건강·의료 중 '한의원'을 판매·제공하는 매장,06275db0-3bc6-4cb2-b2d0-9c2172db74f9,장편한김용성내과,진료,산본로데오거리(구 산본중심상가),자율상권구역,경기도,0.0,0.0,,,RESOLVED_AGREEMENT,False,0,,,,
327293fffabfe3d3c898,test,한의원,T1 정확표기,q_한의원_01,한의원,건강·의료 중 '한의원'을 판매·제공하는 매장,f191121e-b46e-4c8d-8f70-59833988d4fd,문경 한의원,한의원,문경전통시장,전통시장,경상북도,3.0,3.0,,,RESOLVED_AGREEMENT,False,3,,,,
427d98d8430ea5ebdda0,test,한의원,T1 정확표기,q_한의원_01,한의원,건강·의료 중 '한의원'을 판매·제공하는 매장,8435da78-4f81-4f89-8ce5-fe863ce678ea,본한의원,한의원,산본로데오거리(구 산본중심상가),자율상권구역,경기도,3.0,3.0,,,RESOLVED_AGREEMENT,False,3,,,,
56d677c1ff1b9514416b,test,한의원,T1 정확표기,q_한의원_01,한의원,건강·의료 중 '한의원'을 판매·제공하는 매장,04b3f97b-2da5-4d58-8ab5-c5e9f48061c5,새몸한의원,한의진료 한의의료시술 침 뜸 부항 물리요법 추나요법 약침 봉침 한약 등,봉선로1 골목형상점가,골목형상점가,광주광역시,3.0,3.0,,,RESOLVED_AGREEMENT,False,3,,,,
9691cdb3d56e24accb98,test,한의원,T1 정확표기,q_한의원_01,한의원,건강·의료 중 '한의원'을 판매·제공하는 매장,0002538c-b8d9-4911-81c7-966789036b09,빛고을 치과의원,의원,세은 골목형상점가,골목형상점가,광주광역시,1.0,2.0,,,P1_BINARY_THRESHOLD,True,,,,,
81daeaf61deaa9e910de,test,한의원,T1 정확표기,q_한의원_01,한의원,건강·의료 중 '한의원'을 판매·제공하는 매장,abf6c1c8-e6df-46de-9acb-6438af067851,문성진 한의원,한의원,문흥라인아파트 골목형상점가,골목형상점가,광주광역시,3.0,3.0,,,RESOLVED_AGREEMENT,False,3,,,,
fd7d2a6b6c9a8355eb5a,test,한의원,T1 정확표기,q_한의원_01,한의원,건강·의료 중 '한의원'을 판매·제공하는 매장,1a0defb7-c84d-484d-a47d-19d95eac79d4,한민한의원,"한약, 침, 부항, 추나",괴정가장로 골목형상점가,골목형상점가,대전광역시,3.0,3.0,,,RESOLVED_AGREEMENT,False,3,,,,
b37e2de293a2bc047169,test,한의원,T1 정확표기,q_한의원_01,한의원,건강·의료 중 '한의원'을 판매·제공하는 매장,1a6b59eb-b56d-4e10-a282-ad89b95051a9,조한의원,한의원,보정중심 골목형상점가,골목형상점가,경기도,3.0,3.0,,,RESOLVED_AGREEMENT,False,3,,,,
aae173542bd8c3bf0ba5,test,한의원,T1 정확표기,q_한의원_01,한의원,건강·의료 중 '한의원'을 판매·제공하는 매장,d11d7d66-bb2a-4a67-bcc8-b947b2e2ebda,성채한의원,한의원,도봉산옛길골목형상점가,골목형상점가,서울특별시,3.0,3.0,,,RESOLVED_AGREEMENT,False,3,,,,
e81b551c0d02faffac7c,test,한의원,T1 정확표기,q_한의원_01,한의원,건강·의료 중 '한의원'을 판매·제공하는 매장,fbfc9f6d-5d14-40d7-96cc-727934db9544,광교한의원,한의원,광교상현역 온누리 골목형상점가,골목형상점가,경기도,3.0,3.0,,,RESOLVED_AGREEMENT,False,3,,,,
2fbbcc85d82911c9e002,test,한의원,T1 정확표기,q_한의원_01,한의원,건강·의료 중 '한의원'을 판매·제공하는 매장,29067988-003c-496d-a678-3685ea33240c,다솜한의원,한의원,수정전통시장,전통시장,부산광역시,3.0,3.0,,,RESOLVED_AGREEMENT,False,3,,,,
f49c352beafbbe1b0754,test,한의원,T1 정확표기,q_한의원_01,한의원,건강·의료 중 '한의원'을 판매·제공하는 매장,f02c9c68-1760-49bd-8172-7bf5e273d974,장한의원,한의원,독립로 백운1동 골목형상점가,골목형상점가,광주광역시,3.0,3.0,,,RESOLVED_AGREEMENT,False,3,,,,
919306a7541bcaeef9f6,test,한의원,T1 정확표기,q_한의원_01,한의원,건강·의료 중 '한의원'을 판매·제공하는 매장,86ff03d5-48f3-4b62-a797-0cf59f3c8597,조한의원,한의원,꽃밭정이 골목형상점가,골목형상점가,전북특별자치도,3.0,3.0,,,RESOLVED_AGREEMENT,False,3,,,,
f5e5e243ab0a685905ef,test,한의원,T1 정확표기,q_한의원_01,한의원,건강·의료 중 '한의원'을 판매·제공하는 매장,239c0fcf-ec40-4a20-a790-57ef66a057da,경희팔팔한의원,침 추나 공진단 다이어트,청량리청과물시장,전통시장,서울특별시,3.0,3.0,,,RESOLVED_AGREEMENT,False,3,,,,
b2ecc2a6c1c857e26396,test,한의원,T1 정확표기,q_한의원_01,한의원,건강·의료 중 '한의원'을 판매·제공하는 매장,75166d0a-4851-4be6-a938-ddc6d1ead5a4,공주신불향쭈꾸미,쭈꾸미볶음,공주산성 활성화구역,상권활성화구역,충청남도,0.0,0.0,,,RESOLVED_AGREEMENT,False,0,,,,
f89d18168c7783ead792,test,한의원,T1 정확표기,q_한의원_01,한의원,건강·의료 중 '한의원'을 판매·제공하는 매장,ee69d646-bad2-4794-8caf-eee4e5169cc7,곽한의원,한의원,포항 대이상가 골목형상점가,골목형상점가,경상북도,3.0,3.0,,,RESOLVED_AGREEMENT,False,3,,,,
5b8b6d579f44de9c123a,test,한의원,T1 정확표기,q_한의원_01,한의원,건강·의료 중 '한의원'을 판매·제공하는 매장,ddf4b52a-759d-4aef-96b4-fd79d8743428,동성 한의원,한의원,맹동혁신골목형상점가,골목형상점가,충청북도,3.0,3.0,,,RESOLVED_AGREEMENT,False,3,,,,
aad65fae0e5e9fcbd6d0,test,한의원,T1 정확표기,q_한의원_01,한의원,건강·의료 중 '한의원'을 판매·제공하는 매장,0f2a4297-0e23-4202-acbe-344fa3aea7c1,본한의원,한의원,이충 중심상가,골목형상점가,경기도,3.0,3.0,,,RESOLVED_AGREEMENT,False,3,,,,
17d5dc32f280c40100f7,test,한의원,T1 정확표기,q_한의원_01,한의원,건강·의료 중 '한의원'을 판매·제공하는 매장,035c1b8a-8efd-4448-a276-7b9c25dadd68,광명당약업사,한약재,금산국제인삼시장,전통시장,충청남도,3.0,3.0,,,RESOLVED_AGREEMENT,False,3,,,,
e59556dc15abe6b4adae,test,한의원,T1 정확표기,q_한의원_01,한의원,건강·의료 중 '한의원'을 판매·제공하는 매장,02b05ddb-3724-4a0c-b4ef-b9791576d5a0,산본한의원,한약,산본전통시장(구 군포산본시장),전통시장,경기도,3.0,3.0,,,RESOLVED_AGREEMENT,False,3,,,,
c072afb864c02a556ac8,test,한의원,T1 정확표기,q_한의원_01,한의원,건강·의료 중 '한의원'을 판매·제공하는 매장,d93395a5-8a17-4490-9db9-04b440f2d470,용한의원,한의원,양산상생하는하서로 골목형상점가,골목형상점가,광주광역시,3.0,3.0,,,RESOLVED_AGREEMENT,False,3,,,,
78fadf2ab016e2877925,test,한의원,T1 정확표기,q_한의원_01,한의원,건강·의료 중 '한의원'을 판매·제공하는 매장,91a8eb95-bab8-4dc1-8364-e039a25ab9e8,다편한 한의원,한의원,빛가람 로데오 골목형상점가,골목형상점가,전라남도,3.0,3.0,,,RESOLVED_AGREEMENT,False,3,,,,
e840f887116f7548239b,test,한의원,T1 정확표기,q_한의원_01,한의원,건강·의료 중 '한의원'을 판매·제공하는 매장,e17ef36f-0f03-49cf-9f9e-eee271569382,민한의원,한의원,금호상인회 골목형상점가,골목형상점가,광주광역시,3.0,3.0,,,RESOLVED_AGREEMENT,False,3,,,,
36f290907b646f06b561,test,한의원,T1 정확표기,q_한의원_01,한의원,건강·의료 중 '한의원'을 판매·제공하는 매장,4d09a537-bb63-4759-b883-9dd74072406e,후한의원,한의원,신세계앞상인회 골목형상점가,골목형상점가,광주광역시,3.0,3.0,,,RESOLVED_AGREEMENT,False,3,,,,
c9df7f618a0367f38e65,test,한의원,T1 정확표기,q_한의원_01,한의원,건강·의료 중 '한의원'을 판매·제공하는 매장,a710a4f6-142f-43b4-a8af-4c6ba2ed8d30,경희예건한의원,한의원,맹동혁신골목형상점가,골목형상점가,충청북도,3.0,3.0,,,RESOLVED_AGREEMENT,False,3,,,,
d59040900ee24fc56f5e,test,한의원,T1 정확표기,q_한의원_01,한의원,건강·의료 중 '한의원'을 판매·제공하는 매장,93b56590-06b6-48ae-a5b5-94fec579b7ee,해람한의원,한의원,금호운천로상인회 골목형상점가,골목형상점가,광주광역시,3.0,3.0,,,RESOLVED_AGREEMENT,False,3,,,,
81b702a42dd5adaf0207,test,한의원,T1 정확표기,q_한의원_01,한의원,건강·의료 중 '한의원'을 판매·제공하는 매장,752d59ec-a888-41e9-a2d2-4ffc4c0bd71b,대학한의원,한의원,연신내골목형상점가,골목형상점가,서울특별시,3.0,3.0,,,RESOLVED_AGREEMENT,False,3,,,,
efe56bed2f9411584cb6,test,한의원,T1 정확표기,q_한의원_01,한의원,건강·의료 중 '한의원'을 판매·제공하는 매장,0056dcd4-0ac0-4535-9ee5-c8fd19d8ff14,중화한의원,한의원,보령한내시장,전통시장,충청남도,3.0,3.0,,,RESOLVED_AGREEMENT,False,3,,,,
6345945ae3a8e151ed59,test,한의원,T1 정확표기,q_한의원_01,한의원,건강·의료 중 '한의원'을 판매·제공하는 매장,d0d46523-2c57-4d34-96c9-dccc435958e2,오븐에꾸운닭,치킨,점촌역전상점가,자율상권구역,경상북도,0.0,0.0,,,RESOLVED_AGREEMENT,False,0,,,,
3fb5abd4b2ea01922e5d,test,한의원,T1 정확표기,q_한의원_01,한의원,건강·의료 중 '한의원'을 판매·제공하는 매장,f9f1a7ce-ce7b-4ec4-9a5d-b223ca0a126b,율한의원,한의원,용문 골목형상점가,골목형상점가,제주특별자치도,3.0,3.0,,,RESOLVED_AGREEMENT,False,3,,,,
54a8d84bab4c521efa0f,test,한의원,T1 정확표기,q_한의원_01,한의원,건강·의료 중 '한의원'을 판매·제공하는 매장,4d25e85f-e95b-45a6-9fa6-a47742892463,카포스으뜸카센타,정비,신안동용봉초 골목형상점가,골목형상점가,광주광역시,2.0,0.0,,,P1_BINARY_THRESHOLD,True,,,,,
fb15be6b0c54d0e86932,test,한의원,T1 정확표기,q_한의원_01,한의원,건강·의료 중 '한의원'을 판매·제공하는 매장,16305b8a-b10f-4b38-a061-a5d2a10c4e63,로하셀한의원,한의원,치평상무역상인회 골목형상점가,골목형상점가,광주광역시,3.0,3.0,,,RESOLVED_AGREEMENT,False,3,,,,
35f91f296e8e62607516,test,한의원,T1 정확표기,q_한의원_01,한의원,건강·의료 중 '한의원'을 판매·제공하는 매장,8639af76-715d-43ae-8765-d2de1942ef8a,더상춘한의원,한의원,신당미래유산먹거리 골목형상점가,골목형상점가,서울특별시,3.0,3.0,,,RESOLVED_AGREEMENT,False,3,,,,
bb2443908ee9a98e14e8,test,한의원,T1 정확표기,q_한의원_01,한의원,건강·의료 중 '한의원'을 판매·제공하는 매장,8355d469-a19c-4fff-95f0-faa958d48457,호랑이 한의원,한의원,반석동 골목형상점가,골목형상점가,대전광역시,3.0,3.0,,,RESOLVED_AGREEMENT,False,3,,,,
bf82dcd576f9c3415928,test,한의원,T1 정확표기,q_한의원_01,한의원,건강·의료 중 '한의원'을 판매·제공하는 매장,29a20609-dd52-4fb7-a50f-700260b8f633,더준 한의원,한의원,전남대후문골목형상점가,골목형상점가,광주광역시,3.0,3.0,,,RESOLVED_AGREEMENT,False,3,,,,
32560bfa9196ff624a0f,test,한의원,T1 정확표기,q_한의원_01,한의원,건강·의료 중 '한의원'을 판매·제공하는 매장,86a724a9-126d-4857-ba7b-af6d054bb5bf,민창한의원,한의원,온택트 괴정스마트 상권활성화구역,상권활성화구역,부산광역시,3.0,3.0,,,RESOLVED_AGREEMENT,False,3,,,,
d659d693f5991908b4ca,test,한의원,T1 정확표기,q_한의원_01,한의원,건강·의료 중 '한의원'을 판매·제공하는 매장,ef473eef-9e09-44f8-8cd4-aeea4d8c9619,장한의원,한의원,대인동예술담길 골목형상점가,골목형상점가,광주광역시,3.0,3.0,,,RESOLVED_AGREEMENT,False,3,,,,
c2d4b6c8889965cfc78a,test,한의원,T1 정확표기,q_한의원_01,한의원,건강·의료 중 '한의원'을 판매·제공하는 매장,802c11b2-50c5-41b0-871a-c25c27c4d4fe,세봉한의원,한의원,남천골목시장 골목형상점가,골목형상점가,부산광역시,3.0,3.0,,,RESOLVED_AGREEMENT,False,3,,,,
32317b5142e8a92f18ca,test,한의원,T1 정확표기,q_한의원_01,한의원,건강·의료 중 '한의원'을 판매·제공하는 매장,8fefd2b1-c968-452d-83de-6a820d143dc2,하늘체한의원,한의원,길주로 골목형상점가,골목형상점가,경기도,3.0,3.0,,,RESOLVED_AGREEMENT,False,3,,,,
f7e0a24445562f64ca3d,test,한의원,T1 정확표기,q_한의원_01,한의원,건강·의료 중 '한의원'을 판매·제공하는 매장,4b25ca1a-f005-4bf3-bf83-c283d3dfc22b,이창욱한의원,한의원,다사역 골목형상점가,골목형상점가,대구광역시,3.0,3.0,,,RESOLVED_AGREEMENT,False,3,,,,
bf034811e6bc08a8b07e,test,한의원,T2 동의어,q_한의원_02,추나,건강·의료 중 '한의원'을 판매·제공하는 매장,e0e102f2-9684-4c6e-9436-259b0fbb028c,추나네 반건조,생선,"온양온천시장(온양재래시장, 전통시장)",전통시장,충청남도,2.0,0.0,,,P1_BINARY_THRESHOLD,True,,,,,
b934e1e126167412bd75,test,한의원,T2 동의어,q_한의원_02,추나,건강·의료 중 '한의원'을 판매·제공하는 매장,4ddd87b8-9cb6-4264-bd43-246128847482,추억꺼리,한식,신기골목형상점가,골목형상점가,전라남도,0.0,0.0,,,RESOLVED_AGREEMENT,False,0,,,,
5ea12458864c3090eefe,test,한의원,T2 동의어,q_한의원_02,추나,건강·의료 중 '한의원'을 판매·제공하는 매장,89e7f40d-db4d-4f67-875c-1be80253e6e5,약수부부한의원,한약 침치료 추나치료,상도약수골목형상점가,골목형상점가,서울특별시,3.0,3.0,,,RESOLVED_AGREEMENT,False,3,,,,
77b056abde54a059c0a5,test,한의원,T2 동의어,q_한의원_02,추나,건강·의료 중 '한의원'을 판매·제공하는 매장,6cc2aecf-ffb7-4413-8eae-225bb6fe6da4,연우당한의원,침 부항 추나 한약,남구로시장,전통시장,서울특별시,3.0,3.0,,,RESOLVED_AGREEMENT,False,3,,,,
26f8b3889ee93bb45924,test,한의원,T2 동의어,q_한의원_02,추나,건강·의료 중 '한의원'을 판매·제공하는 매장,fc5bb92f-62db-4ded-afbd-21c5b3d8f072,최한의원,한의원 진료 한약 침 부항 약침 추나요법,반석동 골목형상점가,골목형상점가,대전광역시,3.0,3.0,,,RESOLVED_AGREEMENT,False,3,,,,
31d9265099fe7243c22a,test,한의원,T2 동의어,q_한의원_02,추나,건강·의료 중 '한의원'을 판매·제공하는 매장,00681cee-2849-497b-b7d1-548576542ed2,풍암한의원,한의원,풍암벚꽃길상인회 골목형상점가,골목형상점가,광주광역시,3.0,3.0,,,RESOLVED_AGREEMENT,False,3,,,,
f9d6bdebe05c1cba0db6,test,한의원,T2 동의어,q_한의원_02,추나,건강·의료 중 '한의원'을 판매·제공하는 매장,02b05ddb-3724-4a0c-b4ef-b9791576d5a0,산본한의원,한약,산본전통시장(구 군포산본시장),전통시장,경기도,2.0,3.0,,,P2_GRADED_ONLY,True,,,,,
38bb635b58a786d8a5b7,test,한의원,T2 동의어,q_한의원_02,추나,건강·의료 중 '한의원'을 판매·제공하는 매장,e3ef22f1-dd4f-45fb-94b3-e799925f9f27,본디올대치한의원,추나 약침 약 뜸 침 생태치유,은마종합상점가,자율상권구역,서울특별시,3.0,3.0,,,RESOLVED_AGREEMENT,False,3,,,,
f3449d0431a1dc5c26c2,test,한의원,T2 동의어,q_한의원_02,추나,건강·의료 중 '한의원'을 판매·제공하는 매장,0e0981f9-146a-43b4-9550-08cf3d10f3f2,추향정,추어탕,첨단지구 골목형상점가,골목형상점가,광주광역시,0.0,0.0,,,RESOLVED_AGREEMENT,False,0,,,,
32acac3a99e86de048f5,test,한의원,T2 동의어,q_한의원_02,추나,건강·의료 중 '한의원'을 판매·제공하는 매장,0ab1eb9a-a600-4ac0-8ce5-615819efcf3f,차차한의원,한방,배방공수 골목형상점가,골목형상점가,충청남도,2.0,3.0,,,P2_GRADED_ONLY,True,,,,,
2b951cecf22b641b4b66,test,한의원,T2 동의어,q_한의원_02,추나,건강·의료 중 '한의원'을 판매·제공하는 매장,d65a79f4-9347-40a9-8735-c6f7c89f6ab1,추억집,한식,안양1번가 상점가,자율상권구역,경기도,0.0,0.0,,,RESOLVED_AGREEMENT,False,0,,,,
fd7f1975cb68db33f039,test,한의원,T2 동의어,q_한의원_02,추나,건강·의료 중 '한의원'을 판매·제공하는 매장,aac5ea6c-7c60-4412-a364-eb3db0d12a8f,육연식당,육회&연어,행복로골목형상점가,골목형상점가,경기도,0.0,0.0,,,RESOLVED_AGREEMENT,False,0,,,,
d655d15174d1f3b9d46b,test,한의원,T2 동의어,q_한의원_02,추나,건강·의료 중 '한의원'을 판매·제공하는 매장,2a4ef30d-4de9-415e-8bda-00793715f65a,추억의달고나,과자,화성행궁골목형상점가,골목형상점가,경기도,0.0,0.0,,,RESOLVED_AGREEMENT,False,0,,,,
64c7ab6e6d3d39da0343,test,한의원,T2 동의어,q_한의원_02,추나,건강·의료 중 '한의원'을 판매·제공하는 매장,464d910a-7b24-4976-aef6-908781f1ff63,대추나무,한식,수암회수산시장,골목형상점가,울산광역시,2.0,0.0,,,P1_BINARY_THRESHOLD,True,,,,,
ed338435c8c8331a742f,test,한의원,T2 동의어,q_한의원_02,추나,건강·의료 중 '한의원'을 판매·제공하는 매장,b49aeaa8-a4b3-41b6-af7e-10128eaa37be,에나,의류,과천제일쇼핑시장,전통시장,경기도,0.0,0.0,,,RESOLVED_AGREEMENT,False,0,,,,
063215c311a7f914fe38,test,한의원,T2 동의어,q_한의원_02,추나,건강·의료 중 '한의원'을 판매·제공하는 매장,8cae8e4a-4881-49ac-8b26-8c116d027a19,365매일한의원,침 뜸 부항 약침 추나 감기약 소화제,삼천동제일 골목형상점가,골목형상점가,전북특별자치도,3.0,3.0,,,RESOLVED_AGREEMENT,False,3,,,,
f78465574aa01f85f0b0,test,한의원,T2 동의어,q_한의원_02,추나,건강·의료 중 '한의원'을 판매·제공하는 매장,8fe4b10f-09af-458b-93fc-3ca7a0aa4e04,김민우한의원,침 약침 봉침 부항 추나 왕뜸 한약 경옥고 공진단 다이어트한약,구매탄시장,전통시장,경기도,3.0,3.0,,,RESOLVED_AGREEMENT,False,3,,,,
0a0b8f6d3689dcd2b7fa,test,한의원,T2 동의어,q_한의원_02,추나,건강·의료 중 '한의원'을 판매·제공하는 매장,1e033486-535f-4874-8bab-2a403f711bb7,유나,,논산화지중앙시장,전통시장,충청남도,,0.0,Y,,P0_UNCERTAIN_OR_MISSING,True,,,,,
dd9934f30e7b253c783a,test,한의원,T2 동의어,q_한의원_02,추나,건강·의료 중 '한의원'을 판매·제공하는 매장,317e08b6-18b0-4d4e-9357-9e7799383dc1,추어당,,관저상가 골목형상점가,골목형상점가,대전광역시,,0.0,Y,,P0_UNCERTAIN_OR_MISSING,True,,,,,
a6abbba6b06af9db4a26,test,한의원,T2 동의어,q_한의원_02,추나,건강·의료 중 '한의원'을 판매·제공하는 매장,e5a6f9f5-d811-46fa-8888-8b89aa1c13be,마띠나,분식,익산 다e로움 상권활성화구역,상권활성화구역,전북특별자치도,0.0,0.0,,,RESOLVED_AGREEMENT,False,0,,,,
4e5bcc78ed471169734b,test,한의원,T2 동의어,q_한의원_02,추나,건강·의료 중 '한의원'을 판매·제공하는 매장,169390f6-067f-457e-b690-3baeec3e0bd2,추억식당,한식,중앙신시장,전통시장,경상북도,0.0,0.0,,,RESOLVED_AGREEMENT,False,0,,,,
d69d9f27c4c4f22b4e6c,test,한의원,T2 동의어,q_한의원_02,추나,건강·의료 중 '한의원'을 판매·제공하는 매장,9e3e0010-8a5d-4069-bd02-00b255b5a92f,안암부부한의원,침 추나 한약 물리치료,고대 골목형상점가,골목형상점가,서울특별시,3.0,3.0,,,RESOLVED_AGREEMENT,False,3,,,,
eab6eaf12a58db1e6816,test,한의원,T2 동의어,q_한의원_02,추나,건강·의료 중 '한의원'을 판매·제공하는 매장,1b558f2b-721e-4a0d-a51e-a3806018c791,단추나무,의류,주안시민지하도상점가,일반지하상점가,인천광역시,2.0,0.0,,,P1_BINARY_THRESHOLD,True,,,,,
58c684870d260f44c782,test,한의원,T2 동의어,q_한의원_02,추나,건강·의료 중 '한의원'을 판매·제공하는 매장,ad98d55a-fffa-43cc-bb3d-123b336fd707,카데나,한식,평택국제중앙시장,전통시장,경기도,0.0,0.0,,,RESOLVED_AGREEMENT,False,0,,,,
9baf38a7aa49f074104b,test,한의원,T2 동의어,q_한의원_02,추나,건강·의료 중 '한의원'을 판매·제공하는 매장,0532ce10-a52b-42cf-8bd4-5412db78e694,계룡산한의원,한방의료서비스,신도안면 골목형상점가,골목형상점가,충청남도,2.0,3.0,,,P2_GRADED_ONLY,True,,,,,
7826042214b1fd08c2fe,test,한의원,T2 동의어,q_한의원_02,추나,건강·의료 중 '한의원'을 판매·제공하는 매장,1c8a8990-c1c5-4b90-99a1-09919d081f9a,건강미현대웰빙의원,진료,광산 송2송2 골목형상점가,골목형상점가,광주광역시,1.0,2.0,,,P1_BINARY_THRESHOLD,True,,,,,
174df6d650be06ebefa3,test,한의원,T2 동의어,q_한의원_02,추나,건강·의료 중 '한의원'을 판매·제공하는 매장,1b59edbb-a321-4650-a22e-d2701c487eab,뽀데나,의류,동산상가,전통시장,대구광역시,0.0,0.0,,,RESOLVED_AGREEMENT,False,0,,,,
94828b2c476e1ae4524e,test,한의원,T2 동의어,q_한의원_02,추나,건강·의료 중 '한의원'을 판매·제공하는 매장,bf2dce02-a4f2-4eeb-a90e-acb7cab0a1f6,또나,의류,원주중앙로문화의거리,자율상권구역,강원특별자치도,0.0,0.0,,,RESOLVED_AGREEMENT,False,0,,,,
33def84747cfc5086a31,test,한의원,T2 동의어,q_한의원_02,추나,건강·의료 중 '한의원'을 판매·제공하는 매장,9631f0f0-91fe-4b49-88e5-daa7a58e9a52,광덕힐한의원,한방진료 침 뜸 부항 추나요법,힐스상인회 골목형상점가,골목형상점가,광주광역시,3.0,3.0,,,RESOLVED_AGREEMENT,False,3,,,,
5cf478b74ebb0ecca13c,test,한의원,T2 동의어,q_한의원_02,추나,건강·의료 중 '한의원'을 판매·제공하는 매장,8d3bb125-50ee-4cda-a3cc-47d58d37da2c,알자나,의류,수원영동시장,전통시장,경기도,0.0,0.0,,,RESOLVED_AGREEMENT,False,0,,,,
b086c1ec233e0b9fe2a2,test,한의원,T2 동의어,q_한의원_02,추나,건강·의료 중 '한의원'을 판매·제공하는 매장,239c0fcf-ec40-4a20-a790-57ef66a057da,경희팔팔한의원,침 추나 공진단 다이어트,청량리청과물시장,전통시장,서울특별시,3.0,3.0,,,RESOLVED_AGREEMENT,False,3,,,,
25e8b70d03a8785d97ca,test,한의원,T2 동의어,q_한의원_02,추나,건강·의료 중 '한의원'을 판매·제공하는 매장,e78e8eee-071d-4ab7-b3b4-c3871ada6f85,추억상점,,동쪽바다중앙시장(구 동해중앙시장),전통시장,강원특별자치도,,0.0,Y,,P0_UNCERTAIN_OR_MISSING,True,,,,,
7369fd0932db16684540,test,한의원,T2 동의어,q_한의원_02,추나,건강·의료 중 '한의원'을 판매·제공하는 매장,dcdec009-0d5f-459b-b750-bbee5a87b226,원나,의류,목포신중앙시장,전통시장,전라남도,0.0,0.0,,,RESOLVED_AGREEMENT,False,0,,,,
9824f6fc074be9132333,test,한의원,T2 동의어,q_한의원_02,추나,건강·의료 중 '한의원'을 판매·제공하는 매장,37cec87a-bb58-470c-81cf-e1da4d862e12,추오정,추어탕,동작구 LINK 상권활성화구역,상권활성화구역,서울특별시,0.0,0.0,,,RESOLVED_AGREEMENT,False,0,,,,
d05742a524f55d684695,test,한의원,T2 동의어,q_한의원_02,추나,건강·의료 중 '한의원'을 판매·제공하는 매장,e77bbe26-dc54-481a-9fe5-ab52ddbbf0ff,대령숙수 추어탕,추어탕,반곡동 골목형상점가,골목형상점가,세종특별자치시,0.0,0.0,,,RESOLVED_AGREEMENT,False,0,,,,
24d3babb9380806b53d6,test,한의원,T2 동의어,q_한의원_02,추나,건강·의료 중 '한의원'을 판매·제공하는 매장,06275db0-3bc6-4cb2-b2d0-9c2172db74f9,장편한김용성내과,진료,산본로데오거리(구 산본중심상가),자율상권구역,경기도,0.0,0.0,,,RESOLVED_AGREEMENT,False,0,,,,
e93e94e36ca93a5d3b64,test,한의원,T2 동의어,q_한의원_02,추나,건강·의료 중 '한의원'을 판매·제공하는 매장,1d9a90fe-5dff-4ad7-a1a3-26e357d4c8f6,마이산한방 흑돼지족발,한식,진안시장(진안고원시장),전통시장,전북특별자치도,2.0,0.0,,,P1_BINARY_THRESHOLD,True,,,,,
5cccb041d79d23805825,test,한의원,T2 동의어,q_한의원_02,추나,건강·의료 중 '한의원'을 판매·제공하는 매장,c32b58be-d133-4467-80cd-619ee47916b9,추어가 남원추어탕,추어탕,선운별 골목형상점가,골목형상점가,광주광역시,0.0,0.0,,,RESOLVED_AGREEMENT,False,0,,,,
3430e7ecb84962006aee,test,한의원,T2 동의어,q_한의원_02,추나,건강·의료 중 '한의원'을 판매·제공하는 매장,294d0244-4a8f-4c79-b011-491c943b7da8,오러나,의류,동산상가,전통시장,대구광역시,0.0,0.0,,,RESOLVED_AGREEMENT,False,0,,,,
b260c90ba573545987f4,test,한의원,T2 동의어,q_한의원_02,추나,건강·의료 중 '한의원'을 판매·제공하는 매장,47a0d870-700b-46f0-812d-383f798bfa94,추미정,추어탕,태화십리대밭먹거리단지 상점가,자율상권구역,울산광역시,0.0,0.0,,,RESOLVED_AGREEMENT,False,0,,,,
41c13c86367783c848a2,test,한의원,T2 동의어,q_한의원_02,추나,건강·의료 중 '한의원'을 판매·제공하는 매장,96d2ed0c-204f-4388-9204-a0a9598bd09e,추억김밥,한식,광명전통시장,전통시장,경기도,0.0,0.0,,,RESOLVED_AGREEMENT,False,0,,,,
f149cdfa1a8007793e56,test,한의원,T2 동의어,q_한의원_02,추나,건강·의료 중 '한의원'을 판매·제공하는 매장,0056dcd4-0ac0-4535-9ee5-c8fd19d8ff14,중화한의원,한의원,보령한내시장,전통시장,충청남도,3.0,3.0,,,RESOLVED_AGREEMENT,False,3,,,,
53550324d71eba09974f,test,한의원,T2 동의어,q_한의원_02,추나,건강·의료 중 '한의원'을 판매·제공하는 매장,00523307-cc4c-4b0c-8b2f-176ca7450d24,오름한의원,한의원,아차산등산로골목형상점가,골목형상점가,서울특별시,3.0,3.0,,,RESOLVED_AGREEMENT,False,3,,,,
221bca102eea5f3f5cf8,test,한의원,T2 동의어,q_한의원_02,추나,건강·의료 중 '한의원'을 판매·제공하는 매장,005be19f-78f9-455e-9516-5b6ada9b2f79,명주약업사,한약도매,학성새벽시장,전통시장,울산광역시,2.0,3.0,,,P2_GRADED_ONLY,True,,,,,
04f7e4fa2f79f7eb7129,test,한의원,T2 동의어,q_한의원_02,추나,건강·의료 중 '한의원'을 판매·제공하는 매장,9ea481ab-2428-47f9-ac8e-b5f9fe09c154,이불하나,,첨단청사초롱길 골목형상점가,골목형상점가,,0.0,0.0,,,RESOLVED_AGREEMENT,False,0,,,,
543e0fc00a785f70773a,test,한의원,T2 동의어,q_한의원_02,추나,건강·의료 중 '한의원'을 판매·제공하는 매장,035c1b8a-8efd-4448-a276-7b9c25dadd68,광명당약업사,한약재,금산국제인삼시장,전통시장,충청남도,2.0,3.0,,,P2_GRADED_ONLY,True,,,,,
ab558468b5a7124c3239,test,한의원,T2 동의어,q_한의원_02,추나,건강·의료 중 '한의원'을 판매·제공하는 매장,1528d4d0-e0cc-42a0-b966-5bc6f129a767,자연애찬,,북평민속시장(북평민속5일장),전통시장,강원특별자치도,,0.0,Y,,P0_UNCERTAIN_OR_MISSING,True,,,,,
4adc331c9d8f8952efe7,test,한의원,T2 동의어,q_한의원_02,추나,건강·의료 중 '한의원'을 판매·제공하는 매장,94f11d34-de95-4bee-82f4-04b004d5b7ea,키므안나,,수송제일 골목형상점가,골목형상점가,전북특별자치도,,0.0,Y,,P0_UNCERTAIN_OR_MISSING,True,,,,,
6dec0ae0905d5445c442,test,한의원,T2 동의어,q_한의원_02,추나,건강·의료 중 '한의원'을 판매·제공하는 매장,c493445c-de74-44d2-9251-9f96e6adc019,크린토피아 쌍문2호점,세탁,노해랑길골목형상점가,골목형상점가,서울특별시,0.0,0.0,,,RESOLVED_AGREEMENT,False,0,,,,
bc7cadc89357bd87f219,test,한의원,T2 동의어,q_한의원_02,추나,건강·의료 중 '한의원'을 판매·제공하는 매장,04a734bb-1790-4ecd-9398-2fd3359294d0,제일의원,진료,두암시장주변 골목형상점가,골목형상점가,광주광역시,1.0,2.0,,,P1_BINARY_THRESHOLD,True,,,,,
c8d2ee6c31699ed434ef,test,한의원,T2 동의어,q_한의원_02,추나,건강·의료 중 '한의원'을 판매·제공하는 매장,20c9e80d-a3a6-4e91-8c01-3ca6b7089a44,도움온누리약국,의약품 및 의료기기,화정역상인회 골목형상점가,골목형상점가,광주광역시,1.0,2.0,,,P1_BINARY_THRESHOLD,True,,,,,
e54f5b293fddb799e4de,test,한의원,T2 동의어,q_한의원_02,추나,건강·의료 중 '한의원'을 판매·제공하는 매장,20ad171b-58ef-440b-bd2e-15ac23775ce1,청담한의원,침 한약 약침 추나치료 등,화정한울타리상인회 골목형상점가,골목형상점가,광주광역시,3.0,3.0,,,RESOLVED_AGREEMENT,False,3,,,,
5a3583a1462eb07ee26c,test,한의원,T2 동의어,q_한의원_02,추나,건강·의료 중 '한의원'을 판매·제공하는 매장,5f6f918b-bb55-4142-8a34-27f699167ae1,추선생,한식,왕십리도선동상점가,자율상권구역,서울특별시,0.0,0.0,,,RESOLVED_AGREEMENT,False,0,,,,
5da12051112e06d90f57,test,한의원,T2 동의어,q_한의원_02,추나,건강·의료 중 '한의원'을 판매·제공하는 매장,37618079-4f0d-410e-8e00-218874cf09e3,핸나,의류,진성 골목형상점가,골목형상점가,전북특별자치도,0.0,0.0,,,RESOLVED_AGREEMENT,False,0,,,,
531b6bc80f53fe306d3a,test,한의원,T2 동의어,q_한의원_02,추나,건강·의료 중 '한의원'을 판매·제공하는 매장,9382e25c-c28d-4053-8c6d-5ade6d3555b8,다순배기 추어탕,추어탕,첨단지구 골목형상점가,골목형상점가,광주광역시,0.0,0.0,,,RESOLVED_AGREEMENT,False,0,,,,
64d6ebd646aafbf9ecbf,test,한의원,T2 동의어,q_한의원_02,추나,건강·의료 중 '한의원'을 판매·제공하는 매장,0002538c-b8d9-4911-81c7-966789036b09,빛고을 치과의원,의원,세은 골목형상점가,골목형상점가,광주광역시,1.0,2.0,,,P1_BINARY_THRESHOLD,True,,,,,
a51088e7c68b507a1cf8,test,한의원,T2 동의어,q_한의원_02,추나,건강·의료 중 '한의원'을 판매·제공하는 매장,ef9195de-8597-43eb-bd9e-244a1e121395,안나,,왜관시장,전통시장,경상북도,,0.0,Y,,P0_UNCERTAIN_OR_MISSING,True,,,,,
2698e79e3d0f8011fd0d,test,한의원,T2 동의어,q_한의원_02,추나,건강·의료 중 '한의원'을 판매·제공하는 매장,597f65f9-d8e4-4b70-a12c-e3fb185a70df,청추나한의원,한의원,장미달빛거리골목형상점가,골목형상점가,서울특별시,3.0,3.0,,,RESOLVED_AGREEMENT,False,3,,,,
c83aec30182d2e89f946,test,한의원,T2 동의어,q_한의원_02,추나,건강·의료 중 '한의원'을 판매·제공하는 매장,60627c6d-351d-4926-980d-ac77734c758e,천연헤나,헤나,신정평화시장,전통시장,울산광역시,0.0,0.0,,,RESOLVED_AGREEMENT,False,0,,,,
6500c4738693bf76ed1b,test,한의원,T2 동의어,q_한의원_02,추나,건강·의료 중 '한의원'을 판매·제공하는 매장,00192f22-a492-4ba5-a62d-65bf0d0ec7b9,큰물한의원,한의원,전주서곡 골목형상점가,골목형상점가,전북특별자치도,3.0,3.0,,,RESOLVED_AGREEMENT,False,3,,,,
78bf5ec7ae564001b8c3,test,한의원,T2 동의어,q_한의원_02,추나,건강·의료 중 '한의원'을 판매·제공하는 매장,6d7e89f2-7b8b-41a9-bee3-ff06bab7d58a,나나,,창원 성원그랜드쇼핑상가,전통시장,경상남도,,0.0,Y,,P0_UNCERTAIN_OR_MISSING,True,,,,,
26e8394b0107c3a37f17,test,한의원,T2 동의어,q_한의원_02,추나,건강·의료 중 '한의원'을 판매·제공하는 매장,652dc5b7-5a43-4051-bb5f-deed6f0a3a1b,대추나무 돼지걸렸네,,치동천 수변상가,자율상권구역,경기도,3.0,0.0,,,P1_BINARY_THRESHOLD,True,,,,,
70f552a712c552a2da9a,test,한의원,T2 동의어,q_한의원_02,추나,건강·의료 중 '한의원'을 판매·제공하는 매장,5e02e038-803b-400a-a71a-216979e711db,맛있는집소풍(방이본점),한분식,방이시장,전통시장,서울특별시,0.0,0.0,,,RESOLVED_AGREEMENT,False,0,,,,
b04ad41293acbc3823a0,test,한의원,T2 동의어,q_한의원_02,추나,건강·의료 중 '한의원'을 판매·제공하는 매장,dd2b354a-bda4-455c-be34-ebc71b91dc8e,추련,의류,안성맞춤시장,전통시장,경기도,0.0,0.0,,,RESOLVED_AGREEMENT,False,0,,,,
dd164338fcde098c65e0,test,한의원,T2 동의어,q_한의원_02,추나,건강·의료 중 '한의원'을 판매·제공하는 매장,1a0defb7-c84d-484d-a47d-19d95eac79d4,한민한의원,"한약, 침, 부항, 추나",괴정가장로 골목형상점가,골목형상점가,대전광역시,3.0,3.0,,,RESOLVED_AGREEMENT,False,3,,,,
f4d3f81ff2b03694fea1,test,한의원,T2 동의어,q_한의원_02,추나,건강·의료 중 '한의원'을 판매·제공하는 매장,91fc6cdf-5c61-4606-bb7d-5fe060ebc682,생강밭대추나무,,신정상가시장,전통시장,울산광역시,3.0,0.0,,,P1_BINARY_THRESHOLD,True,,,,,
8b2bd4e24b2f8150bf57,test,한의원,T2 동의어,q_한의원_02,추나,건강·의료 중 '한의원'을 판매·제공하는 매장,4000bb9a-e56b-4e85-8aa5-f8cca5b507cc,해들한의원,한약.추나.침치료,대평동 골목형상점가,골목형상점가,세종특별자치시,3.0,3.0,,,RESOLVED_AGREEMENT,False,3,,,,
e96a5df7c9fbf56c11be,test,한의원,T2 동의어,q_한의원_02,추나,건강·의료 중 '한의원'을 판매·제공하는 매장,f3cb63ca-2cba-4371-807f-e914c24fd26e,오약국,"약조제, 판매",광명새마을시장,전통시장,경기도,0.0,2.0,,,P1_BINARY_THRESHOLD,True,,,,,
4e5fc718bd0b77c4e258,test,한의원,T2 동의어,q_한의원_02,추나,건강·의료 중 '한의원'을 판매·제공하는 매장,02942ca3-7579-4db2-becb-fb2b1e71e633,보광한약방,한약방,내수전통시장,전통시장,충청북도,2.0,3.0,,,P2_GRADED_ONLY,True,,,,,
cce86e6abb8d4a47f83d,test,한의원,T2 동의어,q_한의원_02,추나,건강·의료 중 '한의원'을 판매·제공하는 매장,877cb03b-dd3f-4ce0-ac29-fdd9aece796c,대추나무약국,의약품,백운진다리 골목형상점가,골목형상점가,광주광역시,2.0,3.0,,,P2_GRADED_ONLY,True,,,,,
b3f9945bc8711df7d927,test,한의원,T2 동의어,q_한의원_02,추나,건강·의료 중 '한의원'을 판매·제공하는 매장,3a1fd7b7-d52e-485e-8eca-d230de10868e,금강한의원,물리치료 부항 뜸 추나 약침 침치료 한약 보약,조치원중심가로상점가,자율상권구역,세종특별자치시,3.0,3.0,,,RESOLVED_AGREEMENT,False,3,,,,
4e7594f7803ca3b8593d,test,한의원,T2 동의어,q_한의원_02,추나,건강·의료 중 '한의원'을 판매·제공하는 매장,bd2b71a6-bfbc-4ebf-8952-fc587f4680b8,대추나무,,작은모래내 골목형상점가,골목형상점가,전북특별자치도,3.0,0.0,,,P1_BINARY_THRESHOLD,True,,,,,
003d79e167eecf842d1e,test,한의원,T2 동의어,q_한의원_02,추나,건강·의료 중 '한의원'을 판매·제공하는 매장,84616328-82c0-408b-85cd-6d1003896fca,루나,,부산자유시장,전통시장,부산광역시,,0.0,Y,,P0_UNCERTAIN_OR_MISSING,True,,,,,
fc930d8d37d762b4ac03,test,한의원,T2 동의어,q_한의원_02,추나,건강·의료 중 '한의원'을 판매·제공하는 매장,3ad4acb5-0188-4a24-81f4-0236775409c6,골목집,한식,화성행궁골목형상점가,골목형상점가,경기도,0.0,0.0,,,RESOLVED_AGREEMENT,False,0,,,,
d06143695638c9509ae0,test,한의원,T2 동의어,q_한의원_02,추나,건강·의료 중 '한의원'을 판매·제공하는 매장,07642cd2-da01-4c61-b136-9b7960b98e30,흙다방,한방차,을지로지하보도쇼핑센터,일반지하상점가,서울특별시,2.0,0.0,,,P1_BINARY_THRESHOLD,True,,,,,
104cc8efb103c875213e,test,한의원,T2 동의어,q_한의원_02,추나,건강·의료 중 '한의원'을 판매·제공하는 매장,00c44c1d-ee28-4fc2-a0f0-e3454de86603,준 한의원,한방의료서비스,첨단연신로 골목형상점가,골목형상점가,광주광역시,2.0,3.0,,,P2_GRADED_ONLY,True,,,,,
2e5e1b0263398ed0567d,test,한의원,T2 동의어,q_한의원_02,추나,건강·의료 중 '한의원'을 판매·제공하는 매장,f11f4c45-0cce-4e84-8d02-6c99ef7e2957,비숍귀티나,의류,안양일번가 지하쇼핑몰,일반지하상점가,경기도,0.0,0.0,,,RESOLVED_AGREEMENT,False,0,,,,
b7ec1d343fa58e6c902a,test,한의원,T2 동의어,q_한의원_02,추나,건강·의료 중 '한의원'을 판매·제공하는 매장,91783d48-8993-4a8b-bc8f-a2723dd6b98b,경희허준한의원,한약처방 한방치료 통증치료 침 뜸 부항 물리치료 전침 추나 경옥고 공진단,대조시장,전통시장,서울특별시,3.0,3.0,,,RESOLVED_AGREEMENT,False,3,,,,
6eda1b88222359c2e0e0,test,한의원,T2 동의어,q_한의원_02,추나,건강·의료 중 '한의원'을 판매·제공하는 매장,63748b57-5ebb-40f0-8795-03afd191a6fe,만나,,신장원 골목형상점가,골목형상점가,전북특별자치도,,0.0,Y,,P0_UNCERTAIN_OR_MISSING,True,,,,,
a479babe079d9eb32dee,test,한의원,T2 동의어,q_한의원_02,추나,건강·의료 중 '한의원'을 판매·제공하는 매장,903f9574-8854-47d7-be62-77474f888cb7,온나,,웰컴시티,전통시장,울산광역시,,0.0,Y,,P0_UNCERTAIN_OR_MISSING,True,,,,,
e65ca90225c4f2a786e1,test,한의원,T2 동의어,q_한의원_02,추나,건강·의료 중 '한의원'을 판매·제공하는 매장,049687c2-f8a0-4684-a17f-fd57b7fb23f3,맞춤한의원,한방진료,새마을시장,전통시장,서울특별시,2.0,3.0,,,P2_GRADED_ONLY,True,,,,,
0fa1513307a57a2c7caa,test,한의원,T2 동의어,q_한의원_02,추나,건강·의료 중 '한의원'을 판매·제공하는 매장,f21ab709-9e76-4795-b422-fca0d4501872,추억상점,,운정역 중심상가 골목형상점가,골목형상점가,경기도,,0.0,Y,,P0_UNCERTAIN_OR_MISSING,True,,,,,
2e4d91497e742f4ddd02,test,한의원,T2 동의어,q_한의원_02,추나,건강·의료 중 '한의원'을 판매·제공하는 매장,fcbbf76b-9a4a-4d81-b5b0-647881d98e8e,추씨농원,생화,대구꽃백화점 골목형상점가,골목형상점가,대구광역시,0.0,0.0,,,RESOLVED_AGREEMENT,False,0,,,,
cb5931e16c609883a3ea,test,한의원,T2 동의어,q_한의원_02,추나,건강·의료 중 '한의원'을 판매·제공하는 매장,04b3f97b-2da5-4d58-8ab5-c5e9f48061c5,새몸한의원,한의진료 한의의료시술 침 뜸 부항 물리요법 추나요법 약침 봉침 한약 등,봉선로1 골목형상점가,골목형상점가,광주광역시,3.0,3.0,,,RESOLVED_AGREEMENT,False,3,,,,
88b73a1ac9ecbf1c7615,test,한의원,T2 동의어,q_한의원_03,한방,건강·의료 중 '한의원'을 판매·제공하는 매장,c368224a-ba58-4513-a3ba-570d0d3d20a8,동양찻집 평촌학원가점,한방 찻집,귀인동먹거리촌 골목형상점가,골목형상점가,경기도,3.0,0.0,,,P1_BINARY_THRESHOLD,True,,,,,
ceb2bd530c76e743bce0,test,한의원,T2 동의어,q_한의원_03,한방,건강·의료 중 '한의원'을 판매·제공하는 매장,d5cbec69-5a86-4d21-ad3a-3a6d91609f51,선경이불,침구,연산골목시장상점가,자율상권구역,부산광역시,0.0,0.0,,,RESOLVED_AGREEMENT,False,0,,,,
c56040802429ee576e14,test,한의원,T2 동의어,q_한의원_03,한방,건강·의료 중 '한의원'을 판매·제공하는 매장,02942ca3-7579-4db2-becb-fb2b1e71e633,보광한약방,한약방,내수전통시장,전통시장,충청북도,3.0,3.0,,,RESOLVED_AGREEMENT,False,3,,,,
9be2a05b055bd548c49c,test,한의원,T2 동의어,q_한의원_03,한방,건강·의료 중 '한의원'을 판매·제공하는 매장,005be19f-78f9-455e-9516-5b6ada9b2f79,명주약업사,한약도매,학성새벽시장,전통시장,울산광역시,3.0,3.0,,,RESOLVED_AGREEMENT,False,3,,,,
b4238048fb6ac1d86252,test,한의원,T2 동의어,q_한의원_03,한방,건강·의료 중 '한의원'을 판매·제공하는 매장,2f761257-4534-4951-bb19-dcd29c5106b8,상원한의원,한방 의료,성서계대로데오거리 골목형상점가,골목형상점가,대구광역시,3.0,3.0,,,RESOLVED_AGREEMENT,False,3,,,,
8ef9a6bce0036dd3f7e1,test,한의원,T2 동의어,q_한의원_03,한방,건강·의료 중 '한의원'을 판매·제공하는 매장,00523307-cc4c-4b0c-8b2f-176ca7450d24,오름한의원,한의원,아차산등산로골목형상점가,골목형상점가,서울특별시,3.0,3.0,,,RESOLVED_AGREEMENT,False,3,,,,
b02cf1e95f1bccf1361a,test,한의원,T2 동의어,q_한의원_03,한방,건강·의료 중 '한의원'을 판매·제공하는 매장,d76a9e61-d418-4d08-9124-6d6370a35ba5,대전한방,,중동 골목형상점가,골목형상점가,대전광역시,3.0,0.0,,,P1_BINARY_THRESHOLD,True,,,,,
e1c0a63a60c17efb8f8a,test,한의원,T2 동의어,q_한의원_03,한방,건강·의료 중 '한의원'을 판매·제공하는 매장,767793a1-91d7-4eb5-a4ea-51be1ed75046,운암경희한의원,한방 의료 서비스,벽산황계로 골목형상점가,골목형상점가,광주광역시,3.0,3.0,,,RESOLVED_AGREEMENT,False,3,,,,
9539c32a055e93c0a8ed,test,한의원,T2 동의어,q_한의원_03,한방,건강·의료 중 '한의원'을 판매·제공하는 매장,e65625d1-031b-481e-9891-4aec84a9b008,풀잎한의원,한방,상대동 골목형상점가,골목형상점가,대전광역시,3.0,3.0,,,RESOLVED_AGREEMENT,False,3,,,,
dd1d42db2a8ff616629e,test,한의원,T2 동의어,q_한의원_03,한방,건강·의료 중 '한의원'을 판매·제공하는 매장,b2d9d8d6-5146-40f4-bfd2-3fcb4b5ee49b,경희해인한의원,한방 치료 및 한약,동화동골목형상가,골목형상점가,서울특별시,3.0,3.0,,,RESOLVED_AGREEMENT,False,3,,,,
e689630692f1ba222730,test,한의원,T2 동의어,q_한의원_03,한방,건강·의료 중 '한의원'을 판매·제공하는 매장,ec470d48-aaa9-403c-a80c-43059c4b7c40,산들숲 한방오리닭백숙,한방백숙,법동시장,전통시장,대전광역시,3.0,0.0,,,P1_BINARY_THRESHOLD,True,,,,,
7c38a90dc3abb79a1458,test,한의원,T2 동의어,q_한의원_03,한방,건강·의료 중 '한의원'을 판매·제공하는 매장,00681cee-2849-497b-b7d1-548576542ed2,풍암한의원,한의원,풍암벚꽃길상인회 골목형상점가,골목형상점가,광주광역시,3.0,3.0,,,RESOLVED_AGREEMENT,False,3,,,,
22f03c2fa8db4a24c022,test,한의원,T2 동의어,q_한의원_03,한방,건강·의료 중 '한의원'을 판매·제공하는 매장,0ab1eb9a-a600-4ac0-8ce5-615819efcf3f,차차한의원,한방,배방공수 골목형상점가,골목형상점가,충청남도,3.0,3.0,,,RESOLVED_AGREEMENT,False,3,,,,
0bd226bd5ffddc4483f0,test,한의원,T2 동의어,q_한의원_03,한방,건강·의료 중 '한의원'을 판매·제공하는 매장,b69e1282-3faa-4192-9995-9055dbf93b8b,한방미인,화장품,전주중앙상가시장,전통시장,전북특별자치도,2.0,0.0,,,P1_BINARY_THRESHOLD,True,,,,,
32a9081e35c9a8922a31,test,한의원,T2 동의어,q_한의원_03,한방,건강·의료 중 '한의원'을 판매·제공하는 매장,81ddf2d2-6c30-4880-a18c-b4f75b1427bd,한방족발,음식점,정릉시장,전통시장,서울특별시,2.0,0.0,,,P1_BINARY_THRESHOLD,True,,,,,
85eb7a9bfa0a602f035b,test,한의원,T2 동의어,q_한의원_03,한방,건강·의료 중 '한의원'을 판매·제공하는 매장,638b29ad-410e-4bc2-88a7-b82237f054e6,공진한의원,한방진료및한방,동작구 LINK 상권활성화구역,상권활성화구역,서울특별시,3.0,3.0,,,RESOLVED_AGREEMENT,False,3,,,,
26de0dc4fa875540d841,test,한의원,T2 동의어,q_한의원_03,한방,건강·의료 중 '한의원'을 판매·제공하는 매장,20ad171b-58ef-440b-bd2e-15ac23775ce1,청담한의원,침 한약 약침 추나치료 등,화정한울타리상인회 골목형상점가,골목형상점가,광주광역시,3.0,3.0,,,RESOLVED_AGREEMENT,False,3,,,,
241f33419028f9e57291,test,한의원,T2 동의어,q_한의원_03,한방,건강·의료 중 '한의원'을 판매·제공하는 매장,0002538c-b8d9-4911-81c7-966789036b09,빛고을 치과의원,의원,세은 골목형상점가,골목형상점가,광주광역시,1.0,2.0,,,P1_BINARY_THRESHOLD,True,,,,,
c48a45a8ed2154d3474c,test,한의원,T2 동의어,q_한의원_03,한방,건강·의료 중 '한의원'을 판매·제공하는 매장,df8d7646-14a0-4deb-a30c-dd00eeb5c48d,으뜸한의원,한방 의료서비스,인천모래내전통시장,전통시장,인천광역시,3.0,3.0,,,RESOLVED_AGREEMENT,False,3,,,,
091eb9b2c05d3540f747,test,한의원,T2 동의어,q_한의원_03,한방,건강·의료 중 '한의원'을 판매·제공하는 매장,6500333d-e8ee-4930-b687-3e6cc7b501e0,8맥한의원,한방 서비스업,풍향골 골목형상점가,골목형상점가,광주광역시,3.0,3.0,,,RESOLVED_AGREEMENT,False,3,,,,
8766afec7fc8fefad077,test,한의원,T2 동의어,q_한의원_03,한방,건강·의료 중 '한의원'을 판매·제공하는 매장,79447138-57ed-41e8-9732-06549a50b4b1,대원불교용품,불교용품,두암2동 골목형상점가,골목형상점가,광주광역시,0.0,0.0,,,RESOLVED_AGREEMENT,False,0,,,,
9278350af7053127ac06,test,한의원,T2 동의어,q_한의원_03,한방,건강·의료 중 '한의원'을 판매·제공하는 매장,06275db0-3bc6-4cb2-b2d0-9c2172db74f9,장편한김용성내과,진료,산본로데오거리(구 산본중심상가),자율상권구역,경기도,0.0,0.0,,,RESOLVED_AGREEMENT,False,0,,,,
49fcaa8ae3ea6fc8caa7,test,한의원,T2 동의어,q_한의원_03,한방,건강·의료 중 '한의원'을 판매·제공하는 매장,02b05ddb-3724-4a0c-b4ef-b9791576d5a0,산본한의원,한약,산본전통시장(구 군포산본시장),전통시장,경기도,3.0,3.0,,,RESOLVED_AGREEMENT,False,3,,,,
b0a15813d82069e82ae0,test,한의원,T2 동의어,q_한의원_03,한방,건강·의료 중 '한의원'을 판매·제공하는 매장,e54c4818-0387-4afa-9fe1-c78b19588ba6,신안한방병원,한방보건,신안동KT 골목형상점가,골목형상점가,광주광역시,3.0,3.0,,,RESOLVED_AGREEMENT,False,3,,,,
9444894c799c9d253401,test,한의원,T2 동의어,q_한의원_03,한방,건강·의료 중 '한의원'을 판매·제공하는 매장,07642cd2-da01-4c61-b136-9b7960b98e30,흙다방,한방차,을지로지하보도쇼핑센터,일반지하상점가,서울특별시,3.0,0.0,,,P1_BINARY_THRESHOLD,True,,,,,
881ab31909b4ed97ec6c,test,한의원,T2 동의어,q_한의원_03,한방,건강·의료 중 '한의원'을 판매·제공하는 매장,7524e82c-3edf-48e8-bf93-9270e82ef7be,대성한방,롤파우치 박스,서울약령시장,전통시장,서울특별시,2.0,0.0,,,P1_BINARY_THRESHOLD,True,,,,,
ac1eba5ff314a23c813e,test,한의원,T2 동의어,q_한의원_03,한방,건강·의료 중 '한의원'을 판매·제공하는 매장,09da8199-590b-4b55-b34a-9c5f84846ea9,감초한방,농산물,서정리시장(서정시장),전통시장,경기도,2.0,0.0,,,P1_BINARY_THRESHOLD,True,,,,,
0fd25a460a62808bb72c,test,한의원,T2 동의어,q_한의원_03,한방,건강·의료 중 '한의원'을 판매·제공하는 매장,6b8f2fbb-e8cd-456e-bb64-df80d823ebf1,한방녹차족발,,수영팔도시장(구 수영팔도상가시장),전통시장,부산광역시,3.0,0.0,,,P1_BINARY_THRESHOLD,True,,,,,
1a6e29ff9f67ca8a565d,test,한의원,T2 동의어,q_한의원_03,한방,건강·의료 중 '한의원'을 판매·제공하는 매장,3a1fd7b7-d52e-485e-8eca-d230de10868e,금강한의원,물리치료 부항 뜸 추나 약침 침치료 한약 보약,조치원중심가로상점가,자율상권구역,세종특별자치시,3.0,3.0,,,RESOLVED_AGREEMENT,False,3,,,,
f7c3ca88cd6ed5dd4084,test,한의원,T2 동의어,q_한의원_03,한방,건강·의료 중 '한의원'을 판매·제공하는 매장,c658371e-3a55-44d8-95a7-d60c74639997,다온수산,활어회,늘해랑상인회 골목형상점가,골목형상점가,광주광역시,0.0,0.0,,,RESOLVED_AGREEMENT,False,0,,,,
e112a8e164ac629b4802,test,한의원,T2 동의어,q_한의원_03,한방,건강·의료 중 '한의원'을 판매·제공하는 매장,e8d013ac-3513-4ba7-8e15-0298c1cc08d7,한방바베큐,통닭,백학시장 상점가,자율상권구역,서울특별시,2.0,0.0,,,P1_BINARY_THRESHOLD,True,,,,,
5143604ccb1f8efba0cb,test,한의원,T2 동의어,q_한의원_03,한방,건강·의료 중 '한의원'을 판매·제공하는 매장,7d73a86e-9a32-4c9e-993a-6d0ef2e41f10,귤림당한의원,한방 의료 서비스,죽전동 상생 골목형상점가,골목형상점가,경기도,3.0,3.0,,,RESOLVED_AGREEMENT,False,3,,,,
d26e8368b399ec058db5,test,한의원,T2 동의어,q_한의원_03,한방,건강·의료 중 '한의원'을 판매·제공하는 매장,00192f22-a492-4ba5-a62d-65bf0d0ec7b9,큰물한의원,한의원,전주서곡 골목형상점가,골목형상점가,전북특별자치도,3.0,3.0,,,RESOLVED_AGREEMENT,False,3,,,,
2e6d45fb3de357ee6453,test,한의원,T2 동의어,q_한의원_03,한방,건강·의료 중 '한의원'을 판매·제공하는 매장,1d9a90fe-5dff-4ad7-a1a3-26e357d4c8f6,마이산한방 흑돼지족발,한식,진안시장(진안고원시장),전통시장,전북특별자치도,2.0,0.0,,,P1_BINARY_THRESHOLD,True,,,,,
b44b092bed8aa2d1c9cd,test,한의원,T2 동의어,q_한의원_03,한방,건강·의료 중 '한의원'을 판매·제공하는 매장,c6eaf46b-dc58-4095-8894-6c654d512406,이서방 한방통닭 바베큐,한방통닭,용현시장,전통시장,인천광역시,3.0,0.0,,,P1_BINARY_THRESHOLD,True,,,,,
018c81ed69cfbd4c23c0,test,한의원,T2 동의어,q_한의원_03,한방,건강·의료 중 '한의원'을 판매·제공하는 매장,659d4733-0367-4191-ae67-a213cec90d45,고반재,한방차,지리산나들이장터,전통시장,전라남도,3.0,0.0,,,P1_BINARY_THRESHOLD,True,,,,,
8e1f4bbba0a08c11864b,test,한의원,T2 동의어,q_한의원_03,한방,건강·의료 중 '한의원'을 판매·제공하는 매장,035c1b8a-8efd-4448-a276-7b9c25dadd68,광명당약업사,한약재,금산국제인삼시장,전통시장,충청남도,3.0,3.0,,,RESOLVED_AGREEMENT,False,3,,,,
a923512f2184abc70a1c,test,한의원,T2 동의어,q_한의원_03,한방,건강·의료 중 '한의원'을 판매·제공하는 매장,223d420a-c2e9-4c8a-89ef-54fddff796b9,예인한의원,한방,신금호역골목형상점가,골목형상점가,서울특별시,3.0,3.0,,,RESOLVED_AGREEMENT,False,3,,,,
cc34da38605e9344246e,test,한의원,T2 동의어,q_한의원_03,한방,건강·의료 중 '한의원'을 판매·제공하는 매장,48716e87-6527-45dd-8137-5d9d5409c9a0,태원한방,도소매(한의업관련용품),서울약령시장,전통시장,서울특별시,2.0,0.0,,,P1_BINARY_THRESHOLD,True,,,,,
85744b4c380f392ddef3,test,한의원,T2 동의어,q_한의원_03,한방,건강·의료 중 '한의원'을 판매·제공하는 매장,c683ad41-07d3-45f7-ac34-b3f1c3cdbf5b,가로세로한의원,보건 한방 서비스,평촌1번가 상점가,자율상권구역,경기도,3.0,3.0,,,RESOLVED_AGREEMENT,False,3,,,,
bb8ed006691a827aab18,test,한의원,T2 동의어,q_한의원_03,한방,건강·의료 중 '한의원'을 판매·제공하는 매장,1c8a8990-c1c5-4b90-99a1-09919d081f9a,건강미현대웰빙의원,진료,광산 송2송2 골목형상점가,골목형상점가,광주광역시,1.0,2.0,,,P1_BINARY_THRESHOLD,True,,,,,
60a52bf951a33eeb5304,test,한의원,T2 동의어,q_한의원_03,한방,건강·의료 중 '한의원'을 판매·제공하는 매장,84a00b9b-9c0f-4acb-98ec-94e1da48bab8,베스킨라빈스,디저트,금왕중심골목형상점가,골목형상점가,충청북도,0.0,0.0,,,RESOLVED_AGREEMENT,False,0,,,,
5c0d5e33031d7318101c,test,한의원,T2 동의어,q_한의원_03,한방,건강·의료 중 '한의원'을 판매·제공하는 매장,1a0defb7-c84d-484d-a47d-19d95eac79d4,한민한의원,"한약, 침, 부항, 추나",괴정가장로 골목형상점가,골목형상점가,대전광역시,3.0,3.0,,,RESOLVED_AGREEMENT,False,3,,,,
d66c2e64c59429a3aa34,test,한의원,T2 동의어,q_한의원_03,한방,건강·의료 중 '한의원'을 판매·제공하는 매장,7ed95ea9-6c62-417b-b18d-0e0d06cd638f,계림병원,내과 정형외과 한방 피부,광주고인근 골목형상점가,골목형상점가,광주광역시,3.0,3.0,,,RESOLVED_AGREEMENT,False,3,,,,
9408277ca28be6362a24,test,한의원,T2 동의어,q_한의원_03,한방,건강·의료 중 '한의원'을 판매·제공하는 매장,e5274db2-5e3b-4aaa-8094-4f4a7544820e,한방발관리,한방발관리체험서비스,제천한방마을 골목형상점가,골목형상점가,충청북도,3.0,0.0,,,P1_BINARY_THRESHOLD,True,,,,,
289b0503e61d974563cc,test,한의원,T2 동의어,q_한의원_03,한방,건강·의료 중 '한의원'을 판매·제공하는 매장,50014115-9234-437d-87ee-a5ec05509a66,이서방 한방통닭,한방통닭,원미종합시장,전통시장,경기도,3.0,0.0,,,P1_BINARY_THRESHOLD,True,,,,,
fff370f42f73c59d46ec,test,한의원,T2 동의어,q_한의원_03,한방,건강·의료 중 '한의원'을 판매·제공하는 매장,04a734bb-1790-4ecd-9398-2fd3359294d0,제일의원,진료,두암시장주변 골목형상점가,골목형상점가,광주광역시,1.0,2.0,,,P1_BINARY_THRESHOLD,True,,,,,
41cabc012da6faf0cb2b,test,한의원,T2 동의어,q_한의원_03,한방,건강·의료 중 '한의원'을 판매·제공하는 매장,54602182-3167-4da8-aa43-eff495334bce,에이스치과,치과의료,산본로데오거리(구 산본중심상가),자율상권구역,경기도,0.0,0.0,,,RESOLVED_AGREEMENT,False,0,,,,
cae04105d88db9d85ed0,test,한의원,T2 동의어,q_한의원_03,한방,건강·의료 중 '한의원'을 판매·제공하는 매장,f7bd5b8c-f7af-4b7a-a328-fd8a22fc5eca,한방닭한마리,한식,석계음식문화거리골목형상점가,골목형상점가,서울특별시,2.0,0.0,,,P1_BINARY_THRESHOLD,True,,,,,
58d19a12ea10bca9cd64,test,한의원,T2 동의어,q_한의원_03,한방,건강·의료 중 '한의원'을 판매·제공하는 매장,a682f3ad-8b3f-4eb7-9326-4805e30b99d5,새힘한의원,한방서비스,화정한울타리상인회 골목형상점가,골목형상점가,광주광역시,3.0,3.0,,,RESOLVED_AGREEMENT,False,3,,,,
5130c88eaba370c74f3d,test,한의원,T2 동의어,q_한의원_03,한방,건강·의료 중 '한의원'을 판매·제공하는 매장,0532ce10-a52b-42cf-8bd4-5412db78e694,계룡산한의원,한방의료서비스,신도안면 골목형상점가,골목형상점가,충청남도,3.0,3.0,,,RESOLVED_AGREEMENT,False,3,,,,
d554178a78a2c165bbfe,test,한의원,T2 동의어,q_한의원_03,한방,건강·의료 중 '한의원'을 판매·제공하는 매장,f7f16d4e-88bf-4239-aaf4-a970d2428dee,한방통닭구이,,상도신약수골목형상점가,골목형상점가,서울특별시,3.0,0.0,,,P1_BINARY_THRESHOLD,True,,,,,
6e80c9a8baa17f72a878,test,한의원,T2 동의어,q_한의원_03,한방,건강·의료 중 '한의원'을 판매·제공하는 매장,239c0fcf-ec40-4a20-a790-57ef66a057da,경희팔팔한의원,침 추나 공진단 다이어트,청량리청과물시장,전통시장,서울특별시,3.0,3.0,,,RESOLVED_AGREEMENT,False,3,,,,
74e68673f46ccf832952,test,한의원,T2 동의어,q_한의원_03,한방,건강·의료 중 '한의원'을 판매·제공하는 매장,14de95cf-8ab9-4ffe-a6f5-96c83ece19b2,한방오리탕,한식,난우길골목형상점가,골목형상점가,서울특별시,2.0,0.0,,,P1_BINARY_THRESHOLD,True,,,,,
58d5dc4453af8bb44eb6,test,한의원,T2 동의어,q_한의원_03,한방,건강·의료 중 '한의원'을 판매·제공하는 매장,04b3f97b-2da5-4d58-8ab5-c5e9f48061c5,새몸한의원,한의진료 한의의료시술 침 뜸 부항 물리요법 추나요법 약침 봉침 한약 등,봉선로1 골목형상점가,골목형상점가,광주광역시,3.0,3.0,,,RESOLVED_AGREEMENT,False,3,,,,
c38090689da88e812a46,test,한의원,T2 동의어,q_한의원_03,한방,건강·의료 중 '한의원'을 판매·제공하는 매장,b7654429-f42d-482c-9dc5-61ccc8d6409d,샐러디 포일점,샐러드,포일중앙 골목형상점가,골목형상점가,경기도,0.0,0.0,,,RESOLVED_AGREEMENT,False,0,,,,
aea60eac402a370dcb21,test,한의원,T2 동의어,q_한의원_03,한방,건강·의료 중 '한의원'을 판매·제공하는 매장,9d272a9e-3326-4ea3-84bd-fea9136be008,참잘함 한방병원,한방병원,선부광장로상점가,자율상권구역,경기도,3.0,3.0,,,RESOLVED_AGREEMENT,False,3,,,,
c1a0291aa10f0c771656,test,한의원,T2 동의어,q_한의원_03,한방,건강·의료 중 '한의원'을 판매·제공하는 매장,ac4d9e62-9d13-45fd-be91-5a12a3224a1c,천지인한의원,한방 의료 서비스,서현센트럴상점,골목형상점가,경기도,3.0,3.0,,,RESOLVED_AGREEMENT,False,3,,,,
00c33f15245939af6390,test,한의원,T2 동의어,q_한의원_03,한방,건강·의료 중 '한의원'을 판매·제공하는 매장,d6ffeb2a-8e61-4c4e-8e96-a9be488f6af5,아이북스,서적,퍼스트원 골목형상점가,골목형상점가,세종특별자치시,0.0,0.0,,,RESOLVED_AGREEMENT,False,0,,,,
8cb5acbafc98a348aaf5,test,한의원,T2 동의어,q_한의원_03,한방,건강·의료 중 '한의원'을 판매·제공하는 매장,88dce2e5-32b2-4358-809e-1adb1ab75841,위보령한의원,한방,신정중앙 골목형상점가,골목형상점가,울산광역시,3.0,3.0,,,RESOLVED_AGREEMENT,False,3,,,,
32068e8b4a89a6277f3e,test,한의원,T2 동의어,q_한의원_03,한방,건강·의료 중 '한의원'을 판매·제공하는 매장,6055ea95-cd1c-450c-9e83-ec86ab1ee470,운천한방병원,한방,운천테라스길상인회 골목형상점가,골목형상점가,광주광역시,3.0,3.0,,,RESOLVED_AGREEMENT,False,3,,,,
51fe27646c8a3ff8e1a5,test,한의원,T2 동의어,q_한의원_03,한방,건강·의료 중 '한의원'을 판매·제공하는 매장,015529a8-763a-4852-bba5-974691d0fd46,청춘애한방,약초,제천한방마을 골목형상점가,골목형상점가,충청북도,2.0,0.0,,,P1_BINARY_THRESHOLD,True,,,,,
b5743bcc8cdf11a89dee,test,한의원,T2 동의어,q_한의원_03,한방,건강·의료 중 '한의원'을 판매·제공하는 매장,27db3789-203a-4562-a747-2e2be6726a0e,강원약초,한방재료,의정부시장,전통시장,경기도,3.0,0.0,,,P1_BINARY_THRESHOLD,True,,,,,
a0ee3f08fbd97b095fe8,test,한의원,T2 동의어,q_한의원_03,한방,건강·의료 중 '한의원'을 판매·제공하는 매장,a1d4e7ec-266d-437e-b903-1fa3f28eb53c,자매당 한의원,한방 의료,송촌동상점가,자율상권구역,대전광역시,3.0,3.0,,,RESOLVED_AGREEMENT,False,3,,,,
86341e1f355b73bb4470,test,한의원,T2 동의어,q_한의원_03,한방,건강·의료 중 '한의원'을 판매·제공하는 매장,ada98dbd-1a5d-45a9-8c73-9420750a9a1a,청솔한의원,한방 의료,백년시장(구 강북종합전통시장),전통시장,서울특별시,3.0,3.0,,,RESOLVED_AGREEMENT,False,3,,,,
846b715a2ae4b9145b21,test,한의원,T2 동의어,q_한의원_03,한방,건강·의료 중 '한의원'을 판매·제공하는 매장,d1917942-8f6c-425e-a1c7-233673d8a6af,수서한방병원,한방진료 한약제조 한방치료 한방의료서비스,홀릭스,골목형상점가,광주광역시,3.0,3.0,,,RESOLVED_AGREEMENT,False,3,,,,
4571fd0810561eeb40a9,test,한의원,T2 동의어,q_한의원_03,한방,건강·의료 중 '한의원'을 판매·제공하는 매장,60f4b3b6-c7a3-420b-b575-39d469c98345,차담,한방차,문화의거리 상점가,자율상권구역,울산광역시,3.0,0.0,,,P1_BINARY_THRESHOLD,True,,,,,
c54f49bac536fc89a9f4,test,한의원,T2 동의어,q_한의원_03,한방,건강·의료 중 '한의원'을 판매·제공하는 매장,614b838b-7eaf-48f0-9a47-b64cad04ebed,한마음한방병원,한방병원,광주대 골목형상점가,골목형상점가,광주광역시,3.0,3.0,,,RESOLVED_AGREEMENT,False,3,,,,
a46d0741e29ab0c585f5,test,한의원,T2 동의어,q_한의원_03,한방,건강·의료 중 '한의원'을 판매·제공하는 매장,00c44c1d-ee28-4fc2-a0f0-e3454de86603,준 한의원,한방의료서비스,첨단연신로 골목형상점가,골목형상점가,광주광역시,3.0,3.0,,,RESOLVED_AGREEMENT,False,3,,,,
e28ae505096bc6d8dd61,test,한의원,T2 동의어,q_한의원_03,한방,건강·의료 중 '한의원'을 판매·제공하는 매장,0056dcd4-0ac0-4535-9ee5-c8fd19d8ff14,중화한의원,한의원,보령한내시장,전통시장,충청남도,3.0,3.0,,,RESOLVED_AGREEMENT,False,3,,,,
60bbbc91fa08bc7d6059,test,한의원,T2 동의어,q_한의원_03,한방,건강·의료 중 '한의원'을 판매·제공하는 매장,be0fbd51-e5cb-430d-8f37-77933fe5b410,콤피커피앤베이크숍,커피와 음료 빵 판매,봉산동 골목형상점가,골목형상점가,대전광역시,0.0,0.0,,,RESOLVED_AGREEMENT,False,0,,,,
4580d3280de05b8b6f10,test,한의원,T2 동의어,q_한의원_03,한방,건강·의료 중 '한의원'을 판매·제공하는 매장,9b41d25f-9d9d-481a-bf3c-2b6ab62e38ae,웰빙한방 왕족발,족발,복이있는덕포시장,전통시장,부산광역시,2.0,0.0,,,P1_BINARY_THRESHOLD,True,,,,,
8b0e0baa59f097cf7854,test,한의원,T2 동의어,q_한의원_03,한방,건강·의료 중 '한의원'을 판매·제공하는 매장,f67b000c-5800-4ef8-a4e4-7b4ca8679a79,한방족발,족발,괴정골목시장,전통시장,부산광역시,2.0,0.0,,,P1_BINARY_THRESHOLD,True,,,,,
1406f0351566191e663b,test,한의원,T2 동의어,q_한의원_03,한방,건강·의료 중 '한의원'을 판매·제공하는 매장,049687c2-f8a0-4684-a17f-fd57b7fb23f3,맞춤한의원,한방진료,새마을시장,전통시장,서울특별시,3.0,3.0,,,RESOLVED_AGREEMENT,False,3,,,,
f0027b477b97c846d2d1,test,한의원,T2 동의어,q_한의원_03,한방,건강·의료 중 '한의원'을 판매·제공하는 매장,ae9bb5dc-0560-4a59-b686-38034a100307,한방족발,한식,공덕시장,전통시장,서울특별시,2.0,0.0,,,P1_BINARY_THRESHOLD,True,,,,,
ffee771b129935178025,test,한의원,T2 동의어,q_한의원_03,한방,건강·의료 중 '한의원'을 판매·제공하는 매장,05a7a041-d5de-40b0-8381-176b3c269d77,한방오리집,한식,영동전통시장,전통시장,충청북도,2.0,0.0,,,P1_BINARY_THRESHOLD,True,,,,,
32dfa394a2347b1ed87b,test,한의원,T2 동의어,q_한의원_04,한방 진료,건강·의료 중 '한의원'을 판매·제공하는 매장,6774ef78-31b4-45eb-ac42-857c0571af72,새금빛약국,의약품,산성로 상권활성화구역,상권활성화구역,경기도,1.0,2.0,,,P1_BINARY_THRESHOLD,True,,,,,
be00c25c5056a8fcb0b7,test,한의원,T2 동의어,q_한의원_04,한방 진료,건강·의료 중 '한의원'을 판매·제공하는 매장,005be19f-78f9-455e-9516-5b6ada9b2f79,명주약업사,한약도매,학성새벽시장,전통시장,울산광역시,3.0,3.0,,,RESOLVED_AGREEMENT,False,3,,,,
ba6febab7861db145efe,test,한의원,T2 동의어,q_한의원_04,한방 진료,건강·의료 중 '한의원'을 판매·제공하는 매장,11ec283e-1ffc-4288-bc37-30ff309456a1,온리한의원,한의과 진료,다산지금상점가,골목형상점가,경기도,2.0,3.0,,,P2_GRADED_ONLY,True,,,,,
7d4619573c3197b09783,test,한의원,T2 동의어,q_한의원_04,한방 진료,건강·의료 중 '한의원'을 판매·제공하는 매장,52f2baa2-7078-464d-a2af-290c85817702,에스듈의원,보건업 진료,성안길상점가,자율상권구역,충청북도,1.0,2.0,,,P1_BINARY_THRESHOLD,True,,,,,
37fe0aaa92ca5041a66d,test,한의원,T2 동의어,q_한의원_04,한방 진료,건강·의료 중 '한의원'을 판매·제공하는 매장,e8482e21-058c-422d-9117-3e8530a1a9bb,동서의원,진료,내상로 골목형상점가,골목형상점가,광주광역시,1.0,2.0,,,P1_BINARY_THRESHOLD,True,,,,,
9af348dbfb08db9e53e2,test,한의원,T2 동의어,q_한의원_04,한방 진료,건강·의료 중 '한의원'을 판매·제공하는 매장,8f4b01c9-4610-47f4-8455-259e1cecc43f,우리가정의원,진료 의료,공항골목시장골목형상점가,골목형상점가,서울특별시,1.0,2.0,,,P1_BINARY_THRESHOLD,True,,,,,
42b14087e3b703d89780,test,한의원,T2 동의어,q_한의원_04,한방 진료,건강·의료 중 '한의원'을 판매·제공하는 매장,00192f22-a492-4ba5-a62d-65bf0d0ec7b9,큰물한의원,한의원,전주서곡 골목형상점가,골목형상점가,전북특별자치도,3.0,3.0,,,RESOLVED_AGREEMENT,False,3,,,,
e48d0ceb7caa1f997d0d,test,한의원,T2 동의어,q_한의원_04,한방 진료,건강·의료 중 '한의원'을 판매·제공하는 매장,ccf4550e-5177-40c4-aa6e-52613ee1aa15,제중당한의원,한방진료,노은역 골목형상점가,골목형상점가,대전광역시,3.0,3.0,,,RESOLVED_AGREEMENT,False,3,,,,
e24040ea0fa72fe83914,test,한의원,T2 동의어,q_한의원_04,한방 진료,건강·의료 중 '한의원'을 판매·제공하는 매장,f88e480b-192a-478b-b365-151556c0e57b,타운약국,의약품,연신내골목형상점가,골목형상점가,서울특별시,1.0,2.0,,,P1_BINARY_THRESHOLD,True,,,,,
ada712025fb9fadcfb6d,test,한의원,T2 동의어,q_한의원_04,한방 진료,건강·의료 중 '한의원'을 판매·제공하는 매장,0056dcd4-0ac0-4535-9ee5-c8fd19d8ff14,중화한의원,한의원,보령한내시장,전통시장,충청남도,3.0,3.0,,,RESOLVED_AGREEMENT,False,3,,,,
2776e86d271aada5ee1a,test,한의원,T2 동의어,q_한의원_04,한방 진료,건강·의료 중 '한의원'을 판매·제공하는 매장,c3ab2310-c23f-401d-a511-a1f881e40316,장바른내과의원,진료,지족반석 골목형상점가,골목형상점가,대전광역시,1.0,2.0,,,P1_BINARY_THRESHOLD,True,,,,,
09c54e174636b6bfbd21,test,한의원,T2 동의어,q_한의원_04,한방 진료,건강·의료 중 '한의원'을 판매·제공하는 매장,20ad171b-58ef-440b-bd2e-15ac23775ce1,청담한의원,침 한약 약침 추나치료 등,화정한울타리상인회 골목형상점가,골목형상점가,광주광역시,3.0,3.0,,,RESOLVED_AGREEMENT,False,3,,,,
452c313f2576ff854b18,test,한의원,T2 동의어,q_한의원_04,한방 진료,건강·의료 중 '한의원'을 판매·제공하는 매장,fd8b535f-eb07-4847-af11-1b1caea3bfaf,임마뉴엘,의류 과자,백련시장,전통시장,서울특별시,0.0,0.0,,,RESOLVED_AGREEMENT,False,0,,,,
80df4cc6821b4310981f,test,한의원,T2 동의어,q_한의원_04,한방 진료,건강·의료 중 '한의원'을 판매·제공하는 매장,bb96597b-882e-42f2-99f5-b076ee38a09f,세종장사랑내과의원,진료,아름드리 골목형상점가,골목형상점가,세종특별자치시,1.0,2.0,,,P1_BINARY_THRESHOLD,True,,,,,
ca483c8f1d9e689aee78,test,한의원,T2 동의어,q_한의원_04,한방 진료,건강·의료 중 '한의원'을 판매·제공하는 매장,e4db698c-1275-4cd4-a695-2325839cd1c7,인치과,치과 진료,화정로상가상인회 골목형상점가,골목형상점가,광주광역시,0.0,0.0,,,RESOLVED_AGREEMENT,False,0,,,,
0e8169ea991be3820a5a,test,한의원,T2 동의어,q_한의원_04,한방 진료,건강·의료 중 '한의원'을 판매·제공하는 매장,66407cee-c9b1-4f84-a3f0-b13425386617,달려라한의원,한방진료,안양중앙인정시장,전통시장,경기도,3.0,3.0,,,RESOLVED_AGREEMENT,False,3,,,,
4231ce7fbd227c0dbd2b,test,한의원,T2 동의어,q_한의원_04,한방 진료,건강·의료 중 '한의원'을 판매·제공하는 매장,84148ee7-0438-4b03-b0a0-345be788c3c7,계림부부내과의원,진료,계림2동발전 골목형상점가,골목형상점가,광주광역시,1.0,2.0,,,P1_BINARY_THRESHOLD,True,,,,,
0d66aad1def54d35e24a,test,한의원,T2 동의어,q_한의원_04,한방 진료,건강·의료 중 '한의원'을 판매·제공하는 매장,04a734bb-1790-4ecd-9398-2fd3359294d0,제일의원,진료,두암시장주변 골목형상점가,골목형상점가,광주광역시,1.0,2.0,,,P1_BINARY_THRESHOLD,True,,,,,
1ca341a1528cab709019,test,한의원,T2 동의어,q_한의원_04,한방 진료,건강·의료 중 '한의원'을 판매·제공하는 매장,1a0defb7-c84d-484d-a47d-19d95eac79d4,한민한의원,"한약, 침, 부항, 추나",괴정가장로 골목형상점가,골목형상점가,대전광역시,3.0,3.0,,,RESOLVED_AGREEMENT,False,3,,,,
bef566852569c624ff75,test,한의원,T2 동의어,q_한의원_04,한방 진료,건강·의료 중 '한의원'을 판매·제공하는 매장,1956dc07-117e-45d3-b607-149e9ff510b5,미소담치과,치과 진료,엄사 골목형상점가,골목형상점가,충청남도,0.0,0.0,,,RESOLVED_AGREEMENT,False,0,,,,
50d08e8f96d8cc7d1d0c,test,한의원,T2 동의어,q_한의원_04,한방 진료,건강·의료 중 '한의원'을 판매·제공하는 매장,c3558e60-0617-4e8d-b8c8-850093a2fb03,종로365의원,진료,종로5가역일번출구상점가,자율상권구역,서울특별시,1.0,2.0,,,P1_BINARY_THRESHOLD,True,,,,,
05f2f249fe8546ccb567,test,한의원,T2 동의어,q_한의원_04,한방 진료,건강·의료 중 '한의원'을 판매·제공하는 매장,88dce2e5-32b2-4358-809e-1adb1ab75841,위보령한의원,한방,신정중앙 골목형상점가,골목형상점가,울산광역시,3.0,3.0,,,RESOLVED_AGREEMENT,False,3,,,,
1109d22442e3e10ee0b8,test,한의원,T2 동의어,q_한의원_04,한방 진료,건강·의료 중 '한의원'을 판매·제공하는 매장,22dac2d6-436a-4438-9486-8d3c6e776dda,제생한의원,한방진료,두암2동광신맨션주변 골목형상점가,골목형상점가,광주광역시,3.0,3.0,,,RESOLVED_AGREEMENT,False,3,,,,
d590d1a2260bc507a7c6,test,한의원,T2 동의어,q_한의원_04,한방 진료,건강·의료 중 '한의원'을 판매·제공하는 매장,e4142407-903a-4897-802e-8c81eaee32c1,코숨샘물한의원,한의원 진료,한미쇼핑사거리 골목형상점가,골목형상점가,광주광역시,3.0,3.0,,,RESOLVED_AGREEMENT,False,3,,,,
9f005bb3c6374b0474e3,test,한의원,T2 동의어,q_한의원_04,한방 진료,건강·의료 중 '한의원'을 판매·제공하는 매장,e45f59ee-2f24-45ca-a908-b9cc89dc0d4d,제블,의류 및 잡화,진주 로데오거리상점가,자율상권구역,경상남도,0.0,0.0,,,RESOLVED_AGREEMENT,False,0,,,,
097877869c0e848a3c35,test,한의원,T2 동의어,q_한의원_04,한방 진료,건강·의료 중 '한의원'을 판매·제공하는 매장,c504d99a-b2e3-4cbf-8a95-51d432a3b3e2,맑은내과외과의원,진료,종촌동골목형상점가,골목형상점가,세종특별자치시,1.0,2.0,,,P1_BINARY_THRESHOLD,True,,,,,
63a3d0131d561a4b1e04,test,한의원,T2 동의어,q_한의원_04,한방 진료,건강·의료 중 '한의원'을 판매·제공하는 매장,767793a1-91d7-4eb5-a4ea-51be1ed75046,운암경희한의원,한방 의료 서비스,벽산황계로 골목형상점가,골목형상점가,광주광역시,3.0,3.0,,,RESOLVED_AGREEMENT,False,3,,,,
3d5f7a9d07328a7c5179,test,한의원,T2 동의어,q_한의원_04,한방 진료,건강·의료 중 '한의원'을 판매·제공하는 매장,10ec5398-f28a-4373-9665-e1bd794cec13,동물병원숲,진료 용품,양산길 골목형상점가,골목형상점가,광주광역시,1.0,2.0,,,P1_BINARY_THRESHOLD,True,,,,,
4da3e0c4aea19b1f70f0,test,한의원,T2 동의어,q_한의원_04,한방 진료,건강·의료 중 '한의원'을 판매·제공하는 매장,1f91b2a3-da32-4720-a636-e655e591d5bf,신성상회,자영업,안계정기시장,전통시장,경상북도,0.0,0.0,,,RESOLVED_AGREEMENT,False,0,,,,
f3d616143e0db74af191,test,한의원,T2 동의어,q_한의원_04,한방 진료,건강·의료 중 '한의원'을 판매·제공하는 매장,cef0282b-777a-4200-a8d7-e2f725aed6ea,늘봄피부과의원,진료,운암휴튼2차 골목형상점가,골목형상점가,광주광역시,1.0,2.0,,,P1_BINARY_THRESHOLD,True,,,,,
a695773793f9e6ba036b,test,한의원,T2 동의어,q_한의원_04,한방 진료,건강·의료 중 '한의원'을 판매·제공하는 매장,0532ce10-a52b-42cf-8bd4-5412db78e694,계룡산한의원,한방의료서비스,신도안면 골목형상점가,골목형상점가,충청남도,3.0,3.0,,,RESOLVED_AGREEMENT,False,3,,,,
a3e14b3e0d33822db454,test,한의원,T2 동의어,q_한의원_04,한방 진료,건강·의료 중 '한의원'을 판매·제공하는 매장,7d73a86e-9a32-4c9e-993a-6d0ef2e41f10,귤림당한의원,한방 의료 서비스,죽전동 상생 골목형상점가,골목형상점가,경기도,3.0,3.0,,,RESOLVED_AGREEMENT,False,3,,,,
a930a53e9ec90cf1d3db,test,한의원,T2 동의어,q_한의원_04,한방 진료,건강·의료 중 '한의원'을 판매·제공하는 매장,3f58d48b-c37b-4501-a636-636e4d2bde5d,다있어,잡화,덕정골목형상점가,골목형상점가,경기도,0.0,0.0,,,RESOLVED_AGREEMENT,False,0,,,,
de1cc45348ef2502039f,test,한의원,T2 동의어,q_한의원_04,한방 진료,건강·의료 중 '한의원'을 판매·제공하는 매장,9af9aac5-f87e-4a50-9a93-54df3046634d,러브미여성의원,진료,서문대로704번길 골목형상점가,골목형상점가,광주광역시,1.0,2.0,,,P1_BINARY_THRESHOLD,True,,,,,
8eb63fb38fe61e5ad34e,test,한의원,T2 동의어,q_한의원_04,한방 진료,건강·의료 중 '한의원'을 판매·제공하는 매장,06275db0-3bc6-4cb2-b2d0-9c2172db74f9,장편한김용성내과,진료,산본로데오거리(구 산본중심상가),자율상권구역,경기도,0.0,0.0,,,RESOLVED_AGREEMENT,False,0,,,,
ab1b717ba5a4cc93d2ed,test,한의원,T2 동의어,q_한의원_04,한방 진료,건강·의료 중 '한의원'을 판매·제공하는 매장,1c8a8990-c1c5-4b90-99a1-09919d081f9a,건강미현대웰빙의원,진료,광산 송2송2 골목형상점가,골목형상점가,광주광역시,1.0,2.0,,,P1_BINARY_THRESHOLD,True,,,,,
88277b4772a0e91418ac,test,한의원,T2 동의어,q_한의원_04,한방 진료,건강·의료 중 '한의원'을 판매·제공하는 매장,0002538c-b8d9-4911-81c7-966789036b09,빛고을 치과의원,의원,세은 골목형상점가,골목형상점가,광주광역시,1.0,2.0,,,P1_BINARY_THRESHOLD,True,,,,,
7d0413beac8e82787837,test,한의원,T2 동의어,q_한의원_04,한방 진료,건강·의료 중 '한의원'을 판매·제공하는 매장,035c1b8a-8efd-4448-a276-7b9c25dadd68,광명당약업사,한약재,금산국제인삼시장,전통시장,충청남도,3.0,3.0,,,RESOLVED_AGREEMENT,False,3,,,,
81606f200fc5b722a73b,test,한의원,T2 동의어,q_한의원_04,한방 진료,건강·의료 중 '한의원'을 판매·제공하는 매장,6500333d-e8ee-4930-b687-3e6cc7b501e0,8맥한의원,한방 서비스업,풍향골 골목형상점가,골목형상점가,광주광역시,3.0,3.0,,,RESOLVED_AGREEMENT,False,3,,,,
780f530f19823a2ead64,test,한의원,T2 동의어,q_한의원_04,한방 진료,건강·의료 중 '한의원'을 판매·제공하는 매장,239c0fcf-ec40-4a20-a790-57ef66a057da,경희팔팔한의원,침 추나 공진단 다이어트,청량리청과물시장,전통시장,서울특별시,3.0,3.0,,,RESOLVED_AGREEMENT,False,3,,,,
28f123314603a8073c48,test,한의원,T2 동의어,q_한의원_04,한방 진료,건강·의료 중 '한의원'을 판매·제공하는 매장,21429b19-7264-4746-840b-2340da0f634d,마릴린제이의원,진료,노형1 골목형상점가,골목형상점가,제주특별자치도,1.0,2.0,,,P1_BINARY_THRESHOLD,True,,,,,
03ae4ec2b6d01d80edce,test,한의원,T2 동의어,q_한의원_04,한방 진료,건강·의료 중 '한의원'을 판매·제공하는 매장,b266d8bb-88ad-4870-8595-a684df266dd5,약손한의원,한방진료,호계공설시장,전통시장,울산광역시,3.0,3.0,,,RESOLVED_AGREEMENT,False,3,,,,
38b77f982cb4688ba87b,test,한의원,T2 동의어,q_한의원_04,한방 진료,건강·의료 중 '한의원'을 판매·제공하는 매장,0ab1eb9a-a600-4ac0-8ce5-615819efcf3f,차차한의원,한방,배방공수 골목형상점가,골목형상점가,충청남도,3.0,3.0,,,RESOLVED_AGREEMENT,False,3,,,,
8a081a0df114f0d68f9c,test,한의원,T2 동의어,q_한의원_04,한방 진료,건강·의료 중 '한의원'을 판매·제공하는 매장,ada98dbd-1a5d-45a9-8c73-9420750a9a1a,청솔한의원,한방 의료,백년시장(구 강북종합전통시장),전통시장,서울특별시,3.0,3.0,,,RESOLVED_AGREEMENT,False,3,,,,
7cd089470dc4e0ac7c73,test,한의원,T2 동의어,q_한의원_04,한방 진료,건강·의료 중 '한의원'을 판매·제공하는 매장,e65625d1-031b-481e-9891-4aec84a9b008,풀잎한의원,한방,상대동 골목형상점가,골목형상점가,대전광역시,3.0,3.0,,,RESOLVED_AGREEMENT,False,3,,,,
e0009029af2cb79485db,test,한의원,T2 동의어,q_한의원_04,한방 진료,건강·의료 중 '한의원'을 판매·제공하는 매장,6055ea95-cd1c-450c-9e83-ec86ab1ee470,운천한방병원,한방,운천테라스길상인회 골목형상점가,골목형상점가,광주광역시,3.0,3.0,,,RESOLVED_AGREEMENT,False,3,,,,
c18f7df6d2bfb3fd275d,test,한의원,T2 동의어,q_한의원_04,한방 진료,건강·의료 중 '한의원'을 판매·제공하는 매장,da432c74-f27b-45ed-84e7-2e373af04a90,건 한의원,한의과 진료,BOCA 보카상점가,골목형상점가,경기도,2.0,3.0,,,P2_GRADED_ONLY,True,,,,,
2ba64528d0f221496ff0,test,한의원,T2 동의어,q_한의원_04,한방 진료,건강·의료 중 '한의원'을 판매·제공하는 매장,223d420a-c2e9-4c8a-89ef-54fddff796b9,예인한의원,한방,신금호역골목형상점가,골목형상점가,서울특별시,3.0,3.0,,,RESOLVED_AGREEMENT,False,3,,,,
081f2a74d09d9f1a27f2,test,한의원,T2 동의어,q_한의원_04,한방 진료,건강·의료 중 '한의원'을 판매·제공하는 매장,638b29ad-410e-4bc2-88a7-b82237f054e6,공진한의원,한방진료및한방,동작구 LINK 상권활성화구역,상권활성화구역,서울특별시,3.0,3.0,,,RESOLVED_AGREEMENT,False,3,,,,
ca1f044e17d8f6bdcd52,test,한의원,T2 동의어,q_한의원_04,한방 진료,건강·의료 중 '한의원'을 판매·제공하는 매장,1e50326b-eda0-4bb7-99be-c68ab8ddb87b,샛별화장품,화장품,서산동부전통시장,전통시장,충청남도,0.0,0.0,,,RESOLVED_AGREEMENT,False,0,,,,
08ef1fdd7db088e43788,test,한의원,T2 동의어,q_한의원_04,한방 진료,건강·의료 중 '한의원'을 판매·제공하는 매장,00681cee-2849-497b-b7d1-548576542ed2,풍암한의원,한의원,풍암벚꽃길상인회 골목형상점가,골목형상점가,광주광역시,3.0,3.0,,,RESOLVED_AGREEMENT,False,3,,,,
058b51a8a89e72b377fc,test,한의원,T2 동의어,q_한의원_04,한방 진료,건강·의료 중 '한의원'을 판매·제공하는 매장,e45589c1-095b-414f-95d8-240b3f9f3029,메이동물병원,진료,남외번영 골목형상점가,골목형상점가,울산광역시,1.0,2.0,,,P1_BINARY_THRESHOLD,True,,,,,
e3b5fa3298c8874a8aea,test,한의원,T2 동의어,q_한의원_04,한방 진료,건강·의료 중 '한의원'을 판매·제공하는 매장,8fa673c5-ff81-4691-a4d1-b8c2d021e1cb,설악한의원,한방진료,설악눈메골시장,전통시장,경기도,3.0,3.0,,,RESOLVED_AGREEMENT,False,3,,,,
80218579ae389307ad40,test,한의원,T2 동의어,q_한의원_04,한방 진료,건강·의료 중 '한의원'을 판매·제공하는 매장,00523307-cc4c-4b0c-8b2f-176ca7450d24,오름한의원,한의원,아차산등산로골목형상점가,골목형상점가,서울특별시,3.0,3.0,,,RESOLVED_AGREEMENT,False,3,,,,
32c6189a908eb00c879e,test,한의원,T2 동의어,q_한의원_04,한방 진료,건강·의료 중 '한의원'을 판매·제공하는 매장,00c44c1d-ee28-4fc2-a0f0-e3454de86603,준 한의원,한방의료서비스,첨단연신로 골목형상점가,골목형상점가,광주광역시,3.0,3.0,,,RESOLVED_AGREEMENT,False,3,,,,
349bd63fcd61bda4761a,test,한의원,T2 동의어,q_한의원_04,한방 진료,건강·의료 중 '한의원'을 판매·제공하는 매장,3a1fd7b7-d52e-485e-8eca-d230de10868e,금강한의원,물리치료 부항 뜸 추나 약침 침치료 한약 보약,조치원중심가로상점가,자율상권구역,세종특별자치시,3.0,3.0,,,RESOLVED_AGREEMENT,False,3,,,,
ef75bc36fd53b9208293,test,한의원,T2 동의어,q_한의원_04,한방 진료,건강·의료 중 '한의원'을 판매·제공하는 매장,936d2748-2052-4481-813a-b00d9dd17efb,스마트내과,진료,테크노밸리 골목형상점가,골목형상점가,대전광역시,0.0,0.0,,,RESOLVED_AGREEMENT,False,0,,,,
39c34fab5d6d7f388e07,test,한의원,T2 동의어,q_한의원_04,한방 진료,건강·의료 중 '한의원'을 판매·제공하는 매장,b38124ed-5075-47c0-b370-77e56ec71f58,실로암안과,진료,내상로 골목형상점가,골목형상점가,광주광역시,0.0,0.0,,,RESOLVED_AGREEMENT,False,0,,,,
0586d01bf7e3f967c4fb,test,한의원,T2 동의어,q_한의원_04,한방 진료,건강·의료 중 '한의원'을 판매·제공하는 매장,93868a0d-a089-4299-8f03-1d85ebede25c,화모아한의원,한방진료,열매 골목형상점가,골목형상점가,대전광역시,3.0,3.0,,,RESOLVED_AGREEMENT,False,3,,,,
718bbf106eec46cb5d8a,test,한의원,T2 동의어,q_한의원_04,한방 진료,건강·의료 중 '한의원'을 판매·제공하는 매장,02942ca3-7579-4db2-becb-fb2b1e71e633,보광한약방,한약방,내수전통시장,전통시장,충청북도,3.0,3.0,,,RESOLVED_AGREEMENT,False,3,,,,
87e5f997b50e8394fe22,test,한의원,T2 동의어,q_한의원_04,한방 진료,건강·의료 중 '한의원'을 판매·제공하는 매장,cb47f08d-730b-414e-ab11-3ce34dc84fdd,참사랑한의원,한의 진료,자운대 골목형상점가,골목형상점가,대전광역시,2.0,3.0,,,P2_GRADED_ONLY,True,,,,,
936bccf617b5e0c47a7c,test,한의원,T2 동의어,q_한의원_04,한방 진료,건강·의료 중 '한의원'을 판매·제공하는 매장,5ccaee76-eeca-44ed-8117-e8cef7af6bac,임산부인과의원,진료,내상로 골목형상점가,골목형상점가,광주광역시,1.0,2.0,,,P1_BINARY_THRESHOLD,True,,,,,
0a11f81c18aa9f23d60e,test,한의원,T2 동의어,q_한의원_04,한방 진료,건강·의료 중 '한의원'을 판매·제공하는 매장,fb44d005-bcdd-4c5b-ba8d-33b0f2d6e08f,삼대 최한의원,진료,내상로 골목형상점가,골목형상점가,광주광역시,2.0,3.0,,,P2_GRADED_ONLY,True,,,,,
5a9981ac62d111eb3d46,test,한의원,T2 동의어,q_한의원_04,한방 진료,건강·의료 중 '한의원'을 판매·제공하는 매장,7cfe5466-d7e8-4ceb-89b7-40aec087825d,규림한방병원,양한방협진 진료,상무중앙상인회 골목형상점가,골목형상점가,광주광역시,3.0,3.0,,,RESOLVED_AGREEMENT,False,3,,,,
f2e8a578a50467ede656,test,한의원,T2 동의어,q_한의원_04,한방 진료,건강·의료 중 '한의원'을 판매·제공하는 매장,2f761257-4534-4951-bb19-dcd29c5106b8,상원한의원,한방 의료,성서계대로데오거리 골목형상점가,골목형상점가,대구광역시,3.0,3.0,,,RESOLVED_AGREEMENT,False,3,,,,
63e143dd0b84575e0c98,test,한의원,T2 동의어,q_한의원_04,한방 진료,건강·의료 중 '한의원'을 판매·제공하는 매장,50a5f05c-148f-4163-882e-fd8463713c5f,김범한의원,진료,성대전통시장,전통시장,서울특별시,2.0,3.0,,,P2_GRADED_ONLY,True,,,,,
9e67188fb3260f2749f4,test,한의원,T2 동의어,q_한의원_04,한방 진료,건강·의료 중 '한의원'을 판매·제공하는 매장,02b05ddb-3724-4a0c-b4ef-b9791576d5a0,산본한의원,한약,산본전통시장(구 군포산본시장),전통시장,경기도,3.0,3.0,,,RESOLVED_AGREEMENT,False,3,,,,
6bc6e53b8d54f79b2575,test,한의원,T2 동의어,q_한의원_04,한방 진료,건강·의료 중 '한의원'을 판매·제공하는 매장,a1d4e7ec-266d-437e-b903-1fa3f28eb53c,자매당 한의원,한방 의료,송촌동상점가,자율상권구역,대전광역시,3.0,3.0,,,RESOLVED_AGREEMENT,False,3,,,,
402626883fa28a2a2869,test,한의원,T2 동의어,q_한의원_04,한방 진료,건강·의료 중 '한의원'을 판매·제공하는 매장,2daa91f7-3795-476f-a96f-3574a4bf300f,남면한의원,진료 밎 약처방,양주신산시장마을상점가,골목형상점가,경기도,2.0,3.0,,,P2_GRADED_ONLY,True,,,,,
8fc1310264286834d45b,test,한의원,T2 동의어,q_한의원_04,한방 진료,건강·의료 중 '한의원'을 판매·제공하는 매장,b8ed4560-5eb0-4d1b-bf08-33b5ea5d9604,광덕힐한의원,한의 진료,힐스상인회 골목형상점가,골목형상점가,광주광역시,2.0,3.0,,,P2_GRADED_ONLY,True,,,,,
371b59594675b7e23e6a,test,한의원,T2 동의어,q_한의원_04,한방 진료,건강·의료 중 '한의원'을 판매·제공하는 매장,376215d9-9f90-472f-8716-c544a32367e2,문석재한의원,진료,봉선로1 골목형상점가,골목형상점가,광주광역시,2.0,3.0,,,P2_GRADED_ONLY,True,,,,,
cb36c8a27499bcb98e76,test,한의원,T2 동의어,q_한의원_04,한방 진료,건강·의료 중 '한의원'을 판매·제공하는 매장,b2d9d8d6-5146-40f4-bfd2-3fcb4b5ee49b,경희해인한의원,한방 치료 및 한약,동화동골목형상가,골목형상점가,서울특별시,3.0,3.0,,,RESOLVED_AGREEMENT,False,3,,,,
03ccbbd8c89fa355f3b1,test,한의원,T2 동의어,q_한의원_04,한방 진료,건강·의료 중 '한의원'을 판매·제공하는 매장,320e4041-dac5-44b8-862c-78584a234ceb,본치과의원,치과 진료,장대동패션상가 골목형상점가,골목형상점가,대전광역시,1.0,2.0,,,P1_BINARY_THRESHOLD,True,,,,,
34744265982a1c740521,test,한의원,T2 동의어,q_한의원_04,한방 진료,건강·의료 중 '한의원'을 판매·제공하는 매장,ff399551-3465-4e95-933a-d2542e9e3bd5,로안한의원,진료,반곡동행복 골목형상점가,골목형상점가,세종특별자치시,2.0,3.0,,,P2_GRADED_ONLY,True,,,,,
aa976e73c77e69220a07,test,한의원,T2 동의어,q_한의원_04,한방 진료,건강·의료 중 '한의원'을 판매·제공하는 매장,24c5cc99-7c21-4eda-9595-bbd8f4de5172,전승범치과의원,치과 진료 서비스,법원 앞 사과마을 골목형상점가,골목형상점가,광주광역시,1.0,2.0,,,P1_BINARY_THRESHOLD,True,,,,,
db8d563264b7f01822a0,test,한의원,T2 동의어,q_한의원_04,한방 진료,건강·의료 중 '한의원'을 판매·제공하는 매장,a67889f9-8f50-456b-90fa-9226c4e70ee2,서울강남내과의원,진료,소사벌 골목형상점가,골목형상점가,경기도,1.0,2.0,,,P1_BINARY_THRESHOLD,True,,,,,
43a7e3ce8e5781a6ed63,test,한의원,T2 동의어,q_한의원_04,한방 진료,건강·의료 중 '한의원'을 판매·제공하는 매장,ba331af3-3eea-43b3-a5b9-49fcaaf23d51,평택안립한의원,한의원 외래 진료,배다리저수지 골목형상점가,골목형상점가,경기도,3.0,3.0,,,RESOLVED_AGREEMENT,False,3,,,,
e00081c996f235071cd3,test,한의원,T2 동의어,q_한의원_04,한방 진료,건강·의료 중 '한의원'을 판매·제공하는 매장,8e79cfa8-2bda-48ba-ba6e-ab648bfdd061,진주명품축산,식육,진주 논개시장,전통시장,경상남도,0.0,0.0,,,RESOLVED_AGREEMENT,False,0,,,,
ef08f52bf438c663c38f,test,한의원,T2 동의어,q_한의원_04,한방 진료,건강·의료 중 '한의원'을 판매·제공하는 매장,04b3f97b-2da5-4d58-8ab5-c5e9f48061c5,새몸한의원,한의진료 한의의료시술 침 뜸 부항 물리요법 추나요법 약침 봉침 한약 등,봉선로1 골목형상점가,골목형상점가,광주광역시,3.0,3.0,,,RESOLVED_AGREEMENT,False,3,,,,
b129dff54f7c1d688464,test,한의원,T2 동의어,q_한의원_04,한방 진료,건강·의료 중 '한의원'을 판매·제공하는 매장,ac4d9e62-9d13-45fd-be91-5a12a3224a1c,천지인한의원,한방 의료 서비스,서현센트럴상점,골목형상점가,경기도,3.0,3.0,,,RESOLVED_AGREEMENT,False,3,,,,
3751eed590f1386f9af3,test,한의원,T2 동의어,q_한의원_04,한방 진료,건강·의료 중 '한의원'을 판매·제공하는 매장,d1917942-8f6c-425e-a1c7-233673d8a6af,수서한방병원,한방진료 한약제조 한방치료 한방의료서비스,홀릭스,골목형상점가,광주광역시,3.0,3.0,,,RESOLVED_AGREEMENT,False,3,,,,
eee930ff3cf55f0e3467,test,한의원,T2 동의어,q_한의원_04,한방 진료,건강·의료 중 '한의원'을 판매·제공하는 매장,049687c2-f8a0-4684-a17f-fd57b7fb23f3,맞춤한의원,한방진료,새마을시장,전통시장,서울특별시,3.0,3.0,,,RESOLVED_AGREEMENT,False,3,,,,
022d9e71e2cdf9a5c4e3,test,한의원,T2 동의어,q_한의원_04,한방 진료,건강·의료 중 '한의원'을 판매·제공하는 매장,07642cd2-da01-4c61-b136-9b7960b98e30,흙다방,한방차,을지로지하보도쇼핑센터,일반지하상점가,서울특별시,3.0,0.0,,,P1_BINARY_THRESHOLD,True,,,,,
7fcf402883c85d5c2e14,test,한의원,T2 동의어,q_한의원_05,한약,건강·의료 중 '한의원'을 판매·제공하는 매장,d0025ab0-a50e-48c5-8dff-99818c2a1615,대인당한약,"한약, 쑥뜸용기",대인제봉 골목형상점가,골목형상점가,광주광역시,3.0,3.0,,,RESOLVED_AGREEMENT,False,3,,,,
4cf3b52a2dfe1df42d4d,test,한의원,T2 동의어,q_한의원_05,한약,건강·의료 중 '한의원'을 판매·제공하는 매장,69134b99-20ec-459d-927b-df0c7097a8e4,안녕한약국,한약,신대지구상가,자율상권구역,,3.0,3.0,,,RESOLVED_AGREEMENT,False,3,,,,
dc05c0996b6f67e6e19d,test,한의원,T2 동의어,q_한의원_05,한약,건강·의료 중 '한의원'을 판매·제공하는 매장,b4bb63d4-5920-4c1d-b430-709edd8528c6,동선한약방,한약,대구약령시장,전통시장,대구광역시,3.0,3.0,,,RESOLVED_AGREEMENT,False,3,,,,
0bc504b84d4667862d38,test,한의원,T2 동의어,q_한의원_05,한약,건강·의료 중 '한의원'을 판매·제공하는 매장,f4b93196-ecee-4ddc-82d3-fb1bf8d1632d,하늘소아청소년과의원,의료서비스 제공,반곡동행복 골목형상점가,골목형상점가,세종특별자치시,1.0,2.0,,,P1_BINARY_THRESHOLD,True,,,,,
4871e9cb5cdef1db2c4a,test,한의원,T2 동의어,q_한의원_05,한약,건강·의료 중 '한의원'을 판매·제공하는 매장,7e986e52-5aa7-4cac-8f3b-43626d3be3bb,홍한의원,한약,호계중앙 골목형상점가,골목형상점가,울산광역시,3.0,3.0,,,RESOLVED_AGREEMENT,False,3,,,,
58a3fb2e9831c957eb14,test,한의원,T2 동의어,q_한의원_05,한약,건강·의료 중 '한의원'을 판매·제공하는 매장,686b25b5-0779-4cf6-8e23-15f5c2bca86f,공개한약방,한약,익산황등시장,전통시장,전북특별자치도,3.0,3.0,,,RESOLVED_AGREEMENT,False,3,,,,
f11c24fabe288128b336,test,한의원,T2 동의어,q_한의원_05,한약,건강·의료 중 '한의원'을 판매·제공하는 매장,54fd3711-3e02-4774-a0c3-e1c684edbeef,자인한약국,한약,도곡시장,자율상권구역,서울특별시,3.0,3.0,,,RESOLVED_AGREEMENT,False,3,,,,
66eed6ef65e87c52fe22,test,한의원,T2 동의어,q_한의원_05,한약,건강·의료 중 '한의원'을 판매·제공하는 매장,dccd3282-84ab-4555-8487-2e4d89d94075,성심한약방,한약,대구약령시장,전통시장,대구광역시,3.0,3.0,,,RESOLVED_AGREEMENT,False,3,,,,
89e3ba2201d984359b50,test,한의원,T2 동의어,q_한의원_05,한약,건강·의료 중 '한의원'을 판매·제공하는 매장,02b05ddb-3724-4a0c-b4ef-b9791576d5a0,산본한의원,한약,산본전통시장(구 군포산본시장),전통시장,경기도,3.0,3.0,,,RESOLVED_AGREEMENT,False,3,,,,
8c5b747197bcce684c55,test,한의원,T2 동의어,q_한의원_05,한약,건강·의료 중 '한의원'을 판매·제공하는 매장,9b4a524a-0b55-472c-8c59-671cf501a8eb,동남한약방,한약,남원공설시장,전통시장,전북특별자치도,3.0,3.0,,,RESOLVED_AGREEMENT,False,3,,,,
b69e1c927708171effc8,test,한의원,T2 동의어,q_한의원_05,한약,건강·의료 중 '한의원'을 판매·제공하는 매장,005be19f-78f9-455e-9516-5b6ada9b2f79,명주약업사,한약도매,학성새벽시장,전통시장,울산광역시,3.0,3.0,,,RESOLVED_AGREEMENT,False,3,,,,
1725ae8d1b5ff7c6ff22,test,한의원,T2 동의어,q_한의원_05,한약,건강·의료 중 '한의원'을 판매·제공하는 매장,0af601d6-a34d-4b51-abf6-d966d8a26a74,유한약국,양약 한약,독립로 백운1동 골목형상점가,골목형상점가,광주광역시,3.0,3.0,,,RESOLVED_AGREEMENT,False,3,,,,
fc8dbf803ad01c02ff1f,test,한의원,T2 동의어,q_한의원_05,한약,건강·의료 중 '한의원'을 판매·제공하는 매장,e60d4640-9499-44a4-953d-337e01fdef8c,최혁한의원,한약,서울약령시장,전통시장,서울특별시,3.0,3.0,,,RESOLVED_AGREEMENT,False,3,,,,
31b9b8a35393dde9e560,test,한의원,T2 동의어,q_한의원_05,한약,건강·의료 중 '한의원'을 판매·제공하는 매장,1996d18a-bfd4-4dfb-a390-20326be7d71c,진웅,가전제품 소매업,숭례문수입상가,전통시장,서울특별시,0.0,0.0,,,RESOLVED_AGREEMENT,False,0,,,,
a100d5ee180487e9b700,test,한의원,T2 동의어,q_한의원_05,한약,건강·의료 중 '한의원'을 판매·제공하는 매장,d6702bd3-6e42-469d-8ad2-1d1f6252d72e,대일약업사,한약,금산인삼약령시장,기타,충청남도,3.0,3.0,,,RESOLVED_AGREEMENT,False,3,,,,
06e1d63f823b97aa2243,test,한의원,T2 동의어,q_한의원_05,한약,건강·의료 중 '한의원'을 판매·제공하는 매장,41931a9a-c977-4172-8d97-992fc461c233,서울상회,채소,충무동 새벽시장,전통시장,부산광역시,0.0,0.0,,,RESOLVED_AGREEMENT,False,0,,,,
9bc0ebd6f84db42b4a9b,test,한의원,T2 동의어,q_한의원_05,한약,건강·의료 중 '한의원'을 판매·제공하는 매장,43eca696-e0e7-4550-8134-de9dfb29a529,정산한약방,한약,계림중앙필문로 골목형상점가,골목형상점가,광주광역시,3.0,3.0,,,RESOLVED_AGREEMENT,False,3,,,,
c9c05c794125fc663da9,test,한의원,T2 동의어,q_한의원_05,한약,건강·의료 중 '한의원'을 판매·제공하는 매장,3a1fd7b7-d52e-485e-8eca-d230de10868e,금강한의원,물리치료 부항 뜸 추나 약침 침치료 한약 보약,조치원중심가로상점가,자율상권구역,세종특별자치시,3.0,3.0,,,RESOLVED_AGREEMENT,False,3,,,,
0ecba932abcf46df2c4d,test,한의원,T2 동의어,q_한의원_05,한약,건강·의료 중 '한의원'을 판매·제공하는 매장,2fb837a9-4e0a-41f5-a2c9-0b35b8008ff9,초목약업사,한약,대구약령시장,전통시장,대구광역시,3.0,3.0,,,RESOLVED_AGREEMENT,False,3,,,,
4512f16579fc769cf368,test,한의원,T2 동의어,q_한의원_05,한약,건강·의료 중 '한의원'을 판매·제공하는 매장,5b8df725-73a9-4195-985c-930a830e9271,신한약방,한약,정읍샘고을시장,전통시장,전북특별자치도,3.0,3.0,,,RESOLVED_AGREEMENT,False,3,,,,
d8398a567649b57c53bf,test,한의원,T2 동의어,q_한의원_05,한약,건강·의료 중 '한의원'을 판매·제공하는 매장,04b3f97b-2da5-4d58-8ab5-c5e9f48061c5,새몸한의원,한의진료 한의의료시술 침 뜸 부항 물리요법 추나요법 약침 봉침 한약 등,봉선로1 골목형상점가,골목형상점가,광주광역시,3.0,3.0,,,RESOLVED_AGREEMENT,False,3,,,,
adde2b2ee0951fdd9ff1,test,한의원,T2 동의어,q_한의원_05,한약,건강·의료 중 '한의원'을 판매·제공하는 매장,8e172075-9f3a-41c0-b634-8328e4d41c67,삼보한약방,한약,대구약령시장,전통시장,대구광역시,3.0,3.0,,,RESOLVED_AGREEMENT,False,3,,,,
29bb655f9e0012962be8,test,한의원,T2 동의어,q_한의원_05,한약,건강·의료 중 '한의원'을 판매·제공하는 매장,0e6a13bf-1c27-4bb7-b894-5583957ffc0e,제일 풍경채 세탁소,세탁서비스,세종 반딧불 골목형상점가,골목형상점가,세종특별자치시,0.0,0.0,,,RESOLVED_AGREEMENT,False,0,,,,
9aa52aad1400c9585a76,test,한의원,T2 동의어,q_한의원_05,한약,건강·의료 중 '한의원'을 판매·제공하는 매장,04f9066f-c1b4-478c-adb3-b0e2e0e5899f,이중열 한의원,한약,새미래 골목형상점가,골목형상점가,대전광역시,3.0,3.0,,,RESOLVED_AGREEMENT,False,3,,,,
225243ba44b84a0527ff,test,한의원,T2 동의어,q_한의원_05,한약,건강·의료 중 '한의원'을 판매·제공하는 매장,0ab1eb9a-a600-4ac0-8ce5-615819efcf3f,차차한의원,한방,배방공수 골목형상점가,골목형상점가,충청남도,2.0,3.0,,,P2_GRADED_ONLY,True,,,,,
08dbfec3d2774a18957c,test,한의원,T2 동의어,q_한의원_05,한약,건강·의료 중 '한의원'을 판매·제공하는 매장,f92cc2f9-d0f1-4f91-b2a1-a750665ea2f4,명리본한약국,한약 및 한약제재,정자시장,전통시장,경기도,3.0,3.0,,,RESOLVED_AGREEMENT,False,3,,,,
24ccec7c03b02df8865e,test,한의원,T2 동의어,q_한의원_05,한약,건강·의료 중 '한의원'을 판매·제공하는 매장,85239109-e1d7-458c-8b84-06c99b13f6bf,성우당,한약,운암 야구 골목형상점가,골목형상점가,광주광역시,3.0,3.0,,,RESOLVED_AGREEMENT,False,3,,,,
d906206bf8c279576a95,test,한의원,T2 동의어,q_한의원_05,한약,건강·의료 중 '한의원'을 판매·제공하는 매장,07642cd2-da01-4c61-b136-9b7960b98e30,흙다방,한방차,을지로지하보도쇼핑센터,일반지하상점가,서울특별시,2.0,0.0,,,P1_BINARY_THRESHOLD,True,,,,,
3604c14498dfe4480004,test,한의원,T2 동의어,q_한의원_05,한약,건강·의료 중 '한의원'을 판매·제공하는 매장,02942ca3-7579-4db2-becb-fb2b1e71e633,보광한약방,한약방,내수전통시장,전통시장,충청북도,3.0,3.0,,,RESOLVED_AGREEMENT,False,3,,,,
6e3e28cdb88acef9778a,test,한의원,T2 동의어,q_한의원_05,한약,건강·의료 중 '한의원'을 판매·제공하는 매장,d097a404-bd7d-418e-a691-05c9205a9f31,남해떡집,떡,㈜여수서시장,전통시장,전라남도,0.0,0.0,,,RESOLVED_AGREEMENT,False,0,,,,
7283db7b4fa63694e735,test,한의원,T2 동의어,q_한의원_05,한약,건강·의료 중 '한의원'을 판매·제공하는 매장,a256c587-5861-4b91-8056-70883fa4c848,우성남일한약방,한약,서울약령시장,전통시장,서울특별시,3.0,3.0,,,RESOLVED_AGREEMENT,False,3,,,,
a26314ac66d8d47cb1d9,test,한의원,T2 동의어,q_한의원_05,한약,건강·의료 중 '한의원'을 판매·제공하는 매장,00523307-cc4c-4b0c-8b2f-176ca7450d24,오름한의원,한의원,아차산등산로골목형상점가,골목형상점가,서울특별시,3.0,3.0,,,RESOLVED_AGREEMENT,False,3,,,,
497109be77f6ec1edc71,test,한의원,T2 동의어,q_한의원_05,한약,건강·의료 중 '한의원'을 판매·제공하는 매장,45bf0963-eb5d-4704-ace9-2b2330f9789a,보화당 한약방,한약,월산구성로 골목형상점가,골목형상점가,광주광역시,3.0,3.0,,,RESOLVED_AGREEMENT,False,3,,,,
2146ee138acae8b0e406,test,한의원,T2 동의어,q_한의원_05,한약,건강·의료 중 '한의원'을 판매·제공하는 매장,32e26112-f2cd-463d-93b5-4df82925755e,예로체한의원,한약,평촌1번가 상점가,자율상권구역,경기도,3.0,3.0,,,RESOLVED_AGREEMENT,False,3,,,,
7aaa32003e0b413cf6d6,test,한의원,T2 동의어,q_한의원_05,한약,건강·의료 중 '한의원'을 판매·제공하는 매장,00c44c1d-ee28-4fc2-a0f0-e3454de86603,준 한의원,한방의료서비스,첨단연신로 골목형상점가,골목형상점가,광주광역시,2.0,3.0,,,P2_GRADED_ONLY,True,,,,,
0d7b399d4e13e6a928e0,test,한의원,T2 동의어,q_한의원_05,한약,건강·의료 중 '한의원'을 판매·제공하는 매장,bfc511a9-5142-4d44-9251-bc86e6e425ac,명리한약국,한약,조원동상인연합회 골목형상점가,골목형상점가,경기도,3.0,3.0,,,RESOLVED_AGREEMENT,False,3,,,,
cf3f1d5fbe3db1663d9a,test,한의원,T2 동의어,q_한의원_05,한약,건강·의료 중 '한의원'을 판매·제공하는 매장,122807e4-3643-49eb-aed7-8cbf5a1cad2f,제중한약방,한약,송림골 골목형상점가,골목형상점가,인천광역시,3.0,3.0,,,RESOLVED_AGREEMENT,False,3,,,,
26083c68e3aae60c2d5e,test,한의원,T2 동의어,q_한의원_05,한약,건강·의료 중 '한의원'을 판매·제공하는 매장,bc558df4-fd5c-44b1-8315-d587ec50c1a2,자양88한의원,한약,이튼타워리버3차골목형상점가,골목형상점가,서울특별시,3.0,3.0,,,RESOLVED_AGREEMENT,False,3,,,,
42355908fbd9f2cb1300,test,한의원,T2 동의어,q_한의원_05,한약,건강·의료 중 '한의원'을 판매·제공하는 매장,1d5ef05a-5585-4d1b-8236-8326ab80e365,세창GT,한약,서울약령시장,전통시장,서울특별시,3.0,3.0,,,RESOLVED_AGREEMENT,False,3,,,,
bd4d49f5d589da8e3de2,test,한의원,T2 동의어,q_한의원_05,한약,건강·의료 중 '한의원'을 판매·제공하는 매장,3d49dd49-6542-489f-b5d3-1721b8b0ff5f,우신한약방,한약,대구약령시장,전통시장,대구광역시,3.0,3.0,,,RESOLVED_AGREEMENT,False,3,,,,
fe6e56bd34d9185e055b,test,한의원,T2 동의어,q_한의원_05,한약,건강·의료 중 '한의원'을 판매·제공하는 매장,0002538c-b8d9-4911-81c7-966789036b09,빛고을 치과의원,의원,세은 골목형상점가,골목형상점가,광주광역시,1.0,2.0,,,P1_BINARY_THRESHOLD,True,,,,,
2da0bde201b1ac99053c,test,한의원,T2 동의어,q_한의원_05,한약,건강·의료 중 '한의원'을 판매·제공하는 매장,b7039b3b-d43f-4a66-8b13-b1f210c622d4,한밭건강원,한약,산성시장,전통시장,대전광역시,3.0,3.0,,,RESOLVED_AGREEMENT,False,3,,,,
a1a7c13687911ae00b67,test,한의원,T2 동의어,q_한의원_05,한약,건강·의료 중 '한의원'을 판매·제공하는 매장,7ad96b5e-c2da-40bf-a195-2bb7087b04c6,정도한약국,한약,청주육거리종합시장,전통시장,충청북도,3.0,3.0,,,RESOLVED_AGREEMENT,False,3,,,,
29272c8be41e2b1da0b7,test,한의원,T2 동의어,q_한의원_05,한약,건강·의료 중 '한의원'을 판매·제공하는 매장,0056dcd4-0ac0-4535-9ee5-c8fd19d8ff14,중화한의원,한의원,보령한내시장,전통시장,충청남도,3.0,3.0,,,RESOLVED_AGREEMENT,False,3,,,,
85a4f3347167a935c62a,test,한의원,T2 동의어,q_한의원_05,한약,건강·의료 중 '한의원'을 판매·제공하는 매장,cd9aad7b-92b9-47bd-aeb0-4c8ae05b7d0a,김혁한의원,한약,대남숨길 골목형상점가,골목형상점가,광주광역시,3.0,3.0,,,RESOLVED_AGREEMENT,False,3,,,,
a279667c64a10757a057,test,한의원,T2 동의어,q_한의원_05,한약,건강·의료 중 '한의원'을 판매·제공하는 매장,e1d15e15-278a-4d35-9316-a830ee5fca25,탁 한의원,한약,마산어시장,전통시장,경상남도,3.0,3.0,,,RESOLVED_AGREEMENT,False,3,,,,
e99de0fdaaff64493335,test,한의원,T2 동의어,q_한의원_05,한약,건강·의료 중 '한의원'을 판매·제공하는 매장,0f3a98a3-3d50-4298-83fd-27d77323eddb,신농씨한의원,한약,의왕예술의거리골목형상점가,골목형상점가,경기도,3.0,3.0,,,RESOLVED_AGREEMENT,False,3,,,,
f98b7953b36b77a779a4,test,한의원,T2 동의어,q_한의원_05,한약,건강·의료 중 '한의원'을 판매·제공하는 매장,e4bb53fc-508c-4738-9d19-3adbdc587129,충남한약방,한약,서천읍 군사리 골목형상점가,골목형상점가,충청남도,3.0,3.0,,,RESOLVED_AGREEMENT,False,3,,,,
8f19320999f249eab15d,test,한의원,T2 동의어,q_한의원_05,한약,건강·의료 중 '한의원'을 판매·제공하는 매장,00681cee-2849-497b-b7d1-548576542ed2,풍암한의원,한의원,풍암벚꽃길상인회 골목형상점가,골목형상점가,광주광역시,3.0,3.0,,,RESOLVED_AGREEMENT,False,3,,,,
2330d54e9ca621f16c66,test,한의원,T2 동의어,q_한의원_05,한약,건강·의료 중 '한의원'을 판매·제공하는 매장,f50a8d1f-8b32-482f-87d4-e7335249375b,동춘한약방,한약,원주중앙로문화의거리,자율상권구역,강원특별자치도,3.0,3.0,,,RESOLVED_AGREEMENT,False,3,,,,
943ed9ca19e8de09a0c2,test,한의원,T2 동의어,q_한의원_05,한약,건강·의료 중 '한의원'을 판매·제공하는 매장,9f0353d8-6795-492c-867e-ab01fe7acfbd,건보당건재도매한약,한약 식품,유성시장 골목형상점가,골목형상점가,대전광역시,3.0,3.0,,,RESOLVED_AGREEMENT,False,3,,,,
817a62909826e561a4b8,test,한의원,T2 동의어,q_한의원_05,한약,건강·의료 중 '한의원'을 판매·제공하는 매장,63a56305-cbe2-4fca-af40-364a116fb622,상녹제약(주),한약,서울약령시장,전통시장,서울특별시,3.0,3.0,,,RESOLVED_AGREEMENT,False,3,,,,
f6884a79b3f6694610dc,test,한의원,T2 동의어,q_한의원_05,한약,건강·의료 중 '한의원'을 판매·제공하는 매장,b98a170d-d5be-43d6-bfcf-af67ffe85729,흥환약업사,한약,경동시장,전통시장,서울특별시,3.0,3.0,,,RESOLVED_AGREEMENT,False,3,,,,
5dd9ef53c7e756e6f2e0,test,한의원,T2 동의어,q_한의원_05,한약,건강·의료 중 '한의원'을 판매·제공하는 매장,76429e94-dc8d-46ed-afff-9f328bc07136,청포한약,한약제,매화 하백로 골목형상점가,골목형상점가,광주광역시,3.0,3.0,,,RESOLVED_AGREEMENT,False,3,,,,
d043fc12701c3f3688df,test,한의원,T2 동의어,q_한의원_05,한약,건강·의료 중 '한의원'을 판매·제공하는 매장,309943ae-caf2-4a15-9754-2d693337ef3a,인화당한약,한약,공주산성시장,전통시장,충청남도,3.0,3.0,,,RESOLVED_AGREEMENT,False,3,,,,
dd027133f00a75bc8ab6,test,한의원,T2 동의어,q_한의원_05,한약,건강·의료 중 '한의원'을 판매·제공하는 매장,04a734bb-1790-4ecd-9398-2fd3359294d0,제일의원,진료,두암시장주변 골목형상점가,골목형상점가,광주광역시,1.0,2.0,,,P1_BINARY_THRESHOLD,True,,,,,
702d8f21570c5f734e2e,test,한의원,T2 동의어,q_한의원_05,한약,건강·의료 중 '한의원'을 판매·제공하는 매장,049687c2-f8a0-4684-a17f-fd57b7fb23f3,맞춤한의원,한방진료,새마을시장,전통시장,서울특별시,2.0,3.0,,,P2_GRADED_ONLY,True,,,,,
28703c51b765ebfe8cac,test,한의원,T2 동의어,q_한의원_05,한약,건강·의료 중 '한의원'을 판매·제공하는 매장,0665214d-9d55-4631-9a42-467b723c4ca6,동진한약국,한약,서방골 골목형상점가,골목형상점가,광주광역시,3.0,3.0,,,RESOLVED_AGREEMENT,False,3,,,,
dc1a4888c4e818658981,test,한의원,T2 동의어,q_한의원_05,한약,건강·의료 중 '한의원'을 판매·제공하는 매장,acc59174-9395-49d7-a3a7-7c0bb0e82019,남원지리산한약,한약,남원공설시장,전통시장,전북특별자치도,3.0,3.0,,,RESOLVED_AGREEMENT,False,3,,,,
57ffc9e4e43c9372aa4e,test,한의원,T2 동의어,q_한의원_05,한약,건강·의료 중 '한의원'을 판매·제공하는 매장,0532ce10-a52b-42cf-8bd4-5412db78e694,계룡산한의원,한방의료서비스,신도안면 골목형상점가,골목형상점가,충청남도,2.0,3.0,,,P2_GRADED_ONLY,True,,,,,
40bd479dffe0334cf931,test,한의원,T2 동의어,q_한의원_05,한약,건강·의료 중 '한의원'을 판매·제공하는 매장,504cb581-993a-4ab1-b8a9-2fd0ded86a96,풍산한약방,한약,안동구담시장,전통시장,경상북도,3.0,3.0,,,RESOLVED_AGREEMENT,False,3,,,,
8aa7b4031b9c696f4276,test,한의원,T2 동의어,q_한의원_05,한약,건강·의료 중 '한의원'을 판매·제공하는 매장,1c8a8990-c1c5-4b90-99a1-09919d081f9a,건강미현대웰빙의원,진료,광산 송2송2 골목형상점가,골목형상점가,광주광역시,1.0,2.0,,,P1_BINARY_THRESHOLD,True,,,,,
9e8ef13c223bcb6e6a33,test,한의원,T2 동의어,q_한의원_05,한약,건강·의료 중 '한의원'을 판매·제공하는 매장,0ee22a99-2567-4ddb-853b-97b0ceaf0b7b,천지한약방,한약,제천약초시장,전통시장,충청북도,3.0,3.0,,,RESOLVED_AGREEMENT,False,3,,,,
789bd503ff461570852a,test,한의원,T2 동의어,q_한의원_05,한약,건강·의료 중 '한의원'을 판매·제공하는 매장,314efd9a-9eac-40db-bb94-4ba337751de4,계룡한의원,한약,엄사 골목형상점가,골목형상점가,충청남도,3.0,3.0,,,RESOLVED_AGREEMENT,False,3,,,,
500f2c051df691ad9f38,test,한의원,T2 동의어,q_한의원_05,한약,건강·의료 중 '한의원'을 판매·제공하는 매장,70e8904b-0259-41de-9b22-4281165f968f,광암약국,양약 한약,월곡2동 골목형상점가,골목형상점가,광주광역시,3.0,3.0,,,RESOLVED_AGREEMENT,False,3,,,,
1f8b603d4b098e667ec8,test,한의원,T2 동의어,q_한의원_05,한약,건강·의료 중 '한의원'을 판매·제공하는 매장,2cb1278b-43c2-4f28-b73f-795b3a5bf122,생일체질한의원,한약,관악신사시장,전통시장,서울특별시,3.0,3.0,,,RESOLVED_AGREEMENT,False,3,,,,
7eb27ac5d7cf68e0644e,test,한의원,T2 동의어,q_한의원_05,한약,건강·의료 중 '한의원'을 판매·제공하는 매장,d0677ee5-2736-49b6-bbe6-6da99dec32e7,노송한약국,한약,전주중산공원 골목형상점가,골목형상점가,전북특별자치도,3.0,3.0,,,RESOLVED_AGREEMENT,False,3,,,,
f8b8179a69e5c17178a6,test,한의원,T2 동의어,q_한의원_05,한약,건강·의료 중 '한의원'을 판매·제공하는 매장,185fb52a-ef49-4aa3-9947-6fd8b21cf7d2,평화상회,"반찬, 김치, 젓갈",대전정원시장,전통시장,대전광역시,0.0,0.0,,,RESOLVED_AGREEMENT,False,0,,,,
0fa0e0e87e07ae6e2a92,test,한의원,T2 동의어,q_한의원_05,한약,건강·의료 중 '한의원'을 판매·제공하는 매장,e0ed9a1b-a299-447d-896e-5e33b764b854,북교당한약방,한약,온누리상인회 골목형상점가,골목형상점가,광주광역시,3.0,3.0,,,RESOLVED_AGREEMENT,False,3,,,,
3e4c6b3a5b4e644f880e,test,한의원,T2 동의어,q_한의원_05,한약,건강·의료 중 '한의원'을 판매·제공하는 매장,e83a0005-058a-4ec5-ac4c-a97fbcbd4c01,보건당 한약방,한약,오월첫동네 골목형상점가,골목형상점가,광주광역시,3.0,3.0,,,RESOLVED_AGREEMENT,False,3,,,,
896c5b70e55e90c41af3,test,한의원,T2 동의어,q_한의원_05,한약,건강·의료 중 '한의원'을 판매·제공하는 매장,15b213eb-6c91-4d8d-b84e-218241ac7e4e,김천한약방,한약,대구약령시장,전통시장,대구광역시,3.0,3.0,,,RESOLVED_AGREEMENT,False,3,,,,
b6c0325e5e34926776d1,test,한의원,T2 동의어,q_한의원_05,한약,건강·의료 중 '한의원'을 판매·제공하는 매장,0bfc31c5-0c38-4ac7-a325-90e7f19b7076,세일당,한약,반송큰시장,전통시장,부산광역시,3.0,3.0,,,RESOLVED_AGREEMENT,False,3,,,,
60c98069579557884a13,test,한의원,T2 동의어,q_한의원_05,한약,건강·의료 중 '한의원'을 판매·제공하는 매장,44087e05-aece-4add-a727-5e0879527635,세솔한약국,한약,화운로상인회 골목형상점가,골목형상점가,광주광역시,3.0,3.0,,,RESOLVED_AGREEMENT,False,3,,,,
36566f0e01f132dfdfb1,test,한의원,T2 동의어,q_한의원_05,한약,건강·의료 중 '한의원'을 판매·제공하는 매장,b1543f8b-5efc-42df-a6c3-9c2f2010877f,원광한약국,한약,산본로데오거리(구 산본중심상가),자율상권구역,경기도,3.0,3.0,,,RESOLVED_AGREEMENT,False,3,,,,
9d28a28a5e1a38377f16,test,한의원,T2 동의어,q_한의원_05,한약,건강·의료 중 '한의원'을 판매·제공하는 매장,d56bf876-8f9b-404c-920c-b776809ce869,다림한약방,한약,첨단이웃사랑 골목형상점가,골목형상점가,광주광역시,3.0,3.0,,,RESOLVED_AGREEMENT,False,3,,,,
c8a2c38098313ea66ed8,test,한의원,T2 동의어,q_한의원_05,한약,건강·의료 중 '한의원'을 판매·제공하는 매장,00192f22-a492-4ba5-a62d-65bf0d0ec7b9,큰물한의원,한의원,전주서곡 골목형상점가,골목형상점가,전북특별자치도,3.0,3.0,,,RESOLVED_AGREEMENT,False,3,,,,
dcaa2733773b7875114d,test,한의원,T2 동의어,q_한의원_05,한약,건강·의료 중 '한의원'을 판매·제공하는 매장,e9e84d84-a75b-4385-b52f-19bffd69cdb9,킴스한약국,한약,벽산블루밍 골목형상점가,골목형상점가,광주광역시,3.0,3.0,,,RESOLVED_AGREEMENT,False,3,,,,
a7cead3eadc154ffdf23,test,한의원,T2 동의어,q_한의원_05,한약,건강·의료 중 '한의원'을 판매·제공하는 매장,239c0fcf-ec40-4a20-a790-57ef66a057da,경희팔팔한의원,침 추나 공진단 다이어트,청량리청과물시장,전통시장,서울특별시,2.0,3.0,,,P2_GRADED_ONLY,True,,,,,
3e58809aab5b3385b8b0,test,한의원,T2 동의어,q_한의원_05,한약,건강·의료 중 '한의원'을 판매·제공하는 매장,2b75894b-8b46-4f4f-b687-8fd8d6bbafc8,장위건강원,한약,장위전통시장,전통시장,서울특별시,3.0,3.0,,,RESOLVED_AGREEMENT,False,3,,,,
afa1541f4cc617129523,test,한의원,T2 동의어,q_한의원_05,한약,건강·의료 중 '한의원'을 판매·제공하는 매장,035c1b8a-8efd-4448-a276-7b9c25dadd68,광명당약업사,한약재,금산국제인삼시장,전통시장,충청남도,3.0,3.0,,,RESOLVED_AGREEMENT,False,3,,,,
821b68a237934aa3aa31,test,한의원,T2 동의어,q_한의원_05,한약,건강·의료 중 '한의원'을 판매·제공하는 매장,d876ada3-d587-4a95-aaca-3e0df5ec448c,원당한약국,한약 양약,정율성로 골목형상점가,골목형상점가,광주광역시,3.0,3.0,,,RESOLVED_AGREEMENT,False,3,,,,
a29781a1901b0eb9dd37,test,한의원,T2 동의어,q_한의원_05,한약,건강·의료 중 '한의원'을 판매·제공하는 매장,cbc4e4fb-af3f-428c-92c4-700bb4a83679,들뫼풀한약국,한약,도마큰시장,전통시장,대전광역시,3.0,3.0,,,RESOLVED_AGREEMENT,False,3,,,,
301b9eed0b7ba9f0ffc9,test,한의원,T2 동의어,q_한의원_05,한약,건강·의료 중 '한의원'을 판매·제공하는 매장,587f6146-f49b-401d-9200-c5a5633eaca6,수한의원,한약,신흥로데오거리상점가,골목형상점가,경기도,3.0,3.0,,,RESOLVED_AGREEMENT,False,3,,,,
04c54d68fe7ff9d2701e,test,한의원,T2 동의어,q_한의원_05,한약,건강·의료 중 '한의원'을 판매·제공하는 매장,190b1c81-19bc-4b97-8470-aa29f19f8615,아산약업사,한약,대구약령시장,전통시장,대구광역시,3.0,3.0,,,RESOLVED_AGREEMENT,False,3,,,,
d8fa267851ea3a9fcff1,test,한의원,T2 동의어,q_한의원_05,한약,건강·의료 중 '한의원'을 판매·제공하는 매장,6e318b2c-e13c-4411-8e07-60e05a2ffa5f,시장밥집,한식,영덕시장,전통시장,경상북도,0.0,0.0,,,RESOLVED_AGREEMENT,False,0,,,,
b786aaea61cc46be2ff4,test,한의원,T2 동의어,q_한의원_05,한약,건강·의료 중 '한의원'을 판매·제공하는 매장,48fcd474-e339-43a0-a720-78f02f02f620,줄포수산,기타가공식품,백년소상공인,기타,전북특별자치도,0.0,0.0,,,RESOLVED_AGREEMENT,False,0,,,,
9d37821cf78b2bd302b6,test,한의원,T2 동의어,q_한의원_05,한약,건강·의료 중 '한의원'을 판매·제공하는 매장,1a0defb7-c84d-484d-a47d-19d95eac79d4,한민한의원,"한약, 침, 부항, 추나",괴정가장로 골목형상점가,골목형상점가,대전광역시,3.0,3.0,,,RESOLVED_AGREEMENT,False,3,,,,
0b8b9d2ddcdd5f10abfb,test,한의원,T2 동의어,q_한의원_05,한약,건강·의료 중 '한의원'을 판매·제공하는 매장,20ad171b-58ef-440b-bd2e-15ac23775ce1,청담한의원,침 한약 약침 추나치료 등,화정한울타리상인회 골목형상점가,골목형상점가,광주광역시,3.0,3.0,,,RESOLVED_AGREEMENT,False,3,,,,
15dc27ac85d31e694567,test,한의원,T2 동의어,q_한의원_05,한약,건강·의료 중 '한의원'을 판매·제공하는 매장,7609621c-5512-404a-a5d9-9fc5579b696a,원광한약국,한약,평촌1번가 상점가,자율상권구역,경기도,3.0,3.0,,,RESOLVED_AGREEMENT,False,3,,,,
d565432a907f5ce24498,test,한의원,T2 동의어,q_한의원_05,한약,건강·의료 중 '한의원'을 판매·제공하는 매장,f3796fdc-bef7-42cf-9f67-ff844ec09443,신앤박한의원,한약,성당레미안이편한상가 골목형상점가,골목형상점가,대구광역시,3.0,3.0,,,RESOLVED_AGREEMENT,False,3,,,,
6502791c4c3bafe1e175,test,한의원,T2 동의어,q_한의원_05,한약,건강·의료 중 '한의원'을 판매·제공하는 매장,06275db0-3bc6-4cb2-b2d0-9c2172db74f9,장편한김용성내과,진료,산본로데오거리(구 산본중심상가),자율상권구역,경기도,0.0,0.0,,,RESOLVED_AGREEMENT,False,0,,,,
e509369ea0bceef9f2a9,test,한의원,T2 동의어,q_한의원_05,한약,건강·의료 중 '한의원'을 판매·제공하는 매장,27721878-e42f-49e9-a817-e52232034ffd,경희국보한약국,한약,대구약령시장,전통시장,대구광역시,3.0,3.0,,,RESOLVED_AGREEMENT,False,3,,,,
d9f85d3c5a8f9ec2a148,test,한의원,T2 동의어,q_한의원_05,한약,건강·의료 중 '한의원'을 판매·제공하는 매장,79e8e920-3ad3-41b0-8001-abc447e76ab1,조천약초,한약,동문공설시장,전통시장,제주특별자치도,3.0,3.0,,,RESOLVED_AGREEMENT,False,3,,,,
ff86e57f4ee52d6c9bb8,test,한의원,T4 구어·문장,q_한의원_06,침 맞는 곳,건강·의료 중 '한의원'을 판매·제공하는 매장,02b05ddb-3724-4a0c-b4ef-b9791576d5a0,산본한의원,한약,산본전통시장(구 군포산본시장),전통시장,경기도,2.0,3.0,,,P2_GRADED_ONLY,True,,,,,
779258c3a1291ff64f84,test,한의원,T4 구어·문장,q_한의원_06,침 맞는 곳,건강·의료 중 '한의원'을 판매·제공하는 매장,65718c15-5553-49db-ad26-407ed78d49b3,오치부부한의원,한약 침 물리치료,우치서하로 골목형상점가,골목형상점가,광주광역시,2.0,3.0,,,P2_GRADED_ONLY,True,,,,,
0be65502d1ed121f8d01,test,한의원,T4 구어·문장,q_한의원_06,침 맞는 곳,건강·의료 중 '한의원'을 판매·제공하는 매장,952ec564-dd10-4c0a-8ece-d0de795d52b1,볼드,맞춤의류,대봉길 골목형상점가,골목형상점가,대구광역시,0.0,0.0,,,RESOLVED_AGREEMENT,False,0,,,,
9cf013e8d132c4749c2e,test,한의원,T4 구어·문장,q_한의원_06,침 맞는 곳,건강·의료 중 '한의원'을 판매·제공하는 매장,8fe4b10f-09af-458b-93fc-3ca7a0aa4e04,김민우한의원,침 약침 봉침 부항 추나 왕뜸 한약 경옥고 공진단 다이어트한약,구매탄시장,전통시장,경기도,2.0,3.0,,,P2_GRADED_ONLY,True,,,,,
09820a927f70f45567f0,test,한의원,T4 구어·문장,q_한의원_06,침 맞는 곳,건강·의료 중 '한의원'을 판매·제공하는 매장,255bb940-e769-445c-90a7-84f490f7a432,평강한의원,침 뜸 한약,문흥1동 골목형상점가,골목형상점가,광주광역시,2.0,3.0,,,P2_GRADED_ONLY,True,,,,,
8e606926edb66f1c0b83,test,한의원,T4 구어·문장,q_한의원_06,침 맞는 곳,건강·의료 중 '한의원'을 판매·제공하는 매장,00681cee-2849-497b-b7d1-548576542ed2,풍암한의원,한의원,풍암벚꽃길상인회 골목형상점가,골목형상점가,광주광역시,3.0,3.0,,,RESOLVED_AGREEMENT,False,3,,,,
f110b6217ef29e412628,test,한의원,T4 구어·문장,q_한의원_06,침 맞는 곳,건강·의료 중 '한의원'을 판매·제공하는 매장,fc5bb92f-62db-4ded-afbd-21c5b3d8f072,최한의원,한의원 진료 한약 침 부항 약침 추나요법,반석동 골목형상점가,골목형상점가,대전광역시,3.0,3.0,,,RESOLVED_AGREEMENT,False,3,,,,
3be1d917d536bbbef305,test,한의원,T4 구어·문장,q_한의원_06,침 맞는 곳,건강·의료 중 '한의원'을 판매·제공하는 매장,928795db-38ab-431d-af89-7b6667688904,천비돈,일반음식,쌍촌로상인회 골목형상점가,골목형상점가,광주광역시,0.0,0.0,,,RESOLVED_AGREEMENT,False,0,,,,
5398a2d7fd2119d588ff,test,한의원,T4 구어·문장,q_한의원_06,침 맞는 곳,건강·의료 중 '한의원'을 판매·제공하는 매장,2743811c-5e71-4d2b-aa75-1b0147d44f2d,사우 꽃이 피는 곳,꽃,김포 풍년마을 골목형상점가,골목형상점가,경기도,0.0,0.0,,,RESOLVED_AGREEMENT,False,0,,,,
334775789c78bdcd70bc,test,한의원,T4 구어·문장,q_한의원_06,침 맞는 곳,건강·의료 중 '한의원'을 판매·제공하는 매장,005be19f-78f9-455e-9516-5b6ada9b2f79,명주약업사,한약도매,학성새벽시장,전통시장,울산광역시,2.0,3.0,,,P2_GRADED_ONLY,True,,,,,
c21054b4fc270856ff54,test,한의원,T4 구어·문장,q_한의원_06,침 맞는 곳,건강·의료 중 '한의원'을 판매·제공하는 매장,bd708a8b-f30b-4754-98b1-7ca5112dd92a,세종상신한의원,침 한약 물리치료,나성동 소방청 골목형상점가,골목형상점가,세종특별자치시,2.0,3.0,,,P2_GRADED_ONLY,True,,,,,
a856780c19dbeb2faad3,test,한의원,T4 구어·문장,q_한의원_06,침 맞는 곳,건강·의료 중 '한의원'을 판매·제공하는 매장,46ae3cda-00b2-47bd-b870-3e637d918431,바른부부한의원,한약 침 뜸 물리치료,빛가람 하나로 골목형상점가,골목형상점가,전라남도,2.0,3.0,,,P2_GRADED_ONLY,True,,,,,
5b3f38051ae65b4c5bf0,test,한의원,T4 구어·문장,q_한의원_06,침 맞는 곳,건강·의료 중 '한의원'을 판매·제공하는 매장,9baa9cb2-72af-421b-b453-e0881d824db0,원광부부한의원,한약 침 물리치료,광주송정역세권 상권활성화구역,상권활성화구역,광주광역시,2.0,3.0,,,P2_GRADED_ONLY,True,,,,,
498cdfe257caea03b0e0,test,한의원,T4 구어·문장,q_한의원_06,침 맞는 곳,건강·의료 중 '한의원'을 판매·제공하는 매장,04a734bb-1790-4ecd-9398-2fd3359294d0,제일의원,진료,두암시장주변 골목형상점가,골목형상점가,광주광역시,1.0,2.0,,,P1_BINARY_THRESHOLD,True,,,,,
27702cc7d764e2619134,test,한의원,T4 구어·문장,q_한의원_06,침 맞는 곳,건강·의료 중 '한의원'을 판매·제공하는 매장,02942ca3-7579-4db2-becb-fb2b1e71e633,보광한약방,한약방,내수전통시장,전통시장,충청북도,2.0,3.0,,,P2_GRADED_ONLY,True,,,,,
5581a11abd42050d4c10,test,한의원,T4 구어·문장,q_한의원_06,침 맞는 곳,건강·의료 중 '한의원'을 판매·제공하는 매장,20ad171b-58ef-440b-bd2e-15ac23775ce1,청담한의원,침 한약 약침 추나치료 등,화정한울타리상인회 골목형상점가,골목형상점가,광주광역시,2.0,3.0,,,P2_GRADED_ONLY,True,,,,,
0d84c48afa9273d367c9,test,한의원,T4 구어·문장,q_한의원_06,침 맞는 곳,건강·의료 중 '한의원'을 판매·제공하는 매장,049687c2-f8a0-4684-a17f-fd57b7fb23f3,맞춤한의원,한방진료,새마을시장,전통시장,서울특별시,3.0,3.0,,,RESOLVED_AGREEMENT,False,3,,,,
a2b420ae567ed851d467,test,한의원,T4 구어·문장,q_한의원_06,침 맞는 곳,건강·의료 중 '한의원'을 판매·제공하는 매장,ffe6bada-effb-42b1-b8bd-21e9bdcfdb12,일흥마트,잡화,역전시장,전통시장,충청남도,0.0,0.0,,,RESOLVED_AGREEMENT,False,0,,,,
d90faad921be9f8a8c37,test,한의원,T4 구어·문장,q_한의원_06,침 맞는 곳,건강·의료 중 '한의원'을 판매·제공하는 매장,00523307-cc4c-4b0c-8b2f-176ca7450d24,오름한의원,한의원,아차산등산로골목형상점가,골목형상점가,서울특별시,3.0,3.0,,,RESOLVED_AGREEMENT,False,3,,,,
cfbb6065e10d4ab0b8f2,test,한의원,T4 구어·문장,q_한의원_06,침 맞는 곳,건강·의료 중 '한의원'을 판매·제공하는 매장,5549b69d-a188-4921-a975-0f8085d2b2ec,더조은식당,한식,서정리시장(서정시장),전통시장,경기도,0.0,0.0,,,RESOLVED_AGREEMENT,False,0,,,,
92894ef064570ede127f,test,한의원,T4 구어·문장,q_한의원_06,침 맞는 곳,건강·의료 중 '한의원'을 판매·제공하는 매장,e0b9445b-c10a-484b-b3ac-520726f6b8b1,미르365한의원,침 한약,단대마트시장,전통시장,경기도,2.0,3.0,,,P2_GRADED_ONLY,True,,,,,
618a16f4b121180803a4,test,한의원,T4 구어·문장,q_한의원_06,침 맞는 곳,건강·의료 중 '한의원'을 판매·제공하는 매장,a895df69-dc3a-48c6-98eb-78df1f2bd5f5,소생한의원,한약 침 물리치료,돈암시장,전통시장,서울특별시,2.0,3.0,,,P2_GRADED_ONLY,True,,,,,
7a6a9503c8acb845117b,test,한의원,T4 구어·문장,q_한의원_06,침 맞는 곳,건강·의료 중 '한의원'을 판매·제공하는 매장,1d77845d-88a6-41c6-921f-cea1f15149bd,오월 한의원,"한방의료 서비스, 한약, 침",산본로데오거리(구 산본중심상가),자율상권구역,경기도,3.0,3.0,,,RESOLVED_AGREEMENT,False,3,,,,
5b95acfe7112132dd5e4,test,한의원,T4 구어·문장,q_한의원_06,침 맞는 곳,건강·의료 중 '한의원'을 판매·제공하는 매장,035c1b8a-8efd-4448-a276-7b9c25dadd68,광명당약업사,한약재,금산국제인삼시장,전통시장,충청남도,2.0,3.0,,,P2_GRADED_ONLY,True,,,,,
e71064615a1a7fa5dd4f,test,한의원,T4 구어·문장,q_한의원_06,침 맞는 곳,건강·의료 중 '한의원'을 판매·제공하는 매장,19b6e5db-5866-4752-afed-7fa0dc010f81,곳간,한식,태화십리대밭먹거리단지 상점가,자율상권구역,울산광역시,0.0,0.0,,,RESOLVED_AGREEMENT,False,0,,,,
9d4344b802c91c761324,test,한의원,T4 구어·문장,q_한의원_06,침 맞는 곳,건강·의료 중 '한의원'을 판매·제공하는 매장,c0cc81b4-89ec-4a70-b6f7-089de1fd92a8,소소한곳,,양산 물금백호마을 골목형상점가,골목형상점가,경상남도,,0.0,Y,,P0_UNCERTAIN_OR_MISSING,True,,,,,
726ae7cc01d5ffcb0432,test,한의원,T4 구어·문장,q_한의원_06,침 맞는 곳,건강·의료 중 '한의원'을 판매·제공하는 매장,ae2d2108-e8f8-4145-a3f0-3d4f6794d769,경희 이촌 한의원,"침, 뜸, 한약 등",삼익 골목형상점가,골목형상점가,서울특별시,2.0,3.0,,,P2_GRADED_ONLY,True,,,,,
2b1487a3e9a7e58710e3,test,한의원,T4 구어·문장,q_한의원_06,침 맞는 곳,건강·의료 중 '한의원'을 판매·제공하는 매장,fba3b5b3-d093-43d1-b8c5-5ba2c65373e6,일맥한의원,한약 침 뜸 부항,평촌1번가 상점가,자율상권구역,경기도,2.0,3.0,,,P2_GRADED_ONLY,True,,,,,
75bdb031aaca67e05aed,test,한의원,T4 구어·문장,q_한의원_06,침 맞는 곳,건강·의료 중 '한의원'을 판매·제공하는 매장,4d8c30a8-0e16-4a72-9eed-e6a73dc23556,군침,한식,구갈상점가,자율상권구역,경기도,0.0,0.0,,,RESOLVED_AGREEMENT,False,0,,,,
729f81ccd4995337c922,test,한의원,T4 구어·문장,q_한의원_06,침 맞는 곳,건강·의료 중 '한의원'을 판매·제공하는 매장,adb48ae6-17a4-4522-b46f-04ca377034a8,네오시스템,컴퓨터주변기기,전주전자상가(구 전주기린로전자상가),자율상권구역,전북특별자치도,0.0,0.0,,,RESOLVED_AGREEMENT,False,0,,,,
6c8f7d6a470fdce93119,test,한의원,T4 구어·문장,q_한의원_06,침 맞는 곳,건강·의료 중 '한의원'을 판매·제공하는 매장,06275db0-3bc6-4cb2-b2d0-9c2172db74f9,장편한김용성내과,진료,산본로데오거리(구 산본중심상가),자율상권구역,경기도,0.0,0.0,,,RESOLVED_AGREEMENT,False,0,,,,
292e2c8c316feaf68f0a,test,한의원,T4 구어·문장,q_한의원_06,침 맞는 곳,건강·의료 중 '한의원'을 판매·제공하는 매장,0002538c-b8d9-4911-81c7-966789036b09,빛고을 치과의원,의원,세은 골목형상점가,골목형상점가,광주광역시,1.0,2.0,,,P1_BINARY_THRESHOLD,True,,,,,
ac8d6068613aba35c035,test,한의원,T4 구어·문장,q_한의원_06,침 맞는 곳,건강·의료 중 '한의원'을 판매·제공하는 매장,ba493149-68f2-4e9a-ae86-73ab73278ffe,스침,한식,산본로데오거리(구 산본중심상가),자율상권구역,경기도,0.0,0.0,,,RESOLVED_AGREEMENT,False,0,,,,
34b84d6d5d67dbe19e45,test,한의원,T4 구어·문장,q_한의원_06,침 맞는 곳,건강·의료 중 '한의원'을 판매·제공하는 매장,842f6cf1-6411-4f4b-be23-746d79e31656,섬곳,한식,플레이사계 지오단길 골목형상점가,골목형상점가,제주특별자치도,0.0,0.0,,,RESOLVED_AGREEMENT,False,0,,,,
f2ff9425922bd0d6255e,test,한의원,T4 구어·문장,q_한의원_06,침 맞는 곳,건강·의료 중 '한의원'을 판매·제공하는 매장,1b1d3853-233c-428c-b52a-8083f8e000d4,아트리 미술학원,교육,효자휴먼시아 골목형상점가,골목형상점가,전북특별자치도,0.0,0.0,,,RESOLVED_AGREEMENT,False,0,,,,
3fdb3ff69e93cba5e964,test,한의원,T4 구어·문장,q_한의원_06,침 맞는 곳,건강·의료 중 '한의원'을 판매·제공하는 매장,0532ce10-a52b-42cf-8bd4-5412db78e694,계룡산한의원,한방의료서비스,신도안면 골목형상점가,골목형상점가,충청남도,3.0,3.0,,,RESOLVED_AGREEMENT,False,3,,,,
2c4db7f8c4ce335ff4c6,test,한의원,T4 구어·문장,q_한의원_06,침 맞는 곳,건강·의료 중 '한의원'을 판매·제공하는 매장,203a7e62-47c5-404a-b50e-309a8e102521,김석제세한의원,침 한약,지석사거리 골목형상점가,골목형상점가,광주광역시,2.0,3.0,,,P2_GRADED_ONLY,True,,,,,
d977bdeea258694c5e2c,test,한의원,T4 구어·문장,q_한의원_06,침 맞는 곳,건강·의료 중 '한의원'을 판매·제공하는 매장,0056dcd4-0ac0-4535-9ee5-c8fd19d8ff14,중화한의원,한의원,보령한내시장,전통시장,충청남도,3.0,3.0,,,RESOLVED_AGREEMENT,False,3,,,,
2d1b7b5bed53068c1169,test,한의원,T4 구어·문장,q_한의원_06,침 맞는 곳,건강·의료 중 '한의원'을 판매·제공하는 매장,be70519b-ca84-4e3e-b484-d6519e6d3e1d,경희 명 한의원,한약 침 치료 물리치료,푸른솔빛골목형상점가,골목형상점가,인천광역시,3.0,3.0,,,RESOLVED_AGREEMENT,False,3,,,,
ea3f8ff9358c708dd087,test,한의원,T4 구어·문장,q_한의원_06,침 맞는 곳,건강·의료 중 '한의원'을 판매·제공하는 매장,9e3e0010-8a5d-4069-bd02-00b255b5a92f,안암부부한의원,침 추나 한약 물리치료,고대 골목형상점가,골목형상점가,서울특별시,2.0,3.0,,,P2_GRADED_ONLY,True,,,,,
cad1fc1f0e862db35368,test,한의원,T4 구어·문장,q_한의원_06,침 맞는 곳,건강·의료 중 '한의원'을 판매·제공하는 매장,fab50a52-4bd5-4df2-a12c-e4f195c70e95,태영명가한의원,침 뜸 부항 약침 한약 등 한방진료,봉선로1 골목형상점가,골목형상점가,광주광역시,3.0,3.0,,,RESOLVED_AGREEMENT,False,3,,,,
8c75fd2fa8706ecb5996,test,한의원,T4 구어·문장,q_한의원_06,침 맞는 곳,건강·의료 중 '한의원'을 판매·제공하는 매장,2a0a341f-9d45-4dc7-bd32-a9a8bd2f72c6,숲속호두 세종점,호두과자,도담동 골목형상점가,골목형상점가,세종특별자치시,0.0,0.0,,,RESOLVED_AGREEMENT,False,0,,,,
21cc47982a8480194a3a,test,한의원,T4 구어·문장,q_한의원_06,침 맞는 곳,건강·의료 중 '한의원'을 판매·제공하는 매장,20e990e4-aaf3-4784-9ba0-caad51d06b23,곳간,한식,수완장덕 골목형상점가,골목형상점가,광주광역시,0.0,0.0,,,RESOLVED_AGREEMENT,False,0,,,,
d800e02134d3a1aa3429,test,한의원,T4 구어·문장,q_한의원_06,침 맞는 곳,건강·의료 중 '한의원'을 판매·제공하는 매장,20db201c-d679-474d-bc8d-23db4c4f0787,곳간정육점,,선화로 골목형상점가,골목형상점가,전북특별자치도,0.0,0.0,,,RESOLVED_AGREEMENT,False,0,,,,
64cac85a2838e59e47ac,test,한의원,T4 구어·문장,q_한의원_06,침 맞는 곳,건강·의료 중 '한의원'을 판매·제공하는 매장,d42d8238-24e1-4737-92f7-bfd98b91df38,생기한의원,한방의료 침 약침 탕약,상무평화상인회 골목형상점가,골목형상점가,광주광역시,3.0,3.0,,,RESOLVED_AGREEMENT,False,3,,,,
724c5f1f77909947c29a,test,한의원,T4 구어·문장,q_한의원_06,침 맞는 곳,건강·의료 중 '한의원'을 판매·제공하는 매장,1eaf6dc3-f0f0-4350-8341-9f6f4334b965,다소곳,옷,전주모래내시장,전통시장,전북특별자치도,0.0,0.0,,,RESOLVED_AGREEMENT,False,0,,,,
aab5a35fedbe74227332,test,한의원,T4 구어·문장,q_한의원_06,침 맞는 곳,건강·의료 중 '한의원'을 판매·제공하는 매장,04b3f97b-2da5-4d58-8ab5-c5e9f48061c5,새몸한의원,한의진료 한의의료시술 침 뜸 부항 물리요법 추나요법 약침 봉침 한약 등,봉선로1 골목형상점가,골목형상점가,광주광역시,2.0,3.0,,,P2_GRADED_ONLY,True,,,,,
1133a03b3a06940802a3,test,한의원,T4 구어·문장,q_한의원_06,침 맞는 곳,건강·의료 중 '한의원'을 판매·제공하는 매장,1c8a8990-c1c5-4b90-99a1-09919d081f9a,건강미현대웰빙의원,진료,광산 송2송2 골목형상점가,골목형상점가,광주광역시,1.0,2.0,,,P1_BINARY_THRESHOLD,True,,,,,
e61cf4f5c53aff81136b,test,한의원,T4 구어·문장,q_한의원_06,침 맞는 곳,건강·의료 중 '한의원'을 판매·제공하는 매장,9631f0f0-91fe-4b49-88e5-daa7a58e9a52,광덕힐한의원,한방진료 침 뜸 부항 추나요법,힐스상인회 골목형상점가,골목형상점가,광주광역시,3.0,3.0,,,RESOLVED_AGREEMENT,False,3,,,,
1e8535333c8d4d62005e,test,한의원,T4 구어·문장,q_한의원_06,침 맞는 곳,건강·의료 중 '한의원'을 판매·제공하는 매장,8cae8e4a-4881-49ac-8b26-8c116d027a19,365매일한의원,침 뜸 부항 약침 추나 감기약 소화제,삼천동제일 골목형상점가,골목형상점가,전북특별자치도,2.0,3.0,,,P2_GRADED_ONLY,True,,,,,
3ea8f2d0838c698e2c4c,test,한의원,T4 구어·문장,q_한의원_06,침 맞는 곳,건강·의료 중 '한의원'을 판매·제공하는 매장,76a3551b-dae4-4326-92cc-662015aedbfb,쉴 곳,한식,칠성로상점가,자율상권구역,제주특별자치도,0.0,0.0,,,RESOLVED_AGREEMENT,False,0,,,,
1d5ebb0a9bf782c84a7a,test,한의원,T4 구어·문장,q_한의원_06,침 맞는 곳,건강·의료 중 '한의원'을 판매·제공하는 매장,110987cb-7ebc-4014-aa11-b1c84ae0bc72,약손한의원,침 한약,학운 골목형상점가,골목형상점가,광주광역시,2.0,3.0,,,P2_GRADED_ONLY,True,,,,,
4e8676937a854b55e272,test,한의원,T4 구어·문장,q_한의원_06,침 맞는 곳,건강·의료 중 '한의원'을 판매·제공하는 매장,6b2a6a7b-b304-4295-85a6-4c152904b55b,금맥한의원,한약 침,계양산전통시장,전통시장,인천광역시,2.0,3.0,,,P2_GRADED_ONLY,True,,,,,
fe7860bcbfba4e3e7f4b,test,한의원,T4 구어·문장,q_한의원_06,침 맞는 곳,건강·의료 중 '한의원'을 판매·제공하는 매장,00c44c1d-ee28-4fc2-a0f0-e3454de86603,준 한의원,한방의료서비스,첨단연신로 골목형상점가,골목형상점가,광주광역시,3.0,3.0,,,RESOLVED_AGREEMENT,False,3,,,,
ea313d1f39a8231c9722,test,한의원,T4 구어·문장,q_한의원_06,침 맞는 곳,건강·의료 중 '한의원'을 판매·제공하는 매장,07642cd2-da01-4c61-b136-9b7960b98e30,흙다방,한방차,을지로지하보도쇼핑센터,일반지하상점가,서울특별시,3.0,0.0,,,P1_BINARY_THRESHOLD,True,,,,,
c9c311e2606ff344743d,test,한의원,T4 구어·문장,q_한의원_06,침 맞는 곳,건강·의료 중 '한의원'을 판매·제공하는 매장,e3ef22f1-dd4f-45fb-94b3-e799925f9f27,본디올대치한의원,추나 약침 약 뜸 침 생태치유,은마종합상점가,자율상권구역,서울특별시,2.0,3.0,,,P2_GRADED_ONLY,True,,,,,
ae02cd1523b3fc9ca378,test,한의원,T4 구어·문장,q_한의원_06,침 맞는 곳,건강·의료 중 '한의원'을 판매·제공하는 매장,c111ac9d-3f3a-405c-a8db-4d127ccda9e2,행복이 있는 곳,잡화,제주로얄쇼핑센터,자율상권구역,제주특별자치도,0.0,0.0,,,RESOLVED_AGREEMENT,False,0,,,,
5461d60ffe720d5f2c5a,test,한의원,T4 구어·문장,q_한의원_06,침 맞는 곳,건강·의료 중 '한의원'을 판매·제공하는 매장,99fb7b87-7b56-4b61-8efb-3bbbcacb1fc3,성보한의원,한약 침 한방의료행위,문정동로데오상점가,자율상권구역,서울특별시,3.0,3.0,,,RESOLVED_AGREEMENT,False,3,,,,
bfcc1f44f0dbd6a38b95,test,한의원,T4 구어·문장,q_한의원_06,침 맞는 곳,건강·의료 중 '한의원'을 판매·제공하는 매장,06261986-3eba-4244-b63f-397460d82f4a,이곳,미용,나주혁신도시 골목형상점가,골목형상점가,전라남도,0.0,0.0,,,RESOLVED_AGREEMENT,False,0,,,,
73e8d4788a3fd580139e,test,한의원,T4 구어·문장,q_한의원_06,침 맞는 곳,건강·의료 중 '한의원'을 판매·제공하는 매장,be9f8c61-892c-48ed-a49d-b63bd032c025,소곳,의류,고투몰(강남터미널지하도상점가),일반지하상점가,서울특별시,0.0,0.0,,,RESOLVED_AGREEMENT,False,0,,,,
6085d847031a658b65ad,test,한의원,T4 구어·문장,q_한의원_06,침 맞는 곳,건강·의료 중 '한의원'을 판매·제공하는 매장,b016a86c-b155-431d-8584-01500152702f,청심당한의원,"침, 한약",보람동 골목형상점가,골목형상점가,세종특별자치시,2.0,3.0,,,P2_GRADED_ONLY,True,,,,,
a4dce23e9e1915225b08,test,한의원,T4 구어·문장,q_한의원_06,침 맞는 곳,건강·의료 중 '한의원'을 판매·제공하는 매장,af841040-0055-4f95-bbe1-b98bb9cf9b59,밀곳,제과,부평깡통시장(구 부산부평시장),전통시장,부산광역시,0.0,0.0,,,RESOLVED_AGREEMENT,False,0,,,,
eae4358a2ecd08921764,test,한의원,T4 구어·문장,q_한의원_06,침 맞는 곳,건강·의료 중 '한의원'을 판매·제공하는 매장,00192f22-a492-4ba5-a62d-65bf0d0ec7b9,큰물한의원,한의원,전주서곡 골목형상점가,골목형상점가,전북특별자치도,3.0,3.0,,,RESOLVED_AGREEMENT,False,3,,,,
1a3bbeb557c6c7e99f8e,test,한의원,T4 구어·문장,q_한의원_06,침 맞는 곳,건강·의료 중 '한의원'을 판매·제공하는 매장,1a0defb7-c84d-484d-a47d-19d95eac79d4,한민한의원,"한약, 침, 부항, 추나",괴정가장로 골목형상점가,골목형상점가,대전광역시,2.0,3.0,,,P2_GRADED_ONLY,True,,,,,
526ce00de1a1d2865a11,test,한의원,T4 구어·문장,q_한의원_06,침 맞는 곳,건강·의료 중 '한의원'을 판매·제공하는 매장,239c0fcf-ec40-4a20-a790-57ef66a057da,경희팔팔한의원,침 추나 공진단 다이어트,청량리청과물시장,전통시장,서울특별시,2.0,3.0,,,P2_GRADED_ONLY,True,,,,,
6ce75e9aad736643a15c,test,한의원,T4 구어·문장,q_한의원_06,침 맞는 곳,건강·의료 중 '한의원'을 판매·제공하는 매장,bce53aa0-100a-434c-b9b1-5ec13b9eda23,원앙금침,침구,발안만세시장(구 발안시장),전통시장,경기도,0.0,0.0,,,RESOLVED_AGREEMENT,False,0,,,,
52060c874c92cee2f17d,test,한의원,T4 구어·문장,q_한의원_06,침 맞는 곳,건강·의료 중 '한의원'을 판매·제공하는 매장,3a1fd7b7-d52e-485e-8eca-d230de10868e,금강한의원,물리치료 부항 뜸 추나 약침 침치료 한약 보약,조치원중심가로상점가,자율상권구역,세종특별자치시,3.0,3.0,,,RESOLVED_AGREEMENT,False,3,,,,
f2c483d5a0c14cd07f85,test,한의원,T4 구어·문장,q_한의원_06,침 맞는 곳,건강·의료 중 '한의원'을 판매·제공하는 매장,51516a28-5d7d-464e-aca9-f53dea7e1107,이응한의원,한약 침,보람동 골목형상점가,골목형상점가,세종특별자치시,2.0,3.0,,,P2_GRADED_ONLY,True,,,,,
858d330f964ca3ffc1f2,test,한의원,T4 구어·문장,q_한의원_06,침 맞는 곳,건강·의료 중 '한의원'을 판매·제공하는 매장,d6e70346-24fa-4b96-93f2-9792752aa257,최정우 한의원,한의원 침 구 한약,열매 골목형상점가,골목형상점가,대전광역시,3.0,3.0,,,RESOLVED_AGREEMENT,False,3,,,,
a683f6d78d5f926c93cd,test,한의원,T4 구어·문장,q_한의원_06,침 맞는 곳,건강·의료 중 '한의원'을 판매·제공하는 매장,0ab1eb9a-a600-4ac0-8ce5-615819efcf3f,차차한의원,한방,배방공수 골목형상점가,골목형상점가,충청남도,3.0,3.0,,,RESOLVED_AGREEMENT,False,3,,,,
515ba2bf7b5c47ef5617,test,한의원,T4 구어·문장,q_한의원_06,침 맞는 곳,건강·의료 중 '한의원'을 판매·제공하는 매장,c8b2d4cb-163c-41e4-ac53-02b6bc62c6f1,가디너,기타,제주중앙지하상가,일반지하상점가,제주특별자치도,0.0,0.0,,,RESOLVED_AGREEMENT,False,0,,,,
a8b240d520810006ff31,test,한의원,T4 구어·문장,q_한의원_06,침 맞는 곳,건강·의료 중 '한의원'을 판매·제공하는 매장,9ef96bab-5f5f-4f83-a600-e7d336653705,간절곳 튀김,음식,반송큰시장,전통시장,부산광역시,0.0,0.0,,,RESOLVED_AGREEMENT,False,0,,,,
0aa31f304623f67158f7,test,한의원,T4 구어·문장,q_한의원_06,침 맞는 곳,건강·의료 중 '한의원'을 판매·제공하는 매장,24456103-f6b8-46af-8655-82e61d7265d8,커피가 머무르는 곳,커피,반드레길골목형상점가,골목형상점가,서울특별시,0.0,0.0,,,RESOLVED_AGREEMENT,False,0,,,,
35fd4e56260535d362ca,test,한의원,T4 구어·문장,q_한의원_06,침 맞는 곳,건강·의료 중 '한의원'을 판매·제공하는 매장,6ef862e1-6da2-4a0d-80c8-2990d29c70e2,남중상회,"이불, 한복",정읍우암로상점가,자율상권구역,전북특별자치도,0.0,0.0,,,RESOLVED_AGREEMENT,False,0,,,,
8bc5e51b855a8949ec36,test,한의원,T4 구어·문장,q_한의원_06,침 맞는 곳,건강·의료 중 '한의원'을 판매·제공하는 매장,222693c0-8cd6-4b83-b9d7-e33585fc4144,경희본한의원,보건업 한의원 한약 침 뜸,첨단2지구 골목형상점가,골목형상점가,광주광역시,3.0,3.0,,,RESOLVED_AGREEMENT,False,3,,,,
b099d8170d5ad74d25f9,test,한의원,T4 구어·문장,q_한의원_06,침 맞는 곳,건강·의료 중 '한의원'을 판매·제공하는 매장,6cc2aecf-ffb7-4413-8eae-225bb6fe6da4,연우당한의원,침 부항 추나 한약,남구로시장,전통시장,서울특별시,2.0,3.0,,,P2_GRADED_ONLY,True,,,,,
428d1ef01f8e87e5dbf5,test,한의원,T4 구어·문장,q_한의원_07,한방 치료 받는 데,건강·의료 중 '한의원'을 판매·제공하는 매장,325720b6-5828-4908-9895-5a794cd37263,울엄마반찬,반찬,대전정원시장,전통시장,대전광역시,0.0,0.0,,,RESOLVED_AGREEMENT,False,0,,,,
a93b5ccf8a87fc941efc,test,한의원,T4 구어·문장,q_한의원_07,한방 치료 받는 데,건강·의료 중 '한의원'을 판매·제공하는 매장,0532ce10-a52b-42cf-8bd4-5412db78e694,계룡산한의원,한방의료서비스,신도안면 골목형상점가,골목형상점가,충청남도,3.0,3.0,,,RESOLVED_AGREEMENT,False,3,,,,
e015c5bf737d392de567,test,한의원,T4 구어·문장,q_한의원_07,한방 치료 받는 데,건강·의료 중 '한의원'을 판매·제공하는 매장,7bb72411-9f36-4541-ace9-c71a90c243cf,유진한의원,한의 진료 및 치료,온택트 괴정스마트 상권활성화구역,상권활성화구역,부산광역시,2.0,3.0,,,P2_GRADED_ONLY,True,,,,,
8eb216b862be9e9a6bc6,test,한의원,T4 구어·문장,q_한의원_07,한방 치료 받는 데,건강·의료 중 '한의원'을 판매·제공하는 매장,d02b1495-52ce-40fa-a9ad-a4673b74e9e8,송파마음한의원,치료,방이시장,전통시장,서울특별시,2.0,3.0,,,P2_GRADED_ONLY,True,,,,,
c259aa5b254d72e23d23,test,한의원,T4 구어·문장,q_한의원_07,한방 치료 받는 데,건강·의료 중 '한의원'을 판매·제공하는 매장,a7e56d2a-2852-4825-9e7d-8fb86cc8275a,팔도강산,한식,대흥사 골목형상점가,골목형상점가,전라남도,0.0,0.0,,,RESOLVED_AGREEMENT,False,0,,,,
eb144e515172d4204b98,test,한의원,T4 구어·문장,q_한의원_07,한방 치료 받는 데,건강·의료 중 '한의원'을 판매·제공하는 매장,cbdabeb5-a723-48ae-afb2-cbf7739040a1,레소나,커피,선교지구 골목형상점가,골목형상점가,광주광역시,0.0,0.0,,,RESOLVED_AGREEMENT,False,0,,,,
58c48242219f44506a1b,test,한의원,T4 구어·문장,q_한의원_07,한방 치료 받는 데,건강·의료 중 '한의원'을 판매·제공하는 매장,02b05ddb-3724-4a0c-b4ef-b9791576d5a0,산본한의원,한약,산본전통시장(구 군포산본시장),전통시장,경기도,3.0,3.0,,,RESOLVED_AGREEMENT,False,3,,,,
a59c9f100409b5b53169,test,한의원,T4 구어·문장,q_한의원_07,한방 치료 받는 데,건강·의료 중 '한의원'을 판매·제공하는 매장,5b5474f2-26f7-434f-a53d-65d4723817bc,화목한휴일한의원,한방치료,주월리 골목형상점가,골목형상점가,광주광역시,3.0,3.0,,,RESOLVED_AGREEMENT,False,3,,,,
ce44472ee561cf833c5f,test,한의원,T4 구어·문장,q_한의원_07,한방 치료 받는 데,건강·의료 중 '한의원'을 판매·제공하는 매장,aa9dba5c-dd21-4911-a98a-73bce6efd461,스시이안앤광주하남점,일식,한마음,골목형상점가,광주광역시,0.0,0.0,,,RESOLVED_AGREEMENT,False,0,,,,
f0298d9319ddd44fd04b,test,한의원,T4 구어·문장,q_한의원_07,한방 치료 받는 데,건강·의료 중 '한의원'을 판매·제공하는 매장,00523307-cc4c-4b0c-8b2f-176ca7450d24,오름한의원,한의원,아차산등산로골목형상점가,골목형상점가,서울특별시,3.0,3.0,,,RESOLVED_AGREEMENT,False,3,,,,
12195d250ea964ca7430,test,한의원,T4 구어·문장,q_한의원_07,한방 치료 받는 데,건강·의료 중 '한의원'을 판매·제공하는 매장,db9e83e3-7b17-41ef-b782-a35b4545b804,"영포13호,23호",수산물,죽도어시장,전통시장,경상북도,0.0,0.0,,,RESOLVED_AGREEMENT,False,0,,,,
10a78faf1b8e97a6b143,test,한의원,T4 구어·문장,q_한의원_07,한방 치료 받는 데,건강·의료 중 '한의원'을 판매·제공하는 매장,561a356b-fbd8-4e3d-a951-bbb2644e1482,미소그린한의원,한방치료,노대물빛근린공원 골목형상점가,골목형상점가,광주광역시,3.0,3.0,,,RESOLVED_AGREEMENT,False,3,,,,
4e9308dcae5ced9f2c22,test,한의원,T4 구어·문장,q_한의원_07,한방 치료 받는 데,건강·의료 중 '한의원'을 판매·제공하는 매장,7f05dfbe-0dd8-4cce-9193-7ffa4185f48e,당당한의원,한방치료,범어식주가무명인골목 골목형상점가,골목형상점가,대구광역시,3.0,3.0,,,RESOLVED_AGREEMENT,False,3,,,,
44fd9b7abfa8f3efdffa,test,한의원,T4 구어·문장,q_한의원_07,한방 치료 받는 데,건강·의료 중 '한의원'을 판매·제공하는 매장,1c8a8990-c1c5-4b90-99a1-09919d081f9a,건강미현대웰빙의원,진료,광산 송2송2 골목형상점가,골목형상점가,광주광역시,1.0,2.0,,,P1_BINARY_THRESHOLD,True,,,,,
0d581b4f224a71c0b131,test,한의원,T4 구어·문장,q_한의원_07,한방 치료 받는 데,건강·의료 중 '한의원'을 판매·제공하는 매장,00192f22-a492-4ba5-a62d-65bf0d0ec7b9,큰물한의원,한의원,전주서곡 골목형상점가,골목형상점가,전북특별자치도,3.0,3.0,,,RESOLVED_AGREEMENT,False,3,,,,
05d3304e6bfe0fd2bd3b,test,한의원,T4 구어·문장,q_한의원_07,한방 치료 받는 데,건강·의료 중 '한의원'을 판매·제공하는 매장,4c324c63-c147-42d1-b31c-58044892eb35,세모네모 한의원,한방치료,평촌1번가 상점가,자율상권구역,경기도,3.0,3.0,,,RESOLVED_AGREEMENT,False,3,,,,
afa624c422fe608e8cd0,test,한의원,T4 구어·문장,q_한의원_07,한방 치료 받는 데,건강·의료 중 '한의원'을 판매·제공하는 매장,aa936541-d9bc-4616-9c06-83df36ba719c,빵이가득한집,빵,석바위시장,전통시장,인천광역시,0.0,0.0,,,RESOLVED_AGREEMENT,False,0,,,,
853fbe73b49f89d9df9a,test,한의원,T4 구어·문장,q_한의원_07,한방 치료 받는 데,건강·의료 중 '한의원'을 판매·제공하는 매장,970244ad-dad2-445f-bb10-eb10192af3e6,올림픽한방병원,한방치료,동림4단지 골목형상점가,골목형상점가,광주광역시,3.0,3.0,,,RESOLVED_AGREEMENT,False,3,,,,
833731caa3a2166f5823,test,한의원,T4 구어·문장,q_한의원_07,한방 치료 받는 데,건강·의료 중 '한의원'을 판매·제공하는 매장,212e75fc-56bc-4ca6-ab22-d868f39a29cc,바른한의원,한방치료,제천중앙시장,전통시장,충청북도,3.0,3.0,,,RESOLVED_AGREEMENT,False,3,,,,
efbac0ad80afa0650ac9,test,한의원,T4 구어·문장,q_한의원_07,한방 치료 받는 데,건강·의료 중 '한의원'을 판매·제공하는 매장,63d235cf-a59c-447f-b8b5-51e7ac948059,이마트24 사상중흥프레쉬점,,중흥 골목형상점가,골목형상점가,부산광역시,0.0,0.0,,,RESOLVED_AGREEMENT,False,0,,,,
cdd640db55f781b47b5e,test,한의원,T4 구어·문장,q_한의원_07,한방 치료 받는 데,건강·의료 중 '한의원'을 판매·제공하는 매장,1a0defb7-c84d-484d-a47d-19d95eac79d4,한민한의원,"한약, 침, 부항, 추나",괴정가장로 골목형상점가,골목형상점가,대전광역시,3.0,3.0,,,RESOLVED_AGREEMENT,False,3,,,,
e3cd4c9f6939566f90e1,test,한의원,T4 구어·문장,q_한의원_07,한방 치료 받는 데,건강·의료 중 '한의원'을 판매·제공하는 매장,049687c2-f8a0-4684-a17f-fd57b7fb23f3,맞춤한의원,한방진료,새마을시장,전통시장,서울특별시,3.0,3.0,,,RESOLVED_AGREEMENT,False,3,,,,
88881a9dd826aaad754d,test,한의원,T4 구어·문장,q_한의원_07,한방 치료 받는 데,건강·의료 중 '한의원'을 판매·제공하는 매장,6500333d-e8ee-4930-b687-3e6cc7b501e0,8맥한의원,한방 서비스업,풍향골 골목형상점가,골목형상점가,광주광역시,3.0,3.0,,,RESOLVED_AGREEMENT,False,3,,,,
b37852f197e631896536,test,한의원,T4 구어·문장,q_한의원_07,한방 치료 받는 데,건강·의료 중 '한의원'을 판매·제공하는 매장,223d420a-c2e9-4c8a-89ef-54fddff796b9,예인한의원,한방,신금호역골목형상점가,골목형상점가,서울특별시,3.0,3.0,,,RESOLVED_AGREEMENT,False,3,,,,
960ce94b622cab4f2312,test,한의원,T4 구어·문장,q_한의원_07,한방 치료 받는 데,건강·의료 중 '한의원'을 판매·제공하는 매장,7edae9bf-c0c5-4a4b-be74-4b5f424e8d58,소통한의원,한방치료,산본사거리 골목형상점가,골목형상점가,경기도,3.0,3.0,,,RESOLVED_AGREEMENT,False,3,,,,
ef725ddf93eca05e0789,test,한의원,T4 구어·문장,q_한의원_07,한방 치료 받는 데,건강·의료 중 '한의원'을 판매·제공하는 매장,6b8f2fbb-e8cd-456e-bb64-df80d823ebf1,한방녹차족발,,수영팔도시장(구 수영팔도상가시장),전통시장,부산광역시,3.0,0.0,,,P1_BINARY_THRESHOLD,True,,,,,
67ec2673a5994cc1355c,test,한의원,T4 구어·문장,q_한의원_07,한방 치료 받는 데,건강·의료 중 '한의원'을 판매·제공하는 매장,20ad171b-58ef-440b-bd2e-15ac23775ce1,청담한의원,침 한약 약침 추나치료 등,화정한울타리상인회 골목형상점가,골목형상점가,광주광역시,3.0,3.0,,,RESOLVED_AGREEMENT,False,3,,,,
e437f83ff2bcbd21b86a,test,한의원,T4 구어·문장,q_한의원_07,한방 치료 받는 데,건강·의료 중 '한의원'을 판매·제공하는 매장,0ab1eb9a-a600-4ac0-8ce5-615819efcf3f,차차한의원,한방,배방공수 골목형상점가,골목형상점가,충청남도,3.0,3.0,,,RESOLVED_AGREEMENT,False,3,,,,
20e724c9308aed493109,test,한의원,T4 구어·문장,q_한의원_07,한방 치료 받는 데,건강·의료 중 '한의원'을 판매·제공하는 매장,005be19f-78f9-455e-9516-5b6ada9b2f79,명주약업사,한약도매,학성새벽시장,전통시장,울산광역시,3.0,3.0,,,RESOLVED_AGREEMENT,False,3,,,,
0a96c12089a875e2baf1,test,한의원,T4 구어·문장,q_한의원_07,한방 치료 받는 데,건강·의료 중 '한의원'을 판매·제공하는 매장,04a734bb-1790-4ecd-9398-2fd3359294d0,제일의원,진료,두암시장주변 골목형상점가,골목형상점가,광주광역시,1.0,2.0,,,P1_BINARY_THRESHOLD,True,,,,,
2c859003ab92fc82f059,test,한의원,T4 구어·문장,q_한의원_07,한방 치료 받는 데,건강·의료 중 '한의원'을 판매·제공하는 매장,02942ca3-7579-4db2-becb-fb2b1e71e633,보광한약방,한약방,내수전통시장,전통시장,충청북도,3.0,3.0,,,RESOLVED_AGREEMENT,False,3,,,,
1de8b517121e464fbe91,test,한의원,T4 구어·문장,q_한의원_07,한방 치료 받는 데,건강·의료 중 '한의원'을 판매·제공하는 매장,8712d92c-6f6f-426f-ac95-cc5fdb8c9035,송월한의원,한방치료,송월동 상가상인회 골목형상점가,골목형상점가,전라남도,3.0,3.0,,,RESOLVED_AGREEMENT,False,3,,,,
b71d9e97060fc57e79e2,test,한의원,T4 구어·문장,q_한의원_07,한방 치료 받는 데,건강·의료 중 '한의원'을 판매·제공하는 매장,857c1d41-faec-4719-99f8-a304c3bd1aa5,미소발달상담센터,치료 및 상담,보람동 골목형상점가,골목형상점가,세종특별자치시,0.0,0.0,,,RESOLVED_AGREEMENT,False,0,,,,
ba8a73c652321c810862,test,한의원,T4 구어·문장,q_한의원_07,한방 치료 받는 데,건강·의료 중 '한의원'을 판매·제공하는 매장,441adc90-8b76-4fd1-8a27-e20c80920c64,박성섭 한의원,한방치료,세종전통시장,전통시장,세종특별자치시,3.0,3.0,,,RESOLVED_AGREEMENT,False,3,,,,
9be073cb9deb885be5b4,test,한의원,T4 구어·문장,q_한의원_07,한방 치료 받는 데,건강·의료 중 '한의원'을 판매·제공하는 매장,239c0fcf-ec40-4a20-a790-57ef66a057da,경희팔팔한의원,침 추나 공진단 다이어트,청량리청과물시장,전통시장,서울특별시,3.0,3.0,,,RESOLVED_AGREEMENT,False,3,,,,
8f02bd3a7a23efc1ed7a,test,한의원,T4 구어·문장,q_한의원_07,한방 치료 받는 데,건강·의료 중 '한의원'을 판매·제공하는 매장,be70519b-ca84-4e3e-b484-d6519e6d3e1d,경희 명 한의원,한약 침 치료 물리치료,푸른솔빛골목형상점가,골목형상점가,인천광역시,3.0,3.0,,,RESOLVED_AGREEMENT,False,3,,,,
2752467d69db6de50613,test,한의원,T4 구어·문장,q_한의원_07,한방 치료 받는 데,건강·의료 중 '한의원'을 판매·제공하는 매장,94cf51e5-ddbf-4899-b9c0-5f878d09bc88,서울로하스치과의원,보건업 치과 치료,용정 골목형상점가,골목형상점가,대전광역시,1.0,2.0,,,P1_BINARY_THRESHOLD,True,,,,,
4014d17af211f3b26d5d,test,한의원,T4 구어·문장,q_한의원_07,한방 치료 받는 데,건강·의료 중 '한의원'을 판매·제공하는 매장,0002538c-b8d9-4911-81c7-966789036b09,빛고을 치과의원,의원,세은 골목형상점가,골목형상점가,광주광역시,1.0,2.0,,,P1_BINARY_THRESHOLD,True,,,,,
d60cd6c33477f0716688,test,한의원,T4 구어·문장,q_한의원_07,한방 치료 받는 데,건강·의료 중 '한의원'을 판매·제공하는 매장,d121e15f-dff6-4157-99f0-e3a20442838b,경희용운한의원,치료,용운시장,전통시장,대전광역시,2.0,3.0,,,P2_GRADED_ONLY,True,,,,,
2e95ad4afa4297a611ef,test,한의원,T4 구어·문장,q_한의원_07,한방 치료 받는 데,건강·의료 중 '한의원'을 판매·제공하는 매장,1f1e118e-f47b-4615-9b53-2fd3bd9460b1,부원당,한의원 한방치료,산곡1번가 골목형상점가,골목형상점가,인천광역시,3.0,3.0,,,RESOLVED_AGREEMENT,False,3,,,,
44c192eb2cd420bfd38b,test,한의원,T4 구어·문장,q_한의원_07,한방 치료 받는 데,건강·의료 중 '한의원'을 판매·제공하는 매장,ac4d9e62-9d13-45fd-be91-5a12a3224a1c,천지인한의원,한방 의료 서비스,서현센트럴상점,골목형상점가,경기도,3.0,3.0,,,RESOLVED_AGREEMENT,False,3,,,,
64399a7f100cbb133efd,test,한의원,T4 구어·문장,q_한의원_07,한방 치료 받는 데,건강·의료 중 '한의원'을 판매·제공하는 매장,1a027e61-ba58-47fc-b150-9449e3238116,화성패션,의류,신평화패션타운,전통시장,서울특별시,0.0,0.0,,,RESOLVED_AGREEMENT,False,0,,,,
4ed93eaaad9122abcc5f,test,한의원,T4 구어·문장,q_한의원_07,한방 치료 받는 데,건강·의료 중 '한의원'을 판매·제공하는 매장,f09c8ac8-7634-4c2e-ae6d-cd24ddc57ee3,정담한의원,한방치료,나성중앙 골목형상점가,골목형상점가,세종특별자치시,3.0,3.0,,,RESOLVED_AGREEMENT,False,3,,,,
a45f6bfb7e351352cd24,test,한의원,T4 구어·문장,q_한의원_07,한방 치료 받는 데,건강·의료 중 '한의원'을 판매·제공하는 매장,a1d4e7ec-266d-437e-b903-1fa3f28eb53c,자매당 한의원,한방 의료,송촌동상점가,자율상권구역,대전광역시,3.0,3.0,,,RESOLVED_AGREEMENT,False,3,,,,
03b371b91eedb0cc2088,test,한의원,T4 구어·문장,q_한의원_07,한방 치료 받는 데,건강·의료 중 '한의원'을 판매·제공하는 매장,33a37059-0553-4b05-8841-566dee88e39f,마루놀이언어발달센터,상담 및 치료,빛가람 로데오 골목형상점가,골목형상점가,전라남도,0.0,0.0,,,RESOLVED_AGREEMENT,False,0,,,,
5831e46f48c35faee8ef,test,한의원,T4 구어·문장,q_한의원_07,한방 치료 받는 데,건강·의료 중 '한의원'을 판매·제공하는 매장,39163ca1-995d-4735-8148-b896e254da13,경희포근한의원,한방치료,도곡시장,자율상권구역,서울특별시,3.0,3.0,,,RESOLVED_AGREEMENT,False,3,,,,
6c8e0d837e24dc3b4921,test,한의원,T4 구어·문장,q_한의원_07,한방 치료 받는 데,건강·의료 중 '한의원'을 판매·제공하는 매장,b8449cfe-9baf-4659-90be-536243fc5b42,세종365치과의원,치과질환검진 및 치료,나성중앙 골목형상점가,골목형상점가,세종특별자치시,1.0,2.0,,,P1_BINARY_THRESHOLD,True,,,,,
fc2fdbb71377e3df24cd,test,한의원,T4 구어·문장,q_한의원_07,한방 치료 받는 데,건강·의료 중 '한의원'을 판매·제공하는 매장,3a1fd7b7-d52e-485e-8eca-d230de10868e,금강한의원,물리치료 부항 뜸 추나 약침 침치료 한약 보약,조치원중심가로상점가,자율상권구역,세종특별자치시,3.0,3.0,,,RESOLVED_AGREEMENT,False,3,,,,
bec0b57c9fb7d852a827,test,한의원,T4 구어·문장,q_한의원_07,한방 치료 받는 데,건강·의료 중 '한의원'을 판매·제공하는 매장,00c44c1d-ee28-4fc2-a0f0-e3454de86603,준 한의원,한방의료서비스,첨단연신로 골목형상점가,골목형상점가,광주광역시,3.0,3.0,,,RESOLVED_AGREEMENT,False,3,,,,
8d261b717c5c6a52b484,test,한의원,T4 구어·문장,q_한의원_07,한방 치료 받는 데,건강·의료 중 '한의원'을 판매·제공하는 매장,471522f2-c140-4a98-867d-5abda2f03f58,베스트한방병원,치료,금화로상인회 골목형상점가,골목형상점가,광주광역시,2.0,3.0,,,P2_GRADED_ONLY,True,,,,,
80ebdf064ca59fb9ffdd,test,한의원,T4 구어·문장,q_한의원_07,한방 치료 받는 데,건강·의료 중 '한의원'을 판매·제공하는 매장,8b344b54-0e93-4b73-9aa2-4449571e7f33,경산일침한의원,한의원 치료,경산중앙로상점가,자율상권구역,경상북도,3.0,3.0,,,RESOLVED_AGREEMENT,False,3,,,,
7ad9f9d2abf20480d8ab,test,한의원,T4 구어·문장,q_한의원_07,한방 치료 받는 데,건강·의료 중 '한의원'을 판매·제공하는 매장,c5f87beb-c088-479a-923b-7b9820e6e9df,정다운언어심리상담센터,언어치료 심리치료 놀이치료 감각통합치료 미술치료 인지치료 난독증 치료,신내당시장,전통시장,대구광역시,0.0,0.0,,,RESOLVED_AGREEMENT,False,0,,,,
f58f18ab65915bb32f20,test,한의원,T4 구어·문장,q_한의원_07,한방 치료 받는 데,건강·의료 중 '한의원'을 판매·제공하는 매장,07642cd2-da01-4c61-b136-9b7960b98e30,흙다방,한방차,을지로지하보도쇼핑센터,일반지하상점가,서울특별시,3.0,0.0,,,P1_BINARY_THRESHOLD,True,,,,,
901cfb71a7e9511d92ac,test,한의원,T4 구어·문장,q_한의원_07,한방 치료 받는 데,건강·의료 중 '한의원'을 판매·제공하는 매장,d1917942-8f6c-425e-a1c7-233673d8a6af,수서한방병원,한방진료 한약제조 한방치료 한방의료서비스,홀릭스,골목형상점가,광주광역시,3.0,3.0,,,RESOLVED_AGREEMENT,False,3,,,,
7c2a591db97eb29ab7ef,test,한의원,T4 구어·문장,q_한의원_07,한방 치료 받는 데,건강·의료 중 '한의원'을 판매·제공하는 매장,9a87faa8-d20c-4f92-86cb-606f0d469e38,명한의원,한방치료,성대전통시장,전통시장,서울특별시,3.0,3.0,,,RESOLVED_AGREEMENT,False,3,,,,
d6d281914d2b4891155d,test,한의원,T4 구어·문장,q_한의원_07,한방 치료 받는 데,건강·의료 중 '한의원'을 판매·제공하는 매장,767793a1-91d7-4eb5-a4ea-51be1ed75046,운암경희한의원,한방 의료 서비스,벽산황계로 골목형상점가,골목형상점가,광주광역시,3.0,3.0,,,RESOLVED_AGREEMENT,False,3,,,,
f3db0c29521119b92dfc,test,한의원,T4 구어·문장,q_한의원_07,한방 치료 받는 데,건강·의료 중 '한의원'을 판매·제공하는 매장,06275db0-3bc6-4cb2-b2d0-9c2172db74f9,장편한김용성내과,진료,산본로데오거리(구 산본중심상가),자율상권구역,경기도,0.0,0.0,,,RESOLVED_AGREEMENT,False,0,,,,
4499efe1a9e2a1705c46,test,한의원,T4 구어·문장,q_한의원_07,한방 치료 받는 데,건강·의료 중 '한의원'을 판매·제공하는 매장,88dce2e5-32b2-4358-809e-1adb1ab75841,위보령한의원,한방,신정중앙 골목형상점가,골목형상점가,울산광역시,3.0,3.0,,,RESOLVED_AGREEMENT,False,3,,,,
c07a3d4a1c1210744bd4,test,한의원,T4 구어·문장,q_한의원_07,한방 치료 받는 데,건강·의료 중 '한의원'을 판매·제공하는 매장,df8d7646-14a0-4deb-a30c-dd00eeb5c48d,으뜸한의원,한방 의료서비스,인천모래내전통시장,전통시장,인천광역시,3.0,3.0,,,RESOLVED_AGREEMENT,False,3,,,,
fadb9283f1a0d9d78d26,test,한의원,T4 구어·문장,q_한의원_07,한방 치료 받는 데,건강·의료 중 '한의원'을 판매·제공하는 매장,11cd1c46-68d6-44f2-823a-c34949e9df6e,치유동물병원,반려동물 치료,장덕투게더 골목형상점가,골목형상점가,광주광역시,1.0,2.0,,,P1_BINARY_THRESHOLD,True,,,,,
424dc59b9c9a6c5a8bea,test,한의원,T4 구어·문장,q_한의원_07,한방 치료 받는 데,건강·의료 중 '한의원'을 판매·제공하는 매장,04b3f97b-2da5-4d58-8ab5-c5e9f48061c5,새몸한의원,한의진료 한의의료시술 침 뜸 부항 물리요법 추나요법 약침 봉침 한약 등,봉선로1 골목형상점가,골목형상점가,광주광역시,3.0,3.0,,,RESOLVED_AGREEMENT,False,3,,,,
d8eb45a1b2bc4cc177ec,test,한의원,T4 구어·문장,q_한의원_07,한방 치료 받는 데,건강·의료 중 '한의원'을 판매·제공하는 매장,25e13912-6a81-41d7-900a-12b4077e03b2,으뜸한의원,치료,반석동 골목형상점가,골목형상점가,대전광역시,2.0,3.0,,,P2_GRADED_ONLY,True,,,,,
4a7d3cdc90acd4e605a1,test,한의원,T4 구어·문장,q_한의원_07,한방 치료 받는 데,건강·의료 중 '한의원'을 판매·제공하는 매장,2f761257-4534-4951-bb19-dcd29c5106b8,상원한의원,한방 의료,성서계대로데오거리 골목형상점가,골목형상점가,대구광역시,3.0,3.0,,,RESOLVED_AGREEMENT,False,3,,,,
ef3381d18ab4930c1b6c,test,한의원,T4 구어·문장,q_한의원_07,한방 치료 받는 데,건강·의료 중 '한의원'을 판매·제공하는 매장,7deb8900-f58d-480d-864e-4a6353dd535e,북경당한의원,한약 침구치료 한방물리치료,한미쇼핑사거리 골목형상점가,골목형상점가,광주광역시,3.0,3.0,,,RESOLVED_AGREEMENT,False,3,,,,
e5d88ea8c991c5434704,test,한의원,T4 구어·문장,q_한의원_07,한방 치료 받는 데,건강·의료 중 '한의원'을 판매·제공하는 매장,ada98dbd-1a5d-45a9-8c73-9420750a9a1a,청솔한의원,한방 의료,백년시장(구 강북종합전통시장),전통시장,서울특별시,3.0,3.0,,,RESOLVED_AGREEMENT,False,3,,,,
5801d0be8ef54232d777,test,한의원,T4 구어·문장,q_한의원_07,한방 치료 받는 데,건강·의료 중 '한의원'을 판매·제공하는 매장,3c796233-4258-45ca-a9e9-bd021cee9d0b,강치과의원,치과 치료,행복 북문대로2 골목형상점가,골목형상점가,광주광역시,1.0,2.0,,,P1_BINARY_THRESHOLD,True,,,,,
1607b86e3f60ffb42197,test,한의원,T4 구어·문장,q_한의원_07,한방 치료 받는 데,건강·의료 중 '한의원'을 판매·제공하는 매장,6055ea95-cd1c-450c-9e83-ec86ab1ee470,운천한방병원,한방,운천테라스길상인회 골목형상점가,골목형상점가,광주광역시,3.0,3.0,,,RESOLVED_AGREEMENT,False,3,,,,
0f3e48e1676a307d7d3c,test,한의원,T4 구어·문장,q_한의원_07,한방 치료 받는 데,건강·의료 중 '한의원'을 판매·제공하는 매장,d60d428b-4904-4fde-9e0b-86b145182dee,김주성한의원,한방치료,우성상가,전통시장,서울특별시,3.0,3.0,,,RESOLVED_AGREEMENT,False,3,,,,
84d5ce373e652c9958cc,test,한의원,T4 구어·문장,q_한의원_07,한방 치료 받는 데,건강·의료 중 '한의원'을 판매·제공하는 매장,d623def9-239c-4fa7-b07b-defedaf83e7b,인덕원치과의원,치아 치료,인덕원 골목형상점가,골목형상점가,경기도,1.0,2.0,,,P1_BINARY_THRESHOLD,True,,,,,
9da4ce35c8dec6964113,test,한의원,T4 구어·문장,q_한의원_07,한방 치료 받는 데,건강·의료 중 '한의원'을 판매·제공하는 매장,24c28641-bf79-4e56-91ff-3cb958818ff0,김연우한의원,한의원 전반적 치료,봉선중앙로 골목형상점가,골목형상점가,광주광역시,3.0,3.0,,,RESOLVED_AGREEMENT,False,3,,,,
cec3ab5f4b78a1b10743,test,한의원,T4 구어·문장,q_한의원_07,한방 치료 받는 데,건강·의료 중 '한의원'을 판매·제공하는 매장,a8d45a85-80ff-4f32-8e65-137bceeaa7c2,한림한의원,한의 치료,한빛3·6·7단지 골목형상점가,골목형상점가,경기도,2.0,3.0,,,P2_GRADED_ONLY,True,,,,,
06089c1e681b5ee89591,test,한의원,T4 구어·문장,q_한의원_07,한방 치료 받는 데,건강·의료 중 '한의원'을 판매·제공하는 매장,7d73a86e-9a32-4c9e-993a-6d0ef2e41f10,귤림당한의원,한방 의료 서비스,죽전동 상생 골목형상점가,골목형상점가,경기도,3.0,3.0,,,RESOLVED_AGREEMENT,False,3,,,,
a6c39175ef00523fb7e9,test,한의원,T4 구어·문장,q_한의원_07,한방 치료 받는 데,건강·의료 중 '한의원'을 판매·제공하는 매장,035c1b8a-8efd-4448-a276-7b9c25dadd68,광명당약업사,한약재,금산국제인삼시장,전통시장,충청남도,3.0,3.0,,,RESOLVED_AGREEMENT,False,3,,,,
2335ccdce1d21c332b12,test,한의원,T4 구어·문장,q_한의원_07,한방 치료 받는 데,건강·의료 중 '한의원'을 판매·제공하는 매장,0056dcd4-0ac0-4535-9ee5-c8fd19d8ff14,중화한의원,한의원,보령한내시장,전통시장,충청남도,3.0,3.0,,,RESOLVED_AGREEMENT,False,3,,,,
8c2921f546db9b6a0923,test,한의원,T4 구어·문장,q_한의원_07,한방 치료 받는 데,건강·의료 중 '한의원'을 판매·제공하는 매장,a2dd6f9e-3823-474f-b765-10b67924a877,센트럴비뇨의학과의원,요로 결석 치료 남성 및 여성의 배뇨 장애 치료 성 매개 질환 검사 각종 남,화정소담상인회 골목형상점가,골목형상점가,광주광역시,1.0,2.0,,,P1_BINARY_THRESHOLD,True,,,,,
523a8ac1b9a0ed5b0ae1,test,한의원,T4 구어·문장,q_한의원_07,한방 치료 받는 데,건강·의료 중 '한의원'을 판매·제공하는 매장,e65625d1-031b-481e-9891-4aec84a9b008,풀잎한의원,한방,상대동 골목형상점가,골목형상점가,대전광역시,3.0,3.0,,,RESOLVED_AGREEMENT,False,3,,,,
db28af26ddd199057272,test,한의원,T4 구어·문장,q_한의원_07,한방 치료 받는 데,건강·의료 중 '한의원'을 판매·제공하는 매장,c5d3d4ef-83af-4a0b-b85e-10863e57898a,바른윤치과의원,치과진료 및 치료,사당1동 먹자골목 상점가,자율상권구역,서울특별시,1.0,2.0,,,P1_BINARY_THRESHOLD,True,,,,,
f8ce803ac42d740fa6f3,test,한의원,T4 구어·문장,q_한의원_07,한방 치료 받는 데,건강·의료 중 '한의원'을 판매·제공하는 매장,5f69f7d5-22a0-4c17-afe5-82bed439dfd8,명한의원,한방치료(자침),장미원골목시장,전통시장,서울특별시,3.0,3.0,,,RESOLVED_AGREEMENT,False,3,,,,
9dac520c92c6c5e2d8e2,test,한의원,T4 구어·문장,q_한의원_07,한방 치료 받는 데,건강·의료 중 '한의원'을 판매·제공하는 매장,b2d9d8d6-5146-40f4-bfd2-3fcb4b5ee49b,경희해인한의원,한방 치료 및 한약,동화동골목형상가,골목형상점가,서울특별시,3.0,3.0,,,RESOLVED_AGREEMENT,False,3,,,,
031b7b071e2c5a0a96b9,test,한의원,T4 구어·문장,q_한의원_07,한방 치료 받는 데,건강·의료 중 '한의원'을 판매·제공하는 매장,7ed95ea9-6c62-417b-b18d-0e0d06cd638f,계림병원,내과 정형외과 한방 피부,광주고인근 골목형상점가,골목형상점가,광주광역시,3.0,2.0,,,P2_GRADED_ONLY,True,,,,,
36dac0065d18b9d16fe9,test,한의원,T4 구어·문장,q_한의원_07,한방 치료 받는 데,건강·의료 중 '한의원'을 판매·제공하는 매장,00681cee-2849-497b-b7d1-548576542ed2,풍암한의원,한의원,풍암벚꽃길상인회 골목형상점가,골목형상점가,광주광역시,3.0,3.0,,,RESOLVED_AGREEMENT,False,3,,,,
a49f2b8c5ed39e1df5d3,test,한의원,T4 구어·문장,q_한의원_07,한방 치료 받는 데,건강·의료 중 '한의원'을 판매·제공하는 매장,8753dd1a-9ed0-466a-bf15-ca920d69cbb8,늘푸른병원,치료,월산4동 골목형상점가,골목형상점가,광주광역시,1.0,2.0,,,P1_BINARY_THRESHOLD,True,,,,,
322b0908c546db8d900a,test,한의원,T4 구어·문장,q_한의원_07,한방 치료 받는 데,건강·의료 중 '한의원'을 판매·제공하는 매장,c683ad41-07d3-45f7-ac34-b3f1c3cdbf5b,가로세로한의원,보건 한방 서비스,평촌1번가 상점가,자율상권구역,경기도,3.0,3.0,,,RESOLVED_AGREEMENT,False,3,,,,
a4726f86feb30b44ce5d,test,한의원,T4 구어·문장,q_한의원_07,한방 치료 받는 데,건강·의료 중 '한의원'을 판매·제공하는 매장,4e16a292-9300-4296-9238-af469eebcdcf,일등한의원,한의학 치료,정서진중앙시장(구 서구중앙시장),전통시장,인천광역시,2.0,3.0,,,P2_GRADED_ONLY,True,,,,,
5685cfe735b098e4fa09,test,한의원,T4 구어·문장,q_한의원_07,한방 치료 받는 데,건강·의료 중 '한의원'을 판매·제공하는 매장,305ef75f-a949-4205-811d-59e8a2e3818a,홍제경희한의원,한의학 치료,유진상가,전통시장,서울특별시,2.0,3.0,,,P2_GRADED_ONLY,True,,,,,
e07b0d47cdfb3fe79c02,test,한의원,T4 구어·문장,q_한의원_07,한방 치료 받는 데,건강·의료 중 '한의원'을 판매·제공하는 매장,12e5834a-49d4-4d6a-811d-5a4ba5bd236e,동제 한의원,"한약, 침구 치료",호계종합시장,전통시장,경기도,3.0,3.0,,,RESOLVED_AGREEMENT,False,3,,,,
44455178193e062b9c7b,test,한의원,T4 구어·문장,q_한의원_07,한방 치료 받는 데,건강·의료 중 '한의원'을 판매·제공하는 매장,71877b5b-7783-4bba-afa1-af0078ef3faa,경희나라한의원,한방치료,청당2번가 골목형상점가,골목형상점가,충청남도,3.0,3.0,,,RESOLVED_AGREEMENT,False,3,,,,
beeed9bc89a07bcfe45b,test,한의원,T4 구어·문장,q_한의원_07,한방 치료 받는 데,건강·의료 중 '한의원'을 판매·제공하는 매장,8c9a177e-c7be-4585-b3f6-7881ae225b42,한솔한의원,한방치료,한솔동4단지상점가,자율상권구역,세종특별자치시,3.0,3.0,,,RESOLVED_AGREEMENT,False,3,,,,
2e0566d38a2d6fb5bc88,test,한의원,T4 구어·문장,q_한의원_07,한방 치료 받는 데,건강·의료 중 '한의원'을 판매·제공하는 매장,c590d9d6-835b-42b4-8590-b4173f41bbae,뷰티라인의원,보험진료 및 치료,운수대통 골목형상점가,골목형상점가,광주광역시,1.0,2.0,,,P1_BINARY_THRESHOLD,True,,,,,
4b5dd08754d4d6819a36,test,한의원,T6 기계변형,q_한의원_08,한의원추천,건강·의료 중 '한의원'을 판매·제공하는 매장,239c0fcf-ec40-4a20-a790-57ef66a057da,경희팔팔한의원,침 추나 공진단 다이어트,청량리청과물시장,전통시장,서울특별시,3.0,3.0,,,RESOLVED_AGREEMENT,False,3,,,,
0124ad0c72710b16b61c,test,한의원,T6 기계변형,q_한의원_08,한의원추천,건강·의료 중 '한의원'을 판매·제공하는 매장,44fb7656-0ff5-4d44-9f84-f3e07d7adc0f,김남규 한의원,,장대동패션상가 골목형상점가,골목형상점가,대전광역시,3.0,3.0,,,RESOLVED_AGREEMENT,False,3,,,,
b197aa4dbfb6b816f42c,test,한의원,T6 기계변형,q_한의원_08,한의원추천,건강·의료 중 '한의원'을 판매·제공하는 매장,fbfc9f6d-5d14-40d7-96cc-727934db9544,광교한의원,한의원,광교상현역 온누리 골목형상점가,골목형상점가,경기도,3.0,3.0,,,RESOLVED_AGREEMENT,False,3,,,,
768eb8dff81132bfc7ae,test,한의원,T6 기계변형,q_한의원_08,한의원추천,건강·의료 중 '한의원'을 판매·제공하는 매장,82bb3d55-ff12-47b9-a3e9-14be24ddd571,홍한의원,한의원,노원역9번출구 골목형상점가,골목형상점가,서울특별시,3.0,3.0,,,RESOLVED_AGREEMENT,False,3,,,,
915649b1a4c3111ee7b8,test,한의원,T6 기계변형,q_한의원_08,한의원추천,건강·의료 중 '한의원'을 판매·제공하는 매장,e39e7f3e-8809-421b-82fc-4c22d5465d11,해득금천한의원,한의원,비단길현대시장,전통시장,서울특별시,3.0,3.0,,,RESOLVED_AGREEMENT,False,3,,,,
212bb32311be9344277c,test,한의원,T6 기계변형,q_한의원_08,한의원추천,건강·의료 중 '한의원'을 판매·제공하는 매장,ff464de1-e300-4ca3-a37b-5326086f6180,은석상회236은석수산,수산물,사천 삼천포용궁수산시장,전통시장,경상남도,0.0,0.0,,,RESOLVED_AGREEMENT,False,0,,,,
cd4ef57cbc45bb9ffa82,test,한의원,T6 기계변형,q_한의원_08,한의원추천,건강·의료 중 '한의원'을 판매·제공하는 매장,8435da78-4f81-4f89-8ce5-fe863ce678ea,본한의원,한의원,산본로데오거리(구 산본중심상가),자율상권구역,경기도,3.0,3.0,,,RESOLVED_AGREEMENT,False,3,,,,
4ee780ad0927af87b4a5,test,한의원,T6 기계변형,q_한의원_08,한의원추천,건강·의료 중 '한의원'을 판매·제공하는 매장,c9e86f57-3565-460b-855e-b7377c9db2fd,활천당 한의원,한의원,영동중앙시장,전통시장,충청북도,3.0,3.0,,,RESOLVED_AGREEMENT,False,3,,,,
cdaa8176de2613d28c85,test,한의원,T6 기계변형,q_한의원_08,한의원추천,건강·의료 중 '한의원'을 판매·제공하는 매장,8fefd2b1-c968-452d-83de-6a820d143dc2,하늘체한의원,한의원,길주로 골목형상점가,골목형상점가,경기도,3.0,3.0,,,RESOLVED_AGREEMENT,False,3,,,,
89f3a4041522dbfd9caa,test,한의원,T6 기계변형,q_한의원_08,한의원추천,건강·의료 중 '한의원'을 판매·제공하는 매장,abf6c1c8-e6df-46de-9acb-6438af067851,문성진 한의원,한의원,문흥라인아파트 골목형상점가,골목형상점가,광주광역시,3.0,3.0,,,RESOLVED_AGREEMENT,False,3,,,,
288646ad9adecf036445,test,한의원,T6 기계변형,q_한의원_08,한의원추천,건강·의료 중 '한의원'을 판매·제공하는 매장,783b5a13-eca0-41dc-89a5-521fab7a336d,창생 한의원,한의원,효자휴먼시아 골목형상점가,골목형상점가,전북특별자치도,3.0,3.0,,,RESOLVED_AGREEMENT,False,3,,,,
7c13a708f25675a3b072,test,한의원,T6 기계변형,q_한의원_08,한의원추천,건강·의료 중 '한의원'을 판매·제공하는 매장,0056dcd4-0ac0-4535-9ee5-c8fd19d8ff14,중화한의원,한의원,보령한내시장,전통시장,충청남도,3.0,3.0,,,RESOLVED_AGREEMENT,False,3,,,,
e6eb47958d03e12374d4,test,한의원,T6 기계변형,q_한의원_08,한의원추천,건강·의료 중 '한의원'을 판매·제공하는 매장,f89c9af8-dda3-457a-b2f0-79a835cc18d9,박한의원,한의원,남평읍1로 골목형상점가,골목형상점가,전라남도,3.0,3.0,,,RESOLVED_AGREEMENT,False,3,,,,
f9a4841d1382af55a875,test,한의원,T6 기계변형,q_한의원_08,한의원추천,건강·의료 중 '한의원'을 판매·제공하는 매장,a9980cb6-9a33-4fe2-b32d-7819725ea4d2,새움한의원,한의원,영통역아이파크 골목형상점가,골목형상점가,경기도,3.0,3.0,,,RESOLVED_AGREEMENT,False,3,,,,
e89db51c8a8bc705f3aa,test,한의원,T6 기계변형,q_한의원_08,한의원추천,건강·의료 중 '한의원'을 판매·제공하는 매장,f191121e-b46e-4c8d-8f70-59833988d4fd,문경 한의원,한의원,문경전통시장,전통시장,경상북도,3.0,3.0,,,RESOLVED_AGREEMENT,False,3,,,,
049be69dce3ec8d5cac8,test,한의원,T6 기계변형,q_한의원_08,한의원추천,건강·의료 중 '한의원'을 판매·제공하는 매장,8639af76-715d-43ae-8765-d2de1942ef8a,더상춘한의원,한의원,신당미래유산먹거리 골목형상점가,골목형상점가,서울특별시,3.0,3.0,,,RESOLVED_AGREEMENT,False,3,,,,
783418533ac6179afde0,test,한의원,T6 기계변형,q_한의원_08,한의원추천,건강·의료 중 '한의원'을 판매·제공하는 매장,d11d7d66-bb2a-4a67-bcc8-b947b2e2ebda,성채한의원,한의원,도봉산옛길골목형상점가,골목형상점가,서울특별시,3.0,3.0,,,RESOLVED_AGREEMENT,False,3,,,,
09270229ad60b580e25c,test,한의원,T6 기계변형,q_한의원_08,한의원추천,건강·의료 중 '한의원'을 판매·제공하는 매장,91190653-8590-478e-89d7-1a0bb45080cf,아망떼,도소매(의류),동평화시장(동평화패션타운),전통시장,서울특별시,0.0,0.0,,,RESOLVED_AGREEMENT,False,0,,,,
12d4a8d4f764791010dd,test,한의원,T6 기계변형,q_한의원_08,한의원추천,건강·의료 중 '한의원'을 판매·제공하는 매장,29a20609-dd52-4fb7-a50f-700260b8f633,더준 한의원,한의원,전남대후문골목형상점가,골목형상점가,광주광역시,3.0,3.0,,,RESOLVED_AGREEMENT,False,3,,,,
e7a64fe93801cadc51aa,test,한의원,T6 기계변형,q_한의원_08,한의원추천,건강·의료 중 '한의원'을 판매·제공하는 매장,ed76a240-84c5-46c3-9e3c-252d9c63e314,백삼 한의원,한의원,금곡골목형상점가,자율상권구역,경기도,3.0,3.0,,,RESOLVED_AGREEMENT,False,3,,,,
44357dfb0ce7e566d0d9,test,한의원,T6 기계변형,q_한의원_08,한의원추천,건강·의료 중 '한의원'을 판매·제공하는 매장,1296d23b-b0a8-41b2-84b1-ca3409a6004c,용한의원,한의원,반월동 골목형상점가,골목형상점가,전북특별자치도,3.0,3.0,,,RESOLVED_AGREEMENT,False,3,,,,
c4db21feb978ecf28e52,test,한의원,T6 기계변형,q_한의원_08,한의원추천,건강·의료 중 '한의원'을 판매·제공하는 매장,faeccc07-3892-4407-b40b-740d6fa4da7c,정한의원,한의원,홍제골목형상점가,골목형상점가,서울특별시,3.0,3.0,,,RESOLVED_AGREEMENT,False,3,,,,
3808be7a14455ebc056f,test,한의원,T6 기계변형,q_한의원_08,한의원추천,건강·의료 중 '한의원'을 판매·제공하는 매장,85af6195-dd69-4f16-8505-71071e5416a7,이룸한의원,한의원,카림애비뉴애 골목형상점가,골목형상점가,세종특별자치시,3.0,3.0,,,RESOLVED_AGREEMENT,False,3,,,,
9aee84dce4f3724661ac,test,한의원,T6 기계변형,q_한의원_08,한의원추천,건강·의료 중 '한의원'을 판매·제공하는 매장,f6360fc7-05e6-4065-9637-1c041d2aba3c,김양식한의원,한의원,산본로데오거리(구 산본중심상가),자율상권구역,경기도,3.0,3.0,,,RESOLVED_AGREEMENT,False,3,,,,
fa6071e329f5d7499cb4,test,한의원,T6 기계변형,q_한의원_08,한의원추천,건강·의료 중 '한의원'을 판매·제공하는 매장,16305b8a-b10f-4b38-a061-a5d2a10c4e63,로하셀한의원,한의원,치평상무역상인회 골목형상점가,골목형상점가,광주광역시,3.0,3.0,,,RESOLVED_AGREEMENT,False,3,,,,
abbbe79d2706f1d5b861,test,한의원,T6 기계변형,q_한의원_08,한의원추천,건강·의료 중 '한의원'을 판매·제공하는 매장,d93395a5-8a17-4490-9db9-04b440f2d470,용한의원,한의원,양산상생하는하서로 골목형상점가,골목형상점가,광주광역시,3.0,3.0,,,RESOLVED_AGREEMENT,False,3,,,,
0e3291a982e1d3d1b7d3,test,한의원,T6 기계변형,q_한의원_08,한의원추천,건강·의료 중 '한의원'을 판매·제공하는 매장,d675c06d-27e6-4d33-acb7-7b9b08e9456d,평단한의원,한의원,현대센트럴스퀘어,골목형상점가,경기도,3.0,3.0,,,RESOLVED_AGREEMENT,False,3,,,,
d66ec061d1acbd352098,test,한의원,T6 기계변형,q_한의원_08,한의원추천,건강·의료 중 '한의원'을 판매·제공하는 매장,00192f22-a492-4ba5-a62d-65bf0d0ec7b9,큰물한의원,한의원,전주서곡 골목형상점가,골목형상점가,전북특별자치도,3.0,3.0,,,RESOLVED_AGREEMENT,False,3,,,,
a94e29028168e93a1a15,test,한의원,T6 기계변형,q_한의원_08,한의원추천,건강·의료 중 '한의원'을 판매·제공하는 매장,0ab1eb9a-a600-4ac0-8ce5-615819efcf3f,차차한의원,한방,배방공수 골목형상점가,골목형상점가,충청남도,3.0,3.0,,,RESOLVED_AGREEMENT,False,3,,,,
7aa6980f274eb118014a,test,한의원,T6 기계변형,q_한의원_08,한의원추천,건강·의료 중 '한의원'을 판매·제공하는 매장,774e367a-0daa-4963-b51c-9d7890e43c02,윤한의원,한의원,산본로데오거리(구 산본중심상가),자율상권구역,경기도,3.0,3.0,,,RESOLVED_AGREEMENT,False,3,,,,
738c616bbcc236a7a718,test,한의원,T6 기계변형,q_한의원_08,한의원추천,건강·의료 중 '한의원'을 판매·제공하는 매장,20ad171b-58ef-440b-bd2e-15ac23775ce1,청담한의원,침 한약 약침 추나치료 등,화정한울타리상인회 골목형상점가,골목형상점가,광주광역시,3.0,3.0,,,RESOLVED_AGREEMENT,False,3,,,,
8aed7a0e3ea8669ae76c,test,한의원,T6 기계변형,q_한의원_08,한의원추천,건강·의료 중 '한의원'을 판매·제공하는 매장,035c1b8a-8efd-4448-a276-7b9c25dadd68,광명당약업사,한약재,금산국제인삼시장,전통시장,충청남도,3.0,3.0,,,RESOLVED_AGREEMENT,False,3,,,,
83c3ccbda1093c1225dd,test,한의원,T6 기계변형,q_한의원_08,한의원추천,건강·의료 중 '한의원'을 판매·제공하는 매장,00523307-cc4c-4b0c-8b2f-176ca7450d24,오름한의원,한의원,아차산등산로골목형상점가,골목형상점가,서울특별시,3.0,3.0,,,RESOLVED_AGREEMENT,False,3,,,,
4df9720e9c16010d2a17,test,한의원,T6 기계변형,q_한의원_08,한의원추천,건강·의료 중 '한의원'을 판매·제공하는 매장,07642cd2-da01-4c61-b136-9b7960b98e30,흙다방,한방차,을지로지하보도쇼핑센터,일반지하상점가,서울특별시,3.0,0.0,,,P1_BINARY_THRESHOLD,True,,,,,
862d3911eb0ce42e56b4,test,한의원,T6 기계변형,q_한의원_08,한의원추천,건강·의료 중 '한의원'을 판매·제공하는 매장,ef473eef-9e09-44f8-8cd4-aeea4d8c9619,장한의원,한의원,대인동예술담길 골목형상점가,골목형상점가,광주광역시,3.0,3.0,,,RESOLVED_AGREEMENT,False,3,,,,
014e6cf617b8cdd9a443,test,한의원,T6 기계변형,q_한의원_08,한의원추천,건강·의료 중 '한의원'을 판매·제공하는 매장,53a9439e-4ae4-4b07-8cca-3f715a45c65b,규림 한의원,한의업,성안길상점가,자율상권구역,충청북도,2.0,3.0,,,P2_GRADED_ONLY,True,,,,,
2d5b3240a3b679535824,test,한의원,T6 기계변형,q_한의원_08,한의원추천,건강·의료 중 '한의원'을 판매·제공하는 매장,835e99d1-dc39-4e94-b2f1-44e90fc1202a,몸과맘엔한의원,한의원,상도전통시장,전통시장,서울특별시,3.0,3.0,,,RESOLVED_AGREEMENT,False,3,,,,
24986670155fc8ddd2eb,test,한의원,T6 기계변형,q_한의원_08,한의원추천,건강·의료 중 '한의원'을 판매·제공하는 매장,6795ddd8-462d-4e0f-a6c3-fd4f927b8d11,천일식육식당원조,"돼지고기, 소고기",창원 상남시장,전통시장,경상남도,0.0,0.0,,,RESOLVED_AGREEMENT,False,0,,,,
c3221bb4950f5c9e57f4,test,한의원,T6 기계변형,q_한의원_08,한의원추천,건강·의료 중 '한의원'을 판매·제공하는 매장,00c44c1d-ee28-4fc2-a0f0-e3454de86603,준 한의원,한방의료서비스,첨단연신로 골목형상점가,골목형상점가,광주광역시,3.0,3.0,,,RESOLVED_AGREEMENT,False,3,,,,
621939f2cc858bbc3a94,test,한의원,T6 기계변형,q_한의원_08,한의원추천,건강·의료 중 '한의원'을 판매·제공하는 매장,77cfdbfc-2a2d-4cf3-9c63-2c5590d39d3c,심기쁨 한의원,한의원,불당1번가골목형상점가,골목형상점가,충청남도,3.0,3.0,,,RESOLVED_AGREEMENT,False,3,,,,
c344bdf4ec385726f300,test,한의원,T6 기계변형,q_한의원_08,한의원추천,건강·의료 중 '한의원'을 판매·제공하는 매장,54f5faab-87f9-4550-b0b2-0ad921934b1c,대건한의원,한의원,운남동우체국 골목형상점가,골목형상점가,광주광역시,3.0,3.0,,,RESOLVED_AGREEMENT,False,3,,,,
810c0f0f16d20ea9631b,test,한의원,T6 기계변형,q_한의원_08,한의원추천,건강·의료 중 '한의원'을 판매·제공하는 매장,29067988-003c-496d-a678-3685ea33240c,다솜한의원,한의원,수정전통시장,전통시장,부산광역시,3.0,3.0,,,RESOLVED_AGREEMENT,False,3,,,,
786fea3857df6f58cca3,test,한의원,T6 기계변형,q_한의원_08,한의원추천,건강·의료 중 '한의원'을 판매·제공하는 매장,3dd3ebce-cba5-4713-a704-b87d321d1f91,본톤가구 금성침대 원대점,가정용가구,원대가구명물거리 골목형상점가,골목형상점가,대구광역시,0.0,0.0,,,RESOLVED_AGREEMENT,False,0,,,,
c9976be0f16456857e4d,test,한의원,T6 기계변형,q_한의원_08,한의원추천,건강·의료 중 '한의원'을 판매·제공하는 매장,1cbb3f1b-a8b1-417b-8ab0-6afe6a39b38d,필한의원,한의원,엄사 골목형상점가,골목형상점가,충청남도,3.0,3.0,,,RESOLVED_AGREEMENT,False,3,,,,
0efbc1c218589894e646,test,한의원,T6 기계변형,q_한의원_08,한의원추천,건강·의료 중 '한의원'을 판매·제공하는 매장,480283a4-7c9f-4e05-a664-b2075952f137,수한의원,한의원,일곡동 골목형상점가,골목형상점가,광주광역시,3.0,3.0,,,RESOLVED_AGREEMENT,False,3,,,,
b3fdbdf080eba879fb7a,test,한의원,T6 기계변형,q_한의원_08,한의원추천,건강·의료 중 '한의원'을 판매·제공하는 매장,8355d469-a19c-4fff-95f0-faa958d48457,호랑이 한의원,한의원,반석동 골목형상점가,골목형상점가,대전광역시,3.0,3.0,,,RESOLVED_AGREEMENT,False,3,,,,
9f79ce4ccfa5563b11cb,test,한의원,T6 기계변형,q_한의원_08,한의원추천,건강·의료 중 '한의원'을 판매·제공하는 매장,306eff77-749b-4ee3-88ee-2214e732fe2b,오복떡집,떡,한빛3·6·7단지 골목형상점가,골목형상점가,경기도,0.0,0.0,,,RESOLVED_AGREEMENT,False,0,,,,
d9e5c956534fe24a49cd,test,한의원,T6 기계변형,q_한의원_08,한의원추천,건강·의료 중 '한의원'을 판매·제공하는 매장,05bd1be6-df0d-4b92-8db8-8779c613a5b8,본한의원,한의원,보람동 골목형상점가,골목형상점가,세종특별자치시,3.0,3.0,,,RESOLVED_AGREEMENT,False,3,,,,
fc738f3b8f2fae8dc9a5,test,한의원,T6 기계변형,q_한의원_08,한의원추천,건강·의료 중 '한의원'을 판매·제공하는 매장,ab2b8e1c-e1e8-487b-86b4-5d7de7dfb380,해성,반찬,수유재래시장,전통시장,서울특별시,0.0,0.0,,,RESOLVED_AGREEMENT,False,0,,,,
6aea87a66444efdb01d3,test,한의원,T6 기계변형,q_한의원_08,한의원추천,건강·의료 중 '한의원'을 판매·제공하는 매장,8e4a870a-6b37-45ec-94d1-b1f529fab285,방실네반찬,반찬,서문대로663번길 골목형상점가,골목형상점가,광주광역시,0.0,0.0,,,RESOLVED_AGREEMENT,False,0,,,,
1dace4e6264adf591837,test,한의원,T6 기계변형,q_한의원_08,한의원추천,건강·의료 중 '한의원'을 판매·제공하는 매장,0f2a4297-0e23-4202-acbe-344fa3aea7c1,본한의원,한의원,이충 중심상가,골목형상점가,경기도,3.0,3.0,,,RESOLVED_AGREEMENT,False,3,,,,
d505ad175ff2792f47f0,test,한의원,T6 기계변형,q_한의원_08,한의원추천,건강·의료 중 '한의원'을 판매·제공하는 매장,224c347a-ce91-4ef0-ac8d-7b3c8d32699d,광제당 한의원,한의원,선부광장로상점가,자율상권구역,경기도,3.0,3.0,,,RESOLVED_AGREEMENT,False,3,,,,
585419402a1b11f90345,test,한의원,T6 기계변형,q_한의원_08,한의원추천,건강·의료 중 '한의원'을 판매·제공하는 매장,ee69d646-bad2-4794-8caf-eee4e5169cc7,곽한의원,한의원,포항 대이상가 골목형상점가,골목형상점가,경상북도,3.0,3.0,,,RESOLVED_AGREEMENT,False,3,,,,
b88b34db67556d8df325,test,한의원,T6 기계변형,q_한의원_08,한의원추천,건강·의료 중 '한의원'을 판매·제공하는 매장,9ce10344-6dad-4d23-ac20-c0c6ee1e9900,조종 한의원,한의원,조종시장,전통시장,경기도,3.0,3.0,,,RESOLVED_AGREEMENT,False,3,,,,
dea40dbf0e7e2629c7ee,test,한의원,T6 기계변형,q_한의원_08,한의원추천,건강·의료 중 '한의원'을 판매·제공하는 매장,005be19f-78f9-455e-9516-5b6ada9b2f79,명주약업사,한약도매,학성새벽시장,전통시장,울산광역시,3.0,3.0,,,RESOLVED_AGREEMENT,False,3,,,,
0c425408bee7550f6668,test,한의원,T6 기계변형,q_한의원_08,한의원추천,건강·의료 중 '한의원'을 판매·제공하는 매장,5d1aa930-9b1d-4900-93cf-f2c1b845da44,동행한의원,한의원,자양15번가골목형상점가,골목형상점가,서울특별시,3.0,3.0,,,RESOLVED_AGREEMENT,False,3,,,,
9cad85872ce4382240f7,test,한의원,T6 기계변형,q_한의원_08,한의원추천,건강·의료 중 '한의원'을 판매·제공하는 매장,55dbd4c7-a786-40ab-b032-48c53466d5aa,경희 맥 한의원,한의원,바람골골목형상점가,골목형상점가,충청북도,3.0,3.0,,,RESOLVED_AGREEMENT,False,3,,,,
3a1240985a881ab7f2e8,test,한의원,T6 기계변형,q_한의원_08,한의원추천,건강·의료 중 '한의원'을 판매·제공하는 매장,0cea3971-a6df-4ff9-a83f-958d129d64fa,경희 맥 한의원,한의원,산본로데오거리(구 산본중심상가),자율상권구역,경기도,3.0,3.0,,,RESOLVED_AGREEMENT,False,3,,,,
61e79f9943c3eea6b03a,test,한의원,T6 기계변형,q_한의원_08,한의원추천,건강·의료 중 '한의원'을 판매·제공하는 매장,0002538c-b8d9-4911-81c7-966789036b09,빛고을 치과의원,의원,세은 골목형상점가,골목형상점가,광주광역시,1.0,2.0,,,P1_BINARY_THRESHOLD,True,,,,,
2f8c6fd57e65bc22668d,test,한의원,T6 기계변형,q_한의원_08,한의원추천,건강·의료 중 '한의원'을 판매·제공하는 매장,049687c2-f8a0-4684-a17f-fd57b7fb23f3,맞춤한의원,한방진료,새마을시장,전통시장,서울특별시,3.0,3.0,,,RESOLVED_AGREEMENT,False,3,,,,
251782e6f1c24a412f1f,test,한의원,T6 기계변형,q_한의원_08,한의원추천,건강·의료 중 '한의원'을 판매·제공하는 매장,181a214d-8129-4d50-805b-53211442b29d,경희인 한의원,한의원,노룬산골목시장,전통시장,서울특별시,3.0,3.0,,,RESOLVED_AGREEMENT,False,3,,,,
26d5f7ccc3ebb4c0e239,test,한의원,T6 기계변형,q_한의원_08,한의원추천,건강·의료 중 '한의원'을 판매·제공하는 매장,1c8a8990-c1c5-4b90-99a1-09919d081f9a,건강미현대웰빙의원,진료,광산 송2송2 골목형상점가,골목형상점가,광주광역시,1.0,2.0,,,P1_BINARY_THRESHOLD,True,,,,,
44125640e7ee0a72a579,test,한의원,T6 기계변형,q_한의원_08,한의원추천,건강·의료 중 '한의원'을 판매·제공하는 매장,0c671de5-f2e6-4fa7-b2ba-3b9dc3e546a5,수산상회,수산물,노량진수산시장골목형상점가,골목형상점가,서울특별시,0.0,0.0,,,RESOLVED_AGREEMENT,False,0,,,,
1e82aff71b4f0046b721,test,한의원,T6 기계변형,q_한의원_08,한의원추천,건강·의료 중 '한의원'을 판매·제공하는 매장,93b56590-06b6-48ae-a5b5-94fec579b7ee,해람한의원,한의원,금호운천로상인회 골목형상점가,골목형상점가,광주광역시,3.0,3.0,,,RESOLVED_AGREEMENT,False,3,,,,
9dfa82b06b8df58bb46d,test,한의원,T6 기계변형,q_한의원_08,한의원추천,건강·의료 중 '한의원'을 판매·제공하는 매장,ddf4b52a-759d-4aef-96b4-fd79d8743428,동성 한의원,한의원,맹동혁신골목형상점가,골목형상점가,충청북도,3.0,3.0,,,RESOLVED_AGREEMENT,False,3,,,,
1743d76a739aed50e206,test,한의원,T6 기계변형,q_한의원_08,한의원추천,건강·의료 중 '한의원'을 판매·제공하는 매장,04b3f97b-2da5-4d58-8ab5-c5e9f48061c5,새몸한의원,한의진료 한의의료시술 침 뜸 부항 물리요법 추나요법 약침 봉침 한약 등,봉선로1 골목형상점가,골목형상점가,광주광역시,3.0,3.0,,,RESOLVED_AGREEMENT,False,3,,,,
f98d197eb464e11dd0a0,test,한의원,T6 기계변형,q_한의원_08,한의원추천,건강·의료 중 '한의원'을 판매·제공하는 매장,76d8e9cc-0071-4425-b991-013de6a7e75a,차한의원,한의원,군산나운상가 골목형상점가,골목형상점가,전북특별자치도,3.0,3.0,,,RESOLVED_AGREEMENT,False,3,,,,
35c78fcb73318425cbf6,test,한의원,T6 기계변형,q_한의원_08,한의원추천,건강·의료 중 '한의원'을 판매·제공하는 매장,26226842-a08c-47c4-ba86-074f3f85f97e,윤재권 한의원,한의원,북항사랑 골목형상점가,골목형상점가,전라남도,3.0,3.0,,,RESOLVED_AGREEMENT,False,3,,,,
6fd9b094cc4b717a9ad5,test,한의원,T6 기계변형,q_한의원_08,한의원추천,건강·의료 중 '한의원'을 판매·제공하는 매장,02942ca3-7579-4db2-becb-fb2b1e71e633,보광한약방,한약방,내수전통시장,전통시장,충청북도,3.0,3.0,,,RESOLVED_AGREEMENT,False,3,,,,
6d2cfb2a3a6d02aa543a,test,한의원,T6 기계변형,q_한의원_08,한의원추천,건강·의료 중 '한의원'을 판매·제공하는 매장,5158b5ca-8f48-4043-9516-9b0816222363,수한의원,한의원,인수로골목형상점가,골목형상점가,서울특별시,3.0,3.0,,,RESOLVED_AGREEMENT,False,3,,,,
a9bdecc940afc09e3734,test,한의원,T6 기계변형,q_한의원_08,한의원추천,건강·의료 중 '한의원'을 판매·제공하는 매장,aab2ffa8-c47d-48f0-b6a9-89f51ef16d28,허혁한의원,한의원,만년동 골목형상점가,골목형상점가,대전광역시,3.0,3.0,,,RESOLVED_AGREEMENT,False,3,,,,
07f465d8698053572b75,test,한의원,T6 기계변형,q_한의원_08,한의원추천,건강·의료 중 '한의원'을 판매·제공하는 매장,5ed7db57-3c7f-410b-a8d8-cc427744f11e,이원섭한의원,한의원,송촌동상점가,자율상권구역,대전광역시,3.0,3.0,,,RESOLVED_AGREEMENT,False,3,,,,
9657c801ac773cfc96c2,test,한의원,T6 기계변형,q_한의원_08,한의원추천,건강·의료 중 '한의원'을 판매·제공하는 매장,91a8eb95-bab8-4dc1-8364-e039a25ab9e8,다편한 한의원,한의원,빛가람 로데오 골목형상점가,골목형상점가,전라남도,3.0,3.0,,,RESOLVED_AGREEMENT,False,3,,,,
0531149558a92abc659c,test,한의원,T6 기계변형,q_한의원_08,한의원추천,건강·의료 중 '한의원'을 판매·제공하는 매장,86a724a9-126d-4857-ba7b-af6d054bb5bf,민창한의원,한의원,온택트 괴정스마트 상권활성화구역,상권활성화구역,부산광역시,3.0,3.0,,,RESOLVED_AGREEMENT,False,3,,,,
07efb9eac3aa86ec97eb,test,한의원,T6 기계변형,q_한의원_08,한의원추천,건강·의료 중 '한의원'을 판매·제공하는 매장,3edaee1c-1c05-4e63-ad86-a39b18d0a6ce,김태희 한의원,한의원,석계역 골목형상점가,골목형상점가,서울특별시,3.0,3.0,,,RESOLVED_AGREEMENT,False,3,,,,
3d33d3be103281a3d30a,test,한의원,T6 기계변형,q_한의원_08,한의원추천,건강·의료 중 '한의원'을 판매·제공하는 매장,56a528df-4581-4e02-a89e-d02aa0bb9016,봄꽃한의원,한의원,공주산성시장,전통시장,충청남도,3.0,3.0,,,RESOLVED_AGREEMENT,False,3,,,,
236e7f6956651f4073f7,test,한의원,T6 기계변형,q_한의원_08,한의원추천,건강·의료 중 '한의원'을 판매·제공하는 매장,1a0defb7-c84d-484d-a47d-19d95eac79d4,한민한의원,"한약, 침, 부항, 추나",괴정가장로 골목형상점가,골목형상점가,대전광역시,3.0,3.0,,,RESOLVED_AGREEMENT,False,3,,,,
632585e21e6a61365a09,test,한의원,T6 기계변형,q_한의원_08,한의원추천,건강·의료 중 '한의원'을 판매·제공하는 매장,dad3ffcb-4a83-47d8-82ce-187d88534338,에덴한의원,한의원,우산골 골목형상점가,골목형상점가,광주광역시,3.0,3.0,,,RESOLVED_AGREEMENT,False,3,,,,
d88b7a8955fbe39b1334,test,한의원,T6 기계변형,q_한의원_08,한의원추천,건강·의료 중 '한의원'을 판매·제공하는 매장,0532ce10-a52b-42cf-8bd4-5412db78e694,계룡산한의원,한방의료서비스,신도안면 골목형상점가,골목형상점가,충청남도,3.0,3.0,,,RESOLVED_AGREEMENT,False,3,,,,
1e6af306cacb23a02013,test,한의원,T6 기계변형,q_한의원_08,한의원추천,건강·의료 중 '한의원'을 판매·제공하는 매장,ea216576-82be-43a4-adc5-4b26aa73f1c0,박천길한의원,한의원,석소 골목형상점가,골목형상점가,전북특별자치도,3.0,3.0,,,RESOLVED_AGREEMENT,False,3,,,,
b2a3be23bf8ec842b82e,test,한의원,T6 기계변형,q_한의원_08,한의원추천,건강·의료 중 '한의원'을 판매·제공하는 매장,06275db0-3bc6-4cb2-b2d0-9c2172db74f9,장편한김용성내과,진료,산본로데오거리(구 산본중심상가),자율상권구역,경기도,0.0,0.0,,,RESOLVED_AGREEMENT,False,0,,,,
043e4df06f554c04d8ed,test,한의원,T6 기계변형,q_한의원_08,한의원추천,건강·의료 중 '한의원'을 판매·제공하는 매장,752d59ec-a888-41e9-a2d2-4ffc4c0bd71b,대학한의원,한의원,연신내골목형상점가,골목형상점가,서울특별시,3.0,3.0,,,RESOLVED_AGREEMENT,False,3,,,,
1e6c0bcbb29a3fd03045,test,한의원,T6 기계변형,q_한의원_08,한의원추천,건강·의료 중 '한의원'을 판매·제공하는 매장,a2a2fa28-0e06-4f4a-8623-0ea5a1ab30ca,의정부 한의원,한의원,행복로골목형상점가,골목형상점가,경기도,3.0,3.0,,,RESOLVED_AGREEMENT,False,3,,,,
679d7c930a2decf87f6f,test,한의원,T6 기계변형,q_한의원_08,한의원추천,건강·의료 중 '한의원'을 판매·제공하는 매장,e482b7e1-6708-493c-9244-4894f63b711c,문치환 한의원,한의원,호매실역중심상가 골목형상점가,골목형상점가,경기도,3.0,3.0,,,RESOLVED_AGREEMENT,False,3,,,,
b10e149f0f7c88da4987,test,한의원,T6 기계변형,q_한의원_08,한의원추천,건강·의료 중 '한의원'을 판매·제공하는 매장,eccf80db-8a48-47af-bbbf-69866235d8c7,맥한의원,한의원,혁신도시5구역골목형상점가,골목형상점가,강원특별자치도,3.0,3.0,,,RESOLVED_AGREEMENT,False,3,,,,
775acfc4e41d83783383,test,한의원,T6 기계변형,q_한의원_08,한의원추천,건강·의료 중 '한의원'을 판매·제공하는 매장,86ff03d5-48f3-4b62-a797-0cf59f3c8597,조한의원,한의원,꽃밭정이 골목형상점가,골목형상점가,전북특별자치도,3.0,3.0,,,RESOLVED_AGREEMENT,False,3,,,,
45f43275150c9c97b5d8,test,한의원,T6 기계변형,q_한의원_08,한의원추천,건강·의료 중 '한의원'을 판매·제공하는 매장,e17ef36f-0f03-49cf-9f9e-eee271569382,민한의원,한의원,금호상인회 골목형상점가,골목형상점가,광주광역시,3.0,3.0,,,RESOLVED_AGREEMENT,False,3,,,,
6043aad63348eae3c8e4,test,한의원,T6 기계변형,q_한의원_08,한의원추천,건강·의료 중 '한의원'을 판매·제공하는 매장,802c11b2-50c5-41b0-871a-c25c27c4d4fe,세봉한의원,한의원,남천골목시장 골목형상점가,골목형상점가,부산광역시,3.0,3.0,,,RESOLVED_AGREEMENT,False,3,,,,
f863aa64d4df3cecfd1f,test,한의원,T6 기계변형,q_한의원_08,한의원추천,건강·의료 중 '한의원'을 판매·제공하는 매장,3a1fd7b7-d52e-485e-8eca-d230de10868e,금강한의원,물리치료 부항 뜸 추나 약침 침치료 한약 보약,조치원중심가로상점가,자율상권구역,세종특별자치시,3.0,3.0,,,RESOLVED_AGREEMENT,False,3,,,,
117d8ab10d16c76a1aad,test,한의원,T6 기계변형,q_한의원_08,한의원추천,건강·의료 중 '한의원'을 판매·제공하는 매장,836d8deb-1cff-410b-8a61-1deffc8b540c,홍범한의원,한의원,비단길현대시장,전통시장,서울특별시,3.0,3.0,,,RESOLVED_AGREEMENT,False,3,,,,
2e10598124af105cee33,test,한의원,T6 기계변형,q_한의원_08,한의원추천,건강·의료 중 '한의원'을 판매·제공하는 매장,f02c9c68-1760-49bd-8172-7bf5e273d974,장한의원,한의원,독립로 백운1동 골목형상점가,골목형상점가,광주광역시,3.0,3.0,,,RESOLVED_AGREEMENT,False,3,,,,
ccee79bdfe3f00a7e704,test,한의원,T6 기계변형,q_한의원_08,한의원추천,건강·의료 중 '한의원'을 판매·제공하는 매장,a710a4f6-142f-43b4-a8af-4c6ba2ed8d30,경희예건한의원,한의원,맹동혁신골목형상점가,골목형상점가,충청북도,3.0,3.0,,,RESOLVED_AGREEMENT,False,3,,,,
db0bb720028f029442b0,test,한의원,T6 기계변형,q_한의원_08,한의원추천,건강·의료 중 '한의원'을 판매·제공하는 매장,9f2a6872-5d33-43ca-a108-515b31f110ae,양형길한의원,한의원,안말초로 골목형상점가,골목형상점가,경기도,3.0,3.0,,,RESOLVED_AGREEMENT,False,3,,,,
ba9f281dd9036eb95cd7,test,한의원,T6 기계변형,q_한의원_08,한의원추천,건강·의료 중 '한의원'을 판매·제공하는 매장,4d09a537-bb63-4759-b883-9dd74072406e,후한의원,한의원,신세계앞상인회 골목형상점가,골목형상점가,광주광역시,3.0,3.0,,,RESOLVED_AGREEMENT,False,3,,,,
f024d2b4f33ce176852a,test,한의원,T6 기계변형,q_한의원_08,한의원추천,건강·의료 중 '한의원'을 판매·제공하는 매장,784447de-be76-4c96-937d-1f49f891a07c,한규설한의원,한의원,용정 골목형상점가,골목형상점가,대전광역시,3.0,3.0,,,RESOLVED_AGREEMENT,False,3,,,,
75aa2b45816001265e16,test,한의원,T6 기계변형,q_한의원_08,한의원추천,건강·의료 중 '한의원'을 판매·제공하는 매장,1a6b59eb-b56d-4e10-a282-ad89b95051a9,조한의원,한의원,보정중심 골목형상점가,골목형상점가,경기도,3.0,3.0,,,RESOLVED_AGREEMENT,False,3,,,,
c8a8fecfa68c397d0ee1,test,한의원,T6 기계변형,q_한의원_08,한의원추천,건강·의료 중 '한의원'을 판매·제공하는 매장,6d55a5f1-2336-47db-95dd-67b144415580,임한의원,한의원,미장사랑 골목형상점가,골목형상점가,전북특별자치도,3.0,3.0,,,RESOLVED_AGREEMENT,False,3,,,,
a128da554dc6ba3b15fa,test,한의원,T6 기계변형,q_한의원_08,한의원추천,건강·의료 중 '한의원'을 판매·제공하는 매장,00681cee-2849-497b-b7d1-548576542ed2,풍암한의원,한의원,풍암벚꽃길상인회 골목형상점가,골목형상점가,광주광역시,3.0,3.0,,,RESOLVED_AGREEMENT,False,3,,,,
e3b953255af0ecc5b7c9,test,한의원,T6 기계변형,q_한의원_08,한의원추천,건강·의료 중 '한의원'을 판매·제공하는 매장,04a734bb-1790-4ecd-9398-2fd3359294d0,제일의원,진료,두암시장주변 골목형상점가,골목형상점가,광주광역시,1.0,2.0,,,P1_BINARY_THRESHOLD,True,,,,,
81a8a224f6b6366affc3,test,한의원,T6 기계변형,q_한의원_08,한의원추천,건강·의료 중 '한의원'을 판매·제공하는 매장,2e572c8d-7b0b-43d0-9e8a-6eb019dd8977,수한의원,한의원,극동종합상가 골목형상점가,골목형상점가,서울특별시,3.0,3.0,,,RESOLVED_AGREEMENT,False,3,,,,
a2355dd8ff32f0c5ddff,test,한의원,T6 기계변형,q_한의원_08,한의원추천,건강·의료 중 '한의원'을 판매·제공하는 매장,cd8e9be2-b81a-46c4-91ff-2f1765c74d74,자혜한의원,한의원,하가지구 골목형상점가,골목형상점가,전북특별자치도,3.0,3.0,,,RESOLVED_AGREEMENT,False,3,,,,
64bb19a94cfbaf21f549,test,한의원,T6 기계변형,q_한의원_08,한의원추천,건강·의료 중 '한의원'을 판매·제공하는 매장,02b05ddb-3724-4a0c-b4ef-b9791576d5a0,산본한의원,한약,산본전통시장(구 군포산본시장),전통시장,경기도,3.0,3.0,,,RESOLVED_AGREEMENT,False,3,,,,
7068b542d5491096a229,test,한의원,T6 기계변형,q_한의원_09,한의웜,건강·의료 중 '한의원'을 판매·제공하는 매장,f89c9af8-dda3-457a-b2f0-79a835cc18d9,박한의원,한의원,남평읍1로 골목형상점가,골목형상점가,전라남도,3.0,3.0,,,RESOLVED_AGREEMENT,False,3,,,,
4dd7739f90f8fad39a4d,test,한의원,T6 기계변형,q_한의원_09,한의웜,건강·의료 중 '한의원'을 판매·제공하는 매장,239c0fcf-ec40-4a20-a790-57ef66a057da,경희팔팔한의원,침 추나 공진단 다이어트,청량리청과물시장,전통시장,서울특별시,3.0,3.0,,,RESOLVED_AGREEMENT,False,3,,,,
2d3dd1ce84b8c4bd4d82,test,한의원,T6 기계변형,q_한의원_09,한의웜,건강·의료 중 '한의원'을 판매·제공하는 매장,f9f1a7ce-ce7b-4ec4-9a5d-b223ca0a126b,율한의원,한의원,용문 골목형상점가,골목형상점가,제주특별자치도,3.0,3.0,,,RESOLVED_AGREEMENT,False,3,,,,
85801a661a47b011c4ca,test,한의원,T6 기계변형,q_한의원_09,한의웜,건강·의료 중 '한의원'을 판매·제공하는 매장,89905d5f-78f4-4592-827e-00e4fef0adad,비욘드,의류및잡화,용인중앙시장,전통시장,경기도,0.0,0.0,,,RESOLVED_AGREEMENT,False,0,,,,
77c91c7a4441fad471d6,test,한의원,T6 기계변형,q_한의원_09,한의웜,건강·의료 중 '한의원'을 판매·제공하는 매장,07642cd2-da01-4c61-b136-9b7960b98e30,흙다방,한방차,을지로지하보도쇼핑센터,일반지하상점가,서울특별시,3.0,0.0,,,P1_BINARY_THRESHOLD,True,,,,,
90163b264c4a1f61c0f8,test,한의원,T6 기계변형,q_한의원_09,한의웜,건강·의료 중 '한의원'을 판매·제공하는 매장,ed76a240-84c5-46c3-9e3c-252d9c63e314,백삼 한의원,한의원,금곡골목형상점가,자율상권구역,경기도,3.0,3.0,,,RESOLVED_AGREEMENT,False,3,,,,
ec76356b9e0fc7239bc8,test,한의원,T6 기계변형,q_한의원_09,한의웜,건강·의료 중 '한의원'을 판매·제공하는 매장,fbfc9f6d-5d14-40d7-96cc-727934db9544,광교한의원,한의원,광교상현역 온누리 골목형상점가,골목형상점가,경기도,3.0,3.0,,,RESOLVED_AGREEMENT,False,3,,,,
bc02fc7c2037ffb8b415,test,한의원,T6 기계변형,q_한의원_09,한의웜,건강·의료 중 '한의원'을 판매·제공하는 매장,00681cee-2849-497b-b7d1-548576542ed2,풍암한의원,한의원,풍암벚꽃길상인회 골목형상점가,골목형상점가,광주광역시,3.0,3.0,,,RESOLVED_AGREEMENT,False,3,,,,
a0e2bd82da9ef5a797dd,test,한의원,T6 기계변형,q_한의원_09,한의웜,건강·의료 중 '한의원'을 판매·제공하는 매장,b08f5657-bd4d-4ddf-aa43-35b3e80761b2,하니웜,잡화,당진원시가지상가,자율상권구역,충청남도,0.0,0.0,,,RESOLVED_AGREEMENT,False,0,,,,
ed19d2f088691096bc6e,test,한의원,T6 기계변형,q_한의원_09,한의웜,건강·의료 중 '한의원'을 판매·제공하는 매장,3a1fd7b7-d52e-485e-8eca-d230de10868e,금강한의원,물리치료 부항 뜸 추나 약침 침치료 한약 보약,조치원중심가로상점가,자율상권구역,세종특별자치시,3.0,3.0,,,RESOLVED_AGREEMENT,False,3,,,,
0ac03abbd6b5d9e55081,test,한의원,T6 기계변형,q_한의원_09,한의웜,건강·의료 중 '한의원'을 판매·제공하는 매장,82bb3d55-ff12-47b9-a3e9-14be24ddd571,홍한의원,한의원,노원역9번출구 골목형상점가,골목형상점가,서울특별시,3.0,3.0,,,RESOLVED_AGREEMENT,False,3,,,,
7ee98ae010c043a4b627,test,한의원,T6 기계변형,q_한의원_09,한의웜,건강·의료 중 '한의원'을 판매·제공하는 매장,04b3f97b-2da5-4d58-8ab5-c5e9f48061c5,새몸한의원,한의진료 한의의료시술 침 뜸 부항 물리요법 추나요법 약침 봉침 한약 등,봉선로1 골목형상점가,골목형상점가,광주광역시,3.0,3.0,,,RESOLVED_AGREEMENT,False,3,,,,
6c449b8a5728fa15f93f,test,한의원,T6 기계변형,q_한의원_09,한의웜,건강·의료 중 '한의원'을 판매·제공하는 매장,ef473eef-9e09-44f8-8cd4-aeea4d8c9619,장한의원,한의원,대인동예술담길 골목형상점가,골목형상점가,광주광역시,3.0,3.0,,,RESOLVED_AGREEMENT,False,3,,,,
b2b98053f3e4c56462c6,test,한의원,T6 기계변형,q_한의원_09,한의웜,건강·의료 중 '한의원'을 판매·제공하는 매장,44fb7656-0ff5-4d44-9f84-f3e07d7adc0f,김남규 한의원,,장대동패션상가 골목형상점가,골목형상점가,대전광역시,3.0,3.0,,,RESOLVED_AGREEMENT,False,3,,,,
75bb16fb9271799da106,test,한의원,T6 기계변형,q_한의원_09,한의웜,건강·의료 중 '한의원'을 판매·제공하는 매장,e482b7e1-6708-493c-9244-4894f63b711c,문치환 한의원,한의원,호매실역중심상가 골목형상점가,골목형상점가,경기도,3.0,3.0,,,RESOLVED_AGREEMENT,False,3,,,,
41afcbf7e5e36adfbbd3,test,한의원,T6 기계변형,q_한의원_09,한의웜,건강·의료 중 '한의원'을 판매·제공하는 매장,e225ee4b-61ad-4a81-b7be-18d2f61adb5f,강산 한의원,"한의원, 화장품",우장산역 골목형상점가,골목형상점가,서울특별시,3.0,3.0,,,RESOLVED_AGREEMENT,False,3,,,,
64a0afa4d0e3b5e23c27,test,한의원,T6 기계변형,q_한의원_09,한의웜,건강·의료 중 '한의원'을 판매·제공하는 매장,2b560e15-fed3-4d6a-9644-7f13b2958447,테크노 도담 한의원,한의원,테크노밸리 골목형상점가,골목형상점가,대전광역시,3.0,3.0,,,RESOLVED_AGREEMENT,False,3,,,,
0325e339b3aa1140058f,test,한의원,T6 기계변형,q_한의원_09,한의웜,건강·의료 중 '한의원'을 판매·제공하는 매장,c5ab17f7-27e5-4e3e-b620-2e7aa4b12039,배스킨라빈스 광주마재점,아이스크림,마재상인회 골목형상점가,골목형상점가,광주광역시,0.0,0.0,,,RESOLVED_AGREEMENT,False,0,,,,
7f6caa011fdcc4775e82,test,한의원,T6 기계변형,q_한의원_09,한의웜,건강·의료 중 '한의원'을 판매·제공하는 매장,0ed0791b-0363-486f-936a-5799f2eb77d2,해동상회,건어물,관고전통시장,전통시장,경기도,0.0,0.0,,,RESOLVED_AGREEMENT,False,0,,,,
102f29dfde0159c8332b,test,한의원,T6 기계변형,q_한의원_09,한의웜,건강·의료 중 '한의원'을 판매·제공하는 매장,1296d23b-b0a8-41b2-84b1-ca3409a6004c,용한의원,한의원,반월동 골목형상점가,골목형상점가,전북특별자치도,3.0,3.0,,,RESOLVED_AGREEMENT,False,3,,,,
4a81f4d7aa7b76fa90bf,test,한의원,T6 기계변형,q_한의원_09,한의웜,건강·의료 중 '한의원'을 판매·제공하는 매장,784447de-be76-4c96-937d-1f49f891a07c,한규설한의원,한의원,용정 골목형상점가,골목형상점가,대전광역시,3.0,3.0,,,RESOLVED_AGREEMENT,False,3,,,,
c4602faae39934a90aea,test,한의원,T6 기계변형,q_한의원_09,한의웜,건강·의료 중 '한의원'을 판매·제공하는 매장,a9f1b112-d0eb-4c4c-a110-56ae1eb2ec92,선한마음 한의원,한의원,신가동 골목형상점가,골목형상점가,광주광역시,3.0,3.0,,,RESOLVED_AGREEMENT,False,3,,,,
4b0aa19b4e3b0f817d01,test,한의원,T6 기계변형,q_한의원_09,한의웜,건강·의료 중 '한의원'을 판매·제공하는 매장,42cc9567-8d29-44c6-bd0e-089b134c55f3,다정다감 한의원,한의원,오목교역8번출구골목형상점가,골목형상점가,서울특별시,3.0,3.0,,,RESOLVED_AGREEMENT,False,3,,,,
2a5206fb3f417dbbf86c,test,한의원,T6 기계변형,q_한의원_09,한의웜,건강·의료 중 '한의원'을 판매·제공하는 매장,ee69d646-bad2-4794-8caf-eee4e5169cc7,곽한의원,한의원,포항 대이상가 골목형상점가,골목형상점가,경상북도,3.0,3.0,,,RESOLVED_AGREEMENT,False,3,,,,
0e30e363870a72de53a9,test,한의원,T6 기계변형,q_한의원_09,한의웜,건강·의료 중 '한의원'을 판매·제공하는 매장,99af9948-5442-411c-bccb-64900363d5c2,동인한의원,한의,위드수암 골목형상점가,골목형상점가,울산광역시,2.0,3.0,,,P2_GRADED_ONLY,True,,,,,
16362d59781ea5647366,test,한의원,T6 기계변형,q_한의원_09,한의웜,건강·의료 중 '한의원'을 판매·제공하는 매장,00192f22-a492-4ba5-a62d-65bf0d0ec7b9,큰물한의원,한의원,전주서곡 골목형상점가,골목형상점가,전북특별자치도,3.0,3.0,,,RESOLVED_AGREEMENT,False,3,,,,
055fcacfba265734b367,test,한의원,T6 기계변형,q_한의원_09,한의웜,건강·의료 중 '한의원'을 판매·제공하는 매장,86a724a9-126d-4857-ba7b-af6d054bb5bf,민창한의원,한의원,온택트 괴정스마트 상권활성화구역,상권활성화구역,부산광역시,3.0,3.0,,,RESOLVED_AGREEMENT,False,3,,,,
0a0483386e97ee97219c,test,한의원,T6 기계변형,q_한의원_09,한의웜,건강·의료 중 '한의원'을 판매·제공하는 매장,a9a76f07-87b4-48fd-a229-110df758221d,신재송청과,과일,재송한마음시장,전통시장,부산광역시,0.0,0.0,,,RESOLVED_AGREEMENT,False,0,,,,
5399edbc27c4b706845f,test,한의원,T6 기계변형,q_한의원_09,한의웜,건강·의료 중 '한의원'을 판매·제공하는 매장,7060c73d-b83d-4aa3-a743-e2dc6d2cca82,바른몸 청담 한의원,한의원,남천골목시장 골목형상점가,골목형상점가,부산광역시,3.0,3.0,,,RESOLVED_AGREEMENT,False,3,,,,
cc88d371551a1461d3ea,test,한의원,T6 기계변형,q_한의원_09,한의웜,건강·의료 중 '한의원'을 판매·제공하는 매장,6d2a267b-1026-4a85-b0d2-e8c2a800f9ae,하하생막창뒷고기,뒷고기,대명5동아우름길 골목형상점가,골목형상점가,대구광역시,0.0,0.0,,,RESOLVED_AGREEMENT,False,0,,,,
a5269e0c656f57ad8c82,test,한의원,T6 기계변형,q_한의원_09,한의웜,건강·의료 중 '한의원'을 판매·제공하는 매장,181a214d-8129-4d50-805b-53211442b29d,경희인 한의원,한의원,노룬산골목시장,전통시장,서울특별시,3.0,3.0,,,RESOLVED_AGREEMENT,False,3,,,,
c7aa8b7bb690b86764a2,test,한의원,T6 기계변형,q_한의원_09,한의웜,건강·의료 중 '한의원'을 판매·제공하는 매장,049687c2-f8a0-4684-a17f-fd57b7fb23f3,맞춤한의원,한방진료,새마을시장,전통시장,서울특별시,3.0,3.0,,,RESOLVED_AGREEMENT,False,3,,,,
208b26fbf15c48802afa,test,한의원,T6 기계변형,q_한의원_09,한의웜,건강·의료 중 '한의원'을 판매·제공하는 매장,1c8a8990-c1c5-4b90-99a1-09919d081f9a,건강미현대웰빙의원,진료,광산 송2송2 골목형상점가,골목형상점가,광주광역시,1.0,2.0,,,P1_BINARY_THRESHOLD,True,,,,,
8d081604a4134c0ac043,test,한의원,T6 기계변형,q_한의원_09,한의웜,건강·의료 중 '한의원'을 판매·제공하는 매장,ddf4b52a-759d-4aef-96b4-fd79d8743428,동성 한의원,한의원,맹동혁신골목형상점가,골목형상점가,충청북도,3.0,3.0,,,RESOLVED_AGREEMENT,False,3,,,,
c7acb0d2cb1f2f18c93a,test,한의원,T6 기계변형,q_한의원_09,한의웜,건강·의료 중 '한의원'을 판매·제공하는 매장,6d55a5f1-2336-47db-95dd-67b144415580,임한의원,한의원,미장사랑 골목형상점가,골목형상점가,전북특별자치도,3.0,3.0,,,RESOLVED_AGREEMENT,False,3,,,,
0d8121d3d05359b4cb53,test,한의원,T6 기계변형,q_한의원_09,한의웜,건강·의료 중 '한의원'을 판매·제공하는 매장,aeef0ff5-7cab-4313-99c5-1d96c8b1def3,열린약국,"약국, 의료기기",남양시장골목형상점가,골목형상점가,경기도,0.0,2.0,,,P1_BINARY_THRESHOLD,True,,,,,
0e7e403ba1ebbe82134b,test,한의원,T6 기계변형,q_한의원_09,한의웜,건강·의료 중 '한의원'을 판매·제공하는 매장,d93395a5-8a17-4490-9db9-04b440f2d470,용한의원,한의원,양산상생하는하서로 골목형상점가,골목형상점가,광주광역시,3.0,3.0,,,RESOLVED_AGREEMENT,False,3,,,,
5729b9203203f0b6a899,test,한의원,T6 기계변형,q_한의원_09,한의웜,건강·의료 중 '한의원'을 판매·제공하는 매장,783b5a13-eca0-41dc-89a5-521fab7a336d,창생 한의원,한의원,효자휴먼시아 골목형상점가,골목형상점가,전북특별자치도,3.0,3.0,,,RESOLVED_AGREEMENT,False,3,,,,
61fbde635ecb305831ce,test,한의원,T6 기계변형,q_한의원_09,한의웜,건강·의료 중 '한의원'을 판매·제공하는 매장,0532ce10-a52b-42cf-8bd4-5412db78e694,계룡산한의원,한방의료서비스,신도안면 골목형상점가,골목형상점가,충청남도,3.0,3.0,,,RESOLVED_AGREEMENT,False,3,,,,
5ad3242a03e4a5770a8f,test,한의원,T6 기계변형,q_한의원_09,한의웜,건강·의료 중 '한의원'을 판매·제공하는 매장,55dbd4c7-a786-40ab-b032-48c53466d5aa,경희 맥 한의원,한의원,바람골골목형상점가,골목형상점가,충청북도,3.0,3.0,,,RESOLVED_AGREEMENT,False,3,,,,
6ce1aedaa273776a3674,test,한의원,T6 기계변형,q_한의원_09,한의웜,건강·의료 중 '한의원'을 판매·제공하는 매장,61057e75-4b2e-460d-8dcd-edc88e1a48c6,앤웜,침구,지중해마을 골목형상점가,골목형상점가,충청남도,0.0,0.0,,,RESOLVED_AGREEMENT,False,0,,,,
60425e928470f87c610a,test,한의원,T6 기계변형,q_한의원_09,한의웜,건강·의료 중 '한의원'을 판매·제공하는 매장,0bd959c7-1bdb-4613-920a-3c15cee07358,정성가득 한의원,한의원,짚봉산상인회 골목형상점가,골목형상점가,광주광역시,3.0,3.0,,,RESOLVED_AGREEMENT,False,3,,,,
94d99e24c602b47d1687,test,한의원,T6 기계변형,q_한의원_09,한의웜,건강·의료 중 '한의원'을 판매·제공하는 매장,0f8fa6de-29bb-4456-9ec0-09a25c6de577,윤쌤한의원,한의,위드수암 골목형상점가,골목형상점가,울산광역시,2.0,3.0,,,P2_GRADED_ONLY,True,,,,,
09651750e11e0e430272,test,한의원,T6 기계변형,q_한의원_09,한의웜,건강·의료 중 '한의원'을 판매·제공하는 매장,02942ca3-7579-4db2-becb-fb2b1e71e633,보광한약방,한약방,내수전통시장,전통시장,충청북도,3.0,3.0,,,RESOLVED_AGREEMENT,False,3,,,,
19b8b5c3f3d52101ae5f,test,한의원,T6 기계변형,q_한의원_09,한의웜,건강·의료 중 '한의원'을 판매·제공하는 매장,8fefd2b1-c968-452d-83de-6a820d143dc2,하늘체한의원,한의원,길주로 골목형상점가,골목형상점가,경기도,3.0,3.0,,,RESOLVED_AGREEMENT,False,3,,,,
542d415c71914b93df87,test,한의원,T6 기계변형,q_한의원_09,한의웜,건강·의료 중 '한의원'을 판매·제공하는 매장,d675c06d-27e6-4d33-acb7-7b9b08e9456d,평단한의원,한의원,현대센트럴스퀘어,골목형상점가,경기도,3.0,3.0,,,RESOLVED_AGREEMENT,False,3,,,,
11ddac91a79a1348c921,test,한의원,T6 기계변형,q_한의원_09,한의웜,건강·의료 중 '한의원'을 판매·제공하는 매장,9ce10344-6dad-4d23-ac20-c0c6ee1e9900,조종 한의원,한의원,조종시장,전통시장,경기도,3.0,3.0,,,RESOLVED_AGREEMENT,False,3,,,,
dd7fc823daceb97d2941,test,한의원,T6 기계변형,q_한의원_09,한의웜,건강·의료 중 '한의원'을 판매·제공하는 매장,224c347a-ce91-4ef0-ac8d-7b3c8d32699d,광제당 한의원,한의원,선부광장로상점가,자율상권구역,경기도,3.0,3.0,,,RESOLVED_AGREEMENT,False,3,,,,
b81a36ca7703eeaade87,test,한의원,T6 기계변형,q_한의원_09,한의웜,건강·의료 중 '한의원'을 판매·제공하는 매장,0ab1eb9a-a600-4ac0-8ce5-615819efcf3f,차차한의원,한방,배방공수 골목형상점가,골목형상점가,충청남도,3.0,3.0,,,RESOLVED_AGREEMENT,False,3,,,,
9f54b2ec289c0ea40381,test,한의원,T6 기계변형,q_한의원_09,한의웜,건강·의료 중 '한의원'을 판매·제공하는 매장,83141ea1-d7b4-470c-b280-f2a5ec3a2773,한기석한의원,한의원,풍암중앙상인회 골목형상점가,골목형상점가,광주광역시,3.0,3.0,,,RESOLVED_AGREEMENT,False,3,,,,
2ec27d6aa91e69adef39,test,한의원,T6 기계변형,q_한의원_09,한의웜,건강·의료 중 '한의원'을 판매·제공하는 매장,d11d7d66-bb2a-4a67-bcc8-b947b2e2ebda,성채한의원,한의원,도봉산옛길골목형상점가,골목형상점가,서울특별시,3.0,3.0,,,RESOLVED_AGREEMENT,False,3,,,,
b94ab7e7aef3402b6021,test,한의원,T6 기계변형,q_한의원_09,한의웜,건강·의료 중 '한의원'을 판매·제공하는 매장,005be19f-78f9-455e-9516-5b6ada9b2f79,명주약업사,한약도매,학성새벽시장,전통시장,울산광역시,3.0,3.0,,,RESOLVED_AGREEMENT,False,3,,,,
b1bb9ac8ea1877154556,test,한의원,T6 기계변형,q_한의원_09,한의웜,건강·의료 중 '한의원'을 판매·제공하는 매장,8355d469-a19c-4fff-95f0-faa958d48457,호랑이 한의원,한의원,반석동 골목형상점가,골목형상점가,대전광역시,3.0,3.0,,,RESOLVED_AGREEMENT,False,3,,,,
8bad25ba58fe4996f9af,test,한의원,T6 기계변형,q_한의원_09,한의웜,건강·의료 중 '한의원'을 판매·제공하는 매장,4d09a537-bb63-4759-b883-9dd74072406e,후한의원,한의원,신세계앞상인회 골목형상점가,골목형상점가,광주광역시,3.0,3.0,,,RESOLVED_AGREEMENT,False,3,,,,
ea031b060863c76b5fa1,test,한의원,T6 기계변형,q_한의원_09,한의웜,건강·의료 중 '한의원'을 판매·제공하는 매장,76d8e9cc-0071-4425-b991-013de6a7e75a,차한의원,한의원,군산나운상가 골목형상점가,골목형상점가,전북특별자치도,3.0,3.0,,,RESOLVED_AGREEMENT,False,3,,,,
d4daa1b8cad7c533d12e,test,한의원,T6 기계변형,q_한의원_09,한의웜,건강·의료 중 '한의원'을 판매·제공하는 매장,aab2ffa8-c47d-48f0-b6a9-89f51ef16d28,허혁한의원,한의원,만년동 골목형상점가,골목형상점가,대전광역시,3.0,3.0,,,RESOLVED_AGREEMENT,False,3,,,,
75c0bc945aefc95140d6,test,한의원,T6 기계변형,q_한의원_09,한의웜,건강·의료 중 '한의원'을 판매·제공하는 매장,53a9439e-4ae4-4b07-8cca-3f715a45c65b,규림 한의원,한의업,성안길상점가,자율상권구역,충청북도,2.0,3.0,,,P2_GRADED_ONLY,True,,,,,
8cfb78c71ce205e9c4bb,test,한의원,T6 기계변형,q_한의원_09,한의웜,건강·의료 중 '한의원'을 판매·제공하는 매장,ea0c719d-f8ba-4a37-b863-ee1d23d06401,우리수산,수산물,진주 논개시장,전통시장,경상남도,0.0,0.0,,,RESOLVED_AGREEMENT,False,0,,,,
7dd0f61d9a146163b1fc,test,한의원,T6 기계변형,q_한의원_09,한의웜,건강·의료 중 '한의원'을 판매·제공하는 매장,1a0defb7-c84d-484d-a47d-19d95eac79d4,한민한의원,"한약, 침, 부항, 추나",괴정가장로 골목형상점가,골목형상점가,대전광역시,3.0,3.0,,,RESOLVED_AGREEMENT,False,3,,,,
5a005cc2951550f3d29c,test,한의원,T6 기계변형,q_한의원_09,한의웜,건강·의료 중 '한의원'을 판매·제공하는 매장,21be2ca7-09e8-4239-9665-ab18729bebeb,춘하추동 한의원,한의원,어은누리 골목형상점가,골목형상점가,대전광역시,3.0,3.0,,,RESOLVED_AGREEMENT,False,3,,,,
10227d959283219f6c89,test,한의원,T6 기계변형,q_한의원_09,한의웜,건강·의료 중 '한의원'을 판매·제공하는 매장,f191121e-b46e-4c8d-8f70-59833988d4fd,문경 한의원,한의원,문경전통시장,전통시장,경상북도,3.0,3.0,,,RESOLVED_AGREEMENT,False,3,,,,
a61e8cbde67d8fc7d757,test,한의원,T6 기계변형,q_한의원_09,한의웜,건강·의료 중 '한의원'을 판매·제공하는 매장,da432c74-f27b-45ed-84e7-2e373af04a90,건 한의원,한의과 진료,BOCA 보카상점가,골목형상점가,경기도,2.0,3.0,,,P2_GRADED_ONLY,True,,,,,
70fdabaa7d28e1bef480,test,한의원,T6 기계변형,q_한의원_09,한의웜,건강·의료 중 '한의원'을 판매·제공하는 매장,cd8e9be2-b81a-46c4-91ff-2f1765c74d74,자혜한의원,한의원,하가지구 골목형상점가,골목형상점가,전북특별자치도,3.0,3.0,,,RESOLVED_AGREEMENT,False,3,,,,
532480ee29b756ec1179,test,한의원,T6 기계변형,q_한의원_09,한의웜,건강·의료 중 '한의원'을 판매·제공하는 매장,77cfdbfc-2a2d-4cf3-9c63-2c5590d39d3c,심기쁨 한의원,한의원,불당1번가골목형상점가,골목형상점가,충청남도,3.0,3.0,,,RESOLVED_AGREEMENT,False,3,,,,
2427e22168c342c47b9c,test,한의원,T6 기계변형,q_한의원_09,한의웜,건강·의료 중 '한의원'을 판매·제공하는 매장,91a8eb95-bab8-4dc1-8364-e039a25ab9e8,다편한 한의원,한의원,빛가람 로데오 골목형상점가,골목형상점가,전라남도,3.0,3.0,,,RESOLVED_AGREEMENT,False,3,,,,
9264c716840a25910b21,test,한의원,T6 기계변형,q_한의원_09,한의웜,건강·의료 중 '한의원'을 판매·제공하는 매장,0cea3971-a6df-4ff9-a83f-958d129d64fa,경희 맥 한의원,한의원,산본로데오거리(구 산본중심상가),자율상권구역,경기도,3.0,3.0,,,RESOLVED_AGREEMENT,False,3,,,,
b85da599975281d8b3ad,test,한의원,T6 기계변형,q_한의원_09,한의웜,건강·의료 중 '한의원'을 판매·제공하는 매장,20ad171b-58ef-440b-bd2e-15ac23775ce1,청담한의원,침 한약 약침 추나치료 등,화정한울타리상인회 골목형상점가,골목형상점가,광주광역시,3.0,3.0,,,RESOLVED_AGREEMENT,False,3,,,,
c069c4e1569b11d3033b,test,한의원,T6 기계변형,q_한의원_09,한의웜,건강·의료 중 '한의원'을 판매·제공하는 매장,836d8deb-1cff-410b-8a61-1deffc8b540c,홍범한의원,한의원,비단길현대시장,전통시장,서울특별시,3.0,3.0,,,RESOLVED_AGREEMENT,False,3,,,,
d245d83e3c902774f86a,test,한의원,T6 기계변형,q_한의원_09,한의웜,건강·의료 중 '한의원'을 판매·제공하는 매장,0002538c-b8d9-4911-81c7-966789036b09,빛고을 치과의원,의원,세은 골목형상점가,골목형상점가,광주광역시,1.0,2.0,,,P1_BINARY_THRESHOLD,True,,,,,
9bd75f8595c4bf22f992,test,한의원,T6 기계변형,q_한의원_09,한의웜,건강·의료 중 '한의원'을 판매·제공하는 매장,00523307-cc4c-4b0c-8b2f-176ca7450d24,오름한의원,한의원,아차산등산로골목형상점가,골목형상점가,서울특별시,3.0,3.0,,,RESOLVED_AGREEMENT,False,3,,,,
d4894ac4746c28579de0,test,한의원,T6 기계변형,q_한의원_09,한의웜,건강·의료 중 '한의원'을 판매·제공하는 매장,9f2a6872-5d33-43ca-a108-515b31f110ae,양형길한의원,한의원,안말초로 골목형상점가,골목형상점가,경기도,3.0,3.0,,,RESOLVED_AGREEMENT,False,3,,,,
85e8f726fab62ee5e72b,test,한의원,T6 기계변형,q_한의원_09,한의웜,건강·의료 중 '한의원'을 판매·제공하는 매장,a2a2fa28-0e06-4f4a-8623-0ea5a1ab30ca,의정부 한의원,한의원,행복로골목형상점가,골목형상점가,경기도,3.0,3.0,,,RESOLVED_AGREEMENT,False,3,,,,
dac64dac7cd53a664750,test,한의원,T6 기계변형,q_한의원_09,한의웜,건강·의료 중 '한의원'을 판매·제공하는 매장,86ff03d5-48f3-4b62-a797-0cf59f3c8597,조한의원,한의원,꽃밭정이 골목형상점가,골목형상점가,전북특별자치도,3.0,3.0,,,RESOLVED_AGREEMENT,False,3,,,,
f17691672f29bf3a63c9,test,한의원,T6 기계변형,q_한의원_09,한의웜,건강·의료 중 '한의원'을 판매·제공하는 매장,752d59ec-a888-41e9-a2d2-4ffc4c0bd71b,대학한의원,한의원,연신내골목형상점가,골목형상점가,서울특별시,3.0,3.0,,,RESOLVED_AGREEMENT,False,3,,,,
4cf293ce3167d10aac59,test,한의원,T6 기계변형,q_한의원_09,한의웜,건강·의료 중 '한의원'을 판매·제공하는 매장,035c1b8a-8efd-4448-a276-7b9c25dadd68,광명당약업사,한약재,금산국제인삼시장,전통시장,충청남도,3.0,3.0,,,RESOLVED_AGREEMENT,False,3,,,,
67ba5de33e2265137e26,test,한의원,T6 기계변형,q_한의원_09,한의웜,건강·의료 중 '한의원'을 판매·제공하는 매장,f6360fc7-05e6-4065-9637-1c041d2aba3c,김양식한의원,한의원,산본로데오거리(구 산본중심상가),자율상권구역,경기도,3.0,3.0,,,RESOLVED_AGREEMENT,False,3,,,,
e8ca6fb60c7a90e3374c,test,한의원,T6 기계변형,q_한의원_09,한의웜,건강·의료 중 '한의원'을 판매·제공하는 매장,00c44c1d-ee28-4fc2-a0f0-e3454de86603,준 한의원,한방의료서비스,첨단연신로 골목형상점가,골목형상점가,광주광역시,3.0,3.0,,,RESOLVED_AGREEMENT,False,3,,,,
055159f15d6eb389e38c,test,한의원,T6 기계변형,q_한의원_09,한의웜,건강·의료 중 '한의원'을 판매·제공하는 매장,a710a4f6-142f-43b4-a8af-4c6ba2ed8d30,경희예건한의원,한의원,맹동혁신골목형상점가,골목형상점가,충청북도,3.0,3.0,,,RESOLVED_AGREEMENT,False,3,,,,
e00e0e2bc4b48a257822,test,한의원,T6 기계변형,q_한의원_09,한의웜,건강·의료 중 '한의원'을 판매·제공하는 매장,8639af76-715d-43ae-8765-d2de1942ef8a,더상춘한의원,한의원,신당미래유산먹거리 골목형상점가,골목형상점가,서울특별시,3.0,3.0,,,RESOLVED_AGREEMENT,False,3,,,,
4c30c97f5d35f8f69476,test,한의원,T6 기계변형,q_한의원_09,한의웜,건강·의료 중 '한의원'을 판매·제공하는 매장,c9e86f57-3565-460b-855e-b7377c9db2fd,활천당 한의원,한의원,영동중앙시장,전통시장,충청북도,3.0,3.0,,,RESOLVED_AGREEMENT,False,3,,,,
a710c8b25352d0820796,test,한의원,T6 기계변형,q_한의원_09,한의웜,건강·의료 중 '한의원'을 판매·제공하는 매장,1a6b59eb-b56d-4e10-a282-ad89b95051a9,조한의원,한의원,보정중심 골목형상점가,골목형상점가,경기도,3.0,3.0,,,RESOLVED_AGREEMENT,False,3,,,,
20c30a08f1e2339caa8e,test,한의원,T6 기계변형,q_한의원_09,한의웜,건강·의료 중 '한의원'을 판매·제공하는 매장,93b56590-06b6-48ae-a5b5-94fec579b7ee,해람한의원,한의원,금호운천로상인회 골목형상점가,골목형상점가,광주광역시,3.0,3.0,,,RESOLVED_AGREEMENT,False,3,,,,
d28a307f0c4201ee6460,test,한의원,T6 기계변형,q_한의원_09,한의웜,건강·의료 중 '한의원'을 판매·제공하는 매장,f16921ee-7067-4f37-905e-0e8e16e8576f,비웜,의류,전북대대학로상점가,자율상권구역,전북특별자치도,0.0,0.0,,,RESOLVED_AGREEMENT,False,0,,,,
dfe282052d0f26c56d6c,test,한의원,T6 기계변형,q_한의원_09,한의웜,건강·의료 중 '한의원'을 판매·제공하는 매장,404ba0d7-2cda-4662-8166-2a3b63a8185f,경희바른몸 한의원,한의원,새샘하루 골목형상점가,골목형상점가,세종특별자치시,3.0,3.0,,,RESOLVED_AGREEMENT,False,3,,,,
3049304c9f86f653bcba,test,한의원,T6 기계변형,q_한의원_09,한의웜,건강·의료 중 '한의원'을 판매·제공하는 매장,abf6c1c8-e6df-46de-9acb-6438af067851,문성진 한의원,한의원,문흥라인아파트 골목형상점가,골목형상점가,광주광역시,3.0,3.0,,,RESOLVED_AGREEMENT,False,3,,,,
6eb27ec230d9283063a3,test,한의원,T6 기계변형,q_한의원_09,한의웜,건강·의료 중 '한의원'을 판매·제공하는 매장,04a734bb-1790-4ecd-9398-2fd3359294d0,제일의원,진료,두암시장주변 골목형상점가,골목형상점가,광주광역시,1.0,2.0,,,P1_BINARY_THRESHOLD,True,,,,,
52e105f50dd08ec53885,test,한의원,T6 기계변형,q_한의원_09,한의웜,건강·의료 중 '한의원'을 판매·제공하는 매장,f220368a-ae23-4800-b520-0d0ae2a10678,부산가구단지 동서가구,가구,부산좌천동가구상가,자율상권구역,부산광역시,0.0,0.0,,,RESOLVED_AGREEMENT,False,0,,,,
83afdebf18d582348f8a,test,한의원,T6 기계변형,q_한의원_09,한의웜,건강·의료 중 '한의원'을 판매·제공하는 매장,802c11b2-50c5-41b0-871a-c25c27c4d4fe,세봉한의원,한의원,남천골목시장 골목형상점가,골목형상점가,부산광역시,3.0,3.0,,,RESOLVED_AGREEMENT,False,3,,,,
bac717e4c70131dd5f50,test,한의원,T6 기계변형,q_한의원_09,한의웜,건강·의료 중 '한의원'을 판매·제공하는 매장,8435da78-4f81-4f89-8ce5-fe863ce678ea,본한의원,한의원,산본로데오거리(구 산본중심상가),자율상권구역,경기도,3.0,3.0,,,RESOLVED_AGREEMENT,False,3,,,,
f32e4b402d3a7fea8343,test,한의원,T6 기계변형,q_한의원_09,한의웜,건강·의료 중 '한의원'을 판매·제공하는 매장,26226842-a08c-47c4-ba86-074f3f85f97e,윤재권 한의원,한의원,북항사랑 골목형상점가,골목형상점가,전라남도,3.0,3.0,,,RESOLVED_AGREEMENT,False,3,,,,
262a133dcaad6e415897,test,한의원,T6 기계변형,q_한의원_09,한의웜,건강·의료 중 '한의원'을 판매·제공하는 매장,0056dcd4-0ac0-4535-9ee5-c8fd19d8ff14,중화한의원,한의원,보령한내시장,전통시장,충청남도,3.0,3.0,,,RESOLVED_AGREEMENT,False,3,,,,
3a97ac1125940100f62d,test,한의원,T6 기계변형,q_한의원_09,한의웜,건강·의료 중 '한의원'을 판매·제공하는 매장,bae76aa4-0425-4834-866f-be14d8a0927c,경희 기운찬 한의원,한의원,율곡동메타스퀘어 골목형상점가,골목형상점가,경상북도,3.0,3.0,,,RESOLVED_AGREEMENT,False,3,,,,
38947608cac075c43590,test,한의원,T6 기계변형,q_한의원_09,한의웜,건강·의료 중 '한의원'을 판매·제공하는 매장,3edaee1c-1c05-4e63-ad86-a39b18d0a6ce,김태희 한의원,한의원,석계역 골목형상점가,골목형상점가,서울특별시,3.0,3.0,,,RESOLVED_AGREEMENT,False,3,,,,
404cdf0b37c10a51f4ff,test,한의원,T6 기계변형,q_한의원_09,한의웜,건강·의료 중 '한의원'을 판매·제공하는 매장,06275db0-3bc6-4cb2-b2d0-9c2172db74f9,장편한김용성내과,진료,산본로데오거리(구 산본중심상가),자율상권구역,경기도,0.0,0.0,,,RESOLVED_AGREEMENT,False,0,,,,
f991643849c7b39b0dd6,test,한의원,T6 기계변형,q_한의원_09,한의웜,건강·의료 중 '한의원'을 판매·제공하는 매장,29a20609-dd52-4fb7-a50f-700260b8f633,더준 한의원,한의원,전남대후문골목형상점가,골목형상점가,광주광역시,3.0,3.0,,,RESOLVED_AGREEMENT,False,3,,,,
1932ca1a4c3966e581a8,test,한의원,T6 기계변형,q_한의원_09,한의웜,건강·의료 중 '한의원'을 판매·제공하는 매장,02b05ddb-3724-4a0c-b4ef-b9791576d5a0,산본한의원,한약,산본전통시장(구 군포산본시장),전통시장,경기도,3.0,3.0,,,RESOLVED_AGREEMENT,False,3,,,,
4a1b8d10dc7789238e1d,test,한의원,T6 기계변형,q_한의원_09,한의웜,건강·의료 중 '한의원'을 판매·제공하는 매장,1e9acc2f-d07c-4624-8224-0b40897eeb43,이강훈 한의원,한의약품,방이시장,전통시장,서울특별시,2.0,3.0,,,P2_GRADED_ONLY,True,,,,,
398cb949a16e1839f016,test,햄버거,T1 정확표기,q_햄버거_01,햄버거,음식점 중 '햄버거'를 판매·제공하는 매장,fae1a1e4-c300-4603-b6ae-eda78b6a8fdb,더블 식스 버거,햄버거,종로신백제 골목형상점가,골목형상점가,서울특별시,3.0,3.0,,,RESOLVED_AGREEMENT,False,3,,,,
f018ba958c148848503a,test,햄버거,T1 정확표기,q_햄버거_01,햄버거,음식점 중 '햄버거'를 판매·제공하는 매장,5e3fc31c-f7d0-4773-a17a-302450018cd3,부,버거,대연골목시장 골목형상점가,골목형상점가,부산광역시,3.0,3.0,,,RESOLVED_AGREEMENT,False,3,,,,
18e74b54edb9fc61c2d7,test,햄버거,T1 정확표기,q_햄버거_01,햄버거,음식점 중 '햄버거'를 판매·제공하는 매장,eaf863e8-a661-4ba2-9829-39c6424b6e6a,비행접시버거,햄버거,성안길상점가,자율상권구역,충청북도,3.0,3.0,,,RESOLVED_AGREEMENT,False,3,,,,
f39447a27ca48229e73f,test,햄버거,T1 정확표기,q_햄버거_01,햄버거,음식점 중 '햄버거'를 판매·제공하는 매장,a5683b8c-f865-46ba-bba9-462f15eff405,벤티버거,햄버거,전남대후문골목형상점가,골목형상점가,광주광역시,3.0,3.0,,,RESOLVED_AGREEMENT,False,3,,,,
36c286577cb9f5ad29e8,test,햄버거,T1 정확표기,q_햄버거_01,햄버거,음식점 중 '햄버거'를 판매·제공하는 매장,e2e955e5-7b72-4e73-8ee6-452301207527,화경양꼬치,양꼬치,금촌문화로시장,전통시장,경기도,0.0,0.0,,,RESOLVED_AGREEMENT,False,0,,,,
150ca93dff0501f16400,test,햄버거,T1 정확표기,q_햄버거_01,햄버거,음식점 중 '햄버거'를 판매·제공하는 매장,f27eec9b-ee5e-428e-962b-dc2242d512ac,반값족발 송파직영점,한식,가락골 골목형상점가,골목형상점가,서울특별시,0.0,0.0,,,RESOLVED_AGREEMENT,False,0,,,,
f43d0ccd7e6960fb68f2,test,햄버거,T1 정확표기,q_햄버거_01,햄버거,음식점 중 '햄버거'를 판매·제공하는 매장,5b46e308-acfa-4bea-9f06-605fd4811b76,함부르크버거,햄버거,영천 골목형상점가,골목형상점가,광주광역시,3.0,3.0,,,RESOLVED_AGREEMENT,False,3,,,,
1be4a15879af95d611cf,test,햄버거,T1 정확표기,q_햄버거_01,햄버거,음식점 중 '햄버거'를 판매·제공하는 매장,08620365-64fa-45a2-8fbf-ae89e70eac12,제프,햄버거,김녕로 골목형상점가,골목형상점가,제주특별자치도,3.0,3.0,,,RESOLVED_AGREEMENT,False,3,,,,
d211fc558c774c27424c,test,햄버거,T1 정확표기,q_햄버거_01,햄버거,음식점 중 '햄버거'를 판매·제공하는 매장,0f45a390-df2c-4313-9fdc-69b09d81f913,빌리언박스,햄버거,희담길,골목형상점가,광주광역시,3.0,3.0,,,RESOLVED_AGREEMENT,False,3,,,,
f47fa153eec984212e92,test,햄버거,T1 정확표기,q_햄버거_01,햄버거,음식점 중 '햄버거'를 판매·제공하는 매장,0afcfe69-7d1e-4e29-aee1-efe41c86cb8c,버거앤타코,"버거, 타코",소촌골 골목형상점가,골목형상점가,광주광역시,3.0,3.0,,,RESOLVED_AGREEMENT,False,3,,,,
059e225f40c30d58169f,test,햄버거,T1 정확표기,q_햄버거_01,햄버거,음식점 중 '햄버거'를 판매·제공하는 매장,ee51e614-0aef-4b19-a000-acabf68183b1,뉴욕버거,햄버거,양주신산시장마을상점가,골목형상점가,경기도,3.0,3.0,,,RESOLVED_AGREEMENT,False,3,,,,
973fb61840e21365e96c,test,햄버거,T1 정확표기,q_햄버거_01,햄버거,음식점 중 '햄버거'를 판매·제공하는 매장,4fbc560d-031f-4dbb-b908-a43ac4659b14,븨븨티(VVT)버거,햄버거,대구예전우시장,전통시장,대구광역시,3.0,3.0,,,RESOLVED_AGREEMENT,False,3,,,,
0f6895c6ff258b131e85,test,햄버거,T1 정확표기,q_햄버거_01,햄버거,음식점 중 '햄버거'를 판매·제공하는 매장,40cc82ec-4bf3-48bf-8ad0-36af3efb0175,기프트버거,햄버거,중동효성 골목형상점가,골목형상점가,대구광역시,3.0,3.0,,,RESOLVED_AGREEMENT,False,3,,,,
2c3bdf0773c40b772cce,test,햄버거,T1 정확표기,q_햄버거_01,햄버거,음식점 중 '햄버거'를 판매·제공하는 매장,9caf9d3d-84e6-497c-a1a0-2c941640c9a3,어반르토아,햄버거,이도패션거리 골목형상점가,골목형상점가,제주특별자치도,3.0,3.0,,,RESOLVED_AGREEMENT,False,3,,,,
7c7a63829850d813b267,test,햄버거,T1 정확표기,q_햄버거_01,햄버거,음식점 중 '햄버거'를 판매·제공하는 매장,9b9f28a5-a713-4401-bff4-c9b0629c4115,노브랜드버거,햄버거,조대장미의거리 상점가,자율상권구역,광주광역시,3.0,3.0,,,RESOLVED_AGREEMENT,False,3,,,,
d0bb18f2741f028407ca,test,햄버거,T1 정확표기,q_햄버거_01,햄버거,음식점 중 '햄버거'를 판매·제공하는 매장,b5546189-04c0-4015-bbb0-66011373ee7b,레커버거,햄버거,수완장덕 골목형상점가,골목형상점가,광주광역시,3.0,3.0,,,RESOLVED_AGREEMENT,False,3,,,,
554c35bcfbfc8ad9d7b9,test,햄버거,T1 정확표기,q_햄버거_01,햄버거,음식점 중 '햄버거'를 판매·제공하는 매장,f64bebaf-6903-4ad9-83c0-c2dabf575807,양림버거,햄버거,양림천변좌로 골목형상점가,골목형상점가,광주광역시,3.0,3.0,,,RESOLVED_AGREEMENT,False,3,,,,
13e20bd200115cfc2f20,test,햄버거,T1 정확표기,q_햄버거_01,햄버거,음식점 중 '햄버거'를 판매·제공하는 매장,5a7c7d19-e109-4651-893a-bac5bd4f61dd,보어드앤헝그리,햄버거,경의숲길서강 골목형상점가,골목형상점가,서울특별시,3.0,3.0,,,RESOLVED_AGREEMENT,False,3,,,,
bfd3a20f50facbfd8d2b,test,햄버거,T1 정확표기,q_햄버거_01,햄버거,음식점 중 '햄버거'를 판매·제공하는 매장,8e9c5e3b-25a8-4a1b-b28b-f10825b420fb,필버거,피자 햄버거,매드블럭 골목형상점가,골목형상점가,대전광역시,3.0,3.0,,,RESOLVED_AGREEMENT,False,3,,,,
23437d8ec525aa98fb0e,test,햄버거,T1 정확표기,q_햄버거_01,햄버거,음식점 중 '햄버거'를 판매·제공하는 매장,5ced3c35-00aa-49dc-9dc7-517431f22faa,칠공버거,햄버거,당감골목시장,전통시장,부산광역시,3.0,3.0,,,RESOLVED_AGREEMENT,False,3,,,,
d25b25b51cffca1e50a6,test,햄버거,T1 정확표기,q_햄버거_01,햄버거,음식점 중 '햄버거'를 판매·제공하는 매장,03346a87-e628-4c4a-80ed-f1d23dee1aee,시카고치즈버거,햄버거,우치로231번길 골목형상점가,골목형상점가,광주광역시,3.0,3.0,,,RESOLVED_AGREEMENT,False,3,,,,
c983f5a119724b8a0de3,test,햄버거,T1 정확표기,q_햄버거_01,햄버거,음식점 중 '햄버거'를 판매·제공하는 매장,24cf9feb-0f73-42f1-a4ee-ba8776417a81,노은축산,,노은역 골목형상점가,골목형상점가,대전광역시,0.0,0.0,,,RESOLVED_AGREEMENT,False,0,,,,
816a24a70e5d1c9dd396,test,햄버거,T1 정확표기,q_햄버거_01,햄버거,음식점 중 '햄버거'를 판매·제공하는 매장,20cc8073-cd55-4986-962f-23a439360be8,계남버거,햄버거,부평깡시장,전통시장,인천광역시,3.0,3.0,,,RESOLVED_AGREEMENT,False,3,,,,
a123253e2f272b023ec5,test,햄버거,T1 정확표기,q_햄버거_01,햄버거,음식점 중 '햄버거'를 판매·제공하는 매장,048a4d84-09bc-43dc-9a72-588b7b823b1a,뉴욕버거춘천명동점,햄버거,춘천명동상점가,자율상권구역,강원특별자치도,3.0,3.0,,,RESOLVED_AGREEMENT,False,3,,,,
96b5b6fdee7ce815bb94,test,햄버거,T1 정확표기,q_햄버거_01,햄버거,음식점 중 '햄버거'를 판매·제공하는 매장,fe256aff-5cdd-46e1-bf0e-4c8e9111e5e0,지티에스버거,햄버거,송도 타임스페이스 골목형상점가,골목형상점가,인천광역시,3.0,3.0,,,RESOLVED_AGREEMENT,False,3,,,,
0e287848cb1e0f4d445d,test,햄버거,T1 정확표기,q_햄버거_01,햄버거,음식점 중 '햄버거'를 판매·제공하는 매장,45109a5c-6265-441f-8ea4-3a164574734b,버거리 광주 동명점,버거,동명동 카페거리 골목형상점가,골목형상점가,광주광역시,3.0,3.0,,,RESOLVED_AGREEMENT,False,3,,,,
1848956f4dd8c1f5f791,test,햄버거,T1 정확표기,q_햄버거_01,햄버거,음식점 중 '햄버거'를 판매·제공하는 매장,ad41ba3c-5aed-4a28-961d-32cd6baf9590,더피플버거,햄버거,연신내골목형상점가,골목형상점가,서울특별시,3.0,3.0,,,RESOLVED_AGREEMENT,False,3,,,,
47a67c2e5e40d7538d0d,test,햄버거,T1 정확표기,q_햄버거_01,햄버거,음식점 중 '햄버거'를 판매·제공하는 매장,6d5358cb-3a6a-41be-a0f0-6ae5578f4005,버거리버거,햄버거,신용동 골목형상점가,골목형상점가,광주광역시,3.0,3.0,,,RESOLVED_AGREEMENT,False,3,,,,
64c4d4f6c14db0b9b374,test,햄버거,T1 정확표기,q_햄버거_01,햄버거,음식점 중 '햄버거'를 판매·제공하는 매장,3937d9a6-423d-4ebf-aa55-48f87fe690d4,달라스김밥햄버거,"김밥, 햄버거",삼척중앙시장,전통시장,강원특별자치도,3.0,3.0,,,RESOLVED_AGREEMENT,False,3,,,,
a0323294675ef3bcad29,test,햄버거,T1 정확표기,q_햄버거_01,햄버거,음식점 중 '햄버거'를 판매·제공하는 매장,044dcae4-08b1-46c8-acd9-f5686630cf4e,블리스버거(까치울역점),햄버거,까치울역카페거리 골목형상점가,골목형상점가,경기도,3.0,3.0,,,RESOLVED_AGREEMENT,False,3,,,,
3b4fb838dbfa979f57c7,test,햄버거,T1 정확표기,q_햄버거_01,햄버거,음식점 중 '햄버거'를 판매·제공하는 매장,86f28296-014b-49d4-8769-b40481883b2b,오지버거,햄버거,지웰시티자이상가 골목형상점가,골목형상점가,울산광역시,3.0,3.0,,,RESOLVED_AGREEMENT,False,3,,,,
8d2820820d8b3f3deb0d,test,햄버거,T1 정확표기,q_햄버거_01,햄버거,음식점 중 '햄버거'를 판매·제공하는 매장,fb38c321-f0d8-4681-817f-a8e7b570e7af,버거피스,햄버거,신응암시장,전통시장,서울특별시,3.0,3.0,,,RESOLVED_AGREEMENT,False,3,,,,
8267274f9525ff70f164,test,햄버거,T1 정확표기,q_햄버거_01,햄버거,음식점 중 '햄버거'를 판매·제공하는 매장,a3c4ddae-27dd-45c7-9e41-f1424b9b4952,노브랜드버거,햄버거,문흥동 골목형상점가,골목형상점가,광주광역시,3.0,3.0,,,RESOLVED_AGREEMENT,False,3,,,,
a613d96f7dcc7ef02813,test,햄버거,T1 정확표기,q_햄버거_01,햄버거,음식점 중 '햄버거'를 판매·제공하는 매장,ce664ee3-c2c4-4e4b-8b59-6a4b36b54294,달라스햄버거,햄버거,단양팔경 골목형상점가,골목형상점가,충청북도,3.0,3.0,,,RESOLVED_AGREEMENT,False,3,,,,
a1bacb2f6ffbb49fd8ce,test,햄버거,T1 정확표기,q_햄버거_01,햄버거,음식점 중 '햄버거'를 판매·제공하는 매장,7799fde2-c2ef-41cc-8be0-ee33bc407f9a,마풍1호점,햄버거,중앙신시장,전통시장,경상북도,3.0,3.0,,,RESOLVED_AGREEMENT,False,3,,,,
c3c4e96d9849cfd41900,test,햄버거,T1 정확표기,q_햄버거_01,햄버거,음식점 중 '햄버거'를 판매·제공하는 매장,685e2124-e381-409f-85f0-58fb4f00c423,덤버거,햄버거,광명새마을시장,전통시장,경기도,3.0,3.0,,,RESOLVED_AGREEMENT,False,3,,,,
0a58049560b4049a7261,test,햄버거,T1 정확표기,q_햄버거_01,햄버거,음식점 중 '햄버거'를 판매·제공하는 매장,becf76a5-a380-4dc9-b259-435025fd64c1,꽃이피다헤어,미용업,대소시장,전통시장,충청북도,0.0,0.0,,,RESOLVED_AGREEMENT,False,0,,,,
c82577db21b4007da382,test,햄버거,T1 정확표기,q_햄버거_01,햄버거,음식점 중 '햄버거'를 판매·제공하는 매장,ac990665-e235-41c5-88e5-966566ab6e42,버거위드,햄버거,포레나 골목형상점가,골목형상점가,전북특별자치도,3.0,3.0,,,RESOLVED_AGREEMENT,False,3,,,,
407872fd7f8285db388b,test,햄버거,T1 정확표기,q_햄버거_01,햄버거,음식점 중 '햄버거'를 판매·제공하는 매장,0647c6fc-99f8-43c3-ba31-039067ac08d5,스테이플버거,햄버거,오류버들시장골목형상점가,골목형상점가,서울특별시,3.0,3.0,,,RESOLVED_AGREEMENT,False,3,,,,
2d28f009136b1fd06a87,test,햄버거,T1 정확표기,q_햄버거_01,햄버거,음식점 중 '햄버거'를 판매·제공하는 매장,8f8bd57a-66d0-4d80-aac2-b034d607a2d2,맘스터지,햄버거,포항 지곡에드빌 골목형상점가,골목형상점가,경상북도,3.0,3.0,,,RESOLVED_AGREEMENT,False,3,,,,
4607e24a5b29778669ba,test,햄버거,T1 정확표기,q_햄버거_01,햄버거,음식점 중 '햄버거'를 판매·제공하는 매장,a91e34b4-bd04-4a2b-b4b6-7c72db1288f5,송두학햄버거,햄버거,평택국제중앙시장,전통시장,경기도,3.0,3.0,,,RESOLVED_AGREEMENT,False,3,,,,
dbd5ae69355ebfa36426,test,햄버거,T1 정확표기,q_햄버거_01,햄버거,음식점 중 '햄버거'를 판매·제공하는 매장,ccb34d92-b7aa-42f6-a44b-b0444fb4121c,(유)웅이네,한식,가락몰골목형상점가,골목형상점가,서울특별시,0.0,0.0,,,RESOLVED_AGREEMENT,False,0,,,,
2119b8c11360a94f04f5,test,햄버거,T1 정확표기,q_햄버거_01,햄버거,음식점 중 '햄버거'를 판매·제공하는 매장,4042d8b1-49cc-4651-84a8-083c1a73b69c,버거리버거,햄버거,단국대 앞 골목형상점가,골목형상점가,경기도,3.0,3.0,,,RESOLVED_AGREEMENT,False,3,,,,
bc066dc8c1ae24e16e41,test,햄버거,T1 정확표기,q_햄버거_01,햄버거,음식점 중 '햄버거'를 판매·제공하는 매장,1d9daf36-0dd8-4950-ab03-c1b37c709998,(주) 기정,햄버거,금왕중심골목형상점가,골목형상점가,충청북도,3.0,3.0,,,RESOLVED_AGREEMENT,False,3,,,,
fcf490d13de33e05339a,test,햄버거,T1 정확표기,q_햄버거_01,햄버거,음식점 중 '햄버거'를 판매·제공하는 매장,1599d392-aa8e-4d0d-a6b2-0d8df0dc04b3,버거고,햄버거,공릉동도깨비시장,전통시장,서울특별시,3.0,3.0,,,RESOLVED_AGREEMENT,False,3,,,,
3fa5c7e4aaa0a0706eed,test,햄버거,T1 정확표기,q_햄버거_01,햄버거,음식점 중 '햄버거'를 판매·제공하는 매장,d2c332a9-858f-4547-bfa8-86e1eb67e943,볼빅영주점,의류,영주문화시장,전통시장,경상북도,0.0,0.0,,,RESOLVED_AGREEMENT,False,0,,,,
4b905c67329f392b5a0f,test,햄버거,T1 정확표기,q_햄버거_01,햄버거,음식점 중 '햄버거'를 판매·제공하는 매장,40520830-dd25-4540-8ef0-b4c12d990c0f,맘스터치 매탄2호점,"버거, 치킨",매탄중심상가 골목형상점가,골목형상점가,경기도,3.0,3.0,,,RESOLVED_AGREEMENT,False,3,,,,
d8a8af09a3e8b63c19aa,test,햄버거,T1 정확표기,q_햄버거_01,햄버거,음식점 중 '햄버거'를 판매·제공하는 매장,f9970446-d87f-4013-9030-1a10e54c5144,엘로우번,햄버거,청계면 목대후문 골목형상점가,골목형상점가,전라남도,3.0,3.0,,,RESOLVED_AGREEMENT,False,3,,,,
e57888c8325e94a87998,test,햄버거,T1 정확표기,q_햄버거_01,햄버거,음식점 중 '햄버거'를 판매·제공하는 매장,37e47567-ca6f-414a-b43d-bc555c966af8,코지버거,햄버거,전북대대학로상점가,자율상권구역,전북특별자치도,3.0,3.0,,,RESOLVED_AGREEMENT,False,3,,,,
4c90e0048b1f86ede1fc,test,햄버거,T1 정확표기,q_햄버거_01,햄버거,음식점 중 '햄버거'를 판매·제공하는 매장,ca0e35cd-fca2-4ac3-a635-9fc2ae6fe363,론스타텍스멕스,햄버거,행복로골목형상점가,골목형상점가,경기도,3.0,3.0,,,RESOLVED_AGREEMENT,False,3,,,,
4333f44df6cc32b16dfc,test,햄버거,T1 정확표기,q_햄버거_01,햄버거,음식점 중 '햄버거'를 판매·제공하는 매장,a62e7f41-9051-4cd3-b232-c0331f971973,버거브라더,햄버거,방학단길골목형상점가,골목형상점가,서울특별시,3.0,3.0,,,RESOLVED_AGREEMENT,False,3,,,,
c931e2b87ee53429637a,test,햄버거,T1 정확표기,q_햄버거_01,햄버거,음식점 중 '햄버거'를 판매·제공하는 매장,e6b80137-8a47-41da-9012-3caa77a8dde6,담양버거,햄버거,담양중앙 골목형상점가,골목형상점가,전라남도,3.0,3.0,,,RESOLVED_AGREEMENT,False,3,,,,
f565ae0813cae649e630,test,햄버거,T1 정확표기,q_햄버거_01,햄버거,음식점 중 '햄버거'를 판매·제공하는 매장,1f76fd54-fb9d-432c-ba2a-3e78e1043730,텐버거 산본점,햄버거,산본로데오거리(구 산본중심상가),자율상권구역,경기도,3.0,3.0,,,RESOLVED_AGREEMENT,False,3,,,,
8d4f5dcaf711af387949,test,햄버거,T1 정확표기,q_햄버거_01,햄버거,음식점 중 '햄버거'를 판매·제공하는 매장,04dcc11e-b36e-4dd3-9900-84253c34983b,맘스터치순천대점,"치킨, 버거",순천대1번상가,자율상권구역,전라남도,3.0,3.0,,,RESOLVED_AGREEMENT,False,3,,,,
aef294f872cb57a6f9d0,test,햄버거,T1 정확표기,q_햄버거_01,햄버거,음식점 중 '햄버거'를 판매·제공하는 매장,6be411ee-b171-4e25-82bb-f086d734e27d,버거스낵,햄버거,경리단길 골목형상점가,골목형상점가,서울특별시,3.0,3.0,,,RESOLVED_AGREEMENT,False,3,,,,
c8255d02e1a67bfc9c20,test,햄버거,T1 정확표기,q_햄버거_01,햄버거,음식점 중 '햄버거'를 판매·제공하는 매장,1daff59c-ba5b-47cc-9d5c-0d9a64363e2b,뚱땡이 버거,햄버거,춘천지하상가,일반지하상점가,강원특별자치도,3.0,3.0,,,RESOLVED_AGREEMENT,False,3,,,,
ba9b7dfe0d1ca9a20172,test,햄버거,T1 정확표기,q_햄버거_01,햄버거,음식점 중 '햄버거'를 판매·제공하는 매장,bbb3d889-ecf8-4529-be1f-705ad31052c6,포런버거,햄버거,천천중심상가 골목형상점가,골목형상점가,경기도,3.0,3.0,,,RESOLVED_AGREEMENT,False,3,,,,
0e90cdda6f6c5b1cb9a0,test,햄버거,T1 정확표기,q_햄버거_01,햄버거,음식점 중 '햄버거'를 판매·제공하는 매장,248f8f64-09ea-4803-ad24-6efc551e5ea2,번크러쉬,햄버거,산본로데오거리(구 산본중심상가),자율상권구역,경기도,3.0,3.0,,,RESOLVED_AGREEMENT,False,3,,,,
57abd36218f0389f0d01,test,햄버거,T1 정확표기,q_햄버거_01,햄버거,음식점 중 '햄버거'를 판매·제공하는 매장,7757246d-6f45-4189-b63b-75cac4e32dcc,팡드버거,햄버거,화정현대 골목형상점가,골목형상점가,경기도,3.0,3.0,,,RESOLVED_AGREEMENT,False,3,,,,
890d2dc1a59baa4d491e,test,햄버거,T1 정확표기,q_햄버거_01,햄버거,음식점 중 '햄버거'를 판매·제공하는 매장,01db9dba-f986-4f41-ab61-46cd15e43b93,맘스터치명동직영점,"햄버거, 치킨",춘천지하상가,일반지하상점가,강원특별자치도,3.0,3.0,,,RESOLVED_AGREEMENT,False,3,,,,
db578072014f0bcd3606,test,햄버거,T1 정확표기,q_햄버거_01,햄버거,음식점 중 '햄버거'를 판매·제공하는 매장,f3e3f13e-4631-4021-b4f5-324200e08fc5,자코비스 버거,햄버거,해방촌 골목형상점가,골목형상점가,서울특별시,3.0,3.0,,,RESOLVED_AGREEMENT,False,3,,,,
ad7683a9eb15dc268c50,test,햄버거,T1 정확표기,q_햄버거_01,햄버거,음식점 중 '햄버거'를 판매·제공하는 매장,8df8a2cd-343e-4c64-9eef-769c4a1c68f4,히터스버거,햄버거,궁동 골목형상점가,골목형상점가,대전광역시,3.0,3.0,,,RESOLVED_AGREEMENT,False,3,,,,
acfbd988f863e531f736,test,햄버거,T1 정확표기,q_햄버거_01,햄버거,음식점 중 '햄버거'를 판매·제공하는 매장,36154374-c1c9-4085-8248-bd90d4037804,멜티드버거,햄버거,청주중앙시장,전통시장,충청북도,3.0,3.0,,,RESOLVED_AGREEMENT,False,3,,,,
ee566bbbd5c000e70f82,test,햄버거,T1 정확표기,q_햄버거_01,햄버거,음식점 중 '햄버거'를 판매·제공하는 매장,1d0fb168-91d1-470c-820c-a6c6d61685ff,곱 마포,곱창,도화동상점가,자율상권구역,서울특별시,0.0,0.0,,,RESOLVED_AGREEMENT,False,0,,,,
eb0e782c528db8da1c31,test,햄버거,T1 정확표기,q_햄버거_01,햄버거,음식점 중 '햄버거'를 판매·제공하는 매장,bbe4fd03-6ae0-4cd8-8673-a8dc2cbeebab,제일떡집,떡류,명일전통시장,전통시장,서울특별시,0.0,0.0,,,RESOLVED_AGREEMENT,False,0,,,,
387b44c2da64d6d4c64e,test,햄버거,T1 정확표기,q_햄버거_01,햄버거,음식점 중 '햄버거'를 판매·제공하는 매장,4ea88b2f-3ca6-405f-a15a-bd7c23dba153,햄버거분식,,학사골목 골목형상점가,골목형상점가,경상북도,3.0,3.0,,,RESOLVED_AGREEMENT,False,3,,,,
cece6d2d358c02fb301a,test,햄버거,T1 정확표기,q_햄버거_01,햄버거,음식점 중 '햄버거'를 판매·제공하는 매장,5de7030f-29f5-41d9-b2a0-21b55ee17893,주식회사 미산,햄버거,용봉지구 골목형상점가,골목형상점가,광주광역시,3.0,3.0,,,RESOLVED_AGREEMENT,False,3,,,,
09b8933ec5edd2f8a8cd,test,햄버거,T1 정확표기,q_햄버거_01,햄버거,음식점 중 '햄버거'를 판매·제공하는 매장,0a23e955-7759-418e-a656-67fa96069c7b,버거한상,햄버거,첨단2동 골목형상점가,골목형상점가,광주광역시,3.0,3.0,,,RESOLVED_AGREEMENT,False,3,,,,
d1039b1fb10ae581e33b,test,햄버거,T1 정확표기,q_햄버거_01,햄버거,음식점 중 '햄버거'를 판매·제공하는 매장,19b4a38d-1a29-4ee6-ac12-b0f07b9ec9b6,송두학햄버거,,평택국제중앙시장,전통시장,경기도,3.0,3.0,,,RESOLVED_AGREEMENT,False,3,,,,
00366ac3c088500ad1d4,test,햄버거,T1 정확표기,q_햄버거_01,햄버거,음식점 중 '햄버거'를 판매·제공하는 매장,04bee9c1-3587-4963-a643-c8556c19059f,맘스터치 계룡엄사점,햄버거,엄사 골목형상점가,골목형상점가,충청남도,3.0,3.0,,,RESOLVED_AGREEMENT,False,3,,,,
8918fba133f96dbf4500,test,햄버거,T2 동의어,q_햄버거_02,버거집,음식점 중 '햄버거'를 판매·제공하는 매장,b96bcb53-cbda-42ae-b13e-ff1384fd5095,달콤한 커피공장,커피차,일곡동 골목형상점가,골목형상점가,광주광역시,0.0,0.0,,,RESOLVED_AGREEMENT,False,0,,,,
027ff781c345493594a6,test,햄버거,T2 동의어,q_햄버거_02,버거집,음식점 중 '햄버거'를 판매·제공하는 매장,8d1c7433-b06a-48aa-92a6-b94f34a74bfc,찰리스버거,버거,구성언남 골목형상점가,골목형상점가,경기도,3.0,3.0,,,RESOLVED_AGREEMENT,False,3,,,,
00924b12311f9ca547d8,test,햄버거,T2 동의어,q_햄버거_02,버거집,음식점 중 '햄버거'를 판매·제공하는 매장,7152a25a-0627-485c-9fa9-c5ad3dc6408a,버거애 천안점,양식,백석한들1번가 골목형상점가,골목형상점가,충청남도,2.0,3.0,,,P2_GRADED_ONLY,True,,,,,
6c6a862d818b2cbf7e2d,test,햄버거,T2 동의어,q_햄버거_02,버거집,음식점 중 '햄버거'를 판매·제공하는 매장,90cff932-f1d6-4587-9c07-67a39ecde419,누구나 홀딱 반한 닭 아산탕정점,치킨,탕정역 지웰시티몰 3단지 골목형상점가,골목형상점가,충청남도,1.0,1.0,,,RESOLVED_AGREEMENT,False,1,,,,
2f7deb16324b502d1fe2,test,햄버거,T2 동의어,q_햄버거_02,버거집,음식점 중 '햄버거'를 판매·제공하는 매장,7b7eddc5-f6ff-49ea-a9eb-324312f8ad4c,맘스터치,버거,귀인동먹거리촌 골목형상점가,골목형상점가,경기도,3.0,3.0,,,RESOLVED_AGREEMENT,False,3,,,,
295648ab868ace87ba36,test,햄버거,T2 동의어,q_햄버거_02,버거집,음식점 중 '햄버거'를 판매·제공하는 매장,bcafe3c0-fa5c-4379-b281-89bb372bf83e,궁중명가떡집,떡,신영시장,전통시장,서울특별시,0.0,0.0,,,RESOLVED_AGREEMENT,False,0,,,,
2023f50a1d1767ad1ff8,test,햄버거,T2 동의어,q_햄버거_02,버거집,음식점 중 '햄버거'를 판매·제공하는 매장,fae1a1e4-c300-4603-b6ae-eda78b6a8fdb,더블 식스 버거,햄버거,종로신백제 골목형상점가,골목형상점가,서울특별시,3.0,3.0,,,RESOLVED_AGREEMENT,False,3,,,,
07e582132e84615209b4,test,햄버거,T2 동의어,q_햄버거_02,버거집,음식점 중 '햄버거'를 판매·제공하는 매장,5e3fc31c-f7d0-4773-a17a-302450018cd3,부,버거,대연골목시장 골목형상점가,골목형상점가,부산광역시,3.0,3.0,,,RESOLVED_AGREEMENT,False,3,,,,
63b2fcc74b9121e2981d,test,햄버거,T2 동의어,q_햄버거_02,버거집,음식점 중 '햄버거'를 판매·제공하는 매장,98346200-8286-4a60-b2fa-07b7db702e94,버거킹,,쌍용먹자패션거리 골목형상점가,골목형상점가,충청남도,3.0,3.0,,,RESOLVED_AGREEMENT,False,3,,,,
ea387ce256c68dfa7fc6,test,햄버거,T2 동의어,q_햄버거_02,버거집,음식점 중 '햄버거'를 판매·제공하는 매장,40520830-dd25-4540-8ef0-b4c12d990c0f,맘스터치 매탄2호점,"버거, 치킨",매탄중심상가 골목형상점가,골목형상점가,경기도,3.0,3.0,,,RESOLVED_AGREEMENT,False,3,,,,
999f344e5429e58ee6c0,test,햄버거,T2 동의어,q_햄버거_02,버거집,음식점 중 '햄버거'를 판매·제공하는 매장,5d1b3aa4-6c76-4f3d-bc55-98da1d10c42c,버거킹,음식,서문대로701번길 골목형상점가,골목형상점가,광주광역시,2.0,3.0,,,P2_GRADED_ONLY,True,,,,,
cd68971a654f32a62a63,test,햄버거,T2 동의어,q_햄버거_02,버거집,음식점 중 '햄버거'를 판매·제공하는 매장,4a58add8-9707-4326-8df6-a04cad96c954,우리집,음식,두암2동광신맨션주변 골목형상점가,골목형상점가,광주광역시,0.0,0.0,,,RESOLVED_AGREEMENT,False,0,,,,
3815ab067a346cc298be,test,햄버거,T2 동의어,q_햄버거_02,버거집,음식점 중 '햄버거'를 판매·제공하는 매장,b39b35e5-781d-4041-a5e5-ae2c2f57486a,버거밴,수제버거,고성동골목형상점가,골목형상점가,대구광역시,3.0,3.0,,,RESOLVED_AGREEMENT,False,3,,,,
497706d7bae5bc1cd440,test,햄버거,T2 동의어,q_햄버거_02,버거집,음식점 중 '햄버거'를 판매·제공하는 매장,ee5da9e2-030a-4384-a80c-7a5dcd23dee7,버거킹 하당점,햄버거,상동 패션거리 골목형상점가,골목형상점가,전라남도,3.0,3.0,,,RESOLVED_AGREEMENT,False,3,,,,
84b7324790f208ed6d32,test,햄버거,T2 동의어,q_햄버거_02,버거집,음식점 중 '햄버거'를 판매·제공하는 매장,0a23e955-7759-418e-a656-67fa96069c7b,버거한상,햄버거,첨단2동 골목형상점가,골목형상점가,광주광역시,3.0,3.0,,,RESOLVED_AGREEMENT,False,3,,,,
8c3b6f05f75d78279494,test,햄버거,T2 동의어,q_햄버거_02,버거집,음식점 중 '햄버거'를 판매·제공하는 매장,2f6929d0-5589-4b7e-9d95-488238035d46,버거앤타코,햄버거,공주대학로 골목형 상점가,골목형상점가,충청남도,3.0,3.0,,,RESOLVED_AGREEMENT,False,3,,,,
ae5a32cd39de443419b3,test,햄버거,T2 동의어,q_햄버거_02,버거집,음식점 중 '햄버거'를 판매·제공하는 매장,ac990665-e235-41c5-88e5-966566ab6e42,버거위드,햄버거,포레나 골목형상점가,골목형상점가,전북특별자치도,3.0,3.0,,,RESOLVED_AGREEMENT,False,3,,,,
96b8372871b5911e3dbb,test,햄버거,T2 동의어,q_햄버거_02,버거집,음식점 중 '햄버거'를 판매·제공하는 매장,07454c67-5088-4758-8e10-dde6b6f8f9b4,코즈믹 버거 송도점,햄버거,송도트리플타워골목형상점가,골목형상점가,인천광역시,3.0,3.0,,,RESOLVED_AGREEMENT,False,3,,,,
8dca0467389e0141547b,test,햄버거,T2 동의어,q_햄버거_02,버거집,음식점 중 '햄버거'를 판매·제공하는 매장,2516c216-2308-44f8-be5d-5a3de423cd9a,버거리하당점,행버거,포르모큐브 골목형상점가,골목형상점가,전라남도,3.0,3.0,,,RESOLVED_AGREEMENT,False,3,,,,
68d3f67bdca02105a4ff,test,햄버거,T2 동의어,q_햄버거_02,버거집,음식점 중 '햄버거'를 판매·제공하는 매장,4042d8b1-49cc-4651-84a8-083c1a73b69c,버거리버거,햄버거,단국대 앞 골목형상점가,골목형상점가,경기도,3.0,3.0,,,RESOLVED_AGREEMENT,False,3,,,,
ca8d792ba5d9985d3939,test,햄버거,T2 동의어,q_햄버거_02,버거집,음식점 중 '햄버거'를 판매·제공하는 매장,5ec77ca7-6ef4-494e-9fb1-6af438a1641e,뉴욕버거 신원점,버거,권율 골목형상점가,골목형상점가,경기도,3.0,3.0,,,RESOLVED_AGREEMENT,False,3,,,,
a2ae4d682ebf268c3ee2,test,햄버거,T2 동의어,q_햄버거_02,버거집,음식점 중 '햄버거'를 판매·제공하는 매장,01db9dba-f986-4f41-ab61-46cd15e43b93,맘스터치명동직영점,"햄버거, 치킨",춘천지하상가,일반지하상점가,강원특별자치도,3.0,3.0,,,RESOLVED_AGREEMENT,False,3,,,,
28a5bafe4e659b89f88e,test,햄버거,T2 동의어,q_햄버거_02,버거집,음식점 중 '햄버거'를 판매·제공하는 매장,c3933dda-ba29-4bc9-adda-0ba508f8b1d7,삼봉버거,버거,숭실마루길골목형상점가,골목형상점가,서울특별시,3.0,3.0,,,RESOLVED_AGREEMENT,False,3,,,,
fc464e9b9fd30282eb8a,test,햄버거,T2 동의어,q_햄버거_02,버거집,음식점 중 '햄버거'를 판매·제공하는 매장,6d5358cb-3a6a-41be-a0f0-6ae5578f4005,버거리버거,햄버거,신용동 골목형상점가,골목형상점가,광주광역시,3.0,3.0,,,RESOLVED_AGREEMENT,False,3,,,,
75b91a3e3d850cd3e3c9,test,햄버거,T2 동의어,q_햄버거_02,버거집,음식점 중 '햄버거'를 판매·제공하는 매장,04bee9c1-3587-4963-a643-c8556c19059f,맘스터치 계룡엄사점,햄버거,엄사 골목형상점가,골목형상점가,충청남도,3.0,3.0,,,RESOLVED_AGREEMENT,False,3,,,,
8d8d3bda593be6e23fa4,test,햄버거,T2 동의어,q_햄버거_02,버거집,음식점 중 '햄버거'를 판매·제공하는 매장,50b0c052-fabd-4d0a-80bc-a2aea2742385,썬팅프라자,자동차썬팅,북구빛나는 골목형상점가,골목형상점가,광주광역시,0.0,0.0,,,RESOLVED_AGREEMENT,False,0,,,,
bc4c5667c190cfcf72db,test,햄버거,T2 동의어,q_햄버거_02,버거집,음식점 중 '햄버거'를 판매·제공하는 매장,6d459fbd-3fc3-4328-8f00-9efebff76447,남도술상 보라매역점,한식,보라매다올길골목형상점가,골목형상점가,서울특별시,0.0,0.0,,,RESOLVED_AGREEMENT,False,0,,,,
c54e3235f892a454a833,test,햄버거,T2 동의어,q_햄버거_02,버거집,음식점 중 '햄버거'를 판매·제공하는 매장,c3c3daa8-ba6c-463d-bc53-1962c3560bc0,버거베어 담양점,햄버거,담양중앙3번가 골목형상점가,골목형상점가,전라남도,3.0,3.0,,,RESOLVED_AGREEMENT,False,3,,,,
a30bcf7bbbadd5272b01,test,햄버거,T2 동의어,q_햄버거_02,버거집,음식점 중 '햄버거'를 판매·제공하는 매장,45109a5c-6265-441f-8ea4-3a164574734b,버거리 광주 동명점,버거,동명동 카페거리 골목형상점가,골목형상점가,광주광역시,3.0,3.0,,,RESOLVED_AGREEMENT,False,3,,,,
abf2cb3943d570ad8309,test,햄버거,T2 동의어,q_햄버거_02,버거집,음식점 중 '햄버거'를 판매·제공하는 매장,52e2033c-4b45-4a6b-aa3d-c1082c180e58,버거운버거 자운대점,햄버거,자운대 골목형상점가,골목형상점가,대전광역시,3.0,3.0,,,RESOLVED_AGREEMENT,False,3,,,,
b3c9e350a9fd5caef7c6,test,햄버거,T2 동의어,q_햄버거_02,버거집,음식점 중 '햄버거'를 판매·제공하는 매장,0e04abf4-4e13-40fb-96e2-ca38ae9c4b1c,로우로우 버거샵,햄버거,해방촌 골목형상점가,골목형상점가,서울특별시,3.0,3.0,,,RESOLVED_AGREEMENT,False,3,,,,
f633ffe443c54979afec,test,햄버거,T2 동의어,q_햄버거_02,버거집,음식점 중 '햄버거'를 판매·제공하는 매장,04dcc11e-b36e-4dd3-9900-84253c34983b,맘스터치순천대점,"치킨, 버거",순천대1번상가,자율상권구역,전라남도,3.0,3.0,,,RESOLVED_AGREEMENT,False,3,,,,
059fc015ceadf386b12a,test,햄버거,T2 동의어,q_햄버거_02,버거집,음식점 중 '햄버거'를 판매·제공하는 매장,728cea87-80f8-4bb6-b0fd-c94fa2e8069a,버거리,한식,건리단길 골목형상점가,골목형상점가,서울특별시,2.0,3.0,,,P2_GRADED_ONLY,True,,,,,
03b9a5ddea521b0ab684,test,햄버거,T2 동의어,q_햄버거_02,버거집,음식점 중 '햄버거'를 판매·제공하는 매장,4b8d360b-2a99-46a9-8fa2-cefd7c23aa34,세연이네꽃방,꽃집,상암동상점가,자율상권구역,서울특별시,0.0,0.0,,,RESOLVED_AGREEMENT,False,0,,,,
fbc2964a05e1c6a9e82e,test,햄버거,T2 동의어,q_햄버거_02,버거집,음식점 중 '햄버거'를 판매·제공하는 매장,ada30590-1d33-4908-a74e-c9ba55606d73,버거리 나주혁신점,버거,빛가람 하나로 골목형상점가,골목형상점가,전라남도,3.0,3.0,,,RESOLVED_AGREEMENT,False,3,,,,
5e69a6646de97fd2a923,test,햄버거,T2 동의어,q_햄버거_02,버거집,음식점 중 '햄버거'를 판매·제공하는 매장,a28b5354-78a1-4538-a265-6826b1e41d4a,버거앤타코 대전관평점,버거 타코,테크노밸리 골목형상점가,골목형상점가,대전광역시,3.0,3.0,,,RESOLVED_AGREEMENT,False,3,,,,
809faeb09518f2b83360,test,햄버거,T2 동의어,q_햄버거_02,버거집,음식점 중 '햄버거'를 판매·제공하는 매장,1599d392-aa8e-4d0d-a6b2-0d8df0dc04b3,버거고,햄버거,공릉동도깨비시장,전통시장,서울특별시,3.0,3.0,,,RESOLVED_AGREEMENT,False,3,,,,
2027085958ce61ebf5e5,test,햄버거,T2 동의어,q_햄버거_02,버거집,음식점 중 '햄버거'를 판매·제공하는 매장,e2eb784d-68b3-44b1-9d8b-8d18d158a8cb,버거앤그릴,양식,지중해마을 골목형상점가,골목형상점가,충청남도,2.0,3.0,,,P2_GRADED_ONLY,True,,,,,
85c8738b47ec9f9be908,test,햄버거,T2 동의어,q_햄버거_02,버거집,음식점 중 '햄버거'를 판매·제공하는 매장,b628ead2-caff-45eb-a233-8a610f8d095f,오지(OG)버거,버거,남해 명품화전길 골목형상점가,골목형상점가,경상남도,3.0,3.0,,,RESOLVED_AGREEMENT,False,3,,,,
570c4b6af9758f41afd9,test,햄버거,T2 동의어,q_햄버거_02,버거집,음식점 중 '햄버거'를 판매·제공하는 매장,c857ca19-8554-4746-892a-fc2e90dd33d2,버거운버거불당롯데시네마점,버거,불당1번가골목형상점가,골목형상점가,충청남도,3.0,3.0,,,RESOLVED_AGREEMENT,False,3,,,,
32eb88dc045d45f6862d,test,햄버거,T2 동의어,q_햄버거_02,버거집,음식점 중 '햄버거'를 판매·제공하는 매장,4eb53f5f-cebb-4fde-bb34-85ede3674519,버거 앤 타코,분식,화정로상인회 골목형상점가,골목형상점가,광주광역시,2.0,3.0,,,P2_GRADED_ONLY,True,,,,,
51fe59036d211afcaa99,test,햄버거,T2 동의어,q_햄버거_02,버거집,음식점 중 '햄버거'를 판매·제공하는 매장,03346a87-e628-4c4a-80ed-f1d23dee1aee,시카고치즈버거,햄버거,우치로231번길 골목형상점가,골목형상점가,광주광역시,3.0,3.0,,,RESOLVED_AGREEMENT,False,3,,,,
f35d91793d7ee5add1c1,test,햄버거,T2 동의어,q_햄버거_02,버거집,음식점 중 '햄버거'를 판매·제공하는 매장,6245931c-b519-4871-b96a-b43db6d6cf0a,버거킹 탕정역점,햄버거,한들물빛도시 골목형 상점가,골목형상점가,충청남도,3.0,3.0,,,RESOLVED_AGREEMENT,False,3,,,,
1f4276562023b61012c2,test,햄버거,T2 동의어,q_햄버거_02,버거집,음식점 중 '햄버거'를 판매·제공하는 매장,fb38c321-f0d8-4681-817f-a8e7b570e7af,버거피스,햄버거,신응암시장,전통시장,서울특별시,3.0,3.0,,,RESOLVED_AGREEMENT,False,3,,,,
8505d26a632af604efec,test,햄버거,T2 동의어,q_햄버거_02,버거집,음식점 중 '햄버거'를 판매·제공하는 매장,5078d297-5469-468f-af5b-61a6ce554ecb,그래비패티 버거,햄버거,반석동 골목형상점가,골목형상점가,대전광역시,3.0,3.0,,,RESOLVED_AGREEMENT,False,3,,,,
76d88e5833e7e8088fea,test,햄버거,T2 동의어,q_햄버거_02,버거집,음식점 중 '햄버거'를 판매·제공하는 매장,048a4d84-09bc-43dc-9a72-588b7b823b1a,뉴욕버거춘천명동점,햄버거,춘천명동상점가,자율상권구역,강원특별자치도,3.0,3.0,,,RESOLVED_AGREEMENT,False,3,,,,
c961e661d6fab98cf432,test,햄버거,T2 동의어,q_햄버거_02,버거집,음식점 중 '햄버거'를 판매·제공하는 매장,8b9803f4-c3a7-4afc-9930-0170c98eba08,버거 몬스터,버거,현풍백년도깨비시장,전통시장,대구광역시,3.0,3.0,,,RESOLVED_AGREEMENT,False,3,,,,
14c1b45aa71d7cfb65ec,test,햄버거,T2 동의어,q_햄버거_02,버거집,음식점 중 '햄버거'를 판매·제공하는 매장,e6be6eb7-ac66-4b1b-8e8d-f09d439240e0,버거킹수완점,,운수대통 골목형상점가,골목형상점가,,3.0,3.0,,,RESOLVED_AGREEMENT,False,3,,,,
3afc909c91aede6c2423,test,햄버거,T2 동의어,q_햄버거_02,버거집,음식점 중 '햄버거'를 판매·제공하는 매장,79bdd4f8-6c55-4084-973c-1b2e7ad83ed2,버거리 나성점,햄버거,다정한 골목형상점가,골목형상점가,세종특별자치시,3.0,3.0,,,RESOLVED_AGREEMENT,False,3,,,,
ec43f51dec2c1a1aefc3,test,햄버거,T2 동의어,q_햄버거_02,버거집,음식점 중 '햄버거'를 판매·제공하는 매장,de855508-e54c-4f03-b76f-87ada60dac6d,함부르크버거금호점,버거,금호1동상가번영회 골목형상점가,골목형상점가,광주광역시,3.0,3.0,,,RESOLVED_AGREEMENT,False,3,,,,
9ad1ef811f43cd844efb,test,햄버거,T2 동의어,q_햄버거_02,버거집,음식점 중 '햄버거'를 판매·제공하는 매장,1daff59c-ba5b-47cc-9d5c-0d9a64363e2b,뚱땡이 버거,햄버거,춘천지하상가,일반지하상점가,강원특별자치도,3.0,3.0,,,RESOLVED_AGREEMENT,False,3,,,,
011dd009879ff6682739,test,햄버거,T2 동의어,q_햄버거_02,버거집,음식점 중 '햄버거'를 판매·제공하는 매장,54986f42-98e3-4aa8-917f-7d47f924e4f0,버거리 수완점,햄버거,희담길,골목형상점가,광주광역시,3.0,3.0,,,RESOLVED_AGREEMENT,False,3,,,,
73a60d1e08ba354d55fc,test,햄버거,T2 동의어,q_햄버거_02,버거집,음식점 중 '햄버거'를 판매·제공하는 매장,6be411ee-b171-4e25-82bb-f086d734e27d,버거스낵,햄버거,경리단길 골목형상점가,골목형상점가,서울특별시,3.0,3.0,,,RESOLVED_AGREEMENT,False,3,,,,
94c172816bb1bf3ebf08,test,햄버거,T2 동의어,q_햄버거_02,버거집,음식점 중 '햄버거'를 판매·제공하는 매장,044dcae4-08b1-46c8-acd9-f5686630cf4e,블리스버거(까치울역점),햄버거,까치울역카페거리 골목형상점가,골목형상점가,경기도,3.0,3.0,,,RESOLVED_AGREEMENT,False,3,,,,
92d5dd7a156832571761,test,햄버거,T2 동의어,q_햄버거_02,버거집,음식점 중 '햄버거'를 판매·제공하는 매장,0e62dc75-b1af-4b5b-9e54-07858c9d26b7,지티에스 버거 공릉점,버거 및 음료와 주류,공릉철길골목형상점가,골목형상점가,서울특별시,3.0,3.0,,,RESOLVED_AGREEMENT,False,3,,,,
10a792e0015e83f90559,test,햄버거,T2 동의어,q_햄버거_02,버거집,음식점 중 '햄버거'를 판매·제공하는 매장,6a4a2969-df8f-4cd4-8f05-d288ac736527,버거리당진점,햄버거,당진시신도심상점가,자율상권구역,충청남도,3.0,3.0,,,RESOLVED_AGREEMENT,False,3,,,,
80bd057107a1a2e7f561,test,햄버거,T2 동의어,q_햄버거_02,버거집,음식점 중 '햄버거'를 판매·제공하는 매장,113d8d96-1387-44e3-a5c4-f47859431765,버거리 고척점,햄버거,그라운드고척골목형상점가,골목형상점가,서울특별시,3.0,3.0,,,RESOLVED_AGREEMENT,False,3,,,,
045f07b8fc6d5cbc07fe,test,햄버거,T2 동의어,q_햄버거_02,버거집,음식점 중 '햄버거'를 판매·제공하는 매장,f3e3f13e-4631-4021-b4f5-324200e08fc5,자코비스 버거,햄버거,해방촌 골목형상점가,골목형상점가,서울특별시,3.0,3.0,,,RESOLVED_AGREEMENT,False,3,,,,
e81bfd55cc004db88b3e,test,햄버거,T2 동의어,q_햄버거_02,버거집,음식점 중 '햄버거'를 판매·제공하는 매장,10bb52a0-31fb-4344-b5e0-97d3afa52b70,수퍼비 버거앤칩스,수제햄버거,순천연향패션상가,자율상권구역,전라남도,3.0,3.0,,,RESOLVED_AGREEMENT,False,3,,,,
cfcad76bab02923455e7,test,햄버거,T2 동의어,q_햄버거_02,버거집,음식점 중 '햄버거'를 판매·제공하는 매장,9ea9c9e0-322a-413b-8009-b645429e3f88,버거리전남대점,한식,전남대후문골목형상점가,골목형상점가,광주광역시,2.0,3.0,,,P2_GRADED_ONLY,True,,,,,
c66a09bc01eb1f5d4d2a,test,햄버거,T2 동의어,q_햄버거_02,버거집,음식점 중 '햄버거'를 판매·제공하는 매장,a62e7f41-9051-4cd3-b232-c0331f971973,버거브라더,햄버거,방학단길골목형상점가,골목형상점가,서울특별시,3.0,3.0,,,RESOLVED_AGREEMENT,False,3,,,,
180441e2d751ff55bffe,test,햄버거,T2 동의어,q_햄버거_02,버거집,음식점 중 '햄버거'를 판매·제공하는 매장,a0777a87-3324-4f27-b233-f8a2f157778f,버거리 동백점,햄버거,동백역 골목형상점가,골목형상점가,경기도,3.0,3.0,,,RESOLVED_AGREEMENT,False,3,,,,
4743e0d234d5e98446a8,test,햄버거,T2 동의어,q_햄버거_02,버거집,음식점 중 '햄버거'를 판매·제공하는 매장,0afcfe69-7d1e-4e29-aee1-efe41c86cb8c,버거앤타코,"버거, 타코",소촌골 골목형상점가,골목형상점가,광주광역시,3.0,3.0,,,RESOLVED_AGREEMENT,False,3,,,,
c246d8db79109c69ee9c,test,햄버거,T2 동의어,q_햄버거_02,버거집,음식점 중 '햄버거'를 판매·제공하는 매장,c2fb9d36-b157-4d37-94eb-852345a0ae39,베스띠벨리,옷,운천호수공원상인회 골목형상점가,골목형상점가,광주광역시,0.0,0.0,,,RESOLVED_AGREEMENT,False,0,,,,
84e22d2efcf830f26b0c,test,햄버거,T4 구어·문장,q_햄버거_03,버거 먹을 데,음식점 중 '햄버거'를 판매·제공하는 매장,a62e7f41-9051-4cd3-b232-c0331f971973,버거브라더,햄버거,방학단길골목형상점가,골목형상점가,서울특별시,3.0,3.0,,,RESOLVED_AGREEMENT,False,3,,,,
6fe8262ecdf789fae1d8,test,햄버거,T4 구어·문장,q_햄버거_03,버거 먹을 데,음식점 중 '햄버거'를 판매·제공하는 매장,e1ce8443-d4ec-4f2f-b506-ed38e4a1dcf2,성도설비철물,,봉화상설시장,전통시장,경상북도,0.0,0.0,,,RESOLVED_AGREEMENT,False,0,,,,
93836ad34ca3637c15fe,test,햄버거,T4 구어·문장,q_햄버거_03,버거 먹을 데,음식점 중 '햄버거'를 판매·제공하는 매장,cd34672c-1e23-436b-ad5e-89a1b6c74212,맘스터치 세종소방청점,버거,나성동 국세청 골목형상점가,골목형상점가,세종특별자치시,3.0,3.0,,,RESOLVED_AGREEMENT,False,3,,,,
7fa074d0b4b9dbc508c8,test,햄버거,T4 구어·문장,q_햄버거_03,버거 먹을 데,음식점 중 '햄버거'를 판매·제공하는 매장,5e3fc31c-f7d0-4773-a17a-302450018cd3,부,버거,대연골목시장 골목형상점가,골목형상점가,부산광역시,3.0,3.0,,,RESOLVED_AGREEMENT,False,3,,,,
40caad6fc3787c7dbe4b,test,햄버거,T4 구어·문장,q_햄버거_03,버거 먹을 데,음식점 중 '햄버거'를 판매·제공하는 매장,044dcae4-08b1-46c8-acd9-f5686630cf4e,블리스버거(까치울역점),햄버거,까치울역카페거리 골목형상점가,골목형상점가,경기도,3.0,3.0,,,RESOLVED_AGREEMENT,False,3,,,,
d7a42219311f6c4dd3b9,test,햄버거,T4 구어·문장,q_햄버거_03,버거 먹을 데,음식점 중 '햄버거'를 판매·제공하는 매장,7e0f4797-38bc-428d-8bea-8322ea704032,프랭크버거 나주혁신,버거,나주혁신도시 골목형상점가,골목형상점가,전라남도,3.0,3.0,,,RESOLVED_AGREEMENT,False,3,,,,
0e9500afbc39d8e85309,test,햄버거,T4 구어·문장,q_햄버거_03,버거 먹을 데,음식점 중 '햄버거'를 판매·제공하는 매장,45109a5c-6265-441f-8ea4-3a164574734b,버거리 광주 동명점,버거,동명동 카페거리 골목형상점가,골목형상점가,광주광역시,3.0,3.0,,,RESOLVED_AGREEMENT,False,3,,,,
2d9904701d274b6f8646,test,햄버거,T4 구어·문장,q_햄버거_03,버거 먹을 데,음식점 중 '햄버거'를 판매·제공하는 매장,01db9dba-f986-4f41-ab61-46cd15e43b93,맘스터치명동직영점,"햄버거, 치킨",춘천지하상가,일반지하상점가,강원특별자치도,3.0,3.0,,,RESOLVED_AGREEMENT,False,3,,,,
02b3a40641ca6a441ce5,test,햄버거,T4 구어·문장,q_햄버거_03,버거 먹을 데,음식점 중 '햄버거'를 판매·제공하는 매장,04bee9c1-3587-4963-a643-c8556c19059f,맘스터치 계룡엄사점,햄버거,엄사 골목형상점가,골목형상점가,충청남도,3.0,3.0,,,RESOLVED_AGREEMENT,False,3,,,,
f563fea2e240a8126c54,test,햄버거,T4 구어·문장,q_햄버거_03,버거 먹을 데,음식점 중 '햄버거'를 판매·제공하는 매장,2056c69e-64b4-4b28-8ce2-800cbcec3e25,먹을꼬얌,음식,산본로데오거리(구 산본중심상가),자율상권구역,경기도,0.0,0.0,,,RESOLVED_AGREEMENT,False,0,,,,
5c8f6a975e5e28adb3c9,test,햄버거,T4 구어·문장,q_햄버거_03,버거 먹을 데,음식점 중 '햄버거'를 판매·제공하는 매장,10bb52a0-31fb-4344-b5e0-97d3afa52b70,수퍼비 버거앤칩스,수제햄버거,순천연향패션상가,자율상권구역,전라남도,3.0,3.0,,,RESOLVED_AGREEMENT,False,3,,,,
ea93112f27eaea8afceb,test,햄버거,T4 구어·문장,q_햄버거_03,버거 먹을 데,음식점 중 '햄버거'를 판매·제공하는 매장,bbb3d889-ecf8-4529-be1f-705ad31052c6,포런버거,햄버거,천천중심상가 골목형상점가,골목형상점가,경기도,3.0,3.0,,,RESOLVED_AGREEMENT,False,3,,,,
5ac609477c59189d762a,test,햄버거,T4 구어·문장,q_햄버거_03,버거 먹을 데,음식점 중 '햄버거'를 판매·제공하는 매장,04dcc11e-b36e-4dd3-9900-84253c34983b,맘스터치순천대점,"치킨, 버거",순천대1번상가,자율상권구역,전라남도,3.0,3.0,,,RESOLVED_AGREEMENT,False,3,,,,
5efd5de4025754e323e0,test,햄버거,T4 구어·문장,q_햄버거_03,버거 먹을 데,음식점 중 '햄버거'를 판매·제공하는 매장,de855508-e54c-4f03-b76f-87ada60dac6d,함부르크버거금호점,버거,금호1동상가번영회 골목형상점가,골목형상점가,광주광역시,3.0,3.0,,,RESOLVED_AGREEMENT,False,3,,,,
a3c8e147f1824a3481bd,test,햄버거,T4 구어·문장,q_햄버거_03,버거 먹을 데,음식점 중 '햄버거'를 판매·제공하는 매장,29674311-966d-4074-ae59-fe7e8434932a,대진철물점,철물,서천특화시장,전통시장,충청남도,0.0,0.0,,,RESOLVED_AGREEMENT,False,0,,,,
20be344585d3e4cb5712,test,햄버거,T4 구어·문장,q_햄버거_03,버거 먹을 데,음식점 중 '햄버거'를 판매·제공하는 매장,ead16f8d-f77f-4aaf-9cda-b0b38b870421,팻보이 버거 영등포점,햄버거,별빛뉴타운골목형상점가,골목형상점가,서울특별시,3.0,3.0,,,RESOLVED_AGREEMENT,False,3,,,,
4a583cdc8a174d8cd9f6,test,햄버거,T4 구어·문장,q_햄버거_03,버거 먹을 데,음식점 중 '햄버거'를 판매·제공하는 매장,23a2ee8d-e140-4eff-aa96-1fb1507a5822,삼복식당,국밥,신평전통시장,전통시장,경상북도,0.0,0.0,,,RESOLVED_AGREEMENT,False,0,,,,
14eeb08da96f0568f30d,test,햄버거,T4 구어·문장,q_햄버거_03,버거 먹을 데,음식점 중 '햄버거'를 판매·제공하는 매장,4fbc560d-031f-4dbb-b908-a43ac4659b14,븨븨티(VVT)버거,햄버거,대구예전우시장,전통시장,대구광역시,3.0,3.0,,,RESOLVED_AGREEMENT,False,3,,,,
d0b2692e1114b4b1f072,test,햄버거,T4 구어·문장,q_햄버거_03,버거 먹을 데,음식점 중 '햄버거'를 판매·제공하는 매장,40520830-dd25-4540-8ef0-b4c12d990c0f,맘스터치 매탄2호점,"버거, 치킨",매탄중심상가 골목형상점가,골목형상점가,경기도,3.0,3.0,,,RESOLVED_AGREEMENT,False,3,,,,
6ab4320baaaa5884d6fe,test,햄버거,T4 구어·문장,q_햄버거_03,버거 먹을 데,음식점 중 '햄버거'를 판매·제공하는 매장,b81e1c4b-6945-4685-8159-61903fcc1fb2,워커스 버거,서양음식점수제버거,어진동 골목형상점가,골목형상점가,세종특별자치시,3.0,3.0,,,RESOLVED_AGREEMENT,False,3,,,,
fff8c04f9e7453107a0a,test,햄버거,T4 구어·문장,q_햄버거_03,버거 먹을 데,음식점 중 '햄버거'를 판매·제공하는 매장,20cc8073-cd55-4986-962f-23a439360be8,계남버거,햄버거,부평깡시장,전통시장,인천광역시,3.0,3.0,,,RESOLVED_AGREEMENT,False,3,,,,
6d1838ebb03fc444a88d,test,햄버거,T4 구어·문장,q_햄버거_03,버거 먹을 데,음식점 중 '햄버거'를 판매·제공하는 매장,1599d392-aa8e-4d0d-a6b2-0d8df0dc04b3,버거고,햄버거,공릉동도깨비시장,전통시장,서울특별시,3.0,3.0,,,RESOLVED_AGREEMENT,False,3,,,,
ba29573e61f7ca48dbaa,test,햄버거,T4 구어·문장,q_햄버거_03,버거 먹을 데,음식점 중 '햄버거'를 판매·제공하는 매장,6be411ee-b171-4e25-82bb-f086d734e27d,버거스낵,햄버거,경리단길 골목형상점가,골목형상점가,서울특별시,3.0,3.0,,,RESOLVED_AGREEMENT,False,3,,,,
d7d1f3a82afb88fcc415,test,햄버거,T4 구어·문장,q_햄버거_03,버거 먹을 데,음식점 중 '햄버거'를 판매·제공하는 매장,c3933dda-ba29-4bc9-adda-0ba508f8b1d7,삼봉버거,버거,숭실마루길골목형상점가,골목형상점가,서울특별시,3.0,3.0,,,RESOLVED_AGREEMENT,False,3,,,,
70f4dd0498511c38a635,test,햄버거,T4 구어·문장,q_햄버거_03,버거 먹을 데,음식점 중 '햄버거'를 판매·제공하는 매장,fb38c321-f0d8-4681-817f-a8e7b570e7af,버거피스,햄버거,신응암시장,전통시장,서울특별시,3.0,3.0,,,RESOLVED_AGREEMENT,False,3,,,,
31f6f6739ed598926a53,test,햄버거,T4 구어·문장,q_햄버거_03,버거 먹을 데,음식점 중 '햄버거'를 판매·제공하는 매장,1daff59c-ba5b-47cc-9d5c-0d9a64363e2b,뚱땡이 버거,햄버거,춘천지하상가,일반지하상점가,강원특별자치도,3.0,3.0,,,RESOLVED_AGREEMENT,False,3,,,,
014219acbaa441cc0b06,test,햄버거,T4 구어·문장,q_햄버거_03,버거 먹을 데,음식점 중 '햄버거'를 판매·제공하는 매장,7fde034b-96e4-455a-83e2-7b5692b96a17,먹을터,한식,화성행궁골목형상점가,골목형상점가,경기도,0.0,0.0,,,RESOLVED_AGREEMENT,False,0,,,,
c239a9db04c96cbf8481,test,햄버거,T4 구어·문장,q_햄버거_03,버거 먹을 데,음식점 중 '햄버거'를 판매·제공하는 매장,07454c67-5088-4758-8e10-dde6b6f8f9b4,코즈믹 버거 송도점,햄버거,송도트리플타워골목형상점가,골목형상점가,인천광역시,3.0,3.0,,,RESOLVED_AGREEMENT,False,3,,,,
ab9edf014b6e7abbe34b,test,햄버거,T4 구어·문장,q_햄버거_03,버거 먹을 데,음식점 중 '햄버거'를 판매·제공하는 매장,8d1c7433-b06a-48aa-92a6-b94f34a74bfc,찰리스버거,버거,구성언남 골목형상점가,골목형상점가,경기도,3.0,3.0,,,RESOLVED_AGREEMENT,False,3,,,,
6b4bc00b07379f63e8d8,test,햄버거,T4 구어·문장,q_햄버거_03,버거 먹을 데,음식점 중 '햄버거'를 판매·제공하는 매장,7b7eddc5-f6ff-49ea-a9eb-324312f8ad4c,맘스터치,버거,귀인동먹거리촌 골목형상점가,골목형상점가,경기도,3.0,3.0,,,RESOLVED_AGREEMENT,False,3,,,,
72f57245b58f8ac3665d,test,햄버거,T4 구어·문장,q_햄버거_03,버거 먹을 데,음식점 중 '햄버거'를 판매·제공하는 매장,b628ead2-caff-45eb-a233-8a610f8d095f,오지(OG)버거,버거,남해 명품화전길 골목형상점가,골목형상점가,경상남도,3.0,3.0,,,RESOLVED_AGREEMENT,False,3,,,,
a57efb84249f1906c012,test,햄버거,T4 구어·문장,q_햄버거_03,버거 먹을 데,음식점 중 '햄버거'를 판매·제공하는 매장,b39b35e5-781d-4041-a5e5-ae2c2f57486a,버거밴,수제버거,고성동골목형상점가,골목형상점가,대구광역시,3.0,3.0,,,RESOLVED_AGREEMENT,False,3,,,,
7e0c79f3e5762580fb67,test,햄버거,T4 구어·문장,q_햄버거_03,버거 먹을 데,음식점 중 '햄버거'를 판매·제공하는 매장,c22a29a8-caef-4e31-a790-7c4c33f72e82,인생물회,한식,강릉성남시장,전통시장,강원특별자치도,0.0,0.0,,,RESOLVED_AGREEMENT,False,0,,,,
7289ec44cd01593f4928,test,햄버거,T4 구어·문장,q_햄버거_03,버거 먹을 데,음식점 중 '햄버거'를 판매·제공하는 매장,a0777a87-3324-4f27-b233-f8a2f157778f,버거리 동백점,햄버거,동백역 골목형상점가,골목형상점가,경기도,3.0,3.0,,,RESOLVED_AGREEMENT,False,3,,,,
6b8ad30d1ed89b73388c,test,햄버거,T4 구어·문장,q_햄버거_03,버거 먹을 데,음식점 중 '햄버거'를 판매·제공하는 매장,03346a87-e628-4c4a-80ed-f1d23dee1aee,시카고치즈버거,햄버거,우치로231번길 골목형상점가,골목형상점가,광주광역시,3.0,3.0,,,RESOLVED_AGREEMENT,False,3,,,,
e37c77144ce82ae2f803,test,햄버거,T4 구어·문장,q_햄버거_03,버거 먹을 데,음식점 중 '햄버거'를 판매·제공하는 매장,0a23e955-7759-418e-a656-67fa96069c7b,버거한상,햄버거,첨단2동 골목형상점가,골목형상점가,광주광역시,3.0,3.0,,,RESOLVED_AGREEMENT,False,3,,,,
4098b4eeab15dc14e55f,test,햄버거,T4 구어·문장,q_햄버거_03,버거 먹을 데,음식점 중 '햄버거'를 판매·제공하는 매장,79bdd4f8-6c55-4084-973c-1b2e7ad83ed2,버거리 나성점,햄버거,다정한 골목형상점가,골목형상점가,세종특별자치시,3.0,3.0,,,RESOLVED_AGREEMENT,False,3,,,,
7af0d24833e341968d3f,test,햄버거,T4 구어·문장,q_햄버거_03,버거 먹을 데,음식점 중 '햄버거'를 판매·제공하는 매장,fae1a1e4-c300-4603-b6ae-eda78b6a8fdb,더블 식스 버거,햄버거,종로신백제 골목형상점가,골목형상점가,서울특별시,3.0,3.0,,,RESOLVED_AGREEMENT,False,3,,,,
f82d023f2621788585db,test,햄버거,T4 구어·문장,q_햄버거_03,버거 먹을 데,음식점 중 '햄버거'를 판매·제공하는 매장,5ec77ca7-6ef4-494e-9fb1-6af438a1641e,뉴욕버거 신원점,버거,권율 골목형상점가,골목형상점가,경기도,3.0,3.0,,,RESOLVED_AGREEMENT,False,3,,,,
811bbe2bd81ece9a7b22,test,햄버거,T4 구어·문장,q_햄버거_03,버거 먹을 데,음식점 중 '햄버거'를 판매·제공하는 매장,ea0cb9bc-db67-46e3-9a83-ba10e29dd57c,폰버거,,동일로 이음길 골목형상점가,골목형상점가,서울특별시,3.0,3.0,,,RESOLVED_AGREEMENT,False,3,,,,
3103b7dfc36ea89b5622,test,햄버거,T4 구어·문장,q_햄버거_03,버거 먹을 데,음식점 중 '햄버거'를 판매·제공하는 매장,8b8b7a77-d7ed-4ac1-8e6b-192a93c5e10e,본도시락 두류점,도시락,신내당시장 상점가,자율상권구역,대구광역시,0.0,0.0,,,RESOLVED_AGREEMENT,False,0,,,,
8c3883bac3033709eedd,test,햄버거,T4 구어·문장,q_햄버거_03,버거 먹을 데,음식점 중 '햄버거'를 판매·제공하는 매장,ee5da9e2-030a-4384-a80c-7a5dcd23dee7,버거킹 하당점,햄버거,상동 패션거리 골목형상점가,골목형상점가,전라남도,3.0,3.0,,,RESOLVED_AGREEMENT,False,3,,,,
a30c9d825c900fa3e65c,test,햄버거,T4 구어·문장,q_햄버거_03,버거 먹을 데,음식점 중 '햄버거'를 판매·제공하는 매장,4eb53f5f-cebb-4fde-bb34-85ede3674519,버거 앤 타코,분식,화정로상인회 골목형상점가,골목형상점가,광주광역시,2.0,3.0,,,P2_GRADED_ONLY,True,,,,,
2ecf0c207673fdeb9761,test,햄버거,T4 구어·문장,q_햄버거_03,버거 먹을 데,음식점 중 '햄버거'를 판매·제공하는 매장,49d6ddb1-4551-47cd-8ab7-0727505f9fba,프랭크 버거 계룡엄사점,햄버거,엄사 골목형상점가,골목형상점가,충청남도,3.0,3.0,,,RESOLVED_AGREEMENT,False,3,,,,
5d4a2d0a8139b25e44b5,test,햄버거,T4 구어·문장,q_햄버거_03,버거 먹을 데,음식점 중 '햄버거'를 판매·제공하는 매장,6d5358cb-3a6a-41be-a0f0-6ae5578f4005,버거리버거,햄버거,신용동 골목형상점가,골목형상점가,광주광역시,3.0,3.0,,,RESOLVED_AGREEMENT,False,3,,,,
45a46dc7779057a37bf9,test,햄버거,T4 구어·문장,q_햄버거_03,버거 먹을 데,음식점 중 '햄버거'를 판매·제공하는 매장,2f6929d0-5589-4b7e-9d95-488238035d46,버거앤타코,햄버거,공주대학로 골목형 상점가,골목형상점가,충청남도,3.0,3.0,,,RESOLVED_AGREEMENT,False,3,,,,
87c1c9e5e7adb32ce0de,test,햄버거,T4 구어·문장,q_햄버거_03,버거 먹을 데,음식점 중 '햄버거'를 판매·제공하는 매장,913331cb-d684-4c88-864d-29da51108929,맘스터치성남점,버거,젊음의거리 상점가,자율상권구역,울산광역시,3.0,3.0,,,RESOLVED_AGREEMENT,False,3,,,,
86430f2744d02efd2152,test,햄버거,T4 구어·문장,q_햄버거_03,버거 먹을 데,음식점 중 '햄버거'를 판매·제공하는 매장,07de5ee5-20cd-4a5c-b82c-6e1ca1476595,속옷종합란제리,속옷,관악신사시장,전통시장,서울특별시,0.0,0.0,,,RESOLVED_AGREEMENT,False,0,,,,
5c7de5a198e5ead6bf49,test,햄버거,T4 구어·문장,q_햄버거_03,버거 먹을 데,음식점 중 '햄버거'를 판매·제공하는 매장,90376d82-87fd-4a8d-99b7-9c03ee2815b1,먹을래싸갈래,,사직거인 골목형상점가,골목형상점가,부산광역시,,0.0,Y,,P0_UNCERTAIN_OR_MISSING,True,,,,,
ac99587f075d4fd717ca,test,햄버거,T4 구어·문장,q_햄버거_03,버거 먹을 데,음식점 중 '햄버거'를 판매·제공하는 매장,0e62dc75-b1af-4b5b-9e54-07858c9d26b7,지티에스 버거 공릉점,버거 및 음료와 주류,공릉철길골목형상점가,골목형상점가,서울특별시,3.0,3.0,,,RESOLVED_AGREEMENT,False,3,,,,
838ae2726c04f7478dd1,test,햄버거,T4 구어·문장,q_햄버거_03,버거 먹을 데,음식점 중 '햄버거'를 판매·제공하는 매장,c857ca19-8554-4746-892a-fc2e90dd33d2,버거운버거불당롯데시네마점,버거,불당1번가골목형상점가,골목형상점가,충청남도,3.0,3.0,,,RESOLVED_AGREEMENT,False,3,,,,
e1b66b3419855f50dabb,test,햄버거,T4 구어·문장,q_햄버거_03,버거 먹을 데,음식점 중 '햄버거'를 판매·제공하는 매장,6a4a2969-df8f-4cd4-8f05-d288ac736527,버거리당진점,햄버거,당진시신도심상점가,자율상권구역,충청남도,3.0,3.0,,,RESOLVED_AGREEMENT,False,3,,,,
87abe5b7038fbdeb240c,test,햄버거,T4 구어·문장,q_햄버거_03,버거 먹을 데,음식점 중 '햄버거'를 판매·제공하는 매장,f3e3f13e-4631-4021-b4f5-324200e08fc5,자코비스 버거,햄버거,해방촌 골목형상점가,골목형상점가,서울특별시,3.0,3.0,,,RESOLVED_AGREEMENT,False,3,,,,
5b5c153b34fa50ce0258,test,햄버거,T4 구어·문장,q_햄버거_03,버거 먹을 데,음식점 중 '햄버거'를 판매·제공하는 매장,0d5fbb91-d090-4fd1-aa3a-3e98150e0319,팻보이 버거 항동점,햄버거,항동 골목형상점가,골목형상점가,서울특별시,3.0,3.0,,,RESOLVED_AGREEMENT,False,3,,,,
6853c9316b2b6a063244,test,햄버거,T4 구어·문장,q_햄버거_03,버거 먹을 데,음식점 중 '햄버거'를 판매·제공하는 매장,2ffc5535-d85d-45d2-88dc-206735e44fe6,바이오헬스케어 목동점,건강기능식품,목사랑시장,전통시장,서울특별시,0.0,0.0,,,RESOLVED_AGREEMENT,False,0,,,,
848f9469604a1d814ed6,test,햄버거,T4 구어·문장,q_햄버거_03,버거 먹을 데,음식점 중 '햄버거'를 판매·제공하는 매장,2516c216-2308-44f8-be5d-5a3de423cd9a,버거리하당점,행버거,포르모큐브 골목형상점가,골목형상점가,전라남도,3.0,3.0,,,RESOLVED_AGREEMENT,False,3,,,,
c6d2ec8580be7676cc8c,test,햄버거,T4 구어·문장,q_햄버거_03,버거 먹을 데,음식점 중 '햄버거'를 판매·제공하는 매장,048a4d84-09bc-43dc-9a72-588b7b823b1a,뉴욕버거춘천명동점,햄버거,춘천명동상점가,자율상권구역,강원특별자치도,3.0,3.0,,,RESOLVED_AGREEMENT,False,3,,,,
1c863798f8e4c96c642f,test,햄버거,T4 구어·문장,q_햄버거_03,버거 먹을 데,음식점 중 '햄버거'를 판매·제공하는 매장,8b9803f4-c3a7-4afc-9930-0170c98eba08,버거 몬스터,버거,현풍백년도깨비시장,전통시장,대구광역시,3.0,3.0,,,RESOLVED_AGREEMENT,False,3,,,,
5420ab732ba4612a4421,test,햄버거,T4 구어·문장,q_햄버거_03,버거 먹을 데,음식점 중 '햄버거'를 판매·제공하는 매장,5078d297-5469-468f-af5b-61a6ce554ecb,그래비패티 버거,햄버거,반석동 골목형상점가,골목형상점가,대전광역시,3.0,3.0,,,RESOLVED_AGREEMENT,False,3,,,,
0117110bba029522ed37,test,햄버거,T4 구어·문장,q_햄버거_03,버거 먹을 데,음식점 중 '햄버거'를 판매·제공하는 매장,ac990665-e235-41c5-88e5-966566ab6e42,버거위드,햄버거,포레나 골목형상점가,골목형상점가,전북특별자치도,3.0,3.0,,,RESOLVED_AGREEMENT,False,3,,,,
79074f136e36e06603da,test,햄버거,T4 구어·문장,q_햄버거_03,버거 먹을 데,음식점 중 '햄버거'를 판매·제공하는 매장,4042d8b1-49cc-4651-84a8-083c1a73b69c,버거리버거,햄버거,단국대 앞 골목형상점가,골목형상점가,경기도,3.0,3.0,,,RESOLVED_AGREEMENT,False,3,,,,
43e0642317d8ad280e76,test,햄버거,T4 구어·문장,q_햄버거_03,버거 먹을 데,음식점 중 '햄버거'를 판매·제공하는 매장,52e2033c-4b45-4a6b-aa3d-c1082c180e58,버거운버거 자운대점,햄버거,자운대 골목형상점가,골목형상점가,대전광역시,3.0,3.0,,,RESOLVED_AGREEMENT,False,3,,,,
06220c4aebbd8875a73a,test,햄버거,T4 구어·문장,q_햄버거_03,버거 먹을 데,음식점 중 '햄버거'를 판매·제공하는 매장,ada30590-1d33-4908-a74e-c9ba55606d73,버거리 나주혁신점,버거,빛가람 하나로 골목형상점가,골목형상점가,전라남도,3.0,3.0,,,RESOLVED_AGREEMENT,False,3,,,,
7b75b3488ff0885aefe9,test,햄버거,T4 구어·문장,q_햄버거_03,버거 먹을 데,음식점 중 '햄버거'를 판매·제공하는 매장,94384265-5fa9-4430-be91-f3b8b514b81e,노브랜드버거 충남부여점,버거,부여도심 상권활성화구역,상권활성화구역,충청남도,3.0,3.0,,,RESOLVED_AGREEMENT,False,3,,,,
db4b71c6af0a34f05b17,test,햄버거,T4 구어·문장,q_햄버거_03,버거 먹을 데,음식점 중 '햄버거'를 판매·제공하는 매장,05a0eac4-6636-4b58-bd65-1fe2b8192a08,보떼이천중앙점,,이천중앙로상가,자율상권구역,경기도,,0.0,Y,,P0_UNCERTAIN_OR_MISSING,True,,,,,
674c6e6f0e0255bc1688,test,햄버거,T4 구어·문장,q_햄버거_03,버거 먹을 데,음식점 중 '햄버거'를 판매·제공하는 매장,0afcfe69-7d1e-4e29-aee1-efe41c86cb8c,버거앤타코,"버거, 타코",소촌골 골목형상점가,골목형상점가,광주광역시,3.0,3.0,,,RESOLVED_AGREEMENT,False,3,,,,
92efe3b59847d1a6e1e4,test,햄버거,T4 구어·문장,q_햄버거_04,햄버거 파는 곳,음식점 중 '햄버거'를 판매·제공하는 매장,6d5358cb-3a6a-41be-a0f0-6ae5578f4005,버거리버거,햄버거,신용동 골목형상점가,골목형상점가,광주광역시,3.0,3.0,,,RESOLVED_AGREEMENT,False,3,,,,
765ec481cc905a46aeb3,test,햄버거,T4 구어·문장,q_햄버거_04,햄버거 파는 곳,음식점 중 '햄버거'를 판매·제공하는 매장,6be411ee-b171-4e25-82bb-f086d734e27d,버거스낵,햄버거,경리단길 골목형상점가,골목형상점가,서울특별시,3.0,3.0,,,RESOLVED_AGREEMENT,False,3,,,,
97c290dfcc1831e0e9cc,test,햄버거,T4 구어·문장,q_햄버거_04,햄버거 파는 곳,음식점 중 '햄버거'를 판매·제공하는 매장,ad41ba3c-5aed-4a28-961d-32cd6baf9590,더피플버거,햄버거,연신내골목형상점가,골목형상점가,서울특별시,3.0,3.0,,,RESOLVED_AGREEMENT,False,3,,,,
bd270244ff4aa79d57a0,test,햄버거,T4 구어·문장,q_햄버거_04,햄버거 파는 곳,음식점 중 '햄버거'를 판매·제공하는 매장,86f28296-014b-49d4-8769-b40481883b2b,오지버거,햄버거,지웰시티자이상가 골목형상점가,골목형상점가,울산광역시,3.0,3.0,,,RESOLVED_AGREEMENT,False,3,,,,
c8c96f89636d6a289d80,test,햄버거,T4 구어·문장,q_햄버거_04,햄버거 파는 곳,음식점 중 '햄버거'를 판매·제공하는 매장,4fbc560d-031f-4dbb-b908-a43ac4659b14,븨븨티(VVT)버거,햄버거,대구예전우시장,전통시장,대구광역시,3.0,3.0,,,RESOLVED_AGREEMENT,False,3,,,,
923c2d6ed0c5b6bf513d,test,햄버거,T4 구어·문장,q_햄버거_04,햄버거 파는 곳,음식점 중 '햄버거'를 판매·제공하는 매장,40520830-dd25-4540-8ef0-b4c12d990c0f,맘스터치 매탄2호점,"버거, 치킨",매탄중심상가 골목형상점가,골목형상점가,경기도,3.0,3.0,,,RESOLVED_AGREEMENT,False,3,,,,
1074c9b2a704efeca2f4,test,햄버거,T4 구어·문장,q_햄버거_04,햄버거 파는 곳,음식점 중 '햄버거'를 판매·제공하는 매장,fae1a1e4-c300-4603-b6ae-eda78b6a8fdb,더블 식스 버거,햄버거,종로신백제 골목형상점가,골목형상점가,서울특별시,3.0,3.0,,,RESOLVED_AGREEMENT,False,3,,,,
a1847e505e0e092f55a8,test,햄버거,T4 구어·문장,q_햄버거_04,햄버거 파는 곳,음식점 중 '햄버거'를 판매·제공하는 매장,7799fde2-c2ef-41cc-8be0-ee33bc407f9a,마풍1호점,햄버거,중앙신시장,전통시장,경상북도,3.0,3.0,,,RESOLVED_AGREEMENT,False,3,,,,
89855bc2ebe3e672ed59,test,햄버거,T4 구어·문장,q_햄버거_04,햄버거 파는 곳,음식점 중 '햄버거'를 판매·제공하는 매장,5a86feb5-800e-45a8-ace5-f8a5e351028c,고기중심,정육,우림골목시장,전통시장,서울특별시,0.0,0.0,,,RESOLVED_AGREEMENT,False,0,,,,
dda508741726471b8ba9,test,햄버거,T4 구어·문장,q_햄버거_04,햄버거 파는 곳,음식점 중 '햄버거'를 판매·제공하는 매장,19b4a38d-1a29-4ee6-ac12-b0f07b9ec9b6,송두학햄버거,,평택국제중앙시장,전통시장,경기도,3.0,3.0,,,RESOLVED_AGREEMENT,False,3,,,,
bbfe057c9e808c011fb6,test,햄버거,T4 구어·문장,q_햄버거_04,햄버거 파는 곳,음식점 중 '햄버거'를 판매·제공하는 매장,044dcae4-08b1-46c8-acd9-f5686630cf4e,블리스버거(까치울역점),햄버거,까치울역카페거리 골목형상점가,골목형상점가,경기도,3.0,3.0,,,RESOLVED_AGREEMENT,False,3,,,,
48590b4f7ccb3125daf5,test,햄버거,T4 구어·문장,q_햄버거_04,햄버거 파는 곳,음식점 중 '햄버거'를 판매·제공하는 매장,6df1394f-ca02-4027-8ddc-43b5ee6ef8a7,싱싱닭집,닭,역곡상상시장(구 역곡북부시장),전통시장,경기도,0.0,0.0,,,RESOLVED_AGREEMENT,False,0,,,,
ecc18f6475edd5497af4,test,햄버거,T4 구어·문장,q_햄버거_04,햄버거 파는 곳,음식점 중 '햄버거'를 판매·제공하는 매장,8df8a2cd-343e-4c64-9eef-769c4a1c68f4,히터스버거,햄버거,궁동 골목형상점가,골목형상점가,대전광역시,3.0,3.0,,,RESOLVED_AGREEMENT,False,3,,,,
e3d2a59223a4dad0923f,test,햄버거,T4 구어·문장,q_햄버거_04,햄버거 파는 곳,음식점 중 '햄버거'를 판매·제공하는 매장,7757246d-6f45-4189-b63b-75cac4e32dcc,팡드버거,햄버거,화정현대 골목형상점가,골목형상점가,경기도,3.0,3.0,,,RESOLVED_AGREEMENT,False,3,,,,
8b9b27d6f44601f2a3e3,test,햄버거,T4 구어·문장,q_햄버거_04,햄버거 파는 곳,음식점 중 '햄버거'를 판매·제공하는 매장,8f8bd57a-66d0-4d80-aac2-b034d607a2d2,맘스터지,햄버거,포항 지곡에드빌 골목형상점가,골목형상점가,경상북도,3.0,3.0,,,RESOLVED_AGREEMENT,False,3,,,,
4df3f2be103a785ee12b,test,햄버거,T4 구어·문장,q_햄버거_04,햄버거 파는 곳,음식점 중 '햄버거'를 판매·제공하는 매장,9b9f28a5-a713-4401-bff4-c9b0629c4115,노브랜드버거,햄버거,조대장미의거리 상점가,자율상권구역,광주광역시,3.0,3.0,,,RESOLVED_AGREEMENT,False,3,,,,
8eaa7c58c7bf2011d649,test,햄버거,T4 구어·문장,q_햄버거_04,햄버거 파는 곳,음식점 중 '햄버거'를 판매·제공하는 매장,04dcc11e-b36e-4dd3-9900-84253c34983b,맘스터치순천대점,"치킨, 버거",순천대1번상가,자율상권구역,전라남도,3.0,3.0,,,RESOLVED_AGREEMENT,False,3,,,,
c95324f11fa074d269bf,test,햄버거,T4 구어·문장,q_햄버거_04,햄버거 파는 곳,음식점 중 '햄버거'를 판매·제공하는 매장,a3c4ddae-27dd-45c7-9e41-f1424b9b4952,노브랜드버거,햄버거,문흥동 골목형상점가,골목형상점가,광주광역시,3.0,3.0,,,RESOLVED_AGREEMENT,False,3,,,,
f85e6fbcea1e56f6e644,test,햄버거,T4 구어·문장,q_햄버거_04,햄버거 파는 곳,음식점 중 '햄버거'를 판매·제공하는 매장,1d9daf36-0dd8-4950-ab03-c1b37c709998,(주) 기정,햄버거,금왕중심골목형상점가,골목형상점가,충청북도,3.0,3.0,,,RESOLVED_AGREEMENT,False,3,,,,
6597309a7102429ff675,test,햄버거,T4 구어·문장,q_햄버거_04,햄버거 파는 곳,음식점 중 '햄버거'를 판매·제공하는 매장,a5683b8c-f865-46ba-bba9-462f15eff405,벤티버거,햄버거,전남대후문골목형상점가,골목형상점가,광주광역시,3.0,3.0,,,RESOLVED_AGREEMENT,False,3,,,,
be22582deb6a16552507,test,햄버거,T4 구어·문장,q_햄버거_04,햄버거 파는 곳,음식점 중 '햄버거'를 판매·제공하는 매장,16cea304-fa51-4181-b034-7ab25a642125,칼라유통,가방,관문상가시장,전통시장,대구광역시,0.0,0.0,,,RESOLVED_AGREEMENT,False,0,,,,
14c60c6eb1651619a28c,test,햄버거,T4 구어·문장,q_햄버거_04,햄버거 파는 곳,음식점 중 '햄버거'를 판매·제공하는 매장,9caf9d3d-84e6-497c-a1a0-2c941640c9a3,어반르토아,햄버거,이도패션거리 골목형상점가,골목형상점가,제주특별자치도,3.0,3.0,,,RESOLVED_AGREEMENT,False,3,,,,
5fb11e53136d7bcb5c19,test,햄버거,T4 구어·문장,q_햄버거_04,햄버거 파는 곳,음식점 중 '햄버거'를 판매·제공하는 매장,5de7030f-29f5-41d9-b2a0-21b55ee17893,주식회사 미산,햄버거,용봉지구 골목형상점가,골목형상점가,광주광역시,3.0,3.0,,,RESOLVED_AGREEMENT,False,3,,,,
a30ad303968d3dccfeee,test,햄버거,T4 구어·문장,q_햄버거_04,햄버거 파는 곳,음식점 중 '햄버거'를 판매·제공하는 매장,5ced3c35-00aa-49dc-9dc7-517431f22faa,칠공버거,햄버거,당감골목시장,전통시장,부산광역시,3.0,3.0,,,RESOLVED_AGREEMENT,False,3,,,,
9a8c105e0b77d6172399,test,햄버거,T4 구어·문장,q_햄버거_04,햄버거 파는 곳,음식점 중 '햄버거'를 판매·제공하는 매장,c888a04b-4c50-4e33-9dde-0bd95f2cf8b2,남영상회,과일,대림골목시장,전통시장,서울특별시,0.0,0.0,,,RESOLVED_AGREEMENT,False,0,,,,
3be24c4a8b8ee6873460,test,햄버거,T4 구어·문장,q_햄버거_04,햄버거 파는 곳,음식점 중 '햄버거'를 판매·제공하는 매장,1599d392-aa8e-4d0d-a6b2-0d8df0dc04b3,버거고,햄버거,공릉동도깨비시장,전통시장,서울특별시,3.0,3.0,,,RESOLVED_AGREEMENT,False,3,,,,
beaa0096a420e0f7d3af,test,햄버거,T4 구어·문장,q_햄버거_04,햄버거 파는 곳,음식점 중 '햄버거'를 판매·제공하는 매장,fe256aff-5cdd-46e1-bf0e-4c8e9111e5e0,지티에스버거,햄버거,송도 타임스페이스 골목형상점가,골목형상점가,인천광역시,3.0,3.0,,,RESOLVED_AGREEMENT,False,3,,,,
6d6d445bba40cd5373cb,test,햄버거,T4 구어·문장,q_햄버거_04,햄버거 파는 곳,음식점 중 '햄버거'를 판매·제공하는 매장,40cc82ec-4bf3-48bf-8ad0-36af3efb0175,기프트버거,햄버거,중동효성 골목형상점가,골목형상점가,대구광역시,3.0,3.0,,,RESOLVED_AGREEMENT,False,3,,,,
c1622391debee1497cc9,test,햄버거,T4 구어·문장,q_햄버거_04,햄버거 파는 곳,음식점 중 '햄버거'를 판매·제공하는 매장,e6b80137-8a47-41da-9012-3caa77a8dde6,담양버거,햄버거,담양중앙 골목형상점가,골목형상점가,전라남도,3.0,3.0,,,RESOLVED_AGREEMENT,False,3,,,,
0f26fe4be059336b3bc1,test,햄버거,T4 구어·문장,q_햄버거_04,햄버거 파는 곳,음식점 중 '햄버거'를 판매·제공하는 매장,45109a5c-6265-441f-8ea4-3a164574734b,버거리 광주 동명점,버거,동명동 카페거리 골목형상점가,골목형상점가,광주광역시,3.0,3.0,,,RESOLVED_AGREEMENT,False,3,,,,
76f8e9d7eb97428655a5,test,햄버거,T4 구어·문장,q_햄버거_04,햄버거 파는 곳,음식점 중 '햄버거'를 판매·제공하는 매장,b5546189-04c0-4015-bbb0-66011373ee7b,레커버거,햄버거,수완장덕 골목형상점가,골목형상점가,광주광역시,3.0,3.0,,,RESOLVED_AGREEMENT,False,3,,,,
b40ad504b8cf082d59f6,test,햄버거,T4 구어·문장,q_햄버거_04,햄버거 파는 곳,음식점 중 '햄버거'를 판매·제공하는 매장,248f8f64-09ea-4803-ad24-6efc551e5ea2,번크러쉬,햄버거,산본로데오거리(구 산본중심상가),자율상권구역,경기도,3.0,3.0,,,RESOLVED_AGREEMENT,False,3,,,,
36555c6655855229d972,test,햄버거,T4 구어·문장,q_햄버거_04,햄버거 파는 곳,음식점 중 '햄버거'를 판매·제공하는 매장,f64bebaf-6903-4ad9-83c0-c2dabf575807,양림버거,햄버거,양림천변좌로 골목형상점가,골목형상점가,광주광역시,3.0,3.0,,,RESOLVED_AGREEMENT,False,3,,,,
9c07f64c3f3d835d7496,test,햄버거,T4 구어·문장,q_햄버거_04,햄버거 파는 곳,음식점 중 '햄버거'를 판매·제공하는 매장,37e47567-ca6f-414a-b43d-bc555c966af8,코지버거,햄버거,전북대대학로상점가,자율상권구역,전북특별자치도,3.0,3.0,,,RESOLVED_AGREEMENT,False,3,,,,
5f445460670538cfdb59,test,햄버거,T4 구어·문장,q_햄버거_04,햄버거 파는 곳,음식점 중 '햄버거'를 판매·제공하는 매장,5a7c7d19-e109-4651-893a-bac5bd4f61dd,보어드앤헝그리,햄버거,경의숲길서강 골목형상점가,골목형상점가,서울특별시,3.0,3.0,,,RESOLVED_AGREEMENT,False,3,,,,
703e23aa1c5a5d616824,test,햄버거,T4 구어·문장,q_햄버거_04,햄버거 파는 곳,음식점 중 '햄버거'를 판매·제공하는 매장,5fe24a9d-fcf1-4556-86c7-0c9b88cade02,모아세탁,세탁,금화로상인회 골목형상점가,골목형상점가,광주광역시,0.0,0.0,,,RESOLVED_AGREEMENT,False,0,,,,
67e2991ef82f2a802241,test,햄버거,T4 구어·문장,q_햄버거_04,햄버거 파는 곳,음식점 중 '햄버거'를 판매·제공하는 매장,0647c6fc-99f8-43c3-ba31-039067ac08d5,스테이플버거,햄버거,오류버들시장골목형상점가,골목형상점가,서울특별시,3.0,3.0,,,RESOLVED_AGREEMENT,False,3,,,,
641e4627c01dbf473f72,test,햄버거,T4 구어·문장,q_햄버거_04,햄버거 파는 곳,음식점 중 '햄버거'를 판매·제공하는 매장,bbb3d889-ecf8-4529-be1f-705ad31052c6,포런버거,햄버거,천천중심상가 골목형상점가,골목형상점가,경기도,3.0,3.0,,,RESOLVED_AGREEMENT,False,3,,,,
96ddd84d8387f1a1fb48,test,햄버거,T4 구어·문장,q_햄버거_04,햄버거 파는 곳,음식점 중 '햄버거'를 판매·제공하는 매장,1daff59c-ba5b-47cc-9d5c-0d9a64363e2b,뚱땡이 버거,햄버거,춘천지하상가,일반지하상점가,강원특별자치도,3.0,3.0,,,RESOLVED_AGREEMENT,False,3,,,,
f282e8e29d3c57a7bd35,test,햄버거,T4 구어·문장,q_햄버거_04,햄버거 파는 곳,음식점 중 '햄버거'를 판매·제공하는 매장,f9970446-d87f-4013-9030-1a10e54c5144,엘로우번,햄버거,청계면 목대후문 골목형상점가,골목형상점가,전라남도,3.0,3.0,,,RESOLVED_AGREEMENT,False,3,,,,
1f85592c6a999cb871d1,test,햄버거,T4 구어·문장,q_햄버거_04,햄버거 파는 곳,음식점 중 '햄버거'를 판매·제공하는 매장,08620365-64fa-45a2-8fbf-ae89e70eac12,제프,햄버거,김녕로 골목형상점가,골목형상점가,제주특별자치도,3.0,3.0,,,RESOLVED_AGREEMENT,False,3,,,,
6916673e702810b27b39,test,햄버거,T4 구어·문장,q_햄버거_04,햄버거 파는 곳,음식점 중 '햄버거'를 판매·제공하는 매장,1f76fd54-fb9d-432c-ba2a-3e78e1043730,텐버거 산본점,햄버거,산본로데오거리(구 산본중심상가),자율상권구역,경기도,3.0,3.0,,,RESOLVED_AGREEMENT,False,3,,,,
b73f5fd55811a509764f,test,햄버거,T4 구어·문장,q_햄버거_04,햄버거 파는 곳,음식점 중 '햄버거'를 판매·제공하는 매장,20cc8073-cd55-4986-962f-23a439360be8,계남버거,햄버거,부평깡시장,전통시장,인천광역시,3.0,3.0,,,RESOLVED_AGREEMENT,False,3,,,,
26419219ca8614abf3a1,test,햄버거,T4 구어·문장,q_햄버거_04,햄버거 파는 곳,음식점 중 '햄버거'를 판매·제공하는 매장,ca0e35cd-fca2-4ac3-a635-9fc2ae6fe363,론스타텍스멕스,햄버거,행복로골목형상점가,골목형상점가,경기도,3.0,3.0,,,RESOLVED_AGREEMENT,False,3,,,,
5d5ffc99aa6da9292a7b,test,햄버거,T4 구어·문장,q_햄버거_04,햄버거 파는 곳,음식점 중 '햄버거'를 판매·제공하는 매장,048a4d84-09bc-43dc-9a72-588b7b823b1a,뉴욕버거춘천명동점,햄버거,춘천명동상점가,자율상권구역,강원특별자치도,3.0,3.0,,,RESOLVED_AGREEMENT,False,3,,,,
d75b2b0e36bcdeaed6f8,test,햄버거,T4 구어·문장,q_햄버거_04,햄버거 파는 곳,음식점 중 '햄버거'를 판매·제공하는 매장,5e3fc31c-f7d0-4773-a17a-302450018cd3,부,버거,대연골목시장 골목형상점가,골목형상점가,부산광역시,3.0,3.0,,,RESOLVED_AGREEMENT,False,3,,,,
ea62583a194d1508c5a2,test,햄버거,T4 구어·문장,q_햄버거_04,햄버거 파는 곳,음식점 중 '햄버거'를 판매·제공하는 매장,5b46e308-acfa-4bea-9f06-605fd4811b76,함부르크버거,햄버거,영천 골목형상점가,골목형상점가,광주광역시,3.0,3.0,,,RESOLVED_AGREEMENT,False,3,,,,
bde1df47afabc1976545,test,햄버거,T4 구어·문장,q_햄버거_04,햄버거 파는 곳,음식점 중 '햄버거'를 판매·제공하는 매장,03346a87-e628-4c4a-80ed-f1d23dee1aee,시카고치즈버거,햄버거,우치로231번길 골목형상점가,골목형상점가,광주광역시,3.0,3.0,,,RESOLVED_AGREEMENT,False,3,,,,
8713ba8b3cd00551be36,test,햄버거,T4 구어·문장,q_햄버거_04,햄버거 파는 곳,음식점 중 '햄버거'를 판매·제공하는 매장,d16eff09-b4b2-447e-9350-d611a1f063a4,공주칼국수쭈꾸미구이신탄진행복점,한식,새시장 골목형상점가,골목형상점가,대전광역시,0.0,0.0,,,RESOLVED_AGREEMENT,False,0,,,,
e183fc43f0f456f011a1,test,햄버거,T4 구어·문장,q_햄버거_04,햄버거 파는 곳,음식점 중 '햄버거'를 판매·제공하는 매장,a91e34b4-bd04-4a2b-b4b6-7c72db1288f5,송두학햄버거,햄버거,평택국제중앙시장,전통시장,경기도,3.0,3.0,,,RESOLVED_AGREEMENT,False,3,,,,
8138cb0a08142e208d02,test,햄버거,T4 구어·문장,q_햄버거_04,햄버거 파는 곳,음식점 중 '햄버거'를 판매·제공하는 매장,ac990665-e235-41c5-88e5-966566ab6e42,버거위드,햄버거,포레나 골목형상점가,골목형상점가,전북특별자치도,3.0,3.0,,,RESOLVED_AGREEMENT,False,3,,,,
ed52da8fa683bfdc2b49,test,햄버거,T4 구어·문장,q_햄버거_04,햄버거 파는 곳,음식점 중 '햄버거'를 판매·제공하는 매장,3edc4077-4818-4a79-80c8-d070b1feed36,메이블루 플라워,생화꽃공예,양림천변좌로 골목형상점가,골목형상점가,광주광역시,0.0,0.0,,,RESOLVED_AGREEMENT,False,0,,,,
c61c63634e94c199a4e2,test,햄버거,T4 구어·문장,q_햄버거_04,햄버거 파는 곳,음식점 중 '햄버거'를 판매·제공하는 매장,07d77e7d-3704-49af-b730-793c9152485a,유정건강원,"인삼, 약초외",충주무학시장,전통시장,충청북도,0.0,0.0,,,RESOLVED_AGREEMENT,False,0,,,,
8552e39baf897d3b1e27,test,햄버거,T4 구어·문장,q_햄버거_04,햄버거 파는 곳,음식점 중 '햄버거'를 판매·제공하는 매장,0f45a390-df2c-4313-9fdc-69b09d81f913,빌리언박스,햄버거,희담길,골목형상점가,광주광역시,3.0,3.0,,,RESOLVED_AGREEMENT,False,3,,,,
6e916efcd276f1f6ea47,test,햄버거,T4 구어·문장,q_햄버거_04,햄버거 파는 곳,음식점 중 '햄버거'를 판매·제공하는 매장,ee51e614-0aef-4b19-a000-acabf68183b1,뉴욕버거,햄버거,양주신산시장마을상점가,골목형상점가,경기도,3.0,3.0,,,RESOLVED_AGREEMENT,False,3,,,,
b5f139245b5661b6d31b,test,햄버거,T4 구어·문장,q_햄버거_04,햄버거 파는 곳,음식점 중 '햄버거'를 판매·제공하는 매장,4ea88b2f-3ca6-405f-a15a-bd7c23dba153,햄버거분식,,학사골목 골목형상점가,골목형상점가,경상북도,3.0,3.0,,,RESOLVED_AGREEMENT,False,3,,,,
ae707c673c418e5f9815,test,햄버거,T4 구어·문장,q_햄버거_04,햄버거 파는 곳,음식점 중 '햄버거'를 판매·제공하는 매장,01db9dba-f986-4f41-ab61-46cd15e43b93,맘스터치명동직영점,"햄버거, 치킨",춘천지하상가,일반지하상점가,강원특별자치도,3.0,3.0,,,RESOLVED_AGREEMENT,False,3,,,,
60d3fc543b8c0b9bf4ef,test,햄버거,T4 구어·문장,q_햄버거_04,햄버거 파는 곳,음식점 중 '햄버거'를 판매·제공하는 매장,4042d8b1-49cc-4651-84a8-083c1a73b69c,버거리버거,햄버거,단국대 앞 골목형상점가,골목형상점가,경기도,3.0,3.0,,,RESOLVED_AGREEMENT,False,3,,,,
923abd148ce3b216e839,test,햄버거,T4 구어·문장,q_햄버거_04,햄버거 파는 곳,음식점 중 '햄버거'를 판매·제공하는 매장,685e2124-e381-409f-85f0-58fb4f00c423,덤버거,햄버거,광명새마을시장,전통시장,경기도,3.0,3.0,,,RESOLVED_AGREEMENT,False,3,,,,
6df79641a5c4fe7ccf9a,test,햄버거,T4 구어·문장,q_햄버거_04,햄버거 파는 곳,음식점 중 '햄버거'를 판매·제공하는 매장,ce664ee3-c2c4-4e4b-8b59-6a4b36b54294,달라스햄버거,햄버거,단양팔경 골목형상점가,골목형상점가,충청북도,3.0,3.0,,,RESOLVED_AGREEMENT,False,3,,,,
53cc6e9e6857614a79ff,test,햄버거,T4 구어·문장,q_햄버거_04,햄버거 파는 곳,음식점 중 '햄버거'를 판매·제공하는 매장,0a23e955-7759-418e-a656-67fa96069c7b,버거한상,햄버거,첨단2동 골목형상점가,골목형상점가,광주광역시,3.0,3.0,,,RESOLVED_AGREEMENT,False,3,,,,
13ec9fc9862e7dbb7408,test,햄버거,T4 구어·문장,q_햄버거_04,햄버거 파는 곳,음식점 중 '햄버거'를 판매·제공하는 매장,8e9c5e3b-25a8-4a1b-b28b-f10825b420fb,필버거,피자 햄버거,매드블럭 골목형상점가,골목형상점가,대전광역시,3.0,3.0,,,RESOLVED_AGREEMENT,False,3,,,,
c804ab04cf433cce43c1,test,햄버거,T4 구어·문장,q_햄버거_04,햄버거 파는 곳,음식점 중 '햄버거'를 판매·제공하는 매장,3937d9a6-423d-4ebf-aa55-48f87fe690d4,달라스김밥햄버거,"김밥, 햄버거",삼척중앙시장,전통시장,강원특별자치도,3.0,3.0,,,RESOLVED_AGREEMENT,False,3,,,,
f4bfd2b5370220b11c52,test,햄버거,T4 구어·문장,q_햄버거_04,햄버거 파는 곳,음식점 중 '햄버거'를 판매·제공하는 매장,f3e3f13e-4631-4021-b4f5-324200e08fc5,자코비스 버거,햄버거,해방촌 골목형상점가,골목형상점가,서울특별시,3.0,3.0,,,RESOLVED_AGREEMENT,False,3,,,,
8c37cd19ed259ec22fc0,test,햄버거,T4 구어·문장,q_햄버거_04,햄버거 파는 곳,음식점 중 '햄버거'를 판매·제공하는 매장,0afcfe69-7d1e-4e29-aee1-efe41c86cb8c,버거앤타코,"버거, 타코",소촌골 골목형상점가,골목형상점가,광주광역시,3.0,3.0,,,RESOLVED_AGREEMENT,False,3,,,,
17e55d5601d9bbc1335f,test,햄버거,T4 구어·문장,q_햄버거_04,햄버거 파는 곳,음식점 중 '햄버거'를 판매·제공하는 매장,76a3551b-dae4-4326-92cc-662015aedbfb,쉴 곳,한식,칠성로상점가,자율상권구역,제주특별자치도,0.0,0.0,,,RESOLVED_AGREEMENT,False,0,,,,
2286b2ddf0b9a441f5a6,test,햄버거,T4 구어·문장,q_햄버거_04,햄버거 파는 곳,음식점 중 '햄버거'를 판매·제공하는 매장,36154374-c1c9-4085-8248-bd90d4037804,멜티드버거,햄버거,청주중앙시장,전통시장,충청북도,3.0,3.0,,,RESOLVED_AGREEMENT,False,3,,,,
ea1c0f0209dbcf60b294,test,햄버거,T4 구어·문장,q_햄버거_04,햄버거 파는 곳,음식점 중 '햄버거'를 판매·제공하는 매장,fb38c321-f0d8-4681-817f-a8e7b570e7af,버거피스,햄버거,신응암시장,전통시장,서울특별시,3.0,3.0,,,RESOLVED_AGREEMENT,False,3,,,,
2b4a5d34da6d4d85be55,test,햄버거,T4 구어·문장,q_햄버거_04,햄버거 파는 곳,음식점 중 '햄버거'를 판매·제공하는 매장,eaf863e8-a661-4ba2-9829-39c6424b6e6a,비행접시버거,햄버거,성안길상점가,자율상권구역,충청북도,3.0,3.0,,,RESOLVED_AGREEMENT,False,3,,,,
4def3b2a0b59b61d5b2e,test,햄버거,T4 구어·문장,q_햄버거_04,햄버거 파는 곳,음식점 중 '햄버거'를 판매·제공하는 매장,04bee9c1-3587-4963-a643-c8556c19059f,맘스터치 계룡엄사점,햄버거,엄사 골목형상점가,골목형상점가,충청남도,3.0,3.0,,,RESOLVED_AGREEMENT,False,3,,,,
